92	62	0
40	7	0
30	33	0
63	99	0
17	10	0
98	40	0
94	88	0
41	10	0
60	78	0
53	22	0
84	45	0
0	78	0
17	1	0
23	74	0
97	23	0
77	75	0
57	33	0
17	54	0
88	58	0
97	9	0
50	91	0
60	71	0
79	90	0
58	5	0
34	80	0
54	11	0
84	74	0
65	85	0
90	82	0
0	28	0
49	17	0
39	22	0
92	28	0
27	52	0
85	64	0
4	92	0
41	98	0
88	29	0
73	88	0
46	1	0
21	72	0
91	61	0
93	69	0
56	65	0
94	47	0
3	80	0
62	5	0
99	68	0
12	69	0
66	8	0
16	77	0
59	94	0
34	76	0
95	72	0
50	31	0
29	24	0
95	79	0
99	99	0
92	5	0
13	96	0
99	16	0
35	8	0
73	75	0
39	3	0
17	97	0
87	9	0
40	85	0
69	90	0
42	64	0
1	33	0
72	91	0
8	58	0
94	30	0
33	41	1
33	86	0
56	92	0
62	30	0
32	95	0
57	96	0
3	22	0
99	5	0
96	15	0
46	61	0
83	41	0
83	57	0
47	9	0
39	5	0
71	45	0
10	95	0
55	3	0
54	89	0
41	1	0
46	36	0
81	43	0
36	66	0
73	49	0
8	60	0
74	82	0
4	78	0
29	98	0
94	59	0
64	14	0
39	67	0
38	70	0
65	3	0
74	54	0
1	61	0
28	3	0
11	37	0
41	37	0
67	86	0
48	44	0
13	97	0
83	6	0
50	79	0
76	80	0
98	2	0
68	80	0
51	69	0
38	11	0
52	96	0
99	67	0
68	59	0
27	99	0
62	37	0
33	14	0
21	43	0
79	6	0
7	58	0
91	59	0
95	21	0
81	41	0
40	51	0
51	14	0
80	68	0
18	12	0
31	14	0
93	58	0
40	34	0
63	73	0
67	90	0
48	32	0
41	41	0
57	40	0
14	43	0
30	52	0
24	56	0
81	90	0
44	61	0
31	99	0
73	45	0
77	64	0
54	77	0
92	73	0
20	24	0
55	52	0
14	15	0
25	81	0
34	67	0
85	31	0
42	42	0
77	13	0
44	84	0
51	28	0
48	44	0
74	73	0
24	67	0
49	75	0
38	81	0
36	46	0
39	13	0
55	13	0
37	80	0
22	73	0
78	73	0
92	63	0
30	95	0
92	72	0
27	49	0
17	83	0
57	68	0
39	51	0
20	14	0
7	31	1
77	90	0
85	78	0
55	61	0
66	37	0
3	48	0
60	4	0
79	42	0
61	24	0
78	29	0
20	63	0
10	47	0
46	52	0
77	21	0
39	64	0
87	30	0
33	93	0
29	68	0
35	25	0
83	79	0
40	57	0
35	7	0
19	83	0
58	15	0
99	83	0
58	90	0
93	2	0
7	69	0
23	60	0
97	29	0
47	79	0
39	33	0
55	71	0
53	66	0
48	63	0
20	78	0
26	54	0
66	0	0
4	64	0
61	78	0
93	39	0
40	87	0
80	63	0
62	26	0
53	69	0
26	85	0
37	97	0
51	34	0
76	35	0
85	61	0
68	46	0
68	64	0
6	41	0
49	16	0
9	89	0
59	53	0
68	39	0
68	30	0
56	6	0
12	55	0
87	19	0
39	8	0
67	66	0
57	77	0
69	30	0
98	37	0
98	10	0
0	49	0
95	77	0
18	98	0
89	76	0
32	95	0
62	30	0
66	23	0
20	85	0
77	36	0
35	72	0
36	77	0
43	1	0
33	92	0
80	93	0
67	89	0
81	46	0
93	68	0
17	93	0
41	66	0
63	3	0
68	40	0
32	21	0
39	3	0
50	10	0
51	57	0
79	41	0
33	47	0
37	48	0
37	73	0
74	86	0
84	66	0
60	77	0
84	0	0
87	43	0
69	0	0
19	44	0
68	41	0
69	53	0
72	71	0
17	36	0
35	68	0
61	19	0
17	86	0
27	86	0
25	69	0
83	68	0
47	17	0
37	0	0
32	54	0
76	69	0
60	8	0
74	86	0
12	2	0
52	99	0
5	71	0
37	97	0
47	39	0
3	54	0
78	27	0
77	4	0
56	15	0
87	14	0
37	59	0
7	57	0
72	23	0
88	64	0
14	12	0
2	63	0
28	97	0
3	92	0
47	98	0
57	72	0
54	41	0
63	9	0
44	85	0
46	62	0
80	99	0
33	32	0
12	52	0
26	48	0
62	56	0
70	80	0
25	24	0
78	30	0
36	3	0
53	4	0
62	17	0
38	42	0
74	67	0
79	10	0
13	42	0
47	16	0
54	53	0
43	38	0
32	46	0
87	77	0
79	59	0
14	46	0
56	36	0
97	9	0
60	9	0
53	30	0
47	42	0
42	32	0
8	78	0
56	81	0
21	75	0
18	97	0
29	97	0
57	12	0
41	37	0
98	45	0
83	53	0
1	68	0
80	74	0
68	71	0
79	28	0
83	86	0
86	5	0
78	55	0
83	67	0
36	21	0
63	45	0
29	50	0
90	76	0
73	12	0
97	21	0
29	50	0
42	95	0
68	63	0
86	13	0
16	75	0
89	24	0
53	98	0
83	21	0
73	37	0
45	48	0
55	40	0
30	39	1
33	53	0
59	84	0
80	24	0
38	21	0
74	79	0
32	68	0
13	96	0
91	97	0
41	38	0
0	88	0
56	35	0
93	19	0
82	39	0
13	62	0
63	47	0
43	27	0
51	42	0
11	97	0
85	22	0
51	4	0
87	40	0
48	43	0
29	87	0
20	5	0
58	58	0
56	90	0
10	51	0
43	77	0
36	80	0
52	34	0
22	84	0
7	45	0
24	41	1
61	10	0
82	31	0
90	3	0
85	85	0
22	69	0
26	30	1
47	26	0
87	3	0
78	59	0
75	92	0
8	44	0
64	93	0
93	59	0
31	85	0
70	3	0
57	51	0
64	27	0
73	12	0
46	27	0
38	15	0
96	0	0
87	32	0
10	85	0
83	16	0
92	99	0
20	89	0
95	61	0
48	51	0
8	27	0
80	96	0
64	48	0
0	99	0
68	40	0
75	36	0
80	47	0
88	69	0
22	73	0
86	63	0
34	86	0
95	83	0
31	87	0
94	84	0
38	28	0
57	65	0
62	96	0
45	64	0
73	95	0
72	46	0
30	64	0
35	67	0
87	3	0
8	88	0
93	51	0
17	84	0
48	72	0
45	81	0
90	42	0
37	50	0
50	25	0
79	60	0
64	10	0
89	89	0
65	92	0
47	45	0
48	8	0
37	40	0
55	82	0
36	23	0
44	61	0
79	72	0
36	18	0
96	96	0
56	11	0
8	8	0
51	28	0
19	79	0
40	1	0
14	65	0
91	88	0
60	85	0
59	52	0
59	4	0
43	68	0
44	54	0
98	54	0
88	5	0
6	71	0
74	3	0
55	71	0
62	27	0
37	18	0
35	68	0
86	85	0
28	80	0
39	83	0
79	31	0
16	48	0
67	33	0
42	68	0
62	86	0
31	99	0
89	10	0
94	33	0
71	16	0
24	78	0
28	99	0
28	83	0
76	46	0
82	82	0
81	87	0
8	38	0
74	44	0
73	74	0
78	64	0
64	78	0
16	82	0
13	65	0
38	27	0
38	16	0
2	41	0
48	53	0
27	46	0
80	32	0
82	41	0
73	6	0
73	49	0
50	63	0
22	58	0
52	29	0
89	77	0
51	92	0
80	64	0
32	60	0
35	89	0
80	54	0
29	51	0
78	28	0
23	50	0
32	12	0
87	56	0
73	97	0
56	56	0
7	58	0
51	6	0
63	58	0
36	88	0
39	28	0
77	91	0
96	63	0
12	85	0
67	45	0
7	66	0
77	59	0
36	60	0
49	58	0
37	79	0
61	66	0
4	55	0
71	58	0
69	49	0
75	46	0
27	74	0
65	85	0
56	7	0
94	20	0
56	35	0
97	10	0
9	76	0
33	41	1
36	69	0
83	67	0
27	57	0
77	74	0
20	95	0
13	85	0
91	86	0
47	30	0
1	66	0
71	98	0
50	66	0
87	61	0
24	96	0
94	34	0
20	10	0
34	80	0
20	84	0
28	8	0
15	45	0
11	25	0
78	68	0
97	20	0
54	14	0
72	32	0
91	26	0
31	7	0
30	66	0
98	35	0
5	61	0
47	93	0
0	56	0
24	82	0
69	50	0
54	93	0
77	46	0
68	87	0
32	41	1
69	60	0
40	54	0
73	62	0
2	77	0
57	34	0
26	83	0
86	43	0
75	25	0
91	75	0
91	92	0
88	85	0
49	74	0
69	39	0
50	65	0
38	20	0
30	9	0
37	75	0
5	41	0
67	8	0
61	82	0
84	83	0
86	3	0
15	46	0
57	81	0
22	92	0
63	3	0
54	41	0
59	24	0
44	20	0
47	18	0
83	10	0
39	99	0
67	21	0
29	99	0
96	16	0
24	47	0
47	63	0
73	28	0
80	95	0
71	69	0
42	63	0
58	96	0
72	66	0
88	50	0
9	59	0
87	85	0
82	97	0
13	66	0
94	45	0
27	69	0
99	83	0
49	98	0
37	13	0
73	70	0
91	59	0
57	80	0
71	66	0
91	66	0
67	35	0
18	57	0
6	62	0
61	76	0
71	37	0
53	46	0
47	1	0
32	21	0
99	74	0
17	60	0
33	46	0
63	22	0
46	4	0
57	24	0
20	99	0
15	59	0
11	80	0
70	51	0
88	24	0
90	37	0
94	1	0
61	89	0
9	51	0
59	30	0
55	50	0
50	84	0
94	16	0
61	57	0
40	91	0
18	90	0
40	66	0
26	90	0
35	14	0
72	74	0
49	26	0
35	80	0
52	42	0
6	46	0
72	61	0
66	12	0
27	86	0
98	47	0
21	40	1
24	58	0
21	21	0
6	67	0
79	61	0
73	63	0
42	51	0
80	59	0
92	70	0
64	39	0
61	20	0
79	66	0
78	23	0
7	50	0
75	87	0
26	34	1
59	32	0
15	64	0
2	85	0
34	95	0
34	53	0
90	25	0
4	46	0
59	88	0
2	89	0
84	54	0
46	36	0
84	31	0
11	13	0
43	35	0
75	5	0
25	83	0
50	50	0
99	64	0
86	35	0
6	3	0
3	43	0
53	18	0
8	57	0
83	8	0
52	72	0
33	27	0
89	94	0
9	18	0
30	97	0
94	51	0
36	9	0
89	97	0
49	56	0
60	58	0
34	35	0
91	32	0
92	84	0
8	62	0
4	73	0
18	47	0
24	78	0
17	94	0
60	24	0
33	59	0
13	91	0
39	20	0
66	19	0
36	66	0
60	48	0
51	15	0
35	73	0
31	34	0
92	17	0
5	34	0
81	52	0
93	20	0
52	45	0
35	21	0
51	6	0
22	92	0
44	68	0
45	60	0
31	13	0
23	88	0
10	87	0
67	45	0
93	36	0
30	28	0
30	69	0
85	94	0
50	25	0
68	76	0
56	82	0
7	84	0
77	39	0
49	60	0
18	37	0
89	79	0
53	57	0
95	17	0
78	13	0
84	23	0
66	97	0
54	59	0
38	51	0
60	24	0
45	6	0
56	90	0
57	74	0
14	59	0
78	40	0
50	94	0
91	32	0
87	58	0
32	82	0
40	59	0
82	33	0
42	53	0
85	3	0
99	98	0
75	74	0
46	81	0
76	39	0
71	88	0
13	78	0
47	7	0
11	93	0
13	62	0
46	67	0
72	78	0
65	15	0
97	92	0
91	9	0
93	94	0
63	8	0
82	27	0
72	59	0
52	35	0
12	87	0
57	93	0
65	81	0
26	48	0
10	32	0
25	88	0
11	67	0
40	13	0
41	45	0
20	58	0
33	41	1
0	44	0
91	57	0
41	22	0
13	63	0
30	81	0
61	87	0
90	51	0
3	77	0
66	40	0
30	63	0
78	51	0
63	29	0
10	55	0
22	49	0
84	48	0
62	49	0
84	55	0
0	66	0
65	53	0
6	78	0
5	5	0
89	69	0
13	60	0
31	1	0
31	23	0
10	98	0
23	79	0
89	42	0
70	71	0
84	60	0
75	83	0
50	64	0
61	41	0
8	75	0
42	70	0
32	55	0
72	53	0
84	12	0
