2	27	1
92	60	0
53	11	0
44	22	0
51	96	0
0	42	0
87	33	0
90	74	0
2	11	0
47	15	0
68	94	0
41	41	0
67	46	0
4	93	0
32	7	0
14	53	0
91	2	0
81	80	0
65	32	0
28	56	0
97	58	0
98	6	0
46	74	0
76	77	0
84	87	0
82	1	0
17	97	0
64	19	0
71	71	0
65	81	0
93	57	0
5	47	0
30	27	0
49	19	0
79	16	0
46	49	0
88	79	0
11	94	0
64	65	0
96	17	0
84	96	0
43	16	0
31	64	0
65	50	0
93	48	0
55	84	0
97	48	0
19	98	0
29	46	0
60	8	0
92	43	0
24	68	0
62	9	0
36	85	0
69	94	0
24	64	0
94	64	0
47	11	0
34	53	0
77	72	0
97	91	0
76	2	0
23	99	0
90	4	0
45	14	0
88	61	0
48	21	0
14	93	0
86	3	0
35	78	0
88	81	0
57	49	0
22	37	0
84	72	0
17	35	0
30	50	0
86	41	0
17	8	0
9	43	0
49	86	0
66	97	0
66	18	0
48	97	0
76	96	0
8	9	0
15	32	0
85	13	0
87	14	0
55	46	0
86	37	0
22	25	0
74	48	0
48	54	0
32	7	0
33	10	0
68	56	0
27	83	0
48	0	0
43	83	0
41	0	0
34	36	0
85	33	0
47	66	0
61	45	0
19	82	0
70	80	0
1	83	0
47	93	0
88	49	0
65	21	0
53	79	0
0	42	0
61	10	0
50	74	0
6	86	0
36	9	0
24	50	0
16	29	0
86	84	0
6	24	0
43	25	0
0	2	0
34	98	0
94	5	0
66	58	0
1	37	0
73	87	0
92	18	0
58	64	0
55	83	0
32	23	0
64	97	0
19	19	0
78	83	0
69	48	0
25	97	0
76	28	0
45	35	0
16	25	0
62	5	0
7	7	0
8	81	0
15	2	0
99	90	0
98	15	0
80	39	0
50	63	0
64	21	0
83	89	0
0	5	0
37	16	0
18	7	0
82	74	0
45	38	0
87	73	0
86	78	0
51	26	0
54	33	0
79	49	0
4	52	0
23	77	0
18	64	0
93	75	0
52	59	0
40	94	0
97	45	0
69	79	0
48	84	0
23	45	0
99	75	0
3	45	0
39	36	0
18	30	0
31	76	0
31	67	0
95	16	0
55	35	0
75	8	0
45	79	0
64	19	0
61	38	0
73	72	0
23	55	0
67	59	0
29	98	0
34	62	0
31	3	0
61	24	0
24	99	0
5	75	0
63	74	0
79	44	0
17	84	0
15	48	0
89	74	0
26	47	0
35	77	0
33	88	0
60	39	0
32	4	0
22	48	0
77	89	0
97	78	0
65	96	0
69	13	0
11	51	0
62	6	0
54	26	0
57	30	0
72	10	0
26	62	0
17	78	0
45	63	0
64	31	0
27	77	0
85	24	0
56	83	0
33	73	0
24	13	0
92	77	0
28	77	0
47	1	0
5	89	0
80	21	0
95	69	0
84	84	0
84	33	0
0	80	0
13	74	0
98	48	0
63	66	0
42	45	0
45	69	0
73	74	0
41	68	0
19	81	0
35	66	0
71	1	0
4	58	0
68	98	0
66	36	0
25	90	0
87	68	0
47	17	0
40	63	0
14	75	0
32	94	0
66	29	0
67	17	0
22	40	0
98	60	0
62	46	0
74	42	0
10	87	0
56	12	0
24	76	0
71	68	0
62	61	0
71	55	0
59	3	0
20	6	0
3	58	0
85	54	0
56	13	0
75	56	0
46	91	0
59	52	0
91	34	0
93	13	0
21	59	0
91	72	0
13	80	0
20	26	0
92	49	0
36	96	0
47	39	0
49	2	0
19	88	0
72	31	0
37	48	0
31	72	0
44	6	0
20	77	0
88	86	0
88	72	0
55	35	0
79	66	0
16	84	0
48	44	0
63	0	0
67	23	0
32	24	0
54	7	0
57	16	0
53	28	0
74	24	0
34	49	0
27	42	0
54	41	0
66	67	0
86	87	0
42	99	0
73	6	0
92	56	0
66	13	0
11	62	0
20	11	0
88	37	0
63	29	0
79	69	0
18	43	0
53	63	0
62	11	0
35	92	0
29	82	0
49	76	0
95	53	0
46	23	0
52	1	0
27	40	0
77	45	0
73	8	0
67	94	0
29	6	0
67	87	0
6	66	0
42	76	0
35	24	0
4	57	0
9	17	0
83	5	0
29	39	0
73	14	0
38	7	0
4	6	0
77	18	0
25	66	0
29	48	0
94	26	0
79	55	0
13	33	0
23	41	0
4	57	0
39	89	0
15	73	0
11	1	0
30	93	0
53	57	0
42	14	0
12	12	0
53	32	0
49	80	0
36	69	0
79	96	0
29	31	0
22	57	0
31	45	0
54	72	0
77	99	0
51	12	0
67	3	0
30	10	0
49	14	0
55	12	0
17	58	0
83	48	0
64	3	0
22	50	0
59	4	0
54	63	0
46	53	0
40	54	0
80	83	0
75	43	0
21	68	0
52	52	0
21	20	0
96	10	0
44	2	0
59	30	0
59	25	0
25	41	0
13	73	0
59	71	0
14	71	0
38	92	0
32	82	0
38	28	0
40	32	0
88	54	0
62	39	0
14	69	0
73	78	0
6	25	1
62	91	0
30	29	0
65	20	0
68	91	0
73	2	0
90	62	0
76	44	0
44	24	0
41	41	0
37	40	0
92	80	0
13	20	0
65	23	0
79	7	0
13	53	0
44	77	0
74	74	0
74	10	0
5	60	0
92	41	0
58	95	0
3	17	0
68	6	0
54	61	0
35	71	0
64	49	0
18	35	0
54	40	0
69	90	0
60	54	0
36	24	0
80	69	0
22	42	0
19	79	0
79	84	0
48	18	0
4	82	0
69	12	0
91	27	0
66	37	0
19	57	0
65	17	0
23	25	0
64	47	0
17	92	0
69	52	0
48	3	0
81	54	0
35	28	0
31	77	0
43	7	0
80	39	0
9	6	0
62	98	0
14	91	0
29	37	0
56	62	0
58	31	0
13	88	0
11	39	0
23	47	0
58	4	0
91	38	0
67	23	0
85	94	0
30	66	0
18	26	0
42	22	0
36	29	0
91	7	0
53	59	0
78	76	0
30	45	0
58	95	0
68	59	0
43	81	0
75	6	0
71	47	0
76	15	0
65	16	0
46	24	0
32	29	0
93	9	0
61	22	0
5	76	0
94	2	0
99	81	0
11	96	0
12	23	0
84	65	0
39	51	0
28	3	0
90	82	0
81	63	0
26	98	0
65	34	0
78	43	0
92	58	0
11	21	0
86	79	0
27	78	0
76	77	0
29	94	0
99	65	0
31	50	0
18	81	0
99	79	0
39	27	0
25	34	0
70	70	0
61	97	0
44	73	0
14	13	0
42	75	0
61	58	0
37	64	0
34	71	0
83	22	0
14	88	0
82	52	0
22	74	0
39	66	0
42	74	0
93	34	0
46	34	0
16	47	0
1	23	0
68	41	0
99	75	0
57	18	0
80	94	0
75	94	0
30	34	0
48	19	0
21	55	0
25	74	0
7	24	1
33	31	0
49	73	0
61	86	0
35	31	0
71	84	0
56	30	0
39	9	0
71	35	0
23	75	0
46	14	0
10	56	0
94	84	0
61	99	0
52	55	0
79	8	0
43	62	0
3	29	1
4	24	1
44	49	0
88	61	0
90	1	0
0	68	0
79	9	0
90	88	0
70	18	0
30	0	0
23	66	0
73	71	0
36	83	0
49	78	0
84	24	0
21	75	0
57	20	0
64	79	0
61	91	0
30	92	0
95	12	0
92	16	0
66	15	0
43	90	0
11	98	0
3	88	0
75	62	0
71	64	0
94	64	0
8	48	0
86	48	0
68	62	0
10	15	0
79	68	0
65	71	0
22	48	0
12	67	0
39	26	0
42	42	0
16	62	0
61	49	0
45	52	0
94	41	0
82	33	0
77	4	0
70	36	0
52	92	0
3	21	1
15	16	0
20	55	0
78	55	0
98	81	0
74	72	0
99	80	0
21	41	0
51	73	0
55	38	0
38	64	0
81	46	0
0	33	0
21	70	0
40	24	0
79	69	0
66	95	0
52	63	0
6	24	1
30	68	0
28	12	0
80	68	0
26	76	0
52	36	0
86	80	0
98	84	0
11	99	0
37	52	0
13	76	0
79	81	0
39	48	0
59	61	0
45	81	0
79	70	0
25	33	0
19	61	0
85	76	0
72	60	0
89	51	0
44	84	0
57	80	0
66	33	0
32	20	0
84	28	0
44	26	0
88	3	0
18	86	0
19	28	0
1	12	0
37	96	0
93	69	0
23	34	0
94	51	0
18	98	0
17	72	0
26	0	0
97	93	0
25	23	0
8	78	0
70	97	0
44	65	0
83	69	0
22	81	0
83	29	0
20	25	0
35	79	0
29	71	0
31	23	0
25	32	0
22	41	0
98	62	0
83	14	0
52	15	0
74	7	0
91	48	0
37	13	0
51	28	0
91	32	0
8	49	0
44	89	0
11	51	0
14	85	0
78	59	0
53	96	0
54	46	0
75	84	0
43	24	0
92	74	0
38	69	0
95	48	0
9	69	0
61	49	0
23	67	0
71	36	0
7	31	0
58	37	0
86	76	0
84	82	0
88	89	0
23	80	0
18	41	0
46	44	0
43	64	0
36	29	0
21	12	0
38	60	0
11	52	0
61	3	0
72	80	0
82	55	0
92	9	0
15	44	0
8	7	0
81	88	0
11	79	0
52	28	0
56	38	0
75	15	0
17	1	0
56	13	0
13	43	0
1	35	0
50	16	0
51	2	0
3	27	0
34	77	0
63	22	0
35	98	0
81	6	0
36	42	0
55	62	0
69	12	0
94	63	0
59	65	0
45	67	0
46	99	0
83	94	0
18	16	0
92	59	0
15	58	0
85	75	0
56	81	0
16	36	0
19	56	0
99	46	0
28	79	0
90	96	0
67	83	0
49	4	0
39	56	0
82	54	0
36	87	0
70	42	0
88	70	0
71	29	0
11	66	0
14	61	0
91	89	0
72	35	0
60	65	0
56	5	0
12	16	0
80	62	0
32	26	0
14	65	0
36	55	0
54	51	0
34	7	0
60	33	0
6	80	0
19	49	0
12	65	0
4	51	0
85	64	0
23	20	0
55	22	0
98	18	0
85	8	0
47	63	0
0	74	0
57	30	0
33	24	0
11	14	0
18	18	0
77	63	0
67	24	0
37	38	0
40	76	0
54	77	0
15	85	0
28	70	0
51	81	0
25	44	0
81	96	0
52	32	0
38	84	0
22	11	0
53	12	0
9	41	0
60	47	0
70	12	0
31	76	0
84	65	0
65	54	0
48	51	0
43	13	0
3	78	0
80	68	0
66	53	0
50	42	0
73	66	0
70	78	0
72	40	0
64	9	0
95	76	0
81	12	0
0	76	0
72	60	0
1	31	0
4	25	0
26	0	0
50	31	0
2	8	0
7	45	0
25	72	0
31	98	0
35	51	0
98	33	0
4	49	0
60	91	0
26	83	0
7	27	1
98	62	0
38	66	0
8	20	0
87	48	0
26	2	0
61	22	0
59	2	0
14	7	0
25	79	0
41	59	0
83	77	0
69	45	0
13	2	0
33	31	0
50	8	0
7	29	0
2	72	0
73	5	0
40	64	0
51	43	0
70	94	0
15	41	0
14	96	0
91	46	0
26	22	0
90	80	0
56	64	0
66	33	0
50	34	0
95	20	0
90	64	0
21	57	0
16	91	0
28	44	0
0	89	0
5	96	0
86	16	0
37	51	0
1	94	0
52	2	0
65	9	0
48	51	0
25	16	0
66	40	0
39	27	0
9	81	0
28	32	0
58	5	0
8	43	0
96	48	0
99	10	0
52	54	0
35	1	0
39	22	0
16	97	0
61	80	0
24	65	0
10	10	0
45	23	0
8	78	0
0	73	0
68	46	0
78	46	0
54	38	0
12	77	0
22	31	0
85	76	0
66	30	0
52	78	0
63	93	0
25	14	0
9	90	0
66	18	0
63	80	0
37	43	0
95	70	0
35	76	0
99	20	0
84	18	0
99	24	0
81	89	0
43	54	0
25	77	0
72	15	0
38	4	0
66	83	0
62	77	0
17	45	0
67	53	0
62	80	0
77	21	0
94	51	0
6	68	0
59	44	0
23	31	0
93	29	0
67	37	0
68	14	0
93	93	0
76	75	0
51	71	0
76	35	0
60	69	0
15	97	0
31	8	0
5	94	0
16	76	0
55	64	0
63	97	0
78	15	0
90	93	0
77	1	0
11	2	0
86	74	0
67	11	0
96	28	0
77	68	0
54	42	0
15	58	0
61	84	0
63	71	0
2	47	0
9	42	0
45	94	0
6	81	0
53	3	0
46	46	0
8	67	0
36	29	0
16	32	0
12	45	0
98	51	0
53	37	0
4	45	0
26	92	0
89	66	0
0	13	0
84	95	0
29	79	0
63	45	0
41	60	0
99	41	0
62	42	0
0	8	0
9	8	0
4	50	0
15	51	0
98	77	0
77	50	0
99	68	0
10	53	0
77	61	0
18	78	0
1	2	0
74	79	0
3	20	0
26	66	0
36	3	0
28	27	0
7	72	0
44	89	0
0	7	0
66	48	0
52	60	0
79	61	0
81	78	0
40	90	0
35	22	0
7	63	0
2	15	0
38	67	0
47	49	0
61	55	0
80	15	0
