0	22	1
93	59	0
54	14	0
42	23	0
51	94	0
3	40	0
85	35	0
93	74	0
4	12	0
48	12	0
70	89	0
43	39	0
71	49	0
4	94	0
32	8	0
17	54	0
93	4	0
82	79	0
68	33	0
31	58	0
98	55	0
99	0	0
48	79	0
71	77	0
83	90	0
82	2	0
21	98	0
65	18	0
73	71	0
67	87	0
95	57	0
2	43	0
30	26	0
50	15	0
76	18	0
49	47	0
88	79	0
10	97	0
69	68	0
96	18	0
80	93	0
40	14	0
32	57	0
65	55	0
92	52	0
57	85	0
95	51	0
15	96	0
28	46	0
60	12	0
92	44	0
25	67	0
61	4	0
35	85	0
64	99	0
24	68	0
92	65	0
53	15	0
38	60	0
78	73	0
97	89	0
74	10	0
21	97	0
89	5	0
50	15	0
90	61	0
46	21	0
10	86	0
87	4	0
31	80	0
90	77	0
59	49	0
23	32	0
90	74	0
23	39	0
26	46	0
86	41	0
21	12	0
6	39	0
48	84	0
65	96	0
69	21	0
46	99	0
74	92	0
6	9	0
12	26	0
90	11	0
86	16	0
53	50	0
86	37	0
21	31	0
76	50	0
48	52	0
31	6	0
33	8	0
68	50	0
20	79	0
48	2	0
45	82	0
42	2	0
32	28	0
88	34	0
46	63	0
60	45	0
20	78	0
69	75	0
4	84	0
42	94	0
88	46	0
66	17	0
53	83	0
2	47	0
63	6	0
50	73	0
6	81	0
42	6	0
25	57	0
20	32	0
88	81	0
7	30	1
39	26	0
2	0	0
38	96	0
90	7	0
61	61	0
7	34	0
72	81	0
95	20	0
60	65	0
49	83	0
30	21	0
59	95	0
14	17	0
75	79	0
65	51	0
25	97	0
81	33	0
41	41	0
20	22	0
69	9	0
13	6	0
1	81	0
17	8	0
97	87	0
93	14	0
83	43	0
53	62	0
63	13	0
87	87	0
3	5	0
38	14	0
17	4	0
82	70	0
43	37	0
91	72	0
87	79	0
50	28	0
56	36	0
77	50	0
1	49	0
25	76	0
13	59	0
90	81	0
45	61	0
37	93	0
88	43	0
72	76	0
53	83	0
23	40	0
99	80	0
4	43	0
32	34	0
15	26	0
25	74	0
29	66	0
95	21	0
52	35	0
76	10	0
42	79	0
66	20	0
59	37	0
75	73	0
25	48	0
69	62	0
36	99	0
30	60	0
28	4	0
65	23	0
22	97	0
4	79	0
64	79	0
80	48	0
19	85	0
10	50	0
84	69	0
25	52	0
31	73	0
36	85	0
59	40	0
34	3	0
19	46	0
79	86	0
95	86	0
63	96	0
71	10	0
10	56	0
60	6	0
61	25	0
59	24	0
73	13	0
24	63	0
10	77	0
45	63	0
70	34	0
31	72	0
79	23	0
58	90	0
31	75	0
23	14	0
89	77	0
30	76	0
44	4	0
3	86	0
83	23	0
93	73	0
78	86	0
85	28	0
3	80	0
18	81	0
93	43	0
64	70	0
41	44	0
46	73	0
71	73	0
46	66	0
17	77	0
38	66	0
68	5	0
4	56	0
69	97	0
66	37	0
24	87	0
86	70	0
41	15	0
35	61	0
14	76	0
39	95	0
63	28	0
66	15	0
17	38	0
99	56	0
61	42	0
76	40	0
10	90	0
53	12	0
19	79	0
66	67	0
61	55	0
69	58	0
58	2	0
25	5	0
9	51	0
83	51	0
51	13	0
75	59	0
45	86	0
65	46	0
94	30	0
92	11	0
15	61	0
83	68	0
19	84	0
19	21	0
95	51	0
41	97	0
46	39	0
49	0	0
13	96	0
70	36	0
40	55	0
35	72	0
43	1	0
19	80	0
83	86	0
87	76	0
58	35	0
87	68	0
15	90	0
45	43	0
63	2	0
68	18	0
31	24	0
57	4	0
55	18	0
52	34	0
66	32	0
32	49	0
24	47	0
55	43	0
67	68	0
87	88	0
41	99	0
74	5	0
93	58	0
67	12	0
11	57	0
17	13	0
87	35	0
57	29	0
76	70	0
16	46	0
48	67	0
61	18	0
31	96	0
30	82	0
46	76	0
92	47	0
51	26	0
53	3	0
27	43	0
85	48	0
74	2	0
63	95	0
32	1	0
66	89	0
6	73	0
41	78	0
30	26	0
7	53	0
7	14	0
87	10	0
29	36	0
77	19	0
39	8	0
2	11	0
84	14	0
26	66	0
24	41	0
92	26	0
80	56	0
11	31	0
24	40	0
1	50	0
36	87	0
13	76	0
10	3	0
34	92	0
52	63	0
44	16	0
10	13	0
53	29	0
49	85	0
38	71	0
84	99	0
29	31	0
17	57	0
32	48	0
56	69	0
75	97	0
50	11	0
72	7	0
32	8	0
47	11	0
52	4	0
14	60	0
80	56	0
65	3	0
25	49	0
59	0	0
56	59	0
44	56	0
35	58	0
79	82	0
72	48	0
24	62	0
51	49	0
22	15	0
99	11	0
47	2	0
62	27	0
59	25	0
20	40	0
13	72	0
56	74	0
8	75	0
39	97	0
29	86	0
37	26	0
40	31	0
91	58	0
65	34	0
13	69	0
72	75	0
6	23	1
64	89	0
30	30	0
66	19	0
72	91	0
74	0	0
97	62	0
72	42	0
43	25	0
38	39	0
36	38	0
89	79	0
14	19	0
65	23	0
80	3	0
10	51	0
41	82	0
73	77	0
78	9	0
2	62	0
95	44	0
59	96	0
7	13	0
67	0	0
54	60	0
36	66	0
61	48	0
19	36	0
54	41	0
71	86	0
60	52	0
35	26	0
78	71	0
20	46	0
20	80	0
81	84	0
46	20	0
5	77	0
70	19	0
88	26	0
72	39	0
19	64	0
67	20	0
24	24	0
64	44	0
19	96	0
66	52	0
53	2	0
85	54	0
37	29	0
30	74	0
41	9	0
81	40	0
5	4	0
61	97	0
14	93	0
30	33	0
52	69	0
60	26	0
9	91	0
13	45	0
18	41	0
55	8	0
94	38	0
67	23	0
85	99	0
34	69	0
22	26	0
39	25	0
42	25	0
92	13	0
54	58	0
80	78	0
31	41	0
64	95	0
73	60	0
43	78	0
80	3	0
71	47	0
75	11	0
64	17	0
43	23	0
32	29	0
94	9	0
62	23	0
2	74	0
95	1	0
95	87	0
8	94	0
6	30	1
87	67	0
40	48	0
32	4	0
91	86	0
81	66	0
26	97	0
71	32	0
75	40	0
91	61	0
10	21	0
86	77	0
32	79	0
77	78	0
27	99	0
97	68	0
35	45	0
21	88	0
96	83	0
37	32	0
31	34	0
72	69	0
64	96	0
45	74	0
13	15	0
43	78	0
60	61	0
37	62	0
36	73	0
85	22	0
12	94	0
82	48	0
24	76	0
36	64	0
38	77	0
90	33	0
38	32	0
21	51	0
1	17	0
68	43	0
99	72	0
56	17	0
80	94	0
72	95	0
29	34	0
44	17	0
24	48	0
26	79	0
8	22	1
38	30	0
49	72	0
64	92	0
33	32	0
75	84	0
55	31	0
35	10	0
72	37	0
22	73	0
50	12	0
15	58	0
97	87	0
60	96	0
45	56	0
75	9	0
44	65	0
5	26	1
4	24	1
42	50	0
91	57	0
92	1	0
5	66	0
77	9	0
89	89	0
71	22	0
29	0	0
27	71	0
79	73	0
34	79	0
51	83	0
82	19	0
20	73	0
61	19	0
61	78	0
61	95	0
33	90	0
96	10	0
93	19	0
69	13	0
43	90	0
11	96	0
0	87	0
75	59	0
72	59	0
91	63	0
9	48	0
87	47	0
64	60	0
9	17	0
76	66	0
63	71	0
21	43	0
11	67	0
41	29	0
40	42	0
10	57	0
61	48	0
46	53	0
95	40	0
77	31	0
79	3	0
72	35	0
51	89	0
1	27	1
17	17	0
27	50	0
70	48	0
97	84	0
73	70	0
97	77	0
22	47	0
55	72	0
56	38	0
32	64	0
80	46	0
5	29	0
21	69	0
42	27	0
76	62	0
63	98	0
50	58	0
8	19	1
26	65	0
33	12	0
83	65	0
26	76	0
48	33	0
85	83	0
95	84	0
12	98	0
39	53	0
14	78	0
78	79	0
37	49	0
58	57	0
43	77	0
77	71	0
27	29	0
19	65	0
91	74	0
79	61	0
91	55	0
37	84	0
57	84	0
63	30	0
31	24	0
85	28	0
41	25	0
93	1	0
20	88	0
23	28	0
1	15	0
37	95	0
90	70	0
22	39	0
97	52	0
18	98	0
15	68	0
26	3	0
98	94	0
21	24	0
4	86	0
73	98	0
40	62	0
79	69	0
24	77	0
85	25	0
25	24	0
35	82	0
27	71	0
37	22	0
23	38	0
17	37	0
97	67	0
83	15	0
50	11	0
71	9	0
85	47	0
33	13	0
46	24	0
91	34	0
8	53	0
45	88	0
15	53	0
15	82	0
75	56	0
47	95	0
61	50	0
70	81	0
38	27	0
95	74	0
39	64	0
92	46	0
12	69	0
65	47	0
25	64	0
74	33	0
4	29	1
58	38	0
87	76	0
90	85	0
91	97	0
24	85	0
18	42	0
46	48	0
44	60	0
35	25	0
24	12	0
38	62	0
11	52	0
59	6	0
74	80	0
85	53	0
93	6	0
10	46	0
7	1	0
79	96	0
8	81	0
52	28	0
53	33	0
76	14	0
20	3	0
53	8	0
12	39	0
0	34	0
50	15	0
50	6	0
0	27	1
28	80	0
58	24	0
36	97	0
79	0	0
30	37	0
53	65	0
66	19	0
96	61	0
59	66	0
43	64	0
48	94	0
84	94	0
18	15	0
93	61	0
16	62	0
88	69	0
54	89	0
14	32	0
17	59	0
98	40	0
25	77	0
92	99	0
69	85	0
45	5	0
39	63	0
77	56	0
37	88	0
75	46	0
90	75	0
75	29	0
12	64	0
10	65	0
91	95	0
72	31	0
60	65	0
58	5	0
16	23	0
75	64	0
32	31	0
13	64	0
34	51	0
48	48	0
32	11	0
60	31	0
6	86	0
20	46	0
9	62	0
0	53	0
81	64	0
24	21	0
57	22	0
98	17	0
85	6	0
54	63	0
1	73	0
58	30	0
35	28	0
12	12	0
16	17	0
75	67	0
67	23	0
35	40	0
45	74	0
59	78	0
14	88	0
24	67	0
50	79	0
28	42	0
79	94	0
56	32	0
36	82	0
19	9	0
53	16	0
14	40	0
62	45	0
72	9	0
26	76	0
85	66	0
66	53	0
52	45	0
41	20	0
2	70	0
81	69	0
71	50	0
47	38	0
73	64	0
76	77	0
73	45	0
64	10	0
92	76	0
84	19	0
0	76	0
74	63	0
1	28	1
9	27	1
26	3	0
47	29	0
0	3	0
7	50	0
23	75	0
28	97	0
31	50	0
95	32	0
9	49	0
61	90	0
21	87	0
6	30	1
98	59	0
40	62	0
5	21	1
83	49	0
26	2	0
61	25	0
58	5	0
15	4	0
25	85	0
47	58	0
81	73	0
66	45	0
12	0	0
29	30	0
56	6	0
7	28	1
5	76	0
75	6	0
43	67	0
57	43	0
68	97	0
13	40	0
11	97	0
90	50	0
23	21	0
92	76	0
59	60	0
66	36	0
51	30	0
99	21	0
87	60	0
15	58	0
4	91	0
34	43	0
3	90	0
3	97	0
89	25	0
30	52	0
1	95	0
52	2	0
65	7	0
46	48	0
28	18	0
67	45	0
40	26	0
16	82	0
24	31	0
56	3	0
5	41	0
92	49	0
94	3	0
56	55	0
34	1	0
41	24	0
12	95	0
60	75	0
26	62	0
13	10	0
37	24	0
8	85	0
4	75	0
71	48	0
85	49	0
53	34	0
15	78	0
22	31	0
87	80	0
68	30	0
48	76	0
68	98	0
21	14	0
11	86	0
66	18	0
58	78	0
34	41	0
92	66	0
37	76	0
99	20	0
84	18	0
99	19	0
88	83	0
44	54	0
20	77	0
75	11	0
32	2	0
68	79	0
67	75	0
18	47	0
66	54	0
60	81	0
77	22	0
92	51	0
9	66	0
61	45	0
26	30	0
94	24	0
67	42	0
67	16	0
94	99	0
78	72	0
49	73	0
79	37	0
57	67	0
11	97	0
34	5	0
5	94	0
17	81	0
59	63	0
67	94	0
80	10	0
91	99	0
78	1	0
12	2	0
92	74	0
63	11	0
99	30	0
78	64	0
51	42	0
20	60	0
61	91	0
64	67	0
0	46	0
12	39	0
43	93	0
2	83	0
57	1	0
41	50	0
9	67	0
39	36	0
16	31	0
8	42	0
99	56	0
53	36	0
4	50	0
27	88	0
83	62	0
1	13	0
87	91	0
25	80	0
61	42	0
38	55	0
94	42	0
60	42	0
6	7	0
10	13	0
6	55	0
19	57	0
98	76	0
71	47	0
97	64	0
10	54	0
76	59	0
22	80	0
2	4	0
78	78	0
2	16	0
25	67	0
37	7	0
30	24	0
3	72	0
40	90	0
4	7	0
74	44	0
57	56	0
80	64	0
86	77	0
40	88	0
32	25	0
4	66	0
3	11	0
36	69	0
51	46	0
54	53	0
82	17	0
