96	71	0
27	25	0
59	99	0
14	7	0
88	32	0
83	98	0
44	80	0
69	44	0
3	83	0
1	2	0
18	92	0
92	45	0
68	74	0
29	36	0
77	88	0
96	46	0
46	98	0
37	81	1
64	76	0
43	17	0
77	66	0
81	90	0
80	82	0
3	30	0
75	13	0
73	68	0
28	91	1
84	24	0
70	94	0
47	65	0
74	75	0
96	54	0
98	20	0
92	83	0
37	4	0
3	74	1
42	89	0
76	45	0
28	12	0
99	84	0
84	82	0
95	15	0
97	16	0
22	39	0
61	87	0
7	85	0
91	0	0
67	97	0
5	30	0
77	82	0
94	31	0
28	82	1
57	94	0
81	16	0
27	85	1
23	12	0
93	5	0
78	35	0
43	79	0
75	25	0
53	52	0
82	30	0
10	97	0
43	80	0
96	64	0
70	93	0
1	64	0
51	90	0
93	49	0
70	18	1
45	39	0
31	8	0
69	61	0
6	85	0
95	30	0
42	63	0
90	55	0
92	1	0
76	96	0
75	82	0
6	27	0
67	80	0
84	69	0
80	44	0
21	99	0
66	39	0
89	53	0
90	31	0
98	36	0
16	54	0
4	16	0
97	55	0
53	90	0
43	78	0
55	90	0
72	33	0
69	68	0
79	80	0
85	66	0
23	22	0
17	11	0
82	55	0
94	4	0
26	98	0
22	45	0
72	70	0
62	84	0
55	80	0
42	3	0
51	79	0
61	78	0
80	55	0
20	94	0
89	80	0
1	79	0
16	54	0
78	84	0
90	73	0
47	68	0
61	44	0
83	37	0
31	92	1
50	73	0
26	45	0
57	80	0
41	26	0
92	84	0
29	98	0
87	5	0
80	35	0
65	88	0
65	75	0
60	68	0
21	33	0
22	68	0
56	88	0
79	67	0
43	95	0
56	84	0
75	17	1
41	92	0
25	30	0
76	67	0
60	46	0
72	72	0
75	35	0
11	86	0
57	54	0
93	36	0
64	38	0
49	19	0
89	26	0
64	77	0
75	98	0
82	70	0
95	22	0
99	34	0
97	69	0
28	86	1
69	72	0
54	91	0
77	20	0
10	84	0
92	7	0
18	39	0
33	92	1
27	89	0
82	72	0
73	77	0
91	49	0
86	58	0
45	82	0
90	64	0
56	3	0
44	25	0
83	47	0
33	74	0
61	76	0
76	71	0
81	4	0
96	52	0
98	34	0
69	63	0
71	89	0
58	9	0
3	92	0
7	86	0
94	61	0
74	60	0
79	13	0
97	77	0
20	14	0
31	96	0
48	94	0
91	0	0
86	5	0
98	31	0
80	32	0
72	33	0
5	5	0
18	89	0
46	89	0
50	64	1
91	43	0
70	95	0
99	87	0
66	37	0
71	83	0
76	16	1
10	3	0
33	5	0
35	25	0
83	38	0
80	22	0
8	47	0
25	21	0
90	83	0
93	69	0
80	20	1
96	9	0
67	2	0
81	14	1
35	14	0
98	89	0
22	83	0
2	98	0
37	38	0
71	42	0
67	69	0
61	80	0
89	83	0
68	28	0
75	78	0
98	32	0
87	69	0
68	49	0
95	75	0
63	15	0
97	9	0
29	46	0
67	93	0
98	38	0
23	85	1
97	38	0
74	95	0
94	35	0
64	14	0
49	51	0
60	92	0
74	87	0
22	87	0
92	84	0
2	98	0
91	0	0
90	15	0
56	83	0
15	98	0
81	40	0
92	70	0
26	1	0
47	89	0
53	75	0
0	23	0
91	33	0
99	5	0
78	96	0
11	23	0
77	31	0
68	82	0
13	30	0
47	83	0
84	50	0
29	94	1
84	7	0
81	17	1
94	65	0
9	76	1
61	17	0
85	93	0
35	99	0
67	56	0
2	36	0
63	87	0
60	52	0
94	46	0
71	47	0
71	58	0
6	48	0
90	69	0
26	93	1
89	64	0
7	97	0
79	84	0
34	20	0
72	61	0
67	95	0
54	93	0
92	55	0
71	3	0
4	72	1
67	41	0
29	99	0
88	24	0
95	48	0
73	33	0
86	72	0
45	95	0
60	99	0
29	96	0
96	86	0
70	84	0
18	0	0
7	85	0
78	86	0
59	92	0
57	56	1
71	31	0
83	59	0
99	5	0
86	10	0
94	87	0
64	85	0
85	18	0
89	14	0
70	93	0
30	96	0
81	10	0
99	0	0
75	29	0
8	52	0
12	93	0
20	99	0
86	85	0
86	94	0
86	93	0
84	68	0
76	78	0
8	90	0
30	19	0
5	3	0
41	40	0
92	23	0
82	41	0
68	58	0
57	11	0
84	82	0
68	82	0
83	51	0
75	61	0
23	10	0
96	40	0
66	91	0
48	40	0
20	91	0
74	94	0
96	69	0
19	73	0
39	68	0
66	73	0
49	96	0
10	45	0
78	69	0
93	50	0
91	67	0
33	79	0
58	84	0
90	20	0
84	8	0
12	79	0
35	88	0
95	73	0
75	76	0
2	92	0
9	80	0
77	93	0
29	18	0
3	81	0
69	79	0
63	63	0
82	88	0
4	86	0
77	47	0
15	5	0
56	89	0
6	91	0
1	15	0
91	63	0
82	15	1
78	23	0
14	18	0
15	50	0
72	35	0
65	76	0
32	81	1
63	57	1
89	78	0
84	43	0
74	77	0
73	83	0
0	61	0
84	60	0
64	31	0
91	44	0
89	91	0
81	74	0
68	52	1
56	58	1
43	79	0
96	76	0
92	8	0
50	76	0
2	99	0
68	29	0
65	15	0
81	20	1
75	17	1
77	26	0
27	30	0
56	89	0
62	59	0
33	82	0
67	92	0
90	59	0
88	29	0
85	69	0
89	96	0
89	46	0
86	95	0
34	84	1
72	75	0
77	45	0
48	86	0
87	81	0
82	71	0
94	27	0
53	80	0
79	23	0
60	41	0
88	88	0
91	52	0
19	84	0
30	91	1
85	28	0
74	33	0
97	42	0
86	10	0
98	81	0
85	15	0
78	35	0
12	85	0
20	97	0
53	34	0
30	62	0
50	80	0
63	5	0
13	91	0
77	51	0
14	10	0
18	61	0
73	73	0
72	64	0
81	67	0
83	49	0
73	68	0
87	50	0
6	44	0
94	85	0
65	58	0
50	94	0
6	72	1
90	17	0
47	92	0
22	88	0
98	45	0
67	28	0
21	14	0
30	36	0
9	63	1
80	54	0
94	33	0
22	12	0
46	5	0
52	74	0
99	84	0
12	3	0
45	79	0
61	25	0
86	73	0
69	66	0
66	85	0
9	47	0
96	46	0
89	64	0
1	80	0
32	92	1
0	96	0
52	34	0
91	22	0
8	20	0
90	30	0
79	15	0
47	34	0
13	97	0
60	82	0
20	78	1
27	27	0
28	93	1
57	56	1
79	46	0
64	84	0
20	87	0
71	41	0
8	3	0
81	57	0
83	32	0
81	34	0
68	29	0
55	91	0
34	99	0
80	37	0
60	97	0
69	61	0
84	45	0
62	95	0
91	42	0
94	99	0
85	83	0
51	88	0
89	15	0
76	77	0
65	27	0
27	90	1
87	54	0
85	99	0
84	13	0
95	95	0
86	22	0
77	68	0
9	92	0
81	97	0
78	80	0
4	18	0
13	90	0
9	76	1
84	30	0
24	98	0
55	81	0
83	31	0
80	48	0
21	99	0
84	44	0
92	48	0
75	46	0
86	30	0
1	90	0
13	8	0
63	78	0
13	58	0
28	8	0
3	91	0
99	43	0
82	88	0
90	54	0
85	78	0
74	46	0
3	74	1
77	21	0
97	37	0
