93	62	0
29	2	0
29	33	0
61	97	0
21	2	0
95	42	0
99	94	0
60	14	0
60	72	0
60	26	0
81	50	0
6	87	0
14	6	0
21	88	0
97	24	0
75	76	0
57	39	0
18	57	0
88	54	0
94	15	0
45	96	0
60	64	0
74	82	0
54	3	0
26	74	0
51	16	0
89	73	0
65	88	0
94	81	0
0	38	0
52	13	0
43	22	0
98	27	0
17	55	1
81	66	0
13	89	0
36	96	0
90	20	0
79	85	0
40	13	0
38	66	0
90	68	0
97	73	0
53	62	0
99	48	0
10	81	0
73	2	0
99	63	0
14	70	0
71	11	0
11	75	0
58	90	0
30	74	0
98	67	0
47	35	0
40	28	0
94	89	0
99	91	0
99	4	0
18	95	0
98	13	0
32	4	0
70	83	0
36	3	0
6	96	0
88	14	0
32	79	0
65	94	0
46	56	0
8	27	0
70	85	0
14	55	0
94	30	0
30	86	0
62	97	0
63	32	0
28	98	0
60	96	0
1	16	0
98	11	0
87	20	0
50	73	0
88	36	0
93	63	0
46	14	0
29	12	0
69	51	0
4	96	0
50	1	0
44	70	0
49	7	0
58	31	0
82	33	0
31	60	0
77	48	0
3	65	0
80	92	0
4	90	0
41	94	0
95	55	0
69	15	0
37	67	0
30	62	0
63	5	0
69	51	0
8	68	0
34	0	0
7	43	0
37	50	0
63	81	0
46	38	0
10	95	0
77	26	0
46	81	0
75	65	0
93	11	0
75	92	0
55	69	0
33	23	0
60	92	0
98	75	0
75	59	0
27	92	0
66	30	0
28	19	0
21	52	1
72	11	0
12	61	0
93	75	0
98	23	0
85	46	0
36	51	0
58	2	0
78	63	0
21	23	0
46	25	0
98	57	0
47	35	0
59	82	0
60	79	0
52	23	0
41	41	0
60	40	0
11	51	0
20	44	1
22	60	0
74	89	0
48	59	0
41	99	0
71	39	0
72	63	0
53	68	0
88	65	0
18	20	0
52	54	0
23	13	0
12	73	0
29	65	0
87	37	0
37	47	0
90	4	0
41	87	0
57	26	0
44	41	0
74	77	0
29	70	0
51	65	0
42	87	0
40	53	0
43	12	0
51	18	0
40	88	0
25	64	0
77	78	0
95	65	0
29	98	0
98	73	0
31	49	0
23	72	0
49	73	0
55	54	0
20	20	0
70	86	0
98	75	0
52	66	0
59	29	0
1	38	0
57	8	0
73	50	0
58	18	0
82	20	0
22	49	1
1	46	0
48	53	0
67	31	0
35	67	0
85	23	0
40	97	0
24	61	0
39	24	1
82	83	0
40	53	0
25	9	0
28	81	0
60	5	0
93	86	0
46	90	0
95	4	0
9	69	0
19	65	0
98	34	0
51	87	0
26	50	1
56	73	0
65	64	0
47	59	0
22	75	0
21	57	0
69	1	0
13	58	0
62	79	0
97	45	0
39	86	0
79	64	0
77	21	0
51	71	0
18	79	0
33	97	0
45	28	0
75	33	0
82	46	0
58	42	0
73	70	0
5	40	0
61	27	0
17	98	0
61	65	0
80	43	0
71	29	0
54	2	0
9	45	0
96	23	0
36	18	0
70	71	0
63	87	0
74	44	0
95	36	0
99	11	0
2	36	0
93	71	0
35	96	0
96	81	0
36	98	0
60	32	0
76	34	0
18	87	0
87	23	0
30	58	0
26	74	0
51	11	0
32	99	0
78	87	0
77	87	0
94	51	0
97	66	0
14	92	0
38	72	0
74	3	0
76	49	0
34	16	0
39	0	0
51	27	0
54	50	0
81	48	0
32	52	0
39	47	0
32	76	0
73	87	0
85	55	0
59	82	0
80	9	0
94	37	0
65	13	0
24	43	0
80	44	0
79	51	0
72	68	0
5	37	0
29	67	0
60	23	0
17	91	0
31	83	0
14	78	0
88	76	0
53	13	0
36	3	0
33	51	0
80	74	0
61	4	0
82	95	0
21	2	0
50	90	0
7	68	0
47	91	0
46	35	0
10	51	0
73	35	0
73	13	0
51	15	0
75	13	0
37	63	0
5	53	0
74	18	0
83	61	0
6	7	0
4	63	0
32	97	0
9	83	0
53	95	0
51	66	0
62	43	0
68	4	0
45	80	0
47	70	0
95	89	0
38	25	1
1	57	0
31	45	1
60	48	0
75	78	0
29	29	1
86	28	0
33	2	0
52	0	0
49	18	0
41	34	0
74	62	0
65	12	0
11	47	0
30	10	0
44	61	0
45	34	0
30	42	1
92	75	0
84	56	0
12	49	0
61	35	0
96	8	0
66	12	0
68	28	0
44	39	0
38	34	0
4	75	0
64	83	0
38	76	0
22	98	0
24	77	0
52	11	0
41	39	0
97	41	0
84	45	0
4	66	0
83	66	0
77	83	0
84	27	0
78	84	0
78	2	0
74	68	0
75	61	0
27	29	1
58	49	0
86	70	0
67	5	0
94	21	0
31	47	0
46	97	0
62	79	0
81	17	0
21	72	0
98	28	0
66	99	0
87	16	0
64	25	0
34	56	0
60	37	0
36	52	0
53	84	0
80	36	0
36	20	0
74	87	0
35	52	0
17	96	0
97	96	0
49	32	0
4	94	0
52	53	0
94	14	0
83	37	0
23	63	0
65	53	0
37	20	1
55	52	0
7	93	0
84	24	0
46	8	0
89	48	0
54	48	0
30	90	0
14	4	0
60	59	0
53	99	0
5	49	0
40	79	0
39	81	0
47	24	0
20	80	0
18	28	0
73	2	0
74	16	0
89	2	0
90	89	0
21	68	0
49	21	0
85	2	0
75	59	0
75	93	0
0	25	0
62	95	0
97	62	0
34	85	0
80	3	0
46	60	0
70	21	0
68	12	0
40	17	0
42	15	0
99	9	0
86	36	0
8	89	0
81	13	0
92	93	0
27	94	0
97	72	0
38	48	0
15	27	0
78	99	0
62	47	0
2	88	0
67	36	0
78	38	0
73	42	0
83	67	0
28	65	0
93	64	0
39	95	0
92	72	0
27	97	0
87	86	0
43	36	0
59	66	0
63	99	0
49	66	0
59	95	0
73	52	0
39	47	0
38	60	0
85	3	0
3	88	0
96	55	0
24	83	0
41	66	0
47	83	0
86	45	0
33	52	0
40	20	0
85	56	0
66	14	0
81	98	0
45	93	0
41	58	0
49	16	0
33	42	0
56	98	0
44	16	0
36	67	0
82	75	0
38	10	0
97	89	0
66	4	0
4	7	0
45	36	0
22	70	0
43	1	0
12	71	0
92	81	0
64	81	0
66	38	0
66	0	0
41	62	0
41	61	0
95	58	0
91	7	0
6	71	0
84	3	0
53	76	0
56	27	0
38	10	0
33	65	0
84	85	0
34	69	0
47	84	0
65	33	0
21	47	1
70	36	0
40	56	0
64	95	0
26	97	0
95	15	0
96	18	0
74	14	0
22	68	0
26	97	0
23	88	0
65	40	0
78	79	0
77	92	0
3	38	0
66	39	0
71	81	0
71	61	0
63	80	0
10	85	0
16	77	0
43	18	0
49	15	0
9	37	0
42	46	0
38	46	0
93	29	0
88	40	0
82	9	0
73	45	0
55	54	0
28	48	1
45	26	0
93	80	0
45	98	0
83	54	0
41	68	0
33	92	0
77	55	0
25	52	0
77	25	0
29	14	0
91	53	0
77	94	0
48	46	0
7	48	0
48	9	0
49	54	0
42	84	0
72	90	0
96	61	0
12	78	0
74	47	0
14	61	0
65	49	0
44	68	0
54	52	0
44	75	0
66	71	0
6	65	0
64	64	0
76	50	0
83	54	0
39	66	0
66	83	0
45	11	0
97	20	0
53	48	0
92	3	0
5	85	0
37	83	0
86	63	0
20	48	0
75	73	0
14	95	0
17	80	0
84	83	0
41	23	0
0	68	0
64	98	0
52	61	0
91	68	0
23	98	0
85	35	0
17	0	0
37	73	0
24	81	0
36	15	0
17	55	1
14	18	0
89	66	0
99	17	0
51	12	0
66	39	0
90	14	0
23	8	0
31	63	0
84	32	0
8	64	0
55	80	0
2	49	0
27	75	0
73	61	0
55	97	0
71	50	0
72	82	0
72	54	0
47	51	0
75	75	0
8	79	0
42	39	0
24	78	0
84	48	0
70	30	0
90	54	0
96	97	0
89	89	0
38	69	0
78	44	0
59	59	0
34	23	1
35	16	0
33	65	0
7	44	0
67	9	0
70	78	0
89	83	0
85	2	0
16	45	1
60	81	0
8	97	0
48	9	0
57	29	0
67	24	0
57	18	0
39	22	0
77	11	0
36	93	0
70	16	0
32	96	0
99	22	0
40	64	0
65	37	0
73	98	0
78	71	0
35	76	0
65	96	0
87	63	0
90	46	0
10	66	0
89	82	0
75	95	0
16	60	0
97	46	0
30	71	0
93	87	0
48	90	0
28	14	0
76	73	0
96	52	0
46	82	0
75	71	0
99	61	0
78	41	0
29	55	0
0	60	0
63	79	0
65	28	0
51	40	0
51	8	0
34	25	1
86	79	0
17	55	0
64	26	0
45	7	0
53	22	0
8	86	0
11	56	0
10	78	0
73	44	0
94	23	0
94	27	0
97	1	0
64	94	0
7	56	0
63	25	0
58	50	0
39	84	0
92	26	0
59	53	0
31	83	0
19	91	0
34	65	0
23	96	0
29	6	0
69	74	0
45	15	0
41	74	0
51	45	0
0	43	0
68	65	0
65	18	0
28	86	0
95	55	0
24	47	1
17	32	0
12	69	0
84	59	0
66	57	0
45	45	0
95	65	0
96	65	0
63	48	0
60	14	0
74	64	0
82	33	0
7	45	0
87	81	0
51	37	0
20	72	0
0	85	0
27	97	0
24	57	0
93	27	0
1	55	0
56	90	0
4	87	0
83	62	0
48	35	0
87	26	0
15	18	0
30	34	0
71	12	0
30	73	0
46	54	0
99	61	0
85	34	0
3	0	0
1	46	0
54	17	0
5	44	0
76	7	0
47	71	0
28	32	1
90	89	0
1	13	0
42	96	0
95	45	0
40	3	0
91	88	0
52	57	0
68	66	0
38	42	0
89	33	0
91	78	0
9	65	0
7	76	0
7	43	0
22	69	0
11	87	0
65	17	0
33	58	0
14	92	0
33	12	0
59	12	0
36	64	0
64	47	0
44	8	0
37	76	0
99	19	0
5	26	0
75	41	0
91	23	0
48	46	0
27	21	0
44	1	0
18	92	0
48	68	0
36	56	0
29	18	0
21	99	0
21	75	0
60	43	0
93	44	0
30	75	0
88	96	0
54	26	0
66	69	0
61	90	0
4	89	0
84	40	0
49	54	0
11	22	0
94	68	0
54	54	0
99	19	0
71	14	0
84	29	0
60	97	0
48	45	0
47	38	0
67	25	0
48	3	0
49	86	0
51	74	0
21	50	0
79	32	0
55	93	0
91	42	0
90	56	0
38	76	0
33	67	0
83	28	0
51	44	0
70	7	0
96	96	0
79	79	0
50	74	0
76	44	0
78	94	0
13	79	0
53	14	0
15	98	0
8	56	0
46	60	0
75	83	0
61	18	0
98	91	0
90	14	0
96	97	0
64	10	0
75	25	0
66	65	0
60	32	0
22	87	0
49	87	0
72	80	0
27	35	1
5	34	0
15	80	0
7	79	0
36	13	0
41	49	0
16	57	0
2	47	0
86	46	0
45	19	0
16	65	0
25	83	0
66	98	0
97	42	0
0	69	0
69	47	0
35	73	0
80	50	0
73	35	0
3	51	0
27	55	0
84	41	0
70	57	0
83	51	0
9	68	0
61	51	0
0	83	0
3	2	0
90	63	0
16	65	0
23	9	0
39	24	1
4	97	0
16	80	0
89	41	0
73	79	0
84	60	0
87	82	0
52	68	0
65	43	0
0	68	0
48	64	0
29	62	0
63	47	0
92	19	0
