90	62	0
35	27	0
11	21	0
91	42	0
94	83	0
68	43	0
5	78	0
2	5	0
10	93	0
82	32	0
77	81	0
25	27	0
63	69	0
90	55	0
71	64	0
43	32	0
91	90	0
97	79	0
71	93	0
10	30	0
68	81	0
77	28	0
47	67	0
71	81	0
84	53	0
97	27	0
92	75	0
35	3	0
83	30	0
38	17	0
97	61	0
92	71	0
90	7	0
17	37	0
51	75	1
5	86	0
20	36	0
77	74	0
87	44	0
57	78	1
4	21	0
92	16	0
63	33	1
45	35	0
78	44	0
84	66	0
13	59	0
97	59	0
45	36	0
26	9	0
60	56	0
0	96	0
90	22	0
40	72	0
85	63	0
92	13	0
87	87	0
53	84	1
5	26	0
76	87	0
80	61	0
80	42	0
52	48	0
88	40	0
82	36	0
86	35	0
28	59	0
20	23	0
81	80	0
42	86	0
80	40	0
61	66	0
83	73	0
81	77	0
25	16	0
16	17	0
83	66	0
94	6	0
11	51	0
79	82	0
57	78	1
55	71	1
48	20	0
72	79	0
73	52	0
8	87	0
94	90	0
7	98	1
12	59	0
89	86	0
96	69	0
50	91	1
68	49	0
95	28	0
48	55	0
10	48	0
55	7	0
83	84	0
77	7	0
87	56	0
81	98	0
54	62	0
67	80	1
20	22	0
72	98	0
33	80	0
21	27	0
59	41	0
65	89	1
66	44	0
93	23	0
52	20	0
74	64	0
70	91	0
84	63	0
94	31	0
86	83	0
79	85	0
59	65	0
8	46	0
77	62	0
77	71	0
96	62	0
91	35	0
87	66	0
63	16	0
41	25	0
86	49	0
26	83	0
83	76	0
99	45	0
93	25	0
57	20	0
2	98	1
97	55	0
91	76	0
14	21	0
94	13	0
83	27	0
86	26	0
9	5	0
34	81	0
90	51	0
66	94	0
83	89	0
72	31	1
52	94	0
2	20	0
37	16	0
52	37	0
61	42	0
3	61	0
50	9	0
95	82	0
89	50	0
60	5	0
25	19	0
97	88	0
32	73	0
32	27	0
65	54	0
79	67	0
54	85	1
81	76	0
76	27	0
75	98	0
95	32	0
86	82	0
56	30	0
94	79	0
64	16	0
40	54	0
70	88	0
90	40	0
91	40	0
80	96	0
99	41	0
34	48	0
64	86	1
21	78	0
81	80	0
4	94	0
95	35	0
96	65	0
41	5	0
47	51	0
23	13	0
95	31	0
64	88	1
8	40	0
74	27	0
70	73	0
24	36	0
83	43	0
75	12	0
95	66	0
70	34	0
97	94	0
22	43	0
82	57	0
93	35	0
56	45	0
2	52	0
98	75	0
89	62	0
19	87	0
75	90	0
37	28	0
76	92	0
92	48	0
69	4	0
60	40	0
71	36	1
94	55	0
89	78	0
91	84	0
77	95	0
16	15	0
5	74	0
81	94	0
63	91	1
50	13	0
91	56	0
92	9	0
99	87	0
62	70	0
67	77	0
99	5	0
91	39	0
6	37	0
2	97	1
89	86	0
95	95	0
97	85	0
72	61	0
61	75	0
8	87	0
24	32	0
2	12	0
42	35	0
89	35	0
64	62	1
66	8	0
71	90	0
76	75	0
84	49	0
33	14	0
89	43	0
66	89	1
65	24	0
64	75	1
96	58	0
10	43	0
57	82	1
9	40	0
69	79	0
94	44	0
90	72	0
80	34	0
89	60	0
58	57	1
1	92	1
83	99	0
15	15	0
0	90	0
54	76	1
65	64	1
87	99	0
4	78	0
89	59	0
7	6	0
12	78	0
11	10	0
90	57	0
17	33	0
6	30	0
81	33	0
69	70	0
89	81	0
82	55	0
80	73	0
71	81	0
7	84	0
89	63	0
67	26	0
90	34	0
72	88	0
82	61	0
43	85	0
94	72	0
50	70	0
7	91	1
72	38	0
35	37	0
49	78	0
36	71	0
63	85	1
98	55	0
87	28	0
67	63	1
96	78	0
92	36	0
94	99	0
89	69	0
60	23	0
80	74	0
92	56	0
98	29	0
44	65	0
70	35	1
92	88	0
85	66	0
25	68	0
81	37	0
84	37	0
88	43	0
95	86	0
72	58	0
1	97	1
41	35	0
22	71	0
59	13	0
1	87	0
81	50	0
15	11	0
18	56	0
53	67	0
77	84	0
69	59	0
61	50	0
86	43	0
8	41	0
90	80	0
80	8	0
6	98	1
96	48	0
18	8	0
21	36	0
69	40	0
96	35	0
15	3	0
43	7	0
54	63	0
99	84	0
25	1	0
65	7	0
83	86	0
59	85	0
26	45	0
94	49	0
84	60	0
7	98	1
48	38	0
93	48	0
18	37	0
83	33	0
73	12	0
35	33	0
24	39	0
82	39	0
60	89	1
77	46	0
17	13	0
95	55	0
73	46	0
75	55	0
47	95	0
59	52	0
67	42	0
80	48	0
93	91	0
86	83	0
74	73	0
75	23	0
92	50	0
84	97	0
96	93	0
76	64	0
83	92	0
46	85	1
9	11	0
31	93	0
85	52	0
74	25	0
89	49	0
74	45	0
93	59	0
89	40	0
26	83	0
7	12	0
43	86	0
28	72	0
41	0	0
10	88	0
94	47	0
98	87	0
82	46	0
92	97	0
99	39	0
