97	65	0
53	9	0
37	20	0
40	95	0
4	38	0
89	27	0
86	78	0
12	4	0
51	9	0
73	92	0
42	37	0
78	37	0
0	86	0
21	3	0
16	68	0
96	8	0
97	91	0
62	29	0
29	53	0
98	65	0
91	1	0
42	73	0
75	85	0
79	93	0
65	4	0
30	95	0
57	11	0
77	78	0
70	91	0
99	59	0
0	42	0
29	30	0
40	29	0
78	20	0
41	48	0
91	74	0
11	92	0
68	76	0
92	23	0
81	92	0
44	8	0
26	52	0
69	56	0
98	55	0
57	75	0
97	49	0
19	99	0
37	46	0
56	16	0
84	45	0
18	62	0
60	10	0
32	92	0
54	86	0
26	65	0
94	71	0
47	27	0
37	46	0
84	75	0
95	98	0
91	13	0
14	98	0
93	12	0
52	7	0
94	70	0
39	32	0
20	83	0
84	6	0
31	80	0
85	74	0
64	50	0
22	29	0
86	83	0
30	38	0
15	48	0
87	37	0
23	26	1
16	39	0
38	81	0
59	90	0
71	25	0
46	96	0
63	99	0
1	8	0
14	18	0
94	22	0
98	20	0
36	58	0
82	47	0
20	29	0
75	51	0
39	56	0
33	12	0
35	2	0
71	48	0
23	87	0
58	5	0
50	75	0
43	4	0
38	26	0
94	45	0
50	59	0
63	47	0
17	76	0
69	82	0
9	78	0
45	77	0
85	47	0
67	12	0
55	69	0
6	57	0
56	7	0
52	63	0
9	70	0
47	2	0
32	57	0
20	32	0
85	81	0
45	39	0
4	2	0
22	95	0
80	1	0
69	65	0
13	30	0
82	78	0
93	15	0
61	71	0
53	87	0
31	23	0
64	92	0
21	19	1
74	88	0
63	52	0
36	97	0
75	33	0
38	23	0
21	35	0
80	1	0
11	10	1
3	72	0
94	72	0
91	12	0
89	34	0
41	55	0
60	5	0
92	95	0
5	6	0
39	13	0
82	82	0
37	39	0
95	69	0
83	77	0
52	26	0
49	35	0
67	59	0
3	47	0
25	83	0
14	59	0
81	76	0
56	71	0
44	97	0
82	49	0
69	77	0
51	85	0
28	45	0
88	81	0
0	38	0
33	39	0
26	25	0
19	73	0
36	71	0
98	20	0
43	35	0
78	10	0
37	83	0
71	22	0
53	28	0
79	78	0
26	52	0
63	70	0
34	98	0
38	63	0
38	6	0
67	16	0
32	90	0
16	82	0
69	85	0
92	57	0
19	93	0
30	33	0
92	69	0
27	59	0
37	79	0
38	95	0
53	45	0
33	9	0
18	35	0
78	95	0
89	98	0
62	93	0
78	14	0
5	63	0
65	0	0
61	15	0
67	21	0
84	18	0
28	61	0
5	74	0
63	63	0
76	36	0
30	76	0
87	19	0
57	85	0
32	64	0
28	16	0
83	72	0
33	69	0
41	10	0
3	87	0
80	15	0
95	80	0
83	92	0
86	19	0
2	79	0
16	75	0
95	50	0
51	74	0
36	46	0
46	76	0
58	72	0
54	57	0
7	82	0
35	71	0
62	16	0
6	66	0
67	95	0
66	44	0
35	94	0
88	57	0
41	16	0
41	55	0
10	77	0
40	92	0
57	33	0
70	26	0
11	31	0
86	67	0
72	47	0
79	51	0
9	85	0
57	11	0
14	82	0
64	64	0
57	46	0
70	56	0
58	3	0
16	6	1
4	56	0
75	43	0
51	11	0
73	59	0
50	82	0
63	52	0
93	30	0
92	13	0
3	60	0
88	67	0
22	94	0
92	57	0
37	88	0
57	34	0
45	1	0
20	91	0
70	34	0
44	55	0
42	75	0
51	5	0
22	95	0
73	86	0
87	87	0
60	29	0
95	72	0
8	88	0
40	39	0
59	1	0
64	17	0
35	22	0
45	4	0
57	11	0
55	49	0
74	33	0
36	52	0
24	47	0
52	54	0
70	78	0
91	74	0
55	87	0
80	12	0
98	52	0
79	0	0
9	56	0
30	7	0
91	33	0
47	24	0
73	74	0
7	43	0
47	73	0
54	29	0
25	97	0
34	88	0
29	70	0
91	56	0
42	27	0
38	1	0
24	55	0
92	51	0
76	18	0
76	99	0
14	9	0
64	90	0
8	77	0
43	82	0
32	33	0
4	53	0
82	8	0
19	36	0
82	13	0
42	8	0
17	0	0
81	4	0
30	51	0
11	41	0
88	30	0
93	61	0
7	28	0
27	35	0
0	60	0
32	82	0
14	72	0
4	9	0
37	95	0
46	66	0
37	29	0
63	30	0
49	84	0
39	68	0
88	96	0
38	24	0
16	49	0
31	38	0
53	78	0
81	96	0
53	8	0
75	1	0
34	6	0
47	10	0
61	10	0
20	48	0
76	60	0
68	2	0
24	46	0
63	6	0
51	54	0
45	50	0
29	64	0
78	84	0
64	53	0
18	62	0
60	36	0
22	19	0
96	9	0
49	5	0
69	16	0
53	38	0
22	40	0
18	71	0
69	75	0
12	76	0
33	94	0
24	95	0
49	22	0
32	33	0
86	63	0
59	49	0
7	78	0
77	75	0
62	90	0
22	35	0
68	24	0
65	96	0
73	1	0
96	62	0
75	42	0
31	17	0
39	46	0
37	48	0
90	80	0
9	26	0
75	30	0
86	9	0
13	55	0
30	92	0
69	78	0
85	6	0
5	72	0
97	33	0
46	90	0
3	10	1
79	9	0
61	53	0
40	53	0
57	47	0
29	39	0
49	38	0
73	74	0
74	51	0
44	29	0
73	65	0
24	50	0
25	91	0
83	85	0
42	17	0
3	73	0
67	20	0
84	20	0
68	45	0
17	60	0
62	27	0
27	33	0
52	38	0
4	96	0
62	37	0
54	18	0
92	52	0
45	22	0
34	75	0
32	6	0
82	42	0
8	3	0
60	99	0
3	88	0
38	41	0
55	84	0
56	31	0
18	96	0
18	45	0
22	41	0
60	19	0
96	34	0
82	20	0
87	98	0
24	58	0
15	16	1
34	13	0
35	24	0
84	22	0
51	60	0
75	83	0
21	33	0
66	99	0
86	69	0
41	76	0
74	10	0
71	38	0
83	18	0
68	20	0
45	20	0
36	31	0
96	3	0
67	28	0
1	66	0
92	16	0
91	95	0
11	93	0
85	61	0
43	49	0
24	2	0
93	87	0
79	55	0
27	97	0
64	21	0
77	45	0
93	58	0
83	66	0
29	81	0
74	83	0
34	92	0
85	75	0
36	39	0
26	90	0
98	87	0
33	34	0
24	46	0
64	70	0
62	93	0
51	69	0
47	94	0
60	61	0
36	61	0
34	64	0
81	23	0
15	91	0
85	52	0
21	84	0
43	53	0
45	79	0
81	27	0
22	32	0
19	42	0
61	41	0
93	73	0
62	19	0
85	97	0
70	98	0
38	44	0
56	9	0
32	44	0
22	85	0
36	32	0
55	69	0
69	80	0
35	21	0
79	90	0
51	32	0
39	18	0
66	42	0
22	78	0
41	12	0
4	61	0
89	79	0
65	94	0
54	46	0
82	11	0
40	70	0
41	55	0
98	53	0
95	0	0
0	76	0
70	3	0
83	75	0
69	23	0
32	3	0
35	68	0
78	82	0
37	75	0
52	79	0
77	18	0
15	66	0
62	5	0
44	66	0
63	97	0
29	91	0
89	8	0
91	21	0
60	12	0
34	86	0
15	92	0
7	91	0
79	52	0
74	59	0
78	66	0
17	43	0
85	46	0
66	61	0
84	76	0
71	62	0
26	53	0
18	69	0
38	28	0
47	43	0
4	48	0
56	66	0
45	40	0
93	39	0
77	34	0
73	5	0
75	32	0
53	81	0
23	18	1
15	46	0
64	41	0
94	76	0
67	81	0
95	77	0
23	47	0
50	62	0
62	50	0
30	60	0
87	39	0
20	59	0
42	20	0
92	55	0
71	96	0
54	53	0
21	65	0
42	2	0
67	68	0
29	83	0
45	26	0
74	79	0
88	74	0
20	92	0
50	63	0
12	72	0
74	66	0
37	57	0
48	64	0
40	78	0
63	68	0
28	35	0
15	66	0
89	83	0
78	55	0
98	60	0
34	78	0
57	76	0
70	33	0
21	16	1
86	23	0
40	35	0
95	5	0
15	91	0
35	34	0
27	78	0
90	57	0
19	34	0
97	62	0
14	95	0
14	71	0
27	2	0
98	94	0
34	26	0
0	81	0
73	92	0
38	61	0
80	73	0
33	83	0
97	29	0
32	18	0
37	85	0
30	76	0
34	12	0
24	39	0
8	25	0
90	67	0
93	14	0
56	8	0
68	9	0
92	39	0
32	8	0
39	40	0
98	45	0
12	58	0
44	87	0
1	47	0
16	82	0
72	58	0
48	95	0
66	45	0
71	79	0
36	35	0
79	66	0
36	65	0
87	44	0
9	71	0
58	36	0
36	66	0
72	32	0
56	41	0
98	82	0
92	97	0
84	88	0
22	82	0
20	34	0
53	53	0
52	70	0
34	24	0
21	7	0
36	69	0
10	41	0
64	9	0
64	82	0
90	62	0
94	19	0
9	43	0
12	1	0
78	91	0
6	95	0
51	12	0
58	48	0
69	12	0
16	3	0
47	16	0
18	35	0
46	20	0
59	1	0
38	84	0
56	20	0
28	89	0
73	2	0
27	39	0
52	66	0
71	18	0
90	69	0
64	75	0
40	65	0
52	95	0
80	90	0
5	15	1
87	58	0
14	66	0
81	72	0
58	93	0
15	34	0
21	60	0
93	48	0
34	82	0
97	96	0
65	84	0
48	5	0
46	52	0
82	55	0
55	87	0
74	49	0
97	71	0
83	29	0
12	64	0
2	56	0
70	91	0
78	43	0
52	61	0
57	11	0
34	25	0
73	73	0
23	35	0
14	61	0
39	46	0
59	43	0
33	11	0
57	29	0
8	84	0
21	39	0
12	58	0
6	73	0
76	53	0
27	26	0
61	12	0
91	24	0
79	2	0
54	71	0
3	62	0
64	29	0
49	36	0
22	21	1
72	76	0
77	18	0
46	38	0
52	65	0
46	85	0
19	97	0
32	64	0
41	88	0
31	40	0
76	83	0
45	41	0
26	79	0
54	25	0
6	41	0
59	56	0
67	17	0
30	76	0
81	52	0
53	45	0
51	47	0
41	18	0
3	71	0
69	60	0
75	53	0
45	36	0
80	58	0
84	72	0
78	38	0
65	10	0
87	77	0
90	17	0
7	76	0
67	85	0
31	15	0
58	36	0
8	5	0
16	54	0
10	87	0
34	90	0
20	47	0
92	37	0
16	49	0
56	98	0
14	85	0
97	64	0
52	63	0
87	39	0
19	0	0
59	15	0
46	6	0
7	1	0
13	75	0
60	62	0
84	67	0
73	48	0
18	3	0
31	35	0
66	12	0
2	80	0
75	4	0
46	74	0
54	27	0
73	98	0
12	36	0
0	94	0
99	60	0
37	18	0
87	69	0
60	59	0
74	43	0
42	28	0
93	31	0
83	67	0
15	64	0
1	88	0
21	53	0
2	87	0
9	94	0
92	32	0
33	50	0
3	99	0
54	14	0
60	0	0
39	49	0
26	19	0
63	43	0
38	18	0
26	79	0
31	31	0
72	14	0
5	42	0
87	48	0
87	9	0
66	50	0
32	12	0
45	19	0
9	98	0
59	79	0
40	66	0
13	2	1
37	18	0
5	82	0
3	84	0
72	55	0
90	45	0
44	30	0
27	75	0
26	29	0
99	88	0
61	30	0
45	72	0
66	98	0
21	21	1
1	84	0
68	23	0
55	65	0
29	35	0
96	67	0
38	73	0
99	20	0
80	18	0
98	17	0
88	87	0
42	57	0
23	88	0
86	11	0
31	1	0
63	85	0
62	73	0
20	47	0
66	40	0
68	82	0
88	13	0
93	54	0
22	64	0
55	52	0
24	23	0
89	25	0
47	44	0
69	9	0
92	97	0
84	79	0
49	65	0
71	32	0
65	72	0
4	90	0
42	2	0
10	98	0
13	76	0
63	64	0
77	96	0
86	6	0
99	91	0
81	0	0
19	12	1
84	74	0
68	1	0
98	35	0
74	52	0
56	36	0
16	70	0
60	89	0
53	76	0
13	42	0
3	42	0
39	96	0
6	72	0
42	0	0
41	57	0
14	64	0
40	28	0
7	44	0
97	46	0
57	22	0
0	46	0
25	88	0
73	57	0
1	7	0
92	70	0
26	82	0
57	49	0
34	59	0
96	54	0
63	43	0
2	16	0
4	48	0
25	59	0
88	71	0
67	48	0
99	62	0
1	50	0
59	56	0
19	66	0
2	12	0
72	74	0
28	61	0
46	9	0
27	27	0
9	77	0
37	89	0
6	2	0
75	43	0
66	61	0
80	65	0
77	75	0
44	88	0
37	17	0
4	70	0
11	12	1
46	67	0
40	48	0
55	52	0
83	14	0
