81	66	0
30	30	0
58	97	0
16	11	0
93	43	0
91	91	0
71	43	0
6	82	0
3	9	0
14	90	0
80	40	0
72	80	0
33	32	0
64	73	0
86	53	0
63	71	0
39	35	0
92	85	0
97	81	0
69	82	0
7	24	0
74	71	0
78	26	0
56	83	0
51	66	0
64	84	0
97	51	0
95	29	0
85	71	0
38	0	0
81	32	0
31	12	0
96	68	0
94	73	0
95	8	0
23	34	0
61	78	0
5	87	0
57	97	1
18	30	0
72	77	0
96	41	0
56	87	0
0	21	0
90	14	0
65	36	0
50	45	0
79	41	0
21	99	1
88	73	0
55	99	1
20	59	0
95	56	0
44	35	0
35	9	0
60	55	0
8	87	0
97	19	0
43	66	0
87	60	0
96	7	0
73	92	0
70	78	0
7	23	0
74	81	0
84	67	0
79	39	0
59	41	0
82	45	0
84	38	0
91	40	0
17	60	0
15	15	0
85	68	0
56	96	1
38	83	0
60	95	1
79	49	0
60	67	0
84	74	0
79	76	0
29	14	0
11	9	0
84	59	0
88	4	0
19	50	0
76	79	0
60	78	0
60	81	0
48	8	0
52	96	1
76	86	0
76	52	0
13	86	0
96	94	0
2	96	0
17	61	0
93	90	0
98	73	0
54	83	0
71	48	0
86	34	0
53	61	0
16	53	0
50	19	0
86	86	0
73	1	0
82	41	0
85	95	0
59	72	0
78	76	0
11	21	0
70	96	0
55	99	1
31	81	0
28	38	0
60	39	0
60	80	0
67	39	0
10	97	0
94	29	0
70	29	1
52	30	0
68	67	0
71	93	0
87	70	0
98	27	0
93	84	0
72	75	0
47	82	0
10	72	1
9	46	0
74	71	0
75	72	0
88	58	0
93	54	0
91	67	0
58	15	0
37	27	0
76	57	0
26	81	0
60	90	1
82	77	0
99	50	0
99	27	0
71	60	0
65	98	0
64	16	0
1	93	0
10	95	1
99	62	0
86	78	0
14	19	0
89	11	0
94	21	0
86	19	1
85	31	0
14	17	0
34	78	0
56	93	1
84	41	0
68	95	0
90	77	0
62	37	0
58	81	0
4	6	0
31	15	0
46	29	0
70	40	0
0	56	0
38	12	0
97	80	0
96	48	0
96	9	1
58	3	0
33	7	0
98	85	0
29	72	0
9	95	0
36	34	0
64	51	0
71	68	0
52	72	0
84	75	0
74	31	0
80	77	0
84	35	0
87	74	0
50	33	0
96	69	0
67	11	0
98	11	1
31	56	0
80	96	0
93	45	0
88	45	0
74	87	0
89	40	0
44	55	0
51	96	1
71	87	0
23	77	0
83	86	0
0	92	0
85	29	0
92	61	0
35	3	0
45	49	0
17	17	0
88	39	0
90	8	1
62	87	0
16	25	0
75	33	0
73	76	0
20	34	0
83	47	0
80	6	0
93	69	0
67	21	0
97	92	0
19	34	0
56	98	1
69	53	0
90	41	0
62	48	0
5	54	0
98	72	0
98	63	0
11	82	0
78	84	0
44	19	0
70	55	0
55	94	1
68	94	0
96	39	0
60	13	0
73	45	0
75	30	0
91	59	0
70	28	0
91	74	0
91	91	0
82	96	0
13	9	0
3	81	0
82	88	0
67	94	0
49	14	0
85	55	0
99	2	0
96	82	0
59	76	0
61	75	0
98	5	0
87	31	0
10	44	0
5	97	0
86	90	0
90	89	0
84	88	0
80	62	0
73	78	0
7	87	0
27	28	0
2	16	0
42	36	0
83	42	0
59	59	0
61	5	0
77	85	0
79	75	0
83	47	0
72	62	1
27	15	0
99	43	0
69	90	0
58	33	0
64	80	0
89	67	0
15	55	0
55	77	0
55	81	1
2	44	0
72	79	0
98	45	0
90	65	0
48	89	1
86	29	0
92	6	1
99	68	0
68	68	0
6	92	0
84	94	0
12	25	0
11	88	0
65	72	0
66	59	0
95	94	0
4	83	0
83	54	0
11	0	0
14	88	0
5	17	0
93	57	0
18	24	0
9	37	0
80	32	0
70	75	0
92	78	0
83	41	0
81	80	0
66	83	0
2	75	0
93	62	0
61	24	0
95	35	0
78	90	0
74	71	0
38	82	0
91	72	0
97	13	1
38	74	0
0	98	0
76	40	0
30	33	0
62	86	0
36	71	0
67	98	0
92	52	0
86	29	0
74	67	0
99	78	0
97	45	0
95	98	0
88	69	0
67	23	0
82	75	0
81	62	0
95	27	0
51	66	0
64	31	0
88	92	0
89	63	0
24	79	0
92	35	0
84	39	0
88	41	0
98	81	0
77	50	0
2	82	0
15	96	1
37	29	0
32	68	0
62	8	0
3	93	0
79	43	0
3	12	0
20	53	0
60	66	0
71	76	0
78	52	0
69	45	0
77	69	1
76	47	0
14	40	0
91	79	0
62	93	0
84	17	0
12	90	0
93	56	0
57	23	1
24	16	0
30	35	0
68	48	0
97	38	0
13	0	0
38	3	0
55	59	0
97	85	0
28	3	0
58	3	0
90	81	0
61	84	0
25	51	0
89	49	0
85	61	0
4	90	0
2	96	0
47	35	0
97	33	0
19	32	0
88	36	0
78	12	0
37	34	0
13	97	1
56	80	1
21	38	0
79	40	0
66	93	0
77	44	0
12	12	0
95	56	0
81	45	0
79	21	1
60	97	1
77	40	0
52	92	0
58	51	0
71	45	0
52	96	1
87	44	0
96	94	0
90	89	0
69	72	0
72	28	0
97	44	0
94	99	0
95	94	0
85	24	1
84	67	0
80	96	0
56	79	0
1	15	0
33	93	0
86	34	0
20	94	1
77	29	0
83	44	0
74	48	0
95	58	0
88	38	0
15	76	0
10	10	0
54	84	0
28	72	0
36	4	0
6	82	0
97	43	0
95	85	0
80	49	0
92	86	0
96	45	0
