90	64	0
49	10	0
43	16	0
52	99	0
6	24	0
96	32	0
98	83	0
11	8	1
45	11	0
75	85	0
42	38	0
83	38	0
3	87	0
22	12	0
20	65	0
98	14	0
96	80	0
65	23	0
30	49	0
96	67	0
94	9	0
43	77	0
69	85	0
73	98	0
72	0	0
40	93	0
53	2	0
76	79	0
69	92	0
95	58	0
6	39	0
37	39	0
43	26	0
86	27	0
42	48	0
88	67	0
13	89	0
61	83	0
93	26	0
75	93	0
50	1	0
20	48	0
78	53	0
96	57	0
60	71	0
98	41	0
8	85	0
31	46	0
54	11	0
91	49	0
18	64	0
59	16	0
27	90	0
51	88	0
32	60	0
96	68	0
38	29	0
39	48	0
80	75	0
99	91	0
85	14	0
9	92	0
93	9	0
46	3	0
77	75	0
43	21	0
21	81	0
76	12	0
36	77	0
85	82	0
64	62	0
16	28	0
79	88	0
27	42	0
13	45	0
89	42	0
8	38	0
37	75	0
51	81	0
75	25	0
44	99	0
65	99	0
4	5	0
11	11	0
94	17	0
99	16	0
35	53	0
81	46	0
23	26	0
80	56	0
33	49	0
33	10	0
36	3	0
67	39	0
17	89	0
70	9	0
48	74	0
42	11	0
40	27	0
92	38	0
37	73	0
73	47	0
18	65	0
71	92	0
3	76	0
47	80	0
86	46	0
61	4	0
42	68	0
15	62	0
56	5	0
63	58	0
15	61	0
41	5	0
40	63	0
26	35	0
91	80	0
53	42	0
1	2	0
28	97	0
80	6	0
68	67	0
13	33	0
85	81	0
92	12	0
66	68	0
55	80	0
30	15	0
56	96	0
78	76	0
78	53	0
34	98	0
68	29	0
33	22	0
25	35	0
83	4	0
4	71	0
95	69	0
97	12	0
87	29	0
45	55	0
58	18	0
87	86	0
7	14	0
39	14	0
86	79	0
36	44	0
88	75	0
78	86	0
56	20	0
47	29	0
52	60	0
8	47	0
27	78	0
20	59	0
79	72	0
41	54	0
49	97	0
80	56	0
75	76	0
51	82	0
20	43	0
87	77	0
2	32	0
42	44	0
20	15	0
17	77	0
40	74	0
97	31	0
32	33	0
78	14	0
37	78	0
61	28	0
50	35	0
78	84	0
24	52	0
70	74	0
38	89	0
33	58	0
36	15	0
65	12	0
35	86	0
15	73	0
71	85	0
89	56	0
17	92	0
22	31	0
97	67	0
28	59	0
23	85	0
46	94	0
50	51	0
35	7	0
18	37	0
73	86	0
83	96	0
60	87	0
74	21	0
5	71	0
58	2	0
76	11	0
66	23	0
78	22	0
25	60	0
3	67	0
54	60	0
79	33	0
29	75	0
92	26	0
49	92	0
32	67	0
28	15	0
76	75	0
30	61	0
40	11	0
7	95	0
70	15	0
97	83	0
86	92	0
89	21	0
0	82	0
15	72	0
96	44	0
48	76	0
34	46	0
54	73	0
57	73	0
43	55	0
6	79	0
27	61	0
69	11	0
0	67	0
73	99	0
76	45	0
41	87	0
89	59	0
45	16	0
41	62	0
22	80	0
39	90	0
55	36	0
64	30	0
22	30	0
99	65	0
75	49	0
86	55	0
7	81	0
61	18	0
13	88	0
68	64	0
55	43	0
59	51	0
57	15	0
4	52	0
83	45	0
51	7	0
78	60	0
50	85	0
68	47	0
96	40	0
97	3	0
2	59	0
82	71	0
19	98	0
98	66	0
45	86	0
61	30	0
45	0	0
23	92	0
70	34	0
40	57	0
47	79	0
45	10	0
23	96	0
69	93	0
87	80	0
68	27	0
90	69	0
3	88	0
50	39	0
54	5	0
68	23	0
32	13	0
35	3	0
56	9	0
55	51	0
69	35	0
35	56	0
27	49	0
49	62	0
71	79	0
85	83	0
60	86	0
90	15	0
88	55	0
78	5	0
13	54	0
25	5	0
87	38	0
60	22	0
74	72	0
4	40	0
47	71	0
52	25	0
27	97	0
33	91	0
23	71	0
96	67	0
37	30	0
36	4	0
27	56	0
87	55	0
75	24	0
72	86	0
22	13	0
66	92	0
7	73	0
48	85	0
36	37	0
1	57	0
76	7	0
25	30	0
89	14	0
41	15	0
10	2	1
85	6	0
35	49	0
17	46	0
84	27	0
96	59	0
5	30	0
33	26	0
5	63	0
33	89	0
16	88	0
4	9	0
37	89	0
48	68	0
50	37	0
64	26	0
42	90	0
36	68	0
90	93	0
45	30	0
19	44	0
27	39	0
57	70	0
80	94	0
50	18	0
87	4	0
31	2	0
56	7	0
58	12	0
22	43	0
83	56	0
68	5	0
15	36	0
53	9	0
54	52	0
47	51	0
24	65	0
85	86	0
75	52	0
18	50	0
50	34	0
21	7	1
97	6	0
53	8	0
60	19	0
57	45	0
29	34	0
4	71	0
70	76	0
17	80	0
34	92	0
24	93	0
50	25	0
42	42	0
93	54	0
69	44	0
9	81	0
80	80	0
59	88	0
17	30	1
75	16	0
55	96	0
74	2	0
88	61	0
88	50	0
41	20	0
43	41	0
33	48	0
90	77	0
7	9	0
78	26	0
92	4	0
15	42	0
31	99	0
72	73	0
84	2	0
1	60	0
97	33	0
47	99	0
73	8	0
63	49	0
43	51	0
43	42	0
33	38	0
48	36	0
73	85	0
76	48	0
37	32	0
78	72	0
21	55	0
15	91	0
86	87	0
41	33	0
1	79	0
65	18	0
91	14	0
77	42	0
15	61	0
65	39	0
34	35	0
52	40	0
4	97	0
69	29	0
55	15	0
85	55	0
43	24	0
29	83	0
23	5	0
81	52	0
8	1	1
71	96	0
5	83	0
36	54	0
51	78	0
57	32	0
18	98	0
19	44	0
28	41	0
60	15	0
93	26	0
82	20	0
85	91	0
18	62	0
33	20	0
30	30	0
78	22	0
54	62	0
75	96	0
19	38	0
70	99	0
90	71	0
33	73	0
74	8	0
72	39	0
82	16	0
71	11	0
43	18	0
43	36	0
95	0	0
78	30	0
0	68	0
87	14	0
95	98	0
9	95	0
90	55	0
53	49	0
25	12	0
94	84	0
68	55	0
20	97	0
68	32	0
78	45	0
86	53	0
84	65	0
28	68	0
81	74	0
41	94	0
81	72	0
31	35	0
27	97	0
97	81	0
32	32	0
30	43	0
68	73	0
59	91	0
47	60	0
57	98	0
59	54	0
37	63	0
33	67	0
80	22	0
21	92	0
83	55	0
24	87	0
42	64	0
40	73	0
85	31	0
26	30	0
22	52	0
57	32	0
97	68	0
68	11	0
88	97	0
71	96	0
37	50	0
64	6	0
29	44	0
37	87	0
43	31	0
54	67	0
65	77	0
34	19	0
81	95	0
46	25	0
33	17	0
66	39	0
29	80	0
41	18	0
6	61	0
89	79	0
57	97	0
54	46	0
83	11	0
46	78	0
40	52	0
96	59	0
85	0	0
4	73	0
71	4	0
71	74	0
71	32	0
35	10	0
29	72	0
83	83	0
30	72	0
55	84	0
74	20	0
12	68	0
67	18	0
45	61	0
61	97	0
32	97	0
86	8	0
90	19	0
62	14	0
41	91	0
11	90	0
8	89	0
72	45	0
69	65	0
79	70	0
15	50	0
80	39	0
70	65	0
87	73	0
60	63	0
19	59	0
24	67	0
36	22	0
42	32	0
3	44	0
50	61	0
41	46	0
94	33	0
81	38	0
69	7	0
79	36	0
55	72	0
16	52	0
59	31	0
88	77	0
64	83	0
94	74	0
19	55	0
56	71	0
65	48	0
26	52	0
90	31	0
20	55	0
40	24	0
84	46	0
79	97	0
60	55	0
18	66	0
43	5	0
58	73	0
32	87	0
43	27	0
79	80	0
95	72	0
17	96	0
51	75	0
9	73	0
75	60	0
31	51	0
50	61	0
37	77	0
61	71	0
24	28	0
15	61	0
92	81	0
80	54	0
97	57	0
26	62	0
54	85	0
62	28	0
91	29	0
42	43	0
96	13	0
16	89	0
28	31	0
31	84	0
88	58	0
21	43	0
92	65	0
18	95	0
9	73	0
23	8	0
91	87	0
39	29	0
4	73	0
78	92	0
45	62	0
85	67	0
29	91	0
99	36	0
30	15	0
34	82	0
30	71	0
38	20	0
23	42	0
2	15	0
83	70	0
93	9	0
55	10	0
76	12	0
95	44	0
30	8	0
37	45	0
97	39	0
9	54	0
54	81	0
1	50	0
16	74	0
78	55	0
46	97	0
73	52	0
75	81	0
33	33	0
74	62	0
39	56	0
83	45	0
12	73	0
53	35	0
34	69	0
71	33	0
55	35	0
99	81	0
98	98	0
88	80	0
24	76	0
16	33	0
55	51	0
47	74	0
32	17	0
21	0	0
35	71	0
7	40	0
62	3	0
70	85	0
79	67	0
92	20	0
10	45	0
7	2	1
71	90	0
5	95	0
54	7	0
61	49	0
70	16	0
42	20	0
23	35	0
44	17	0
70	1	0
44	86	0
57	31	0
30	88	0
77	10	0
31	44	0
51	67	0
73	19	0
92	74	0
59	76	0
34	69	0
50	87	0
77	88	0
87	54	0
16	70	0
79	73	0
61	96	0
16	37	0
21	52	0
96	32	0
32	92	0
97	87	0
69	81	0
47	2	0
56	47	0
92	56	0
60	84	0
82	50	0
96	75	0
79	30	0
11	65	0
1	55	0
70	83	0
78	38	0
50	61	0
58	11	0
33	13	0
78	73	0
29	33	0
12	62	0
42	50	0
55	39	0
35	14	0
52	28	0
15	85	0
22	40	0
7	60	0
11	72	0
74	52	0
17	19	0
59	8	0
99	21	0
81	2	0
54	77	0
8	58	0
58	27	0
44	30	0
64	82	0
87	12	0
38	49	0
53	62	0
49	80	0
19	94	0
32	62	0
44	86	0
26	31	0
77	82	0
50	49	0
37	83	0
61	31	0
11	49	0
61	62	0
59	23	0
31	70	0
80	39	0
52	45	0
49	44	0
36	17	0
6	62	0
77	64	0
73	60	0
41	39	0
85	61	0
85	68	0
78	26	0
62	6	0
92	78	0
81	11	0
4	68	0
69	77	0
31	19	0
63	40	0
13	5	1
13	66	0
13	86	0
37	88	0
26	52	0
95	29	0
21	53	0
56	99	0
19	81	0
99	72	0
53	63	0
83	41	0
20	3	0
53	21	0
58	9	0
6	7	1
15	80	0
62	62	0
85	62	0
72	50	0
15	0	0
28	42	0
67	11	0
3	80	0
77	3	0
43	70	0
46	22	0
76	99	0
7	37	0
11	91	0
99	56	0
30	13	0
99	75	0
61	64	0
72	47	0
50	29	0
91	26	0
89	75	0
15	69	0
1	80	0
21	55	0
9	91	0
0	83	0
81	25	0
38	46	0
0	93	0
49	11	0
62	4	0
37	48	0
68	42	0
46	18	0
28	69	0
30	30	0
82	15	0
16	41	0
85	52	0
91	6	0
65	59	0
27	12	0
50	15	0
12	99	0
58	79	0
35	71	0
36	17	0
3	82	0
1	94	0
63	54	0
92	36	0
40	29	0
33	77	0
24	24	1
99	91	0
54	30	0
55	74	0
62	95	0
4	85	0
68	27	0
58	61	0
24	34	0
96	69	0
45	68	0
99	23	0
72	15	0
89	24	0
80	86	0
46	61	0
34	86	0
82	16	0
24	7	0
59	90	0
72	70	0
17	49	0
69	42	0
77	86	0
89	11	0
94	55	0
26	73	0
61	51	0
23	26	0
89	19	0
37	47	0
61	2	0
97	95	0
84	70	0
47	73	0
75	29	0
77	73	0
6	87	0
48	7	0
12	90	0
8	69	0
69	69	0
69	99	0
79	7	0
92	94	0
82	9	0
78	75	0
62	5	0
87	34	0
80	47	0
52	30	0
13	74	0
54	86	0
60	79	0
18	52	0
0	39	0
38	99	0
8	68	0
44	0	0
34	54	0
12	60	0
42	26	0
1	43	0
96	52	0
52	18	0
7	45	0
28	85	0
74	66	0
0	0	0
89	70	0
19	71	0
59	44	0
32	60	0
94	45	0
55	41	0
0	12	0
3	52	0
20	59	0
95	69	0
69	48	0
96	59	0
3	54	0
65	58	0
10	75	0
0	19	0
85	57	0
25	62	0
41	15	0
37	31	0
7	80	0
35	89	0
4	6	0
79	42	0
75	59	0
78	60	0
73	82	0
41	84	0
48	21	0
0	72	0
48	70	0
43	49	0
58	55	0
84	10	0
