77	65	0
34	32	0
63	98	0
17	13	0
94	36	0
87	93	0
70	43	0
5	75	0
3	7	0
14	95	0
87	42	0
69	79	0
31	30	0
67	74	0
95	52	0
54	96	1
60	68	0
42	31	0
90	76	0
95	85	0
71	79	0
7	26	0
70	71	0
72	32	0
64	85	0
52	68	0
62	82	0
94	49	0
99	29	0
94	70	0
38	1	0
83	33	0
30	14	0
94	71	0
92	70	0
90	22	1
93	10	0
18	33	0
64	76	0
2	85	0
93	11	1
61	97	0
20	29	0
79	73	0
94	38	0
58	94	0
4	18	0
91	13	0
69	39	0
74	12	1
51	41	0
75	35	0
14	97	1
87	70	0
59	90	0
19	62	0
37	90	1
94	54	0
35	36	0
33	7	0
63	62	0
11	94	0
99	30	0
34	69	0
86	62	0
97	7	0
75	94	0
67	80	0
4	22	0
74	80	0
79	68	0
82	41	0
17	98	1
59	35	0
87	44	0
85	37	0
90	39	0
16	60	0
1	14	0
87	62	0
57	99	0
39	81	0
59	92	0
75	41	0
60	69	0
83	77	0
79	79	0
18	16	0
10	11	0
82	59	0
87	2	0
15	48	0
75	74	0
66	76	0
63	78	0
55	9	0
53	95	1
75	87	0
78	53	0
11	88	0
91	84	0
0	94	0
18	52	0
91	87	0
89	75	0
51	78	0
74	44	0
80	37	0
57	67	0
21	56	0
44	22	0
89	88	0
72	5	0
83	39	0
82	96	0
64	75	0
75	75	0
20	26	0
14	75	1
68	99	0
73	64	1
58	91	0
30	83	0
33	35	0
73	52	1
57	47	0
59	82	0
69	39	0
2	97	0
92	34	0
65	23	1
49	28	0
84	17	1
65	69	0
75	94	0
91	71	0
85	7	1
92	26	0
99	80	0
68	75	0
51	83	0
17	73	0
96	10	1
10	49	0
78	73	0
78	74	0
88	52	0
88	56	0
86	67	0
51	12	0
33	24	0
76	60	0
27	72	0
60	84	0
82	72	0
99	43	0
99	32	0
72	63	0
66	98	0
60	9	0
0	93	0
15	99	0
97	59	0
58	68	1
89	75	0
11	17	0
84	7	1
82	7	0
90	26	0
85	22	0
79	31	0
12	16	0
29	75	0
55	92	0
83	38	0
76	94	0
89	77	0
64	33	0
66	83	0
6	4	0
33	8	0
44	25	0
69	37	0
3	55	0
30	14	0
97	85	0
96	53	0
97	12	1
62	1	0
34	10	0
99	86	0
28	75	0
7	95	0
37	33	0
74	50	0
73	69	0
51	69	0
81	80	0
74	31	0
82	76	0
86	35	0
84	70	0
58	35	0
97	72	0
67	12	0
99	10	1
32	58	0
78	91	0
97	42	0
89	44	0
78	92	0
91	40	0
45	46	0
56	96	0
69	83	0
23	77	0
84	84	0
7	93	0
94	11	1
19	98	1
84	30	0
92	63	0
30	2	0
50	93	1
46	55	0
9	15	0
85	48	0
87	7	1
69	90	0
16	23	0
76	28	0
74	80	0
16	33	0
79	39	0
78	1	0
94	69	0
67	17	0
93	93	0
13	35	0
52	96	1
66	56	0
92	38	0
61	46	0
3	57	0
92	73	0
94	63	0
3	85	0
76	86	0
39	18	0
65	50	0
64	97	0
67	95	0
99	49	0
64	9	0
71	40	0
80	33	0
92	58	0
77	34	0
88	71	0
51	89	1
88	99	0
81	97	0
13	8	0
3	85	0
75	83	0
70	92	0
53	19	0
81	54	0
97	2	0
98	83	0
65	81	0
89	21	1
60	77	0
87	24	1
95	5	0
86	30	0
14	48	0
4	98	0
91	86	0
84	92	0
87	85	0
83	60	0
75	77	0
6	90	0
28	22	0
4	12	0
40	43	0
84	39	0
62	64	0
59	1	0
75	81	0
78	81	0
81	47	0
73	57	0
27	21	0
99	43	0
77	95	0
55	40	0
72	81	0
94	68	0
21	55	0
47	72	0
55	79	0
57	88	1
3	48	0
72	78	0
94	42	0
92	67	0
54	92	0
89	30	0
85	7	1
91	70	0
63	71	0
1	95	0
78	94	0
19	24	0
7	93	0
68	73	0
64	65	0
89	90	0
2	80	0
87	55	0
16	2	0
50	90	1
7	82	0
1	14	0
98	53	0
75	26	1
19	21	0
11	35	0
74	41	0
68	76	0
93	80	0
85	37	0
77	75	0
69	90	0
2	71	0
90	66	0
61	22	0
95	40	0
77	84	0
75	69	0
42	80	0
93	65	0
93	8	1
43	73	0
1	96	0
76	37	0
27	31	0
63	83	0
32	76	0
63	97	0
89	52	0
89	35	0
73	67	0
95	81	0
94	45	0
94	98	0
81	66	0
71	32	0
42	82	1
85	78	0
83	71	0
95	30	0
50	63	0
65	30	0
84	93	0
88	57	0
25	82	0
87	36	0
80	43	0
90	41	0
99	86	0
74	47	0
7	82	0
13	98	0
38	33	0
30	72	0
62	9	0
4	94	0
77	44	0
8	13	0
18	58	0
67	69	0
70	75	0
80	48	0
74	42	0
76	65	1
74	46	0
13	40	0
94	75	0
62	96	0
77	17	0
38	96	1
16	89	0
95	54	0
62	29	1
28	19	0
25	33	0
73	49	0
94	33	0
13	2	0
41	1	0
55	60	0
95	86	0
27	8	0
60	12	0
90	80	0
71	61	1
64	87	0
19	50	0
95	45	0
85	60	0
8	89	0
1	97	0
45	28	0
92	30	0
18	29	0
85	35	0
77	15	0
34	26	0
16	95	1
58	87	0
18	38	0
77	43	0
66	86	0
71	40	0
10	10	0
91	55	0
85	38	0
83	21	0
62	30	1
53	97	0
84	38	0
53	98	0
59	54	0
72	49	0
54	90	0
92	49	0
94	98	0
84	86	0
74	75	0
74	21	0
94	44	0
96	99	0
94	96	0
85	21	0
83	68	0
14	97	1
83	95	0
57	72	0
3	19	0
34	93	0
84	31	0
17	96	1
75	33	0
78	48	0
75	51	0
99	53	0
87	33	0
83	23	1
3	80	0
11	11	0
56	80	0
30	67	0
36	1	0
3	87	0
99	40	0
94	89	0
86	49	0
91	88	0
68	56	1
95	43	0
