87	60	0
33	30	0
57	95	1
11	16	0
93	46	0
90	83	0
71	40	0
7	76	0
1	8	0
13	88	0
76	34	0
77	78	0
27	30	0
66	72	0
89	51	0
67	68	0
43	35	0
90	85	0
98	83	0
69	90	0
4	25	0
68	84	0
75	29	0
56	79	1
47	70	0
66	84	0
85	46	0
97	29	0
89	78	0
36	0	0
80	31	0
32	18	0
97	65	0
90	74	0
89	9	0
19	33	0
58	81	1
8	88	0
19	31	0
70	78	0
94	42	0
53	82	0
7	20	0
88	16	0
62	30	0
50	36	0
75	44	0
85	66	0
14	63	0
96	53	0
47	33	0
32	11	0
61	60	0
2	94	0
91	24	0
39	66	0
86	66	0
96	7	0
80	89	0
57	81	1
8	20	0
68	86	0
83	66	0
85	41	0
61	49	0
86	39	0
82	36	0
86	39	0
30	59	0
16	20	0
84	75	0
44	83	0
58	95	1
79	42	0
60	73	0
82	75	0
82	75	0
24	14	0
10	13	0
85	64	0
95	6	0
16	53	0
77	79	0
52	77	1
57	75	1
50	17	0
68	79	0
77	58	0
9	88	0
98	97	0
6	98	1
16	60	0
92	87	0
94	70	0
55	87	1
65	49	0
96	30	0
50	55	0
15	52	0
57	10	0
81	85	0
72	7	0
85	47	0
80	94	0
54	65	0
63	80	0
18	21	0
78	95	0
36	78	0
24	29	0
60	38	0
60	87	0
64	49	0
12	96	1
95	26	0
50	25	0
70	71	0
70	88	0
82	68	0
95	27	0
86	85	0
74	81	0
55	69	0
13	44	0
70	70	0
74	72	0
91	60	0
89	39	0
91	66	0
60	14	0
41	29	0
80	54	0
33	84	0
84	77	0
99	49	0
94	24	0
70	61	1
61	95	1
61	16	0
2	94	0
98	56	0
94	75	0
13	20	0
93	15	0
84	22	0
83	25	0
10	12	0
37	83	0
91	52	0
69	90	0
86	85	0
73	30	1
52	91	0
4	16	0
38	22	0
50	33	0
62	40	0
0	59	0
45	9	0
91	79	0
94	53	0
63	0	0
31	12	0
98	84	0
30	69	0
5	93	1
36	30	0
61	52	0
79	64	0
54	81	1
84	73	0
76	29	0
78	88	0
91	33	0
89	78	0
50	30	0
97	74	0
59	12	0
36	54	0
78	93	0
87	44	0
91	48	0
87	91	0
93	44	0
31	51	0
68	83	0
21	78	0
82	77	0
2	95	0
89	35	0
96	67	0
41	7	0
48	52	0
18	12	0
94	28	0
66	85	0
10	38	0
79	32	0
75	77	0
22	37	0
80	47	0
79	10	0
99	63	0
69	31	0
99	93	0
18	39	0
76	54	0
89	40	0
58	48	0
2	56	0
96	75	0
95	59	0
17	87	0
76	84	0
43	19	0
68	61	1
77	97	0
93	40	0
66	5	0
60	44	0
71	32	0
94	59	0
63	29	1
86	81	0
94	84	0
78	95	0
12	10	0
2	74	0
76	89	0
62	91	1
49	13	0
87	52	0
90	6	0
99	81	0
61	70	0
65	71	0
99	2	0
87	38	0
8	41	0
7	98	1
84	85	0
98	97	0
89	89	0
71	65	0
63	78	0
15	89	0
26	26	0
2	12	0
37	39	0
86	39	0
64	59	1
68	10	0
75	91	0
76	74	0
83	44	0
29	16	0
92	44	0
66	92	0
58	28	0
65	79	0
96	60	0
9	46	0
51	81	0
52	78	1
3	44	0
66	81	0
93	44	0
92	69	0
83	31	0
92	64	0
64	62	1
9	94	0
79	98	0
17	21	0
7	86	0
61	75	1
65	62	1
89	95	0
4	74	0
84	54	0
11	7	0
13	81	0
10	11	0
90	59	0
14	31	0
9	35	0
84	32	0
69	71	0
94	79	0
86	51	0
79	77	0
74	84	0
0	80	0
90	61	0
62	25	0
93	33	0
71	86	0
78	64	0
40	85	0
93	76	0
43	75	0
4	92	0
72	40	0
33	41	0
52	83	0
39	67	0
61	87	1
95	53	0
84	29	0
69	67	0
95	75	0
90	40	0
98	99	0
90	65	0
62	22	0
83	74	0
88	61	0
97	28	0
48	59	0
68	32	1
91	86	0
87	64	0
25	72	0
85	32	0
80	42	0
86	39	0
98	83	0
76	53	0
2	95	0
19	99	1
40	34	0
24	68	0
62	13	0
1	92	0
85	49	0
14	14	0
20	55	0
54	67	0
79	86	0
72	57	0
67	45	0
85	39	0
14	45	0
93	77	0
62	91	1
77	10	0
11	93	0
95	51	0
20	12	0
24	32	0
71	42	0
97	32	0
15	2	0
41	3	0
59	63	0
97	86	0
27	0	0
63	3	0
89	84	0
56	86	0
24	49	0
96	49	0
84	64	0
10	99	1
10	93	0
51	36	0
92	46	0
18	37	0
84	30	0
79	7	0
34	36	0
26	41	0
82	42	0
58	86	1
79	43	0
18	13	0
95	54	0
77	43	0
64	96	1
74	47	0
54	92	0
56	53	0
70	41	0
49	92	1
81	43	0
95	91	0
88	85	0
70	70	0
74	25	0
92	48	0
89	98	0
95	99	0
81	70	0
84	93	0
49	76	0
5	12	0
28	94	0
82	45	0
76	27	0
87	49	0
77	46	0
94	64	0
88	39	0
22	75	0
7	9	0
42	88	0
26	68	0
42	2	0
9	85	0
98	45	0
92	84	0
81	52	0
95	99	0
94	35	0
