92	62	0
30	3	0
31	35	0
62	98	0
20	2	0
94	39	0
98	93	0
57	15	0
58	72	0
62	23	0
81	51	0
3	86	0
15	3	0
23	88	0
97	24	0
74	79	0
57	39	0
18	56	0
89	53	0
93	14	0
46	95	0
59	66	0
73	83	0
54	5	0
28	77	0
48	15	0
90	71	0
64	88	0
92	84	0
0	37	0
52	10	0
43	21	0
96	27	0
19	54	0
81	64	0
13	89	0
37	94	0
89	21	0
82	84	0
41	12	0
37	66	0
88	68	0
98	75	0
50	61	0
99	48	0
11	79	0
70	3	0
98	64	0
12	71	0
70	11	0
11	76	0
59	91	0
30	77	0
99	69	0
45	37	0
39	27	0
94	87	0
99	91	0
98	6	0
18	94	0
98	10	0
34	4	0
70	80	0
36	1	0
2	94	0
87	13	0
32	80	0
66	94	0
45	57	0
4	27	0
69	86	0
16	57	0
95	29	0
33	87	0
61	98	0
63	30	0
29	97	0
57	94	0
3	17	0
99	11	0
87	20	0
51	74	0
85	39	0
91	60	0
48	13	0
29	11	0
67	48	0
6	96	0
49	0	0
44	70	0
46	4	0
58	30	0
82	35	0
31	61	0
75	46	0
3	62	0
79	93	0
1	88	0
36	97	0
96	55	0
66	16	0
36	68	0
31	63	0
63	1	0
69	52	0
4	66	0
33	0	0
10	43	0
38	49	0
61	80	0
46	39	0
9	94	0
79	23	0
47	81	0
72	66	0
92	11	0
74	93	0
56	73	0
31	22	0
61	96	0
99	74	0
78	61	0
24	93	0
65	30	0
30	18	0
23	49	1
72	12	0
11	59	0
93	73	0
98	25	0
84	44	0
37	50	0
57	1	0
78	64	0
22	20	0
43	26	0
96	59	0
45	39	0
57	81	0
61	81	0
54	23	0
42	43	0
61	41	0
12	50	0
20	45	1
23	56	0
75	88	0
51	59	0
41	99	0
72	40	0
71	63	0
52	71	0
89	66	0
19	19	0
53	55	0
24	11	0
13	73	0
32	65	0
86	36	0
37	45	0
89	4	0
42	90	0
56	22	0
43	45	0
77	76	0
27	71	0
52	65	0
41	85	0
35	55	0
42	11	0
54	20	0
42	87	0
23	66	0
76	80	0
95	67	0
29	99	0
99	74	0
31	50	0
24	70	0
48	75	0
56	53	0
23	18	0
71	87	0
99	73	0
52	67	0
61	28	0
3	40	0
54	7	0
71	51	0
59	20	0
82	19	0
20	48	1
5	47	0
49	53	0
68	28	0
37	68	0
83	24	0
42	96	0
24	61	0
37	25	0
83	84	0
38	50	0
27	9	0
26	82	0
61	3	0
92	85	0
47	92	0
93	3	0
8	72	0
17	64	0
98	35	0
53	87	0
26	48	1
56	70	0
61	66	0
47	57	0
20	75	0
24	59	0
68	2	0
10	59	0
63	80	0
96	44	0
41	89	0
81	63	0
74	21	0
52	70	0
17	82	0
33	97	0
47	28	0
78	34	0
82	49	0
59	40	0
74	69	0
4	40	0
61	26	0
15	97	0
61	61	0
76	44	0
70	26	0
50	5	0
11	48	0
93	23	0
33	21	0
69	70	0
62	86	0
71	42	0
94	37	0
99	12	0
3	37	0
94	73	0
30	96	0
97	79	0
36	98	0
61	32	0
75	32	0
21	88	0
84	21	0
32	58	0
29	77	0
49	8	0
33	98	0
74	90	0
79	87	0
96	48	0
98	65	0
14	89	0
36	74	0
75	6	0
75	51	0
35	16	0
38	0	0
51	26	0
53	50	0
81	46	0
33	53	0
38	45	0
35	73	0
73	88	0
86	58	0
59	81	0
81	9	0
95	38	0
64	14	0
23	42	0
79	44	0
79	51	0
74	70	0
6	38	0
31	65	0
59	21	0
15	91	0
32	85	0
17	78	0
87	73	0
52	18	0
37	1	0
34	53	0
80	74	0
63	4	0
79	95	0
20	1	0
51	93	0
8	66	0
50	92	0
43	35	0
7	51	0
73	35	0
71	13	0
51	15	0
74	13	0
38	64	0
6	55	0
72	18	0
84	62	0
5	5	0
5	66	0
32	95	0
8	86	0
49	94	0
50	66	0
62	42	0
68	3	0
47	82	0
46	71	0
91	88	0
39	26	1
1	55	0
29	45	1
59	51	0
75	76	0
30	31	1
84	27	0
34	6	0
52	4	0
50	18	0
37	37	0
73	64	0
70	12	0
8	47	0
30	10	0
45	60	0
44	33	0
29	43	1
90	76	0
82	54	0
10	48	0
63	33	0
95	7	0
63	12	0
67	28	0
44	39	0
36	33	0
4	75	0
61	81	0
38	74	0
24	98	0
23	79	0
51	12	0
43	40	0
99	42	0
81	48	0
2	62	0
81	67	0
80	80	0
83	25	0
79	84	0
78	5	0
75	65	0
74	61	0
29	31	1
61	47	0
89	71	0
67	5	0
96	23	0
32	46	0
45	95	0
61	80	0
81	15	0
21	70	0
96	31	0
65	98	0
85	17	0
63	28	0
36	58	0
59	39	0
36	51	0
55	85	0
79	33	0
37	18	0
75	84	0
34	54	0
18	97	0
98	97	0
50	35	0
3	92	0
53	53	0
95	12	0
83	36	0
21	67	0
68	51	0
38	20	1
55	48	0
8	95	0
84	24	0
47	9	0
93	45	0
53	48	0
31	90	0
11	4	0
62	60	0
55	97	0
3	48	0
38	79	0
38	81	0
44	25	0
18	84	0
16	28	0
71	3	0
76	16	0
85	1	0
94	88	0
22	67	0
50	19	0
85	3	0
75	57	0
73	92	0
1	24	0
62	93	0
99	61	0
31	82	0
76	0	0
45	60	0
69	19	0
67	13	0
41	19	0
44	13	0
98	9	0
85	35	0
8	91	0
81	16	0
93	96	0
25	97	0
95	71	0
38	50	0
16	29	0
77	99	0
63	44	0
2	90	0
67	37	0
78	37	0
74	43	0
83	67	0
28	66	0
90	65	0
38	95	0
92	71	0
27	94	0
88	86	0
43	33	0
63	63	0
63	99	0
45	65	0
61	97	0
70	52	0
39	49	0
39	59	0
85	5	0
3	88	0
96	55	0
23	84	0
46	66	0
44	83	0
87	45	0
33	54	0
40	20	0
84	56	0
64	16	0
83	99	0
43	92	0
42	55	0
50	18	0
33	43	0
58	98	0
45	19	0
33	69	0
83	74	0
39	9	0
97	89	0
66	3	0
2	10	0
43	36	0
21	70	0
41	0	0
12	73	0
92	82	0
62	80	0
67	40	0
64	0	0
44	59	0
44	60	0
97	58	0
93	7	0
6	69	0
82	4	0
51	72	0
56	28	0
37	9	0
32	63	0
84	87	0
34	73	0
45	84	0
68	33	0
22	47	1
68	34	0
40	58	0
63	94	0
28	97	0
94	11	0
97	16	0
74	13	0
23	73	0
29	97	0
25	87	0
65	40	0
77	78	0
75	90	0
2	37	0
67	39	0
71	79	0
72	61	0
63	78	0
12	87	0
16	74	0
40	18	0
51	19	0
8	38	0
42	47	0
38	47	0
90	30	0
88	42	0
81	11	0
73	47	0
56	54	0
27	46	1
43	27	0
93	81	0
43	97	0
84	55	0
38	68	0
37	93	0
77	55	0
27	51	0
76	26	0
25	38	1
31	12	0
91	53	0
77	94	0
49	44	0
9	49	0
47	9	0
49	57	0
41	83	0
72	88	0
95	59	0
12	80	0
74	47	0
13	60	0
65	48	0
42	70	0
54	53	0
44	77	0
65	70	0
2	62	0
63	61	0
75	46	0
82	56	0
38	65	0
65	82	0
42	10	0
95	21	0
53	45	0
93	4	0
9	84	0
36	80	0
85	61	0
19	50	0
75	75	0
14	94	0
17	82	0
86	84	0
44	25	0
0	68	0
65	99	0
50	61	0
91	66	0
24	97	0
87	33	0
15	1	0
39	72	0
25	81	0
36	13	0
16	51	1
15	19	0
86	66	0
98	14	0
52	11	0
68	42	0
92	15	0
21	8	0
29	64	0
83	32	0
6	64	0
57	80	0
0	52	0
27	78	0
75	61	0
55	95	0
72	50	0
70	84	0
72	55	0
48	52	0
78	75	0
6	78	0
45	39	0
22	76	0
83	50	0
72	27	0
91	54	0
94	95	0
88	90	0
41	70	0
78	43	0
58	59	0
34	24	1
35	14	0
33	67	0
9	41	0
69	7	0
72	78	0
87	85	0
87	0	0
15	46	1
57	82	0
9	94	0
48	10	0
57	30	0
66	22	0
56	20	0
40	21	0
76	10	0
36	96	0
70	18	0
30	94	0
99	22	0
39	64	0
67	37	0
71	99	0
76	69	0
37	75	0
66	97	0
85	61	0
91	47	0
10	64	0
89	79	0
76	94	0
14	61	0
97	44	0
27	71	0
97	87	0
49	89	0
28	13	0
76	69	0
94	52	0
50	80	0
75	73	0
98	62	0
76	40	0
29	56	0
1	64	0
60	79	0
64	31	0
52	42	0
52	8	0
34	26	1
87	79	0
17	54	0
64	23	0
42	7	0
53	21	0
10	87	0
13	58	0
8	80	0
75	47	0
94	22	0
92	29	0
94	4	0
67	96	0
6	58	0
64	25	0
57	48	0
39	83	0
92	26	0
60	55	0
31	82	0
22	87	0
37	67	0
25	95	0
31	6	0
68	74	0
44	17	0
39	74	0
54	44	0
1	44	0
67	63	0
65	17	0
30	87	0
94	58	0
26	48	1
20	34	0
14	68	0
82	57	0
67	60	0
45	49	0
93	65	0
97	67	0
65	46	0
63	15	0
78	63	0
82	32	0
10	47	0
86	82	0
51	36	0
17	69	0
2	86	0
30	98	0
24	57	0
92	22	0
0	52	0
57	92	0
3	85	0
84	62	0
48	37	0
86	26	0
16	17	0
30	33	0
71	12	0
29	74	0
46	50	0
99	61	0
86	37	0
3	0	0
2	43	0
53	15	0
4	44	0
75	9	0
47	73	0
30	31	1
92	90	0
0	10	0
41	95	0
96	46	0
39	3	0
91	88	0
51	60	0
66	64	0
39	41	0
88	35	0
89	81	0
11	64	0
7	76	0
6	41	0
22	70	0
13	85	0
66	17	0
30	60	0
17	90	0
33	13	0
58	15	0
37	66	0
64	45	0
43	10	0
37	75	0
97	19	0
4	29	0
77	42	0
92	24	0
47	48	0
26	20	0
46	0	0
16	92	0
47	67	0
37	56	0
31	15	0
20	97	0
19	79	0
61	45	0
93	40	0
33	73	0
89	99	0
54	26	0
66	69	0
60	88	0
4	90	0
84	41	0
54	57	0
13	23	0
95	69	0
56	51	0
98	19	0
71	12	0
85	30	0
61	96	0
49	44	0
46	39	0
66	25	0
46	5	0
45	87	0
53	75	0
21	53	0
82	30	0
54	90	0
93	40	0
90	56	0
36	78	0
35	65	0
80	27	0
49	44	0
71	10	0
97	95	0
79	77	0
46	74	0
75	45	0
77	91	0
13	80	0
52	17	0
14	99	0
10	59	0
48	61	0
75	80	0
61	17	0
99	90	0
90	13	0
97	98	0
62	9	0
74	23	0
67	65	0
59	35	0
23	84	0
46	88	0
72	80	0
30	36	1
7	34	0
16	79	0
7	78	0
35	13	0
41	49	0
19	59	0
0	47	0
88	45	0
47	20	0
12	61	0
30	82	0
65	97	0
95	39	0
1	67	0
69	41	0
33	71	0
79	50	0
73	36	0
1	50	0
27	56	0
84	40	0
72	59	0
85	50	0
9	65	0
64	52	0
2	83	0
2	1	0
90	64	0
17	64	0
26	8	0
39	23	1
4	94	0
18	77	0
90	40	0
75	82	0
83	59	0
89	83	0
50	67	0
65	40	0
2	71	0
47	65	0
28	63	0
65	44	0
95	18	0
