0	22	1
93	59	0
54	13	0
42	22	0
51	94	0
3	40	0
85	36	0
93	75	0
4	12	0
48	11	0
69	89	0
42	39	0
70	50	0
3	94	0
33	9	0
18	54	0
92	5	0
81	79	0
67	34	0
31	59	0
99	55	0
99	0	0
47	78	0
71	77	0
84	90	0
81	2	0
21	97	0
64	17	0
72	71	0
66	86	0
94	58	0
2	44	0
30	26	0
49	16	0
76	18	0
48	47	0
88	79	0
11	96	0
68	67	0
96	17	0
81	93	0
40	15	0
33	57	0
64	54	0
92	51	0
57	85	0
96	52	0
15	97	0
29	46	0
61	12	0
92	45	0
25	66	0
61	4	0
35	85	0
65	99	0
23	68	0
91	64	0
54	15	0
37	60	0
78	73	0
97	90	0
74	9	0
21	96	0
89	4	0
51	14	0
90	61	0
47	21	0
10	87	0
86	4	0
30	80	0
91	78	0
59	49	0
23	33	0
89	73	0
23	40	0
27	46	0
86	40	0
21	11	0
6	40	0
49	85	0
65	96	0
70	20	0
47	99	0
75	91	0
6	9	0
12	27	0
89	12	0
86	16	0
54	49	0
86	36	0
21	30	0
77	51	0
49	52	0
31	6	0
33	8	0
69	51	0
19	78	0
47	1	0
44	82	0
43	1	0
31	29	0
87	34	0
46	63	0
60	45	0
20	77	0
70	76	0
5	84	0
43	94	0
87	46	0
67	17	0
53	83	0
1	48	0
64	6	0
51	74	0
7	82	0
42	6	0
25	57	0
20	32	0
87	81	0
6	29	1
38	25	0
1	0	0
37	95	0
90	6	0
61	62	0
7	35	0
71	81	0
94	20	0
60	66	0
49	83	0
29	20	0
60	95	0
15	18	0
75	79	0
65	51	0
24	96	0
81	32	0
40	40	0
20	23	0
68	8	0
12	7	0
2	82	0
17	9	0
96	87	0
94	13	0
83	43	0
54	63	0
64	14	0
87	87	0
3	4	0
37	15	0
17	5	0
82	70	0
43	37	0
91	73	0
87	79	0
50	29	0
55	35	0
78	50	0
1	49	0
24	75	0
13	58	0
91	81	0
45	60	0
37	94	0
87	42	0
73	76	0
53	84	0
23	40	0
99	79	0
3	44	0
32	33	0
15	27	0
25	74	0
30	66	0
96	20	0
51	35	0
75	10	0
43	78	0
65	20	0
59	37	0
76	74	0
25	49	0
68	62	0
36	98	0
30	61	0
28	4	0
65	23	0
23	98	0
4	78	0
65	79	0
80	49	0
20	85	0
9	49	0
85	69	0
24	52	0
32	73	0
36	86	0
59	39	0
34	3	0
19	47	0
79	86	0
95	87	0
62	96	0
72	10	0
10	56	0
59	6	0
60	26	0
59	25	0
72	13	0
24	62	0
9	76	0
44	63	0
69	33	0
31	71	0
79	22	0
58	89	0
32	75	0
23	14	0
89	76	0
30	76	0
44	4	0
4	86	0
83	24	0
93	73	0
77	86	0
85	29	0
2	81	0
17	81	0
93	44	0
63	69	0
40	43	0
45	73	0
71	74	0
46	66	0
17	78	0
38	67	0
68	6	0
5	56	0
68	97	0
66	36	0
24	86	0
87	71	0
42	15	0
36	62	0
14	75	0
38	94	0
63	28	0
66	14	0
18	37	0
98	55	0
60	43	0
77	41	0
9	90	0
53	12	0
18	79	0
67	67	0
61	56	0
68	58	0
57	2	0
25	5	0
9	52	0
83	52	0
51	13	0
74	59	0
46	87	0
65	46	0
95	30	0
91	11	0
14	60	0
84	69	0
19	84	0
19	21	0
94	51	0
42	96	0
46	38	0
49	0	0
14	96	0
70	36	0
40	55	0
35	72	0
42	2	0
18	80	0
82	86	0
86	76	0
59	35	0
87	67	0
15	90	0
45	42	0
63	2	0
68	19	0
32	25	0
58	5	0
54	18	0
51	33	0
66	31	0
31	49	0
25	48	0
55	43	0
68	67	0
87	88	0
42	99	0
74	4	0
92	58	0
67	13	0
11	57	0
17	14	0
86	35	0
58	29	0
77	71	0
17	46	0
49	67	0
60	18	0
31	96	0
31	83	0
45	77	0
92	48	0
51	25	0
53	4	0
26	42	0
84	47	0
74	2	0
64	94	0
31	1	0
66	89	0
6	73	0
40	77	0
31	27	0
7	53	0
8	13	0
87	9	0
29	36	0
77	20	0
39	7	0
2	12	0
84	15	0
25	66	0
25	42	0
92	27	0
80	56	0
11	31	0
23	39	0
1	50	0
35	88	0
12	75	0
9	3	0
35	92	0
53	63	0
43	16	0
10	14	0
53	30	0
49	84	0
37	71	0
83	99	0
30	30	0
18	58	0
32	47	0
56	68	0
75	97	0
50	11	0
72	7	0
32	8	0
48	12	0
52	3	0
14	59	0
80	55	0
64	2	0
25	50	0
60	0	0
55	60	0
45	55	0
36	58	0
79	81	0
73	48	0
23	61	0
50	49	0
23	15	0
99	12	0
46	2	0
62	27	0
60	25	0
20	41	0
13	72	0
55	74	0
7	75	0
39	96	0
29	86	0
37	27	0
40	31	0
91	57	0
65	33	0
13	69	0
71	75	0
6	24	1
63	89	0
29	30	0
65	18	0
72	91	0
75	1	0
97	63	0
72	42	0
44	25	0
38	39	0
36	39	0
88	79	0
15	19	0
65	22	0
80	3	0
9	51	0
42	82	0
73	77	0
77	9	0
2	62	0
95	45	0
58	95	0
7	13	0
66	0	0
55	61	0
36	66	0
60	48	0
19	36	0
55	41	0
71	85	0
60	52	0
35	26	0
78	72	0
19	47	0
21	80	0
82	85	0
47	20	0
5	77	0
69	18	0
88	26	0
71	40	0
20	64	0
67	20	0
23	24	0
63	43	0
19	96	0
65	52	0
53	2	0
84	54	0
37	30	0
30	74	0
40	9	0
82	40	0
5	3	0
62	96	0
14	94	0
30	33	0
53	69	0
59	27	0
9	90	0
12	45	0
18	42	0
55	7	0
94	38	0
67	24	0
85	99	0
33	69	0
21	25	0
39	24	0
41	25	0
93	13	0
53	58	0
80	79	0
32	41	0
64	94	0
73	60	0
42	78	0
81	2	0
70	47	0
74	11	0
64	16	0
44	23	0
31	28	0
93	9	0
61	22	0
2	74	0
94	1	0
96	87	0
9	94	0
6	29	1
87	66	0
41	48	0
31	4	0
90	85	0
82	66	0
27	96	0
71	33	0
76	40	0
91	61	0
11	20	0
85	78	0
31	78	0
77	77	0
27	99	0
97	68	0
36	46	0
21	87	0
96	82	0
36	31	0
30	33	0
72	69	0
65	97	0
46	75	0
12	14	0
43	78	0
60	60	0
37	62	0
36	73	0
85	23	0
12	93	0
82	47	0
24	76	0
36	63	0
38	78	0
91	34	0
38	33	0
21	50	0
1	17	0
69	43	0
99	72	0
57	16	0
79	94	0
73	94	0
29	35	0
43	17	0
23	47	0
26	79	0
9	23	1
38	30	0
48	72	0
63	92	0
33	32	0
75	85	0
56	31	0
36	10	0
71	37	0
22	73	0
50	12	0
14	59	0
98	87	0
60	97	0
46	56	0
74	8	0
44	64	0
5	27	1
5	25	1
41	50	0
90	58	0
91	1	0
4	65	0
77	10	0
90	89	0
71	22	0
29	1	0
27	70	0
79	72	0
34	79	0
52	84	0
82	19	0
20	73	0
61	19	0
60	78	0
61	95	0
32	90	0
95	9	0
92	18	0
69	13	0
43	89	0
11	97	0
1	86	0
75	59	0
72	58	0
92	62	0
8	48	0
87	48	0
64	60	0
9	17	0
76	65	0
63	71	0
22	43	0
11	68	0
40	29	0
40	42	0
11	58	0
60	49	0
46	53	0
95	39	0
78	31	0
79	4	0
72	35	0
52	88	0
1	26	1
17	17	0
27	49	0
71	49	0
98	84	0
74	69	0
98	77	0
23	47	0
54	71	0
55	39	0
32	64	0
80	45	0
4	29	0
21	70	0
42	27	0
76	62	0
62	98	0
50	59	0
9	20	1
26	66	0
33	11	0
83	66	0
26	75	0
48	33	0
86	83	0
95	83	0
13	98	0
39	54	0
14	78	0
78	79	0
37	50	0
58	56	0
44	78	0
78	71	0
27	28	0
20	64	0
92	75	0
78	60	0
92	56	0
38	84	0
57	83	0
63	29	0
31	24	0
84	28	0
40	25	0
92	2	0
20	87	0
22	27	0
1	14	0
36	94	0
91	71	0
22	38	0
97	52	0
17	98	0
15	69	0
27	3	0
98	94	0
21	23	0
4	87	0
74	98	0
41	62	0
79	70	0
25	78	0
85	24	0
24	24	0
36	82	0
26	72	0
37	22	0
23	39	0
17	38	0
97	67	0
83	15	0
50	12	0
71	9	0
85	47	0
34	12	0
46	25	0
92	33	0
7	52	0
46	88	0
14	53	0
14	83	0
76	57	0
48	95	0
61	49	0
70	81	0
38	27	0
95	74	0
39	65	0
93	45	0
11	69	0
66	46	0
25	64	0
73	33	0
4	28	1
58	39	0
87	75	0
89	85	0
91	96	0
24	84	0
19	41	0
46	48	0
45	60	0
35	26	0
24	12	0
37	61	0
12	51	0
59	7	0
74	81	0
86	52	0
92	6	0
11	45	0
8	2	0
80	96	0
8	81	0
51	27	0
53	32	0
76	15	0
21	3	0
54	7	0
12	39	0
0	34	0
50	15	0
51	6	0
0	27	1
28	80	0
58	24	0
35	97	0
79	0	0
31	38	0
53	64	0
67	19	0
96	60	0
58	65	0
43	64	0
48	93	0
84	93	0
18	14	0
94	62	0
16	63	0
88	70	0
55	88	0
13	32	0
17	59	0
98	41	0
24	76	0
91	99	0
69	86	0
44	5	0
38	63	0
78	55	0
38	89	0
74	47	0
90	74	0
75	29	0
13	64	0
9	64	0
92	94	0
71	31	0
60	66	0
59	5	0
15	22	0
75	64	0
32	30	0
13	65	0
35	51	0
48	48	0
32	10	0
60	31	0
7	87	0
19	45	0
10	63	0
0	53	0
82	64	0
24	22	0
57	22	0
98	16	0
85	7	0
53	63	0
0	72	0
59	31	0
34	28	0
12	12	0
16	18	0
75	66	0
67	23	0
34	40	0
45	74	0
59	78	0
13	88	0
23	68	0
50	80	0
27	42	0
79	93	0
56	33	0
36	82	0
19	9	0
52	15	0
13	40	0
62	45	0
72	9	0
27	76	0
85	66	0
65	53	0
53	45	0
42	19	0
1	70	0
81	70	0
70	51	0
47	38	0
73	64	0
76	76	0
73	46	0
65	10	0
91	76	0
85	19	0
0	76	0
73	62	0
0	28	1
8	28	1
27	3	0
47	29	0
0	4	0
8	50	0
24	74	0
29	98	0
31	49	0
95	32	0
8	48	0
60	90	0
22	87	0
6	31	1
99	60	0
40	62	0
5	21	1
84	49	0
25	2	0
61	25	0
57	5	0
14	4	0
25	85	0
47	59	0
82	74	0
65	45	0
11	1	0
29	31	0
56	7	0
7	28	1
6	76	0
75	6	0
43	66	0
57	43	0
67	97	0
14	40	0
11	97	0
90	50	0
23	21	0
93	77	0
59	60	0
67	35	0
51	30	0
99	22	0
87	60	0
15	58	0
5	90	0
33	43	0
4	90	0
3	97	0
90	25	0
30	53	0
0	94	0
53	2	0
65	7	0
47	48	0
27	18	0
66	44	0
40	27	0
16	82	0
25	32	0
57	3	0
5	41	0
91	49	0
94	4	0
57	54	0
34	2	0
41	24	0
13	96	0
60	75	0
27	62	0
12	10	0
37	24	0
8	84	0
5	75	0
70	47	0
85	49	0
54	33	0
16	78	0
22	31	0
88	80	0
68	30	0
47	77	0
69	98	0
21	14	0
11	85	0
66	19	0
59	79	0
35	41	0
91	66	0
36	76	0
99	20	0
84	18	0
99	19	0
87	84	0
43	54	0
21	76	0
75	11	0
33	2	0
69	79	0
66	74	0
19	46	0
66	54	0
59	81	0
78	21	0
92	51	0
8	66	0
61	46	0
27	30	0
94	24	0
67	43	0
68	16	0
93	99	0
78	72	0
50	74	0
79	36	0
57	67	0
11	97	0
33	5	0
5	95	0
17	80	0
58	62	0
67	94	0
80	9	0
91	99	0
77	1	0
11	3	0
91	75	0
62	12	0
99	30	0
77	64	0
51	42	0
20	59	0
61	91	0
64	67	0
0	46	0
13	39	0
42	93	0
2	83	0
57	1	0
42	50	0
9	67	0
38	35	0
16	32	0
9	42	0
99	56	0
52	35	0
4	49	0
27	88	0
83	62	0
1	12	0
88	91	0
25	81	0
62	43	0
39	54	0
94	42	0
59	43	0
5	8	0
10	13	0
5	54	0
19	57	0
98	75	0
70	47	0
98	65	0
10	54	0
77	58	0
21	80	0
3	4	0
78	77	0
2	16	0
25	67	0
37	7	0
31	25	0
4	72	0
40	90	0
3	7	0
74	45	0
57	56	0
80	64	0
87	77	0
39	87	0
32	25	0
4	67	0
4	11	0
35	70	0
51	47	0
55	52	0
82	18	0
