80	64	0
34	31	0
64	98	0
12	14	0
94	38	0
89	93	0
70	43	0
8	80	0
2	7	0
15	93	0
81	41	0
68	80	0
30	31	0
63	72	0
90	50	0
50	94	1
60	68	0
40	33	0
89	81	0
97	84	0
70	81	0
4	25	0
69	69	0
74	29	0
63	80	0
51	66	0
61	81	0
95	49	0
96	35	0
93	70	0
41	0	0
83	33	0
33	13	0
94	69	0
92	69	0
89	23	1
94	10	0
18	31	0
62	72	0
2	88	0
98	11	1
60	95	0
21	32	0
75	76	0
92	40	0
58	90	0
5	19	0
88	14	0
68	36	0
76	11	1
48	46	0
81	40	0
18	96	1
86	71	0
57	94	0
21	58	0
94	58	0
40	36	0
33	9	0
61	55	0
11	90	0
99	24	0
40	68	0
85	60	0
97	7	0
74	95	0
71	81	0
7	22	0
74	82	0
80	67	0
81	42	0
14	97	1
58	39	0
87	44	0
82	36	0
89	40	0
15	59	0
6	12	0
84	65	0
58	98	0
34	83	0
63	94	0
75	44	0
61	67	0
80	75	0
79	79	0
24	16	0
10	8	0
84	58	0
90	0	0
18	47	0
73	77	0
62	80	0
61	80	0
54	6	0
58	97	1
76	86	0
77	50	0
10	90	0
97	87	0
2	97	0
17	56	0
93	86	0
95	74	0
50	79	0
68	48	0
80	37	0
57	62	0
16	59	0
46	21	0
86	85	0
75	3	0
82	42	0
81	95	0
60	75	0
77	74	0
15	24	0
68	97	0
70	62	1
56	97	1
32	79	0
29	38	0
59	42	0
62	80	0
66	37	0
7	97	0
95	33	0
65	22	1
51	29	0
83	20	1
70	64	0
76	96	0
89	68	0
88	11	1
96	26	0
96	82	0
69	74	0
46	81	0
14	74	1
8	44	0
75	73	0
76	75	0
87	56	0
87	55	0
87	67	0
53	15	0
37	27	0
76	58	0
29	77	0
57	85	1
85	74	0
98	45	0
99	32	0
68	64	0
67	97	0
65	13	0
0	94	0
13	97	1
99	59	0
90	75	0
11	16	0
84	8	1
85	14	0
91	25	0
84	20	1
82	33	0
14	16	0
29	76	0
55	96	1
86	35	0
75	99	0
89	75	0
64	36	0
65	84	0
8	6	0
36	11	0
45	27	0
69	39	0
2	56	0
31	14	0
98	84	0
96	55	0
98	9	1
58	1	0
36	7	0
96	84	0
27	74	0
10	96	0
34	35	0
70	53	0
71	71	0
51	72	0
82	78	0
73	34	0
79	80	0
83	32	0
86	69	0
54	34	0
98	69	0
67	9	0
99	9	1
32	57	0
78	88	0
95	44	0
88	45	0
76	91	0
91	41	0
44	50	0
55	97	1
70	85	0
26	76	0
82	87	0
4	92	0
92	15	1
19	98	1
87	28	0
91	60	0
29	0	0
48	92	1
46	52	0
13	16	0
85	47	0
87	7	1
67	91	0
15	26	0
72	31	0
74	79	0
19	33	0
80	45	0
77	2	0
95	66	0
70	19	0
98	96	0
16	34	0
54	99	1
66	55	0
91	41	0
66	48	0
2	53	0
94	69	0
95	63	0
6	82	0
79	87	0
41	16	0
68	53	0
57	97	1
66	94	0
97	42	0
61	12	0
74	41	0
76	31	0
90	57	0
75	31	0
90	72	0
52	90	1
92	97	0
81	98	0
14	7	0
0	85	0
74	86	0
70	91	0
54	18	0
83	57	0
99	0	0
98	81	0
62	82	0
94	24	1
60	77	0
84	20	1
95	1	0
89	33	0
12	44	0
4	99	0
86	91	0
88	91	0
83	87	0
80	60	0
71	79	0
6	88	0
27	26	0
1	13	0
42	44	0
87	40	0
61	62	0
59	4	0
75	81	0
80	73	0
82	48	0
72	60	0
27	22	0
98	44	0
73	96	0
55	33	0
67	78	0
90	69	0
16	55	0
53	73	0
59	81	0
4	48	0
75	75	0
97	44	0
91	68	0
49	90	1
83	27	0
86	5	1
94	70	0
65	70	0
3	96	0
79	93	0
19	24	0
11	92	0
67	74	0
66	64	0
89	91	0
6	81	0
83	55	0
15	2	0
13	84	0
0	18	0
95	57	0
78	29	1
15	22	0
11	34	0
79	37	0
71	79	0
90	77	0
79	39	0
76	75	0
72	86	0
1	73	0
90	67	0
63	26	0
94	40	0
82	88	0
77	72	0
39	85	0
90	65	0
96	10	1
42	73	0
0	99	0
75	40	0
27	32	0
63	84	0
35	70	0
66	95	0
91	53	0
84	32	0
73	68	0
96	82	0
97	44	0
97	99	0
86	69	0
68	29	0
37	87	1
84	77	0
81	66	0
99	31	0
50	64	0
66	28	0
86	90	0
88	62	0
25	84	0
92	35	0
82	41	0
90	39	0
96	81	0
72	51	0
9	81	0
14	95	0
37	29	0
27	69	0
62	11	0
0	94	0
75	48	0
6	14	0
20	55	0
62	64	0
73	76	0
79	49	0
70	44	0
77	65	1
73	47	0
15	39	0
91	77	0
61	92	0
79	16	0
16	92	0
95	56	0
56	26	1
27	17	0
29	35	0
70	48	0
95	36	0
14	7	0
41	2	0
54	57	0
95	89	0
28	4	0
59	9	0
94	84	0
72	64	1
61	84	0
25	54	0
93	48	0
84	62	0
4	88	0
0	97	0
47	31	0
94	31	0
18	29	0
84	36	0
79	16	0
37	34	0
15	99	1
59	85	1
18	38	0
80	41	0
69	90	0
72	41	0
10	8	0
93	54	0
84	41	0
82	18	0
60	30	1
60	97	0
78	38	0
49	96	0
57	53	0
73	43	0
56	94	0
90	48	0
94	99	0
85	88	0
71	73	0
72	24	0
96	42	0
95	98	0
96	97	0
85	23	1
85	67	0
12	97	1
85	95	0
57	77	0
0	17	0
31	92	0
83	32	0
21	95	1
73	37	0
79	46	0
77	49	0
96	56	0
88	33	0
81	22	1
8	77	0
9	13	0
54	83	0
24	70	0
35	1	0
1	86	0
99	42	0
93	89	0
83	48	0
92	90	0
71	59	1
95	45	0
