98	67	0
25	15	0
62	99	0
15	4	0
87	42	0
87	98	0
46	81	0
67	45	0
2	86	0
1	5	0
17	85	0
94	46	0
66	80	0
35	34	0
86	88	0
99	41	0
44	98	0
38	84	0
64	73	0
43	13	0
77	72	0
88	89	0
73	85	0
6	19	0
79	13	0
67	74	0
33	96	0
79	22	0
66	88	0
47	65	0
79	82	0
96	50	0
95	26	0
22	75	1
88	80	0
13	67	1
37	2	0
7	74	0
33	85	0
80	47	0
31	14	0
98	91	0
86	87	0
97	19	0
31	81	1
94	12	0
25	28	0
70	86	0
7	88	0
92	7	0
64	92	0
6	22	0
76	85	0
89	26	0
24	86	0
62	96	0
84	16	0
25	88	0
31	89	1
26	5	0
96	3	0
75	31	0
47	77	0
87	22	0
61	45	0
80	32	0
11	96	0
45	85	0
76	12	1
93	66	0
72	97	0
6	69	0
40	99	0
95	55	0
75	17	0
48	32	0
34	6	0
70	56	0
3	83	0
92	29	0
45	69	0
84	53	0
85	2	0
74	98	0
65	90	0
6	32	0
65	79	0
85	70	0
78	42	0
19	99	0
67	43	0
90	60	0
91	30	0
99	39	0
12	53	0
7	19	0
91	56	0
50	83	0
52	60	1
53	75	0
54	99	0
74	32	0
70	72	0
73	72	0
90	65	0
24	17	0
18	11	0
78	54	0
94	6	0
23	96	0
23	42	0
65	74	0
61	87	0
56	75	0
42	0	0
54	82	0
69	83	0
79	56	0
18	92	0
89	82	0
2	73	0
52	60	1
18	49	0
74	80	0
95	68	0
49	66	0
66	39	0
89	40	0
23	91	0
56	80	0
20	41	0
50	82	0
40	24	0
90	87	0
27	97	0
90	3	0
80	40	0
64	90	0
70	79	0
61	74	0
24	43	0
22	64	0
61	89	0
80	69	0
38	91	0
58	86	0
72	19	0
22	69	1
45	89	0
27	26	0
80	60	0
65	42	0
77	66	0
84	36	0
9	94	0
61	50	0
93	33	0
60	34	0
52	18	0
94	30	0
67	80	0
80	96	0
84	67	0
95	25	0
96	32	0
87	76	0
31	91	0
67	83	0
47	91	0
80	32	0
13	94	0
88	16	0
23	46	0
27	88	0
23	96	0
82	76	0
77	80	0
86	49	0
84	57	0
45	86	0
74	1	1
84	63	0
47	4	0
46	29	0
85	42	0
29	71	0
66	83	0
78	68	0
77	1	0
85	47	0
96	39	0
75	64	0
70	81	0
58	11	0
8	88	0
1	93	0
85	65	0
75	64	0
85	7	0
97	81	0
20	7	0
30	91	0
53	90	0
89	10	0
90	10	0
91	30	0
77	25	0
68	45	0
2	2	0
23	96	0
3	78	1
46	85	0
57	69	1
93	41	0
64	89	0
95	83	0
73	38	0
79	81	0
75	16	0
12	11	0
38	6	0
34	25	0
93	40	0
86	14	0
7	48	0
20	26	0
92	85	0
97	75	0
76	23	0
98	16	0
60	6	0
85	11	0
34	15	0
96	88	0
28	86	0
6	97	0
35	43	0
74	43	0
64	61	0
65	76	0
86	85	0
72	25	0
72	79	0
98	40	0
82	58	0
64	47	0
96	73	0
67	13	0
92	13	0
27	52	0
67	96	0
96	31	0
19	84	1
99	40	0
66	96	0
97	34	0
60	19	0
54	49	0
58	94	0
73	87	0
24	90	0
95	81	0
2	90	0
92	2	0
93	9	0
60	78	0
12	96	0
74	40	0
93	67	0
28	4	0
50	91	0
34	85	1
56	77	0
4	31	0
89	35	0
94	10	0
79	98	0
18	27	0
69	30	0
68	86	0
8	20	0
46	85	0
83	50	0
26	92	0
84	7	0
80	16	0
92	59	0
15	83	0
64	18	0
87	88	0
32	93	0
68	57	0
8	36	0
64	88	0
58	46	0
15	72	1
60	27	1
92	43	0
77	52	0
71	59	0
1	37	0
88	66	0
21	97	0
91	55	0
8	90	0
88	87	0
38	17	0
74	60	0
57	89	0
54	97	0
81	55	0
74	10	0
1	82	0
74	43	0
25	98	0
78	29	0
90	43	0
70	27	0
86	73	0
52	99	0
56	95	0
28	99	0
97	84	0
74	86	0
25	0	0
10	81	0
77	92	0
67	89	0
63	53	1
70	26	0
33	81	1
80	60	0
99	4	0
17	75	1
92	6	0
48	71	1
91	82	0
64	83	0
78	24	0
91	12	0
73	91	0
28	98	0
89	10	0
93	3	0
71	21	0
6	53	0
14	95	0
13	87	0
83	82	0
88	95	0
76	89	0
86	68	0
74	66	0
7	97	0
17	72	1
29	21	0
1	9	0
45	38	0
95	25	0
83	36	0
70	58	0
55	15	0
85	79	0
66	80	0
87	54	0
32	82	1
76	62	0
22	7	0
99	38	0
56	97	0
42	40	0
21	93	0
71	96	0
96	75	0
30	84	1
14	80	0
42	65	0
67	76	0
54	94	0
10	49	0
79	66	0
84	53	0
92	68	0
39	76	0
70	82	0
87	15	0
82	5	0
11	86	0
44	95	0
87	75	0
71	71	0
4	93	0
16	83	0
80	94	0
29	25	0
9	80	0
64	89	0
60	72	0
80	84	0
7	91	0
71	45	0
20	3	0
46	93	0
9	92	0
0	16	0
83	68	0
83	13	0
79	24	0
77	17	1
11	22	0
16	56	0
76	28	0
64	72	0
29	90	0
58	56	0
85	86	0
81	41	0
76	83	0
63	52	1
72	85	0
6	68	0
81	60	0
56	41	0
99	44	0
95	90	0
79	73	0
64	52	1
63	53	0
51	74	0
95	77	0
95	2	0
61	80	0
5	97	0
63	30	0
68	22	0
70	14	0
26	70	1
79	18	0
73	26	0
28	27	0
59	94	0
68	65	0
38	93	0
63	98	0
80	63	0
81	27	0
86	67	0
89	94	0
90	43	0
88	86	0
39	88	0
73	80	0
80	46	0
49	91	0
80	80	0
73	68	0
92	24	0
4	72	1
52	74	0
82	20	0
57	42	0
86	86	0
77	59	0
19	87	0
25	87	0
80	30	0
84	30	0
96	46	0
92	13	0
80	82	0
89	18	0
80	38	0
19	73	1
14	90	0
21	76	1
13	91	0
56	49	1
48	25	0
39	62	0
54	80	0
64	3	0
14	89	0
79	51	0
23	13	0
23	65	0
79	72	0
71	61	0
81	61	0
81	55	0
72	62	0
83	52	0
7	40	0
91	88	0
68	57	0
44	90	0
8	70	0
87	18	0
55	92	0
22	88	0
99	42	0
64	33	0
19	16	0
25	35	0
15	65	0
80	56	0
92	40	0
27	6	0
59	10	0
46	82	0
91	81	0
18	6	0
49	77	0
67	28	0
92	61	0
71	67	0
63	89	0
7	43	0
97	44	0
91	68	0
7	86	0
26	83	1
26	93	0
4	97	0
64	35	0
89	15	0
8	17	0
88	31	0
84	19	0
40	32	0
19	97	0
57	83	0
14	78	0
22	24	0
21	73	1
18	93	0
60	55	0
82	43	0
63	90	0
55	69	1
21	94	0
77	42	0
12	3	0
84	58	0
53	57	1
90	29	0
74	28	0
75	32	0
58	91	0
66	9	1
39	99	0
86	43	0
67	99	0
74	56	0
82	45	0
61	92	0
40	75	1
93	35	0
96	99	0
81	84	0
56	86	0
89	20	0
68	75	0
64	21	0
30	89	0
90	53	0
91	91	0
82	8	0
98	94	0
84	21	0
86	68	0
10	90	0
75	97	0
68	77	0
1	16	0
10	99	0
10	70	0
84	32	0
25	96	0
58	81	0
84	41	0
10	70	1
79	45	0
22	96	0
85	44	0
92	58	0
73	47	0
85	23	0
2	84	0
9	5	0
63	74	0
21	62	0
27	8	0
0	91	0
35	86	1
99	52	0
79	83	0
89	60	0
91	78	0
77	47	0
2	81	0
85	23	0
94	30	0
