89	71	0
43	21	0
38	28	0
44	97	0
10	7	0
90	31	0
90	82	0
42	17	0
68	79	0
43	21	0
99	42	0
9	79	0
21	5	0
19	59	0
99	17	0
84	72	0
59	31	0
25	50	0
99	63	0
92	7	0
46	96	0
68	64	0
79	91	0
58	1	0
42	81	0
53	5	0
78	78	0
61	89	0
90	72	0
5	23	0
52	35	0
43	20	0
87	37	0
40	49	0
86	64	0
12	96	0
51	97	0
96	22	0
76	88	0
46	2	0
22	59	0
86	56	0
88	64	0
56	68	0
93	54	0
12	85	0
17	38	0
67	4	0
87	64	0
17	70	0
58	1	0
9	78	0
55	89	0
35	76	0
99	61	0
49	38	0
33	33	0
86	74	0
98	88	0
93	17	0
9	90	0
96	13	0
43	2	0
75	73	0
47	13	0
7	89	0
84	6	0
46	75	0
73	98	0
50	69	0
5	27	0
71	88	0
23	43	0
16	65	0
90	33	0
15	38	0
31	85	0
42	95	0
64	19	0
34	95	0
55	96	0
3	22	0
99	12	0
96	26	0
42	51	0
79	35	0
23	27	0
86	53	0
26	35	1
42	15	0
36	6	0
70	37	0
10	90	0
67	8	0
58	87	0
42	14	0
49	30	0
91	44	0
36	65	0
79	48	0
9	57	0
77	87	0
0	74	0
30	94	0
93	52	0
59	8	0
44	69	0
30	59	0
62	1	0
65	48	0
6	61	0
37	3	0
29	50	0
42	33	0
76	93	0
59	42	0
19	98	0
84	4	0
59	68	0
78	87	0
97	3	0
62	76	0
47	75	0
36	6	0
57	96	0
91	76	0
81	55	0
35	94	0
64	33	0
33	19	0
17	41	0
77	7	0
8	67	0
90	67	0
94	30	0
86	37	0
35	54	0
60	17	0
84	77	0
14	19	0
36	9	0
80	60	0
38	35	0
72	82	0
73	92	0
47	16	0
42	31	0
56	47	0
12	43	0
29	60	0
15	55	0
76	80	0
43	55	0
45	94	0
84	50	0
77	72	0
54	85	0
25	34	0
94	62	0
6	25	0
47	43	0
21	9	0
30	80	0
39	79	0
90	34	0
37	31	0
74	20	0
42	82	0
57	27	0
53	45	0
84	78	0
29	58	0
56	73	0
32	88	0
43	49	0
42	12	0
59	7	0
27	73	0
30	80	0
75	79	0
93	63	0
26	86	0
27	34	0
91	64	0
29	49	0
31	87	0
53	80	0
41	49	0
28	9	0
17	34	0
72	96	0
84	93	0
63	81	0
68	29	0
4	61	0
62	7	0
77	24	0
73	22	0
70	32	0
16	59	0
2	65	0
50	51	0
76	30	0
34	60	0
85	31	0
37	97	0
27	67	0
38	20	0
78	78	0
36	58	0
35	8	0
14	90	0
63	10	0
97	85	0
72	88	0
94	5	0
1	82	0
21	64	0
93	35	0
55	73	0
47	39	0
57	57	0
50	73	0
56	63	0
18	72	0
31	58	0
69	8	0
1	64	0
64	82	0
86	43	0
43	90	0
74	57	0
64	25	0
45	71	0
13	79	0
34	96	0
54	42	0
72	33	0
24	38	0
88	62	0
80	42	0
76	64	0
0	62	0
49	14	0
10	84	0
62	60	0
61	43	0
54	45	0
53	22	0
5	57	0
89	25	0
50	4	0
68	69	0
53	77	0
70	35	0
98	40	0
96	1	0
1	64	0
97	74	0
27	98	0
93	71	0
42	93	0
57	33	0
54	11	0
20	93	0
69	30	0
38	65	0
45	85	0
46	9	0
23	97	0
82	90	0
79	83	0
68	36	0
90	77	0
15	95	0
45	56	0
57	1	0
69	29	0
30	14	0
37	3	0
55	8	0
52	55	0
77	44	0
42	49	0
36	51	0
36	68	0
71	88	0
78	73	0
60	79	0
81	2	0
83	43	0
78	8	0
25	42	0
25	16	0
79	35	0
68	34	0
76	67	0
9	39	0
42	66	0
55	25	0
29	85	0
22	93	0
23	78	0
98	68	0
40	28	0
36	4	0
27	55	0
86	67	0
63	19	0
82	92	0
12	0	0
66	98	0
4	70	0
37	85	0
42	29	0
4	56	0
78	11	0
19	35	0
75	3	0
51	10	0
89	9	0
37	45	0
23	46	0
76	26	0
87	61	0
6	26	0
23	34	0
6	61	0
37	96	0
6	89	0
47	85	0
59	71	0
52	43	0
65	25	0
39	87	0
48	69	0
86	93	0
31	29	0
18	53	0
28	41	0
61	76	0
70	87	0
27	23	0
82	17	0
34	6	0
54	4	0
66	15	0
37	49	0
79	66	0
84	11	0
17	35	0
47	13	0
51	47	0
38	38	0
27	58	0
86	80	0
79	52	0
12	52	0
54	35	0
94	16	0
59	9	0
53	29	0
56	35	0
29	28	0
2	71	0
67	84	0
27	78	0
25	90	0
22	97	0
52	11	0
45	38	0
90	47	0
84	50	0
6	76	0
87	72	0
65	75	0
80	30	0
68	89	0
83	4	0
86	59	0
73	61	0
38	16	0
51	50	0
35	48	0
84	80	0
69	18	0
94	6	0
27	43	0
39	89	0
72	74	0
90	13	0
5	61	0
97	26	0
43	93	0
77	26	0
64	48	0
39	56	0
52	36	0
22	39	0
40	48	0
65	86	0
87	33	0
34	23	0
73	71	0
22	65	0
8	98	0
96	84	0
35	35	0
2	84	0
59	38	0
90	17	0
82	44	0
6	69	0
64	38	0
44	32	0
47	46	0
7	96	0
75	19	0
55	8	0
90	50	0
47	35	0
25	76	0
15	5	0
63	58	0
59	93	0
1	55	0
46	70	0
45	78	0
52	23	0
22	94	0
9	41	0
20	44	0
64	13	0
83	31	0
94	19	0
75	88	0
21	61	0
31	23	0
41	25	0
80	9	0
70	56	0
73	89	0
18	40	0
59	91	0
94	70	0
35	78	0
74	7	0
66	48	0
76	26	0
74	10	0
42	18	0
45	19	0
98	6	0
85	33	0
1	76	0
85	13	0
86	99	0
11	95	0
97	65	0
49	52	0
18	23	0
98	99	0
64	48	0
9	96	0
68	29	0
66	41	0
66	63	0
79	67	0
26	75	0
80	73	0
36	89	0
94	77	0
13	29	1
38	94	0
98	80	0
31	32	0
37	30	0
55	66	0
57	95	0
47	61	0
69	98	0
63	49	0
26	58	0
30	60	0
81	18	0
7	84	0
93	41	0
16	86	0
52	71	0
44	85	0
84	39	0
40	51	0
22	36	0
49	20	0
81	54	0
69	14	0
95	97	0
62	92	0
42	54	0
57	3	0
37	36	0
49	86	0
35	20	0
47	58	0
75	72	0
31	23	0
92	97	0
47	18	0
25	9	0
57	25	0
24	75	0
33	15	0
12	61	0
90	91	0
60	88	0
59	46	0
73	6	0
40	72	0
47	51	0
99	50	0
89	3	0
1	66	0
76	6	0
67	71	0
75	28	0
41	14	0
36	69	0
82	80	0
40	64	0
40	78	0
83	33	0
18	56	0
75	25	0
40	68	0
66	86	0
30	93	0
81	14	0
93	24	0
65	14	0
32	80	0
19	91	0
17	84	0
66	41	0
75	69	0
71	80	0
14	45	0
76	44	0
71	65	0
79	72	0
56	64	0
14	67	0
16	66	0
46	27	0
42	19	0
5	32	0
43	60	0
33	45	0
87	30	0
76	35	0
76	3	0
74	48	0
54	71	0
22	58	0
50	30	0
92	83	0
56	89	0
80	63	0
25	54	0
47	78	0
65	42	0
35	50	0
75	24	0
15	46	0
42	24	0
82	52	0
92	95	0
55	55	0
12	61	0
45	4	0
59	60	0
24	88	0
39	31	0
85	88	0
99	75	0
21	83	0
64	59	0
4	74	0
78	55	0
38	58	0
49	57	0
32	76	0
62	74	0
5	56	0
82	75	0
66	58	0
91	48	0
21	62	0
60	90	0
55	28	0
98	23	0
48	35	0
99	17	0
16	89	0
37	35	0
37	68	0
91	55	0
30	49	0
84	62	0
11	97	0
17	84	0
96	86	0
49	29	0
3	78	0
80	94	0
45	68	0
90	68	0
19	92	0
93	33	0
26	2	0
33	79	0
39	75	0
33	15	0
21	40	0
5	22	0
84	71	0
97	13	0
64	7	0
75	29	0
97	42	0
33	12	0
23	49	0
99	35	0
8	56	0
62	95	0
8	56	0
25	78	0
67	54	0
56	93	0
78	50	0
66	87	0
37	34	0
72	64	0
42	62	0
81	54	0
15	72	0
50	31	0
28	80	0
84	39	0
66	29	0
92	73	0
95	98	0
92	74	0
42	65	0
10	19	1
59	37	0
57	72	0
35	21	0
28	9	0
34	70	0
11	30	0
59	2	0
58	87	0
73	79	0
85	3	0
13	48	0
57	84	0
15	92	0
58	8	0
62	40	0
59	19	0
36	21	0
23	36	0
45	22	0
77	0	0
37	94	0
63	32	0
33	90	0
89	18	0
30	52	0
45	62	0
75	24	0
81	76	0
61	71	0
33	65	0
44	90	0
79	76	0
84	42	0
19	71	0
82	82	0
81	98	0
26	35	1
15	50	0
96	48	0
28	82	0
99	85	0
62	94	0
40	5	0
73	62	0
86	64	0
69	83	0
78	52	0
91	76	0
77	40	0
18	53	0
3	61	0
67	86	0
73	38	0
52	62	0
53	4	0
32	21	0
89	74	0
9	59	0
24	53	0
60	31	0
40	17	0
57	30	0
19	87	0
26	33	1
4	63	0
10	82	0
78	50	0
11	28	1
74	18	0
91	34	0
80	8	0
51	83	0
3	54	0
54	29	0
57	46	0
50	85	0
88	11	0
24	32	0
64	61	0
44	86	0
19	98	0
39	65	0
33	84	0
33	26	0
81	76	0
45	41	0
46	82	0
58	37	0
11	42	0
67	61	0
66	22	0
26	78	0
84	41	0
33	34	0
32	47	0
27	15	0
0	63	0
79	67	0
81	68	0
41	53	0
91	62	0
80	74	0
74	30	0
62	15	0
82	77	0
77	23	0
1	59	0
82	81	0
28	24	0
67	35	0
19	66	0
3	91	0
34	93	0
35	60	0
98	33	0
12	49	0
57	93	0
6	86	0
92	66	0
61	54	0
86	31	0
16	3	0
49	27	0
61	4	0
4	80	0
49	56	0
88	66	0
77	36	0
12	8	0
11	45	0
68	17	0
14	78	0
79	0	0
47	75	0
36	29	0
87	97	0
13	20	0
27	99	0
99	55	0
31	6	0
86	90	0
49	56	0
69	58	0
43	31	0
97	33	0
88	81	0
6	64	0
9	73	0
15	49	0
12	81	0
8	98	0
78	21	0
36	49	0
5	90	0
46	11	0
73	9	0
36	64	0
69	56	0
50	21	0
32	69	0
32	32	0
89	19	0
0	45	0
84	65	0
91	7	0
57	48	0
27	22	0
48	6	0
13	90	0
52	64	0
43	61	0
32	13	0
6	93	0
2	91	0
64	57	0
92	35	0
30	25	0
26	68	0
93	90	0
51	28	0
61	80	0
66	91	0
8	78	0
72	29	0
50	53	0
22	35	0
95	72	0
54	69	0
97	16	0
79	14	0
89	25	0
64	95	0
44	64	0
40	58	0
72	12	0
39	6	0
66	93	0
69	69	0
20	52	0
69	40	0
60	93	0
82	20	0
88	54	0
28	72	0
50	58	0
21	31	0
92	31	0
28	55	0
84	7	0
92	95	0
69	60	0
57	78	0
68	38	0
69	80	0
6	97	0
39	4	0
8	89	0
11	64	0
56	74	0
71	89	0
72	8	0
93	97	0
90	10	0
87	88	0
63	10	0
81	34	0
80	46	0
51	39	0
19	86	0
66	99	0
67	77	0
23	48	0
10	31	0
24	97	0
12	63	0
45	4	0
38	48	0
22	64	0
38	32	0
6	44	0
99	55	0
41	30	0
14	55	0
30	75	0
76	77	0
1	4	1
95	65	0
14	64	0
62	49	0
26	61	0
76	43	0
52	38	0
6	43	0
22	55	0
79	57	0
68	55	0
84	56	0
3	68	0
64	57	0
2	84	0
1	17	0
86	72	0
14	61	0
36	5	0
39	31	0
15	92	0
20	81	0
80	41	0
66	68	0
75	56	0
77	83	0
42	66	0
55	37	0
2	70	0
47	67	0
34	44	0
63	58	0
78	20	0
