81	61	0
32	28	0
64	94	0
17	6	0
90	37	0
79	94	0
44	82	1
74	47	0
3	81	0
2	3	0
14	94	0
92	46	0
70	75	0
34	40	0
70	84	0
98	49	0
52	94	0
61	77	0
35	23	0
82	70	0
87	91	0
80	79	0
3	34	0
77	19	1
68	69	0
78	35	0
66	90	0
52	71	0
64	77	0
94	51	0
94	23	0
94	74	0
36	4	0
43	97	0
71	33	0
31	16	0
93	78	0
82	79	0
94	17	0
98	13	0
22	37	0
59	78	0
7	88	0
93	8	0
63	94	0
18	26	0
82	83	0
89	27	0
56	96	0
85	6	1
12	15	0
96	11	0
74	41	0
44	85	1
68	20	0
52	46	0
74	31	0
7	97	0
51	81	1
88	63	0
66	93	0
11	65	0
46	89	0
92	58	0
40	37	0
27	7	0
70	63	0
7	86	0
96	35	0
45	67	0
90	53	0
98	10	0
73	98	0
71	84	0
2	26	0
67	83	0
91	64	0
83	40	0
18	98	0
56	43	0
88	48	0
90	39	0
92	33	0
16	58	0
5	11	0
97	63	0
55	98	0
44	74	0
59	94	0
68	38	0
65	68	0
81	73	0
86	71	0
20	21	0
13	9	0
85	57	0
89	0	0
26	90	1
10	48	0
72	77	0
63	78	0
58	80	0
47	8	0
49	90	0
66	85	0
77	56	0
13	90	0
93	81	0
3	82	0
15	53	0
83	88	0
84	72	0
49	68	0
67	41	0
78	36	0
48	71	0
21	47	0
44	76	1
40	23	0
94	84	0
33	99	1
77	8	0
78	36	0
73	90	0
61	81	0
65	66	0
17	21	0
15	75	0
61	91	0
73	67	0
43	96	1
52	93	0
33	89	0
31	36	0
72	65	0
57	50	0
67	73	0
69	31	0
2	94	0
69	56	1
94	40	0
63	35	0
46	22	0
84	17	0
63	69	0
73	98	0
89	72	0
93	19	0
96	33	0
99	71	0
67	73	0
58	89	0
69	16	1
15	74	0
88	11	0
7	45	0
32	86	1
83	79	0
80	76	0
98	53	0
85	53	0
46	78	1
91	64	0
54	9	0
49	22	0
76	56	0
28	77	0
59	79	0
78	75	0
81	7	1
94	49	0
94	32	0
72	55	0
64	92	0
53	10	0
2	92	0
6	89	0
96	58	0
69	58	0
83	15	1
94	68	0
22	20	0
28	97	1
44	95	0
84	1	0
76	4	0
96	26	0
87	32	0
76	29	0
12	10	0
27	77	0
50	90	0
83	43	0
73	94	0
97	75	0
71	36	0
67	81	0
9	3	0
37	10	0
39	24	0
70	31	0
78	17	1
3	55	0
36	21	0
93	82	0
96	65	0
82	22	1
97	12	0
65	2	0
38	5	0
99	92	0
26	87	0
7	97	0
43	39	0
77	39	0
72	69	0
59	71	0
82	84	0
67	36	0
75	79	0
91	30	0
87	68	0
66	42	0
97	77	0
63	18	0
99	7	0
29	48	0
72	87	0
96	41	0
93	44	0
71	97	0
92	38	0
66	16	1
42	53	0
60	93	0
68	81	0
20	79	0
82	82	0
3	96	0
97	2	0
88	16	1
50	81	1
14	95	0
86	40	0
90	70	0
28	0	0
47	97	0
50	62	0
7	16	0
86	38	0
94	8	0
66	91	0
16	21	0
78	30	0
68	80	0
8	26	0
48	86	1
77	43	0
85	3	0
88	67	0
15	80	1
66	16	0
92	97	0
37	93	1
62	62	1
7	36	0
61	90	0
64	59	0
93	43	0
65	42	0
65	53	1
1	55	0
91	71	0
89	69	0
5	90	0
78	89	0
39	25	0
68	60	0
65	99	0
55	89	0
98	52	0
62	10	0
4	69	1
69	38	0
31	98	1
82	28	0
97	55	0
74	34	0
88	68	0
44	99	0
53	95	0
23	91	1
87	95	0
72	86	0
15	2	0
2	90	0
80	91	0
61	98	0
65	24	0
85	56	0
95	1	0
90	8	1
92	80	0
64	81	0
92	18	0
85	11	1
65	84	0
43	99	1
92	14	0
95	6	0
78	33	0
6	44	0
12	91	0
22	99	1
86	90	0
84	91	0
80	87	0
86	64	0
79	80	0
10	92	0
22	20	0
3	5	0
35	40	0
86	15	1
80	32	0
64	64	0
62	3	0
88	82	0
81	84	0
84	48	0
72	63	0
31	10	0
98	42	0
70	91	0
54	33	0
26	94	1
73	86	0
97	63	0
22	61	0
44	67	0
60	78	0
48	90	0
3	43	0
80	74	0
96	45	0
96	71	0
37	85	1
60	89	0
86	23	0
85	11	0
13	78	1
33	82	1
95	68	0
68	71	0
2	97	0
12	75	1
77	89	0
20	21	0
4	79	0
62	75	0
63	68	0
82	86	0
2	86	0
82	56	0
16	1	0
50	86	0
7	90	0
3	17	0
93	59	0
88	8	1
73	22	0
18	17	0
14	39	0
71	39	0
65	77	0
94	72	0
81	47	0
77	79	0
72	84	0
1	62	0
82	65	0
64	29	0
98	45	0
84	87	0
84	77	0
50	74	0
96	74	0
99	8	0
48	70	0
0	97	0
74	36	0
62	21	1
83	22	1
31	30	0
57	82	0
55	49	1
37	70	0
64	90	0
87	51	0
90	38	0
74	65	0
94	88	0
84	52	0
89	97	0
79	73	0
73	37	0
42	86	0
90	76	0
85	75	0
99	31	0
44	72	0
81	22	1
55	35	0
85	89	0
90	56	0
28	85	0
80	34	0
68	36	0
96	41	0
84	13	1
91	83	0
84	16	1
73	41	0
7	85	0
12	98	0
46	31	0
24	66	0
48	87	0
63	1	0
3	94	0
75	46	0
13	12	0
19	62	0
62	66	0
74	68	0
76	60	0
76	48	0
73	68	0
90	46	0
10	43	0
93	87	0
68	58	1
49	95	0
85	24	0
43	98	0
19	90	0
93	57	0
60	29	0
21	17	0
32	33	0
80	51	0
96	27	0
21	2	0
42	0	0
51	68	0
98	82	0
20	6	0
43	79	1
56	21	0
87	76	0
69	62	0
65	87	0
11	47	0
97	47	0
89	63	0
3	85	0
1	91	0
54	31	0
95	26	0
11	25	0
90	40	0
75	11	0
38	30	0
18	97	0
58	89	0
21	31	0
75	38	0
64	83	0
22	94	1
69	32	0
5	0	0
84	53	0
87	33	0
83	30	0
67	21	0
55	96	0
40	94	1
80	33	0
57	98	0
69	67	0
77	50	0
53	92	0
92	46	0
97	97	0
90	90	0
44	84	1
87	5	1
80	76	0
74	21	0
95	49	0
92	94	0
85	16	1
87	99	0
88	21	0
81	68	0
10	96	0
83	95	0
72	81	0
7	21	0
19	95	0
89	26	0
19	96	0
49	83	0
79	37	0
76	56	0
24	95	1
78	50	0
95	57	0
83	38	0
87	24	0
2	88	0
18	8	0
56	79	0
23	64	0
32	13	0
3	82	0
90	41	0
87	85	0
86	46	0
89	79	0
73	51	0
88	15	1
98	37	0
