92	67	0
23	14	0
58	94	0
4	1	0
93	44	0
97	98	0
42	67	0
69	51	0
1	91	0
1	9	0
14	90	0
93	38	0
55	82	0
31	35	0
90	82	0
93	31	0
47	98	0
37	75	0
80	68	0
49	16	0
32	78	0
83	70	0
86	73	0
83	91	0
6	31	0
45	38	1
88	22	0
83	64	0
5	73	0
30	91	0
83	14	0
67	90	0
48	73	0
82	76	0
93	60	0
53	57	1
99	33	0
9	76	0
87	72	0
15	67	0
48	7	0
10	78	0
35	92	0
86	51	0
45	37	1
35	19	0
93	87	0
92	93	0
94	22	0
27	77	0
98	8	0
23	15	0
71	85	0
1	85	0
87	0	0
28	64	1
62	90	0
43	61	1
7	25	0
69	82	0
83	33	0
22	89	0
51	93	0
76	30	0
33	90	0
44	88	0
18	12	0
98	17	0
83	27	0
54	75	0
88	32	0
66	57	0
67	35	0
4	95	0
76	1	1
52	85	0
84	2	0
93	60	0
5	61	1
71	90	0
3	75	0
38	91	0
97	59	0
79	31	0
49	67	1
67	11	0
59	47	0
11	65	0
37	4	0
71	72	0
62	25	1
2	96	0
92	31	0
47	73	0
82	70	0
82	2	0
70	89	0
68	80	0
2	28	0
61	76	0
96	79	0
72	47	0
19	90	0
67	39	0
70	2	0
92	59	0
93	33	0
99	42	0
23	47	0
50	67	1
8	24	0
44	30	1
85	66	0
57	73	0
61	64	0
47	39	1
56	66	0
53	58	1
43	93	0
79	38	0
57	71	0
52	75	0
94	56	0
27	15	0
49	41	0
21	16	0
21	70	0
31	54	1
77	47	0
51	44	1
92	6	0
26	91	0
23	36	0
70	72	0
59	67	0
52	74	0
42	10	0
47	91	0
21	67	1
73	75	0
94	53	0
22	92	0
87	78	0
25	52	1
15	75	0
54	64	0
13	37	0
74	79	0
96	74	0
44	71	0
75	40	0
56	62	1
60	7	1
91	35	0
25	91	0
66	80	0
28	27	0
45	76	0
47	22	0
93	92	0
30	80	0
96	9	0
31	77	0
95	35	0
59	93	0
74	77	0
67	63	0
25	44	0
6	62	0
65	6	0
69	97	0
97	60	0
48	91	0
62	81	0
77	14	0
60	74	0
40	81	0
48	89	0
25	18	0
57	21	1
86	53	0
62	45	0
68	63	0
72	31	0
18	99	0
58	64	0
83	41	0
77	34	0
53	17	0
90	26	0
74	79	0
76	98	0
76	62	0
94	26	0
98	18	0
83	79	0
31	88	0
66	81	0
48	96	0
35	42	1
86	34	0
19	96	0
90	18	0
23	47	0
18	87	0
33	99	0
75	84	0
81	71	0
94	58	0
95	59	0
23	90	0
53	81	0
71	12	0
84	49	0
46	4	0
43	34	0
78	38	0
25	63	0
37	53	0
22	72	0
75	91	0
87	58	0
56	70	0
95	1	0
87	44	0
92	46	0
67	56	0
67	85	0
46	64	0
65	19	0
8	87	0
28	63	1
3	88	0
85	60	0
80	71	0
88	14	0
98	86	0
22	2	0
32	97	0
23	66	1
56	98	0
39	30	0
80	21	0
98	3	0
94	28	0
54	52	1
76	31	0
73	56	0
3	8	0
26	97	0
19	75	0
49	90	0
38	72	0
89	44	0
59	83	0
54	54	1
99	86	0
64	41	0
81	90	0
87	21	0
15	9	0
43	0	0
33	24	0
95	45	0
77	14	0
20	48	0
18	26	0
56	36	1
94	81	0
97	62	0
77	33	0
94	6	0
62	2	0
75	13	0
48	31	1
33	15	0
14	69	0
85	93	0
42	90	0
3	97	0
30	41	0
51	44	1
71	43	0
67	59	0
78	77	0
80	77	0
76	24	0
76	88	0
70	0	1
97	45	0
80	53	0
62	52	0
95	68	0
71	18	0
94	16	0
25	45	0
75	98	0
58	67	0
89	24	0
13	80	0
96	37	0
66	94	0
93	27	0
65	20	0
30	54	1
57	43	0
57	82	0
68	28	0
78	79	0
22	89	0
92	90	0
5	81	0
89	4	0
89	23	0
53	75	0
38	58	1
66	46	0
15	97	0
74	32	0
97	56	0
48	38	0
35	85	0
32	9	0
51	86	0
37	86	0
41	80	0
15	65	0
8	24	0
69	2	0
83	34	0
97	12	0
82	99	0
31	26	0
60	9	0
56	45	0
68	92	0
0	18	0
44	88	0
82	44	0
28	88	0
77	4	0
52	57	1
58	20	1
82	19	0
88	46	0
14	89	0
71	16	0
88	97	0
33	96	0
82	66	0
7	32	0
62	97	0
64	42	0
15	75	0
62	28	0
92	52	0
77	45	0
71	59	0
23	44	0
97	60	0
19	99	0
90	52	0
18	94	0
80	81	0
38	17	0
74	68	0
63	95	0
62	93	0
74	51	0
23	57	1
85	7	0
6	77	0
74	48	0
22	95	0
50	62	0
82	31	0
30	60	1
50	40	1
91	53	0
75	24	0
76	74	0
50	94	0
59	99	0
30	98	0
95	80	0
84	77	0
74	4	0
19	4	0
50	40	1
40	65	1
3	77	0
78	83	0
66	83	0
70	51	0
68	18	0
35	62	1
41	71	0
76	51	0
95	1	0
25	72	0
81	6	0
53	67	0
38	35	1
87	83	0
32	74	1
55	89	0
75	20	0
85	13	0
50	61	1
67	90	0
27	99	0
91	11	0
85	10	0
73	22	0
17	61	0
9	87	0
14	88	0
71	86	0
82	98	0
1	35	1
60	55	0
78	97	0
78	61	0
69	65	0
13	91	0
8	73	0
43	25	0
4	18	0
32	36	0
27	51	1
94	36	0
82	44	0
71	47	0
57	54	0
42	23	0
90	78	0
56	75	0
86	53	0
39	88	0
79	51	0
24	11	0
99	46	0
56	92	0
30	35	0
31	94	0
75	97	0
86	66	0
26	85	0
62	31	0
12	77	0
56	58	1
38	74	0
66	63	0
55	73	0
56	90	0
15	47	0
68	62	0
82	44	0
87	60	0
36	74	0
72	93	0
42	29	0
95	19	0
54	48	0
88	11	0
9	80	0
52	95	0
85	76	0
73	66	0
10	90	0
10	73	0
79	90	0
34	23	0
6	86	0
65	95	0
60	69	0
85	69	0
14	93	0
75	46	0
17	6	0
54	97	0
13	94	0
4	15	0
83	55	0
85	23	0
77	29	0
71	17	0
9	17	0
19	52	0
77	33	0
1	68	0
63	72	0
30	81	0
67	52	0
74	91	0
71	42	0
70	88	0
72	54	0
65	82	0
7	75	0
42	51	1
25	82	0
65	61	0
59	45	0
91	40	0
95	95	0
86	88	0
47	62	1
73	50	0
66	60	0
68	2	1
65	80	0
87	78	0
94	4	0
61	79	0
3	94	0
50	49	1
61	32	0
63	28	0
79	22	0
20	78	0
72	21	0
89	20	0
30	57	1
39	33	0
52	98	0
66	73	0
51	79	0
74	89	0
84	57	0
85	42	0
94	64	0
76	98	0
98	42	0
28	64	1
95	85	0
41	83	0
75	79	0
88	44	0
42	91	0
83	72	0
86	50	0
85	29	0
2	69	0
52	72	0
72	19	0
68	33	0
81	80	0
66	54	0
13	88	0
21	95	0
74	40	0
81	27	0
94	47	0
97	1	0
84	93	0
57	37	0
31	73	1
89	18	0
68	48	0
12	73	0
18	96	0
20	72	0
11	87	0
64	49	0
38	27	0
36	70	0
64	82	0
67	14	0
20	84	0
86	50	0
16	17	0
18	70	0
78	64	0
65	56	0
38	57	1
89	54	0
84	63	0
76	63	0
55	58	1
76	53	0
1	27	0
91	84	0
61	53	0
38	87	0
5	77	0
25	87	0
32	53	1
90	17	0
51	95	0
7	96	0
99	54	0
74	19	0
15	14	0
28	25	0
72	6	0
16	70	0
86	61	0
85	38	0
18	4	0
67	11	0
44	86	0
96	81	0
12	8	0
48	85	0
81	35	0
99	80	0
57	70	0
64	77	0
20	38	0
90	44	0
90	73	0
16	82	0
21	77	0
37	65	1
17	89	0
78	7	0
34	55	1
9	94	0
36	42	1
43	58	1
61	42	0
26	67	1
96	21	0
5	24	0
85	36	0
83	14	0
37	27	0
24	89	0
46	81	0
13	68	0
29	30	0
17	73	0
24	90	0
65	57	0
90	44	0
39	52	1
77	94	0
49	39	1
61	70	0
48	67	1
20	98	0
85	44	0
51	52	1
0	9	0
84	64	0
56	48	0
96	30	0
78	31	0
70	34	0
59	95	0
41	36	0
58	42	0
65	31	1
50	8	0
34	93	0
49	59	0
91	32	0
61	98	0
73	51	0
83	50	0
43	89	0
33	80	0
91	24	0
52	61	1
71	3	1
93	99	0
75	84	0
57	85	0
82	16	0
81	69	0
25	80	0
71	24	0
20	96	0
97	57	0
88	89	0
83	10	0
95	92	0
78	21	0
83	58	0
64	21	1
9	83	0
70	91	0
62	76	0
6	22	0
4	99	0
13	71	0
43	42	1
77	27	0
5	59	1
16	98	0
61	99	0
94	45	0
14	75	0
73	39	0
32	91	0
83	46	0
73	49	0
79	43	0
85	39	0
52	71	0
52	43	1
2	85	0
3	1	0
77	75	0
17	60	0
21	5	0
5	98	0
30	73	0
92	46	0
75	83	0
89	62	0
99	86	0
72	36	0
2	78	0
51	60	1
78	39	0
84	26	0
