93	71	0
46	21	0
43	23	0
42	98	0
8	12	0
87	34	0
92	81	0
42	20	0
70	79	0
37	25	0
95	39	0
2	79	0
18	7	0
21	61	0
98	24	0
88	72	0
64	33	0
26	48	0
98	61	0
91	10	0
44	91	0
67	65	0
80	89	0
65	0	0
40	88	0
59	5	0
84	79	0
66	86	0
94	68	0
6	26	0
48	37	0
40	21	0
84	37	0
44	46	0
90	65	0
11	92	0
52	95	0
99	21	0
75	91	0
45	3	0
18	59	0
82	54	0
82	62	0
54	69	0
94	51	0
10	86	0
17	41	0
64	7	0
85	66	0
16	66	0
63	7	0
17	80	0
54	91	0
33	74	0
94	61	0
47	32	0
37	29	0
84	72	0
98	89	0
86	20	0
7	98	0
92	13	0
47	0	0
75	72	0
44	8	0
10	89	0
84	6	0
48	71	0
77	95	0
49	70	0
0	29	0
71	88	0
26	49	0
12	60	0
86	35	0
10	38	0
36	83	0
44	96	0
58	15	0
37	91	0
59	95	0
4	0	1
9	19	0
98	12	0
95	30	0
39	54	0
80	38	0
20	26	0
81	51	0
29	39	0
42	14	0
39	10	0
73	34	0
16	89	0
67	11	0
59	83	0
47	7	0
55	27	0
90	47	0
35	68	0
79	52	0
13	57	0
73	91	0
4	74	0
32	96	0
90	48	0
57	8	0
47	69	0
26	59	0
60	1	0
64	50	0
8	60	0
38	3	0
32	51	0
40	37	0
83	93	0
56	46	0
20	98	0
80	3	0
63	64	0
78	84	0
95	8	0
62	69	0
49	75	0
32	9	0
55	94	0
91	72	0
80	60	0
37	93	0
64	31	0
38	20	0
16	42	0
81	11	0
8	70	0
91	69	0
96	27	0
87	36	0
32	53	0
57	17	0
82	78	0
12	13	0
36	15	0
77	58	0
40	37	0
73	83	0
77	97	0
50	15	0
44	32	0
55	52	0
9	44	0
26	57	0
13	55	0
76	75	0
41	54	0
41	94	0
81	49	0
72	69	0
47	88	0
24	38	0
92	62	0
3	26	0
47	44	0
22	13	0
29	75	0
37	80	0
90	34	0
36	29	0
80	17	0
43	80	0
56	31	0
57	43	0
78	78	0
30	59	0
55	79	0
36	89	0
40	50	0
40	15	0
58	6	0
32	73	0
25	80	0
74	79	0
92	64	0
18	90	0
33	38	0
92	66	0
32	52	0
33	94	0
56	84	0
41	53	0
30	7	0
17	36	0
74	93	0
85	93	0
62	79	0
69	30	0
6	61	0
58	8	0
77	24	0
68	27	0
72	27	0
23	59	0
0	67	0
47	51	0
76	29	0
34	65	0
91	28	0
39	99	0
26	64	0
35	19	0
82	70	0
35	56	0
31	11	0
11	95	0
61	9	0
99	85	0
70	91	0
97	8	0
0	81	0
17	66	0
94	38	0
51	71	0
45	40	0
56	55	0
52	72	0
57	62	0
14	75	0
32	58	0
67	9	0
1	64	0
62	84	0
86	45	0
38	95	0
80	57	0
60	22	0
47	70	0
16	80	0
33	95	0
50	39	0
67	36	0
29	34	0
91	57	0
79	44	0
75	64	0
3	69	0
48	19	0
10	82	0
61	60	0
60	40	0
56	47	0
53	21	0
1	55	0
87	31	0
51	6	0
72	72	0
50	76	0
74	32	0
98	43	0
94	5	0
4	64	0
93	69	0
27	99	0
90	69	0
43	94	0
65	30	0
51	5	0
18	88	0
67	31	0
39	62	0
42	84	0
50	5	0
23	92	0
82	93	0
78	83	0
71	39	0
88	77	0
20	92	0
46	51	0
53	3	0
64	28	0
25	12	0
38	1	0
57	12	0
51	51	0
80	45	0
38	48	0
34	52	0
38	70	0
69	88	0
78	78	0
61	71	0
79	4	0
81	46	0
79	7	0
25	48	0
30	15	0
81	36	0
69	33	0
79	71	0
12	37	0
43	73	0
60	25	0
29	92	0
21	95	0
24	81	0
97	65	0
39	27	0
37	1	0
26	58	0
89	69	0
64	19	0
81	93	0
11	3	0
68	90	0
9	70	0
39	87	0
38	26	0
0	51	0
81	5	0
17	39	0
75	4	0
55	18	0
85	7	0
36	44	0
20	44	0
72	26	0
88	56	0
6	24	0
27	39	0
9	59	0
37	93	0
10	85	0
44	89	0
63	73	0
49	44	0
66	23	0
38	93	0
44	67	0
89	93	0
27	27	0
16	52	0
26	38	0
53	71	0
79	83	0
33	25	0
87	13	0
32	7	0
58	6	0
63	17	0
27	42	0
75	67	0
77	11	0
13	39	0
41	11	0
49	44	0
38	37	0
26	58	0
88	82	0
81	50	0
11	53	0
53	33	0
92	11	0
58	11	0
57	27	0
58	34	0
26	24	0
1	76	0
66	79	0
21	79	0
27	90	0
20	93	0
52	17	0
47	36	0
92	49	0
81	49	0
9	81	0
88	77	0
66	75	0
74	34	0
69	97	0
79	1	0
84	56	0
71	63	0
39	17	0
45	46	0
33	47	0
82	84	0
68	14	0
93	4	0
20	38	0
39	89	0
66	71	0
88	16	0
3	57	0
91	29	0
43	98	0
81	26	0
62	46	0
44	53	0
53	34	0
20	40	0
44	46	0
69	80	0
85	36	0
41	24	0
73	74	0
22	64	0
8	97	0
93	82	0
32	33	0
0	84	0
61	36	0
93	11	0
77	44	0
8	67	0
69	39	0
48	35	0
49	47	0
9	97	0
73	20	0
53	8	0
94	52	0
48	28	0
20	76	0
24	7	0
67	56	0
59	92	0
0	64	0
50	62	0
39	76	0
53	24	0
23	97	0
9	43	0
24	41	0
62	16	0
82	27	0
97	18	0
81	87	0
20	59	0
28	19	0
41	26	0
77	12	0
68	60	0
72	89	0
21	44	0
62	94	0
93	69	0
38	85	0
73	10	0
66	50	0
81	27	0
71	12	0
44	20	0
41	24	0
93	8	0
84	27	0
0	78	0
82	10	0
92	98	0
3	93	0
95	60	0
45	53	0
19	18	0
96	98	0
63	47	0
8	99	0
68	28	0
72	39	0
71	61	0
81	66	0
25	76	0
83	71	0
39	96	0
88	74	0
15	34	1
38	93	0
96	80	0
32	35	0
35	32	0
56	75	0
56	93	0
38	63	0
62	94	0
65	49	0
28	58	0
28	66	0
81	23	0
12	87	0
88	41	0
23	88	0
51	68	0
40	90	0
89	39	0
42	44	0
24	40	0
47	22	0
79	62	0
71	14	0
91	97	0
67	95	0
39	56	0
60	5	0
31	40	0
43	91	0
37	21	0
44	56	0
76	71	0
27	23	0
91	96	0
49	15	0
26	16	0
64	31	0
20	76	0
33	16	0
7	62	0
87	89	0
58	89	0
60	43	0
75	7	0
39	70	0
43	48	0
96	55	0
87	0	0
2	69	0
78	0	0
71	74	0
79	31	0
38	12	0
34	67	0
84	79	0
36	59	0
43	81	0
82	29	0
19	60	0
74	23	0
44	66	0
67	92	0
33	93	0
83	12	0
87	27	0
67	18	0
33	78	0
21	88	0
11	88	0
68	42	0
75	67	0
68	80	0
18	39	0
76	41	0
68	58	0
80	77	0
50	66	0
16	60	0
20	68	0
50	22	0
41	21	0
3	37	0
45	61	0
37	46	0
80	29	0
74	32	0
77	3	0
72	47	0
53	70	0
23	55	0
50	23	0
95	76	0
58	91	0
82	67	0
21	52	0
49	76	0
66	41	0
44	51	0
77	28	0
17	53	0
38	24	0
78	51	0
91	96	0
56	57	0
8	60	0
46	6	0
59	60	0
24	86	0
40	32	0
86	88	0
98	69	0
18	86	0
68	61	0
4	68	0
78	54	0
35	60	0
49	58	0
34	73	0
58	68	0
7	61	0
86	77	0
69	53	0
96	53	0
20	63	0
61	89	0
53	26	0
98	24	0
44	35	0
96	20	0
17	88	0
36	33	0
39	69	0
88	51	0
29	48	0
83	63	0
8	98	0
17	82	0
98	84	0
47	29	0
3	73	0
78	91	0
47	65	0
88	69	0
19	91	0
95	36	0
25	1	0
30	81	0
36	74	0
37	14	0
27	37	0
11	18	0
87	71	0
92	11	0
58	9	0
71	27	0
97	48	0
33	11	0
23	50	0
99	42	0
11	54	0
58	82	0
5	55	0
23	77	0
68	58	0
55	93	0
78	51	0
67	84	0
32	35	0
68	62	0
41	56	0
79	55	0
17	75	0
55	34	0
29	78	0
82	38	0
61	30	0
91	71	0
93	98	0
89	77	0
47	66	0
11	22	1
57	40	0
55	75	0
32	27	0
26	10	0
32	70	0
11	34	0
60	1	0
62	84	0
71	77	0
87	5	0
12	51	0
62	89	0
11	94	0
55	8	0
63	45	0
64	20	0
37	24	0
29	35	0
44	24	0
77	1	0
41	91	0
62	34	0
36	86	0
91	13	0
33	47	0
46	67	0
80	21	0
84	76	0
61	70	0
33	65	0
42	90	0
77	74	0
81	49	0
18	72	0
82	82	0
78	98	0
25	36	0
15	49	0
97	47	0
27	85	0
99	84	0
62	95	0
41	5	0
67	61	0
89	66	0
71	87	0
79	51	0
91	72	0
77	37	0
16	53	0
3	60	0
68	86	0
72	37	0
53	63	0
56	8	0
34	19	0
85	73	0
27	33	1
10	57	0
34	49	0
58	37	0
43	21	0
54	29	0
19	86	0
27	33	1
6	62	0
15	80	0
75	50	0
15	27	1
72	17	0
93	35	0
82	6	0
60	80	0
2	49	0
53	28	0
54	45	0
51	86	0
91	12	0
27	37	0
61	64	0
46	84	0
16	96	0
37	63	0
33	86	0
34	24	0
77	74	0
43	43	0
44	84	0
58	33	0
11	46	0
61	58	0
62	25	0
28	79	0
84	44	0
31	37	0
39	48	0
23	14	0
2	61	0
76	61	0
84	68	0
41	52	0
86	56	0
82	69	0
73	28	0
63	14	0
80	79	0
76	23	0
1	61	0
79	82	0
34	24	0
71	36	0
23	65	0
12	88	0
32	96	0
29	61	0
98	29	0
18	49	0
57	90	0
8	83	0
94	70	0
58	60	0
84	36	0
16	8	0
49	25	0
61	1	0
6	81	0
53	51	0
87	68	0
75	37	0
12	5	0
13	45	0
68	14	0
18	86	0
79	1	0
46	73	0
39	31	0
88	96	0
12	17	0
26	95	0
96	57	0
32	9	0
92	84	0
52	54	0
71	59	0
49	23	0
91	31	0
89	76	0
6	61	0
2	77	0
15	48	0
9	84	0
4	93	0
80	21	0
40	47	0
10	94	0
49	12	0
74	4	0
36	62	0
70	56	0
51	20	0
33	65	0
32	32	0
87	23	0
2	40	0
86	64	0
87	10	0
60	48	0
24	24	0
49	3	0
12	94	0
52	62	0
44	60	0
38	14	0
5	96	0
2	95	0
63	58	0
90	32	0
32	23	0
25	72	0
94	87	0
50	31	0
58	75	0
67	89	0
6	75	0
69	26	0
51	58	0
22	33	0
93	67	0
50	68	0
98	13	0
81	9	0
86	23	0
69	96	0
45	62	0
40	69	0
75	13	0
38	11	0
69	97	0
72	72	0
19	55	0
66	40	0
65	92	0
82	16	0
90	54	0
26	74	0
46	59	0
23	25	0
91	26	0
31	51	0
77	9	0
88	96	0
73	61	0
56	79	0
74	35	0
76	78	0
6	98	0
41	6	0
9	92	0
6	59	0
61	71	0
71	91	0
75	8	0
88	98	0
83	12	0
83	86	0
64	9	0
85	36	0
78	42	0
56	36	0
14	86	0
61	97	0
63	80	0
19	49	0
11	37	0
27	94	0
10	66	0
43	5	0
40	50	0
18	62	0
42	31	0
2	42	0
97	53	0
49	28	0
14	54	0
25	83	0
74	77	0
3	0	1
97	66	0
14	66	0
61	48	0
28	62	0
82	44	0
58	37	0
5	16	1
4	44	0
21	54	0
83	55	0
70	53	0
85	57	0
2	61	0
67	62	0
3	81	0
0	24	0
92	65	0
20	61	0
41	3	0
34	31	0
8	91	0
23	84	0
76	43	0
62	69	0
73	54	0
74	83	0
42	69	0
51	32	0
5	68	0
46	66	0
37	47	0
63	57	0
82	18	0
