0	23	1
93	58	0
54	13	0
42	22	0
52	94	0
3	41	0
84	36	0
93	76	0
3	13	0
48	11	0
69	89	0
41	39	0
71	50	0
4	93	0
34	9	0
18	55	0
93	6	0
81	78	0
68	34	0
31	59	0
99	55	0
99	0	0
47	79	0
72	76	0
83	89	0
80	1	0
22	97	0
64	17	0
73	71	0
65	86	0
94	59	0
3	43	0
30	26	0
50	17	0
76	17	0
48	48	0
88	79	0
11	97	0
67	67	0
96	16	0
82	93	0
39	15	0
33	57	0
63	53	0
93	51	0
58	86	0
95	52	0
16	97	0
29	45	0
61	11	0
93	45	0
25	67	0
60	5	0
36	86	0
66	99	0
24	68	0
91	65	0
55	16	0
36	60	0
78	73	0
96	91	0
74	9	0
21	97	0
89	3	0
50	13	0
89	61	0
48	21	0
10	87	0
86	4	0
29	81	0
90	78	0
59	49	0
23	33	0
88	74	0
22	40	0
27	46	0
86	40	0
21	10	0
6	39	0
50	84	0
65	96	0
70	20	0
47	98	0
74	91	0
7	10	0
12	27	0
89	12	0
85	16	0
54	50	0
85	35	0
22	29	0
78	50	0
49	52	0
30	5	0
33	8	0
69	52	0
20	79	0
47	2	0
45	83	0
43	1	0
31	30	0
87	33	0
46	62	0
59	45	0
20	77	0
71	76	0
5	85	0
44	94	0
87	47	0
68	18	0
52	82	0
2	49	0
64	7	0
51	74	0
6	82	0
41	6	0
25	56	0
19	32	0
86	82	0
5	28	0
37	25	0
1	0	0
38	96	0
90	6	0
62	62	0
6	36	0
71	82	0
95	20	0
60	67	0
49	84	0
29	20	0
61	96	0
16	19	0
76	78	0
66	52	0
24	97	0
81	32	0
40	40	0
21	24	0
67	8	0
11	7	0
3	81	0
17	8	0
95	86	0
94	13	0
84	43	0
54	64	0
64	15	0
88	87	0
3	4	0
36	15	0
18	5	0
81	71	0
43	36	0
92	74	0
87	78	0
49	28	0
56	35	0
78	50	0
1	50	0
24	75	0
13	57	0
90	80	0
46	59	0
38	95	0
88	43	0
72	76	0
53	85	0
23	40	0
99	79	0
2	43	0
32	33	0
15	26	0
25	73	0
30	66	0
96	21	0
51	35	0
76	10	0
43	77	0
65	20	0
59	36	0
76	75	0
25	50	0
69	61	0
35	98	0
29	61	0
29	4	0
65	22	0
23	97	0
4	79	0
66	79	0
81	49	0
21	86	0
10	49	0
85	70	0
24	52	0
32	73	0
35	85	0
59	39	0
34	3	0
20	48	0
79	87	0
96	87	0
63	96	0
72	10	0
9	56	0
58	6	0
59	26	0
59	25	0
72	14	0
23	62	0
9	77	0
44	63	0
70	33	0
30	71	0
79	22	0
57	88	0
32	76	0
23	14	0
88	77	0
30	77	0
45	4	0
4	85	0
84	23	0
92	73	0
77	86	0
85	29	0
1	80	0
16	80	0
93	44	0
63	69	0
39	43	0
45	73	0
72	73	0
47	65	0
18	79	0
37	67	0
69	6	0
4	57	0
68	97	0
67	36	0
24	86	0
87	71	0
42	15	0
36	62	0
14	74	0
38	95	0
64	28	0
67	14	0
18	37	0
97	54	0
60	42	0
76	41	0
10	90	0
54	13	0
18	80	0
67	68	0
61	55	0
68	59	0
57	2	0
25	5	0
8	53	0
83	53	0
51	13	0
73	60	0
46	87	0
66	46	0
94	31	0
90	12	0
15	60	0
84	69	0
18	84	0
20	22	0
93	52	0
41	96	0
46	37	0
49	0	0
15	97	0
70	37	0
39	55	0
36	72	0
41	2	0
18	80	0
81	86	0
87	77	0
59	36	0
87	67	0
15	89	0
44	42	0
63	1	0
67	20	0
32	26	0
58	5	0
55	18	0
51	33	0
66	31	0
32	49	0
26	48	0
54	44	0
69	67	0
88	87	0
42	99	0
75	3	0
91	58	0
67	13	0
12	58	0
16	14	0
87	35	0
59	30	0
76	71	0
17	47	0
50	68	0
61	17	0
30	96	0
30	84	0
45	78	0
93	48	0
50	26	0
52	4	0
27	41	0
84	46	0
75	3	0
65	93	0
32	1	0
67	90	0
6	72	0
40	77	0
32	26	0
8	53	0
7	13	0
87	10	0
29	37	0
77	20	0
40	7	0
1	11	0
84	15	0
25	65	0
25	42	0
92	27	0
79	56	0
11	31	0
22	39	0
1	50	0
36	89	0
12	75	0
9	4	0
35	93	0
54	63	0
43	17	0
11	14	0
54	31	0
49	84	0
37	71	0
82	99	0
31	29	0
18	58	0
33	47	0
56	69	0
75	96	0
49	12	0
72	8	0
33	8	0
48	13	0
52	4	0
14	59	0
81	56	0
64	2	0
24	50	0
60	0	0
54	59	0
45	54	0
36	58	0
79	81	0
73	47	0
23	62	0
51	50	0
22	15	0
99	12	0
46	2	0
61	27	0
60	25	0
21	41	0
13	72	0
56	75	0
8	74	0
40	96	0
28	86	0
37	27	0
41	31	0
90	56	0
66	34	0
13	70	0
72	75	0
6	23	1
64	88	0
29	29	0
65	19	0
71	90	0
75	0	0
96	62	0
71	42	0
44	26	0
39	38	0
37	38	0
88	79	0
16	18	0
65	22	0
80	3	0
9	51	0
42	83	0
72	76	0
76	9	0
2	62	0
95	44	0
58	94	0
7	14	0
65	0	0
55	62	0
37	66	0
60	48	0
18	37	0
55	40	0
70	84	0
61	51	0
34	25	0
78	73	0
19	46	0
21	79	0
82	86	0
47	19	0
5	78	0
68	19	0
89	26	0
71	40	0
20	64	0
67	19	0
23	24	0
62	43	0
20	96	0
64	53	0
53	3	0
84	54	0
36	29	0
29	75	0
39	9	0
81	40	0
6	4	0
62	96	0
15	93	0
31	34	0
52	68	0
59	27	0
9	90	0
11	44	0
18	43	0
54	7	0
94	38	0
67	24	0
85	99	0
33	68	0
20	24	0
39	24	0
40	24	0
94	13	0
53	58	0
81	79	0
31	41	0
63	93	0
73	60	0
43	78	0
81	3	0
70	47	0
75	10	0
64	16	0
44	23	0
31	28	0
93	10	0
61	22	0
3	75	0
95	2	0
97	86	0
9	94	0
6	30	1
86	67	0
41	48	0
31	4	0
90	86	0
82	67	0
26	97	0
71	33	0
76	41	0
90	60	0
12	20	0
84	77	0
30	77	0
78	77	0
27	99	0
96	68	0
36	46	0
22	87	0
97	82	0
35	30	0
30	34	0
71	69	0
65	96	0
45	74	0
11	14	0
42	79	0
61	60	0
38	61	0
37	73	0
85	24	0
13	93	0
82	47	0
24	75	0
35	64	0
39	78	0
90	33	0
38	33	0
21	49	0
0	16	0
68	43	0
99	72	0
56	17	0
79	95	0
73	95	0
29	36	0
43	17	0
24	47	0
26	78	0
9	22	1
38	29	0
47	71	0
62	92	0
33	31	0
74	85	0
56	31	0
35	10	0
71	36	0
22	73	0
51	12	0
14	59	0
98	87	0
61	98	0
45	56	0
73	9	0
44	63	0
4	28	1
5	26	1
42	51	0
90	58	0
90	0	0
4	65	0
77	11	0
90	89	0
71	22	0
28	1	0
27	70	0
78	73	0
34	78	0
51	83	0
81	20	0
20	73	0
61	19	0
60	78	0
61	95	0
32	90	0
94	10	0
92	18	0
69	13	0
42	89	0
10	98	0
2	86	0
75	60	0
71	58	0
92	61	0
9	48	0
87	47	0
64	60	0
8	17	0
77	66	0
64	70	0
22	43	0
10	67	0
40	29	0
40	42	0
10	58	0
60	49	0
46	52	0
96	39	0
78	30	0
79	5	0
72	35	0
53	89	0
1	26	1
16	17	0
26	50	0
71	50	0
99	84	0
73	69	0
98	78	0
22	46	0
53	72	0
55	39	0
31	65	0
80	45	0
3	30	0
21	70	0
41	26	0
76	61	0
62	97	0
49	60	0
8	20	1
27	67	0
33	12	0
83	66	0
26	75	0
47	34	0
87	82	0
96	82	0
12	98	0
38	55	0
14	78	0
78	79	0
37	51	0
58	56	0
44	79	0
79	71	0
27	28	0
21	64	0
92	75	0
78	60	0
91	56	0
38	83	0
57	82	0
62	29	0
31	23	0
85	28	0
40	25	0
91	3	0
20	87	0
21	28	0
1	13	0
35	93	0
90	71	0
23	38	0
96	52	0
17	98	0
16	68	0
27	3	0
98	94	0
21	22	0
4	86	0
73	99	0
41	62	0
79	69	0
24	78	0
86	23	0
25	25	0
36	81	0
25	72	0
36	22	0
23	39	0
17	38	0
97	67	0
82	14	0
50	12	0
71	10	0
85	48	0
33	13	0
47	25	0
93	33	0
6	53	0
47	88	0
14	53	0
14	83	0
76	58	0
49	95	0
60	49	0
71	80	0
38	27	0
95	74	0
38	65	0
93	45	0
11	70	0
65	47	0
24	64	0
72	33	0
5	27	1
58	38	0
86	76	0
89	85	0
91	95	0
24	84	0
19	40	0
45	48	0
45	60	0
35	25	0
25	13	0
37	61	0
13	51	0
60	7	0
75	81	0
85	53	0
92	5	0
12	44	0
7	1	0
80	95	0
9	81	0
51	26	0
54	32	0
75	14	0
20	2	0
55	7	0
12	38	0
0	33	0
51	15	0
51	5	0
0	27	1
29	80	0
57	24	0
35	96	0
80	0	0
31	38	0
52	63	0
66	18	0
96	59	0
59	65	0
43	65	0
47	93	0
84	93	0
18	13	0
94	62	0
15	63	0
88	70	0
56	87	0
13	32	0
17	59	0
97	42	0
24	76	0
91	99	0
69	85	0
45	4	0
38	64	0
78	54	0
37	88	0
74	48	0
89	75	0
75	29	0
12	64	0
10	64	0
91	93	0
72	31	0
59	65	0
58	4	0
15	22	0
76	64	0
32	29	0
13	66	0
36	51	0
49	49	0
33	11	0
60	30	0
7	86	0
19	46	0
10	64	0
0	54	0
82	64	0
25	22	0
58	21	0
99	16	0
85	7	0
52	63	0
0	71	0
58	32	0
33	27	0
12	13	0
17	19	0
76	67	0
67	24	0
34	40	0
44	75	0
58	78	0
13	88	0
22	69	0
50	81	0
26	42	0
78	92	0
56	32	0
36	82	0
19	8	0
52	16	0
13	41	0
62	45	0
73	9	0
27	76	0
86	67	0
64	53	0
52	46	0
42	18	0
1	71	0
81	70	0
71	50	0
46	38	0
73	64	0
76	77	0
74	46	0
65	10	0
92	76	0
84	18	0
1	76	0
73	62	0
0	28	1
8	28	1
27	3	0
47	29	0
0	5	0
9	50	0
24	74	0
29	98	0
32	49	0
95	32	0
9	49	0
61	91	0
23	86	0
6	31	1
99	61	0
40	61	0
5	20	1
83	49	0
24	2	0
61	25	0
58	6	0
14	4	0
25	85	0
47	59	0
82	74	0
66	44	0
11	2	0
28	30	0
56	8	0
6	29	1
6	76	0
74	7	0
44	65	0
56	43	0
67	96	0
13	41	0
12	96	0
91	49	0
22	21	0
93	77	0
60	61	0
68	34	0
51	31	0
99	22	0
88	60	0
15	58	0
5	90	0
32	44	0
3	91	0
3	96	0
91	24	0
31	53	0
0	93	0
53	2	0
65	7	0
47	47	0
27	17	0
65	44	0
40	26	0
16	83	0
25	32	0
57	2	0
5	41	0
92	49	0
95	4	0
57	54	0
34	3	0
41	24	0
14	97	0
60	76	0
28	62	0
11	10	0
38	23	0
8	84	0
4	74	0
69	48	0
84	49	0
55	33	0
16	79	0
22	30	0
88	79	0
68	30	0
46	76	0
69	97	0
21	15	0
10	86	0
67	18	0
60	80	0
35	41	0
92	66	0
37	76	0
99	19	0
83	18	0
99	20	0
88	84	0
43	55	0
20	77	0
74	11	0
33	1	0
68	78	0
66	74	0
19	46	0
67	54	0
58	82	0
78	22	0
91	52	0
7	66	0
60	46	0
28	29	0
94	24	0
66	42	0
69	17	0
92	98	0
78	72	0
50	74	0
78	36	0
57	66	0
11	98	0
32	6	0
4	94	0
17	80	0
58	62	0
66	93	0
80	9	0
92	99	0
78	2	0
10	3	0
90	76	0
62	13	0
99	29	0
76	64	0
50	41	0
19	58	0
62	92	0
64	68	0
1	46	0
13	40	0
42	93	0
2	83	0
58	2	0
42	49	0
9	66	0
38	35	0
16	33	0
10	42	0
99	55	0
52	35	0
4	49	0
26	87	0
83	62	0
1	11	0
88	92	0
25	80	0
61	43	0
39	54	0
94	42	0
59	43	0
6	8	0
10	13	0
5	54	0
18	56	0
99	74	0
70	48	0
99	66	0
10	53	0
78	58	0
21	80	0
2	4	0
78	78	0
2	17	0
25	67	0
38	8	0
31	25	0
5	73	0
40	89	0
3	8	0
73	45	0
56	56	0
80	64	0
88	77	0
40	87	0
31	25	0
4	66	0
4	11	0
35	70	0
52	47	0
55	53	0
81	17	0
