79	62	0
32	29	0
65	97	0
14	5	0
95	38	0
82	94	0
71	44	0
4	78	0
5	6	0
14	94	0
90	45	0
66	75	0
34	35	0
68	78	0
96	56	0
51	95	1
60	73	0
40	32	0
84	72	0
94	86	0
74	76	0
8	29	0
66	72	0
74	35	0
64	91	0
51	73	0
67	80	0
95	47	0
99	24	0
92	74	0
34	1	0
44	88	1
82	33	0
34	17	0
96	72	0
90	70	0
90	21	1
90	14	0
21	36	0
60	78	0
2	88	0
94	12	1
58	96	0
19	30	0
80	72	0
89	36	0
54	95	0
4	14	0
94	17	0
69	40	0
74	17	1
54	44	0
73	33	0
14	98	0
90	64	0
62	90	0
15	62	0
41	84	1
95	55	0
36	34	0
28	6	0
69	61	0
12	92	0
99	32	0
40	67	0
87	56	0
96	5	0
75	97	0
70	84	0
7	26	0
76	80	0
82	66	0
79	40	0
20	99	1
59	40	0
84	44	0
88	38	0
89	34	0
17	59	0
5	14	0
90	58	0
57	99	0
42	77	0
59	95	0
70	35	0
61	67	0
83	76	0
79	78	0
18	18	0
12	9	0
83	60	0
88	1	0
15	52	0
71	79	0
64	80	0
60	78	0
54	6	0
50	95	1
72	90	0
76	52	0
14	89	0
92	83	0
3	89	0
14	53	0
86	88	0
89	76	0
51	77	0
73	41	0
83	39	0
53	68	0
23	53	0
41	21	0
92	90	0
74	5	0
82	38	0
84	96	0
61	78	0
71	72	0
12	24	0
12	78	1
66	98	0
73	63	1
46	90	1
59	91	0
27	86	0
37	37	0
73	55	1
58	46	0
58	78	0
70	36	0
1	96	0
93	35	0
63	27	0
52	21	0
79	18	1
63	68	0
72	93	0
85	74	0
90	11	1
96	30	0
95	79	0
66	70	0
56	82	0
13	73	0
95	8	1
8	50	0
77	76	0
79	71	0
91	52	0
84	55	0
93	67	0
54	13	0
39	23	0
76	61	0
24	76	0
59	82	0
81	74	0
77	4	1
95	46	0
97	33	0
75	58	0
66	97	0
61	9	0
3	92	0
9	97	0
95	58	0
58	61	1
95	71	0
15	18	0
47	97	1
80	8	1
79	10	0
90	23	0
86	23	0
80	33	0
14	12	0
31	77	0
56	93	0
84	41	0
74	96	0
90	72	0
63	33	0
62	79	0
6	9	0
32	9	0
44	26	0
65	35	0
3	57	0
32	13	0
96	83	0
97	61	0
99	14	0
61	0	0
38	10	0
98	87	0
29	77	0
10	92	0
35	34	0
75	47	0
72	68	0
57	73	0
84	84	0
71	30	0
75	77	0
87	32	0
87	67	0
63	37	0
98	75	0
64	15	0
97	8	0
31	58	0
77	89	0
98	45	0
92	44	0
74	96	0
90	41	0
45	46	0
56	99	0
73	85	0
24	77	0
83	82	0
6	97	0
91	11	1
92	16	1
44	82	1
17	98	1
89	33	0
92	64	0
30	4	0
48	92	1
44	56	0
10	13	0
88	45	0
87	11	0
70	91	0
16	22	0
75	28	0
71	80	0
13	28	0
77	40	0
81	2	0
96	69	0
67	15	0
96	92	0
12	38	0
58	96	0
65	57	0
91	41	0
60	45	0
73	56	1
2	53	0
91	75	0
93	61	0
4	86	0
74	86	0
40	21	0
64	55	0
64	99	0
67	92	0
99	50	0
64	13	0
67	41	0
80	30	0
92	58	0
77	36	0
87	67	0
43	97	1
49	93	1
88	97	0
80	94	0
15	7	0
4	83	0
73	85	0
69	97	0
58	19	0
84	51	0
94	0	0
89	13	1
94	79	0
65	77	0
89	17	1
65	79	0
89	19	1
96	4	0
84	28	0
11	43	0
7	98	0
17	99	1
87	90	0
85	92	0
83	86	0
86	60	0
78	86	0
8	90	0
27	21	0
1	10	0
34	39	0
88	12	1
84	39	0
61	64	0
56	4	0
77	84	0
83	80	0
82	49	0
74	62	0
32	20	0
98	38	0
77	97	0
54	37	0
70	85	0
99	62	0
17	55	0
43	71	0
52	78	0
51	85	1
0	47	0
70	74	0
93	45	0
93	65	0
55	92	0
90	24	0
85	11	0
95	68	0
64	73	0
6	95	0
80	89	0
22	19	0
8	83	0
64	73	0
63	65	0
80	86	0
0	86	0
83	53	0
15	0	0
47	84	1
8	84	0
0	17	0
98	52	0
77	21	1
18	19	0
16	33	0
70	38	0
66	80	0
89	79	0
86	43	0
79	76	0
72	90	0
1	66	0
88	63	0
65	23	0
98	44	0
77	87	0
80	70	0
45	76	0
94	67	0
92	10	1
49	76	0
0	98	0
74	35	0
81	23	1
30	31	0
64	84	0
34	70	0
65	90	0
95	52	0
88	35	0
70	68	0
91	82	0
92	45	0
96	97	0
77	69	0
72	37	0
43	88	1
82	75	0
87	73	0
93	31	0
44	66	0
63	32	0
80	90	0
86	52	0
24	85	0
83	35	0
78	43	0
90	42	0
99	83	0
74	42	0
2	86	0
9	97	0
38	32	0
25	72	0
44	87	1
63	8	0
1	94	0
74	47	0
13	15	0
16	60	0
68	72	0
70	68	0
79	51	0
77	41	0
73	68	0
81	45	0
15	39	0
98	79	0
55	97	0
83	19	0
41	95	1
20	89	0
96	59	0
62	34	0
26	19	0
26	31	0
79	49	0
98	30	0
15	0	0
44	3	0
50	64	0
96	85	0
27	7	0
42	81	1
58	15	0
85	83	0
72	65	1
61	89	0
15	47	0
98	47	0
86	61	0
7	89	0
2	92	0
50	27	0
93	26	0
17	27	0
89	40	0
71	12	0
41	27	0
18	96	0
64	85	0
23	33	0
73	40	0
66	87	0
12	96	1
68	36	0
11	6	0
92	54	0
86	37	0
85	24	0
58	27	1
54	95	0
86	38	0
58	97	0
59	57	0
73	53	0
51	91	0
93	52	0
94	99	0
84	87	0
53	88	1
90	7	1
82	79	0
74	19	0
94	47	0
94	99	0
94	97	0
85	20	0
83	67	0
14	97	1
84	97	0
62	72	0
5	19	0
28	93	0
88	27	0
18	98	0
53	80	1
73	36	0
76	50	0
76	55	0
99	54	0
81	36	0
81	18	1
6	84	0
14	13	0
59	80	0
26	66	0
38	5	0
2	82	0
98	40	0
92	84	0
88	50	0
89	81	0
69	54	1
87	18	1
96	39	0
