93	71	0
45	20	0
42	23	0
43	98	0
7	10	0
89	35	0
92	81	0
41	18	0
70	78	0
37	23	0
94	37	0
3	81	0
17	7	0
20	59	0
98	22	0
86	72	0
63	31	0
27	48	0
99	62	0
91	10	0
42	94	0
66	66	0
79	88	0
65	1	0
43	87	0
58	4	0
82	76	0
64	88	0
93	67	0
7	24	0
49	38	0
39	19	0
85	37	0
45	47	0
90	65	0
11	94	0
53	94	0
99	23	0
74	90	0
45	0	0
21	61	0
81	53	0
82	63	0
54	67	0
95	50	0
12	88	0
17	40	0
64	7	0
85	64	0
15	67	0
62	6	0
15	80	0
53	91	0
35	72	0
95	62	0
47	31	0
36	30	0
84	73	0
99	90	0
86	22	0
6	96	0
95	13	0
48	1	0
76	74	0
45	10	0
11	91	0
83	9	0
48	72	0
75	96	0
49	69	0
1	30	0
71	86	0
23	47	0
13	61	0
85	35	0
13	38	0
35	83	0
43	97	0
59	16	0
39	92	0
58	95	0
7	2	1
10	19	0
99	12	0
96	29	0
40	55	0
79	39	0
22	25	0
84	53	0
29	39	0
41	14	0
37	7	0
73	32	0
14	89	0
69	10	0
59	84	0
45	9	0
53	28	0
89	48	0
35	67	0
79	51	0
12	57	0
75	89	0
5	74	0
31	95	0
94	47	0
59	9	0
46	70	0
29	59	0
60	1	0
63	49	0
9	60	0
36	2	0
31	52	0
43	35	0
83	92	0
56	44	0
20	97	0
82	4	0
63	63	0
77	83	0
97	8	0
60	71	0
49	76	0
33	6	0
54	96	0
93	74	0
78	59	0
34	95	0
65	32	0
39	20	0
18	41	0
81	10	0
9	68	0
89	68	0
94	28	0
86	36	0
33	53	0
58	19	0
83	78	0
11	13	0
36	13	0
78	56	0
42	37	0
70	81	0
77	96	0
48	16	0
44	30	0
57	51	0
9	42	0
25	58	0
14	54	0
75	77	0
42	55	0
43	92	0
81	51	0
73	71	0
46	89	0
26	37	0
92	62	0
3	26	0
46	45	0
22	12	0
33	77	0
37	79	0
89	34	0
36	28	0
77	20	0
44	79	0
57	30	0
55	42	0
80	80	0
31	59	0
55	77	0
36	89	0
40	49	0
41	12	0
60	5	0
33	74	0
26	80	0
73	79	0
92	65	0
21	87	0
32	37	0
91	66	0
32	51	0
30	93	0
57	84	0
41	53	0
30	7	0
15	35	0
74	95	0
86	95	0
63	81	0
68	29	0
5	59	0
58	6	0
78	24	0
70	25	0
70	28	0
23	62	0
0	66	0
47	50	0
78	30	0
36	63	0
90	28	0
41	97	0
24	66	0
36	19	0
83	71	0
37	55	0
33	10	0
13	94	0
60	9	0
98	86	0
70	91	0
98	7	0
0	81	0
17	66	0
94	38	0
54	72	0
45	43	0
56	55	0
54	72	0
55	62	0
14	72	0
31	57	0
67	10	0
0	63	0
63	83	0
86	44	0
38	95	0
80	58	0
61	22	0
47	68	0
16	81	0
36	95	0
51	38	0
66	36	0
29	35	0
89	60	0
80	44	0
76	64	0
1	68	0
48	19	0
11	84	0
61	61	0
60	42	0
57	47	0
54	23	0
3	56	0
90	30	0
49	6	0
73	70	0
52	78	0
75	34	0
97	42	0
95	4	0
5	65	0
94	72	0
27	98	0
90	70	0
45	95	0
62	29	0
52	6	0
17	86	0
68	32	0
38	64	0
42	83	0
48	5	0
21	94	0
83	93	0
79	83	0
71	37	0
87	77	0
19	92	0
47	54	0
53	3	0
67	28	0
25	14	0
37	2	0
59	10	0
53	53	0
80	46	0
37	45	0
36	50	0
36	71	0
70	89	0
77	78	0
59	72	0
79	4	0
82	44	0
78	7	0
27	48	0
31	18	0
83	35	0
70	35	0
79	70	0
11	37	0
44	71	0
58	26	0
29	89	0
21	96	0
23	81	0
97	63	0
39	27	0
38	0	0
26	57	0
88	69	0
62	21	0
79	90	0
11	0	0
68	91	0
9	67	0
41	85	0
38	27	0
1	51	0
82	4	0
17	38	0
77	2	0
54	15	0
86	9	0
36	43	0
18	46	0
73	25	0
85	57	0
6	23	0
27	36	0
7	59	0
38	96	0
10	86	0
43	90	0
63	72	0
50	42	0
65	22	0
40	93	0
47	66	0
91	93	0
29	27	0
18	52	0
24	39	0
55	74	0
79	85	0
30	25	0
88	15	0
32	7	0
57	5	0
65	17	0
28	44	0
75	68	0
77	11	0
13	41	0
42	10	0
48	44	0
38	38	0
25	59	0
86	81	0
82	49	0
11	52	0
53	36	0
93	12	0
58	9	0
57	27	0
59	35	0
27	22	0
2	73	0
66	80	0
22	78	0
27	89	0
22	95	0
53	16	0
46	38	0
92	48	0
80	48	0
8	81	0
86	75	0
66	75	0
75	32	0
67	95	0
78	2	0
83	57	0
72	63	0
40	15	0
49	47	0
33	48	0
82	82	0
67	16	0
94	3	0
22	41	0
40	88	0
68	71	0
86	17	0
2	58	0
92	30	0
43	98	0
81	25	0
61	47	0
43	53	0
52	34	0
22	39	0
43	47	0
69	81	0
85	36	0
41	23	0
74	76	0
21	63	0
10	97	0
91	81	0
31	33	0
1	84	0
60	38	0
92	15	0
78	45	0
6	67	0
68	39	0
48	33	0
49	47	0
8	99	0
76	21	0
53	7	0
91	51	0
50	31	0
19	75	0
22	6	0
65	54	0
57	92	0
1	61	0
50	63	0
40	74	0
53	26	0
21	96	0
8	43	0
24	43	0
64	16	0
81	28	0
95	18	0
81	89	0
19	60	0
29	20	0
40	25	0
76	12	0
71	58	0
71	91	0
19	43	0
61	94	0
93	69	0
38	84	0
73	10	0
65	50	0
80	29	0
72	12	0
45	22	0
41	25	0
93	7	0
86	28	0
2	77	0
84	10	0
93	98	0
5	96	0
94	61	0
48	53	0
21	19	0
98	98	0
64	47	0
8	99	0
70	29	0
71	39	0
70	60	0
79	66	0
27	75	0
83	71	0
39	94	0
90	74	0
15	34	1
39	93	0
96	81	0
31	33	0
36	29	0
55	73	0
57	94	0
38	63	0
65	95	0
67	50	0
30	57	0
27	66	0
81	23	0
10	88	0
89	40	0
23	88	0
51	69	0
40	90	0
87	37	0
43	45	0
21	39	0
46	22	0
81	59	0
70	17	0
90	99	0
65	95	0
39	55	0
60	4	0
31	39	0
45	89	0
37	19	0
44	57	0
75	69	0
27	23	0
93	96	0
47	12	0
26	15	0
61	29	0
22	75	0
34	17	0
9	62	0
87	89	0
59	88	0
60	43	0
75	5	0
40	70	0
46	48	0
98	55	0
87	0	0
2	68	0
78	2	0
71	74	0
77	31	0
39	11	0
36	66	0
86	79	0
37	61	0
42	80	0
82	31	0
17	58	0
74	22	0
43	66	0
65	90	0
31	91	0
82	12	0
90	25	0
67	18	0
36	77	0
22	89	0
11	90	0
65	40	0
77	65	0
69	80	0
17	40	0
76	42	0
69	58	0
78	77	0
52	66	0
15	59	0
18	67	0
47	24	0
42	18	0
3	34	0
44	61	0
37	46	0
81	31	0
75	34	0
76	0	0
72	45	0
54	72	0
21	55	0
51	25	0
96	76	0
59	90	0
83	67	0
20	52	0
48	79	0
67	41	0
42	53	0
78	26	0
18	52	0
38	24	0
78	52	0
92	97	0
55	55	0
9	60	0
47	8	0
58	59	0
26	86	0
40	32	0
87	90	0
98	71	0
19	86	0
65	60	0
4	69	0
78	54	0
36	60	0
49	59	0
36	75	0
59	71	0
6	58	0
84	77	0
69	54	0
96	51	0
20	63	0
60	87	0
55	27	0
97	25	0
43	34	0
98	21	0
14	86	0
38	32	0
38	72	0
89	52	0
29	49	0
83	64	0
6	98	0
17	83	0
96	83	0
47	29	0
4	76	0
79	90	0
48	67	0
88	70	0
21	92	0
94	35	0
26	0	0
33	81	0
39	75	0
36	14	0
27	35	0
11	19	0
89	70	0
93	14	0
59	10	0
74	29	0
97	46	0
34	11	0
21	49	0
99	40	0
10	54	0
59	85	0
5	56	0
24	78	0
67	58	0
55	92	0
78	49	0
65	85	0
33	35	0
67	62	0
40	58	0
79	56	0
16	73	0
52	33	0
30	77	0
84	37	0
60	29	0
90	71	0
96	97	0
89	77	0
44	65	0
11	21	1
59	40	0
57	76	0
34	27	0
27	12	0
32	69	0
11	32	0
59	0	0
59	82	0
70	78	0
88	6	0
15	51	0
62	90	0
11	95	0
55	7	0
60	45	0
64	21	0
37	22	0
27	36	0
42	25	0
77	1	0
39	91	0
62	35	0
35	89	0
93	14	0
33	46	0
46	66	0
79	23	0
83	75	0
60	72	0
32	64	0
42	89	0
79	77	0
83	48	0
18	73	0
81	82	0
77	97	0
25	35	0
18	48	0
96	48	0
25	84	0
98	86	0
63	94	0
42	4	0
68	62	0
90	68	0
70	86	0
78	51	0
88	73	0
79	38	0
17	53	0
4	60	0
67	84	0
71	36	0
53	61	0
53	6	0
34	21	0
86	75	0
9	57	0
33	50	0
58	35	0
41	20	0
55	31	0
20	85	0
27	32	1
5	64	0
15	77	0
73	50	0
15	29	1
70	18	0
94	32	0
80	6	0
58	82	0
0	50	0
53	26	0
54	45	0
51	85	0
90	10	0
25	36	0
61	65	0
46	86	0
17	98	0
37	65	0
31	85	0
35	25	0
78	71	0
44	41	0
42	82	0
58	35	0
12	46	0
63	57	0
65	23	0
27	81	0
84	44	0
30	35	0
37	49	0
25	13	0
1	59	0
77	62	0
84	70	0
38	54	0
87	55	0
83	68	0
73	28	0
63	15	0
80	78	0
77	22	0
3	59	0
82	81	0
34	25	0
71	36	0
22	63	0
11	88	0
34	96	0
29	59	0
99	27	0
17	47	0
59	92	0
8	86	0
93	68	0
57	59	0
85	36	0
17	6	0
46	25	0
60	2	0
6	81	0
54	52	0
86	68	0
76	36	0
13	7	0
14	45	0
70	13	0
16	84	0
82	0	0
47	73	0
37	31	0
86	95	0
11	18	0
25	95	0
96	58	0
29	10	0
92	85	0
52	57	0
69	59	0
49	25	0
93	31	0
89	79	0
5	61	0
2	77	0
16	47	0
12	84	0
3	93	0
81	21	0
39	48	0
10	95	0
48	11	0
74	6	0
36	63	0
69	55	0
50	23	0
34	67	0
33	32	0
86	23	0
4	41	0
85	65	0
88	11	0
62	49	0
24	24	0
48	5	0
11	93	0
52	62	0
44	61	0
36	13	0
3	95	0
3	95	0
64	57	0
90	33	0
31	23	0
24	72	0
96	84	0
49	29	0
58	77	0
68	92	0
6	77	0
73	28	0
51	57	0
22	34	0
95	69	0
50	69	0
97	15	0
83	10	0
84	25	0
68	96	0
45	63	0
41	67	0
76	13	0
37	10	0
68	98	0
73	71	0
19	54	0
68	38	0
65	92	0
82	19	0
91	55	0
24	75	0
46	56	0
22	27	0
92	26	0
33	54	0
81	9	0
90	96	0
72	61	0
57	78	0
74	35	0
76	79	0
7	97	0
40	7	0
9	91	0
6	59	0
61	70	0
72	89	0
73	7	0
89	99	0
84	12	0
83	85	0
63	7	0
85	36	0
78	41	0
53	37	0
15	87	0
63	98	0
65	80	0
19	49	0
10	37	0
24	95	0
10	66	0
46	7	0
38	51	0
20	59	0
41	31	0
2	44	0
96	53	0
47	26	0
14	53	0
26	82	0
73	77	0
2	2	1
97	66	0
14	68	0
60	49	0
29	61	0
79	42	0
55	38	0
7	17	1
4	44	0
21	56	0
82	56	0
70	51	0
84	56	0
2	64	0
67	59	0
1	81	0
1	24	0
91	67	0
18	60	0
41	3	0
35	30	0
8	92	0
23	84	0
75	42	0
63	68	0
71	54	0
75	80	0
40	69	0
52	31	0
5	70	0
49	64	0
38	44	0
63	57	0
81	18	0
