77	66	0
33	33	0
65	99	0
16	13	0
93	37	0
87	92	0
70	42	0
5	76	0
3	8	0
13	95	0
87	42	0
68	79	0
32	31	0
67	74	0
93	51	0
53	95	1
60	68	0
42	30	0
91	78	0
96	85	0
70	78	0
7	25	0
68	71	0
73	33	0
63	85	0
53	67	0
61	82	0
95	48	0
99	30	0
93	71	0
38	2	0
82	32	0
32	15	0
92	70	0
93	71	0
91	21	1
91	10	0
17	31	0
64	76	0
3	86	0
94	11	1
62	98	0
19	31	0
78	74	0
93	37	0
58	94	0
4	18	0
91	14	0
69	37	0
75	13	1
51	41	0
76	36	0
14	97	1
87	71	0
58	92	0
20	62	0
36	89	1
94	55	0
34	38	0
34	7	0
64	62	0
10	95	0
99	28	0
35	70	0
87	62	0
97	6	0
76	95	0
68	79	0
6	23	0
75	81	0
81	67	0
82	42	0
18	96	1
58	34	0
87	44	0
84	36	0
90	41	0
15	59	0
3	14	0
87	62	0
59	99	0
38	83	0
59	91	0
75	40	0
60	68	0
81	78	0
80	77	0
18	15	0
9	10	0
83	58	0
87	1	0
16	48	0
76	74	0
66	77	0
62	78	0
54	7	0
53	95	1
75	86	0
78	54	0
11	88	0
92	86	0
0	93	0
19	52	0
91	87	0
91	73	0
51	78	0
73	45	0
81	36	0
55	66	0
20	55	0
44	22	0
89	86	0
73	5	0
84	39	0
81	95	0
63	75	0
74	75	0
19	26	0
16	74	1
68	99	0
72	63	1
58	91	0
30	82	0
33	37	0
73	51	1
57	47	0
58	82	0
68	39	0
3	98	0
92	34	0
65	22	1
49	28	0
84	19	1
65	67	0
74	94	0
91	71	0
85	9	1
91	27	0
99	80	0
69	76	0
49	83	0
19	75	0
97	10	1
10	48	0
78	73	0
77	73	0
89	52	0
88	56	0
86	67	0
52	13	0
33	22	0
75	61	0
27	73	0
61	85	0
83	73	0
99	43	0
99	30	0
70	61	0
67	98	0
62	10	0
0	93	0
14	99	0
96	60	0
57	70	1
89	75	0
11	18	0
84	7	1
83	7	0
90	27	0
85	22	1
79	32	0
12	15	0
29	76	0
54	92	0
84	38	0
76	96	0
90	75	0
64	33	0
66	82	0
7	3	0
33	8	0
46	24	0
68	38	0
2	55	0
30	12	0
97	85	0
96	54	0
98	11	1
61	0	0
36	9	0
98	86	0
29	74	0
7	96	0
36	33	0
73	49	0
74	68	0
51	70	0
82	79	0
74	32	0
81	77	0
86	34	0
85	69	0
56	36	0
97	72	0
66	12	0
98	10	1
33	59	0
79	90	0
98	41	0
89	45	0
79	92	0
91	41	0
44	46	0
56	96	0
68	84	0
23	77	0
84	84	0
7	94	0
93	13	1
19	97	1
85	29	0
91	61	0
29	1	0
50	91	1
45	54	0
11	16	0
85	47	0
89	6	1
68	91	0
16	23	0
74	29	0
73	79	0
16	32	0
78	38	0
77	0	0
94	68	0
68	17	0
94	93	0
14	35	0
53	97	1
66	55	0
92	38	0
62	47	0
2	58	0
93	73	0
94	62	0
3	85	0
76	86	0
37	20	0
65	51	0
62	96	0
66	94	0
99	47	0
65	11	0
70	39	0
78	32	0
91	56	0
77	34	0
89	72	0
51	88	1
89	98	0
81	97	0
14	8	0
3	85	0
75	84	0
70	91	0
53	18	0
80	55	0
98	3	0
98	83	0
64	81	0
90	21	1
61	76	0
86	24	1
97	4	0
88	31	0
12	47	0
4	97	0
90	85	0
86	93	0
87	86	0
82	60	0
73	77	0
6	90	0
29	24	0
4	10	0
40	44	0
82	40	0
62	62	0
58	0	0
75	82	0
79	79	0
82	46	0
73	59	0
27	21	0
98	42	0
77	97	0
55	39	0
71	80	0
93	67	0
19	55	0
49	71	0
55	80	0
57	87	1
5	48	0
74	78	0
95	42	0
91	68	0
52	92	0
88	28	0
86	8	1
93	70	0
65	72	0
0	94	0
79	94	0
17	24	0
6	93	0
66	74	0
65	64	0
89	90	0
2	79	0
87	55	0
18	2	0
49	90	1
6	82	0
0	16	0
97	54	0
75	26	1
18	21	0
12	36	0
76	40	0
69	77	0
93	79	0
85	37	0
77	75	0
69	89	0
1	72	0
90	67	0
61	23	0
94	41	0
77	85	0
76	70	0
42	80	0
91	64	0
91	6	1
41	72	0
0	97	0
77	36	0
27	32	0
64	83	0
33	74	0
62	96	0
90	52	0
88	37	0
71	66	0
94	81	0
93	45	0
96	96	0
81	67	0
70	33	0
42	83	1
85	78	0
83	70	0
97	32	0
50	63	0
65	31	0
83	92	0
88	58	0
25	81	0
87	36	0
80	44	0
89	39	0
99	85	0
74	48	0
7	80	0
14	99	0
39	32	0
31	72	0
60	10	0
2	93	0
76	46	0
8	14	0
19	57	0
66	68	0
70	76	0
80	48	0
72	42	0
77	64	1
75	46	0
13	41	0
94	75	0
60	95	0
76	15	0
38	95	1
17	90	0
95	55	0
62	29	1
30	18	0
27	34	0
74	49	0
94	33	0
13	3	0
41	0	0
55	61	0
96	86	0
26	8	0
60	10	0
91	81	0
72	62	1
63	88	0
20	51	0
95	45	0
84	61	0
6	91	0
1	97	0
45	29	0
93	32	0
17	29	0
85	35	0
79	15	0
34	27	0
16	95	1
57	87	1
18	38	0
77	43	0
66	88	0
71	40	0
11	11	0
91	56	0
85	37	0
83	21	0
64	30	1
54	97	0
82	37	0
52	98	0
59	53	0
74	49	0
53	92	0
92	48	0
94	99	0
84	87	0
74	74	0
74	22	0
93	44	0
95	99	0
95	96	0
86	22	0
83	68	0
14	97	1
83	93	0
58	72	0
3	18	0
36	93	0
85	33	0
19	97	1
73	32	0
79	46	0
76	51	0
98	53	0
87	32	0
84	23	1
2	78	0
12	11	0
55	81	0
29	66	0
35	2	0
4	86	0
99	40	0
95	89	0
85	49	0
91	89	0
69	57	1
94	44	0
