90	67	0
50	15	0
43	16	0
52	99	0
5	19	0
95	31	0
99	86	0
43	12	0
76	81	0
44	38	0
80	34	0
4	83	0
19	14	0
19	63	0
96	14	0
96	77	0
64	26	0
30	48	0
99	66	0
91	3	0
42	79	0
68	82	0
72	98	0
73	1	0
43	90	0
56	1	0
74	78	0
71	94	0
97	53	0
3	38	0
39	38	0
46	27	0
90	29	0
44	47	0
87	65	0
14	93	0
60	85	0
96	22	0
80	92	0
53	1	0
20	51	0
77	51	0
92	58	0
59	73	0
97	40	0
11	83	0
30	46	0
59	11	0
95	52	0
14	64	0
58	11	0
29	89	0
49	95	0
32	62	0
98	66	0
38	28	0
43	42	0
79	73	0
93	93	0
83	14	0
12	92	0
92	9	0
44	0	0
77	71	0
44	19	0
19	83	0
77	9	0
36	78	0
85	82	0
63	65	0
15	25	0
75	86	0
29	36	0
17	46	0
89	41	0
12	35	0
42	78	0
50	83	0
75	22	0
42	97	0
62	99	0
2	3	0
8	12	0
97	15	0
98	17	0
31	48	0
82	45	0
21	23	0
78	56	0
30	49	0
32	10	0
37	9	0
68	37	0
16	87	0
74	8	0
53	75	0
41	11	0
47	28	0
95	39	0
41	74	0
77	51	0
22	61	0
75	94	0
2	77	0
43	81	0
86	43	0
61	4	0
43	67	0
13	62	0
53	3	0
66	54	0
17	58	0
42	5	0
40	60	0
28	37	0
91	84	0
53	43	0
0	1	0
30	96	0
77	6	0
66	69	0
12	34	0
87	78	0
91	14	0
67	66	0
57	78	0
30	11	0
57	95	0
76	76	0
76	56	0
36	98	0
67	25	0
39	23	0
22	36	0
86	8	0
5	74	0
96	69	0
95	16	0
87	33	0
42	54	0
57	17	0
87	81	0
5	15	0
38	17	0
84	72	0
31	43	0
89	75	0
78	89	0
60	14	0
43	32	0
55	61	0
8	48	0
29	78	0
14	59	0
76	75	0
40	49	0
50	98	0
81	58	0
74	75	0
48	81	0
18	39	0
87	73	0
4	33	0
40	43	0
21	16	0
17	76	0
39	74	0
96	36	0
31	32	0
81	17	0
38	81	0
57	30	0
52	39	0
79	80	0
25	52	0
73	79	0
35	86	0
30	57	0
35	15	0
63	13	0
34	82	0
15	75	0
76	84	0
89	56	0
18	89	0
20	35	0
97	65	0
31	59	0
26	89	0
47	92	0
46	49	0
34	11	0
20	40	0
70	82	0
82	97	0
59	86	0
74	23	0
7	67	0
56	1	0
75	14	0
64	26	0
72	23	0
25	58	0
2	66	0
52	57	0
80	38	0
34	73	0
90	22	0
44	89	0
30	68	0
31	17	0
73	73	0
29	59	0
40	10	0
5	92	0
64	14	0
98	83	0
87	95	0
96	19	0
3	79	0
13	68	0
92	44	0
51	74	0
37	47	0
52	70	0
57	70	0
43	56	0
6	75	0
29	63	0
67	11	0
1	67	0
66	97	0
77	49	0
43	86	0
91	58	0
48	10	0
44	62	0
21	77	0
41	90	0
59	37	0
63	31	0
22	32	0
96	62	0
72	45	0
85	59	0
6	78	0
57	19	0
14	88	0
69	62	0
56	46	0
60	50	0
52	14	0
4	52	0
79	43	0
55	6	0
75	62	0
46	84	0
73	41	0
99	36	0
99	0	0
0	64	0
83	73	0
20	95	0
98	64	0
45	88	0
61	29	0
46	0	0
22	91	0
69	37	0
40	60	0
44	75	0
47	9	0
24	91	0
67	93	0
88	84	0
68	33	0
86	69	0
8	86	0
51	45	0
53	6	0
68	23	0
31	14	0
33	6	0
49	7	0
57	49	0
68	32	0
36	56	0
30	49	0
48	64	0
72	82	0
88	82	0
63	85	0
86	19	0
85	54	0
80	8	0
14	51	0
30	8	0
84	38	0
62	24	0
74	71	0
5	37	0
51	71	0
54	26	0
29	97	0
35	91	0
20	69	0
94	64	0
42	30	0
39	7	0
27	58	0
88	59	0
73	19	0
77	92	0
21	7	0
69	95	0
11	77	0
45	86	0
37	38	0
1	53	0
77	5	0
22	30	0
92	12	0
41	18	0
11	5	1
89	8	0
34	47	0
17	47	0
86	26	0
94	54	0
4	30	0
29	29	0
0	63	0
36	87	0
17	85	0
4	12	0
43	86	0
52	68	0
48	40	0
64	24	0
46	91	0
37	66	0
91	95	0
44	33	0
16	45	0
24	38	0
58	70	0
88	92	0
48	19	0
88	8	0
30	1	0
60	3	0
57	12	0
20	40	0
76	59	0
66	0	0
15	33	0
50	12	0
54	48	0
47	53	0
21	64	0
85	79	0
76	50	0
18	56	0
44	36	0
98	10	0
54	5	0
60	17	0
57	41	0
26	30	0
6	70	0
66	74	0
17	81	0
35	88	0
24	95	0
53	28	0
41	42	0
88	58	0
70	43	0
8	82	0
77	83	0
57	83	0
17	28	1
73	25	0
56	98	0
72	2	0
88	60	0
82	49	0
37	18	0
42	40	0
34	45	0
89	82	0
7	10	0
74	21	0
94	2	0
13	44	0
31	98	0
67	72	0
88	2	0
5	56	0
98	30	0
44	97	0
72	13	0
63	50	0
47	53	0
43	40	0
32	39	0
48	34	0
72	84	0
78	43	0
38	34	0
78	71	0
23	58	0
15	90	0
88	88	0
40	38	0
0	80	0
62	24	0
86	14	0
78	45	0
13	60	0
64	45	0
34	35	0
50	43	0
2	99	0
68	27	0
52	11	0
83	59	0
44	22	0
27	83	0
23	3	0
78	47	0
11	0	1
74	97	0
4	80	0
35	52	0
47	78	0
54	34	0
21	99	0
19	46	0
28	45	0
58	17	0
91	26	0
85	23	0
86	90	0
20	62	0
29	25	0
29	33	0
81	20	0
53	62	0
70	95	0
18	39	0
70	99	0
88	68	0
36	71	0
69	8	0
71	39	0
82	18	0
76	8	0
41	21	0
44	34	0
99	5	0
79	30	0
2	68	0
90	11	0
98	99	0
7	99	0
86	51	0
53	50	0
25	14	0
94	87	0
66	57	0
15	99	0
68	31	0
84	42	0
83	52	0
83	64	0
29	72	0
75	77	0
40	99	0
78	71	0
26	33	0
32	99	0
96	82	0
31	35	0
29	44	0
69	77	0
58	90	0
44	63	0
57	97	0
58	51	0
37	64	0
31	65	0
85	25	0
19	91	0
82	54	0
27	88	0
42	64	0
43	73	0
85	31	0
32	28	0
22	48	0
51	27	0
92	68	0
72	10	0
86	98	0
73	98	0
39	51	0
67	2	0
29	45	0
35	91	0
40	35	0
53	68	0
67	80	0
28	22	0
79	98	0
41	27	0
30	20	0
64	38	0
28	80	0
42	16	0
2	58	0
87	82	0
59	91	0
51	43	0
81	9	0
47	71	0
42	55	0
98	58	0
83	1	0
1	70	0
75	3	0
70	71	0
71	30	0
38	17	0
33	72	0
86	80	0
28	70	0
55	84	0
77	21	0
10	65	0
67	17	0
43	59	0
62	99	0
31	95	0
88	4	0
92	20	0
60	13	0
39	90	0
14	90	0
5	89	0
73	41	0
70	64	0
75	77	0
16	52	0
80	33	0
70	66	0
90	76	0
58	62	0
20	61	0
19	64	0
37	22	0
43	33	0
1	43	0
48	63	0
40	46	0
96	35	0
76	35	0
74	5	0
84	38	0
56	72	0
20	53	0
59	32	0
88	77	0
61	87	0
94	76	0
17	53	0
62	73	0
67	48	0
28	55	0
84	33	0
16	54	0
43	23	0
81	52	0
81	95	0
57	57	0
17	69	0
46	6	0
58	67	0
29	83	0
45	26	0
80	80	0
93	71	0
18	99	0
51	71	0
7	76	0
72	63	0
34	50	0
48	62	0
38	76	0
63	72	0
23	25	0
14	64	0
97	83	0
77	55	0
97	58	0
27	62	0
52	86	0
65	24	0
90	26	0
38	49	0
98	8	0
18	88	0
27	31	0
34	80	0
94	61	0
21	44	0
86	68	0
19	97	0
8	73	0
16	4	1
90	87	0
39	31	0
1	68	0
74	90	0
48	61	0
83	66	0
26	93	0
98	38	0
25	12	0
37	82	0
30	73	0
34	20	0
28	42	0
0	16	0
81	70	0
91	4	0
60	8	0
74	11	0
95	44	0
31	5	0
32	46	0
96	40	0
9	52	0
58	76	0
0	57	0
17	72	0
75	51	0
47	94	0
76	51	0
72	80	0
34	38	0
74	66	0
38	55	0
84	47	0
14	75	0
49	40	0
32	68	0
74	35	0
57	36	0
98	80	0
99	99	0
88	80	0
28	73	0
19	31	0
56	47	0
47	72	0
31	14	0
23	1	0
38	69	0
11	37	0
63	2	0
70	84	0
75	65	0
95	16	0
8	49	0
68	91	0
5	93	0
53	8	0
66	49	0
69	15	0
35	18	0
24	37	0
40	14	0
74	5	0
43	87	0
55	31	0
31	83	0
77	11	0
31	45	0
52	64	0
75	22	0
93	70	0
61	71	0
33	67	0
51	84	0
77	82	0
84	51	0
18	65	0
77	73	0
65	95	0
17	40	0
21	54	0
92	37	0
32	96	0
98	85	0
70	83	0
51	3	0
56	52	0
89	60	0
65	84	0
82	49	0
99	81	0
83	29	0
10	65	0
1	59	0
69	85	0
79	36	0
53	61	0
58	9	0
35	12	0
80	72	0
29	36	0
15	63	0
45	52	0
53	37	0
36	13	0
54	29	0
14	85	0
27	37	0
6	62	0
14	71	0
75	50	0
19	18	0
61	8	0
97	26	0
78	2	0
55	79	0
8	59	0
63	29	0
48	34	0
64	81	0
90	14	0
37	45	0
58	63	0
49	81	0
17	96	0
35	65	0
42	83	0
26	31	0
75	81	0
48	44	0
36	84	0
62	31	0
14	47	0
61	63	0
59	23	0
28	73	0
80	42	0
53	44	0
49	44	0
31	14	0
8	59	0
79	72	0
76	65	0
38	41	0
87	60	0
85	69	0
75	26	0
60	7	0
83	80	0
83	11	0
5	70	0
72	76	0
35	18	0
66	37	0
13	65	0
11	86	0
35	92	0
27	54	0
92	29	0
20	49	0
54	98	0
20	84	0
96	70	0
53	59	0
82	45	0
20	2	0
51	18	0
59	7	0
3	9	1
9	76	0
61	63	0
80	67	0
70	46	0
16	2	0
25	43	0
66	8	0
5	82	0
77	6	0
44	66	0
47	22	0
76	94	0
1	34	0
16	89	0
98	53	0
30	11	0
96	80	0
59	65	0
73	47	0
52	24	0
90	27	0
89	73	0
10	68	0
2	79	0
22	56	0
8	89	0
0	84	0
81	23	0
39	42	0
1	93	0
51	11	0
67	2	0
37	52	0
71	46	0
46	18	0
28	67	0
29	28	0
81	16	0
15	41	0
89	54	0
93	5	0
61	62	0
27	10	0
51	9	0
12	97	0
55	80	0
38	70	0
38	16	0
3	82	0
4	95	0
66	54	0
93	41	0
39	31	0
33	78	0
21	25	1
99	94	0
52	31	0
59	68	0
66	93	0
2	84	0
68	24	0
58	63	0
26	35	0
97	74	0
45	66	0
99	22	0
74	13	0
86	23	0
79	88	0
45	60	0
36	82	0
82	18	0
28	9	0
63	94	0
70	72	0
18	47	0
71	41	0
71	92	0
88	7	0
96	55	0
25	73	0
62	52	0
25	29	0
90	20	0
33	47	0
62	0	0
98	95	0
80	64	0
50	76	0
76	25	0
72	72	0
8	86	0
41	5	0
11	92	0
5	65	0
69	69	0
68	95	0
76	7	0
92	96	0
81	11	0
79	76	0
61	5	0
86	33	0
85	46	0
54	36	0
12	78	0
53	88	0
61	81	0
20	55	0
6	41	0
34	98	0
11	67	0
43	0	0
30	51	0
13	63	0
43	30	0
3	39	0
96	51	0
51	22	0
8	47	0
28	87	0
77	71	0
2	0	0
90	67	0
17	66	0
63	45	0
30	56	0
93	47	0
55	38	0
1	12	0
2	53	0
23	61	0
96	67	0
69	51	0
99	58	0
6	57	0
68	63	0
11	78	0
3	21	0
85	61	0
29	61	0
37	13	0
37	32	0
10	84	0
33	88	0
2	5	1
79	46	0
74	61	0
76	61	0
75	80	0
42	75	0
44	23	0
1	69	0
49	71	0
41	46	0
58	53	0
86	7	0
