94	70	0
45	21	0
43	26	0
43	96	0
9	11	0
88	37	0
92	80	0
42	16	0
68	77	0
37	22	0
95	39	0
6	80	0
17	10	0
21	58	0
99	22	0
85	71	0
60	32	0
26	51	0
98	62	0
90	7	0
42	96	0
65	66	0
78	90	0
61	1	0
42	87	0
59	4	0
81	79	0
62	90	0
94	69	0
7	25	0
50	37	0
41	19	0
83	38	0
42	48	0
89	67	0
11	94	0
52	92	0
99	23	0
75	91	0
46	1	0
22	60	0
84	53	0
80	62	0
54	68	0
97	52	0
15	87	0
17	42	0
64	7	0
85	65	0
15	68	0
61	2	0
14	78	0
55	90	0
36	71	0
94	62	0
47	32	0
35	32	0
88	73	0
99	90	0
88	19	0
5	94	0
94	13	0
48	1	0
75	74	0
45	11	0
11	91	0
83	8	0
46	74	0
74	97	0
48	69	0
3	29	0
72	87	0
22	48	0
12	62	0
86	38	0
12	39	0
31	83	0
44	96	0
60	20	0
38	93	0
57	94	0
5	20	0
97	12	0
97	26	0
41	53	0
80	39	0
23	24	0
84	54	0
30	38	0
38	14	0
36	5	0
74	35	0
13	88	0
70	9	0
58	86	0
46	10	0
52	28	0
89	49	0
35	66	0
78	50	0
12	58	0
78	89	0
1	74	0
31	96	0
93	50	0
60	8	0
45	68	0
28	58	0
61	2	0
66	48	0
8	58	0
38	2	0
29	49	0
43	34	0
80	91	0
56	44	0
20	98	0
80	5	0
65	65	0
76	85	0
96	8	0
60	74	0
49	76	0
35	5	0
58	97	0
95	78	0
79	57	0
34	94	0
64	32	0
35	21	0
21	44	0
82	7	0
9	68	0
91	70	0
93	25	0
86	37	0
33	53	0
55	19	0
83	77	0
11	14	0
38	11	0
77	58	0
42	38	0
74	82	0
75	96	0
46	17	0
43	31	0
57	47	0
11	43	0
27	59	0
15	55	0
75	79	0
44	55	0
44	94	0
80	52	0
75	71	0
49	87	0
25	35	0
94	62	0
5	26	0
47	43	0
24	9	0
31	78	0
37	78	0
88	34	0
37	30	0
78	19	0
42	78	0
58	30	0
53	42	0
82	78	0
29	56	0
58	76	0
34	89	0
42	48	0
41	10	0
63	6	0
32	73	0
28	81	0
74	82	0
91	67	0
25	87	0
32	36	0
90	68	0
31	50	0
29	92	0
56	84	0
42	51	0
28	9	0
14	34	0
74	99	0
85	95	0
63	79	0
69	29	0
5	61	0
59	7	0
79	23	0
70	25	0
71	30	0
22	60	0
0	64	0
46	52	0
77	31	0
35	62	0
88	28	0
40	96	0
24	67	0
37	19	0
82	74	0
35	55	0
35	10	0
13	94	0
62	9	0
98	85	0
70	89	0
97	4	0
0	80	0
21	66	0
96	37	0
53	70	0
47	43	0
54	56	0
52	71	0
56	63	0
13	70	0
32	57	0
68	10	0
1	65	0
65	86	0
86	43	0
38	93	0
78	59	0
61	21	0
47	70	0
13	81	0
35	92	0
52	40	0
68	35	0
27	36	0
89	60	0
81	44	0
77	64	0
0	68	0
48	18	0
10	83	0
60	61	0
59	42	0
54	45	0
53	23	0
7	57	0
89	27	0
49	5	0
73	68	0
51	77	0
73	34	0
98	41	0
93	1	0
3	65	0
96	74	0
28	99	0
93	71	0
44	96	0
58	33	0
55	8	0
18	86	0
69	29	0
35	62	0
43	84	0
48	7	0
22	93	0
84	94	0
80	84	0
70	38	0
89	77	0
18	93	0
45	55	0
53	2	0
69	29	0
24	13	0
39	2	0
59	8	0
52	54	0
82	45	0
35	45	0
37	50	0
36	71	0
71	88	0
78	75	0
60	76	0
78	4	0
80	43	0
79	10	0
28	45	0
30	16	0
83	34	0
70	34	0
78	71	0
10	38	0
44	70	0
58	25	0
28	89	0
22	96	0
22	82	0
98	63	0
39	27	0
34	0	0
25	58	0
87	69	0
62	20	0
79	90	0
11	1	0
65	91	0
7	69	0
42	84	0
37	29	0
2	51	0
80	7	0
18	36	0
75	0	0
54	12	0
86	8	0
36	45	0
19	47	0
74	27	0
86	57	0
6	22	0
25	37	0
6	60	0
36	97	0
9	85	0
44	90	0
61	71	0
48	44	0
66	22	0
40	92	0
48	67	0
88	93	0
31	26	0
16	52	0
25	38	0
53	75	0
78	87	0
29	25	0
87	14	0
33	7	0
57	3	0
67	15	0
31	43	0
76	68	0
79	10	0
13	38	0
43	10	0
48	46	0
36	37	0
25	61	0
84	80	0
81	50	0
9	51	0
51	37	0
94	13	0
57	9	0
54	25	0
56	34	0
30	23	0
0	73	0
66	83	0
25	80	0
25	89	0
22	95	0
55	15	0
46	37	0
91	49	0
81	49	0
7	80	0
85	75	0
63	76	0
75	31	0
66	94	0
80	2	0
84	57	0
72	64	0
40	16	0
50	48	0
34	48	0
82	80	0
67	15	0
93	6	0
24	41	0
41	88	0
69	71	0
85	17	0
4	58	0
95	29	0
43	95	0
80	26	0
62	45	0
42	54	0
51	34	0
21	39	0
43	46	0
69	82	0
84	38	0
38	22	0
75	74	0
20	63	0
11	97	0
92	81	0
32	35	0
3	85	0
60	37	0
92	14	0
81	46	0
5	66	0
68	39	0
48	35	0
50	47	0
11	99	0
76	18	0
52	7	0
91	50	0
48	35	0
21	75	0
18	6	0
66	55	0
59	93	0
0	61	0
47	64	0
42	76	0
53	27	0
21	94	0
10	42	0
22	43	0
64	16	0
81	31	0
98	19	0
77	88	0
19	61	0
32	21	0
40	25	0
76	8	0
71	59	0
70	90	0
18	44	0
61	93	0
95	69	0
37	83	0
73	9	0
66	47	0
81	32	0
73	13	0
43	21	0
42	23	0
95	8	0
86	29	0
2	79	0
82	11	0
91	98	0
4	97	0
95	64	0
48	54	0
22	19	0
98	98	0
64	47	0
11	98	0
71	29	0
70	40	0
71	62	0
79	66	0
28	74	0
80	73	0
40	93	0
90	76	0
14	32	1
41	93	0
97	82	0
29	34	0
38	31	0
54	70	0
56	93	0
41	62	0
66	97	0
65	48	0
31	57	0
26	66	0
81	22	0
11	89	0
90	40	0
19	90	0
50	69	0
42	89	0
86	37	0
43	48	0
23	37	0
47	20	0
82	58	0
69	18	0
92	98	0
67	96	0
38	54	0
60	5	0
33	38	0
46	88	0
37	21	0
47	56	0
76	72	0
27	24	0
93	97	0
47	13	0
26	15	0
60	28	0
22	76	0
33	17	0
10	61	0
87	89	0
57	90	0
58	44	0
73	4	0
39	69	0
43	51	0
98	51	0
88	0	0
1	68	0
75	5	0
71	76	0
76	32	0
40	12	0
37	69	0
85	79	0
38	63	0
42	78	0
83	32	0
18	57	0
73	21	0
41	68	0
64	89	0
32	90	0
81	13	0
90	26	0
67	16	0
36	76	0
22	88	0
11	85	0
65	41	0
76	65	0
70	81	0
15	41	0
75	40	0
69	60	0
78	77	0
53	65	0
16	62	0
20	68	0
46	27	0
43	18	0
4	33	0
43	58	0
36	46	0
83	30	0
76	34	0
77	0	0
72	45	0
55	70	0
19	56	0
51	29	0
95	79	0
59	89	0
83	66	0
20	53	0
49	79	0
67	42	0
39	50	0
75	25	0
17	51	0
38	25	0
77	49	0
91	97	0
55	55	0
9	62	0
45	7	0
58	58	0
24	86	0
42	33	0
88	89	0
99	73	0
19	84	0
62	58	0
6	72	0
79	55	0
38	59	0
50	56	0
38	76	0
60	72	0
5	57	0
83	75	0
66	59	0
95	50	0
19	64	0
61	88	0
55	28	0
97	24	0
45	35	0
99	20	0
17	86	0
38	31	0
38	70	0
91	55	0
28	50	0
84	64	0
9	98	0
20	83	0
95	86	0
46	28	0
3	77	0
78	91	0
46	68	0
88	69	0
20	91	0
96	36	0
23	1	0
33	79	0
39	76	0
37	12	0
26	36	0
10	20	0
87	71	0
95	15	0
62	7	0
74	31	0
95	48	0
35	11	0
21	48	0
98	37	0
9	52	0
61	88	0
6	56	0
26	78	0
65	56	0
55	92	0
80	50	0
68	85	0
35	35	0
68	59	0
39	59	0
77	53	0
15	73	0
51	33	0
31	80	0
82	38	0
62	29	0
89	72	0
94	95	0
93	77	0
45	66	0
9	21	1
61	39	0
57	75	0
36	25	0
28	11	0
33	70	0
11	33	0
56	0	0
58	81	0
73	78	0
88	4	0
13	51	0
59	87	0
15	93	0
53	8	0
61	43	0
61	20	0
34	22	0
25	36	0
41	22	0
78	1	0
39	93	0
63	32	0
35	88	0
92	13	0
31	49	0
44	65	0
79	21	0
82	78	0
62	74	0
32	66	0
43	91	0
79	76	0
80	47	0
17	74	0
78	83	0
79	97	0
26	35	0
19	48	0
96	47	0
27	83	0
98	84	0
63	92	0
40	5	0
70	65	0
89	66	0
69	86	0
80	50	0
90	73	0
78	40	0
19	54	0
4	59	0
66	84	0
73	36	0
53	60	0
50	6	0
32	22	0
86	75	0
11	59	0
31	50	0
57	32	0
42	19	0
56	33	0
19	85	0
28	35	1
3	63	0
16	78	0
75	52	0
16	28	1
70	19	0
93	31	0
80	5	0
57	81	0
1	54	0
53	25	0
55	44	0
50	84	0
89	8	0
25	32	0
63	64	0
45	84	0
18	99	0
36	64	0
32	82	0
36	24	0
81	72	0
45	42	0
42	81	0
58	36	0
9	43	0
63	59	0
64	23	0
27	82	0
84	42	0
31	33	0
35	50	0
25	12	0
1	58	0
78	64	0
83	70	0
37	55	0
89	55	0
82	69	0
74	32	0
61	16	0
80	79	0
75	21	0
4	57	0
83	80	0
31	27	0
72	36	0
21	62	0
10	88	0
33	94	0
31	59	0
99	27	0
17	46	0
57	90	0
6	85	0
93	69	0
57	57	0
86	33	0
17	7	0
49	27	0
59	1	0
5	79	0
54	52	0
85	69	0
77	37	0
12	9	0
14	46	0
68	14	0
18	82	0
80	1	0
47	73	0
38	31	0
87	94	0
13	19	0
27	96	0
96	57	0
28	9	0
91	88	0
49	57	0
69	61	0
46	26	0
92	31	0
89	80	0
5	62	0
3	79	0
19	47	0
12	84	0
3	95	0
81	18	0
37	49	0
9	94	0
48	11	0
74	6	0
39	66	0
68	54	0
50	22	0
34	67	0
32	32	0
87	21	0
2	42	0
83	67	0
87	10	0
60	47	0
26	23	0
50	4	0
11	93	0
50	62	0
44	59	0
35	14	0
2	94	0
4	95	0
63	57	0
91	35	0
31	25	0
24	71	0
95	87	0
50	30	0
58	77	0
68	90	0
5	78	0
74	29	0
50	57	0
22	33	0
95	69	0
53	68	0
96	14	0
82	11	0
85	26	0
66	95	0
44	63	0
41	67	0
73	11	0
37	9	0
68	95	0
72	72	0
18	52	0
69	38	0
63	90	0
81	18	0
90	54	0
26	74	0
47	58	0
20	28	0
93	27	0
31	54	0
80	11	0
91	96	0
73	61	0
57	79	0
73	38	0
75	77	0
8	96	0
39	5	0
7	90	0
5	60	0
60	70	0
70	87	0
72	7	0
89	99	0
86	13	0
83	86	0
65	8	0
83	34	0
80	43	0
52	37	0
16	86	0
63	99	0
66	80	0
21	47	0
8	35	0
21	94	0
10	64	0
47	6	0
38	51	0
20	60	0
41	32	0
0	43	0
96	54	0
46	29	0
14	53	0
26	79	0
72	77	0
3	3	1
98	65	0
16	64	0
58	51	0
29	61	0
78	42	0
53	38	0
5	41	0
19	55	0
80	56	0
68	52	0
85	55	0
2	65	0
68	58	0
2	83	0
0	22	0
90	68	0
17	58	0
39	2	0
35	30	0
11	93	0
23	85	0
76	42	0
66	68	0
73	55	0
76	83	0
43	69	0
52	34	0
6	70	0
50	64	0
35	42	0
64	57	0
81	19	0
