99	66	0
23	11	0
60	96	0
8	2	0
96	48	0
99	97	0
38	72	0
59	22	1
74	54	0
3	88	0
1	9	0
19	96	0
99	36	0
64	76	0
37	34	0
90	73	0
95	28	0
54	96	0
39	76	0
84	67	0
48	15	0
25	81	0
58	29	1
85	69	0
79	78	0
83	80	0
7	26	0
48	36	0
89	23	0
83	69	0
8	75	0
31	93	0
83	13	0
66	91	0
33	8	1
49	72	0
78	69	0
95	64	0
57	60	0
94	33	0
11	70	0
69	0	1
92	66	0
19	75	0
50	1	0
11	75	0
36	95	0
24	62	1
90	54	0
45	38	0
29	15	0
92	89	0
87	96	0
90	16	0
27	83	0
99	14	0
16	14	0
74	90	0
2	89	0
90	4	0
26	63	0
62	86	0
46	59	1
11	28	0
71	77	0
86	33	0
25	91	0
47	98	0
69	31	0
33	90	0
47	93	0
18	17	0
99	17	0
79	23	0
48	78	0
89	30	0
75	60	0
55	14	1
63	37	0
0	99	0
73	6	0
51	78	0
60	30	1
85	4	0
92	63	0
0	62	0
69	90	0
1	76	0
34	93	0
99	60	0
79	28	0
36	70	0
74	7	0
56	49	0
9	67	0
35	2	0
66	71	0
58	30	0
4	98	0
94	30	0
43	76	0
76	65	0
89	1	0
63	83	0
66	81	0
2	27	0
62	83	0
90	83	0
78	49	0
22	90	0
69	37	0
76	0	0
95	59	0
90	34	0
99	45	0
23	47	0
51	67	0
9	20	0
48	32	0
88	65	0
51	76	0
63	72	0
60	19	1
45	36	0
64	70	0
48	58	0
42	96	0
71	41	0
62	69	0
56	76	0
91	54	0
25	16	0
48	38	0
23	16	0
19	78	0
28	54	1
75	44	0
52	40	1
90	8	0
26	86	0
24	38	0
69	77	0
24	69	1
62	61	0
43	76	0
42	3	0
46	12	1
41	91	0
27	68	1
71	78	0
98	59	0
22	93	0
88	69	0
30	57	0
16	75	0
52	72	0
15	38	0
74	81	0
93	82	0
42	74	0
80	47	0
52	56	0
56	23	1
65	16	0
46	56	1
54	15	1
28	68	1
91	32	0
28	97	0
28	61	1
70	83	0
30	24	0
40	77	0
54	14	0
95	99	0
29	78	0
98	11	0
23	78	0
99	33	0
57	99	0
78	77	0
64	62	0
27	48	0
10	61	0
60	0	0
67	96	0
98	51	0
46	88	0
64	75	0
84	17	0
58	79	0
35	79	0
36	87	0
23	18	0
62	23	0
82	51	0
56	42	0
73	68	0
67	29	0
18	96	0
53	62	0
87	40	0
73	43	0
51	7	0
93	26	0
77	79	0
70	92	0
77	61	0
94	30	0
97	20	0
0	34	1
86	79	0
35	92	0
71	83	0
43	96	0
35	41	1
92	31	0
19	99	0
87	23	0
23	47	0
29	85	0
53	11	1
28	99	0
74	90	0
79	78	0
95	59	0
95	54	0
24	91	0
50	80	0
77	14	0
82	54	0
47	3	0
32	33	0
42	58	1
75	37	0
23	59	0
38	47	0
24	70	0
75	94	0
94	57	0
56	73	0
94	3	0
90	41	0
64	11	1
99	48	0
67	54	0
69	81	0
5	37	1
44	67	0
70	25	0
8	82	0
32	62	0
11	88	0
88	60	0
80	67	0
89	8	0
98	82	0
27	1	0
35	93	0
27	69	1
57	94	0
42	30	0
79	17	0
99	8	0
94	20	0
48	50	1
76	25	0
76	59	0
6	6	0
29	99	0
21	71	0
55	95	0
34	71	0
84	45	0
66	12	1
54	88	0
59	62	0
98	88	0
62	40	0
71	92	0
83	16	0
17	15	0
45	1	0
48	22	1
33	24	0
95	48	0
77	11	0
19	44	0
20	27	0
40	51	1
51	35	0
95	75	0
97	61	0
71	33	0
92	6	0
67	6	0
77	14	0
45	38	1
39	17	0
10	70	0
84	92	0
47	90	0
2	96	0
29	47	0
49	37	0
74	38	0
62	51	0
77	75	0
81	75	0
68	28	0
68	84	0
70	5	0
94	48	0
72	51	0
60	53	0
96	72	0
75	18	0
97	16	0
19	44	0
69	96	0
59	70	0
82	23	0
16	76	0
97	41	0
57	99	0
97	31	0
67	23	0
34	61	0
55	47	0
34	70	1
62	82	0
74	33	0
81	73	0
18	87	0
97	92	0
1	77	0
95	1	0
87	23	0
47	73	0
46	54	0
63	45	0
15	89	0
74	36	0
96	58	0
46	30	0
35	92	0
35	9	0
39	42	1
55	90	0
37	89	0
40	81	0
16	72	0
14	24	0
70	1	0
76	33	0
96	12	0
85	98	0
28	63	1
27	26	0
70	11	0
59	39	0
65	99	0
2	23	0
46	88	0
89	43	0
24	83	0
80	0	0
44	60	1
60	25	0
88	19	0
90	45	0
17	87	0
74	15	0
80	99	0
34	94	0
88	64	0
10	30	0
65	99	0
67	41	0
11	80	0
66	24	0
85	46	0
81	45	0
74	60	0
21	49	0
93	56	0
20	93	0
93	58	0
18	94	0
83	83	0
39	18	0
76	75	0
60	97	0
43	40	1
64	96	0
78	52	0
46	51	1
27	62	1
84	13	0
2	77	0
71	53	0
23	97	0
42	51	1
51	64	0
80	32	0
24	60	0
51	39	0
88	55	0
72	23	0
76	83	0
46	97	0
38	50	1
62	99	0
35	92	0
92	86	0
88	76	0
76	10	0
23	0	0
48	36	0
33	63	0
5	80	0
82	84	0
67	80	0
66	53	0
66	17	0
39	66	0
37	73	0
77	56	0
95	0	0
18	73	0
81	8	0
59	56	0
38	40	0
85	90	0
26	76	0
56	92	0
72	21	0
76	15	0
45	60	0
58	88	0
25	96	0
89	19	0
84	15	0
77	21	0
13	67	0
12	94	0
13	85	0
49	31	1
64	85	0
74	93	0
1	32	1
60	53	0
81	91	0
72	58	0
69	64	0
13	90	0
8	79	0
40	29	0
8	20	0
38	38	0
22	51	0
96	35	0
77	47	0
63	10	1
65	44	0
55	53	0
43	26	0
92	76	0
58	80	0
79	48	0
30	56	1
39	93	0
74	55	0
26	7	0
94	46	0
63	94	0
35	30	0
54	57	1
29	95	0
64	99	0
85	66	0
26	83	0
62	41	0
7	80	0
57	55	1
39	73	0
70	57	0
62	71	0
57	88	0
12	49	0
60	57	0
83	44	0
81	60	0
37	73	0
67	89	0
44	32	0
97	21	0
51	45	0
87	7	0
11	77	0
55	94	0
86	74	0
77	69	0
13	93	0
7	71	0
78	89	0
32	29	0
4	88	0
69	99	0
56	65	0
91	69	0
19	91	0
77	47	0
17	3	0
50	97	0
20	92	0
12	13	0
87	56	0
88	21	0
78	27	0
71	17	0
14	16	0
17	53	0
77	26	0
4	72	0
65	70	0
8	42	1
23	79	0
70	45	0
70	98	0
70	35	0
67	88	0
77	52	0
72	84	0
6	80	0
42	48	0
30	76	0
64	56	0
56	49	0
89	44	0
97	99	0
83	88	0
47	60	0
76	53	0
62	61	0
71	5	0
70	79	0
88	75	0
90	9	0
56	79	0
7	99	0
47	44	1
67	38	0
66	31	0
76	23	0
21	79	0
75	19	0
32	63	1
88	20	0
36	61	0
47	34	0
59	93	0
66	75	0
49	82	0
72	85	0
84	62	0
80	44	0
99	62	0
74	96	0
94	45	0
32	64	0
94	90	0
38	74	0
76	79	0
88	43	0
45	93	0
88	74	0
89	49	0
80	26	0
48	44	1
6	68	0
51	74	0
72	20	0
61	36	0
81	84	0
64	47	0
11	86	0
17	89	0
67	42	0
85	24	0
90	46	0
98	4	0
88	90	0
58	38	0
28	74	0
95	22	0
62	48	0
22	77	0
15	97	0
24	71	0
8	85	0
59	55	0
42	28	0
38	78	0
50	47	1
63	76	0
69	12	0
22	87	0
88	48	0
16	20	0
18	76	0
75	68	0
68	47	0
39	56	1
90	51	0
87	52	0
78	57	0
59	67	0
80	53	0
5	28	0
97	82	0
60	50	0
42	85	0
6	78	0
24	87	0
28	56	0
89	22	0
53	95	0
9	93	0
98	62	0
78	17	0
20	12	0
30	29	0
72	10	0
18	71	0
81	56	0
94	36	0
11	4	0
0	38	1
68	14	0
40	85	0
99	82	0
6	8	0
51	86	0
81	33	0
97	78	0
52	62	0
63	75	0
22	37	0
92	39	0
95	67	0
16	73	0
23	78	0
27	70	1
24	89	0
74	13	0
29	61	1
8	87	0
37	33	0
47	58	1
68	45	0
33	71	0
92	24	0
4	31	0
85	40	0
73	16	0
45	50	1
35	24	0
41	9	1
21	90	0
49	83	0
14	68	0
22	27	0
17	77	0
18	85	0
62	60	0
87	42	0
40	56	1
79	93	0
49	27	0
62	74	0
40	69	0
15	92	0
84	35	0
46	52	1
7	16	0
88	56	0
62	51	0
92	27	0
82	29	0
77	33	0
56	91	0
40	33	0
59	42	0
59	30	0
41	7	0
34	98	0
49	65	0
94	39	0
59	98	0
78	53	0
79	45	0
39	89	0
35	80	0
94	26	0
51	55	1
71	5	0
96	98	0
77	81	0
54	90	0
73	22	0
82	74	0
24	76	0
64	22	0
18	95	0
41	59	1
89	61	0
67	11	1
94	90	0
83	7	0
96	95	0
61	9	1
74	24	0
78	55	0
63	21	0
4	84	0
67	98	0
60	78	0
4	27	0
6	95	0
15	72	0
49	41	0
81	35	0
1	59	1
24	90	0
65	98	0
95	44	0
1	73	0
68	46	0
32	91	0
85	43	0
72	47	0
26	60	1
82	40	0
78	43	0
54	73	0
50	47	1
2	83	0
4	4	0
81	72	0
18	59	0
16	8	0
0	95	0
34	75	0
93	43	0
71	85	0
90	64	0
98	82	0
50	58	1
63	31	0
1	72	0
56	64	0
36	40	1
78	37	0
86	23	0
