94	66	0
22	18	0
63	99	0
14	3	0
91	43	0
94	99	0
42	79	0
65	50	0
2	89	0
3	9	0
15	86	0
95	47	0
69	84	0
29	33	0
88	87	0
93	40	0
48	94	0
44	83	0
70	74	0
45	9	0
80	72	0
93	89	0
76	92	0
9	20	0
82	18	0
67	71	0
14	71	1
34	92	0
82	17	0
66	87	0
50	68	0
76	74	0
97	49	0
97	27	0
19	76	0
93	72	0
14	66	0
42	0	0
9	74	0
36	88	0
85	46	0
36	18	0
96	91	0
88	94	0
98	17	0
32	78	1
98	12	0
25	24	0
73	85	0
2	86	0
93	3	0
65	92	0
5	25	0
73	79	0
88	31	0
25	82	0
59	94	0
81	20	0
27	88	0
35	85	0
24	13	0
99	8	0
80	32	0
49	77	0
83	22	0
64	41	0
77	36	0
8	97	0
46	87	0
72	11	1
94	65	0
71	94	0
1	70	0
42	89	0
99	53	0
81	21	0
56	10	1
55	33	0
33	7	0
71	58	0
2	90	0
91	28	0
47	68	0
83	53	0
84	0	0
67	94	0
61	89	0
7	31	0
64	80	0
82	69	0
76	44	0
18	99	0
69	42	0
91	62	0
90	29	0
97	35	0
13	53	0
1	19	0
89	62	0
55	82	0
55	60	0
54	77	0
56	99	0
75	38	0
67	75	0
67	77	0
89	62	0
25	16	0
17	14	0
19	82	1
79	52	0
95	2	0
23	98	0
24	45	0
63	72	0
58	79	0
55	75	0
48	3	0
51	85	0
73	85	0
82	56	0
20	93	0
87	81	0
3	73	0
52	61	1
18	47	0
77	79	0
98	68	0
44	69	0
68	40	0
91	31	0
29	93	0
55	78	0
22	45	0
45	77	0
36	25	0
90	91	0
32	97	0
93	0	0
82	38	0
63	91	0
71	79	0
64	72	0
25	39	0
25	59	0
65	4	1
58	93	0
83	65	0
44	90	0
60	82	0
74	19	0
63	69	1
28	72	1
46	91	0
27	21	0
79	60	0
60	43	0
75	63	0
81	37	0
11	97	0
64	56	0
89	38	0
60	34	0
57	13	0
97	28	0
66	81	0
80	96	0
79	68	0
99	23	0
96	32	0
87	78	0
31	93	0
69	85	0
49	95	0
80	33	0
11	98	0
90	21	0
24	46	0
24	91	0
23	99	0
82	78	0
71	79	0
91	53	0
88	59	0
23	82	1
47	90	0
71	0	1
84	59	0
49	5	0
42	29	0
87	43	0
26	72	0
68	86	0
79	61	0
53	60	1
78	1	0
88	43	0
93	47	0
75	62	0
71	81	0
56	72	1
61	14	0
7	86	0
4	90	0
83	64	0
81	65	0
91	5	0
98	83	0
20	3	0
27	93	0
58	97	0
49	33	1
91	14	0
95	11	0
98	27	0
77	27	0
66	49	0
2	1	0
23	95	0
9	76	1
48	82	0
51	70	0
91	45	0
58	86	0
95	85	0
71	35	0
84	82	0
79	17	0
15	9	0
38	7	0
35	27	0
96	43	0
85	14	0
13	50	0
20	21	0
87	80	0
96	69	0
70	22	0
99	15	0
64	1	0
81	15	0
37	14	0
18	71	1
96	89	0
31	85	0
8	96	0
35	43	0
75	48	0
64	56	0
68	74	0
80	79	0
74	23	0
70	78	0
97	41	0
79	55	0
66	51	0
96	67	0
66	20	0
94	16	0
29	52	0
66	97	0
89	30	0
16	86	0
94	40	0
73	96	0
92	37	0
61	19	0
54	44	0
59	93	0
75	87	0
28	92	0
95	78	0
3	87	0
91	1	0
90	10	0
51	75	0
63	52	1
7	92	0
73	40	0
94	63	0
33	83	1
24	11	0
52	93	0
30	83	0
53	77	0
4	31	0
85	33	0
97	12	0
76	94	0
21	24	0
65	6	1
69	32	0
67	88	0
3	14	0
47	83	0
84	47	0
28	88	0
82	7	0
84	18	0
89	56	0
13	81	0
63	16	0
89	93	0
34	97	0
69	59	0
7	39	0
61	88	0
61	43	0
17	72	1
56	24	1
93	47	0
76	53	0
74	57	0
7	37	0
95	62	0
23	97	0
90	54	0
12	93	0
86	83	0
35	20	0
76	62	0
57	91	0
57	97	0
81	53	0
76	10	0
0	80	0
72	41	0
24	98	0
81	27	0
89	48	0
73	21	0
81	71	0
47	98	0
54	94	0
31	97	0
95	80	0
73	83	0
19	1	0
12	80	0
81	92	0
68	86	0
69	52	0
67	29	0
36	76	1
83	59	0
98	3	0
14	72	1
90	3	0
55	63	1
89	84	0
60	85	0
72	25	0
88	12	0
73	92	0
26	98	0
91	15	0
96	0	0
68	22	0
7	53	0
15	95	0
13	88	0
79	85	0
87	97	0
56	51	1
73	94	0
87	64	0
72	63	0
10	97	0
15	74	0
32	26	0
1	16	0
42	40	0
95	26	0
83	38	0
70	54	0
49	16	0
83	81	0
65	84	0
87	51	0
34	84	1
80	61	0
21	10	0
99	37	0
61	97	0
33	41	0
30	94	0
71	91	0
92	71	0
32	90	0
15	77	0
42	63	0
57	65	1
65	80	0
53	94	0
10	48	0
73	66	0
83	46	0
91	70	0
43	75	0
66	79	0
87	12	0
54	51	1
86	8	0
11	83	0
45	93	0
85	74	0
69	73	0
8	91	0
14	81	0
80	96	0
32	25	0
10	80	0
65	91	0
60	72	0
85	82	0
12	93	0
73	49	0
19	5	0
44	96	0
7	97	0
0	19	0
81	62	0
82	14	0
80	30	0
75	18	0
13	21	0
16	55	0
75	30	0
0	72	1
63	69	0
27	92	0
61	57	0
85	87	0
84	40	0
73	81	0
66	53	0
75	81	0
6	67	0
35	78	1
75	63	0
56	42	0
96	38	0
99	93	0
79	79	0
69	54	0
63	54	0
57	79	0
99	81	0
96	3	0
58	78	0
4	99	0
58	34	0
66	22	0
69	18	0
27	70	0
77	24	0
79	24	0
30	26	0
57	97	0
71	63	0
42	89	0
70	98	0
79	58	0
83	31	0
86	64	0
87	97	0
94	42	0
89	85	0
42	87	0
68	77	0
81	46	0
42	90	0
82	78	0
73	63	0
95	22	0
1	74	1
54	75	0
81	21	0
62	36	0
83	84	0
75	55	0
14	89	0
21	89	0
78	35	0
85	29	0
96	50	0
96	9	0
81	85	0
89	16	0
76	37	0
21	73	1
14	95	0
22	72	0
7	86	0
55	49	1
46	26	0
40	65	0
56	83	0
68	3	0
16	85	0
82	49	0
24	17	0
21	63	0
80	65	0
66	62	0
84	61	0
84	52	0
70	63	0
79	49	0
7	37	0
96	87	0
68	52	0
46	85	0
6	70	0
31	79	1
89	23	0
56	89	0
19	90	0
98	45	0
66	27	0
15	17	0
23	32	0
69	2	1
13	66	0
77	56	0
92	37	0
23	4	0
61	5	0
41	88	0
89	81	0
15	2	0
49	77	0
69	29	0
94	63	0
65	64	0
66	90	0
4	43	0
97	45	0
92	62	0
10	78	0
25	80	1
22	97	0
5	97	0
62	40	0
90	17	0
9	15	0
86	30	0
88	18	0
39	28	0
19	95	0
55	84	0
14	77	0
25	23	0
19	73	1
22	88	0
63	58	0
89	44	0
66	88	0
54	70	1
22	98	0
78	41	0
9	0	0
81	58	0
47	56	0
92	30	0
70	27	0
76	32	0
55	95	0
48	38	1
67	8	1
36	99	0
86	39	0
68	97	0
74	56	0
85	44	0
56	90	0
37	76	1
90	36	0
97	99	0
81	84	0
58	80	0
91	18	0
72	77	0
25	76	1
65	22	0
30	95	0
93	53	0
95	90	0
78	7	0
96	98	0
78	24	0
89	66	0
9	94	0
72	98	0
62	78	0
1	14	0
12	97	0
8	72	0
87	28	0
30	96	0
58	86	0
83	43	0
14	71	1
77	45	0
24	99	0
82	46	0
88	56	0
74	47	0
79	26	0
2	84	0
12	4	0
65	73	0
19	62	0
24	4	0
4	88	0
33	77	1
93	51	0
78	86	0
93	57	0
93	79	0
76	47	0
2	82	0
81	28	0
90	32	0
