94	59	0
55	16	0
43	22	0
45	90	0
1	42	0
88	30	0
98	78	0
12	8	0
45	11	0
65	89	0
43	36	0
75	42	0
0	92	0
28	7	0
19	55	0
96	3	0
85	80	0
67	29	0
31	62	0
96	60	0
97	0	0
40	75	0
71	80	0
80	85	0
76	1	0
21	91	0
59	18	0
75	72	0
69	89	0
95	59	0
4	43	0
30	28	0
44	19	0
81	19	0
48	49	0
87	75	0
9	93	0
67	67	0
91	16	0
86	96	0
43	17	0
28	61	0
67	55	0
99	59	0
58	86	0
93	51	0
20	98	0
31	43	0
60	14	0
93	45	0
23	65	0
58	7	0
32	83	0
64	95	0
32	67	0
92	71	0
53	19	0
39	61	0
84	76	0
99	90	0
78	9	0
23	94	0
91	4	0
49	11	0
94	65	0
43	27	0
13	87	0
93	8	0
34	83	0
86	73	0
58	51	0
21	32	0
91	79	0
24	40	0
26	49	0
88	37	0
24	14	0
14	37	0
40	79	0
64	96	0
72	22	0
44	98	0
69	93	0
8	6	0
16	29	0
91	11	0
91	14	0
51	51	0
84	37	0
21	32	0
76	50	0
45	50	0
27	9	0
33	5	0
73	50	0
24	81	0
55	1	0
45	82	0
38	1	0
35	26	0
87	40	0
51	62	0
57	46	0
19	78	0
70	78	0
1	83	0
47	94	0
84	47	0
69	17	0
50	78	0
3	54	0
64	7	0
50	73	0
5	81	0
48	0	0
24	54	0
20	31	0
95	79	0
10	31	1
40	27	0
6	0	0
36	95	0
88	2	0
59	62	0
11	38	0
77	79	0
97	19	0
65	64	0
53	84	0
29	18	0
60	96	0
15	14	0
74	80	0
67	51	0
26	92	0
80	32	0
38	32	0
22	21	0
72	8	0
10	7	0
1	76	0
14	10	0
93	82	0
94	10	0
85	40	0
52	59	0
68	8	0
85	89	0
4	3	0
36	16	0
14	7	0
80	74	0
36	39	0
89	74	0
85	80	0
54	29	0
58	35	0
72	56	0
2	47	0
27	77	0
15	57	0
90	76	0
43	60	0
36	94	0
87	46	0
72	73	0
59	84	0
21	40	0
98	77	0
6	46	0
31	33	0
15	22	0
23	75	0
28	69	0
98	23	0
50	30	0
77	8	0
41	82	0
70	25	0
56	33	0
75	74	0
25	50	0
63	61	0
34	99	0
34	66	0
27	2	0
69	23	0
21	93	0
4	87	0
65	83	0
80	47	0
18	87	0
20	45	0
82	70	0
21	51	0
33	73	0
35	89	0
58	41	0
30	0	0
18	45	0
74	88	0
90	87	0
61	95	0
70	12	0
7	55	0
63	7	0
57	24	0
60	27	0
77	19	0
28	61	0
2	76	0
51	66	0
63	41	0
30	68	0
86	22	0
59	86	0
36	75	0
22	13	0
86	80	0
32	77	0
45	2	0
4	84	0
83	22	0
94	72	0
76	86	0
84	26	0
2	79	0
25	83	0
94	46	0
60	69	0
36	45	0
45	77	0
73	69	0
47	59	0
16	78	0
37	63	0
67	5	0
8	60	0
68	96	0
69	40	0
26	82	0
90	66	0
39	10	0
41	61	0
6	70	0
38	89	0
58	29	0
75	16	0
18	37	0
92	61	0
63	37	0
78	46	0
14	92	0
55	12	0
18	80	0
65	68	0
62	57	0
70	58	0
59	2	0
23	10	0
11	53	0
75	53	0
53	12	0
68	57	0
41	86	0
62	51	0
90	29	0
94	10	0
15	63	0
84	66	0
20	88	0
14	18	0
97	52	0
38	95	0
49	36	0
48	2	0
14	98	0
70	41	0
41	55	0
34	77	0
43	6	0
18	83	0
79	81	0
82	75	0
59	34	0
88	73	0
14	87	0
40	43	0
64	2	0
68	19	0
30	27	0
53	6	0
58	15	0
54	36	0
69	37	0
25	50	0
23	49	0
56	46	0
73	72	0
88	84	0
45	98	0
75	13	0
96	61	0
71	9	0
12	54	0
19	12	0
91	40	0
56	29	0
75	74	0
14	47	0
49	65	0
63	23	0
30	98	0
28	90	0
39	77	0
97	47	0
42	24	0
48	0	0
30	44	0
91	53	0
71	6	0
65	94	0
28	3	0
69	91	0
5	80	0
45	78	0
28	23	0
5	49	0
12	15	1
84	11	0
20	31	0
79	18	0
39	5	0
6	6	0
82	14	0
28	67	0
24	42	0
92	27	0
89	50	0
9	35	0
22	40	0
4	52	0
33	89	0
12	77	0
2	7	0
37	91	0
51	67	0
42	17	0
9	16	0
55	30	0
43	86	0
40	73	0
88	99	0
33	28	0
18	56	0
34	47	0
55	68	0
75	97	0
45	15	0
72	3	0
27	10	0
43	10	0
55	4	0
18	56	0
76	59	0
65	1	0
28	48	0
61	4	0
54	59	0
48	54	0
36	59	0
78	82	0
67	49	0
19	69	0
54	41	0
22	18	0
99	9	0
41	4	0
62	24	0
54	26	0
16	42	0
10	71	0
61	71	0
10	84	0
36	99	0
28	86	0
40	20	0
41	37	0
87	63	0
58	34	0
11	69	0
76	82	0
2	19	1
66	84	0
26	31	0
66	19	0
71	91	0
69	4	0
96	63	0
75	43	0
40	26	0
33	41	0
36	40	0
87	74	0
15	21	0
69	22	0
83	5	0
11	53	0
36	86	0
76	76	0
76	2	0
3	64	0
93	46	0
58	97	0
9	15	0
69	4	0
60	59	0
38	60	0
59	46	0
20	38	0
48	39	0
75	79	0
63	51	0
38	27	0
72	72	0
21	47	0
21	80	0
78	86	0
44	16	0
1	80	0
75	17	0
84	21	0
69	45	0
16	63	0
70	18	0
19	26	0
59	46	0
16	98	0
65	50	0
53	7	0
87	53	0
40	27	0
29	75	0
43	1	0
78	35	0
5	2	0
61	93	0
9	91	0
26	36	0
53	70	0
58	29	0
12	97	0
13	47	0
18	39	0
53	15	0
93	37	0
74	23	0
88	98	0
34	62	0
19	25	0
39	18	0
42	27	0
92	14	0
55	59	0
80	79	0
31	38	0
65	97	0
73	58	0
39	78	0
79	0	0
71	42	0
80	14	0
65	20	0
43	24	0
30	34	0
94	8	0
64	24	0
6	76	0
96	6	0
95	85	0
6	95	0
6	31	1
90	66	0
43	48	0
36	3	0
92	86	0
80	58	0
24	98	0
68	27	0
73	40	0
91	63	0
10	19	1
85	72	0
33	79	0
77	77	0
28	98	0
96	69	0
33	45	0
22	86	0
95	85	0
35	32	0
28	35	0
71	73	0
67	97	0
46	73	0
13	14	1
45	80	0
60	60	0
38	58	0
34	72	0
87	21	0
13	94	0
84	49	0
25	75	0
36	63	0
43	79	0
90	34	0
29	31	0
23	53	0
2	17	0
66	39	0
99	69	0
59	23	0
80	92	0
71	94	0
30	40	0
49	18	0
27	47	0
19	77	0
32	28	0
54	68	0
68	95	0
34	29	0
73	87	0
55	34	0
42	13	0
70	38	0
23	74	0
48	10	0
7	59	0
96	84	0
58	97	0
43	56	0
76	11	0
48	69	0
2	17	1
5	24	1
44	55	0
93	59	0
92	2	0
4	68	0
74	8	0
84	84	0
69	27	0
34	0	0
28	67	0
78	76	0
33	84	0
55	78	0
85	16	0
17	76	0
58	18	0
58	73	0
61	94	0
31	92	0
97	12	0
91	16	0
69	11	0
42	92	0
14	89	0
0	88	0
77	57	0
75	64	0
84	62	0
8	43	0
86	49	0
62	52	0
8	19	0
80	71	0
68	65	0
15	42	0
12	65	0
40	29	0
40	38	0
11	58	0
58	54	0
47	47	0
96	42	0
75	32	0
78	0	0
74	37	0
47	90	0
17	16	0
23	46	0
71	46	0
99	87	0
71	71	0
99	74	0
20	47	0
56	75	0
55	43	0
30	62	0
81	40	0
7	28	1
22	63	0
38	21	0
77	64	0
69	99	0
49	55	0
25	58	0
36	6	0
85	65	0
22	81	0
52	32	0
85	79	0
94	80	0
16	93	0
44	55	0
15	79	0
78	80	0
41	55	0
53	61	0
40	81	0
74	68	0
32	32	0
17	66	0
95	76	0
75	59	0
97	63	0
32	83	0
59	83	0
66	28	0
28	25	0
88	26	0
41	31	0
97	0	0
19	82	0
23	22	0
4	14	0
35	98	0
90	67	0
23	40	0
94	56	0
10	98	0
16	65	0
34	0	0
92	93	0
23	24	0
2	85	0
73	98	0
37	59	0
77	67	0
21	78	0
89	28	0
24	27	0
36	80	0
29	75	0
40	22	0
21	40	0
16	33	0
97	70	0
87	16	0
51	12	0
73	7	0
91	48	0
29	11	0
47	29	0
94	37	0
7	56	0
47	87	0
10	53	0
17	78	0
72	56	0
47	93	0
64	52	0
72	81	0
34	25	0
90	70	0
34	64	0
91	43	0
13	76	0
70	43	0
27	65	0
71	29	0
4	30	1
63	39	0
87	78	0
87	87	0
87	94	0
27	82	0
21	45	0
47	50	0
46	64	0
38	30	0
25	10	0
37	61	0
8	48	0
64	1	0
75	84	0
89	55	0
96	4	0
10	52	0
8	0	0
79	97	0
7	82	0
52	22	0
56	32	0
75	14	0
20	2	0
51	13	0
18	39	0
3	33	1
53	14	0
53	5	0
2	25	1
28	82	0
56	21	0
34	97	0
80	1	0
31	42	0
50	63	0
66	20	0
92	60	0
61	69	0
43	64	0
52	96	0
83	93	0
15	13	0
96	55	0
16	65	0
85	68	0
55	83	0
16	34	0
15	61	0
99	44	0
26	79	0
93	96	0
69	82	0
42	11	0
43	62	0
73	56	0
41	88	0
82	50	0
95	74	0
77	24	0
11	63	0
8	67	0
83	94	0
69	35	0
59	65	0
58	6	0
19	21	0
71	71	0
34	36	0
15	62	0
32	50	0
49	48	0
35	14	0
61	28	0
7	88	0
24	43	0
14	59	0
6	58	0
81	58	0
26	21	0
63	18	0
94	22	0
82	2	0
57	65	0
0	71	0
59	29	0
37	31	0
14	13	0
16	17	0
76	71	0
70	21	0
39	43	0
48	77	0
54	82	0
14	96	0
22	65	0
48	83	0
28	39	0
78	94	0
51	38	0
32	79	0
15	6	0
56	17	0
9	45	0
58	50	0
70	11	0
27	75	0
86	64	0
59	51	0
50	43	0
42	23	0
0	66	0
77	67	0
74	54	0
43	32	0
76	63	0
75	72	0
76	43	0
62	11	0
91	77	0
82	25	0
4	72	0
71	67	0
6	28	1
11	28	1
24	0	0
47	27	0
6	1	0
11	52	0
16	81	0
29	92	0
29	45	0
99	33	0
13	48	0
61	95	0
17	85	0
99	62	0
46	62	0
6	23	1
83	41	0
26	2	0
60	21	0
54	6	0
16	0	0
27	84	0
47	59	0
88	76	0
65	44	0
14	8	0
27	27	0
58	9	0
10	24	1
3	74	0
73	5	0
42	69	0
56	33	0
67	98	0
14	40	0
10	93	0
91	51	0
24	18	0
91	77	0
64	58	0
67	39	0
46	32	0
96	26	0
87	60	0
12	59	0
2	95	0
31	51	0
1	89	0
7	92	0
92	24	0
28	50	0
1	99	0
54	7	0
65	7	0
46	50	0
25	17	0
64	45	0
40	25	0
19	81	0
24	32	0
58	7	0
6	39	0
92	49	0
90	3	0
56	54	0
36	0	0
42	25	0
12	93	0
58	76	0
30	66	0
17	5	0
38	23	0
9	87	0
0	76	0
70	52	0
89	43	0
54	36	0
14	79	0
23	32	0
91	83	0
68	25	0
46	75	0
64	94	0
19	14	0
8	88	0
69	16	0
54	75	0
32	38	0
94	67	0
32	74	0
94	26	0
85	17	0
99	18	0
83	87	0
42	58	0
17	85	0
82	15	0
37	5	0
64	79	0
65	76	0
21	42	0
65	48	0
61	77	0
78	21	0
92	50	0
10	67	0
61	40	0
27	35	0
90	27	0
65	40	0
69	16	0
91	94	0
81	71	0
52	71	0
79	38	0
56	69	0
5	97	0
38	3	0
4	94	0
17	82	0
64	64	0
73	92	0
81	13	0
95	97	0
78	0	0
7	8	0
93	73	0
65	10	0
98	34	0
76	63	0
49	42	0
16	65	0
65	94	0
61	72	0
0	46	0
7	43	0
36	98	0
1	84	0
58	5	0
41	46	0
13	70	0
40	31	0
13	26	1
1	46	0
97	57	0
52	35	0
1	47	0
23	90	0
78	63	0
2	8	0
88	90	0
21	82	0
64	49	0
41	54	0
90	45	0
58	39	0
4	6	0
12	11	0
2	53	0
23	57	0
96	77	0
62	48	0
97	67	0
12	54	0
77	58	0
16	78	0
2	1	0
74	77	0
2	17	1
27	72	0
37	11	0
29	22	0
5	75	0
31	91	0
4	6	0
74	38	0
57	60	0
81	64	0
87	81	0
43	88	0
30	26	0
2	64	0
7	12	0
38	69	0
48	50	0
55	50	0
81	13	0
