89	66	0
35	3	0
38	37	0
64	96	0
20	8	0
99	44	0
95	85	0
50	11	0
61	74	0
54	22	0
89	51	0
0	85	0
14	0	0
20	79	0
98	23	0
79	76	0
58	36	0
17	56	0
87	61	0
99	7	0
49	90	0
60	68	0
74	89	0
56	8	0
28	74	0
47	15	0
85	70	0
65	88	0
90	77	0
4	28	0
50	14	0
38	20	0
92	31	0
26	53	0
84	64	0
14	88	0
35	99	0
92	26	0
76	84	0
40	4	0
25	67	0
94	65	0
94	73	0
55	64	0
98	44	0
0	79	0
62	5	0
97	66	0
15	70	0
71	14	0
13	74	0
61	94	0
32	76	0
99	72	0
46	42	0
28	25	0
92	83	0
99	98	0
95	8	0
14	96	0
99	16	0
29	9	0
73	76	0
37	5	0
10	96	0
89	5	0
36	84	0
62	94	0
43	62	0
5	32	0
73	89	0
10	63	0
92	30	0
30	85	0
56	94	0
60	33	0
34	96	0
62	97	0
4	19	0
99	7	0
95	24	0
43	66	0
82	38	0
91	58	0
48	15	0
33	4	0
69	50	0
8	93	0
51	3	0
51	79	0
47	3	0
52	42	0
83	41	0
32	60	0
76	47	0
1	56	0
82	86	0
1	85	0
32	96	0
99	58	0
64	11	0
39	69	0
38	67	0
65	5	0
69	51	0
3	67	0
33	8	0
9	40	0
39	41	0
65	77	0
47	44	0
14	98	0
88	8	0
45	82	0
76	69	0
96	5	0
73	92	0
53	77	0
35	19	0
57	95	0
92	68	0
73	63	0
20	98	0
60	34	0
31	15	0
20	45	0
79	9	0
5	57	0
97	61	0
97	18	0
82	43	0
42	48	0
52	5	0
79	68	0
22	13	0
32	23	0
96	60	0
36	37	0
64	74	0
67	81	0
53	32	0
44	43	0
59	36	0
17	42	0
26	45	0
21	53	0
81	91	0
44	60	0
34	95	0
71	42	0
72	69	0
51	75	0
85	67	0
24	21	0
54	52	0
17	12	0
13	74	0
34	63	0
91	38	0
41	44	0
87	10	0
42	84	0
54	25	0
43	52	0
77	78	0
25	69	0
55	69	0
39	80	0
34	49	0
42	13	0
59	14	0
38	86	0
28	68	0
79	77	0
86	61	0
30	95	0
96	75	0
26	45	0
22	76	0
52	70	0
52	53	0
23	14	0
77	86	0
90	81	0
53	66	0
66	32	0
0	50	0
60	0	0
78	48	0
62	22	0
83	22	0
19	51	0
9	51	0
44	54	0
70	27	0
38	63	0
85	26	0
40	93	0
28	73	0
40	23	0
79	82	0
41	56	0
30	9	0
24	80	0
53	7	0
92	84	0
57	93	0
92	7	0
9	77	0
19	65	0
96	25	0
47	81	0
30	35	0
58	72	0
56	64	0
43	65	0
20	78	0
29	59	0
65	0	0
7	64	0
61	79	0
92	39	0
39	88	0
81	59	0
66	21	0
50	68	0
19	85	0
34	98	0
47	29	0
76	39	0
87	55	0
71	45	0
67	66	0
8	43	0
55	15	0
12	90	0
59	51	0
71	39	0
71	26	0
58	8	0
6	50	0
90	18	0
37	10	0
64	67	0
60	83	0
74	39	0
98	38	0
95	4	0
1	45	0
94	75	0
21	98	0
98	80	0
26	95	0
63	34	0
70	24	0
16	80	0
83	24	0
30	65	0
31	74	0
46	2	0
27	99	0
77	90	0
67	86	0
88	51	0
97	68	0
15	97	0
39	73	0
69	1	0
70	45	0
33	22	0
36	0	0
48	10	0
51	52	0
79	43	0
36	47	0
35	48	0
33	70	0
76	89	0
83	64	0
59	82	0
85	4	0
88	40	0
66	8	0
22	43	0
72	40	0
70	51	0
75	67	0
11	35	0
37	65	0
66	17	0
17	89	0
31	83	0
19	69	0
82	64	0
51	17	0
30	2	0
33	55	0
76	72	0
64	11	0
79	92	0
18	2	0
50	97	0
12	73	0
46	98	0
45	35	0
1	51	0
69	35	0
74	7	0
58	10	0
82	9	0
37	56	0
15	57	0
72	24	0
89	65	0
7	10	0
4	68	0
33	94	0
6	90	0
42	98	0
58	71	0
54	45	0
73	5	0
46	82	0
43	65	0
87	98	0
37	26	0
7	53	0
24	47	0
60	49	0
73	81	0
29	23	0
82	28	0
35	4	0
53	5	0
54	16	0
37	40	0
74	67	0
76	9	0
12	47	0
37	11	0
49	59	0
42	35	0
27	47	0
90	77	0
77	54	0
16	49	0
63	34	0
94	8	0
65	10	0
56	24	0
48	42	0
36	34	0
6	77	0
62	81	0
31	70	0
21	99	0
31	89	0
50	12	0
39	39	0
91	45	0
84	48	0
3	64	0
80	75	0
72	78	0
79	27	0
84	91	0
81	1	0
73	58	0
79	67	0
33	25	0
63	46	0
29	41	1
92	75	0
65	9	0
99	23	0
23	51	0
43	90	0
71	69	0
80	14	0
13	68	0
92	30	0
61	92	0
81	24	0
75	37	0
48	52	0
57	44	0
29	48	0
62	88	0
79	31	0
41	24	0
70	78	0
28	62	0
19	97	0
94	95	0
43	37	0
3	92	0
54	47	0
95	10	0
77	36	0
15	70	0
60	46	0
36	28	0
51	43	0
13	98	0
88	23	0
46	6	0
85	40	0
52	47	0
28	88	0
19	4	0
60	52	0
54	90	0
8	51	0
43	85	0
33	82	0
51	27	0
22	81	0
11	36	0
67	12	0
78	25	0
84	0	0
87	91	0
21	68	0
50	22	0
84	7	0
85	57	0
69	90	0
3	29	0
64	91	0
95	61	0
32	81	0
75	0	0
53	60	0
70	29	0
68	9	0
43	24	0
39	14	0
98	5	0
88	38	0
9	90	0
78	13	0
90	97	0
22	89	0
95	63	0
40	50	0
17	29	0
76	96	0
65	42	0
6	97	0
69	33	0
82	40	0
75	42	0
86	66	0
26	60	0
84	58	0
35	87	0
89	76	0
27	90	0
91	82	0
45	34	0
56	67	0
65	98	0
43	67	0
65	97	0
69	54	0
31	60	0
40	66	0
85	6	0
10	91	0
96	51	0
23	86	0
46	76	0
48	77	0
90	43	0
36	52	0
43	17	0
82	62	0
61	11	0
85	93	0
51	92	0
48	47	0
53	14	0
38	41	0
54	92	0
39	23	0
46	63	0
80	70	0
38	10	0
94	94	0
59	9	0
4	9	0
45	34	0
23	74	0
48	0	0
16	70	0
90	85	0
60	85	0
64	49	0
60	6	0
41	68	0
37	56	0
95	54	0
87	6	0
6	74	0
78	2	0
55	75	0
61	28	0
37	15	0
33	62	0
84	81	0
33	74	0
37	80	0
77	31	0
19	46	0
71	31	0
42	64	0
62	94	0
29	97	0
93	10	0
93	29	0
64	13	0
27	78	0
28	95	0
30	81	0
73	49	0
81	78	0
82	89	0
5	39	0
74	41	0
72	79	0
74	61	0
55	77	0
12	81	0
16	66	0
35	17	0
50	16	0
5	38	0
43	47	0
28	49	0
85	32	0
87	42	0
78	7	0
74	49	0
52	54	0
25	53	0
51	26	0
92	78	0
52	96	0
84	63	0
35	63	0
33	91	0
76	53	0
32	54	0
78	30	0
27	44	1
34	11	0
95	55	0
75	98	0
52	51	0
6	51	0
47	6	0
54	59	0
42	90	0
31	30	1
74	90	0
99	59	0
7	87	0
69	45	0
5	62	0
71	53	0
35	63	0
53	57	0
39	82	0
63	66	0
5	60	0
62	62	0
69	45	0
75	52	0
32	70	0
64	81	0
51	8	0
94	20	0
56	34	0
93	5	0
15	78	0
31	39	1
38	76	0
81	67	0
21	51	0
78	73	0
15	94	0
17	81	0
85	84	0
49	30	0
2	65	0
72	95	0
50	63	0
90	65	0
20	99	0
92	34	0
16	10	0
34	73	0
22	85	0
38	11	0
14	44	0
9	23	0
83	72	0
99	20	0
56	13	0
71	31	0
92	24	0
33	9	0
33	65	0
91	31	0
6	63	0
51	89	0
4	51	0
28	76	0
73	55	0
50	98	0
78	49	0
69	90	0
28	43	1
70	65	0
45	53	0
74	72	0
8	80	0
53	34	0
24	84	0
86	50	0
73	31	0
90	71	0
95	95	0
91	87	0
42	72	0
70	40	0
54	62	0
36	20	0
33	12	0
37	73	0
5	44	0
68	11	0
59	77	0
84	78	0
90	3	0
15	48	0
60	84	0
15	91	0
58	6	0
55	38	0
62	23	0
47	22	0
41	13	0
81	8	0
37	97	0
66	20	0
34	97	0
97	19	0
21	46	1
42	62	0
72	32	0
79	98	0
71	67	0
40	66	0
61	94	0
79	65	0
91	46	0
12	59	0
84	81	0
80	96	0
14	70	0
98	45	0
26	68	0
98	86	0
49	98	0
33	14	0
69	66	0
90	51	0
51	75	0
69	75	0
94	67	0
74	41	0
21	57	0
0	59	0
62	80	0
69	31	0
51	49	0
57	3	0
36	23	0
95	73	0
13	58	0
32	39	1
69	25	0
49	4	0
56	20	0
17	91	0
11	59	0
6	79	0
67	48	0
95	21	0
87	39	0
88	3	0
62	87	0
9	57	0
65	33	0
54	53	0
42	87	0
98	17	0
57	60	0
36	87	0
22	89	0
43	68	0
30	90	0
35	9	0
68	74	0
47	20	0
40	73	0
49	44	0
4	40	0
74	61	0
62	14	0
29	81	0
95	50	0
29	53	0
19	28	0
10	67	0
82	57	0
71	61	0
45	48	0
87	67	0
94	69	0
63	43	0
66	19	0
77	64	0
75	26	0
5	50	0
78	83	0
35	29	1
59	33	0
14	67	0
3	87	0
27	92	0
33	54	0
88	23	0
3	52	0
51	93	0
3	90	0
86	59	0
45	34	0
89	34	0
12	16	0
43	34	0
74	12	0
29	80	0
46	55	0
97	62	0
88	34	0
1	1	0
5	38	0
54	15	0
1	52	0
82	9	0
54	79	0
31	28	0
89	87	0
1	12	0
38	99	0
98	47	0
42	0	0
86	97	0
49	60	0
58	62	0
35	30	0
90	34	0
89	85	0
7	59	0
5	74	0
14	52	0
21	76	0
15	89	0
64	24	0
35	59	0
17	89	0
39	22	0
63	19	0
37	61	0
59	46	0
50	11	0
34	70	0
34	29	1
91	15	0
0	31	0
78	44	0
94	17	0
49	45	0
33	22	0
49	8	0
19	94	0
43	70	0
47	67	0
26	10	0
24	92	0
14	81	0
70	44	0
93	38	0
29	29	1
27	68	0
84	99	0
49	23	0
68	72	0
59	89	0
8	91	0
81	33	0
47	59	0
17	26	0
92	71	0
55	55	0
95	15	0
70	9	0
82	23	0
64	92	0
51	52	0
41	43	0
65	22	0
46	9	0
55	88	0
55	78	0
16	58	0
79	37	0
53	90	0
92	31	0
93	58	0
38	83	0
34	62	0
85	31	0
48	51	0
73	10	0
95	99	0
76	72	0
42	81	0
72	42	0
71	89	0
9	74	0
54	16	0
9	94	0
10	61	0
48	67	0
73	79	0
67	15	0
99	90	0
84	10	0
93	97	0
64	6	0
84	30	0
71	64	0
56	32	0
18	79	0
45	89	0
65	84	0
27	45	0
4	33	0
22	86	0
12	77	0
42	15	0
45	47	0
22	59	0
32	46	1
1	49	0
85	43	0
39	23	0
7	66	0
30	85	0
64	90	0
91	48	0
6	68	0
70	38	0
37	69	0
81	48	0
61	31	0
7	52	0
27	55	0
86	42	0
69	56	0
82	56	0
5	67	0
71	48	0
2	81	0
1	5	0
93	69	0
11	61	0
27	2	0
35	22	0
3	99	0
20	77	0
88	41	0
71	68	0
86	61	0
76	76	0
52	65	0
64	37	0
4	70	0
42	68	0
30	58	0
67	48	0
90	12	0
