98	66	0
19	15	0
64	95	0
7	3	0
91	38	0
97	97	0
44	13	1
46	82	0
57	25	0
81	47	0
5	89	0
3	7	0
14	92	0
92	33	0
73	73	0
41	32	0
80	74	0
96	13	0
61	98	0
45	70	0
81	68	0
48	10	0
25	83	0
54	21	0
91	66	0
78	86	0
83	77	0
11	33	0
55	17	1
52	35	0
87	25	0
77	72	0
11	76	0
31	94	0
84	9	0
69	92	0
29	10	0
48	71	0
83	69	0
98	71	0
59	65	0
98	36	0
19	72	0
65	6	0
98	66	0
19	77	0
60	0	0
7	76	0
40	99	0
32	65	0
92	54	0
57	37	0
38	21	0
99	85	0
90	94	0
95	14	0
31	88	0
93	11	0
23	15	0
77	93	0
32	6	1
0	88	0
80	10	0
25	68	0
64	90	0
37	59	0
5	28	0
71	84	0
90	32	0
17	94	0
44	99	0
66	26	0
30	91	0
51	97	0
13	15	0
99	19	0
78	26	0
52	78	0
88	39	0
87	61	0
57	7	0
71	38	0
2	98	0
69	2	0
45	78	0
42	5	1
55	23	0
86	15	0
38	55	1
87	54	0
2	53	0
76	86	0
2	80	0
39	95	0
93	52	0
74	26	0
31	65	0
37	58	0
70	3	0
65	53	0
13	73	0
33	3	0
62	71	0
47	33	0
7	93	0
89	30	0
40	80	0
76	67	0
95	2	0
64	86	0
64	71	0
7	24	0
59	94	0
98	80	0
76	56	0
24	92	0
68	29	0
78	0	0
96	66	0
92	36	0
93	53	0
37	46	0
61	14	1
62	69	0
9	27	0
49	32	0
90	55	0
53	23	1
53	78	0
56	73	0
58	23	0
46	33	0
50	22	1
55	84	0
48	58	0
47	96	0
76	39	0
61	69	0
55	70	0
95	57	0
30	21	0
43	43	0
14	15	0
15	82	0
27	60	0
79	42	0
52	43	0
88	0	0
35	84	0
53	21	0
31	39	0
65	81	0
30	65	0
58	60	0
43	84	0
42	53	1
35	1	0
57	19	0
39	98	0
26	61	0
76	78	0
93	65	0
19	96	0
90	74	0
31	50	0
22	72	0
51	72	0
43	54	1
19	31	0
72	85	0
96	92	0
46	75	0
75	41	0
3	43	1
60	12	1
63	46	0
60	15	0
76	22	0
5	51	1
37	59	0
54	18	0
39	61	0
94	33	0
34	91	0
22	59	0
79	92	0
53	51	0
18	18	0
37	77	0
49	14	0
94	95	0
33	91	0
92	0	0
13	55	1
16	76	0
96	35	0
56	97	0
70	83	0
62	62	0
30	52	0
13	68	0
57	0	0
55	88	0
98	53	0
38	91	0
70	69	0
86	25	0
50	76	0
31	78	0
35	91	0
35	21	0
68	27	0
84	51	0
51	42	0
77	69	0
1	55	1
75	21	0
20	88	0
61	65	0
88	34	0
76	40	0
44	0	0
3	37	0
86	30	0
74	78	0
61	99	0
73	55	0
98	28	0
89	10	0
5	34	0
90	72	0
36	99	0
87	82	0
39	98	0
56	33	0
83	33	0
24	93	0
84	22	0
21	61	0
31	83	0
49	11	0
25	90	0
75	87	0
86	74	0
94	58	0
95	57	0
20	82	0
39	67	0
82	6	0
86	54	0
42	3	0
38	26	0
43	58	0
80	43	0
24	55	0
35	40	0
29	78	0
76	99	0
93	53	0
61	73	0
99	8	0
99	32	0
63	7	0
91	50	0
79	51	0
60	80	0
4	39	0
43	60	0
69	23	0
14	86	0
27	68	0
3	93	0
91	64	0
41	5	0
79	66	0
78	1	0
98	81	0
22	0	0
43	93	0
15	66	0
53	93	0
41	39	0
77	21	0
81	15	0
57	11	1
90	12	0
48	49	0
78	28	0
75	58	0
8	8	0
2	62	0
30	97	0
20	82	0
54	95	0
45	71	0
81	42	0
63	5	0
47	88	0
51	67	0
98	92	0
3	46	1
63	44	0
66	86	0
80	22	0
23	3	0
48	1	0
51	16	0
36	33	0
81	53	0
73	17	0
20	43	0
19	30	0
31	57	0
43	32	0
97	68	0
90	61	0
6	54	1
64	32	0
84	6	0
69	12	0
74	23	0
52	37	0
39	29	0
7	75	0
74	81	0
43	88	0
10	96	0
34	61	0
56	13	1
52	41	0
86	33	0
73	53	0
14	60	1
82	70	0
86	87	0
85	33	0
70	86	0
75	8	0
77	56	0
68	54	0
65	52	0
90	73	0
75	4	0
88	14	0
24	42	0
56	93	0
61	74	0
77	14	0
23	77	0
96	39	0
53	99	0
98	26	0
59	23	0
32	60	0
60	42	0
32	62	0
58	81	0
77	27	0
84	82	0
41	50	1
22	90	0
91	96	0
46	15	1
8	81	0
43	53	1
98	0	0
87	33	0
37	70	0
56	51	0
64	48	0
22	99	0
79	27	0
43	7	1
90	55	0
50	35	0
40	90	0
25	9	0
47	47	0
53	90	0
2	43	1
42	79	0
41	85	0
49	22	1
20	69	0
9	29	0
71	7	0
72	31	0
98	7	0
81	96	0
34	65	0
33	26	0
75	6	0
55	48	0
68	96	0
0	27	0
52	85	0
92	55	0
29	76	0
74	1	0
38	65	0
63	18	0
54	11	0
82	17	0
91	43	0
3	85	0
71	9	0
86	99	0
29	99	0
90	74	0
44	49	1
10	29	0
64	98	0
71	44	0
6	82	0
70	25	0
85	54	0
72	49	0
72	59	0
23	56	0
95	47	0
24	92	0
96	63	0
24	99	0
92	91	0
43	37	0
70	71	0
58	94	0
49	53	0
61	96	0
81	50	0
46	48	0
28	59	0
92	1	0
1	85	0
85	60	0
23	97	0
48	50	0
43	74	0
81	27	0
29	50	0
57	24	0
92	56	0
71	21	0
80	87	0
47	96	0
36	54	0
39	43	0
61	98	0
52	25	0
44	81	0
88	81	0
88	76	0
75	11	0
18	8	0
41	34	0
30	58	0
45	3	1
8	78	0
84	77	0
63	88	0
66	56	0
66	11	0
38	65	0
38	78	0
93	51	0
90	7	0
16	72	0
73	10	0
50	62	0
48	25	1
43	7	1
34	44	0
85	85	0
23	72	0
57	85	0
67	18	0
77	15	0
53	53	0
65	84	0
22	99	0
92	23	0
81	10	0
76	25	0
13	68	0
16	95	0
15	79	0
58	37	0
74	83	0
76	93	0
4	34	0
64	52	0
70	88	0
74	62	0
63	70	0
17	95	0
16	75	0
47	29	0
6	26	0
44	37	0
30	41	0
99	31	0
78	48	0
63	11	0
71	29	0
57	49	0
39	21	0
95	78	0
51	78	0
84	50	0
36	59	0
37	99	0
76	53	0
54	14	1
32	14	0
99	49	0
67	85	0
51	35	0
53	60	0
34	97	0
64	96	0
93	62	0
18	75	0
64	47	0
2	74	0
58	50	0
47	71	0
66	55	0
53	80	0
64	89	0
4	58	0
56	54	0
78	47	0
76	61	0
38	81	0
77	80	0
47	28	0
97	16	0
53	43	0
97	12	0
1	79	0
49	88	0
88	68	0
66	69	0
13	91	0
11	70	0
83	87	0
43	28	0
5	79	0
72	99	0
50	64	0
89	61	0
23	91	0
74	37	0
22	0	0
46	79	0
21	81	0
11	21	0
90	54	0
96	19	0
50	19	1
72	33	0
77	17	0
22	13	0
31	60	0
76	30	0
1	76	0
62	75	0
8	43	0
22	76	0
63	52	0
66	97	0
69	46	0
78	88	0
75	54	0
73	82	0
2	89	0
48	44	0
25	79	0
80	52	0
60	42	0
95	43	0
95	93	0
79	93	0
48	70	0
76	48	0
67	70	0
38	55	1
67	4	0
66	82	0
83	69	0
82	3	0
60	81	0
5	99	0
49	25	1
52	39	0
71	33	0
63	33	0
75	22	0
22	89	0
73	31	0
28	69	0
89	17	0
44	65	0
44	37	0
62	94	0
74	76	0
50	78	0
73	94	0
83	61	0
86	50	0
95	73	0
81	99	0
99	43	0
37	65	0
86	84	0
50	80	0
82	85	0
99	51	0
45	88	0
91	68	0
84	52	0
83	34	0
39	46	0
7	62	0
57	77	0
70	14	0
65	30	0
48	20	1
83	81	0
64	44	0
44	10	1
14	90	0
11	52	1
14	90	0
64	38	0
89	12	0
91	51	0
98	3	0
78	97	0
50	26	1
51	43	0
33	75	0
98	19	0
68	50	0
32	79	0
26	97	0
27	74	0
10	93	0
32	10	1
69	64	0
44	32	0
49	72	0
42	45	0
1	51	1
64	77	0
73	13	0
16	86	0
94	55	0
21	24	0
14	77	0
70	62	0
71	51	0
50	63	0
89	51	0
87	62	0
79	57	0
53	11	1
59	67	0
85	46	0
0	33	0
99	79	0
51	46	0
39	78	0
6	77	0
23	93	0
27	59	0
92	32	0
11	54	1
60	94	0
8	92	0
95	65	0
57	27	0
74	19	0
27	20	0
33	38	0
74	8	0
14	74	0
42	51	1
87	56	0
91	38	0
0	8	0
1	38	0
70	14	0
45	77	0
95	95	0
0	10	0
53	96	0
81	30	0
42	10	1
94	82	0
42	61	0
77	74	0
26	32	0
96	36	0
88	76	0
21	68	0
16	82	0
3	47	1
24	72	0
22	98	0
73	13	0
28	58	0
7	85	0
34	32	0
53	17	0
40	58	0
67	46	0
42	7	1
30	73	0
92	27	0
2	26	0
75	49	0
94	28	0
55	63	0
31	19	0
40	6	0
15	90	0
43	80	0
25	61	0
21	19	0
21	81	0
23	76	0
68	56	0
94	41	0
32	68	0
81	98	0
49	32	0
63	69	0
44	85	0
10	86	0
86	44	0
40	63	0
10	23	0
92	54	0
60	47	0
91	22	0
87	21	0
76	34	0
58	94	0
46	39	0
62	42	0
55	29	0
40	1	0
38	91	0
58	69	0
89	27	0
64	97	0
86	53	0
78	46	0
34	78	0
26	73	0
80	30	0
50	44	0
73	1	0
96	94	0
72	77	0
50	79	0
74	36	0
85	83	0
16	80	0
57	31	0
19	94	0
10	57	1
33	65	0
83	65	0
65	15	0
99	94	0
89	11	0
98	91	0
60	9	0
66	21	0
76	52	0
67	30	0
11	86	0
54	89	0
63	80	0
6	29	0
13	84	0
17	70	0
44	9	0
38	36	0
1	49	1
80	40	0
51	18	0
4	60	0
20	87	0
65	93	0
93	44	0
0	74	0
63	40	0
29	89	0
81	58	0
69	41	0
24	55	0
86	35	0
77	45	0
70	60	0
11	59	1
53	45	0
6	90	0
0	7	0
85	67	0
18	66	0
21	7	0
3	95	0
22	78	0
99	36	0
70	81	0
83	60	0
90	85	0
55	61	0
60	38	0
3	75	0
50	61	0
36	53	0
65	36	0
85	25	0
