99	65	0
50	16	0
41	20	0
39	89	0
2	42	0
92	30	0
91	77	0
7	3	0
45	14	0
72	92	0
42	38	0
80	43	0
1	88	0
23	2	0
16	60	0
96	6	0
89	79	0
66	29	0
30	60	0
96	64	0
98	2	0
41	72	0
79	81	0
80	84	0
71	1	0
30	92	0
56	13	0
82	81	0
70	91	0
96	53	0
2	40	0
26	30	0
47	26	0
80	22	0
39	46	0
96	78	0
11	96	0
72	73	0
88	15	0
83	97	0
43	11	0
23	54	0
67	55	0
97	55	0
57	83	0
96	51	0
16	98	0
34	44	0
58	15	0
88	42	0
23	65	0
62	11	0
31	89	0
53	89	0
25	70	0
97	69	0
53	21	0
35	55	0
87	71	0
98	98	0
85	13	0
24	97	0
89	6	0
52	13	0
92	68	0
39	36	0
11	84	0
87	10	0
34	84	0
85	74	0
58	53	0
19	29	0
87	78	0
30	39	0
21	51	0
90	38	0
20	20	1
17	34	0
40	82	0
63	90	0
71	27	0
43	94	0
64	99	0
2	12	0
15	27	0
94	17	0
96	17	0
39	53	0
80	40	0
22	29	0
76	50	0
40	52	0
33	11	0
34	0	0
69	48	0
21	81	0
58	5	0
46	81	0
42	3	0
37	28	0
87	42	0
47	62	0
64	47	0
18	76	0
64	78	0
7	75	0
51	79	0
87	46	0
69	14	0
54	78	0
4	46	0
62	10	0
52	72	0
14	71	0
40	0	0
22	56	0
18	31	0
91	81	0
43	37	0
1	4	0
32	98	0
82	1	0
66	65	0
19	34	0
79	84	0
93	17	0
64	71	0
58	88	0
34	17	0
62	96	0
21	17	0
67	82	0
62	50	0
33	96	0
77	26	0
37	32	0
17	33	0
78	2	0
12	10	1
4	74	0
17	15	1
97	72	0
85	11	0
87	37	0
44	60	0
61	6	0
79	98	0
5	4	0
37	12	0
11	13	1
85	81	0
36	35	0
92	67	0
81	83	0
58	24	0
53	39	0
74	52	0
3	50	0
24	80	0
8	58	0
81	79	0
53	67	0
40	95	0
82	48	0
70	75	0
56	82	0
20	39	0
90	83	0
7	43	0
32	36	0
24	20	0
22	71	0
33	77	0
97	23	0
45	36	0
76	11	0
40	81	0
72	21	0
61	26	0
75	78	0
20	48	0
62	60	0
32	98	0
33	63	0
37	6	0
66	17	0
29	91	0
11	86	0
75	83	0
87	52	0
21	87	0
30	37	0
83	72	0
24	52	0
35	77	0
34	99	0
49	44	0
32	4	0
16	43	0
79	90	0
90	91	0
60	94	0
75	15	0
6	60	0
60	5	0
60	17	0
64	22	0
85	23	0
27	57	0
4	71	0
53	62	0
67	37	0
32	73	0
91	18	0
60	89	0
32	66	0
27	16	0
80	74	0
36	72	0
42	3	0
1	86	0
85	19	0
99	76	0
83	91	0
86	21	0
1	81	0
22	79	0
98	47	0
56	72	0
35	48	0
41	80	0
59	72	0
58	51	0
10	83	0
34	66	0
63	14	0
7	61	0
66	98	0
67	41	0
33	87	0
89	61	0
40	11	0
43	60	0
7	77	0
36	92	0
59	32	0
71	21	0
11	34	0
91	61	0
67	46	0
80	50	0
15	88	0
60	6	0
18	80	0
62	70	0
58	48	0
69	61	0
56	1	0
22	8	0
6	58	0
79	48	0
49	12	0
69	56	0
51	80	0
61	52	0
90	28	0
95	18	0
8	62	0
86	70	0
23	94	0
15	16	1
91	54	0
37	96	0
56	34	0
44	0	0
14	96	0
79	37	0
44	58	0
36	76	0
50	4	0
22	91	0
77	78	0
83	90	0
57	32	0
93	72	0
13	90	0
37	47	0
62	5	0
61	20	0
29	28	0
49	0	0
59	11	0
54	45	0
69	36	0
29	49	0
26	48	0
52	54	0
68	71	0
87	75	0
54	89	0
72	10	0
99	53	0
75	3	0
7	56	0
26	10	0
91	39	0
53	27	0
73	75	0
10	42	0
52	64	0
61	26	0
27	97	0
32	87	0
36	73	0
90	53	0
43	28	0
46	0	0
24	48	0
91	52	0
71	11	0
72	94	0
18	5	0
70	97	0
8	77	0
45	85	0
33	30	0
0	56	0
8	11	1
82	10	0
21	30	0
79	17	0
38	11	0
7	1	0
83	14	0
30	54	0
16	43	0
89	29	0
96	54	0
9	30	0
25	35	0
4	58	0
38	89	0
13	75	0
3	2	0
43	98	0
49	61	0
41	29	0
10	15	1
58	31	0
44	87	0
38	69	0
94	95	0
37	26	0
17	51	0
31	41	0
53	70	0
74	99	0
47	6	0
74	1	0
32	11	0
43	8	0
55	8	0
21	51	0
79	58	0
63	3	0
26	46	0
60	8	0
53	56	0
53	54	0
34	60	0
76	78	0
67	56	0
12	71	0
53	36	0
26	15	0
96	6	0
48	0	0
61	19	0
58	30	0
20	40	0
11	74	0
67	76	0
11	77	0
34	92	0
26	91	0
44	22	0
32	38	0
85	68	0
56	49	0
5	76	0
72	77	0
63	84	0
25	31	0
67	18	0
69	94	0
67	5	0
97	66	0
77	42	0
37	16	0
35	45	0
39	39	0
90	77	0
15	25	0
71	23	0
88	4	0
12	58	0
35	91	0
73	78	0
82	4	0
1	72	0
95	40	0
51	92	0
13	11	1
70	3	0
62	54	0
40	55	0
63	51	0
28	37	0
50	38	0
78	75	0
66	51	0
39	34	0
69	68	0
25	47	0
29	87	0
81	90	0
42	18	0
0	75	0
73	19	0
85	16	0
73	42	0
16	62	0
61	20	0
26	32	0
56	38	0
10	96	0
66	46	0
58	16	0
87	48	0
44	26	0
32	77	0
41	3	0
81	42	0
7	0	0
63	91	0
3	92	0
34	37	0
53	78	0
54	29	0
14	95	0
16	51	0
15	39	0
63	18	0
97	33	0
80	21	0
90	97	0
35	60	0
20	18	1
39	12	0
30	26	0
85	16	0
52	62	0
79	77	0
23	29	0
66	98	0
79	69	0
39	75	0
75	6	0
68	40	0
84	18	0
67	27	0
41	24	0
36	33	0
96	2	0
60	26	0
5	72	0
95	17	0
96	93	0
6	88	0
89	65	0
42	46	0
32	5	0
89	87	0
81	56	0
30	93	0
65	23	0
74	37	0
92	64	0
82	72	0
33	76	0
78	80	0
34	93	0
92	73	0
36	40	0
29	89	0
99	90	0
29	34	0
28	41	0
72	69	0
63	96	0
53	71	0
12	9	1
50	84	0
66	60	0
35	56	0
37	69	0
83	21	0
15	91	0
93	46	0
18	76	0
41	57	0
42	81	0
83	30	0
29	33	0
20	46	0
4	14	1
63	45	0
95	68	0
60	23	0
80	92	0
67	96	0
34	38	0
58	13	0
29	43	0
18	75	0
39	33	0
60	67	0
68	88	0
34	22	0
73	85	0
51	35	0
37	14	0
60	33	0
25	77	0
47	13	0
6	58	0
95	83	0
62	98	0
50	46	0
77	11	0
38	66	0
44	49	0
96	54	0
95	5	0
5	73	0
74	0	0
84	78	0
71	27	0
36	0	0
34	67	0
75	78	0
34	82	0
51	84	0
82	15	0
12	70	0
58	9	0
51	73	0
63	99	0
31	92	0
92	8	0
87	20	0
68	9	0
37	89	0
13	89	0
7	91	0
73	52	0
71	60	0
77	64	0
16	43	0
87	52	0
67	57	0
18	20	1
83	76	0
67	60	0
19	46	0
17	71	0
37	29	0
46	35	0
3	51	0
56	62	0
46	38	0
93	40	0
79	31	0
77	0	0
76	30	0
49	88	0
21	18	0
15	51	0
70	37	0
97	83	0
69	76	0
98	76	0
22	47	0
56	67	0
62	54	0
26	60	0
83	39	0
21	64	0
46	24	0
92	60	0
71	97	0
50	51	0
20	66	0
36	7	0
73	65	0
27	77	0
47	25	0
76	80	0
87	76	0
19	90	0
51	55	0
17	77	0
80	72	0
39	59	0
52	60	0
38	79	0
62	68	0
30	30	0
17	61	0
88	76	0
78	56	0
94	60	0
33	82	0
54	75	0
68	33	0
19	23	0
86	24	0
36	31	0
97	1	0
18	89	0
29	31	0
1	18	1
32	87	0
85	61	0
19	39	0
93	63	0
14	93	0
17	72	0
30	2	0
96	88	0
28	32	0
3	85	0
73	90	0
34	64	0
79	72	0
27	80	0
97	23	0
26	17	0
35	83	0
28	72	0
34	19	0
26	36	0
14	30	0
98	68	0
86	10	0
51	10	0
69	9	0
87	43	0
34	8	0
40	35	0
99	38	0
10	62	0
42	89	0
3	47	0
23	84	0
74	57	0
44	97	0
64	48	0
75	79	0
36	31	0
81	70	0
36	68	0
86	46	0
8	79	0
60	39	0
31	69	0
71	29	0
59	41	0
94	85	0
87	91	0
85	91	0
22	89	0
21	39	0
52	54	0
46	65	0
38	27	0
20	8	0
43	66	0
9	44	0
64	0	0
71	87	0
85	55	0
98	12	0
13	49	0
4	2	0
82	97	0
6	88	0
56	14	0
57	44	0
73	12	0
17	0	0
48	12	0
20	34	0
1	25	1
47	20	0
57	5	0
37	78	0
54	21	0
36	89	0
72	1	0
26	41	0
47	62	0
63	15	0
89	63	0
63	74	0
42	65	0
53	99	0
81	85	0
2	14	1
92	60	0
12	62	0
80	73	0
54	87	0
20	36	0
17	61	0
94	48	0
31	86	0
94	96	0
67	84	0
46	9	0
43	54	0
75	63	0
50	92	0
78	49	0
98	72	0
77	24	0
17	68	0
6	61	0
71	90	0
75	42	0
57	63	0
58	9	0
29	21	0
69	70	0
26	42	0
11	67	0
38	45	0
51	43	0
25	16	0
61	29	0
9	89	0
26	40	0
15	64	0
1	65	0
78	60	0
30	24	0
59	13	0
95	21	0
81	0	0
54	68	0
0	61	0
66	28	0
41	38	0
11	14	1
20	20	1
76	70	0
77	16	0
44	40	0
51	66	0
51	85	0
17	94	0
24	61	0
44	89	0
29	39	0
75	86	0
48	36	0
28	81	0
13	15	1
51	25	0
5	45	0
54	54	0
66	15	0
32	71	0
84	55	0
55	43	0
54	48	0
43	18	0
3	67	0
69	60	0
71	53	0
40	35	0
75	56	0
80	76	0
75	39	0
62	13	0
85	74	0
85	19	0
7	76	0
70	79	0
28	11	0
51	33	0
4	1	0
9	55	0
12	85	0
28	92	0
27	50	0
93	31	0
16	50	0
57	98	0
14	83	0
99	67	0
54	67	0
86	40	0
17	1	0
64	19	0
45	7	0
14	3	0
22	83	0
51	62	0
81	73	0
72	46	0
15	1	0
26	36	0
63	13	0
1	78	0
71	5	0
38	71	0
57	29	0
70	97	0
8	39	0
5	92	0
92	60	0
27	19	0
83	74	0
64	56	0
69	41	0
45	30	0
93	33	0
89	68	0
20	66	0
4	92	0
24	50	0
3	86	0
9	96	0
93	30	0
29	53	0
1	97	0
52	9	0
67	0	0
40	46	0
29	19	0
73	42	0
37	20	0
25	79	0
27	35	0
64	10	0
3	44	0
92	47	0
88	7	0
58	53	0
36	4	0
45	23	0
9	99	0
56	75	0
33	66	0
10	8	1
36	15	0
2	83	0
1	77	0
67	56	0
86	44	0
44	34	0
30	74	0
27	32	0
91	90	0
67	27	0
38	84	0
63	98	0
21	17	0
6	90	0
65	15	0
61	68	0
38	40	0
98	70	0
32	69	0
96	23	0
83	17	0
99	23	0
89	85	0
48	55	0
24	83	0
88	11	0
34	2	0
72	80	0
67	69	0
17	39	0
68	42	0
65	82	0
86	13	0
95	48	0
14	66	0
53	46	0
29	27	0
87	24	0
48	48	0
69	12	0
92	90	0
82	74	0
52	70	0
74	30	0
61	67	0
7	91	0
38	2	0
6	96	0
18	77	0
64	66	0
77	99	0
87	13	0
98	90	0
76	0	0
15	9	1
85	74	0
68	9	0
99	34	0
73	56	0
53	41	0
20	64	0
61	91	0
54	72	0
7	42	0
9	43	0
42	91	0
2	74	0
49	3	0
40	55	0
11	62	0
44	34	0
12	21	1
2	40	0
98	48	0
57	31	0
0	43	0
24	89	0
70	62	0
3	9	0
86	77	0
19	81	0
59	46	0
38	58	0
89	50	0
60	44	0
2	8	0
9	12	1
4	52	0
27	59	0
87	75	0
62	45	0
95	71	0
5	54	0
66	58	0
18	73	0
0	10	0
76	77	0
0	15	1
29	69	0
42	7	0
30	26	0
10	76	0
35	86	0
3	2	0
80	37	0
63	62	0
80	66	0
77	81	0
46	88	0
32	18	0
2	66	0
11	12	1
42	65	0
41	49	0
56	52	0
84	11	0
