81	64	0
32	30	0
65	94	0
15	7	0
94	40	0
81	92	0
43	80	1
70	44	0
3	81	0
2	5	0
12	95	0
96	44	0
68	77	0
36	39	0
70	81	0
96	55	0
52	95	0
60	71	0
35	26	0
86	70	0
91	90	0
78	77	0
4	32	0
66	71	0
76	37	0
64	89	0
53	70	0
67	75	0
95	47	0
95	23	0
92	75	0
35	3	0
42	91	1
75	31	0
31	18	0
96	76	0
84	76	0
95	22	0
92	17	0
22	33	0
61	80	0
7	88	0
93	12	0
56	96	0
21	28	0
82	78	0
86	29	0
56	98	0
6	18	0
98	17	0
69	40	0
43	86	1
70	22	0
54	44	0
76	32	0
10	95	0
47	84	1
89	60	0
62	90	0
10	64	0
42	82	1
93	56	0
40	37	0
29	6	0
70	64	0
7	89	0
99	33	0
42	68	0
91	57	0
99	6	0
74	99	0
70	82	0
3	26	0
68	78	0
83	63	0
81	41	0
20	94	0
52	39	0
89	48	0
86	42	0
88	36	0
17	59	0
4	14	0
94	60	0
59	94	0
39	76	0
60	98	0
69	37	0
65	65	0
81	71	0
84	73	0
16	17	0
13	9	0
84	57	0
87	0	0
14	51	0
72	81	0
61	81	0
58	82	0
53	9	0
45	92	0
70	89	0
76	54	0
14	91	0
94	83	0
4	83	0
12	50	0
79	89	0
88	73	0
50	71	0
70	40	0
81	39	0
50	71	0
22	52	0
45	80	1
40	25	0
94	85	0
75	9	0
80	36	0
77	94	0
61	77	0
70	69	0
19	23	0
14	77	1
63	98	0
72	64	0
46	97	1
51	93	0
29	87	0
35	40	0
72	64	0
56	47	0
65	73	0
68	33	0
4	95	0
71	61	1
93	35	0
63	32	0
46	21	0
79	18	0
63	70	0
76	93	0
86	73	0
94	19	0
98	31	0
94	71	0
67	71	0
57	84	0
67	15	1
15	72	0
94	10	0
7	45	0
80	81	0
77	77	0
96	52	0
86	55	0
46	79	1
91	64	0
53	10	0
44	22	0
77	58	0
26	80	0
62	83	0
75	68	0
82	6	1
94	46	0
95	34	0
73	53	0
65	94	0
56	12	0
4	93	0
6	89	0
96	60	0
66	60	0
86	16	1
94	72	0
17	16	0
45	95	1
83	3	0
78	8	0
93	24	0
82	26	0
77	32	0
13	11	0
30	81	0
52	89	0
84	43	0
72	94	0
93	72	0
68	37	0
67	86	0
9	7	0
36	14	0
42	27	0
69	33	0
79	15	1
2	56	0
31	18	0
97	80	0
97	63	0
99	13	0
63	3	0
39	5	0
99	93	0
28	82	0
8	95	0
39	37	0
74	42	0
74	70	0
57	67	0
83	82	0
72	35	0
74	77	0
85	29	0
87	69	0
65	40	0
99	76	0
62	21	0
97	6	0
31	50	0
76	83	0
99	41	0
97	45	0
71	95	0
94	42	0
67	15	1
43	48	0
59	99	0
68	84	0
20	80	0
79	81	0
7	93	0
95	7	0
90	14	1
48	81	1
13	97	0
86	38	0
92	71	0
26	2	0
50	98	0
46	62	0
7	12	0
87	42	0
87	11	0
68	89	0
13	21	0
77	33	0
71	80	0
9	27	0
47	91	1
78	42	0
85	2	0
91	67	0
64	18	0
94	97	0
33	92	1
65	61	1
10	36	0
57	91	0
62	58	0
97	40	0
63	44	0
66	56	1
5	55	0
93	74	0
93	65	0
0	85	0
77	86	0
40	23	0
67	60	0
61	98	0
61	93	0
99	51	0
63	9	0
67	39	0
29	97	1
80	28	0
96	56	0
80	35	0
87	69	0
42	96	1
50	97	0
86	95	0
77	91	0
12	3	0
6	84	0
78	91	0
60	97	0
68	21	0
83	52	0
91	1	0
93	12	1
95	81	0
63	81	0
92	16	0
85	13	1
69	82	0
92	15	0
99	2	0
81	30	0
7	46	0
10	92	0
19	99	1
85	87	0
87	90	0
80	85	0
89	64	0
79	82	0
9	93	0
24	19	0
0	10	0
34	38	0
85	13	1
83	34	0
62	67	0
61	2	0
83	84	0
82	81	0
81	48	0
70	66	0
29	10	0
98	41	0
74	97	0
52	34	0
23	93	1
71	83	0
97	65	0
18	58	0
45	67	0
56	77	0
47	90	1
1	46	0
73	72	0
98	46	0
95	67	0
57	91	0
88	25	0
84	9	0
11	75	1
34	82	1
99	70	0
65	71	0
6	96	0
11	74	1
78	89	0
18	21	0
2	85	0
64	77	0
64	72	0
80	86	0
4	89	0
79	54	0
18	0	0
49	80	0
7	89	0
4	19	0
97	57	0
76	19	0
19	20	0
17	37	0
68	39	0
64	73	0
92	75	0
85	47	0
79	77	0
72	90	0
1	62	0
85	61	0
64	25	0
97	44	0
81	88	0
81	72	0
49	73	0
96	73	0
99	7	0
51	71	0
0	99	0
74	37	0
62	24	1
80	22	1
31	29	0
61	87	0
51	45	1
37	72	0
64	91	0
90	49	0
92	37	0
72	65	0
94	83	0
88	48	0
90	97	0
82	71	0
76	38	0
41	90	0
87	76	0
86	73	0
98	28	0
42	68	0
79	23	1
56	34	0
85	92	0
88	59	0
25	84	0
79	35	0
71	41	0
92	42	0
80	15	1
96	85	0
84	12	1
73	40	0
4	82	0
9	98	0
44	28	0
22	69	0
46	84	1
63	7	0
1	95	0
73	43	0
15	13	0
15	64	0
62	67	0
74	69	0
75	55	0
76	45	0
73	67	0
87	45	0
14	41	0
92	86	0
51	98	0
89	24	0
42	98	1
22	90	0
92	57	0
59	33	0
25	19	0
30	29	0
81	51	0
98	27	0
18	0	0
42	0	0
54	70	0
97	81	0
23	8	0
45	78	1
57	20	0
87	79	0
70	65	0
65	86	0
15	47	0
97	48	0
90	64	0
0	87	0
4	91	0
57	32	0
92	25	0
12	26	0
87	40	0
77	10	0
41	28	0
20	95	0
60	87	0
22	33	0
75	42	0
61	84	0
16	95	1
64	34	0
5	2	0
89	55	0
88	32	0
85	33	0
63	21	0
56	94	0
45	91	1
83	31	0
55	99	0
65	62	0
75	50	0
55	95	0
91	47	0
92	98	0
86	87	0
45	81	1
87	8	1
81	75	0
74	19	0
95	50	0
91	95	0
88	97	0
90	22	0
82	69	0
9	94	0
83	97	0
70	79	0
5	20	0
20	92	0
89	26	0
19	93	0
49	80	1
80	39	0
78	52	0
22	92	1
79	52	0
95	57	0
83	35	0
83	25	0
0	87	0
16	11	0
54	82	0
25	63	0
36	6	0
0	86	0
95	43	0
92	83	0
86	46	0
86	80	0
74	52	0
87	16	1
98	36	0
