78	64	0
35	31	0
62	97	0
16	13	0
93	36	0
88	93	0
70	43	0
6	76	0
4	8	0
14	94	0
86	41	0
69	80	0
30	29	0
67	75	0
96	53	0
54	96	1
60	68	0
41	31	0
90	77	0
96	86	0
72	78	0
7	27	0
71	71	0
72	32	0
64	86	0
52	68	0
62	81	0
94	49	0
98	29	0
94	70	0
37	2	0
82	33	0
31	14	0
95	72	0
91	70	0
90	23	1
93	10	0
17	33	0
64	76	0
2	85	0
94	11	1
60	96	0
20	30	0
80	74	0
95	38	0
57	94	0
4	17	0
90	12	0
69	39	0
74	12	1
52	41	0
75	35	0
15	98	1
87	69	0
58	90	0
18	62	0
37	89	1
94	55	0
36	35	0
33	6	0
64	62	0
12	94	0
98	30	0
33	70	0
86	61	0
97	7	0
75	94	0
67	80	0
5	23	0
74	81	0
79	67	0
82	41	0
17	98	1
60	35	0
87	43	0
85	37	0
91	40	0
15	60	0
0	14	0
86	61	0
57	99	0
38	82	0
59	92	0
75	42	0
60	68	0
83	76	0
80	79	0
18	15	0
11	10	0
82	59	0
87	1	0
15	48	0
74	74	0
65	77	0
62	79	0
56	10	0
52	96	1
75	88	0
77	52	0
10	88	0
91	84	0
0	94	0
17	52	0
91	87	0
88	75	0
50	78	0
75	43	0
80	38	0
57	67	0
22	56	0
45	22	0
90	89	0
72	5	0
83	39	0
81	96	0
64	74	0
75	76	0
21	26	0
14	75	1
69	99	0
73	65	1
59	92	0
30	83	0
33	36	0
74	52	1
57	47	0
59	81	0
69	40	0
2	97	0
91	35	0
65	23	1
50	29	0
84	18	1
66	69	0
75	94	0
91	72	0
85	6	1
92	26	0
99	80	0
68	75	0
51	84	0
16	73	0
95	10	1
10	50	0
79	73	0
78	73	0
88	51	0
87	56	0
87	66	0
52	12	0
34	23	0
76	59	0
27	72	0
59	84	0
82	72	0
99	42	0
99	31	0
72	64	0
66	99	0
59	9	0
0	93	0
14	98	0
97	60	0
59	67	1
90	75	0
12	18	0
84	7	1
82	8	0
89	26	0
84	23	0
78	32	0
12	15	0
30	74	0
54	92	0
83	38	0
75	93	0
89	76	0
64	32	0
66	82	0
7	4	0
34	8	0
45	26	0
68	38	0
3	55	0
30	14	0
97	86	0
95	53	0
96	11	1
61	2	0
34	9	0
98	86	0
28	75	0
7	95	0
37	34	0
74	50	0
73	68	0
51	68	0
81	80	0
74	30	0
81	77	0
85	35	0
84	70	0
57	35	0
96	72	0
66	12	0
99	11	1
32	57	0
77	90	0
97	43	0
88	44	0
79	92	0
91	41	0
45	47	0
56	95	0
68	83	0
23	77	0
85	83	0
7	94	0
94	11	1
19	98	1
84	31	0
92	63	0
30	3	0
50	93	1
45	54	0
10	14	0
86	49	0
87	7	1
70	90	0
15	22	0
76	27	0
75	80	0
15	33	0
78	38	0
77	2	0
94	69	0
68	17	0
93	92	0
13	36	0
52	96	1
65	56	0
92	38	0
60	47	0
3	57	0
91	72	0
95	62	0
2	85	0
76	87	0
38	18	0
64	50	0
64	98	0
67	94	0
98	49	0
63	9	0
70	39	0
79	34	0
93	57	0
77	34	0
88	71	0
52	89	1
88	99	0
81	96	0
13	8	0
4	85	0
74	83	0
69	92	0
54	19	0
81	54	0
98	1	0
98	84	0
65	81	0
90	20	1
61	77	0
87	24	1
95	6	0
87	29	0
14	47	0
4	99	0
91	87	0
85	93	0
86	85	0
83	60	0
76	78	0
6	90	0
27	22	0
4	12	0
40	43	0
85	39	0
63	64	0
59	2	0
74	82	0
78	82	0
81	47	0
73	57	0
27	21	0
99	43	0
77	95	0
56	39	0
72	82	0
94	68	0
20	56	0
46	71	0
56	78	0
57	87	1
2	49	0
73	77	0
94	41	0
92	66	0
54	92	0
89	29	0
85	8	1
91	70	0
64	72	0
1	95	0
77	93	0
20	24	0
7	92	0
69	72	0
63	64	0
88	90	0
1	80	0
86	54	0
17	2	0
51	89	1
7	83	0
2	14	0
99	53	0
74	26	1
20	21	0
12	35	0
73	41	0
69	77	0
93	79	0
85	38	0
77	76	0
69	90	0
2	70	0
89	65	0
61	22	0
94	41	0
77	85	0
74	68	0
42	79	0
93	64	0
93	7	1
43	73	0
1	96	0
76	37	0
28	30	0
64	83	0
31	76	0
63	96	0
89	53	0
89	36	0
72	66	0
95	81	0
93	44	0
94	99	0
80	66	0
72	32	0
42	82	1
85	77	0
83	71	0
94	30	0
49	63	0
65	30	0
84	93	0
87	56	0
24	82	0
86	37	0
80	43	0
89	40	0
99	85	0
73	46	0
7	83	0
12	98	0
38	33	0
30	73	0
62	9	0
4	95	0
76	45	0
8	13	0
17	58	0
68	69	0
70	75	0
80	48	0
74	43	0
76	65	1
75	46	0
13	40	0
95	75	0
62	96	0
77	16	0
38	96	1
17	89	0
95	54	0
61	28	1
27	18	0
25	33	0
73	48	0
94	34	0
12	3	0
42	0	0
55	60	0
96	86	0
27	8	0
59	13	0
89	81	0
71	61	1
64	88	0
18	50	0
95	45	0
85	59	0
7	90	0
1	96	0
45	28	0
93	29	0
18	28	0
86	36	0
77	15	0
35	26	0
16	95	1
59	88	0
19	38	0
76	42	0
65	85	0
71	40	0
9	11	0
91	55	0
86	39	0
84	20	0
62	30	1
53	98	0
84	38	0
54	98	0
60	54	0
73	49	0
55	91	0
92	49	0
93	99	0
84	85	0
74	75	0
75	20	0
94	44	0
97	99	0
95	96	0
84	22	0
83	68	0
13	96	1
84	95	0
57	73	0
3	19	0
34	94	0
84	31	0
18	96	1
48	79	1
75	33	0
78	48	0
75	51	0
98	53	0
87	33	0
84	22	1
3	80	0
11	11	0
55	80	0
31	67	0
37	0	0
2	88	0
99	40	0
94	89	0
86	48	0
90	89	0
67	56	1
94	42	0
