92	69	0
27	13	0
59	99	0
8	2	0
95	48	0
98	95	0
41	73	0
65	46	0
0	88	0
4	10	0
11	93	0
91	45	0
61	80	0
32	32	0
92	85	0
93	35	0
44	96	0
39	74	0
72	73	0
50	9	0
30	79	1
82	68	0
95	80	0
82	97	0
4	27	0
40	34	1
84	18	0
75	67	0
6	69	0
32	91	0
84	16	0
68	89	0
50	72	0
81	76	0
97	54	0
58	57	1
97	37	0
17	75	0
87	71	0
18	68	0
49	2	0
13	77	0
40	90	0
85	45	0
44	38	1
40	16	0
99	91	0
88	94	0
95	16	0
26	82	0
93	9	0
22	19	0
69	84	0
0	89	0
89	2	0
64	92	0
9	29	0
70	78	0
84	29	0
26	90	0
51	93	0
80	30	0
32	92	0
38	90	0
19	11	0
96	12	0
78	31	0
52	79	0
87	25	0
66	46	0
69	36	0
7	95	0
80	0	1
50	83	0
82	1	0
92	62	0
5	65	1
64	87	0
0	76	0
39	92	0
97	62	0
78	25	0
62	14	0
60	42	0
9	64	1
35	10	0
74	62	0
1	94	0
98	28	0
45	71	0
82	63	0
81	1	0
70	85	0
68	86	0
2	30	0
65	73	0
90	75	0
66	44	0
13	95	0
68	36	0
72	4	1
90	59	0
89	30	0
97	41	0
21	53	0
54	68	1
6	26	0
43	31	1
88	62	0
61	74	0
55	60	0
47	40	1
57	66	0
44	92	0
74	33	0
62	73	0
61	75	0
98	54	0
30	14	0
49	40	1
21	9	0
27	77	0
77	50	0
96	2	0
28	97	0
20	44	0
60	71	0
63	75	0
51	72	0
49	8	0
47	91	0
80	88	0
88	54	0
21	96	0
89	79	0
9	75	0
55	63	0
12	41	0
73	77	0
98	71	0
50	68	0
73	47	0
55	68	1
62	7	1
93	36	0
28	92	0
60	80	0
22	31	0
44	81	0
40	20	0
88	94	0
28	85	0
94	8	0
27	80	1
89	36	0
55	94	0
72	79	0
66	68	0
26	38	0
11	64	0
70	8	1
65	93	0
91	61	0
47	88	0
64	82	0
75	18	0
54	71	0
32	83	0
52	88	0
23	16	0
79	57	0
62	38	0
73	61	0
79	31	0
20	98	0
65	63	0
85	42	0
76	32	0
57	22	0
97	29	0
73	82	0
76	95	0
71	65	0
97	23	0
97	18	0
88	84	0
33	91	0
64	86	0
49	97	0
87	35	0
16	99	0
88	25	0
26	49	0
19	89	0
30	98	0
84	78	0
75	69	0
95	55	0
94	59	0
25	81	0
52	84	0
75	9	0
77	51	0
49	4	0
45	32	0
80	37	0
24	67	1
45	54	1
25	72	0
73	88	0
84	58	0
52	70	0
95	1	0
90	38	0
98	42	0
73	58	0
70	85	0
46	65	0
68	16	0
9	89	0
0	94	0
86	63	0
82	70	0
87	11	0
93	85	0
17	4	0
35	98	0
55	98	0
40	30	0
90	13	0
92	0	0
97	27	0
72	29	0
69	52	0
7	6	0
28	99	0
16	76	0
46	85	0
43	73	0
88	43	0
54	88	0
52	57	1
97	84	0
66	34	0
83	88	0
85	20	0
16	3	0
38	1	0
33	27	0
98	43	0
80	9	0
12	52	0
16	23	0
51	36	1
89	84	0
95	63	0
74	33	0
94	8	0
64	4	0
78	13	0
38	12	0
8	69	0
90	94	0
40	86	0
7	99	0
29	42	0
45	44	1
70	49	0
70	61	0
76	76	0
76	73	0
80	25	0
70	87	0
71	3	1
97	47	0
78	58	0
61	56	0
96	68	0
73	15	0
92	20	0
22	49	0
69	99	0
53	68	1
96	25	0
18	83	0
93	41	0
72	91	0
92	28	0
63	16	0
28	58	1
54	44	0
62	86	0
62	26	1
71	82	0
25	91	0
95	84	0
2	84	0
89	4	0
87	19	0
51	70	0
65	51	0
14	97	0
77	32	0
97	60	0
46	43	1
28	82	0
33	10	0
50	85	0
38	84	0
48	77	0
9	66	1
4	22	0
65	1	1
83	35	0
98	8	0
79	97	0
21	29	0
64	12	0
65	38	0
67	84	0
4	14	0
43	84	0
75	44	0
30	86	0
78	4	0
58	15	1
84	15	0
89	52	0
16	84	0
71	16	0
92	99	0
35	99	0
76	65	0
8	33	0
60	95	0
61	42	0
16	68	0
58	28	0
93	51	0
74	48	0
72	59	0
17	46	0
95	54	0
24	97	0
87	53	0
20	93	0
80	80	0
36	22	0
69	68	0
58	87	0
58	92	0
75	52	0
85	4	0
8	78	0
79	46	0
22	98	0
52	60	1
84	31	0
87	52	0
74	20	0
74	73	0
46	94	0
59	94	0
33	99	0
98	74	0
79	81	0
72	4	1
21	3	0
52	46	1
3	83	0
79	89	0
65	79	0
74	48	0
66	23	0
39	63	1
43	75	0
79	52	0
99	7	0
21	69	0
81	5	0
56	69	0
33	40	1
85	84	0
34	80	1
55	89	0
68	26	0
87	14	0
68	81	0
28	97	0
86	13	0
85	7	0
70	26	0
15	55	0
11	85	0
13	87	0
76	88	0
84	98	0
62	55	0
77	96	0
82	62	0
74	60	0
14	92	0
10	75	0
40	27	0
4	16	0
32	39	0
28	48	1
97	31	0
88	40	0
73	55	0
59	54	1
49	19	0
87	79	0
59	74	0
88	53	0
29	86	0
80	58	0
24	10	0
97	41	0
55	99	0
33	44	0
29	98	0
70	98	0
87	69	0
27	85	0
58	23	1
10	70	0
40	71	0
67	61	0
57	76	0
57	91	0
13	48	0
74	61	0
80	47	0
89	65	0
41	72	0
70	90	0
49	27	1
93	16	0
61	50	0
84	12	0
11	83	0
46	99	0
80	78	0
71	71	0
7	91	0
13	74	0
80	91	0
35	28	0
7	86	0
64	97	0
63	68	0
87	77	0
13	91	0
78	46	0
16	10	0
47	96	0
6	96	0
4	16	0
86	59	0
87	19	0
77	32	0
74	17	0
11	12	0
15	50	0
82	27	0
4	65	0
66	75	0
27	86	0
67	57	0
84	94	0
76	40	0
71	81	0
68	51	0
68	80	0
10	71	0
27	81	0
63	59	0
62	44	0
97	38	0
95	97	0
75	87	0
73	50	0
62	54	0
66	85	0
97	78	0
97	0	0
57	81	0
1	90	0
62	34	0
66	22	0
73	15	0
20	73	0
75	25	0
86	16	0
31	55	1
32	30	0
50	98	0
68	66	0
46	84	0
69	93	0
81	56	0
81	36	0
88	67	0
78	97	0
97	39	0
94	89	0
47	87	0
70	78	0
89	46	0
44	89	0
80	84	0
81	52	0
85	28	0
2	72	0
49	70	0
74	18	0
60	34	0
83	82	0
64	49	0
13	88	0
20	97	0
77	39	0
81	31	0
96	55	0
96	3	0
77	92	0
52	37	1
92	17	0
71	41	0
14	72	0
17	98	0
21	77	0
8	91	0
63	50	0
44	30	0
38	67	0
63	83	0
66	11	0
21	86	0
87	53	0
20	20	0
17	70	0
74	58	0
63	58	0
89	55	0
84	62	0
73	66	0
59	52	1
74	53	0
1	29	0
89	85	0
60	52	0
43	84	0
4	72	0
25	85	0
32	52	1
94	19	0
56	96	0
15	91	0
96	50	0
74	19	0
16	12	0
31	25	0
71	5	0
16	67	0
78	60	0
90	36	0
13	0	0
68	12	0
41	88	0
94	79	0
17	13	0
52	83	0
82	38	0
96	78	0
59	66	0
68	84	0
14	41	0
92	38	0
94	71	0
16	79	0
23	77	0
17	89	0
73	6	1
6	97	0
27	48	1
61	40	0
95	19	0
5	18	0
84	35	0
90	15	0
39	27	0
20	93	0
46	82	0
16	71	0
26	28	0
16	72	0
20	91	0
64	65	0
90	50	0
71	93	0
59	68	0
49	68	1
22	99	0
81	40	0
3	1	0
80	60	0
53	48	0
98	26	0
80	29	0
72	34	0
56	96	0
39	38	1
52	44	0
55	10	0
37	97	0
43	55	1
93	35	0
62	98	0
71	50	0
83	47	0
50	92	0
34	81	0
93	29	0
72	7	1
95	98	0
77	85	0
54	80	0
88	13	0
78	70	0
25	80	0
65	27	0
26	97	0
93	56	0
89	86	0
84	10	0
99	95	0
83	20	0
89	61	0
12	88	0
70	91	0
65	81	0
3	20	0
9	97	0
9	74	0
79	29	0
21	99	0
56	91	0
89	48	0
12	70	0
75	46	0
29	88	0
79	49	0
79	54	0
80	48	0
79	33	0
50	67	1
3	88	0
3	2	0
70	69	0
13	59	0
25	8	0
6	91	0
30	71	0
95	47	0
78	89	0
92	59	0
98	78	0
78	41	0
5	82	0
51	58	1
86	35	0
86	30	0
