91	68	0
47	22	0
46	20	0
43	98	0
8	20	0
94	35	0
95	84	0
41	20	0
67	76	0
36	36	0
87	39	0
5	82	0
14	13	0
25	59	0
98	25	0
91	69	0
62	32	0
24	48	0
96	64	0
91	2	0
45	80	0
64	75	0
76	91	0
63	1	0
41	84	0
64	1	0
78	81	0
67	89	0
98	66	0
5	35	0
45	39	0
42	22	0
90	34	0
46	45	0
86	59	0
17	94	0
56	91	0
97	27	0
77	97	0
51	1	0
20	53	0
79	53	0
87	64	0
55	75	0
95	44	0
15	84	0
23	44	0
61	13	0
86	65	0
15	65	0
62	7	0
24	81	0
54	92	0
36	69	0
96	59	0
43	30	0
39	37	0
80	70	0
94	94	0
82	18	0
8	93	0
90	12	0
47	0	0
78	72	0
42	13	0
14	85	0
81	9	0
42	78	0
80	87	0
55	64	0
8	26	0
77	87	0
27	39	0
20	54	0
84	35	0
11	37	0
41	77	0
40	86	0
68	17	0
39	95	0
58	91	0
2	4	1
7	16	0
98	15	0
96	25	0
36	51	0
82	42	0
24	23	0
80	55	0
28	41	0
38	13	0
42	8	0
73	34	0
14	89	0
66	12	0
54	77	0
42	10	0
49	23	0
91	47	0
33	69	0
78	55	0
16	58	0
73	92	0
11	75	0
42	87	0
87	46	0
58	0	0
48	68	0
17	61	0
57	2	0
61	52	0
14	61	0
46	0	0
36	52	0
37	37	0
91	90	0
49	44	0
3	5	1
25	93	0
75	5	0
63	66	0
20	29	1
82	78	0
98	9	0
63	67	0
53	77	0
28	12	0
54	96	0
86	79	0
77	57	0
33	99	0
67	26	0
43	21	0
15	37	0
83	7	0
6	75	0
97	68	0
97	22	0
88	31	0
35	54	0
60	17	0
87	81	0
9	15	0
42	13	0
87	61	0
34	34	0
76	81	0
84	91	0
49	13	0
44	32	0
56	54	0
4	46	0
23	64	0
13	62	0
79	76	0
39	52	0
44	93	0
80	54	0
72	76	0
50	85	0
22	41	0
92	64	0
2	29	0
41	50	0
22	20	0
27	77	0
38	81	0
89	31	0
34	35	0
83	18	0
39	86	0
62	30	0
50	43	0
80	81	0
30	52	0
65	85	0
37	86	0
33	47	0
35	20	0
62	10	0
33	74	0
22	75	0
76	84	0
92	59	0
8	86	0
27	32	0
97	67	0
28	54	0
31	91	0
57	85	0
37	54	0
28	14	0
19	39	0
67	87	0
79	95	0
57	87	0
76	27	0
3	71	0
55	5	0
78	21	0
67	26	0
66	28	0
22	58	0
0	65	0
50	57	0
74	29	0
36	70	0
97	29	0
39	95	0
27	65	0
37	14	0
77	68	0
36	54	0
33	4	0
8	95	0
65	16	0
94	88	0
81	92	0
92	16	0
5	79	0
10	73	0
92	43	0
54	71	0
42	46	0
53	60	0
59	71	0
48	63	0
13	76	0
33	53	0
70	8	0
0	66	0
66	91	0
81	45	0
43	88	0
85	58	0
54	16	0
49	69	0
19	80	0
33	96	0
54	38	0
72	31	0
30	37	0
98	59	0
79	46	0
72	61	0
10	68	0
56	21	0
5	83	0
68	59	0
53	49	0
65	44	0
52	22	0
1	54	0
83	29	0
53	7	0
72	69	0
45	80	0
72	31	0
95	37	0
95	4	0
2	65	0
92	66	0
27	98	0
95	65	0
46	93	0
64	30	0
52	5	0
21	95	0
67	33	0
39	59	0
44	80	0
53	5	0
21	91	0
74	93	0
84	79	0
75	37	0
88	67	0
16	84	0
47	49	0
56	3	0
66	27	0
24	15	0
38	0	0
53	7	0
52	54	0
81	36	0
36	50	0
31	53	0
39	63	0
70	86	0
87	82	0
61	77	0
82	11	0
78	48	0
80	8	0
19	55	0
33	17	0
82	36	0
69	31	0
69	76	0
11	39	0
47	73	0
54	21	0
27	91	0
31	95	0
22	75	0
98	63	0
42	22	0
37	4	0
26	58	0
87	63	0
67	18	0
81	91	0
10	2	0
64	87	0
8	75	0
50	88	0
39	35	0
1	49	0
82	4	0
24	36	0
83	10	0
55	16	0
89	12	0
36	44	0
20	49	0
81	29	0
89	55	0
1	25	0
29	37	0
5	64	0
36	91	0
16	85	0
1	9	1
40	87	0
59	78	0
49	46	0
70	20	0
45	95	0
41	65	0
92	96	0
35	28	0
16	45	0
23	44	0
55	78	0
78	86	0
39	25	0
86	7	0
28	4	0
62	2	0
61	11	0
22	44	0
78	67	0
72	6	0
16	36	0
43	17	0
51	44	0
44	47	0
20	58	0
91	84	0
76	48	0
12	54	0
57	34	0
91	9	0
57	10	0
63	21	0
53	37	0
23	31	0
8	70	0
68	73	0
15	78	0
30	93	0
21	99	0
52	24	0
42	40	0
94	52	0
77	46	0
8	80	0
82	80	0
65	79	0
79	32	0
67	98	0
78	0	0
81	55	0
76	57	0
35	16	0
41	44	0
34	44	0
85	83	0
1	2	1
68	21	0
87	2	0
19	38	0
40	88	0
68	73	0
84	9	0
3	56	0
97	33	0
44	95	0
78	21	0
64	51	0
45	56	0
49	40	0
26	36	0
44	40	0
73	77	0
83	37	0
44	25	0
73	66	0
26	58	0
14	97	0
90	91	0
30	36	0
0	79	0
67	32	0
97	11	0
81	46	0
7	58	0
63	45	0
39	33	0
45	44	0
3	94	0
69	18	0
51	7	0
90	50	0
51	20	0
28	78	0
23	6	0
69	55	0
65	99	0
2	71	0
46	62	0
43	73	0
53	24	0
26	98	0
14	42	0
28	41	0
62	15	0
84	27	0
93	20	0
84	91	0
22	57	0
32	24	0
33	30	0
84	21	0
62	60	0
75	93	0
20	43	0
70	99	0
92	67	0
38	78	0
65	11	0
65	46	0
78	23	0
73	9	0
48	23	0
41	30	0
91	2	0
83	32	0
2	72	0
84	10	0
93	98	0
1	98	0
91	54	0
51	48	0
19	18	0
98	89	0
61	56	0
11	96	0
61	25	0
80	35	0
79	57	0
83	63	0
26	71	0
79	71	0
38	98	0
81	76	0
13	30	0
39	99	0
92	80	0
37	37	0
29	36	0
56	75	0
58	95	0
44	70	0
60	96	0
56	51	0
34	62	0
26	67	0
86	18	0
16	97	0
88	42	0
28	94	0
49	66	0
41	83	0
87	34	0
35	44	0
24	46	0
51	21	0
91	63	0
67	14	0
93	98	0
70	99	0
42	52	0
61	5	0
31	47	0
39	92	0
35	24	0
46	64	0
67	74	0
28	19	0
87	99	0
42	21	0
23	18	0
65	37	0
19	79	0
35	12	0
7	58	0
88	86	0
57	89	0
59	42	0
77	6	0
42	72	0
45	49	0
96	57	0
89	4	0
7	67	0
78	5	0
68	73	0
77	33	0
38	7	0
33	68	0
87	79	0
32	66	0
50	83	0
80	23	0
16	64	0
72	24	0
42	62	0
67	97	0
34	92	0
85	7	0
92	26	0
67	21	0
31	84	0
15	83	0
13	88	0
68	42	0
69	71	0
69	80	0
11	41	0
76	34	0
64	65	0
83	74	0
52	62	0
18	60	0
24	63	0
41	22	0
46	22	0
1	36	0
43	65	0
38	43	0
85	33	0
72	32	0
74	0	0
78	46	0
56	70	0
23	54	0
58	27	0
91	75	0
60	86	0
89	69	0
17	55	0
56	74	0
71	43	0
31	53	0
75	29	0
20	55	0
38	20	0
77	52	0
90	96	0
58	57	0
12	64	0
48	1	0
53	60	0
33	87	0
39	34	0
86	85	0
93	73	0
16	96	0
64	70	0
6	71	0
78	55	0
33	47	0
48	62	0
27	75	0
59	71	0
15	29	1
9	60	0
90	79	0
74	53	0
99	49	0
20	57	0
58	88	0
54	28	0
99	28	0
44	43	0
96	12	0
20	88	0
32	30	0
39	73	0
87	57	0
21	44	0
86	60	0
10	98	0
16	75	0
94	86	0
42	31	0
0	70	0
77	88	0
52	59	0
82	69	0
18	91	0
97	35	0
32	1	0
33	89	0
36	76	0
41	20	0
24	35	0
6	18	0
82	71	0
98	9	0
62	7	0
70	17	0
97	48	0
34	7	0
24	53	0
98	45	0
8	53	0
56	80	0
2	59	0
26	78	0
68	59	0
49	93	0
76	49	0
69	83	0
35	38	0
70	61	0
42	55	0
81	52	0
18	78	0
50	32	0
28	76	0
82	35	0
60	36	0
97	72	0
93	98	0
87	76	0
42	69	0
13	27	0
54	40	0
53	74	0
28	22	0
24	9	0
36	72	0
18	36	0
62	2	0
70	80	0
71	73	0
90	11	0
6	43	0
64	84	0
9	88	0
59	6	0
69	50	0
66	23	0
38	21	0
30	41	0
37	19	0
74	7	0
42	87	0
56	27	0
32	82	0
81	7	0
32	45	0
43	61	0
77	18	0
85	70	0
63	73	0
34	64	0
48	89	0
76	83	0
85	45	0
21	68	0
76	78	0
69	95	0
23	36	0
18	49	0
97	38	0
27	86	0
96	84	0
73	87	0
50	0	0
60	66	0
91	60	0
64	87	0
83	49	0
91	77	0
85	33	0
10	56	0
5	60	0
67	87	0
74	42	0
52	60	0
59	11	0
33	16	0
84	71	0
22	29	1
13	59	0
39	53	0
54	37	0
38	22	0
50	28	0
15	83	0
31	34	0
10	63	0
16	79	0
67	49	0
18	24	0
68	10	0
92	32	0
78	1	0
57	78	0
5	54	0
61	29	0
51	38	0
52	83	0
92	11	0
32	38	0
56	61	0
48	78	0
13	99	0
37	67	0
39	83	0
30	21	0
76	79	0
41	45	0
40	84	0
63	30	0
10	44	0
63	65	0
63	27	0
31	77	0
75	39	0
45	41	0
45	43	0
33	12	0
6	66	0
75	67	0
79	65	0
42	48	0
84	60	0
81	72	0
68	24	0
59	9	0
79	83	0
83	17	0
4	65	0
78	80	0
39	22	0
70	34	0
23	65	0
13	93	0
36	98	0
28	57	0
96	28	0
19	51	0
55	99	0
13	80	0
97	71	0
55	61	0
86	34	0
22	8	0
48	26	0
64	2	0
6	81	0
55	57	0
85	66	0
73	41	0
14	2	0
20	46	0
70	16	0
15	83	0
83	0	0
47	68	0
36	26	0
82	93	0
6	22	0
23	92	0
99	52	0
31	13	0
88	80	0
56	59	0
73	58	0
43	28	0
89	29	0
94	74	0
9	63	0
1	80	0
16	54	0
5	87	0
8	91	0
79	25	0
39	46	0
5	94	0
47	1	0
70	5	0
39	58	0
72	52	0
47	21	0
32	62	0
26	30	0
83	19	0
11	38	0
87	66	0
92	11	0
58	49	0
23	22	0
53	11	0
14	95	0
52	68	0
41	61	0
43	11	0
8	94	0
1	95	0
68	51	0
92	36	0
37	27	0
32	78	0
99	92	0
52	28	0
58	75	0
69	89	0
1	76	0
70	26	0
55	59	0
16	37	0
96	72	0
44	70	0
99	13	0
81	9	0
84	21	0
76	93	0
44	63	0
35	73	0
82	25	0
37	13	0
71	95	0
67	75	0
22	51	0
70	44	0
67	91	0
78	9	0
93	50	0
26	73	0
59	54	0
27	28	0
83	23	0
31	50	0
63	5	0
90	93	0
75	62	0
56	74	0
81	34	0
78	76	0
8	88	0
38	4	0
13	99	0
2	64	0
66	70	0
75	91	0
74	7	0
89	96	0
83	14	0
80	83	0
64	9	0
78	38	0
78	42	0
55	34	0
15	81	0
58	91	0
56	77	0
19	53	0
12	37	0
31	96	0
7	63	0
41	4	0
33	50	0
16	63	0
39	35	0
8	43	0
91	58	0
52	25	0
7	54	0
25	84	0
81	81	0
2	0	0
92	70	0
15	66	0
58	48	0
32	66	0
89	48	0
58	36	0
0	9	1
0	47	0
25	59	0
94	58	0
74	52	0
95	61	0
0	62	0
77	64	0
1	80	0
6	21	0
95	61	0
21	63	0
45	10	0
40	32	0
8	86	0
27	84	0
79	45	0
68	68	0
69	55	0
77	80	0
41	75	0
46	22	0
4	66	0
45	64	0
37	45	0
63	53	0
85	17	0
