99	63	0
56	10	0
37	23	0
44	97	0
6	29	0
92	28	0
89	78	0
10	6	1
47	9	0
70	93	0
41	37	0
80	38	0
2	83	0
21	7	0
17	68	0
97	11	0
96	83	0
61	29	0
27	59	0
98	69	0
91	2	0
43	77	0
74	84	0
76	93	0
68	4	0
36	99	0
55	10	0
76	82	0
71	89	0
96	55	0
5	38	0
31	34	0
39	27	0
80	25	0
40	44	0
88	70	0
11	93	0
66	77	0
93	24	0
80	91	0
45	5	0
27	49	0
70	55	0
97	54	0
56	73	0
98	48	0
14	93	0
40	48	0
57	14	0
85	48	0
19	65	0
54	11	0
30	90	0
54	88	0
27	61	0
94	74	0
43	26	0
36	47	0
85	80	0
98	93	0
86	13	0
12	97	0
97	8	0
50	6	0
95	70	0
39	29	0
21	82	0
82	7	0
34	78	0
86	78	0
60	54	0
19	27	0
80	88	0
30	41	0
15	48	0
85	34	0
18	34	0
35	80	0
58	88	0
74	22	0
42	98	0
63	98	0
1	10	0
12	16	0
93	22	0
98	20	0
38	56	0
82	45	0
19	28	0
76	55	0
38	54	0
34	10	0
36	2	0
71	47	0
21	89	0
58	6	0
49	73	0
45	7	0
40	26	0
92	42	0
44	60	0
65	49	0
17	73	0
74	87	0
9	77	0
45	77	0
85	50	0
62	8	0
55	69	0
6	61	0
59	5	0
53	61	0
9	70	0
49	2	0
32	56	0
19	36	0
86	83	0
50	41	0
1	3	0
21	99	0
81	0	0
66	71	0
12	34	0
83	78	0
94	12	0
64	70	0
53	87	0
29	18	0
62	88	0
21	24	1
76	85	0
67	55	0
37	98	0
73	34	0
37	23	0
22	36	0
84	1	0
3	71	0
94	73	0
92	15	0
93	35	0
43	58	0
63	11	0
92	91	0
6	7	0
41	13	0
81	82	0
35	43	0
96	70	0
84	74	0
55	25	0
50	37	0
62	61	0
6	50	0
27	83	0
17	59	0
80	74	0
54	73	0
45	99	0
79	51	0
68	79	0
49	81	0
24	47	0
86	78	0
2	39	0
35	38	0
24	26	0
21	74	0
38	71	0
98	19	0
41	33	0
74	12	0
33	85	0
68	22	0
49	34	0
76	77	0
25	52	0
60	68	0
39	98	0
39	62	0
37	7	0
70	12	0
36	87	0
11	77	0
71	86	0
92	56	0
15	87	0
33	33	0
99	68	0
28	56	0
36	81	0
40	94	0
53	46	0
35	10	0
16	40	0
74	90	0
87	99	0
61	88	0
78	17	0
5	67	0
60	3	0
65	11	0
70	21	0
82	21	0
32	60	0
4	73	0
57	60	0
74	38	0
29	76	0
89	19	0
55	87	0
33	64	0
28	14	0
84	74	0
32	68	0
39	11	0
2	91	0
72	14	0
96	82	0
84	93	0
85	20	0
4	79	0
16	77	0
96	49	0
48	74	0
36	45	0
48	78	0
59	75	0
48	60	0
5	80	0
33	65	0
62	11	0
5	66	0
71	97	0
71	42	0
37	94	0
89	56	0
40	15	0
40	52	0
14	78	0
39	94	0
52	34	0
68	29	0
17	30	0
90	68	0
75	43	0
82	52	0
9	82	0
53	13	0
15	81	0
68	67	0
56	44	0
66	52	0
57	8	0
10	9	1
0	55	0
76	45	0
50	11	0
75	63	0
48	85	0
63	49	0
97	27	0
90	5	0
4	65	0
89	70	0
21	97	0
91	61	0
40	88	0
58	33	0
45	0	0
19	92	0
68	33	0
38	53	0
43	77	0
51	4	0
26	94	0
72	92	0
86	82	0
66	27	0
94	73	0
8	85	0
43	38	0
58	1	0
66	21	0
35	21	0
40	4	0
51	12	0
54	50	0
71	33	0
39	49	0
25	49	0
52	55	0
71	81	0
86	74	0
56	89	0
82	13	0
97	50	0
76	1	0
10	55	0
31	5	0
89	35	0
48	23	0
74	74	0
6	41	0
48	72	0
54	23	0
25	96	0
32	87	0
29	73	0
97	62	0
47	29	0
39	1	0
24	54	0
91	53	0
80	22	0
72	98	0
16	11	0
61	91	0
10	77	0
41	85	0
34	33	0
6	54	0
82	8	0
21	31	0
82	13	0
46	13	0
13	3	0
82	4	0
31	47	0
14	41	0
84	29	0
92	63	0
11	27	0
27	29	0
1	56	0
31	87	0
14	74	0
7	7	0
36	92	0
44	65	0
40	34	0
65	25	0
46	84	0
38	68	0
82	98	0
39	24	0
19	46	0
32	35	0
58	78	0
82	98	0
55	13	0
80	1	0
35	5	0
47	9	0
62	9	0
19	44	0
79	59	0
64	1	0
21	42	0
58	3	0
54	54	0
49	53	0
27	63	0
79	82	0
64	51	0
20	57	0
55	36	0
21	16	0
97	9	0
50	8	0
65	18	0
55	39	0
22	35	0
10	70	0
68	75	0
15	78	0
34	95	0
21	98	0
48	22	0
31	31	0
88	62	0
61	45	0
6	78	0
79	81	0
63	92	0
24	35	0
73	26	0
61	96	0
70	0	0
92	63	0
79	45	0
31	18	0
38	50	0
38	48	0
90	80	0
9	20	0
77	26	0
85	10	0
11	50	0
31	91	0
72	77	0
84	5	0
4	71	0
97	35	0
44	92	0
72	6	0
63	54	0
41	50	0
55	47	0
30	41	0
49	39	0
75	79	0
74	54	0
43	29	0
74	68	0
24	53	0
23	93	0
82	83	0
43	22	0
5	71	0
64	15	0
84	17	0
71	44	0
17	58	0
62	32	0
27	37	0
53	40	0
4	97	0
61	31	0
55	11	0
90	52	0
43	24	0
30	79	0
30	6	0
81	50	0
6	4	0
64	97	0
2	90	0
37	44	0
55	84	0
55	31	0
18	98	0
21	43	0
24	40	0
60	16	0
94	33	0
84	19	0
88	97	0
20	60	0
35	13	0
34	29	0
83	22	0
53	61	0
71	86	0
18	35	0
70	99	0
86	70	0
37	79	0
71	10	0
74	37	0
84	15	0
72	16	0
44	21	0
39	33	0
94	4	0
67	28	0
4	64	0
93	13	0
91	95	0
11	94	0
89	64	0
42	48	0
22	8	0
94	85	0
79	55	0
26	96	0
65	23	0
77	47	0
92	56	0
82	67	0
33	80	0
79	80	0
37	93	0
85	74	0
36	39	0
23	91	0
99	86	0
35	36	0
26	42	0
65	68	0
61	94	0
50	67	0
49	92	0
58	58	0
34	61	0
28	61	0
82	21	0
16	91	0
83	53	0
19	88	0
41	55	0
45	78	0
82	28	0
26	30	0
18	46	0
66	39	0
97	76	0
66	15	0
86	96	0
71	97	0
35	44	0
60	10	0
31	47	0
24	87	0
38	34	0
57	69	0
71	79	0
39	22	0
79	93	0
47	31	0
38	19	0
65	42	0
26	79	0
44	12	0
2	62	0
90	80	0
58	91	0
53	45	0
81	13	0
45	74	0
44	53	0
98	56	0
92	0	0
0	74	0
72	4	0
77	78	0
70	27	0
33	1	0
37	69	0
82	79	0
38	72	0
53	74	0
78	21	0
15	66	0
65	12	0
44	63	0
61	97	0
31	91	0
97	5	0
88	20	0
59	9	0
37	89	0
20	93	0
5	89	0
76	51	0
72	64	0
80	66	0
18	45	0
80	46	0
67	61	0
88	73	0
66	60	0
24	54	0
18	75	0
37	27	0
44	43	0
3	47	0
53	64	0
41	42	0
97	35	0
78	32	0
72	2	0
77	34	0
49	80	0
19	16	1
16	46	0
64	36	0
91	75	0
64	83	0
95	74	0
25	51	0
51	68	0
60	55	0
26	59	0
92	39	0
27	62	0
41	25	0
88	51	0
72	99	0
62	52	0
21	65	0
46	1	0
64	70	0
30	82	0
40	28	0
76	79	0
91	72	0
20	98	0
54	67	0
12	72	0
76	66	0
36	56	0
48	66	0
41	79	0
62	69	0
25	36	0
14	66	0
90	80	0
78	51	0
95	58	0
31	74	0
55	79	0
68	30	0
21	16	1
86	21	0
42	36	0
96	12	0
12	89	0
31	36	0
29	75	0
85	54	0
21	40	0
95	64	0
12	97	0
9	74	0
20	4	0
98	93	0
38	27	0
0	78	0
78	89	0
38	61	0
75	76	0
31	88	0
97	32	0
32	15	0
39	86	0
32	75	0
35	13	0
23	38	0
6	25	0
90	71	0
93	11	0
57	11	0
74	9	0
96	40	0
32	6	0
38	41	0
99	39	0
14	58	0
42	88	0
3	45	0
15	80	0
76	58	0
50	95	0
65	45	0
75	76	0
35	33	0
74	65	0
36	60	0
88	44	0
14	70	0
57	33	0
38	71	0
74	33	0
58	42	0
96	81	0
94	99	0
84	87	0
16	83	0
19	32	0
53	51	0
49	70	0
31	21	0
19	4	0
31	70	0
9	39	0
65	7	0
64	82	0
84	61	0
92	18	0
10	46	0
10	2	1
78	95	0
7	98	0
50	8	0
56	53	0
69	11	0
11	6	1
44	21	0
19	37	0
45	17	0
64	5	0
41	83	0
55	23	0
28	96	0
77	4	0
29	41	0
54	72	0
75	23	0
90	72	0
65	79	0
35	70	0
49	90	0
78	90	0
9	16	1
84	56	0
19	62	0
83	76	0
59	95	0
10	33	0
17	54	0
92	47	0
33	89	0
97	96	0
67	86	0
48	4	0
49	49	0
84	57	0
61	88	0
76	48	0
96	70	0
90	30	0
14	62	0
3	57	0
71	90	0
76	40	0
52	57	0
57	9	0
33	21	0
77	76	0
25	35	0
11	66	0
42	43	0
60	43	0
33	14	0
57	29	0
10	85	0
20	41	0
12	59	0
9	71	0
76	54	0
22	26	0
58	14	0
89	24	0
81	3	0
57	68	0
2	64	0
63	31	0
45	34	0
68	76	0
78	11	0
46	43	0
52	61	0
45	88	0
15	97	0
27	65	0
43	87	0
34	37	0
74	80	0
49	44	0
28	79	0
58	33	0
6	42	0
60	58	0
62	19	0
30	78	0
80	49	0
50	46	0
49	44	0
41	16	0
3	66	0
69	63	0
72	52	0
45	38	0
80	56	0
84	67	0
78	40	0
68	9	0
87	75	0
92	17	0
3	74	0
66	84	0
34	16	0
58	35	0
10	3	0
15	56	0
10	86	0
34	89	0
22	50	0
94	34	0
18	51	0
50	99	0
18	86	0
99	67	0
54	62	0
86	40	0
21	4	0
57	12	0
50	5	0
8	5	0
12	74	0
60	61	0
85	69	0
74	50	0
15	1	0
29	39	0
69	9	0
1	77	0
72	0	0
41	72	0
56	22	0
75	99	0
9	33	0
7	91	0
96	57	0
30	19	0
88	70	0
63	58	0
78	40	0
42	27	0
92	31	0
87	68	0
13	67	0
2	86	0
20	58	0
2	90	0
8	88	0
87	33	0
33	47	0
2	95	0
53	14	0
61	2	0
40	47	0
22	25	1
67	40	0
37	20	0
24	78	0
28	31	0
69	18	0
9	41	0
85	51	0
90	4	0
65	52	0
32	10	0
48	20	0
9	98	0
60	82	0
41	70	0
16	3	1
39	14	0
4	84	0
3	87	0
67	53	0
89	45	0
42	29	0
28	76	0
22	31	0
99	85	0
58	29	0
47	73	0
65	99	0
15	23	1
0	83	0
68	25	0
50	65	0
29	36	0
97	67	0
40	75	0
97	19	0
79	15	0
94	19	0
87	86	0
47	59	0
22	91	0
85	6	0
31	0	0
66	86	0
65	75	0
19	51	0
67	40	0
71	81	0
88	11	0
93	53	0
20	70	0
57	48	0
24	22	0
89	24	0
43	45	0
65	8	0
92	95	0
86	78	0
45	64	0
71	31	0
66	77	0
3	90	0
45	0	0
11	96	0
12	76	0
68	69	0
75	96	0
83	5	0
97	88	0
78	1	0
24	15	1
80	71	0
63	1	0
94	35	0
71	54	0
56	34	0
12	71	0
61	89	0
52	77	0
13	47	0
7	42	0
38	96	0
11	69	0
41	0	0
38	57	0
13	65	0
39	25	0
4	47	0
93	47	0
55	24	0
0	45	0
25	89	0
74	59	0
1	1	0
94	71	0
24	83	0
58	50	0
34	57	0
95	47	0
58	41	0
1	17	0
3	53	0
22	59	0
90	70	0
66	48	0
97	65	0
1	52	0
63	55	0
14	69	0
1	14	0
69	68	0
29	64	0
48	12	0
30	30	0
5	78	0
35	88	0
7	6	0
76	45	0
66	61	0
80	68	0
75	74	0
46	87	0
40	13	0
0	70	0
49	62	0
42	51	0
58	50	0
82	13	0
