79	60	0
34	30	0
68	99	0
16	9	0
95	36	0
83	95	0
68	45	0
5	78	0
2	7	0
13	93	0
89	43	0
68	76	0
34	31	0
68	73	0
98	56	0
53	95	1
58	73	0
38	29	0
86	74	0
97	84	0
74	77	0
10	29	0
69	73	0
76	33	0
63	91	0
50	72	0
66	80	0
96	46	0
99	26	0
93	74	0
33	3	0
44	85	1
84	35	0
32	16	0
98	74	0
92	70	0
93	22	1
90	11	0
21	34	0
61	78	0
3	85	0
95	10	1
61	97	0
16	28	0
81	74	0
92	34	0
57	92	0
3	16	0
92	15	0
67	39	0
72	16	1
53	43	0
74	32	0
14	99	1
90	65	0
59	92	0
16	61	0
39	85	1
94	53	0
34	36	0
28	8	0
68	63	0
14	93	0
98	30	0
37	68	0
88	56	0
99	4	0
75	97	0
68	83	0
5	28	0
77	80	0
81	66	0
80	39	0
18	98	1
59	38	0
87	43	0
87	35	0
90	38	0
19	61	0
2	15	0
90	61	0
58	97	0
40	78	0
58	93	0
72	35	0
60	66	0
83	75	0
78	75	0
17	18	0
13	9	0
84	60	0
88	0	0
14	52	0
70	78	0
66	78	0
59	76	0
53	9	0
49	95	1
73	91	0
78	52	0
11	90	0
90	83	0
2	90	0
15	52	0
88	88	0
87	75	0
53	77	0
72	43	0
80	40	0
55	68	0
22	54	0
40	21	0
92	89	0
71	6	0
84	38	0
83	92	0
63	76	0
73	75	0
14	24	0
13	78	1
67	98	0
76	64	1
45	94	1
59	92	0
27	83	0
37	38	0
76	54	1
59	47	0
58	80	0
69	36	0
2	97	0
94	36	0
62	27	0
51	23	0
80	19	1
64	71	0
73	94	0
84	76	0
86	9	1
94	31	0
97	76	0
69	73	0
53	84	0
13	72	0
94	9	1
10	53	0
77	75	0
80	70	0
89	52	0
85	55	0
91	67	0
55	14	0
37	22	0
77	61	0
26	74	0
58	83	0
82	77	0
80	4	1
94	44	0
99	31	0
70	62	0
70	99	0
59	8	0
2	93	0
12	99	0
94	59	0
58	64	1
95	72	0
15	17	0
47	97	1
79	8	1
78	7	0
89	23	0
86	22	0
79	32	0
12	13	0
30	74	0
55	90	0
85	39	0
75	93	0
90	72	0
63	31	0
64	82	0
7	6	0
32	7	0
43	27	0
66	34	0
1	55	0
30	13	0
94	86	0
95	57	0
98	14	0
61	0	0
35	6	0
98	86	0
27	75	0
8	93	0
33	35	0
76	46	0
72	68	0
55	72	0
84	84	0
70	30	0
75	77	0
87	34	0
85	69	0
61	36	0
97	75	0
63	15	0
97	10	1
31	57	0
76	91	0
97	44	0
90	43	0
76	93	0
92	41	0
45	45	0
57	99	0
71	84	0
22	77	0
83	79	0
5	95	0
91	12	1
94	15	1
18	99	1
86	30	0
94	66	0
31	3	0
50	90	1
45	57	0
10	15	0
90	45	0
89	6	1
69	89	0
15	21	0
74	26	0
75	80	0
15	30	0
79	39	0
79	2	0
94	68	0
66	16	0
94	92	0
13	35	0
53	97	0
64	57	0
94	40	0
60	45	0
1	55	0
92	74	0
90	62	0
1	84	0
75	86	0
40	22	0
64	54	0
65	99	0
69	91	0
97	51	0
63	11	0
66	38	0
79	31	0
93	57	0
75	38	0
87	67	0
44	97	1
49	90	1
89	96	0
80	95	0
18	9	0
5	85	0
75	83	0
71	95	0
57	19	0
81	52	0
96	0	0
96	77	0
65	81	0
91	19	1
64	78	0
86	19	1
94	3	0
85	28	0
10	43	0
7	99	0
89	89	0
86	88	0
83	84	0
85	57	0
77	83	0
9	90	0
27	21	0
3	12	0
36	40	0
88	11	1
84	38	0
62	63	0
59	4	0
76	84	0
79	80	0
81	48	0
74	60	0
31	20	0
99	39	0
77	97	0
56	38	0
71	85	0
98	64	0
16	58	0
42	71	0
53	77	0
53	87	1
0	48	0
71	72	0
93	44	0
95	66	0
53	93	0
89	27	0
84	9	0
95	69	0
62	72	0
5	94	0
78	90	0
20	19	0
4	87	0
65	73	0
63	66	0
83	88	0
0	82	0
84	52	0
16	1	0
49	87	1
8	82	0
0	15	0
96	52	0
76	21	1
18	20	0
15	34	0
68	39	0
69	78	0
92	78	0
87	41	0
80	74	0
72	91	0
2	67	0
88	65	0
63	23	0
99	43	0
76	85	0
79	71	0
43	78	0
95	65	0
92	11	1
46	77	0
0	98	0
75	36	0
79	25	1
30	32	0
66	85	0
34	73	0
63	94	0
96	54	0
89	37	0
70	69	0
91	79	0
92	44	0
97	99	0
78	71	0
73	35	0
43	85	1
82	78	0
86	71	0
94	30	0
47	64	0
63	32	0
81	90	0
87	53	0
23	83	0
84	38	0
77	44	0
88	37	0
99	83	0
74	43	0
5	88	0
9	98	0
37	33	0
25	73	0
44	87	1
61	9	0
1	96	0
74	46	0
11	14	0
17	60	0
68	70	0
67	69	0
80	50	0
76	41	0
74	65	0
77	47	0
13	38	0
95	76	0
59	96	0
81	18	0
40	95	1
17	88	0
96	57	0
64	36	0
25	16	0
26	31	0
77	51	0
97	35	0
17	2	0
41	0	0
52	62	0
95	85	0
27	9	0
57	17	0
86	81	0
73	63	1
64	90	0
16	50	0
98	45	0
87	62	0
6	90	0
1	94	0
47	26	0
93	29	0
18	29	0
87	37	0
75	14	0
38	26	0
19	96	0
63	88	0
21	33	0
74	40	0
67	86	0
68	35	0
12	8	0
93	56	0
88	36	0
88	22	0
61	27	1
52	97	0
86	37	0
58	99	0
61	54	0
72	54	0
51	92	0
92	51	0
94	99	0
83	86	0
54	86	1
78	76	0
75	20	0
94	48	0
95	99	0
91	94	0
83	21	0
83	67	0
15	95	1
84	97	0
62	73	0
6	22	0
28	94	0
88	29	0
17	98	0
53	78	1
71	38	0
80	49	0
75	56	0
99	55	0
86	37	0
80	19	1
6	80	0
10	11	0
58	81	0
29	67	0
36	6	0
2	81	0
97	42	0
93	86	0
86	50	0
90	83	0
67	54	1
84	19	1
96	40	0
