96	66	0
18	15	0
65	95	0
7	2	0
91	37	0
97	96	0
42	11	1
47	82	0
58	24	0
81	49	0
4	88	0
4	6	0
13	92	0
92	32	0
72	72	0
42	32	0
82	72	0
96	15	0
60	98	0
44	71	0
80	69	0
47	10	0
25	82	0
53	21	0
92	67	0
78	85	0
84	76	0
12	34	0
55	18	1
53	35	0
88	26	0
78	73	0
11	75	0
30	93	0
84	9	0
70	91	0
28	9	0
48	71	0
84	67	0
97	72	0
58	65	0
97	35	0
18	73	0
65	6	0
98	65	0
19	77	0
60	1	0
6	75	0
40	98	0
31	66	0
92	56	0
57	37	0
38	21	0
98	84	0
91	94	0
96	15	0
31	87	0
95	11	0
23	15	0
76	93	0
34	7	1
0	89	0
82	10	0
25	67	0
64	90	0
36	60	0
6	28	0
72	82	0
90	30	0
18	94	0
44	98	0
65	26	0
30	91	0
50	96	0
11	15	0
98	19	0
78	26	0
52	77	0
86	40	0
87	60	0
57	8	0
69	38	0
3	97	0
70	0	0
45	80	0
43	6	1
54	21	0
87	15	0
38	55	1
88	54	0
1	53	0
76	88	0
2	82	0
38	95	0
93	52	0
75	28	0
33	64	0
36	58	0
68	3	0
67	54	0
14	74	0
34	3	0
62	70	0
47	33	0
6	91	0
90	30	0
41	80	0
77	67	0
95	2	0
64	87	0
64	72	0
8	23	0
60	93	0
98	81	0
76	55	0
24	94	0
66	28	0
78	1	0
94	68	0
92	35	0
91	54	0
37	46	0
59	13	1
61	69	0
9	27	0
49	31	0
91	56	0
53	24	1
54	79	0
56	74	0
59	24	0
45	33	0
50	20	1
55	83	0
48	58	0
47	95	0
76	40	0
60	68	0
56	69	0
94	58	0
30	20	0
44	41	0
13	15	0
15	81	0
28	60	0
80	41	0
51	44	0
87	0	0
35	85	0
54	21	0
30	39	0
64	81	0
31	66	0
58	61	0
45	83	0
43	52	1
34	2	0
56	19	0
39	98	0
28	61	0
77	78	0
92	65	0
18	97	0
90	74	0
30	50	0
24	71	0
52	71	0
41	54	0
20	29	0
71	85	0
95	90	0
46	76	0
75	41	0
2	44	1
59	14	1
64	47	0
61	16	0
76	22	0
5	50	1
38	60	0
53	19	0
39	60	0
95	33	0
34	91	0
21	59	0
80	93	0
53	53	0
17	18	0
37	77	0
49	13	0
92	96	0
33	90	0
93	0	0
14	54	1
18	75	0
95	35	0
57	96	0
70	83	0
62	60	0
31	53	0
14	69	0
57	1	0
55	88	0
97	54	0
39	90	0
69	68	0
85	25	0
49	76	0
30	77	0
37	91	0
37	20	0
68	27	0
84	53	0
52	41	0
77	67	0
2	55	1
75	22	0
20	88	0
60	66	0
89	34	0
75	40	0
45	1	0
2	39	0
86	30	0
74	79	0
62	99	0
71	56	0
96	27	0
89	10	0
5	35	0
89	72	0
35	99	0
88	81	0
41	99	0
56	33	0
83	32	0
23	94	0
82	23	0
20	60	0
30	83	0
48	12	0
25	88	0
74	87	0
85	74	0
93	59	0
96	57	0
22	83	0
38	66	0
83	8	0
86	54	0
41	4	0
40	26	0
45	59	0
79	44	0
24	57	0
34	41	0
29	78	0
74	99	0
91	54	0
61	74	0
97	7	0
98	32	0
64	6	0
90	51	0
79	51	0
60	79	0
4	39	0
44	59	0
70	24	0
13	87	0
28	70	0
5	92	0
89	63	0
53	11	1
42	4	0
78	65	0
78	1	0
99	81	0
23	0	0
45	92	0
15	66	0
54	93	0
40	40	0
77	22	0
81	16	0
57	12	1
90	11	0
49	48	0
79	29	0
77	59	0
9	10	0
1	61	0
31	96	0
20	80	0
55	95	0
45	72	0
82	43	0
64	4	0
48	88	0
51	68	0
97	91	0
2	46	1
64	45	0
67	85	0
81	24	0
23	4	0
48	1	0
51	15	0
36	31	0
81	53	0
75	19	0
20	42	0
20	30	0
31	58	0
43	32	0
97	69	0
91	61	0
5	54	1
64	32	0
85	7	0
67	11	0
73	24	0
52	37	0
39	28	0
8	74	0
73	83	0
41	88	0
11	96	0
33	59	0
56	13	1
53	41	0
85	34	0
74	53	0
14	59	1
82	71	0
84	86	0
84	32	0
71	86	0
76	9	0
77	55	0
68	54	0
67	51	0
90	73	0
73	4	0
88	14	0
23	43	0
56	92	0
63	75	0
77	13	0
24	78	0
97	38	0
55	99	0
99	25	0
59	23	0
33	60	0
59	40	0
32	61	0
58	80	0
77	27	0
85	81	0
40	50	1
21	91	0
92	96	0
47	17	1
6	82	0
41	53	1
99	1	0
86	34	0
38	71	0
57	51	0
64	48	0
23	99	0
79	27	0
44	7	1
92	55	0
49	34	0
40	91	0
24	10	0
48	47	0
52	91	0
3	44	1
43	79	0
43	84	0
50	21	1
21	69	0
11	29	0
70	9	0
72	31	0
98	7	0
80	97	0
34	65	0
34	25	0
77	6	0
56	49	0
67	96	0
1	26	0
52	87	0
91	55	0
29	76	0
76	1	0
36	66	0
64	17	0
55	11	0
82	18	0
92	42	0
3	86	0
71	10	0
85	99	0
29	99	0
91	75	0
45	50	1
8	28	0
62	97	0
69	45	0
5	84	0
70	26	0
84	53	0
72	48	0
73	61	0
24	56	0
96	48	0
23	92	0
95	63	0
24	99	0
92	93	0
44	36	0
70	70	0
58	92	0
48	52	0
60	95	0
81	50	0
47	48	0
28	58	0
91	0	0
0	84	0
86	60	0
23	97	0
48	51	0
43	72	0
81	27	0
31	50	0
57	24	0
93	56	0
72	21	0
81	89	0
45	97	0
36	55	0
45	7	1
41	44	0
60	98	0
52	25	0
44	80	0
88	81	0
45	12	1
87	78	0
75	11	0
19	9	0
41	33	0
31	58	0
45	4	1
8	79	0
84	77	0
63	86	0
67	58	0
67	10	0
37	65	0
38	79	0
93	50	0
89	6	0
16	71	0
74	10	0
48	63	0
49	25	1
43	6	1
33	43	0
84	86	0
24	72	0
55	85	0
66	18	0
78	15	0
52	53	0
64	84	0
23	98	0
93	25	0
81	11	0
75	24	0
12	68	0
16	96	0
15	79	0
59	36	0
72	82	0
76	95	0
2	32	0
63	53	0
68	86	0
73	61	0
63	71	0
16	94	0
17	75	0
47	28	0
6	27	0
44	37	0
30	40	0
99	32	0
80	46	0
65	12	0
71	28	0
57	47	0
40	23	0
95	78	0
49	79	0
82	51	0
35	60	0
37	99	0
75	52	0
56	14	1
31	15	0
99	51	0
67	85	0
50	35	0
54	60	0
35	98	0
64	96	0
93	62	0
18	75	0
65	47	0
2	74	0
60	51	0
46	70	0
67	55	0
53	80	0
65	90	0
3	57	0
57	53	0
79	47	0
76	61	0
38	81	0
76	81	0
46	30	0
96	16	0
53	42	0
96	14	0
1	80	0
47	89	0
89	68	0
67	69	0
13	91	0
12	70	0
83	88	0
42	27	0
5	78	0
74	99	0
51	65	0
90	62	0
24	91	0
72	38	0
21	0	0
46	77	0
21	81	0
10	19	0
91	54	0
96	20	0
49	19	1
72	32	0
77	15	0
22	14	0
31	62	0
76	29	0
3	75	0
62	76	0
7	43	0
21	75	0
63	51	0
66	97	0
70	45	0
80	88	0
75	53	0
74	82	0
3	90	0
48	43	0
26	79	0
80	52	0
60	41	0
93	44	0
94	94	0
78	91	0
49	70	0
75	47	0
67	70	0
38	55	1
66	3	0
66	84	0
84	70	0
83	2	0
59	82	0
6	99	0
50	25	1
52	38	0
70	32	0
62	33	0
74	21	0
21	91	0
72	29	0
29	69	0
89	16	0
45	66	0
45	37	0
63	93	0
73	75	0
48	76	0
74	94	0
83	62	0
87	50	0
95	73	0
81	99	0
98	42	0
38	65	0
87	85	0
49	79	0
82	85	0
99	50	0
45	89	0
91	67	0
84	53	0
84	34	0
38	46	0
7	63	0
57	77	0
69	14	0
67	31	0
47	22	1
84	81	0
65	42	0
45	9	1
13	91	0
12	53	1
15	90	0
62	37	0
90	13	0
90	50	0
97	4	0
78	98	0
51	24	1
52	42	0
34	75	0
98	18	0
68	51	0
31	78	0
27	98	0
27	74	0
9	92	0
33	10	1
68	63	0
44	33	0
48	74	0
41	46	0
0	50	1
65	76	0
74	15	0
16	85	0
92	55	0
19	24	0
13	77	0
70	62	0
70	52	0
51	63	0
90	51	0
88	63	0
80	57	0
55	9	1
58	67	0
85	46	0
2	33	0
98	77	0
53	46	0
40	78	0
6	77	0
22	93	0
26	60	0
92	31	0
12	54	1
60	95	0
9	91	0
94	64	0
57	27	0
75	19	0
26	21	0
34	37	0
75	7	0
13	74	0
43	52	1
88	56	0
91	39	0
1	8	0
2	36	0
70	15	0
45	77	0
95	94	0
0	10	0
54	97	0
81	31	0
41	8	1
92	83	0
42	61	0
77	72	0
27	32	0
97	37	0
86	76	0
22	68	0
16	82	0
2	46	1
24	71	0
20	99	0
72	15	0
29	59	0
8	84	0
34	31	0
53	19	0
40	58	0
67	45	0
43	8	1
30	72	0
92	26	0
3	27	0
76	50	0
92	30	0
55	63	0
31	18	0
40	5	0
15	91	0
44	79	0
25	62	0
21	19	0
22	81	0
25	77	0
68	56	0
94	41	0
33	68	0
82	97	0
49	33	0
65	68	0
42	84	0
9	85	0
87	43	0
41	63	0
12	24	0
93	55	0
59	49	0
92	20	0
88	20	0
78	34	0
57	95	0
47	39	0
63	42	0
56	31	0
41	0	0
39	91	0
58	71	0
90	27	0
65	98	0
86	54	0
77	46	0
35	77	0
28	73	0
79	31	0
50	44	0
75	0	0
96	94	0
72	78	0
51	79	0
73	36	0
86	85	0
17	80	0
58	32	0
17	94	0
9	57	1
35	64	0
82	64	0
65	17	0
98	95	0
89	10	0
99	90	0
60	8	0
65	21	0
75	52	0
67	32	0
10	86	0
53	88	0
65	82	0
6	28	0
14	84	0
17	69	0
44	9	0
38	37	0
0	49	1
81	42	0
51	19	0
6	60	0
18	88	0
66	95	0
93	43	0
0	73	0
62	41	0
28	89	0
80	57	0
69	41	0
24	53	0
86	35	0
79	46	0
71	61	0
13	59	1
53	46	0
7	90	0
0	7	0
85	67	0
19	67	0
22	6	0
1	96	0
22	79	0
99	37	0
70	81	0
85	61	0
89	85	0
55	60	0
61	37	0
2	74	0
50	61	0
37	52	0
67	37	0
86	25	0
