95	60	0
56	15	0
44	23	0
50	91	0
1	44	0
87	32	0
94	74	0
8	11	0
47	13	0
66	89	0
44	38	0
72	44	0
0	94	0
31	10	0
16	55	0
98	4	0
83	81	0
68	31	0
33	57	0
98	54	0
97	0	0
42	79	0
72	81	0
83	90	0
76	1	0
22	96	0
63	16	0
74	72	0
69	88	0
95	60	0
5	42	0
31	25	0
46	16	0
80	17	0
49	49	0
86	76	0
12	98	0
70	68	0
92	18	0
80	95	0
41	16	0
33	59	0
65	59	0
99	59	0
57	87	0
92	48	0
19	99	0
29	45	0
61	13	0
94	43	0
26	64	0
60	6	0
32	83	0
66	98	0
28	68	0
91	67	0
51	15	0
38	55	0
79	77	0
99	88	0
77	13	0
24	94	0
90	3	0
50	13	0
90	65	0
45	23	0
11	86	0
89	6	0
33	82	0
86	76	0
58	50	0
21	32	0
93	76	0
24	37	0
27	46	0
86	39	0
24	13	0
10	38	0
44	84	0
66	99	0
70	23	0
47	99	0
73	93	0
5	9	0
12	29	0
91	10	0
89	13	0
51	49	0
85	35	0
20	33	0
76	51	0
47	53	0
32	8	0
32	6	0
68	51	0
21	80	0
49	2	0
45	84	0
42	2	0
33	26	0
88	34	0
51	63	0
55	45	0
20	79	0
71	75	0
1	80	0
42	95	0
82	47	0
66	19	0
53	79	0
2	49	0
65	5	0
52	73	0
4	81	0
47	3	0
20	54	0
19	31	0
92	82	0
9	30	1
37	28	0
4	1	0
36	95	0
90	6	0
62	59	0
11	36	0
72	78	0
96	19	0
63	58	0
48	82	0
30	18	0
60	92	0
14	15	0
74	82	0
64	55	0
26	93	0
81	32	0
38	36	0
19	22	0
71	7	0
10	6	0
0	79	0
14	9	0
92	83	0
95	12	0
82	40	0
55	59	0
65	11	0
86	87	0
3	4	0
37	16	0
16	5	0
82	72	0
37	37	0
90	72	0
86	80	0
52	28	0
56	37	0
75	52	0
1	49	0
26	75	0
15	58	0
91	77	0
46	60	0
36	92	0
88	44	0
71	71	0
58	82	0
21	38	0
99	78	0
3	44	0
30	33	0
16	23	0
23	75	0
29	68	0
93	25	0
52	33	0
76	8	0
40	78	0
68	23	0
56	37	0
73	72	0
24	47	0
67	61	0
33	96	0
32	64	0
29	2	0
69	24	0
22	96	0
6	82	0
65	81	0
79	48	0
18	84	0
17	50	0
85	70	0
24	54	0
33	75	0
37	86	0
56	39	0
32	1	0
19	46	0
75	86	0
91	86	0
61	92	0
71	13	0
8	55	0
62	9	0
60	22	0
58	22	0
74	16	0
28	61	0
4	75	0
48	66	0
68	39	0
29	70	0
81	21	0
56	90	0
35	74	0
22	12	0
86	79	0
31	79	0
45	5	0
3	86	0
83	22	0
93	73	0
75	86	0
85	28	0
2	78	0
20	84	0
92	45	0
60	71	0
37	43	0
44	78	0
73	70	0
48	65	0
16	78	0
38	65	0
64	4	0
6	57	0
69	95	0
66	40	0
25	84	0
87	65	0
40	11	0
38	61	0
10	74	0
41	91	0
63	29	0
73	17	0
19	37	0
94	59	0
63	43	0
75	45	0
16	92	0
56	14	0
19	80	0
65	68	0
62	57	0
69	59	0
56	3	0
25	9	0
10	50	0
80	49	0
51	14	0
75	56	0
44	84	0
61	48	0
95	29	0
92	11	0
15	60	0
85	68	0
21	85	0
15	18	0
99	52	0
38	97	0
47	37	0
53	2	0
15	99	0
67	39	0
40	57	0
34	75	0
43	3	0
19	81	0
79	84	0
84	76	0
61	32	0
88	72	0
15	88	0
43	41	0
66	0	0
70	17	0
33	24	0
56	6	0
55	17	0
53	36	0
65	32	0
29	51	0
22	47	0
57	43	0
70	70	0
89	88	0
42	97	0
74	9	0
92	57	0
69	11	0
13	53	0
14	13	0
89	38	0
55	31	0
76	74	0
17	45	0
51	68	0
58	23	0
31	95	0
32	84	0
41	75	0
97	48	0
47	27	0
49	0	0
27	45	0
87	49	0
73	3	0
64	92	0
27	1	0
66	90	0
6	75	0
43	77	0
30	25	0
8	52	0
10	16	0
84	9	0
26	34	0
80	18	0
38	4	0
3	11	0
86	13	0
25	66	0
24	42	0
91	27	0
85	54	0
12	34	0
23	40	0
0	51	0
37	89	0
15	78	0
6	6	0
34	92	0
53	62	0
43	18	0
8	15	0
53	30	0
46	86	0
41	72	0
87	99	0
32	29	0
19	57	0
33	43	0
56	69	0
73	98	0
48	11	0
70	6	0
28	7	0
43	12	0
52	2	0
20	57	0
79	56	0
66	0	0
29	46	0
60	1	0
55	58	0
45	57	0
34	61	0
80	82	0
70	49	0
21	67	0
52	43	0
21	16	0
98	10	0
45	3	0
63	26	0
56	24	0
17	42	0
11	70	0
61	74	0
9	80	0
41	98	0
27	84	0
40	26	0
41	37	0
89	62	0
62	32	0
11	68	0
71	78	0
6	22	1
63	86	0
27	30	0
65	19	0
72	92	0
72	2	0
96	63	0
74	45	0
42	29	0
35	40	0
33	37	0
89	73	0
13	22	0
65	24	0
83	6	0
9	49	0
42	83	0
73	76	0
78	6	0
0	61	0
95	44	0
57	99	0
9	15	0
68	1	0
55	59	0
37	63	0
60	47	0
19	37	0
53	39	0
73	81	0
61	54	0
40	33	0
72	70	0
22	43	0
19	78	0
78	82	0
46	18	0
3	77	0
71	18	0
86	27	0
71	42	0
15	61	0
69	18	0
22	27	0
62	45	0
16	98	0
68	50	0
53	6	0
85	53	0
36	29	0
29	73	0
41	9	0
79	40	0
2	4	0
61	97	0
15	93	0
29	33	0
50	67	0
57	27	0
8	94	0
12	47	0
17	40	0
55	11	0
94	36	0
71	23	0
86	99	0
33	66	0
20	26	0
37	19	0
44	25	0
94	10	0
56	58	0
80	78	0
32	42	0
62	96	0
76	58	0
41	76	0
81	1	0
70	48	0
77	10	0
64	17	0
43	20	0
30	29	0
93	8	0
61	24	0
3	76	0
97	4	0
95	89	0
6	90	0
6	31	1
88	67	0
42	48	0
35	5	0
91	85	0
80	60	0
24	99	0
71	31	0
78	38	0
89	59	0
9	19	1
85	73	0
33	78	0
78	76	0
26	99	0
98	70	0
35	46	0
21	83	0
96	84	0
36	32	0
31	35	0
69	69	0
65	97	0
45	73	0
14	14	0
44	81	0
63	63	0
37	62	0
32	74	0
86	21	0
10	97	0
81	47	0
24	78	0
37	65	0
41	77	0
91	35	0
31	31	0
21	52	0
2	19	0
70	41	0
96	71	0
58	20	0
79	90	0
72	96	0
31	37	0
46	16	0
27	49	0
23	77	0
6	22	1
36	32	0
50	68	0
66	91	0
34	29	0
73	88	0
54	32	0
35	12	0
68	39	0
24	73	0
52	10	0
11	55	0
99	85	0
61	98	0
42	56	0
75	8	0
48	66	0
6	22	1
6	22	1
45	49	0
96	57	0
90	1	0
6	62	0
75	5	0
85	87	0
70	26	0
33	3	0
29	68	0
83	73	0
34	83	0
51	81	0
83	21	0
18	76	0
59	16	0
59	74	0
60	95	0
36	89	0
99	12	0
94	18	0
68	15	0
42	91	0
11	92	0
1	88	0
75	60	0
77	58	0
88	67	0
9	47	0
87	47	0
61	55	0
9	16	0
80	69	0
66	67	0
20	44	0
11	69	0
43	28	0
40	40	0
9	61	0
62	51	0
46	48	0
95	40	0
74	33	0
80	0	0
75	37	0
49	89	0
0	31	1
17	16	0
20	48	0
71	48	0
99	82	0
73	73	0
99	77	0
21	44	0
55	71	0
57	41	0
32	65	0
78	43	0
6	28	1
20	69	0
41	25	0
78	63	0
66	98	0
49	55	0
11	18	1
23	63	0
34	8	0
86	64	0
22	78	0
47	33	0
85	82	0
96	82	0
12	97	0
43	52	0
14	78	0
75	77	0
39	53	0
53	59	0
42	79	0
75	69	0
27	32	0
18	65	0
92	79	0
76	60	0
91	59	0
34	82	0
60	81	0
65	28	0
28	25	0
88	27	0
41	29	0
94	2	0
21	86	0
23	25	0
3	14	0
37	99	0
90	66	0
23	38	0
96	54	0
16	99	0
16	67	0
30	1	0
97	95	0
21	25	0
4	86	0
69	98	0
39	60	0
80	71	0
23	79	0
90	28	0
22	26	0
38	79	0
27	73	0
36	22	0
22	39	0
16	34	0
94	68	0
85	17	0
48	13	0
72	8	0
87	49	0
33	13	0
45	29	0
92	33	0
7	54	0
45	87	0
13	52	0
18	81	0
75	57	0
44	96	0
62	49	0
70	80	0
39	27	0
92	74	0
33	64	0
92	42	0
11	72	0
69	46	0
24	61	0
69	31	0
2	26	1
63	37	0
86	75	0
89	88	0
88	99	0
22	85	0
21	45	0
46	51	0
45	64	0
36	28	0
25	9	0
36	61	0
10	53	0
61	5	0
73	83	0
86	52	0
95	4	0
9	51	0
6	0	0
77	96	0
8	81	0
51	24	0
53	34	0
78	13	0
21	0	0
51	8	0
14	40	0
1	35	0
53	15	0
49	5	0
0	25	1
30	83	0
55	25	0
35	95	0
80	0	0
32	42	0
53	63	0
66	20	0
93	60	0
61	68	0
45	64	0
48	95	0
84	95	0
18	13	0
95	57	0
18	63	0
85	65	0
55	88	0
15	35	0
18	58	0
99	39	0
25	79	0
92	97	0
69	82	0
45	6	0
40	62	0
78	56	0
38	88	0
77	47	0
92	75	0
74	26	0
10	62	0
12	65	0
88	94	0
68	35	0
62	66	0
60	6	0
16	21	0
74	68	0
33	33	0
13	63	0
33	51	0
49	48	0
34	14	0
59	29	0
6	87	0
18	43	0
10	58	0
6	52	0
80	61	0
25	21	0
61	19	0
97	19	0
85	5	0
55	64	0
1	74	0
57	29	0
35	28	0
15	11	0
17	17	0
76	70	0
67	24	0
34	42	0
45	74	0
57	79	0
12	91	0
22	67	0
46	82	0
27	40	0
78	96	0
53	31	0
34	80	0
14	4	0
54	17	0
14	44	0
59	48	0
75	9	0
26	74	0
85	65	0
62	52	0
47	44	0
41	23	0
4	65	0
80	66	0
76	55	0
46	36	0
72	63	0
74	74	0
75	43	0
63	9	0
92	76	0
83	19	0
0	71	0
74	63	0
1	28	1
12	26	1
27	1	0
47	28	0
0	0	0
10	53	0
19	80	0
30	95	0
31	46	0
95	28	0
10	46	0
58	91	0
20	87	0
5	30	1
99	60	0
41	59	0
7	20	1
82	46	0
27	4	0
61	21	0
58	2	0
13	3	0
26	87	0
46	59	0
84	74	0
65	43	0
13	0	0
27	30	0
58	8	0
7	27	1
8	74	0
77	8	0
40	67	0
54	38	0
65	98	0
16	42	0
11	94	0
88	48	0
22	19	0
91	78	0
59	60	0
68	41	0
50	30	0
98	26	0
87	60	0
15	57	0
0	93	0
33	48	0
0	88	0
6	99	0
92	24	0
27	51	0
2	97	0
52	4	0
65	4	0
44	47	0
26	17	0
64	42	0
41	26	0
18	81	0
22	31	0
60	5	0
9	42	0
93	48	0
90	5	0
57	55	0
35	0	0
42	27	0
12	96	0
59	75	0
25	67	0
14	10	0
37	25	0
8	85	0
1	77	0
72	52	0
89	49	0
54	33	0
13	78	0
22	32	0
90	80	0
67	29	0
47	75	0
66	95	0
21	14	0
11	86	0
66	16	0
54	77	0
33	39	0
92	65	0
35	75	0
95	21	0
85	18	0
99	17	0
85	84	0
43	54	0
17	80	0
81	11	0
34	0	0
65	77	0
66	75	0
23	47	0
65	53	0
59	79	0
76	20	0
90	48	0
12	65	0
61	44	0
27	32	0
90	26	0
65	42	0
67	18	0
91	98	0
80	72	0
50	70	0
79	38	0
56	66	0
5	97	0
36	5	0
7	93	0
17	78	0
60	62	0
70	93	0
80	10	0
94	97	0
77	0	0
10	5	0
91	76	0
64	9	0
97	34	0
75	59	0
48	42	0
18	65	0
63	93	0
63	70	0
1	47	0
7	43	0
38	94	0
2	86	0
58	5	0
40	47	0
10	68	0
40	33	0
13	29	0
5	44	0
96	56	0
51	33	0
0	50	0
25	88	0
79	63	0
0	9	0
86	89	0
25	80	0
64	46	0
38	54	0
93	43	0
58	42	0
4	5	0
9	12	0
3	52	0
22	59	0
98	75	0
63	52	0
96	67	0
10	54	0
74	58	0
19	78	0
0	3	0
75	79	0
4	20	0
26	71	0
38	11	0
30	22	0
3	75	0
37	90	0
2	6	0
72	41	0
58	58	0
84	64	0
86	76	0
42	89	0
32	29	0
5	61	0
5	13	0
39	67	0
52	48	0
55	52	0
79	17	0
