93	62	0
30	1	0
29	32	0
60	96	0
22	2	0
95	42	0
99	93	0
58	13	0
59	73	0
59	26	0
81	50	0
6	87	0
14	7	0
20	88	0
95	25	0
76	77	0
56	40	0
19	56	0
88	53	0
94	15	0
45	96	0
61	64	0
72	80	0
54	4	0
27	75	0
51	17	0
90	74	0
66	90	0
94	81	0
0	37	0
52	12	0
44	21	0
97	27	0
17	57	1
81	64	0
12	89	0
35	96	0
89	20	0
78	86	0
40	12	0
38	66	0
90	69	0
95	72	0
53	61	0
99	49	0
10	81	0
74	2	0
98	64	0
14	71	0
72	10	0
10	74	0
57	89	0
30	73	0
97	68	0
45	35	0
39	29	0
94	88	0
99	92	0
99	3	0
18	96	0
99	11	0
33	5	0
70	85	0
36	4	0
7	96	0
88	15	0
32	80	0
64	95	0
46	56	0
7	29	0
69	85	0
15	55	0
94	30	0
30	87	0
60	97	0
62	31	0
29	96	0
59	95	0
1	16	0
99	10	0
88	20	0
52	72	0
89	37	0
92	62	0
46	15	0
30	11	0
67	52	0
4	97	0
49	1	0
44	70	0
49	8	0
59	31	0
84	33	0
32	61	0
77	47	0
4	64	0
80	92	0
3	91	0
42	95	0
97	55	0
69	14	0
38	67	0
29	61	0
61	4	0
68	52	0
8	68	0
33	0	0
7	44	0
37	50	0
64	80	0
45	38	0
12	95	0
79	27	0
48	82	0
75	65	0
93	10	0
75	93	0
57	70	0
31	23	0
59	91	0
97	75	0
74	58	0
27	92	0
66	31	0
28	19	0
73	11	0
12	60	0
94	75	0
99	25	0
87	45	0
37	52	0
57	3	0
77	62	0
20	24	0
45	27	0
99	57	0
46	34	0
60	81	0
58	81	0
51	24	0
42	40	0
61	40	0
10	49	0
20	44	1
22	61	0
72	89	0
47	59	0
42	99	0
71	40	0
72	64	0
53	67	0
89	65	0
19	20	0
53	53	0
22	12	0
12	73	0
31	65	0
85	37	0
37	46	0
91	3	0
40	87	0
57	27	0
43	40	0
73	76	0
29	70	0
51	66	0
42	88	0
38	53	0
42	14	0
51	18	0
41	88	0
26	65	0
76	79	0
95	65	0
27	97	0
97	72	0
30	50	0
24	71	0
51	73	0
55	55	0
19	21	0
72	86	0
97	75	0
50	65	0
59	28	0
2	40	0
56	8	0
72	49	0
57	18	0
83	20	0
22	50	1
2	46	0
47	52	0
67	31	0
37	67	0
85	23	0
38	97	0
24	60	0
40	23	1
81	83	0
42	53	0
26	9	0
27	79	0
61	5	0
92	87	0
45	91	0
96	3	0
9	69	0
18	67	0
97	36	0
51	86	0
25	51	1
55	75	0
66	65	0
48	60	0
22	75	0
19	55	0
69	3	0
14	57	0
63	80	0
95	47	0
40	87	0
79	64	0
77	23	0
52	72	0
18	79	0
32	98	0
44	28	0
76	34	0
81	45	0
58	42	0
73	69	0
5	40	0
63	26	0
17	98	0
59	66	0
79	44	0
70	30	0
54	3	0
7	44	0
96	23	0
36	20	0
69	72	0
61	88	0
74	44	0
97	35	0
98	12	0
0	36	0
92	72	0
36	95	0
96	82	0
35	99	0
60	33	0
76	35	0
18	88	0
86	21	0
29	58	0
26	73	0
52	12	0
32	97	0
77	87	0
78	86	0
94	50	0
98	64	0
12	92	0
37	73	0
75	4	0
75	49	0
33	16	0
40	0	0
50	27	0
54	50	0
82	50	0
30	54	0
38	48	0
30	77	0
72	87	0
85	57	0
59	80	0
80	11	0
93	38	0
66	13	0
24	41	0
80	45	0
79	51	0
72	68	0
4	37	0
28	68	0
58	23	0
17	92	0
32	82	0
14	77	0
87	77	0
52	13	0
36	2	0
33	51	0
79	73	0
63	3	0
81	96	0
22	3	0
51	90	0
9	68	0
47	90	0
46	36	0
10	51	0
74	35	0
74	13	0
50	14	0
75	14	0
38	63	0
6	54	0
75	17	0
84	61	0
7	6	0
5	64	0
33	96	0
8	83	0
52	95	0
52	67	0
63	43	0
67	4	0
46	80	0
47	69	0
95	88	0
37	24	1
1	57	0
32	44	1
59	49	0
75	79	0
29	29	1
85	27	0
32	1	0
50	0	0
48	16	0
41	33	0
74	62	0
64	13	0
12	49	0
30	12	0
45	60	0
45	35	0
30	41	1
93	75	0
84	56	0
12	47	0
62	34	0
96	8	0
66	11	0
69	27	0
45	40	0
38	36	0
3	74	0
63	83	0
39	75	0
22	99	0
24	76	0
52	11	0
41	37	0
99	40	0
84	44	0
3	64	0
82	65	0
77	83	0
83	27	0
77	85	0
78	0	0
74	69	0
76	62	0
26	29	1
59	48	0
85	71	0
66	5	0
95	21	0
32	47	0
45	96	0
61	77	0
79	17	0
21	71	0
97	27	0
66	97	0
88	16	0
63	27	0
35	58	0
61	37	0
36	52	0
52	85	0
79	37	0
38	19	1
74	86	0
36	54	0
17	96	0
95	95	0
49	31	0
5	93	0
51	54	0
93	13	0
82	36	0
23	64	0
66	54	0
36	21	1
54	50	0
9	95	0
83	23	0
44	7	0
90	48	0
53	47	0
31	91	0
13	4	0
60	61	0
55	99	0
3	48	0
39	80	0
40	80	0
48	25	0
21	81	0
17	29	0
73	1	0
74	16	0
88	2	0
89	89	0
20	67	0
49	20	0
84	2	0
75	58	0
74	94	0
0	25	0
61	95	0
98	63	0
33	84	0
82	4	0
47	61	0
71	21	0
69	10	0
40	17	0
43	14	0
99	9	0
85	36	0
9	90	0
80	12	0
93	92	0
26	95	0
97	73	0
37	47	0
16	26	0
77	99	0
61	46	0
4	86	0
65	37	0
76	37	0
71	41	0
84	68	0
28	65	0
93	66	0
40	93	0
93	71	0
26	97	0
89	85	0
43	35	0
58	65	0
63	99	0
50	64	0
59	95	0
74	52	0
39	46	0
37	60	0
85	2	0
1	88	0
96	56	0
23	84	0
42	67	0
47	83	0
86	43	0
33	53	0
40	21	0
85	57	0
68	13	0
83	99	0
47	94	0
41	58	0
49	15	0
34	42	0
56	97	0
44	16	0
37	68	0
82	75	0
38	10	0
96	90	0
65	4	0
3	7	0
47	37	0
21	69	0
44	1	0
13	71	0
91	81	0
65	81	0
64	39	0
67	0	0
42	62	0
42	60	0
94	59	0
92	7	0
8	72	0
84	4	0
52	74	0
57	26	0
39	11	0
33	63	0
83	85	0
34	69	0
49	83	0
66	32	0
20	47	1
71	35	0
41	57	0
65	95	0
25	97	0
96	15	0
96	18	0
74	13	0
20	67	0
27	95	0
23	88	0
65	41	0
77	79	0
78	93	0
3	38	0
65	38	0
70	80	0
71	60	0
63	80	0
9	84	0
16	76	0
44	18	0
49	14	0
7	38	0
42	45	0
38	44	0
95	29	0
86	39	0
82	9	0
73	43	0
55	54	0
27	48	1
44	26	0
93	81	0
45	96	0
83	55	0
40	69	0
33	92	0
78	54	0
25	52	0
77	26	0
30	14	0
92	54	0
77	95	0
49	45	0
7	49	0
46	10	0
49	52	0
42	84	0
72	92	0
96	61	0
13	78	0
72	48	0
14	61	0
64	50	0
43	69	0
55	52	0
45	75	0
65	72	0
5	65	0
65	63	0
78	49	0
84	55	0
38	68	0
65	85	0
44	11	0
97	21	0
53	50	0
91	5	0
6	85	0
38	82	0
88	64	0
20	47	1
74	71	0
15	95	0
17	80	0
85	82	0
40	24	0
0	70	0
64	99	0
53	61	0
91	69	0
21	98	0
84	37	0
15	0	0
37	74	0
24	80	0
36	16	0
15	56	1
14	18	0
87	66	0
99	18	0
51	12	0
67	38	0
90	12	0
22	7	0
32	63	0
84	31	0
8	64	0
55	81	0
3	48	0
25	75	0
74	60	0
55	96	0
71	50	0
72	81	0
72	55	0
48	51	0
74	75	0
9	80	0
41	40	0
25	79	0
83	48	0
70	30	0
90	54	0
98	97	0
89	89	0
37	69	0
78	45	0
59	58	0
35	25	1
35	17	0
34	63	0
7	44	0
67	8	0
70	78	0
90	83	0
87	2	0
16	47	1
60	81	0
8	97	0
49	9	0
56	30	0
66	26	0
57	20	0
39	21	0
78	9	0
35	92	0
71	17	0
32	95	0
99	22	0
42	63	0
65	37	0
71	99	0
78	71	0
33	76	0
64	95	0
87	64	0
89	44	0
12	67	0
89	82	0
75	95	0
17	59	0
97	47	0
32	70	0
94	88	0
48	92	0
29	13	0
76	73	0
97	54	0
45	83	0
75	70	0
99	59	0
77	41	0
27	55	0
1	61	0
63	81	0
66	28	0
52	42	0
51	8	0
34	23	1
86	79	0
17	54	0
63	27	0
46	9	0
53	22	0
8	88	0
10	54	0
11	78	0
73	45	0
94	23	0
95	26	0
97	0	0
66	92	0
6	57	0
63	26	0
58	50	0
39	84	0
91	27	0
59	54	0
32	83	0
18	92	0
36	65	0
22	96	0
30	6	0
69	73	0
45	16	0
42	74	0
52	44	0
1	43	0
67	64	0
65	20	0
28	87	0
96	54	0
25	48	1
16	33	0
14	70	0
83	58	0
66	57	0
45	44	0
94	64	0
96	65	0
63	47	0
60	15	0
72	65	0
81	34	0
8	44	0
89	80	0
51	36	0
21	73	0
1	85	0
27	96	0
24	57	0
95	26	0
0	54	0
56	88	0
4	87	0
84	62	0
49	35	0
87	27	0
16	19	0
31	35	0
72	11	0
29	72	0
46	55	0
98	60	0
86	34	0
4	1	0
0	46	0
53	17	0
5	43	0
76	7	0
48	71	0
28	32	1
89	90	0
0	13	0
42	97	0
95	44	0
40	3	0
90	89	0
51	58	0
69	66	0
40	42	0
90	33	0
92	79	0
9	66	0
7	77	0
6	42	0
22	68	0
12	88	0
65	17	0
33	57	0
12	92	0
33	13	0
60	13	0
36	64	0
64	47	0
43	10	0
39	76	0
99	19	0
6	28	0
75	43	0
91	22	0
49	47	0
27	22	0
43	3	0
18	92	0
48	69	0
35	57	0
30	16	0
20	99	0
22	76	0
60	43	0
91	46	0
31	76	0
86	94	0
53	26	0
66	69	0
61	91	0
4	87	0
85	40	0
50	55	0
11	21	0
94	69	0
55	54	0
99	19	0
71	14	0
83	29	0
59	98	0
47	46	0
48	37	0
67	25	0
46	3	0
50	88	0
51	76	0
20	49	0
79	32	0
55	93	0
92	42	0
90	56	0
37	77	0
32	68	0
84	28	0
51	42	0
71	8	0
95	94	0
80	78	0
51	72	0
75	45	0
78	93	0
15	78	0
52	14	0
14	97	0
8	57	0
44	59	0
75	83	0
62	18	0
98	92	0
90	13	0
97	96	0
65	10	0
74	25	0
66	64	0
59	31	0
21	86	0
49	89	0
74	80	0
6	35	0
15	81	0
7	78	0
37	11	0
41	48	0
18	56	0
2	47	0
84	45	0
46	20	0
16	66	0
25	85	0
67	98	0
97	43	0
0	69	0
67	46	0
34	73	0
80	50	0
73	35	0
4	50	0
27	54	0
84	41	0
72	58	0
83	52	0
10	68	0
61	53	0
0	84	0
3	2	0
90	63	0
16	66	0
22	8	0
39	24	1
3	97	0
17	80	0
90	41	0
74	79	0
84	59	0
86	82	0
51	66	0
64	43	0
0	67	0
47	62	0
29	61	0
62	48	0
92	19	0
