96	66	0
18	14	0
65	95	0
8	3	0
90	36	0
98	96	0
42	12	1
48	82	0
57	24	0
81	50	0
5	89	0
3	7	0
14	91	0
92	32	0
71	72	0
43	32	0
83	72	0
96	15	0
60	98	0
45	70	0
80	69	0
46	9	0
24	82	0
52	21	0
92	67	0
77	86	0
85	76	0
12	34	0
55	18	1
53	34	0
88	25	0
79	73	0
11	75	0
30	93	0
84	8	0
69	90	0
27	8	0
48	70	0
84	68	0
96	72	0
57	66	0
98	36	0
18	72	0
65	6	0
97	65	0
19	76	0
60	0	0
7	74	0
40	98	0
30	66	0
92	56	0
56	36	0
38	21	0
98	83	0
92	95	0
96	15	0
30	87	0
95	10	0
22	16	0
75	93	0
34	7	1
0	89	0
83	10	0
25	67	0
63	89	0
35	60	0
6	28	0
72	82	0
89	30	0
19	93	0
43	98	0
64	26	0
30	92	0
50	96	0
11	16	0
99	19	0
78	27	0
52	76	0
86	41	0
86	61	0
56	8	0
69	38	0
2	97	0
71	0	0
45	79	0
42	6	1
54	21	0
86	15	0
38	55	1
87	53	0
1	54	0
77	88	0
2	82	0
39	96	0
93	52	0
75	28	0
32	64	0
37	59	0
68	3	0
67	54	0
15	74	0
33	3	0
62	70	0
48	33	0
5	91	0
90	30	0
42	79	0
77	68	0
96	2	0
63	86	0
65	73	0
7	22	0
60	92	0
99	81	0
76	54	0
24	94	0
66	29	0
77	2	0
95	67	0
92	35	0
90	55	0
37	45	0
59	13	1
61	68	0
10	27	0
49	31	0
91	57	0
52	24	1
54	78	0
55	73	0
59	23	0
46	33	0
50	21	1
54	84	0
48	58	0
46	95	0
76	41	0
60	68	0
55	68	0
95	58	0
30	20	0
44	41	0
13	14	0
15	81	0
29	59	0
81	41	0
50	43	0
86	0	0
35	84	0
55	21	0
29	39	0
64	82	0
31	66	0
59	61	0
44	83	0
44	51	1
34	2	0
56	19	0
40	98	0
28	61	0
78	78	0
92	65	0
18	96	0
90	75	0
30	50	0
23	71	0
52	72	0
42	55	0
20	29	0
70	84	0
94	90	0
45	76	0
76	41	0
3	43	1
59	14	1
64	48	0
62	15	0
76	23	0
4	50	1
38	61	0
53	20	0
39	60	0
95	33	0
34	90	0
21	58	0
79	92	0
52	53	0
17	19	0
37	77	0
49	14	0
93	97	0
33	89	0
93	0	0
14	54	1
18	76	0
95	35	0
56	97	0
70	84	0
63	61	0
31	53	0
14	69	0
58	0	0
55	89	0
98	55	0
40	91	0
70	68	0
85	25	0
49	76	0
30	77	0
38	92	0
37	21	0
67	27	0
83	52	0
51	41	0
77	67	0
2	54	1
76	22	0
20	89	0
61	65	0
89	34	0
75	40	0
45	1	0
2	40	0
85	30	0
74	78	0
62	99	0
70	55	0
97	27	0
89	10	0
5	34	0
89	72	0
35	99	0
88	81	0
41	99	0
57	33	0
83	32	0
23	93	0
81	22	0
21	60	0
30	82	0
48	12	0
24	89	0
74	87	0
86	74	0
93	58	0
96	57	0
22	82	0
38	67	0
82	8	0
86	54	0
42	3	0
41	27	0
44	58	0
80	45	0
24	58	0
34	41	0
29	77	0
74	98	0
91	54	0
61	74	0
97	8	0
98	32	0
65	5	0
89	51	0
80	50	0
61	80	0
4	39	0
45	59	0
70	24	0
14	86	0
28	70	0
5	92	0
89	64	0
52	10	1
42	5	0
78	64	0
77	0	0
99	82	0
24	0	0
45	91	0
16	66	0
54	93	0
41	41	0
78	22	0
82	17	0
56	12	1
91	12	0
49	48	0
79	29	0
77	58	0
8	10	0
2	61	0
31	95	0
20	80	0
55	94	0
45	73	0
82	43	0
64	5	0
48	89	0
52	68	0
96	92	0
1	46	1
64	46	0
67	85	0
80	23	0
23	4	0
48	1	0
51	15	0
36	31	0
81	53	0
75	19	0
20	43	0
19	31	0
30	58	0
43	33	0
97	70	0
90	61	0
5	54	1
65	32	0
85	7	0
66	11	0
74	24	0
52	38	0
40	28	0
8	74	0
74	83	0
41	87	0
11	96	0
34	59	0
57	14	1
54	42	0
85	33	0
74	54	0
14	59	1
83	71	0
84	85	0
85	31	0
71	86	0
77	9	0
78	55	0
69	54	0
68	51	0
91	72	0
73	3	0
89	14	0
22	42	0
55	92	0
63	74	0
77	12	0
23	77	0
97	38	0
55	99	0
99	24	0
60	22	0
32	59	0
58	41	0
32	62	0
58	81	0
77	28	0
84	81	0
39	51	1
20	92	0
92	95	0
46	17	1
6	82	0
42	53	1
99	1	0
87	35	0
38	70	0
57	50	0
64	49	0
22	99	0
80	27	0
44	6	1
91	56	0
49	35	0
40	92	0
24	11	0
49	47	0
53	90	0
3	43	1
43	78	0
43	85	0
51	20	1
21	70	0
12	29	0
70	9	0
72	30	0
98	7	0
81	97	0
33	65	0
35	25	0
77	5	0
56	50	0
67	95	0
2	27	0
51	86	0
91	56	0
29	77	0
77	2	0
35	66	0
65	16	0
54	11	0
82	17	0
91	42	0
3	86	0
72	10	0
86	99	0
30	99	0
92	75	0
44	50	1
9	27	0
62	98	0
69	44	0
5	83	0
71	26	0
84	54	0
73	48	0
73	62	0
24	56	0
97	48	0
23	93	0
96	64	0
25	99	0
93	93	0
45	36	0
69	70	0
57	91	0
47	53	0
60	96	0
80	50	0
47	49	0
28	58	0
90	0	0
1	84	0
87	60	0
22	96	0
47	50	0
43	72	0
82	26	0
32	50	0
56	23	0
94	56	0
71	22	0
81	89	0
45	98	0
35	56	0
45	6	1
41	45	0
61	99	0
52	25	0
43	79	0
88	81	0
45	12	1
87	78	0
76	12	0
19	9	0
40	32	0
32	57	0
46	4	1
8	78	0
84	76	0
63	86	0
68	58	0
67	10	0
37	66	0
38	78	0
92	51	0
90	6	0
16	71	0
74	9	0
48	62	0
48	25	1
43	6	1
33	43	0
85	85	0
24	72	0
55	84	0
66	19	0
79	15	0
52	53	0
64	83	0
24	99	0
92	26	0
82	11	0
74	24	0
13	69	0
17	96	0
15	79	0
59	37	0
71	82	0
77	95	0
2	33	0
64	53	0
68	86	0
73	62	0
63	72	0
17	94	0
16	75	0
47	29	0
6	27	0
44	37	0
31	41	0
98	32	0
80	46	0
65	13	0
71	28	0
57	47	0
40	24	0
96	77	0
48	80	0
82	52	0
35	60	0
37	99	0
76	52	0
56	13	1
32	14	0
99	50	0
66	84	0
50	36	0
55	59	0
35	98	0
64	97	0
93	61	0
17	75	0
66	47	0
1	73	0
60	51	0
47	70	0
67	54	0
52	80	0
65	90	0
4	56	0
58	52	0
78	48	0
75	61	0
38	81	0
76	81	0
45	29	0
95	17	0
53	42	0
97	15	0
0	80	0
46	89	0
90	67	0
66	68	0
12	90	0
12	70	0
83	88	0
43	27	0
5	78	0
73	99	0
51	64	0
89	61	0
25	91	0
72	39	0
21	0	0
45	77	0
21	81	0
9	18	0
92	54	0
97	21	0
49	18	1
73	32	0
78	15	0
21	13	0
30	62	0
75	30	0
2	74	0
61	76	0
8	44	0
20	75	0
64	50	0
66	96	0
70	44	0
80	88	0
75	54	0
75	82	0
3	89	0
47	42	0
27	79	0
79	51	0
61	40	0
92	44	0
94	95	0
79	90	0
49	71	0
74	47	0
67	69	0
38	55	1
66	2	0
67	83	0
84	70	0
83	1	0
59	81	0
6	99	0
49	25	1
52	38	0
70	32	0
63	33	0
73	20	0
21	91	0
72	29	0
29	70	0
89	16	0
45	65	0
44	38	0
64	93	0
74	75	0
49	77	0
74	94	0
83	62	0
88	49	0
96	73	0
81	99	0
99	42	0
37	64	0
88	85	0
49	80	0
81	85	0
99	51	0
45	89	0
92	67	0
84	53	0
83	35	0
37	47	0
7	62	0
56	77	0
68	15	0
67	32	0
46	22	1
84	81	0
64	42	0
45	10	1
12	91	0
12	54	1
14	89	0
61	37	0
90	13	0
90	50	0
98	5	0
79	97	0
51	23	1
51	43	0
33	74	0
99	17	0
67	50	0
30	79	0
28	98	0
26	75	0
9	92	0
33	10	1
68	63	0
44	33	0
47	73	0
42	45	0
0	50	1
65	76	0
74	14	0
17	85	0
93	56	0
20	25	0
13	76	0
71	61	0
69	51	0
50	62	0
89	52	0
88	63	0
79	57	0
54	10	1
59	67	0
85	47	0
2	33	0
99	76	0
53	45	0
40	78	0
6	78	0
21	93	0
26	60	0
93	32	0
12	53	1
60	95	0
10	91	0
93	64	0
57	27	0
74	19	0
25	22	0
35	36	0
76	7	0
14	74	0
42	53	1
88	56	0
90	40	0
2	8	0
2	37	0
70	16	0
45	76	0
95	93	0
0	9	0
53	97	0
81	31	0
41	8	1
91	84	0
42	61	0
77	73	0
28	32	0
96	36	0
86	76	0
21	69	0
16	81	0
1	46	1
23	71	0
20	99	0
73	15	0
29	59	0
8	84	0
33	31	0
53	20	0
39	59	0
66	46	0
44	7	1
29	72	0
91	25	0
2	28	0
76	51	0
92	29	0
56	63	0
30	18	0
40	4	0
15	92	0
45	80	0
24	62	0
21	20	0
22	81	0
24	77	0
67	55	0
94	41	0
32	69	0
82	98	0
50	32	0
65	69	0
43	84	0
8	84	0
86	44	0
41	62	0
13	24	0
93	56	0
59	49	0
92	19	0
87	20	0
77	35	0
57	95	0
47	39	0
63	42	0
56	30	0
41	0	0
38	92	0
59	71	0
90	27	0
65	99	0
87	53	0
77	47	0
35	76	0
27	73	0
79	30	0
51	43	0
75	0	0
95	94	0
72	78	0
51	79	0
72	37	0
85	86	0
16	81	0
58	33	0
16	93	0
9	58	1
35	64	0
82	65	0
64	17	0
97	95	0
89	11	0
98	91	0
59	8	0
65	20	0
75	52	0
66	31	0
10	86	0
53	87	0
65	82	0
5	28	0
14	85	0
17	69	0
44	10	0
38	37	0
0	48	1
82	43	0
52	19	0
6	59	0
19	87	0
66	95	0
93	42	0
0	74	0
61	42	0
27	90	0
80	57	0
69	41	0
23	53	0
87	34	0
79	47	0
71	62	0
12	59	1
53	46	0
7	90	0
1	6	0
84	66	0
18	67	0
23	5	0
1	95	0
22	79	0
98	36	0
71	80	0
85	62	0
88	86	0
55	59	0
61	36	0
3	73	0
51	61	0
37	53	0
67	38	0
86	25	0
