99	66	0
19	11	0
32	20	1
65	99	0
11	0	0
85	42	0
98	95	0
49	14	0
53	81	0
56	23	0
81	51	0
9	85	0
10	4	0
14	94	0
94	29	0
69	78	0
47	31	0
86	68	0
97	20	0
54	98	0
47	62	0
80	70	0
48	11	0
23	77	0
54	20	0
96	69	0
84	91	0
90	74	0
6	37	0
52	9	0
49	30	0
95	23	0
75	73	0
10	82	0
35	92	0
76	16	0
75	86	0
26	7	0
48	69	0
78	69	0
92	74	0
59	64	0
97	41	0
16	78	0
70	4	0
96	66	0
18	75	0
64	3	0
5	76	0
42	91	0
29	73	0
88	61	0
57	42	0
42	25	0
89	82	0
99	89	0
99	13	0
28	93	0
99	7	0
26	8	0
76	89	0
30	4	0
2	87	0
85	7	0
30	74	0
59	95	0
37	58	0
2	25	0
74	79	0
87	29	0
27	99	0
49	99	0
65	27	0
25	92	0
57	98	0
7	16	0
98	19	0
81	25	0
53	74	0
87	45	0
89	59	0
56	9	0
40	17	1
66	40	0
0	98	0
66	1	0
47	72	0
40	8	0
53	25	0
86	17	0
38	56	0
86	48	0
3	59	0
75	95	0
3	86	0
40	96	0
87	53	0
75	25	0
35	64	0
37	60	0
62	0	0
68	53	0
14	70	0
37	3	0
12	52	1
65	76	0
45	32	0
9	96	0
86	27	0
42	77	0
79	68	0
94	2	0
67	85	0
61	73	0
13	24	0
57	89	0
98	81	0
72	57	0
23	95	0
64	31	0
30	30	1
74	4	0
98	62	0
98	33	0
88	55	0
41	47	0
63	7	0
68	67	0
11	26	0
42	31	0
94	57	0
50	26	0
56	80	0
56	74	0
59	20	0
41	35	0
56	24	0
14	45	1
58	83	0
47	57	0
46	91	0
74	47	0
59	73	0
63	71	0
95	64	0
25	20	0
41	41	0
16	18	0
12	81	0
27	63	0
87	44	0
46	45	0
90	3	0
34	86	0
55	19	0
30	38	0
68	78	0
33	71	0
57	65	0
45	89	0
36	53	0
38	0	0
53	17	0
41	99	0
34	62	0
76	81	0
88	59	0
15	94	0
90	72	0
28	47	0
22	71	0
51	70	0
46	58	0
13	33	0
70	82	0
97	80	0
40	72	0
77	41	0
10	41	0
60	11	0
65	54	0
61	18	0
80	20	0
1	49	0
42	66	0
57	27	0
44	62	0
98	37	0
32	90	0
21	55	0
75	93	0
46	57	0
21	19	0
34	75	0
59	20	0
93	98	0
36	88	0
95	1	0
15	62	1
11	67	0
96	36	0
56	95	0
64	83	0
65	69	0
40	58	0
14	67	0
20	56	1
61	0	0
54	99	0
98	56	0
44	88	0
73	68	0
82	24	0
48	76	0
33	83	0
44	95	0
40	24	0
66	23	0
79	45	0
53	43	0
75	67	0
1	54	0
72	25	0
21	91	0
67	66	0
87	37	0
74	38	0
47	1	0
4	39	0
86	23	0
69	78	0
58	94	0
70	57	0
89	33	0
90	11	0
1	34	0
85	73	0
40	99	0
89	81	0
39	98	0
59	37	0
79	32	0
20	89	0
79	18	0
21	61	0
28	77	0
48	12	0
27	91	0
75	91	0
83	79	0
93	55	0
97	54	0
22	80	0
34	70	0
83	14	0
83	50	0
43	0	0
42	27	0
44	55	0
78	47	0
24	53	0
41	40	0
34	73	0
74	98	0
90	60	0
56	75	0
94	5	0
97	37	0
62	6	0
84	56	0
77	52	0
65	77	0
0	32	0
42	65	0
70	27	0
16	91	0
27	77	0
9	85	0
92	65	0
56	10	1
37	1	0
39	52	1
77	66	0
70	1	0
95	88	0
28	4	0
48	88	0
14	67	0
54	90	0
43	37	0
7	47	1
78	27	0
79	18	0
50	15	0
88	11	0
43	54	0
77	28	0
80	56	0
6	8	0
3	57	0
30	98	0
15	85	0
54	97	0
48	72	0
80	43	0
64	11	0
51	85	0
47	70	0
98	83	0
1	50	0
65	50	0
66	85	0
81	25	0
29	5	0
41	2	0
50	17	0
37	29	0
81	54	0
73	20	0
23	42	0
21	22	0
31	54	0
46	32	0
96	70	0
92	60	0
3	52	0
62	36	0
88	5	0
66	12	0
78	23	0
51	39	0
40	29	0
2	76	0
68	82	0
44	79	0
9	99	0
35	61	0
58	10	0
49	40	0
82	37	0
74	53	0
15	62	1
84	72	0
86	87	0
80	30	0
71	88	0
78	7	0
77	63	0
69	50	0
69	52	0
84	79	0
73	2	0
90	12	0
24	45	0
57	86	0
62	75	0
77	11	0
21	73	0
97	33	0
56	98	0
97	25	0
63	26	0
29	57	0
61	44	0
37	58	0
56	83	0
82	29	0
84	79	0
39	51	1
17	91	0
94	95	0
46	23	0
6	80	0
44	52	0
97	2	0
81	35	0
30	66	0
63	49	0
57	50	0
17	92	0
80	24	0
42	10	1
88	54	0
50	39	0
34	92	0
21	11	0
49	47	0
52	88	0
1	44	0
38	77	0
40	84	0
50	24	0
20	74	0
17	27	0
71	8	0
71	19	0
97	4	0
84	98	0
30	65	0
34	34	0
82	5	0
58	55	0
72	98	0
2	24	0
51	90	0
95	58	0
31	75	0
80	5	0
39	69	0
68	17	0
55	7	0
86	21	0
87	44	0
10	86	0
75	16	0
88	99	0
23	94	0
92	74	0
41	47	0
9	30	0
67	94	0
67	51	0
6	84	0
71	31	0
79	55	0
74	52	0
82	69	0
28	58	0
99	53	0
28	94	0
98	66	0
24	99	0
91	98	0
46	35	0
64	65	0
59	94	0
46	57	0
59	99	0
75	53	0
49	48	0
30	59	0
88	2	0
3	87	0
92	62	0
26	95	0
50	63	0
44	79	0
83	32	0
34	50	0
54	23	0
96	52	0
74	23	0
87	94	0
43	96	0
38	58	0
49	5	1
34	48	0
60	94	0
52	19	0
42	73	0
89	83	0
33	8	1
93	84	0
79	11	0
22	9	0
42	32	0
26	67	0
46	4	0
10	81	0
86	76	0
54	91	0
64	48	0
66	9	0
36	66	0
38	76	0
98	47	0
96	3	0
14	66	0
76	12	0
43	64	0
42	27	0
39	2	0
34	48	0
83	84	0
27	74	0
52	85	0
65	23	0
76	23	0
49	57	0
63	84	0
26	96	0
91	20	0
85	17	0
77	17	0
17	66	0
21	91	0
18	87	0
63	35	0
72	79	0
75	98	0
0	27	0
61	52	0
66	90	0
70	63	0
60	76	0
14	94	0
18	75	0
47	29	0
45	13	1
8	30	0
43	41	0
31	41	0
98	30	0
82	44	0
68	11	0
68	30	0
57	49	0
43	29	0
98	78	0
49	80	0
82	55	0
37	58	0
34	96	0
75	52	0
58	17	0
31	14	0
97	48	0
73	85	0
48	36	0
45	9	1
51	62	0
40	92	0
63	93	0
96	62	0
23	78	0
62	49	0
7	67	0
63	44	0
52	75	0
65	51	0
50	75	0
63	91	0
2	55	0
53	54	0
76	45	0
81	63	0
35	79	0
72	82	0
44	27	0
95	14	0
55	43	0
99	12	0
0	81	0
44	89	0
89	63	0
70	68	0
14	87	0
17	76	0
78	86	0
46	28	0
6	73	0
75	99	0
45	67	0
94	65	0
30	93	0
75	46	0
12	3	0
41	74	0
20	81	0
36	20	1
7	16	0
90	57	0
96	25	0
50	21	0
72	36	0
83	12	0
22	12	0
31	63	0
75	31	0
0	72	0
61	81	0
6	38	0
16	75	0
66	49	0
59	99	0
68	42	0
74	85	0
74	54	0
37	51	1
72	77	0
10	88	0
46	38	0
25	79	0
73	52	0
65	37	0
99	49	0
91	94	0
85	87	0
46	71	0
69	46	0
63	64	0
38	49	0
11	50	1
69	5	0
69	84	0
87	78	0
85	1	0
56	81	0
9	95	0
49	19	0
54	35	0
69	29	0
60	25	0
76	20	0
23	91	0
75	30	0
28	75	0
94	15	0
44	70	0
51	40	0
65	98	0
74	73	0
43	78	0
68	92	0
88	65	0
90	45	0
95	76	0
82	96	0
97	47	0
38	69	0
94	86	0
51	86	0
80	84	0
96	49	0
46	83	0
84	66	0
88	55	0
78	34	0
36	47	0
1	62	0
57	80	0
68	17	0
54	33	0
48	20	1
87	85	0
65	39	0
34	12	1
45	13	1
15	87	0
12	58	1
9	91	0
61	39	0
92	18	0
89	44	0
95	6	0
75	98	0
8	48	1
57	21	0
55	51	0
35	75	0
94	18	0
65	50	0
28	89	0
30	97	0
25	67	0
20	94	0
32	7	0
65	62	0
48	33	0
47	73	0
43	43	0
3	53	1
71	69	0
68	15	0
19	86	0
92	59	0
21	29	0
18	69	0
76	62	0
68	56	0
52	58	0
91	51	0
90	65	0
72	55	0
59	14	0
68	65	0
81	45	0
9	31	0
91	74	0
53	42	0
37	78	0
12	81	0
25	96	0
22	60	0
91	31	0
10	51	1
62	95	0
5	90	0
91	63	0
49	29	0
79	21	0
21	22	0
33	40	0
78	11	0
17	72	0
38	53	1
88	56	0
88	38	0
5	8	0
12	48	1
46	17	1
5	41	0
67	11	0
48	71	0
95	93	0
4	12	0
49	99	0
87	34	0
39	1	0
87	84	0
42	65	0
76	73	0
35	31	0
98	35	0
90	79	0
21	65	0
13	84	0
2	46	0
20	70	0
14	98	0
74	19	0
32	55	0
8	85	0
26	32	0
63	17	0
43	61	0
74	51	0
47	3	0
33	75	0
94	25	0
7	25	0
72	44	0
98	31	0
47	62	0
30	14	0
45	0	0
18	94	0
42	78	0
23	59	0
19	15	0
20	82	0
27	80	0
67	52	0
91	41	0
34	71	0
84	98	0
46	33	0
64	69	0
47	84	0
3	84	0
83	45	0
45	61	0
12	18	0
92	59	0
54	51	0
90	21	0
81	19	0
81	35	0
60	99	0
42	37	0
58	35	0
62	32	0
41	2	0
41	88	0
53	71	0
87	29	0
57	99	0
86	45	0
78	55	0
39	70	0
27	68	0
80	34	0
52	39	0
74	3	0
96	97	0
72	80	0
46	78	0
69	44	0
80	89	0
14	78	0
57	31	0
14	92	0
6	59	1
42	61	0
79	68	0
66	11	0
94	93	0
83	11	0
99	94	0
58	9	0
70	22	0
76	57	0
65	32	0
13	86	0
51	88	0
66	82	0
8	32	0
16	82	0
14	70	0
38	9	0
38	39	0
2	45	0
74	47	0
50	29	0
8	62	0
15	88	0
65	94	0
91	42	0
0	73	0
60	41	0
29	86	0
80	63	0
70	47	0
3	48	1
25	53	0
82	36	0
71	50	0
70	61	0
15	64	0
58	49	0
3	91	0
7	3	0
86	65	0
16	69	0
26	0	0
3	99	0
25	77	0
97	37	0
75	78	0
90	67	0
84	88	0
51	59	0
60	30	0
2	72	0
49	64	0
32	58	0
63	45	0
91	20	0
