97	66	0
18	15	0
66	97	0
10	3	0
87	38	0
98	95	0
42	13	1
46	81	0
57	23	0
80	49	0
4	89	0
5	6	0
12	90	0
93	32	0
70	72	0
43	33	0
83	72	0
95	16	0
58	97	0
45	71	0
79	68	0
46	8	0
24	81	0
53	21	0
92	68	0
79	87	0
85	76	0
11	34	0
55	15	1
54	35	0
87	24	0
80	71	0
10	76	0
29	93	0
83	7	0
71	91	0
25	8	0
49	71	0
84	69	0
98	71	0
57	67	0
98	37	0
18	72	0
64	5	0
97	64	0
19	74	0
61	1	0
8	73	0
41	98	0
30	69	0
92	56	0
56	36	0
39	21	0
99	83	0
94	93	0
97	16	0
30	90	0
94	10	0
25	15	0
75	90	0
34	8	1
0	89	0
83	12	0
26	65	0
63	88	0
35	59	0
4	30	0
73	84	0
88	30	0
22	95	0
43	99	0
65	27	0
27	92	0
51	95	0
11	15	0
99	18	0
79	25	0
52	77	0
89	43	0
85	61	0
56	10	0
69	35	0
1	96	0
72	0	0
44	77	0
41	6	1
52	20	0
87	16	0
39	56	1
85	52	0
1	57	0
78	90	0
2	80	0
39	97	0
90	52	0
74	27	0
33	64	0
38	61	0
67	2	0
67	53	0
17	74	0
34	2	0
61	71	0
47	33	0
4	91	0
89	29	0
41	77	0
77	67	0
96	0	0
63	85	0
64	72	0
8	22	0
60	93	0
98	81	0
75	52	0
23	92	0
64	30	0
77	2	0
94	65	0
92	37	0
89	53	0
39	47	0
60	12	0
61	69	0
9	28	0
46	32	0
92	57	0
50	26	1
52	76	0
57	74	0
60	23	0
46	33	0
50	23	1
54	82	0
49	57	0
44	96	0
76	41	0
61	69	0
56	68	0
97	61	0
30	19	0
42	41	0
12	17	0
15	80	0
30	59	0
82	41	0
49	43	0
87	0	0
35	86	0
56	20	0
27	36	0
65	82	0
30	67	0
59	63	0
44	85	0
43	50	0
34	4	0
57	19	0
40	97	0
28	62	0
77	77	0
93	64	0
18	93	0
91	73	0
29	49	0
24	69	0
52	74	0
44	57	0
19	29	0
70	84	0
95	90	0
44	76	0
76	41	0
2	44	0
58	13	1
64	49	0
62	16	0
76	22	0
4	48	1
36	63	0
53	19	0
39	62	0
96	33	0
32	89	0
20	58	0
78	92	0
52	55	0
20	20	0
36	78	0
50	14	0
93	96	0
34	90	0
93	0	0
13	56	1
18	74	0
95	36	0
56	97	0
69	83	0
62	63	0
32	54	0
12	69	0
58	1	0
54	92	0
99	55	0
41	91	0
70	69	0
84	25	0
46	77	0
30	76	0
38	94	0
39	21	0
65	24	0
83	52	0
49	40	0
77	66	0
3	53	1
76	23	0
21	91	0
62	67	0
89	36	0
74	38	0
47	2	0
3	40	0
85	30	0
73	78	0
61	99	0
71	57	0
98	29	0
90	9	0
4	33	0
90	72	0
36	99	0
89	82	0
40	98	0
57	33	0
83	33	0
21	90	0
79	22	0
21	60	0
28	81	0
48	14	0
24	91	0
75	88	0
85	73	0
93	57	0
97	57	0
22	81	0
38	67	0
83	7	0
84	54	0
42	2	0
39	25	0
45	56	0
80	45	0
23	58	0
34	40	0
28	79	0
74	96	0
90	54	0
60	73	0
98	7	0
98	31	0
65	5	0
89	49	0
80	51	0
60	80	0
3	38	0
44	61	0
69	25	0
15	85	0
27	70	0
5	90	0
89	64	0
54	9	1
40	3	0
80	63	0
77	1	0
99	83	0
27	1	0
44	91	0
16	65	0
54	95	0
40	41	0
77	23	0
79	16	0
58	13	1
93	11	0
50	50	0
79	28	0
77	58	0
9	10	0
2	60	0
32	97	0
20	82	0
53	94	0
44	73	0
83	42	0
64	5	0
49	88	0
52	66	0
96	91	0
1	45	1
66	46	0
68	84	0
80	23	0
24	6	0
46	1	0
51	15	0
37	32	0
80	53	0
74	20	0
21	45	0
17	30	0
31	57	0
44	36	0
98	69	0
91	60	0
5	53	1
66	33	0
85	7	0
67	11	0
74	22	0
52	38	0
41	26	0
6	72	0
71	84	0
40	85	0
10	96	0
32	59	0
58	14	1
55	42	0
83	34	0
74	53	0
13	58	1
83	71	0
84	84	0
83	33	0
71	89	0
75	9	0
77	56	0
69	54	0
67	51	0
90	73	0
73	3	0
87	14	0
22	43	0
56	91	0
62	73	0
76	10	0
24	77	0
95	38	0
56	98	0
98	25	0
62	23	0
31	60	0
58	43	0
34	62	0
59	80	0
77	27	0
84	79	0
39	54	1
19	90	0
94	95	0
46	16	1
5	82	0
42	51	0
99	3	0
86	37	0
38	70	0
58	50	0
65	50	0
20	99	0
81	25	0
43	8	1
92	55	0
49	37	0
40	90	0
24	13	0
48	45	0
51	91	0
3	43	1
41	78	0
44	84	0
49	18	1
20	70	0
12	29	0
69	9	0
70	29	0
97	7	0
81	96	0
32	65	0
35	25	0
77	6	0
56	51	0
65	96	0
1	26	0
53	87	0
92	57	0
28	77	0
77	3	0
36	65	0
64	16	0
57	10	0
82	16	0
92	42	0
3	86	0
72	11	0
87	99	0
28	99	0
93	75	0
42	52	1
10	28	0
64	98	0
68	44	0
4	84	0
71	29	0
83	53	0
75	50	0
73	61	0
24	55	0
97	49	0
23	93	0
97	63	0
24	99	0
92	93	0
45	35	0
68	69	0
58	91	0
48	54	0
60	97	0
78	50	0
46	49	0
29	58	0
90	0	0
0	85	0
89	60	0
22	96	0
47	50	0
43	74	0
83	27	0
34	48	0
56	24	0
93	56	0
72	19	0
80	89	0
44	99	0
35	57	0
47	7	1
40	44	0
61	99	0
53	24	0
45	79	0
87	83	0
43	12	1
89	80	0
77	13	0
19	8	0
41	33	0
32	58	0
46	5	1
8	78	0
84	75	0
62	87	0
67	57	0
67	9	0
36	65	0
38	78	0
94	50	0
89	5	0
17	70	0
74	8	0
48	63	0
48	23	1
45	4	1
34	44	0
85	85	0
23	73	0
58	83	0
65	20	0
79	16	0
51	53	0
63	83	0
25	98	0
93	28	0
82	13	0
76	23	0
13	70	0
18	97	0
15	79	0
60	37	0
72	83	0
75	95	0
1	31	0
63	52	0
68	89	0
74	60	0
62	75	0
17	92	0
18	76	0
49	29	0
5	24	0
45	39	0
33	40	0
99	32	0
79	46	0
64	13	0
70	28	0
56	47	0
42	26	0
96	78	0
48	80	0
82	52	0
36	57	0
35	99	0
76	51	0
59	13	1
31	14	0
98	48	0
67	83	0
50	38	0
55	58	0
33	98	0
63	98	0
95	62	0
18	75	0
67	49	0
1	71	0
60	51	0
47	70	0
65	52	0
52	79	0
63	90	0
4	55	0
58	51	0
78	48	0
77	61	0
38	82	0
77	80	0
44	29	0
96	16	0
52	41	0
97	13	0
0	80	0
47	89	0
91	65	0
65	66	0
14	89	0
12	72	0
82	88	0
43	25	0
5	76	0
72	97	0
51	65	0
90	63	0
25	91	0
73	40	0
19	0	0
43	79	0
20	82	0
7	18	0
93	57	0
98	22	0
51	18	1
72	32	0
79	14	0
20	12	0
31	63	0
74	28	0
2	74	0
61	75	0
7	44	0
21	75	0
63	50	0
65	96	0
69	44	0
79	87	0
74	51	0
74	82	0
5	87	0
48	42	0
27	80	0
79	50	0
60	40	0
94	46	0
93	94	0
79	89	0
49	69	0
72	47	0
65	69	0
37	56	1
67	4	0
67	83	0
84	71	0
83	0	0
57	80	0
7	97	0
49	25	1
49	37	0
71	33	0
62	33	0
73	20	0
22	90	0
74	30	0
30	71	0
87	15	0
45	65	0
44	38	0
63	93	0
75	73	0
47	78	0
74	93	0
84	64	0
88	49	0
95	73	0
80	98	0
98	41	0
37	64	0
88	85	0
50	81	0
81	84	0
99	49	0
46	88	0
90	68	0
82	53	0
82	34	0
37	47	0
8	60	0
56	77	0
67	15	0
66	32	0
47	22	1
85	82	0
65	41	0
48	10	1
12	89	0
11	55	1
14	88	0
59	38	0
90	14	0
90	53	0
98	6	0
81	96	0
50	23	1
50	45	0
34	74	0
99	16	0
65	51	0
30	80	0
29	98	0
25	75	0
9	92	0
33	10	1
67	65	0
45	32	0
49	74	0
42	45	0
0	52	1
63	75	0
72	16	0
18	86	0
93	55	0
21	25	0
14	76	0
71	62	0
71	53	0
51	62	0
92	54	0
87	61	0
78	57	0
54	9	1
58	69	0
84	48	0
3	34	0
98	75	0
53	43	0
41	78	0
8	80	0
20	92	0
25	63	0
93	30	0
14	52	1
61	97	0
7	90	0
93	63	0
56	28	0
74	19	0
26	20	0
35	37	0
78	8	0
14	72	0
42	55	1
90	54	0
92	37	0
2	11	0
3	34	0
70	15	0
46	76	0
96	92	0
0	9	0
54	99	0
81	34	0
42	8	1
90	83	0
41	64	0
78	73	0
30	32	0
98	37	0
86	77	0
21	69	0
17	84	0
3	44	1
22	70	0
18	99	0
71	18	0
29	60	0
7	84	0
32	30	0
56	18	0
41	61	0
68	47	0
44	8	1
31	73	0
90	25	0
4	25	0
76	52	0
92	30	0
55	64	0
29	18	0
39	4	0
16	92	0
44	81	0
24	63	0
21	19	0
22	83	0
23	79	0
68	55	0
94	39	0
33	69	0
82	97	0
51	32	0
65	70	0
44	84	0
7	85	0
85	45	0
43	62	0
14	22	0
94	56	0
58	48	0
94	19	0
86	21	0
76	33	0
57	96	0
46	39	0
65	41	0
58	30	0
40	2	0
38	92	0
60	70	0
92	26	0
62	98	0
85	51	0
79	48	0
35	76	0
27	72	0
80	31	0
50	42	0
76	0	0
95	94	0
74	78	0
49	79	0
74	39	0
82	87	0
16	80	0
60	33	0
16	92	0
10	57	1
36	63	0
81	65	0
65	16	0
96	95	0
87	11	0
98	91	0
60	7	0
64	19	0
75	52	0
67	31	0
10	85	0
54	88	0
64	81	0
6	29	0
14	84	0
20	70	0
46	11	0
38	38	0
0	49	1
81	44	0
53	20	0
6	61	0
19	88	0
66	94	0
93	41	0
0	74	0
63	42	0
28	90	0
80	57	0
69	42	0
24	53	0
88	35	0
79	47	0
72	63	0
11	59	1
55	46	0
7	90	0
1	4	0
83	66	0
18	68	0
23	5	0
2	96	0
23	78	0
98	37	0
70	80	0
86	61	0
88	85	0
54	57	0
62	36	0
4	75	0
50	61	0
36	55	0
66	40	0
85	25	0
