92	60	0
27	3	0
30	31	0
64	99	0
18	0	0
87	41	0
98	93	0
52	11	0
60	77	0
62	30	0
84	51	0
3	85	0
11	9	0
21	85	0
96	22	0
78	80	0
52	44	0
19	60	1
85	54	0
99	16	0
44	98	0
63	67	0
75	75	0
51	4	0
28	73	0
54	17	0
91	73	0
69	89	0
92	78	0
5	35	0
52	10	0
45	25	0
97	29	0
16	58	1
78	66	0
9	84	0
36	92	0
85	19	0
77	84	0
38	7	0
39	64	0
88	71	0
93	73	0
54	65	0
98	50	0
17	80	0
73	1	0
99	65	0
17	73	0
68	7	0
8	73	0
54	85	0
26	72	0
94	71	0
49	35	0
41	32	0
90	86	0
96	89	0
98	5	0
18	97	0
98	14	0
34	0	0
75	89	0
36	0	0
5	93	0
90	10	0
30	80	0
64	97	0
42	60	0
8	29	0
67	83	0
13	56	1
88	27	0
28	88	0
53	97	0
61	28	0
28	88	0
60	95	0
1	13	0
97	10	0
84	20	0
53	69	0
84	39	0
94	57	0
53	19	0
32	13	0
71	52	0
0	93	0
55	0	0
43	67	0
48	8	0
59	29	0
84	29	0
36	60	0
87	47	0
4	60	0
83	96	0
0	91	0
42	97	0
92	51	0
74	18	0
38	70	0
30	60	0
60	1	0
72	54	0
6	66	0
33	0	0
12	48	0
37	51	0
62	82	0
43	37	0
10	94	0
77	33	0
44	80	0
73	70	0
92	11	0
72	94	0
63	75	0
29	22	0
61	94	0
99	79	0
74	59	0
26	94	0
67	35	0
31	19	0
71	7	0
15	53	1
99	74	0
97	26	0
88	50	0
39	50	0
53	0	0
74	63	0
15	25	0
44	27	0
99	57	0
48	26	0
62	78	0
60	81	0
49	24	0
38	38	0
58	36	0
11	52	0
20	58	0
68	87	0
44	59	0
41	96	0
71	40	0
75	60	0
53	62	0
91	62	0
20	23	0
51	50	0
22	12	0
13	72	0
32	62	0
86	44	0
40	47	0
92	1	0
37	86	0
56	30	0
38	42	0
77	80	0
26	66	0
50	66	0
41	89	0
36	50	0
42	12	0
53	17	0
38	94	0
27	67	0
77	81	0
93	61	0
20	98	0
98	76	0
30	51	0
24	73	0
51	71	0
54	58	0
12	26	0
76	87	0
98	78	0
47	65	0
67	30	0
2	47	0
56	5	0
72	56	0
54	17	0
76	20	0
22	49	1
3	47	0
44	59	0
65	33	0
43	67	0
86	29	0
33	95	0
26	59	0
41	18	1
82	82	0
44	51	0
25	10	0
23	76	0
63	9	0
94	87	0
45	92	0
99	4	0
8	66	0
16	68	0
99	30	0
51	88	0
24	50	1
55	76	0
70	61	0
46	64	0
18	76	0
18	50	0
67	3	0
12	56	0
61	85	0
95	54	0
41	85	0
83	66	0
82	23	0
50	77	0
25	80	0
34	96	0
46	29	0
75	34	0
79	42	0
54	42	0
71	70	0
6	47	0
62	24	0
21	98	0
59	68	0
79	41	0
69	30	0
49	4	0
7	44	0
95	20	0
36	19	1
69	73	0
58	95	0
75	46	0
92	34	0
94	13	0
0	34	0
87	75	0
34	96	0
90	80	0
35	96	0
62	34	0
76	33	0
15	91	0
85	22	0
25	58	0
32	71	0
48	10	0
32	93	0
79	89	0
77	81	0
94	51	0
95	58	0
13	87	0
36	71	0
79	8	0
77	45	0
32	21	0
38	0	0
49	24	0
48	54	0
85	50	0
30	56	0
40	47	0
31	84	0
75	87	0
85	57	0
59	80	0
84	7	0
89	37	0
66	8	0
29	43	1
81	41	0
76	53	0
71	69	0
2	40	0
37	68	0
61	23	0
16	92	0
30	82	0
14	80	0
88	78	0
47	14	0
37	3	0
40	56	0
77	71	0
61	6	0
85	92	0
26	2	0
53	92	0
11	65	0
51	90	0
45	38	0
5	50	0
76	35	0
73	13	0
45	16	0
78	14	0
39	59	0
8	52	0
73	19	0
85	60	0
6	10	0
6	62	0
36	95	0
9	86	0
48	95	0
48	67	0
64	42	0
71	2	0
47	82	0
47	67	0
98	85	0
0	56	0
35	49	1
65	50	0
74	77	0
87	24	0
31	4	0
43	0	0
52	17	0
43	35	0
80	57	0
61	12	0
19	52	0
30	7	0
43	56	0
43	38	0
31	41	1
89	76	0
83	58	0
4	46	0
56	33	0
94	10	0
65	15	0
70	22	0
49	40	0
44	32	0
3	77	0
69	85	0
37	72	0
15	97	0
26	72	0
51	10	0
43	39	0
97	41	0
84	47	0
10	63	0
79	68	0
76	83	0
81	27	0
77	90	0
78	6	0
71	67	0
75	58	0
63	53	0
87	76	0
65	5	0
91	15	0
34	51	0
50	95	0
65	76	0
82	14	0
23	71	0
99	24	0
63	97	0
92	21	0
63	25	0
32	53	0
61	39	0
31	55	0
53	85	0
79	33	0
35	19	1
76	83	0
37	57	0
19	93	0
94	99	0
48	31	0
5	88	0
49	53	0
93	12	0
83	35	0
29	62	0
65	52	0
57	56	0
12	96	0
82	26	0
40	8	0
86	52	0
51	44	0
34	91	0
15	9	0
55	57	0
51	90	0
1	46	0
41	76	0
41	81	0
54	28	0
21	82	0
18	27	0
72	0	0
70	15	0
90	4	0
88	93	0
23	66	0
46	23	0
81	1	0
75	59	0
76	96	0
2	28	0
61	95	0
96	64	0
31	77	0
84	0	0
46	58	0
72	22	0
65	4	0
43	18	1
45	14	0
98	11	0
83	39	0
10	91	0
80	13	0
91	92	0
26	99	0
99	71	0
41	44	0
13	28	0
77	97	0
62	44	0
4	88	0
64	37	0
76	39	0
66	43	0
78	72	0
28	70	0
94	65	0
38	95	0
95	70	0
24	96	0
90	92	0
43	33	0
63	65	0
61	97	0
48	64	0
62	94	0
77	50	0
39	46	0
36	58	0
90	3	0
0	84	0
98	57	0
22	87	0
46	63	0
41	83	0
84	41	0
35	52	0
47	22	0
85	53	0
72	15	0
84	96	0
49	96	0
41	58	0
48	12	0
36	44	0
57	98	0
46	19	0
43	65	0
85	78	0
32	10	0
94	90	0
69	6	0
8	7	0
46	37	0
21	72	0
40	3	0
9	75	0
89	85	0
66	86	0
63	41	0
67	1	0
44	63	0
45	68	0
97	57	0
96	0	0
9	73	0
83	5	0
51	73	0
56	29	0
32	6	0
34	61	0
83	86	0
32	70	0
43	80	0
66	29	0
20	53	1
70	30	0
45	55	0
64	93	0
29	98	0
95	13	0
95	18	0
75	17	0
15	63	0
33	96	0
21	91	0
66	38	0
75	80	0
77	91	0
6	35	0
61	38	0
70	81	0
71	62	0
62	82	0
9	87	0
17	76	0
45	21	0
46	16	0
7	37	0
45	41	0
37	45	0
99	30	0
85	38	0
76	14	0
74	39	0
57	51	0
28	48	1
46	25	0
92	81	0
44	90	0
85	59	0
36	65	0
37	90	0
78	54	0
21	52	1
76	24	0
31	16	0
98	53	0
77	91	0
48	45	0
9	51	0
44	13	0
49	52	0
43	81	0
66	90	0
96	58	0
14	82	0
64	47	0
13	62	0
61	47	0
45	72	0
56	52	0
46	77	0
63	73	0
3	65	0
64	66	0
78	49	0
85	57	0
34	69	0
64	83	0
41	15	0
99	18	0
51	46	0
96	5	0
7	83	0
40	85	0
86	64	0
13	50	1
74	71	0
19	92	0
14	80	0
86	84	0
39	24	0
3	73	0
68	96	0
51	58	0
94	68	0
24	97	0
83	42	0
15	1	0
40	70	0
22	83	0
34	16	0
12	16	0
87	64	0
96	21	0
50	12	0
73	37	0
84	13	0
21	7	0
33	64	0
79	32	0
14	64	0
57	82	0
0	47	0
25	77	0
77	57	0
51	95	0
73	52	0
78	83	0
74	59	0
47	52	0
78	75	0
6	82	0
41	40	0
28	81	0
79	47	0
69	34	0
92	50	0
99	99	0
89	88	0
39	72	0
76	43	0
61	56	0
30	22	1
32	20	1
35	63	0
3	43	0
66	3	0
71	78	0
92	79	0
90	9	0
20	48	1
59	80	0
3	98	0
51	11	0
52	26	0
70	22	0
58	24	0
39	20	0
78	14	0
30	89	0
67	21	0
33	91	0
96	16	0
40	66	0
64	37	0
67	95	0
78	68	0
33	79	0
66	96	0
90	68	0
89	42	0
15	60	0
90	79	0
72	93	0
15	59	1
98	48	0
32	69	0
94	83	0
52	90	0
32	20	1
78	75	0
98	47	0
51	90	0
77	73	0
93	55	0
80	42	0
30	52	0
3	56	0
61	80	0
70	26	0
52	39	0
45	10	0
34	23	1
88	78	0
15	51	1
66	30	0
49	10	0
48	20	0
5	85	0
11	57	0
9	79	0
68	41	0
96	26	0
93	28	0
99	0	0
71	92	0
5	56	0
60	22	0
60	49	0
34	82	0
92	28	0
62	52	0
35	87	0
23	96	0
36	69	0
19	97	0
29	8	0
74	70	0
47	22	0
41	75	0
48	45	0
6	44	0
68	66	0
65	15	0
27	91	0
94	53	0
25	43	1
17	30	0
17	73	0
79	65	0
61	58	0
45	47	0
99	55	0
99	68	0
65	50	0
58	12	0
71	62	0
85	37	0
8	39	0
86	79	0
49	36	0
21	74	0
0	83	0
27	94	0
27	60	0
94	22	0
0	54	0
56	89	0
5	87	0
86	66	0
48	32	0
88	26	0
17	21	0
32	35	0
76	15	0
28	75	0
44	52	0
98	56	0
86	44	0
7	0	0
3	49	0
52	18	0
0	47	0
78	6	0
49	69	0
21	31	1
91	90	0
1	11	0
43	99	0
92	38	0
36	2	0
88	84	0
50	66	0
70	67	0
37	38	0
94	35	0
94	77	0
11	65	0
13	73	0
6	41	0
24	70	0
18	92	0
63	17	0
29	57	0
8	92	0
31	23	0
59	10	0
31	64	0
65	44	0
45	7	0
38	76	0
96	23	0
5	25	0
72	45	0
88	25	0
43	50	0
27	23	0
46	3	0
19	91	0
46	69	0
28	59	0
24	16	0
21	91	0
19	78	0
59	46	0
93	47	0
33	73	0
85	90	0
51	27	0
63	70	0
53	91	0
2	86	0
85	42	0
49	53	0
14	18	0
98	68	0
52	53	0
94	21	0
76	12	0
83	29	0
60	95	0
45	45	0
46	35	0
68	27	0
42	2	0
48	90	0
45	75	0
18	42	1
85	30	0
58	94	0
92	43	0
85	55	0
36	76	0
31	68	0
78	27	0
49	42	0
74	10	0
97	90	0
79	79	0
52	69	0
74	42	0
75	92	0
17	77	0
53	16	0
19	96	0
9	60	0
44	59	0
74	81	0
62	13	0
98	95	0
86	17	0
99	98	0
61	8	0
75	23	0
66	55	0
55	29	0
19	86	0
49	87	0
74	80	0
8	34	0
15	79	0
8	75	0
38	10	0
41	46	0
16	49	1
2	45	0
84	46	0
46	21	0
13	65	0
23	86	0
62	98	0
93	44	0
2	69	0
64	44	0
31	74	0
78	56	0
76	29	0
1	51	0
29	53	0
83	42	0
73	55	0
82	50	0
10	66	0
56	53	0
0	89	0
0	7	0
84	65	0
17	69	0
20	5	0
4	97	0
19	84	0
95	40	0
76	77	0
83	58	0
88	81	0
45	69	0
64	38	0
4	70	0
49	62	0
33	62	0
64	49	0
93	20	0
