78	63	0
34	30	0
65	98	0
17	11	0
95	35	0
86	94	0
68	43	0
5	76	0
2	8	0
14	93	0
88	43	0
68	79	0
32	30	0
66	74	0
97	54	0
54	96	1
60	70	0
38	29	0
87	75	0
96	86	0
74	75	0
8	28	0
68	72	0
75	33	0
64	90	0
52	71	0
63	81	0
93	50	0
98	29	0
95	70	0
34	4	0
47	87	1
85	35	0
32	14	0
97	74	0
93	69	0
91	21	1
91	10	0
21	34	0
63	77	0
2	84	0
98	10	1
59	98	0
17	30	0
79	72	0
94	36	0
59	92	0
2	15	0
92	15	0
68	39	0
73	14	1
53	43	0
76	34	0
14	99	1
88	66	0
57	93	0
17	60	0
39	87	1
94	53	0
35	34	0
31	9	0
67	63	0
13	93	0
99	29	0
34	68	0
88	58	0
99	5	0
75	97	0
66	81	0
7	23	0
78	80	0
82	65	0
80	39	0
17	98	1
60	35	0
88	42	0
87	37	0
90	37	0
17	62	0
2	14	0
88	61	0
56	98	0
37	82	0
59	93	0
72	38	0
62	66	0
82	77	0
80	76	0
17	16	0
11	9	0
82	57	0
85	1	0
16	50	0
71	75	0
68	78	0
60	77	0
53	7	0
51	96	1
75	88	0
78	52	0
11	91	0
90	84	0
1	92	0
17	55	0
90	90	0
88	73	0
51	76	0
75	42	0
80	41	0
55	67	0
23	56	0
43	20	0
90	87	0
72	6	0
84	37	0
82	93	0
63	75	0
72	75	0
17	24	0
13	78	1
66	99	0
74	67	1
60	92	0
28	84	0
37	37	0
76	52	1
59	47	0
56	79	0
67	38	0
2	98	0
92	35	0
63	25	1
52	25	0
82	18	1
65	71	0
74	93	0
86	74	0
86	7	1
93	27	0
97	78	0
71	73	0
53	83	0
15	73	0
97	11	1
8	51	0
77	74	0
78	72	0
88	53	0
85	53	0
88	66	0
52	13	0
37	24	0
78	60	0
29	74	0
60	86	0
80	76	0
82	3	1
97	43	0
98	32	0
71	63	0
66	99	0
58	11	0
2	95	0
13	97	0
95	60	0
59	66	1
95	72	0
14	18	0
48	96	1
82	8	1
79	10	0
89	25	0
85	21	0
79	31	0
13	12	0
29	74	0
54	91	0
85	39	0
74	91	0
91	74	0
65	31	0
65	82	0
6	7	0
33	7	0
43	25	0
67	37	0
3	54	0
30	13	0
96	86	0
97	57	0
98	14	0
62	2	0
36	8	0
98	88	0
28	76	0
9	93	0
35	34	0
75	48	0
69	67	0
51	71	0
83	82	0
73	28	0
78	77	0
86	34	0
83	67	0
60	35	0
98	74	0
63	13	0
98	10	1
29	57	0
76	88	0
98	42	0
89	45	0
78	93	0
91	42	0
45	45	0
59	97	0
69	84	0
24	76	0
82	80	0
6	95	0
93	10	1
96	12	1
18	98	1
85	32	0
94	63	0
30	0	0
49	91	1
45	55	0
11	14	0
90	47	0
87	7	1
68	91	0
15	22	0
74	27	0
76	78	0
14	30	0
79	37	0
78	2	0
94	68	0
67	17	0
94	92	0
13	35	0
54	97	1
63	55	0
94	38	0
58	48	0
2	55	0
91	73	0
93	60	0
1	86	0
76	89	0
38	23	0
63	51	0
65	98	0
68	95	0
97	50	0
62	11	0
69	38	0
80	33	0
92	57	0
76	34	0
87	68	0
45	96	1
51	90	1
88	97	0
79	97	0
15	9	0
5	85	0
75	85	0
72	94	0
58	18	0
81	53	0
99	0	0
98	80	0
65	82	0
92	17	1
64	78	0
88	21	1
94	3	0
84	29	0
11	44	0
4	99	0
89	87	0
86	90	0
84	84	0
83	61	0
78	81	0
7	91	0
24	21	0
4	14	0
38	43	0
86	10	1
84	39	0
61	63	0
59	1	0
74	85	0
77	80	0
81	49	0
71	57	0
32	22	0
97	43	0
81	96	0
55	38	0
72	81	0
95	66	0
18	58	0
46	71	0
52	78	0
54	87	1
2	48	0
70	74	0
94	42	0
96	65	0
54	94	0
88	28	0
85	9	0
92	69	0
62	72	0
4	93	0
76	92	0
19	20	0
5	89	0
64	73	0
62	64	0
85	89	0
0	81	0
85	54	0
16	0	0
50	85	1
8	85	0
0	16	0
97	52	0
77	24	1
21	19	0
16	34	0
70	38	0
68	79	0
91	77	0
86	38	0
78	74	0
71	90	0
2	70	0
88	65	0
63	23	0
98	43	0
79	85	0
77	70	0
43	79	0
94	65	0
93	11	1
44	75	0
0	96	0
73	38	0
78	24	1
29	30	0
63	84	0
33	75	0
66	96	0
94	52	0
89	38	0
72	68	0
93	82	0
91	44	0
94	98	0
80	67	0
72	32	0
42	83	1
85	78	0
83	72	0
92	31	0
47	63	0
67	33	0
83	90	0
87	55	0
23	84	0
85	38	0
77	43	0
88	40	0
98	84	0
71	45	0
6	87	0
12	99	0
39	33	0
27	74	0
45	87	1
61	11	0
0	97	0
74	46	0
11	15	0
17	59	0
71	70	0
69	70	0
80	49	0
77	40	0
75	64	0
74	47	0
13	36	0
95	76	0
59	96	0
80	16	0
39	94	1
18	87	0
96	55	0
64	34	0
25	15	0
26	33	0
73	49	0
95	35	0
15	2	0
42	1	0
54	61	0
93	87	0
27	10	0
59	14	0
86	80	0
74	63	1
64	90	0
17	50	0
96	45	0
88	60	0
7	89	0
2	95	0
46	24	0
94	28	0
21	29	0
87	39	0
78	15	0
36	26	0
18	98	1
62	89	0
19	35	0
75	42	0
66	86	0
70	36	0
10	9	0
90	55	0
86	37	0
86	21	0
63	28	1
56	98	0
85	38	0
55	99	0
61	56	0
72	52	0
52	91	0
93	49	0
93	99	0
85	87	0
77	75	0
75	19	0
96	46	0
94	99	0
93	94	0
84	22	0
84	69	0
14	95	1
84	95	0
60	73	0
6	20	0
32	93	0
88	31	0
17	97	1
51	79	1
72	36	0
81	49	0
74	54	0
98	53	0
86	35	0
82	21	1
5	82	0
10	10	0
59	81	0
30	68	0
36	3	0
1	82	0
99	41	0
90	87	0
86	48	0
92	85	0
67	54	1
96	40	0
