95	68	0
21	18	0
62	97	0
13	4	0
95	47	0
94	99	0
43	77	0
66	50	0
0	91	0
0	10	0
13	88	0
94	51	0
67	84	0
29	32	0
90	88	0
95	38	0
44	91	0
47	83	0
72	73	0
46	9	0
35	79	1
81	72	0
92	86	0
76	92	0
10	22	0
84	20	0
68	70	0
12	71	1
33	92	0
85	18	0
67	89	0
48	65	0
77	76	0
97	52	0
98	26	0
21	78	0
92	73	0
14	67	0
43	1	0
8	75	0
34	87	0
86	48	0
35	16	0
97	91	0
87	92	0
98	17	0
30	80	1
99	12	0
22	23	0
73	88	0
3	84	0
91	1	0
66	93	0
5	22	0
73	78	0
89	33	0
26	86	0
59	95	0
82	21	0
30	88	0
37	86	0
23	10	0
98	10	0
79	33	0
49	79	0
86	21	0
61	41	0
73	33	0
5	99	0
48	88	0
74	11	1
97	64	0
72	92	0
2	71	0
39	92	0
99	53	0
81	25	0
60	10	1
57	32	0
34	7	0
70	59	0
1	93	0
93	26	0
43	67	0
82	54	0
82	2	0
69	92	0
61	88	0
6	27	0
64	79	0
84	70	0
73	47	0
15	99	0
70	43	0
88	63	0
90	26	0
98	37	0
15	52	0
5	20	0
90	63	0
55	82	0
55	59	0
53	73	0
57	99	0
72	37	0
64	76	0
66	79	0
91	59	0
26	18	0
16	12	0
21	80	1
77	52	0
96	0	0
25	96	0
22	47	0
64	73	0
56	80	0
53	75	0
51	4	0
49	87	0
74	86	0
82	57	0
21	91	0
85	79	0
5	75	0
50	61	1
15	46	0
77	79	0
95	69	0
45	69	0
68	41	0
93	31	0
33	92	0
56	77	0
24	45	0
46	76	0
37	25	0
88	90	0
31	96	0
91	4	0
79	39	0
64	95	0
74	80	0
65	72	0
25	37	0
25	62	0
64	5	1
61	95	0
84	67	0
45	92	0
61	82	0
75	18	0
61	67	1
27	74	1
48	94	0
26	22	0
78	60	0
61	46	0
73	61	0
78	40	0
14	96	0
63	56	0
86	38	0
61	32	0
57	15	0
97	29	0
64	81	0
79	97	0
75	66	0
99	20	0
98	28	0
87	78	0
32	95	0
69	86	0
50	98	0
81	35	0
12	97	0
89	21	0
24	44	0
23	92	0
25	99	0
87	78	0
73	77	0
90	53	0
90	60	0
22	82	1
44	88	0
72	0	1
83	60	0
49	4	0
40	29	0
88	41	0
29	65	1
26	72	0
69	88	0
79	60	0
51	62	1
80	1	0
89	43	0
93	45	0
76	61	0
69	81	0
53	68	1
64	15	0
5	86	0
3	92	0
83	63	0
83	63	0
91	4	0
98	85	0
19	4	0
28	90	0
60	99	0
48	33	1
90	15	0
95	10	0
98	28	0
74	29	0
64	50	0
3	2	0
21	96	0
10	73	1
46	81	0
49	72	0
90	44	0
60	89	0
98	87	0
70	37	0
84	82	0
79	19	0
15	7	0
38	8	0
38	27	0
98	43	0
88	13	0
9	50	0
17	22	0
86	82	0
98	68	0
72	21	0
99	15	0
63	0	0
80	17	0
36	13	0
18	69	1
94	93	0
32	83	0
8	96	0
34	41	0
72	45	0
67	59	0
68	73	0
84	78	0
74	24	0
67	82	0
99	41	0
79	55	0
66	47	0
96	68	0
65	17	0
92	16	0
28	50	0
67	97	0
50	69	1
90	29	0
17	85	0
97	41	0
72	94	0
95	33	0
62	19	0
55	47	0
58	92	0
74	85	0
28	91	0
94	78	0
3	87	0
92	4	0
90	12	0
50	73	0
63	51	1
7	93	0
73	40	0
94	61	0
32	83	1
26	13	0
52	94	0
32	81	0
52	76	0
0	75	1
3	28	0
84	33	0
99	12	0
77	94	0
23	22	0
65	6	1
67	31	0
65	89	0
1	13	0
45	83	0
84	48	0
28	86	0
81	8	0
82	16	0
88	57	0
15	80	0
63	15	0
88	97	0
34	96	0
70	62	0
8	41	0
56	88	0
60	44	0
14	72	1
55	26	1
94	46	0
74	52	0
73	58	0
7	39	0
97	62	0
25	97	0
89	54	0
13	94	0
85	81	0
35	18	0
77	64	0
58	87	0
57	94	0
81	50	0
76	12	0
2	78	0
70	42	0
22	99	0
82	27	0
90	46	0
73	21	0
82	73	0
46	95	0
54	94	0
30	96	0
96	80	0
73	81	0
21	2	0
9	79	0
84	93	0
68	85	0
69	53	0
65	25	0
37	74	0
82	58	0
98	5	0
12	74	1
89	5	0
55	65	1
87	84	0
61	87	0
75	25	0
89	12	0
72	90	0
25	98	0
92	16	0
97	1	0
67	23	0
6	54	0
14	91	0
12	86	0
78	84	0
89	96	0
55	49	1
74	94	0
85	63	0
71	65	0
9	94	0
15	74	0
35	27	0
1	17	0
41	38	0
94	28	0
82	37	0
73	56	0
49	17	0
84	82	0
62	84	0
87	52	0
32	85	0
80	60	0
21	10	0
96	41	0
62	97	0
34	44	0
29	95	0
71	93	0
91	73	0
30	88	0
13	76	0
45	65	0
61	66	1
64	77	0
55	94	0
12	49	0
72	66	0
80	47	0
90	70	0
42	75	0
66	80	0
86	12	0
57	53	1
85	11	0
10	83	0
50	97	0
84	75	0
70	74	0
10	87	0
13	77	0
81	96	0
32	23	0
11	83	0
64	89	0
60	72	0
83	85	0
13	93	0
75	50	0
17	4	0
44	99	0
6	97	0
0	16	0
82	61	0
83	16	0
79	31	0
77	17	0
12	18	0
15	52	0
75	29	0
0	70	1
64	69	0
29	90	0
61	60	0
84	90	0
82	39	0
72	83	0
66	54	0
75	80	0
9	67	0
33	79	1
71	60	0
58	43	0
97	37	0
99	92	0
79	82	0
69	53	0
65	53	0
60	80	0
99	80	0
98	0	0
58	80	0
3	97	0
56	33	0
67	21	0
70	19	0
27	71	0
75	25	0
82	23	0
29	26	0
58	99	0
72	62	0
42	88	0
72	99	0
78	58	0
84	32	0
89	66	0
86	96	0
94	44	0
86	88	0
45	88	0
70	75	0
82	47	0
41	89	0
80	79	0
72	61	0
93	24	0
0	72	1
54	78	0
80	20	0
63	36	0
85	86	0
73	55	0
14	88	0
19	91	0
81	38	0
82	30	0
99	49	0
96	8	0
77	87	0
86	16	0
77	35	0
20	75	1
11	95	0
19	72	0
8	87	0
55	50	1
42	25	0
43	67	0
57	81	0
66	2	0
17	86	0
81	53	0
24	18	0
24	65	0
80	66	0
66	59	0
86	61	0
84	53	0
68	65	0
79	48	0
5	34	0
95	87	0
66	51	0
46	89	0
7	69	0
31	79	1
91	23	0
54	90	0
21	90	0
97	43	0
66	23	0
14	18	0
21	32	0
67	2	1
16	67	0
77	55	0
95	37	0
21	6	0
61	7	0
43	87	0
90	80	0
16	2	0
52	77	0
73	30	0
98	67	0
62	62	0
68	90	0
5	42	0
97	43	0
92	64	0
11	79	0
25	80	1
22	96	0
74	8	1
5	97	0
64	41	0
90	14	0
9	16	0
86	31	0
89	17	0
39	31	0
19	96	0
56	86	0
15	79	0
26	22	0
18	74	1
23	89	0
65	60	0
90	46	0
69	90	0
53	70	1
21	99	0
78	41	0
8	0	0
81	58	0
49	56	0
93	31	0
72	26	0
74	31	0
53	96	0
49	36	1
65	10	1
37	99	0
88	39	0
67	95	0
75	55	0
85	46	0
56	90	0
37	76	1
91	37	0
98	99	0
79	85	0
58	80	0
90	16	0
70	74	0
25	76	1
67	24	0
31	95	0
94	55	0
97	89	0
80	7	0
96	98	0
80	24	0
91	66	0
10	93	0
74	97	0
63	76	0
2	16	0
14	97	0
8	73	0
86	28	0
28	99	0
61	91	0
84	42	0
15	72	1
79	43	0
27	98	0
79	45	0
88	54	0
77	48	0
81	28	0
3	83	0
7	6	0
66	73	0
18	62	0
24	2	0
2	87	0
30	76	1
98	52	0
79	86	0
95	58	0
91	79	0
78	47	0
0	82	0
80	29	0
88	32	0
