98	64	0
19	13	0
33	16	1
65	98	0
8	2	0
85	40	0
99	97	0
45	14	1
49	83	0
55	22	0
79	49	0
5	88	0
7	5	0
14	92	0
95	30	0
68	75	0
43	30	0
84	68	0
95	16	0
59	94	0
46	68	0
78	68	0
49	10	0
27	81	0
54	20	0
94	71	0
78	87	0
85	74	0
8	34	0
55	10	1
51	33	0
88	24	0
79	71	0
12	79	0
32	93	0
79	10	0
74	89	0
26	9	0
47	70	0
84	70	0
96	72	0
56	65	0
99	38	0
17	74	0
65	3	0
98	63	0
20	77	0
61	4	0
5	74	0
38	99	0
30	71	0
91	59	0
60	36	0
39	20	0
96	81	0
97	93	0
95	12	0
28	91	0
94	9	0
25	12	0
77	89	0
34	9	1
1	89	0
82	12	0
26	67	0
62	91	0
35	57	0
4	28	0
75	80	0
87	29	0
25	95	0
45	98	0
64	28	0
28	90	0
53	93	0
12	14	0
99	19	0
82	26	0
53	78	0
89	41	0
85	61	0
54	8	0
46	17	1
69	38	0
0	98	0
73	1	0
42	77	0
42	9	1
55	21	0
88	16	0
40	54	1
86	50	0
0	58	0
76	89	0
2	83	0
42	99	0
89	52	0
72	29	0
33	61	0
36	60	0
65	2	0
67	56	0
19	73	0
35	2	0
62	70	0
44	32	0
4	93	0
86	27	0
42	77	0
81	70	0
94	0	0
66	87	0
65	75	0
9	24	0
59	91	0
99	79	0
72	53	0
23	91	0
64	32	0
77	5	0
96	65	0
93	36	0
89	55	0
41	46	0
63	10	0
61	66	0
8	29	0
43	32	0
89	58	0
50	24	1
53	76	0
59	75	0
59	22	0
45	35	0
51	26	0
57	83	0
49	57	0
42	94	0
73	41	0
62	72	0
57	69	0
97	59	0
29	19	0
41	40	0
14	22	0
13	80	0
30	61	0
83	41	0
48	43	0
89	1	0
36	86	0
56	20	0
29	38	0
66	83	0
34	70	0
58	62	0
45	86	0
42	49	0
36	2	0
55	19	0
40	97	0
28	63	0
75	79	0
94	63	0
15	93	0
92	72	0
31	49	0
23	68	0
53	73	0
48	56	0
16	31	0
72	83	0
97	88	0
42	74	0
76	42	0
3	43	0
58	12	1
64	52	0
61	16	0
79	20	0
4	49	1
40	64	0
54	23	0
39	60	0
94	35	0
33	89	0
19	58	0
76	92	0
47	56	0
20	20	0
39	75	0
52	15	0
94	98	0
34	91	0
94	1	0
15	57	1
19	75	0
95	34	0
55	96	0
67	83	0
64	67	0
35	54	0
11	67	0
59	0	0
54	94	0
99	56	0
42	91	0
74	70	0
82	26	0
49	76	0
30	79	0
40	92	0
39	23	0
68	25	0
83	53	0
53	43	0
76	67	0
2	56	1
75	23	0
22	90	0
64	67	0
88	37	0
75	37	0
46	0	0
4	41	0
86	29	0
71	78	0
58	98	0
73	61	0
97	29	0
91	11	0
4	35	0
88	71	0
38	98	0
90	85	0
42	98	0
58	32	0
83	32	0
22	87	0
81	25	0
20	64	0
26	84	0
48	15	0
25	90	0
76	87	0
84	77	0
95	57	0
97	57	0
22	80	0
36	71	0
81	7	0
83	52	0
41	0	0
39	25	0
45	55	0
78	45	0
23	54	0
35	41	0
30	80	0
73	96	0
89	55	0
57	75	0
95	7	0
96	34	0
63	4	0
86	52	0
81	52	0
60	80	0
0	34	0
42	64	0
68	26	0
15	88	0
28	75	0
7	87	0
88	64	0
57	13	1
39	3	0
81	65	0
77	0	0
99	86	0
28	3	0
42	89	0
14	66	0
55	95	0
43	38	0
79	25	0
79	18	0
55	13	0
94	11	0
46	51	0
78	27	0
77	56	0
8	10	0
3	59	0
33	98	0
21	81	0
55	94	0
46	75	0
82	43	0
63	6	0
51	86	0
52	65	0
96	88	0
1	47	1
67	48	0
65	86	0
79	22	0
26	4	0
45	1	0
50	18	0
35	34	0
80	55	0
74	19	0
20	44	0
18	27	0
31	55	0
43	34	0
97	68	0
89	59	0
5	54	1
64	33	0
85	8	0
69	11	0
74	23	0
51	39	0
40	27	0
4	73	0
73	85	0
41	88	0
10	99	0
31	60	0
55	12	1
54	40	0
81	33	0
75	55	0
14	59	1
86	68	0
84	86	0
80	35	0
70	89	0
77	13	0
78	60	0
69	52	0
68	52	0
88	75	0
73	4	0
88	11	0
25	44	0
55	90	0
63	72	0
73	11	0
25	77	0
96	40	0
56	99	0
96	25	0
65	26	0
29	59	0
60	40	0
35	60	0
60	78	0
77	28	0
84	82	0
42	55	1
20	93	0
94	93	0
45	17	1
5	79	0
41	52	0
99	4	0
86	37	0
36	70	0
60	50	0
62	51	0
20	96	0
80	26	0
40	8	1
91	54	0
50	38	0
40	89	0
24	12	0
49	46	0
53	88	0
1	47	1
41	77	0
42	83	0
49	20	1
17	71	0
14	28	0
67	8	0
70	26	0
99	5	0
80	96	0
32	64	0
33	28	0
76	2	0
57	51	0
68	96	0
0	27	0
53	88	0
92	56	0
28	77	0
77	5	0
37	66	0
65	18	0
54	10	0
81	17	0
90	43	0
7	86	0
74	10	0
85	98	0
26	98	0
94	77	0
42	54	1
10	28	0
63	99	0
68	48	0
2	87	0
70	29	0
80	52	0
76	50	0
75	61	0
25	53	0
97	50	0
25	91	0
98	62	0
24	98	0
88	91	0
48	34	0
65	68	0
59	94	0
47	52	0
59	98	0
76	52	0
49	49	0
31	61	0
91	0	0
2	85	0
90	58	0
22	96	0
47	53	0
40	75	0
81	28	0
34	46	0
57	22	0
95	55	0
75	21	0
83	91	0
43	98	0
37	56	0
47	6	1
37	48	0
57	97	0
52	24	0
46	79	0
89	85	0
40	8	1
89	82	0
79	12	0
21	7	0
42	33	0
29	62	0
47	5	1
11	79	0
85	77	0
59	88	0
63	53	0
67	11	0
38	61	0
36	74	0
91	48	0
91	5	0
14	70	0
75	12	0
47	62	0
48	22	0
44	1	0
32	45	0
84	85	0
24	72	0
57	83	0
66	21	0
77	18	0
52	54	0
63	83	0
24	99	0
94	28	0
81	13	0
78	21	0
15	70	0
19	95	0
16	80	0
61	36	0
72	81	0
77	98	0
1	28	0
62	53	0
66	90	0
72	61	0
60	74	0
15	90	0
19	78	0
50	32	0
6	25	0
45	41	0
31	40	0
99	31	0
80	47	0
64	12	0
69	28	0
58	50	0
42	28	0
97	78	0
46	79	0
83	52	0
41	57	0
36	96	0
77	53	0
58	11	1
32	14	0
99	48	0
67	83	0
46	39	0
57	56	0
35	95	0
63	95	0
93	62	0
19	78	0
65	51	0
2	70	0
62	49	0
48	70	0
67	55	0
54	77	0
63	89	0
5	58	0
58	52	0
76	47	0
78	61	0
36	82	0
76	79	0
44	29	0
97	16	0
52	43	0
99	12	0
2	82	0
47	92	0
90	65	0
69	68	0
11	87	0
16	72	0
79	85	0
42	25	0
3	79	0
73	97	0
49	64	0
92	63	0
24	91	0
71	44	0
18	0	0
41	79	0
18	83	0
5	17	0
94	57	0
97	23	0
49	19	1
71	33	0
79	13	0
20	12	0
31	59	0
76	30	0
2	72	0
60	77	0
6	42	0
18	77	0
62	49	0
66	95	0
69	44	0
78	86	0
75	54	0
35	53	1
73	78	0
8	88	0
45	43	0
25	81	0
79	52	0
60	38	0
96	45	0
93	94	0
81	86	0
48	68	0
72	45	0
68	69	0
38	54	1
66	1	0
66	83	0
84	74	0
81	1	0
58	78	0
6	97	0
50	24	1
51	38	0
69	33	0
62	29	0
74	21	0
21	91	0
76	29	0
30	73	0
89	19	0
47	66	0
46	37	0
63	95	0
75	73	0
46	78	0
72	92	0
86	67	0
92	48	0
95	75	0
81	99	0
99	43	0
37	66	0
91	86	0
49	83	0
82	84	0
97	48	0
45	89	0
92	67	0
82	53	0
79	34	0
36	47	0
8	62	0
56	79	0
71	19	0
64	32	0
46	24	1
84	83	0
66	43	0
47	13	1
14	89	0
11	55	1
11	90	0
60	39	0
89	15	0
89	50	0
98	7	0
78	96	0
51	23	1
51	49	0
33	75	0
96	19	0
65	52	0
28	80	0
31	99	0
25	74	0
13	93	0
34	10	1
66	65	0
44	30	0
46	75	0
44	44	0
3	52	1
65	74	0
70	15	0
19	88	0
94	54	0
23	24	0
12	75	0
72	61	0
70	56	0
51	63	0
94	53	0
89	64	0
75	56	0
55	9	0
61	69	0
83	49	0
3	35	0
97	75	0
52	43	0
39	78	0
10	80	0
21	92	0
23	65	0
94	33	0
16	54	1
60	97	0
7	90	0
90	63	0
54	29	0
77	20	0
24	24	0
34	39	0
76	10	0
18	73	0
38	54	1
87	54	0
88	38	0
2	10	0
2	36	0
70	15	0
44	74	0
97	91	0
0	10	0
53	99	0
84	33	0
42	8	0
91	83	0
41	61	0
78	74	0
31	32	0
97	39	0
88	75	0
20	68	0
15	87	0
2	44	1
22	73	0
16	97	0
68	19	0
28	58	0
9	84	0
30	30	0
59	16	0
41	60	0
70	50	0
44	9	1
29	74	0
91	28	0
7	26	0
75	50	0
93	30	0
52	64	0
29	18	0
42	4	0
19	93	0
42	77	0
24	63	0
20	20	0
22	81	0
24	80	0
68	55	0
96	40	0
32	70	0
81	99	0
50	31	0
65	68	0
46	86	0
7	85	0
83	46	0
42	60	0
14	23	0
95	57	0
56	47	0
93	17	0
86	21	0
80	35	0
58	96	0
42	39	0
66	39	0
62	33	0
41	5	0
39	91	0
59	72	0
91	26	0
61	98	0
85	52	0
80	47	0
35	74	0
26	71	0
81	29	0
50	42	0
75	0	0
97	95	0
70	79	0
50	79	0
71	41	0
81	88	0
17	82	0
60	30	0
15	93	0
7	57	1
40	62	0
82	67	0
62	13	0
93	96	0
87	12	0
96	93	0
60	9	0
68	22	0
76	53	0
66	29	0
10	83	0
55	88	0
65	81	0
7	31	0
18	83	0
18	69	0
45	11	0
35	41	0
0	48	1
80	42	0
54	23	0
5	62	0
18	87	0
65	93	0
93	41	0
1	71	0
62	43	0
28	89	0
79	59	0
68	43	0
21	54	0
84	35	0
74	48	0
70	60	0
11	60	1
55	47	0
10	91	0
4	2	0
84	66	0
19	70	0
27	5	0
1	95	0
21	78	0
99	39	0
71	82	0
86	63	0
86	87	0
53	59	0
62	34	0
2	74	0
50	63	0
35	56	0
64	41	0
83	22	0
