83	60	0
33	26	0
62	99	0
14	3	0
90	39	0
82	95	0
48	79	1
70	49	0
1	83	0
1	3	0
17	96	0
93	46	0
66	76	0
36	39	0
72	84	0
96	48	0
50	98	0
63	77	0
36	21	0
85	69	0
86	93	0
79	83	0
3	32	0
75	18	1
65	67	0
21	96	1
83	34	0
68	95	0
48	70	0
66	75	0
92	53	0
97	21	0
93	75	0
37	8	0
47	94	0
71	35	0
28	19	0
99	78	0
80	77	0
98	15	0
98	12	0
20	40	0
58	79	0
5	90	0
93	6	0
63	93	0
13	27	0
82	82	0
91	26	0
52	97	0
83	12	1
13	14	0
95	12	0
74	42	0
41	84	1
71	23	0
53	49	0
77	29	0
10	97	0
54	81	1
87	61	0
65	94	0
9	69	0
44	91	0
96	52	0
39	37	0
28	6	0
74	62	0
5	86	0
92	33	0
45	65	0
86	53	0
97	4	0
74	98	0
76	81	0
6	24	0
67	81	0
86	66	0
81	45	0
17	96	0
61	45	0
89	52	0
92	41	0
93	34	0
13	59	0
6	14	0
96	62	0
52	98	0
44	75	0
56	91	0
69	36	0
68	68	0
76	76	0
86	73	0
21	21	0
13	6	0
86	57	0
86	0	0
23	95	1
13	46	0
71	72	0
63	83	0
57	79	0
48	10	0
49	86	0
64	82	0
76	52	0
17	92	0
89	81	0
2	78	0
17	55	0
82	83	0
90	72	0
51	68	0
66	41	0
78	38	0
35	89	1
47	71	0
19	49	0
44	78	1
44	26	0
93	89	0
34	98	1
82	4	0
75	35	0
74	90	0
62	85	0
63	66	0
17	22	0
19	72	0
60	86	0
74	67	0
43	98	0
55	93	0
79	15	1
37	88	0
33	33	0
73	65	0
58	51	0
66	71	0
73	31	0
1	92	0
67	55	1
96	39	0
63	34	0
49	23	0
87	19	0
67	73	0
76	96	0
88	71	0
92	22	0
95	33	0
96	69	0
65	71	0
60	88	0
65	18	1
18	77	0
87	10	0
9	43	0
33	87	1
82	77	0
77	80	0
92	49	0
89	54	0
44	77	1
93	66	0
53	7	0
48	23	0
76	53	0
31	76	0
60	78	0
80	76	0
83	8	0
94	50	0
92	37	0
72	53	0
67	91	0
55	9	0
1	90	0
5	89	0
95	63	0
70	60	0
78	13	1
94	71	0
21	19	0
27	92	1
47	97	0
81	1	0
78	7	0
99	29	0
86	29	0
75	32	0
10	9	0
26	86	0
49	87	0
86	43	0
71	95	0
97	77	0
69	38	0
68	83	0
11	1	0
38	6	0
39	25	0
75	34	0
76	17	1
5	46	0
34	21	0
96	83	0
96	69	0
82	21	1
97	11	0
64	1	0
37	7	0
94	89	0
25	88	0
2	98	0
44	37	0
72	43	0
75	69	0
64	74	0
87	86	0
66	35	0
76	79	0
92	31	0
88	63	0
63	43	0
98	74	0
61	16	0
98	5	0
28	47	0
71	91	0
99	41	0
92	44	0
73	93	0
87	34	0
67	14	1
44	53	0
59	91	0
72	85	0
21	77	0
82	83	0
5	96	0
98	5	0
86	15	0
53	80	0
11	98	0
85	39	0
89	68	0
30	1	0
46	97	0
55	65	0
3	17	0
86	37	0
95	10	0
72	90	0
16	21	0
79	27	0
69	80	0
12	27	0
46	82	1
79	45	0
85	4	0
83	10	1
90	64	0
13	77	1
64	14	0
95	96	0
40	97	1
59	60	1
5	36	0
61	85	0
62	56	0
92	44	0
67	41	0
67	56	0
0	51	0
91	69	0
24	97	1
85	68	0
6	91	0
79	90	0
38	26	0
68	60	0
63	98	0
55	90	0
99	51	0
65	8	0
3	68	1
71	42	0
30	99	1
84	26	0
95	53	0
75	30	0
85	68	0
45	98	0
56	92	0
23	94	1
93	88	0
72	83	0
15	2	0
1	92	0
79	89	0
59	98	0
68	28	0
81	60	0
99	0	0
88	10	1
92	80	0
61	85	0
91	17	0
85	12	1
68	86	0
39	97	1
94	13	0
98	3	0
78	29	0
6	45	0
15	91	0
23	97	0
86	89	0
89	93	0
84	87	0
84	67	0
80	78	0
8	90	0
28	12	0
4	2	0
36	38	0
87	18	0
80	32	0
65	64	0
63	7	0
90	83	0
81	82	0
83	47	0
75	65	0
28	5	0
98	40	0
70	89	0
50	35	0
27	94	1
74	87	0
98	61	0
23	66	0
46	67	0
59	75	0
46	91	0
0	48	0
81	72	0
94	46	0
95	68	0
35	83	1
60	88	0
85	20	0
84	10	0
16	77	1
34	87	1
96	69	0
69	76	0
0	98	0
8	74	1
79	93	0
23	22	0
3	78	0
62	77	0
63	64	0
83	86	0
0	90	0
81	56	0
18	5	0
52	88	0
6	86	0
1	18	0
91	62	0
89	11	1
74	22	0
14	17	0
16	46	0
67	34	0
63	80	0
92	75	0
86	46	0
78	77	0
74	86	0
1	62	0
81	61	0
66	26	0
95	44	0
88	91	0
84	78	0
52	78	0
96	79	0
97	11	0
49	71	0
3	96	0
72	33	0
64	15	1
81	25	0
27	30	0
55	83	0
55	52	1
35	75	0
63	90	0
88	51	0
88	32	0
79	65	0
93	89	0
87	51	0
90	95	0
29	85	1
77	71	0
74	38	0
44	87	0
93	81	0
82	74	0
98	31	0
46	75	0
82	23	1
53	37	0
89	87	0
91	55	0
19	84	0
75	33	0
74	33	0
97	40	0
85	13	1
89	85	0
81	15	1
77	43	0
9	85	0
17	97	0
48	33	0
24	65	0
48	87	0
63	2	0
7	92	0
72	45	0
15	11	0
18	61	0
66	73	0
75	66	0
76	65	0
76	48	0
73	68	0
87	50	0
8	44	0
97	87	0
64	60	1
46	90	0
84	23	0
45	98	0
18	90	0
92	50	0
64	31	0
20	16	0
26	37	0
79	53	0
97	28	0
20	5	0
44	3	0
51	66	0
98	83	0
17	6	0
45	83	0
59	20	0
89	77	0
69	64	0
63	85	0
10	51	0
96	47	0
86	61	0
3	84	0
1	91	0
48	36	0
92	23	0
12	22	0
91	39	0
77	11	0
39	31	0
18	96	0
60	90	0
23	27	0
25	98	1
76	42	0
60	85	0
20	97	1
67	38	0
6	3	0
86	53	0
85	33	0
82	29	0
66	23	0
56	95	0
39	93	1
77	32	0
56	99	0
69	68	0
81	47	0
57	90	0
94	43	0
94	99	0
86	87	0
48	83	0
88	7	1
75	77	0
69	24	0
94	45	0
91	99	0
84	17	1
92	99	0
88	20	0
79	71	0
6	93	0
83	94	0
76	80	0
7	20	0
17	95	0
87	26	0
16	92	0
50	83	0
82	36	0
74	52	0
24	93	1
78	49	0
93	53	0
82	39	0
81	24	0
0	95	0
15	9	0
60	80	0
24	58	0
30	10	0
3	84	0
92	39	0
85	82	0
84	50	0
90	79	0
72	47	0
5	80	1
85	18	0
97	38	0
