3	26	1
91	57	0
55	13	0
43	21	0
52	95	0
4	41	0
85	35	0
89	77	0
2	13	0
49	14	0
71	95	0
39	40	0
69	49	0
4	94	0
32	8	0
15	54	0
95	2	0
80	77	0
65	32	0
29	58	0
96	56	0
99	3	0
46	78	0
75	78	0
84	86	0
81	1	0
20	96	0
63	20	0
72	72	0
66	85	0
97	58	0
3	45	0
28	26	0
50	19	0
77	18	0
45	50	0
88	82	0
10	96	0
66	65	0
95	18	0
83	97	0
40	17	0
32	62	0
63	51	0
93	52	0
57	88	0
98	50	0
16	99	0
26	46	0
60	10	0
92	42	0
25	68	0
60	8	0
37	87	0
68	96	0
25	62	0
90	62	0
50	15	0
34	57	0
79	72	0
97	93	0
73	6	0
20	97	0
86	3	0
44	14	0
88	60	0
47	22	0
13	93	0
88	5	0
33	81	0
87	79	0
55	48	0
25	36	0
85	73	0
20	35	0
29	46	0
89	39	0
19	10	0
7	38	0
51	86	0
64	98	0
70	20	0
48	99	0
73	96	0
7	9	0
14	30	0
87	11	0
84	16	0
54	48	0
84	37	0
24	23	0
77	50	0
48	52	0
30	5	0
33	9	0
66	57	0
24	83	0
49	2	0
44	84	0
43	2	0
35	33	0
83	33	0
48	66	0
60	46	0
16	84	0
69	78	0
4	84	0
46	96	0
88	48	0
66	20	0
52	83	0
2	45	0
61	6	0
53	76	0
7	85	0
39	9	0
25	52	0
17	31	0
85	84	0
5	24	0
39	27	0
1	1	0
38	97	0
92	7	0
65	56	0
5	35	0
73	85	0
94	17	0
59	66	0
53	86	0
33	23	0
62	97	0
16	18	0
75	81	0
67	50	0
24	98	0
79	30	0
42	38	0
18	24	0
65	5	0
10	6	0
8	80	0
17	3	0
97	89	0
98	14	0
81	39	0
51	63	0
63	20	0
84	87	0
1	6	0
35	13	0
16	7	0
84	72	0
45	36	0
91	75	0
86	79	0
50	28	0
55	34	0
79	49	0
0	51	0
26	75	0
18	58	0
91	74	0
49	58	0
38	92	0
94	42	0
70	77	0
50	86	0
27	44	0
99	76	0
1	45	0
34	35	0
19	29	0
27	74	0
30	65	0
95	19	0
53	35	0
75	10	0
44	75	0
66	21	0
58	38	0
76	74	0
24	53	0
66	57	0
32	98	0
30	66	0
31	4	0
62	22	0
24	98	0
5	77	0
64	75	0
80	44	0
17	86	0
13	47	0
86	72	0
27	48	0
36	75	0
33	91	0
58	38	0
33	4	0
23	46	0
76	89	0
97	82	0
63	94	0
71	14	0
8	54	0
61	6	0
59	28	0
56	28	0
75	9	0
24	63	0
14	77	0
45	63	0
68	32	0
29	74	0
81	27	0
58	85	0
33	75	0
24	15	0
91	78	0
30	78	0
45	2	0
4	86	0
83	21	0
92	71	0
84	86	0
85	29	0
0	78	0
15	79	0
97	47	0
64	69	0
42	45	0
44	72	0
73	74	0
45	63	0
18	78	0
36	66	0
70	1	0
4	58	0
69	98	0
66	36	0
24	89	0
87	69	0
43	14	0
38	63	0
15	76	0
35	95	0
67	29	0
68	16	0
19	40	0
97	56	0
61	44	0
74	41	0
11	87	0
55	11	0
19	75	0
68	66	0
62	59	0
70	56	0
59	3	0
23	5	0
6	55	0
84	53	0
55	18	0
73	57	0
46	89	0
61	48	0
92	36	0
92	12	0
19	59	0
90	70	0
15	82	0
19	25	0
93	49	0
37	98	0
45	41	0
51	0	0
19	94	0
71	32	0
38	49	0
35	71	0
43	3	0
21	77	0
85	88	0
88	76	0
59	38	0
81	64	0
17	87	0
47	43	0
65	0	0
68	20	0
32	26	0
54	6	0
58	18	0
52	28	0
70	29	0
33	49	0
26	45	0
54	42	0
69	68	0
88	85	0
44	99	0
70	5	0
93	56	0
65	13	0
13	62	0
16	12	0
86	34	0
61	30	0
78	67	0
16	45	0
51	64	0
61	13	0
33	93	0
30	80	0
48	78	0
96	52	0
48	24	0
53	2	0
26	41	0
78	45	0
74	8	0
67	93	0
31	3	0
68	88	0
6	70	0
42	79	0
34	23	0
3	53	0
6	17	0
82	5	0
30	40	0
76	16	0
37	7	0
0	6	0
79	16	0
25	66	0
27	48	0
93	29	0
78	54	0
13	36	0
23	39	0
2	56	0
37	86	0
12	72	0
11	1	0
34	92	0
55	59	0
42	15	0
13	14	0
53	32	0
47	82	0
35	70	0
82	96	0
27	29	0
22	60	0
34	45	0
57	71	0
74	98	0
47	13	0
68	2	0
29	9	0
49	11	0
55	7	0
15	57	0
82	51	0
64	3	0
22	50	0
60	3	0
54	60	0
44	52	0
39	55	0
79	79	0
75	45	0
23	64	0
53	53	0
22	14	0
96	12	0
45	1	0
58	28	0
59	27	0
22	42	0
16	73	0
57	72	0
14	72	0
38	94	0
30	82	0
38	28	0
39	35	0
88	57	0
66	35	0
14	70	0
74	75	0
8	25	1
66	90	0
28	29	0
65	19	0
69	89	0
72	0	0
92	62	0
72	40	0
45	25	0
41	38	0
35	36	0
92	78	0
14	17	0
64	24	0
81	3	0
12	53	0
43	81	0
76	74	0
73	8	0
1	60	0
96	43	0
57	94	0
6	19	0
67	2	0
52	59	0
34	71	0
61	47	0
17	35	0
56	38	0
68	86	0
61	53	0
34	24	0
78	68	0
22	46	0
20	81	0
82	85	0
49	19	0
5	80	0
67	15	0
89	23	0
69	36	0
21	59	0
66	20	0
25	25	0
64	46	0
17	94	0
68	53	0
48	1	0
83	55	0
38	29	0
28	75	0
41	3	0
78	42	0
8	5	0
63	96	0
17	92	0
28	31	0
55	65	0
61	33	0
10	91	0
11	38	0
21	46	0
57	6	0
92	33	0
68	21	0
85	97	0
30	68	0
19	28	0
40	25	0
37	27	0
92	8	0
52	59	0
82	78	0
30	41	0
63	94	0
69	61	0
45	79	0
77	6	0
71	50	0
74	13	0
67	16	0
44	23	0
30	30	0
94	11	0
62	21	0
5	75	0
93	4	0
98	84	0
10	96	0
10	27	0
89	64	0
43	49	0
29	1	0
90	85	0
84	65	0
23	97	0
69	35	0
77	42	0
92	61	0
12	22	0
85	81	0
27	78	0
75	72	0
27	97	0
97	66	0
33	48	0
20	86	0
99	81	0
38	30	0
27	35	0
72	70	0
64	94	0
45	75	0
13	12	0
42	75	0
61	60	0
39	63	0
35	72	0
85	22	0
13	88	0
81	48	0
22	77	0
39	66	0
43	75	0
92	31	0
45	32	0
18	46	0
0	19	0
68	41	0
97	76	0
55	18	0
79	95	0
73	95	0
31	37	0
46	18	0
21	52	0
26	76	0
9	21	1
36	30	0
48	70	0
61	88	0
31	30	0
76	84	0
58	32	0
37	9	0
66	36	0
23	75	0
48	13	0
11	58	0
98	85	0
59	99	0
49	55	0
75	9	0
43	61	0
3	27	1
3	23	1
43	51	0
92	60	0
91	0	0
5	68	0
77	11	0
88	88	0
69	20	0
28	0	0
24	67	0
75	72	0
35	84	0
53	81	0
81	21	0
20	75	0
60	21	0
64	79	0
61	92	0
32	91	0
94	11	0
92	16	0
66	15	0
44	87	0
10	96	0
3	90	0
75	63	0
72	59	0
95	64	0
8	49	0
89	49	0
65	61	0
9	17	0
77	66	0
63	73	0
24	49	0
12	64	0
40	27	0
42	40	0
14	58	0
61	52	0
46	56	0
94	44	0
80	34	0
79	6	0
69	35	0
55	91	0
3	22	1
14	19	0
23	52	0
78	53	0
99	81	0
71	73	0
99	79	0
22	45	0
49	71	0
56	41	0
36	65	0
82	44	0
2	32	0
22	72	0
44	25	0
78	66	0
63	96	0
50	63	0
5	21	1
27	67	0
29	11	0
81	66	0
25	77	0
49	36	0
86	81	0
97	82	0
12	99	0
40	54	0
13	77	0
78	80	0
36	47	0
57	58	0
46	83	0
80	72	0
25	30	0
20	61	0
89	77	0
76	58	0
91	55	0
41	84	0
56	82	0
64	31	0
33	20	0
87	29	0
43	25	0
88	3	0
20	86	0
21	29	0
1	15	0
38	94	0
93	73	0
23	38	0
94	51	0
17	99	0
20	70	0
25	0	0
95	92	0
23	24	0
7	80	0
75	98	0
42	64	0
84	70	0
26	80	0
83	27	0
24	27	0
35	79	0
26	68	0
34	22	0
26	34	0
19	39	0
99	63	0
84	15	0
52	11	0
75	7	0
88	47	0
35	13	0
51	28	0
89	32	0
7	51	0
45	91	0
13	53	0
17	81	0
80	59	0
53	94	0
57	45	0
74	81	0
42	24	0
94	75	0
40	67	0
94	47	0
10	69	0
64	47	0
23	66	0
70	33	0
4	28	1
58	39	0
88	76	0
86	83	0
90	91	0
24	81	0
18	42	0
51	45	0
46	61	0
36	27	0
22	12	0
36	62	0
13	52	0
61	6	0
76	82	0
81	53	0
91	9	0
14	47	0
6	3	0
80	90	0
10	78	0
49	26	0
54	37	0
73	16	0
17	2	0
56	9	0
12	43	0
1	35	0
49	15	0
52	4	0
0	27	1
31	78	0
60	24	0
34	95	0
81	5	0
33	42	0
52	64	0
70	17	0
95	62	0
59	64	0
44	66	0
45	98	0
82	96	0
18	13	0
94	61	0
15	62	0
87	70	0
56	82	0
16	32	0
18	59	0
97	45	0
26	79	0
91	97	0
69	82	0
45	0	0
38	57	0
81	52	0
37	88	0
71	47	0
87	73	0
73	28	0
12	64	0
13	60	0
90	90	0
74	36	0
58	64	0
58	4	0
13	18	0
77	62	0
33	29	0
12	66	0
40	55	0
52	50	0
32	7	0
59	33	0
5	80	0
18	47	0
10	66	0
0	52	0
82	64	0
27	22	0
58	22	0
98	19	0
87	8	0
52	61	0
0	73	0
59	28	0
34	25	0
11	13	0
17	20	0
74	65	0
66	25	0
34	38	0
42	74	0
58	76	0
12	87	0
27	73	0
53	82	0
25	43	0
79	94	0
55	30	0
38	84	0
19	9	0
54	16	0
10	43	0
61	45	0
69	11	0
31	74	0
85	68	0
65	54	0
51	50	0
41	13	0
2	74	0
78	69	0
68	51	0
46	40	0
72	63	0
71	78	0
72	41	0
64	9	0
95	75	0
83	14	0
0	75	0
73	63	0
0	27	1
8	26	1
27	2	0
49	31	0
0	8	0
7	49	0
23	71	0
31	99	0
35	50	0
99	31	0
5	47	0
59	90	0
23	84	0
6	30	1
99	60	0
38	65	0
8	22	1
85	50	0
24	2	0
59	23	0
60	6	0
16	6	0
25	82	0
46	56	0
84	73	0
67	46	0
11	4	0
32	32	0
54	7	0
8	26	1
3	73	0
74	9	0
42	65	0
53	42	0
67	95	0
15	41	0
14	94	0
93	47	0
21	22	0
94	80	0
59	62	0
66	34	0
48	32	0
97	21	0
91	62	0
19	57	0
12	90	0
30	42	0
0	88	0
3	95	0
89	19	0
36	52	0
1	91	0
54	2	0
65	7	0
46	50	0
27	16	0
66	42	0
42	25	0
11	84	0
27	34	0
58	2	0
7	44	0
95	50	0
97	7	0
55	51	0
33	3	0
40	26	0
17	97	0
62	78	0
26	62	0
9	12	0
40	25	0
9	82	0
0	70	0
68	48	0
80	47	0
54	34	0
14	77	0
23	31	0
86	76	0
67	28	0
49	79	0
66	95	0
26	12	0
9	89	0
66	18	0
61	81	0
38	44	0
95	68	0
34	73	0
98	19	0
82	19	0
99	24	0
85	88	0
42	58	0
22	75	0
72	10	0
37	0	0
66	79	0
63	76	0
18	43	0
66	53	0
61	81	0
78	24	0
93	54	0
6	69	0
58	47	0
26	30	0
95	25	0
67	39	0
67	15	0
92	98	0
78	73	0
49	73	0
78	37	0
59	66	0
12	98	0
29	7	0
5	91	0
18	77	0
57	62	0
65	96	0
80	12	0
91	96	0
79	1	0
9	2	0
90	74	0
67	12	0
99	28	0
77	65	0
53	42	0
16	59	0
62	85	0
65	69	0
1	48	0
13	41	0
41	94	0
2	80	0
57	2	0
43	46	0
9	66	0
36	30	0
17	32	0
13	43	0
98	51	0
50	37	0
3	49	0
27	90	0
83	68	0
2	12	0
85	97	0
26	78	0
63	41	0
41	57	0
96	43	0
62	41	0
2	10	0
10	12	0
2	52	0
17	53	0
97	77	0
74	50	0
98	67	0
10	52	0
76	62	0
20	81	0
0	4	0
74	76	0
2	17	0
25	67	0
36	5	0
28	26	0
6	70	0
43	90	0
2	7	0
69	47	0
51	58	0
80	62	0
82	79	0
40	89	0
33	24	0
5	66	0
3	13	0
37	67	0
51	45	0
58	55	0
81	13	0
