99	63	0
56	10	0
36	23	0
43	97	0
5	30	0
92	27	0
88	77	0
9	6	1
48	10	0
70	93	0
41	36	0
79	38	0
2	84	0
21	6	0
17	68	0
96	11	0
96	84	0
61	29	0
27	58	0
99	68	0
90	2	0
43	76	0
75	85	0
77	93	0
69	3	0
37	99	0
54	9	0
76	81	0
72	90	0
97	56	0
5	39	0
31	34	0
39	26	0
79	25	0
40	44	0
89	71	0
11	92	0
67	77	0
93	24	0
80	91	0
45	5	0
27	50	0
70	54	0
96	55	0
56	74	0
98	49	0
14	93	0
40	48	0
56	15	0
85	47	0
19	66	0
55	11	0
31	90	0
54	87	0
27	61	0
94	73	0
43	27	0
37	46	0
85	80	0
98	94	0
87	13	0
13	96	0
97	7	0
50	6	0
95	70	0
38	29	0
20	82	0
83	6	0
35	78	0
87	78	0
60	53	0
20	27	0
81	87	0
31	41	0
16	49	0
85	35	0
18	35	0
36	80	0
59	88	0
74	22	0
43	97	0
63	97	0
0	11	0
12	17	0
93	22	0
98	21	0
38	55	0
83	44	0
18	27	0
76	55	0
38	54	0
33	11	0
36	2	0
71	48	0
22	89	0
58	6	0
49	72	0
44	7	0
39	27	0
92	42	0
44	59	0
65	49	0
16	73	0
73	86	0
10	78	0
45	77	0
85	50	0
62	7	0
55	69	0
5	62	0
58	5	0
53	61	0
10	69	0
49	3	0
32	55	0
20	35	0
85	82	0
50	41	0
1	2	0
21	98	0
81	0	0
67	70	0
12	35	0
82	77	0
93	11	0
63	69	0
54	87	0
29	19	0
62	88	0
22	24	1
76	84	0
67	54	0
37	98	0
74	35	0
38	23	0
22	36	0
84	2	0
4	70	0
94	73	0
92	14	0
93	34	0
43	58	0
62	10	0
93	91	0
7	7	0
42	13	0
81	82	0
35	43	0
96	70	0
84	75	0
55	25	0
50	36	0
62	62	0
6	50	0
26	83	0
16	59	0
80	74	0
55	72	0
46	98	0
80	50	0
69	80	0
49	80	0
24	46	0
87	79	0
2	39	0
36	38	0
25	25	0
22	74	0
39	71	0
98	19	0
41	34	0
75	12	0
33	84	0
68	22	0
49	34	0
76	78	0
25	51	0
60	69	0
39	98	0
39	62	0
37	7	0
69	11	0
35	87	0
11	77	0
70	85	0
93	55	0
15	88	0
33	33	0
99	69	0
28	56	0
37	82	0
40	95	0
52	47	0
35	10	0
17	39	0
75	89	0
86	99	0
61	87	0
79	18	0
4	67	0
61	3	0
65	11	0
70	22	0
83	21	0
32	60	0
4	72	0
58	60	0
74	37	0
30	76	0
89	19	0
55	87	0
34	65	0
28	14	0
85	74	0
32	67	0
39	10	0
1	90	0
73	14	0
95	82	0
84	93	0
85	20	0
3	78	0
16	78	0
95	50	0
48	75	0
37	45	0
48	77	0
58	74	0
47	60	0
5	80	0
32	65	0
63	11	0
4	66	0
72	96	0
71	42	0
37	94	0
90	56	0
41	16	0
39	53	0
14	77	0
40	93	0
51	35	0
68	28	0
18	30	0
89	68	0
74	43	0
82	52	0
9	82	0
54	12	0
15	82	0
68	67	0
55	45	0
67	53	0
57	8	0
11	9	1
1	55	0
77	46	0
50	10	0
75	63	0
47	85	0
63	49	0
96	27	0
89	5	0
3	65	0
89	69	0
21	97	0
91	61	0
41	89	0
57	33	0
45	0	0
19	91	0
68	34	0
38	54	0
44	77	0
52	4	0
26	94	0
73	91	0
87	83	0
65	26	0
94	73	0
8	85	0
44	37	0
59	1	0
65	21	0
35	21	0
41	4	0
51	11	0
54	50	0
70	33	0
39	48	0
24	48	0
52	56	0
71	80	0
87	74	0
56	88	0
82	12	0
96	51	0
75	1	0
10	55	0
31	5	0
89	34	0
48	22	0
74	73	0
6	40	0
48	73	0
55	23	0
25	97	0
32	87	0
29	73	0
96	62	0
46	29	0
38	1	0
23	53	0
91	53	0
80	22	0
73	98	0
17	10	0
61	91	0
10	77	0
42	84	0
34	32	0
5	55	0
82	9	0
21	32	0
83	13	0
46	12	0
12	3	0
82	4	0
30	46	0
14	41	0
85	28	0
93	64	0
11	26	0
26	30	0
1	57	0
31	87	0
14	74	0
6	6	0
36	92	0
45	65	0
41	34	0
65	25	0
46	84	0
38	69	0
82	98	0
39	25	0
18	46	0
32	35	0
58	78	0
83	98	0
55	12	0
80	1	0
36	4	0
46	9	0
62	8	0
20	43	0
79	60	0
65	2	0
22	41	0
58	3	0
53	55	0
48	54	0
27	62	0
79	81	0
64	52	0
20	58	0
55	36	0
22	16	0
97	10	0
50	7	0
66	18	0
54	40	0
21	36	0
11	70	0
69	74	0
15	79	0
35	95	0
21	98	0
48	22	0
30	32	0
88	61	0
61	45	0
6	77	0
80	80	0
63	92	0
23	35	0
72	26	0
61	95	0
71	0	0
93	63	0
79	45	0
31	19	0
38	49	0
39	47	0
90	80	0
9	21	0
76	25	0
85	9	0
11	50	0
32	91	0
73	78	0
83	4	0
5	70	0
96	35	0
43	93	0
72	6	0
63	53	0
41	50	0
56	47	0
31	40	0
50	38	0
74	79	0
74	54	0
43	29	0
75	68	0
23	52	0
23	92	0
82	84	0
44	22	0
4	71	0
64	16	0
84	17	0
71	45	0
18	59	0
62	31	0
28	36	0
54	40	0
4	98	0
62	31	0
56	11	0
90	52	0
43	24	0
31	79	0
31	7	0
81	50	0
6	4	0
63	96	0
2	89	0
38	44	0
54	84	0
55	32	0
18	97	0
21	42	0
24	39	0
60	16	0
94	34	0
84	20	0
89	96	0
20	61	0
36	14	0
35	29	0
83	21	0
52	62	0
72	85	0
18	35	0
70	99	0
86	69	0
37	79	0
72	10	0
74	37	0
83	16	0
72	15	0
45	21	0
40	33	0
93	4	0
68	28	0
3	64	0
93	13	0
91	96	0
11	93	0
88	64	0
43	48	0
22	7	0
93	86	0
80	55	0
27	95	0
66	22	0
77	46	0
92	57	0
81	66	0
34	81	0
80	80	0
36	93	0
85	75	0
37	39	0
23	92	0
99	86	0
36	36	0
26	41	0
65	67	0
61	94	0
51	68	0
49	93	0
59	58	0
34	61	0
28	62	0
81	22	0
16	92	0
83	53	0
18	87	0
42	55	0
45	78	0
82	28	0
25	29	0
19	45	0
65	38	0
97	76	0
65	16	0
86	97	0
72	97	0
35	45	0
61	9	0
31	47	0
24	87	0
38	35	0
57	69	0
71	78	0
38	22	0
78	93	0
48	31	0
37	19	0
66	42	0
27	79	0
43	12	0
3	61	0
91	80	0
59	90	0
53	44	0
82	13	0
45	73	0
44	54	0
98	56	0
93	1	0
1	75	0
72	3	0
77	78	0
69	26	0
34	1	0
38	69	0
82	78	0
37	71	0
54	75	0
78	22	0
16	67	0
65	11	0
45	62	0
61	97	0
31	92	0
96	5	0
88	20	0
59	9	0
37	89	0
19	93	0
5	88	0
77	51	0
71	65	0
80	65	0
18	45	0
81	47	0
67	62	0
87	73	0
66	59	0
23	54	0
18	74	0
36	27	0
44	43	0
2	47	0
53	65	0
41	41	0
97	36	0
78	32	0
72	2	0
76	33	0
49	80	0
19	17	1
15	46	0
63	37	0
91	76	0
64	83	0
96	75	0
25	50	0
52	68	0
59	55	0
27	60	0
92	39	0
26	62	0
41	24	0
88	51	0
71	99	0
62	52	0
20	65	0
46	2	0
65	70	0
29	81	0
40	27	0
77	78	0
91	72	0
20	97	0
54	68	0
13	72	0
76	67	0
36	55	0
48	66	0
41	78	0
62	69	0
26	36	0
14	65	0
91	80	0
77	51	0
95	58	0
30	74	0
56	79	0
69	30	0
20	15	1
86	20	0
42	37	0
96	11	0
13	89	0
32	36	0
29	75	0
85	55	0
21	41	0
95	65	0
12	97	0
8	74	0
21	5	0
98	94	0
38	26	0
0	79	0
77	89	0
38	61	0
75	76	0
32	87	0
98	32	0
32	15	0
40	85	0
31	76	0
35	12	0
24	38	0
6	26	0
91	71	0
93	10	0
57	12	0
74	10	0
96	39	0
33	6	0
38	41	0
99	40	0
15	57	0
42	87	0
3	46	0
14	81	0
76	58	0
50	95	0
66	45	0
74	77	0
35	34	0
73	64	0
37	61	0
88	44	0
13	70	0
56	34	0
38	71	0
75	33	0
57	42	0
96	80	0
93	98	0
85	87	0
17	83	0
19	33	0
53	51	0
48	71	0
31	21	0
18	5	0
31	70	0
10	39	0
64	8	0
65	82	0
84	61	0
92	18	0
10	45	0
9	2	1
78	95	0
7	99	0
51	9	0
57	53	0
70	11	0
12	6	1
44	20	0
19	37	0
45	17	0
65	4	0
42	83	0
55	22	0
27	96	0
76	3	0
28	41	0
54	72	0
75	23	0
89	72	0
65	79	0
36	70	0
49	90	0
78	89	0
9	16	1
83	57	0
18	61	0
82	77	0
59	95	0
11	33	0
17	54	0
93	47	0
34	89	0
97	96	0
67	85	0
48	3	0
49	50	0
85	56	0
60	88	0
76	47	0
97	69	0
89	30	0
13	62	0
4	57	0
71	89	0
77	41	0
51	58	0
56	9	0
34	22	0
76	76	0
24	36	0
12	66	0
42	43	0
59	43	0
33	13	0
57	28	0
10	85	0
19	40	0
13	59	0
8	72	0
75	54	0
22	25	0
58	15	0
90	24	0
81	3	0
56	68	0
2	65	0
64	31	0
46	34	0
69	77	0
77	12	0
47	44	0
53	61	0
46	88	0
15	98	0
27	64	0
42	87	0
34	37	0
73	80	0
49	44	0
28	78	0
58	32	0
6	41	0
60	58	0
62	19	0
30	78	0
81	49	0
50	47	0
49	44	0
40	17	0
4	66	0
69	64	0
72	53	0
44	37	0
81	57	0
84	67	0
78	40	0
67	10	0
87	75	0
92	17	0
3	75	0
66	85	0
33	17	0
57	34	0
10	4	0
16	56	0
11	86	0
35	89	0
22	49	0
94	34	0
18	51	0
50	99	0
18	86	0
99	66	0
55	61	0
86	40	0
20	3	0
58	13	0
50	5	0
8	5	0
12	74	0
60	61	0
84	69	0
75	49	0
15	2	0
30	38	0
70	9	0
0	77	0
73	0	0
41	72	0
56	22	0
75	98	0
10	34	0
7	91	0
95	57	0
30	19	0
87	70	0
63	58	0
79	39	0
42	26	0
92	32	0
87	67	0
13	66	0
3	87	0
21	57	0
2	89	0
8	89	0
88	33	0
34	47	0
2	96	0
53	13	0
62	1	0
40	46	0
23	25	1
68	40	0
36	20	0
25	79	0
29	31	0
69	17	0
9	40	0
85	51	0
90	4	0
64	53	0
31	10	0
47	20	0
10	98	0
60	81	0
41	70	0
16	4	1
39	14	0
4	84	0
3	87	0
67	54	0
88	45	0
42	29	0
28	76	0
23	31	0
99	85	0
58	29	0
47	74	0
64	98	0
16	23	1
0	83	0
67	26	0
49	66	0
30	37	0
97	66	0
39	75	0
97	18	0
80	15	0
94	19	0
87	85	0
46	59	0
22	90	0
85	7	0
30	1	0
66	87	0
64	76	0
20	52	0
67	41	0
71	81	0
89	11	0
93	54	0
20	69	0
56	49	0
24	22	0
89	24	0
43	46	0
65	8	0
91	95	0
86	78	0
45	64	0
72	31	0
67	76	0
4	90	0
44	0	0
11	97	0
13	76	0
67	68	0
74	96	0
82	4	0
97	89	0
79	1	0
24	14	1
79	71	0
63	1	0
94	35	0
72	54	0
56	35	0
13	71	0
61	89	0
53	76	0
12	46	0
6	42	0
37	97	0
11	69	0
41	0	0
39	56	0
13	65	0
38	24	0
4	48	0
93	47	0
54	24	0
0	44	0
24	89	0
74	58	0
0	2	0
93	71	0
24	83	0
57	51	0
34	57	0
95	48	0
58	41	0
0	17	0
3	52	0
21	59	0
90	69	0
66	47	0
98	65	0
2	53	0
63	54	0
15	68	0
1	13	0
70	68	0
28	65	0
47	11	0
30	30	0
6	79	0
36	88	0
6	6	0
76	45	0
65	61	0
80	68	0
75	74	0
47	87	0
40	13	0
0	70	0
50	63	0
42	52	0
57	49	0
82	14	0
