93	63	0
35	0	0
32	34	0
60	98	0
18	6	0
96	42	0
95	92	0
51	11	0
57	73	0
61	20	0
85	48	0
2	88	0
15	2	0
28	84	0
99	26	0
73	81	0
53	40	0
19	56	0
87	55	0
96	9	0
47	94	0
55	65	0
71	86	0
52	9	0
27	78	0
48	15	0
90	71	0
65	90	0
89	79	0
0	32	0
55	15	0
42	20	0
95	29	0
25	56	0
81	63	0
16	88	0
35	94	0
92	19	0
80	84	0
44	5	0
32	68	0
90	64	0
98	72	0
53	61	0
96	49	0
11	79	0
64	3	0
99	67	0
13	71	0
74	11	0
17	78	0
62	90	0
28	75	0
99	69	0
43	40	0
34	24	0
89	87	0
98	97	0
97	5	0
16	99	0
96	14	0
32	6	0
70	79	0
34	1	0
8	95	0
89	13	0
36	79	0
63	96	0
43	62	0
4	28	0
68	85	0
15	59	0
96	29	0
33	83	0
63	97	0
67	31	0
31	98	0
58	94	0
4	17	0
97	10	0
90	21	0
45	71	0
82	38	0
92	58	0
53	15	0
31	8	0
66	51	0
9	97	0
49	2	0
49	75	0
46	5	0
56	32	0
82	36	0
31	63	0
75	44	0
2	61	0
81	93	0
3	86	0
37	99	0
95	57	0
68	14	0
37	70	0
35	64	0
67	4	0
68	53	0
5	66	0
34	1	0
9	39	0
37	44	0
64	80	0
44	39	0
15	95	0
81	19	0
43	84	0
74	69	0
97	11	0
73	94	0
52	77	0
40	20	0
59	98	0
96	71	0
76	64	0
20	92	0
63	30	0
34	16	0
19	43	1
72	9	0
8	60	0
96	70	0
98	20	0
82	47	0
42	50	0
60	7	0
79	68	0
22	19	0
38	28	0
98	60	0
43	36	0
63	83	0
61	80	0
53	26	0
40	42	0
60	38	0
10	47	0
26	43	1
22	53	0
83	91	0
50	56	0
38	98	0
76	40	0
74	63	0
54	68	0
88	62	0
23	21	0
53	52	0
23	13	0
13	71	0
35	64	0
88	34	0
36	43	0
87	8	0
40	87	0
53	23	0
42	46	0
77	76	0
28	70	0
50	70	0
44	84	0
40	48	0
37	14	0
56	18	0
38	84	0
27	64	0
79	81	0
92	62	0
32	97	0
97	74	0
28	49	0
22	69	0
47	76	0
53	52	0
24	17	0
74	88	0
93	78	0
55	70	0
61	30	0
4	45	0
57	3	0
74	50	0
59	24	0
77	20	0
24	49	0
5	47	0
49	49	0
71	26	0
38	65	0
81	26	0
42	95	0
27	71	0
40	25	0
78	83	0
41	54	0
38	9	0
23	83	0
58	3	0
91	84	0
51	89	0
92	2	0
5	77	0
17	65	0
96	27	0
51	87	0
28	43	0
59	67	0
56	65	0
42	60	0
19	73	0
27	60	0
68	3	0
9	61	0
60	80	0
95	47	0
39	89	0
81	61	0
74	21	0
52	68	0
17	85	0
34	98	0
48	29	0
75	29	0
85	52	0
60	43	0
68	65	0
6	39	0
56	24	0
17	91	0
60	54	0
73	40	0
68	26	0
50	6	0
15	49	0
91	23	0
35	12	0
66	69	0
60	83	0
68	43	0
93	40	0
98	3	0
3	39	0
98	75	0
27	97	0
99	79	0
32	95	0
63	31	0
74	28	0
18	86	0
81	26	0
30	60	0
29	79	0
47	6	0
26	99	0
75	89	0
72	86	0
91	46	0
99	64	0
13	94	0
36	72	0
73	6	0
76	50	0
34	22	0
35	2	0
52	20	0
51	49	0
84	47	0
35	52	0
35	49	0
35	69	0
73	89	0
91	61	0
60	84	0
84	8	0
90	40	0
63	16	0
23	36	0
76	42	0
76	50	0
75	70	0
10	39	0
34	65	0
64	19	0
14	88	0
34	85	0
20	78	0
87	72	0
50	17	0
35	2	0
34	52	0
80	74	0
65	10	0
79	92	0
16	2	0
52	99	0
7	68	0
48	95	0
43	36	0
3	52	0
72	34	0
73	12	0
54	17	0
78	8	0
41	63	0
9	57	0
72	23	0
86	63	0
6	7	0
6	64	0
34	95	0
8	88	0
45	93	0
53	66	0
58	43	0
69	4	0
45	80	0
47	68	0
87	96	0
36	32	1
4	52	0
25	46	1
63	47	0
74	77	0
29	28	1
83	28	0
30	8	0
51	7	0
51	20	0
37	42	0
73	65	0
72	10	0
6	42	0
36	14	0
49	64	0
38	32	0
28	45	0
87	78	0
79	53	0
12	46	0
62	40	0
93	8	0
66	13	0
60	24	0
42	42	0
38	30	0
7	76	0
60	81	0
31	73	0
25	99	0
27	84	0
53	11	0
42	38	0
96	42	0
81	44	0
5	62	0
82	68	0
75	81	0
83	27	0
82	88	0
81	4	0
73	60	0
76	60	0
28	31	1
64	47	0
29	45	1
91	79	0
68	7	0
96	23	0
34	49	0
46	96	0
65	75	0
84	18	0
14	67	0
99	33	0
62	94	0
82	23	0
68	32	0
43	56	0
60	35	0
33	54	0
57	87	0
79	32	0
35	22	0
73	84	0
33	57	0
23	97	0
97	97	0
48	33	0
3	94	0
53	51	0
98	12	0
81	37	0
18	71	0
64	47	0
37	27	1
52	46	0
10	98	0
90	25	0
46	8	0
93	44	0
54	45	0
28	89	0
15	6	0
59	61	0
60	97	0
6	46	0
38	83	0
34	83	0
46	28	0
22	85	0
13	36	0
69	6	0
78	22	0
83	2	0
92	94	0
26	66	0
46	18	0
82	7	0
78	58	0
68	87	0
0	23	0
64	93	0
95	62	0
32	83	0
78	2	0
49	59	0
72	23	0
67	9	0
41	25	0
44	14	0
95	7	0
86	36	0
12	90	0
81	13	0
91	93	0
24	94	0
94	68	0
43	49	0
15	26	0
76	98	0
65	42	0
5	96	0
67	32	0
82	37	0
71	45	0
84	67	0
23	63	0
87	60	0
39	92	0
90	75	0
27	96	0
91	82	0
44	31	0
62	69	0
60	98	0
46	64	0
59	97	0
69	53	0
38	53	0
42	62	0
87	4	0
3	92	0
98	55	0
23	88	0
45	70	0
46	80	0
88	44	0
32	52	0
41	17	0
87	57	0
60	12	0
84	97	0
48	91	0
44	49	0
53	16	0
31	42	0
57	90	0
42	18	0
36	71	0
85	72	0
42	10	0
95	90	0
66	6	0
5	7	0
42	37	0
19	66	0
44	1	0
13	75	0
94	82	0
64	79	0
65	40	0
62	5	0
45	65	0
45	58	0
94	56	0
88	11	0
4	69	0
85	7	0
52	72	0
54	29	0
39	11	0
32	64	0
85	82	0
32	71	0
42	80	0
75	36	0
17	50	0
67	35	0
43	58	0
64	93	0
27	99	0
92	12	0
99	19	0
70	12	0
22	79	0
31	96	0
27	89	0
68	42	0
75	82	0
78	92	0
4	35	0
70	36	0
72	77	0
71	62	0
63	76	0
14	83	0
18	73	0
37	17	0
49	15	0
8	36	0
41	48	0
34	50	0
88	29	0
88	40	0
77	10	0
71	49	0
57	53	0
22	47	0
47	27	0
92	79	0
50	95	0
83	59	0
36	65	0
36	95	0
78	56	0
29	53	0
79	22	0
28	38	1
31	11	0
92	50	0
75	92	0
51	47	0
8	46	0
46	9	0
53	55	0
44	84	0
30	26	1
77	85	0
95	58	0
8	84	0
72	45	0
11	59	0
65	50	0
44	68	0
53	49	0
42	78	0
62	65	0
4	58	0
68	60	0
70	44	0
82	54	0
35	65	0
66	84	0
42	5	0
94	22	0
54	42	0
93	2	0
16	86	0
36	79	0
83	63	0
20	49	0
78	74	0
13	90	0
14	84	0
83	85	0
45	31	0
1	66	0
68	99	0
47	67	0
94	64	0
22	98	0
89	33	0
17	4	0
34	69	0
29	83	0
33	15	0
16	50	1
14	21	0
84	71	0
97	12	0
56	7	0
73	39	0
90	21	0
24	5	0
29	67	0
88	33	0
7	62	0
52	84	0
2	51	0
30	78	0
74	56	0
54	98	0
75	51	0
66	82	0
69	60	0
46	52	0
74	74	0
2	78	0
48	36	0
26	80	0
86	48	0
73	25	0
95	61	0
98	97	0
91	87	0
43	73	0
78	40	0
59	61	0
33	23	0
37	13	0
36	66	0
7	43	0
66	6	0
68	77	0
79	83	0
93	3	0
16	47	1
62	82	0
17	91	0
55	13	0
58	35	0
67	24	0
50	23	0
42	18	0
80	10	0
39	99	0
70	19	0
33	95	0
99	19	0
14	49	1
41	62	0
71	42	0
78	99	0
72	71	0
42	70	0
63	95	0
85	63	0
90	46	0
9	62	0
86	79	0
78	97	0
12	61	0
97	41	0
30	69	0
99	86	0
49	90	0
28	13	0
73	70	0
92	53	0
54	77	0
70	78	0
93	64	0
75	37	0
27	59	0
0	60	0
69	79	0
69	29	0
50	44	0
52	11	0
30	25	1
91	78	0
16	58	0
28	42	1
65	29	0
46	1	0
52	21	0
11	89	0
12	60	0
8	77	0
71	48	0
92	20	0
91	36	0
91	2	0
66	91	0
5	59	0
63	31	0
54	49	0
38	85	0
95	23	0
62	59	0
31	84	0
21	91	0
38	71	0
28	92	0
28	6	0
69	74	0
48	19	0
38	73	0
49	46	0
5	41	0
69	64	0
64	14	0
32	85	0
98	55	0
24	52	0
20	34	0
15	68	0
80	57	0
71	57	0
45	47	0
92	68	0
99	68	0
58	45	0
67	18	0
80	61	0
82	31	0
12	47	0
82	81	0
55	34	0
18	70	0
5	89	0
30	95	0
28	58	0
89	22	0
0	50	0
55	91	0
0	89	0
86	62	0
47	34	0
90	31	0
15	18	0
34	36	0
70	13	0
34	80	0
46	51	0
97	62	0
90	32	0
3	0	0
3	43	0
54	13	0
3	50	0
77	8	0
52	76	0
31	32	0
94	90	0
2	13	0
40	95	0
97	43	0
43	3	0
90	91	0
48	63	0
64	61	0
34	35	0
91	35	0
90	85	0
11	61	0
8	76	0
8	46	0
20	74	0
15	83	0
65	19	0
30	57	0
20	90	0
36	13	0
63	17	0
34	64	0
60	47	0
43	11	0
33	71	0
31	25	1
94	20	0
1	34	0
77	40	0
94	18	0
47	50	0
33	19	0
48	1	0
16	96	0
45	70	0
42	65	0
27	12	0
19	99	0
18	83	0
63	45	0
94	37	0
30	31	1
31	71	0
90	99	0
56	26	0
66	69	0
55	88	0
10	90	0
85	40	0
52	58	0
12	28	0
94	69	0
54	50	0
99	18	0
66	9	0
82	25	0
59	94	0
50	47	0
46	39	0
67	26	0
46	4	0
49	89	0
52	76	0
20	55	0
79	32	0
54	89	0
92	36	0
92	54	0
35	76	0
36	61	0
89	24	0
45	48	0
71	10	0
94	97	0
73	73	0
43	75	0
71	43	0
75	90	0
8	77	0
50	13	0
10	93	0
12	62	0
50	66	0
74	82	0
65	15	0
99	90	0
94	15	0
99	93	0
60	7	0
77	24	0
71	64	0
61	38	0
18	79	0
47	86	0
69	85	0
27	41	1
7	31	0
21	85	0
8	76	0
43	13	0
42	47	0
20	54	0
0	48	0
88	42	0
42	23	0
11	66	0
32	82	0
65	92	0
96	43	0
1	68	0
73	37	0
40	68	0
83	50	0
69	37	0
1	48	0
26	55	0
89	41	0
67	60	0
82	47	0
5	64	0
64	53	0
0	81	0
0	0	0
92	64	0
13	60	0
28	5	0
32	26	1
4	99	0
19	80	0
91	47	0
79	75	0
82	59	0
86	81	0
50	67	0
65	36	0
4	72	0
43	68	0
30	61	0
65	43	0
93	9	0
