91	68	0
29	15	0
60	99	0
9	2	0
97	48	0
98	95	0
41	73	0
64	46	0
0	89	0
3	10	0
12	93	0
92	47	0
61	80	0
33	31	0
92	83	0
92	35	0
44	97	0
38	72	0
73	75	0
51	9	0
30	81	1
83	69	0
95	80	0
80	99	0
6	27	0
41	35	1
83	19	0
74	67	0
6	68	0
33	90	0
84	16	0
70	86	0
50	74	0
81	74	0
96	52	0
59	58	1
96	35	0
17	74	0
90	69	0
17	68	0
49	3	0
10	77	0
39	90	0
87	45	0
45	37	1
38	15	0
99	91	0
87	92	0
95	17	0
27	81	0
94	8	0
23	19	0
69	86	0
1	87	0
88	2	0
64	92	0
9	29	0
72	76	0
86	27	0
26	91	0
51	96	0
82	28	0
31	91	0
36	89	0
17	12	0
98	12	0
80	29	0
52	81	0
89	26	0
65	44	0
70	36	0
5	93	0
81	0	1
50	83	0
80	1	0
91	62	0
4	64	1
65	89	0
2	76	0
40	91	0
97	61	0
81	26	0
61	11	0
60	44	0
9	66	1
37	11	0
74	61	0
1	94	0
97	28	0
44	70	0
83	62	0
82	2	0
69	87	0
68	83	0
3	30	0
65	73	0
91	73	0
66	44	0
13	95	0
66	37	0
75	4	1
92	61	0
90	31	0
97	41	0
19	54	0
54	69	1
5	22	0
43	28	1
86	63	0
60	76	0
56	60	0
47	41	1
58	65	0
44	93	0
74	34	0
62	75	0
61	77	0
95	55	0
29	11	0
49	38	1
19	10	0
27	78	0
77	48	0
96	1	0
29	95	0
20	45	0
59	70	0
61	77	0
50	74	0
50	7	0
49	90	0
79	88	0
89	55	0
21	96	0
88	82	0
8	74	0
53	62	0
12	41	0
74	78	0
99	71	0
49	69	0
73	46	0
63	9	1
92	36	0
28	93	0
60	78	0
20	33	0
44	79	0
40	23	0
89	93	0
27	85	0
94	7	0
26	80	1
89	34	0
58	96	0
72	80	0
66	70	0
27	40	0
10	65	0
71	8	1
65	92	0
88	65	0
47	89	0
63	83	0
75	17	0
54	71	0
32	83	0
51	89	0
22	18	0
80	59	0
61	38	0
72	60	0
79	33	0
16	98	0
67	61	0
87	42	0
73	31	0
55	22	0
99	29	0
73	84	0
75	93	0
71	65	0
96	24	0
95	20	0
89	84	0
34	90	0
64	86	0
49	99	0
88	35	0
16	97	0
89	27	0
23	46	0
20	90	0
30	99	0
83	77	0
76	70	0
95	57	0
94	58	0
25	81	0
51	81	0
75	7	0
78	52	0
46	3	0
41	34	0
81	38	0
23	67	1
45	57	1
26	73	0
72	90	0
84	59	0
53	69	1
92	0	0
91	40	0
95	43	0
74	59	0
70	84	0
48	65	0
67	15	0
10	89	0
1	92	0
86	61	0
80	71	0
84	10	0
91	82	0
17	2	0
34	97	0
57	98	0
43	29	1
90	14	0
95	1	0
98	28	0
75	29	0
67	51	0
7	4	0
29	99	0
17	77	0
45	83	0
43	71	0
88	41	0
54	89	0
56	54	1
99	85	0
65	34	0
83	87	0
87	19	0
15	4	0
39	0	0
35	28	0
98	44	0
78	6	0
12	50	0
16	24	0
53	35	1
88	83	0
97	64	0
74	32	0
94	12	0
65	4	0
79	13	0
38	12	0
10	67	1
91	93	0
38	86	0
7	99	0
27	43	0
47	45	1
69	48	0
70	61	0
76	75	0
76	76	0
79	26	0
69	86	0
70	5	1
97	48	0
77	55	0
63	54	0
96	67	0
73	14	0
91	20	0
22	50	0
69	98	0
50	66	1
97	24	0
19	84	0
94	42	0
71	91	0
90	30	0
63	17	0
29	58	1
53	44	0
61	85	0
62	25	1
71	82	0
26	91	0
94	83	0
0	83	0
89	6	0
87	17	0
52	70	0
64	50	0
16	96	0
77	34	0
96	61	0
45	44	1
29	82	0
32	12	0
52	85	0
36	85	0
48	76	0
10	66	1
2	20	0
67	1	1
83	36	0
99	8	0
77	97	0
21	28	0
65	11	0
65	38	0
66	85	0
4	12	0
44	85	0
78	43	0
29	87	0
79	5	0
56	16	1
86	17	0
87	50	0
14	82	0
71	16	0
90	99	0
34	97	0
74	66	0
8	34	0
61	93	0
60	41	0
17	69	0
60	28	0
91	49	0
75	46	0
72	59	0
15	43	0
95	56	0
26	98	0
86	55	0
17	92	0
81	81	0
36	19	0
70	67	0
57	86	0
59	95	0
77	53	0
85	6	0
6	77	0
78	43	0
23	98	0
51	59	1
85	30	0
87	51	0
74	18	0
75	73	0
49	94	0
57	93	0
33	99	0
99	77	0
76	82	0
72	4	1
21	1	0
49	45	1
3	79	0
79	87	0
64	79	0
74	48	0
66	23	0
42	64	1
44	75	0
80	53	0
99	7	0
19	72	0
84	6	0
56	66	0
34	39	1
85	84	0
32	77	1
56	91	0
68	25	0
87	12	0
68	81	0
26	96	0
87	13	0
89	5	0
68	26	0
13	56	0
11	87	0
13	86	0
74	87	0
83	99	0
62	53	0
79	97	0
82	63	0
75	59	0
12	94	0
12	76	0
37	28	0
3	17	0
34	37	0
28	50	1
98	30	0
89	38	0
74	53	0
60	56	1
50	19	0
87	79	0
61	74	0
87	53	0
30	85	0
80	58	0
22	12	0
97	41	0
57	99	0
31	44	0
30	99	0
71	97	0
90	69	0
27	84	0
57	24	1
9	71	0
40	70	0
67	60	0
57	79	0
57	90	0
16	48	0
73	61	0
78	46	0
88	65	0
40	73	0
71	88	0
49	29	1
92	15	0
60	50	0
84	11	0
9	82	0
45	98	0
81	77	0
68	73	0
5	89	0
12	73	0
82	92	0
36	29	0
6	86	0
64	97	0
64	69	0
88	77	0
12	91	0
80	48	0
16	9	0
46	96	0
3	96	0
3	15	0
86	58	0
86	19	0
77	32	0
72	19	0
13	12	0
13	49	0
82	25	0
4	65	1
65	76	0
28	89	0
66	55	0
83	95	0
77	40	0
72	81	0
70	52	0
71	81	0
10	71	0
29	80	0
63	61	0
60	46	0
97	40	0
96	98	0
74	86	0
73	50	0
62	53	0
67	84	0
98	78	0
99	1	0
57	80	0
0	93	0
62	33	0
65	22	0
74	15	0
21	73	0
74	24	0
83	19	0
31	58	1
33	31	0
49	98	0
68	64	0
44	84	0
70	92	0
80	55	0
83	34	0
89	66	0
79	97	0
98	40	0
92	89	0
47	87	0
69	78	0
89	45	0
41	89	0
82	83	0
82	53	0
87	28	0
1	71	0
48	73	0
75	17	0
59	34	0
83	80	0
67	51	0
13	87	0
20	97	0
75	41	0
83	31	0
96	54	0
96	2	0
77	92	0
50	37	1
90	14	0
70	41	0
15	72	0
13	97	0
21	78	0
9	89	0
64	49	0
45	28	0
41	67	0
64	80	0
67	10	0
20	86	0
85	53	0
22	18	0
19	71	0
74	62	0
64	57	0
89	54	0
84	63	0
70	64	0
61	51	1
73	54	0
0	31	0
89	84	0
59	50	0
44	85	0
4	71	0
26	85	0
30	53	1
94	20	0
57	95	0
17	92	0
98	47	0
72	20	0
14	12	0
30	25	0
72	4	1
18	66	0
79	61	0
91	35	0
12	0	0
67	11	0
39	92	0
95	80	0
18	12	0
55	83	0
79	37	0
97	77	0
60	66	0
67	86	0
16	42	0
93	41	0
94	69	0
15	78	0
22	77	0
17	90	0
73	8	1
6	95	0
28	48	1
62	42	0
94	17	0
4	17	0
86	38	0
91	15	0
39	26	0
20	94	0
47	81	0
16	72	0
28	26	0
16	71	0
19	93	0
64	67	0
91	51	0
72	91	0
59	67	0
52	68	1
18	98	0
80	39	0
4	3	0
80	58	0
52	51	0
98	23	0
79	28	0
73	34	0
56	96	0
39	40	1
52	43	0
58	10	0
38	98	0
43	55	1
92	34	0
62	99	0
72	50	0
83	48	0
51	91	0
32	79	0
91	31	0
72	8	1
95	97	0
75	82	0
56	84	0
87	14	0
78	72	0
26	79	1
64	25	0
28	95	0
92	56	0
90	87	0
84	9	0
99	96	0
83	21	0
87	62	0
12	85	0
71	90	0
64	81	0
6	20	0
12	99	0
9	73	0
79	28	0
21	98	0
56	92	0
87	48	0
13	69	0
76	45	0
28	91	0
77	50	0
79	52	0
81	50	0
82	34	0
49	66	1
5	87	0
2	0	0
68	70	0
14	59	0
25	8	0
6	89	0
30	69	0
94	47	0
77	90	0
93	58	0
95	77	0
79	43	0
4	82	0
50	58	1
86	37	0
86	31	0
