93	62	0
27	5	0
30	26	0
64	97	0
11	0	0
85	41	0
95	93	0
50	12	0
57	78	0
59	28	0
81	48	0
8	80	0
14	0	0
13	85	0
96	22	0
74	74	0
52	44	0
17	62	1
92	58	0
96	15	0
49	99	0
58	68	0
76	72	0
51	6	0
28	70	0
57	16	0
94	70	0
73	96	0
91	81	0
9	42	0
55	7	0
48	26	0
99	29	0
14	57	1
78	65	0
12	88	0
35	93	0
81	15	0
78	90	0
36	10	0
41	65	0
86	65	0
95	71	0
51	62	0
96	47	0
17	80	0
67	3	0
97	70	0
15	72	0
68	9	0
3	76	0
49	91	0
29	70	0
97	68	0
57	37	0
39	36	0
90	84	0
96	93	0
99	7	0
18	95	0
99	11	0
26	2	0
75	90	0
34	0	0
5	86	0
85	16	0
32	78	0
60	95	0
35	60	0
5	30	0
69	80	0
11	49	1
86	33	0
24	89	0
50	99	0
66	25	0
26	87	0
55	97	0
1	15	0
96	11	0
80	18	0
49	75	0
85	41	0
94	58	0
54	19	0
34	11	0
67	47	0
2	95	0
59	3	0
43	64	0
44	8	0
56	31	0
84	24	0
34	57	0
87	45	0
8	61	0
82	95	0
2	88	0
44	93	0
86	55	0
73	18	0
36	67	0
33	60	0
62	4	0
70	53	0
9	64	0
32	2	0
15	47	1
39	48	1
62	82	0
44	39	0
8	93	0
80	32	0
40	81	0
73	72	0
93	8	0
73	87	0
65	71	0
24	24	0
62	96	0
96	82	0
72	61	0
25	95	0
65	34	0
34	20	1
72	9	0
15	55	1
95	69	0
94	31	0
87	50	0
37	47	0
54	1	0
67	72	0
12	27	0
47	27	0
98	54	0
50	25	0
55	77	0
54	80	0
52	20	0
38	41	0
59	27	0
10	49	1
14	52	1
63	88	0
47	61	0
41	94	0
70	38	0
70	64	0
58	66	0
97	64	0
23	19	0
47	50	0
13	14	0
17	75	0
23	68	0
83	43	0
40	47	0
91	1	0
36	85	0
52	25	0
35	40	0
76	81	0
29	63	0
55	62	0
43	94	0
31	52	0
39	13	0
55	14	0
38	99	0
29	64	0
79	79	0
93	65	0
20	93	0
94	69	0
29	51	0
23	74	0
49	72	0
52	62	0
13	31	0
72	89	0
98	80	0
38	67	0
73	36	0
4	45	0
61	7	0
71	59	0
55	15	0
79	15	0
0	52	0
39	60	0
63	33	0
46	68	0
89	30	0
33	95	0
24	57	0
43	16	1
80	89	0
45	56	0
26	12	0
26	77	0
60	14	0
98	95	0
46	89	0
98	5	0
8	67	0
15	69	0
99	29	0
46	90	0
60	75	0
69	68	0
46	62	0
18	76	0
18	51	0
58	2	0
16	57	1
57	92	0
97	54	0
43	85	0
81	69	0
84	23	0
55	79	0
29	83	0
36	92	0
38	24	0
71	26	0
81	44	0
57	45	0
70	68	0
1	47	0
65	23	0
20	96	0
66	66	0
80	39	0
65	29	0
48	0	0
4	44	0
88	23	0
35	25	1
71	71	0
60	95	0
76	54	0
94	35	0
95	12	0
3	30	0
83	76	0
35	96	0
90	84	0
37	99	0
60	37	0
74	27	0
19	89	0
82	23	0
23	59	0
30	73	0
49	14	0
30	99	0
80	88	0
80	78	0
92	52	0
94	54	0
16	81	0
38	69	0
84	12	0
73	45	0
34	20	1
39	6	0
45	28	0
48	50	0
82	48	0
26	56	0
38	45	0
29	78	0
73	91	0
86	57	0
56	75	0
85	4	0
93	38	0
60	12	0
29	38	1
85	44	0
74	52	0
65	72	0
6	35	0
38	68	0
60	28	0
14	93	0
29	84	0
10	89	0
89	76	0
45	20	0
39	2	0
38	50	1
74	66	0
67	3	0
88	89	0
28	5	0
50	97	0
14	63	0
52	91	0
46	36	0
8	46	1
74	35	0
77	14	0
46	18	0
81	8	0
38	57	0
10	53	1
77	19	0
77	56	0
7	9	0
6	63	0
35	98	0
15	83	0
46	98	0
45	65	0
71	38	0
65	7	0
45	83	0
46	70	0
99	79	0
2	56	0
64	49	0
73	79	0
83	18	0
32	6	0
42	1	0
51	15	0
44	28	0
78	56	0
64	15	0
19	47	0
26	17	0
36	57	0
45	37	0
87	73	0
84	60	0
0	49	0
53	38	0
91	7	0
65	12	0
73	21	0
52	42	0
41	33	0
1	77	0
67	89	0
37	75	0
11	99	0
23	69	0
55	4	0
46	39	0
90	43	0
87	50	0
13	63	0
82	71	0
80	84	0
82	28	0
76	91	0
75	2	0
71	67	0
76	54	0
64	52	0
84	77	0
67	3	0
95	16	0
31	50	0
53	92	0
67	73	0
83	13	0
27	73	0
93	19	0
57	96	0
92	23	0
64	25	0
32	57	0
63	39	0
38	54	0
51	87	0
80	30	0
33	18	1
82	80	0
41	56	0
18	94	0
94	98	0
49	29	0
3	86	0
52	51	0
95	8	0
80	39	0
26	67	0
65	54	0
58	49	0
17	97	0
83	24	0
36	13	0
86	50	0
48	43	0
35	90	0
16	8	0
54	57	0
49	87	0
4	48	0
43	78	0
43	82	0
53	27	0
21	80	0
14	28	0
73	2	0
71	20	0
96	5	0
88	88	0
25	66	0
38	27	0
83	3	0
71	54	0
70	99	0
2	21	0
56	94	0
97	59	0
34	79	0
83	5	0
44	64	0
74	24	0
62	6	0
44	13	1
40	12	1
95	12	0
83	42	0
11	89	0
79	13	0
88	99	0
24	97	0
97	71	0
45	43	0
12	31	0
75	97	0
56	51	0
4	83	0
69	37	0
75	45	0
69	45	0
78	69	0
31	64	0
93	59	0
32	99	0
92	69	0
21	98	0
92	91	0
44	35	0
63	60	0
60	90	0
47	62	0
58	97	0
76	48	0
42	44	0
34	55	0
90	1	0
2	84	0
94	62	0
18	89	0
46	64	0
44	82	0
81	35	0
32	51	0
50	24	0
86	53	0
68	19	0
82	90	0
45	96	0
45	57	0
48	9	0
38	45	0
53	96	0
48	16	0
45	71	0
84	73	0
35	10	0
91	86	0
70	6	0
13	9	0
43	37	0
19	70	0
43	0	0
9	77	0
88	81	0
61	88	0
63	44	0
66	3	0
39	67	0
42	71	0
94	53	0
99	2	0
12	69	0
82	10	0
49	68	0
47	26	0
30	4	0
35	54	0
81	86	0
32	70	0
48	79	0
65	28	0
72	30	0
52	54	0
63	94	0
28	97	0
99	15	0
86	19	0
73	13	0
12	64	0
30	98	0
21	90	0
64	40	0
76	82	0
74	95	0
10	35	0
53	41	0
64	84	0
71	65	0
60	78	0
15	91	0
19	75	0
41	30	0
46	12	1
11	31	0
41	38	0
38	44	0
98	27	0
83	43	0
73	9	0
72	33	0
59	51	0
42	25	0
95	77	0
49	85	0
87	64	0
35	63	0
39	93	0
79	51	0
26	47	1
73	22	0
33	14	0
95	49	0
73	86	0
44	42	0
8	50	1
47	10	1
49	58	0
39	87	0
66	94	0
96	61	0
14	81	0
63	48	0
10	63	0
61	46	0
42	74	0
57	58	0
45	74	0
64	80	0
0	61	0
58	63	0
76	49	0
87	58	0
30	76	0
70	87	0
44	22	0
94	16	0
54	44	0
96	10	0
5	80	0
40	88	0
84	57	0
6	45	1
76	70	0
15	88	0
16	79	0
80	85	0
42	27	0
1	72	0
71	98	0
49	61	0
93	64	0
23	99	0
82	44	0
13	2	0
39	70	0
20	81	0
35	13	0
5	16	0
86	56	0
99	22	0
49	14	0
77	35	0
82	15	0
21	8	0
31	62	0
76	31	0
3	70	0
58	84	0
1	44	0
19	78	0
71	51	0
52	99	0
73	50	0
74	83	0
80	60	0
43	49	0
80	75	0
8	81	0
37	41	0
26	77	0
80	49	0
72	38	0
93	54	0
93	94	0
87	90	0
44	69	0
74	42	0
60	58	0
30	21	1
37	54	0
6	47	0
64	3	0
69	82	0
90	80	0
86	12	0
54	87	0
2	95	0
53	16	0
51	25	0
69	27	0
57	27	0
33	21	1
80	12	0
29	93	0
68	22	0
33	86	0
95	18	0
43	73	0
57	39	0
66	96	0
77	71	0
41	82	0
67	94	0
87	67	0
89	43	0
18	51	1
95	80	0
76	94	0
14	59	1
99	48	0
37	69	0
95	85	0
52	86	0
34	12	1
81	78	0
93	44	0
51	86	0
78	70	0
92	52	0
78	37	0
31	49	0
1	59	0
61	76	0
66	21	0
55	35	0
42	13	0
90	86	0
14	50	1
68	34	0
40	12	1
45	20	0
12	87	0
11	62	0
8	87	0
65	43	0
96	24	0
95	30	0
98	0	0
77	96	0
6	53	0
60	19	0
56	51	0
35	82	0
95	22	0
61	51	0
38	88	0
25	99	0
32	70	0
19	96	0
34	7	0
68	68	0
46	25	0
43	73	0
50	45	0
9	45	0
67	63	0
66	12	0
28	88	0
98	57	0
21	45	1
16	29	0
16	69	0
81	63	0
64	57	0
50	50	0
94	48	0
97	67	0
69	49	0
60	13	0
71	64	0
85	44	0
7	38	0
88	79	0
56	39	0
24	83	0
10	82	0
30	98	0
25	59	0
95	27	0
1	48	0
59	93	0
8	82	0
91	67	0
46	28	0
83	26	0
18	24	0
33	35	0
74	13	0
24	75	0
36	53	0
91	51	0
90	41	0
6	1	0
6	51	0
45	16	0
0	43	0
73	4	0
45	70	0
27	27	1
92	90	0
1	10	0
48	94	0
92	34	0
37	0	0
90	88	0
47	66	0
71	64	0
36	35	0
99	37	0
92	77	0
14	60	0
14	75	0
1	41	0
16	66	0
11	90	0
69	19	0
31	57	0
7	92	0
26	23	0
57	16	0
38	69	0
68	46	0
44	5	0
38	74	0
94	25	0
3	26	0
73	49	0
89	27	0
44	57	0
30	20	0
46	5	0
17	92	0
49	67	0
31	57	0
23	18	0
15	89	0
25	83	0
59	49	0
92	45	0
32	67	0
82	94	0
50	29	0
69	70	0
47	89	0
1	86	0
83	43	0
46	57	0
10	18	0
98	68	0
51	55	0
94	18	0
82	10	0
85	35	0
59	96	0
46	45	0
48	34	0
63	29	0
39	5	0
45	95	0
44	74	0
17	43	1
89	32	0
61	93	0
88	46	0
83	49	0
37	72	0
29	68	0
78	35	0
55	38	0
74	5	0
98	93	0
76	81	0
47	72	0
70	43	0
70	90	0
10	77	0
54	19	0
22	97	0
9	58	0
45	58	0
78	80	0
61	14	0
97	99	0
87	16	0
98	98	0
64	7	0
74	22	0
68	56	0
58	25	0
20	89	0
55	85	0
73	80	0
7	33	0
10	79	0
12	71	0
36	10	0
39	44	0
16	52	1
0	45	0
78	42	0
46	24	0
13	63	0
17	85	0
57	99	0
88	40	0
2	70	0
65	47	0
29	78	0
77	66	0
71	35	0
6	50	0
27	53	0
85	35	0
66	51	0
82	57	0
14	67	0
63	53	0
3	92	0
5	6	0
87	63	0
19	67	0
16	3	0
2	93	0
22	84	0
93	39	0
73	81	0
85	63	0
86	90	0
51	67	0
63	33	0
2	73	0
47	64	0
33	62	0
59	49	0
93	20	0
