82	67	0
31	28	0
58	95	1
15	11	0
92	44	0
91	89	0
71	42	0
5	81	0
0	8	0
15	89	0
79	36	0
72	77	0
33	33	0
64	73	0
89	53	0
63	70	0
40	37	0
94	84	0
99	83	0
73	85	0
6	24	0
74	73	0
79	29	0
55	80	1
49	69	0
64	82	0
94	53	0
94	30	0
85	76	0
39	0	0
79	30	0
32	16	0
97	69	0
90	73	0
94	8	0
24	40	0
64	78	0
6	88	0
56	98	1
18	32	0
70	76	0
94	41	0
54	84	0
0	22	0
88	11	0
64	34	0
50	42	0
80	41	0
85	71	0
54	98	1
19	58	0
96	55	0
45	35	0
36	8	0
60	57	0
9	88	0
95	19	0
42	67	0
87	59	0
98	7	0
71	90	0
69	76	0
10	22	0
70	83	0
87	66	0
79	42	0
57	44	0
82	46	0
84	38	0
90	38	0
20	60	0
14	18	0
86	70	0
58	95	1
38	82	0
56	96	1
81	51	0
60	65	0
82	75	0
79	73	0
31	14	0
14	15	0
82	64	0
92	4	0
18	51	0
76	80	0
60	77	0
61	82	0
51	12	0
76	87	0
76	55	0
10	86	0
92	97	0
3	95	0
15	63	0
95	88	0
99	74	0
53	86	0
71	51	0
90	33	0
53	57	0
15	54	0
55	18	0
88	86	0
75	4	0
82	42	0
83	94	0
60	70	0
76	78	0
12	21	0
72	94	0
58	99	1
30	80	0
28	35	0
60	38	0
63	79	0
69	39	0
11	98	1
93	30	0
70	27	1
52	26	0
69	67	0
69	94	0
88	69	0
99	25	0
91	86	0
72	77	0
51	77	0
11	73	1
11	48	0
72	70	0
73	76	0
86	57	0
92	51	0
90	68	0
58	17	0
35	30	0
77	56	0
28	81	0
61	91	1
84	76	0
99	48	0
96	28	0
71	59	0
60	97	0
67	17	0
3	94	0
6	97	1
97	61	0
87	77	0
14	20	0
92	14	0
92	20	0
83	20	1
85	32	0
11	14	0
34	78	0
57	92	1
87	43	0
69	94	0
91	81	0
67	35	0
56	86	0
2	6	0
31	14	0
47	31	0
70	40	0
2	57	0
40	7	0
93	78	0
97	51	0
96	10	1
58	0	0
37	7	0
97	85	0
28	72	0
8	96	1
36	32	0
65	53	0
73	67	0
55	74	0
79	72	0
74	32	0
77	79	0
85	35	0
90	74	0
50	34	0
97	69	0
64	8	0
34	59	0
78	95	0
91	45	0
86	45	0
75	86	0
90	40	0
41	54	0
52	93	1
72	90	0
23	75	0
85	84	0
0	93	0
89	34	0
93	61	0
37	6	0
47	49	0
18	18	0
92	37	0
62	86	0
16	24	0
78	33	0
74	78	0
20	36	0
83	44	0
81	6	0
95	68	0
64	24	0
98	90	0
20	35	0
53	99	1
71	54	0
89	41	0
62	52	0
5	54	0
98	71	0
96	59	0
16	83	0
74	84	0
43	15	0
70	60	1
54	97	1
69	93	0
96	43	0
60	11	0
71	45	0
74	31	0
89	60	0
70	33	1
91	77	0
94	89	0
82	96	0
12	12	0
5	79	0
83	89	0
64	92	0
54	14	0
82	51	0
98	3	0
95	82	0
57	74	0
60	72	0
96	5	0
85	35	0
9	46	0
2	96	0
88	88	0
93	93	0
86	93	0
81	62	0
72	80	0
11	86	0
28	28	0
1	17	0
44	36	0
82	42	0
57	56	0
64	5	0
77	88	0
77	73	0
83	45	0
71	60	1
27	15	0
97	46	0
70	90	0
58	33	0
63	81	0
90	66	0
11	57	0
53	77	0
53	81	1
1	45	0
70	79	0
97	44	0
91	65	0
46	91	1
89	31	0
93	7	1
98	67	0
66	71	0
6	96	0
83	93	0
12	22	0
11	87	0
64	71	0
65	61	0
94	97	0
1	81	0
80	57	0
12	4	0
11	90	0
8	17	0
91	56	0
13	24	0
8	35	0
82	30	0
70	76	0
93	79	0
84	46	0
82	78	0
67	82	0
4	78	0
97	65	0
61	28	0
95	33	0
75	86	0
75	73	0
39	85	0
92	76	0
36	75	0
2	97	0
75	43	0
31	34	0
62	89	0
35	71	0
65	95	0
91	55	0
86	28	0
69	69	0
99	79	0
94	50	0
96	98	0
90	71	0
67	22	0
80	78	0
81	64	0
96	29	0
47	65	0
67	32	0
87	89	0
88	64	0
24	76	0
89	34	0
85	40	0
86	40	0
97	81	0
79	52	0
2	84	0
17	96	1
34	28	0
27	68	0
63	8	0
2	95	0
80	44	0
8	12	0
18	55	0
58	66	0
70	79	0
78	50	0
69	42	0
78	70	1
77	44	0
14	39	0
91	78	0
59	93	0
82	15	0
12	86	0
98	52	0
56	25	1
25	15	0
28	37	0
70	48	0
97	36	0
16	2	0
39	0	0
54	62	0
95	86	0
27	3	0
56	0	0
89	81	0
60	82	0
23	52	0
89	47	0
85	63	0
8	92	0
4	98	0
46	36	0
98	37	0
18	32	0
85	36	0
81	10	0
36	32	0
13	99	1
57	82	1
22	38	0
82	39	0
65	91	0
80	41	0
10	13	0
91	54	0
81	46	0
81	22	1
59	99	1
77	44	0
52	96	0
60	51	0
73	44	0
49	93	1
88	47	0
99	95	0
89	87	0
71	72	0
74	29	0
97	46	0
93	96	0
94	94	0
84	24	1
84	68	0
82	95	0
55	77	0
0	16	0
33	92	0
85	34	0
15	93	1
79	27	0
81	47	0
74	50	0
95	60	0
89	38	0
12	76	0
10	7	0
52	83	0
29	72	0
36	4	0
5	79	0
95	43	0
94	83	0
80	49	0
93	91	0
99	40	0
