84	69	0
47	19	0
38	26	0
47	96	0
11	9	0
98	38	0
98	88	0
39	7	0
66	82	0
45	17	0
96	44	0
7	78	0
19	5	0
20	64	0
99	21	0
82	77	0
58	31	0
21	51	0
94	66	0
93	10	0
42	89	0
59	71	0
80	86	0
53	0	0
43	79	0
57	5	0
86	79	0
62	87	0
82	74	0
2	29	0
60	25	0
36	17	0
85	32	0
36	51	0
91	62	0
7	93	0
41	99	0
95	25	0
76	92	0
49	2	0
25	62	0
91	60	0
92	73	0
53	68	0
94	52	0
4	81	0
24	38	1
66	0	0
90	59	0
18	70	0
63	5	0
8	77	0
51	93	0
38	77	0
96	67	0
50	32	0
26	27	0
87	80	0
97	99	0
98	17	0
11	93	0
94	19	0
41	0	0
73	78	0
47	12	0
7	92	0
82	7	0
45	80	0
73	98	0
52	66	0
6	33	0
72	90	0
27	36	1
13	58	0
90	32	0
14	40	0
28	86	0
51	98	0
64	25	0
33	94	0
62	99	0
1	24	0
97	10	0
91	24	0
37	60	0
77	37	0
18	37	1
82	56	0
26	33	1
45	9	0
36	2	0
66	41	0
17	97	0
61	14	0
55	88	0
36	7	0
45	29	0
84	43	0
36	66	0
75	42	0
10	63	0
78	80	0
0	73	0
28	92	0
99	52	0
60	10	0
44	67	0
28	55	0
61	7	0
68	51	0
2	59	0
30	1	0
21	44	0
41	33	0
71	94	0
57	45	0
24	99	0
85	6	0
54	74	0
81	83	0
96	7	0
65	77	0
46	73	0
33	8	0
57	93	0
95	75	0
73	64	0
24	99	0
68	34	0
35	17	0
16	44	0
76	11	0
14	65	0
93	65	0
97	27	0
88	33	0
37	55	0
60	21	0
85	71	0
15	15	0
34	12	0
80	63	0
37	33	0
69	74	0
70	89	0
52	28	0
43	31	0
57	41	0
14	42	0
30	54	0
18	63	0
75	82	0
41	52	0
38	95	0
81	47	0
81	70	0
58	86	0
27	34	1
97	69	0
14	28	0
50	46	0
22	12	0
27	87	0
35	78	0
85	34	0
38	37	0
69	12	0
40	82	0
55	29	0
45	48	0
81	79	0
29	63	0
54	73	0
37	86	0
36	45	0
41	13	0
55	11	0
26	74	0
25	82	0
77	79	0
93	68	0
28	87	0
28	33	1
94	71	0
32	50	0
25	88	0
55	71	0
39	55	0
29	12	0
11	29	0
70	93	0
89	84	0
60	73	0
71	35	0
5	57	0
56	10	0
76	30	0
63	27	0
68	28	0
16	70	0
1	58	0
53	51	0
78	25	0
36	63	0
91	33	0
33	96	0
26	64	0
41	19	0
80	78	0
32	57	0
31	11	0
16	90	0
57	11	0
94	90	0
73	93	0
96	8	0
6	80	0
23	63	0
90	36	0
55	74	0
45	38	0
55	63	0
48	72	0
48	66	0
18	77	0
27	56	0
70	2	0
1	66	0
60	83	0
89	44	0
44	90	0
80	60	0
64	28	0
46	70	0
19	86	0
40	96	0
48	38	0
74	31	0
27	30	1
87	58	0
76	42	0
69	68	0
5	52	0
52	14	0
10	86	0
62	63	0
58	39	0
66	36	0
52	24	0
5	58	0
84	18	0
45	9	0
68	66	0
48	77	0
72	34	0
99	35	0
91	0	0
3	57	0
97	74	0
24	93	0
93	71	0
41	95	0
58	35	0
54	11	0
19	89	0
70	27	0
42	67	0
38	78	0
47	6	0
29	96	0
80	87	0
66	88	0
74	41	0
89	75	0
20	94	0
45	61	0
65	1	0
67	34	0
32	15	0
38	0	0
57	10	0
57	61	0
77	41	0
41	48	0
35	51	0
36	71	0
69	86	0
83	68	0
58	79	0
86	1	0
81	39	0
65	2	0
23	45	0
30	29	0
74	43	0
61	42	0
72	63	0
11	34	0
40	66	0
63	28	0
25	85	0
24	90	0
29	74	0
96	67	0
45	17	0
36	2	0
24	53	0
86	64	0
57	13	0
75	93	0
11	5	0
54	97	0
1	69	0
37	86	0
40	32	0
4	60	0
85	20	0
24	36	1
74	2	0
49	16	0
89	10	0
37	45	0
23	49	0
77	29	0
84	58	0
13	23	0
29	34	1
5	60	0
35	95	0
1	87	0
47	91	0
55	72	0
54	40	0
62	15	0
41	86	0
44	71	0
84	91	0
27	24	0
12	56	0
26	47	0
62	63	0
71	83	0
34	19	0
78	21	0
41	2	0
54	2	0
58	21	0
35	45	0
79	73	0
89	11	0
23	40	0
51	19	0
52	46	0
42	34	0
36	56	0
79	73	0
79	52	0
15	52	0
57	33	0
95	8	0
61	7	0
52	27	0
52	34	0
34	27	0
2	71	0
64	76	0
28	75	0
23	94	0
25	94	0
60	17	0
43	34	0
99	40	0
83	50	0
0	79	0
83	72	0
72	76	0
79	29	0
75	82	0
82	6	0
86	59	0
72	54	0
38	20	0
61	47	0
27	49	0
84	79	0
67	17	0
94	7	0
27	48	0
33	91	0
70	75	0
81	18	0
12	66	0
94	27	0
38	96	0
84	17	0
69	47	0
39	55	0
55	38	0
24	41	0
28	47	0
59	83	0
82	36	0
37	15	0
72	73	0
24	65	0
12	95	0
91	90	0
33	38	0
1	81	0
58	35	0
87	20	0
85	43	0
7	63	0
63	31	0
46	26	0
44	41	0
6	99	0
76	24	0
53	6	0
87	48	0
50	43	0
24	76	0
12	0	0
59	64	0
58	90	0
4	53	0
45	66	0
39	81	0
53	32	0
18	94	0
7	45	0
20	45	0
62	15	0
89	30	0
92	17	0
77	88	0
21	58	0
31	26	0
40	25	0
81	4	0
69	62	0
74	92	0
16	40	0
61	91	0
99	66	0
38	82	0
70	9	0
69	56	0
68	23	0
75	9	0
46	26	0
48	16	0
98	0	0
83	35	0
5	77	0
85	7	0
89	97	0
21	95	0
99	68	0
49	56	0
13	29	0
92	94	0
60	43	0
5	96	0
68	31	0
71	39	0
71	59	0
83	64	0
28	75	0
84	69	0
33	89	0
97	80	0
35	96	0
97	77	0
31	34	1
41	30	0
54	70	0
67	98	0
42	64	0
72	99	0
66	50	0
33	62	0
30	67	0
81	10	0
12	86	0
92	49	0
23	87	0
53	72	0
45	85	0
85	44	0
37	55	0
22	34	1
46	24	0
85	53	0
67	15	0
88	90	0
57	90	0
40	51	0
57	1	0
39	41	0
51	88	0
30	23	0
51	61	0
73	73	0
36	22	0
98	93	0
46	17	0
21	6	0
55	27	0
22	76	0
42	9	0
18	59	0
91	90	0
63	87	0
60	54	0
63	8	0
42	69	0
47	49	0
98	53	0
90	1	0
5	69	0
77	1	0
57	74	0
65	31	0
45	16	0
35	67	0
81	77	0
35	72	0
41	77	0
82	26	0
25	47	0
65	28	0
42	65	0
65	87	0
31	92	0
83	7	0
99	24	0
68	13	0
27	81	0
16	97	0
19	83	0
69	41	0
78	70	0
73	79	0
14	43	0
79	38	0
72	71	0
80	77	0
55	65	0
15	73	0
15	64	0
49	22	0
37	16	0
2	36	0
42	56	0
30	44	0
86	28	0
80	35	0
73	2	0
78	44	0
52	63	0
20	67	0
52	23	0
92	85	0
49	91	0
74	64	0
27	54	0
40	83	0
70	47	0
34	50	0
80	26	0
21	51	0
37	25	0
89	52	0
91	94	0
54	54	0
3	62	0
49	7	0
58	59	0
26	86	0
40	29	0
83	92	0
97	70	0
20	83	0
69	50	0
7	67	0
85	58	0
33	55	0
52	59	0
33	79	0
59	72	0
5	49	0
80	68	0
66	58	0
86	46	0
18	67	0
62	88	0
55	22	0
96	29	0
52	32	0
99	12	0
9	86	0
31	36	0
35	64	0
84	59	0
28	58	0
82	68	0
16	97	0
19	82	0
98	91	0
47	28	0
9	72	0
80	99	0
42	62	0
89	60	0
19	94	0
90	27	0
28	4	0
36	78	0
35	71	0
34	12	0
13	41	0
4	25	0
83	65	0
95	11	0
57	11	0
82	29	0
93	30	0
34	10	0
32	52	0
96	37	0
10	57	0
50	92	0
6	53	0
25	82	0
69	51	0
53	98	0
78	57	0
71	82	0
39	36	0
77	61	0
39	59	0
83	61	0
11	69	0
51	32	0
31	78	0
82	38	0
71	31	0
81	71	0
96	99	0
86	80	0
52	69	0
68	38	0
45	75	0
43	20	0
34	9	0
29	75	0
3	38	0
59	4	0
59	87	0
75	85	0
82	5	0
16	43	0
56	76	0
16	98	0
63	3	0
60	43	0
54	23	0
38	23	0
18	38	1
47	17	0
82	4	0
43	94	0
68	30	0
30	94	0
92	13	0
31	52	0
48	63	0
68	27	0
84	85	0
63	71	0
40	67	0
53	96	0
75	70	0
85	43	0
15	75	0
80	86	0
84	96	0
25	32	1
15	55	0
96	42	0
30	73	0
99	89	0
59	99	0
40	6	0
71	65	0
89	60	0
60	81	0
76	57	0
92	69	0
71	36	0
16	53	0
2	66	0
65	78	0
76	38	0
53	53	0
50	4	0
31	17	0
95	75	0
12	52	0
29	52	0
58	33	0
37	15	0
54	28	0
19	90	0
2	57	0
15	82	0
74	51	0
78	22	0
90	37	0
83	2	0
53	88	0
11	48	0
52	28	0
61	54	0
45	82	0
92	11	0
26	35	1
62	54	0
43	87	0
17	90	0
36	60	0
32	85	0
34	23	0
76	80	0
45	36	0
46	80	0
56	39	0
12	38	0
61	60	0
67	14	0
24	83	0
89	42	0
27	38	0
30	49	0
23	18	0
0	63	0
79	69	0
76	64	0
38	52	0
85	53	0
79	72	0
75	33	0
66	16	0
80	75	0
80	18	0
7	59	0
79	85	0
26	28	0
64	30	0
12	62	0
0	86	0
34	94	0
36	54	0
98	28	0
3	47	0
59	90	0
7	89	0
89	61	0
56	51	0
83	28	0
14	7	0
45	32	0
69	1	0
12	82	0
49	52	0
97	62	0
79	37	0
9	7	0
12	45	0
64	16	0
7	70	0
82	0	0
49	71	0
38	25	0
87	90	0
13	17	0
30	94	0
95	56	0
31	12	0
89	97	0
49	55	0
65	61	0
41	38	0
98	28	0
91	88	0
4	64	0
9	71	0
7	52	0
21	79	0
15	99	0
70	25	0
38	53	0
8	89	0
45	16	0
71	13	0
41	57	0
63	56	0
51	23	0
35	71	0
34	28	0
88	23	0
4	42	0
77	61	0
87	5	0
59	44	0
28	20	0
46	6	0
13	94	0
52	66	0
42	64	0
34	13	0
11	98	0
0	92	0
65	47	0
96	34	0
34	27	0
27	64	0
86	93	0
48	30	0
63	71	0
65	89	0
8	84	0
76	32	0
53	57	0
13	41	0
90	74	0
55	61	0
95	16	0
75	13	0
88	24	0
64	92	0
46	62	0
42	52	0
68	11	0
46	9	0
64	95	0
67	63	0
19	54	0
72	39	0
52	92	0
87	34	0
88	57	0
34	77	0
50	52	0
23	31	0
85	25	0
33	54	0
82	6	0
96	96	0
73	59	0
58	83	0
73	34	0
70	80	0
10	93	0
35	6	0
12	85	0
16	61	0
60	72	0
73	82	0
66	9	0
95	99	0
89	11	0
94	86	0
62	6	0
81	30	0
78	51	0
52	42	0
20	87	0
59	95	0
65	79	0
28	48	0
8	31	0
21	89	0
12	62	0
47	8	0
39	47	0
19	67	0
42	41	0
4	41	0
99	53	0
45	21	0
16	60	0
32	84	0
66	76	0
93	61	0
6	67	0
64	45	0
21	62	0
75	43	0
55	36	0
1	49	0
24	49	0
85	55	0
70	55	0
91	55	0
3	68	0
60	52	0
4	84	0
5	16	0
91	75	0
13	61	0
35	5	0
41	20	0
13	98	0
17	83	0
87	40	0
65	69	0
75	62	0
73	85	0
38	66	0
56	44	0
6	72	0
42	67	0
34	46	0
64	57	0
79	21	0
