81	63	0
33	30	0
66	94	0
16	7	0
95	40	0
81	92	0
43	80	1
70	44	0
2	80	0
3	3	0
10	96	0
97	43	0
69	76	0
35	38	0
71	81	0
97	55	0
53	94	0
61	71	0
35	27	0
87	70	0
91	89	0
79	76	0
5	31	0
66	71	0
74	36	0
63	90	0
52	70	0
66	75	0
95	47	0
95	25	0
92	74	0
34	2	0
40	90	1
76	32	0
32	18	0
97	75	0
86	74	0
95	21	0
91	16	0
22	32	0
61	79	0
5	89	0
94	12	0
54	96	0
22	30	0
82	76	0
86	29	0
55	96	0
5	19	0
98	17	0
69	40	0
43	85	1
69	22	0
55	45	0
75	32	0
10	97	0
47	84	1
90	61	0
63	90	0
8	64	0
43	82	1
93	55	0
41	37	0
29	6	0
70	65	0
8	91	0
98	34	0
42	68	0
90	57	0
99	7	0
73	98	0
70	83	0
5	25	0
70	79	0
83	63	0
82	42	0
22	94	0
51	39	0
89	47	0
86	41	0
88	35	0
17	58	0
3	14	0
94	60	0
58	94	0
39	76	0
60	98	0
70	38	0
64	65	0
81	71	0
83	74	0
15	18	0
12	10	0
85	58	0
87	0	0
13	49	0
73	81	0
61	79	0
58	81	0
53	8	0
44	92	0
69	90	0
75	52	0
16	93	0
94	81	0
3	84	0
12	50	0
79	88	0
90	74	0
49	71	0
70	41	0
82	40	0
52	70	0
21	52	0
45	80	1
40	23	0
94	85	0
73	8	0
80	35	0
79	95	0
59	77	0
71	70	0
17	22	0
14	78	1
63	97	0
72	64	0
48	96	1
52	95	0
29	86	0
36	41	0
72	62	1
58	47	0
66	74	0
68	33	0
3	95	0
72	63	1
92	36	0
63	31	0
47	19	0
79	19	0
63	71	0
76	94	0
85	73	0
95	19	0
98	32	0
94	72	0
67	70	0
57	85	0
69	13	1
14	73	0
93	12	1
7	45	0
78	80	0
78	76	0
96	52	0
85	55	0
46	80	1
91	64	0
53	8	0
42	21	0
76	58	0
27	79	0
62	83	0
73	67	0
83	8	1
94	46	0
96	33	0
75	53	0
65	95	0
56	11	0
4	95	0
7	90	0
95	61	0
65	61	1
86	16	1
93	71	0
16	17	0
44	95	1
83	2	0
79	9	0
92	25	0
84	25	0
78	31	0
13	12	0
30	82	0
51	90	0
84	43	0
72	94	0
92	73	0
67	36	0
66	84	0
8	8	0
36	15	0
43	26	0
68	33	0
80	15	1
3	57	0
32	16	0
97	81	0
98	63	0
99	15	0
63	3	0
38	4	0
99	92	0
28	81	0
7	95	0
39	36	0
73	43	0
74	69	0
57	68	0
84	81	0
73	35	0
73	77	0
86	29	0
88	67	0
64	40	0
99	77	0
61	20	0
97	7	0
30	48	0
76	83	0
99	43	0
96	45	0
71	94	0
94	43	0
69	16	1
43	48	0
59	98	0
67	86	0
22	80	0
78	83	0
7	93	0
94	7	0
90	14	1
49	82	1
14	99	0
86	38	0
91	72	0
26	2	0
51	98	0
46	63	0
8	11	0
87	43	0
87	11	0
70	88	0
15	20	0
77	33	0
70	81	0
8	27	0
47	92	1
79	40	0
85	1	0
92	67	0
65	16	0
93	97	0
33	92	1
12	37	0
58	91	0
62	58	0
98	39	0
62	44	0
66	55	1
4	54	0
92	75	0
93	65	0
0	85	0
77	86	0
39	23	0
66	59	0
62	98	0
62	94	0
98	52	0
62	10	0
67	39	0
27	95	1
80	29	0
96	57	0
80	34	0
86	68	0
42	97	1
51	97	0
85	95	0
76	91	0
14	3	0
5	84	0
78	91	0
61	97	0
67	23	0
83	52	0
90	3	0
94	14	1
94	81	0
64	81	0
91	17	0
84	14	1
68	82	0
91	15	0
99	0	0
81	30	0
7	47	0
10	92	0
19	99	1
85	88	0
87	89	0
82	85	0
88	63	0
78	82	0
8	93	0
24	19	0
0	9	0
34	38	0
85	14	1
82	35	0
62	65	0
60	4	0
83	83	0
84	81	0
82	49	0
70	67	0
30	10	0
99	40	0
74	97	0
53	35	0
23	94	1
70	84	0
97	65	0
19	59	0
45	68	0
56	78	0
48	89	1
2	45	0
72	74	0
97	46	0
96	68	0
56	91	0
89	25	0
84	10	0
11	76	1
34	82	1
99	69	0
64	70	0
6	96	0
11	75	1
78	89	0
19	22	0
2	84	0
65	78	0
65	72	0
81	87	0
4	88	0
79	53	0
18	0	0
48	81	1
9	88	0
4	19	0
95	57	0
77	19	0
20	21	0
18	36	0
70	38	0
64	74	0
92	77	0
86	48	0
79	78	0
73	91	0
0	62	0
86	63	0
64	25	0
97	44	0
80	88	0
79	71	0
50	74	0
94	71	0
99	6	0
50	72	0
0	99	0
74	37	0
62	25	1
81	20	1
29	30	0
62	86	0
52	45	1
37	72	0
63	92	0
91	49	0
91	37	0
70	66	0
93	83	0
88	47	0
90	99	0
81	71	0
74	39	0
41	91	0
85	77	0
85	74	0
97	29	0
42	67	0
80	22	1
57	34	0
84	92	0
88	58	0
26	86	0
79	36	0
72	41	0
91	42	0
79	15	1
98	86	0
84	13	1
75	40	0
4	83	0
11	97	0
42	28	0
23	70	0
46	85	1
63	6	0
1	94	0
73	43	0
13	13	0
15	63	0
63	68	0
74	70	0
74	56	0
76	43	0
73	66	0
87	43	0
16	41	0
93	84	0
52	99	0
89	25	0
43	99	1
21	89	0
92	56	0
60	33	0
24	18	0
28	30	0
80	52	0
98	27	0
16	0	0
44	1	0
53	69	0
97	82	0
25	7	0
45	77	1
56	18	0
86	80	0
71	65	0
63	85	0
14	47	0
96	47	0
90	65	0
0	87	0
3	92	0
56	33	0
92	26	0
12	26	0
88	38	0
76	11	0
40	28	0
20	95	0
60	86	0
22	32	0
74	43	0
61	84	0
15	95	1
65	33	0
5	4	0
90	54	0
89	33	0
84	32	0
63	22	0
56	94	0
45	91	1
84	32	0
56	99	0
63	62	0
74	50	0
54	94	0
89	47	0
93	98	0
87	86	0
45	82	1
89	8	1
82	74	0
72	18	0
94	50	0
92	95	0
88	98	0
91	21	0
82	69	0
10	95	0
83	99	0
69	78	0
4	19	0
21	93	0
89	25	0
18	94	0
48	81	1
79	38	0
78	51	0
21	93	1
77	52	0
94	57	0
82	34	0
83	24	0
0	89	0
16	12	0
54	82	0
25	64	0
35	7	0
0	86	0
97	42	0
91	84	0
88	46	0
86	81	0
73	51	0
86	16	1
97	37	0
