95	63	0
24	13	0
61	96	0
5	3	0
98	46	0
98	96	0
41	67	0
61	25	1
73	53	0
0	89	0
1	8	0
14	98	0
96	38	0
63	77	0
33	33	0
90	76	0
95	26	0
55	98	0
39	76	0
82	69	0
50	17	0
25	79	0
83	69	0
78	76	0
83	86	0
2	31	0
48	34	0
92	22	0
81	67	0
6	74	0
33	96	0
83	10	0
63	89	0
52	72	0
80	69	0
91	61	0
54	56	0
96	34	0
14	73	0
92	70	0
22	74	0
50	4	0
11	74	0
37	95	0
92	52	0
46	36	0
33	17	0
95	85	0
88	96	0
90	18	0
29	82	0
97	13	0
16	15	0
73	91	0
4	85	0
88	3	0
28	63	1
65	85	0
45	60	1
6	26	0
73	79	0
86	36	0
22	92	0
52	96	0
73	32	0
35	91	0
45	90	0
18	18	0
97	16	0
80	26	0
50	77	0
89	31	0
71	59	0
52	14	1
62	38	0
0	99	0
70	4	0
50	80	0
56	29	1
85	5	0
95	59	0
0	58	0
69	94	0
1	74	0
37	92	0
99	64	0
79	26	0
36	68	1
72	9	0
58	50	0
12	64	0
33	0	0
66	72	0
60	28	1
1	97	0
95	33	0
46	74	0
75	66	0
92	4	0
65	85	0
64	81	0
0	25	0
64	81	0
92	86	0
79	48	0
22	89	0
69	38	0
74	0	0
95	56	0
92	31	0
99	45	0
25	47	0
54	62	0
6	24	0
47	31	0
87	66	0
55	74	0
64	67	0
57	20	1
43	35	0
63	67	0
49	60	1
46	97	0
73	39	0
61	66	0
55	74	0
92	55	0
25	12	0
49	39	0
24	21	0
16	75	0
31	48	1
75	44	0
50	39	1
92	7	0
26	88	0
22	37	0
66	78	0
24	71	1
61	62	0
41	76	0
43	6	0
40	88	0
24	69	1
73	79	0
96	54	0
23	92	0
85	72	0
28	55	1
18	74	0
52	70	0
13	37	0
74	80	0
95	78	0
39	77	0
78	46	0
56	56	0
55	23	1
64	14	0
44	54	1
52	14	1
29	65	1
95	33	0
28	98	0
27	64	1
67	83	0
29	26	0
39	74	0
54	18	0
98	97	0
28	77	0
96	12	0
26	75	0
95	33	0
59	98	0
76	77	0
66	59	0
27	45	0
6	58	0
63	1	0
68	96	0
95	54	0
44	89	0
60	77	0
79	18	0
59	80	0
40	75	0
40	88	0
21	17	0
58	21	1
83	54	0
59	42	0
68	68	0
69	31	0
18	96	0
55	62	0
86	40	0
76	40	0
54	9	0
89	27	0
74	77	0
68	95	0
78	62	0
95	25	0
98	15	0
2	30	1
85	82	0
32	91	0
70	85	0
48	94	0
33	38	1
91	33	0
16	99	0
89	21	0
22	43	0
23	84	0
29	98	0
80	87	0
81	77	0
93	62	0
95	56	0
22	89	0
54	75	0
78	13	0
83	50	0
47	4	0
32	32	0
75	41	0
20	61	0
35	50	0
20	68	0
73	96	0
95	58	0
61	72	0
95	3	0
91	46	0
62	7	1
98	45	0
69	51	0
69	81	0
44	66	0
68	25	0
9	83	0
28	60	1
11	87	0
85	61	0
78	69	0
89	10	0
99	85	0
27	2	0
34	94	0
24	68	1
58	94	0
45	33	0
81	19	0
95	8	0
94	25	0
51	52	1
78	23	0
73	60	0
5	7	0
26	99	0
21	73	0
51	92	0
35	69	0
84	45	0
66	10	1
58	87	0
56	59	0
97	85	0
64	42	0
72	86	0
86	17	0
15	12	0
43	0	0
47	25	1
33	21	0
96	46	0
76	11	0
20	44	0
17	29	0
52	36	0
93	78	0
98	60	0
72	29	0
93	4	0
65	6	0
74	15	0
43	39	1
36	17	0
10	71	0
86	94	0
48	93	0
5	97	0
30	44	0
49	43	0
74	40	0
67	53	0
76	73	0
81	76	0
73	28	0
71	85	0
66	4	0
95	49	0
75	48	0
61	53	0
97	72	0
73	20	0
95	12	0
22	42	0
70	99	0
56	67	0
82	24	0
14	75	0
98	40	0
61	99	0
95	30	0
68	23	0
32	56	0
57	46	0
62	83	0
71	28	0
83	75	0
21	89	0
97	92	0
5	76	0
90	1	0
89	23	0
51	72	0
42	55	1
63	44	0
15	92	0
76	34	0
98	56	0
48	36	0
35	91	0
33	7	0
38	41	1
56	89	0
36	85	0
42	78	0
13	71	0
12	22	0
72	0	0
79	35	0
99	11	0
83	97	0
29	57	1
29	26	0
64	13	0
58	43	0
69	97	0
0	21	0
40	88	0
87	44	0
24	84	0
80	0	0
48	58	1
61	22	0
85	20	0
89	44	0
16	85	0
72	17	0
82	98	0
32	96	0
84	64	0
11	30	0
66	99	0
67	44	0
10	79	0
65	26	0
88	45	0
78	46	0
73	61	0
22	47	0
97	57	0
17	93	0
88	53	0
20	94	0
81	79	0
38	17	0
78	72	0
58	95	0
66	97	0
79	51	0
44	52	1
30	59	1
85	8	0
0	77	0
72	51	0
22	97	0
51	64	0
81	35	0
25	60	1
54	37	1
88	57	0
70	24	0
78	83	0
48	96	0
41	51	1
65	97	0
31	93	0
95	85	0
88	75	0
74	6	0
21	4	0
47	37	0
32	61	1
9	79	0
78	82	0
67	82	0
69	49	0
66	19	0
39	63	0
38	73	0
76	56	0
96	0	0
21	72	0
81	9	0
57	61	0
40	39	0
87	87	0
27	73	0
53	89	0
77	19	0
81	12	0
48	60	1
60	86	0
27	93	0
92	15	0
87	15	0
76	20	0
16	66	0
10	91	0
13	87	0
50	28	1
66	87	0
75	96	0
1	35	1
63	56	0
82	92	0
73	60	0
69	66	0
12	88	0
7	74	0
39	31	0
7	18	0
36	35	0
26	52	0
98	36	0
80	46	0
67	10	1
67	46	0
53	52	0
44	26	0
94	77	0
56	75	0
82	49	0
27	52	1
39	91	0
74	52	0
23	11	0
91	47	0
61	93	0
35	31	0
56	57	1
29	93	0
67	99	0
87	66	0
27	81	0
60	35	0
6	80	0
57	54	1
41	73	0
69	58	0
63	72	0
56	85	0
10	49	0
63	60	0
80	43	0
83	60	0
36	76	0
66	86	0
45	30	0
97	23	0
50	45	0
86	11	0
11	80	0
54	90	0
86	70	0
75	68	0
13	91	0
7	70	0
80	88	0
34	26	0
7	89	0
68	98	0
53	69	0
91	68	0
21	93	0
74	43	0
16	4	0
48	98	0
18	91	0
12	10	0
85	54	0
89	22	0
79	28	0
70	19	0
15	18	0
17	53	0
77	28	0
5	73	0
64	69	0
31	79	0
68	44	0
76	96	0
69	37	0
68	88	0
74	53	0
66	82	0
8	73	0
42	49	1
28	79	0
66	57	0
58	48	0
88	44	0
95	99	0
81	86	0
47	59	1
73	52	0
62	61	0
71	3	1
68	77	0
88	77	0
88	9	0
58	78	0
4	96	0
45	46	1
65	33	0
67	29	0
77	24	0
20	82	0
77	19	0
89	20	0
32	55	0
47	33	0
58	91	0
66	71	0
51	83	0
68	87	0
85	58	0
82	45	0
96	62	0
74	97	0
96	44	0
30	64	1
94	88	0
37	76	0
76	74	0
86	45	0
43	90	0
85	73	0
86	50	0
83	27	0
3	68	0
49	76	0
72	16	0
64	37	0
81	84	0
62	46	0
11	87	0
18	88	0
70	44	0
82	26	0
94	45	0
98	4	0
88	91	0
59	39	0
31	75	1
99	19	0
64	45	0
20	74	0
18	98	0
25	72	0
11	83	0
60	56	0
41	27	0
37	74	0
52	49	1
62	74	0
67	12	0
22	88	0
87	49	0
17	22	0
18	73	0
78	67	0
68	50	0
39	54	1
94	52	0
85	52	0
77	61	0
56	65	0
78	51	0
2	27	0
93	80	0
63	48	0
41	85	0
4	79	0
24	86	0
27	58	0
89	20	0
55	97	0
7	97	0
99	60	0
76	17	0
19	15	0
29	30	0
75	8	0
19	70	0
83	58	0
90	39	0
12	8	0
0	38	1
70	10	0
44	86	0
99	83	0
8	8	0
51	89	0
81	35	0
99	80	0
52	63	0
65	79	0
20	37	0
92	44	0
95	69	0
15	76	0
21	79	0
29	69	1
21	89	0
75	15	0
32	60	1
8	88	0
35	34	0
44	58	1
66	45	0
30	68	1
96	24	0
5	26	0
83	39	0
76	16	0
45	49	1
36	28	0
42	4	1
23	89	0
48	83	0
16	71	0
22	25	0
16	79	0
19	87	0
63	57	0
87	43	0
42	55	1
77	92	0
47	29	1
59	70	0
43	67	0
17	96	0
84	35	0
46	53	1
5	13	0
88	58	0
62	48	0
91	26	0
80	27	0
72	33	0
56	90	0
43	34	0
60	44	0
60	31	1
45	10	0
34	95	0
46	62	0
95	35	0
60	98	0
74	51	0
81	43	0
43	88	0
33	79	0
94	25	0
51	58	1
69	5	0
94	99	0
77	82	0
54	89	0
76	19	0
83	70	0
24	80	0
67	24	0
21	98	0
42	61	1
92	59	0
90	90	0
83	9	0
96	92	0
75	23	0
80	54	0
63	23	1
4	84	0
68	96	0
61	77	0
2	25	0
7	95	0
14	70	0
47	46	1
77	32	0
4	62	1
22	95	0
63	97	0
96	42	0
5	73	0
73	44	0
31	90	0
82	47	0
70	46	0
28	60	1
78	40	0
80	40	0
55	74	0
49	46	1
4	84	0
6	1	0
78	76	0
16	56	0
19	8	0
2	98	0
34	73	0
93	45	0
74	85	0
86	63	0
99	84	0
51	58	1
67	32	0
1	75	0
54	63	0
79	38	0
86	21	0
