97	65	0
25	11	0
60	98	0
7	2	0
98	46	0
99	97	0
40	69	0
62	22	1
75	52	0
3	88	0
1	9	0
17	95	0
99	37	0
64	77	0
35	33	0
90	75	0
96	27	0
55	99	0
40	75	0
82	66	0
50	17	0
25	80	0
59	29	1
85	68	0
78	77	0
82	81	0
4	27	0
46	35	0
89	20	0
83	69	0
7	75	0
31	94	0
83	12	0
65	92	0
35	7	1
49	71	0
78	70	0
93	63	0
57	59	0
94	33	0
11	72	0
71	1	1
91	68	0
20	75	0
49	0	0
10	75	0
36	94	0
23	60	1
92	51	0
47	36	0
31	15	0
93	87	0
86	94	0
89	15	0
28	83	0
98	14	0
16	14	0
74	91	0
3	88	0
89	3	0
29	62	1
63	86	0
44	60	1
10	27	0
74	77	0
86	34	0
25	90	0
49	97	0
71	31	0
34	91	0
46	91	0
17	17	0
99	17	0
80	23	0
49	76	0
89	32	0
73	58	0
56	15	1
63	37	0
1	99	0
71	5	0
50	79	0
60	27	1
85	4	0
93	61	0
0	61	0
70	94	0
1	76	0
35	94	0
97	62	0
78	27	0
36	70	1
73	7	0
57	49	0
12	65	0
35	0	0
65	72	0
59	29	1
3	97	0
92	31	0
44	75	0
77	64	0
93	4	0
64	84	0
65	80	0
1	27	0
63	82	0
92	84	0
80	48	0
23	90	0
69	37	0
77	1	0
96	57	0
90	34	0
99	45	0
23	47	0
53	65	0
10	22	0
47	31	0
89	67	0
51	74	0
64	70	0
57	20	1
42	35	0
62	69	0
50	59	0
44	97	0
73	40	0
62	68	0
58	76	0
89	53	0
25	15	0
49	39	0
24	19	0
19	79	0
28	52	1
73	43	0
51	42	1
90	9	0
27	86	0
23	37	0
68	75	0
22	71	1
63	61	0
43	77	0
43	6	0
46	14	1
42	90	0
26	69	1
74	79	0
96	59	0
22	91	0
87	71	0
29	56	1
17	74	0
52	72	0
16	37	0
73	80	0
93	80	0
38	77	0
77	47	0
55	55	0
54	24	1
65	14	0
44	54	1
52	15	1
27	65	1
93	34	0
29	96	0
28	63	1
70	84	0
29	26	0
38	75	0
53	16	0
95	98	0
31	79	0
97	13	0
24	76	0
96	33	0
57	99	0
77	79	0
66	60	0
28	48	0
7	60	0
62	0	0
68	96	0
98	53	0
45	87	0
61	76	0
83	17	0
59	80	0
38	77	0
37	86	0
23	17	0
59	22	0
83	51	0
58	40	0
69	68	0
68	29	0
19	94	0
52	62	0
86	38	0
74	42	0
52	7	0
92	24	0
75	78	0
69	93	0
77	59	0
94	27	0
98	17	0
0	32	1
85	80	0
34	91	0
71	84	0
46	95	0
33	39	1
92	32	0
19	98	0
87	21	0
22	46	0
28	85	0
28	97	0
78	89	0
80	78	0
93	61	0
95	56	0
23	90	0
53	80	0
78	14	0
81	54	0
49	5	0
34	33	0
43	56	1
76	39	0
23	59	0
37	50	0
22	69	0
73	95	0
95	55	0
60	72	0
94	3	0
89	44	0
63	9	1
98	46	0
68	54	0
71	80	0
3	40	1
46	67	0
70	22	0
8	83	0
31	60	0
10	90	0
88	60	0
80	68	0
88	7	0
98	84	0
28	1	0
31	93	0
25	69	1
58	93	0
43	32	0
81	17	0
99	10	0
94	23	0
50	51	1
77	23	0
73	60	0
8	7	0
30	97	0
22	73	0
55	95	0
33	71	0
83	45	0
66	11	1
56	88	0
59	60	0
95	86	0
65	40	0
71	90	0
85	16	0
15	13	0
44	1	0
47	23	1
33	23	0
95	47	0
77	12	0
20	43	0
19	28	0
41	50	1
52	36	0
94	78	0
99	61	0
71	29	0
94	7	0
67	8	0
75	16	0
44	38	1
37	18	0
11	72	0
86	93	0
47	91	0
3	96	0
27	46	0
50	38	0
73	42	0
65	52	0
76	74	0
80	74	0
69	29	0
69	85	0
69	5	0
93	46	0
73	49	0
60	53	0
95	70	0
75	19	0
97	15	0
20	43	0
70	98	0
58	71	0
83	23	0
16	76	0
99	41	0
59	99	0
94	32	0
67	23	0
33	57	0
57	46	0
63	81	0
73	31	0
81	75	0
20	87	0
96	92	0
3	77	0
94	0	0
88	24	0
50	70	0
45	54	0
64	45	0
15	90	0
75	36	0
95	57	0
46	33	0
34	90	0
33	7	0
38	42	1
56	89	0
38	87	0
39	80	0
15	71	0
14	22	0
69	1	0
78	34	0
98	11	0
83	98	0
29	61	1
28	26	0
67	11	0
59	40	0
68	98	0
1	23	0
43	90	0
88	43	0
22	84	0
79	1	0
46	59	1
60	23	0
86	19	0
89	47	0
17	86	0
73	18	0
81	99	0
34	94	0
86	62	0
11	30	0
66	98	0
68	44	0
11	80	0
64	22	0
85	46	0
79	45	0
75	61	0
20	48	0
95	54	0
19	92	0
91	57	0
18	95	0
82	80	0
38	18	0
76	73	0
60	96	0
65	95	0
78	52	0
47	52	1
29	60	1
86	11	0
0	79	0
72	51	0
22	98	0
43	51	1
53	67	0
81	34	0
24	59	0
52	39	1
88	57	0
71	24	0
77	83	0
47	95	0
40	50	1
64	99	0
32	95	0
94	86	0
88	77	0
75	8	0
24	1	0
48	38	0
32	62	0
6	80	0
80	83	0
67	82	0
65	51	0
64	20	0
38	66	0
36	74	0
75	57	0
96	0	0
19	74	0
81	7	0
56	58	0
38	38	0
87	89	0
26	76	0
56	92	0
72	21	0
79	13	0
48	61	1
60	88	0
26	95	0
89	18	0
85	15	0
75	21	0
14	66	0
11	94	0
14	85	0
48	31	1
64	85	0
74	95	0
1	33	1
62	54	0
83	92	0
72	58	0
69	64	0
11	88	0
8	77	0
38	28	0
7	20	0
36	37	0
24	49	0
95	36	0
78	48	0
64	10	1
67	46	0
55	51	0
43	27	0
95	78	0
56	78	0
80	47	0
28	54	1
40	91	0
74	56	0
26	8	0
92	44	0
62	94	0
35	32	0
56	58	1
30	95	0
64	98	0
88	67	0
28	84	0
62	38	0
7	79	0
59	56	1
40	72	0
71	57	0
62	74	0
56	86	0
11	50	0
60	58	0
82	45	0
83	59	0
38	74	0
67	89	0
46	30	0
96	22	0
50	45	0
87	9	0
11	77	0
55	92	0
85	72	0
76	71	0
13	93	0
7	72	0
80	90	0
33	28	0
5	89	0
68	97	0
53	66	0
92	69	0
21	91	0
77	46	0
16	3	0
50	98	0
18	90	0
11	11	0
85	55	0
90	21	0
79	28	0
72	16	0
16	16	0
17	54	0
77	27	0
5	74	0
64	69	0
26	79	0
70	44	0
72	98	0
70	37	0
68	88	0
76	52	0
69	82	0
8	78	0
42	48	0
32	77	0
65	54	0
57	49	0
90	43	0
96	99	0
81	86	0
47	61	0
77	55	0
64	63	0
73	3	0
68	80	0
87	75	0
89	10	0
57	79	0
7	98	0
49	46	1
66	37	0
65	31	0
78	22	0
20	80	0
76	20	0
32	62	1
88	20	0
33	59	0
47	35	0
57	90	0
67	74	0
49	82	0
71	87	0
84	63	0
78	43	0
97	61	0
74	97	0
96	46	0
31	62	0
94	90	0
38	75	0
78	78	0
89	42	0
44	92	0
87	73	0
87	51	0
84	25	0
46	43	1
5	68	0
51	76	0
74	20	0
63	36	0
78	85	0
64	47	0
11	88	0
18	88	0
68	41	0
82	25	0
93	45	0
98	4	0
88	92	0
58	38	0
28	71	1
97	21	0
62	48	0
22	76	0
17	97	0
24	70	0
8	85	0
59	54	0
41	27	0
36	76	0
52	49	1
62	76	0
68	13	0
21	87	0
88	48	0
17	21	0
19	74	0
77	70	0
66	48	0
39	54	1
91	50	0
87	51	0
76	60	0
57	65	0
79	52	0
3	27	0
95	82	0
62	50	0
41	83	0
4	77	0
25	86	0
28	60	0
89	21	0
55	96	0
8	96	0
96	61	0
78	18	0
20	13	0
31	30	0
74	9	0
18	72	0
83	56	0
91	40	0
13	5	0
0	39	1
68	13	0
40	84	0
99	82	0
5	9	0
49	87	0
84	34	0
99	80	0
52	61	0
64	76	0
20	36	0
91	40	0
93	67	0
16	75	0
20	80	0
29	71	1
23	89	0
75	13	0
30	60	1
8	87	0
37	32	0
45	58	1
67	45	0
32	69	1
94	24	0
4	31	0
84	41	0
74	17	0
45	50	1
36	26	0
41	8	1
23	91	0
48	84	0
14	70	0
22	27	0
18	78	0
20	85	0
61	59	0
89	44	0
40	56	1
78	91	0
49	29	0
61	71	0
42	70	0
15	91	0
86	35	0
47	53	1
8	16	0
89	58	0
63	52	0
91	28	0
80	30	0
74	33	0
56	91	0
43	32	0
59	43	0
62	31	1
43	8	0
33	97	0
48	63	0
93	39	0
60	97	0
77	52	0
79	44	0
41	91	0
36	81	0
93	26	0
51	57	1
71	6	0
94	97	0
77	82	0
52	91	0
74	20	0
83	71	0
25	78	0
66	23	0
18	96	0
42	59	1
88	61	0
91	90	0
82	8	0
93	93	0
59	11	1
76	24	0
77	54	0
62	21	0
4	84	0
67	97	0
60	80	0
4	28	0
8	93	0
14	71	0
46	42	1
80	34	0
2	60	1
22	92	0
65	99	0
95	42	0
3	72	0
70	46	0
32	91	0
82	44	0
72	45	0
26	60	1
80	42	0
80	42	0
56	74	0
50	48	1
2	82	0
6	3	0
80	74	0
17	57	0
18	9	0
1	96	0
33	75	0
93	44	0
71	85	0
88	62	0
98	83	0
50	59	1
65	32	0
0	73	0
57	65	0
80	36	0
87	24	0
