93	61	0
41	8	0
31	33	0
64	99	0
15	11	0
97	38	0
95	89	0
39	6	0
61	82	0
49	19	0
84	44	0
0	77	0
17	0	0
22	71	0
98	24	0
78	73	0
56	30	0
19	54	0
89	61	0
99	11	0
50	91	0
61	69	0
80	87	0
61	3	0
35	81	0
53	11	0
83	73	0
64	83	0
90	81	0
1	26	0
49	17	0
40	19	0
91	30	0
29	53	0
86	63	0
5	91	0
41	99	0
90	30	0
71	90	0
46	3	0
22	72	0
94	60	0
91	68	0
55	66	0
97	48	0
6	81	0
62	1	0
97	67	0
12	69	0
62	9	0
14	80	0
59	94	0
34	76	0
96	71	0
52	33	0
27	23	0
95	77	0
95	98	0
93	4	0
16	96	0
98	19	0
35	9	0
73	77	0
42	7	0
15	97	0
86	9	0
42	87	0
70	90	0
46	65	0
1	34	0
68	92	0
10	57	0
93	30	0
32	39	1
32	85	0
56	92	0
61	28	0
34	94	0
58	96	0
2	21	0
98	6	0
95	18	0
44	58	0
83	41	0
85	59	0
49	12	0
35	6	0
70	45	0
13	95	0
56	5	0
54	89	0
39	0	0
47	33	0
81	44	0
36	66	0
73	48	0
11	60	0
76	83	0
5	80	0
31	98	0
95	58	0
65	14	0
38	68	0
38	68	0
63	2	0
73	53	0
0	60	0
28	1	0
13	38	0
41	35	0
69	87	0
51	46	0
13	97	0
85	5	0
48	79	0
76	79	0
96	1	0
68	81	0
50	69	0
36	6	0
54	97	0
99	70	0
69	62	0
26	97	0
62	40	0
33	15	0
17	45	0
79	4	0
5	59	0
94	58	0
98	21	0
79	37	0
37	53	0
49	12	0
82	71	0
19	13	0
33	14	0
90	58	0
42	35	0
63	73	0
66	90	0
49	32	0
45	38	0
56	39	0
12	44	0
29	51	0
24	56	0
80	87	0
48	60	0
28	97	0
74	46	0
74	63	0
55	78	0
93	74	0
20	27	0
54	51	0
14	13	0
25	81	0
31	68	0
87	30	0
43	40	0
76	11	0
43	85	0
48	27	0
49	46	0
74	75	0
27	65	0
50	77	0
36	83	0
33	47	0
39	11	0
55	11	0
38	74	0
21	76	0
80	75	0
90	66	0
28	92	0
92	71	0
27	50	0
20	86	0
54	65	0
36	52	0
20	12	0
9	28	1
75	94	0
86	81	0
57	62	0
68	39	0
4	51	0
58	6	0
81	39	0
61	26	0
74	29	0
17	62	0
9	47	0
46	49	0
79	19	0
42	64	0
91	30	0
33	93	0
27	68	0
37	23	0
85	79	0
38	55	0
34	10	0
21	84	0
58	15	0
98	84	0
62	91	0
92	0	0
3	75	0
23	58	0
93	30	0
48	80	0
44	34	0
51	67	0
49	67	0
47	63	0
18	78	0
26	56	0
66	4	0
1	65	0
61	79	0
94	41	0
42	89	0
81	60	0
63	28	0
51	67	0
25	86	0
36	96	0
53	33	0
75	37	0
81	61	0
64	40	0
68	67	0
6	41	0
47	16	0
7	90	0
63	54	0
69	38	0
67	27	0
52	9	0
9	55	0
85	17	0
39	9	0
68	67	0
57	75	0
71	33	0
97	38	0
98	8	0
3	53	0
95	78	0
20	99	0
92	76	0
32	97	0
60	29	0
60	21	0
18	84	0
76	35	0
37	71	0
37	72	0
43	6	0
34	95	0
82	92	0
71	93	0
83	44	0
92	68	0
17	91	0
44	65	0
65	6	0
70	36	0
33	22	0
37	6	0
48	13	0
50	58	0
77	42	0
30	46	0
37	50	0
36	73	0
74	87	0
81	68	0
56	77	0
82	1	0
83	43	0
67	0	0
18	48	0
28	33	1
70	43	0
71	55	0
67	70	0
17	36	0
35	69	0
57	19	0
19	87	0
30	89	0
28	69	0
90	68	0
46	15	0
36	0	0
30	54	0
79	69	0
63	8	0
74	90	0
15	0	0
52	99	0
4	71	0
39	94	0
46	41	0
1	54	0
78	25	0
76	7	0
56	13	0
85	17	0
37	55	0
11	56	0
72	23	0
88	66	0
12	11	0
0	63	0
27	97	0
1	89	0
47	98	0
51	73	0
53	40	0
62	11	0
42	86	0
43	63	0
79	98	0
30	31	0
10	53	0
26	44	0
61	56	0
71	81	0
29	25	0
77	28	0
36	3	0
52	2	0
60	15	0
32	42	0
75	68	0
81	8	0
12	43	0
51	17	0
50	54	0
42	39	0
33	50	0
86	75	0
75	57	0
12	47	0
55	35	0
98	8	0
57	6	0
53	29	0
48	41	0
41	32	0
5	78	0
58	81	0
22	76	0
17	94	0
26	99	0
59	13	0
38	35	0
95	47	0
86	55	0
0	69	0
80	72	0
66	70	0
79	27	0
84	86	0
85	10	0
78	57	0
79	63	0
34	20	0
62	50	0
27	52	0
90	79	0
72	14	0
96	18	0
31	49	0
42	93	0
70	64	0
88	13	0
14	73	0
90	23	0
51	98	0
83	24	0
73	41	0
43	53	0
57	38	0
31	39	1
34	51	0
58	84	0
82	24	0
39	22	0
72	78	0
29	67	0
14	99	0
87	97	0
38	37	0
3	89	0
58	35	0
93	18	0
84	41	0
14	61	0
62	43	0
44	28	0
48	44	0
12	94	0
86	19	0
53	2	0
87	40	0
49	44	0
26	84	0
22	3	0
57	59	0
53	88	0
12	50	0
41	73	0
34	80	0
55	37	0
17	86	0
5	47	0
23	43	1
62	10	0
86	34	0
93	2	0
83	86	0
21	70	0
27	33	1
45	24	0
83	0	0
78	60	0
76	92	0
6	45	0
64	93	0
93	59	0
32	88	0
71	6	0
57	53	0
59	28	0
75	12	0
46	27	0
40	13	0
95	2	0
87	28	0
9	82	0
84	15	0
92	98	0
22	88	0
95	62	0
49	51	0
9	26	0
82	96	0
65	45	0
0	99	0
69	41	0
75	35	0
75	51	0
87	67	0
25	73	0
88	64	0
32	85	0
97	82	0
30	90	0
95	82	0
38	28	0
58	68	0
63	96	0
44	65	0
72	95	0
67	48	0
33	65	0
37	65	0
85	5	0
7	87	0
93	51	0
17	82	0
50	70	0
47	79	0
89	44	0
37	53	0
47	28	0
80	60	0
66	9	0
88	89	0
64	92	0
46	48	0
47	6	0
40	40	0
57	85	0
36	24	0
46	64	0
80	72	0
38	16	0
98	95	0
55	11	0
11	12	0
52	23	0
18	78	0
40	0	0
11	61	0
91	93	0
56	86	0
60	53	0
59	5	0
43	68	0
45	51	0
94	58	0
87	3	0
6	71	0
74	1	0
56	73	0
63	32	0
38	13	0
37	65	0
84	83	0
25	75	0
41	84	0
77	29	0
20	51	0
64	34	0
39	69	0
62	86	0
34	98	0
87	9	0
97	29	0
73	16	0
26	79	0
27	98	0
27	80	0
76	43	0
82	80	0
80	88	0
11	41	0
74	39	0
71	74	0
77	69	0
62	80	0
17	81	0
17	67	0
41	23	0
38	15	0
0	38	0
47	54	0
27	47	0
81	29	0
85	38	0
75	3	0
76	47	0
51	63	0
21	63	0
56	27	0
89	79	0
52	92	0
76	65	0
34	58	0
34	87	0
79	53	0
26	51	0
80	31	0
23	49	0
30	15	0
89	53	0
76	95	0
57	56	0
9	59	0
52	5	0
62	55	0
34	84	0
35	29	0
79	93	0
96	62	0
15	82	0
65	44	0
7	66	0
80	56	0
33	62	0
48	58	0
36	78	0
61	64	0
5	57	0
73	59	0
68	49	0
76	44	0
22	74	0
67	84	0
54	8	0
94	19	0
51	33	0
99	11	0
8	79	0
34	42	0
38	70	0
84	67	0
27	58	0
78	73	0
18	92	0
14	85	0
91	87	0
45	28	0
0	67	0
75	98	0
46	66	0
85	58	0
24	96	0
94	33	0
23	8	0
35	79	0
23	80	0
27	9	0
13	46	0
11	26	0
78	71	0
97	18	0
56	15	0
72	34	0
87	28	0
32	7	0
32	62	0
96	34	0
4	61	0
49	92	0
3	54	0
26	82	0
67	50	0
53	95	0
79	46	0
66	84	0
31	40	1
70	60	0
42	54	0
72	60	0
3	73	0
56	33	0
28	86	0
83	43	0
74	25	0
90	74	0
91	95	0
83	82	0
50	73	0
68	38	0
52	67	0
40	22	0
33	11	0
36	75	0
1	43	0
64	10	0
61	84	0
83	84	0
82	5	0
11	43	0
56	82	0
21	92	0
63	3	0
56	42	0
58	22	0
45	22	0
46	19	0
83	7	0
40	99	0
65	25	0
29	98	0
98	15	0
24	48	0
44	63	0
71	24	0
77	95	0
70	72	0
42	64	0
57	94	0
71	69	0
90	50	0
10	58	0
84	85	0
84	95	0
15	65	0
94	47	0
30	71	0
98	84	0
51	94	0
39	17	0
70	67	0
89	58	0
56	80	0
72	66	0
90	67	0
68	33	0
17	54	0
7	60	0
63	73	0
69	35	0
53	46	0
49	2	0
29	22	0
97	73	0
16	56	0
28	46	0
59	25	0
44	7	0
53	26	0
21	98	0
14	59	0
16	82	0
72	52	0
84	26	0
89	35	0
93	3	0
63	90	0
10	52	0
58	27	0
55	49	0
46	79	0
95	14	0
63	58	0
45	93	0
18	91	0
41	64	0
26	89	0
35	15	0
74	77	0
51	27	0
37	82	0
53	38	0
8	46	0
68	60	0
66	12	0
28	84	0
95	46	0
23	41	1
21	56	0
18	20	0
4	66	0
79	63	0
72	61	0
39	54	0
81	59	0
91	67	0
66	40	0
64	21	0
81	67	0
77	22	0
6	50	0
76	86	0
29	34	0
57	33	0
11	62	0
2	85	0
35	92	0
37	53	0
89	25	0
0	46	0
61	91	0
3	90	0
86	58	0
49	37	0
85	30	0
13	14	0
46	36	0
73	6	0
26	84	0
49	46	0
98	63	0
87	38	0
6	3	0
7	42	0
54	16	0
6	55	0
82	7	0
51	71	0
35	25	0
90	94	0
10	18	0
30	95	0
94	54	0
34	11	0
88	99	0
49	58	0
59	63	0
35	37	0
95	32	0
95	86	0
7	61	0
3	74	0
18	47	0
22	80	0
21	93	0
63	28	0
33	59	0
13	92	0
39	20	0
69	20	0
36	65	0
60	49	0
51	14	0
34	72	0
34	35	0
88	18	0
4	34	0
78	52	0
92	19	0
50	43	0
38	22	0
48	3	0
19	90	0
45	64	0
47	61	0
35	14	0
24	87	0
9	87	0
68	46	0
96	35	0
31	26	0
28	66	0
86	92	0
48	27	0
67	73	0
57	82	0
7	83	0
75	36	0
49	61	0
17	39	0
92	75	0
53	58	0
95	18	0
77	13	0
86	22	0
71	96	0
53	59	0
40	52	0
63	27	0
45	7	0
56	88	0
57	71	0
18	55	0
77	38	0
48	92	0
89	32	0
89	57	0
30	80	0
41	55	0
24	38	1
79	32	0
43	52	0
86	5	0
98	98	0
72	74	0
48	83	0
75	39	0
72	87	0
12	79	0
43	5	0
11	92	0
11	61	0
48	69	0
75	76	0
65	15	0
99	91	0
92	9	0
94	94	0
64	10	0
84	28	0
72	61	0
54	35	0
12	89	0
57	93	0
69	86	0
28	46	0
11	33	0
25	89	0
13	63	0
40	12	0
43	44	0
20	63	0
34	39	0
2	43	0
94	56	0
44	24	0
14	64	0
30	80	0
61	85	0
89	51	0
1	78	0
64	41	0
27	59	0
76	51	0
64	29	0
5	54	0
22	48	0
80	49	0
63	51	0
84	53	0
0	66	0
62	52	0
8	78	0
3	5	0
87	71	0
13	58	0
34	1	0
33	24	0
12	96	0
17	79	0
91	40	0
69	72	0
79	62	0
74	85	0
51	64	0
61	44	0
7	72	0
45	71	0
33	52	0
70	55	0
86	10	0
