91	68	0
26	18	0
60	99	0
14	5	0
99	48	0
95	98	0
40	72	0
64	46	0
0	92	0
0	7	0
13	90	0
91	49	0
67	82	0
28	34	0
90	83	0
92	41	0
46	91	0
44	78	0
70	75	0
48	9	0
36	80	1
81	73	0
93	87	0
79	96	0
8	22	0
88	18	0
70	68	0
14	68	1
33	92	0
85	15	0
65	90	0
51	71	0
76	77	0
99	50	0
97	28	0
21	76	0
92	72	0
15	65	0
41	3	0
9	76	0
30	86	0
87	47	0
41	18	0
99	95	0
87	89	0
98	15	0
30	78	0
97	10	0
21	23	0
70	90	0
1	84	0
88	0	0
68	90	0
6	24	0
72	73	0
86	31	0
23	85	0
57	96	0
83	21	0
29	88	0
35	89	0
21	11	0
99	13	0
78	33	0
47	81	0
89	22	0
62	45	0
72	32	0
5	99	0
49	92	0
73	6	1
96	67	0
70	91	0
5	75	0
40	92	0
97	58	0
82	27	0
58	10	1
56	34	0
11	69	1
36	7	0
70	59	0
1	89	0
93	25	0
41	69	0
83	59	0
84	0	0
66	93	0
64	85	0
4	32	0
65	78	0
87	72	0
75	48	0
11	97	0
69	40	0
89	62	0
93	28	0
99	34	0
16	52	0
7	20	0
88	65	0
52	80	0
55	59	0
56	73	0
52	98	0
72	33	0
63	72	0
66	81	0
94	59	0
25	16	0
46	37	1
17	12	0
21	83	1
76	49	0
93	0	0
28	94	0
25	45	0
64	75	0
56	77	0
50	76	0
48	3	0
48	88	0
73	87	0
88	55	0
20	90	0
86	81	0
4	76	0
49	63	1
12	41	0
74	78	0
97	66	0
48	72	0
70	41	0
91	34	0
34	95	0
57	76	0
23	41	0
45	79	0
39	23	0
88	91	0
32	94	0
93	6	0
22	80	1
83	36	0
59	95	0
74	81	0
67	70	0
27	39	0
20	64	0
64	3	1
62	95	0
85	67	0
46	92	0
63	86	0
73	19	0
60	68	1
29	79	1
47	90	0
23	20	0
81	58	0
62	45	0
72	57	0
78	37	0
19	95	0
63	56	0
87	38	0
70	32	0
51	15	0
98	32	0
66	82	0
77	96	0
73	65	0
98	21	0
97	26	0
87	82	0
35	95	0
68	86	0
48	96	0
83	35	0
15	95	0
87	23	0
23	43	0
23	91	0
29	98	0
85	79	0
70	76	0
90	53	0
91	58	0
21	78	1
45	84	0
74	2	1
83	56	0
48	2	0
36	28	0
88	40	0
26	65	1
47	57	1
28	74	0
68	89	0
81	58	0
52	64	1
84	0	0
91	42	0
94	43	0
73	63	0
70	79	0
52	64	1
66	14	0
6	88	0
2	93	0
84	66	0
83	63	0
92	5	0
94	85	0
20	4	0
29	97	0
57	97	0
45	33	1
91	15	0
95	7	0
97	24	0
75	28	0
69	48	0
3	2	0
25	95	0
14	73	0
46	79	0
43	72	0
89	43	0
60	90	0
99	86	0
69	36	0
84	86	0
83	18	0
18	5	0
44	3	0
36	30	0
99	42	0
86	14	0
13	48	0
16	22	0
85	82	0
98	66	0
73	25	0
99	11	0
61	0	0
78	17	0
36	16	0
17	69	1
96	92	0
33	85	0
3	94	0
33	41	0
73	45	0
71	60	0
72	76	0
81	81	0
77	27	0
67	82	0
97	42	0
80	57	0
67	50	0
98	68	0
69	22	0
92	20	0
27	49	0
68	96	0
49	70	1
92	29	0
20	87	0
96	39	0
74	94	0
94	36	0
63	22	0
51	45	0
62	90	0
60	24	1
74	79	0
24	93	0
90	82	0
3	85	0
91	4	0
89	14	0
52	73	0
62	48	1
8	96	0
75	36	0
94	61	0
44	44	1
33	82	1
27	14	0
52	93	0
36	83	0
50	77	0
3	70	1
1	23	0
82	32	0
99	7	0
78	94	0
25	24	0
64	11	1
66	34	0
65	89	0
0	11	0
44	86	0
84	47	0
27	87	0
80	7	0
80	20	0
91	56	0
15	85	0
67	12	0
91	94	0
36	97	0
69	61	0
8	38	0
57	89	0
60	43	0
17	70	0
59	24	1
92	49	0
76	47	0
73	60	0
11	39	0
99	60	0
23	98	0
91	51	0
18	96	0
86	82	0
35	20	0
75	66	0
60	86	0
57	97	0
84	49	0
80	12	0
3	75	0
72	43	0
20	95	0
87	28	0
90	48	0
74	16	0
82	73	0
50	99	0
54	96	0
32	98	0
96	78	0
73	82	0
75	6	1
19	1	0
12	76	0
83	97	0
67	84	0
72	52	0
67	30	0
39	73	0
83	53	0
98	8	0
17	71	1
89	3	0
56	67	1
85	84	0
58	88	0
74	24	0
88	12	0
72	86	0
24	98	0
93	19	0
93	0	0
66	22	0
8	55	0
13	87	0
10	87	0
77	85	0
86	99	0
57	53	1
74	95	0
84	60	0
75	62	0
8	87	0
15	79	0
34	23	0
0	17	0
39	36	0
97	27	0
86	37	0
74	54	0
61	57	1
47	18	0
84	84	0
60	84	0
89	51	0
33	87	0
80	62	0
20	9	0
97	43	0
59	96	0
35	44	0
28	98	0
72	96	0
91	71	0
29	88	0
64	25	1
11	72	0
45	66	0
62	66	1
60	77	0
56	89	0
13	47	0
73	63	0
81	47	0
91	68	0
43	72	0
69	83	0
45	29	1
87	13	0
59	51	1
81	10	0
10	82	0
44	97	0
80	75	0
66	71	0
6	88	0
13	76	0
81	98	0
33	25	0
10	82	0
64	93	0
58	73	0
81	84	0
11	91	0
74	52	0
17	7	0
45	98	0
1	98	0
1	18	0
84	60	0
84	16	0
81	31	0
75	18	0
10	19	0
16	52	0
75	29	0
0	68	1
66	68	0
28	90	0
60	59	0
83	88	0
78	44	0
72	86	0
67	53	0
75	77	0
7	69	0
33	80	1
70	64	0
57	45	0
99	36	0
97	95	0
74	80	0
70	56	0
62	56	0
64	82	0
97	81	0
98	0	0
56	80	0
5	97	0
57	34	0
65	22	0
71	16	0
29	70	0
76	24	0
84	20	0
31	27	0
55	97	0
72	65	0
46	86	0
70	95	0
77	58	0
83	34	0
89	69	0
85	94	0
93	43	0
88	88	0
45	88	0
70	74	0
82	48	0
40	91	0
80	78	0
78	60	0
88	24	0
1	74	0
51	76	0
77	18	0
61	36	0
82	86	0
74	57	0
13	86	0
18	97	0
78	40	0
84	30	0
98	51	0
97	5	0
81	92	0
49	37	1
87	15	0
73	35	0
19	74	0
12	95	0
20	75	0
5	87	0
59	52	0
42	24	0
40	66	0
58	80	0
69	2	0
19	88	0
84	53	0
20	17	0
20	70	0
78	66	0
65	60	0
88	58	0
86	55	0
68	66	0
79	51	0
3	31	0
96	89	0
63	48	0
45	89	0
5	68	0
29	82	1
95	20	0
53	93	0
17	90	0
99	44	0
70	19	0
16	14	0
28	30	0
70	3	1
21	66	0
79	58	0
98	40	0
17	3	0
60	8	0
39	88	0
91	80	0
19	4	0
50	79	0
75	32	0
99	71	0
63	62	0
67	88	0
7	42	0
97	42	0
92	70	0
12	76	0
23	77	0
22	96	0
74	5	1
9	97	0
61	43	0
92	18	0
7	16	0
85	33	0
92	15	0
41	31	0
20	92	0
54	87	0
18	77	0
27	24	0
15	74	0
21	92	0
61	63	0
93	50	0
74	90	0
55	69	1
20	97	0
83	41	0
7	0	0
82	57	0
52	56	0
95	25	0
73	26	0
77	34	0
54	96	0
34	35	1
50	40	1
64	11	0
35	98	0
48	53	1
91	37	0
65	98	0
76	53	0
85	46	0
51	87	0
33	77	0
92	36	0
99	98	0
81	82	0
56	82	0
88	11	0
71	74	0
23	78	1
67	26	0
30	93	0
95	53	0
98	86	0
85	9	0
97	96	0
83	25	0
88	65	0
9	92	0
75	95	0
67	78	0
1	16	0
12	97	0
7	73	0
86	28	0
23	97	0
59	87	0
87	43	0
15	67	1
80	43	0
26	95	0
80	47	0
86	54	0
76	49	0
81	31	0
0	85	0
4	4	0
68	71	0
16	60	0
23	0	0
3	89	0
32	73	0
99	50	0
79	89	0
94	59	0
93	77	0
79	45	0
4	82	0
80	33	0
86	29	0
