93	70	0
30	27	0
60	99	0
12	7	0
90	36	0
84	98	0
45	78	0
69	47	0
1	84	0
0	3	0
18	94	0
93	49	0
68	75	0
30	38	0
74	85	0
98	49	0
47	97	0
37	85	1
64	76	0
40	16	0
80	67	0
86	91	0
83	83	0
4	29	0
73	15	1
70	68	0
26	91	1
84	28	0
70	92	0
47	67	0
72	77	0
97	53	0
99	21	0
94	81	0
35	7	0
7	74	1
42	91	0
76	43	0
28	15	0
98	83	0
83	82	0
96	15	0
97	16	0
19	40	0
61	87	0
7	89	0
91	1	0
69	94	0
6	30	0
80	81	0
94	32	0
28	83	1
56	94	0
83	12	1
28	86	1
19	13	0
92	7	0
77	36	0
42	79	0
74	24	0
54	53	0
83	32	0
12	96	0
43	81	0
94	66	0
67	92	0
0	63	0
52	90	0
97	52	0
70	21	1
43	36	0
33	8	0
71	58	0
5	87	0
98	29	0
40	64	0
86	57	0
93	1	0
75	94	0
73	83	0
11	26	0
65	80	0
84	69	0
81	42	0
17	98	0
65	39	0
91	56	0
93	35	0
97	36	0
15	57	0
6	16	0
98	54	0
52	92	0
41	75	0
57	89	0
74	30	0
71	68	0
79	78	0
85	68	0
23	22	0
18	9	0
86	56	0
93	5	0
25	97	0
19	41	0
73	71	0
61	82	0
57	79	0
43	9	0
50	84	0
63	77	0
80	54	0
21	95	0
87	81	0
2	79	0
20	54	0
77	86	0
89	74	0
48	67	0
60	44	0
83	37	0
32	95	1
52	74	0
23	46	0
50	81	0
42	26	0
93	85	0
30	98	1
86	5	0
77	33	0
66	85	0
62	79	0
63	70	0
23	28	0
23	68	0
54	90	0
79	67	0
44	95	0
58	87	0
75	18	1
40	91	0
27	34	0
76	67	0
62	48	0
72	74	0
73	33	0
13	87	0
57	54	0
93	35	0
63	39	0
50	20	0
87	26	0
67	75	0
72	99	0
84	73	0
95	23	0
98	33	0
95	66	0
27	85	1
67	71	0
55	91	0
74	21	0
12	81	0
90	9	0
14	42	0
31	91	1
30	90	0
79	73	0
74	78	0
91	49	0
89	60	0
49	83	0
91	67	0
53	2	0
46	25	0
83	47	0
32	75	0
60	76	0
78	72	0
79	6	0
96	50	0
98	35	0
69	58	0
71	91	0
57	9	0
5	89	0
6	88	0
95	62	0
76	58	0
77	14	0
97	77	0
21	15	0
33	96	1
45	95	0
88	4	0
85	9	0
96	32	0
81	34	0
72	31	0
7	6	0
22	87	0
44	87	0
90	42	0
71	95	0
97	85	0
66	39	0
67	84	0
78	16	1
8	1	0
32	6	0
33	21	0
84	38	0
78	23	0
6	46	0
25	18	0
92	81	0
96	72	0
81	20	1
98	10	0
66	0	0
78	17	1
35	13	0
97	91	0
24	81	0
2	97	0
34	39	0
71	42	0
69	70	0
63	83	0
92	84	0
67	29	0
73	76	0
96	29	0
83	64	0
66	48	0
96	73	0
63	13	0
98	8	0
28	45	0
66	94	0
97	38	0
92	36	0
74	96	0
92	35	0
65	16	0
46	49	0
62	93	0
74	86	0
21	85	0
89	81	0
1	96	0
94	1	0
88	13	0
56	82	0
15	99	0
84	42	0
91	68	0
27	0	0
47	93	0
54	75	0
0	23	0
89	33	0
99	5	0
76	94	0
10	24	0
76	29	0
71	80	0
11	33	0
45	82	0
83	47	0
30	97	1
85	7	0
80	15	1
94	67	0
10	75	1
64	16	0
86	92	0
38	98	0
65	57	0
6	35	0
63	86	0
61	50	0
95	47	0
70	44	0
69	55	0
4	51	0
90	68	0
26	96	1
87	65	0
8	96	0
78	86	0
33	20	0
75	62	0
66	96	0
54	91	0
95	53	0
69	7	0
4	71	1
68	40	0
29	99	0
89	22	0
96	51	0
73	33	0
86	70	0
46	94	0
57	99	0
29	96	1
94	89	0
68	82	0
16	1	0
6	85	0
79	84	0
59	94	0
68	32	0
81	62	0
98	4	0
88	12	0
94	85	0
63	86	0
86	17	0
87	16	0
69	93	0
32	96	1
87	13	0
98	2	0
76	27	0
6	50	0
12	92	0
22	99	0
84	87	0
86	97	0
82	93	0
85	69	0
75	79	0
10	90	0
29	16	0
5	0	0
39	41	0
91	22	0
82	38	0
69	58	0
58	13	0
86	82	0
68	83	0
84	51	0
74	63	0
25	10	0
95	40	0
67	91	0
48	39	0
22	90	0
77	95	0
96	67	0
18	71	0
41	67	0
64	73	0
49	97	0
9	45	0
78	71	0
97	50	0
92	69	0
33	80	1
60	82	0
91	20	0
82	7	0
12	77	0
36	89	0
94	67	0
71	73	0
0	91	0
10	78	0
76	93	0
28	18	0
3	79	0
72	79	0
64	66	0
83	87	0
0	85	0
80	48	0
14	6	0
57	89	0
8	91	0
0	13	0
89	63	0
82	14	1
77	23	0
14	16	0
18	48	0
69	33	0
63	77	0
64	59	1
88	78	0
86	43	0
73	78	0
74	85	0
1	61	0
82	59	0
62	31	0
92	45	0
87	90	0
81	72	0
58	57	1
43	80	0
96	77	0
89	9	0
51	76	0
1	97	0
67	30	0
65	15	0
77	20	1
74	17	1
78	26	0
26	29	0
55	92	0
59	57	0
34	79	0
66	91	0
90	61	0
90	32	0
82	66	0
91	95	0
86	48	0
85	98	0
35	87	1
72	74	0
75	44	0
47	86	0
89	82	0
79	71	0
95	30	0
50	79	0
77	24	0
57	42	0
87	85	0
89	50	0
19	84	0
31	92	1
83	31	0
72	33	0
99	41	0
86	9	0
99	80	0
85	15	0
78	36	0
11	84	0
20	98	0
53	33	0
30	62	0
51	81	0
64	5	0
10	92	0
74	50	0
16	14	0
18	61	0
73	74	0
73	66	0
79	67	0
82	51	0
73	68	0
91	49	0
6	41	0
94	85	0
63	59	1
48	92	0
3	71	1
87	17	0
44	96	0
21	88	0
95	50	0
67	30	0
21	15	0
30	34	0
7	63	1
80	54	0
96	32	0
21	14	0
45	9	0
53	70	0
97	82	0
14	5	0
44	79	0
59	27	0
84	77	0
68	66	0
64	87	0
9	50	0
98	45	0
89	64	0
2	80	0
33	91	1
0	93	0
49	35	0
88	22	0
10	18	0
92	33	0
78	14	0
45	33	0
14	98	0
62	81	0
19	80	1
27	27	0
31	93	1
58	55	1
75	46	0
61	85	0
20	92	0
71	40	0
7	5	0
80	57	0
79	33	0
82	34	0
68	26	0
55	93	0
36	98	0
79	35	0
59	96	0
71	63	0
84	45	0
60	99	0
90	42	0
96	98	0
85	84	0
56	89	0
91	12	0
75	78	0
65	26	0
89	52	0
86	98	0
83	14	1
94	97	0
86	18	0
79	67	0
6	91	0
82	95	0
77	81	0
2	19	0
14	92	0
12	79	1
86	31	0
20	94	0
54	83	0
84	33	0
81	49	0
22	99	0
85	45	0
93	49	0
78	44	0
85	29	0
0	90	0
12	12	0
61	79	0
14	58	0
28	11	0
2	91	0
99	40	0
84	85	0
92	53	0
88	78	0
74	44	0
5	76	1
77	24	0
98	38	0
