99	66	0
49	16	0
41	20	0
40	88	0
2	42	0
91	30	0
93	77	0
7	3	0
43	14	0
71	92	0
41	36	0
80	44	0
2	89	0
24	4	0
16	61	0
96	3	0
91	78	0
66	28	0
30	62	0
97	64	0
98	3	0
42	73	0
79	81	0
79	82	0
71	0	0
27	92	0
55	11	0
81	79	0
70	89	0
94	53	0
3	39	0
25	29	0
46	27	0
82	21	0
38	48	0
95	77	0
11	95	0
73	73	0
87	15	0
84	96	0
42	11	0
25	53	0
69	54	0
99	55	0
57	81	0
95	51	0
16	98	0
35	43	0
59	17	0
88	41	0
22	62	0
61	11	0
33	89	0
53	87	0
26	70	0
97	68	0
52	22	0
36	56	0
88	70	0
99	98	0
83	14	0
23	97	0
90	6	0
53	13	0
93	67	0
40	36	0
14	83	0
87	8	0
33	84	0
86	73	0
57	50	0
20	31	0
87	78	0
27	40	0
23	50	0
88	39	0
19	20	1
18	34	0
38	82	0
65	93	0
71	27	0
43	95	0
65	99	0
4	11	0
15	26	0
93	15	0
96	16	0
42	56	0
79	41	0
21	27	0
76	51	0
40	52	0
32	11	0
34	0	0
70	48	0
22	81	0
56	5	0
46	80	0
40	3	0
36	28	0
86	42	0
46	63	0
62	50	0
19	75	0
66	76	0
9	76	0
51	82	0
88	47	0
69	14	0
53	79	0
6	47	0
63	10	0
53	72	0
14	70	0
42	0	0
20	57	0
18	33	0
91	82	0
44	37	0
1	4	0
33	98	0
83	1	0
66	66	0
22	36	0
77	83	0
94	17	0
65	70	0
58	89	0
33	17	0
62	96	0
23	17	0
68	81	0
60	51	0
32	97	0
79	28	0
36	34	0
16	31	0
77	1	0
12	11	1
3	73	0
15	14	1
98	72	0
85	9	0
86	40	0
47	59	0
62	6	0
78	96	0
6	5	0
36	12	0
12	14	1
86	80	0
37	33	0
91	69	0
82	85	0
60	25	0
51	38	0
75	53	0
4	49	0
24	80	0
10	59	0
82	79	0
54	65	0
37	97	0
84	48	0
70	73	0
57	81	0
20	40	0
90	83	0
5	43	0
32	36	0
23	18	0
25	72	0
32	77	0
98	24	0
46	33	0
74	10	0
39	80	0
70	21	0
60	27	0
74	77	0
20	49	0
64	60	0
31	97	0
33	63	0
36	4	0
68	17	0
26	92	0
10	84	0
73	82	0
87	51	0
21	85	0
28	35	0
82	74	0
24	52	0
35	76	0
34	98	0
50	41	0
35	3	0
16	43	0
78	91	0
91	89	0
58	93	0
74	15	0
5	61	0
60	4	0
60	16	0
64	23	0
86	21	0
26	58	0
4	71	0
51	60	0
67	38	0
33	73	0
91	21	0
61	90	0
30	68	0
28	15	0
81	72	0
36	73	0
42	4	0
0	87	0
86	18	0
98	77	0
83	91	0
85	21	0
2	81	0
21	80	0
97	49	0
57	73	0
36	47	0
43	78	0
59	72	0
57	53	0
9	82	0
33	66	0
65	12	0
6	61	0
65	98	0
68	40	0
32	88	0
91	61	0
41	10	0
43	58	0
6	76	0
39	90	0
59	30	0
72	20	0
10	36	0
90	63	0
67	48	0
80	51	0
14	89	0
60	6	0
19	81	0
61	71	0
58	51	0
70	64	0
56	1	0
24	10	0
8	60	0
78	48	0
50	11	0
67	56	0
52	81	0
60	53	0
90	29	0
94	15	0
8	63	0
86	69	0
22	93	0
15	16	1
92	54	0
38	94	0
57	35	0
45	1	0
13	96	0
78	34	0
41	59	0
35	75	0
51	3	0
22	90	0
79	77	0
83	90	0
57	32	0
91	72	0
12	89	0
36	48	0
63	6	0
60	19	0
31	28	0
49	0	0
58	12	0
54	44	0
67	36	0
29	50	0
26	49	0
55	54	0
68	72	0
85	76	0
53	91	0
71	10	0
99	54	0
76	4	0
8	55	0
26	10	0
89	40	0
53	28	0
73	77	0
11	43	0
52	64	0
61	25	0
28	98	0
32	90	0
37	72	0
89	51	0
45	29	0
48	0	0
22	46	0
90	54	0
70	10	0
70	94	0
20	5	0
69	96	0
7	77	0
44	85	0
35	29	0
1	57	0
8	12	1
80	9	0
22	31	0
79	14	0
38	11	0
8	0	0
85	15	0
29	55	0
16	43	0
89	28	0
96	54	0
8	31	0
25	35	0
4	58	0
38	89	0
13	74	0
2	4	0
43	98	0
48	62	0
43	27	0
11	15	1
56	30	0
45	84	0
38	67	0
95	93	0
38	26	0
16	52	0
32	42	0
55	69	0
75	99	0
47	8	0
76	1	0
32	10	0
44	7	0
56	7	0
21	52	0
80	60	0
64	3	0
27	46	0
61	6	0
52	55	0
51	54	0
31	59	0
76	78	0
67	55	0
13	72	0
52	35	0
26	14	0
96	6	0
46	1	0
61	20	0
58	31	0
19	41	0
10	74	0
65	76	0
12	79	0
35	92	0
25	90	0
44	20	0
31	37	0
85	66	0
57	46	0
6	74	0
71	78	0
64	83	0
27	30	0
69	17	0
70	92	0
67	7	0
99	64	0
75	41	0
38	14	0
34	44	0
38	39	0
89	78	0
16	24	0
72	22	0
87	3	0
13	57	0
35	92	0
72	77	0
81	4	0
0	71	0
93	40	0
52	93	0
14	10	1
71	2	0
60	52	0
41	57	0
63	52	0
30	38	0
50	37	0
77	78	0
67	50	0
37	33	0
70	67	0
23	48	0
27	87	0
81	90	0
43	18	0
0	74	0
72	21	0
85	18	0
73	44	0
15	62	0
60	19	0
25	32	0
53	39	0
11	96	0
64	46	0
60	16	0
88	48	0
45	25	0
34	79	0
44	3	0
80	40	0
6	0	0
62	94	0
2	91	0
34	36	0
53	77	0
54	27	0
14	98	0
14	51	0
15	39	0
61	16	0
98	34	0
78	20	0
91	99	0
34	61	0
21	17	1
40	13	0
31	26	0
86	15	0
53	62	0
81	77	0
25	28	0
67	97	0
78	67	0
40	75	0
75	4	0
69	41	0
82	16	0
66	26	0
41	26	0
34	33	0
99	0	0
60	28	0
6	72	0
94	17	0
97	91	0
6	90	0
89	65	0
42	45	0
32	8	0
91	86	0
81	55	0
29	94	0
66	22	0
74	38	0
91	64	0
82	71	0
32	77	0
78	78	0
32	94	0
92	73	0
35	41	0
27	89	0
99	90	0
29	33	0
30	39	0
73	68	0
61	95	0
51	72	0
13	9	1
50	82	0
66	61	0
35	56	0
37	71	0
83	21	0
13	91	0
90	46	0
21	77	0
41	58	0
42	81	0
83	29	0
29	34	0
19	47	0
3	15	1
64	43	0
96	68	0
61	25	0
79	92	0
67	96	0
34	37	0
58	13	0
29	44	0
17	76	0
37	32	0
59	67	0
69	90	0
33	23	0
74	86	0
52	35	0
37	11	0
62	35	0
25	77	0
46	12	0
8	58	0
95	83	0
62	99	0
49	47	0
77	12	0
39	64	0
44	50	0
96	56	0
93	4	0
4	73	0
75	1	0
84	79	0
71	27	0
36	0	0
34	68	0
75	78	0
35	81	0
51	83	0
81	15	0
12	71	0
58	8	0
51	72	0
64	98	0
30	89	0
94	9	0
89	20	0
67	9	0
36	88	0
12	88	0
7	90	0
74	52	0
72	61	0
78	64	0
15	40	0
89	50	0
67	58	0
17	19	1
84	74	0
69	59	0
19	47	0
15	72	0
39	28	0
44	33	0
1	52	0
57	61	0
47	40	0
93	41	0
81	31	0
78	0	0
77	31	0
46	86	0
21	16	0
15	50	0
70	37	0
98	83	0
70	77	0
97	75	0
23	44	0
56	66	0
62	53	0
25	61	0
82	39	0
23	64	0
47	25	0
89	59	0
71	95	0
49	50	0
20	65	0
35	4	0
75	67	0
24	76	0
46	26	0
79	81	0
88	74	0
18	88	0
50	56	0
19	76	0
82	74	0
40	60	0
53	59	0
38	81	0
62	66	0
31	32	0
17	62	0
90	76	0
77	54	0
94	61	0
32	83	0
54	75	0
67	31	0
18	23	0
87	23	0
36	32	0
96	3	0
18	89	0
30	31	0
1	18	1
32	87	0
84	60	0
20	40	0
94	62	0
14	95	0
16	71	0
30	5	0
95	88	0
26	32	0
2	85	0
74	90	0
36	63	0
79	72	0
27	80	0
97	23	0
26	19	0
35	84	0
28	73	0
34	17	0
27	38	0
14	28	0
99	69	0
88	10	0
52	12	0
68	9	0
87	44	0
32	7	0
42	33	0
98	36	0
9	61	0
44	89	0
3	48	0
23	81	0
72	55	0
45	96	0
65	48	0
78	79	0
37	31	0
82	69	0
35	67	0
86	47	0
11	79	0
61	37	0
31	68	0
71	28	0
59	42	0
92	86	0
87	92	0
84	91	0
23	88	0
21	41	0
51	54	0
45	64	0
39	28	0
21	8	0
42	66	0
9	45	0
66	0	0
73	87	0
87	55	0
98	12	0
14	48	0
5	1	0
82	97	0
6	89	0
54	15	0
55	43	0
72	12	0
18	0	0
46	12	0
19	34	0
2	28	1
49	20	0
56	7	0
37	79	0
54	22	0
36	90	0
72	1	0
26	43	0
46	63	0
65	15	0
88	63	0
64	73	0
42	65	0
51	99	0
80	85	0
3	15	0
92	59	0
14	61	0
81	73	0
54	87	0
19	36	0
16	60	0
96	48	0
30	85	0
93	95	0
65	85	0
44	9	0
44	56	0
75	61	0
48	92	0
78	51	0
97	71	0
78	23	0
19	68	0
5	64	0
72	91	0
73	39	0
56	64	0
60	6	0
30	20	0
70	71	0
25	43	0
12	66	0
35	46	0
50	44	0
27	14	0
61	31	0
7	88	0
25	40	0
15	63	0
2	64	0
79	60	0
29	22	0
59	12	0
95	20	0
83	1	0
55	68	0
0	63	0
65	29	0
41	37	0
12	14	1
20	21	1
77	70	0
75	14	0
42	39	0
49	67	0
51	85	0
18	95	0
23	62	0
44	89	0
27	39	0
74	86	0
49	35	0
28	83	0
13	16	1
51	24	0
6	46	0
57	55	0
65	15	0
29	73	0
85	55	0
54	44	0
55	48	0
44	19	0
3	69	0
70	62	0
68	53	0
41	36	0
75	56	0
80	77	0
75	39	0
64	14	0
86	74	0
85	20	0
7	75	0
69	78	0
25	10	0
52	32	0
4	0	0
11	55	0
11	83	0
29	92	0
29	53	0
93	30	0
14	51	0
55	97	0
14	82	0
99	66	0
54	69	0
83	38	0
17	2	0
62	19	0
47	7	0
12	3	0
22	85	0
51	62	0
80	74	0
69	47	0
16	3	0
25	35	0
61	13	0
0	78	0
72	5	0
38	72	0
58	29	0
69	97	0
9	39	0
6	92	0
92	59	0
28	20	0
83	74	0
63	57	0
69	40	0
45	29	0
94	33	0
89	67	0
17	66	0
5	93	0
24	50	0
2	87	0
8	96	0
94	30	0
29	52	0
1	97	0
52	8	0
68	1	0
40	46	0
28	19	0
73	43	0
38	21	0
26	80	0
27	35	0
62	11	0
3	43	0
92	48	0
87	5	0
59	50	0
35	3	0
44	22	0
10	97	0
57	77	0
33	65	0
12	10	1
37	17	0
2	83	0
3	76	0
66	55	0
85	45	0
45	34	0
29	75	0
26	33	0
91	91	0
69	29	0
39	82	0
63	96	0
22	17	0
5	88	0
65	15	0
61	69	0
38	37	0
97	70	0
32	69	0
95	24	0
82	18	0
97	21	0
87	86	0
48	55	0
22	84	0
86	10	0
33	2	0
71	81	0
67	68	0
18	39	0
69	43	0
66	82	0
84	14	0
94	45	0
15	66	0
53	47	0
27	25	0
90	24	0
49	48	0
68	13	0
91	89	0
84	73	0
53	70	0
75	31	0
60	67	0
6	92	0
37	5	0
6	95	0
17	76	0
65	66	0
76	98	0
85	12	0
96	89	0
74	0	0
15	9	1
86	72	0
66	9	0
97	35	0
74	56	0
53	43	0
18	63	0
60	91	0
52	74	0
7	42	0
9	42	0
41	92	0
0	74	0
50	5	0
40	54	0
10	64	0
44	34	0
12	21	1
0	40	0
98	49	0
56	30	0
0	41	0
24	90	0
72	62	0
3	7	0
86	78	0
19	79	0
62	45	0
39	58	0
90	47	0
60	44	0
0	9	0
9	13	1
6	53	0
26	61	0
88	74	0
62	45	0
95	72	0
6	54	0
67	56	0
19	74	0
1	9	0
74	76	0
1	15	1
29	69	0
44	7	0
30	25	0
10	76	0
35	87	0
3	1	0
79	36	0
63	61	0
78	64	0
78	81	0
46	87	0
32	20	0
0	68	0
9	13	1
42	66	0
41	48	0
55	51	0
82	12	0
