93	59	0
54	16	0
44	22	0
45	89	0
0	41	0
88	31	0
97	78	0
12	7	0
46	13	0
65	88	0
44	36	0
77	44	0
2	91	0
27	7	0
19	55	0
97	4	0
85	81	0
67	28	0
30	64	0
94	61	0
96	1	0
38	74	0
71	79	0
79	84	0
76	0	0
21	92	0
58	18	0
76	73	0
69	89	0
96	59	0
3	42	0
30	29	0
43	19	0
79	19	0
47	50	0
87	76	0
7	94	0
66	68	0
90	16	0
85	95	0
44	17	0
27	59	0
68	54	0
99	60	0
59	85	0
94	50	0
21	99	0
31	44	0
59	15	0
92	47	0
23	66	0
57	6	0
33	83	0
63	94	0
33	67	0
93	73	0
53	19	0
39	60	0
84	75	0
98	91	0
79	9	0
23	96	0
92	3	0
50	13	0
95	64	0
42	26	0
14	86	0
92	7	0
33	83	0
87	72	0
59	50	0
22	32	0
93	79	0
24	39	0
27	48	0
89	37	0
23	14	0
14	39	0
39	80	0
62	96	0
72	23	0
45	97	0
70	93	0
6	7	0
16	29	0
93	13	0
90	16	0
50	49	0
84	37	0
21	33	0
76	50	0
45	49	0
26	8	0
33	4	0
74	50	0
24	82	0
54	1	0
45	82	0
38	1	0
34	26	0
86	41	0
51	62	0
58	47	0
20	78	0
71	77	0
1	84	0
49	92	0
84	47	0
71	18	0
50	79	0
2	53	0
62	7	0
51	72	0
7	81	0
49	0	0
25	55	0
19	31	0
93	80	0
10	31	1
41	27	0
5	0	0
35	95	0
90	1	0
59	62	0
12	38	0
76	79	0
95	19	0
66	65	0
54	85	0
29	18	0
60	97	0
16	15	0
74	80	0
65	50	0
25	92	0
79	33	0
39	32	0
21	22	0
73	8	0
10	7	0
1	75	0
13	11	0
93	81	0
95	9	0
85	41	0
50	59	0
67	9	0
85	89	0
4	4	0
37	16	0
14	8	0
79	75	0
37	39	0
88	75	0
83	80	0
55	29	0
58	35	0
73	57	0
4	48	0
28	77	0
15	58	0
89	77	0
44	59	0
34	94	0
87	46	0
72	72	0
61	85	0
21	39	0
98	78	0
6	46	0
31	34	0
17	22	0
23	75	0
28	69	0
99	21	0
50	31	0
76	7	0
41	82	0
70	25	0
57	33	0
75	73	0
24	50	0
65	60	0
35	98	0
34	68	0
27	4	0
69	24	0
21	94	0
4	87	0
65	82	0
81	48	0
18	85	0
21	45	0
82	71	0
22	50	0
32	75	0
35	88	0
56	39	0
30	1	0
18	44	0
74	87	0
90	88	0
61	95	0
69	13	0
7	56	0
64	8	0
58	24	0
60	26	0
79	20	0
28	62	0
2	75	0
52	68	0
64	39	0
31	69	0
86	22	0
60	86	0
35	74	0
20	13	0
87	81	0
31	76	0
44	3	0
4	85	0
83	22	0
95	73	0
78	87	0
83	25	0
3	79	0
25	84	0
95	46	0
59	71	0
34	45	0
44	76	0
73	68	0
48	60	0
14	78	0
37	64	0
65	5	0
8	59	0
66	97	0
68	41	0
27	82	0
90	64	0
40	10	0
40	59	0
6	71	0
38	90	0
59	27	0
75	17	0
19	37	0
92	61	0
63	38	0
79	47	0
15	91	0
56	14	0
20	79	0
63	68	0
61	57	0
70	59	0
59	3	0
24	11	0
11	55	0
75	52	0
54	12	0
69	57	0
43	85	0
62	51	0
91	29	0
94	9	0
17	63	0
85	66	0
20	89	0
13	17	0
95	52	0
38	96	0
49	37	0
48	2	0
12	98	0
72	40	0
42	55	0
33	76	0
42	5	0
18	85	0
81	80	0
83	76	0
61	34	0
88	72	0
14	87	0
40	41	0
65	1	0
69	20	0
29	27	0
54	7	0
59	14	0
54	37	0
67	36	0
25	50	0
23	50	0
56	45	0
72	74	0
87	83	0
45	98	0
76	13	0
96	60	0
71	8	0
12	52	0
21	10	0
91	38	0
55	29	0
76	74	0
14	46	0
49	65	0
63	24	0
31	97	0
29	90	0
39	76	0
96	48	0
43	24	0
48	1	0
29	43	0
92	54	0
70	6	0
65	94	0
27	3	0
69	91	0
7	80	0
46	78	0
29	24	0
4	50	0
12	17	1
84	10	0
20	32	0
79	18	0
40	4	0
8	4	0
82	14	0
27	68	0
24	43	0
91	28	0
91	49	0
9	36	0
23	39	0
4	52	0
32	90	0
11	76	0
2	7	0
36	91	0
52	68	0
43	17	0
10	15	0
55	31	0
43	85	0
40	71	0
87	98	0
33	28	0
18	56	0
34	46	0
55	67	0
75	96	0
44	15	0
70	2	0
27	11	0
44	8	0
55	2	0
17	55	0
76	58	0
64	1	0
27	47	0
62	4	0
54	58	0
48	54	0
35	59	0
79	81	0
68	49	0
18	70	0
54	40	0
21	17	0
98	8	0
42	4	0
63	24	0
52	28	0
18	42	0
10	71	0
61	70	0
11	82	0
37	99	0
29	87	0
39	21	0
41	38	0
87	65	0
56	34	0
10	69	0
75	81	0
3	19	1
66	86	0
28	31	0
66	20	0
71	91	0
68	5	0
96	63	0
73	41	0
40	25	0
33	41	0
36	40	0
89	74	0
14	20	0
70	22	0
84	5	0
10	54	0
35	86	0
78	77	0
78	2	0
2	65	0
95	46	0
58	97	0
10	15	0
70	3	0
59	59	0
38	59	0
58	46	0
22	36	0
48	41	0
76	78	0
64	51	0
38	28	0
70	73	0
21	47	0
22	80	0
77	86	0
44	15	0
2	80	0
75	17	0
84	20	0
70	45	0
17	63	0
70	17	0
20	26	0
59	47	0
14	96	0
66	48	0
55	8	0
86	51	0
42	25	0
28	74	0
44	2	0
78	34	0
6	2	0
61	93	0
9	91	0
27	36	0
53	71	0
57	30	0
10	97	0
13	48	0
19	38	0
54	15	0
95	36	0
74	22	0
88	97	0
32	62	0
18	25	0
40	19	0
43	27	0
92	14	0
55	61	0
80	79	0
31	36	0
64	97	0
73	57	0
40	77	0
78	0	0
71	42	0
79	14	0
64	21	0
43	23	0
30	34	0
95	8	0
64	23	0
4	75	0
96	4	0
93	84	0
6	94	0
8	30	1
90	65	0
43	48	0
37	3	0
91	86	0
80	59	0
25	98	0
67	28	0
74	39	0
91	62	0
10	20	1
86	72	0
33	79	0
77	77	0
28	98	0
95	69	0
32	46	0
23	86	0
94	86	0
34	32	0
29	36	0
70	72	0
68	96	0
48	74	0
14	14	1
46	80	0
60	60	0
37	58	0
33	71	0
87	21	0
12	93	0
84	49	0
23	74	0
37	63	0
45	81	0
88	33	0
29	32	0
23	51	0
2	16	0
65	40	0
99	70	0
59	22	0
80	92	0
71	94	0
30	41	0
49	16	0
28	46	0
20	77	0
32	29	0
53	68	0
69	94	0
35	28	0
73	87	0
54	34	0
40	11	0
70	36	0
23	75	0
47	10	0
6	58	0
96	84	0
58	98	0
44	56	0
76	12	0
48	68	0
45	56	0
94	59	0
92	1	0
4	69	0
74	7	0
84	82	0
70	27	0
34	1	0
27	67	0
79	76	0
33	85	0
56	77	0
86	16	0
16	76	0
58	17	0
57	74	0
62	94	0
30	93	0
95	12	0
92	16	0
68	11	0
42	92	0
12	89	0
1	87	0
78	57	0
77	64	0
84	63	0
9	43	0
85	48	0
63	52	0
8	20	0
80	70	0
69	63	0
14	43	0
13	65	0
39	27	0
39	37	0
10	58	0
57	55	0
46	47	0
98	41	0
75	33	0
79	1	0
76	37	0
46	92	0
16	16	0
24	46	0
71	45	0
99	87	0
71	72	0
99	72	0
20	49	0
56	75	0
55	44	0
28	63	0
82	40	0
7	28	1
20	63	0
37	21	0
78	65	0
70	98	0
49	55	0
25	58	0
35	5	0
85	66	0
21	79	0
52	31	0
84	79	0
93	79	0
15	92	0
45	56	0
14	79	0
77	81	0
40	56	0
53	61	0
39	82	0
73	67	0
32	32	0
19	66	0
94	76	0
75	59	0
98	62	0
33	83	0
57	82	0
66	27	0
27	24	0
88	26	0
41	30	0
97	0	0
18	83	0
21	22	0
2	14	0
37	97	0
90	67	0
21	40	0
94	58	0
12	97	0
16	65	0
33	0	0
94	92	0
22	24	0
4	85	0
73	99	0
37	59	0
78	66	0
20	77	0
89	26	0
25	27	0
35	80	0
29	75	0
40	20	0
22	39	0
15	32	0
98	69	0
88	15	0
51	11	0
74	8	0
90	48	0
30	9	0
47	29	0
94	37	0
8	56	0
47	88	0
11	54	0
17	79	0
71	55	0
48	93	0
65	52	0
73	82	0
33	24	0
91	70	0
34	65	0
91	44	0
12	76	0
69	43	0
27	66	0
71	28	0
5	29	1
63	38	0
87	78	0
86	87	0
85	95	0
27	81	0
21	45	0
46	49	0
47	65	0
38	31	0
26	10	0
38	61	0
8	48	0
64	0	0
75	85	0
89	54	0
96	5	0
12	52	0
7	1	0
78	97	0
6	84	0
52	22	0
57	32	0
76	15	0
20	2	0
51	13	0
18	40	0
3	33	1
54	13	0
54	5	0
2	24	1
28	83	0
55	20	0
33	97	0
80	1	0
31	43	0
51	64	0
66	18	0
92	61	0
63	69	0
44	63	0
53	98	0
84	92	0
13	13	0
95	53	0
15	63	0
85	69	0
56	83	0
16	35	0
15	61	0
98	44	0
26	80	0
93	97	0
67	82	0
42	10	0
43	62	0
74	56	0
41	89	0
81	49	0
94	74	0
79	25	0
11	61	0
8	65	0
83	94	0
68	36	0
57	65	0
58	6	0
20	20	0
69	70	0
33	36	0
15	62	0
31	49	0
49	49	0
36	13	0
61	29	0
6	88	0
25	43	0
12	59	0
5	58	0
82	58	0
25	19	0
63	18	0
94	23	0
81	0	0
56	65	0
0	70	0
58	29	0
35	32	0
14	15	0
17	17	0
76	69	0
69	21	0
39	43	0
49	77	0
53	83	0
14	95	0
21	64	0
48	83	0
27	39	0
78	95	0
52	39	0
32	78	0
14	7	0
55	18	0
8	46	0
60	50	0
69	12	0
29	75	0
86	63	0
59	51	0
52	43	0
43	23	0
0	67	0
77	66	0
75	54	0
42	31	0
76	63	0
74	71	0
75	43	0
62	12	0
91	76	0
82	24	0
4	72	0
70	68	0
6	28	1
12	28	1
25	1	0
45	27	0
7	2	0
11	51	0
18	81	0
30	92	0
29	45	0
98	31	0
11	48	0
59	96	0
17	85	0
99	64	0
45	61	0
4	22	1
82	43	0
25	3	0
62	22	0
54	5	0
15	1	0
27	84	0
48	60	0
87	76	0
65	45	0
16	9	0
27	28	0
56	8	0
9	25	1
2	75	0
73	5	0
40	70	0
57	33	0
69	99	0
13	38	0
11	91	0
90	51	0
25	17	0
90	78	0
64	58	0
66	38	0
46	31	0
97	26	0
87	60	0
12	57	0
2	94	0
31	51	0
2	89	0
7	92	0
93	23	0
29	50	0
2	98	0
55	9	0
65	6	0
44	50	0
24	18	0
66	45	0
41	24	0
19	80	0
24	32	0
57	5	0
6	40	0
94	51	0
90	3	0
58	53	0
37	0	0
41	27	0
11	93	0
60	75	0
31	65	0
16	3	0
40	24	0
9	88	0
0	78	0
69	52	0
89	43	0
54	37	0
15	80	0
24	32	0
90	83	0
67	26	0
45	76	0
62	93	0
18	13	0
8	88	0
69	15	0
55	74	0
33	38	0
94	68	0
31	75	0
94	26	0
85	16	0
99	17	0
81	88	0
42	58	0
18	85	0
82	14	0
37	5	0
65	80	0
65	75	0
20	42	0
65	47	0
62	76	0
80	21	0
93	48	0
10	67	0
61	40	0
27	33	0
91	27	0
63	40	0
68	15	0
91	95	0
80	70	0
53	70	0
79	38	0
56	69	0
4	96	0
37	4	0
5	94	0
17	81	0
65	65	0
74	93	0
83	12	0
95	97	0
78	0	0
8	8	0
93	73	0
66	9	0
99	33	0
75	62	0
49	44	0
16	65	0
65	93	0
60	73	0
0	45	0
7	45	0
38	97	0
0	84	0
58	5	0
39	46	0
14	70	0
40	32	0
14	26	1
2	44	0
97	56	0
54	34	0
2	45	0
24	91	0
79	62	0
2	8	0
90	90	0
21	83	0
62	48	0
41	54	0
89	44	0
60	38	0
3	6	0
11	10	0
2	54	0
23	56	0
96	76	0
62	48	0
96	68	0
12	53	0
77	58	0
17	78	0
3	2	0
73	79	0
0	16	1
28	72	0
39	10	0
29	22	0
6	75	0
31	92	0
4	4	0
74	36	0
58	61	0
82	64	0
85	82	0
43	88	0
31	27	0
2	64	0
9	11	0
37	69	0
48	49	0
54	50	0
81	14	0
