92	69	0
48	23	0
45	25	0
41	99	0
8	11	0
88	35	0
92	85	0
41	18	0
72	76	0
34	29	0
93	37	0
0	80	0
18	9	0
26	58	0
99	23	0
88	74	0
65	31	0
23	50	0
99	62	0
88	7	0
44	88	0
63	72	0
78	93	0
65	0	0
39	87	0
59	4	0
84	78	0
69	86	0
94	70	0
5	27	0
49	36	0
43	19	0
86	41	0
45	46	0
90	63	0
14	95	0
53	92	0
98	25	0
76	94	0
47	2	0
21	57	0
82	51	0
84	61	0
52	67	0
92	50	0
10	85	0
22	44	0
60	9	0
85	70	0
14	64	0
63	8	0
20	78	0
51	89	0
36	75	0
95	60	0
46	34	0
39	29	0
83	70	0
98	90	0
86	20	0
6	96	0
93	13	0
48	0	0
76	72	0
41	10	0
11	87	0
81	9	0
45	76	0
77	94	0
52	66	0
2	27	0
72	87	0
24	43	0
14	59	0
80	33	0
12	37	0
40	79	0
45	93	0
61	15	0
40	92	0
61	95	0
4	2	1
11	17	0
99	14	0
94	26	0
37	51	0
80	37	0
24	25	0
82	53	0
29	40	0
41	15	0
40	9	0
71	34	0
15	91	0
67	12	0
58	81	0
46	5	0
55	27	0
88	49	0
37	69	0
78	50	0
15	57	0
74	90	0
8	74	0
33	90	0
90	47	0
58	5	0
46	70	0
23	62	0
60	0	0
64	51	0
10	62	0
44	4	0
31	52	0
40	38	0
87	93	0
55	47	0
2	4	1
19	95	0
80	4	0
67	62	0
79	84	0
99	8	0
63	69	0
53	77	0
29	10	0
55	93	0
90	76	0
81	59	0
36	93	0
63	30	0
36	21	0
16	42	0
82	10	0
7	70	0
92	70	0
98	27	0
90	37	0
32	52	0
58	16	0
84	80	0
9	15	0
38	13	0
79	58	0
36	37	0
72	82	0
78	94	0
48	13	0
42	34	0
53	52	0
7	44	0
23	60	0
11	56	0
75	76	0
39	52	0
42	91	0
82	44	0
70	71	0
47	89	0
21	36	0
91	61	0
4	26	0
44	45	0
21	14	0
31	76	0
37	83	0
96	32	0
34	32	0
80	17	0
44	81	0
57	28	0
56	42	0
81	80	0
29	59	0
59	84	0
36	88	0
37	48	0
35	18	0
60	10	0
33	74	0
22	79	0
76	76	0
90	64	0
18	90	0
26	32	0
94	65	0
31	53	0
33	89	0
56	85	0
40	52	0
31	10	0
17	34	0
70	91	0
83	92	0
61	81	0
71	29	0
8	62	0
56	4	0
76	21	0
70	27	0
70	26	0
22	60	0
1	69	0
46	52	0
73	28	0
35	65	0
95	26	0
35	99	0
27	63	0
33	20	0
81	68	0
38	54	0
29	8	0
10	95	0
62	9	0
99	86	0
73	91	0
96	9	0
0	80	0
15	66	0
95	41	0
51	67	0
46	46	0
56	55	0
53	72	0
54	64	0
15	75	0
35	57	0
64	11	0
0	67	0
67	85	0
83	44	0
40	90	0
79	59	0
59	19	0
47	68	0
16	77	0
32	96	0
53	42	0
68	35	0
32	35	0
94	58	0
81	42	0
75	62	0
8	68	0
50	18	0
9	83	0
64	60	0
58	41	0
60	47	0
52	24	0
1	57	0
87	30	0
54	7	0
73	72	0
50	78	0
74	28	0
98	39	0
91	4	0
3	60	0
91	68	0
25	99	0
94	65	0
42	93	0
65	27	0
51	7	0
23	91	0
70	32	0
39	62	0
45	85	0
50	5	0
19	91	0
77	95	0
80	81	0
74	36	0
90	77	0
22	89	0
48	52	0
52	2	0
61	24	0
22	15	0
39	1	0
61	8	0
54	49	0
78	46	0
35	49	0
34	54	0
38	69	0
71	89	0
79	77	0
56	75	0
80	3	0
82	45	0
80	9	0
25	49	0
29	15	0
81	36	0
69	37	0
80	72	0
10	38	0
40	74	0
58	24	0
29	87	0
25	96	0
20	83	0
97	63	0
40	27	0
38	3	0
27	57	0
91	67	0
65	15	0
84	93	0
12	1	0
68	91	0
10	71	0
43	87	0
37	28	0
1	49	0
83	2	0
19	41	0
80	8	0
57	18	0
83	8	0
37	45	0
18	46	0
76	23	0
89	57	0
7	23	0
25	36	0
7	59	0
36	95	0
11	86	0
42	89	0
63	74	0
48	41	0
67	22	0
35	94	0
42	66	0
91	95	0
27	30	0
18	50	0
24	39	0
52	72	0
81	82	0
34	26	0
88	13	0
31	9	0
60	6	0
60	16	0
28	44	0
77	66	0
72	8	0
15	39	0
40	10	0
51	44	0
39	36	0
22	58	0
88	79	0
79	49	0
13	51	0
53	34	0
92	12	0
56	13	0
59	25	0
57	32	0
26	26	0
2	76	0
62	79	0
24	78	0
26	93	0
18	94	0
52	21	0
44	36	0
91	50	0
76	49	0
5	80	0
86	78	0
67	76	0
76	33	0
70	98	0
84	0	0
84	55	0
74	61	0
38	19	0
44	44	0
34	48	0
82	81	0
66	19	0
92	4	0
22	39	0
38	90	0
63	73	0
86	11	0
3	57	0
93	30	0
42	97	0
79	27	0
65	50	0
41	53	0
53	38	0
23	39	0
44	47	0
69	82	0
83	38	0
41	25	0
72	73	0
23	65	0
9	97	0
93	86	0
34	31	0
0	84	0
65	33	0
93	10	0
75	46	0
6	67	0
71	43	0
45	36	0
47	47	0
8	94	0
75	19	0
52	10	0
95	51	0
52	23	0
20	75	0
22	7	0
70	58	0
60	95	0
0	64	0
49	66	0
40	75	0
56	25	0
25	97	0
9	43	0
23	38	0
64	14	0
84	25	0
96	18	0
84	88	0
22	58	0
29	22	0
38	30	0
79	13	0
65	58	0
72	89	0
20	45	0
65	96	0
94	67	0
38	80	0
68	12	0
67	47	0
80	26	0
72	10	0
43	19	0
42	25	0
93	4	0
82	27	0
0	77	0
82	8	0
94	99	0
2	97	0
98	58	0
50	53	0
20	20	0
97	95	0
65	53	0
9	96	0
68	25	0
72	40	0
75	59	0
81	67	0
27	74	0
83	73	0
43	94	0
88	74	0
13	32	1
40	96	0
96	83	0
35	38	0
34	31	0
55	75	0
57	95	0
38	63	0
64	96	0
62	51	0
30	59	0
27	63	0
82	19	0
12	88	0
85	38	0
25	90	0
51	62	0
41	88	0
91	39	0
39	43	0
23	42	0
51	22	0
82	61	0
70	12	0
92	99	0
69	96	0
42	55	0
59	5	0
31	40	0
44	92	0
34	21	0
45	58	0
72	73	0
28	21	0
89	95	0
45	20	0
29	18	0
66	32	0
21	74	0
33	14	0
7	62	0
84	88	0
57	89	0
60	42	0
75	5	0
40	76	0
40	49	0
98	54	0
89	4	0
5	69	0
76	3	0
68	76	0
79	35	0
38	10	0
34	68	0
83	75	0
35	61	0
48	80	0
79	28	0
17	60	0
77	21	0
43	65	0
66	96	0
33	93	0
84	10	0
85	28	0
67	19	0
30	78	0
22	86	0
13	86	0
67	41	0
77	68	0
65	79	0
15	39	0
77	37	0
66	62	0
82	78	0
52	64	0
20	57	0
20	65	0
47	19	0
41	22	0
5	35	0
45	63	0
37	47	0
82	32	0
74	31	0
76	3	0
69	45	0
53	71	0
22	53	0
53	22	0
94	76	0
58	87	0
85	67	0
20	52	0
49	76	0
67	43	0
37	50	0
76	25	0
18	53	0
40	24	0
77	51	0
89	99	0
55	57	0
10	59	0
48	8	0
59	61	0
28	88	0
38	37	0
87	88	0
99	68	0
18	89	0
66	62	0
4	68	0
78	55	0
37	54	0
47	60	0
33	74	0
58	69	0
7	62	0
86	79	0
73	53	0
96	54	0
22	58	0
58	90	0
55	27	0
98	24	0
45	36	0
98	16	0
19	90	0
35	33	0
37	72	0
87	54	0
24	48	0
84	64	0
7	95	0
18	80	0
99	81	0
47	30	0
0	73	0
79	92	0
48	65	0
87	72	0
17	90	0
99	35	0
30	0	0
31	83	0
35	76	0
37	15	0
29	37	0
10	19	0
83	74	0
95	11	0
59	11	0
71	26	0
96	48	0
35	9	0
24	52	0
98	43	0
11	54	0
60	81	0
5	56	0
20	79	0
67	62	0
53	93	0
72	54	0
67	87	0
33	41	0
70	63	0
41	56	0
79	56	0
17	78	0
55	35	0
27	75	0
82	38	0
59	29	0
92	69	0
93	96	0
90	74	0
44	67	0
11	26	1
56	39	0
56	76	0
34	24	0
31	9	0
32	73	0
14	36	0
61	4	0
68	84	0
71	79	0
85	8	0
11	49	0
59	90	0
12	93	0
55	5	0
65	48	0
66	22	0
35	20	0
29	37	0
43	24	0
75	2	0
42	88	0
61	31	0
38	85	0
88	13	0
33	46	0
45	66	0
77	20	0
83	74	0
60	71	0
36	64	0
45	89	0
78	77	0
81	48	0
19	69	0
82	78	0
77	98	0
25	37	0
13	47	0
98	43	0
29	85	0
99	84	0
66	91	0
43	3	0
66	61	0
91	63	0
69	90	0
79	52	0
87	74	0
79	36	0
15	55	0
6	62	0
70	85	0
73	42	0
53	61	0
55	8	0
33	17	0
86	70	0
21	31	1
10	60	0
37	46	0
59	36	0
45	22	0
53	31	0
17	85	0
30	30	0
9	64	0
17	78	0
72	51	0
10	29	1
70	17	0
95	33	0
80	7	0
59	78	0
5	51	0
54	28	0
54	42	0
51	86	0
91	10	0
29	40	0
58	62	0
46	84	0
16	97	0
37	63	0
37	83	0
32	24	0
75	74	0
41	47	0
43	85	0
59	29	0
14	46	0
62	59	0
61	27	0
30	79	0
81	41	0
36	39	0
41	46	0
25	13	0
2	59	0
74	63	0
81	68	0
41	53	0
86	57	0
79	72	0
72	27	0
62	14	0
75	81	0
77	22	0
4	59	0
77	82	0
36	19	0
69	40	0
23	66	0
14	90	0
32	98	0
26	60	0
97	29	0
18	54	0
57	94	0
12	81	0
97	68	0
59	58	0
85	35	0
20	10	0
50	27	0
60	5	0
5	80	0
59	55	0
84	66	0
72	36	0
14	3	0
15	43	0
67	16	0
19	86	0
78	0	0
45	71	0
36	28	0
85	95	0
9	19	0
27	93	0
96	56	0
33	10	0
92	85	0
54	54	0
72	59	0
48	25	0
91	31	0
90	77	0
8	58	0
3	79	0
17	50	0
8	89	0
8	92	0
79	22	0
41	41	0
9	95	0
50	11	0
74	2	0
35	56	0
73	54	0
53	18	0
32	62	0
29	31	0
88	23	0
6	44	0
89	64	0
92	12	0
58	48	0
24	24	0
52	6	0
11	94	0
53	64	0
45	61	0
39	13	0
5	93	0
1	93	0
61	53	0
90	35	0
33	26	0
26	73	0
96	89	0
51	32	0
58	76	0
66	91	0
7	71	0
73	26	0
55	57	0
18	34	0
90	67	0
49	69	0
99	14	0
81	13	0
89	22	0
69	97	0
43	62	0
37	72	0
81	16	0
39	14	0
69	94	0
69	73	0
23	56	0
67	39	0
71	93	0
83	13	0
91	55	0
23	73	0
46	60	0
21	24	0
90	22	0
29	50	0
71	10	0
88	92	0
77	61	0
55	77	0
77	33	0
74	77	0
8	95	0
40	4	0
7	94	0
5	62	0
65	70	0
70	90	0
76	10	0
88	99	0
78	11	0
85	85	0
65	9	0
84	37	0
78	41	0
55	37	0
16	83	0
58	94	0
59	78	0
19	49	0
7	41	0
30	96	0
11	67	0
42	3	0
36	52	0
20	62	0
41	34	0
1	40	0
94	54	0
53	27	0
9	55	0
25	83	0
77	77	0
0	0	1
95	69	0
15	65	0
57	45	0
27	62	0
84	45	0
58	33	0
5	12	1
4	46	0
20	60	0
83	54	0
71	52	0
89	57	0
1	61	0
73	61	0
2	82	0
3	26	0
95	67	0
23	62	0
44	4	0
35	29	0
8	90	0
24	85	0
77	41	0
64	70	0
70	53	0
74	85	0
43	72	0
51	29	0
3	67	0
47	63	0
38	47	0
66	53	0
82	18	0
