95	71	0
29	25	0
59	99	0
15	9	0
88	31	0
82	98	0
42	81	0
69	43	0
4	84	0
3	1	0
17	89	0
96	46	0
70	74	0
31	35	0
82	89	0
99	48	0
44	98	0
40	79	1
65	73	0
44	16	0
77	66	0
82	86	0
82	85	0
3	27	0
78	13	0
72	67	0
27	96	0
86	24	0
69	93	0
49	63	0
76	76	0
99	53	0
98	22	0
19	77	1
89	83	0
13	73	1
34	4	0
6	72	1
39	87	0
74	46	0
29	13	0
99	83	0
86	86	0
96	15	0
96	15	0
22	36	0
59	86	0
8	84	0
90	0	0
63	95	0
4	28	0
77	83	0
91	31	0
30	81	1
57	92	0
82	19	0
27	87	1
26	8	0
95	4	0
75	36	0
45	82	0
80	27	0
54	51	0
81	28	0
13	99	0
43	80	0
95	66	0
73	94	0
6	62	0
48	89	0
97	50	0
71	19	1
49	39	0
32	9	0
71	59	0
6	84	0
95	27	0
41	67	0
89	55	0
89	0	0
75	99	0
74	84	0
7	27	0
67	80	0
84	69	0
79	45	0
20	97	0
70	38	0
92	54	0
90	28	0
98	38	0
15	53	0
3	15	0
97	58	0
49	90	0
42	76	0
55	93	0
72	33	0
72	68	0
79	78	0
84	66	0
26	21	0
19	12	0
80	54	0
97	3	0
23	98	0
23	43	0
70	71	0
60	82	0
54	80	0
40	4	0
49	84	0
63	79	0
82	55	0
21	92	0
90	84	0
0	76	0
18	52	0
78	85	0
91	74	0
47	67	0
62	43	0
86	39	0
28	89	0
55	73	0
25	44	0
56	82	0
39	26	0
92	84	0
30	99	0
90	4	0
79	35	0
68	87	0
65	79	0
62	71	0
23	32	0
22	70	0
58	92	0
81	69	0
42	90	0
54	85	0
72	19	1
42	92	0
25	25	0
77	65	0
62	44	0
73	69	0
77	37	0
13	89	0
57	51	0
92	38	0
64	34	0
50	19	0
91	29	0
62	76	0
76	96	0
86	72	0
95	22	0
99	33	0
99	70	0
30	85	1
67	76	0
53	89	0
79	18	0
17	83	0
94	5	0
21	41	0
30	94	1
27	89	0
81	71	0
72	78	0
91	48	0
83	54	0
46	81	0
92	62	0
55	5	0
42	26	0
80	47	0
30	69	0
66	76	0
76	67	0
81	6	0
95	50	0
99	36	0
69	62	0
72	87	0
57	6	0
7	91	0
5	92	0
95	64	0
72	59	0
82	14	0
99	76	0
20	12	0
32	98	0
52	92	0
90	2	0
85	3	0
99	32	0
77	30	0
71	38	0
6	7	0
16	87	0
47	88	0
49	63	1
89	47	0
68	95	0
99	84	0
69	36	0
74	80	0
75	18	1
9	4	0
28	6	0
33	24	0
82	40	0
81	21	0
9	48	0
26	22	0
88	79	0
94	71	0
81	20	0
98	8	0
65	1	0
82	13	1
37	16	0
98	89	0
26	82	0
2	96	0
36	40	0
74	41	0
66	67	0
60	80	0
88	84	0
68	26	0
74	81	0
99	36	0
85	67	0
67	52	0
94	72	0
62	16	0
95	8	0
29	47	0
68	97	0
99	37	0
23	86	1
98	36	0
74	96	0
95	33	0
63	16	0
51	50	0
60	95	0
77	88	0
18	85	0
91	85	0
0	98	0
91	2	0
93	17	0
57	81	0
11	99	0
79	42	0
94	70	0
26	0	0
48	90	0
40	78	1
55	76	0
1	23	0
90	34	0
99	3	0
75	95	0
16	23	0
74	31	0
69	82	0
9	28	0
43	85	0
81	53	0
26	93	1
84	10	0
80	15	1
89	66	0
13	77	0
65	19	0
83	92	0
33	97	0
64	58	0
5	37	0
64	88	0
61	49	0
92	45	0
77	48	0
73	59	0
5	42	0
90	68	0
26	93	1
86	61	0
8	95	0
81	84	0
39	18	0
69	63	0
65	93	0
55	95	0
87	56	0
73	1	0
0	73	0
70	41	0
28	99	0
90	24	0
92	44	0
72	34	0
85	74	0
44	96	0
59	99	0
27	92	0
99	84	0
71	84	0
18	2	0
7	83	0
76	84	0
60	89	0
61	56	1
67	31	0
82	60	0
97	8	0
86	7	0
93	86	0
65	83	0
83	18	0
87	13	0
69	93	0
32	97	0
83	9	0
95	1	0
73	26	0
6	54	0
13	95	0
16	97	0
88	83	0
84	99	0
82	92	0
84	69	0
74	77	0
8	91	0
18	74	1
29	19	0
6	5	0
44	40	0
91	24	0
79	40	0
66	60	0
59	13	0
83	83	0
68	79	0
85	54	0
73	60	0
24	11	0
99	39	0
66	92	0
48	39	0
21	88	0
72	96	0
97	68	0
30	84	1
22	74	0
39	67	0
71	73	0
51	97	0
10	47	0
80	70	0
91	49	0
88	68	0
34	77	0
62	84	0
91	18	0
82	8	0
11	82	0
34	91	0
90	76	0
74	74	0
0	95	0
11	77	0
80	95	0
33	20	0
3	79	0
70	86	0
58	61	0
82	86	0
4	85	0
74	47	0
19	4	0
57	92	0
6	92	0
1	17	0
89	62	0
85	11	0
77	22	0
82	16	1
13	21	0
13	53	0
72	34	0
66	74	0
33	88	1
59	56	1
86	82	0
84	41	0
74	76	0
59	58	1
76	80	0
1	63	0
85	59	0
63	33	0
93	43	0
89	90	0
82	73	0
69	54	1
56	58	1
45	78	0
97	76	0
92	9	0
52	76	0
2	97	0
66	27	0
66	15	0
78	20	1
72	16	1
80	26	0
28	31	0
57	93	0
62	61	0
37	85	0
66	92	0
87	60	0
85	28	0
83	68	0
89	93	0
93	48	0
87	97	0
31	87	0
76	78	0
79	47	0
49	85	0
87	81	0
78	71	0
94	26	0
54	78	0
79	20	0
57	42	0
88	88	0
90	55	0
21	88	0
30	92	1
85	29	0
77	32	0
94	43	0
85	8	0
94	81	0
85	17	0
80	35	0
11	83	0
16	97	0
51	32	0
29	63	0
50	82	0
64	1	0
11	90	0
75	50	0
17	10	0
20	61	0
75	71	0
72	59	0
81	65	0
85	47	0
70	64	0
86	48	0
5	45	0
94	86	0
67	59	0
48	92	0
4	71	1
91	18	0
49	94	0
22	87	0
98	43	0
66	26	0
20	11	0
27	37	0
12	61	1
81	54	0
95	34	0
25	14	0
47	5	0
52	76	0
98	83	0
14	5	0
47	78	0
64	26	0
90	69	0
74	65	0
64	83	0
13	47	0
99	45	0
91	65	0
4	83	0
33	92	1
0	97	0
55	36	0
88	19	0
7	19	0
89	34	0
79	13	0
46	31	0
14	97	0
60	84	0
19	79	1
27	26	0
25	95	0
54	57	1
79	47	0
65	85	0
17	88	0
71	41	0
8	4	0
80	57	0
48	61	1
86	29	0
80	31	0
67	30	0
53	87	0
37	97	0
81	38	0
60	96	0
71	63	0
83	46	0
60	93	0
90	40	0
94	98	0
83	83	0
52	88	0
91	16	0
78	78	0
63	27	0
28	90	1
88	57	0
84	96	0
85	12	0
98	95	0
83	25	0
82	66	0
12	93	0
78	94	0
74	78	0
7	16	0
14	95	0
9	73	1
85	30	0
25	96	0
54	82	0
81	34	0
77	50	0
16	99	0
83	43	0
90	53	0
76	45	0
88	29	0
0	87	0
13	6	0
62	77	0
14	59	0
29	9	0
5	95	0
99	47	0
79	90	0
91	54	0
87	78	0
75	46	0
2	75	0
78	22	0
95	37	0
