1	28	1
92	59	0
53	12	0
45	22	0
51	96	0
1	43	0
86	34	0
90	74	0
2	11	0
48	15	0
68	94	0
42	42	0
66	47	0
3	92	0
33	7	0
14	53	0
91	2	0
82	79	0
64	31	0
28	56	0
97	58	0
98	5	0
47	75	0
75	78	0
84	88	0
81	1	0
18	97	0
65	20	0
72	71	0
65	81	0
93	58	0
6	48	0
29	28	0
48	19	0
78	16	0
47	50	0
88	79	0
11	95	0
64	66	0
97	18	0
83	96	0
43	16	0
31	64	0
65	50	0
93	49	0
56	84	0
97	49	0
18	97	0
28	46	0
60	9	0
91	44	0
25	69	0
63	10	0
36	85	0
69	94	0
24	63	0
94	63	0
46	11	0
33	53	0
76	71	0
97	92	0
75	3	0
22	98	0
90	4	0
46	14	0
89	60	0
47	22	0
14	93	0
85	3	0
35	79	0
88	81	0
57	49	0
22	36	0
84	72	0
18	34	0
30	50	0
86	41	0
17	9	0
8	42	0
49	87	0
66	97	0
67	19	0
48	97	0
75	96	0
9	9	0
14	32	0
84	13	0
88	15	0
55	46	0
86	37	0
22	24	0
75	49	0
49	54	0
33	6	0
32	10	0
67	56	0
28	83	0
49	0	0
42	82	0
42	1	0
35	37	0
85	33	0
48	67	0
61	46	0
18	83	0
69	81	0
1	84	0
48	94	0
88	49	0
65	21	0
53	78	0
0	43	0
61	9	0
51	74	0
7	87	0
37	9	0
24	50	0
17	29	0
85	85	0
7	25	0
43	25	0
0	2	0
34	99	0
93	5	0
67	57	0
2	37	0
73	86	0
92	17	0
58	65	0
54	84	0
32	24	0
64	97	0
18	20	0
78	83	0
68	48	0
24	96	0
76	29	0
45	36	0
15	24	0
63	5	0
8	7	0
9	81	0
15	2	0
99	90	0
97	14	0
81	39	0
50	63	0
63	21	0
84	88	0
0	5	0
37	16	0
18	7	0
82	74	0
44	39	0
88	73	0
86	78	0
50	26	0
55	32	0
78	50	0
4	51	0
24	76	0
17	63	0
93	76	0
51	59	0
40	94	0
96	45	0
69	79	0
48	84	0
24	45	0
99	75	0
2	45	0
38	37	0
19	31	0
30	75	0
31	67	0
95	16	0
54	36	0
75	9	0
45	78	0
64	20	0
61	39	0
73	73	0
24	56	0
67	58	0
30	98	0
33	63	0
31	3	0
62	24	0
24	99	0
6	76	0
64	74	0
80	44	0
17	85	0
15	47	0
90	74	0
26	46	0
36	77	0
33	88	0
59	38	0
32	4	0
22	47	0
76	90	0
97	78	0
66	95	0
70	13	0
11	52	0
62	6	0
55	27	0
56	29	0
73	10	0
26	63	0
16	79	0
44	63	0
65	31	0
27	76	0
84	25	0
57	83	0
33	72	0
24	13	0
91	78	0
28	76	0
47	1	0
5	88	0
80	22	0
95	69	0
84	85	0
84	32	0
0	81	0
14	75	0
99	48	0
63	66	0
43	45	0
46	69	0
73	75	0
42	69	0
18	80	0
35	67	0
72	2	0
4	58	0
67	98	0
67	36	0
24	90	0
87	69	0
46	16	0
40	63	0
15	75	0
33	94	0
67	29	0
68	17	0
23	41	0
97	59	0
62	46	0
74	42	0
11	87	0
56	12	0
23	76	0
70	68	0
63	61	0
71	56	0
60	2	0
21	6	0
4	58	0
85	54	0
56	14	0
74	55	0
46	90	0
59	52	0
91	35	0
94	12	0
20	58	0
91	72	0
14	80	0
20	26	0
93	50	0
37	96	0
46	39	0
49	1	0
19	89	0
73	31	0
37	48	0
32	72	0
44	6	0
20	76	0
88	86	0
87	73	0
56	36	0
80	66	0
16	85	0
47	43	0
63	0	0
66	23	0
32	24	0
55	6	0
56	17	0
52	28	0
73	25	0
33	48	0
27	43	0
54	40	0
67	67	0
86	87	0
43	99	0
73	6	0
93	56	0
66	13	0
11	62	0
20	10	0
87	36	0
63	30	0
80	69	0
18	43	0
53	63	0
62	12	0
35	91	0
30	82	0
50	76	0
95	53	0
46	23	0
52	1	0
26	39	0
76	45	0
73	8	0
66	94	0
28	6	0
67	87	0
7	67	0
41	77	0
35	25	0
5	56	0
8	16	0
82	4	0
29	39	0
74	13	0
37	6	0
3	7	0
78	17	0
24	66	0
29	48	0
93	26	0
79	55	0
12	32	0
23	41	0
4	57	0
39	88	0
14	72	0
12	1	0
30	94	0
54	56	0
41	13	0
13	13	0
53	32	0
48	80	0
36	70	0
79	96	0
29	31	0
23	56	0
32	45	0
55	72	0
77	99	0
50	13	0
66	3	0
31	10	0
48	14	0
54	12	0
17	58	0
83	47	0
63	4	0
22	50	0
59	4	0
55	62	0
46	53	0
40	53	0
80	83	0
76	43	0
21	68	0
53	52	0
22	19	0
97	11	0
43	2	0
59	29	0
59	26	0
25	41	0
14	74	0
58	72	0
14	70	0
38	92	0
32	82	0
39	28	0
39	33	0
87	54	0
63	38	0
15	70	0
74	77	0
6	25	1
63	91	0
30	29	0
66	19	0
69	90	0
73	2	0
91	62	0
75	43	0
44	24	0
41	41	0
36	40	0
93	80	0
13	20	0
65	23	0
80	7	0
14	53	0
44	78	0
73	74	0
74	10	0
5	61	0
92	40	0
57	95	0
3	18	0
67	6	0
53	62	0
35	71	0
63	49	0
18	35	0
54	40	0
68	91	0
60	55	0
36	25	0
80	69	0
23	42	0
19	79	0
79	85	0
47	19	0
4	83	0
68	12	0
91	26	0
67	37	0
19	57	0
64	17	0
23	25	0
64	46	0
16	91	0
69	53	0
47	4	0
80	54	0
35	27	0
31	77	0
43	7	0
80	40	0
9	7	0
61	97	0
15	91	0
29	36	0
56	63	0
58	31	0
13	88	0
12	38	0
23	46	0
59	4	0
91	38	0
67	23	0
86	95	0
29	66	0
19	26	0
42	23	0
36	28	0
90	8	0
53	59	0
79	77	0
29	45	0
59	95	0
69	59	0
44	82	0
75	6	0
71	48	0
76	14	0
65	17	0
46	23	0
33	29	0
94	9	0
62	22	0
4	77	0
93	3	0
99	82	0
10	96	0
11	24	0
85	66	0
40	51	0
29	2	0
89	82	0
81	63	0
26	99	0
65	33	0
78	44	0
92	58	0
11	21	0
85	80	0
27	78	0
77	76	0
29	94	0
98	65	0
31	49	0
19	82	0
99	80	0
38	27	0
25	34	0
70	69	0
61	98	0
44	73	0
13	13	0
42	75	0
60	59	0
38	64	0
34	72	0
83	22	0
14	88	0
82	51	0
21	74	0
39	67	0
42	74	0
93	34	0
46	33	0
17	47	0
1	23	0
68	41	0
99	75	0
57	18	0
79	94	0
75	93	0
30	35	0
47	19	0
21	55	0
25	74	0
7	24	1
34	31	0
49	72	0
61	87	0
35	32	0
72	84	0
57	30	0
39	9	0
70	36	0
23	76	0
46	15	0
11	57	0
95	83	0
61	99	0
51	55	0
80	8	0
43	61	0
4	29	1
4	25	1
43	48	0
88	60	0
91	0	0
0	68	0
78	9	0
90	87	0
70	18	0
30	1	0
24	66	0
74	70	0
37	83	0
50	77	0
83	24	0
21	74	0
57	21	0
65	79	0
61	92	0
31	91	0
95	12	0
91	17	0
66	16	0
43	89	0
11	99	0
4	88	0
75	62	0
71	64	0
95	64	0
8	48	0
87	47	0
68	61	0
9	15	0
80	68	0
64	71	0
22	47	0
12	66	0
39	27	0
41	42	0
15	61	0
61	50	0
46	53	0
94	41	0
81	33	0
77	4	0
69	36	0
53	92	0
3	20	1
14	17	0
20	55	0
77	55	0
98	82	0
74	73	0
98	81	0
22	41	0
52	74	0
55	38	0
38	64	0
80	47	0
0	33	0
22	71	0
40	25	0
80	69	0
66	96	0
53	64	0
7	24	1
29	68	0
28	12	0
80	67	0
27	75	0
52	35	0
86	79	0
99	84	0
11	99	0
38	53	0
14	75	0
78	82	0
39	47	0
59	61	0
45	82	0
79	69	0
26	33	0
18	60	0
85	76	0
72	60	0
88	51	0
44	85	0
56	80	0
66	33	0
32	20	0
84	29	0
44	26	0
88	3	0
19	87	0
18	27	0
2	13	0
38	95	0
94	70	0
23	35	0
93	51	0
19	99	0
17	72	0
26	0	0
97	92	0
25	23	0
7	78	0
71	97	0
44	66	0
83	70	0
23	80	0
83	28	0
20	26	0
36	80	0
29	70	0
30	23	0
25	31	0
22	40	0
97	63	0
83	14	0
52	15	0
74	6	0
91	47	0
37	13	0
50	28	0
91	33	0
9	49	0
43	89	0
11	50	0
14	85	0
79	58	0
54	96	0
55	47	0
75	84	0
42	24	0
93	75	0
38	68	0
95	48	0
9	69	0
61	50	0
23	68	0
71	36	0
6	31	0
59	38	0
87	77	0
84	82	0
89	90	0
23	81	0
19	41	0
47	44	0
43	64	0
36	28	0
22	12	0
38	61	0
11	52	0
61	4	0
73	80	0
83	54	0
92	9	0
14	44	0
8	7	0
81	88	0
10	78	0
52	28	0
56	38	0
74	15	0
17	1	0
55	13	0
13	43	0
0	36	0
50	15	0
51	2	0
2	27	1
33	78	0
62	23	0
35	98	0
82	5	0
36	42	0
54	63	0
68	13	0
93	63	0
59	66	0
45	66	0
46	98	0
84	93	0
17	16	0
92	59	0
15	58	0
86	75	0
56	80	0
16	35	0
19	57	0
99	46	0
28	79	0
91	96	0
68	83	0
49	5	0
39	57	0
81	54	0
36	86	0
70	43	0
88	71	0
72	30	0
10	66	0
15	60	0
90	89	0
73	36	0
59	65	0
56	5	0
12	17	0
80	62	0
32	26	0
14	65	0
37	55	0
53	50	0
34	7	0
61	33	0
6	79	0
19	50	0
12	64	0
4	50	0
85	64	0
22	20	0
55	22	0
97	17	0
85	8	0
48	63	0
0	74	0
58	31	0
33	25	0
11	14	0
18	17	0
78	64	0
67	24	0
36	37	0
41	76	0
55	76	0
14	86	0
28	69	0
51	81	0
26	45	0
80	96	0
52	32	0
38	83	0
22	12	0
53	13	0
9	41	0
59	46	0
70	12	0
31	76	0
85	65	0
65	54	0
48	50	0
42	13	0
3	77	0
80	69	0
67	53	0
50	42	0
73	67	0
71	78	0
73	40	0
65	9	0
94	77	0
82	12	0
0	75	0
73	60	0
1	30	0
4	25	1
27	0	0
50	31	0
2	7	0
7	46	0
24	72	0
31	98	0
36	51	0
98	32	0
4	48	0
60	90	0
26	82	0
6	28	1
99	63	0
39	65	0
8	20	0
87	49	0
25	1	0
62	22	0
60	1	0
14	6	0
25	80	0
42	59	0
84	77	0
68	46	0
13	3	0
32	31	0
51	7	0
7	28	0
2	72	0
73	5	0
41	65	0
52	42	0
70	95	0
16	41	0
14	96	0
91	46	0
26	22	0
91	80	0
57	64	0
66	32	0
49	35	0
95	21	0
90	64	0
21	58	0
15	90	0
29	43	0
0	90	0
5	95	0
86	17	0
36	51	0
2	93	0
52	3	0
66	8	0
47	51	0
25	16	0
67	41	0
39	27	0
8	82	0
28	33	0
59	4	0
9	43	0
95	49	0
99	9	0
51	53	0
35	2	0
40	23	0
17	97	0
61	80	0
25	64	0
9	10	0
45	23	0
8	79	0
0	72	0
68	45	0
78	47	0
54	37	0
12	77	0
22	30	0
85	76	0
66	30	0
51	78	0
63	92	0
25	14	0
10	90	0
66	18	0
63	79	0
37	43	0
94	71	0
34	75	0
99	20	0
83	19	0
99	23	0
80	88	0
43	55	0
25	77	0
73	14	0
39	4	0
66	82	0
62	76	0
17	45	0
66	53	0
62	81	0
78	21	0
93	51	0
6	67	0
59	45	0
23	30	0
92	29	0
67	38	0
68	14	0
92	93	0
76	74	0
51	72	0
77	35	0
60	69	0
15	96	0
31	9	0
6	93	0
17	76	0
54	63	0
63	97	0
79	14	0
91	94	0
77	1	0
11	3	0
86	74	0
68	11	0
97	28	0
77	68	0
53	42	0
15	58	0
61	85	0
63	72	0
2	47	0
9	42	0
44	94	0
5	80	0
53	2	0
46	45	0
8	67	0
35	29	0
16	31	0
12	45	0
99	51	0
53	37	0
4	45	0
26	92	0
88	66	0
0	14	0
85	94	0
28	79	0
64	46	0
42	59	0
98	41	0
63	42	0
1	7	0
9	9	0
3	49	0
16	52	0
97	77	0
76	51	0
99	68	0
10	53	0
76	62	0
19	79	0
0	2	0
74	78	0
3	20	0
26	66	0
36	3	0
28	28	0
6	72	0
43	90	0
0	8	0
67	49	0
53	60	0
80	61	0
81	78	0
41	90	0
34	23	0
7	64	0
3	15	0
37	66	0
48	49	0
60	55	0
80	15	0
