98	64	0
20	14	0
33	16	1
65	99	0
9	3	0
84	40	0
99	97	0
44	14	1
49	82	0
56	23	0
80	49	0
5	87	0
6	6	0
14	91	0
96	29	0
68	74	0
43	30	0
85	69	0
95	16	0
58	95	0
46	68	0
78	69	0
49	9	0
26	82	0
54	20	0
93	71	0
79	88	0
84	74	0
8	35	0
54	11	1
51	32	0
87	24	0
80	72	0
11	79	0
31	92	0
80	9	0
74	89	0
26	10	0
48	71	0
85	70	0
96	71	0
56	65	0
99	37	0
17	73	0
65	4	0
99	62	0
19	76	0
62	4	0
5	74	0
38	99	0
29	71	0
92	58	0
60	37	0
39	20	0
95	81	0
97	93	0
94	12	0
28	92	0
94	10	0
25	12	0
77	90	0
34	8	1
1	90	0
83	13	0
26	67	0
63	90	0
35	58	0
5	27	0
75	81	0
88	29	0
25	95	0
44	97	0
65	28	0
28	89	0
53	94	0
11	14	0
99	19	0
81	25	0
53	78	0
89	40	0
85	60	0
55	8	0
45	17	1
69	37	0
0	97	0
72	0	0
43	76	0
42	8	1
55	21	0
88	16	0
39	54	1
86	50	0
1	59	0
76	89	0
2	82	0
41	99	0
90	53	0
72	29	0
33	61	0
37	60	0
65	2	0
67	56	0
19	74	0
34	3	0
62	69	0
44	32	0
3	92	0
87	27	0
42	77	0
80	69	0
95	1	0
66	86	0
64	75	0
8	24	0
58	91	0
99	80	0
72	52	0
24	91	0
63	32	0
77	4	0
95	66	0
93	36	0
89	56	0
40	45	0
63	10	0
61	66	0
8	29	0
42	32	0
90	57	0
51	24	1
54	77	0
59	76	0
59	22	0
45	34	0
52	26	0
56	82	0
49	57	0
42	95	0
73	41	0
63	71	0
56	68	0
98	58	0
29	18	0
42	41	0
15	21	0
13	81	0
30	62	0
83	41	0
48	44	0
88	1	0
37	86	0
56	20	0
29	38	0
66	84	0
34	69	0
58	62	0
44	86	0
42	50	0
35	3	0
56	19	0
40	97	0
28	64	0
75	78	0
93	63	0
15	93	0
91	72	0
31	48	0
23	68	0
53	73	0
47	56	0
16	30	0
72	83	0
96	89	0
42	74	0
75	43	0
4	43	0
58	13	1
64	51	0
60	16	0
78	20	0
4	49	1
39	63	0
54	23	0
38	60	0
94	34	0
33	89	0
19	58	0
77	91	0
48	57	0
20	20	0
38	76	0
51	15	0
93	98	0
34	91	0
94	1	0
15	57	1
19	75	0
94	35	0
56	97	0
68	84	0
64	67	0
34	55	0
11	67	0
60	0	0
54	93	0
99	57	0
41	92	0
74	70	0
83	27	0
48	77	0
30	78	0
40	91	0
38	23	0
67	24	0
83	53	0
53	42	0
76	68	0
1	57	1
75	22	0
22	91	0
63	67	0
88	36	0
75	37	0
46	0	0
3	40	0
85	29	0
72	78	0
58	98	0
72	60	0
97	29	0
90	10	0
4	35	0
89	71	0
37	99	0
90	85	0
41	99	0
57	32	0
82	32	0
21	88	0
80	25	0
20	63	0
27	84	0
48	15	0
24	90	0
75	87	0
85	77	0
95	57	0
97	56	0
21	80	0
36	70	0
81	7	0
83	52	0
41	0	0
38	25	0
45	55	0
79	45	0
23	55	0
35	40	0
29	80	0
74	95	0
90	55	0
58	74	0
96	7	0
97	34	0
62	4	0
87	53	0
81	51	0
60	80	0
0	35	0
41	63	0
68	25	0
15	88	0
28	74	0
6	87	0
89	64	0
56	12	1
39	3	0
80	64	0
77	1	0
99	85	0
28	2	0
42	88	0
14	66	0
54	95	0
42	38	0
79	26	0
79	17	0
55	13	0
93	11	0
47	51	0
79	26	0
76	57	0
8	10	0
3	59	0
33	98	0
21	81	0
54	94	0
47	74	0
81	43	0
62	6	0
52	86	0
52	66	0
97	88	0
1	47	1
67	47	0
65	86	0
80	22	0
25	5	0
45	1	0
50	17	0
36	33	0
80	55	0
73	19	0
19	44	0
18	27	0
31	55	0
43	35	0
97	69	0
89	59	0
5	54	1
64	33	0
85	8	0
69	12	0
73	24	0
51	39	0
40	27	0
5	73	0
73	84	0
41	88	0
9	99	0
32	60	0
55	13	1
53	40	0
82	33	0
74	55	0
13	60	1
85	68	0
84	85	0
81	34	0
71	90	0
76	12	0
77	59	0
69	52	0
68	52	0
89	76	0
74	5	0
88	11	0
26	43	0
55	90	0
63	72	0
74	11	0
24	78	0
96	40	0
56	99	0
96	25	0
64	25	0
29	59	0
60	41	0
35	61	0
59	78	0
78	28	0
83	81	0
41	55	1
19	93	0
94	93	0
45	17	1
5	80	0
42	53	0
99	3	0
85	37	0
36	70	0
60	50	0
62	50	0
20	95	0
81	25	0
40	9	1
91	54	0
51	38	0
40	89	0
23	12	0
50	46	0
52	89	0
2	46	1
41	77	0
42	84	0
50	19	1
18	70	0
15	28	0
68	8	0
69	27	0
99	5	0
81	95	0
32	65	0
33	27	0
77	3	0
58	51	0
67	96	0
0	28	0
54	88	0
91	57	0
27	76	0
78	5	0
37	66	0
64	18	0
55	11	0
80	17	0
91	43	0
6	86	0
73	10	0
85	99	0
27	98	0
94	76	0
43	54	1
10	28	0
63	98	0
68	47	0
3	87	0
69	29	0
80	52	0
76	50	0
74	60	0
25	54	0
97	50	0
25	91	0
98	63	0
25	98	0
88	91	0
48	34	0
66	67	0
58	93	0
46	52	0
60	98	0
76	52	0
48	50	0
32	61	0
92	1	0
1	85	0
90	58	0
21	96	0
47	52	0
39	75	0
81	28	0
35	46	0
57	23	0
95	54	0
74	20	0
82	91	0
44	99	0
36	56	0
48	6	1
37	48	0
57	96	0
53	24	0
46	79	0
89	85	0
40	9	1
90	81	0
80	13	0
21	8	0
42	33	0
29	61	0
47	6	1
10	78	0
85	77	0
60	87	0
64	53	0
67	10	0
38	62	0
36	75	0
92	48	0
90	5	0
15	69	0
74	11	0
48	63	0
48	21	0
45	2	0
32	45	0
84	84	0
25	72	0
58	83	0
65	21	0
77	17	0
53	54	0
63	84	0
23	99	0
94	27	0
82	12	0
78	21	0
14	70	0
19	94	0
15	80	0
60	36	0
72	81	0
77	97	0
0	29	0
63	53	0
66	89	0
72	61	0
61	75	0
15	91	0
18	77	0
50	32	0
6	25	0
45	41	0
31	40	0
99	31	0
80	48	0
65	12	0
70	29	0
57	50	0
41	27	0
97	77	0
46	78	0
82	51	0
40	57	0
36	96	0
78	52	0
58	11	1
32	14	0
98	48	0
68	83	0
46	39	0
57	56	0
35	95	0
63	95	0
92	63	0
19	79	0
65	50	0
1	70	0
62	50	0
48	70	0
67	54	0
54	76	0
62	89	0
5	58	0
58	52	0
77	46	0
78	61	0
37	83	0
76	78	0
44	29	0
97	15	0
53	43	0
98	12	0
1	82	0
47	91	0
91	64	0
68	67	0
11	87	0
16	73	0
78	86	0
43	26	0
3	78	0
74	97	0
49	63	0
93	62	0
24	91	0
71	44	0
17	0	0
41	78	0
19	83	0
6	18	0
95	57	0
97	22	0
49	18	1
72	32	0
79	12	0
20	13	0
32	60	0
75	30	0
3	73	0
61	78	0
7	43	0
18	77	0
63	50	0
65	96	0
70	43	0
78	86	0
74	54	0
35	52	1
73	79	0
8	87	0
45	43	0
25	81	0
80	53	0
59	39	0
96	45	0
94	94	0
81	86	0
48	69	0
71	46	0
68	69	0
38	54	1
67	2	0
67	82	0
85	74	0
81	2	0
57	79	0
5	96	0
50	24	1
50	38	0
68	34	0
62	30	0
74	22	0
22	92	0
75	28	0
29	73	0
88	18	0
46	65	0
47	38	0
62	95	0
75	73	0
47	78	0
73	92	0
85	66	0
91	49	0
96	74	0
81	99	0
99	43	0
38	67	0
91	87	0
50	84	0
82	83	0
97	49	0
45	88	0
92	68	0
82	52	0
79	35	0
37	47	0
8	61	0
57	78	0
71	19	0
65	31	0
46	24	1
84	84	0
65	42	0
48	13	1
13	88	0
12	55	1
12	89	0
60	38	0
89	14	0
90	51	0
97	7	0
78	96	0
50	23	1
51	48	0
33	76	0
95	19	0
65	51	0
28	80	0
30	99	0
24	74	0
13	93	0
35	9	1
67	65	0
44	29	0
47	75	0
43	44	0
2	52	1
66	75	0
71	16	0
19	88	0
94	54	0
24	24	0
11	76	0
73	61	0
69	56	0
51	64	0
94	53	0
89	64	0
75	56	0
56	9	0
61	69	0
83	48	0
3	35	0
98	75	0
52	43	0
40	78	0
10	81	0
21	93	0
23	65	0
94	32	0
15	53	1
60	96	0
6	90	0
91	63	0
54	28	0
76	20	0
25	23	0
34	39	0
75	10	0
17	73	0
39	54	1
88	54	0
88	38	0
3	11	0
3	35	0
71	15	0
44	75	0
97	90	0
0	10	0
53	99	0
84	33	0
42	8	1
92	83	0
40	61	0
78	73	0
30	31	0
98	38	0
88	76	0
20	69	0
16	87	0
1	44	1
22	72	0
17	97	0
69	19	0
29	57	0
8	84	0
29	30	0
58	17	0
42	59	0
70	49	0
44	9	1
30	73	0
90	28	0
6	25	0
76	51	0
92	30	0
52	65	0
28	19	0
42	5	0
18	92	0
42	78	0
23	63	0
20	19	0
22	81	0
25	80	0
68	55	0
96	41	0
32	70	0
82	99	0
50	32	0
66	68	0
47	86	0
7	85	0
83	45	0
41	60	0
14	22	0
94	57	0
57	47	0
93	16	0
86	20	0
79	34	0
58	96	0
43	40	0
65	39	0
61	32	0
41	4	0
39	90	0
59	71	0
92	25	0
60	99	0
86	52	0
79	47	0
35	74	0
26	71	0
81	29	0
51	41	0
76	0	0
97	94	0
71	79	0
50	79	0
72	41	0
81	88	0
17	81	0
60	31	0
15	92	0
8	57	1
40	63	0
81	67	0
62	14	0
93	97	0
87	11	0
96	94	0
60	8	0
67	22	0
77	52	0
65	29	0
9	84	0
55	89	0
65	81	0
6	31	0
18	84	0
18	70	0
45	10	0
35	40	0
0	49	1
81	41	0
53	23	0
6	63	0
18	86	0
65	93	0
94	42	0
0	72	0
62	43	0
27	88	0
79	59	0
67	42	0
22	53	0
85	36	0
75	49	0
70	60	0
11	60	1
56	46	0
9	91	0
4	2	0
85	66	0
19	70	0
26	6	0
2	95	0
22	78	0
98	38	0
71	83	0
86	62	0
85	87	0
53	59	0
61	35	0
2	75	0
50	62	0
36	56	0
64	41	0
84	23	0
