93	61	0
27	5	0
29	26	0
64	97	0
12	0	0
85	41	0
95	92	0
50	10	0
58	79	0
60	28	0
81	49	0
9	81	0
13	0	0
14	85	0
97	21	0
74	74	0
52	45	0
17	62	1
92	58	0
97	14	0
48	99	0
59	67	0
74	73	0
50	5	0
29	71	0
58	15	0
93	71	0
73	96	0
92	82	0
9	42	0
55	8	0
49	27	0
99	28	0
15	57	1
76	65	0
14	88	0
37	93	0
81	15	0
77	91	0
38	10	0
40	63	0
84	65	0
93	70	0
51	62	0
95	48	0
15	79	0
68	2	0
97	71	0
15	71	0
67	9	0
3	77	0
50	91	0
29	71	0
95	67	0
57	37	0
39	36	0
89	83	0
95	91	0
97	6	0
18	94	0
99	12	0
26	3	0
74	90	0
35	1	0
4	86	0
85	16	0
31	77	0
62	95	0
37	60	0
5	31	0
69	81	0
11	49	1
86	34	0
26	88	0
50	99	0
65	27	0
27	88	0
55	98	0
1	16	0
97	11	0
79	16	0
49	75	0
87	40	0
94	58	0
55	17	0
34	10	0
67	48	0
4	95	0
59	3	0
43	64	0
44	9	0
56	30	0
83	24	0
35	57	0
88	47	0
9	62	0
82	94	0
2	87	0
45	93	0
87	53	0
72	16	0
36	68	0
33	60	0
61	5	0
71	54	0
9	63	0
31	2	0
13	46	1
40	48	1
63	82	0
44	37	0
8	93	0
79	32	0
39	82	0
72	73	0
92	8	0
73	89	0
65	71	0
24	24	0
62	95	0
96	82	0
72	61	0
23	95	0
66	35	0
34	20	0
74	10	0
15	55	1
96	70	0
94	32	0
87	50	0
38	46	0
54	0	0
66	71	0
13	25	0
46	28	0
96	54	0
50	25	0
57	77	0
55	81	0
50	19	0
38	41	0
59	29	0
8	48	1
14	52	1
62	88	0
46	61	0
41	93	0
69	38	0
72	65	0
58	66	0
96	62	0
24	18	0
47	48	0
13	15	0
17	76	0
24	67	0
82	43	0
40	47	0
91	2	0
36	86	0
52	25	0
36	41	0
76	81	0
28	61	0
54	63	0
44	95	0
31	51	0
40	14	0
55	15	0
38	98	0
30	63	0
79	79	0
92	65	0
19	94	0
96	71	0
29	51	0
23	74	0
49	72	0
52	61	0
12	31	0
73	88	0
97	80	0
39	69	0
73	36	0
4	46	0
59	9	0
72	60	0
56	16	0
80	16	0
18	44	1
0	51	0
41	60	0
63	33	0
46	67	0
89	29	0
33	95	0
23	57	0
42	15	1
79	88	0
44	56	0
27	11	0
24	76	0
61	13	0
98	93	0
45	89	0
97	5	0
8	65	0
15	70	0
99	30	0
48	89	0
60	76	0
70	68	0
44	64	0
18	76	0
18	50	0
58	2	0
16	58	1
58	90	0
97	54	0
41	86	0
80	68	0
84	22	0
56	78	0
28	85	0
35	92	0
39	24	0
72	27	0
82	43	0
56	45	0
70	68	0
1	45	0
66	22	0
19	95	0
67	68	0
79	41	0
65	30	0
49	1	0
4	44	0
88	24	0
35	25	1
69	72	0
60	96	0
76	54	0
94	34	0
95	11	0
1	30	0
83	77	0
33	96	0
89	83	0
37	99	0
59	35	0
75	27	0
18	88	0
82	24	0
23	58	0
29	72	0
48	14	0
31	97	0
82	88	0
79	77	0
93	52	0
96	55	0
14	82	0
37	68	0
84	12	0
73	46	0
35	20	1
38	5	0
46	28	0
49	51	0
83	48	0
25	57	0
40	45	0
29	78	0
72	90	0
85	56	0
58	77	0
84	5	0
92	39	0
61	11	0
30	40	1
86	43	0
73	52	0
66	72	0
4	36	0
37	70	0
60	29	0
15	93	0
30	84	0
11	88	0
89	76	0
47	19	0
39	1	0
37	50	1
75	66	0
67	4	0
89	90	0
29	5	0
51	96	0
15	62	0
51	91	0
46	37	0
6	46	0
75	35	0
77	14	0
46	19	0
80	10	0
40	57	0
11	52	1
78	17	0
78	56	0
6	8	0
6	64	0
35	97	0
15	84	0
45	98	0
47	66	0
71	40	0
65	7	0
46	83	0
45	71	0
99	80	0
2	55	0
64	48	0
72	80	0
85	19	0
33	7	0
42	0	0
51	15	0
43	28	0
79	55	0
62	15	0
18	48	0
26	16	0
36	58	0
44	38	0
87	73	0
84	61	0
1	49	0
52	39	0
91	8	0
67	14	0
73	21	0
52	41	0
41	33	0
0	77	0
68	89	0
36	75	0
12	99	0
23	69	0
55	4	0
47	38	0
91	44	0
88	50	0
13	64	0
81	70	0
79	83	0
83	26	0
77	92	0
76	3	0
72	66	0
77	56	0
63	51	0
85	78	0
67	4	0
95	16	0
32	51	0
53	94	0
66	73	0
82	14	0
26	73	0
94	21	0
58	97	0
91	22	0
62	23	0
33	56	0
65	37	0
37	54	0
50	87	0
80	30	0
33	19	1
82	81	0
41	55	0
18	93	0
95	98	0
49	28	0
3	88	0
53	49	0
95	8	0
81	39	0
25	66	0
66	54	0
59	49	0
15	97	0
83	24	0
36	13	0
86	50	0
48	44	0
36	90	0
16	7	0
53	59	0
50	87	0
4	47	0
42	79	0
43	83	0
53	26	0
21	80	0
14	29	0
75	1	0
73	20	0
97	3	0
87	89	0
25	67	0
40	26	0
82	2	0
72	54	0
72	99	0
1	22	0
56	95	0
96	60	0
33	79	0
83	5	0
46	63	0
74	24	0
63	6	0
44	12	1
39	11	1
96	12	0
84	43	0
13	89	0
79	14	0
88	99	0
24	96	0
97	69	0
45	45	0
12	31	0
76	97	0
57	50	0
5	83	0
68	36	0
75	44	0
70	45	0
78	70	0
32	65	0
94	59	0
33	98	0
92	70	0
21	97	0
92	91	0
43	34	0
63	60	0
60	92	0
47	62	0
57	98	0
78	47	0
42	43	0
33	55	0
90	2	0
1	84	0
94	62	0
18	88	0
46	64	0
44	82	0
81	37	0
33	51	0
52	23	0
86	53	0
67	18	0
83	92	0
44	97	0
43	57	0
48	10	0
38	45	0
54	98	0
48	17	0
44	70	0
85	73	0
36	9	0
90	87	0
72	8	0
13	9	0
44	37	0
19	72	0
42	1	0
9	78	0
88	81	0
61	89	0
63	44	0
65	1	0
39	66	0
41	72	0
94	53	0
99	4	0
12	69	0
81	9	0
50	68	0
49	28	0
32	3	0
34	55	0
81	87	0
32	70	0
47	80	0
64	28	0
73	32	0
52	55	0
64	92	0
27	96	0
99	15	0
88	20	0
72	13	0
12	62	0
30	97	0
22	89	0
63	41	0
76	82	0
74	94	0
8	35	0
53	41	0
65	85	0
73	65	0
59	79	0
14	92	0
19	75	0
41	30	0
46	14	1
10	32	0
43	39	0
38	44	0
98	27	0
81	43	0
74	10	0
73	35	0
58	51	0
44	25	0
97	78	0
48	85	0
88	62	0
36	65	0
38	92	0
79	51	0
24	47	1
74	22	0
34	15	0
96	50	0
74	88	0
45	42	0
7	50	1
46	10	1
50	56	0
40	87	0
65	93	0
95	61	0
15	82	0
64	46	0
11	63	0
61	45	0
43	74	0
56	56	0
44	75	0
64	79	0
1	61	0
59	63	0
75	50	0
87	57	0
30	76	0
69	86	0
44	20	0
94	15	0
52	44	0
95	10	0
7	82	0
41	87	0
85	58	0
8	46	1
75	71	0
15	88	0
16	79	0
80	84	0
43	27	0
2	73	0
71	98	0
51	60	0
94	65	0
24	99	0
82	45	0
13	2	0
38	69	0
21	81	0
35	15	0
7	15	0
86	57	0
99	21	0
49	13	0
76	36	0
81	15	0
20	7	0
31	61	0
77	32	0
5	70	0
56	84	0
2	44	0
18	78	0
71	51	0
52	98	0
73	49	0
74	84	0
79	59	0
44	50	0
79	74	0
7	79	0
38	39	0
25	78	0
79	50	0
71	37	0
91	53	0
93	94	0
86	91	0
45	69	0
73	43	0
60	58	0
29	23	1
29	20	1
38	55	0
4	46	0
65	3	0
69	81	0
90	79	0
87	12	0
54	86	0
2	95	0
52	15	0
52	24	0
70	27	0
57	26	0
34	19	1
80	12	0
30	94	0
69	22	0
33	86	0
95	19	0
43	71	0
59	39	0
66	95	0
77	70	0
41	82	0
66	93	0
87	67	0
89	43	0
17	53	1
95	81	0
75	94	0
15	59	1
99	49	0
36	70	0
96	87	0
52	85	0
33	13	1
80	79	0
94	44	0
52	87	0
78	69	0
92	51	0
78	38	0
32	51	0
2	59	0
61	78	0
66	21	0
55	34	0
42	14	0
88	85	0
13	50	1
68	35	0
41	12	1
45	19	0
10	86	0
11	63	0
8	86	0
66	42	0
97	22	0
96	30	0
99	0	0
76	97	0
5	54	0
61	19	0
57	50	0
33	81	0
95	22	0
61	51	0
38	88	0
26	99	0
33	71	0
19	98	0
33	7	0
68	70	0
47	23	0
43	73	0
50	47	0
9	44	0
68	62	0
66	13	0
26	89	0
98	59	0
23	45	1
16	28	0
15	69	0
80	63	0
63	59	0
49	51	0
96	49	0
98	66	0
70	49	0
59	12	0
71	63	0
85	44	0
8	38	0
87	79	0
55	39	0
23	81	0
8	82	0
28	98	0
24	58	0
96	26	0
2	50	0
58	91	0
8	82	0
90	67	0
45	28	0
83	26	0
17	24	0
31	36	0
73	14	0
24	76	0
37	53	0
91	51	0
90	41	0
6	2	0
5	50	0
46	16	0
0	45	0
72	5	0
44	68	0
27	28	1
93	88	0
0	11	0
48	96	0
92	34	0
38	0	0
91	87	0
45	66	0
72	65	0
35	35	0
99	37	0
92	77	0
13	61	0
15	75	0
0	42	0
18	68	0
12	91	0
69	19	0
29	56	0
8	91	0
26	24	0
57	15	0
37	71	0
69	45	0
44	6	0
37	74	0
93	26	0
3	25	0
72	49	0
89	26	0
44	55	0
28	20	0
46	6	0
18	92	0
49	68	0
31	57	0
22	19	0
14	89	0
24	83	0
58	48	0
92	47	0
32	66	0
83	93	0
50	29	0
69	71	0
47	90	0
2	85	0
83	43	0
44	57	0
11	17	0
99	68	0
50	54	0
95	19	0
83	11	0
85	34	0
57	95	0
48	45	0
47	35	0
65	29	0
39	5	0
45	95	0
45	72	0
17	41	1
90	32	0
61	92	0
90	46	0
82	49	0
38	73	0
29	68	0
78	34	0
53	40	0
72	5	0
98	92	0
76	80	0
46	72	0
70	43	0
71	89	0
11	76	0
55	18	0
22	97	0
8	58	0
46	58	0
77	79	0
60	13	0
96	99	0
88	15	0
97	99	0
64	6	0
72	23	0
68	55	0
57	26	0
20	89	0
55	84	0
74	78	0
6	32	0
12	78	0
12	71	0
37	9	0
39	44	0
14	51	1
0	45	0
79	43	0
47	23	0
13	64	0
18	84	0
58	99	0
88	42	0
3	71	0
65	47	0
28	78	0
77	65	0
72	35	0
5	51	0
26	52	0
84	36	0
67	52	0
83	55	0
13	67	0
63	53	0
2	92	0
5	6	0
86	63	0
20	66	0
17	3	0
0	93	0
21	84	0
92	38	0
72	81	0
86	62	0
86	89	0
50	69	0
64	33	0
3	73	0
48	64	0
33	62	0
59	48	0
93	20	0
