86	69	0
45	19	0
37	27	0
46	94	0
10	9	0
97	37	0
99	88	0
38	9	0
63	82	0
46	17	0
96	42	0
5	77	0
18	7	0
19	65	0
97	18	0
83	79	0
59	30	0
22	49	0
95	66	0
95	10	0
42	92	0
61	71	0
81	86	0
51	0	0
42	80	0
58	6	0
86	77	0
65	87	0
82	75	0
4	27	0
55	26	0
39	18	0
84	33	0
38	55	0
90	58	0
8	89	0
42	98	0
94	24	0
76	89	0
48	2	0
24	61	0
91	59	0
93	72	0
53	70	0
93	54	0
4	82	0
24	36	1
65	1	0
91	62	0
17	69	0
65	4	0
6	78	0
50	94	0
35	74	0
95	66	0
50	34	0
27	28	0
87	79	0
99	96	0
99	18	0
11	92	0
92	19	0
40	0	0
72	78	0
46	11	0
6	90	0
83	10	0
45	80	0
72	99	0
52	68	0
6	33	0
70	90	0
27	37	0
14	61	0
89	33	0
14	38	0
27	87	0
49	98	0
64	25	0
30	94	0
61	96	0
2	24	0
96	12	0
91	24	0
39	58	0
76	36	0
19	35	1
79	52	0
26	32	1
43	10	0
38	4	0
66	39	0
16	99	0
61	14	0
56	90	0
39	5	0
46	28	0
86	45	0
36	69	0
74	43	0
8	61	0
77	82	0
1	74	0
26	93	0
96	53	0
61	8	0
45	69	0
27	59	0
59	4	0
68	52	0
1	58	0
34	0	0
22	46	0
41	34	0
73	94	0
56	45	0
22	99	0
86	4	0
54	76	0
82	83	0
98	6	0
64	76	0
48	75	0
34	10	0
58	93	0
93	78	0
76	64	0
25	98	0
67	36	0
34	19	0
14	44	0
75	13	0
15	65	0
93	65	0
99	29	0
86	34	0
35	54	0
58	18	0
84	72	0
17	17	0
32	10	0
78	63	0
39	34	0
70	77	0
70	90	0
53	27	0
43	29	0
56	42	0
15	40	0
30	58	0
17	62	0
76	81	0
43	53	0
41	96	0
79	45	0
82	70	0
55	85	0
27	33	1
96	69	0
13	28	0
49	46	0
22	11	0
29	87	0
39	78	0
86	32	0
39	38	0
72	13	0
40	81	0
56	26	0
46	46	0
81	81	0
28	61	0
55	73	0
35	87	0
38	45	0
38	14	0
52	9	0
26	73	0
25	83	0
77	81	0
94	69	0
29	87	0
27	34	1
93	69	0
29	50	0
26	84	0
52	71	0
40	54	0
26	13	0
14	28	0
72	94	0
88	85	0
60	76	0
67	33	0
4	60	0
57	8	0
78	28	0
65	25	0
70	30	0
14	66	0
1	55	0
55	51	0
76	24	0
37	63	0
92	35	0
33	97	0
25	62	0
39	19	0
79	78	0
35	59	0
31	8	0
16	89	0
59	11	0
92	93	0
72	92	0
94	7	0
6	80	0
21	63	0
90	38	0
55	73	0
44	39	0
55	62	0
49	71	0
51	64	0
14	74	0
27	56	0
71	1	0
4	65	0
62	84	0
90	41	0
42	91	0
78	59	0
62	28	0
45	70	0
19	87	0
39	98	0
51	38	0
74	34	0
25	32	1
87	62	0
77	42	0
72	66	0
2	52	0
51	17	0
11	87	0
59	63	0
57	40	0
66	36	0
51	24	0
5	59	0
83	21	0
46	9	0
71	64	0
49	76	0
73	37	0
98	34	0
94	0	0
2	58	0
98	74	0
22	96	0
93	74	0
38	93	0
56	36	0
55	11	0
19	91	0
71	30	0
42	68	0
40	79	0
48	9	0
28	95	0
82	87	0
68	88	0
76	41	0
90	75	0
20	93	0
46	61	0
64	1	0
68	33	0
33	13	0
37	1	0
55	8	0
59	58	0
77	43	0
43	47	0
35	52	0
36	72	0
70	86	0
83	68	0
60	79	0
86	0	0
82	39	0
66	3	0
22	43	0
27	28	0
76	43	0
62	40	0
70	66	0
10	34	0
40	64	0
62	23	0
26	86	0
22	88	0
27	74	0
96	68	0
45	18	0
35	2	0
24	54	0
88	66	0
59	13	0
76	92	0
8	3	0
56	98	0
1	71	0
37	89	0
41	32	0
3	59	0
83	19	0
23	36	1
73	2	0
49	15	0
87	9	0
38	47	0
23	48	0
77	29	0
85	56	0
12	23	0
27	36	1
6	61	0
35	99	0
1	89	0
47	91	0
57	72	0
51	40	0
64	17	0
40	86	0
45	70	0
87	92	0
24	27	0
15	55	0
24	43	0
61	63	0
71	85	0
33	21	0
79	23	0
37	4	0
54	3	0
59	21	0
37	47	0
80	71	0
90	14	0
22	42	0
49	18	0
53	48	0
43	33	0
34	55	0
81	75	0
80	51	0
15	52	0
56	34	0
96	9	0
62	6	0
50	27	0
51	35	0
30	28	0
2	70	0
66	77	0
28	76	0
25	92	0
24	96	0
55	14	0
44	35	0
99	41	0
83	51	0
0	79	0
85	71	0
72	76	0
77	31	0
73	82	0
83	5	0
87	59	0
74	56	0
41	22	0
59	47	0
27	48	0
82	83	0
67	15	0
94	4	0
28	45	0
34	92	0
73	71	0
82	19	0
10	65	0
96	28	0
38	95	0
85	18	0
68	48	0
38	53	0
55	41	0
22	41	0
32	45	0
61	84	0
83	33	0
36	15	0
71	70	0
23	65	0
11	97	0
93	87	0
34	38	0
4	84	0
59	38	0
88	19	0
83	44	0
6	67	0
63	32	0
47	28	0
44	40	0
8	97	0
77	22	0
54	5	0
86	47	0
51	43	0
24	75	0
14	2	0
57	61	0
60	90	0
2	51	0
45	69	0
38	79	0
52	29	0
18	94	0
6	46	0
21	44	0
61	15	0
88	30	0
93	16	0
76	89	0
22	56	0
34	27	0
41	26	0
79	2	0
70	62	0
73	93	0
16	42	0
58	91	0
98	64	0
39	81	0
70	10	0
66	52	0
69	22	0
76	9	0
45	23	0
44	14	0
98	0	0
84	36	0
6	76	0
82	9	0
90	97	0
17	94	0
98	68	0
50	56	0
16	30	0
93	96	0
59	46	0
6	95	0
70	29	0
72	38	0
69	58	0
82	64	0
25	77	0
83	69	0
35	90	0
96	80	0
36	96	0
97	78	0
27	34	1
39	28	0
53	69	0
64	96	0
44	64	0
71	99	0
66	51	0
32	60	0
32	65	0
80	14	0
11	83	0
93	49	0
22	87	0
53	72	0
45	83	0
86	43	0
36	53	0
21	33	1
48	24	0
86	51	0
65	16	0
87	90	0
57	89	0
42	53	0
56	1	0
39	42	0
49	92	0
33	21	0
50	60	0
74	74	0
36	22	0
96	94	0
45	18	0
20	6	0
56	27	0
23	77	0
40	10	0
18	59	0
91	93	0
61	87	0
59	55	0
64	9	0
41	69	0
50	51	0
99	52	0
88	1	0
5	68	0
76	2	0
58	73	0
69	30	0
44	15	0
35	64	0
81	78	0
35	69	0
42	79	0
84	29	0
22	50	0
67	28	0
43	66	0
66	86	0
33	95	0
83	8	0
98	24	0
67	13	0
28	81	0
18	98	0
18	82	0
67	41	0
75	69	0
72	81	0
13	44	0
79	38	0
70	68	0
79	77	0
58	68	0
14	71	0
16	65	0
49	26	0
38	19	0
2	34	0
43	56	0
32	45	0
84	29	0
80	36	0
74	2	0
75	45	0
53	66	0
19	64	0
54	22	0
91	87	0
52	90	0
73	62	0
29	52	0
44	81	0
68	46	0
35	52	0
81	25	0
23	49	0
36	24	0
88	52	0
92	94	0
55	55	0
2	64	0
48	7	0
58	59	0
23	86	0
40	31	0
83	91	0
98	71	0
17	83	0
67	50	0
5	70	0
82	55	0
33	57	0
51	55	0
36	80	0
58	74	0
3	52	0
81	70	0
66	60	0
85	46	0
16	65	0
62	86	0
53	22	0
96	29	0
51	31	0
97	12	0
11	87	0
32	34	0
35	64	0
84	56	0
28	57	0
81	66	0
15	99	0
21	84	0
98	89	0
51	30	0
8	73	0
82	97	0
40	62	0
87	63	0
19	92	0
93	26	0
27	5	0
35	79	0
35	72	0
35	13	0
14	40	0
3	23	0
84	66	0
94	13	0
59	11	0
82	27	0
96	33	0
33	10	0
32	53	0
97	37	0
8	57	0
51	95	0
5	52	0
24	82	0
68	50	0
53	96	0
76	57	0
69	84	0
41	34	0
77	63	0
38	58	0
83	59	0
12	69	0
53	30	0
30	79	0
82	38	0
70	31	0
82	73	0
96	99	0
86	79	0
54	69	0
68	39	0
46	73	0
41	21	0
31	10	0
29	75	0
5	39	0
60	1	0
61	86	0
74	84	0
81	4	0
13	45	0
54	76	0
17	98	0
63	3	0
60	41	0
57	25	0
40	25	0
19	35	1
49	15	0
80	4	0
42	95	0
68	28	0
31	93	0
92	13	0
29	53	0
47	62	0
70	28	0
86	81	0
61	72	0
40	66	0
50	96	0
74	72	0
84	45	0
15	74	0
80	84	0
85	98	0
25	30	1
15	54	0
95	44	0
28	73	0
99	91	0
59	98	0
39	5	0
70	65	0
88	61	0
63	85	0
75	55	0
93	71	0
74	36	0
14	51	0
3	65	0
66	76	0
74	39	0
51	55	0
50	2	0
32	16	0
94	77	0
15	54	0
27	52	0
58	35	0
38	13	0
52	30	0
21	87	0
23	36	1
0	59	0
15	82	0
75	51	0
78	21	0
88	38	0
80	3	0
53	85	0
11	48	0
52	29	0
60	54	0
47	83	0
89	12	0
25	35	1
64	55	0
46	90	0
17	92	0
36	62	0
35	86	0
36	23	0
76	78	0
47	34	0
44	81	0
59	37	0
12	38	0
63	61	0
64	17	0
21	82	0
87	42	0
28	38	0
29	49	0
23	17	0
0	63	0
80	67	0
78	65	0
39	52	0
84	56	0
80	72	0
74	34	0
67	18	0
79	78	0
77	17	0
8	59	0
81	84	0
26	27	0
65	30	0
13	62	0
1	88	0
32	94	0
35	56	0
99	29	0
5	50	0
58	91	0
7	92	0
89	61	0
58	53	0
84	28	0
15	6	0
43	33	0
71	2	0
10	81	0
47	55	0
94	61	0
78	38	0
9	6	0
13	45	0
67	15	0
10	74	0
81	1	0
50	71	0
40	27	0
86	92	0
14	18	0
30	96	0
94	58	0
30	13	0
89	95	0
49	56	0
66	60	0
41	37	0
97	26	0
91	89	0
3	65	0
8	69	0
8	51	0
19	80	0
13	99	0
71	26	0
40	53	0
11	90	0
45	17	0
71	12	0
39	60	0
63	56	0
50	23	0
33	69	0
31	30	0
89	23	0
2	41	0
77	64	0
86	8	0
57	46	0
29	18	0
48	6	0
14	95	0
54	66	0
41	63	0
35	13	0
10	96	0
3	92	0
67	49	0
95	35	0
32	26	0
24	64	0
88	94	0
49	30	0
63	74	0
64	89	0
10	82	0
75	31	0
53	57	0
14	40	0
90	76	0
56	61	0
96	16	0
78	14	0
89	23	0
64	91	0
43	62	0
42	55	0
67	13	0
44	6	0
63	96	0
67	64	0
17	53	0
71	37	0
54	92	0
85	33	0
89	56	0
34	77	0
50	55	0
23	29	0
86	24	0
31	54	0
84	8	0
99	96	0
73	59	0
58	82	0
71	35	0
68	81	0
10	95	0
35	6	0
11	85	0
18	61	0
59	72	0
71	86	0
68	10	0
97	98	0
90	9	0
93	86	0
59	6	0
82	31	0
78	52	0
53	44	0
24	87	0
63	95	0
64	79	0
27	48	0
6	30	0
22	89	0
12	63	0
47	6	0
41	47	0
19	67	0
41	42	0
6	40	0
98	55	0
43	24	0
15	59	0
31	82	0
67	77	0
95	61	0
7	66	0
65	47	0
24	61	0
76	43	0
53	38	0
2	47	0
24	48	0
84	52	0
70	56	0
89	53	0
2	68	0
60	53	0
5	86	0
7	18	0
92	71	0
15	60	0
37	7	0
40	20	0
13	99	0
17	82	0
86	39	0
68	67	0
74	60	0
72	84	0
39	62	0
57	44	0
6	69	0
42	66	0
33	47	0
65	56	0
77	21	0
