85	61	0
44	11	0
33	30	0
57	96	0
12	8	0
94	38	0
94	90	0
42	6	0
64	82	0
47	15	0
85	43	0
2	80	0
18	7	0
19	64	0
98	24	0
80	77	0
58	29	0
19	52	0
89	61	0
96	11	0
48	91	0
61	71	0
77	82	0
53	0	0
36	82	0
54	9	0
81	74	0
63	84	0
86	76	0
2	24	0
57	21	0
40	16	0
87	36	0
31	52	0
84	60	0
6	86	0
37	97	0
94	28	0
72	92	0
48	0	0
25	68	0
92	57	0
92	70	0
54	69	0
98	52	0
8	79	0
21	40	1
68	0	0
96	64	0
18	69	0
64	5	0
13	77	0
55	93	0
37	76	0
99	70	0
50	30	0
27	26	0
93	77	0
95	98	0
97	11	0
15	97	0
96	17	0
38	9	0
76	76	0
42	11	0
9	98	0
79	6	0
41	85	0
73	97	0
47	64	0
3	33	0
67	93	0
26	34	1
12	55	0
91	32	0
26	41	1
26	88	0
53	98	0
60	28	0
31	98	0
59	98	0
1	22	0
99	8	0
92	19	0
38	59	0
81	43	0
22	38	1
80	56	0
51	10	0
39	7	0
71	45	0
15	96	0
58	7	0
54	84	0
43	3	0
47	31	0
85	43	0
36	66	0
74	44	0
11	61	0
75	85	0
5	76	0
32	97	0
97	58	0
63	7	0
45	67	0
33	64	0
64	2	0
71	51	0
1	59	0
32	2	0
17	43	0
41	31	0
66	89	0
54	50	0
17	93	0
87	8	0
50	79	0
81	82	0
97	2	0
67	83	0
53	67	0
30	7	0
55	98	0
98	74	0
69	64	0
24	96	0
64	36	0
34	17	0
17	44	0
78	8	0
6	64	0
95	62	0
98	22	0
83	36	0
37	54	0
50	14	0
82	75	0
19	15	0
33	11	0
85	63	0
43	40	0
67	71	0
66	91	0
50	32	0
48	33	0
59	37	0
15	44	0
31	54	0
25	55	0
79	84	0
43	56	0
29	99	0
74	43	0
73	65	0
55	79	0
31	36	1
92	71	0
18	31	0
53	50	0
13	10	0
24	83	0
34	75	0
88	34	0
44	38	0
77	11	0
42	84	0
52	25	0
49	46	0
73	78	0
28	65	0
49	76	0
33	84	0
33	47	0
44	13	0
52	6	0
33	71	0
26	83	0
78	76	0
93	68	0
25	90	0
93	68	0
30	54	0
28	85	0
57	69	0
35	53	0
24	14	0
8	28	1
74	96	0
91	82	0
57	64	0
76	33	0
2	53	0
58	6	0
77	37	0
63	28	0
70	28	0
18	63	0
6	52	0
51	54	0
76	19	0
42	60	0
92	29	0
34	94	0
24	65	0
38	22	0
80	79	0
37	56	0
36	8	0
17	83	0
54	13	0
94	84	0
64	92	0
94	2	0
7	77	0
24	63	0
92	28	0
51	82	0
45	36	0
56	62	0
49	72	0
49	68	0
21	79	0
28	59	0
67	2	0
2	60	0
58	79	0
94	42	0
41	90	0
75	62	0
63	31	0
49	71	0
23	87	0
38	93	0
55	37	0
74	37	0
84	59	0
71	38	0
65	65	0
9	45	0
50	17	0
8	85	0
67	57	0
66	42	0
65	28	0
53	19	0
8	59	0
85	16	0
39	11	0
67	66	0
53	75	0
71	32	0
96	36	0
95	8	0
7	58	0
96	73	0
22	99	0
91	71	0
34	93	0
56	29	0
62	18	0
16	86	0
71	32	0
42	65	0
35	69	0
43	8	0
32	98	0
80	89	0
71	90	0
81	43	0
92	73	0
24	93	0
40	65	0
62	6	0
72	38	0
32	15	0
36	2	0
50	15	0
50	61	0
75	43	0
34	48	0
38	52	0
36	74	0
74	88	0
79	67	0
59	78	0
82	1	0
83	44	0
63	1	0
18	46	0
30	37	1
77	43	0
67	53	0
67	67	0
13	35	0
41	70	0
58	22	0
24	86	0
29	91	0
27	69	0
94	64	0
47	13	0
36	2	0
31	52	0
77	69	0
62	12	0
72	90	0
11	6	0
52	97	0
2	69	0
38	93	0
43	36	0
3	56	0
84	25	0
24	30	1
75	5	0
50	15	0
88	15	0
36	53	0
16	52	0
73	22	0
85	60	0
7	18	0
1	65	0
30	94	0
3	85	0
48	97	0
56	74	0
50	38	0
61	11	0
42	85	0
42	66	0
80	94	0
30	27	0
8	57	0
28	47	0
63	57	0
71	83	0
26	20	0
79	27	0
37	0	0
46	1	0
59	19	0
30	43	0
78	72	0
88	8	0
16	39	0
53	18	0
51	52	0
44	35	0
31	50	0
83	76	0
74	60	0
12	51	0
55	30	0
97	8	0
58	9	0
55	28	0
49	37	0
40	28	0
0	72	0
60	82	0
27	74	0
20	91	0
29	98	0
60	13	0
37	32	0
96	48	0
86	59	0
3	75	0
83	71	0
69	71	0
79	24	0
76	85	0
81	8	0
78	62	0
78	61	0
38	22	0
63	54	0
25	50	0
88	81	0
72	22	0
96	16	0
31	50	0
39	92	0
69	70	0
85	11	0
12	66	0
95	27	0
47	99	0
79	18	0
69	45	0
43	54	0
57	40	0
27	42	0
34	46	0
57	87	0
81	29	0
35	21	0
70	73	0
29	69	0
9	97	0
86	95	0
37	35	0
1	84	0
60	31	0
90	20	0
81	43	0
7	62	0
59	35	0
45	29	0
43	41	0
11	96	0
82	23	0
53	3	0
89	42	0
46	49	0
26	77	0
16	2	0
55	60	0
52	93	0
11	52	0
41	72	0
36	77	0
56	37	0
17	87	0
5	51	0
24	42	1
59	12	0
91	30	0
94	9	0
77	84	0
18	62	0
26	33	0
43	25	0
84	1	0
70	62	0
77	90	0
11	47	0
66	91	0
98	64	0
34	89	0
71	5	0
60	52	0
64	24	0
76	10	0
46	30	0
42	14	0
99	3	0
84	33	0
10	82	0
82	13	0
91	99	0
24	93	0
95	65	0
44	55	0
10	24	0
90	91	0
63	43	0
0	97	0
66	37	0
73	38	0
73	52	0
83	66	0
27	75	0
86	65	0
33	89	0
99	83	0
34	92	0
99	75	0
28	33	1
37	28	0
60	66	0
63	98	0
46	65	0
74	97	0
68	50	0
33	64	0
38	67	0
84	8	0
9	85	0
92	52	0
21	87	0
51	74	0
44	81	0
89	41	0
38	51	0
28	39	1
44	26	0
83	53	0
66	13	0
91	90	0
62	90	0
43	51	0
51	6	0
37	40	0
55	83	0
35	25	0
46	64	0
75	70	0
40	19	0
98	93	0
49	18	0
21	5	0
55	22	0
20	77	0
37	0	0
15	59	0
91	92	0
55	85	0
61	55	0
60	3	0
41	69	0
45	47	0
97	56	0
84	6	0
4	66	0
77	1	0
57	75	0
62	30	0
42	12	0
37	65	0
88	82	0
32	74	0
38	84	0
80	28	0
22	49	0
62	31	0
42	68	0
62	82	0
31	97	0
87	5	0
98	24	0
72	17	0
27	75	0
25	98	0
26	76	0
68	41	0
84	73	0
77	87	0
14	47	0
77	41	0
69	75	0
79	76	0
56	75	0
20	77	0
16	65	0
47	24	0
36	13	0
3	34	0
41	57	0
30	46	0
84	27	0
84	36	0
72	2	0
80	46	0
52	60	0
20	65	0
53	28	0
89	84	0
49	96	0
78	64	0
30	56	0
37	88	0
73	47	0
27	47	0
78	28	0
22	49	0
37	18	0
91	53	0
85	91	0
53	54	0
14	61	0
53	8	0
60	53	0
31	84	0
36	30	0
81	89	0
94	67	0
15	80	0
66	44	0
10	68	0
82	58	0
30	60	0
51	59	0
34	79	0
58	65	0
4	55	0
75	63	0
66	55	0
80	45	0
22	76	0
60	84	0
54	17	0
92	19	0
52	33	0
99	12	0
7	82	0
36	38	0
34	67	0
85	64	0
24	56	0
80	72	0
19	95	0
16	86	0
92	91	0
47	25	0
10	66	0
78	90	0
47	66	0
82	56	0
24	93	0
93	31	0
26	7	0
31	83	0
28	79	0
28	12	0
16	46	0
9	27	0
78	69	0
98	20	0
56	14	0
75	27	0
87	33	0
30	9	0
37	55	0
94	38	0
9	59	0
52	94	0
6	55	0
31	84	0
67	54	0
55	97	0
78	53	0
70	85	0
33	37	0
74	59	0
44	56	0
76	64	0
9	69	0
54	29	0
30	85	0
82	38	0
74	26	0
85	72	0
95	93	0
84	80	0
49	69	0
70	40	0
54	72	0
40	20	0
33	8	0
36	79	0
1	40	0
63	4	0
59	90	0
84	84	0
82	5	0
16	41	0
58	82	0
17	96	0
60	5	0
57	45	0
58	20	0
43	22	0
16	35	1
49	17	0
82	10	0
41	97	0
69	28	0
27	98	0
95	18	0
22	44	0
44	63	0
68	26	0
79	92	0
68	74	0
45	63	0
57	91	0
75	68	0
86	48	0
13	63	0
80	84	0
82	99	0
18	63	0
92	48	0
30	75	0
97	87	0
54	94	0
42	16	0
74	70	0
89	60	0
58	81	0
72	61	0
93	67	0
68	36	0
17	57	0
2	62	0
65	75	0
71	37	0
55	49	0
49	1	0
32	21	0
95	70	0
13	54	0
28	49	0
60	27	0
42	14	0
57	27	0
18	96	0
9	58	0
21	78	0
71	51	0
79	22	0
91	33	0
92	1	0
59	87	0
9	53	0
55	30	0
56	53	0
45	78	0
92	15	0
59	54	0
43	86	0
20	90	0
41	59	0
28	90	0
36	18	0
74	75	0
46	34	0
41	80	0
57	40	0
8	45	0
65	61	0
64	12	0
24	83	0
91	42	0
22	42	1
25	54	0
21	15	0
3	66	0
78	66	0
71	65	0
44	53	0
81	55	0
87	66	0
65	36	0
68	23	0
81	69	0
81	22	0
1	51	0
76	86	0
30	32	0
63	35	0
8	64	0
0	89	0
35	93	0
36	55	0
94	25	0
4	47	0
60	94	0
7	90	0
87	60	0
48	44	0
82	26	0
12	9	0
48	31	0
72	4	0
22	86	0
53	44	0
96	62	0
87	34	0
10	2	0
10	45	0
61	16	0
7	58	0
83	4	0
51	73	0
41	26	0
89	92	0
10	18	0
30	93	0
94	53	0
30	12	0
90	97	0
49	60	0
64	60	0
41	34	0
90	29	0
91	91	0
6	58	0
7	71	0
13	50	0
20	83	0
20	97	0
62	28	0
36	54	0
13	89	0
43	20	0
69	14	0
35	60	0
60	48	0
49	14	0
34	72	0
36	30	0
88	19	0
4	35	0
76	56	0
91	14	0
54	44	0
36	17	0
49	4	0
15	90	0
45	71	0
44	64	0
36	8	0
17	92	0
8	86	0
67	47	0
96	34	0
31	30	0
28	61	0
85	89	0
52	29	0
66	72	0
60	86	0
7	79	0
74	36	0
46	57	0
12	40	0
95	75	0
51	64	0
91	16	0
76	18	0
89	20	0
67	93	0
54	65	0
44	47	0
66	20	0
41	7	0
60	91	0
64	66	0
17	55	0
73	34	0
46	94	0
91	31	0
90	62	0
31	77	0
48	55	0
26	33	1
85	32	0
40	53	0
82	4	0
94	93	0
67	67	0
52	79	0
72	37	0
67	89	0
14	85	0
41	4	0
12	93	0
16	65	0
53	66	0
77	80	0
66	15	0
97	95	0
92	10	0
97	90	0
61	11	0
82	27	0
73	56	0
52	39	0
10	82	0
56	99	0
69	85	0
35	48	0
9	33	0
21	95	0
15	63	0
41	9	0
40	45	0
18	66	0
36	43	0
2	44	0
94	58	0
43	26	0
16	62	0
31	84	0
64	79	0
92	56	0
4	74	0
65	46	0
24	59	0
76	46	0
57	33	0
1	51	0
27	47	0
83	56	0
67	54	0
83	54	0
4	66	0
62	55	0
5	79	0
4	9	0
87	73	0
14	62	0
29	1	0
36	17	0
12	96	0
18	80	0
94	38	0
63	72	0
78	61	0
81	80	0
46	62	0
59	42	0
5	70	0
44	71	0
33	53	0
67	60	0
79	17	0
