90	66	0
34	1	0
34	36	0
61	98	0
19	7	0
99	42	0
99	86	0
48	8	0
56	77	0
56	22	0
90	51	0
2	87	0
13	0	0
24	83	0
95	23	0
75	77	0
55	36	0
16	57	0
88	60	0
97	9	0
45	95	0
58	66	0
71	88	0
52	6	0
32	76	0
46	16	0
88	73	0
64	88	0
90	75	0
2	31	0
52	15	0
42	19	0
93	32	0
25	55	0
83	67	0
14	88	0
31	98	0
91	21	0
76	85	0
40	5	0
28	66	0
88	67	0
93	71	0
54	65	0
99	47	0
4	80	0
65	2	0
98	63	0
16	68	0
72	12	0
12	78	0
64	93	0
33	73	0
99	74	0
44	39	0
33	23	0
89	83	0
98	98	0
98	5	0
19	99	0
98	12	0
32	6	0
69	78	0
35	6	0
10	95	0
89	8	0
34	79	0
65	91	0
40	62	0
4	34	0
71	87	0
13	63	0
94	31	0
29	85	0
55	98	0
63	34	0
31	99	0
62	97	0
4	20	0
98	7	0
95	25	0
45	67	0
82	37	0
92	56	0
48	17	0
31	8	0
67	50	0
8	96	0
49	5	0
49	79	0
46	1	0
56	36	0
82	35	0
33	63	0
76	45	0
4	58	0
79	91	0
2	88	0
35	96	0
95	58	0
66	11	0
39	73	0
39	64	0
65	4	0
66	53	0
5	67	0
34	7	0
10	40	0
37	44	0
62	78	0
42	44	0
15	99	0
81	14	0
46	87	0
77	68	0
99	9	0
77	90	0
51	77	0
38	21	0
58	96	0
95	71	0
77	64	0
17	96	0
64	29	0
31	14	0
18	41	1
77	10	0
9	57	0
98	68	0
98	17	0
79	42	0
42	46	0
57	4	0
78	70	0
21	20	0
33	27	0
99	58	0
40	39	0
64	81	0
62	83	0
48	28	0
44	43	0
61	38	0
12	44	0
28	45	1
19	54	0
82	90	0
46	58	0
36	99	0
75	43	0
75	66	0
53	72	0
86	63	0
22	20	0
55	52	0
17	12	0
13	72	0
33	63	0
93	36	0
38	46	0
88	10	0
44	89	0
53	24	0
42	50	0
76	75	0
28	69	0
53	70	0
41	84	0
37	47	0
35	15	0
58	16	0
40	85	0
24	61	0
80	78	0
89	63	0
34	97	0
96	72	0
24	48	0
22	74	0
52	71	0
53	51	0
27	17	0
78	84	0
92	78	0
54	64	0
63	33	0
0	47	0
59	1	0
75	52	0
63	23	0
81	18	0
22	51	0
5	49	0
45	51	0
70	28	0
37	62	0
82	24	0
43	94	0
29	72	0
40	24	0
78	81	0
40	56	0
35	7	0
24	81	0
55	3	0
88	84	0
53	92	0
92	4	0
10	77	0
17	67	0
94	27	0
49	85	0
28	36	0
61	71	0
56	61	0
42	62	0
17	72	0
26	59	0
68	1	0
10	61	0
61	80	0
96	42	0
39	87	0
82	63	0
69	18	0
51	65	0
19	86	0
33	98	0
46	30	0
74	35	0
84	56	0
68	44	0
67	65	0
7	39	0
54	17	0
15	89	0
60	53	0
70	36	0
69	26	0
55	11	0
12	48	0
91	21	0
36	10	0
64	68	0
62	79	0
68	44	0
96	39	0
95	2	0
0	43	0
96	78	0
24	98	0
96	81	0
28	94	0
64	30	0
73	28	0
17	86	0
80	25	0
30	65	0
25	75	0
47	6	0
26	99	0
74	92	0
71	86	0
88	50	0
99	71	0
18	97	0
36	74	0
72	1	0
73	47	0
30	25	0
33	1	0
50	12	0
53	55	0
81	45	0
33	52	0
33	46	0
36	69	0
71	89	0
88	62	0
61	81	0
85	6	0
91	43	0
65	11	0
20	40	0
75	41	0
75	52	0
73	68	0
10	40	0
37	66	0
67	17	0
19	89	0
30	81	0
22	74	0
85	69	0
53	16	0
30	4	0
34	54	0
79	74	0
62	8	0
79	92	0
18	5	0
50	97	0
8	70	0
45	98	0
44	38	0
4	52	0
69	35	0
74	11	0
54	14	0
83	8	0
42	60	0
13	58	0
71	25	0
85	63	0
6	8	0
2	67	0
34	94	0
10	86	0
42	95	0
55	69	0
59	43	0
73	5	0
47	82	0
43	65	0
84	98	0
37	32	0
6	52	0
25	44	0
61	45	0
72	82	0
28	24	0
82	32	0
32	6	0
51	5	0
53	16	0
39	45	0
76	66	0
72	11	0
9	44	0
36	13	0
48	62	0
39	35	0
27	49	0
90	75	0
75	55	0
15	46	0
64	35	0
91	7	0
63	10	0
60	22	0
44	41	0
32	34	0
5	74	0
64	82	0
28	71	0
26	99	0
32	86	0
49	10	0
42	40	0
95	42	0
84	47	0
4	62	0
79	69	0
71	79	0
79	26	0
84	89	0
82	2	0
72	59	0
81	63	0
35	29	0
68	47	0
29	43	1
92	76	0
67	6	0
98	23	0
27	52	0
44	94	0
69	76	0
83	15	0
14	66	0
98	31	0
61	95	0
82	22	0
74	35	0
46	54	0
55	38	0
30	52	0
57	89	0
83	33	0
38	28	0
72	80	0
24	59	0
25	98	0
95	94	0
47	34	0
4	91	0
54	49	0
96	11	0
78	33	0
17	72	0
62	44	0
37	29	0
51	42	0
11	98	0
88	23	0
47	9	0
88	40	0
52	49	0
26	87	0
19	6	0
59	58	0
56	91	0
6	50	0
40	83	0
32	83	0
47	27	0
25	84	0
13	38	0
66	9	0
74	25	0
84	0	0
90	90	0
23	65	0
48	17	0
85	9	0
80	57	0
69	88	0
3	25	0
64	92	0
97	62	0
30	86	0
74	0	0
53	59	0
69	25	0
67	9	0
43	24	0
41	14	0
97	8	0
88	40	0
12	92	0
76	11	0
88	95	0
23	91	0
98	65	0
44	48	0
14	25	0
78	99	0
63	39	0
5	97	0
70	33	0
82	41	0
71	44	0
87	69	0
23	60	0
88	59	0
35	92	0
90	78	0
28	91	0
93	83	0
45	32	0
58	68	0
61	94	0
41	69	0
61	96	0
71	52	0
35	55	0
42	65	0
87	6	0
7	90	0
99	52	0
22	85	0
46	73	0
50	78	0
88	44	0
35	51	0
43	19	0
83	59	0
62	14	0
84	91	0
49	91	0
48	46	0
54	16	0
34	38	0
53	88	0
41	19	0
38	65	0
85	68	0
40	10	0
95	94	0
64	5	0
4	12	0
46	35	0
20	67	0
45	1	0
14	72	0
94	83	0
62	78	0
63	44	0
63	7	0
43	69	0
39	57	0
92	58	0
86	7	0
5	68	0
82	7	0
51	74	0
57	28	0
38	17	0
30	63	0
83	78	0
34	73	0
39	81	0
74	36	0
17	46	0
72	30	0
42	61	0
63	92	0
26	98	0
93	11	0
98	26	0
68	14	0
25	80	0
29	97	0
28	88	0
72	45	0
78	76	0
79	89	0
6	37	0
71	39	0
71	77	0
73	61	0
59	77	0
13	77	0
17	69	0
34	20	0
51	16	0
9	36	0
45	51	0
29	51	0
87	31	0
88	40	0
80	11	0
72	48	0
50	53	0
23	49	0
48	29	0
91	78	0
50	98	0
85	61	0
36	61	0
35	92	0
79	55	0
30	55	0
80	24	0
29	42	1
31	11	0
95	53	0
75	97	0
53	51	0
7	48	0
46	7	0
51	55	0
41	84	0
29	27	1
79	86	0
96	57	0
7	82	0
70	44	0
8	57	0
71	52	0
36	67	0
52	53	0
38	81	0
63	67	0
5	59	0
68	62	0
70	44	0
80	52	0
36	69	0
65	82	0
47	7	0
94	22	0
55	40	0
90	5	0
14	81	0
29	41	1
37	78	0
83	65	0
21	51	0
78	74	0
14	92	0
14	81	0
84	86	0
46	34	0
0	66	0
70	97	0
49	64	0
93	64	0
21	98	0
91	35	0
17	10	0
36	73	0
25	83	0
34	12	0
15	46	0
13	19	0
84	72	0
99	17	0
57	11	0
73	38	0
89	22	0
27	6	0
31	68	0
87	31	0
3	66	0
50	85	0
0	53	0
28	80	0
76	56	0
55	98	0
77	49	0
66	86	0
68	63	0
46	52	0
75	74	0
7	78	0
52	36	0
24	83	0
84	51	0
73	26	0
97	68	0
97	96	0
91	84	0
43	75	0
70	37	0
55	61	0
33	23	0
31	15	0
32	69	0
5	45	0
67	10	0
61	78	0
81	79	0
94	5	0
17	49	0
58	82	0
18	88	0
55	8	0
60	35	0
64	23	0
48	23	0
40	14	0
79	9	0
38	99	0
71	20	0
34	98	0
99	18	0
20	46	1
40	61	0
68	37	0
80	99	0
74	70	0
40	68	0
62	96	0
83	63	0
92	46	0
12	57	0
85	75	0
78	96	0
13	68	0
99	41	0
28	68	0
97	84	0
48	92	0
32	20	0
71	69	0
91	50	0
52	75	0
68	80	0
96	65	0
73	41	0
23	56	0
0	61	0
62	81	0
71	30	0
53	47	0
55	8	0
34	24	0
94	73	0
17	57	0
31	38	1
66	29	0
43	3	0
54	17	0
13	90	0
10	61	0
8	75	0
66	46	0
93	20	0
86	34	0
93	1	0
65	91	0
7	56	0
64	30	0
54	49	0
39	86	0
98	21	0
61	57	0
30	84	0
20	88	0
43	69	0
30	95	0
30	9	0
71	74	0
44	21	0
39	74	0
47	45	0
4	41	0
73	65	0
66	12	0
34	84	0
98	54	0
27	50	0
20	34	0
13	68	0
81	58	0
71	59	0
43	45	0
89	67	0
97	67	0
59	45	0
65	19	0
78	63	0
79	30	0
10	47	0
81	82	0
53	35	0
15	68	0
6	89	0
28	94	0
28	56	0
90	22	0
0	51	0
53	90	0
3	90	0
85	62	0
46	36	0
89	35	0
14	15	0
39	33	0
70	16	0
33	77	0
46	52	0
96	63	0
90	32	0
3	2	0
1	42	0
52	15	0
1	48	0
78	7	0
54	78	0
31	29	0
90	89	0
0	12	0
39	97	0
96	45	0
42	2	0
87	94	0
48	62	0
64	59	0
34	34	0
92	33	0
89	86	0
10	61	0
7	76	0
11	48	0
20	76	0
14	84	0
65	26	0
35	57	0
20	88	0
37	18	0
61	18	0
38	63	0
60	48	0
49	8	0
34	69	0
33	29	1
92	15	0
0	34	0
78	42	0
93	15	0
45	52	0
32	20	0
50	2	0
18	98	0
44	67	0
43	64	0
27	13	0
21	96	0
13	80	0
66	47	0
95	35	0
27	33	1
27	70	0
88	99	0
53	25	0
68	72	0
56	92	0
8	90	0
86	38	0
50	57	0
15	26	0
90	70	0
53	53	0
98	14	0
67	10	0
86	25	0
61	91	0
51	50	0
41	39	0
64	24	0
46	5	0
50	87	0
52	76	0
19	58	0
78	35	0
52	92	0
90	33	0
92	56	0
37	82	0
35	65	0
89	27	0
47	49	0
70	13	0
99	98	0
71	73	0
46	76	0
71	43	0
72	87	0
8	76	0
50	16	0
10	93	0
9	62	0
51	66	0
74	80	0
69	13	0
98	90	0
91	11	0
96	92	0
63	6	0
81	28	0
71	67	0
60	34	0
19	78	0
41	87	0
66	86	0
27	43	1
7	32	0
20	85	0
11	76	0
41	14	0
39	49	0
19	56	0
36	48	1
1	52	0
87	44	0
45	22	0
10	64	0
34	84	0
62	94	0
93	48	0
5	66	0
74	35	0
36	68	0
83	47	0
66	33	0
7	50	0
26	54	0
91	41	0
66	56	0
82	51	0
8	66	0
68	51	0
0	81	0
1	1	0
90	68	0
10	61	0
27	1	0
37	26	0
5	99	0
18	82	0
91	44	0
76	71	0
85	59	0
81	79	0
51	66	0
62	37	0
4	73	0
41	70	0
32	60	0
68	46	0
89	9	0
