83	61	0
33	32	0
66	93	0
15	6	0
96	39	0
81	93	0
43	79	1
69	44	0
2	80	0
4	4	0
10	96	0
97	43	0
69	76	0
35	38	0
70	82	0
96	55	0
52	95	0
62	72	0
36	27	0
87	70	0
92	89	0
80	78	0
5	32	0
66	72	0
73	36	0
63	91	0
53	71	0
66	75	0
96	47	0
96	24	0
91	74	0
34	1	0
40	90	1
76	30	0
32	18	0
98	75	0
86	75	0
94	20	0
90	16	0
22	32	0
61	79	0
5	87	0
93	11	1
54	97	0
22	31	0
81	75	0
85	30	0
54	96	0
6	18	0
97	19	0
67	40	0
42	86	1
70	20	0
56	45	0
76	33	0
11	96	0
47	85	1
92	61	0
62	89	0
9	64	0
43	83	1
92	55	0
41	38	0
30	7	0
70	66	0
9	91	0
98	35	0
41	67	0
90	57	0
99	5	0
74	98	0
70	83	0
5	23	0
71	79	0
82	63	0
81	43	0
22	94	1
51	40	0
89	47	0
88	42	0
87	33	0
15	57	0
4	14	0
94	61	0
58	96	0
39	76	0
59	98	0
70	39	0
63	66	0
82	71	0
83	74	0
15	18	0
11	11	0
84	59	0
86	0	0
13	49	0
72	80	0
60	80	0
60	80	0
52	8	0
44	93	0
70	90	0
76	51	0
15	92	0
95	80	0
4	85	0
14	51	0
81	89	0
90	75	0
50	71	0
69	42	0
83	40	0
53	71	0
20	53	0
46	80	1
39	22	0
92	86	0
73	7	0
81	36	0
79	95	0
60	77	0
71	71	0
15	22	0
14	77	1
63	96	0
72	64	1
48	97	1
53	96	0
29	86	0
36	41	0
72	61	1
56	47	0
66	75	0
69	34	0
3	94	0
72	64	1
91	36	0
62	31	0
47	18	0
79	19	0
63	71	0
76	94	0
84	73	0
93	19	0
97	31	0
94	74	0
67	69	0
58	84	0
71	11	1
14	72	0
93	12	1
8	45	0
78	78	0
77	76	0
95	51	0
84	56	0
44	82	1
92	64	0
53	10	0
43	23	0
76	58	0
27	79	0
61	84	0
74	67	0
84	7	1
93	47	0
97	35	0
75	53	0
64	93	0
57	11	0
4	94	0
8	89	0
95	60	0
64	62	1
85	17	1
92	70	0
17	18	0
46	94	1
83	2	0
79	9	0
93	24	0
83	24	0
77	32	0
12	11	0
30	83	0
51	89	0
84	43	0
72	95	0
91	74	0
66	35	0
65	85	0
7	10	0
35	13	0
44	27	0
69	34	0
81	14	1
4	57	0
33	15	0
96	80	0
97	65	0
98	15	0
63	3	0
39	4	0
99	92	0
28	81	0
8	95	0
38	35	0
74	44	0
73	68	0
56	68	0
85	83	0
72	34	0
74	78	0
87	30	0
88	66	0
62	40	0
99	77	0
61	20	0
97	7	0
32	49	0
76	84	0
99	44	0
95	45	0
72	95	0
93	44	0
69	16	1
43	48	0
59	98	0
67	87	0
23	79	0
80	84	0
6	94	0
92	8	0
90	15	1
48	83	1
16	99	0
87	36	0
91	70	0
27	1	0
51	97	0
45	63	0
7	10	0
85	43	0
86	11	0
70	89	0
15	20	0
77	31	0
71	81	0
9	28	0
47	93	1
78	41	0
84	1	0
91	68	0
64	16	0
93	99	0
32	92	1
12	38	0
57	92	0
63	58	0
97	40	0
61	43	0
68	55	1
5	54	0
92	76	0
93	63	0
0	84	0
77	86	0
40	22	0
67	57	0
62	98	0
62	94	0
98	51	0
62	11	0
66	40	0
28	94	1
79	29	0
96	58	0
78	34	0
87	69	0
43	97	1
50	97	0
84	96	0
77	92	0
16	4	0
5	85	0
79	90	0
62	98	0
66	24	0
83	53	0
88	4	0
93	13	1
95	81	0
64	81	0
91	18	0
85	14	1
66	82	0
92	16	1
99	1	0
81	29	0
7	46	0
10	92	0
18	99	1
85	89	0
87	89	0
82	86	0
87	64	0
76	83	0
9	92	0
23	18	0
1	9	0
33	40	0
85	15	1
82	36	0
62	64	0
58	5	0
82	84	0
85	81	0
82	51	0
71	66	0
32	12	0
99	41	0
74	98	0
53	34	0
24	93	1
71	85	0
98	64	0
19	59	0
45	69	0
57	78	0
48	88	1
3	45	0
70	73	0
96	45	0
95	67	0
55	92	0
87	23	0
83	9	0
11	77	1
34	81	1
99	69	0
65	72	0
5	97	0
11	74	1
77	89	0
18	22	0
3	83	0
65	78	0
65	70	0
80	86	0
3	86	0
79	53	0
19	1	0
48	81	1
10	90	0
4	18	0
95	56	0
79	20	0
19	21	0
18	35	0
70	38	0
64	75	0
91	79	0
86	47	0
79	78	0
73	91	0
0	62	0
87	64	0
64	25	0
98	44	0
79	88	0
79	71	0
50	75	0
94	70	0
98	7	0
50	73	0
1	98	0
75	36	0
60	25	1
81	20	1
29	29	0
63	86	0
35	71	0
63	93	0
92	48	0
90	37	0
72	66	0
94	85	0
88	46	0
90	99	0
80	71	0
73	39	0
42	90	0
84	78	0
83	75	0
98	29	0
43	66	0
81	21	1
58	34	0
84	92	0
87	59	0
26	86	0
81	36	0
73	41	0
91	41	0
80	14	1
99	87	0
83	13	1
76	40	0
3	82	0
11	95	0
42	29	0
24	71	0
46	86	1
62	7	0
2	94	0
74	42	0
13	14	0
15	61	0
64	68	0
74	68	0
75	55	0
76	45	0
74	65	0
88	44	0
15	41	0
94	83	0
52	99	0
90	25	0
42	99	1
22	90	0
93	55	0
60	33	0
26	19	0
26	30	0
80	52	0
98	27	0
17	0	0
45	0	0
54	68	0
96	83	0
27	7	0
46	77	1
58	16	0
87	79	0
71	64	0
63	86	0
12	46	0
96	46	0
88	64	0
0	87	0
4	92	0
57	32	0
93	26	0
12	27	0
88	38	0
75	11	0
41	28	0
20	96	0
59	88	0
23	33	0
72	41	0
61	84	0
14	95	1
65	33	0
6	2	0
89	55	0
90	33	0
84	31	0
62	23	0
54	95	0
45	90	1
84	31	0
56	98	0
63	61	0
75	51	0
54	95	0
89	49	0
92	98	0
86	85	0
47	81	1
89	7	1
82	76	0
73	18	0
95	50	0
92	96	0
90	96	0
89	22	0
84	70	0
10	95	0
84	99	0
67	78	0
5	20	0
22	95	0
89	25	0
17	94	0
48	81	1
77	39	0
79	52	0
22	93	1
76	53	0
95	56	0
82	33	0
84	25	0
0	88	0
17	12	0
55	82	0
26	65	0
36	8	0
0	87	0
98	41	0
91	85	0
88	47	0
87	82	0
74	51	0
85	16	1
96	38	0
