94	71	0
28	25	0
60	99	0
12	7	0
90	34	0
83	96	0
45	79	0
69	45	0
2	83	0
1	4	0
17	93	0
94	48	0
68	76	0
28	37	0
75	86	0
97	47	0
47	99	0
37	82	1
63	76	0
42	15	0
78	67	0
83	91	0
82	82	0
4	29	0
74	16	1
72	68	0
27	90	1
85	27	0
70	94	0
47	65	0
73	77	0
96	53	0
99	20	0
94	82	0
36	6	0
5	74	1
42	92	0
76	42	0
28	13	0
99	85	0
85	82	0
95	14	0
95	18	0
22	40	0
60	85	0
7	88	0
92	3	0
68	95	0
6	31	0
80	81	0
93	31	0
27	81	1
58	94	0
82	14	1
27	85	1
21	14	0
92	7	0
77	36	0
42	78	0
74	25	0
53	53	0
84	31	0
10	96	0
45	81	0
96	66	0
68	91	0
0	62	0
50	90	0
94	51	0
69	20	1
44	38	0
32	7	0
69	61	0
7	87	0
96	30	0
42	63	0
87	55	0
93	1	0
76	94	0
73	82	0
8	27	0
65	81	0
84	68	0
83	42	0
20	99	0
66	40	0
90	55	0
91	33	0
98	37	0
15	55	0
7	16	0
97	54	0
54	93	0
42	75	0
56	89	0
75	31	0
69	68	0
78	79	0
85	68	0
24	22	0
17	10	0
84	56	0
95	5	0
26	99	0
20	43	0
74	70	0
62	82	0
57	80	0
43	7	0
51	81	0
62	78	0
80	55	0
22	95	0
89	80	0
1	77	0
20	52	0
77	86	0
90	75	0
48	67	0
60	45	0
82	36	0
32	94	1
50	75	0
24	47	0
53	81	0
42	26	0
93	84	0
29	97	0
85	3	0
78	33	0
65	87	0
63	77	0
62	70	0
22	31	0
22	69	0
57	89	0
80	67	0
42	95	0
57	86	0
76	18	1
41	91	0
26	32	0
77	67	0
61	48	0
71	72	0
74	33	0
13	86	0
56	53	0
92	35	0
64	39	0
49	17	0
88	28	0
67	77	0
72	99	0
84	72	0
96	22	0
99	33	0
97	68	0
29	85	1
68	71	0
56	91	0
76	20	0
10	82	0
92	9	0
15	40	0
32	91	1
29	89	0
80	72	0
73	77	0
91	50	0
88	58	0
47	82	0
91	65	0
54	2	0
45	26	0
82	48	0
33	76	0
61	76	0
79	73	0
80	7	0
96	51	0
99	33	0
70	60	0
72	90	0
56	9	0
4	92	0
6	87	0
96	62	0
76	58	0
77	12	0
99	75	0
20	14	0
32	95	1
46	97	0
88	2	0
87	7	0
98	32	0
82	34	0
70	32	0
8	5	0
21	86	0
43	89	0
89	43	0
71	93	0
99	86	0
66	38	0
68	83	0
77	17	1
10	1	0
33	6	0
35	22	0
83	38	0
79	22	0
8	44	0
25	18	0
91	82	0
94	71	0
81	19	1
98	9	0
67	0	0
80	14	1
37	14	0
96	90	0
23	81	0
2	97	0
37	39	0
71	42	0
68	70	0
63	82	0
92	85	0
67	29	0
75	77	0
97	32	0
84	66	0
65	48	0
96	73	0
64	13	0
97	9	0
28	46	0
65	95	0
98	40	0
94	37	0
73	97	0
94	37	0
65	15	0
49	51	0
61	93	0
74	86	0
22	83	0
92	83	0
3	97	0
92	2	0
88	12	0
56	81	0
14	99	0
82	41	0
93	69	0
26	2	0
45	91	0
52	76	0
0	24	0
89	32	0
99	6	0
77	96	0
10	24	0
76	30	0
70	82	0
10	33	0
45	84	0
84	49	0
31	97	1
84	7	0
79	16	1
96	65	0
9	76	1
62	17	0
85	91	0
38	98	0
66	55	0
5	35	0
63	87	0
59	49	0
93	47	0
70	46	0
71	56	0
5	50	0
89	68	0
26	95	1
87	64	0
8	97	0
78	85	0
33	21	0
73	61	0
68	95	0
53	92	0
94	53	0
69	7	0
3	72	1
68	41	0
29	99	0
88	22	0
96	51	0
74	33	0
88	72	0
45	94	0
60	99	0
29	95	1
95	88	0
69	83	0
17	1	0
7	84	0
77	85	0
59	93	0
69	32	0
82	61	0
97	6	0
88	10	0
95	86	0
64	87	0
86	17	0
87	14	0
70	95	0
31	95	0
85	10	0
99	1	0
76	28	0
8	51	0
12	93	0
21	98	0
85	86	0
86	97	0
84	93	0
86	68	0
75	78	0
7	92	0
28	19	0
5	1	0
40	42	0
92	22	0
83	39	0
70	58	0
59	11	0
85	82	0
67	83	0
85	52	0
74	62	0
23	11	0
95	40	0
69	90	0
47	38	0
21	91	0
75	93	0
98	67	0
17	70	0
41	67	0
66	74	0
49	97	0
11	45	0
78	70	0
95	51	0
91	68	0
33	79	0
60	84	0
90	20	0
82	8	0
13	77	0
35	89	0
94	70	0
72	75	0
3	91	0
10	80	0
77	94	0
28	18	0
4	80	0
71	79	0
64	65	0
83	88	0
0	86	0
79	48	0
15	5	0
58	87	0
8	92	0
1	13	0
90	61	0
82	15	1
78	23	0
14	18	0
18	49	0
71	33	0
64	77	0
34	80	1
64	57	1
88	78	0
85	44	0
73	79	0
75	84	0
0	61	0
84	58	0
62	31	0
91	44	0
88	90	0
82	73	0
58	58	1
43	80	0
95	77	0
89	8	0
49	74	0
2	99	0
68	29	0
63	14	0
77	19	1
73	16	1
80	25	0
27	31	0
55	91	0
61	56	0
33	81	0
67	92	0
90	60	0
89	32	0
84	69	0
90	95	0
87	47	0
85	97	0
36	85	1
73	74	0
77	45	0
48	86	0
89	81	0
80	71	0
96	28	0
51	78	0
80	23	0
59	41	0
88	86	0
91	51	0
18	83	0
30	91	1
85	29	0
72	32	0
98	42	0
87	10	0
99	83	0
85	15	0
80	35	0
11	85	0
19	98	0
52	34	0
29	62	0
49	80	0
63	6	0
11	91	0
76	51	0
15	12	0
18	62	0
75	75	0
72	66	0
81	66	0
84	51	0
74	68	0
89	51	0
7	42	0
95	85	0
63	57	1
49	93	0
5	72	1
87	18	0
43	94	0
22	88	0
98	48	0
67	29	0
20	14	0
28	34	0
6	64	1
80	54	0
94	33	0
21	13	0
46	6	0
52	72	0
98	82	0
13	4	0
43	79	0
60	26	0
86	75	0
69	67	0
64	86	0
8	47	0
99	47	0
88	64	0
2	79	0
31	92	1
0	95	0
51	34	0
88	23	0
10	18	0
89	31	0
79	14	0
45	32	0
12	97	0
61	82	0
19	79	1
27	27	0
30	94	1
58	55	1
77	46	0
64	87	0
21	89	0
71	40	0
7	3	0
82	59	0
81	33	0
84	35	0
69	29	0
55	93	0
36	98	0
79	36	0
58	96	0
71	62	0
85	44	0
60	97	0
91	41	0
95	99	0
86	83	0
54	88	0
90	13	0
75	77	0
66	27	0
26	89	1
88	52	0
85	98	0
84	14	0
94	98	0
83	20	0
78	66	0
7	92	0
81	96	0
78	81	0
2	19	0
14	92	0
10	78	1
85	31	0
21	95	0
53	82	0
83	32	0
81	48	0
22	99	0
86	44	0
92	48	0
76	45	0
85	30	0
0	90	0
14	11	0
62	78	0
13	58	0
29	11	0
2	91	0
99	42	0
84	86	0
92	53	0
86	77	0
74	45	0
3	73	1
76	22	0
97	38	0
