98	64	0
55	14	0
35	22	0
50	97	0
5	27	0
97	31	0
94	84	0
6	11	1
46	12	0
72	89	0
44	43	0
83	38	0
2	81	0
22	11	0
17	66	0
97	13	0
97	81	0
64	25	0
28	55	0
96	67	0
89	1	0
44	78	0
70	83	0
76	98	0
67	2	0
42	98	0
53	4	0
78	81	0
69	90	0
93	54	0
3	39	0
32	35	0
43	30	0
85	27	0
38	46	0
88	70	0
11	90	0
62	80	0
92	25	0
78	89	0
46	4	0
23	46	0
76	50	0
98	55	0
60	72	0
95	46	0
7	88	0
38	44	0
55	15	0
88	50	0
20	70	0
58	15	0
27	90	0
53	87	0
30	62	0
98	71	0
38	32	0
36	47	0
81	77	0
97	92	0
85	13	0
13	93	0
96	11	0
48	1	0
86	72	0
40	27	0
23	82	0
75	11	0
35	73	0
87	78	0
59	60	0
18	30	0
77	88	0
27	39	0
15	46	0
86	40	0
14	40	0
36	79	0
56	85	0
77	21	0
45	99	0
65	99	0
0	8	0
14	15	0
95	20	0
99	18	0
39	54	0
78	47	0
24	34	0
80	54	0
34	48	0
32	7	0
35	0	0
70	42	0
18	89	0
63	6	0
52	75	0
43	6	0
41	26	0
87	40	0
38	62	0
67	47	0
14	69	0
68	87	0
7	80	0
47	77	0
82	49	0
61	6	0
49	66	0
6	60	0
57	6	0
54	59	0
11	68	0
44	4	0
38	59	0
24	35	0
88	81	0
51	42	0
1	3	0
23	99	0
78	1	0
67	70	0
11	33	0
84	76	0
92	11	0
66	66	0
55	81	0
31	18	0
61	93	0
21	24	1
81	83	0
72	53	0
36	95	0
73	33	0
33	21	0
20	33	0
83	2	0
0	68	0
99	73	0
96	16	0
91	28	0
41	57	0
61	12	0
90	88	0
3	10	0
37	13	0
85	80	0
39	43	0
92	69	0
82	77	0
59	21	0
49	32	0
58	61	0
6	50	0
27	80	0
16	58	0
79	72	0
47	61	0
44	95	0
77	59	0
72	77	0
57	80	0
22	43	0
90	80	0
0	33	0
40	39	0
22	21	0
21	78	0
39	72	0
97	20	0
35	33	0
72	12	0
34	83	0
66	24	0
52	36	0
77	80	0
22	53	0
66	73	0
40	92	0
36	62	0
38	13	0
65	13	0
38	89	0
7	73	0
72	86	0
88	57	0
16	89	0
29	31	0
99	70	0
27	59	0
28	84	0
48	97	0
49	46	0
35	4	0
18	38	0
72	91	0
82	98	0
60	85	0
77	22	0
6	69	0
59	1	0
73	10	0
70	20	0
80	21	0
30	62	0
0	68	0
52	60	0
78	35	0
33	77	0
88	25	0
53	87	0
29	66	0
28	13	0
77	71	0
29	69	0
42	12	0
3	99	0
76	18	0
97	84	0
85	96	0
86	21	0
5	77	0
13	73	0
95	47	0
49	74	0
33	47	0
53	72	0
57	76	0
51	59	0
7	81	0
27	65	0
66	10	0
5	67	0
74	99	0
73	41	0
39	92	0
89	59	0
40	15	0
41	58	0
22	75	0
36	93	0
52	39	0
66	29	0
18	30	0
95	67	0
79	46	0
82	56	0
4	81	0
62	18	0
17	84	0
69	68	0
50	43	0
59	54	0
54	12	0
8	9	1
3	55	0
76	45	0
52	9	0
80	60	0
46	87	0
68	46	0
98	29	0
92	10	0
0	61	0
88	71	0
22	96	0
93	64	0
42	92	0
57	31	0
45	0	0
19	91	0
69	33	0
41	54	0
46	76	0
47	8	0
27	97	0
70	93	0
84	80	0
68	29	0
90	72	0
7	87	0
48	38	0
60	3	0
69	23	0
37	17	0
40	3	0
54	8	0
52	46	0
71	36	0
36	55	0
27	48	0
51	57	0
69	82	0
85	78	0
57	91	0
89	10	0
92	52	0
80	1	0
14	55	0
28	2	0
83	38	0
53	22	0
79	72	0
2	39	0
48	68	0
51	22	0
27	96	0
35	90	0
26	71	0
99	66	0
39	30	0
38	3	0
27	60	0
90	56	0
80	26	0
68	91	0
17	12	0
65	95	0
10	74	0
42	89	0
41	34	0
1	57	0
77	6	0
23	27	0
87	12	0
40	15	0
13	4	0
85	6	0
35	49	0
10	39	0
82	24	0
93	59	0
5	31	0
30	25	0
1	57	0
25	88	0
14	81	0
6	8	0
36	91	0
44	65	0
45	38	0
65	22	0
46	87	0
35	66	0
88	96	0
45	27	0
20	49	0
30	38	0
55	78	0
82	97	0
48	18	0
85	1	0
34	0	0
50	13	0
61	10	0
18	41	0
81	56	0
66	3	0
18	36	0
56	8	0
54	50	0
47	50	0
24	62	0
81	84	0
69	50	0
18	52	0
57	32	0
19	11	1
94	7	0
53	7	0
65	17	0
60	42	0
28	36	0
7	71	0
66	75	0
16	78	0
31	91	0
21	94	0
48	23	0
38	36	0
93	60	0
65	48	0
7	78	0
82	79	0
56	92	0
19	31	0
75	21	0
58	95	0
74	2	0
91	60	0
81	46	0
36	17	0
44	49	0
36	49	0
92	78	0
8	16	0
73	24	0
89	8	0
13	45	0
28	94	0
69	74	0
81	0	0
4	63	0
97	30	0
43	97	0
76	8	0
61	48	0
44	51	0
50	40	0
34	42	0
50	35	0
77	78	0
78	53	0
38	35	0
80	69	0
21	53	0
15	91	0
86	85	0
37	29	0
0	73	0
67	18	0
91	15	0
72	44	0
14	61	0
62	35	0
30	35	0
56	44	0
8	99	0
64	29	0
51	13	0
84	50	0
46	21	0
31	81	0
27	5	0
81	50	0
10	2	1
69	96	0
0	86	0
37	51	0
52	79	0
57	31	0
20	96	0
14	43	0
28	40	0
57	14	0
88	29	0
85	21	0
87	94	0
20	59	0
33	15	0
33	30	0
80	24	0
51	61	0
73	92	0
20	37	0
75	96	0
85	71	0
39	78	0
77	5	0
70	41	0
82	15	0
71	12	0
45	18	0
41	32	0
92	4	0
76	31	0
4	62	0
90	19	0
89	95	0
10	95	0
92	60	0
51	47	0
23	13	0
93	86	0
77	55	0
24	99	0
67	28	0
81	47	0
91	54	0
83	62	0
29	74	0
84	78	0
36	93	0
90	73	0
35	39	0
24	92	0
96	85	0
33	37	0
32	44	0
70	74	0
62	90	0
49	64	0
54	95	0
56	60	0
37	62	0
30	63	0
82	20	0
17	89	0
79	56	0
21	91	0
43	62	0
43	76	0
82	27	0
29	28	0
20	49	0
60	39	0
95	71	0
68	12	0
90	97	0
72	99	0
36	46	0
62	8	0
33	41	0
30	85	0
46	34	0
57	68	0
69	81	0
35	20	0
81	94	0
43	27	0
35	16	0
66	41	0
33	79	0
43	16	0
7	61	0
89	78	0
56	93	0
54	41	0
80	11	0
45	75	0
43	51	0
98	59	0
90	1	0
3	77	0
72	7	0
72	77	0
70	30	0
35	4	0
37	69	0
78	79	0
35	71	0
56	78	0
74	20	0
17	69	0
66	14	0
43	62	0
58	99	0
29	98	0
96	5	0
88	15	0
66	12	0
42	88	0
14	88	0
5	85	0
76	49	0
73	66	0
82	60	0
22	44	0
81	44	0
69	61	0
87	73	0
62	63	0
20	59	0
25	73	0
37	27	0
46	37	0
1	47	0
53	64	0
39	42	0
89	34	0
81	36	0
67	0	0
80	33	0
54	78	0
16	50	0
58	34	0
92	72	0
62	85	0
96	73	0
20	55	0
51	70	0
63	52	0
27	55	0
92	27	0
21	60	0
35	26	0
90	49	0
78	99	0
59	51	0
21	62	0
45	5	0
63	71	0
31	85	0
43	25	0
76	80	0
95	69	0
17	98	0
55	70	0
12	71	0
72	62	0
30	54	0
47	64	0
37	76	0
60	69	0
25	33	0
15	64	0
88	77	0
81	49	0
99	58	0
25	69	0
56	81	0
69	29	0
89	25	0
39	40	0
97	17	0
13	86	0
26	32	0
30	77	0
83	56	0
20	40	0
93	68	0
12	98	0
9	73	0
19	9	0
93	92	0
35	29	0
3	78	0
76	90	0
43	59	0
81	74	0
32	89	0
99	34	0
27	16	0
37	85	0
32	73	0
37	19	0
22	41	0
0	22	0
88	72	0
87	13	0
59	9	0
72	14	0
94	39	0
27	8	0
33	44	0
94	41	0
14	56	0
48	85	0
3	48	0
15	76	0
82	54	0
45	96	0
70	50	0
74	76	0
36	34	0
76	62	0
35	56	0
84	44	0
10	70	0
59	34	0
35	66	0
75	34	0
56	37	0
97	84	0
98	95	0
85	85	0
20	80	0
21	32	0
59	49	0
49	75	0
31	19	0
18	4	0
37	71	0
9	37	0
65	4	0
65	85	0
82	63	0
90	17	0
13	46	0
10	0	1
76	90	0
4	99	0
48	4	0
62	52	0
71	14	0
11	4	1
42	17	0
21	36	0
47	16	0
67	3	0
44	85	0
59	21	0
31	92	0
74	3	0
31	39	0
52	71	0
73	26	0
91	73	0
63	77	0
33	72	0
46	87	0
74	89	0
86	58	0
19	66	0
80	77	0
59	96	0
12	36	0
17	48	0
94	39	0
32	90	0
98	94	0
67	81	0
45	1	0
51	48	0
86	55	0
56	86	0
79	51	0
94	72	0
86	30	0
14	61	0
1	57	0
73	84	0
75	38	0
50	60	0
54	10	0
32	17	0
79	74	0
26	35	0
12	67	0
44	48	0
59	44	0
35	12	0
57	31	0
15	85	0
20	40	0
12	55	0
7	72	0
76	51	0
18	20	0
63	12	0
95	24	0
81	3	0
56	73	0
8	61	0
65	29	0
46	32	0
66	79	0
79	10	0
43	45	0
50	61	0
48	83	0
20	99	0
26	67	0
43	86	0
26	36	0
73	81	0
52	46	0
30	77	0
61	32	0
8	46	0
60	61	0
59	18	0
34	78	0
79	47	0
53	48	0
50	42	0
39	17	0
2	63	0
72	67	0
76	59	0
44	39	0
84	57	0
83	66	0
78	34	0
69	5	0
93	80	0
86	11	0
6	68	0
69	80	0
35	18	0
60	40	0
12	0	1
17	55	0
12	85	0
33	87	0
26	48	0
95	33	0
21	53	0
52	98	0
17	80	0
99	70	0
52	59	0
83	38	0
21	3	0
53	19	0
52	8	0
9	8	1
12	77	0
64	58	0
83	63	0
71	49	0
16	2	0
26	39	0
69	8	0
0	80	0
74	3	0
43	74	0
49	22	0
77	98	0
6	35	0
8	91	0
98	56	0
32	15	0
92	73	0
62	62	0
75	42	0
49	27	0
95	25	0
88	73	0
13	65	0
3	82	0
25	60	0
3	86	0
7	83	0
85	27	0
33	50	0
2	97	0
51	11	0
59	0	0
39	47	0
21	25	1
65	37	0
39	23	0
24	75	0
32	33	0
77	13	0
11	39	0
84	52	0
89	0	0
66	52	0
27	11	0
49	16	0
11	99	0
59	77	0
39	71	0
36	14	0
3	82	0
0	93	0
63	49	0
88	43	0
36	29	0
30	78	0
21	25	1
93	84	0
56	25	0
49	72	0
63	98	0
20	25	1
0	84	0
66	24	0
55	63	0
26	32	0
97	70	0
42	67	0
99	19	0
74	15	0
93	19	0
85	85	0
45	58	0
27	88	0
84	6	0
24	5	0
66	89	0
67	74	0
18	51	0
70	38	0
72	85	0
90	12	0
95	52	0
22	71	0
58	47	0
27	23	0
91	21	0
38	43	0
62	11	0
90	99	0
84	75	0
46	70	0
75	32	0
71	77	0
1	91	0
46	2	0
10	93	0
11	71	0
69	70	0
75	98	0
80	7	0
96	88	0
84	4	0
83	70	0
60	0	0
89	38	0
79	51	0
56	27	0
11	71	0
58	87	0
56	75	0
17	48	0
4	40	0
34	97	0
9	66	0
45	1	0
39	57	0
14	67	0
39	24	0
6	47	0
92	50	0
50	17	0
1	47	0
27	88	0
76	66	0
0	1	0
94	69	0
21	79	0
56	46	0
34	51	0
95	42	0
58	40	0
1	13	0
1	50	0
22	58	0
93	69	0
67	50	0
98	62	0
0	55	0
61	56	0
13	67	0
3	16	0
78	60	0
27	67	0
46	11	0
34	32	0
8	83	0
32	87	0
5	5	0
79	47	0
68	59	0
83	66	0
75	79	0
43	85	0
44	17	0
0	72	0
46	67	0
42	55	0
59	48	0
86	12	0
