89	62	0
50	12	0
42	16	0
51	99	0
7	24	0
97	30	0
98	81	0
11	10	1
45	12	0
73	85	0
42	39	0
83	39	0
2	86	0
19	12	0
20	64	0
99	14	0
95	80	0
64	24	0
30	49	0
95	68	0
92	8	0
42	79	0
70	85	0
74	99	0
72	0	0
42	96	0
52	0	0
78	77	0
69	91	0
95	59	0
6	40	0
37	37	0
42	28	0
86	28	0
42	46	0
88	66	0
13	89	0
61	81	0
94	27	0
75	93	0
51	4	0
21	49	0
78	54	0
98	57	0
60	72	0
98	42	0
9	86	0
32	45	0
54	12	0
91	48	0
18	65	0
57	17	0
27	90	0
50	90	0
31	61	0
95	68	0
38	30	0
38	47	0
78	75	0
99	92	0
83	14	0
10	93	0
91	10	0
49	2	0
78	76	0
43	20	0
20	84	0
76	12	0
36	76	0
84	83	0
64	60	0
17	29	0
80	88	0
29	42	0
13	46	0
91	42	0
9	40	0
35	75	0
51	84	0
75	26	0
45	99	0
65	98	0
2	5	0
12	12	0
94	18	0
97	15	0
36	53	0
82	44	0
24	28	0
81	57	0
34	48	0
33	10	0
38	2	0
67	41	0
18	89	0
67	9	0
48	76	0
42	11	0
41	25	0
91	38	0
38	72	0
72	49	0
16	68	0
71	90	0
2	78	0
46	81	0
84	48	0
61	5	0
43	67	0
13	63	0
56	6	0
63	58	0
15	62	0
42	5	0
42	63	0
26	37	0
90	79	0
52	42	0
3	4	0
28	98	0
80	4	0
67	67	0
12	32	0
85	81	0
93	11	0
66	66	0
53	79	0
31	17	0
58	95	0
78	77	0
75	52	0
35	98	0
67	30	0
34	21	0
23	34	0
81	4	0
5	71	0
95	70	0
99	12	0
89	30	0
45	55	0
58	18	0
87	85	0
6	11	0
38	16	0
86	79	0
35	44	0
88	75	0
78	85	0
56	20	0
47	30	0
53	59	0
10	49	0
28	79	0
20	58	0
79	72	0
44	56	0
48	96	0
80	55	0
76	76	0
53	79	0
19	43	0
88	76	0
0	34	0
42	42	0
20	17	0
17	78	0
39	72	0
96	30	0
31	34	0
78	14	0
38	77	0
62	26	0
51	36	0
78	82	0
25	52	0
69	76	0
38	90	0
34	58	0
34	14	0
64	12	0
34	85	0
15	72	0
73	86	0
88	57	0
16	94	0
23	31	0
98	66	0
28	58	0
24	84	0
45	95	0
50	50	0
35	8	0
17	39	0
70	87	0
83	97	0
61	87	0
73	20	0
6	72	0
60	1	0
76	12	0
66	22	0
78	21	0
25	61	0
3	68	0
54	60	0
79	34	0
29	77	0
92	26	0
48	92	0
31	66	0
29	12	0
76	75	0
31	64	0
41	11	0
7	96	0
70	15	0
98	85	0
85	93	0
89	20	0
2	82	0
14	72	0
97	44	0
48	76	0
34	46	0
55	72	0
57	75	0
44	57	0
8	79	0
27	61	0
68	11	0
2	68	0
75	99	0
78	46	0
41	87	0
89	60	0
44	16	0
41	60	0
23	79	0
40	91	0
56	36	0
66	31	0
20	30	0
99	66	0
76	48	0
86	56	0
5	81	0
62	18	0
14	87	0
70	65	0
55	44	0
58	50	0
57	16	0
5	52	0
81	45	0
52	6	0
78	59	0
51	85	0
69	45	0
96	38	0
98	4	0
2	59	0
84	72	0
17	99	0
98	66	0
47	88	0
60	31	0
45	0	0
22	92	0
68	33	0
39	57	0
47	78	0
44	10	0
23	96	0
68	94	0
88	81	0
70	27	0
90	68	0
2	89	0
48	38	0
54	2	0
69	22	0
34	13	0
34	2	0
57	9	0
55	50	0
69	35	0
34	57	0
27	50	0
51	61	0
70	79	0
86	81	0
60	84	0
89	14	0
89	55	0
78	6	0
16	54	0
25	4	0
86	38	0
59	20	0
74	72	0
6	41	0
49	69	0
53	25	0
27	96	0
34	90	0
23	70	0
96	68	0
37	30	0
39	4	0
27	58	0
87	55	0
77	26	0
72	85	0
24	11	0
66	91	0
9	74	0
49	87	0
36	36	0
2	58	0
75	6	0
27	32	0
91	15	0
40	13	0
11	1	1
84	7	0
34	48	0
17	46	0
84	25	0
96	59	0
6	30	0
34	26	0
2	62	0
32	88	0
13	88	0
3	7	0
36	91	0
48	69	0
52	37	0
63	25	0
44	90	0
35	69	0
90	93	0
45	29	0
20	44	0
28	38	0
59	70	0
79	94	0
52	19	0
86	4	0
32	1	0
56	7	0
60	12	0
21	42	0
84	54	0
68	4	0
17	37	0
51	10	0
54	54	0
49	52	0
23	65	0
84	86	0
75	51	0
18	50	0
51	32	0
20	8	1
96	5	0
52	8	0
59	19	0
56	45	0
30	34	0
3	72	0
68	76	0
18	80	0
32	92	0
23	92	0
49	25	0
41	40	0
95	54	0
68	45	0
8	80	0
81	80	0
58	89	0
17	31	0
76	16	0
54	95	0
73	2	0
88	61	0
88	49	0
38	19	0
43	42	0
34	49	0
88	77	0
6	11	0
77	23	0
90	5	0
15	43	0
29	97	0
69	74	0
83	1	0
0	61	0
97	32	0
46	99	0
73	8	0
64	50	0
44	51	0
45	42	0
34	38	0
48	35	0
73	84	0
77	51	0
37	32	0
77	71	0
22	54	0
15	91	0
85	89	0
40	32	0
2	78	0
67	18	0
91	14	0
76	43	0
15	62	0
65	38	0
32	38	0
54	42	0
5	96	0
69	28	0
55	14	0
85	56	0
44	25	0
31	82	0
23	5	0
82	52	0
8	1	1
72	98	0
5	82	0
35	56	0
51	79	0
56	31	0
18	97	0
18	43	0
29	39	0
59	15	0
94	26	0
81	20	0
84	90	0
20	62	0
33	20	0
33	30	0
77	21	0
55	61	0
75	96	0
18	37	0
72	98	0
88	69	0
34	74	0
73	8	0
72	40	0
82	16	0
70	10	0
43	18	0
43	37	0
95	1	0
79	30	0
0	66	0
90	16	0
94	97	0
8	95	0
90	56	0
53	48	0
24	11	0
93	85	0
69	55	0
19	96	0
67	33	0
79	46	0
87	54	0
84	65	0
29	70	0
81	76	0
39	96	0
80	71	0
32	36	0
27	95	0
97	82	0
32	33	0
29	42	0
67	74	0
60	92	0
48	59	0
57	97	0
57	54	0
37	62	0
34	69	0
81	23	0
20	93	0
84	55	0
25	88	0
40	64	0
42	72	0
85	29	0
27	29	0
22	52	0
56	31	0
94	69	0
68	13	0
89	97	0
71	97	0
38	50	0
63	5	0
30	43	0
36	86	0
43	31	0
55	66	0
66	77	0
33	20	0
82	95	0
45	25	0
31	16	0
68	36	0
31	79	0
42	17	0
7	61	0
88	80	0
55	95	0
54	43	0
85	12	0
46	76	0
40	51	0
95	59	0
84	1	0
4	73	0
73	4	0
71	76	0
71	31	0
34	11	0
30	70	0
82	85	0
29	74	0
55	84	0
73	22	0
11	69	0
68	17	0
46	62	0
62	99	0
32	96	0
86	10	0
90	20	0
62	15	0
42	90	0
10	88	0
6	89	0
71	44	0
68	65	0
79	70	0
17	48	0
80	41	0
72	64	0
88	74	0
61	63	0
19	58	0
24	67	0
34	24	0
42	32	0
3	46	0
50	63	0
40	44	0
91	32	0
78	38	0
68	6	0
78	35	0
56	74	0
17	53	0
58	31	0
88	76	0
63	83	0
94	75	0
19	54	0
54	71	0
64	48	0
28	51	0
89	31	0
21	56	0
38	24	0
87	46	0
78	98	0
60	55	0
19	67	0
43	5	0
59	74	0
32	87	0
44	25	0
78	80	0
96	71	0
16	99	0
51	74	0
9	72	0
75	60	0
34	52	0
49	63	0
38	77	0
63	72	0
24	27	0
16	63	0
92	82	0
82	54	0
96	57	0
25	63	0
56	83	0
62	28	0
90	29	0
42	42	0
97	12	0
14	88	0
28	31	0
30	82	0
86	58	0
20	42	0
93	64	0
16	97	0
9	71	0
23	8	0
91	88	0
38	28	0
5	74	0
81	92	0
44	62	0
84	69	0
28	91	0
99	34	0
29	14	0
35	83	0
29	72	0
38	19	0
23	41	0
2	16	0
86	69	0
92	10	0
56	11	0
74	12	0
96	43	0
28	9	0
36	44	0
96	38	0
9	54	0
54	83	0
2	49	0
17	76	0
77	55	0
44	96	0
74	53	0
76	82	0
34	32	0
73	62	0
38	57	0
85	44	0
12	74	0
54	36	0
35	69	0
72	31	0
56	34	0
99	81	0
97	98	0
87	80	0
25	76	0
17	31	0
57	51	0
49	76	0
31	15	0
20	1	0
36	71	0
8	41	0
62	2	0
68	86	0
81	66	0
92	17	0
12	43	0
9	2	1
73	90	0
5	96	0
53	8	0
60	49	0
69	15	0
9	5	1
40	21	0
24	36	0
42	19	0
70	1	0
43	86	0
58	29	0
31	88	0
76	10	0
31	43	0
49	69	0
72	20	0
91	74	0
60	74	0
35	71	0
50	85	0
77	88	0
87	55	0
16	71	0
78	74	0
61	96	0
16	36	0
20	51	0
95	34	0
32	93	0
98	89	0
69	81	0
47	0	0
53	46	0
89	55	0
59	84	0
83	49	0
95	75	0
78	30	0
11	66	0
3	56	0
71	83	0
78	39	0
51	62	0
57	10	0
30	13	0
76	73	0
28	32	0
12	63	0
43	50	0
56	39	0
36	13	0
51	29	0
15	83	0
20	39	0
9	60	0
12	73	0
73	51	0
18	22	0
61	10	0
98	21	0
79	1	0
55	76	0
9	60	0
61	28	0
44	31	0
64	81	0
86	11	0
38	50	0
52	62	0
49	81	0
19	95	0
32	64	0
43	84	0
27	32	0
79	80	0
50	47	0
36	83	0
60	32	0
10	49	0
60	61	0
59	22	0
32	70	0
80	40	0
52	46	0
50	44	0
37	17	0
5	62	0
74	64	0
72	59	0
43	39	0
84	62	0
86	68	0
77	27	0
64	6	0
94	80	0
82	10	0
6	67	0
71	78	0
30	19	0
65	41	0
12	3	1
15	65	0
14	88	0
36	86	0
28	53	0
95	27	0
22	53	0
53	99	0
17	79	0
96	73	0
53	63	0
84	42	0
20	4	0
52	20	0
56	7	0
8	7	1
15	80	0
61	61	0
83	63	0
70	50	0
16	0	0
28	41	0
69	10	0
4	80	0
76	4	0
45	69	0
49	22	0
75	99	0
9	36	0
13	93	0
99	57	0
30	14	0
97	74	0
62	64	0
72	48	0
52	27	0
92	27	0
88	75	0
15	68	0
2	80	0
23	56	0
8	93	0
2	80	0
82	24	0
37	49	0
1	95	0
49	12	0
61	4	0
38	47	0
18	31	1
68	42	0
45	19	0
26	69	0
31	29	0
81	13	0
15	39	0
84	52	0
90	6	0
64	57	0
25	13	0
50	15	0
11	98	0
57	78	0
33	73	0
37	18	0
4	82	0
0	92	0
63	52	0
92	38	0
39	29	0
32	77	0
22	23	1
99	90	0
53	30	0
54	72	0
62	96	0
4	86	0
67	26	0
59	61	0
24	33	0
97	71	0
45	69	0
98	23	0
71	15	0
90	22	0
81	84	0
46	59	0
33	87	0
83	15	0
25	6	0
61	91	0
72	70	0
18	50	0
69	39	0
75	87	0
90	11	0
96	55	0
27	74	0
59	50	0
21	25	0
90	19	0
35	47	0
60	3	0
94	95	0
85	72	0
48	70	0
76	31	0
77	74	0
4	89	0
47	5	0
10	90	0
6	69	0
67	71	0
70	99	0
81	7	0
93	95	0
82	8	0
78	75	0
62	4	0
87	36	0
80	48	0
53	30	0
12	73	0
54	87	0
59	80	0
18	50	0
1	40	0
38	99	0
9	67	0
44	0	0
36	55	0
12	61	0
42	28	0
1	41	0
98	51	0
53	17	0
5	44	0
27	86	0
74	67	0
0	0	0
91	69	0
19	71	0
59	44	0
33	58	0
93	45	0
55	40	0
0	12	0
2	50	0
19	59	0
94	69	0
68	48	0
97	59	0
1	52	0
64	60	0
10	73	0
0	18	0
86	57	0
24	63	0
43	14	0
37	30	0
7	83	0
35	89	0
3	5	0
80	42	0
74	58	0
78	61	0
73	82	0
41	86	0
49	20	0
0	71	0
46	70	0
42	49	0
59	55	0
83	10	0
