91	66	0
22	13	0
59	94	0
3	0	0
93	43	0
96	98	0
42	66	0
69	51	0
2	91	0
2	10	0
13	91	0
94	38	0
56	81	0
31	36	0
90	82	0
93	30	0
48	99	0
36	75	0
80	69	0
49	16	0
31	79	0
83	69	0
85	74	0
82	91	0
5	30	0
45	37	1
88	21	0
83	64	0
5	72	0
29	92	0
83	15	0
67	89	0
47	73	0
82	76	0
94	59	0
53	57	1
98	32	0
10	75	0
88	72	0
16	68	0
48	7	0
9	77	0
36	91	0
86	50	0
46	37	0
34	19	0
93	86	0
91	93	0
94	21	0
27	77	0
98	8	0
22	15	0
70	85	0
1	85	0
87	1	0
28	64	1
62	90	0
44	60	1
6	25	0
70	82	0
83	33	0
22	89	0
50	93	0
77	31	0
34	89	0
45	89	0
17	12	0
99	16	0
82	27	0
54	75	0
88	31	0
66	57	0
66	35	0
4	96	0
75	0	1
52	84	0
84	2	0
93	60	0
5	60	1
72	90	0
3	75	0
38	90	0
97	58	0
79	30	0
50	67	1
67	11	0
58	47	0
11	65	0
36	4	0
70	72	0
63	26	1
3	96	0
91	32	0
47	74	0
82	69	0
82	2	0
70	89	0
68	80	0
1	28	0
61	77	0
96	80	0
72	48	0
19	90	0
67	39	0
71	1	0
93	59	0
93	33	0
99	43	0
23	46	0
51	67	0
8	25	0
45	29	1
85	66	0
58	74	0
61	65	0
46	38	1
56	66	0
53	58	1
43	94	0
78	38	0
57	70	0
53	75	0
93	56	0
27	15	0
48	41	0
22	15	0
20	69	0
30	55	1
77	47	0
51	45	1
92	7	0
27	91	0
23	37	0
70	73	0
59	67	0
52	74	0
43	11	0
47	90	0
22	68	1
74	76	0
93	54	0
23	92	0
86	77	0
25	53	1
15	75	0
54	65	0
13	37	0
74	79	0
96	74	0
43	71	0
74	41	0
55	62	1
60	8	1
92	35	0
26	91	0
67	79	0
28	27	0
44	75	0
47	21	0
93	93	0
30	80	0
95	10	0
31	77	0
94	35	0
58	94	0
74	76	0
66	62	0
25	44	0
7	61	0
66	5	0
68	97	0
97	60	0
48	90	0
62	80	0
77	14	0
61	75	0
39	80	0
47	90	0
24	17	0
58	20	1
86	53	0
62	45	0
69	64	0
73	31	0
18	99	0
59	64	0
83	41	0
76	33	0
53	16	0
89	26	0
73	78	0
75	97	0
76	61	0
95	26	0
99	17	0
84	79	0
30	89	0
67	81	0
47	95	0
36	41	1
87	33	0
18	96	0
89	18	0
23	47	0
19	86	0
33	99	0
74	85	0
80	71	0
93	58	0
96	59	0
23	90	0
53	82	0
72	12	0
83	50	0
46	4	0
42	34	0
77	38	0
25	62	0
37	53	0
21	72	0
74	92	0
88	58	0
56	71	0
95	1	0
88	44	0
91	45	0
68	56	0
68	85	0
46	64	0
64	18	0
9	88	0
29	63	1
3	88	0
84	60	0
80	70	0
88	13	0
97	86	0
22	2	0
33	96	0
23	65	1
56	98	0
38	30	0
80	21	0
98	3	0
94	28	0
53	53	1
77	31	0
72	57	0
3	9	0
25	98	0
19	75	0
49	90	0
39	72	0
88	44	0
59	83	0
55	54	1
99	85	0
65	40	0
82	91	0
86	21	0
15	9	0
42	0	0
34	24	0
96	45	0
77	14	0
20	49	0
18	26	0
55	35	1
94	81	0
97	62	0
76	33	0
93	6	0
63	1	0
74	12	0
47	32	1
34	14	0
14	69	0
85	93	0
43	91	0
3	98	0
29	42	0
52	44	1
71	42	0
67	59	0
78	77	0
79	78	0
77	25	0
76	87	0
71	0	1
96	45	0
81	52	0
61	51	0
95	68	0
72	18	0
94	15	0
25	46	0
75	97	0
58	67	0
89	24	0
13	80	0
96	36	0
67	95	0
93	27	0
66	20	0
30	55	1
56	43	0
57	83	0
68	27	0
78	79	0
22	89	0
93	90	0
6	81	0
88	4	0
88	24	0
53	74	0
37	57	1
65	46	0
15	98	0
75	33	0
96	57	0
49	37	0
36	85	0
33	9	0
51	87	0
38	86	0
41	79	0
15	65	0
9	24	0
70	2	0
83	34	0
97	12	0
82	99	0
31	26	0
59	9	0
55	46	0
68	92	0
0	18	0
44	88	0
81	44	0
28	88	0
77	5	0
52	56	1
57	20	1
83	19	0
89	47	0
15	88	0
70	16	0
87	97	0
33	96	0
82	66	0
8	31	0
62	96	0
64	41	0
15	75	0
61	28	0
92	52	0
77	44	0
71	60	0
24	43	0
97	60	0
18	99	0
89	53	0
18	94	0
80	81	0
38	17	0
74	67	0
62	95	0
62	93	0
74	51	0
23	56	1
85	8	0
7	76	0
73	48	0
22	96	0
50	62	0
82	31	0
30	60	1
51	39	1
90	53	0
75	24	0
75	74	0
51	95	0
58	98	0
30	98	0
96	81	0
85	77	0
74	5	0
19	3	0
50	39	0
39	66	1
4	77	0
79	84	0
66	82	0
70	51	0
67	18	0
35	63	1
41	70	0
77	51	0
94	1	0
24	72	0
81	7	0
54	66	0
37	35	1
86	84	0
31	73	1
56	88	0
74	19	0
86	13	0
50	62	1
66	89	0
27	98	0
90	10	0
84	10	0
73	22	0
17	62	0
9	86	0
14	88	0
72	86	0
81	98	0
0	36	1
60	54	0
78	96	0
79	62	0
69	64	0
12	91	0
7	73	0
43	25	0
5	18	0
33	37	0
27	51	1
95	35	0
83	45	0
71	46	0
57	54	0
43	24	0
90	78	0
56	75	0
86	53	0
40	88	0
78	52	0
24	10	0
98	46	0
57	92	0
30	34	0
31	93	0
75	97	0
87	66	0
25	85	0
62	32	0
12	78	0
57	59	1
39	74	0
65	62	0
55	72	0
57	89	0
14	47	0
69	61	0
81	44	0
86	59	0
36	75	0
71	93	0
42	30	0
94	20	0
54	48	0
88	11	0
9	80	0
51	95	0
85	76	0
72	66	0
10	91	0
9	72	0
80	90	0
35	22	0
7	86	0
65	94	0
60	69	0
85	70	0
14	94	0
75	46	0
18	5	0
54	97	0
14	93	0
4	14	0
83	55	0
85	23	0
78	30	0
71	17	0
9	17	0
18	51	0
77	32	0
1	69	0
62	72	0
31	81	0
68	51	0
75	92	0
71	42	0
70	87	0
72	53	0
65	82	0
8	76	0
41	50	1
24	82	0
65	60	0
59	46	0
91	40	0
95	96	0
85	88	0
47	62	1
74	50	0
66	60	0
68	3	1
66	79	0
87	78	0
94	4	0
62	78	0
3	94	0
49	49	1
62	32	0
64	28	0
80	21	0
21	78	0
72	21	0
90	20	0
30	56	1
39	33	0
52	99	0
67	73	0
51	79	0
74	90	0
85	58	0
86	42	0
95	65	0
76	98	0
98	42	0
28	63	1
95	86	0
41	83	0
75	79	0
87	43	0
42	90	0
84	71	0
86	49	0
85	30	0
1	70	0
51	73	0
73	20	0
68	33	0
80	81	0
66	54	0
14	88	0
21	94	0
74	41	0
82	27	0
94	47	0
97	1	0
85	92	0
56	36	0
31	74	1
89	18	0
67	48	0
12	73	0
17	96	0
21	71	0
11	87	0
64	50	0
38	26	0
36	69	0
64	83	0
68	14	0
21	85	0
87	51	0
15	17	0
17	69	0
79	65	0
66	56	0
38	57	1
89	54	0
84	63	0
77	64	0
54	59	1
76	52	0
1	28	0
90	85	0
60	53	0
38	86	0
6	77	0
25	87	0
31	53	1
90	17	0
50	95	0
8	97	0
98	55	0
73	19	0
15	15	0
29	25	0
72	5	0
15	69	0
86	61	0
85	38	0
17	5	0
68	11	0
44	86	0
97	82	0
12	7	0
48	86	0
82	36	0
98	80	0
57	70	0
65	76	0
20	37	0
90	43	0
90	72	0
15	81	0
21	78	0
37	64	1
18	89	0
78	8	0
33	56	1
8	94	0
35	41	1
44	58	1
61	42	0
26	67	1
96	21	0
5	24	0
84	35	0
82	14	0
37	27	0
23	89	0
46	82	0
12	67	0
29	29	0
16	73	0
23	90	0
65	56	0
89	43	0
39	52	1
77	93	0
49	39	1
61	70	0
47	67	1
19	98	0
86	44	0
51	52	1
0	9	0
85	64	0
56	49	0
95	30	0
78	32	0
70	34	0
59	95	0
41	36	0
58	42	0
64	32	1
51	7	0
34	93	0
49	59	0
91	32	0
60	99	0
72	50	0
83	49	0
43	89	0
33	80	0
91	24	0
51	60	1
71	4	1
93	99	0
76	85	0
57	85	0
81	16	0
81	69	0
26	79	0
71	24	0
19	96	0
43	64	1
96	57	0
88	89	0
84	11	0
94	93	0
79	21	0
82	57	0
65	22	1
9	84	0
69	92	0
62	77	0
5	21	0
5	99	0
13	71	0
43	41	1
77	27	0
4	60	1
17	99	0
62	99	0
94	44	0
14	74	0
73	40	0
31	92	0
83	46	0
72	48	0
27	62	1
80	42	0
85	40	0
52	71	0
52	42	1
1	84	0
3	2	0
77	74	0
18	60	0
20	5	0
5	98	0
30	73	0
91	45	0
74	83	0
89	61	0
99	86	0
71	35	0
2	78	0
52	60	1
78	40	0
84	26	0
