89	68	0
51	15	0
44	17	0
52	99	0
5	21	0
94	31	0
99	84	0
43	12	0
76	80	0
44	37	0
80	34	0
3	81	0
21	14	0
19	63	0
97	14	0
96	79	0
64	26	0
29	49	0
98	67	0
92	4	0
42	79	0
69	83	0
71	98	0
75	1	0
41	91	0
56	0	0
76	77	0
70	95	0
98	54	0
5	39	0
38	36	0
44	27	0
90	29	0
42	48	0
86	66	0
15	92	0
60	84	0
95	22	0
81	94	0
55	1	0
19	50	0
77	52	0
94	58	0
59	74	0
98	40	0
10	82	0
28	47	0
60	11	0
92	51	0
14	63	0
59	13	0
29	90	0
48	92	0
31	61	0
98	68	0
37	28	0
42	40	0
79	73	0
95	92	0
83	14	0
11	93	0
92	10	0
46	2	0
77	72	0
45	21	0
19	83	0
76	9	0
36	77	0
84	81	0
63	64	0
14	26	0
77	86	0
28	39	0
15	47	0
89	42	0
11	37	0
41	76	0
50	83	0
74	24	0
42	96	0
61	98	0
3	4	0
8	12	0
95	15	0
98	17	0
32	50	0
83	45	0
20	25	0
78	56	0
31	50	0
30	11	0
38	6	0
67	38	0
15	86	0
74	8	0
51	77	0
41	10	0
45	27	0
95	38	0
41	75	0
76	48	0
22	61	0
75	94	0
5	78	0
43	80	0
86	45	0
60	3	0
43	66	0
14	62	0
53	4	0
64	55	0
15	60	0
42	3	0
41	60	0
27	37	0
92	84	0
54	44	0
1	1	0
30	95	0
79	6	0
67	67	0
15	33	0
86	78	0
92	16	0
67	66	0
57	79	0
30	12	0
55	96	0
75	76	0
77	56	0
34	97	0
67	27	0
36	24	0
21	35	0
86	7	0
3	73	0
95	70	0
95	15	0
86	32	0
41	53	0
55	15	0
86	83	0
5	15	0
36	16	0
84	72	0
32	44	0
89	75	0
80	87	0
60	14	0
43	32	0
53	59	0
9	47	0
29	76	0
15	60	0
77	76	0
38	51	0
50	97	0
80	57	0
74	74	0
49	80	0
20	40	0
88	75	0
5	34	0
40	43	0
19	16	0
19	76	0
38	75	0
95	34	0
32	32	0
79	17	0
37	81	0
59	29	0
52	38	0
77	83	0
26	52	0
71	78	0
37	87	0
32	55	0
34	14	0
63	13	0
35	83	0
16	75	0
73	84	0
90	56	0
18	89	0
21	35	0
98	64	0
29	60	0
25	88	0
47	91	0
46	51	0
35	11	0
18	40	0
71	83	0
82	97	0
59	84	0
74	24	0
6	67	0
56	2	0
74	12	0
66	25	0
74	21	0
25	59	0
3	66	0
54	55	0
81	36	0
33	74	0
93	24	0
44	90	0
29	68	0
32	17	0
74	71	0
27	61	0
40	11	0
7	93	0
66	13	0
96	83	0
86	94	0
94	18	0
0	80	0
14	68	0
92	44	0
51	75	0
36	46	0
53	70	0
54	72	0
45	56	0
7	77	0
29	62	0
67	11	0
0	67	0
69	97	0
76	50	0
42	87	0
92	58	0
46	11	0
43	62	0
21	77	0
41	88	0
58	37	0
65	30	0
20	31	0
97	63	0
72	45	0
84	57	0
7	79	0
55	20	0
13	89	0
67	63	0
55	45	0
60	52	0
54	14	0
2	52	0
78	43	0
54	9	0
76	60	0
45	85	0
71	42	0
98	36	0
99	1	0
0	63	0
83	72	0
19	96	0
97	66	0
45	89	0
61	29	0
46	0	0
20	92	0
70	38	0
40	58	0
45	76	0
47	9	0
24	92	0
67	92	0
88	86	0
68	32	0
86	70	0
8	87	0
52	43	0
51	7	0
67	24	0
32	14	0
32	6	0
50	7	0
56	51	0
69	33	0
34	54	0
30	49	0
47	61	0
73	84	0
87	82	0
62	85	0
85	19	0
87	54	0
80	6	0
12	51	0
29	7	0
84	38	0
61	24	0
74	72	0
3	36	0
51	69	0
53	25	0
29	96	0
34	92	0
19	69	0
96	66	0
40	30	0
39	5	0
28	58	0
88	56	0
73	17	0
76	90	0
24	9	0
67	93	0
10	75	0
46	87	0
37	39	0
2	55	0
78	7	0
21	30	0
90	11	0
40	16	0
11	4	1
87	10	0
35	49	0
16	48	0
87	26	0
94	56	0
4	30	0
30	28	0
1	65	0
35	86	0
16	85	0
2	12	0
41	88	0
51	67	0
47	41	0
63	26	0
45	91	0
37	67	0
92	94	0
45	33	0
16	45	0
24	36	0
58	71	0
88	92	0
48	20	0
88	8	0
32	0	0
58	4	0
58	11	0
20	42	0
76	59	0
66	0	0
15	35	0
50	12	0
57	50	0
47	51	0
22	64	0
85	79	0
77	51	0
18	56	0
45	35	0
98	9	0
54	7	0
61	16	0
57	41	0
26	31	0
5	69	0
69	75	0
17	80	0
37	90	0
23	93	0
53	27	0
41	43	0
90	57	0
69	44	0
7	82	0
76	81	0
58	86	0
16	28	1
73	24	0
57	97	0
73	1	0
88	59	0
84	48	0
38	20	0
42	39	0
34	47	0
88	82	0
8	8	0
75	23	0
94	2	0
13	41	0
31	99	0
69	73	0
88	3	0
4	56	0
98	31	0
44	96	0
73	10	0
63	50	0
45	51	0
43	40	0
32	38	0
49	34	0
74	83	0
78	43	0
39	33	0
78	70	0
24	56	0
14	90	0
88	90	0
39	37	0
1	82	0
63	22	0
89	14	0
79	44	0
13	60	0
64	45	0
34	34	0
51	42	0
1	98	0
69	29	0
52	11	0
83	58	0
43	23	0
29	83	0
22	3	0
78	49	0
12	0	1
75	98	0
5	80	0
38	52	0
48	77	0
55	33	0
21	99	0
19	46	0
28	44	0
60	17	0
93	25	0
85	21	0
87	92	0
20	61	0
29	23	0
28	32	0
80	21	0
53	64	0
72	93	0
18	39	0
69	98	0
88	68	0
35	71	0
70	7	0
71	37	0
84	19	0
74	7	0
42	20	0
42	32	0
98	4	0
77	30	0
0	66	0
90	11	0
98	98	0
7	99	0
88	53	0
55	51	0
26	14	0
94	86	0
66	56	0
15	98	0
68	32	0
85	44	0
86	53	0
84	63	0
27	71	0
76	76	0
40	99	0
78	72	0
27	34	0
30	98	0
97	82	0
31	34	0
29	45	0
68	77	0
59	90	0
45	65	0
57	97	0
57	52	0
40	67	0
32	67	0
83	25	0
19	92	0
83	54	0
26	89	0
41	64	0
43	72	0
84	30	0
31	29	0
22	48	0
52	29	0
93	68	0
72	11	0
86	97	0
70	98	0
39	51	0
65	3	0
28	44	0
37	90	0
39	34	0
51	68	0
65	80	0
28	22	0
79	98	0
44	28	0
29	21	0
66	38	0
28	80	0
43	14	0
3	59	0
89	81	0
60	93	0
51	44	0
79	8	0
45	74	0
41	54	0
96	59	0
85	1	0
2	71	0
74	3	0
71	70	0
73	30	0
38	17	0
31	70	0
84	80	0
28	69	0
54	84	0
76	20	0
11	67	0
66	19	0
41	60	0
62	97	0
30	94	0
88	3	0
92	20	0
60	12	0
38	91	0
14	89	0
7	89	0
73	42	0
69	67	0
77	75	0
16	50	0
81	34	0
70	66	0
88	74	0
59	64	0
20	62	0
21	65	0
38	23	0
41	33	0
2	42	0
48	63	0
42	48	0
95	36	0
76	35	0
73	3	0
83	38	0
55	72	0
19	53	0
61	30	0
87	75	0
61	85	0
95	76	0
18	52	0
61	71	0
68	48	0
27	55	0
86	33	0
17	54	0
43	25	0
81	51	0
83	95	0
57	58	0
17	68	0
46	6	0
59	68	0
29	83	0
44	25	0
79	79	0
94	72	0
20	98	0
52	73	0
8	75	0
74	63	0
31	51	0
46	61	0
37	74	0
62	72	0
23	24	0
15	63	0
95	82	0
76	56	0
98	57	0
27	61	0
52	85	0
63	25	0
92	26	0
40	47	0
96	10	0
16	89	0
25	29	0
34	82	0
92	60	0
22	43	0
87	67	0
18	97	0
8	71	0
18	4	1
91	88	0
39	30	0
2	68	0
76	91	0
49	63	0
82	66	0
29	92	0
98	37	0
24	14	0
38	83	0
30	73	0
36	20	0
27	43	0
0	16	0
81	69	0
91	5	0
60	10	0
74	11	0
95	45	0
30	6	0
34	45	0
98	40	0
7	52	0
57	76	0
1	56	0
17	71	0
76	51	0
45	95	0
77	49	0
71	81	0
33	37	0
74	65	0
40	56	0
84	47	0
14	75	0
49	40	0
31	68	0
75	34	0
57	35	0
99	80	0
99	98	0
89	80	0
27	74	0
19	30	0
58	48	0
47	74	0
31	15	0
23	1	0
36	68	0
10	38	0
63	0	0
70	86	0
76	63	0
94	19	0
7	46	0
68	92	0
5	93	0
54	8	0
64	48	0
68	13	0
36	17	0
26	35	0
42	15	0
75	4	0
42	87	0
53	30	0
30	84	0
76	11	0
33	45	0
52	64	0
75	22	0
91	71	0
61	73	0
33	67	0
52	83	0
79	85	0
84	51	0
16	64	0
77	74	0
65	93	0
18	41	0
20	55	0
95	36	0
34	95	0
99	84	0
72	82	0
53	3	0
57	52	0
91	58	0
64	84	0
82	50	0
98	78	0
83	28	0
11	66	0
0	59	0
68	85	0
78	38	0
51	60	0
57	8	0
35	13	0
78	72	0
29	36	0
14	63	0
45	53	0
53	39	0
37	14	0
53	28	0
14	86	0
26	37	0
5	62	0
13	71	0
74	49	0
18	18	0
61	8	0
97	25	0
80	4	0
54	78	0
8	59	0
63	29	0
46	35	0
64	82	0
89	14	0
37	47	0
57	63	0
49	80	0
17	94	0
34	63	0
44	83	0
24	31	0
76	82	0
48	46	0
35	85	0
60	28	0
13	47	0
60	63	0
59	23	0
29	72	0
81	39	0
51	44	0
51	45	0
32	15	0
7	60	0
81	70	0
75	65	0
39	41	0
85	61	0
85	68	0
75	25	0
61	7	0
84	80	0
84	12	0
5	69	0
74	78	0
34	18	0
67	40	0
15	63	0
12	84	0
35	92	0
27	55	0
92	30	0
19	48	0
54	98	0
18	85	0
96	72	0
54	60	0
82	44	0
21	2	0
51	19	0
59	7	0
3	8	1
9	75	0
61	62	0
79	65	0
69	49	0
15	0	0
26	41	0
66	7	0
4	80	0
78	5	0
43	67	0
47	20	0
75	96	0
3	36	0
14	91	0
99	53	0
32	11	0
98	80	0
60	67	0
74	47	0
55	23	0
90	27	0
88	73	0
10	70	0
1	79	0
23	55	0
10	90	0
0	84	0
81	25	0
40	42	0
1	94	0
51	13	0
65	3	0
35	50	0
69	45	0
44	19	0
28	67	0
27	29	0
82	16	0
15	43	0
88	52	0
94	5	0
62	61	0
27	8	0
51	11	0
13	99	0
55	77	0
36	69	0
38	17	0
2	82	0
5	97	0
66	54	0
94	41	0
41	28	0
33	77	0
22	24	1
99	94	0
52	31	0
57	71	0
65	93	0
3	86	0
66	25	0
57	60	0
25	35	0
98	75	0
46	67	0
98	23	0
73	13	0
85	23	0
80	88	0
46	61	0
36	83	0
83	19	0
28	9	0
63	93	0
71	71	0
17	47	0
70	41	0
73	92	0
89	9	0
97	54	0
25	73	0
61	52	0
24	29	0
90	20	0
35	48	0
61	1	0
97	95	0
81	65	0
48	74	0
75	26	0
73	71	0
9	86	0
44	6	0
11	90	0
7	64	0
68	69	0
68	97	0
75	6	0
91	94	0
80	10	0
80	78	0
61	5	0
86	33	0
85	46	0
54	36	0
13	80	0
54	88	0
61	81	0
21	55	0
5	39	0
37	99	0
11	67	0
43	0	0
32	52	0
12	61	0
42	29	0
4	41	0
97	50	0
51	19	0
8	47	0
27	87	0
75	68	0
2	0	0
88	67	0
16	67	0
62	45	0
29	55	0
94	47	0
55	40	0
1	10	0
4	52	0
22	61	0
96	66	0
69	51	0
98	56	0
4	57	0
68	63	0
11	78	0
2	20	0
83	60	0
29	63	0
38	13	0
39	32	0
9	82	0
32	89	0
4	6	1
80	45	0
76	59	0
77	61	0
74	81	0
41	76	0
46	22	0
1	71	0
47	72	0
41	46	0
57	54	0
84	9	0
