92	69	0
44	21	0
44	24	0
41	98	0
8	10	0
87	35	0
92	82	0
39	19	0
71	75	0
35	27	0
93	37	0
0	79	0
17	7	0
24	60	0
99	24	0
87	72	0
67	32	0
27	50	0
98	63	0
89	8	0
43	91	0
67	69	0
76	91	0
65	1	0
39	88	0
59	5	0
84	76	0
67	84	0
94	69	0
7	26	0
50	35	0
41	21	0
83	39	0
46	47	0
91	65	0
12	94	0
50	95	0
98	21	0
74	93	0
46	4	0
21	58	0
81	53	0
83	62	0
52	66	0
95	50	0
9	85	0
18	42	0
65	9	0
86	67	0
18	63	0
63	8	0
19	81	0
51	88	0
35	74	0
94	60	0
48	32	0
37	28	0
85	72	0
98	89	0
85	18	0
5	97	0
94	12	0
47	0	0
74	71	0
42	9	0
10	87	0
81	6	0
46	73	0
78	96	0
50	69	0
3	27	0
74	88	0
23	47	0
14	61	0
84	35	0
10	38	0
38	82	0
43	96	0
61	14	0
37	92	0
60	96	0
3	0	1
11	17	0
99	13	0
94	29	0
38	52	0
81	37	0
22	26	0
84	52	0
31	40	0
42	14	0
39	11	0
72	32	0
15	89	0
68	13	0
59	80	0
44	6	0
55	28	0
89	50	0
34	67	0
78	50	0
15	58	0
73	91	0
7	73	0
33	93	0
91	46	0
58	7	0
47	68	0
26	59	0
59	2	0
63	49	0
9	62	0
40	5	0
32	52	0
41	39	0
84	93	0
54	46	0
18	97	0
81	5	0
64	63	0
77	85	0
97	7	0
62	68	0
51	75	0
30	11	0
55	96	0
92	72	0
79	60	0
39	94	0
63	30	0
37	19	0
15	43	0
82	9	0
8	69	0
93	70	0
97	27	0
88	36	0
30	55	0
57	18	0
84	79	0
11	15	0
37	13	0
78	58	0
40	37	0
74	83	0
79	95	0
49	14	0
43	33	0
53	51	0
9	45	0
26	59	0
12	55	0
75	77	0
40	55	0
40	93	0
82	46	0
70	69	0
46	87	0
21	36	0
93	63	0
2	25	0
46	46	0
21	12	0
29	76	0
38	82	0
93	33	0
35	30	0
82	16	0
43	79	0
57	30	0
56	43	0
81	82	0
30	56	0
56	82	0
35	89	0
39	51	0
36	15	0
58	6	0
33	73	0
24	79	0
74	80	0
92	64	0
16	88	0
31	35	0
92	65	0
32	51	0
33	91	0
55	83	0
40	52	0
29	7	0
16	34	0
73	94	0
84	93	0
62	79	0
70	29	0
7	63	0
55	5	0
77	24	0
71	26	0
70	26	0
25	58	0
0	67	0
46	51	0
75	29	0
36	66	0
92	26	0
37	99	0
25	65	0
34	19	0
79	69	0
36	56	0
31	11	0
11	95	0
62	8	0
98	87	0
71	92	0
97	10	0
2	80	0
17	66	0
94	39	0
51	69	0
44	42	0
56	55	0
53	71	0
56	63	0
16	75	0
33	56	0
66	9	0
0	65	0
64	84	0
84	45	0
39	93	0
78	58	0
59	20	0
47	68	0
15	79	0
34	95	0
51	39	0
66	36	0
31	34	0
90	58	0
82	42	0
75	63	0
6	66	0
47	17	0
11	83	0
63	60	0
59	41	0
57	44	0
52	20	0
0	56	0
86	31	0
51	8	0
74	72	0
48	77	0
75	30	0
99	40	0
93	4	0
3	63	0
95	69	0
26	98	0
92	67	0
42	94	0
66	30	0
52	7	0
21	88	0
67	31	0
38	62	0
43	85	0
48	5	0
22	92	0
82	95	0
78	83	0
73	40	0
90	78	0
21	93	0
47	52	0
53	3	0
64	25	0
23	15	0
38	0	0
59	9	0
53	50	0
79	45	0
34	49	0
33	52	0
39	71	0
71	90	0
79	78	0
59	74	0
78	2	0
82	46	0
77	9	0
25	47	0
30	15	0
81	36	0
71	35	0
79	71	0
13	39	0
42	72	0
60	25	0
29	90	0
22	96	0
21	83	0
97	62	0
39	27	0
38	2	0
25	57	0
90	68	0
65	18	0
83	93	0
13	0	0
69	89	0
9	69	0
40	85	0
35	26	0
0	50	0
82	4	0
16	39	0
78	6	0
53	19	0
83	8	0
35	45	0
19	45	0
75	25	0
89	58	0
8	23	0
26	38	0
10	59	0
37	94	0
9	84	0
41	90	0
62	73	0
47	42	0
67	22	0
35	93	0
43	66	0
89	93	0
30	29	0
17	52	0
25	38	0
52	71	0
82	83	0
31	26	0
88	12	0
30	10	0
58	7	0
63	16	0
28	42	0
78	67	0
76	9	0
15	39	0
42	11	0
50	46	0
39	38	0
26	59	0
87	81	0
80	51	0
13	51	0
52	33	0
93	13	0
58	10	0
57	28	0
58	35	0
26	24	0
1	77	0
65	79	0
23	78	0
26	90	0
21	94	0
54	19	0
47	35	0
92	49	0
81	48	0
8	81	0
87	77	0
64	77	0
75	31	0
69	97	0
81	0	0
85	55	0
72	62	0
39	19	0
45	44	0
33	49	0
81	83	0
68	16	0
93	5	0
22	40	0
38	90	0
67	72	0
87	12	0
3	58	0
93	29	0
43	97	0
81	27	0
63	48	0
43	52	0
55	36	0
21	42	0
45	44	0
69	82	0
83	36	0
42	24	0
72	73	0
24	63	0
6	98	0
93	83	0
32	33	0
1	83	0
62	35	0
93	9	0
76	44	0
5	67	0
70	39	0
47	34	0
49	47	0
9	97	0
75	20	0
54	9	0
96	53	0
49	28	0
19	75	0
23	8	0
67	56	0
60	92	0
0	64	0
50	64	0
39	75	0
55	25	0
24	98	0
8	42	0
24	41	0
64	15	0
82	26	0
97	17	0
82	87	0
21	58	0
28	20	0
40	27	0
78	11	0
66	58	0
71	89	0
23	44	0
62	97	0
94	70	0
38	83	0
71	10	0
68	50	0
82	26	0
72	11	0
44	19	0
41	24	0
92	6	0
83	27	0
0	77	0
81	9	0
93	98	0
3	95	0
95	60	0
46	53	0
21	18	0
95	96	0
65	48	0
7	99	0
66	24	0
72	40	0
73	58	0
80	67	0
26	74	0
85	73	0
40	96	0
88	75	0
14	32	1
40	94	0
97	82	0
33	36	0
34	32	0
56	76	0
58	94	0
38	63	0
64	95	0
64	50	0
29	57	0
28	65	0
81	21	0
12	88	0
87	39	0
24	90	0
50	67	0
40	88	0
89	38	0
40	44	0
23	41	0
47	20	0
80	62	0
70	12	0
88	97	0
69	94	0
39	54	0
61	5	0
30	37	0
43	91	0
36	22	0
45	58	0
76	72	0
28	23	0
89	97	0
48	17	0
26	19	0
66	30	0
19	78	0
32	16	0
6	62	0
85	89	0
57	89	0
60	45	0
75	6	0
38	72	0
43	49	0
96	54	0
88	2	0
5	69	0
77	2	0
70	76	0
79	30	0
39	12	0
34	68	0
82	77	0
37	59	0
44	80	0
82	28	0
18	59	0
75	21	0
44	65	0
67	94	0
33	93	0
83	12	0
85	28	0
66	18	0
32	78	0
21	88	0
12	86	0
68	43	0
77	67	0
66	79	0
17	40	0
77	39	0
69	59	0
82	78	0
50	66	0
17	57	0
21	69	0
47	21	0
44	22	0
4	36	0
44	61	0
39	47	0
81	31	0
74	31	0
76	3	0
71	46	0
52	70	0
21	54	0
52	20	0
96	76	0
57	90	0
83	67	0
20	52	0
48	76	0
67	42	0
41	50	0
77	27	0
18	54	0
39	24	0
78	51	0
90	97	0
57	57	0
11	59	0
45	6	0
59	61	0
25	89	0
38	35	0
86	89	0
98	69	0
17	87	0
66	59	0
5	68	0
76	53	0
36	59	0
48	58	0
32	71	0
56	67	0
6	62	0
86	78	0
70	52	0
95	51	0
21	60	0
59	86	0
55	28	0
99	24	0
45	36	0
96	19	0
17	91	0
36	35	0
37	70	0
89	53	0
27	47	0
83	63	0
7	96	0
19	80	0
98	82	0
47	29	0
1	72	0
79	92	0
47	65	0
87	72	0
16	90	0
97	37	0
28	1	0
31	81	0
34	75	0
36	14	0
27	37	0
12	18	0
86	73	0
93	13	0
57	9	0
70	29	0
94	49	0
33	11	0
22	50	0
98	43	0
11	53	0
60	82	0
6	58	0
21	80	0
65	59	0
53	93	0
75	52	0
68	84	0
35	36	0
69	61	0
42	57	0
79	56	0
16	76	0
55	34	0
28	76	0
82	38	0
60	30	0
90	70	0
93	98	0
89	76	0
46	66	0
11	24	1
55	41	0
55	77	0
34	26	0
28	10	0
33	69	0
13	34	0
58	3	0
64	85	0
73	78	0
86	6	0
12	51	0
59	91	0
12	94	0
55	6	0
64	48	0
64	20	0
36	21	0
30	36	0
43	25	0
74	1	0
40	89	0
62	32	0
37	85	0
91	12	0
34	47	0
45	67	0
78	19	0
83	73	0
60	70	0
33	65	0
44	89	0
78	75	0
81	46	0
17	69	0
83	81	0
79	98	0
27	36	0
15	48	0
98	46	0
28	84	0
98	83	0
62	92	0
43	3	0
65	61	0
91	65	0
71	89	0
80	50	0
88	74	0
79	37	0
16	54	0
4	59	0
68	86	0
73	40	0
53	62	0
55	8	0
34	20	0
84	70	0
25	34	1
9	56	0
32	47	0
58	34	0
45	21	0
55	30	0
19	86	0
29	33	0
6	63	0
15	79	0
74	49	0
12	27	1
71	20	0
94	34	0
81	9	0
57	79	0
2	51	0
52	28	0
53	43	0
50	85	0
91	12	0
27	38	0
60	62	0
45	85	0
16	96	0
38	62	0
36	84	0
32	25	0
77	75	0
43	43	0
42	84	0
59	31	0
13	45	0
61	59	0
61	28	0
30	80	0
81	44	0
33	37	0
41	49	0
25	13	0
2	63	0
77	60	0
84	69	0
38	51	0
88	59	0
80	70	0
74	27	0
63	16	0
77	80	0
77	24	0
3	60	0
77	83	0
35	23	0
71	39	0
24	65	0
15	90	0
33	96	0
27	60	0
99	30	0
18	52	0
58	91	0
10	83	0
95	69	0
59	59	0
85	36	0
16	10	0
47	27	0
60	2	0
5	82	0
55	54	0
87	64	0
73	37	0
14	5	0
13	44	0
66	15	0
20	85	0
77	3	0
45	72	0
39	29	0
89	96	0
11	18	0
26	95	0
95	56	0
31	9	0
92	83	0
53	52	0
70	60	0
49	24	0
92	33	0
91	74	0
8	60	0
2	76	0
16	51	0
7	85	0
6	92	0
80	21	0
41	44	0
9	92	0
50	13	0
73	4	0
34	60	0
70	55	0
53	18	0
33	64	0
30	31	0
86	22	0
6	41	0
88	64	0
89	12	0
59	48	0
25	26	0
49	3	0
11	95	0
52	63	0
46	61	0
37	14	0
6	95	0
0	96	0
64	56	0
91	34	0
33	23	0
25	71	0
94	88	0
50	32	0
59	75	0
65	89	0
7	73	0
69	26	0
53	60	0
23	31	0
93	69	0
50	69	0
98	14	0
83	10	0
86	20	0
70	98	0
46	61	0
39	68	0
77	16	0
37	11	0
69	97	0
72	71	0
20	57	0
67	36	0
69	92	0
81	15	0
91	52	0
22	73	0
45	61	0
22	25	0
90	23	0
31	51	0
74	8	0
89	94	0
74	60	0
58	77	0
75	34	0
75	80	0
7	97	0
40	6	0
9	94	0
7	60	0
63	71	0
72	90	0
75	10	0
90	98	0
81	12	0
85	86	0
63	10	0
84	35	0
78	41	0
56	37	0
17	84	0
59	97	0
60	81	0
21	48	0
10	40	0
30	94	0
11	67	0
41	3	0
38	54	0
20	62	0
42	30	0
0	39	0
95	54	0
52	28	0
12	55	0
25	82	0
76	78	0
4	1	1
95	68	0
14	64	0
58	47	0
27	63	0
82	44	0
56	36	0
4	15	1
5	45	0
21	57	0
84	52	0
70	52	0
84	58	0
1	61	0
69	62	0
0	81	0
1	24	0
92	65	0
23	61	0
42	5	0
34	31	0
7	90	0
23	86	0
74	42	0
63	71	0
72	54	0
73	83	0
43	69	0
53	32	0
4	66	0
47	65	0
38	47	0
64	55	0
82	19	0
