97	65	0
25	5	0
30	25	1
63	98	0
12	2	0
90	43	0
96	95	0
46	15	0
57	79	0
59	23	0
77	49	0
9	83	0
13	2	0
14	88	0
92	26	0
73	75	0
50	37	0
89	61	0
96	14	0
47	98	0
54	64	0
81	69	0
47	8	0
20	71	0
58	18	0
93	69	0
77	92	0
91	77	0
4	41	0
52	8	0
51	28	0
95	28	0
75	65	0
8	87	0
36	91	0
77	16	0
76	91	0
30	9	0
44	66	0
82	67	0
95	70	0
55	61	0
99	44	0
19	79	0
66	4	0
98	65	0
24	76	0
67	6	0
3	77	0
43	92	0
28	70	0
91	67	0
56	36	0
43	28	0
93	83	0
97	90	0
97	11	0
20	94	0
99	12	0
26	5	0
73	92	0
35	0	0
2	84	0
85	12	0
32	79	0
59	91	0
37	60	0
5	27	0
74	81	0
86	28	0
29	95	0
51	96	0
63	32	0
30	90	0
58	99	0
2	16	0
95	14	0
82	23	0
49	74	0
84	43	0
92	58	0
52	13	0
36	14	1
66	43	0
6	98	0
63	3	0
44	64	0
44	5	0
59	28	0
85	20	0
35	60	0
88	44	0
1	60	0
79	96	0
1	85	0
40	92	0
86	54	0
71	18	0
33	68	0
33	59	0
60	1	0
71	59	0
13	62	0
34	4	0
14	47	1
37	50	1
61	78	0
46	36	0
11	97	0
85	30	0
42	77	0
75	72	0
91	6	0
67	86	0
66	74	0
21	18	0
61	91	0
98	82	0
76	59	0
26	94	0
64	31	0
34	24	1
73	6	0
11	53	1
95	66	0
96	36	0
86	53	0
38	47	0
59	3	0
67	71	0
17	29	0
42	27	0
97	54	0
52	21	0
54	73	0
56	81	0
55	22	0
36	39	0
54	28	0
11	47	1
16	55	1
61	83	0
48	62	0
45	92	0
73	43	0
65	72	0
60	68	0
97	65	0
25	24	0
46	48	0
14	16	0
15	78	0
26	69	0
83	48	0
45	44	0
89	4	0
36	90	0
54	22	0
32	45	0
72	79	0
34	66	0
58	67	0
42	92	0
32	55	0
42	6	0
56	18	0
39	96	0
31	65	0
77	81	0
92	57	0
21	90	0
95	69	0
29	49	0
25	72	0
50	70	0
46	62	0
15	35	0
70	85	0
97	78	0
36	69	0
77	40	0
7	41	0
61	8	0
67	54	0
59	15	0
75	16	0
0	48	0
42	62	0
61	35	0
44	63	0
94	32	0
33	92	0
22	59	0
75	90	0
44	58	0
22	14	0
31	71	0
59	18	0
92	97	0
43	91	0
94	2	0
12	63	0
13	66	0
95	36	0
49	92	0
62	79	0
70	67	0
46	63	0
14	74	0
22	54	1
58	0	0
18	54	1
56	94	0
99	55	0
46	89	0
74	69	0
86	22	0
48	78	0
29	83	0
42	93	0
40	25	0
67	22	0
82	43	0
53	44	0
70	67	0
0	48	0
66	26	0
19	96	0
66	70	0
85	40	0
70	31	0
47	0	0
3	39	0
84	23	0
71	74	0
57	91	0
72	52	0
92	30	0
91	10	0
3	33	0
85	74	0
35	93	0
89	79	0
41	98	0
64	34	0
79	30	0
25	90	0
81	22	0
22	61	0
31	77	0
53	13	0
31	96	0
78	91	0
77	79	0
93	54	0
94	56	0
19	83	0
36	71	0
83	13	0
76	46	0
36	20	1
38	2	0
42	32	0
47	54	0
81	46	0
26	52	0
41	42	0
31	77	0
71	94	0
90	57	0
59	75	0
90	1	0
95	38	0
62	8	0
82	50	0
77	51	0
62	71	0
3	40	0
34	65	0
60	30	0
11	92	0
30	80	0
7	89	0
88	67	0
45	10	0
39	1	0
42	50	1
77	65	0
64	3	0
90	88	0
27	3	0
49	92	0
14	68	0
55	91	0
44	38	0
7	44	1
75	30	0
77	13	0
47	16	0
82	8	0
41	56	0
9	60	1
79	25	0
77	54	0
7	7	0
4	58	0
31	98	0
18	81	0
54	98	0
48	68	0
74	40	0
66	9	0
48	82	0
46	69	0
97	81	0
1	53	0
64	51	0
69	82	0
79	23	0
31	6	0
46	0	0
48	17	0
38	30	0
83	54	0
70	17	0
23	45	0
21	22	0
32	58	0
42	36	0
88	73	0
87	61	0
1	47	0
60	35	0
89	4	0
68	14	0
76	21	0
52	38	0
40	30	0
1	75	0
69	84	0
41	83	0
10	99	0
27	63	0
53	7	0
50	37	0
87	46	0
80	56	0
15	60	0
83	73	0
83	85	0
78	30	0
71	89	0
79	4	0
75	67	0
73	52	0
71	55	0
82	81	0
74	1	0
93	16	0
26	48	0
54	91	0
66	71	0
82	14	0
26	72	0
94	28	0
60	98	0
96	28	0
64	21	0
26	56	0
65	40	0
39	57	0
56	90	0
79	28	0
82	77	0
39	56	0
15	94	0
95	94	0
46	28	0
8	83	0
48	50	0
94	1	0
78	39	0
27	65	0
63	52	0
57	47	0
17	97	0
83	21	0
38	10	0
92	49	0
50	43	0
37	88	0
21	10	0
50	52	0
50	86	0
4	47	0
39	78	0
40	85	0
50	23	0
17	75	0
14	31	0
72	10	0
72	13	0
95	5	0
90	95	0
26	63	0
34	28	0
83	2	0
68	52	0
69	99	0
3	25	0
56	94	0
95	63	0
34	83	0
79	5	0
41	68	0
68	20	0
58	7	0
40	9	1
89	14	0
84	40	0
12	85	0
77	12	0
92	97	0
22	97	0
97	71	0
45	48	0
9	29	0
74	97	0
65	54	0
5	86	0
71	40	0
77	50	0
69	52	0
79	69	0
30	60	0
99	53	0
29	96	0
95	68	0
21	96	0
87	93	0
47	34	0
62	63	0
59	90	0
46	59	0
59	98	0
74	53	0
45	45	0
30	56	0
89	2	0
5	81	0
88	63	0
24	91	0
52	63	0
42	86	0
84	31	0
31	52	0
53	23	0
93	56	0
73	20	0
86	91	0
43	96	0
44	57	0
45	10	0
36	47	0
58	98	0
51	22	0
43	71	0
85	77	0
37	13	0
90	87	0
75	8	0
16	10	0
43	34	0
21	71	0
44	1	0
11	82	0
90	78	0
59	89	0
68	44	0
71	5	0
39	65	0
39	71	0
96	47	0
99	1	0
15	71	0
75	8	0
47	67	0
43	28	0
34	6	0
36	52	0
81	87	0
30	68	0
54	81	0
64	23	0
74	29	0
52	58	0
63	87	0
31	98	0
99	18	0
84	19	0
74	15	0
13	67	0
28	98	0
20	89	0
66	40	0
74	75	0
71	99	0
6	35	0
56	46	0
64	89	0
68	66	0
60	77	0
19	90	0
21	77	0
43	32	0
45	16	1
12	29	0
42	36	0
36	39	0
98	26	0
83	42	0
72	9	0
69	35	0
57	52	0
43	25	0
97	76	0
50	83	0
84	57	0
38	64	0
37	91	0
82	50	0
65	17	0
30	18	0
95	48	0
76	84	0
47	39	0
12	56	1
45	10	1
49	58	0
41	88	0
63	96	0
94	60	0
17	80	0
63	47	0
8	64	0
63	44	0
44	73	0
62	54	0
47	76	0
63	84	0
0	58	0
57	57	0
75	48	0
86	60	0
37	77	0
70	84	0
44	24	0
93	17	0
57	44	0
99	11	0
1	82	0
41	87	0
88	56	0
74	69	0
13	88	0
17	79	0
79	86	0
48	24	0
4	75	0
72	99	0
48	66	0
95	63	0
23	98	0
81	45	0
13	0	0
40	71	0
23	81	0
35	14	1
3	18	0
89	57	0
98	26	0
50	22	0
77	32	0
83	13	0
18	11	0
28	64	0
76	34	0
1	67	0
56	83	0
2	43	0
17	74	0
71	47	0
57	98	0
70	46	0
75	80	0
75	57	0
40	47	1
75	79	0
12	86	0
45	41	0
24	77	0
71	49	0
65	39	0
98	48	0
94	93	0
83	89	0
47	66	0
67	44	0
63	60	0
37	53	0
8	45	1
68	3	0
67	87	0
85	79	0
84	9	0
56	88	0
7	97	0
50	16	0
55	32	0
73	31	0
58	23	0
37	21	1
79	16	0
23	93	0
71	24	0
30	83	0
96	17	0
44	68	0
52	39	0
66	95	0
81	74	0
40	78	0
70	94	0
85	66	0
87	44	0
26	49	1
99	78	0
78	93	0
13	58	1
98	50	0
36	69	0
93	83	0
55	86	0
34	18	1
78	79	0
90	45	0
46	84	0
79	67	0
89	54	0
74	36	0
36	49	0
1	61	0
57	78	0
66	15	0
57	34	0
43	15	0
86	85	0
16	46	1
66	35	0
37	12	1
39	18	0
13	90	0
11	58	0
6	89	0
62	42	0
94	25	0
92	38	0
95	5	0
80	95	0
8	49	1
61	21	0
51	50	0
36	80	0
97	20	0
64	50	0
38	91	0
27	95	0
30	68	0
17	89	0
33	4	0
67	63	0
48	30	0
47	73	0
47	45	0
8	46	0
71	66	0
67	15	0
25	89	0
96	55	0
20	31	0
14	70	0
75	63	0
61	58	0
52	59	0
91	54	0
93	62	0
72	49	0
59	11	0
66	65	0
83	43	0
9	38	0
87	77	0
57	43	0
28	78	0
8	79	0
29	98	0
21	57	0
92	29	0
6	50	0
58	90	0
4	81	0
91	66	0
46	26	0
78	20	0
22	23	0
34	40	0
73	9	0
19	75	0
42	54	0
93	56	0
87	39	0
4	4	0
11	48	1
45	18	1
4	41	0
70	4	0
49	69	0
92	90	0
4	13	0
47	98	0
88	31	0
38	4	0
92	90	0
43	65	0
70	69	0
40	31	0
98	38	0
91	77	0
15	61	0
13	77	0
0	47	0
19	65	0
15	97	0
70	18	0
30	54	0
5	87	0
27	28	0
59	17	0
33	64	0
72	49	0
44	4	0
35	79	0
92	21	0
7	24	0
71	47	0
95	29	0
47	59	0
28	16	0
43	0	0
20	91	0
47	72	0
25	58	0
20	18	0
19	87	0
25	81	0
62	51	0
89	44	0
37	72	0
81	96	0
48	31	0
64	72	0
46	86	0
3	85	0
80	42	0
44	61	0
7	21	0
95	64	0
52	51	0
95	17	0
81	13	0
80	34	0
61	97	0
46	45	0
51	33	0
61	30	0
42	0	0
40	91	0
51	69	0
89	28	0
57	94	0
89	42	0
80	53	0
39	73	0
25	66	0
78	30	0
56	37	0
78	2	0
99	98	0
77	81	0
47	78	0
72	40	0
79	86	0
9	81	0
55	26	0
17	93	0
4	61	0
43	56	0
76	74	0
66	14	0
95	95	0
86	11	0
96	93	0
63	8	0
75	21	0
71	57	0
64	30	0
22	84	0
52	86	0
65	85	0
6	32	0
13	80	0
15	72	0
36	7	0
36	44	0
13	49	1
4	42	0
79	42	0
47	24	0
13	62	0
17	85	0
65	96	0
89	40	0
0	76	0
64	45	0
30	82	0
79	67	0
68	40	0
8	50	1
29	56	0
80	37	0
68	48	0
75	58	0
18	62	0
59	48	0
1	93	0
5	3	0
89	66	0
19	66	0
20	1	0
3	92	0
23	80	0
99	40	0
74	80	0
88	66	0
85	86	0
47	62	0
63	31	0
1	74	0
47	64	0
36	55	0
61	46	0
90	22	0
