90	71	0
43	19	0
39	25	0
44	97	0
13	4	0
93	31	0
93	83	0
42	15	0
68	81	0
43	22	0
98	41	0
7	80	0
19	5	0
19	59	0
99	17	0
81	74	0
59	30	0
24	50	0
97	66	0
93	8	0
46	96	0
66	63	0
80	89	0
54	1	0
42	82	0
52	5	0
81	78	0
61	92	0
92	73	0
6	24	0
52	32	0
40	20	0
88	35	0
40	50	0
84	63	0
12	95	0
52	97	0
96	24	0
77	91	0
44	2	0
20	58	0
88	57	0
89	65	0
54	68	0
95	54	0
12	83	0
16	39	0
66	4	0
89	64	0
18	70	0
58	1	0
9	75	0
55	89	0
34	76	0
99	62	0
48	37	0
32	34	0
87	74	0
97	87	0
92	19	0
8	90	0
95	16	0
40	2	0
74	75	0
47	11	0
6	90	0
83	8	0
43	75	0
73	98	0
49	68	0
7	27	0
70	89	0
25	43	0
16	67	0
91	30	0
15	39	0
32	87	0
43	97	0
62	20	0
31	92	0
55	97	0
4	22	0
99	14	0
95	26	0
40	52	0
79	36	0
21	29	0
84	51	0
27	35	1
41	16	0
36	7	0
68	37	0
10	91	0
66	9	0
57	89	0
42	11	0
48	29	0
90	44	0
36	66	0
79	48	0
9	58	0
79	87	0
0	73	0
30	97	0
93	51	0
59	9	0
44	68	0
31	59	0
63	0	0
65	48	0
5	59	0
39	2	0
28	48	0
42	32	0
78	91	0
55	43	0
20	99	0
83	4	0
57	69	0
80	87	0
99	4	0
65	74	0
49	75	0
33	7	0
58	96	0
89	75	0
80	57	0
35	96	0
64	34	0
34	20	0
15	44	0
77	8	0
9	68	0
92	67	0
98	30	0
90	39	0
34	55	0
60	17	0
88	76	0
15	18	0
37	8	0
81	60	0
37	34	0
71	79	0
73	92	0
47	16	0
41	30	0
57	46	0
14	43	0
30	58	0
16	55	0
76	78	0
43	52	0
45	94	0
84	47	0
80	70	0
53	86	0
22	36	0
94	62	0
9	25	0
48	42	0
21	7	0
31	81	0
41	79	0
90	34	0
37	32	0
74	22	0
40	81	0
59	27	0
52	43	0
84	81	0
28	60	0
56	73	0
34	88	0
42	49	0
41	11	0
57	7	0
29	74	0
30	83	0
74	81	0
92	63	0
27	86	0
25	36	1
93	66	0
27	49	0
30	87	0
56	79	0
42	49	0
26	10	0
15	32	0
73	95	0
85	90	0
63	79	0
67	31	0
1	60	0
60	6	0
78	25	0
70	24	0
69	32	0
16	60	0
1	64	0
51	51	0
75	28	0
36	57	0
85	32	0
35	96	0
27	67	0
37	20	0
76	76	0
36	57	0
35	7	0
12	89	0
60	11	0
95	87	0
72	89	0
94	3	0
1	81	0
21	62	0
93	35	0
56	74	0
47	39	0
58	58	0
49	71	0
56	62	0
16	73	0
29	59	0
70	9	0
0	64	0
63	81	0
88	44	0
45	91	0
75	57	0
66	26	0
45	72	0
15	82	0
36	95	0
53	41	0
72	31	0
26	34	1
88	64	0
77	40	0
75	65	0
1	63	0
50	15	0
9	87	0
59	62	0
60	46	0
55	44	0
54	22	0
6	59	0
90	26	0
50	4	0
70	68	0
50	78	0
70	37	0
98	37	0
95	1	0
1	60	0
96	74	0
26	98	0
93	71	0
44	94	0
58	33	0
55	10	0
20	93	0
69	29	0
35	65	0
45	85	0
47	9	0
23	99	0
82	88	0
79	82	0
70	37	0
91	79	0
14	96	0
45	56	0
59	1	0
68	29	0
31	13	0
37	3	0
55	8	0
53	54	0
78	46	0
41	49	0
36	53	0
36	69	0
72	87	0
79	71	0
60	78	0
80	2	0
82	44	0
76	8	0
24	42	0
26	18	0
80	37	0
66	34	0
75	67	0
9	38	0
40	67	0
59	24	0
29	85	0
21	91	0
22	80	0
99	69	0
39	27	0
35	3	0
26	56	0
87	66	0
64	19	0
82	90	0
12	2	0
65	99	0
3	69	0
37	89	0
41	27	0
4	56	0
78	12	0
20	36	0
73	5	0
52	11	0
93	8	0
37	45	0
24	47	0
76	26	0
87	61	0
7	26	0
24	35	0
5	62	0
37	96	0
5	90	0
48	85	0
57	73	0
51	42	0
65	23	0
39	86	0
48	69	0
86	92	0
30	28	0
21	51	0
28	40	0
60	76	0
71	88	0
28	24	0
81	20	0
37	6	0
55	2	0
65	15	0
37	50	0
79	67	0
85	11	0
18	34	0
48	13	0
51	45	0
39	39	0
27	58	0
86	80	0
78	54	0
13	53	0
54	33	0
95	17	0
61	10	0
54	30	0
57	36	0
32	29	0
3	69	0
67	85	0
25	76	0
27	89	0
24	98	0
54	9	0
46	37	0
93	46	0
82	49	0
3	76	0
87	71	0
68	76	0
79	30	0
69	88	0
83	4	0
86	60	0
72	58	0
37	16	0
49	48	0
34	48	0
82	82	0
68	19	0
95	6	0
29	42	0
37	88	0
74	74	0
87	16	0
5	62	0
97	26	0
44	94	0
79	23	0
65	50	0
39	56	0
55	36	0
22	38	0
37	48	0
68	88	0
84	34	0
35	20	0
73	69	0
22	65	0
8	98	0
96	85	0
32	36	0
0	86	0
59	37	0
89	17	0
83	45	0
4	69	0
64	35	0
44	31	0
47	45	0
6	97	0
74	20	0
54	7	0
90	50	0
48	38	0
24	76	0
16	5	0
61	58	0
60	93	0
0	56	0
46	71	0
42	79	0
55	24	0
23	94	0
10	42	0
20	44	0
64	13	0
85	32	0
94	19	0
75	88	0
21	60	0
32	24	0
40	26	0
78	10	0
67	58	0
73	90	0
18	39	0
62	91	0
93	69	0
36	78	0
75	7	0
67	49	0
76	25	0
74	12	0
43	19	0
46	19	0
98	7	0
85	34	0
1	76	0
85	13	0
86	99	0
12	94	0
94	63	0
48	53	0
19	26	0
97	99	0
64	49	0
7	95	0
70	27	0
66	41	0
64	61	0
78	66	0
25	75	0
82	73	0
36	90	0
93	76	0
12	26	1
38	94	0
98	79	0
31	34	0
38	31	0
54	66	0
59	95	0
47	60	0
68	96	0
64	49	0
27	55	0
30	62	0
80	17	0
8	82	0
92	41	0
18	88	0
52	71	0
42	83	0
84	41	0
39	50	0
20	35	0
49	22	0
82	53	0
69	15	0
94	97	0
62	92	0
39	54	0
57	3	0
35	36	0
51	86	0
35	20	0
48	58	0
75	72	0
32	22	0
93	99	0
48	18	0
23	7	0
57	23	0
26	75	0
35	14	0
15	61	0
92	91	0
62	89	0
59	48	0
73	6	0
42	71	0
50	52	0
99	53	0
88	4	0
0	66	0
78	7	0
64	72	0
75	28	0
43	13	0
35	67	0
82	79	0
39	66	0
40	77	0
85	36	0
18	55	0
73	26	0
41	68	0
66	85	0
31	93	0
83	13	0
93	26	0
64	13	0
30	78	0
19	94	0
17	85	0
67	38	0
76	70	0
70	82	0
13	48	0
77	43	0
70	68	0
79	73	0
55	65	0
13	68	0
17	66	0
45	27	0
42	18	0
5	34	0
44	60	0
33	47	0
86	31	0
76	36	0
76	2	0
75	46	0
53	70	0
22	60	0
51	28	0
96	84	0
55	90	0
81	65	0
25	54	0
46	79	0
68	43	0
34	52	0
74	26	0
16	47	0
40	22	0
83	51	0
91	93	0
53	54	0
13	63	0
46	4	0
59	59	0
25	91	0
36	30	0
85	87	0
97	77	0
21	84	0
63	57	0
3	73	0
79	54	0
38	58	0
52	58	0
33	77	0
60	74	0
4	55	0
81	76	0
66	59	0
90	49	0
18	63	0
58	90	0
54	29	0
98	23	0
46	33	0
97	16	0
15	88	0
35	35	0
38	67	0
91	57	0
31	52	0
83	63	0
12	95	0
19	84	0
98	88	0
47	27	0
3	77	0
80	94	0
46	68	0
89	66	0
19	92	0
94	33	0
25	2	0
33	80	0
39	75	0
35	14	0
20	40	0
5	21	0
84	72	0
96	13	0
65	9	0
77	29	0
96	40	0
32	10	0
24	51	0
98	36	0
6	56	0
61	95	0
10	57	0
27	80	0
66	52	0
57	93	0
77	52	0
69	87	0
39	36	0
72	65	0
40	63	0
78	57	0
14	72	0
50	31	0
27	81	0
86	39	0
66	29	0
89	74	0
95	97	0
91	76	0
41	67	0
62	39	0
56	71	0
34	21	0
25	8	0
34	70	0
9	32	0
58	0	0
56	85	0
73	80	0
84	2	0
13	47	0
55	83	0
17	95	0
57	8	0
61	37	0
59	19	0
39	23	0
21	35	0
47	19	0
77	1	0
38	93	0
62	31	0
33	90	0
88	15	0
30	50	0
46	65	0
75	28	0
81	77	0
61	71	0
35	65	0
44	88	0
78	75	0
83	44	0
18	72	0
80	79	0
82	97	0
26	35	1
16	52	0
95	47	0
28	82	0
99	84	0
59	93	0
41	6	0
70	63	0
86	62	0
68	84	0
79	54	0
92	74	0
77	38	0
16	54	0
2	61	0
68	86	0
73	40	0
51	62	0
49	5	0
31	19	0
89	76	0
8	59	0
27	51	0
59	31	0
39	14	0
55	30	0
19	86	0
24	33	1
4	65	0
12	82	0
78	50	0
9	28	1
76	18	0
90	35	0
81	6	0
51	82	0
5	54	0
55	28	0
60	48	0
50	85	0
88	12	0
24	33	1
64	59	0
45	87	0
18	97	0
38	63	0
33	85	0
35	25	0
80	78	0
47	39	0
46	82	0
56	37	0
11	41	0
64	60	0
65	22	0
26	81	0
84	43	0
31	34	0
31	45	0
28	15	0
0	64	0
81	67	0
80	65	0
42	53	0
91	64	0
80	71	0
75	31	0
63	16	0
80	77	0
78	23	0
0	59	0
81	79	0
26	25	0
68	34	0
20	63	0
1	91	0
32	93	0
35	59	0
99	33	0
12	48	0
57	93	0
6	86	0
92	65	0
59	53	0
85	31	0
14	2	0
48	26	0
63	4	0
7	78	0
48	56	0
89	67	0
77	37	0
11	8	0
12	44	0
69	17	0
15	78	0
80	1	0
46	75	0
37	28	0
87	96	0
13	21	0
28	98	0
98	54	0
32	6	0
87	90	0
48	53	0
68	55	0
44	32	0
99	32	0
89	83	0
8	65	0
9	72	0
16	49	0
12	83	0
7	99	0
79	21	0
36	51	0
6	92	0
47	14	0
71	11	0
37	63	0
66	56	0
49	23	0
33	69	0
31	32	0
89	17	0
0	43	0
81	66	0
89	9	0
56	48	0
24	20	0
50	2	0
14	90	0
51	64	0
41	61	0
32	15	0
7	94	0
1	91	0
66	56	0
92	35	0
32	23	0
24	68	0
92	90	0
53	29	0
62	77	0
65	91	0
6	79	0
72	30	0
50	52	0
20	35	0
95	72	0
55	66	0
99	18	0
78	13	0
89	22	0
63	94	0
44	62	0
41	58	0
71	10	0
39	7	0
66	94	0
69	68	0
19	51	0
70	41	0
61	91	0
80	20	0
89	53	0
29	74	0
51	59	0
20	29	0
93	30	0
28	57	0
84	7	0
92	98	0
68	61	0
56	80	0
68	38	0
69	82	0
6	97	0
40	5	0
7	90	0
10	62	0
56	71	0
70	88	0
71	9	0
93	98	0
89	10	0
89	87	0
62	9	0
83	32	0
79	45	0
51	37	0
19	88	0
65	99	0
67	76	0
22	50	0
10	31	0
24	97	0
12	64	0
43	3	0
38	49	0
21	65	0
38	33	0
6	43	0
99	56	0
43	29	0
13	57	0
32	76	0
76	75	0
95	65	0
12	64	0
64	49	0
25	61	0
77	45	0
50	39	0
6	43	0
21	54	0
79	55	0
69	56	0
85	55	0
3	67	0
63	55	0
4	87	0
1	18	0
89	69	0
15	61	0
36	5	0
40	28	0
14	94	0
18	82	0
81	42	0
67	67	0
75	57	0
75	84	0
41	65	0
57	39	0
3	68	0
46	66	0
34	43	0
61	58	0
79	19	0
