92	67	0
24	16	0
58	95	0
3	1	0
94	43	0
97	96	0
42	66	0
67	49	0
0	92	0
2	9	0
15	90	0
93	37	0
55	82	0
31	34	0
91	83	0
92	31	0
48	97	0
39	75	0
78	69	0
50	17	0
31	78	0
82	69	0
87	74	0
84	92	0
5	30	0
42	38	1
86	23	0
83	63	0
5	72	0
29	90	0
83	12	0
69	91	0
48	73	0
81	77	0
93	57	0
53	57	1
97	32	0
10	75	0
87	73	0
13	68	0
47	8	0
11	78	0
36	91	0
86	50	0
45	37	1
35	20	0
93	87	0
91	92	0
93	21	0
27	76	0
98	7	0
23	17	0
72	84	0
0	86	0
88	0	0
28	66	1
60	88	0
45	62	1
7	26	0
67	85	0
81	30	0
22	88	0
51	94	0
78	29	0
32	91	0
42	88	0
19	11	0
97	16	0
83	27	0
53	76	0
90	32	0
66	56	0
68	33	0
3	97	0
74	0	1
51	85	0
81	2	0
91	61	0
6	61	1
70	89	0
3	74	0
39	91	0
96	59	0
80	31	0
50	65	1
69	11	0
59	44	0
9	63	0
38	5	0
70	73	0
62	25	1
4	95	0
94	31	0
47	72	0
82	69	0
79	3	0
70	89	0
68	80	0
1	28	0
62	74	0
97	78	0
71	47	0
20	90	0
65	38	0
70	2	0
92	57	0
91	32	0
99	43	0
22	49	0
50	64	1
9	25	0
46	30	1
86	66	0
58	74	0
60	64	0
48	42	1
58	66	0
53	56	1
42	93	0
78	38	0
56	71	0
53	76	0
93	56	0
29	13	0
49	43	0
21	15	0
22	69	0
31	55	1
79	48	0
50	45	1
92	4	0
26	93	0
22	36	0
71	73	0
57	67	0
51	71	0
45	10	0
48	91	0
21	67	1
74	76	0
94	53	0
22	93	0
86	78	0
24	54	1
13	74	0
55	64	0
11	37	0
74	79	0
98	74	0
46	71	0
74	40	0
56	62	1
61	10	1
92	34	0
27	90	0
66	79	0
28	28	0
47	75	0
46	22	0
92	93	0
28	80	0
95	10	0
31	78	0
93	37	0
60	94	0
74	77	0
67	63	0
24	44	0
5	63	0
65	5	0
69	95	0
97	61	0
47	89	0
62	81	0
77	12	0
57	74	0
39	82	0
48	89	0
26	16	0
58	21	1
87	54	0
61	46	0
68	62	0
74	29	0
18	99	0
58	62	0
83	40	0
76	35	0
53	18	0
90	26	0
76	79	0
77	97	0
75	60	0
95	24	0
99	16	0
84	79	0
32	89	0
65	83	0
45	97	0
34	41	1
87	37	0
20	98	0
91	19	0
22	47	0
15	88	0
35	99	0
76	83	0
82	71	0
94	58	0
96	60	0
23	90	0
52	80	0
73	13	0
86	49	0
48	4	0
42	35	0
79	37	0
25	62	0
40	55	0
24	72	0
76	92	0
87	58	0
56	69	0
95	0	0
88	45	0
91	44	0
68	56	0
66	87	0
49	63	0
66	20	0
5	90	0
28	63	1
2	89	0
84	60	0
79	73	0
87	14	0
97	84	0
20	1	0
33	99	0
25	67	1
55	99	0
39	32	0
81	21	0
96	2	0
93	27	0
55	52	1
76	29	0
73	54	0
5	8	0
26	99	0
18	76	0
49	89	0
38	72	0
88	45	0
57	82	0
52	55	1
99	85	0
66	42	0
81	89	0
86	20	0
15	8	0
44	0	0
30	25	0
95	46	0
76	12	0
20	50	0
19	26	0
57	35	1
94	81	0
97	63	0
77	31	0
94	7	0
62	5	0
76	14	0
49	31	1
33	13	0
12	67	0
85	92	0
41	90	0
2	94	0
29	44	0
52	45	1
71	42	0
67	58	0
81	77	0
79	75	0
76	22	0
74	88	0
71	1	1
97	45	0
81	54	0
62	53	0
95	68	0
71	17	0
93	16	0
24	45	0
74	97	0
58	68	0
91	22	0
15	82	0
95	39	0
67	93	0
93	26	0
66	19	0
30	55	1
56	44	0
58	82	0
68	29	0
76	78	0
23	88	0
93	91	0
6	82	0
89	1	0
89	24	0
53	74	0
37	59	1
67	46	0
14	98	0
73	33	0
96	56	0
48	40	0
36	87	0
33	10	0
49	86	0
38	84	0
43	78	0
15	63	0
8	25	0
67	2	1
83	35	0
98	11	0
81	99	0
31	27	0
61	11	0
57	44	0
70	90	0
2	18	0
44	87	0
80	42	0
27	88	0
75	4	0
50	58	1
56	21	1
82	19	0
89	47	0
13	90	0
73	17	0
88	98	0
33	95	0
80	67	0
8	34	0
62	97	0
61	41	0
17	74	0
60	27	0
93	50	0
77	45	0
70	59	0
23	44	0
99	60	0
20	98	0
91	52	0
16	93	0
82	80	0
40	17	0
73	67	0
61	94	0
63	93	0
75	51	0
24	57	1
85	6	0
5	79	0
74	47	0
22	95	0
50	64	1
83	32	0
30	59	1
49	42	1
92	54	0
75	22	0
77	74	0
48	93	0
56	98	0
31	98	0
96	81	0
84	77	0
73	3	0
19	5	0
48	42	1
39	64	1
0	77	0
78	83	0
67	83	0
68	49	0
69	18	0
35	64	1
40	71	0
78	51	0
97	3	0
24	69	0
79	5	0
54	69	0
36	38	1
87	83	0
31	75	1
55	91	0
75	23	0
84	13	0
47	59	1
68	90	0
26	99	0
92	12	0
87	8	0
73	22	0
18	58	0
10	86	0
12	90	0
71	87	0
83	96	0
2	33	1
60	53	0
80	98	0
79	61	0
68	64	0
13	93	0
8	74	0
41	26	0
5	20	0
32	37	0
28	50	1
97	35	0
82	44	0
70	48	0
57	54	0
42	23	0
91	81	0
56	74	0
85	55	0
40	87	0
78	52	0
25	11	0
98	46	0
57	93	0
29	37	0
32	92	0
74	98	0
86	67	0
25	83	0
60	28	0
13	75	0
55	58	1
38	74	0
66	64	0
54	73	0
58	89	0
15	46	0
69	63	0
83	43	0
87	60	0
38	72	0
73	93	0
42	29	0
96	18	0
57	46	0
86	11	0
9	80	0
53	96	0
86	78	0
72	66	0
9	92	0
10	73	0
77	90	0
35	24	0
3	85	0
64	95	0
61	68	0
83	69	0
13	93	0
75	47	0
16	5	0
54	96	0
13	92	0
6	14	0
82	56	0
85	21	0
77	30	0
70	16	0
9	15	0
17	53	0
75	35	0
3	68	0
64	71	0
30	82	0
67	52	0
76	92	0
72	42	0
71	85	0
72	53	0
66	82	0
6	75	0
43	51	1
26	82	0
63	64	0
59	44	0
91	39	0
95	94	0
84	89	0
46	63	1
72	51	0
66	59	0
69	1	1
66	82	0
89	79	0
94	2	0
63	78	0
4	93	0
51	49	1
60	33	0
63	26	0
79	20	0
19	79	0
71	21	0
89	17	0
32	55	1
37	33	0
51	99	0
67	73	0
50	80	0
74	90	0
86	58	0
86	41	0
94	65	0
75	96	0
98	41	0
27	66	1
94	86	0
43	82	0
73	79	0
89	43	0
43	92	0
82	74	0
83	48	0
82	28	0
2	69	0
53	71	0
72	19	0
68	34	0
80	81	0
65	53	0
15	90	0
19	94	0
75	41	0
82	27	0
97	49	0
97	1	0
83	92	0
57	38	0
31	74	1
92	20	0
68	48	0
12	75	0
17	95	0
21	73	0
9	88	0
67	48	0
38	29	0
36	70	0
62	81	0
65	11	0
22	84	0
86	49	0
17	18	0
16	69	0
77	63	0
64	56	0
36	59	1
88	54	0
83	63	0
78	64	0
56	58	1
75	52	0
0	27	0
91	84	0
62	53	0
38	87	0
5	76	0
22	86	0
33	53	1
89	18	0
53	96	0
9	96	0
99	53	0
73	19	0
15	15	0
30	23	0
71	6	0
16	69	0
86	59	0
83	37	0
16	3	0
67	12	0
43	86	0
95	80	0
12	9	0
48	86	0
80	35	0
99	79	0
56	71	0
65	80	0
20	37	0
89	41	0
91	72	0
16	81	0
20	78	0
16	89	0
77	7	0
32	56	1
8	94	0
35	43	1
41	59	1
62	39	0
25	66	1
97	20	0
5	24	0
85	33	0
82	16	0
39	27	0
22	90	0
44	82	0
15	68	0
28	29	0
18	72	0
25	90	0
66	60	0
92	45	0
40	53	1
76	95	0
51	40	1
61	71	0
49	68	1
20	99	0
85	43	0
50	50	1
1	7	0
84	63	0
55	48	0
96	28	0
79	30	0
70	33	0
58	96	0
42	35	0
58	42	0
65	31	1
52	8	0
35	92	0
47	60	0
91	34	0
63	96	0
73	51	0
84	51	0
43	90	0
31	81	0
91	24	0
71	4	1
93	98	0
74	85	0
55	86	0
84	16	0
80	68	0
25	78	0
73	24	0
21	98	0
97	56	0
88	88	0
83	9	0
95	92	0
78	21	0
84	58	0
62	21	1
8	81	0
69	92	0
63	78	0
6	23	0
5	98	0
12	72	0
44	43	1
77	25	0
5	61	1
16	99	0
62	98	0
93	44	0
16	74	0
74	40	0
32	91	0
82	46	0
74	49	0
80	44	0
87	39	0
50	68	0
53	45	1
2	86	0
3	2	0
78	75	0
16	60	0
21	5	0
4	98	0
31	72	0
94	48	0
77	83	0
91	64	0
98	88	0
73	36	0
2	79	0
53	60	1
77	39	0
84	29	0
