93	65	0
23	13	0
61	96	0
4	1	0
97	42	0
96	98	0
42	66	0
60	23	1
72	53	0
2	89	0
3	10	0
16	92	0
94	36	0
57	82	0
32	32	0
86	80	0
93	27	0
50	98	0
38	74	0
78	68	0
52	15	0
27	80	0
84	68	0
83	76	0
84	88	0
6	29	0
47	36	0
87	18	0
83	66	0
6	74	0
29	94	0
83	13	0
64	92	0
48	73	0
78	72	0
92	60	0
55	56	1
96	36	0
9	74	0
90	70	0
20	70	0
49	6	0
9	77	0
36	91	0
88	53	0
44	35	0
31	20	0
96	86	0
91	92	0
91	21	0
26	79	0
97	9	0
18	14	0
69	88	0
6	83	0
90	2	0
28	63	1
65	86	0
45	59	1
3	25	0
70	80	0
83	32	0
22	90	0
51	95	0
75	29	0
33	90	0
44	91	0
17	16	0
99	17	0
80	29	0
53	78	0
88	33	0
68	57	0
66	38	0
1	96	0
75	1	1
51	83	0
84	6	0
94	60	0
2	59	0
71	94	0
3	76	0
38	89	0
99	59	0
79	30	0
45	67	1
70	10	0
57	48	0
10	66	0
33	4	0
68	71	0
61	24	1
1	96	0
93	31	0
45	75	0
80	70	0
86	3	0
68	86	0
69	81	0
1	27	0
60	79	0
94	84	0
74	50	0
18	91	0
67	39	0
71	2	0
92	59	0
91	32	0
99	42	0
21	48	0
52	66	0
7	29	0
48	31	1
89	67	0
55	74	0
64	68	0
56	20	1
45	39	0
58	66	0
51	59	1
44	96	0
79	37	0
58	67	0
54	72	0
93	56	0
29	14	0
48	40	0
26	17	0
18	70	0
29	54	1
77	48	0
52	44	1
92	7	0
28	93	0
22	37	0
73	77	0
23	68	1
59	65	0
48	76	0
43	10	0
45	89	0
23	67	1
69	76	0
95	51	0
24	89	0
87	77	0
27	54	1
18	73	0
54	65	0
12	39	0
73	77	0
96	74	0
41	75	0
77	45	0
56	60	1
61	11	1
31	60	1
93	33	0
26	93	0
27	64	1
65	81	0
29	29	0
43	78	0
49	21	0
94	92	0
30	79	0
95	13	0
29	77	0
94	35	0
60	95	0
74	75	0
66	61	0
27	43	0
7	59	0
62	4	0
68	96	0
95	60	0
48	90	0
62	80	0
78	17	0
63	76	0
37	76	0
44	89	0
23	17	0
56	22	1
86	51	0
61	42	0
67	64	0
72	31	0
18	97	0
58	63	0
82	42	0
77	37	0
54	17	0
88	29	0
75	76	0
73	99	0
78	61	0
95	26	0
99	16	0
83	80	0
28	91	0
68	83	0
45	95	0
33	42	1
87	37	0
16	97	0
91	22	0
23	47	0
23	85	0
30	99	0
78	87	0
81	76	0
94	57	0
97	53	0
21	90	0
54	79	0
71	12	0
80	53	0
49	6	0
41	34	0
77	38	0
21	60	0
35	54	0
20	70	0
76	94	0
87	55	0
57	69	0
96	0	0
91	45	0
60	12	1
93	45	0
70	54	0
69	82	0
44	65	0
68	20	0
9	88	0
27	62	1
7	90	0
83	62	0
78	71	0
91	12	0
98	85	0
27	4	0
32	97	0
22	67	1
57	96	0
41	34	0
80	21	0
98	3	0
95	26	0
52	54	1
79	31	0
70	59	0
3	6	0
25	97	0
20	73	0
47	92	0
38	68	0
87	42	0
58	84	0
56	55	1
97	86	0
64	41	0
81	88	0
86	18	0
17	7	0
44	1	0
33	26	0
94	45	0
78	14	0
18	48	0
17	25	0
52	36	1
92	81	0
95	59	0
76	29	0
94	3	0
63	2	0
75	14	0
47	34	1
35	16	0
11	70	0
86	90	0
46	92	0
5	99	0
25	40	0
52	44	1
73	42	0
68	57	0
79	76	0
82	76	0
76	30	0
75	85	0
69	2	0
97	47	0
78	48	0
61	51	0
96	69	0
74	19	0
95	14	0
23	43	0
73	99	0
56	65	0
86	23	0
13	78	0
97	36	0
66	98	0
94	26	0
65	20	0
30	56	1
55	44	0
59	83	0
68	28	0
79	77	0
22	87	0
93	90	0
5	79	0
89	6	0
90	20	0
53	72	0
37	55	1
65	45	0
16	94	0
72	34	0
95	55	0
51	37	0
37	85	0
34	11	0
54	90	0
37	83	0
43	78	0
15	68	0
10	24	0
70	1	0
81	35	0
96	11	0
82	99	0
29	25	0
60	9	0
55	44	0
68	94	0
1	19	0
42	89	0
82	43	0
28	87	0
79	3	0
53	58	1
58	21	0
85	20	0
87	47	0
17	89	0
71	20	0
85	99	0
33	98	0
81	64	0
9	31	0
63	98	0
65	40	0
14	80	0
64	29	0
90	49	0
79	46	0
74	60	0
23	43	0
99	59	0
14	96	0
90	53	0
20	94	0
82	80	0
40	17	0
76	69	0
61	97	0
61	94	0
75	50	0
27	60	1
84	7	0
5	76	0
72	47	0
22	95	0
51	62	0
81	32	0
25	59	1
53	39	1
89	51	0
73	23	0
77	79	0
50	94	0
37	48	1
64	97	0
30	94	0
95	81	0
84	74	0
75	8	0
18	4	0
51	36	0
37	64	1
7	78	0
78	84	0
66	81	0
69	49	0
67	18	0
35	64	1
42	70	0
79	53	0
98	0	0
25	71	0
81	9	0
56	66	0
36	36	1
86	84	0
30	74	1
54	89	0
75	21	0
86	13	0
50	62	1
64	88	0
28	96	0
92	10	0
86	9	0
72	23	0
17	62	0
7	87	0
13	86	0
74	86	0
82	95	0
0	34	1
61	54	0
77	96	0
77	63	0
67	65	0
15	87	0
7	72	0
42	26	0
4	18	0
33	35	0
28	51	1
96	37	0
82	48	0
70	46	0
55	52	0
44	26	0
91	78	0
54	73	0
86	51	0
40	89	0
79	51	0
24	5	0
97	47	0
59	94	0
32	33	0
58	55	1
31	92	0
72	98	0
88	67	0
25	84	0
60	34	0
11	81	0
58	59	1
41	75	0
64	61	0
59	70	0
56	87	0
12	48	0
68	61	0
83	43	0
88	61	0
35	74	0
67	93	0
40	30	0
94	21	0
53	49	0
86	13	0
10	79	0
52	94	0
87	72	0
73	67	0
9	91	0
10	71	0
80	90	0
34	25	0
6	89	0
65	97	0
56	68	0
87	69	0
18	94	0
75	43	0
16	4	0
49	98	0
19	93	0
5	12	0
84	53	0
87	23	0
79	29	0
70	17	0
10	15	0
16	49	0
77	30	0
3	74	0
63	72	0
33	80	0
71	50	0
76	94	0
70	43	0
68	86	0
74	54	0
65	85	0
7	78	0
43	48	1
27	83	0
65	58	0
61	46	0
89	41	0
95	98	0
84	85	0
47	59	1
72	54	0
64	59	0
67	5	1
66	80	0
85	77	0
91	7	0
61	80	0
0	92	0
48	50	1
63	32	0
66	24	0
78	22	0
20	81	0
74	20	0
90	19	0
31	57	0
42	32	0
51	96	0
68	74	0
52	81	0
73	88	0
86	57	0
85	43	0
95	65	0
75	97	0
99	42	0
30	65	1
99	87	0
41	81	0
76	78	0
85	44	0
41	90	0
85	69	0
88	50	0
84	29	0
1	69	0
49	74	0
73	18	0
66	33	0
82	81	0
66	51	0
11	87	0
21	92	0
72	43	0
83	28	0
95	46	0
98	3	0
88	92	0
57	37	0
29	74	1
92	18	0
68	46	0
16	75	0
15	97	0
23	72	0
9	85	0
62	51	0
41	24	0
33	67	0
64	81	0
68	13	0
18	84	0
87	50	0
14	17	0
16	72	0
79	64	0
67	54	0
39	56	1
92	53	0
81	60	0
75	61	0
54	59	1
77	50	0
2	29	0
92	83	0
62	51	0
40	86	0
3	78	0
26	85	0
31	57	1
88	17	0
51	98	0
9	99	0
98	54	0
74	16	0
18	15	0
32	25	0
72	7	0
15	68	0
83	62	0
86	38	0
14	9	0
68	10	0
44	86	0
96	81	0
11	9	0
49	85	0
82	35	0
98	80	0
53	69	0
66	78	0
22	38	0
90	44	0
92	69	0
15	79	0
22	77	0
32	64	1
18	91	0
76	9	0
33	57	1
7	93	0
38	39	1
44	56	1
64	42	0
27	67	1
94	21	0
4	24	0
86	36	0
77	14	0
34	25	0
22	89	0
44	82	0
15	70	0
25	29	0
16	78	0
23	89	0
63	55	0
91	44	0
41	57	1
75	93	0
47	36	1
61	70	0
44	66	0
18	96	0
84	42	0
48	50	1
3	11	0
86	61	0
59	46	0
93	29	0
80	30	0
71	33	0
60	94	0
40	38	0
58	46	0
64	36	1
48	8	0
34	95	0
47	61	0
91	32	0
59	96	0
72	52	0
80	45	0
43	88	0
33	81	0
92	23	0
53	57	1
70	3	1
92	99	0
77	84	0
55	89	0
81	18	0
81	67	0
25	78	0
72	22	0
19	94	0
42	60	1
96	57	0
90	89	0
85	11	0
95	94	0
79	22	0
79	55	0
65	24	1
9	85	0
68	93	0
62	78	0
7	23	0
5	97	0
12	74	0
48	42	1
75	26	0
5	61	1
21	97	0
61	98	0
95	45	0
12	73	0
74	44	0
33	91	0
80	46	0
70	46	0
28	59	1
80	42	0
88	41	0
52	71	0
51	42	1
3	85	0
5	2	0
74	73	0
20	58	0
19	8	0
4	98	0
32	72	0
92	48	0
76	84	0
89	62	0
98	86	0
51	61	1
69	34	0
1	78	0
56	60	0
79	39	0
84	24	0
