85	66	0
36	25	0
57	96	1
16	14	0
91	43	0
90	88	0
71	42	0
7	79	0
1	5	0
13	88	0
77	34	0
76	76	0
30	34	0
64	75	0
92	52	0
66	71	0
40	35	0
93	85	0
97	82	0
72	89	0
9	22	0
71	80	0
76	31	0
57	80	1
51	67	0
65	83	0
93	54	0
96	27	0
89	81	0
38	0	0
82	33	0
30	18	0
97	68	0
91	74	0
86	8	0
19	35	0
58	81	0
6	87	0
63	95	1
22	33	0
71	74	0
92	46	0
49	83	0
5	21	0
83	16	0
63	32	0
51	41	0
78	39	0
82	68	0
55	97	1
17	61	0
99	56	0
47	32	0
35	10	0
58	57	0
4	87	0
94	20	0
44	64	0
86	63	0
99	9	0
78	90	0
68	78	0
7	21	0
70	82	0
87	63	0
81	43	0
58	46	0
82	42	0
86	33	0
91	39	0
23	57	0
15	23	0
87	72	0
58	97	1
35	83	0
55	98	1
81	47	0
60	65	0
81	74	0
80	73	0
26	14	0
10	14	0
85	66	0
94	4	0
12	51	0
77	81	0
57	77	0
58	78	0
51	15	0
75	84	0
75	59	0
10	88	0
95	97	0
4	95	1
16	62	0
93	87	0
92	70	0
58	85	0
65	52	0
93	31	0
56	57	0
16	54	0
57	16	0
85	87	0
72	5	0
81	46	0
81	92	0
52	68	0
67	79	0
16	21	0
74	95	0
59	98	1
34	81	0
30	33	0
57	36	0
64	82	0
66	42	0
11	95	1
95	27	0
51	26	0
73	70	0
73	92	0
85	65	0
99	23	0
92	86	0
74	79	0
55	75	0
11	74	1
13	49	0
70	69	0
70	74	0
88	60	0
90	47	0
90	65	0
63	17	0
39	30	0
80	56	0
28	84	0
57	92	1
86	75	0
98	47	0
95	25	0
73	60	1
59	95	1
64	16	0
0	93	0
1	99	1
94	57	0
90	82	0
15	16	0
91	13	0
91	25	0
84	29	0
15	11	0
32	81	0
56	96	1
89	48	0
71	95	0
87	84	0
70	36	0
52	89	0
0	10	0
38	15	0
50	30	0
64	39	0
0	57	0
43	8	0
93	77	0
97	52	0
60	2	0
32	9	0
99	87	0
31	67	0
10	97	1
30	33	0
63	49	0
73	66	0
54	77	0
83	80	0
75	29	0
79	83	0
83	34	0
91	74	0
48	33	0
97	73	0
62	14	0
34	58	0
77	91	0
89	45	0
87	47	0
81	87	0
89	46	0
36	54	0
53	90	1
72	84	0
23	75	0
85	79	0
0	93	0
84	34	0
93	66	0
39	5	0
48	50	0
15	16	0
91	33	0
65	83	0
15	28	0
77	36	0
77	80	0
18	34	0
82	43	0
81	9	0
99	67	0
69	26	0
97	93	0
17	38	0
75	53	0
87	40	0
64	56	0
2	56	0
95	74	0
95	58	0
18	85	0
76	82	0
42	13	0
68	60	1
52	97	1
77	94	0
96	39	0
61	10	0
67	45	0
73	31	0
92	58	0
66	32	1
91	81	0
92	82	0
80	95	0
11	11	0
5	76	0
76	93	0
65	94	0
47	11	0
83	51	0
92	9	0
97	79	0
57	71	0
64	71	0
98	7	0
87	39	0
11	41	0
2	99	1
85	83	0
97	98	0
90	90	0
74	67	0
65	82	0
11	86	0
29	25	0
2	14	0
42	42	0
83	39	0
61	54	0
61	10	0
77	90	0
80	74	0
79	42	0
74	61	1
30	16	0
96	46	0
65	89	0
61	30	0
62	83	0
93	58	0
9	53	0
52	80	0
54	78	1
0	43	0
67	78	0
97	43	0
90	67	0
88	31	0
99	66	0
66	64	0
8	96	0
82	96	0
16	22	0
13	85	0
61	77	0
66	59	1
90	98	0
4	80	0
79	55	0
11	7	0
12	87	0
8	12	0
89	61	0
16	26	0
4	32	0
81	32	0
68	72	0
94	79	0
83	49	0
79	77	0
72	82	0
2	79	0
95	63	0
61	29	0
94	35	0
74	90	0
76	68	0
42	85	0
95	73	0
38	75	0
3	94	0
76	39	0
30	41	0
57	84	0
36	68	0
59	95	1
91	51	0
87	29	0
70	70	0
97	76	0
90	46	0
95	99	0
91	68	0
66	22	0
79	82	0
81	64	0
99	30	0
50	61	0
67	32	1
88	87	0
85	63	0
22	75	0
90	37	0
87	43	0
87	40	0
99	81	0
77	51	0
0	90	0
17	95	1
38	30	0
26	69	0
61	11	0
1	89	0
82	46	0
11	13	0
18	51	0
62	67	0
73	82	0
73	57	0
65	40	0
79	40	0
15	42	0
91	76	0
59	92	1
80	14	0
13	88	0
97	54	0
22	14	0
25	34	0
68	47	0
94	33	0
16	1	0
39	1	0
53	63	0
95	88	0
25	4	0
58	1	0
90	82	0
54	86	0
23	53	0
94	47	0
82	64	0
9	94	1
8	92	0
47	33	0
95	42	0
21	34	0
83	30	0
78	10	0
34	32	0
24	38	0
82	41	0
60	92	0
81	42	0
14	12	0
91	56	0
75	46	0
83	23	1
61	97	1
74	45	0
51	96	0
55	50	0
68	38	0
46	90	1
85	48	0
98	92	0
90	86	0
71	70	0
74	31	0
95	48	0
88	96	0
96	98	0
78	25	1
80	70	0
82	95	0
52	77	0
2	13	0
30	92	0
86	38	0
77	30	0
86	48	0
75	50	0
94	65	0
88	35	0
14	74	0
10	10	0
46	88	0
28	71	0
38	0	0
6	80	0
92	46	0
93	84	0
84	49	0
94	95	0
98	37	0
