78	60	0
33	30	0
67	99	0
16	9	0
95	37	0
82	95	0
68	45	0
4	78	0
3	7	0
13	93	0
89	43	0
68	76	0
34	32	0
68	74	0
97	57	0
52	94	1
58	73	0
39	29	0
86	75	0
96	84	0
74	76	0
9	29	0
69	72	0
75	33	0
64	91	0
50	73	0
65	80	0
96	46	0
98	26	0
93	75	0
33	3	0
44	86	1
83	34	0
31	17	0
97	73	0
91	70	0
93	22	1
91	11	0
21	35	0
61	78	0
2	86	0
96	10	1
60	96	0
17	29	0
81	75	0
91	34	0
56	92	0
4	17	0
93	15	0
68	39	0
71	17	1
53	43	0
74	32	0
15	98	1
91	65	0
60	91	0
17	61	0
39	84	1
95	53	0
34	35	0
27	7	0
68	63	0
14	92	0
98	31	0
38	68	0
87	56	0
99	4	0
75	97	0
69	83	0
5	27	0
76	80	0
81	66	0
79	38	0
18	98	1
59	39	0
86	44	0
87	34	0
89	38	0
18	60	0
2	15	0
89	60	0
58	97	0
39	77	0
59	93	0
71	36	0
60	66	0
82	76	0
77	74	0
17	18	0
14	9	0
84	60	0
89	0	0
14	52	0
71	79	0
65	78	0
58	76	0
53	8	0
50	94	1
73	91	0
77	52	0
12	90	0
90	82	0
3	89	0
16	53	0
88	88	0
87	75	0
54	76	0
73	43	0
80	39	0
54	69	0
22	54	0
40	21	0
92	90	0
71	5	0
83	37	0
83	93	0
62	77	0
73	74	0
14	25	0
12	78	1
67	99	0
75	64	1
45	93	1
59	92	0
27	83	0
37	38	0
76	55	1
59	46	0
58	79	0
70	35	0
2	97	0
94	35	0
63	26	0
50	22	0
80	18	1
64	70	0
73	94	0
84	75	0
87	8	1
94	30	0
97	76	0
69	74	0
53	83	0
13	72	0
94	8	1
11	53	0
77	75	0
80	70	0
90	53	0
85	54	0
91	66	0
54	13	0
38	23	0
76	61	0
26	75	0
57	83	0
82	76	0
80	5	1
94	45	0
99	31	0
71	61	0
69	99	0
60	8	0
2	93	0
11	99	0
95	59	0
59	63	1
95	72	0
15	18	0
47	98	1
79	8	1
78	8	0
89	23	0
87	23	0
80	31	0
12	12	0
30	75	0
56	91	0
84	39	0
75	94	0
90	72	0
63	30	0
63	83	0
7	6	0
32	8	0
43	26	0
65	34	0
1	54	0
31	13	0
95	85	0
95	58	0
99	14	0
61	0	0
36	7	0
99	86	0
27	75	0
8	93	0
33	35	0
76	46	0
73	68	0
55	72	0
85	83	0
70	30	0
74	78	0
87	33	0
85	68	0
62	36	0
98	75	0
62	14	0
97	9	1
30	58	0
76	90	0
98	44	0
90	43	0
75	94	0
93	40	0
46	45	0
57	99	0
71	84	0
22	78	0
82	79	0
5	95	0
91	12	1
93	14	1
43	83	1
19	99	1
86	30	0
93	65	0
31	2	0
49	91	1
44	57	0
11	14	0
89	46	0
89	7	1
70	90	0
15	20	0
75	25	0
74	79	0
15	30	0
78	38	0
80	2	0
95	68	0
67	16	0
94	92	0
12	34	0
53	96	0
63	56	0
94	40	0
60	45	0
2	56	0
91	75	0
91	62	0
2	85	0
75	86	0
39	22	0
65	54	0
64	99	0
69	91	0
98	51	0
62	11	0
66	38	0
78	30	0
92	58	0
74	39	0
86	68	0
44	97	1
50	89	1
89	96	0
81	95	0
17	8	0
5	84	0
74	83	0
71	96	0
58	19	0
81	52	0
95	1	0
95	77	0
65	82	0
91	19	1
64	79	0
86	19	1
95	3	0
85	28	0
11	43	0
7	98	0
16	98	1
88	89	0
86	89	0
83	85	0
84	58	0
77	84	0
8	91	0
26	21	0
3	11	0
37	40	0
88	11	1
85	37	0
63	63	0
59	4	0
76	85	0
79	80	0
80	48	0
75	61	0
31	19	0
99	39	0
78	97	0
56	38	0
71	85	0
98	64	0
16	58	0
42	71	0
52	78	0
52	86	1
1	47	0
71	72	0
94	45	0
95	67	0
54	92	0
88	27	0
84	9	0
94	68	0
63	72	0
6	94	0
79	90	0
21	19	0
4	87	0
65	73	0
62	67	0
82	87	0
0	83	0
83	51	0
15	0	0
49	87	1
8	82	0
0	16	0
97	51	0
77	21	1
18	19	0
15	34	0
69	39	0
69	79	0
92	78	0
86	42	0
80	74	0
73	90	0
2	68	0
88	66	0
63	24	0
98	43	0
77	86	0
80	70	0
44	78	0
95	65	0
93	10	1
47	77	0
0	97	0
74	36	0
79	25	1
31	33	0
66	85	0
34	72	0
62	93	0
96	53	0
88	37	0
70	69	0
91	79	0
92	44	0
96	98	0
78	70	0
72	36	0
44	86	1
82	78	0
86	72	0
94	30	0
46	64	0
63	32	0
82	91	0
87	53	0
24	83	0
84	37	0
77	44	0
89	38	0
99	83	0
74	42	0
5	88	0
9	98	0
38	33	0
25	73	0
44	87	1
61	9	0
2	96	0
75	47	0
12	15	0
17	61	0
69	70	0
67	69	0
80	51	0
76	41	0
74	65	0
78	46	0
13	38	0
95	77	0
59	96	0
81	19	0
41	94	1
18	89	0
95	58	0
63	35	0
25	17	0
26	31	0
77	51	0
98	34	0
17	2	0
41	0	0
52	62	0
94	85	0
27	9	0
57	17	0
85	81	0
72	63	1
63	91	0
15	49	0
99	46	0
87	61	0
6	90	0
2	94	0
48	26	0
92	28	0
18	28	0
87	38	0
74	13	0
39	27	0
18	96	0
63	87	0
20	33	0
74	40	0
67	86	0
69	35	0
12	7	0
93	55	0
87	36	0
87	23	0
60	26	1
52	97	0
87	37	0
57	98	0
61	55	0
72	54	0
51	92	0
92	52	0
93	99	0
83	86	0
54	86	1
78	77	0
74	19	0
94	47	0
94	99	0
92	95	0
84	22	0
84	67	0
15	95	1
85	96	0
61	73	0
5	21	0
27	93	0
88	29	0
17	97	0
53	79	1
71	38	0
79	49	0
75	55	0
99	56	0
85	37	0
80	19	1
6	81	0
11	11	0
59	81	0
28	68	0
36	7	0
1	81	0
96	42	0
93	86	0
87	50	0
90	84	0
67	53	1
84	18	1
96	39	0
