91	66	0
50	11	0
44	15	0
53	99	0
7	23	0
95	33	0
97	82	0
10	9	1
46	10	0
75	84	0
42	36	0
83	37	0
3	87	0
22	13	0
21	64	0
99	12	0
96	79	0
66	23	0
30	49	0
96	67	0
94	7	0
44	77	0
70	85	0
73	99	0
72	1	0
39	92	0
55	0	0
76	80	0
70	94	0
96	57	0
5	39	0
37	39	0
43	27	0
85	28	0
42	49	0
87	67	0
14	90	0
60	82	0
94	26	0
77	93	0
51	0	0
18	48	0
78	52	0
95	58	0
58	71	0
98	42	0
10	85	0
29	48	0
54	12	0
89	48	0
18	65	0
58	16	0
27	90	0
51	88	0
32	61	0
96	68	0
38	28	0
40	48	0
79	74	0
99	91	0
84	14	0
9	91	0
95	7	0
47	4	0
79	76	0
43	21	0
20	81	0
76	10	0
36	78	0
85	81	0
63	64	0
15	27	0
77	88	0
26	42	0
14	44	0
90	42	0
8	37	0
39	75	0
51	82	0
75	24	0
43	99	0
64	99	0
3	5	0
10	10	0
95	18	0
99	15	0
34	53	0
83	44	0
22	26	0
80	58	0
31	50	0
33	12	0
36	4	0
67	39	0
17	88	0
71	9	0
49	74	0
41	12	0
42	26	0
93	38	0
39	73	0
73	47	0
18	64	0
72	94	0
3	77	0
46	80	0
87	45	0
59	4	0
43	68	0
14	61	0
57	4	0
63	58	0
16	62	0
41	5	0
41	65	0
27	35	0
91	80	0
55	43	0
0	3	0
28	95	0
80	5	0
68	67	0
14	34	0
85	81	0
94	14	0
67	68	0
54	82	0
29	14	0
55	95	0
77	77	0
78	53	0
36	98	0
68	29	0
33	22	0
25	35	0
84	6	0
4	72	0
97	71	0
97	10	0
87	29	0
44	56	0
58	17	0
86	86	0
6	13	0
38	14	0
85	79	0
34	45	0
88	74	0
80	85	0
56	19	0
45	31	0
53	60	0
9	47	0
28	76	0
18	60	0
80	74	0
41	53	0
49	98	0
80	56	0
75	75	0
51	81	0
21	44	0
86	78	0
3	32	0
41	45	0
20	15	0
17	76	0
39	75	0
97	32	0
32	31	0
80	14	0
36	77	0
60	28	0
51	36	0
77	84	0
26	53	0
70	74	0
39	89	0
33	56	0
37	15	0
65	14	0
36	86	0
15	73	0
70	84	0
88	54	0
17	92	0
21	31	0
97	65	0
28	58	0
24	86	0
47	95	0
49	50	0
34	7	0
18	38	0
74	86	0
83	95	0
60	87	0
74	21	0
6	69	0
59	2	0
75	11	0
66	23	0
78	21	0
25	59	0
4	68	0
52	58	0
79	33	0
30	75	0
90	24	0
47	90	0
33	66	0
28	15	0
75	74	0
30	62	0
40	13	0
8	94	0
70	14	0
98	82	0
86	92	0
90	21	0
1	82	0
15	71	0
95	45	0
49	77	0
35	46	0
53	71	0
55	72	0
44	54	0
5	79	0
28	60	0
68	11	0
0	67	0
73	99	0
75	45	0
41	87	0
89	59	0
46	14	0
40	63	0
22	81	0
39	89	0
56	36	0
64	30	0
21	30	0
98	63	0
75	47	0
85	55	0
7	80	0
60	18	0
14	87	0
69	64	0
55	43	0
59	52	0
56	16	0
4	51	0
81	44	0
53	5	0
78	60	0
51	86	0
68	47	0
96	38	0
97	2	0
2	60	0
81	72	0
18	99	0
98	66	0
44	87	0
61	32	0
46	0	0
23	91	0
70	34	0
40	57	0
47	79	0
45	11	0
22	97	0
70	92	0
88	81	0
69	29	0
91	70	0
5	88	0
50	40	0
52	6	0
68	23	0
33	13	0
35	2	0
54	8	0
54	51	0
70	35	0
35	57	0
28	49	0
49	62	0
72	81	0
85	83	0
60	85	0
90	16	0
90	56	0
79	4	0
13	53	0
26	6	0
87	39	0
60	23	0
74	72	0
3	39	0
47	71	0
52	25	0
27	97	0
32	92	0
23	70	0
97	67	0
37	29	0
38	4	0
26	57	0
88	54	0
74	23	0
72	88	0
23	13	0
66	92	0
9	73	0
46	84	0
36	38	0
2	57	0
75	7	0
24	30	0
89	13	0
41	15	0
9	4	1
86	7	0
36	49	0
17	47	0
84	27	0
96	60	0
5	29	0
33	27	0
5	63	0
32	87	0
16	86	0
3	10	0
39	88	0
49	69	0
49	36	0
63	26	0
41	90	0
35	68	0
89	95	0
46	31	0
18	46	0
28	38	0
59	71	0
82	93	0
50	19	0
87	4	0
31	2	0
56	7	0
58	10	0
23	44	0
82	57	0
68	3	0
16	35	0
53	11	0
55	52	0
48	51	0
23	66	0
85	86	0
75	52	0
18	52	0
50	34	0
20	6	1
97	7	0
53	7	0
61	18	0
56	44	0
27	33	0
4	71	0
68	77	0
17	80	0
35	92	0
25	94	0
51	27	0
41	43	0
92	55	0
69	45	0
9	82	0
80	82	0
58	90	0
16	30	1
75	17	0
57	96	0
73	3	0
87	60	0
87	50	0
40	20	0
43	41	0
33	47	0
90	77	0
8	10	0
77	24	0
94	3	0
15	42	0
31	99	0
71	74	0
84	4	0
2	59	0
97	33	0
46	98	0
73	9	0
63	50	0
44	51	0
43	41	0
32	38	0
49	37	0
72	84	0
76	46	0
37	33	0
79	72	0
22	56	0
15	91	0
85	89	0
40	34	0
1	79	0
66	18	0
90	12	0
78	43	0
16	60	0
66	41	0
35	36	0
52	41	0
5	98	0
71	29	0
56	14	0
86	55	0
43	25	0
29	84	0
23	4	0
81	50	0
9	2	1
72	96	0
5	84	0
37	55	0
52	77	0
57	32	0
20	98	0
18	44	0
27	42	0
59	15	0
93	27	0
83	21	0
85	92	0
19	62	0
31	19	0
30	31	0
78	22	0
54	62	0
73	97	0
21	40	0
71	99	0
90	69	0
33	72	0
75	6	0
72	39	0
82	17	0
71	9	0
43	17	0
43	37	0
96	2	0
77	29	0
0	67	0
87	16	0
97	98	0
8	96	0
90	54	0
54	48	0
26	12	0
92	83	0
68	55	0
19	97	0
68	34	0
79	45	0
85	54	0
84	64	0
27	69	0
79	75	0
40	94	0
80	73	0
30	34	0
28	98	0
98	82	0
32	34	0
29	43	0
69	74	0
60	90	0
47	61	0
57	98	0
59	54	0
38	64	0
34	66	0
80	21	0
20	91	0
85	54	0
25	89	0
41	64	0
40	72	0
86	31	0
27	29	0
21	51	0
56	31	0
96	68	0
68	10	0
87	97	0
71	95	0
39	50	0
63	6	0
29	43	0
39	89	0
42	32	0
53	67	0
65	78	0
34	20	0
79	96	0
47	26	0
32	17	0
66	38	0
30	81	0
41	16	0
6	59	0
89	80	0
59	96	0
52	44	0
83	11	0
45	77	0
40	52	0
94	59	0
86	0	0
6	72	0
71	4	0
72	74	0
73	32	0
35	11	0
29	73	0
84	82	0
29	72	0
54	83	0
74	20	0
11	66	0
67	18	0
45	59	0
60	97	0
32	96	0
88	8	0
92	19	0
61	14	0
41	90	0
10	89	0
7	90	0
73	46	0
69	64	0
79	70	0
15	50	0
81	37	0
70	64	0
87	73	0
58	64	0
17	60	0
24	66	0
35	23	0
43	32	0
2	43	0
50	61	0
41	45	0
95	34	0
81	39	0
71	5	0
79	36	0
56	71	0
16	53	0
59	29	0
88	76	0
62	83	0
94	74	0
19	55	0
57	72	0
66	46	0
27	52	0
90	32	0
19	53	0
38	25	0
84	47	0
79	96	0
61	55	0
17	67	0
45	6	0
58	72	0
32	87	0
43	27	0
80	81	0
95	71	0
19	96	0
52	76	0
9	73	0
74	59	0
31	49	0
50	61	0
36	77	0
62	72	0
25	28	0
16	62	0
92	81	0
80	55	0
98	57	0
25	61	0
53	85	0
63	27	0
91	27	0
42	44	0
96	12	0
17	88	0
28	31	0
32	84	0
89	56	0
22	43	0
92	66	0
18	94	0
7	73	0
22	7	0
89	86	0
38	28	0
5	72	0
77	92	0
46	62	0
85	66	0
28	92	0
98	37	0
29	14	0
33	82	0
31	70	0
38	19	0
22	43	0
3	16	0
82	71	0
93	8	0
57	9	0
76	12	0
95	43	0
30	8	0
38	45	0
97	41	0
8	55	0
54	81	0
1	52	0
15	73	0
78	55	0
48	96	0
72	50	0
74	82	0
34	33	0
75	64	0
39	56	0
84	46	0
13	74	0
52	36	0
33	69	0
70	33	0
55	34	0
99	82	0
98	98	0
88	80	0
26	75	0
15	31	0
56	50	0
47	76	0
32	17	0
22	0	0
35	71	0
9	39	0
62	2	0
71	86	0
77	66	0
92	19	0
10	45	0
70	90	0
5	94	0
55	8	0
61	50	0
69	15	0
42	19	0
23	36	0
45	17	0
72	2	0
44	86	0
55	32	0
28	88	0
76	9	0
31	44	0
51	68	0
74	21	0
91	74	0
59	75	0
34	68	0
50	86	0
79	87	0
85	54	0
16	70	0
77	72	0
62	96	0
16	38	0
20	51	0
95	33	0
33	93	0
97	85	0
69	82	0
48	2	0
55	46	0
93	55	0
60	85	0
83	50	0
95	77	0
81	29	0
10	65	0
0	55	0
70	83	0
77	39	0
49	62	0
58	10	0
34	13	0
78	73	0
28	32	0
13	62	0
44	50	0
54	37	0
35	14	0
52	30	0
13	86	0
23	40	0
8	60	0
10	72	0
75	53	0
17	18	0
59	8	0
98	22	0
81	2	0
53	79	0
9	57	0
59	27	0
44	32	0
64	81	0
88	12	0
37	49	0
53	63	0
51	80	0
19	93	0
32	63	0
42	86	0
25	31	0
78	84	0
49	49	0
38	83	0
60	30	0
12	49	0
61	63	0
59	25	0
30	71	0
79	38	0
52	45	0
47	43	0
34	16	0
6	62	0
78	64	0
74	60	0
41	40	0
85	62	0
85	70	0
78	26	0
61	6	0
91	77	0
81	10	0
3	68	0
69	76	0
32	19	0
63	39	0
15	5	1
12	66	0
12	85	0
37	89	0
27	53	0
94	30	0
21	53	0
55	99	0
19	83	0
98	72	0
55	63	0
85	42	0
19	2	0
53	21	0
58	9	0
5	7	1
13	79	0
61	61	0
85	62	0
70	49	0
15	1	0
29	41	0
66	9	0
4	81	0
77	3	0
43	69	0
47	22	0
74	98	0
8	37	0
12	91	0
99	56	0
29	12	0
98	77	0
59	64	0
73	48	0
52	29	0
90	27	0
90	75	0
14	70	0
1	81	0
20	55	0
11	90	0
0	83	0
81	24	0
38	46	0
0	94	0
48	11	0
62	4	0
36	49	0
68	44	0
46	17	0
28	68	0
30	30	0
82	14	0
15	40	0
85	52	0
90	5	0
66	60	0
27	11	0
51	16	0
12	99	0
59	79	0
35	70	0
37	17	0
3	82	0
2	92	0
64	54	0
92	37	0
41	30	0
33	78	0
24	23	1
99	92	0
54	29	0
55	74	0
62	95	0
6	84	0
68	27	0
57	61	0
24	35	0
96	70	0
45	68	0
99	23	0
71	16	0
90	23	0
78	85	0
45	60	0
34	84	0
82	17	0
25	6	0
61	91	0
73	72	0
17	50	0
70	41	0
76	88	0
87	10	0
94	54	0
25	72	0
61	50	0
22	27	0
88	19	0
37	47	0
59	1	0
96	94	0
82	69	0
47	74	0
75	29	0
77	74	0
7	88	0
47	6	0
12	89	0
7	68	0
68	68	0
68	98	0
79	7	0
93	95	0
81	8	0
78	75	0
61	5	0
85	34	0
81	48	0
54	32	0
13	75	0
54	86	0
60	80	0
18	54	0
2	39	0
38	98	0
8	67	0
45	1	0
34	53	0
12	59	0
41	27	0
1	44	0
95	52	0
53	19	0
8	45	0
26	85	0
74	67	0
2	0	0
89	70	0
18	71	0
60	45	0
31	62	0
94	45	0
53	40	0
1	11	0
4	53	0
20	61	0
96	68	0
68	49	0
97	58	0
3	54	0
67	57	0
11	75	0
0	18	0
84	56	0
26	61	0
40	14	0
37	30	0
8	80	0
34	89	0
4	6	0
80	43	0
76	57	0
79	61	0
74	81	0
41	84	0
48	20	0
0	73	0
48	69	0
43	48	0
57	55	0
84	10	0
