92	67	0
27	14	0
60	98	0
6	1	0
97	48	0
99	93	0
40	73	0
66	46	0
1	89	0
6	10	0
11	93	0
92	43	0
61	82	0
30	32	0
92	83	0
93	35	0
45	97	0
39	74	0
74	71	0
51	13	0
31	78	1
83	68	0
94	79	0
81	95	0
5	29	0
39	34	1
87	19	0
75	66	0
6	70	0
32	93	0
84	17	0
68	90	0
52	73	0
78	75	0
99	52	0
59	57	1
98	38	0
16	75	0
87	72	0
18	69	0
48	3	0
13	76	0
37	90	0
84	47	0
46	36	1
39	16	0
99	89	0
90	93	0
93	17	0
27	82	0
95	10	0
25	20	0
70	84	0
1	88	0
89	2	0
62	90	0
9	29	0
70	79	0
86	28	0
27	88	0
51	92	0
79	30	0
32	92	0
40	89	0
19	10	0
95	13	0
80	29	0
53	79	0
86	27	0
65	49	0
70	35	0
5	97	0
78	0	1
49	84	0
81	1	0
91	62	0
6	64	1
63	88	0
2	75	0
39	91	0
97	60	0
78	26	0
65	13	0
63	43	0
8	64	1
36	9	0
74	66	0
2	93	0
99	29	0
43	72	0
82	62	0
82	2	0
67	86	0
68	85	0
3	32	0
64	71	0
91	74	0
67	43	0
13	94	0
68	36	0
70	4	1
89	59	0
90	31	0
97	41	0
18	52	0
52	67	1
8	27	0
45	31	1
85	64	0
59	75	0
58	63	0
46	41	1
57	67	0
50	56	1
43	94	0
78	33	0
61	73	0
61	78	0
96	55	0
29	14	0
47	41	1
21	12	0
27	75	0
77	48	0
98	4	0
27	98	0
22	42	0
63	70	0
62	74	0
53	72	0
49	11	0
46	91	0
80	87	0
89	52	0
21	96	0
87	78	0
7	75	0
56	63	0
11	42	0
73	76	0
99	72	0
48	70	0
71	46	0
54	69	1
62	7	1
96	34	0
30	91	0
59	81	0
23	31	0
45	80	0
42	21	0
89	94	0
29	83	0
94	9	0
29	78	1
91	38	0
55	96	0
73	77	0
67	67	0
27	37	0
10	65	0
70	7	0
67	94	0
91	61	0
48	89	0
64	82	0
78	18	0
56	72	0
31	82	0
51	87	0
22	17	0
59	25	1
81	55	0
64	41	0
70	61	0
80	30	0
21	97	0
62	62	0
86	42	0
74	33	0
57	20	0
95	29	0
73	83	0
75	97	0
74	64	0
98	24	0
99	17	0
87	84	0
33	91	0
63	86	0
49	95	0
85	37	0
18	96	0
91	24	0
26	50	0
20	91	0
31	98	0
81	79	0
77	68	0
97	57	0
92	58	0
24	84	0
51	82	0
73	11	0
78	50	0
49	3	0
45	35	0
79	38	0
25	65	1
43	51	1
26	73	0
76	88	0
85	58	0
53	70	0
97	2	0
90	38	0
96	42	0
70	58	0
68	85	0
46	64	0
67	16	0
8	92	0
0	92	0
86	65	0
82	72	0
86	11	0
93	86	0
18	4	0
33	97	0
56	99	0
40	27	0
88	13	0
93	0	0
96	27	0
72	29	0
70	51	0
9	6	0
28	99	0
16	74	0
46	86	0
45	76	0
88	43	0
53	88	0
53	56	1
98	84	0
65	36	0
84	90	0
85	20	0
16	4	0
39	3	0
34	25	0
99	41	0
79	10	0
14	51	0
18	23	0
53	37	1
88	83	0
96	62	0
73	31	0
95	9	0
64	4	0
77	14	0
38	13	0
10	68	0
90	92	0
39	87	0
7	98	0
30	42	0
47	44	1
72	48	0
67	59	0
77	76	0
78	72	0
79	26	0
71	85	0
72	2	1
97	47	0
79	57	0
61	55	0
96	68	0
72	17	0
92	20	0
22	49	0
70	98	0
53	69	1
94	24	0
18	83	0
94	42	0
72	89	0
90	26	0
62	18	0
29	57	1
53	43	0
60	87	0
63	26	1
71	80	0
24	92	0
94	86	0
2	86	0
89	5	0
87	19	0
52	70	0
36	62	1
66	50	0
15	99	0
76	33	0
97	61	0
45	40	1
31	83	0
34	9	0
49	86	0
40	85	0
48	76	0
9	65	1
5	24	0
65	0	1
85	36	0
99	8	0
79	97	0
23	31	0
65	10	0
64	39	0
68	85	0
3	18	0
45	85	0
77	43	0
29	87	0
77	4	0
57	17	1
86	14	0
88	52	0
14	85	0
72	15	0
92	97	0
36	99	0
78	66	0
9	33	0
59	97	0
58	41	0
15	68	0
60	26	0
94	49	0
74	47	0
72	58	0
18	45	0
94	55	0
22	96	0
88	53	0
21	91	0
80	80	0
36	21	0
71	69	0
59	87	0
58	94	0
76	53	0
87	5	0
8	79	0
78	46	0
24	97	0
50	62	1
86	32	0
34	62	1
87	52	0
74	22	0
72	71	0
47	92	0
58	96	0
32	98	0
97	75	0
80	79	0
73	6	1
21	2	0
51	46	1
42	59	1
2	81	0
79	87	0
64	79	0
73	49	0
66	25	0
39	63	1
44	76	0
80	49	0
99	9	0
23	67	0
82	6	0
55	69	0
33	39	1
85	86	0
35	78	1
54	89	0
68	25	0
84	13	0
68	83	0
27	96	0
87	11	0
87	7	0
71	27	0
15	55	0
13	87	0
14	86	0
75	90	0
87	97	0
62	56	0
78	95	0
80	60	0
73	59	0
13	91	0
9	74	0
39	28	0
4	17	0
33	38	0
27	48	1
96	30	0
87	42	0
72	54	0
57	54	1
47	20	0
89	76	0
61	75	0
86	51	0
31	87	0
79	60	0
23	10	0
95	41	0
56	96	0
32	44	0
30	98	0
70	99	0
84	69	0
25	83	0
57	24	1
9	70	0
41	74	0
66	60	0
57	76	0
56	89	0
12	49	0
72	59	0
82	45	0
89	64	0
42	73	0
69	92	0
50	28	1
93	16	0
63	49	0
85	12	0
11	83	0
48	98	0
81	77	0
73	70	0
9	90	0
10	74	0
79	89	0
34	29	0
6	85	0
67	95	0
64	68	0
85	75	0
12	91	0
78	46	0
16	11	0
48	98	0
9	93	0
2	17	0
87	58	0
86	19	0
77	33	0
73	17	0
9	15	0
15	51	0
82	30	0
2	66	0
66	74	0
26	84	0
67	55	0
83	93	0
75	40	0
71	82	0
69	52	0
68	83	0
9	70	0
42	53	1
27	82	0
65	61	0
60	44	0
97	37	0
95	97	0
76	87	0
43	58	1
71	49	0
63	55	0
69	0	1
65	88	0
97	79	0
97	1	0
59	81	0
1	90	0
63	31	0
64	22	0
73	17	0
22	73	0
72	23	0
87	17	0
30	54	1
33	33	0
51	99	0
68	69	0
47	84	0
71	93	0
83	55	0
81	36	0
88	68	0
78	99	0
99	40	0
95	91	0
46	87	0
69	80	0
88	45	0
46	91	0
81	85	0
81	50	0
83	27	0
3	71	0
51	72	0
73	19	0
62	34	0
84	82	0
63	50	0
12	87	0
21	95	0
76	38	0
81	32	0
97	56	0
94	3	0
77	93	0
54	36	1
93	16	0
70	40	0
13	74	0
16	99	0
21	76	0
8	92	0
64	50	0
43	28	0
38	67	0
64	84	0
66	12	0
19	84	0
87	52	0
22	21	0
16	70	0
72	59	0
61	57	0
90	55	0
82	63	0
73	64	0
60	54	1
76	54	0
0	29	0
90	87	0
57	52	0
45	86	0
4	72	0
28	85	0
34	51	1
95	18	0
54	95	0
13	93	0
97	49	0
74	17	0
17	11	0
30	23	0
71	7	0
15	68	0
79	58	0
89	38	0
13	2	0
67	10	0
42	86	0
94	79	0
15	13	0
49	84	0
82	38	0
98	80	0
57	69	0
67	82	0
16	43	0
92	38	0
93	74	0
14	80	0
23	76	0
18	87	0
72	3	1
8	95	0
28	47	1
59	39	0
94	18	0
6	21	0
85	34	0
89	15	0
39	25	0
18	91	0
46	84	0
15	72	0
27	29	0
14	70	0
22	91	0
63	64	0
91	49	0
72	92	0
49	40	1
60	69	0
50	69	1
19	99	0
84	41	0
2	0	0
81	59	0
52	48	0
99	28	0
81	30	0
73	32	0
55	99	0
41	38	1
56	45	0
56	8	0
36	97	0
45	55	1
95	36	0
60	99	0
73	52	0
84	47	0
49	90	0
34	83	0
94	26	0
71	8	1
96	96	0
76	85	0
54	80	0
86	12	0
79	69	0
24	79	0
69	27	0
24	96	0
95	56	0
87	86	0
85	10	0
99	94	0
83	20	0
87	58	0
62	22	1
12	90	0
68	92	0
64	80	0
5	23	0
10	97	0
8	74	0
78	28	0
19	98	0
56	93	0
90	47	0
15	71	0
76	44	0
29	87	0
78	48	0
78	54	0
80	46	0
79	34	0
51	66	1
2	87	0
4	3	0
71	72	0
12	59	0
26	6	0
5	92	0
29	71	0
95	45	0
80	90	0
92	58	0
99	80	0
80	40	0
4	83	0
51	58	1
86	36	0
86	29	0
