98	64	0
55	10	0
39	25	0
48	97	0
7	25	0
93	30	0
92	76	0
9	9	1
45	8	0
71	91	0
43	40	0
79	38	0
0	81	0
22	7	0
16	68	0
99	12	0
95	82	0
64	26	0
27	56	0
98	70	0
91	0	0
43	80	0
72	82	0
75	99	0
66	2	0
38	99	0
54	8	0
77	83	0
69	90	0
98	53	0
4	40	0
33	35	0
40	31	0
84	28	0
37	45	0
88	71	0
13	93	0
64	79	0
94	25	0
78	88	0
45	4	0
23	49	0
74	51	0
98	54	0
57	75	0
97	48	0
11	88	0
42	43	0
58	12	0
85	48	0
20	69	0
56	13	0
28	91	0
51	90	0
29	58	0
97	73	0
40	28	0
37	47	0
84	81	0
99	90	0
87	13	0
12	93	0
96	8	0
50	3	0
90	72	0
40	28	0
24	86	0
77	8	0
38	76	0
87	77	0
59	57	0
17	27	0
80	89	0
27	40	0
15	49	0
85	38	0
15	36	0
39	79	0
58	89	0
76	25	0
44	99	0
64	99	0
1	10	0
14	12	0
95	21	0
97	20	0
39	57	0
77	43	0
24	29	0
79	57	0
36	51	0
31	9	0
34	1	0
71	45	0
17	89	0
60	6	0
51	75	0
42	9	0
41	26	0
89	42	0
39	63	0
64	47	0
14	71	0
70	86	0
6	78	0
44	77	0
83	49	0
61	7	0
53	68	0
8	64	0
61	6	0
55	60	0
5	68	0
48	4	0
37	61	0
22	38	0
87	81	0
50	43	0
1	3	0
24	98	0
77	0	0
66	69	0
11	34	0
84	78	0
92	11	0
65	67	0
56	84	0
29	21	0
61	90	0
21	22	1
82	85	0
67	57	0
36	97	0
74	32	0
31	22	0
19	33	0
84	2	0
0	70	0
95	71	0
92	17	0
91	31	0
42	59	0
60	9	0
92	90	0
5	9	0
41	13	0
84	82	0
37	44	0
93	68	0
85	74	0
56	24	0
49	34	0
58	60	0
7	50	0
27	79	0
14	57	0
79	73	0
51	67	0
45	99	0
80	54	0
71	79	0
55	79	0
26	47	0
86	78	0
0	36	0
39	41	0
24	21	0
22	78	0
38	71	0
97	23	0
38	33	0
72	14	0
36	84	0
68	24	0
51	35	0
77	78	0
26	55	0
63	70	0
42	95	0
38	62	0
37	10	0
66	15	0
38	86	0
9	75	0
72	86	0
91	57	0
17	88	0
31	30	0
97	69	0
28	60	0
32	85	0
43	99	0
53	47	0
36	7	0
19	38	0
71	91	0
81	95	0
59	88	0
79	21	0
3	68	0
58	3	0
69	11	0
69	22	0
81	21	0
33	61	0
1	74	0
55	58	0
76	38	0
33	76	0
87	20	0
53	84	0
32	64	0
30	14	0
80	69	0
34	69	0
41	13	0
1	92	0
74	17	0
96	82	0
86	94	0
86	18	0
4	77	0
14	76	0
92	48	0
48	72	0
35	46	0
50	76	0
57	77	0
51	58	0
6	79	0
32	67	0
65	10	0
6	66	0
72	99	0
71	41	0
40	92	0
89	56	0
39	12	0
41	53	0
18	74	0
38	93	0
51	35	0
67	28	0
19	32	0
93	67	0
78	44	0
83	53	0
8	79	0
57	15	0
15	82	0
69	69	0
51	43	0
63	52	0
53	11	0
10	8	1
2	56	0
76	47	0
53	10	0
76	60	0
48	86	0
65	47	0
95	27	0
91	7	0
2	63	0
89	70	0
21	99	0
93	62	0
41	90	0
58	31	0
44	1	0
21	93	0
67	32	0
41	52	0
45	76	0
51	4	0
25	98	0
72	95	0
86	83	0
68	27	0
95	71	0
8	84	0
45	36	0
60	0	0
69	23	0
36	20	0
41	3	0
50	11	0
55	45	0
72	37	0
36	52	0
26	48	0
50	55	0
72	81	0
86	74	0
55	88	0
84	11	0
94	53	0
80	1	0
10	52	0
29	3	0
87	38	0
48	24	0
74	74	0
6	44	0
52	72	0
54	25	0
24	99	0
31	88	0
27	72	0
97	63	0
44	30	0
35	0	0
24	56	0
89	54	0
80	26	0
67	94	0
16	8	0
63	95	0
10	75	0
42	85	0
35	33	0
4	54	0
82	5	0
24	27	0
83	12	0
44	12	0
14	3	0
86	6	0
33	47	0
13	38	0
83	27	0
92	62	0
8	27	0
28	27	0
0	53	0
30	84	0
16	78	0
4	7	0
37	91	0
45	66	0
42	38	0
65	21	0
45	82	0
38	70	0
83	97	0
43	25	0
20	47	0
31	35	0
56	80	0
84	96	0
54	16	0
83	0	0
35	3	0
49	11	0
60	11	0
18	44	0
81	58	0
67	5	0
19	37	0
58	6	0
53	52	0
46	51	0
28	62	0
80	84	0
67	52	0
17	52	0
54	37	0
21	10	1
94	7	0
51	9	0
67	15	0
56	41	0
26	36	0
8	69	0
67	75	0
19	79	0
33	95	0
20	95	0
50	21	0
34	35	0
91	62	0
64	45	0
4	79	0
81	79	0
60	92	0
22	32	0
76	23	0
59	95	0
70	0	0
92	60	0
80	44	0
33	16	0
44	47	0
41	49	0
90	77	0
6	16	0
76	28	0
87	10	0
12	47	0
28	93	0
70	75	0
83	4	0
4	67	0
99	34	0
44	94	0
75	8	0
65	51	0
41	51	0
52	44	0
31	39	0
50	38	0
74	78	0
76	50	0
42	32	0
77	67	0
22	52	0
20	92	0
83	82	0
41	23	0
5	70	0
65	18	0
89	16	0
72	42	0
13	60	0
62	34	0
29	37	0
54	40	0
7	98	0
62	31	0
55	11	0
88	50	0
45	24	0
31	81	0
27	6	0
81	49	0
6	3	0
66	99	0
1	85	0
37	45	0
52	81	0
55	29	0
20	98	0
19	42	0
24	40	0
61	15	0
91	32	0
82	17	0
87	96	0
19	58	0
33	15	0
32	30	0
81	21	0
53	61	0
72	91	0
17	36	0
73	99	0
86	71	0
39	80	0
72	9	0
72	37	0
85	14	0
71	18	0
44	17	0
43	34	0
92	4	0
71	29	0
3	62	0
93	16	0
87	94	0
7	93	0
91	64	0
45	47	0
24	11	0
94	85	0
78	56	0
25	98	0
67	25	0
79	47	0
91	55	0
82	66	0
33	73	0
83	80	0
35	93	0
90	74	0
36	39	0
23	91	0
99	89	0
35	35	0
30	41	0
66	69	0
61	91	0
50	64	0
50	96	0
56	58	0
34	64	0
30	63	0
83	19	0
16	91	0
82	55	0
20	87	0
42	57	0
42	77	0
80	29	0
28	29	0
20	47	0
66	41	0
98	73	0
67	16	0
85	94	0
71	96	0
34	44	0
64	9	0
31	45	0
28	87	0
43	33	0
57	68	0
70	80	0
38	20	0
79	94	0
46	30	0
33	17	0
65	41	0
31	80	0
43	10	0
4	62	0
90	81	0
58	91	0
53	44	0
81	11	0
44	74	0
43	54	0
99	57	0
90	1	0
3	75	0
72	4	0
76	72	0
70	32	0
32	2	0
36	68	0
82	79	0
37	72	0
55	77	0
77	20	0
16	65	0
65	14	0
42	63	0
58	99	0
29	93	0
97	3	0
90	16	0
64	10	0
41	88	0
20	88	0
7	85	0
76	48	0
72	65	0
79	62	0
19	44	0
83	44	0
70	61	0
87	72	0
63	58	0
22	58	0
22	72	0
39	27	0
46	39	0
2	48	0
51	65	0
41	40	0
93	39	0
80	36	0
70	3	0
78	30	0
54	76	0
15	16	1
17	48	0
61	36	0
93	75	0
61	85	0
95	72	0
22	53	0
52	69	0
60	53	0
25	58	0
92	33	0
24	62	0
38	25	0
86	50	0
76	99	0
60	54	0
21	64	0
45	2	0
63	68	0
29	84	0
39	28	0
75	77	0
95	69	0
20	97	0
53	68	0
12	70	0
75	66	0
31	55	0
49	66	0
40	76	0
60	70	0
26	34	0
15	65	0
88	79	0
82	50	0
96	59	0
25	74	0
55	79	0
71	31	0
21	19	1
87	24	0
41	38	0
97	14	0
13	85	0
26	33	0
27	74	0
83	55	0
22	38	0
93	63	0
12	97	0
7	74	0
20	6	0
97	93	0
38	27	0
4	78	0
76	88	0
42	61	0
78	74	0
33	89	0
98	32	0
30	13	0
39	86	0
32	74	0
36	17	0
23	38	0
4	23	0
88	69	0
89	11	0
58	10	0
73	13	0
98	40	0
29	6	0
35	43	0
97	41	0
14	59	0
44	85	0
5	47	0
16	79	0
80	56	0
46	96	0
70	50	0
73	77	0
38	37	0
76	63	0
34	56	0
88	44	0
13	70	0
59	33	0
36	69	0
75	35	0
56	40	0
97	83	0
95	99	0
84	84	0
18	81	0
19	33	0
55	48	0
53	74	0
30	20	0
17	2	0
36	68	0
9	40	0
64	6	0
67	83	0
84	61	0
91	19	0
14	45	0
11	3	1
79	94	0
6	97	0
50	8	0
58	55	0
69	12	0
12	4	1
45	21	0
20	36	0
43	16	0
67	6	0
42	86	0
57	23	0
31	95	0
74	3	0
30	39	0
53	71	0
75	24	0
93	71	0
65	80	0
34	72	0
45	90	0
75	91	0
83	56	0
17	63	0
82	75	0
61	95	0
11	36	0
16	53	0
92	43	0
35	90	0
99	96	0
70	85	0
46	4	0
51	46	0
85	57	0
57	89	0
75	49	0
99	74	0
90	29	0
13	64	0
0	58	0
72	86	0
77	39	0
52	59	0
55	10	0
33	16	0
76	76	0
24	38	0
14	65	0
43	46	0
59	42	0
32	15	0
59	30	0
15	86	0
20	40	0
10	59	0
6	73	0
77	50	0
18	24	0
62	14	0
92	25	0
81	2	0
55	71	0
3	64	0
63	26	0
48	31	0
67	78	0
77	12	0
46	43	0
51	61	0
47	86	0
17	99	0
24	67	0
44	85	0
30	35	0
74	79	0
52	45	0
30	78	0
60	32	0
10	42	0
60	60	0
61	20	0
32	78	0
80	50	0
51	45	0
50	42	0
37	17	0
7	66	0
71	64	0
75	55	0
43	38	0
84	56	0
80	68	0
81	36	0
70	9	0
93	77	0
90	14	0
5	70	0
70	81	0
31	18	0
59	36	0
8	1	1
18	56	0
11	87	0
34	87	0
21	51	0
94	32	0
20	52	0
54	99	0
17	83	0
99	72	0
54	61	0
87	39	0
22	2	0
55	14	0
51	7	0
7	5	0
12	74	0
62	62	0
85	69	0
73	50	0
16	0	0
29	40	0
66	7	0
2	77	0
76	3	0
41	73	0
53	21	0
75	98	0
8	33	0
8	92	0
99	55	0
30	16	0
90	73	0
61	57	0
76	40	0
45	27	0
91	28	0
85	72	0
14	63	0
2	84	0
22	59	0
2	91	0
9	85	0
88	29	0
31	50	0
4	96	0
53	12	0
61	1	0
39	47	0
21	23	1
64	38	0
38	21	0
22	75	0
31	32	0
72	17	0
9	42	0
84	49	0
89	0	0
66	51	0
29	10	0
51	16	0
10	97	0
61	81	0
40	68	0
37	12	0
2	83	0
1	91	0
63	50	0
90	44	0
37	28	0
28	78	0
20	27	0
96	85	0
58	26	0
50	74	0
63	99	0
19	25	1
3	84	0
67	27	0
53	67	0
30	33	0
98	67	0
43	71	0
99	17	0
76	15	0
94	19	0
87	84	0
46	57	0
23	90	0
84	5	0
29	3	0
69	87	0
66	76	0
19	50	0
69	40	0
72	81	0
88	13	0
94	52	0
23	70	0
58	49	0
23	22	0
90	22	0
40	42	0
62	10	0
90	97	0
82	78	0
45	69	0
73	32	0
69	76	0
1	90	0
45	0	0
11	96	0
11	75	0
69	69	0
76	98	0
80	8	0
95	86	0
79	4	0
81	70	0
60	0	0
91	35	0
75	53	0
57	30	0
13	71	0
58	89	0
52	76	0
13	46	0
3	42	0
36	96	0
9	67	0
43	0	0
37	56	0
12	65	0
37	23	0
5	48	0
90	51	0
51	19	0
1	44	0
26	85	0
75	58	0
1	3	0
92	70	0
24	82	0
57	46	0
35	55	0
94	44	0
57	40	0
0	14	0
1	50	0
20	57	0
93	70	0
69	51	0
98	63	0
1	55	0
64	57	0
14	68	0
3	14	0
72	66	0
29	63	0
47	13	0
32	31	0
7	80	0
35	85	0
5	4	0
78	46	0
68	61	0
82	65	0
77	76	0
46	88	0
44	16	0
1	72	0
50	65	0
41	53	0
62	51	0
85	14	0
