92	61	0
27	3	0
29	32	0
65	99	0
17	1	0
87	40	0
99	92	0
53	12	0
60	76	0
62	30	0
83	50	0
3	84	0
12	9	0
21	84	0
95	21	0
78	80	0
53	43	0
19	61	1
85	54	0
99	17	0
44	98	0
62	67	0
74	75	0
52	4	0
29	74	0
53	17	0
90	73	0
68	89	0
91	78	0
4	35	0
53	11	0
44	25	0
97	29	0
15	59	1
78	65	0
9	84	0
37	93	0
85	18	0
78	84	0
37	8	0
40	64	0
87	72	0
92	72	0
54	65	0
99	50	0
17	80	0
73	1	0
98	66	0
17	74	0
68	6	0
9	72	0
54	85	0
26	71	0
95	70	0
48	36	0
41	32	0
90	86	0
96	89	0
99	5	0
18	98	0
98	14	0
33	1	0
75	89	0
37	0	0
5	93	0
90	10	0
30	80	0
64	96	0
41	60	0
8	29	0
68	84	0
13	56	1
87	26	0
29	87	0
54	98	0
61	28	0
28	89	0
61	96	0
0	12	0
98	10	0
83	19	0
54	70	0
84	38	0
93	58	0
52	18	0
33	12	0
70	51	0
0	92	0
54	1	0
44	67	0
48	7	0
60	28	0
84	30	0
35	61	0
87	47	0
3	61	0
83	95	0
0	91	0
42	97	0
93	51	0
75	17	0
38	70	0
31	59	0
60	0	0
72	55	0
5	67	0
33	0	0
12	48	0
37	52	0
63	83	0
42	37	0
9	94	0
78	33	0
45	81	0
73	71	0
92	11	0
73	93	0
62	74	0
29	22	0
61	95	0
99	78	0
75	59	0
25	93	0
67	34	0
32	19	0
71	8	0
14	54	1
99	75	0
96	26	0
88	51	0
39	51	0
53	0	0
73	62	0
15	25	0
45	26	0
99	57	0
49	27	0
62	79	0
60	80	0
49	25	0
38	37	0
59	36	0
11	52	0
20	58	0
68	88	0
45	60	0
41	96	0
70	40	0
74	60	0
53	62	0
91	62	0
21	22	0
51	51	0
21	12	0
12	72	0
32	62	0
87	43	0
39	48	0
91	0	0
37	85	0
56	29	0
39	42	0
76	81	0
26	66	0
51	66	0
41	90	0
36	50	0
43	12	0
53	16	0
39	94	0
26	67	0
78	82	0
92	62	0
20	97	0
98	77	0
29	51	0
23	73	0
51	72	0
54	57	0
12	26	0
75	87	0
98	78	0
47	65	0
67	29	0
2	47	0
56	6	0
72	55	0
53	17	0
76	20	0
22	49	1
2	46	0
44	58	0
64	33	0
43	67	0
86	29	0
33	94	0
25	60	0
41	19	1
82	81	0
44	50	0
25	9	0
23	77	0
63	9	0
94	87	0
44	91	0
99	4	0
7	66	0
16	69	0
98	30	0
51	89	0
24	51	1
54	76	0
70	61	0
46	63	0
18	76	0
18	50	0
68	3	0
12	57	0
60	84	0
95	53	0
42	85	0
83	66	0
83	23	0
50	76	0
26	79	0
34	97	0
45	30	0
75	34	0
79	42	0
54	42	0
70	71	0
6	46	0
61	24	0
21	98	0
60	68	0
79	40	0
68	30	0
49	5	0
7	43	0
94	19	0
36	19	1
69	73	0
57	94	0
74	45	0
92	34	0
93	12	0
1	34	0
88	75	0
34	97	0
90	81	0
34	97	0
61	35	0
76	34	0
15	91	0
86	23	0
26	58	0
32	72	0
48	10	0
33	92	0
79	89	0
78	81	0
94	52	0
96	59	0
12	88	0
36	72	0
78	7	0
77	44	0
33	20	0
38	0	0
49	24	0
48	54	0
84	50	0
31	55	0
39	47	0
30	83	0
75	87	0
85	57	0
59	79	0
83	7	0
90	37	0
65	8	0
28	44	1
82	41	0
77	53	0
70	69	0
3	40	0
36	69	0
62	22	0
17	92	0
31	81	0
14	80	0
88	79	0
47	13	0
37	3	0
39	56	0
78	72	0
62	6	0
85	91	0
25	2	0
52	91	0
10	65	0
51	89	0
46	38	0
5	50	0
76	34	0
74	13	0
45	17	0
78	14	0
40	58	0
8	52	0
72	18	0
85	60	0
6	10	0
6	61	0
36	95	0
9	86	0
48	96	0
48	67	0
64	42	0
71	2	0
46	81	0
48	67	0
97	84	0
0	57	0
34	48	1
65	50	0
74	77	0
86	24	0
32	4	0
44	0	0
51	17	0
44	34	0
79	58	0
62	13	0
19	53	0
30	8	0
43	56	0
43	38	0
30	40	1
89	76	0
82	58	0
4	46	0
56	34	0
93	10	0
64	16	0
70	23	0
48	41	0
43	32	0
3	77	0
69	86	0
37	72	0
16	96	0
25	72	0
51	9	0
43	38	0
97	40	0
84	46	0
9	62	0
79	67	0
76	83	0
81	28	0
77	89	0
78	5	0
72	67	0
76	58	0
64	52	0
88	76	0
65	5	0
91	16	0
34	50	0
49	94	0
64	76	0
82	15	0
22	71	0
99	25	0
63	96	0
92	21	0
63	25	0
31	54	0
62	38	0
31	55	0
52	85	0
78	33	0
36	18	1
75	84	0
37	57	0
20	94	0
95	99	0
49	31	0
6	89	0
50	53	0
93	11	0
82	36	0
29	62	0
65	53	0
57	55	0
12	97	0
82	25	0
41	7	0
87	53	0
50	43	0
35	91	0
15	8	0
56	58	0
52	90	0
2	45	0
41	76	0
41	81	0
54	28	0
21	82	0
18	28	0
73	0	0
70	14	0
90	5	0
89	92	0
23	67	0
45	22	0
82	0	0
76	59	0
76	96	0
1	27	0
61	96	0
96	65	0
31	77	0
83	0	0
46	57	0
72	21	0
65	4	0
42	18	1
45	14	0
99	10	0
83	40	0
10	91	0
80	13	0
90	92	0
26	99	0
99	71	0
40	45	0
13	28	0
77	97	0
62	43	0
4	87	0
65	36	0
76	39	0
66	42	0
78	72	0
29	69	0
93	66	0
39	95	0
96	69	0
25	96	0
89	92	0
42	33	0
62	65	0
61	97	0
49	63	0
62	94	0
76	50	0
39	45	0
36	57	0
89	4	0
1	83	0
97	58	0
21	87	0
46	64	0
41	84	0
83	42	0
34	52	0
46	22	0
85	53	0
72	14	0
83	96	0
49	95	0
41	57	0
47	11	0
36	44	0
57	97	0
46	18	0
43	65	0
84	78	0
33	10	0
95	91	0
69	6	0
8	7	0
45	36	0
22	72	0
41	2	0
10	75	0
89	85	0
65	86	0
64	41	0
67	0	0
43	63	0
45	68	0
97	57	0
95	0	0
10	74	0
82	5	0
51	73	0
55	28	0
32	5	0
34	62	0
82	87	0
33	70	0
44	79	0
66	29	0
20	53	1
71	31	0
44	56	0
65	93	0
28	99	0
96	14	0
94	18	0
75	16	0
16	64	0
34	97	0
22	90	0
66	39	0
76	81	0
78	92	0
5	36	0
60	37	0
70	81	0
72	61	0
62	82	0
10	86	0
16	77	0
44	22	0
47	16	0
6	37	0
44	42	0
37	46	0
99	29	0
86	39	0
76	14	0
74	40	0
57	50	0
28	48	1
46	24	0
92	81	0
44	91	0
84	58	0
36	66	0
37	89	0
79	54	0
21	51	1
76	25	0
31	16	0
97	53	0
78	91	0
49	45	0
8	51	0
43	12	0
49	51	0
44	81	0
66	89	0
95	59	0
13	81	0
65	47	0
14	62	0
61	46	0
44	71	0
55	52	0
47	78	0
63	73	0
2	65	0
65	65	0
78	49	0
84	57	0
34	70	0
65	83	0
41	15	0
98	18	0
52	46	0
96	5	0
7	82	0
39	85	0
86	63	0
12	49	1
75	71	0
19	92	0
15	79	0
85	83	0
39	24	0
3	73	0
68	96	0
51	58	0
95	68	0
24	96	0
82	41	0
15	2	0
40	70	0
22	83	0
35	17	0
17	56	1
11	17	0
87	64	0
96	21	0
49	11	0
72	36	0
85	13	0
20	7	0
34	65	0
79	33	0
13	65	0
58	81	0
0	47	0
25	77	0
77	56	0
52	96	0
73	52	0
78	83	0
73	60	0
47	52	0
79	76	0
7	81	0
42	41	0
28	81	0
80	48	0
68	33	0
91	50	0
98	99	0
90	88	0
40	72	0
76	44	0
60	56	0
30	21	1
33	19	1
35	64	0
3	44	0
65	2	0
72	77	0
92	80	0
90	10	0
19	49	1
59	80	0
4	97	0
52	11	0
52	25	0
70	21	0
57	25	0
38	21	0
78	14	0
31	89	0
68	21	0
32	91	0
97	17	0
40	65	0
63	36	0
67	95	0
77	67	0
33	79	0
65	96	0
91	67	0
89	42	0
16	60	0
90	78	0
72	92	0
16	58	0
98	48	0
32	70	0
94	83	0
52	90	0
32	20	0
78	76	0
98	48	0
50	89	0
76	72	0
93	55	0
80	41	0
30	52	0
4	57	0
61	79	0
70	26	0
52	39	0
46	11	0
34	23	1
89	77	0
16	50	1
66	30	0
49	10	0
48	21	0
4	86	0
11	56	0
8	79	0
68	42	0
96	26	0
92	28	0
99	0	0
71	93	0
6	56	0
61	21	0
60	48	0
34	83	0
92	28	0
62	53	0
35	86	0
24	95	0
36	69	0
19	98	0
29	8	0
73	71	0
46	21	0
41	75	0
48	45	0
7	45	0
69	67	0
65	15	0
27	90	0
93	52	0
25	43	1
16	31	0
17	72	0
80	64	0
62	57	0
46	46	0
98	56	0
99	67	0
65	50	0
59	13	0
70	62	0
86	37	0
8	39	0
86	78	0
49	36	0
21	74	0
1	83	0
27	95	0
26	59	0
94	22	0
1	55	0
57	89	0
5	86	0
85	67	0
48	32	0
88	27	0
18	21	0
33	34	0
76	14	0
27	75	0
44	51	0
99	56	0
86	43	0
6	0	0
3	49	0
51	19	0
0	46	0
78	6	0
49	69	0
22	31	1
90	89	0
0	11	0
44	98	0
92	39	0
36	1	0
88	84	0
49	65	0
71	67	0
38	38	0
94	36	0
94	76	0
10	65	0
13	73	0
7	41	0
24	70	0
17	92	0
63	17	0
28	57	0
8	92	0
31	22	0
59	11	0
32	64	0
65	43	0
46	7	0
38	77	0
96	22	0
5	25	0
72	45	0
88	26	0
42	50	0
26	23	0
47	4	0
18	91	0
45	70	0
29	60	0
24	16	0
21	92	0
19	77	0
60	47	0
93	47	0
32	72	0
85	90	0
51	27	0
63	71	0
53	91	0
1	86	0
84	43	0
49	54	0
13	17	0
98	68	0
52	52	0
93	21	0
76	13	0
83	28	0
59	95	0
46	45	0
45	34	0
68	26	0
42	1	0
49	90	0
45	75	0
18	43	1
84	29	0
58	94	0
92	43	0
85	56	0
35	76	0
31	69	0
79	26	0
48	42	0
75	9	0
98	91	0
80	78	0
52	69	0
74	42	0
75	92	0
17	76	0
53	16	0
18	96	0
8	61	0
45	60	0
73	82	0
61	14	0
99	95	0
87	16	0
98	98	0
62	8	0
75	22	0
67	55	0
56	29	0
20	86	0
49	87	0
74	81	0
8	34	0
15	78	0
7	75	0
38	9	0
41	46	0
17	49	0
2	44	0
84	45	0
45	22	0
13	66	0
23	85	0
63	97	0
93	44	0
1	68	0
65	44	0
31	75	0
77	55	0
76	29	0
0	52	0
29	54	0
83	42	0
73	54	0
83	50	0
11	66	0
57	53	0
0	89	0
0	7	0
85	65	0
17	69	0
19	5	0
5	96	0
20	84	0
94	40	0
75	77	0
82	58	0
89	80	0
46	68	0
65	38	0
5	69	0
49	62	0
33	62	0
64	49	0
94	20	0
