95	62	0
39	8	0
34	35	0
66	98	0
19	9	0
97	36	0
94	86	0
44	9	0
60	77	0
52	24	0
84	44	0
0	80	0
14	0	0
21	75	0
96	24	0
76	74	0
52	35	0
19	55	0
89	61	0
95	9	0
49	93	0
59	68	0
79	89	0
57	5	0
32	81	0
52	12	0
88	70	0
64	85	0
87	79	0
2	29	0
53	18	0
39	22	0
93	31	0
24	48	0
85	63	0
7	86	0
40	98	0
88	31	0
72	89	0
41	7	0
21	71	0
93	61	0
91	68	0
55	64	0
94	47	0
1	81	0
63	6	0
99	68	0
14	68	0
70	12	0
16	75	0
57	97	0
35	78	0
95	69	0
50	35	0
29	22	0
94	79	0
98	99	0
93	5	0
15	94	0
99	15	0
32	11	0
74	75	0
38	4	0
16	99	0
83	5	0
40	88	0
66	93	0
42	67	0
2	34	0
71	88	0
8	60	0
93	31	0
29	39	1
32	88	0
58	96	0
61	29	0
31	94	0
60	92	0
3	21	0
98	5	0
96	18	0
46	62	0
83	42	0
83	53	0
51	11	0
39	6	0
70	51	0
10	97	0
54	7	0
54	89	0
40	0	0
48	38	0
79	41	0
35	64	0
74	50	0
4	59	0
76	84	0
3	78	0
28	99	0
94	59	0
64	14	0
42	67	0
40	68	0
67	2	0
72	50	0
1	60	0
28	4	0
14	35	0
40	37	0
68	83	0
47	40	0
10	95	0
83	8	0
47	80	0
76	77	0
98	1	0
67	85	0
52	70	0
37	15	0
52	96	0
98	67	0
70	59	0
28	97	0
62	34	0
31	12	0
22	43	0
80	6	0
8	59	0
90	57	0
95	20	0
81	39	0
42	51	0
50	15	0
78	69	0
19	12	0
33	18	0
95	59	0
39	32	0
60	73	0
68	87	0
48	35	0
43	43	0
57	36	0
17	45	0
29	50	0
20	56	0
84	91	0
42	61	0
32	97	0
73	43	0
75	65	0
53	77	0
91	72	0
22	23	0
53	54	0
14	14	0
19	78	0
36	66	0
87	36	0
42	41	0
80	13	0
44	85	0
51	26	0
47	48	0
75	74	0
27	73	0
48	70	0
40	81	0
32	46	0
37	13	0
56	15	0
38	83	0
23	70	0
81	71	0
91	61	0
32	93	0
92	71	0
25	48	0
22	80	0
54	69	0
42	53	0
23	12	0
74	90	0
84	79	0
54	64	0
66	35	0
1	50	0
59	0	0
76	47	0
63	22	0
78	27	0
21	59	0
10	49	0
44	54	0
75	23	0
36	67	0
85	28	0
36	96	0
25	70	0
37	24	0
80	78	0
43	57	0
34	8	0
20	82	0
56	11	0
99	83	0
60	95	0
92	0	0
6	72	0
24	63	0
97	29	0
47	80	0
37	36	0
56	69	0
54	63	0
48	64	0
17	76	0
27	57	0
69	1	0
5	61	0
61	79	0
92	37	0
39	91	0
81	62	0
62	24	0
47	68	0
25	82	0
34	99	0
49	33	0
77	41	0
86	61	0
68	47	0
67	63	0
3	41	0
51	13	0
8	90	0
58	52	0
70	43	0
66	32	0
54	9	0
9	52	0
85	19	0
38	7	0
65	63	0
57	79	0
72	33	0
98	39	0
96	9	0
3	51	0
95	79	0
19	98	0
94	80	0
29	96	0
62	35	0
69	22	0
17	80	0
76	33	0
33	72	0
35	77	0
44	1	0
31	91	0
76	93	0
70	87	0
83	46	0
92	67	0
17	99	0
42	67	0
66	5	0
69	42	0
34	21	0
39	3	0
48	12	0
53	54	0
77	44	0
37	48	0
34	48	0
35	73	0
73	86	0
82	66	0
60	78	0
86	3	0
85	42	0
69	0	0
19	44	0
69	41	0
70	55	0
73	71	0
14	36	0
38	69	0
63	19	0
16	88	0
30	86	0
25	70	0
86	66	0
50	18	0
33	1	0
31	54	0
76	70	0
62	9	0
75	88	0
15	3	0
49	97	0
6	69	0
40	98	0
45	38	0
3	54	0
74	31	0
77	4	0
57	14	0
87	11	0
40	59	0
8	58	0
71	24	0
88	66	0
14	13	0
0	66	0
28	95	0
7	91	0
46	97	0
59	73	0
51	45	0
68	6	0
46	85	0
42	62	0
82	99	0
35	29	0
8	57	0
27	49	0
63	54	0
69	80	0
28	25	0
78	28	0
38	3	0
51	4	0
60	16	0
38	44	0
74	67	0
78	10	0
13	47	0
46	15	0
55	59	0
42	35	0
27	47	0
88	75	0
76	56	0
15	47	0
57	35	0
94	9	0
63	7	0
55	27	0
48	43	0
39	29	0
8	79	0
56	82	0
24	72	0
19	95	0
33	94	0
53	13	0
41	39	0
98	48	0
86	52	0
1	64	0
80	73	0
68	76	0
78	27	0
83	88	0
86	5	0
77	57	0
84	68	0
34	23	0
64	43	0
28	49	0
94	77	0
70	12	0
96	22	0
28	52	0
37	92	0
69	65	0
85	12	0
14	75	0
91	28	0
56	97	0
82	21	0
74	38	0
47	47	0
53	40	0
31	38	1
30	51	0
61	87	0
76	25	0
41	24	0
72	75	0
31	66	0
13	94	0
92	97	0
40	37	0
4	90	0
53	41	0
91	18	0
80	42	0
20	63	0
61	49	0
40	30	0
49	44	0
11	97	0
86	21	0
52	1	0
85	43	0
48	47	0
29	84	0
19	3	0
61	57	0
53	86	0
9	51	0
41	79	0
37	80	0
52	32	0
21	85	0
10	45	0
24	42	1
64	11	0
80	27	0
87	4	0
84	87	0
23	70	0
30	30	1
50	28	0
83	4	0
80	61	0
74	92	0
5	40	0
65	91	0
92	57	0
28	85	0
71	2	0
56	52	0
65	26	0
72	13	0
47	25	0
40	15	0
99	3	0
91	35	0
7	87	0
81	13	0
89	98	0
21	85	0
92	62	0
46	52	0
11	27	0
79	96	0
64	43	0
3	99	0
68	36	0
74	38	0
78	46	0
89	68	0
22	67	0
82	66	0
35	88	0
94	81	0
29	86	0
93	83	0
40	28	0
59	64	0
67	96	0
43	67	0
72	96	0
70	45	0
29	62	0
36	66	0
86	4	0
7	88	0
93	52	0
20	82	0
48	74	0
43	83	0
92	43	0
40	50	0
49	23	0
81	62	0
62	10	0
85	89	0
61	91	0
50	48	0
52	11	0
40	37	0
52	85	0
34	22	0
43	64	0
78	72	0
35	17	0
95	93	0
57	10	0
5	8	0
49	32	0
20	80	0
40	2	0
12	68	0
92	87	0
63	88	0
58	47	0
57	6	0
46	69	0
44	55	0
98	52	0
88	3	0
6	70	0
73	5	0
52	74	0
62	27	0
40	15	0
33	65	0
89	86	0
29	79	0
40	79	0
76	30	0
18	49	0
69	33	0
40	66	0
65	85	0
31	98	0
89	10	0
93	30	0
71	18	0
25	77	0
28	98	0
29	84	0
74	49	0
82	80	0
78	90	0
9	40	0
75	42	0
72	76	0
75	63	0
62	78	0
11	81	0
16	62	0
37	22	0
41	13	0
0	39	0
45	54	0
32	48	0
82	34	0
83	43	0
74	7	0
74	47	0
50	64	0
25	53	0
50	27	0
88	78	0
52	93	0
83	66	0
35	63	0
35	89	0
81	58	0
28	50	0
78	29	0
24	47	0
34	15	0
90	56	0
72	97	0
53	53	0
5	57	0
51	4	0
60	59	0
39	88	0
36	29	0
76	93	0
95	65	0
10	84	0
68	46	0
7	62	0
74	59	0
37	61	0
50	57	0
40	80	0
62	62	0
4	57	0
69	60	0
69	47	0
75	49	0
31	74	0
65	87	0
55	6	0
95	21	0
58	33	0
94	10	0
12	78	0
31	42	1
34	68	0
81	66	0
26	55	0
77	73	0
18	93	0
12	87	0
86	83	0
46	29	0
0	68	0
71	94	0
51	67	0
90	60	0
20	94	0
96	34	0
22	9	0
34	77	0
20	85	0
32	9	0
16	45	0
11	25	0
80	71	0
98	19	0
57	12	0
72	31	0
91	26	0
31	5	0
32	66	0
99	35	0
6	61	0
48	94	0
0	55	0
24	80	0
72	51	0
51	98	0
77	50	0
68	86	0
31	41	1
69	59	0
41	57	0
75	65	0
2	79	0
56	34	0
25	85	0
85	50	0
74	26	0
91	76	0
95	96	0
87	87	0
47	74	0
70	36	0
51	61	0
37	17	0
30	10	0
38	75	0
5	41	0
66	9	0
61	78	0
86	84	0
89	3	0
14	43	0
58	82	0
18	94	0
62	4	0
54	39	0
59	21	0
44	26	0
44	18	0
82	9	0
40	99	0
67	20	0
30	99	0
97	15	0
25	42	0
42	62	0
74	27	0
81	96	0
72	71	0
43	64	0
61	97	0
74	66	0
91	48	0
9	60	0
85	87	0
84	98	0
12	65	0
94	43	0
28	68	0
99	84	0
51	97	0
38	13	0
73	69	0
91	57	0
56	77	0
71	68	0
95	67	0
68	38	0
16	58	0
5	63	0
62	78	0
70	37	0
49	47	0
50	2	0
33	24	0
97	74	0
17	59	0
33	45	0
67	24	0
44	3	0
57	25	0
20	95	0
9	60	0
11	78	0
72	53	0
87	26	0
91	37	0
97	1	0
60	91	0
11	55	0
64	32	0
54	51	0
48	87	0
96	14	0
60	61	0
38	87	0
19	92	0
43	65	0
29	89	0
35	13	0
73	71	0
49	24	0
35	76	0
51	41	0
4	45	0
74	60	0
64	16	0
31	89	0
97	49	0
22	37	1
23	54	0
20	21	0
6	69	0
83	61	0
71	63	0
46	50	0
79	60	0
95	69	0
64	38	0
62	20	0
80	67	0
77	23	0
4	49	0
74	85	0
27	34	1
58	32	0
16	64	0
3	85	0
34	96	0
38	54	0
89	25	0
4	50	0
56	92	0
0	89	0
85	56	0
49	35	0
84	30	0
12	15	0
43	34	0
74	7	0
26	81	0
51	51	0
99	64	0
85	38	0
4	5	0
5	45	0
53	17	0
4	54	0
79	7	0
54	75	0
30	24	0
92	91	0
5	14	0
31	97	0
96	48	0
41	7	0
89	98	0
47	57	0
60	62	0
33	32	0
93	33	0
91	89	0
7	59	0
3	72	0
19	48	0
22	77	0
18	92	0
60	25	0
32	62	0
12	90	0
39	22	0
65	19	0
34	61	0
60	48	0
50	15	0
33	73	0
36	34	0
90	14	0
3	31	0
82	50	0
92	20	0
50	47	0
35	21	0
47	6	0
22	90	0
46	70	0
46	64	0
26	14	0
18	91	0
12	87	0
68	45	0
94	36	0
30	30	0
27	69	0
85	96	0
50	25	0
68	76	0
57	86	0
6	85	0
79	36	0
48	60	0
17	34	0
86	78	0
52	54	0
96	15	0
77	13	0
82	22	0
68	96	0
57	57	0
41	51	0
60	22	0
43	6	0
56	88	0
53	76	0
13	62	0
78	39	0
53	93	0
91	33	0
88	59	0
36	83	0
40	61	0
81	34	0
43	49	0
81	5	0
97	97	0
73	76	0
46	83	0
76	40	0
68	87	0
11	77	0
46	10	0
13	91	0
12	61	0
47	66	0
75	81	0
66	12	0
95	94	0
92	9	0
94	97	0
66	9	0
83	29	0
75	59	0
51	36	0
14	85	0
53	94	0
63	79	0
26	47	0
11	33	0
24	91	0
14	68	0
40	13	0
43	45	0
20	59	0
32	42	1
0	45	0
89	53	0
40	23	0
10	65	0
31	81	0
63	85	0
90	50	0
4	71	0
64	42	0
28	62	0
80	53	0
62	29	0
9	56	0
28	49	0
81	47	0
62	49	0
83	56	0
1	65	0
68	53	0
3	77	0
3	3	0
88	70	0
13	59	0
30	1	0
30	23	0
7	98	0
22	77	0
89	42	0
70	68	0
85	59	0
73	81	0
49	66	0
61	40	0
9	73	0
42	70	0
31	60	0
74	52	0
88	9	0
