98	68	0
25	17	0
63	98	0
11	9	0
88	38	0
88	97	0
48	78	0
71	45	0
6	85	0
0	3	0
13	86	0
96	44	0
71	76	0
32	37	0
80	91	0
96	44	0
42	95	0
41	80	0
62	73	0
47	18	0
73	72	0
83	93	0
76	87	0
7	23	0
81	14	0
71	75	0
31	95	0
82	23	0
68	89	0
52	64	0
80	81	0
98	50	0
99	23	0
21	75	1
88	81	0
14	75	1
34	0	0
5	74	1
40	86	0
76	44	0
29	11	0
99	87	0
85	89	0
96	17	0
96	14	0
19	33	0
68	88	0
6	86	0
94	4	0
62	94	0
4	24	0
79	84	0
88	27	0
27	86	0
60	98	0
83	21	0
24	88	1
32	87	1
27	6	0
97	1	0
73	33	0
44	80	0
82	24	0
58	48	0
81	28	0
9	94	0
46	78	0
96	67	0
69	96	0
7	65	0
40	91	0
99	50	0
73	18	0
45	36	0
32	7	0
72	56	0
9	81	0
95	27	0
45	67	0
88	58	0
85	0	0
75	99	0
67	90	0
10	31	0
66	81	0
87	71	0
84	43	0
19	98	0
66	41	0
90	56	0
94	29	0
99	40	0
17	54	0
5	17	0
91	53	0
48	86	0
52	57	1
47	78	0
55	95	0
73	31	0
69	68	0
76	76	0
86	65	0
25	14	0
20	14	0
78	52	0
95	1	0
25	97	0
23	42	0
67	73	0
60	85	0
54	79	0
41	1	0
51	83	0
69	81	0
81	56	0
18	90	0
88	80	0
2	75	0
19	47	0
75	84	0
96	73	0
47	68	0
62	43	0
89	42	0
24	92	0
55	77	0
22	46	0
51	80	0
40	23	0
92	86	0
28	99	0
89	4	0
81	39	0
67	90	0
65	83	0
59	72	0
27	40	0
22	67	0
58	90	0
81	67	0
39	92	0
55	90	0
77	18	0
45	89	0
26	25	0
81	62	0
64	41	0
76	70	0
83	36	0
11	91	0
59	50	0
91	34	0
59	35	0
50	20	0
95	30	0
59	76	0
77	98	0
84	69	0
99	27	0
92	34	0
97	69	0
28	88	1
65	79	0
48	88	0
79	28	0
14	90	0
94	11	0
19	46	0
31	92	0
25	92	0
83	77	0
78	79	0
88	50	0
85	48	0
43	87	0
87	59	0
52	2	0
41	23	0
85	43	0
30	72	0
67	81	0
77	71	0
80	2	0
92	50	0
97	35	0
71	62	0
68	86	0
56	10	0
8	90	0
4	94	0
91	62	0
74	57	0
85	12	0
99	79	0
23	8	0
28	95	0
49	95	0
87	6	0
88	7	0
94	30	0
75	29	0
68	42	0
2	4	0
19	93	0
5	79	1
43	88	0
56	70	1
95	43	0
68	95	0
97	85	0
66	37	0
77	78	0
71	16	0
13	9	0
31	7	0
32	26	0
91	40	0
82	20	0
7	45	0
22	24	0
89	81	0
96	72	0
79	22	0
99	10	0
63	1	0
84	17	0
40	20	0
95	87	0
26	85	0
6	95	0
34	40	0
77	42	0
68	65	0
62	79	0
86	86	0
73	27	0
67	82	0
99	37	0
84	60	0
65	50	0
96	70	0
65	16	0
93	12	0
25	48	0
66	96	0
98	36	0
22	88	1
94	40	0
72	95	0
93	34	0
63	17	0
51	49	0
62	92	0
75	90	0
21	92	0
94	86	0
0	96	0
93	0	0
89	14	0
58	82	0
15	95	0
74	38	0
95	64	0
27	3	0
46	93	0
36	84	1
54	77	0
0	27	0
88	33	0
97	7	0
81	94	0
16	22	0
68	32	0
65	79	0
10	25	0
45	88	0
83	53	0
26	87	0
84	5	0
81	15	0
92	65	0
13	81	0
64	19	0
87	89	0
33	96	0
67	60	0
7	31	0
62	85	0
59	46	0
93	43	0
79	55	0
71	56	0
0	35	0
91	64	0
24	97	0
91	57	0
9	95	0
87	86	0
38	18	0
71	61	0
62	90	0
54	99	0
85	55	0
76	1	0
2	78	0
70	43	0
24	99	0
85	31	0
92	41	0
71	28	0
87	75	0
53	96	0
56	99	0
29	96	0
99	82	0
70	81	0
22	3	0
9	81	0
78	86	0
66	88	0
59	57	1
69	32	0
30	80	1
81	63	0
93	4	0
92	8	0
91	84	0
66	82	0
78	25	0
92	10	0
73	90	0
31	98	0
88	11	0
95	0	0
72	25	0
5	60	0
16	98	0
14	92	0
86	85	0
86	98	0
76	92	0
84	68	0
73	69	0
7	99	0
16	70	1
27	21	0
3	7	0
43	41	0
94	27	0
81	40	0
67	61	0
55	14	0
86	82	0
69	78	0
85	58	0
31	82	1
73	62	0
21	7	0
98	41	0
59	98	0
41	41	0
21	92	0
74	97	0
98	72	0
30	81	1
20	77	0
40	68	0
71	75	0
51	98	0
11	48	0
75	68	0
92	53	0
92	67	0
39	76	0
64	85	0
89	14	0
81	6	0
12	84	0
36	97	0
89	71	0
70	74	0
2	89	0
13	80	0
81	95	0
29	26	0
7	80	0
69	87	0
59	69	0
84	82	0
5	88	0
73	46	0
19	1	0
47	91	0
10	95	0
0	17	0
85	64	0
82	13	0
78	22	0
78	17	1
10	20	0
16	58	0
78	30	0
66	74	0
30	89	1
59	55	1
86	81	0
80	47	0
74	82	0
62	53	1
71	83	0
1	65	0
79	58	0
60	35	0
98	44	0
92	87	0
80	69	0
67	52	1
60	56	1
48	77	0
98	78	0
93	4	0
56	76	0
1	95	0
65	27	0
67	18	0
77	17	1
26	68	1
76	18	1
77	24	0
29	30	0
59	93	0
68	61	0
35	92	0
66	99	0
85	63	0
82	28	0
89	70	0
87	92	0
93	41	0
85	89	0
35	87	0
72	78	0
81	47	0
55	91	0
82	85	0
76	67	0
91	25	0
5	74	1
53	73	0
79	21	0
57	40	0
86	85	0
84	55	0
21	85	0
29	88	1
82	29	0
79	30	0
93	44	0
84	11	0
86	80	0
84	17	0
81	36	0
16	76	1
12	87	0
20	71	1
15	95	0
49	29	0
36	62	0
50	81	0
67	5	0
14	91	0
77	48	0
23	12	0
24	60	0
77	71	0
70	59	0
83	64	0
87	49	0
70	64	0
82	51	0
5	44	0
95	85	0
68	59	0
46	94	0
5	73	1
92	21	0
53	93	0
22	90	0
99	44	0
65	30	0
21	9	0
26	36	0
12	67	1
80	54	0
94	38	0
30	7	0
53	11	0
51	77	0
95	81	0
18	6	0
45	79	0
65	30	0
89	63	0
72	69	0
65	89	0
11	45	0
97	46	0
91	64	0
8	87	0
30	87	1
2	98	0
62	36	0
89	18	0
9	17	0
90	29	0
83	21	0
43	34	0
15	96	0
58	85	0
19	74	1
21	27	0
20	76	1
26	98	0
57	56	0
82	44	0
59	84	0
24	91	0
76	43	0
10	2	0
84	61	0
49	59	1
90	25	0
82	27	0
72	31	0
56	90	0
41	98	0
87	42	0
60	99	0
71	60	0
84	43	0
62	93	0
37	71	1
92	39	0
92	99	0
84	87	0
52	85	0
89	18	0
71	76	0
68	25	0
29	89	1
87	53	0
86	94	0
83	8	0
97	95	0
84	24	0
85	67	0
10	86	0
76	97	0
71	79	0
4	14	0
11	99	0
15	74	1
81	34	0
21	96	0
55	77	0
82	37	0
77	48	0
20	98	0
82	42	0
92	58	0
76	43	0
86	30	0
2	87	0
12	8	0
63	71	0
18	59	0
28	5	0
3	90	0
39	80	1
98	54	0
78	89	0
90	54	0
89	76	0
74	44	0
2	81	0
81	24	0
96	36	0
