94	60	0
57	16	0
41	21	0
46	92	0
1	43	0
86	30	0
98	76	0
11	8	0
45	13	0
65	87	0
42	37	0
73	43	0
0	93	0
29	8	0
16	54	0
97	3	0
84	81	0
67	30	0
31	62	0
98	58	0
96	2	0
42	76	0
72	80	0
82	86	0
76	1	0
21	93	0
61	18	0
76	71	0
68	89	0
95	58	0
3	42	0
31	28	0
44	18	0
81	20	0
48	48	0
87	75	0
10	94	0
69	66	0
90	17	0
83	95	0
43	17	0
28	60	0
66	56	0
99	59	0
58	87	0
92	50	0
20	98	0
30	42	0
60	13	0
93	46	0
23	65	0
59	7	0
33	82	0
65	96	0
29	66	0
92	71	0
53	18	0
38	60	0
81	76	0
98	91	0
76	10	0
23	93	0
92	2	0
49	12	0
92	67	0
44	27	0
13	87	0
94	8	0
33	83	0
86	73	0
59	52	0
20	30	0
92	77	0
24	40	0
26	48	0
87	36	0
25	13	0
13	35	0
42	82	0
66	96	0
73	22	0
44	99	0
71	93	0
8	7	0
16	28	0
91	11	0
90	12	0
50	49	0
82	37	0
23	32	0
75	50	0
46	52	0
29	8	0
34	5	0
72	52	0
22	81	0
54	0	0
43	82	0
40	0	0
34	25	0
87	37	0
50	61	0
57	47	0
19	79	0
69	77	0
0	84	0
47	95	0
83	46	0
67	16	0
50	78	0
4	52	0
65	5	0
49	74	0
4	83	0
46	1	0
23	54	0
20	30	0
96	79	0
10	30	1
40	27	0
6	0	0
35	96	0
89	4	0
61	63	0
10	36	0
75	80	0
98	19	0
64	61	0
54	83	0
29	17	0
60	95	0
15	16	0
74	80	0
65	52	0
26	94	0
79	31	0
38	34	0
20	21	0
72	7	0
11	6	0
2	76	0
12	11	0
94	82	0
94	11	0
84	42	0
52	59	0
68	11	0
86	90	0
3	4	0
37	15	0
15	8	0
81	73	0
36	38	0
89	74	0
84	81	0
53	30	0
57	36	0
71	55	0
2	47	0
26	77	0
16	55	0
90	75	0
46	60	0
36	95	0
87	44	0
70	72	0
58	85	0
20	39	0
99	76	0
6	45	0
33	35	0
14	21	0
23	74	0
29	68	0
97	23	0
50	31	0
77	8	0
40	82	0
69	25	0
56	35	0
75	73	0
25	50	0
63	62	0
33	99	0
33	67	0
27	2	0
70	25	0
23	93	0
5	86	0
65	82	0
78	45	0
18	87	0
20	45	0
82	69	0
21	53	0
35	72	0
34	87	0
57	42	0
32	1	0
16	46	0
74	89	0
90	87	0
62	94	0
70	11	0
6	56	0
63	8	0
58	24	0
60	27	0
78	18	0
27	61	0
1	75	0
49	66	0
64	41	0
31	67	0
85	21	0
57	87	0
36	74	0
24	13	0
86	79	0
31	79	0
45	2	0
4	87	0
82	21	0
93	73	0
76	87	0
85	27	0
3	80	0
23	83	0
93	46	0
61	69	0
36	44	0
46	77	0
72	70	0
46	61	0
15	77	0
36	64	0
66	5	0
7	61	0
68	96	0
69	41	0
26	82	0
90	65	0
37	9	0
41	61	0
8	73	0
38	89	0
59	29	0
75	14	0
18	36	0
92	62	0
64	40	0
76	46	0
14	90	0
56	11	0
17	80	0
66	69	0
63	57	0
71	59	0
60	4	0
23	10	0
12	52	0
75	52	0
53	12	0
71	57	0
43	86	0
62	49	0
91	29	0
92	11	0
15	61	0
83	66	0
20	88	0
14	18	0
97	52	0
37	95	0
49	37	0
49	1	0
15	99	0
69	42	0
40	53	0
33	77	0
42	4	0
18	83	0
79	83	0
83	75	0
59	34	0
86	72	0
13	86	0
42	44	0
65	2	0
70	18	0
31	27	0
52	7	0
57	17	0
53	35	0
69	36	0
27	49	0
22	49	0
55	43	0
72	71	0
89	84	0
46	99	0
75	11	0
97	60	0
71	8	0
13	52	0
18	13	0
90	38	0
56	29	0
74	72	0
14	46	0
49	64	0
63	24	0
31	97	0
29	89	0
40	78	0
97	46	0
44	25	0
47	0	0
29	43	0
91	52	0
73	4	0
65	93	0
26	3	0
67	91	0
6	77	0
44	77	0
29	22	0
7	48	0
10	14	0
83	9	0
21	34	0
80	20	0
40	4	0
6	7	0
84	12	0
26	67	0
24	42	0
90	27	0
86	50	0
9	34	0
21	40	0
3	52	0
32	89	0
13	76	0
3	7	0
35	91	0
50	65	0
43	17	0
11	16	0
54	28	0
44	85	0
40	72	0
86	98	0
32	28	0
16	56	0
34	47	0
55	69	0
73	99	0
44	15	0
74	5	0
27	10	0
42	11	0
54	5	0
17	56	0
78	59	0
64	0	0
29	47	0
60	3	0
54	59	0
49	57	0
37	61	0
79	81	0
67	48	0
19	69	0
52	41	0
21	17	0
99	10	0
42	5	0
62	23	0
55	25	0
15	41	0
11	71	0
62	71	0
8	83	0
37	99	0
27	87	0
39	21	0
41	34	0
89	64	0
58	34	0
12	68	0
74	81	0
2	19	1
66	84	0
26	30	0
67	21	0
71	92	0
69	2	0
95	63	0
76	43	0
40	26	0
33	39	0
36	40	0
89	74	0
14	22	0
68	23	0
83	5	0
9	54	0
39	84	0
75	76	0
77	2	0
3	64	0
94	45	0
57	97	0
9	15	0
70	5	0
59	58	0
38	60	0
59	47	0
19	39	0
49	38	0
75	80	0
64	51	0
38	28	0
71	73	0
20	48	0
22	81	0
78	84	0
43	15	0
0	78	0
75	17	0
85	22	0
70	43	0
17	64	0
69	19	0
19	27	0
60	47	0
16	99	0
68	50	0
54	7	0
86	53	0
39	27	0
28	75	0
41	3	0
77	36	0
4	0	0
60	95	0
11	92	0
27	36	0
53	68	0
58	26	0
10	97	0
10	47	0
17	40	0
53	14	0
94	36	0
74	23	0
86	99	0
34	64	0
19	26	0
39	20	0
43	25	0
94	11	0
54	60	0
79	79	0
31	39	0
64	95	0
73	57	0
39	79	0
78	0	0
70	44	0
79	14	0
65	18	0
43	24	0
31	34	0
95	5	0
64	24	0
7	76	0
97	3	0
95	87	0
5	93	0
5	32	1
90	65	0
42	48	0
37	4	0
91	86	0
79	59	0
25	97	0
69	30	0
74	39	0
93	62	0
10	20	1
88	73	0
32	78	0
76	76	0
26	98	0
95	68	0
34	47	0
24	84	0
96	84	0
36	31	0
29	36	0
70	71	0
66	97	0
47	75	0
11	15	1
45	80	0
60	61	0
39	58	0
33	71	0
86	21	0
13	96	0
85	50	0
25	76	0
37	63	0
44	80	0
89	36	0
29	31	0
23	54	0
4	17	0
67	39	0
98	69	0
58	24	0
81	92	0
72	94	0
29	39	0
49	19	0
27	48	0
20	77	0
3	22	1
32	31	0
53	68	0
68	92	0
33	28	0
72	89	0
54	34	0
41	12	0
70	39	0
24	75	0
51	9	0
8	60	0
97	85	0
60	97	0
42	55	0
77	13	0
48	69	0
3	19	1
6	22	1
45	55	0
95	59	0
91	2	0
5	67	0
74	8	0
84	84	0
69	27	0
35	0	0
27	68	0
78	75	0
35	82	0
55	79	0
86	17	0
16	75	0
57	18	0
59	73	0
63	95	0
33	91	0
98	11	0
92	17	0
69	13	0
40	91	0
14	91	0
0	89	0
77	57	0
74	61	0
83	63	0
8	45	0
86	48	0
63	52	0
10	17	0
81	70	0
68	66	0
17	45	0
9	66	0
39	28	0
40	39	0
11	57	0
60	54	0
45	48	0
97	41	0
74	31	0
80	1	0
75	38	0
48	90	0
18	17	0
21	47	0
71	47	0
99	84	0
72	70	0
97	74	0
22	45	0
55	74	0
53	42	0
31	64	0
81	42	0
6	28	1
20	65	0
37	21	0
76	65	0
69	99	0
50	55	0
23	59	0
35	7	0
84	64	0
21	81	0
51	32	0
87	81	0
94	81	0
13	94	0
43	55	0
16	81	0
79	79	0
41	55	0
52	61	0
41	81	0
74	70	0
29	31	0
17	64	0
94	76	0
75	59	0
96	62	0
31	82	0
61	82	0
66	29	0
28	26	0
86	26	0
42	32	0
96	1	0
20	83	0
25	21	0
4	13	0
35	98	0
91	67	0
23	39	0
95	56	0
11	98	0
16	68	0
34	0	0
92	94	0
22	24	0
1	86	0
71	99	0
37	59	0
77	67	0
22	78	0
88	28	0
24	27	0
37	81	0
30	76	0
38	21	0
23	40	0
15	33	0
95	68	0
87	16	0
51	13	0
71	8	0
90	49	0
30	13	0
45	30	0
95	37	0
6	56	0
46	87	0
9	52	0
19	79	0
74	54	0
46	93	0
62	51	0
72	80	0
34	26	0
89	72	0
34	63	0
92	42	0
13	73	0
71	44	0
26	65	0
72	29	0
4	28	1
64	39	0
87	77	0
88	87	0
88	95	0
27	82	0
20	45	0
47	51	0
44	62	0
40	28	0
26	10	0
34	60	0
8	50	0
63	1	0
74	85	0
87	54	0
96	4	0
10	52	0
8	0	0
78	98	0
9	82	0
51	23	0
56	32	0
75	14	0
21	1	0
51	11	0
17	40	0
2	35	1
52	15	0
52	6	0
1	26	1
28	82	0
56	24	0
34	98	0
80	2	0
31	41	0
50	64	0
66	20	0
92	61	0
60	71	0
44	64	0
52	96	0
82	94	0
17	15	0
95	56	0
16	64	0
85	67	0
54	84	0
17	34	0
16	62	0
99	42	0
24	78	0
92	98	0
69	83	0
43	10	0
43	63	0
74	56	0
40	88	0
80	48	0
92	74	0
76	24	0
11	64	0
10	67	0
84	95	0
71	35	0
62	64	0
58	7	0
18	23	0
74	72	0
33	35	0
14	63	0
31	50	0
48	49	0
35	14	0
60	30	0
8	87	0
24	43	0
13	59	0
6	55	0
80	57	0
26	21	0
62	18	0
93	21	0
83	3	0
57	64	0
1	71	0
60	29	0
37	30	0
16	11	0
17	18	0
74	72	0
70	21	0
37	42	0
48	75	0
55	81	0
14	93	0
21	66	0
48	83	0
26	38	0
78	93	0
53	35	0
34	78	0
14	6	0
55	17	0
10	47	0
58	49	0
71	12	0
26	72	0
86	64	0
60	51	0
49	43	0
43	23	0
0	65	0
76	67	0
74	54	0
45	30	0
75	63	0
75	73	0
78	44	0
61	9	0
92	77	0
83	22	0
2	74	0
71	66	0
5	27	1
9	27	1
24	0	0
47	27	0
5	2	0
12	53	0
18	81	0
31	93	0
30	48	0
97	32	0
11	47	0
59	93	0
17	86	0
5	35	1
98	61	0
43	60	0
6	23	1
85	44	0
26	2	0
62	23	0
55	5	0
15	1	0
26	84	0
47	59	0
87	75	0
65	44	0
15	7	0
27	27	0
59	9	0
10	24	1
3	73	0
74	5	0
42	68	0
55	35	0
66	98	0
15	42	0
8	91	0
89	51	0
26	19	0
91	77	0
62	60	0
68	40	0
47	31	0
96	27	0
88	60	0
12	61	0
3	94	0
32	50	0
0	89	0
6	94	0
94	24	0
30	52	0
2	98	0
53	7	0
66	5	0
45	48	0
24	17	0
66	43	0
42	26	0
18	81	0
23	32	0
60	6	0
7	40	0
92	48	0
90	4	0
55	55	0
35	0	0
43	25	0
12	94	0
58	76	0
27	65	0
17	6	0
35	24	0
8	88	0
1	77	0
72	53	0
87	44	0
54	36	0
15	79	0
22	34	0
91	82	0
69	25	0
47	74	0
62	93	0
20	15	0
8	89	0
67	15	0
54	76	0
33	39	0
93	67	0
32	72	0
94	26	0
85	18	0
99	18	0
85	85	0
41	57	0
17	84	0
81	13	0
36	2	0
62	78	0
66	76	0
22	43	0
65	48	0
60	79	0
78	22	0
92	49	0
10	67	0
60	42	0
26	35	0
90	28	0
65	42	0
67	16	0
92	96	0
81	73	0
50	71	0
80	37	0
54	69	0
6	98	0
38	3	0
6	92	0
17	81	0
63	63	0
71	93	0
81	12	0
95	96	0
77	0	0
8	8	0
93	74	0
65	9	0
99	34	0
75	62	0
48	41	0
16	65	0
64	94	0
59	73	0
1	47	0
7	41	0
36	98	0
0	85	0
58	4	0
40	46	0
12	68	0
41	32	0
13	26	1
3	46	0
94	55	0
53	33	0
1	48	0
24	89	0
78	63	0
2	10	0
87	88	0
22	81	0
64	49	0
40	53	0
90	45	0
56	42	0
3	5	0
11	12	0
1	54	0
22	58	0
97	75	0
63	49	0
98	67	0
12	54	0
76	58	0
17	79	0
2	3	0
75	78	0
2	16	0
27	73	0
38	9	0
28	22	0
2	74	0
32	93	0
5	6	0
73	39	0
58	62	0
81	63	0
87	80	0
43	89	0
31	26	0
4	64	0
7	14	0
39	68	0
49	51	0
55	49	0
82	14	0
