92	61	0
41	8	0
31	33	0
64	99	0
15	12	0
96	38	0
95	89	0
40	5	0
61	82	0
49	18	0
84	44	0
1	76	0
18	0	0
23	70	0
98	24	0
78	72	0
56	30	0
18	54	0
89	61	0
99	10	0
49	92	0
61	68	0
80	87	0
60	2	0
35	81	0
54	11	0
83	73	0
64	83	0
89	81	0
0	26	0
49	17	0
40	19	0
90	31	0
28	53	0
87	62	0
6	90	0
41	99	0
91	30	0
70	90	0
46	3	0
22	72	0
94	61	0
90	69	0
55	66	0
97	48	0
5	80	0
62	1	0
98	67	0
12	68	0
61	10	0
13	80	0
59	95	0
35	77	0
95	72	0
51	33	0
27	24	0
94	77	0
94	99	0
93	4	0
16	96	0
98	18	0
34	9	0
74	77	0
41	8	0
14	97	0
87	9	0
43	88	0
70	90	0
46	65	0
2	34	0
68	92	0
10	56	0
93	30	0
32	39	1
32	86	0
56	93	0
61	28	0
35	94	0
57	96	0
2	22	0
99	6	0
95	18	0
43	57	0
82	42	0
84	59	0
49	12	0
36	7	0
70	45	0
13	95	0
55	4	0
54	88	0
39	0	0
47	32	0
81	44	0
37	66	0
73	49	0
11	60	0
77	82	0
4	81	0
32	99	0
96	58	0
65	14	0
38	69	0
38	68	0
63	1	0
73	53	0
0	61	0
28	0	0
13	39	0
42	36	0
68	87	0
51	46	0
12	97	0
86	4	0
48	78	0
77	78	0
97	2	0
67	80	0
50	69	0
36	6	0
54	97	0
99	70	0
69	63	0
27	97	0
62	39	0
33	15	0
17	44	0
80	3	0
6	60	0
95	58	0
98	21	0
80	38	0
36	52	0
50	12	0
82	72	0
19	12	0
32	15	0
89	58	0
43	36	0
63	72	0
67	89	0
49	32	0
44	37	0
56	39	0
13	44	0
30	51	0
24	56	0
79	87	0
49	60	0
28	97	0
73	45	0
75	64	0
54	79	0
94	73	0
19	28	0
54	51	0
15	13	0
25	81	0
31	69	0
86	30	0
42	40	0
76	11	0
42	85	0
48	27	0
49	46	0
74	74	0
28	65	0
51	78	0
35	82	0
32	46	0
40	10	0
54	11	0
38	74	0
22	76	0
80	74	0
90	66	0
29	92	0
91	70	0
28	51	0
20	87	0
54	64	0
36	53	0
21	12	0
8	29	1
75	95	0
87	80	0
58	63	0
69	39	0
4	51	0
58	5	0
80	39	0
62	26	0
74	30	0
16	61	0
10	47	0
45	50	0
79	18	0
41	63	0
91	29	0
32	94	0
27	67	0
37	23	0
85	79	0
37	55	0
35	9	0
22	84	0
58	14	0
98	84	0
62	91	0
92	0	0
4	76	0
24	59	0
93	30	0
48	80	0
44	34	0
52	66	0
49	67	0
48	64	0
19	78	0
27	55	0
67	4	0
0	65	0
61	79	0
95	41	0
42	90	0
81	60	0
64	29	0
50	67	0
26	87	0
36	96	0
54	34	0
76	37	0
82	60	0
65	39	0
67	67	0
5	41	0
47	16	0
8	89	0
64	54	0
70	38	0
67	26	0
53	8	0
10	55	0
86	17	0
39	10	0
68	66	0
57	74	0
71	33	0
97	37	0
99	8	0
2	54	0
95	78	0
21	99	0
93	76	0
31	97	0
60	29	0
60	20	0
19	85	0
76	35	0
38	70	0
36	72	0
43	6	0
34	94	0
81	91	0
70	94	0
83	43	0
92	67	0
18	91	0
43	64	0
64	5	0
71	35	0
33	21	0
38	5	0
49	12	0
49	58	0
77	42	0
31	46	0
38	49	0
36	74	0
74	87	0
81	67	0
56	77	0
82	0	0
83	43	0
66	0	0
17	49	0
28	33	1
70	43	0
71	56	0
67	70	0
16	36	0
35	70	0
57	19	0
20	88	0
29	88	0
27	68	0
90	67	0
46	15	0
36	0	0
30	54	0
78	70	0
62	9	0
74	90	0
14	0	0
53	99	0
3	71	0
39	94	0
47	40	0
0	55	0
77	25	0
76	7	0
56	13	0
85	16	0
37	56	0
11	55	0
72	23	0
87	65	0
12	11	0
0	63	0
27	96	0
0	90	0
47	98	0
52	74	0
53	41	0
62	11	0
42	87	0
43	62	0
79	99	0
30	32	0
10	54	0
27	45	0
61	57	0
72	80	0
28	24	0
78	28	0
37	3	0
51	2	0
61	15	0
32	43	0
76	68	0
81	9	0
11	43	0
50	17	0
50	54	0
42	39	0
32	50	0
87	75	0
76	57	0
12	48	0
55	35	0
97	7	0
56	6	0
54	28	0
48	40	0
41	31	0
5	78	0
58	81	0
21	76	0
18	94	0
26	98	0
60	13	0
39	35	0
96	47	0
87	56	0
0	69	0
79	71	0
66	71	0
79	27	0
83	86	0
84	11	0
79	57	0
79	63	0
35	21	0
62	50	0
28	53	0
90	79	0
71	14	0
96	18	0
32	49	0
42	94	0
70	64	0
88	13	0
14	73	0
91	23	0
50	98	0
84	23	0
73	40	0
43	54	0
58	38	0
31	39	1
34	51	0
58	84	0
82	25	0
39	23	0
72	78	0
29	67	0
14	99	0
87	98	0
39	37	0
3	90	0
57	34	0
93	18	0
84	42	0
14	61	0
61	44	0
44	28	0
47	44	0
12	95	0
86	19	0
54	2	0
88	40	0
49	45	0
26	84	0
22	2	0
58	59	0
53	88	0
13	51	0
41	74	0
35	80	0
55	37	0
16	85	0
5	48	0
22	44	1
63	10	0
87	34	0
93	3	0
82	86	0
21	70	0
28	33	1
45	24	0
82	0	0
77	60	0
76	92	0
6	46	0
65	92	0
93	58	0
32	87	0
71	6	0
57	53	0
59	27	0
76	12	0
46	27	0
40	12	0
96	2	0
87	29	0
10	81	0
84	15	0
92	99	0
23	89	0
96	61	0
48	50	0
9	25	0
83	95	0
66	44	0
0	98	0
69	41	0
75	35	0
75	51	0
86	67	0
25	72	0
88	64	0
32	86	0
97	82	0
30	90	0
95	82	0
38	28	0
58	68	0
62	96	0
44	65	0
72	96	0
67	48	0
32	66	0
37	64	0
85	4	0
7	87	0
93	51	0
17	82	0
50	70	0
47	78	0
89	45	0
37	53	0
46	28	0
79	60	0
66	8	0
88	89	0
63	93	0
47	48	0
48	6	0
40	40	0
56	84	0
36	25	0
46	64	0
80	72	0
38	16	0
97	96	0
54	12	0
12	11	0
53	23	0
18	78	0
40	0	0
11	61	0
90	94	0
56	85	0
60	53	0
58	5	0
43	69	0
45	52	0
94	59	0
86	3	0
5	70	0
75	0	0
55	74	0
63	32	0
38	14	0
36	65	0
84	82	0
26	76	0
42	84	0
77	30	0
19	51	0
63	35	0
40	70	0
62	85	0
34	98	0
87	9	0
97	28	0
72	16	0
26	79	0
27	98	0
26	81	0
75	43	0
81	80	0
80	88	0
10	40	0
74	38	0
71	74	0
76	69	0
61	80	0
17	80	0
16	67	0
42	23	0
38	16	0
0	38	0
47	55	0
27	46	0
82	29	0
86	37	0
74	3	0
77	47	0
52	64	0
21	63	0
57	27	0
89	80	0
52	91	0
75	65	0
34	58	0
35	86	0
80	54	0
25	51	0
80	32	0
22	50	0
31	16	0
88	52	0
76	94	0
56	56	0
8	59	0
53	6	0
62	56	0
33	84	0
35	28	0
80	92	0
95	62	0
16	82	0
64	45	0
6	66	0
80	57	0
32	63	0
48	58	0
36	78	0
61	64	0
5	58	0
74	59	0
67	50	0
76	45	0
23	74	0
67	84	0
55	8	0
94	19	0
52	33	0
99	11	0
7	79	0
34	42	0
37	70	0
85	67	0
27	58	0
77	72	0
19	93	0
14	86	0
90	88	0
46	28	0
1	66	0
75	98	0
47	67	0
85	57	0
24	96	0
94	34	0
23	8	0
34	79	0
23	79	0
27	9	0
13	45	0
11	27	0
78	72	0
96	17	0
57	15	0
72	33	0
87	28	0
33	8	0
32	62	0
97	35	0
4	61	0
50	92	0
4	54	0
27	83	0
67	49	0
53	96	0
79	47	0
65	84	0
32	39	1
69	59	0
43	53	0
71	61	0
3	73	0
57	33	0
28	87	0
83	43	0
74	24	0
89	73	0
91	95	0
83	81	0
51	72	0
69	38	0
51	67	0
41	22	0
32	10	0
36	76	0
1	43	0
65	10	0
61	84	0
84	84	0
82	4	0
12	43	0
56	81	0
21	93	0
63	3	0
56	42	0
57	22	0
45	21	0
47	18	0
83	7	0
40	99	0
66	26	0
30	99	0
97	15	0
25	49	0
43	64	0
70	24	0
76	96	0
71	72	0
42	63	0
57	95	0
71	69	0
89	50	0
10	59	0
84	85	0
83	95	0
14	65	0
93	47	0
31	72	0
99	84	0
52	95	0
40	17	0
70	67	0
88	58	0
57	81	0
72	65	0
90	66	0
68	33	0
18	54	0
6	60	0
63	73	0
69	35	0
53	47	0
49	2	0
28	21	0
97	72	0
16	56	0
27	47	0
59	26	0
44	6	0
53	26	0
20	98	0
14	59	0
16	82	0
71	52	0
83	27	0
89	34	0
94	4	0
63	90	0
11	53	0
57	26	0
56	49	0
45	78	0
95	15	0
63	57	0
45	92	0
18	91	0
42	63	0
25	89	0
36	15	0
75	78	0
52	28	0
36	81	0
53	39	0
9	46	0
67	61	0
67	13	0
27	83	0
94	47	0
23	41	1
22	56	0
19	19	0
5	66	0
79	63	0
72	60	0
40	53	0
81	59	0
92	67	0
66	40	0
64	21	0
81	67	0
78	23	0
7	50	0
75	87	0
28	34	0
57	34	0
10	62	0
1	84	0
35	93	0
37	53	0
88	25	0
1	47	0
60	90	0
2	89	0
86	58	0
48	37	0
84	31	0
13	14	0
46	36	0
73	5	0
25	85	0
48	46	0
98	62	0
87	38	0
6	2	0
7	43	0
55	17	0
6	56	0
82	7	0
52	72	0
34	24	0
91	95	0
10	18	0
29	95	0
95	54	0
35	10	0
88	99	0
49	58	0
60	62	0
35	37	0
95	32	0
94	87	0
6	60	0
3	74	0
18	48	0
22	79	0
21	94	0
64	29	0
34	58	0
12	92	0
39	20	0
70	19	0
36	66	0
59	48	0
52	14	0
33	72	0
35	35	0
87	17	0
4	34	0
78	52	0
91	18	0
51	44	0
38	22	0
49	3	0
20	90	0
46	65	0
48	62	0
35	14	0
24	88	0
9	87	0
69	46	0
96	35	0
31	26	0
28	66	0
86	92	0
47	27	0
67	73	0
57	83	0
7	83	0
75	36	0
48	60	0
16	39	0
92	76	0
53	59	0
95	19	0
78	13	0
87	22	0
70	96	0
54	60	0
41	52	0
64	26	0
46	7	0
55	88	0
56	72	0
18	54	0
76	37	0
48	92	0
90	31	0
88	58	0
31	80	0
42	54	0
24	38	1
79	32	0
42	52	0
86	4	0
97	97	0
73	73	0
48	83	0
74	38	0
71	86	0
12	80	0
44	4	0
11	91	0
10	62	0
48	70	0
75	77	0
65	15	0
99	92	0
92	10	0
94	94	0
63	10	0
84	28	0
73	61	0
54	35	0
12	89	0
58	92	0
68	86	0
28	46	0
10	33	0
25	89	0
14	63	0
39	12	0
43	44	0
20	63	0
35	40	0
2	44	0
94	57	0
43	23	0
14	63	0
29	80	0
61	84	0
89	52	0
1	79	0
65	42	0
27	58	0
77	50	0
64	28	0
4	54	0
23	48	0
80	48	0
63	50	0
85	54	0
0	65	0
61	51	0
9	79	0
2	6	0
86	71	0
13	58	0
34	2	0
33	23	0
12	96	0
17	78	0
90	40	0
68	73	0
78	61	0
75	85	0
51	63	0
61	43	0
6	73	0
46	71	0
34	52	0
70	54	0
86	11	0
