95	66	0
53	9	0
35	18	0
40	94	0
2	37	0
90	28	0
87	78	0
11	5	0
48	10	0
74	93	0
42	39	0
81	38	0
1	86	0
21	3	0
14	68	0
97	9	0
94	88	0
62	30	0
30	56	0
98	63	0
91	1	0
42	72	0
76	84	0
79	92	0
66	5	0
27	95	0
58	11	0
78	77	0
72	91	0
99	60	0
0	42	0
30	32	0
40	30	0
80	18	0
43	49	0
91	76	0
10	94	0
67	77	0
91	23	0
81	94	0
45	7	0
27	55	0
71	56	0
98	55	0
58	75	0
98	49	0
21	99	0
38	46	0
56	15	0
83	43	0
16	65	0
58	12	0
32	91	0
55	85	0
26	66	0
94	71	0
47	27	0
37	47	0
84	73	0
94	98	0
92	13	0
15	97	0
93	13	0
51	8	0
93	70	0
41	34	0
20	83	0
85	7	0
32	79	0
83	73	0
64	50	0
21	30	0
88	82	0
29	39	0
13	49	0
87	38	0
20	26	1
17	37	0
38	84	0
61	92	0
71	26	0
47	96	0
62	98	0
0	9	0
12	20	0
93	21	0
97	21	0
36	59	0
80	45	0
22	30	0
75	51	0
39	58	0
35	11	0
36	3	0
70	47	0
24	86	0
56	5	0
49	75	0
43	3	0
37	24	0
94	44	0
51	61	0
64	47	0
18	77	0
67	84	0
8	80	0
46	77	0
85	47	0
66	15	0
54	70	0
6	55	0
56	7	0
51	64	0
10	70	0
45	2	0
30	58	0
19	32	0
85	83	0
42	38	0
4	4	0
24	96	0
81	1	0
68	66	0
15	32	0
81	78	0
94	15	0
60	70	0
55	89	0
31	21	0
63	91	0
20	16	1
73	86	0
62	54	0
36	95	0
77	33	0
39	22	0
22	33	0
80	1	0
11	10	1
4	73	0
94	69	0
92	13	0
87	33	0
40	54	0
61	4	0
89	94	0
5	5	0
39	13	0
14	13	1
80	79	0
35	39	0
96	67	0
84	80	0
51	27	0
50	37	0
68	59	0
3	47	0
26	82	0
15	58	0
82	76	0
54	70	0
44	96	0
84	50	0
70	77	0
53	84	0
27	46	0
89	79	0
2	36	0
34	38	0
26	23	0
18	71	0
34	72	0
99	20	0
41	35	0
76	11	0
37	83	0
70	21	0
56	27	0
79	79	0
25	54	0
63	71	0
34	99	0
36	65	0
41	7	0
68	16	0
31	90	0
18	82	0
71	85	0
93	59	0
18	90	0
28	36	0
92	71	0
25	58	0
38	79	0
37	93	0
52	45	0
32	6	0
18	35	0
80	95	0
90	95	0
62	93	0
78	15	0
3	63	0
66	0	0
60	16	0
67	21	0
85	20	0
30	62	0
6	74	0
61	63	0
74	36	0
29	77	0
88	19	0
56	86	0
32	65	0
31	16	0
83	73	0
34	68	0
41	10	0
6	89	0
81	18	0
97	78	0
83	92	0
86	22	0
2	80	0
19	74	0
94	50	0
50	70	0
36	46	0
45	74	0
59	72	0
55	55	0
8	82	0
34	70	0
62	16	0
5	63	0
67	95	0
65	41	0
34	94	0
87	57	0
40	15	0
41	57	0
10	77	0
40	93	0
59	32	0
69	28	0
10	34	0
88	66	0
72	47	0
81	53	0
9	86	0
58	10	0
14	82	0
64	63	0
57	45	0
70	57	0
56	6	0
16	7	1
4	55	0
76	44	0
50	10	0
72	57	0
50	79	0
62	52	0
91	30	0
94	13	0
6	60	0
90	66	0
25	94	0
92	55	0
36	90	0
56	36	0
47	0	0
18	92	0
70	34	0
44	57	0
43	74	0
50	2	0
22	94	0
75	85	0
85	89	0
61	29	0
95	75	0
10	89	0
40	40	0
58	0	0
62	18	0
38	22	0
46	5	0
55	10	0
55	48	0
74	35	0
37	50	0
24	46	0
52	53	0
71	79	0
90	74	0
57	86	0
79	11	0
99	52	0
78	0	0
11	58	0
29	8	0
91	33	0
46	24	0
74	77	0
8	43	0
51	72	0
55	28	0
24	98	0
34	89	0
30	69	0
90	54	0
40	24	0
40	0	0
24	54	0
90	53	0
75	19	0
75	99	0
15	9	0
63	89	0
11	76	0
44	83	0
33	31	0
3	53	0
83	8	0
21	34	0
81	13	0
40	8	0
18	0	0
82	5	0
29	51	0
12	41	0
89	27	0
96	61	0
6	25	0
28	37	0
3	60	0
33	83	0
16	74	0
6	7	0
39	93	0
47	66	0
38	27	0
63	30	0
47	82	0
38	68	0
91	94	0
36	26	0
16	51	0
30	40	0
54	75	0
79	96	0
53	8	0
74	0	0
35	6	0
47	8	0
61	8	0
20	49	0
75	61	0
66	3	0
23	45	0
63	7	0
52	54	0
47	50	0
27	65	0
79	85	0
62	53	0
17	65	0
58	35	0
24	16	0
95	6	0
50	4	0
69	17	0
53	37	0
21	41	0
16	70	0
70	74	0
12	76	0
32	94	0
25	93	0
49	20	0
32	34	0
86	63	0
59	49	0
7	77	0
77	77	0
61	90	0
24	33	0
70	23	0
66	94	0
72	2	0
96	61	0
75	42	0
33	20	0
40	46	0
36	49	0
87	80	0
12	28	0
74	31	0
88	9	0
13	57	0
31	94	0
70	79	0
84	5	0
3	72	0
94	32	0
49	89	0
3	10	1
75	8	0
62	53	0
43	54	0
57	49	0
29	39	0
51	39	0
74	74	0
72	52	0
42	32	0
73	67	0
22	50	0
25	92	0
83	84	0
42	18	0
1	73	0
68	19	0
83	20	0
69	44	0
17	59	0
62	27	0
28	32	0
53	39	0
4	97	0
62	38	0
56	18	0
92	51	0
46	24	0
34	73	0
33	7	0
80	41	0
9	3	0
62	97	0
3	86	0
37	41	0
54	84	0
56	29	0
18	96	0
19	43	0
20	41	0
60	19	0
96	34	0
83	20	0
83	99	0
24	61	0
16	17	1
34	12	0
32	27	0
86	21	0
52	64	0
76	84	0
24	31	0
66	99	0
83	69	0
41	75	0
76	12	0
69	38	0
83	20	0
71	22	0
44	20	0
37	32	0
98	1	0
66	29	0
2	66	0
90	16	0
91	95	0
9	93	0
85	63	0
41	48	0
24	1	0
94	87	0
79	56	0
27	98	0
66	21	0
77	44	0
92	58	0
83	68	0
28	79	0
77	83	0
32	91	0
86	73	0
37	40	0
27	90	0
99	87	0
33	34	0
28	47	0
63	69	0
62	93	0
52	69	0
46	92	0
62	63	0
36	60	0
33	64	0
79	23	0
14	92	0
88	52	0
19	83	0
41	52	0
47	79	0
79	28	0
24	33	0
15	42	0
61	43	0
92	72	0
63	19	0
83	97	0
70	98	0
36	44	0
59	10	0
29	46	0
21	83	0
34	33	0
54	71	0
68	83	0
36	22	0
76	89	0
50	32	0
38	17	0
63	39	0
23	76	0
41	14	0
5	61	0
93	80	0
67	96	0
51	44	0
82	13	0
38	70	0
42	53	0
99	54	0
95	0	0
1	75	0
71	2	0
83	73	0
71	23	0
31	3	0
35	67	0
78	80	0
37	76	0
52	79	0
78	20	0
13	67	0
60	8	0
45	65	0
62	99	0
30	91	0
90	6	0
92	21	0
61	12	0
34	85	0
13	92	0
6	93	0
78	51	0
72	57	0
78	65	0
14	44	0
86	47	0
65	59	0
83	77	0
68	64	0
24	51	0
17	70	0
37	27	0
46	44	0
5	49	0
54	66	0
44	40	0
93	41	0
76	34	0
74	3	0
75	30	0
51	83	0
22	18	1
15	45	0
64	42	0
92	77	0
70	81	0
94	75	0
24	48	0
51	62	0
60	51	0
29	61	0
86	36	0
21	61	0
43	20	0
92	54	0
72	96	0
53	53	0
22	63	0
40	2	0
68	67	0
29	81	0
43	24	0
74	79	0
89	74	0
19	91	0
50	61	0
13	72	0
72	67	0
38	55	0
51	61	0
39	77	0
63	66	0
27	34	0
15	66	0
90	82	0
78	57	0
99	60	0
33	79	0
57	75	0
69	35	0
21	18	1
84	24	0
39	33	0
97	4	0
17	91	0
31	34	0
29	80	0
90	60	0
20	36	0
97	63	0
13	93	0
14	70	0
28	3	0
97	94	0
31	28	0
0	80	0
74	92	0
37	62	0
77	70	0
31	85	0
99	29	0
33	18	0
38	83	0
30	77	0
34	12	0
22	38	0
10	25	0
90	69	0
92	15	0
54	8	0
66	9	0
89	40	0
31	8	0
38	39	0
98	43	0
11	59	0
45	89	0
1	48	0
19	82	0
74	58	0
48	95	0
67	46	0
71	79	0
36	34	0
78	67	0
35	67	0
88	45	0
5	71	0
59	36	0
36	66	0
72	31	0
55	42	0
99	83	0
92	96	0
84	89	0
21	82	0
21	33	0
55	52	0
51	71	0
36	26	0
24	8	0
37	70	0
9	42	0
62	8	0
68	83	0
89	61	0
96	18	0
9	44	0
10	2	0
77	90	0
5	92	0
52	10	0
54	49	0
71	11	0
16	4	0
47	17	0
20	34	0
45	19	0
60	1	0
38	83	0
55	19	0
28	92	0
73	2	0
28	39	0
51	67	0
69	18	0
90	70	0
65	76	0
42	64	0
52	96	0
80	90	0
7	17	1
86	58	0
17	68	0
81	74	0
59	93	0
14	34	0
20	60	0
94	50	0
34	83	0
96	97	0
64	83	0
47	7	0
48	53	0
81	57	0
56	88	0
72	49	0
95	73	0
80	27	0
15	66	0
4	57	0
71	88	0
76	44	0
54	60	0
58	11	0
33	24	0
73	72	0
23	37	0
13	61	0
37	46	0
57	43	0
31	13	0
59	29	0
7	86	0
22	38	0
12	56	0
7	72	0
74	51	0
29	27	0
59	11	0
92	25	0
79	2	0
53	73	0
3	63	0
64	28	0
48	38	0
22	21	1
71	74	0
77	19	0
48	39	0
49	66	0
46	83	0
19	98	0
31	64	0
39	87	0
29	39	0
76	83	0
44	40	0
28	78	0
8	20	1
55	22	0
6	41	0
60	58	0
66	18	0
28	76	0
80	50	0
52	42	0
51	45	0
41	16	0
1	73	0
68	60	0
74	52	0
45	35	0
79	57	0
87	73	0
79	39	0
66	9	0
85	77	0
91	16	0
6	77	0
65	86	0
31	16	0
55	35	0
9	3	0
17	55	0
9	86	0
33	91	0
21	48	0
92	36	0
15	49	0
57	99	0
14	85	0
95	63	0
54	65	0
89	38	0
19	0	0
58	16	0
45	6	0
7	0	0
13	77	0
59	62	0
83	66	0
74	48	0
17	3	0
30	35	0
68	11	0
2	81	0
74	4	0
44	74	0
54	25	0
73	99	0
11	38	0
0	92	0
97	61	0
35	21	0
87	70	0
61	59	0
74	42	0
41	30	0
94	31	0
83	69	0
15	65	0
0	88	0
25	52	0
3	85	0
8	97	0
89	33	0
33	49	0
4	99	0
54	13	0
61	0	0
41	47	0
25	18	0
63	45	0
40	17	0
26	80	0
31	31	0
72	14	0
2	42	0
88	48	0
84	7	0
67	50	0
32	12	0
46	18	0
11	95	0
61	82	0
39	66	0
13	5	1
38	17	0
2	81	0
4	84	0
70	56	0
88	47	0
44	32	0
29	75	0
26	27	0
98	89	0
62	31	0
45	73	0
65	97	0
21	19	1
4	86	0
66	20	0
57	64	0
31	37	0
98	69	0
35	73	0
98	19	0
79	18	0
98	18	0
89	88	0
44	58	0
26	89	0
84	9	0
31	1	0
65	84	0
65	72	0
19	48	0
67	41	0
66	82	0
88	14	0
93	56	0
21	65	0
54	54	0
24	21	0
88	25	0
49	43	0
70	9	0
90	97	0
86	77	0
50	65	0
71	31	0
63	72	0
6	88	0
39	1	0
8	98	0
15	76	0
63	65	0
78	93	0
87	7	0
97	91	0
79	3	0
19	10	1
83	75	0
67	2	0
99	35	0
72	52	0
54	37	0
17	70	0
60	90	0
55	74	0
12	41	0
5	41	0
39	93	0
5	73	0
43	0	0
42	55	0
14	62	0
41	27	0
7	42	0
95	45	0
57	22	0
1	47	0
24	88	0
71	60	0
0	7	0
94	72	0
27	80	0
58	47	0
34	58	0
95	52	0
62	42	0
2	14	0
16	15	1
3	50	0
23	61	0
87	73	0
67	49	0
99	64	0
1	52	0
62	57	0
17	67	0
1	13	0
70	75	0
30	63	0
45	8	0
26	28	0
7	78	0
36	87	0
6	2	0
72	44	0
65	61	0
82	66	0
76	74	0
43	86	0
36	17	0
5	70	0
10	13	1
46	68	0
38	48	0
56	52	0
82	15	0
