87	61	0
33	29	0
63	98	0
12	5	0
88	39	0
82	98	0
48	79	1
71	48	0
1	80	0
1	1	0
15	98	0
93	47	0
69	74	0
36	38	0
72	84	0
99	47	0
50	95	0
62	78	0
38	17	0
82	67	0
86	94	0
82	84	0
3	33	0
74	18	1
68	66	0
23	94	1
83	33	0
73	95	0
46	70	0
67	79	0
93	52	0
99	21	0
91	77	0
37	9	0
46	93	0
74	35	0
29	20	0
99	78	0
80	79	0
99	14	0
98	13	0
19	41	0
58	82	0
3	88	0
91	3	0
64	94	0
11	27	0
82	82	0
92	28	0
26	91	1
50	96	0
82	12	1
13	13	0
97	11	0
75	42	0
43	82	1
75	22	0
54	50	0
78	31	0
8	94	0
49	80	1
88	62	0
66	94	0
7	69	0
44	91	0
94	51	0
67	19	1
42	38	0
30	5	0
71	62	0
5	86	0
95	31	0
44	64	0
84	53	0
94	3	0
75	99	0
74	81	0
8	25	0
66	81	0
84	67	0
80	45	0
17	98	0
59	44	0
89	51	0
90	40	0
96	35	0
13	61	0
6	13	0
99	58	0
52	97	0
42	73	0
56	92	0
68	34	0
68	68	0
77	76	0
87	74	0
24	20	0
12	8	0
86	59	0
89	1	0
24	99	1
14	43	0
72	68	0
63	81	0
57	80	0
46	8	0
47	85	0
62	77	0
79	53	0
19	94	0
91	83	0
1	78	0
15	56	0
80	83	0
88	74	0
51	66	0
66	40	0
78	37	0
34	91	1
45	72	0
19	48	0
45	81	1
44	24	0
90	88	0
31	99	1
83	3	0
79	34	0
72	88	0
59	82	0
65	69	0
19	23	0
19	73	0
60	87	0
75	65	0
43	94	0
53	91	0
78	16	1
36	90	0
31	33	0
73	65	0
60	48	0
67	73	0
72	31	0
1	92	0
64	55	1
96	37	0
62	32	0
48	21	0
87	20	0
66	73	0
76	99	0
86	73	0
92	23	0
94	35	0
99	68	0
67	69	0
59	90	0
69	18	0
16	80	0
89	12	0
11	43	0
31	87	1
80	75	0
74	80	0
90	50	0
89	59	0
44	79	1
94	67	0
51	7	0
48	24	0
79	53	0
31	73	0
62	77	0
81	77	0
83	6	0
93	53	0
94	40	0
74	57	0
68	88	0
55	9	0
2	90	0
3	88	0
94	63	0
72	59	0
79	15	1
95	74	0
24	17	0
29	93	1
47	99	0
82	4	0
81	6	0
98	32	0
83	32	0
75	32	0
10	10	0
27	88	0
45	87	0
87	41	0
71	96	0
98	78	0
67	38	0
67	85	0
11	2	0
37	4	0
38	26	0
77	33	0
77	18	1
4	47	0
31	20	0
95	84	0
99	71	0
82	22	1
98	12	0
63	1	0
77	14	1
36	6	0
96	89	0
26	86	0
1	97	0
42	36	0
70	44	0
76	71	0
64	74	0
86	85	0
68	33	0
77	80	0
90	31	0
86	61	0
59	47	0
99	74	0
64	15	0
99	8	0
29	46	0
70	92	0
97	43	0
92	44	0
72	93	0
87	35	0
68	14	1
45	52	0
61	93	0
74	85	0
21	78	0
83	84	0
4	95	0
95	3	0
87	14	0
52	79	0
12	99	0
84	40	0
91	65	0
28	2	0
47	95	0
55	66	0
0	18	0
86	37	0
97	10	0
77	92	0
15	23	0
79	29	0
72	78	0
11	27	0
48	80	1
78	46	0
86	6	0
80	11	1
91	65	0
11	78	1
65	15	0
92	97	0
39	98	0
62	56	1
6	35	0
62	86	0
62	53	0
92	47	0
69	42	0
71	56	0
2	53	0
91	69	0
25	99	1
85	67	0
6	92	0
80	93	0
37	26	0
71	60	0
67	99	0
55	90	0
99	52	0
65	8	0
3	68	1
70	43	0
29	97	1
87	28	0
95	50	0
75	28	0
85	69	0
47	97	0
56	95	0
26	92	1
89	90	0
70	81	0
13	1	0
0	91	0
79	85	0
61	99	0
67	30	0
78	59	0
99	0	0
88	7	0
92	81	0
62	85	0
92	14	0
87	13	1
69	86	0
39	99	1
91	17	0
99	3	0
78	30	0
5	46	0
14	92	0
20	96	0
85	91	0
90	93	0
84	86	0
86	69	0
80	77	0
8	89	0
29	13	0
4	3	0
36	38	0
87	18	0
83	32	0
65	66	0
60	8	0
87	81	0
79	82	0
82	49	0
78	66	0
27	6	0
98	42	0
70	88	0
53	38	0
26	93	1
74	88	0
97	60	0
23	66	0
45	67	0
61	75	0
44	94	0
1	48	0
83	74	0
95	48	0
95	71	0
37	83	1
59	89	0
86	19	0
84	9	0
12	80	0
34	87	1
97	68	0
67	73	0
2	98	0
8	72	1
79	93	0
24	22	0
2	78	0
66	78	0
63	69	0
82	87	0
0	86	0
79	52	0
19	5	0
51	86	0
6	87	0
2	15	0
93	61	0
86	9	1
76	21	0
16	17	0
16	45	0
67	32	0
62	80	0
91	77	0
88	46	0
76	76	0
77	87	0
0	63	0
81	62	0
64	30	0
98	41	0
89	91	0
85	78	0
51	79	0
98	78	0
93	8	0
53	74	0
1	95	0
70	32	0
65	16	1
80	26	0
27	29	0
56	87	0
55	53	1
33	77	0
62	91	0
91	53	0
89	32	0
79	67	0
92	89	0
88	50	0
89	95	0
31	85	1
78	71	0
74	41	0
46	87	0
91	82	0
81	71	0
98	31	0
48	75	0
81	21	1
51	39	0
88	85	0
91	54	0
16	83	0
77	33	0
74	32	0
96	42	0
86	12	1
90	86	0
81	15	1
79	42	0
9	85	0
18	97	0
49	32	0
26	63	0
49	85	0
65	3	0
9	93	0
71	46	0
16	11	0
18	61	0
69	73	0
77	68	0
76	65	0
78	46	0
72	67	0
87	52	0
8	44	0
95	88	0
62	57	1
46	90	0
86	19	0
45	99	0
18	88	0
92	50	0
64	30	0
20	19	0
26	40	0
81	52	0
99	29	0
18	8	0
43	5	0
54	68	0
97	84	0
17	6	0
44	83	0
58	22	0
86	75	0
68	64	0
63	87	0
9	52	0
97	47	0
87	62	0
1	84	0
1	91	0
49	33	0
91	19	0
12	24	0
91	35	0
76	10	0
40	31	0
19	95	0
63	89	0
25	25	0
26	99	1
75	44	0
62	86	0
19	97	0
70	37	0
6	5	0
84	51	0
83	35	0
83	30	0
66	23	0
56	96	0
36	92	1
77	35	0
57	99	0
70	65	0
82	45	0
60	90	0
92	43	0
92	99	0
83	86	0
51	84	0
88	8	0
75	74	0
70	25	0
93	47	0
92	99	0
82	16	1
91	99	0
88	19	0
80	73	0
4	91	0
83	95	0
77	81	0
5	21	0
18	95	0
84	25	0
16	89	0
53	82	0
82	36	0
78	51	0
24	94	1
78	51	0
92	52	0
81	40	0
81	26	0
0	94	0
14	10	0
61	82	0
21	56	0
31	9	0
4	85	0
95	39	0
86	80	0
86	51	0
88	78	0
69	46	0
4	80	1
85	21	0
97	38	0
