93	65	0
51	12	0
41	20	0
51	99	0
5	26	0
98	30	0
96	82	0
10	10	1
46	12	0
72	88	0
42	40	0
82	39	0
3	85	0
23	12	0
18	62	0
99	13	0
94	81	0
63	26	0
29	50	0
97	68	0
91	8	0
44	78	0
71	85	0
74	98	0
69	1	0
41	97	0
53	1	0
78	77	0
68	93	0
93	59	0
4	38	0
35	37	0
44	25	0
85	30	0
39	47	0
89	68	0
14	89	0
61	81	0
96	26	0
78	92	0
50	3	0
20	48	0
79	54	0
99	55	0
62	73	0
96	44	0
10	87	0
33	46	0
56	13	0
88	50	0
20	66	0
59	15	0
29	89	0
52	88	0
31	64	0
96	71	0
38	32	0
36	47	0
79	75	0
99	92	0
85	14	0
10	93	0
91	10	0
47	3	0
81	75	0
41	23	0
20	84	0
76	12	0
38	74	0
85	80	0
62	61	0
17	30	0
80	88	0
27	45	0
10	46	0
91	39	0
11	41	0
35	77	0
53	86	0
77	25	0
46	99	0
66	99	0
2	6	0
10	16	0
94	18	0
96	14	0
37	53	0
81	46	0
24	30	0
80	56	0
34	45	0
33	8	0
36	1	0
68	44	0
16	89	0
65	9	0
49	79	0
44	10	0
38	26	0
91	37	0
39	70	0
71	49	0
18	70	0
71	89	0
2	79	0
46	81	0
82	49	0
62	5	0
48	70	0
11	62	0
57	7	0
59	55	0
12	63	0
42	5	0
42	60	0
28	36	0
90	78	0
52	40	0
1	4	0
23	99	0
79	1	0
65	67	0
12	33	0
85	80	0
95	9	0
67	65	0
52	80	0
32	17	0
58	95	0
78	78	0
75	53	0
35	96	0
69	31	0
34	21	0
22	33	0
79	2	0
4	71	0
97	71	0
98	16	0
89	29	0
45	56	0
60	16	0
88	85	0
4	13	0
39	14	0
85	83	0
39	43	0
89	74	0
78	84	0
55	20	0
45	29	0
54	60	0
9	47	0
28	80	0
20	58	0
81	73	0
47	57	0
49	97	0
80	56	0
76	75	0
55	78	0
21	42	0
88	80	0
0	35	0
40	41	0
23	16	0
19	77	0
40	72	0
95	27	0
32	33	0
78	12	0
37	78	0
63	27	0
51	35	0
81	80	0
25	53	0
68	75	0
38	92	0
35	59	0
35	14	0
64	10	0
35	86	0
13	74	0
73	85	0
87	59	0
18	92	0
25	33	0
99	66	0
28	59	0
26	83	0
45	93	0
49	47	0
37	8	0
19	39	0
71	89	0
82	95	0
61	87	0
72	22	0
5	73	0
61	0	0
76	11	0
67	22	0
81	19	0
26	60	0
2	70	0
53	59	0
79	34	0
28	78	0
93	27	0
48	89	0
30	66	0
29	9	0
76	75	0
31	63	0
40	8	0
6	94	0
71	16	0
99	87	0
86	97	0
89	21	0
5	80	0
13	76	0
95	46	0
48	77	0
35	46	0
55	71	0
56	74	0
47	58	0
8	79	0
28	61	0
67	13	0
3	65	0
76	99	0
75	45	0
41	89	0
91	59	0
42	16	0
40	59	0
23	78	0
37	91	0
56	38	0
66	29	0
17	29	0
97	65	0
76	49	0
85	56	0
3	80	0
62	18	0
17	87	0
67	66	0
53	42	0
57	50	0
56	15	0
3	54	0
81	47	0
50	8	0
77	57	0
51	84	0
68	43	0
98	36	0
96	5	0
1	61	0
86	71	0
19	98	0
98	65	0
47	91	0
60	29	0
44	1	0
22	93	0
68	32	0
38	57	0
46	78	0
47	12	0
26	97	0
67	93	0
86	80	0
69	27	0
90	69	0
5	90	0
48	36	0
56	1	0
70	22	0
36	16	0
35	2	0
55	10	0
52	49	0
67	34	0
35	55	0
27	51	0
51	61	0
70	81	0
85	79	0
60	86	0
91	14	0
91	53	0
78	7	0
14	53	0
27	4	0
84	39	0
58	19	0
75	73	0
4	41	0
49	69	0
53	23	0
27	96	0
35	88	0
26	69	0
98	68	0
37	31	0
39	2	0
25	60	0
89	52	0
78	29	0
71	87	0
22	13	0
66	93	0
9	73	0
47	87	0
37	37	0
3	55	0
73	5	0
24	31	0
90	15	0
38	13	0
10	3	1
82	8	0
33	49	0
16	43	0
83	26	0
96	58	0
5	30	0
34	27	0
0	60	0
30	87	0
14	85	0
1	9	0
37	92	0
47	68	0
50	39	0
63	25	0
45	91	0
34	68	0
88	95	0
45	27	0
20	45	0
31	38	0
56	71	0
81	93	0
50	17	0
87	4	0
32	0	0
54	8	0
61	14	0
22	42	0
84	55	0
66	4	0
17	38	0
50	8	0
58	52	0
47	50	0
23	63	0
82	85	0
71	50	0
20	51	0
52	30	0
17	10	1
97	6	0
51	8	0
63	20	0
58	43	0
29	35	0
3	71	0
67	75	0
18	80	0
30	90	0
24	93	0
48	23	0
40	39	0
95	53	0
66	46	0
8	81	0
80	82	0
60	92	0
17	32	0
77	19	0
57	97	0
72	1	0
90	59	0
86	47	0
37	19	0
43	45	0
34	47	0
88	78	0
5	12	0
74	23	0
88	8	0
15	44	0
25	95	0
69	73	0
83	1	0
0	62	0
97	29	0
44	98	0
75	9	0
64	49	0
46	49	0
47	42	0
33	39	0
50	36	0
73	81	0
76	49	0
37	32	0
79	69	0
22	54	0
15	91	0
85	90	0
38	29	0
0	77	0
67	18	0
92	13	0
76	41	0
16	62	0
66	37	0
31	37	0
53	44	0
4	95	0
66	29	0
52	14	0
84	54	0
47	24	0
33	84	0
26	6	0
80	51	0
10	0	1
71	98	0
5	84	0
34	54	0
52	78	0
56	32	0
19	98	0
16	44	0
26	38	0
59	15	0
93	28	0
81	19	0
86	91	0
22	63	0
33	18	0
31	28	0
76	22	0
54	61	0
77	96	0
19	37	0
73	98	0
90	70	0
35	75	0
75	8	0
73	41	0
81	18	0
72	11	0
44	18	0
42	36	0
96	1	0
79	31	0
0	63	0
89	16	0
92	96	0
7	95	0
91	58	0
51	49	0
21	13	0
93	85	0
72	54	0
20	98	0
66	29	0
80	48	0
84	56	0
84	63	0
27	71	0
83	76	0
40	97	0
82	71	0
33	38	0
26	95	0
99	84	0
31	35	0
30	42	0
69	77	0
62	92	0
48	60	0
55	98	0
56	53	0
36	62	0
31	66	0
80	22	0
19	92	0
81	54	0
24	89	0
43	62	0
44	72	0
84	30	0
27	28	0
21	53	0
58	30	0
92	67	0
68	13	0
88	98	0
73	95	0
35	48	0
62	7	0
31	43	0
33	85	0
46	33	0
56	66	0
69	80	0
31	22	0
81	94	0
45	28	0
33	18	0
66	39	0
31	81	0
41	17	0
7	60	0
88	78	0
56	95	0
52	42	0
82	11	0
47	75	0
41	51	0
94	58	0
87	1	0
4	74	0
72	6	0
70	78	0
72	29	0
33	8	0
31	70	0
79	82	0
31	75	0
53	82	0
73	20	0
12	71	0
68	14	0
44	58	0
62	99	0
29	96	0
88	7	0
89	17	0
63	15	0
44	90	0
10	90	0
5	89	0
73	48	0
69	63	0
81	68	0
20	47	0
81	42	0
72	65	0
88	72	0
61	61	0
19	58	0
25	70	0
35	25	0
43	34	0
2	48	0
52	60	0
40	45	0
89	34	0
81	36	0
69	5	0
80	35	0
58	76	0
18	54	0
58	31	0
90	77	0
64	83	0
94	76	0
19	55	0
53	71	0
62	48	0
27	53	0
90	28	0
20	56	0
38	23	0
87	48	0
81	98	0
59	54	0
21	64	0
45	5	0
59	74	0
30	85	0
44	26	0
77	80	0
98	71	0
14	97	0
53	72	0
11	71	0
74	60	0
34	50	0
48	63	0
37	76	0
64	74	0
25	30	0
15	60	0
91	81	0
80	54	0
97	56	0
26	64	0
57	81	0
63	27	0
90	28	0
42	41	0
95	14	0
15	87	0
28	31	0
30	81	0
86	58	0
19	40	0
96	65	0
16	97	0
10	72	0
23	7	0
92	88	0
36	28	0
4	76	0
77	91	0
46	61	0
85	70	0
28	89	0
99	32	0
26	16	0
36	82	0
31	72	0
34	19	0
23	42	0
2	17	0
87	69	0
92	11	0
55	13	0
73	14	0
95	43	0
28	7	0
36	43	0
99	39	0
11	58	0
49	82	0
0	47	0
17	77	0
79	57	0
47	96	0
70	51	0
76	81	0
34	33	0
74	61	0
38	59	0
87	43	0
11	74	0
57	37	0
37	69	0
72	32	0
56	35	0
99	81	0
97	98	0
87	82	0
22	80	0
18	29	0
58	50	0
48	75	0
31	15	0
21	1	0
34	72	0
8	40	0
62	4	0
70	84	0
81	66	0
91	16	0
11	43	0
10	2	1
74	90	0
4	97	0
50	6	0
59	52	0
68	17	0
11	4	1
40	20	0
24	37	0
44	17	0
68	1	0
45	85	0
55	24	0
33	88	0
74	10	0
29	43	0
50	70	0
73	21	0
94	76	0
62	75	0
34	71	0
48	84	0
76	87	0
89	58	0
15	70	0
78	75	0
59	94	0
15	36	0
21	52	0
96	35	0
34	94	0
99	92	0
70	82	0
46	1	0
53	47	0
87	54	0
57	84	0
84	51	0
95	74	0
81	32	0
13	63	0
2	57	0
74	82	0
77	37	0
50	61	0
56	9	0
29	15	0
78	72	0
28	32	0
9	65	0
47	50	0
57	40	0
35	13	0
54	30	0
17	85	0
19	38	0
9	59	0
12	72	0
73	50	0
18	20	0
61	12	0
97	22	0
78	0	0
57	76	0
10	62	0
60	29	0
48	31	0
64	81	0
85	12	0
39	47	0
52	63	0
51	80	0
20	98	0
30	63	0
43	83	0
27	31	0
78	81	0
50	47	0
35	81	0
61	33	0
10	47	0
61	63	0
63	20	0
32	72	0
79	43	0
54	46	0
51	43	0
36	15	0
4	62	0
73	66	0
74	59	0
44	38	0
84	60	0
85	68	0
76	30	0
66	5	0
95	79	0
85	12	0
9	69	0
72	77	0
31	16	0
64	42	0
12	2	1
15	61	0
12	89	0
36	85	0
27	54	0
95	29	0
22	53	0
53	98	0
16	77	0
98	73	0
55	60	0
83	42	0
22	3	0
53	21	0
55	6	0
6	8	1
11	80	0
62	60	0
84	62	0
70	51	0
15	2	0
26	41	0
68	8	0
0	80	0
73	2	0
44	71	0
52	21	0
78	99	0
10	33	0
13	92	0
99	57	0
30	13	0
96	75	0
64	65	0
72	45	0
53	26	0
92	27	0
87	74	0
16	66	0
3	81	0
25	58	0
9	91	0
1	81	0
80	26	0
36	48	0
0	98	0
50	11	0
61	3	0
38	47	0
19	26	1
68	40	0
45	20	0
28	71	0
29	30	0
80	13	0
13	41	0
83	52	0
89	3	0
62	57	0
24	11	0
50	17	0
12	99	0
58	78	0
33	70	0
36	16	0
2	82	0
3	92	0
62	50	0
92	40	0
37	29	0
32	77	0
23	24	1
99	87	0
51	28	0
50	70	0
62	97	0
2	88	0
67	25	0
59	62	0
26	30	0
96	70	0
44	68	0
98	22	0
72	15	0
92	21	0
82	81	0
46	60	0
30	87	0
83	12	0
24	4	0
61	92	0
70	69	0
20	51	0
71	39	0
75	86	0
89	12	0
98	52	0
25	71	0
60	49	0
21	25	0
90	20	0
36	47	0
61	3	0
94	96	0
83	73	0
46	72	0
76	31	0
77	76	0
5	90	0
48	6	0
10	91	0
7	70	0
67	70	0
69	99	0
80	8	0
96	92	0
83	6	0
79	72	0
61	5	0
86	37	0
82	49	0
56	31	0
11	73	0
55	87	0
59	80	0
18	48	0
3	39	0
36	98	0
10	69	0
44	0	0
35	55	0
12	63	0
42	25	0
4	43	0
96	50	0
51	15	0
3	45	0
28	86	0
74	66	0
2	1	0
94	68	0
19	74	0
58	45	0
34	55	0
94	42	0
55	41	0
0	13	0
1	50	0
19	59	0
95	68	0
67	45	0
99	61	0
2	54	0
63	60	0
11	73	0
0	18	0
84	57	0
25	65	0
44	12	0
34	32	0
8	82	0
35	88	0
2	3	0
81	42	0
72	59	0
80	62	0
73	81	0
41	86	0
47	17	0
0	70	0
46	69	0
43	51	0
55	54	0
84	9	0
