90	67	0
50	17	0
42	15	0
48	98	0
7	21	0
93	31	0
97	85	0
41	13	0
77	83	0
42	39	0
79	35	0
5	83	0
16	14	0
20	62	0
99	18	0
96	74	0
64	28	0
31	48	0
98	64	0
91	2	0
43	80	0
69	81	0
72	95	0
68	1	0
42	91	0
55	1	0
76	77	0
71	96	0
99	56	0
3	37	0
40	37	0
45	28	0
91	29	0
44	45	0
89	64	0
12	92	0
60	83	0
97	25	0
81	92	0
55	1	0
21	52	0
79	50	0
96	61	0
60	74	0
97	43	0
10	82	0
30	42	0
61	10	0
93	56	0
12	66	0
61	10	0
31	87	0
50	96	0
33	66	0
97	62	0
39	29	0
44	37	0
77	75	0
93	96	0
83	16	0
14	95	0
92	13	0
46	1	0
74	72	0
45	18	0
15	81	0
78	11	0
39	81	0
86	86	0
61	65	0
14	22	0
76	84	0
31	35	0
19	47	0
89	38	0
11	36	0
40	77	0
49	82	0
71	20	0
40	98	0
64	99	0
0	2	0
10	12	0
97	12	0
98	17	0
33	48	0
82	42	0
23	19	0
77	58	0
30	48	0
37	12	0
40	9	0
72	36	0
14	89	0
71	8	0
54	76	0
41	10	0
48	27	0
95	39	0
39	73	0
79	57	0
22	58	0
76	92	0
2	78	0
44	82	0
85	43	0
64	3	0
44	68	0
14	63	0
55	3	0
65	60	0
14	62	0
45	6	0
42	60	0
30	38	0
94	84	0
53	43	0
0	0	0
30	94	0
76	10	0
67	66	0
13	32	0
86	81	0
94	13	0
68	66	0
56	77	0
33	8	0
56	97	0
77	79	0
76	55	0
35	99	0
66	27	0
41	22	0
21	36	0
81	10	0
3	76	0
98	70	0
99	15	0
87	32	0
40	53	0
56	19	0
86	78	0
4	17	0
37	12	0
86	68	0
33	42	0
84	76	0
79	89	0
57	14	0
44	32	0
55	62	0
9	50	0
29	75	0
14	58	0
79	72	0
35	51	0
49	97	0
78	58	0
71	76	0
48	81	0
15	40	0
89	72	0
2	31	0
40	45	0
24	13	0
18	76	0
40	79	0
93	38	0
31	30	0
84	16	0
37	81	0
59	28	0
49	38	0
84	83	0
23	53	0
71	78	0
34	86	0
30	57	0
36	17	0
62	8	0
35	78	0
16	77	0
73	84	0
91	54	0
15	85	0
19	33	0
99	66	0
29	60	0
27	92	0
46	89	0
42	51	0
34	13	0
18	38	0
68	84	0
83	94	0
58	86	0
76	24	0
6	71	0
53	0	0
78	14	0
68	28	0
72	25	0
24	56	0
3	67	0
54	59	0
79	35	0
32	71	0
90	26	0
39	89	0
31	65	0
34	16	0
73	72	0
29	56	0
38	9	0
5	95	0
68	14	0
99	88	0
85	91	0
98	16	0
2	80	0
16	67	0
94	44	0
53	74	0
38	47	0
52	66	0
56	71	0
47	57	0
7	75	0
29	65	0
67	6	0
0	65	0
63	98	0
82	46	0
43	87	0
87	60	0
45	10	0
44	65	0
21	79	0
39	94	0
60	34	0
62	32	0
20	32	0
96	64	0
70	42	0
79	62	0
7	74	0
57	18	0
7	88	0
72	60	0
56	45	0
65	50	0
56	16	0
1	55	0
82	42	0
57	6	0
73	65	0
44	86	0
75	41	0
96	37	0
98	5	0
1	67	0
84	72	0
20	95	0
98	64	0
48	89	0
61	29	0
47	0	0
24	92	0
68	37	0
40	59	0
45	76	0
47	5	0
21	90	0
67	93	0
87	83	0
70	32	0
86	69	0
12	87	0
51	47	0
51	5	0
70	24	0
32	15	0
33	5	0
49	10	0
57	48	0
71	35	0
34	54	0
32	46	0
43	64	0
68	87	0
89	82	0
60	84	0
88	18	0
83	53	0
79	9	0
21	53	0
34	9	0
84	38	0
62	25	0
71	70	0
6	39	0
48	72	0
54	26	0
26	96	0
32	94	0
20	71	0
93	64	0
44	30	0
37	7	0
26	59	0
90	60	0
74	16	0
80	90	0
22	8	0
68	93	0
10	76	0
48	85	0
42	36	0
0	54	0
76	5	0
20	30	0
91	15	0
45	20	0
12	2	1
83	12	0
35	45	0
18	49	0
84	26	0
91	53	0
1	27	0
27	32	0
0	63	0
37	86	0
18	88	0
4	8	0
45	85	0
55	67	0
50	42	0
66	24	0
48	92	0
39	67	0
88	96	0
41	34	0
13	47	0
22	40	0
55	72	0
83	92	0
47	20	0
89	6	0
29	3	0
63	0	0
58	13	0
20	42	0
76	64	0
69	2	0
15	32	0
46	13	0
55	49	0
44	50	0
22	62	0
86	80	0
76	52	0
15	57	0
48	35	0
98	10	0
57	5	0
63	19	0
57	43	0
25	30	0
7	70	0
69	74	0
18	80	0
36	86	0
22	98	0
50	27	0
42	41	0
86	58	0
73	41	0
6	83	0
76	81	0
58	87	0
16	30	1
76	27	0
59	98	0
72	3	0
88	60	0
79	48	0
30	15	0
39	43	0
35	46	0
87	83	0
4	10	0
73	23	0
94	4	0
16	41	0
32	97	0
68	72	0
86	2	0
6	57	0
96	33	0
46	96	0
75	13	0
66	49	0
50	54	0
43	39	0
33	37	0
45	36	0
69	86	0
79	40	0
38	34	0
77	68	0
21	59	0
14	94	0
91	86	0
36	37	0
0	80	0
61	24	0
89	16	0
82	45	0
13	61	0
66	45	0
38	34	0
52	45	0
2	96	0
70	24	0
55	13	0
86	58	0
48	24	0
29	82	0
21	2	0
78	47	0
12	0	1
71	99	0
2	79	0
39	56	0
46	77	0
55	31	0
21	96	0
15	45	0
32	41	0
59	17	0
87	28	0
86	23	0
84	87	0
19	62	0
32	23	0
29	33	0
83	19	0
54	60	0
70	91	0
15	35	0
71	98	0
88	64	0
34	70	0
65	5	0
71	41	0
78	19	0
76	10	0
43	23	0
42	34	0
96	2	0
81	28	0
0	69	0
88	11	0
99	97	0
4	99	0
87	55	0
54	46	0
24	16	0
97	89	0
66	57	0
14	97	0
66	30	0
78	42	0
85	51	0
84	64	0
29	72	0
71	75	0
41	96	0
78	71	0
23	27	0
32	98	0
98	82	0
34	35	0
26	42	0
66	80	0
60	91	0
44	68	0
58	94	0
57	53	0
36	66	0
29	69	0
84	26	0
18	93	0
84	52	0
27	90	0
48	65	0
42	76	0
84	34	0
33	32	0
22	51	0
54	26	0
92	67	0
72	16	0
87	97	0
74	99	0
37	51	0
67	0	0
29	45	0
36	90	0
36	32	0
51	69	0
68	80	0
27	22	0
82	99	0
38	25	0
27	21	0
64	39	0
26	78	0
43	12	0
2	56	0
89	83	0
58	89	0
53	45	0
78	13	0
49	71	0
43	51	0
97	58	0
84	5	0
1	70	0
76	0	0
68	72	0
73	32	0
38	17	0
34	70	0
84	79	0
26	70	0
58	81	0
77	24	0
11	64	0
69	19	0
44	62	0
63	99	0
31	93	0
88	4	0
94	20	0
64	12	0
34	88	0
14	91	0
6	87	0
74	41	0
69	64	0
69	81	0
17	51	0
77	32	0
67	67	0
89	72	0
55	62	0
20	61	0
24	66	0
39	22	0
42	30	0
1	41	0
46	64	0
41	46	0
95	32	0
75	35	0
76	1	0
85	40	0
54	70	0
23	55	0
58	30	0
90	76	0
63	89	0
94	72	0
15	49	0
60	75	0
66	50	0
31	56	0
80	32	0
16	53	0
43	20	0
80	54	0
82	96	0
55	55	0
18	67	0
45	4	0
53	64	0
30	84	0
44	28	0
85	80	0
92	72	0
16	99	0
54	72	0
11	75	0
69	60	0
34	54	0
46	61	0
36	75	0
61	72	0
21	27	1
10	65	0
97	80	0
74	56	0
97	55	0
28	60	0
52	87	0
63	27	0
93	27	0
37	51	0
98	9	0
19	88	0
29	31	0
33	76	0
90	58	0
20	45	0
82	70	0
21	96	0
6	71	0
13	4	1
90	88	0
42	29	0
3	68	0
76	86	0
49	64	0
82	67	0
26	96	0
99	38	0
25	9	0
38	82	0
32	72	0
35	18	0
23	38	0
1	15	0
81	72	0
92	6	0
60	6	0
74	12	0
95	46	0
31	7	0
30	49	0
99	40	0
12	54	0
58	79	0
1	59	0
16	74	0
76	55	0
48	95	0
78	46	0
70	80	0
33	35	0
77	67	0
38	57	0
84	49	0
15	76	0
45	36	0
32	70	0
81	34	0
57	35	0
99	80	0
97	98	0
87	81	0
31	70	0
18	30	0
57	42	0
47	73	0
29	12	0
26	4	0
38	69	0
17	37	0
59	3	0
70	82	0
75	65	0
91	17	0
7	50	0
67	88	0
2	92	0
53	6	0
66	52	0
69	15	0
36	17	0
25	35	0
39	18	0
73	6	0
42	86	0
56	28	0
31	82	0
74	14	0
32	43	0
49	65	0
76	22	0
90	72	0
61	69	0
34	66	0
51	85	0
74	84	0
83	45	0
19	64	0
74	76	0
65	94	0
18	44	0
20	57	0
96	35	0
34	91	0
94	86	0
72	86	0
47	2	0
58	58	0
87	57	0
66	84	0
84	49	0
99	79	0
82	29	0
10	63	0
5	57	0
71	88	0
77	41	0
51	62	0
56	7	0
34	13	0
81	70	0
27	35	0
14	61	0
46	51	0
52	38	0
34	16	0
49	26	0
15	82	0
25	39	0
10	62	0
15	72	0
73	46	0
17	18	0
62	11	0
98	27	0
79	1	0
57	78	0
7	59	0
61	29	0
48	31	0
60	82	0
89	14	0
36	44	0
58	62	0
53	78	0
16	98	0
41	68	0
38	84	0
27	29	0
74	81	0
44	46	0
36	85	0
63	33	0
15	45	0
62	63	0
58	25	0
31	74	0
80	38	0
56	42	0
44	44	0
31	13	0
9	60	0
75	70	0
73	65	0
38	41	0
86	62	0
85	71	0
74	27	0
58	7	0
81	78	0
79	13	0
6	65	0
72	76	0
38	21	0
68	38	0
14	67	0
12	86	0
39	89	0
28	52	0
96	28	0
20	54	0
52	98	0
18	87	0
98	70	0
55	59	0
81	42	0
21	1	0
52	20	0
60	2	0
6	7	1
12	77	0
60	56	0
82	64	0
71	45	0
14	0	0
25	42	0
67	11	0
6	81	0
79	2	0
44	67	0
48	23	0
77	93	0
1	27	0
18	91	0
99	53	0
33	14	0
99	82	0
58	65	0
75	49	0
48	27	0
90	30	0
90	74	0
9	67	0
1	80	0
20	55	0
11	86	0
1	87	0
79	24	0
40	41	0
2	93	0
52	8	0
71	5	0
41	53	0
72	45	0
48	21	0
25	66	0
28	24	0
83	14	0
14	42	0
88	58	0
96	3	0
58	59	0
30	14	0
52	10	0
14	97	0
56	76	0
39	65	0
39	15	0
2	84	0
5	90	0
66	54	0
91	40	0
37	29	0
29	76	0
24	26	1
99	93	0
52	32	0
57	74	0
66	89	0
2	81	0
74	25	0
59	64	0
24	36	0
99	74	0
46	68	0
99	21	0
74	13	0
87	21	0
78	91	0
42	62	0
37	77	0
81	20	0
28	8	0
63	94	0
70	74	0
20	47	0
70	41	0
69	92	0
82	11	0
96	53	0
29	76	0
61	52	0
29	33	0
86	22	0
31	47	0
65	1	0
95	99	0
75	64	0
51	78	0
80	26	0
76	73	0
8	88	0
39	6	0
16	90	0
2	65	0
65	71	0
67	92	0
76	10	0
93	96	0
83	12	0
82	77	0
63	5	0
89	34	0
83	45	0
52	38	0
13	77	0
56	89	0
59	77	0
20	53	0
7	42	0
32	96	0
8	64	0
40	1	0
29	51	0
13	63	0
42	32	0
1	40	0
93	53	0
52	21	0
10	47	0
26	87	0
78	77	0
0	1	0
91	65	0
17	70	0
63	43	0
32	57	0
89	49	0
55	40	0
0	11	0
4	52	0
22	58	0
95	65	0
70	47	0
95	62	0
6	60	0
70	60	0
7	77	0
1	23	0
86	58	0
28	62	0
39	10	0
36	30	0
11	82	0
31	87	0
1	7	1
80	45	0
73	66	0
77	59	0
75	77	0
39	76	0
45	22	0
0	68	0
49	71	0
37	43	0
59	52	0
86	10	0
