99	65	0
19	13	0
32	15	1
65	98	0
9	2	0
86	39	0
99	96	0
45	14	1
48	83	0
55	23	0
79	49	0
5	88	0
7	4	0
15	91	0
95	30	0
68	75	0
42	30	0
85	68	0
95	16	0
60	94	0
47	68	0
79	69	0
50	10	0
27	81	0
55	20	0
95	71	0
78	88	0
85	73	0
9	35	0
56	10	1
51	33	0
88	24	0
78	71	0
13	80	0
32	92	0
79	11	0
73	88	0
26	9	0
46	70	0
84	70	0
95	71	0
57	65	0
99	39	0
16	74	0
65	3	0
97	64	0
20	77	0
61	5	0
4	75	0
39	99	0
30	72	0
90	60	0
60	37	0
38	19	0
96	81	0
98	92	0
95	13	0
29	90	0
95	9	0
24	12	0
77	89	0
34	9	1
2	89	0
83	11	0
26	67	0
62	92	0
36	57	0
3	28	0
75	79	0
88	30	0
25	95	0
45	98	0
64	29	0
29	90	0
53	93	0
12	14	0
98	19	0
81	27	0
53	77	0
89	41	0
86	62	0
53	8	0
45	18	1
70	39	0
1	99	0
73	2	0
42	77	0
43	9	1
54	21	0
87	17	0
39	53	1
87	50	0
0	58	0
76	89	0
2	83	0
41	99	0
89	53	0
72	30	0
34	61	0
37	61	0
64	2	0
67	56	0
18	73	0
35	2	0
63	70	0
44	31	0
3	93	0
87	27	0
41	77	0
81	70	0
94	1	0
67	86	0
66	74	0
9	24	0
58	91	0
99	80	0
71	53	0
23	91	0
64	32	0
78	4	0
96	65	0
93	35	0
88	54	0
41	46	0
63	9	0
61	66	0
9	29	0
44	32	0
90	57	0
51	25	0
54	77	0
58	75	0
58	21	0
45	34	0
52	25	0
56	84	0
49	56	0
43	94	0
72	41	0
61	72	0
56	70	0
97	59	0
29	19	0
41	40	0
15	21	0
13	80	0
29	61	0
83	40	0
47	43	0
89	1	0
36	86	0
55	20	0
29	38	0
66	84	0
33	69	0
58	62	0
45	86	0
42	48	0
37	1	0
55	19	0
40	98	0
28	62	0
75	78	0
94	62	0
15	93	0
92	73	0
31	48	0
23	67	0
52	73	0
48	57	0
17	32	0
73	84	0
98	87	0
41	73	0
76	41	0
4	42	0
58	13	0
64	53	0
61	16	0
80	20	0
3	49	1
41	64	0
53	24	0
40	61	0
95	35	0
33	90	0
19	58	0
75	93	0
48	55	0
20	20	0
39	75	0
52	14	0
94	98	0
34	91	0
95	0	0
15	58	1
18	75	0
96	35	0
54	95	0
67	82	0
64	66	0
35	53	0
10	67	0
59	0	0
54	95	0
99	57	0
42	91	0
73	70	0
82	26	0
48	76	0
30	80	0
39	92	0
39	24	0
68	24	0
82	53	0
54	43	0
75	66	0
2	56	1
75	23	0
23	89	0
64	67	0
88	38	0
74	38	0
46	0	0
3	41	0
87	28	0
72	78	0
58	99	0
73	60	0
97	29	0
91	11	0
3	34	0
87	70	0
39	99	0
90	86	0
43	97	0
57	33	0
82	32	0
22	87	0
80	24	0
20	63	0
26	84	0
49	15	0
24	90	0
76	87	0
84	76	0
95	56	0
97	57	0
22	81	0
36	71	0
82	7	0
83	51	0
42	0	0
39	25	0
45	56	0
77	44	0
23	54	0
35	41	0
30	79	0
72	96	0
88	55	0
57	75	0
95	6	0
96	34	0
63	4	0
85	53	0
81	52	0
60	80	0
0	34	0
42	63	0
67	27	0
14	89	0
27	75	0
8	87	0
88	64	0
58	12	1
38	3	0
81	65	0
76	1	0
98	85	0
28	4	0
43	89	0
14	66	0
54	94	0
43	38	0
79	26	0
79	17	0
54	13	0
94	12	0
46	51	0
79	27	0
78	56	0
7	10	0
3	59	0
34	98	0
21	81	0
54	95	0
47	74	0
82	42	0
63	7	0
50	86	0
51	66	0
96	88	0
1	48	1
66	48	0
65	87	0
79	22	0
26	4	0
45	1	0
50	18	0
34	34	0
80	55	0
74	19	0
20	44	0
17	27	0
32	55	0
43	34	0
97	69	0
89	59	0
5	53	1
65	34	0
84	8	0
69	11	0
73	23	0
51	39	0
40	27	0
5	73	0
72	85	0
41	87	0
10	99	0
32	60	0
56	11	1
54	40	0
82	33	0
74	55	0
14	60	1
86	69	0
85	87	0
79	34	0
69	89	0
77	14	0
79	60	0
68	52	0
68	52	0
88	75	0
74	5	0
88	11	0
25	45	0
54	90	0
62	73	0
73	10	0
25	76	0
95	40	0
57	99	0
96	24	0
64	25	0
29	59	0
60	41	0
35	61	0
60	79	0
77	28	0
84	82	0
42	54	1
19	94	0
94	93	0
45	18	1
4	80	0
42	51	0
99	4	0
85	37	0
35	69	0
59	51	0
62	51	0
20	96	0
81	27	0
41	8	1
91	53	0
51	38	0
41	88	0
25	13	0
48	46	0
53	89	0
1	47	1
41	77	0
42	84	0
50	19	1
18	70	0
14	28	0
67	7	0
71	27	0
99	5	0
79	96	0
33	65	0
33	29	0
77	1	0
58	50	0
68	96	0
0	27	0
52	89	0
93	56	0
28	77	0
78	5	0
36	67	0
65	17	0
54	10	0
81	16	0
90	43	0
8	87	0
74	11	0
85	98	0
27	98	0
94	77	0
42	53	0
11	27	0
62	98	0
68	49	0
1	86	0
69	30	0
80	53	0
76	50	0
75	62	0
24	53	0
98	50	0
24	92	0
97	63	0
24	98	0
88	92	0
47	35	0
65	69	0
59	94	0
46	53	0
59	97	0
76	52	0
49	48	0
31	60	0
91	0	0
3	86	0
90	57	0
22	96	0
46	54	0
41	75	0
82	28	0
35	47	0
56	22	0
95	55	0
75	20	0
83	90	0
43	98	0
38	56	0
48	5	1
36	49	0
58	97	0
52	25	0
46	79	0
89	86	0
39	8	1
90	83	0
78	13	0
21	7	0
43	33	0
28	63	0
48	5	1
10	79	0
85	78	0
58	87	0
63	54	0
68	11	0
38	61	0
36	75	0
90	47	0
91	5	0
14	69	0
75	12	0
47	62	0
48	23	0
45	2	0
31	46	0
85	85	0
24	71	0
57	84	0
66	21	0
77	19	0
52	54	0
64	82	0
25	98	0
93	28	0
80	14	0
79	21	0
16	71	0
19	95	0
16	81	0
61	35	0
73	80	0
77	98	0
1	29	0
63	52	0
67	90	0
73	61	0
61	73	0
16	90	0
19	77	0
49	31	0
7	25	0
44	42	0
31	41	0
99	31	0
80	47	0
65	12	0
69	28	0
57	50	0
42	28	0
97	79	0
47	80	0
83	53	0
42	57	0
36	97	0
78	53	0
57	10	1
32	14	0
99	48	0
66	83	0
47	38	0
57	57	0
36	95	0
62	95	0
93	62	0
19	78	0
64	51	0
2	69	0
62	49	0
47	71	0
66	56	0
54	76	0
63	89	0
5	57	0
57	52	0
76	46	0
78	61	0
36	82	0
76	79	0
43	30	0
96	16	0
53	44	0
99	12	0
2	83	0
47	92	0
91	65	0
70	68	0
11	87	0
16	72	0
80	85	0
42	25	0
3	79	0
73	96	0
48	65	0
92	63	0
25	92	0
71	44	0
17	0	0
41	79	0
18	82	0
5	17	0
94	57	0
97	22	0
49	18	1
70	33	0
79	12	0
20	11	0
31	59	0
77	29	0
1	72	0
60	78	0
6	41	0
17	76	0
62	48	0
67	94	0
68	45	0
78	87	0
75	54	0
36	52	1
73	78	0
8	87	0
44	43	0
26	80	0
78	52	0
61	37	0
97	44	0
92	94	0
81	87	0
48	69	0
72	44	0
67	69	0
38	53	1
66	1	0
66	84	0
84	75	0
80	2	0
57	77	0
7	97	0
50	24	1
51	38	0
69	34	0
61	29	0
73	22	0
21	90	0
77	28	0
30	74	0
90	18	0
47	65	0
46	37	0
63	95	0
74	73	0
45	78	0
72	91	0
86	68	0
92	49	0
95	76	0
81	98	0
99	44	0
36	67	0
91	85	0
48	83	0
82	85	0
97	48	0
45	89	0
91	67	0
82	54	0
79	34	0
35	46	0
7	62	0
56	79	0
71	19	0
63	32	0
47	24	1
84	83	0
66	42	0
47	12	1
15	90	0
11	56	1
11	90	0
60	39	0
88	14	0
89	50	0
98	6	0
79	96	0
50	23	1
52	49	0
32	75	0
96	19	0
65	53	0
28	80	0
31	98	0
25	75	0
13	93	0
33	10	1
66	65	0
45	31	0
45	75	0
45	44	0
3	53	1
64	73	0
69	14	0
19	89	0
94	55	0
22	23	0
12	75	0
73	61	0
70	57	0
51	63	0
93	54	0
89	63	0
74	55	0
55	10	0
61	68	0
83	49	0
4	35	0
97	74	0
51	44	0
38	79	0
11	80	0
21	91	0
23	65	0
94	32	0
16	55	1
61	98	0
8	90	0
90	63	0
53	29	0
78	21	0
23	24	0
34	39	0
77	11	0
18	74	0
38	54	1
88	55	0
87	37	0
3	9	0
2	37	0
71	15	0
43	75	0
96	91	0
1	11	0
53	99	0
84	34	0
42	8	0
90	84	0
42	61	0
78	73	0
31	31	0
98	38	0
87	75	0
20	69	0
15	88	0
2	45	1
21	73	0
15	97	0
68	19	0
28	58	0
10	85	0
30	29	0
58	17	0
42	60	0
71	50	0
44	9	1
30	73	0
91	28	0
7	26	0
74	50	0
94	30	0
52	64	0
30	18	0
41	5	0
19	93	0
42	76	0
23	62	0
20	19	0
21	82	0
24	80	0
68	54	0
95	41	0
31	71	0
82	98	0
50	32	0
65	68	0
45	85	0
6	84	0
83	45	0
42	60	0
14	23	0
95	57	0
56	47	0
92	17	0
86	20	0
81	34	0
59	95	0
41	38	0
66	38	0
62	34	0
41	5	0
40	91	0
59	72	0
91	27	0
61	98	0
85	52	0
81	47	0
35	74	0
27	71	0
80	30	0
50	42	0
74	0	0
98	95	0
71	79	0
50	79	0
72	41	0
81	87	0
17	81	0
60	31	0
15	92	0
6	58	1
41	61	0
82	68	0
63	13	0
94	96	0
87	11	0
96	94	0
59	9	0
67	22	0
77	53	0
66	29	0
11	83	0
54	87	0
65	81	0
8	31	0
17	84	0
18	69	0
45	10	0
36	41	0
1	47	1
80	42	0
53	23	0
5	61	0
18	88	0
65	93	0
93	42	0
0	72	0
62	43	0
27	89	0
79	60	0
69	43	0
22	53	0
84	35	0
73	49	0
70	61	0
11	61	1
56	48	0
9	91	0
5	1	0
84	65	0
19	70	0
26	5	0
1	95	0
21	79	0
99	39	0
72	82	0
87	63	0
86	87	0
53	58	0
62	33	0
2	75	0
49	62	0
35	56	0
64	41	0
83	22	0
