90	64	0
50	11	0
43	16	0
53	99	0
6	24	0
96	32	0
97	82	0
11	9	1
46	11	0
74	85	0
43	38	0
84	39	0
3	88	0
21	11	0
21	64	0
99	14	0
96	80	0
64	24	0
30	49	0
96	68	0
94	8	0
42	78	0
68	86	0
74	98	0
73	0	0
41	94	0
53	1	0
77	78	0
69	91	0
96	58	0
6	39	0
37	38	0
42	26	0
87	27	0
41	48	0
87	66	0
12	89	0
62	82	0
93	27	0
75	93	0
50	2	0
20	49	0
77	54	0
97	57	0
60	72	0
99	42	0
9	85	0
31	45	0
54	12	0
91	49	0
18	64	0
59	16	0
28	90	0
51	88	0
31	61	0
96	68	0
37	30	0
39	47	0
79	74	0
99	92	0
84	14	0
9	93	0
93	10	0
47	3	0
77	76	0
43	20	0
20	82	0
77	12	0
36	77	0
85	82	0
64	61	0
17	29	0
79	88	0
28	42	0
13	46	0
90	42	0
8	39	0
36	75	0
51	82	0
75	26	0
44	98	0
65	98	0
3	5	0
11	11	0
95	17	0
98	15	0
34	52	0
81	46	0
23	27	0
79	57	0
33	48	0
32	10	0
37	3	0
67	40	0
16	89	0
69	10	0
47	74	0
42	11	0
40	26	0
93	38	0
37	72	0
73	48	0
17	66	0
72	91	0
2	77	0
46	81	0
85	47	0
62	5	0
41	68	0
14	63	0
56	6	0
63	58	0
15	62	0
41	5	0
40	63	0
26	36	0
91	79	0
52	43	0
2	2	0
29	97	0
80	5	0
68	67	0
13	33	0
86	81	0
92	13	0
65	68	0
54	79	0
30	16	0
56	97	0
78	77	0
77	53	0
35	97	0
68	29	0
34	22	0
25	35	0
83	4	0
5	72	0
95	69	0
98	12	0
87	29	0
45	55	0
58	17	0
86	86	0
6	13	0
38	15	0
87	78	0
36	44	0
88	75	0
78	86	0
56	20	0
47	30	0
53	60	0
9	48	0
27	78	0
20	59	0
78	73	0
42	55	0
49	97	0
80	55	0
76	75	0
52	81	0
20	44	0
88	77	0
2	32	0
41	43	0
20	15	0
17	78	0
39	74	0
96	31	0
32	33	0
78	14	0
36	78	0
61	28	0
51	36	0
78	83	0
25	52	0
70	75	0
38	90	0
34	58	0
35	14	0
65	12	0
35	85	0
14	73	0
72	85	0
89	57	0
16	93	0
22	31	0
98	68	0
29	58	0
23	85	0
46	93	0
50	52	0
35	6	0
17	38	0
72	86	0
83	96	0
61	87	0
73	21	0
6	71	0
58	3	0
76	11	0
65	23	0
77	22	0
26	61	0
2	66	0
55	61	0
79	34	0
28	76	0
92	27	0
48	93	0
31	66	0
29	14	0
75	76	0
30	62	0
39	11	0
8	95	0
69	15	0
97	84	0
85	93	0
89	20	0
1	81	0
14	72	0
95	44	0
49	77	0
35	47	0
54	72	0
57	73	0
44	56	0
7	79	0
26	62	0
70	11	0
0	67	0
73	99	0
77	46	0
40	88	0
89	59	0
44	17	0
40	61	0
21	80	0
40	91	0
55	37	0
64	30	0
21	30	0
99	66	0
76	49	0
86	56	0
6	82	0
62	19	0
14	87	0
69	64	0
56	44	0
59	50	0
57	15	0
4	51	0
83	45	0
51	7	0
79	59	0
51	85	0
68	47	0
96	40	0
96	3	0
2	59	0
83	72	0
19	97	0
98	66	0
46	87	0
60	30	0
45	0	0
22	92	0
70	33	0
41	57	0
48	78	0
44	10	0
23	96	0
69	93	0
88	81	0
68	28	0
90	69	0
2	88	0
50	38	0
53	4	0
68	22	0
33	14	0
35	3	0
56	9	0
55	50	0
68	36	0
35	57	0
28	49	0
49	61	0
71	80	0
85	83	0
59	86	0
89	14	0
89	55	0
78	5	0
14	55	0
24	4	0
88	38	0
60	21	0
73	72	0
5	41	0
48	71	0
52	25	0
28	97	0
33	91	0
23	70	0
95	67	0
36	30	0
37	4	0
28	56	0
87	54	0
75	25	0
73	85	0
23	13	0
67	92	0
8	73	0
48	85	0
37	37	0
2	57	0
75	7	0
25	30	0
90	14	0
41	15	0
10	1	1
85	7	0
35	49	0
17	45	0
84	26	0
96	58	0
5	31	0
34	26	0
4	63	0
33	88	0
15	87	0
4	8	0
37	90	0
48	68	0
51	37	0
64	26	0
43	90	0
36	68	0
90	92	0
44	29	0
20	44	0
28	40	0
58	69	0
79	94	0
51	18	0
87	4	0
32	2	0
57	7	0
58	13	0
22	42	0
83	56	0
69	4	0
15	37	0
52	9	0
54	53	0
48	52	0
23	65	0
85	86	0
75	52	0
17	50	0
50	33	0
21	7	1
97	6	0
53	8	0
59	18	0
57	44	0
29	34	0
5	72	0
69	75	0
17	79	0
33	92	0
23	93	0
49	24	0
41	41	0
94	54	0
68	44	0
8	81	0
81	80	0
59	89	0
18	31	1
75	16	0
55	95	0
74	1	0
87	61	0
88	50	0
40	20	0
43	42	0
34	49	0
89	77	0
7	9	0
78	25	0
92	3	0
15	43	0
30	98	0
71	73	0
85	2	0
0	59	0
96	33	0
48	99	0
73	9	0
64	49	0
43	52	0
43	42	0
34	37	0
48	35	0
73	84	0
77	49	0
37	32	0
77	72	0
22	54	0
16	90	0
85	87	0
41	32	0
2	79	0
66	17	0
92	14	0
78	41	0
15	61	0
65	39	0
33	36	0
52	41	0
4	96	0
68	30	0
55	14	0
85	55	0
44	25	0
30	84	0
24	6	0
81	52	0
7	0	1
70	97	0
5	82	0
35	55	0
51	78	0
58	32	0
18	97	0
20	43	0
29	40	0
59	16	0
94	27	0
82	20	0
85	91	0
18	61	0
33	20	0
31	31	0
78	22	0
54	61	0
75	95	0
19	38	0
70	99	0
89	70	0
34	72	0
73	8	0
72	39	0
82	16	0
70	11	0
44	18	0
44	37	0
95	1	0
79	31	0
0	68	0
88	15	0
94	97	0
9	95	0
89	55	0
52	49	0
25	12	0
94	84	0
69	54	0
19	96	0
68	32	0
78	46	0
86	53	0
84	65	0
27	69	0
80	75	0
40	95	0
80	72	0
31	35	0
27	96	0
98	80	0
32	32	0
30	43	0
67	73	0
59	92	0
47	60	0
56	99	0
59	53	0
38	63	0
32	67	0
81	22	0
21	93	0
84	54	0
24	87	0
41	65	0
40	73	0
84	30	0
26	29	0
22	52	0
56	32	0
96	69	0
68	12	0
88	97	0
71	96	0
37	51	0
63	5	0
30	44	0
36	86	0
42	30	0
55	68	0
65	77	0
34	19	0
82	95	0
45	24	0
32	17	0
66	38	0
29	79	0
41	17	0
6	61	0
88	80	0
57	96	0
55	45	0
83	10	0
46	77	0
40	51	0
96	59	0
85	0	0
3	73	0
72	4	0
71	75	0
71	31	0
35	10	0
30	72	0
83	84	0
29	72	0
54	84	0
74	21	0
12	68	0
67	18	0
45	62	0
62	98	0
32	96	0
86	9	0
89	20	0
61	15	0
42	91	0
10	89	0
8	89	0
71	44	0
68	65	0
80	70	0
16	50	0
80	40	0
71	65	0
88	73	0
60	63	0
19	59	0
24	67	0
35	22	0
42	31	0
3	44	0
50	61	0
41	45	0
93	33	0
80	38	0
69	6	0
79	36	0
56	72	0
17	53	0
59	31	0
88	77	0
64	83	0
94	75	0
19	55	0
55	71	0
65	48	0
26	51	0
90	31	0
20	55	0
39	24	0
85	47	0
79	96	0
61	56	0
19	67	0
43	4	0
58	74	0
31	87	0
43	26	0
78	80	0
96	73	0
16	97	0
51	75	0
8	73	0
76	60	0
32	50	0
50	62	0
37	76	0
61	72	0
25	28	0
15	61	0
92	82	0
81	55	0
97	57	0
25	62	0
54	85	0
62	28	0
91	29	0
42	43	0
96	13	0
16	89	0
29	31	0
30	83	0
88	57	0
20	43	0
93	65	0
17	95	0
9	72	0
24	8	0
91	88	0
39	29	0
4	74	0
79	92	0
44	61	0
85	68	0
28	91	0
99	35	0
30	16	0
34	82	0
29	72	0
38	20	0
23	42	0
2	16	0
84	70	0
93	9	0
56	11	0
76	11	0
95	44	0
29	9	0
36	44	0
97	39	0
10	54	0
55	81	0
0	50	0
16	75	0
78	54	0
45	97	0
74	53	0
75	82	0
33	33	0
74	62	0
39	57	0
84	44	0
12	74	0
54	36	0
34	69	0
70	32	0
55	34	0
99	82	0
98	98	0
88	80	0
25	75	0
16	32	0
55	51	0
48	75	0
32	16	0
20	0	0
36	70	0
8	40	0
62	3	0
69	86	0
80	68	0
92	19	0
11	44	0
8	2	1
71	91	0
5	96	0
53	8	0
61	49	0
71	17	0
41	21	0
24	36	0
43	18	0
69	1	0
43	85	0
58	31	0
31	88	0
77	10	0
31	44	0
51	67	0
72	18	0
92	74	0
60	75	0
35	69	0
49	86	0
78	88	0
86	55	0
16	71	0
79	74	0
62	95	0
15	37	0
21	51	0
96	33	0
32	93	0
98	88	0
70	81	0
47	2	0
55	47	0
91	56	0
60	84	0
82	49	0
97	76	0
79	31	0
12	66	0
1	56	0
70	82	0
79	39	0
51	61	0
59	11	0
32	12	0
77	74	0
29	32	0
12	62	0
42	51	0
55	39	0
35	13	0
52	28	0
15	85	0
21	39	0
8	60	0
12	71	0
74	51	0
17	20	0
59	9	0
99	21	0
80	1	0
54	78	0
8	59	0
59	27	0
44	30	0
63	82	0
86	12	0
38	50	0
53	63	0
48	80	0
19	94	0
32	63	0
44	85	0
25	32	0
78	81	0
49	49	0
36	83	0
61	31	0
11	48	0
61	61	0
59	22	0
30	71	0
79	39	0
52	45	0
49	43	0
36	17	0
5	63	0
76	64	0
73	60	0
41	38	0
84	61	0
85	68	0
78	26	0
63	6	0
92	78	0
81	11	0
4	68	0
69	77	0
31	20	0
64	40	0
12	4	1
13	66	0
13	87	0
36	88	0
27	53	0
95	29	0
22	54	0
55	99	0
18	80	0
98	73	0
53	63	0
83	41	0
20	4	0
52	21	0
58	8	0
7	7	1
14	81	0
63	61	0
84	62	0
72	49	0
16	0	0
28	41	0
67	11	0
3	79	0
76	3	0
44	71	0
47	21	0
76	99	0
7	36	0
12	92	0
98	57	0
30	14	0
98	75	0
61	64	0
72	48	0
50	28	0
92	26	0
88	75	0
15	69	0
1	80	0
22	56	0
8	92	0
0	82	0
81	24	0
38	47	0
0	94	0
49	12	0
62	4	0
37	47	0
68	41	0
46	18	0
28	68	0
31	29	0
82	15	0
15	40	0
85	53	0
90	5	0
65	58	0
26	12	0
49	15	0
11	99	0
57	78	0
35	71	0
36	17	0
3	82	0
1	94	0
63	53	0
91	36	0
39	29	0
33	77	0
23	23	1
99	91	0
54	30	0
55	74	0
62	96	0
4	86	0
68	26	0
59	61	0
24	34	0
96	70	0
45	67	0
99	23	0
72	16	0
89	23	0
79	85	0
46	60	0
35	87	0
82	16	0
25	8	0
60	91	0
71	71	0
18	49	0
68	41	0
77	86	0
90	12	0
94	54	0
26	73	0
61	50	0
22	26	0
89	19	0
36	47	0
60	2	0
96	95	0
84	71	0
47	72	0
75	30	0
77	73	0
6	88	0
47	7	0
11	90	0
7	69	0
68	69	0
69	99	0
80	8	0
92	95	0
82	8	0
78	76	0
62	4	0
88	35	0
80	48	0
52	30	0
13	73	0
54	87	0
60	80	0
19	51	0
0	39	0
38	99	0
8	69	0
44	0	0
35	55	0
12	61	0
42	27	0
1	43	0
96	52	0
52	17	0
6	45	0
28	85	0
74	66	0
1	0	0
89	71	0
19	71	0
58	43	0
32	59	0
94	44	0
56	41	0
1	11	0
2	51	0
20	59	0
96	69	0
69	48	0
97	58	0
2	53	0
65	58	0
10	74	0
0	18	0
84	57	0
25	63	0
42	15	0
37	32	0
7	81	0
35	89	0
4	5	0
80	42	0
74	59	0
79	60	0
74	82	0
40	84	0
47	21	0
1	71	0
48	70	0
43	49	0
58	55	0
84	9	0
