80	65	0
32	31	0
64	99	0
14	14	0
93	41	0
89	94	0
71	43	0
5	80	0
2	8	0
14	92	0
83	41	0
68	80	0
29	29	0
63	72	0
91	49	0
48	95	1
61	69	0
40	32	0
89	83	0
96	83	0
72	80	0
5	25	0
70	70	0
74	28	0
61	80	0
51	68	0
62	82	0
96	51	0
97	35	0
90	71	0
41	0	0
81	34	0
34	13	0
93	69	0
93	70	0
89	23	1
94	10	0
18	33	0
61	73	0
1	89	0
61	95	0
21	33	0
77	75	0
92	40	0
55	90	0
5	18	0
88	12	0
69	36	0
76	10	1
49	46	0
82	41	0
19	98	1
86	71	0
56	97	1
20	58	0
95	58	0
41	36	0
34	8	0
63	56	0
12	87	0
98	23	0
40	67	0
85	62	0
99	7	0
72	94	0
73	80	0
7	22	0
76	81	0
79	66	0
80	41	0
61	39	0
86	44	0
81	36	0
89	40	0
15	61	0
7	11	0
85	65	0
57	97	1
34	83	0
63	94	0
76	46	0
59	67	0
78	75	0
80	78	0
25	15	0
10	9	0
83	59	0
88	1	0
17	47	0
74	78	0
61	78	0
62	81	0
53	5	0
57	96	1
75	86	0
78	47	0
10	90	0
97	87	0
2	97	0
19	58	0
94	89	0
96	74	0
50	80	0
69	49	0
81	37	0
56	62	0
15	58	0
48	20	0
86	85	0
75	3	0
81	41	0
82	95	0
59	76	0
76	74	0
13	22	0
68	99	0
57	97	1
30	78	0
29	38	0
59	43	0
63	81	0
64	37	0
7	98	0
96	33	0
66	22	1
52	31	0
84	21	1
69	64	0
75	97	0
87	68	0
87	11	1
96	26	0
94	80	0
69	76	0
46	81	0
12	74	1
8	46	0
73	75	0
75	72	0
86	57	0
89	54	0
88	67	0
53	15	0
36	26	0
73	58	0
27	77	0
57	87	1
85	74	0
98	46	0
99	33	0
69	67	0
67	96	0
63	14	0
1	93	0
12	96	1
98	59	0
88	76	0
13	17	0
85	9	1
86	12	0
91	25	0
84	19	1
82	33	0
14	17	0
28	77	0
54	94	1
85	37	0
75	96	0
90	74	0
63	35	0
62	82	0
6	5	0
37	12	0
44	26	0
71	40	0
2	55	0
31	13	0
96	83	0
95	54	0
97	9	1
57	2	0
35	7	0
96	83	0
26	74	0
8	95	0
32	36	0
69	53	0
70	71	0
51	71	0
84	77	0
75	34	0
79	79	0
85	31	0
86	70	0
55	35	0
99	71	0
67	9	0
98	9	1
31	56	0
78	90	0
94	44	0
88	45	0
75	91	0
93	41	0
43	51	0
54	97	1
69	85	0
26	76	0
83	88	0
2	91	0
92	17	1
18	99	1
89	30	0
92	62	0
30	2	0
49	91	1
45	50	0
14	16	0
84	45	0
88	8	1
67	90	0
16	25	0
73	31	0
76	79	0
19	34	0
79	44	0
77	2	0
95	65	0
68	21	0
98	95	0
16	36	0
53	98	1
66	54	0
91	39	0
67	46	0
3	53	0
95	69	0
95	62	0
7	81	0
80	87	0
41	16	0
69	53	0
56	96	1
66	93	0
97	42	0
62	10	0
76	42	0
74	30	0
89	58	0
74	32	0
92	73	0
52	90	1
92	95	0
81	98	0
16	5	0
0	85	0
74	86	0
68	92	0
53	15	0
84	58	0
99	0	0
98	79	0
62	80	0
95	22	1
60	76	0
95	3	0
89	31	0
10	46	0
4	99	0
86	90	0
88	90	0
83	87	0
81	59	0
74	78	0
7	88	0
27	25	0
0	13	0
41	42	0
85	41	0
61	60	0
60	6	0
75	81	0
80	74	0
81	47	0
71	60	0
28	19	0
98	44	0
72	96	0
56	31	0
67	77	0
90	68	0
17	54	0
55	75	0
59	80	0
4	48	0
74	76	0
98	45	0
91	69	0
49	88	1
84	26	0
86	5	1
96	68	0
66	69	0
5	94	0
80	92	0
18	25	0
9	90	0
68	74	0
65	65	0
91	90	0
7	81	0
83	56	0
15	1	0
13	85	0
0	18	0
94	59	0
79	29	1
15	21	0
8	36	0
80	35	0
69	80	0
89	76	0
81	39	0
79	76	0
71	86	0
1	74	0
90	67	0
61	27	0
94	38	0
82	88	0
74	71	0
38	87	0
90	67	0
95	12	1
43	73	0
0	98	0
72	39	0
27	32	0
62	85	0
36	69	0
67	97	0
91	54	0
83	31	0
74	67	0
98	80	0
99	44	0
99	98	0
89	69	0
69	30	0
36	86	1
83	76	0
83	65	0
97	30	0
50	63	0
66	31	0
85	89	0
88	63	0
26	84	0
91	36	0
82	40	0
90	40	0
95	80	0
71	51	0
8	82	0
13	96	0
36	29	0
28	68	0
61	10	0
0	93	0
78	47	0
7	13	0
19	57	0
62	63	0
71	76	0
79	48	0
71	45	0
77	66	1
73	47	0
16	40	0
89	77	0
63	91	0
80	16	0
17	93	0
98	55	0
56	25	1
27	17	0
31	36	0
70	48	0
95	37	0
13	5	0
41	1	0
54	55	0
97	89	0
26	2	0
57	8	0
93	86	0
72	67	1
62	85	0
27	53	0
93	50	0
85	61	0
3	88	0
0	97	0
46	32	0
95	31	0
17	29	0
84	35	0
81	15	0
38	35	0
15	98	1
59	84	1
17	37	0
80	41	0
69	90	0
73	41	0
11	9	0
93	54	0
85	41	0
83	20	1
61	30	1
59	97	0
77	38	0
49	96	0
57	53	0
71	43	0
56	95	0
89	46	0
95	97	0
86	88	0
69	74	0
73	22	0
99	44	0
96	98	0
97	95	0
86	26	1
85	69	0
12	97	1
85	95	0
58	78	0
1	15	0
30	90	0
83	34	0
20	95	1
74	36	0
80	44	0
75	47	0
95	57	0
88	34	0
82	25	1
10	78	0
10	13	0
56	83	0
25	69	0
37	2	0
2	86	0
99	42	0
93	88	0
83	50	0
92	88	0
72	60	1
95	44	0
