81	67	0
31	31	0
59	97	1
17	10	0
94	45	0
92	88	0
70	41	0
5	82	0
2	9	0
12	88	0
81	36	0
71	80	0
34	33	0
64	74	0
88	52	0
63	70	0
41	36	0
92	86	0
98	83	0
72	83	0
7	23	0
75	73	0
80	28	0
57	81	1
49	67	0
63	83	0
96	52	0
96	29	0
84	73	0
39	0	0
80	29	0
32	15	0
96	69	0
92	73	0
95	7	0
22	38	0
63	77	0
5	87	0
56	97	1
16	32	0
69	76	0
94	41	0
56	85	0
0	23	0
89	13	0
65	33	0
50	42	0
78	41	0
85	72	0
56	99	1
19	58	0
96	55	0
45	34	0
36	10	0
59	57	0
9	86	0
97	19	0
42	66	0
87	59	0
97	5	0
72	91	0
70	77	0
8	21	0
72	83	0
86	66	0
78	41	0
57	42	0
82	44	0
84	38	0
89	39	0
19	59	0
16	18	0
85	69	0
57	95	1
37	83	0
58	93	1
80	50	0
60	65	0
82	76	0
79	73	0
30	13	0
13	12	0
84	63	0
90	4	0
18	50	0
75	79	0
59	77	0
59	81	0
48	12	0
76	87	0
75	54	0
9	87	0
94	95	0
4	94	0
15	63	0
95	89	0
99	73	0
54	84	0
70	50	0
89	34	0
54	59	0
16	52	0
54	17	0
88	86	0
74	4	0
81	41	0
84	95	0
60	72	0
77	75	0
12	23	0
73	94	0
56	99	1
30	80	0
26	35	0
60	37	0
63	80	0
68	39	0
10	96	1
92	27	0
69	29	1
53	27	0
67	66	0
68	94	0
88	71	0
98	27	0
91	85	0
71	77	0
49	78	0
10	72	1
11	48	0
73	71	0
75	74	0
87	57	0
93	53	0
90	67	0
58	16	0
36	29	0
78	58	0
29	81	0
61	90	1
83	77	0
99	49	0
97	28	0
73	58	0
62	97	0
66	15	0
3	94	0
6	98	1
98	61	0
85	78	0
15	18	0
93	14	0
93	19	0
84	20	1
85	33	0
12	16	0
33	76	0
56	90	1
85	41	0
67	93	0
92	80	0
66	36	0
57	84	0
1	5	0
31	14	0
47	29	0
70	40	0
2	57	0
39	9	0
95	78	0
98	50	0
96	9	1
59	0	0
36	6	0
97	84	0
28	72	0
8	96	1
38	33	0
66	53	0
73	68	0
53	74	0
81	73	0
77	31	0
78	78	0
85	35	0
90	73	0
50	32	0
95	69	0
66	8	0
97	9	1
32	57	0
78	94	0
91	45	0
88	45	0
75	88	0
88	39	0
42	53	0
51	95	1
73	89	0
23	75	0
85	84	0
2	94	0
87	32	0
93	61	0
37	5	0
45	49	0
18	17	0
91	38	0
62	86	0
17	25	0
76	32	0
75	79	0
20	35	0
84	44	0
81	6	0
93	68	0
65	23	0
99	91	0
21	36	0
55	99	1
70	53	0
88	41	0
60	50	0
5	54	0
99	71	0
96	59	0
15	83	0
75	84	0
44	17	0
71	58	0
54	95	1
68	94	0
96	40	0
59	13	0
73	46	0
74	31	0
90	57	0
69	32	1
90	76	0
93	91	0
80	98	0
12	10	0
5	81	0
81	88	0
64	93	0
52	13	0
83	53	0
98	3	0
94	81	0
58	74	0
60	74	0
98	4	0
87	33	0
8	46	0
2	95	0
87	88	0
92	91	0
85	91	0
82	62	0
73	78	0
10	85	0
27	29	0
4	17	0
42	34	0
83	42	0
59	58	0
64	5	0
75	87	0
79	72	0
84	46	0
71	60	1
28	16	0
97	46	0
70	91	0
58	33	0
64	81	0
89	66	0
13	54	0
55	77	0
54	80	1
2	46	0
71	79	0
98	44	0
91	66	0
45	90	1
88	31	0
94	6	1
99	67	0
67	70	0
6	96	0
84	94	0
13	22	0
11	87	0
64	71	0
64	59	0
95	96	0
3	82	0
80	55	0
14	3	0
12	90	0
7	17	0
92	56	0
14	25	0
9	36	0
81	31	0
69	75	0
92	80	0
86	45	0
82	78	0
67	83	0
4	77	0
96	64	0
62	27	0
95	33	0
75	86	0
74	72	0
38	84	0
93	75	0
38	76	0
1	96	0
76	41	0
31	33	0
61	88	0
35	69	0
63	96	0
91	54	0
83	29	0
70	67	0
98	78	0
95	47	0
97	97	0
88	70	0
67	23	0
81	77	0
83	61	0
96	28	0
49	65	0
65	33	0
88	90	0
90	64	0
24	78	0
91	34	0
83	40	0
88	40	0
97	82	0
79	51	0
3	85	0
15	96	1
35	28	0
28	70	0
62	8	0
2	93	0
80	42	0
5	13	0
16	55	0
60	67	0
70	78	0
78	50	0
69	43	0
78	71	1
78	46	0
14	39	0
91	80	0
60	93	0
83	16	0
12	87	0
97	53	0
57	24	1
25	15	0
30	37	0
69	49	0
96	38	0
14	0	0
40	1	0
55	60	0
97	86	0
28	4	0
57	1	0
90	80	0
62	84	0
22	53	0
89	48	0
84	63	0
8	90	0
2	99	0
47	36	0
99	36	0
19	31	0
87	37	0
79	10	0
35	32	0
13	99	1
58	81	1
21	38	0
80	39	0
64	93	0
79	42	0
10	12	0
93	54	0
81	46	0
80	22	1
58	98	1
76	43	0
53	94	0
60	51	0
73	43	0
50	93	1
88	45	0
99	96	0
89	88	0
72	73	0
73	28	0
97	45	0
95	97	0
95	94	0
85	25	1
84	69	0
80	94	0
55	77	0
1	16	0
33	92	0
84	33	0
16	93	1
78	28	0
81	47	0
74	48	0
96	60	0
89	39	0
13	76	0
11	8	0
53	84	0
27	72	0
36	3	0
5	80	0
97	44	0
95	85	0
80	48	0
92	89	0
99	42	0
