89	66	0
51	15	0
44	15	0
52	99	0
5	20	0
95	31	0
99	85	0
42	12	0
77	82	0
44	39	0
80	33	0
4	84	0
20	14	0
18	63	0
97	14	0
96	76	0
65	26	0
30	48	0
99	65	0
92	2	0
42	79	0
69	81	0
72	99	0
72	1	0
44	90	0
57	1	0
74	77	0
71	94	0
97	52	0
2	38	0
40	37	0
46	27	0
90	28	0
44	47	0
87	65	0
14	93	0
60	85	0
95	23	0
80	91	0
53	1	0
20	52	0
78	50	0
93	58	0
58	73	0
98	40	0
10	83	0
30	45	0
60	11	0
95	52	0
14	63	0
58	10	0
29	88	0
50	95	0
32	63	0
97	65	0
39	29	0
43	41	0
80	73	0
93	93	0
82	14	0
12	92	0
91	10	0
45	1	0
76	72	0
43	19	0
19	83	0
77	9	0
36	77	0
84	82	0
63	65	0
15	24	0
76	87	0
29	35	0
18	47	0
89	40	0
12	36	0
42	78	0
50	84	0
74	22	0
42	97	0
62	99	0
3	2	0
7	13	0
97	16	0
98	17	0
32	47	0
82	44	0
22	22	0
78	56	0
30	49	0
32	9	0
38	8	0
68	37	0
15	88	0
73	8	0
54	74	0
40	11	0
47	28	0
96	38	0
41	73	0
77	51	0
22	61	0
76	94	0
2	77	0
44	82	0
85	43	0
61	5	0
44	66	0
12	61	0
53	4	0
65	55	0
16	58	0
41	5	0
40	60	0
28	38	0
92	85	0
53	43	0
1	2	0
30	97	0
77	7	0
67	69	0
11	34	0
87	79	0
92	14	0
68	66	0
58	79	0
31	12	0
56	96	0
75	76	0
77	55	0
35	98	0
67	25	0
40	23	0
22	37	0
85	8	0
4	75	0
97	69	0
96	16	0
87	33	0
43	53	0
58	17	0
87	80	0
4	14	0
37	17	0
84	71	0
30	42	0
89	75	0
78	90	0
60	14	0
43	33	0
55	60	0
8	48	0
28	78	0
14	59	0
77	75	0
40	50	0
49	97	0
80	59	0
73	75	0
48	82	0
17	38	0
88	72	0
5	33	0
40	44	0
21	15	0
17	76	0
39	74	0
96	36	0
31	32	0
81	16	0
39	81	0
57	29	0
52	39	0
80	81	0
25	51	0
73	79	0
35	86	0
29	57	0
35	16	0
63	13	0
34	82	0
16	75	0
76	85	0
90	55	0
17	89	0
20	35	0
98	66	0
31	60	0
26	90	0
47	92	0
46	50	0
33	10	0
20	40	0
70	83	0
83	97	0
60	86	0
74	22	0
7	68	0
57	2	0
75	14	0
65	25	0
72	23	0
25	58	0
2	67	0
52	57	0
80	37	0
33	73	0
90	21	0
44	89	0
30	68	0
31	17	0
74	74	0
29	60	0
40	11	0
5	92	0
65	14	0
99	84	0
86	95	0
96	19	0
3	80	0
14	68	0
91	44	0
50	73	0
37	47	0
52	70	0
56	70	0
44	56	0
6	75	0
29	64	0
67	10	0
0	68	0
65	97	0
78	48	0
43	86	0
91	59	0
48	9	0
45	62	0
22	77	0
41	90	0
58	38	0
62	31	0
21	33	0
97	63	0
72	45	0
84	59	0
7	78	0
57	20	0
13	88	0
70	62	0
56	45	0
60	51	0
52	14	0
4	52	0
79	42	0
54	5	0
74	62	0
46	84	0
73	42	0
98	36	0
98	0	0
1	63	0
83	72	0
20	95	0
99	64	0
46	89	0
61	29	0
45	1	0
22	90	0
69	36	0
40	60	0
44	76	0
47	9	0
24	90	0
67	93	0
89	84	0
68	34	0
85	68	0
7	86	0
51	45	0
53	5	0
68	24	0
31	15	0
32	6	0
49	8	0
57	50	0
68	33	0
36	56	0
29	49	0
47	65	0
72	82	0
88	83	0
63	85	0
87	19	0
85	54	0
80	8	0
15	52	0
31	7	0
83	38	0
62	25	0
73	71	0
5	36	0
51	71	0
53	27	0
28	98	0
35	91	0
20	70	0
94	64	0
42	31	0
38	6	0
26	59	0
88	60	0
73	18	0
78	92	0
21	6	0
69	95	0
10	77	0
45	86	0
37	38	0
1	53	0
77	4	0
22	29	0
93	13	0
40	18	0
10	4	1
89	9	0
34	47	0
18	47	0
86	26	0
93	54	0
4	29	0
29	29	0
0	62	0
36	87	0
17	84	0
4	12	0
43	86	0
53	67	0
48	41	0
63	24	0
47	92	0
37	66	0
90	95	0
43	34	0
15	46	0
23	39	0
58	70	0
87	92	0
47	20	0
87	7	0
30	0	0
61	3	0
58	13	0
20	40	0
75	59	0
66	1	0
14	33	0
49	13	0
55	47	0
47	53	0
22	63	0
86	79	0
77	49	0
17	56	0
45	35	0
97	11	0
54	5	0
61	17	0
56	41	0
25	30	0
7	70	0
67	73	0
18	82	0
34	88	0
23	96	0
52	28	0
40	43	0
88	58	0
70	43	0
8	83	0
77	83	0
57	84	0
18	29	1
73	26	0
57	97	0
72	3	0
89	61	0
83	49	0
36	18	0
42	41	0
33	45	0
89	81	0
7	9	0
73	20	0
93	2	0
13	43	0
31	99	0
68	73	0
88	2	0
6	57	0
97	31	0
44	96	0
71	12	0
64	49	0
47	52	0
42	41	0
31	38	0
47	34	0
72	83	0
78	42	0
37	34	0
77	71	0
24	58	0
14	91	0
87	88	0
40	37	0
1	81	0
62	24	0
86	14	0
79	46	0
12	60	0
64	45	0
34	35	0
50	43	0
3	98	0
68	26	0
52	12	0
84	59	0
44	22	0
27	83	0
22	3	0
78	47	0
10	0	1
74	97	0
4	79	0
36	53	0
48	78	0
55	33	0
21	98	0
18	45	0
29	44	0
59	17	0
90	26	0
86	23	0
86	89	0
20	63	0
30	24	0
30	33	0
80	20	0
54	61	0
69	96	0
18	38	0
71	99	0
88	68	0
36	71	0
68	7	0
70	39	0
81	18	0
77	9	0
42	20	0
43	34	0
99	4	0
80	29	0
1	68	0
89	11	0
99	98	0
6	99	0
86	52	0
52	49	0
26	15	0
94	87	0
65	57	0
15	99	0
68	30	0
83	41	0
84	52	0
83	64	0
29	72	0
76	77	0
40	99	0
78	71	0
25	32	0
32	99	0
97	82	0
31	35	0
28	43	0
69	78	0
59	90	0
45	63	0
57	97	0
58	52	0
37	64	0
31	65	0
84	26	0
18	92	0
83	54	0
27	89	0
42	64	0
43	74	0
85	32	0
33	29	0
22	49	0
51	28	0
92	68	0
72	9	0
86	98	0
73	98	0
39	51	0
67	2	0
29	45	0
36	91	0
40	35	0
52	68	0
66	80	0
28	23	0
79	98	0
41	27	0
30	20	0
65	38	0
28	79	0
42	17	0
1	57	0
87	81	0
59	91	0
51	44	0
81	9	0
48	72	0
43	55	0
98	58	0
83	2	0
0	71	0
74	2	0
70	71	0
71	30	0
38	17	0
33	72	0
86	81	0
29	71	0
56	84	0
77	22	0
10	65	0
68	17	0
42	60	0
62	99	0
31	95	0
87	4	0
92	21	0
60	13	0
40	90	0
15	90	0
5	88	0
74	41	0
71	63	0
74	77	0
15	51	0
79	33	0
69	66	0
89	76	0
59	62	0
20	62	0
20	64	0
38	22	0
44	33	0
0	43	0
48	64	0
41	46	0
95	35	0
77	35	0
75	4	0
84	38	0
57	72	0
21	53	0
58	31	0
88	77	0
61	86	0
94	75	0
17	52	0
63	74	0
67	48	0
28	56	0
84	33	0
15	54	0
42	24	0
81	52	0
82	94	0
56	57	0
18	68	0
46	7	0
57	67	0
30	83	0
45	25	0
81	81	0
93	72	0
17	99	0
51	71	0
8	75	0
71	63	0
34	51	0
48	63	0
38	75	0
63	73	0
22	25	0
15	64	0
96	82	0
78	56	0
96	58	0
27	61	0
53	86	0
64	24	0
90	26	0
39	49	0
97	8	0
18	88	0
28	31	0
33	81	0
95	61	0
20	44	0
85	68	0
18	97	0
7	73	0
15	4	1
90	87	0
39	31	0
1	67	0
74	90	0
48	60	0
83	67	0
26	93	0
98	38	0
26	11	0
36	82	0
29	73	0
33	20	0
28	41	0
0	16	0
80	71	0
92	5	0
61	8	0
74	10	0
95	45	0
31	5	0
32	47	0
95	41	0
10	52	0
58	77	0
0	57	0
17	73	0
74	51	0
47	94	0
76	52	0
72	80	0
34	37	0
73	67	0
38	55	0
85	47	0
13	75	0
49	39	0
33	68	0
74	35	0
57	35	0
99	80	0
98	99	0
87	80	0
29	74	0
19	31	0
57	46	0
46	73	0
30	14	0
23	1	0
38	68	0
10	38	0
63	3	0
70	84	0
75	66	0
94	16	0
8	50	0
67	90	0
5	92	0
54	8	0
67	50	0
69	15	0
35	18	0
24	37	0
39	15	0
73	5	0
43	87	0
55	30	0
31	82	0
76	12	0
31	46	0
51	64	0
75	22	0
94	69	0
62	71	0
34	67	0
52	85	0
77	83	0
84	50	0
17	66	0
76	74	0
65	94	0
18	40	0
21	55	0
91	36	0
33	95	0
97	84	0
71	82	0
50	3	0
56	53	0
89	59	0
65	84	0
82	49	0
99	80	0
83	29	0
11	64	0
2	58	0
69	85	0
78	37	0
52	61	0
58	8	0
34	13	0
80	72	0
28	36	0
14	63	0
45	53	0
54	37	0
37	14	0
55	29	0
13	85	0
27	38	0
7	62	0
15	72	0
75	49	0
19	18	0
62	8	0
96	27	0
79	3	0
54	78	0
9	59	0
64	28	0
47	33	0
63	82	0
90	15	0
36	45	0
57	62	0
50	80	0
17	96	0
35	65	0
42	83	0
25	32	0
76	82	0
47	44	0
36	84	0
62	32	0
14	47	0
62	62	0
58	23	0
28	73	0
80	41	0
54	44	0
48	45	0
32	15	0
8	60	0
79	71	0
75	65	0
38	41	0
86	60	0
85	70	0
75	26	0
60	8	0
83	80	0
82	12	0
5	69	0
71	75	0
35	18	0
67	37	0
13	65	0
11	86	0
36	92	0
27	54	0
93	30	0
20	49	0
54	99	0
19	84	0
97	69	0
52	58	0
82	46	0
19	1	0
51	17	0
59	6	0
2	8	1
9	75	0
61	63	0
81	66	0
70	47	0
15	1	0
26	43	0
67	7	0
5	81	0
77	5	0
43	67	0
46	22	0
76	94	0
1	34	0
16	90	0
98	54	0
31	10	0
95	81	0
58	66	0
72	46	0
53	25	0
90	27	0
89	73	0
10	69	0
1	78	0
21	57	0
7	88	0
0	85	0
81	22	0
39	42	0
1	93	0
50	12	0
68	2	0
38	52	0
71	46	0
45	18	0
28	67	0
30	28	0
82	16	0
15	41	0
89	55	0
94	4	0
60	61	0
27	10	0
52	9	0
13	97	0
55	79	0
39	70	0
38	15	0
3	82	0
4	95	0
67	55	0
93	41	0
38	30	0
33	78	0
22	25	1
99	94	0
53	31	0
58	69	0
66	92	0
1	83	0
69	24	0
58	63	0
26	36	0
96	74	0
44	67	0
98	21	0
74	13	0
85	22	0
79	88	0
45	60	0
36	81	0
82	18	0
28	9	0
63	94	0
70	71	0
18	47	0
70	41	0
71	92	0
87	8	0
95	56	0
26	74	0
61	51	0
25	30	0
89	20	0
34	47	0
62	1	0
97	96	0
79	64	0
50	77	0
76	26	0
72	72	0
8	86	0
40	4	0
11	91	0
4	65	0
68	69	0
69	95	0
75	7	0
91	96	0
81	10	0
80	75	0
61	6	0
86	32	0
84	45	0
54	36	0
13	79	0
54	87	0
62	80	0
19	55	0
6	41	0
34	97	0
10	66	0
42	0	0
29	50	0
13	63	0
43	30	0
4	38	0
96	52	0
52	23	0
7	48	0
27	86	0
78	72	0
1	0	0
90	67	0
17	66	0
62	46	0
29	57	0
93	47	0
55	38	0
1	12	0
2	52	0
23	61	0
96	67	0
69	50	0
99	59	0
6	58	0
69	63	0
10	77	0
3	21	0
86	60	0
28	61	0
38	13	0
36	31	0
9	83	0
33	88	0
2	5	1
78	46	0
73	61	0
76	62	0
75	79	0
41	76	0
45	22	0
1	69	0
49	72	0
41	47	0
58	53	0
87	8	0
