96	69	0
28	25	0
61	97	0
14	9	0
88	33	0
85	99	0
45	80	0
71	48	0
5	84	0
1	0	0
17	89	0
98	47	0
73	76	0
32	36	0
82	91	0
98	43	0
43	96	0
40	79	1
62	75	0
46	17	0
77	71	0
83	88	0
79	87	0
4	26	0
81	13	0
71	71	0
30	97	0
82	23	0
68	92	0
50	64	0
77	81	0
98	53	0
98	21	0
21	73	1
85	84	0
14	73	1
35	2	0
6	75	1
39	86	0
75	45	0
29	11	0
99	84	0
85	87	0
95	17	0
97	17	0
19	36	0
63	88	0
8	81	0
89	1	0
61	98	0
3	30	0
80	85	0
90	31	0
29	83	1
57	93	0
85	21	0
26	84	1
33	91	1
28	8	0
95	5	0
77	33	0
43	82	0
84	27	0
56	51	0
83	27	0
11	97	0
44	81	0
97	65	0
70	99	0
8	62	0
47	89	0
94	51	0
73	20	1
47	38	0
31	7	0
72	57	0
8	83	0
94	26	0
43	68	0
89	56	0
87	0	0
77	98	0
73	85	0
7	30	0
68	80	0
85	70	0
79	45	0
20	96	0
69	40	0
91	54	0
91	29	0
98	37	0
14	54	0
3	17	0
95	56	0
52	86	0
49	61	1
42	78	0
57	91	0
73	33	0
71	68	0
82	77	0
81	64	0
25	19	0
15	13	0
77	53	0
96	0	0
23	97	0
27	41	0
69	73	0
58	82	0
55	80	0
40	2	0
52	82	0
67	79	0
82	57	0
20	93	0
89	84	0
1	75	0
20	51	0
75	84	0
92	73	0
46	68	0
62	41	0
89	40	0
25	92	0
57	76	0
20	45	0
54	85	0
37	29	0
93	83	0
29	98	0
90	3	0
79	36	0
66	89	0
66	81	0
59	72	0
27	36	0
23	67	0
60	92	0
82	68	0
42	90	0
53	88	0
71	15	0
40	93	0
28	22	0
80	65	0
62	44	0
73	68	0
79	35	0
14	91	0
58	51	0
92	37	0
60	36	0
49	22	0
90	29	0
60	76	0
77	97	0
85	69	0
94	22	0
97	34	0
98	70	0
30	88	1
66	77	0
52	94	0
81	22	0
16	87	0
96	7	0
21	45	0
28	90	1
24	93	0
82	73	0
74	79	0
89	50	0
85	52	0
45	84	0
89	62	0
56	4	0
41	28	0
82	43	0
33	72	0
64	79	0
76	67	0
81	6	0
95	50	0
99	33	0
71	61	0
71	86	0
58	8	0
8	94	0
5	92	0
95	64	0
73	60	0
84	11	0
98	75	0
21	13	0
30	94	0
52	91	0
89	4	0
85	2	0
98	33	0
75	29	0
72	43	0
5	5	0
19	89	0
46	89	0
51	64	1
91	46	0
68	94	0
98	84	0
70	37	0
75	80	0
74	21	1
10	7	0
29	7	0
35	23	0
86	38	0
81	20	0
7	48	0
26	23	0
89	80	0
93	70	0
79	19	0
97	11	0
63	1	0
80	14	1
37	18	0
97	89	0
26	85	0
0	95	0
34	35	0
74	41	0
66	66	0
61	80	0
86	87	0
68	24	0
72	81	0
99	37	0
84	66	0
66	50	0
94	70	0
63	15	0
96	10	0
29	47	0
67	99	0
98	35	0
24	85	1
98	37	0
74	96	0
97	33	0
63	16	0
52	50	0
60	90	0
77	89	0
19	88	0
93	86	0
0	96	0
91	5	0
93	16	0
56	83	0
12	99	0
77	40	0
93	68	0
27	0	0
47	91	0
39	79	1
56	75	0
2	26	0
90	32	0
99	4	0
79	95	0
15	21	0
71	31	0
68	81	0
8	27	0
43	87	0
82	50	0
25	91	1
86	7	0
81	14	0
91	65	0
14	81	0
66	19	0
87	91	0
32	95	0
63	58	0
5	34	0
61	86	0
61	50	0
92	46	0
78	50	0
73	56	0
5	38	0
91	67	0
25	94	0
88	59	0
9	96	0
81	87	0
38	18	0
72	64	0
64	91	0
53	96	0
86	57	0
73	1	0
1	74	0
70	43	0
26	98	0
86	28	0
91	42	0
72	30	0
84	73	0
44	96	0
59	97	0
28	94	0
99	84	0
71	83	0
20	3	0
7	82	0
78	83	0
59	89	0
62	58	1
69	32	0
82	62	0
96	7	0
87	8	0
93	84	0
65	81	0
81	22	0
87	12	0
70	90	0
33	97	0
81	9	0
95	0	0
73	27	0
9	57	0
15	96	0
15	95	0
89	82	0
85	99	0
79	93	0
86	68	0
76	75	0
7	95	0
16	73	1
31	21	0
3	6	0
45	37	0
93	23	0
80	39	0
66	62	0
58	13	0
84	81	0
66	78	0
85	57	0
75	61	0
22	7	0
97	39	0
64	94	0
44	38	0
21	90	0
71	98	0
96	70	0
30	83	1
20	77	0
40	68	0
69	72	0
51	99	0
10	44	0
80	69	0
91	48	0
89	67	0
34	77	0
65	83	0
90	16	0
82	9	0
8	84	0
35	95	0
89	74	0
72	72	0
1	94	0
13	79	0
79	94	0
32	24	0
3	79	0
69	89	0
57	65	0
82	85	0
5	84	0
74	45	0
20	4	0
53	91	0
7	93	0
4	12	0
88	64	0
87	12	0
77	24	0
79	14	1
11	21	0
14	57	0
73	35	0
64	74	0
33	88	1
57	57	1
89	79	0
83	41	0
75	79	0
61	56	1
71	83	0
2	66	0
81	58	0
60	33	0
94	44	0
90	92	0
83	72	0
69	58	1
59	55	1
45	78	0
99	73	0
91	8	0
52	77	0
2	99	0
66	28	0
67	14	0
78	18	1
29	64	1
73	14	1
80	25	0
26	30	0
59	93	0
65	60	0
38	86	0
69	95	0
86	59	0
85	29	0
83	69	0
88	92	0
94	46	0
86	94	0
34	87	0
72	77	0
82	45	0
48	89	0
86	86	0
76	70	0
92	27	0
53	73	0
79	21	0
58	43	0
88	88	0
86	54	0
18	87	0
32	92	1
83	29	0
79	31	0
92	43	0
85	9	0
93	84	0
84	16	0
80	38	0
11	85	0
19	72	1
16	95	0
51	31	0
33	63	0
49	85	0
65	0	0
10	92	0
78	50	0
18	8	0
22	60	0
76	70	0
71	61	0
83	65	0
83	47	0
70	66	0
83	50	0
5	43	0
99	86	0
67	60	0
50	94	0
4	69	1
91	17	0
50	95	0
22	88	0
98	42	0
67	30	0
20	12	0
28	37	0
13	64	1
81	54	0
93	33	0
26	13	0
50	9	0
49	76	0
96	83	0
17	5	0
45	80	0
64	29	0
90	67	0
73	66	0
62	85	0
14	47	0
99	44	0
92	65	0
7	86	0
30	89	1
1	97	0
55	35	0
87	19	0
9	21	0
89	32	0
77	15	0
46	33	0
13	98	0
60	84	0
17	76	1
26	24	0
24	94	0
57	56	1
81	44	0
62	82	0
18	91	0
72	39	0
10	0	0
85	58	0
50	62	1
85	29	0
81	30	0
69	28	0
54	89	0
37	97	0
83	41	0
61	97	0
70	60	0
81	42	0
61	94	0
90	39	0
93	97	0
85	83	0
54	86	0
89	15	0
74	76	0
64	28	0
27	90	1
87	57	0
86	95	0
83	10	0
99	97	0
80	25	0
82	66	0
14	90	0
80	97	0
73	78	0
7	14	0
14	97	0
12	73	1
85	29	0
24	96	0
52	83	0
79	37	0
76	49	0
19	98	0
81	40	0
90	58	0
76	45	0
90	30	0
4	89	0
13	6	0
62	77	0
17	58	0
30	8	0
0	94	0
99	51	0
80	92	0
90	54	0
86	79	0
73	48	0
3	77	0
78	24	0
97	38	0
