92	64	0
33	0	0
34	35	0
60	98	0
17	8	0
98	41	0
97	90	0
50	11	0
55	75	0
57	21	0
89	50	0
2	87	0
13	0	0
26	82	0
96	25	0
75	77	0
54	39	0
17	54	0
86	58	0
97	9	0
47	94	0
58	66	0
71	87	0
53	7	0
30	77	0
46	13	0
88	72	0
66	88	0
89	78	0
0	32	0
54	14	0
41	19	0
91	31	0
25	55	0
82	67	0
16	90	0
31	98	0
90	21	0
79	84	0
43	4	0
29	69	0
88	65	0
94	71	0
53	60	0
97	46	0
7	78	0
65	4	0
99	65	0
15	68	0
73	12	0
14	78	0
64	91	0
31	73	0
99	73	0
44	38	0
34	23	0
89	84	0
97	98	0
98	5	0
17	99	0
99	12	0
32	6	0
69	76	0
36	4	0
6	95	0
88	9	0
35	77	0
63	93	0
42	61	0
3	32	0
69	87	0
14	60	0
95	32	0
29	84	0
58	98	0
65	32	0
31	98	0
61	96	0
5	18	0
98	8	0
94	23	0
46	68	0
83	40	0
91	58	0
49	15	0
32	6	0
67	49	0
10	97	0
47	1	0
50	75	0
44	2	0
56	35	0
81	32	0
31	63	0
76	41	0
4	59	0
79	92	0
0	88	0
36	99	0
93	57	0
67	12	0
39	71	0
39	65	0
64	4	0
67	50	0
4	67	0
32	4	0
10	38	0
36	44	0
62	81	0
42	43	0
14	97	0
81	16	0
43	88	0
75	68	0
99	9	0
76	91	0
50	77	0
39	20	0
62	98	0
94	70	0
77	62	0
20	94	0
64	29	0
30	13	0
18	43	1
75	12	0
8	59	0
98	68	0
97	19	0
79	44	0
42	49	0
58	6	0
79	71	0
22	20	0
37	28	0
99	61	0
37	38	0
62	81	0
61	83	0
48	26	0
41	43	0
59	35	0
12	44	0
29	44	1
18	52	0
81	91	0
49	56	0
38	99	0
76	43	0
76	66	0
54	70	0
89	63	0
21	21	0
56	52	0
17	12	0
15	72	0
34	63	0
91	35	0
38	44	0
88	8	0
41	86	0
55	24	0
41	48	0
77	77	0
30	70	0
53	70	0
40	83	0
40	45	0
36	15	0
59	18	0
40	83	0
26	62	0
77	80	0
89	64	0
33	96	0
96	72	0
26	47	0
25	72	0
50	72	0
51	53	0
25	16	0
76	85	0
93	78	0
53	67	0
59	32	0
2	47	0
58	2	0
75	50	0
63	23	0
78	19	0
22	49	0
3	50	0
45	50	0
70	29	0
38	64	0
82	26	0
45	94	0
27	72	0
42	27	0
80	79	0
41	54	0
37	7	0
25	82	0
57	2	0
91	83	0
53	92	0
91	3	0
7	77	0
18	67	0
93	26	0
47	85	0
27	38	0
60	68	0
53	62	0
43	62	0
19	71	0
22	61	0
68	1	0
11	61	0
62	81	0
95	43	0
40	89	0
81	61	0
72	16	0
51	66	0
19	86	0
33	99	0
46	30	0
72	32	0
85	54	0
65	42	0
67	64	0
7	40	0
55	20	0
15	91	0
58	53	0
73	38	0
68	28	0
53	8	0
12	51	0
89	22	0
35	11	0
65	68	0
60	79	0
70	43	0
94	40	0
97	1	0
1	43	0
95	77	0
24	97	0
94	81	0
30	93	0
65	30	0
75	27	0
16	84	0
80	25	0
31	64	0
26	75	0
47	7	0
28	99	0
74	92	0
71	88	0
90	49	0
98	68	0
17	96	0
33	73	0
72	4	0
74	48	0
31	23	0
33	1	0
53	15	0
53	53	0
81	47	0
35	52	0
34	45	0
36	68	0
71	91	0
87	64	0
59	83	0
82	6	0
90	43	0
65	12	0
21	37	0
75	40	0
76	51	0
74	69	0
11	41	0
35	62	0
66	19	0
16	89	0
33	83	0
21	76	0
86	71	0
52	15	0
31	4	0
33	56	0
82	75	0
61	8	0
77	91	0
15	4	0
49	97	0
7	69	0
46	97	0
42	36	0
1	52	0
71	34	0
72	11	0
53	15	0
84	9	0
41	61	0
12	58	0
71	23	0
86	62	0
6	6	0
2	67	0
34	93	0
8	86	0
41	95	0
53	69	0
58	44	0
69	6	0
46	79	0
42	65	0
85	98	0
33	29	1
6	54	0
24	43	0
64	45	0
74	79	0
30	25	1
82	31	0
32	6	0
50	7	0
52	19	0
36	46	0
76	64	0
73	13	0
9	43	0
39	15	0
49	62	0
38	32	0
27	48	0
91	77	0
76	54	0
15	45	0
64	37	0
92	9	0
61	10	0
61	23	0
43	40	0
34	32	0
3	74	0
63	83	0
27	70	0
26	98	0
31	84	0
53	10	0
41	39	0
98	44	0
80	45	0
4	61	0
82	71	0
72	80	0
81	25	0
83	87	0
83	3	0
73	60	0
78	61	0
32	31	1
66	47	0
28	43	1
92	76	0
69	6	0
98	22	0
29	51	0
43	96	0
67	76	0
82	16	0
14	67	0
98	33	0
62	96	0
83	23	0
71	31	0
44	54	0
57	36	0
32	54	0
58	88	0
82	33	0
37	26	0
72	84	0
27	58	0
24	99	0
96	96	0
48	33	0
3	92	0
53	50	0
99	9	0
77	33	0
15	72	0
64	46	0
35	27	1
55	42	0
10	99	0
88	23	0
48	8	0
91	43	0
52	50	0
25	88	0
19	7	0
58	60	0
55	94	0
7	49	0
36	84	0
31	85	0
48	26	0
24	84	0
12	36	0
67	8	0
74	23	0
83	3	0
92	92	0
24	64	0
49	18	0
84	10	0
81	59	0
67	85	0
1	25	0
65	91	0
96	62	0
32	86	0
75	0	0
53	59	0
72	22	0
68	6	0
42	25	0
45	15	0
99	10	0
87	40	0
13	91	0
76	11	0
90	95	0
24	92	0
96	68	0
43	47	0
14	26	0
79	99	0
64	41	0
5	96	0
69	33	0
80	39	0
72	45	0
86	68	0
24	59	0
87	60	0
36	92	0
90	75	0
29	92	0
91	82	0
45	30	0
59	69	0
59	95	0
44	69	0
59	96	0
71	51	0
36	55	0
41	66	0
88	5	0
4	93	0
99	54	0
23	88	0
46	72	0
49	76	0
86	45	0
33	51	0
42	17	0
87	58	0
60	12	0
85	94	0
50	89	0
47	46	0
53	17	0
33	41	0
55	89	0
42	17	0
40	68	0
86	71	0
41	11	0
96	91	0
66	7	0
5	11	0
45	35	0
20	66	0
43	2	0
11	72	0
93	83	0
62	78	0
64	42	0
61	5	0
45	68	0
41	56	0
91	56	0
88	10	0
5	70	0
81	7	0
52	70	0
57	28	0
37	16	0
32	64	0
84	79	0
34	71	0
40	78	0
74	36	0
15	47	0
71	33	0
42	61	0
64	94	0
25	98	0
93	12	0
98	24	0
71	15	0
24	79	0
29	98	0
27	88	0
69	45	0
77	78	0
79	90	0
4	36	0
71	37	0
72	81	0
73	63	0
61	76	0
13	80	0
18	71	0
36	17	0
52	16	0
9	37	0
44	52	0
33	50	0
85	31	0
88	40	0
78	9	0
71	49	0
52	53	0
21	50	0
47	29	0
89	80	0
50	98	0
84	59	0
36	62	0
37	94	0
80	54	0
30	53	0
80	25	0
29	39	1
29	11	0
95	51	0
77	95	0
54	48	0
6	48	0
45	8	0
53	55	0
42	84	0
29	25	1
79	87	0
94	60	0
7	83	0
70	44	0
10	57	0
69	52	0
40	67	0
53	50	0
40	79	0
64	66	0
5	58	0
69	64	0
70	44	0
81	52	0
37	67	0
64	83	0
46	6	0
92	24	0
56	39	0
94	2	0
14	84	0
37	78	0
84	65	0
20	51	0
79	73	0
15	92	0
14	82	0
83	88	0
47	34	0
0	65	0
69	95	0
49	67	0
94	64	0
23	98	0
90	32	0
17	5	0
35	72	0
27	79	0
33	13	0
16	49	0
13	20	0
84	72	0
98	17	0
55	10	0
71	39	0
89	21	0
26	5	0
30	68	0
88	32	0
4	64	0
53	85	0
3	50	0
29	77	0
76	56	0
55	99	0
75	51	0
63	83	0
68	62	0
45	54	0
76	74	0
6	78	0
50	36	0
25	81	0
86	49	0
73	25	0
96	66	0
98	95	0
90	83	0
43	75	0
71	39	0
56	62	0
33	22	0
34	14	0
34	67	0
6	43	0
64	8	0
62	77	0
80	81	0
94	3	0
16	47	0
60	85	0
19	89	0
55	8	0
59	35	0
65	24	0
50	23	0
39	15	0
78	10	0
37	98	0
72	19	0
33	96	0
99	19	0
17	47	1
43	62	0
71	39	0
80	99	0
72	70	0
40	69	0
63	94	0
84	63	0
91	45	0
12	59	0
86	78	0
78	97	0
12	66	0
99	41	0
30	68	0
97	85	0
49	91	0
29	18	0
72	69	0
92	51	0
54	76	0
68	77	0
93	66	0
73	42	0
26	59	0
0	59	0
66	79	0
71	30	0
53	46	0
52	7	0
34	24	0
93	74	0
17	59	0
32	40	1
67	27	0
43	2	0
54	18	0
12	89	0
11	60	0
6	76	0
69	47	0
92	21	0
87	35	0
91	0	0
63	93	0
6	57	0
63	30	0
55	49	0
40	85	0
96	20	0
61	59	0
29	84	0
21	87	0
41	69	0
30	93	0
29	7	0
70	74	0
43	19	0
39	73	0
47	45	0
5	41	0
74	63	0
64	13	0
32	84	0
99	55	0
26	53	0
20	34	0
16	67	0
81	59	0
71	59	0
43	47	0
92	69	0
99	65	0
57	46	0
68	17	0
79	63	0
79	30	0
10	47	0
81	81	0
53	33	0
14	69	0
4	90	0
29	92	0
29	57	0
90	22	0
3	52	0
54	92	0
3	88	0
85	62	0
48	36	0
90	34	0
16	15	0
37	34	0
70	17	0
33	80	0
47	50	0
95	63	0
90	33	0
4	3	0
1	42	0
52	11	0
1	48	0
78	7	0
54	74	0
29	29	0
89	90	0
2	13	0
37	97	0
96	42	0
39	3	0
89	94	0
52	61	0
65	57	0
34	33	0
93	34	0
90	86	0
11	61	0
8	76	0
10	47	0
20	77	0
15	82	0
66	25	0
35	57	0
20	89	0
37	18	0
65	18	0
36	64	0
62	51	0
46	12	0
35	70	0
34	26	1
92	16	0
0	34	0
75	41	0
94	15	0
45	54	0
32	21	0
50	2	0
20	97	0
46	70	0
44	65	0
27	13	0
22	96	0
17	81	0
65	47	0
95	37	0
28	32	1
29	68	0
91	98	0
56	27	0
68	67	0
57	90	0
9	92	0
86	40	0
52	58	0
15	27	0
90	70	0
52	51	0
98	14	0
66	9	0
83	25	0
63	94	0
51	48	0
43	40	0
65	23	0
45	4	0
48	88	0
54	77	0
18	58	0
79	35	0
52	92	0
89	36	0
92	56	0
37	78	0
35	64	0
89	25	0
48	48	0
70	10	0
98	97	0
73	72	0
45	75	0
69	45	0
73	89	0
9	76	0
49	14	0
10	92	0
10	65	0
49	64	0
73	83	0
68	13	0
98	90	0
95	11	0
98	94	0
62	5	0
80	27	0
69	65	0
61	38	0
21	77	0
45	86	0
68	84	0
27	44	1
9	32	0
20	85	0
9	79	0
40	14	0
41	48	0
16	54	0
0	51	0
90	43	0
43	21	0
11	68	0
34	83	0
63	94	0
95	45	0
4	66	0
75	36	0
38	67	0
83	49	0
69	33	0
5	48	0
26	56	0
91	42	0
68	59	0
82	51	0
8	65	0
68	52	0
2	80	0
2	2	0
89	68	0
9	59	0
26	5	0
35	26	0
3	99	0
16	80	0
89	45	0
77	72	0
83	58	0
84	79	0
50	66	0
63	35	0
5	71	0
42	70	0
31	60	0
67	44	0
89	8	0
