84	66	0
36	25	0
58	96	1
15	13	0
91	43	0
89	87	0
70	42	0
7	78	0
0	5	0
13	88	0
76	33	0
77	77	0
30	33	0
64	75	0
93	53	0
65	71	0
39	36	0
93	84	0
97	81	0
71	88	0
8	21	0
71	80	0
75	32	0
58	80	1
52	68	0
65	82	0
93	53	0
96	27	0
89	80	0
39	0	0
82	32	0
31	19	0
98	68	0
91	75	0
85	9	0
19	35	0
57	81	0
6	88	0
62	95	1
21	34	0
71	75	0
92	46	0
50	83	0
4	20	0
84	16	0
62	31	0
52	41	0
79	39	0
82	68	0
55	98	1
17	61	0
99	56	0
47	32	0
34	10	0
59	57	0
4	88	0
94	21	0
43	65	0
85	62	0
98	8	0
78	89	0
67	77	0
8	21	0
71	83	0
87	63	0
82	43	0
58	46	0
83	42	0
86	33	0
90	39	0
24	57	0
15	23	0
86	72	0
57	97	1
36	83	0
56	98	1
81	46	0
59	66	0
81	74	0
80	74	0
26	14	0
10	13	0
85	65	0
94	5	0
12	52	0
78	80	0
57	77	0
58	79	1
51	15	0
74	84	0
75	59	0
9	89	0
95	98	0
3	94	1
17	61	0
93	87	0
91	71	0
58	86	0
66	53	0
93	32	0
55	57	0
16	54	0
56	16	0
84	88	0
72	5	0
80	46	0
80	92	0
52	67	0
68	79	0
16	21	0
73	96	0
59	98	1
34	81	0
30	33	0
57	35	0
65	82	0
67	43	0
11	95	1
96	28	0
51	26	0
73	71	0
73	91	0
84	65	0
99	24	0
91	86	0
74	80	0
55	75	0
12	74	1
14	49	0
69	69	0
71	75	0
88	60	0
90	46	0
89	66	0
63	17	0
39	30	0
79	55	0
29	84	0
56	93	1
86	74	0
97	46	0
95	25	0
73	60	1
59	95	1
63	15	0
0	93	0
1	99	1
94	56	0
89	82	0
15	17	0
91	14	0
90	24	0
83	29	0
15	10	0
32	81	0
89	49	0
72	95	0
87	84	0
70	36	0
52	89	0
0	9	0
38	16	0
50	29	0
65	39	0
0	57	0
43	7	0
92	76	0
96	51	0
61	3	0
31	9	0
98	87	0
30	66	0
9	97	1
30	33	0
63	49	0
74	65	0
54	78	0
83	79	0
76	29	0
79	83	0
83	33	0
91	75	0
47	33	0
97	74	0
61	14	0
35	58	0
76	92	0
89	46	0
87	47	0
81	87	0
89	46	0
36	54	0
53	91	1
72	84	0
24	75	0
85	78	0
1	93	0
84	33	0
93	66	0
39	6	0
47	50	0
16	16	0
90	33	0
65	82	0
16	28	0
76	37	0
78	80	0
17	34	0
82	44	0
81	8	0
99	66	0
70	26	0
96	93	0
18	38	0
76	52	0
88	41	0
63	56	0
3	56	0
94	75	0
96	58	0
17	85	0
76	83	0
42	14	0
68	61	1
52	98	1
77	93	0
96	39	0
61	10	0
66	46	0
73	31	0
92	58	0
65	32	1
90	82	0
92	82	0
79	95	0
10	11	0
5	76	0
77	94	0
65	94	0
46	10	0
83	51	0
91	9	0
96	80	0
56	70	0
64	70	0
98	7	0
87	39	0
11	42	0
3	99	1
84	83	0
96	99	0
91	90	0
74	67	0
65	82	0
11	86	0
30	24	0
1	13	0
41	42	0
84	38	0
61	54	0
62	9	0
77	91	0
80	74	0
80	42	0
73	62	1
30	16	0
95	45	0
65	89	0
61	30	0
63	83	0
94	57	0
8	52	0
52	80	0
54	79	1
0	44	0
66	78	0
98	43	0
90	68	0
88	30	0
98	65	0
65	64	0
7	96	0
82	96	0
16	22	0
12	85	0
60	77	0
66	60	1
89	99	0
4	80	0
79	56	0
11	7	0
12	86	0
8	13	0
89	60	0
16	26	0
5	32	0
82	32	0
67	73	0
94	79	0
84	50	0
80	76	0
72	83	0
1	78	0
94	64	0
60	28	0
95	34	0
74	91	0
76	68	0
42	86	0
94	73	0
39	74	0
2	95	0
76	38	0
30	40	0
56	84	0
36	68	0
60	94	1
91	52	0
86	30	0
69	69	0
98	76	0
91	46	0
95	99	0
90	67	0
66	22	0
79	81	0
82	63	0
99	30	0
49	60	0
68	32	1
89	87	0
84	62	0
21	74	0
90	36	0
88	43	0
87	40	0
99	81	0
77	51	0
0	90	0
18	96	1
38	30	0
25	70	0
61	11	0
2	88	0
82	47	0
12	14	0
18	52	0
62	67	0
74	82	0
74	57	0
65	40	0
80	41	0
15	42	0
91	76	0
59	91	1
80	13	0
12	87	0
97	54	0
21	14	0
25	34	0
69	47	0
94	33	0
15	2	0
39	1	0
54	63	0
94	88	0
25	4	0
59	1	0
91	83	0
54	87	0
24	52	0
94	46	0
83	64	0
8	95	1
9	92	0
48	33	0
95	42	0
22	33	0
83	30	0
78	11	0
35	32	0
25	38	0
82	40	0
59	92	1
82	42	0
15	12	0
92	56	0
76	45	0
84	22	1
62	97	1
74	45	0
51	96	0
55	51	0
68	38	0
46	90	1
85	48	0
97	92	0
90	85	0
70	71	0
73	30	0
95	48	0
88	97	0
96	98	0
78	26	1
81	71	0
83	95	0
52	77	0
2	13	0
29	93	0
85	38	0
77	29	0
87	49	0
75	50	0
94	65	0
88	36	0
15	73	0
10	9	0
46	87	0
28	71	0
39	1	0
5	79	0
92	45	0
93	85	0
85	50	0
93	96	0
98	37	0
