99	69	0
21	15	0
56	95	0
4	2	0
92	40	0
98	97	0
45	81	0
57	25	0
82	56	0
3	88	0
0	10	0
18	99	0
99	35	0
66	76	0
39	33	0
83	68	0
95	20	0
57	99	0
37	71	0
82	65	0
51	15	0
26	84	0
56	19	1
87	66	0
82	81	0
84	81	0
9	23	0
48	38	0
86	23	0
82	64	0
11	77	0
32	96	0
85	11	0
65	92	0
36	9	1
50	68	0
81	70	0
96	69	0
65	59	0
97	31	0
15	70	0
64	6	1
95	71	0
18	75	0
54	0	0
8	77	0
34	96	0
26	64	1
83	53	0
50	34	0
32	14	0
99	87	0
90	99	0
88	14	0
34	89	0
98	10	0
22	19	0
75	88	0
2	96	0
83	8	0
22	68	0
67	88	0
42	62	0
13	25	0
73	80	0
86	36	0
21	93	0
49	95	0
69	26	0
30	96	0
47	91	0
19	15	0
96	16	0
77	27	0
49	76	0
87	35	0
81	65	0
57	8	1
67	40	0
3	99	0
69	4	0
51	77	0
57	30	1
81	11	0
88	58	0
5	55	0
75	89	0
7	76	0
33	95	0
99	56	0
79	28	0
33	69	0
32	67	1
76	2	0
68	48	0
13	75	0
35	3	0
67	69	0
51	31	0
2	99	0
96	25	0
41	79	0
77	69	0
88	2	0
63	86	0
60	82	0
5	26	0
59	86	0
94	86	0
81	53	0
24	87	0
69	33	0
79	3	0
99	61	0
86	31	0
97	51	0
29	49	0
55	10	1
55	64	0
11	23	0
50	34	0
86	62	0
51	79	0
62	73	0
60	16	0
49	37	0
56	22	1
64	79	0
45	59	0
43	97	0
74	39	0
62	70	0
54	75	0
94	54	0
26	12	0
46	34	0
18	22	0
15	77	0
27	60	0
78	50	0
54	36	0
87	6	0
29	81	0
56	22	1
27	39	0
69	78	0
27	67	0
58	60	0
46	77	0
41	49	1
42	1	0
52	18	1
40	88	0
25	65	0
73	75	0
94	68	0
20	95	0
86	71	0
29	53	0
21	68	0
53	73	0
45	49	1
19	34	0
77	78	0
95	82	0
42	67	0
77	48	0
5	38	1
57	48	0
54	19	1
69	17	0
41	57	1
51	19	1
32	71	0
97	34	0
24	94	0
27	63	1
70	88	0
46	50	1
21	23	0
38	78	0
51	13	0
94	96	0
28	87	0
99	5	0
19	77	0
98	29	0
59	99	0
70	83	0
63	59	0
30	54	0
11	68	0
57	5	0
69	91	0
96	51	0
41	90	0
65	72	0
84	20	0
53	76	0
39	83	0
35	84	0
25	20	0
67	22	0
82	53	0
52	44	0
77	69	0
69	24	0
22	91	0
57	65	0
91	36	0
74	42	0
48	6	0
1	35	1
89	32	0
76	80	0
68	98	0
75	56	0
96	29	0
89	16	0
2	36	1
87	76	0
34	98	0
81	88	0
41	99	0
37	38	0
88	35	0
26	98	0
88	24	0
19	53	0
31	85	0
51	15	1
23	93	0
74	89	0
78	79	0
92	60	0
95	51	0
25	86	0
42	75	0
83	9	0
86	57	0
42	4	0
33	26	0
41	53	1
75	41	0
25	54	0
37	46	0
25	75	0
76	98	0
94	56	0
56	72	0
95	2	0
92	36	0
63	10	1
94	50	0
68	48	0
67	77	0
1	35	1
43	62	0
72	25	0
9	83	0
25	61	0
9	91	0
92	60	0
44	5	1
80	65	0
86	5	0
97	80	0
24	1	0
40	97	0
23	69	0
58	95	0
41	30	0
77	15	0
86	10	0
59	17	1
91	12	0
53	49	0
74	26	0
81	56	0
5	3	0
3	56	1
31	99	0
21	74	0
56	95	0
41	68	0
83	43	0
65	7	1
48	84	0
53	62	0
94	92	0
60	38	0
65	90	0
79	19	0
26	10	0
48	0	0
46	22	1
29	25	0
90	56	0
74	12	0
18	44	0
20	26	0
39	52	1
46	34	0
95	74	0
90	66	0
65	29	0
87	9	0
67	11	0
77	12	0
48	40	0
42	23	0
9	73	0
83	91	0
48	88	0
8	99	0
34	48	0
50	35	0
77	38	0
67	49	0
79	77	0
83	86	0
73	25	0
71	80	0
69	8	0
80	57	0
74	54	0
65	53	0
94	76	0
73	13	0
89	18	0
20	44	0
62	95	0
64	71	0
78	19	0
17	79	0
94	45	0
60	98	0
97	26	0
64	29	0
35	56	0
55	49	0
32	69	1
61	82	0
74	31	0
76	76	0
17	86	0
93	94	0
2	78	0
51	54	1
98	1	0
88	27	0
42	70	0
53	52	0
70	44	0
18	91	0
73	31	0
92	59	0
47	31	0
34	93	0
31	12	0
41	46	1
54	93	0
36	87	0
38	80	0
16	70	0
13	23	0
72	6	0
74	34	0
97	8	0
82	96	0
33	69	1
31	27	0
73	9	0
59	44	0
67	96	0
5	21	0
47	88	0
90	48	0
29	79	0
74	2	0
41	65	0
63	20	0
58	13	1
82	20	0
87	45	0
9	82	0
74	12	0
80	98	0
31	96	0
87	68	0
9	32	0
65	94	0
66	41	0
11	76	0
63	22	0
88	44	0
78	47	0
75	62	0
14	49	0
97	53	0
18	93	0
98	59	0
20	94	0
84	88	0
39	25	0
74	75	0
58	92	0
47	43	1
58	96	0
80	48	0
43	48	1
24	64	0
84	4	0
2	77	0
77	56	0
22	96	0
42	50	1
44	66	0
79	28	0
23	56	0
52	32	0
89	56	0
72	22	0
80	87	0
44	97	0
39	56	1
40	45	0
66	99	0
59	20	1
38	89	0
91	88	0
88	75	0
74	8	0
23	2	0
42	34	0
33	57	0
3	78	0
83	81	0
65	82	0
66	50	0
69	16	0
38	67	0
35	73	0
84	56	0
92	1	0
15	70	0
79	9	0
59	59	0
57	27	1
36	7	1
38	39	0
86	90	0
24	77	0
54	91	0
74	16	0
76	15	0
46	58	0
60	84	0
25	96	0
95	24	0
83	11	0
79	27	0
12	65	0
17	99	0
14	84	0
56	31	1
70	88	0
76	94	0
4	37	0
62	57	0
76	92	0
75	60	0
66	65	0
22	92	0
9	80	0
41	28	0
10	22	0
45	37	0
29	48	0
97	36	0
83	46	0
64	10	1
63	37	0
58	47	0
39	26	0
94	74	0
50	78	0
80	51	0
29	60	1
42	98	0
78	56	0
24	10	0
95	50	0
65	86	0
38	30	0
50	57	0
29	97	0
61	95	0
88	66	0
24	83	0
60	45	0
1	75	0
57	49	0
47	70	0
67	49	0
57	71	0
59	89	0
9	51	0
60	55	0
83	47	0
79	61	0
38	74	0
71	88	0
46	29	0
98	23	0
57	48	0
92	9	0
6	78	0
54	89	0
88	71	0
73	71	0
18	93	0
7	66	0
78	90	0
36	29	0
4	87	0
71	99	0
56	62	0
87	65	0
20	89	0
76	47	0
19	2	0
51	94	0
23	87	0
7	15	0
88	56	0
88	23	0
79	27	0
77	17	0
19	13	0
25	54	0
80	30	0
1	77	0
61	73	0
3	42	1
25	74	0
65	50	0
69	96	0
65	39	0
70	84	0
76	51	0
76	81	0
2	82	0
50	47	0
31	80	0
68	55	0
58	45	0
92	44	0
99	98	0
84	98	0
52	58	0
75	55	0
68	68	0
67	3	0
67	80	0
86	76	0
89	10	0
55	81	0
5	99	0
49	38	0
68	39	0
67	32	0
72	21	0
19	78	0
77	21	0
32	66	1
90	15	0
38	59	0
48	30	0
59	95	0
69	76	0
49	82	0
71	88	0
83	65	0
83	47	0
96	65	0
76	94	0
99	45	0
38	64	0
87	81	0
42	74	0
79	81	0
99	52	0
46	88	0
87	73	0
87	53	0
80	30	0
41	48	1
2	63	0
51	80	0
74	18	0
67	29	0
82	84	0
67	46	0
12	86	0
21	88	0
64	44	0
85	24	0
85	48	0
98	1	0
83	96	0
57	39	0
35	79	0
93	22	0
66	48	0
30	78	0
16	97	0
29	74	0
10	83	0
60	59	0
43	27	0
44	75	0
46	50	1
69	75	0
72	13	0
21	84	0
92	49	0
18	22	0
14	76	0
74	62	0
70	47	0
42	61	0
93	47	0
85	51	0
76	53	0
54	12	1
56	67	0
81	48	0
1	27	0
98	79	0
58	46	0
42	87	0
5	77	0
21	87	0
32	57	0
91	26	0
56	93	0
5	96	0
98	68	0
56	28	1
79	21	0
23	16	0
32	29	0
74	9	0
18	72	0
86	50	0
90	34	0
8	5	0
2	37	1
70	15	0
38	83	0
99	87	0
1	9	0
48	90	0
83	33	0
95	82	0
44	63	0
66	71	0
27	37	0
94	38	0
90	65	0
20	73	0
19	86	0
29	70	0
23	90	0
77	9	0
21	58	0
12	86	0
39	36	0
48	22	1
45	64	0
68	43	0
34	73	0
94	20	0
6	29	0
80	47	0
79	23	0
49	51	1
31	24	0
44	9	1
18	91	0
46	79	0
19	65	0
23	23	0
22	81	0
17	79	0
68	58	0
90	43	0
37	58	0
79	99	0
46	26	0
61	76	0
42	77	0
16	90	0
91	38	0
46	56	0
7	14	0
91	52	0
61	50	0
89	25	0
90	25	0
78	35	0
58	90	0
43	34	0
57	45	0
61	31	0
42	0	0
33	95	0
56	63	0
92	33	0
60	96	0
85	55	0
75	44	0
40	85	0
34	77	0
91	29	0
50	46	0
70	3	0
94	98	0
76	85	0
51	79	0
71	25	0
85	77	0
19	79	0
61	26	0
21	93	0
41	58	0
91	66	0
68	12	1
95	94	0
83	7	0
93	97	0
59	12	1
72	26	0
76	59	0
68	28	0
7	81	0
60	97	0
62	77	0
2	24	0
8	90	0
13	77	0
42	18	1
45	37	0
79	40	0
45	11	1
4	63	0
27	90	0
62	92	0
96	50	0
2	67	0
69	44	0
29	94	0
83	47	0
70	42	0
27	59	0
80	39	0
79	45	0
60	67	0
53	47	0
2	79	0
0	7	0
80	68	0
19	60	0
20	3	0
0	90	0
29	70	0
96	40	0
72	86	0
84	62	0
98	82	0
50	53	1
63	30	0
1	79	0
53	60	0
38	49	1
72	43	0
85	23	0
