0	23	1
94	60	0
54	14	0
44	22	0
50	93	0
2	44	0
86	33	0
94	74	0
7	11	0
47	13	0
66	89	0
43	38	0
70	47	0
2	92	0
31	9	0
16	55	0
96	2	0
82	80	0
68	33	0
33	59	0
99	54	0
97	0	0
44	79	0
70	78	0
81	90	0
78	3	0
22	95	0
64	16	0
73	72	0
68	88	0
95	58	0
2	42	0
30	25	0
47	17	0
80	17	0
51	49	0
87	78	0
10	98	0
71	68	0
93	18	0
81	96	0
42	14	0
34	60	0
65	58	0
96	56	0
56	86	0
93	48	0
18	97	0
27	45	0
63	12	0
91	43	0
26	66	0
62	6	0
33	84	0
64	97	0
27	68	0
92	66	0
51	14	0
37	58	0
79	75	0
99	87	0
76	11	0
24	96	0
89	4	0
51	12	0
89	62	0
46	23	0
10	88	0
87	5	0
31	82	0
88	76	0
59	50	0
21	32	0
95	74	0
23	37	0
27	46	0
85	39	0
23	12	0
10	39	0
44	84	0
68	97	0
69	21	0
47	99	0
73	93	0
4	11	0
11	29	0
91	11	0
88	15	0
52	49	0
86	35	0
23	33	0
78	52	0
48	52	0
34	7	0
33	7	0
69	50	0
22	79	0
51	1	0
45	82	0
41	2	0
32	27	0
88	34	0
50	64	0
56	46	0
18	80	0
70	76	0
0	81	0
42	94	0
84	46	0
66	18	0
54	81	0
5	47	0
64	6	0
51	73	0
4	81	0
45	5	0
21	57	0
18	32	0
90	81	0
9	31	1
38	25	0
1	1	0
37	95	0
89	6	0
60	59	0
8	34	0
73	80	0
95	20	0
62	59	0
50	83	0
30	19	0
62	92	0
14	16	0
74	81	0
65	55	0
27	94	0
82	34	0
40	38	0
20	21	0
69	8	0
11	6	0
0	79	0
13	8	0
93	85	0
96	12	0
83	39	0
54	61	0
65	11	0
85	87	0
4	3	0
37	15	0
16	3	0
83	72	0
39	37	0
91	72	0
86	81	0
52	29	0
55	36	0
75	52	0
0	49	0
26	74	0
14	59	0
92	77	0
47	61	0
36	92	0
89	43	0
71	73	0
59	82	0
22	38	0
98	77	0
3	43	0
30	34	0
17	24	0
23	74	0
29	66	0
94	23	0
52	31	0
78	9	0
42	78	0
67	21	0
57	37	0
73	74	0
24	48	0
69	60	0
34	98	0
31	62	0
28	1	0
69	24	0
23	95	0
7	81	0
63	79	0
80	49	0
18	84	0
15	50	0
84	69	0
25	53	0
31	75	0
37	85	0
56	38	0
31	3	0
18	46	0
77	85	0
91	87	0
60	91	0
70	12	0
9	56	0
62	9	0
62	23	0
58	23	0
75	16	0
27	63	0
6	76	0
49	64	0
67	38	0
29	71	0
79	23	0
56	90	0
34	73	0
22	14	0
88	79	0
33	80	0
46	6	0
3	84	0
83	24	0
92	75	0
75	87	0
86	28	0
4	78	0
19	83	0
92	44	0
63	71	0
38	45	0
44	76	0
70	70	0
47	65	0
19	78	0
37	65	0
66	6	0
4	58	0
66	96	0
66	40	0
24	86	0
87	66	0
40	11	0
37	60	0
13	74	0
40	92	0
63	27	0
71	16	0
20	38	0
96	58	0
63	43	0
74	44	0
14	93	0
55	13	0
19	79	0
66	68	0
62	55	0
69	59	0
57	3	0
26	8	0
10	52	0
82	52	0
51	14	0
75	56	0
45	85	0
61	47	0
96	30	0
90	11	0
15	58	0
84	68	0
22	85	0
18	19	0
98	52	0
39	95	0
46	37	0
53	1	0
14	98	0
68	38	0
40	56	0
33	73	0
45	4	0
18	80	0
81	85	0
86	76	0
62	32	0
89	71	0
15	88	0
43	41	0
64	0	0
70	18	0
34	25	0
56	4	0
54	16	0
52	35	0
63	33	0
30	49	0
22	48	0
57	43	0
70	69	0
91	88	0
44	98	0
72	9	0
92	57	0
69	10	0
13	55	0
16	13	0
91	36	0
57	29	0
75	72	0
16	45	0
50	66	0
60	21	0
31	94	0
31	82	0
44	75	0
95	48	0
49	27	0
51	3	0
27	45	0
86	49	0
73	3	0
65	93	0
28	0	0
65	89	0
5	75	0
40	77	0
31	26	0
8	52	0
10	15	0
86	12	0
27	35	0
79	17	0
39	7	0
3	11	0
85	13	0
24	67	0
25	43	0
91	26	0
82	55	0
12	34	0
23	40	0
0	49	0
37	87	0
14	78	0
7	5	0
35	92	0
52	62	0
42	17	0
10	14	0
52	31	0
46	86	0
39	71	0
86	99	0
31	31	0
19	56	0
31	45	0
57	68	0
73	97	0
51	9	0
71	8	0
29	7	0
44	11	0
52	2	0
17	58	0
80	58	0
66	2	0
26	49	0
59	0	0
55	58	0
43	58	0
34	59	0
79	84	0
72	48	0
23	64	0
52	46	0
20	15	0
98	10	0
47	1	0
62	27	0
55	26	0
17	44	0
11	70	0
59	74	0
9	78	0
40	99	0
28	84	0
38	27	0
41	35	0
90	61	0
62	33	0
12	70	0
72	77	0
5	21	1
64	89	0
29	30	0
65	19	0
73	92	0
74	1	0
96	64	0
75	47	0
40	29	0
36	39	0
34	38	0
90	76	0
14	20	0
65	23	0
82	5	0
9	49	0
41	83	0
73	76	0
79	7	0
1	60	0
94	44	0
57	96	0
10	13	0
68	0	0
55	59	0
37	62	0
61	47	0
19	37	0
55	41	0
70	81	0
59	52	0
39	30	0
73	71	0
20	44	0
19	79	0
76	82	0
47	17	0
4	77	0
72	19	0
87	24	0
71	40	0
16	60	0
70	19	0
23	28	0
63	45	0
16	99	0
67	50	0
53	5	0
85	54	0
37	29	0
28	71	0
41	10	0
80	40	0
2	6	0
60	98	0
15	94	0
28	34	0
51	66	0
60	27	0
9	95	0
12	46	0
17	41	0
54	10	0
94	37	0
69	23	0
87	99	0
34	66	0
22	25	0
35	20	0
44	26	0
94	11	0
56	57	0
80	79	0
32	41	0
61	97	0
74	58	0
43	75	0
80	0	0
71	48	0
76	11	0
65	18	0
42	20	0
30	28	0
94	8	0
62	25	0
1	75	0
95	3	0
96	89	0
6	92	0
6	29	1
89	66	0
41	47	0
35	3	0
90	83	0
80	63	0
25	98	0
70	32	0
78	40	0
90	60	0
8	21	1
84	75	0
34	78	0
78	75	0
25	99	0
98	69	0
34	46	0
21	84	0
98	83	0
36	34	0
31	36	0
70	68	0
66	97	0
46	74	0
14	13	0
44	80	0
60	64	0
37	60	0
35	75	0
85	21	0
13	95	0
81	48	0
24	79	0
37	65	0
38	76	0
92	33	0
33	32	0
19	53	0
3	18	0
70	41	0
96	71	0
56	19	0
79	90	0
73	96	0
31	37	0
45	17	0
25	49	0
25	77	0
8	20	1
36	33	0
49	70	0
65	91	0
34	29	0
74	87	0
54	31	0
35	12	0
69	39	0
22	72	0
50	12	0
13	56	0
99	86	0
58	98	0
43	54	0
75	7	0
48	65	0
5	23	1
5	22	1
43	48	0
96	57	0
90	0	0
5	64	0
75	6	0
86	87	0
71	25	0
33	3	0
28	70	0
82	72	0
33	82	0
52	81	0
83	20	0
17	75	0
60	18	0
59	77	0
60	94	0
36	88	0
97	11	0
95	18	0
68	13	0
42	92	0
11	93	0
0	88	0
76	60	0
76	57	0
89	65	0
9	48	0
87	48	0
61	58	0
9	17	0
79	68	0
65	69	0
21	44	0
9	69	0
43	28	0
39	40	0
10	61	0
62	48	0
47	50	0
96	41	0
74	31	0
81	1	0
75	39	0
49	87	0
0	30	1
15	15	0
22	46	0
70	47	0
99	83	0
73	73	0
98	79	0
22	45	0
55	72	0
57	39	0
32	63	0
78	43	0
7	27	1
21	70	0
41	25	0
77	63	0
64	98	0
49	55	0
11	18	1
25	63	0
34	9	0
86	63	0
24	76	0
46	33	0
85	82	0
97	85	0
12	97	0
42	52	0
15	78	0
77	77	0
37	51	0
54	57	0
44	79	0
75	70	0
27	30	0
18	64	0
92	76	0
77	61	0
92	57	0
35	81	0
60	81	0
65	29	0
28	25	0
89	28	0
41	28	0
93	3	0
21	87	0
23	24	0
2	12	0
37	98	0
92	67	0
22	39	0
95	54	0
17	99	0
16	68	0
29	0	0
98	94	0
20	24	0
6	84	0
69	98	0
42	60	0
80	71	0
23	79	0
90	28	0
25	24	0
37	80	0
26	73	0
34	23	0
23	39	0
15	34	0
95	67	0
85	17	0
50	13	0
72	7	0
87	50	0
33	13	0
46	28	0
92	33	0
7	54	0
45	87	0
13	51	0
17	83	0
73	57	0
43	95	0
61	50	0
71	80	0
40	27	0
93	75	0
35	64	0
90	44	0
12	71	0
68	47	0
25	61	0
70	31	0
4	26	1
62	37	0
86	75	0
90	87	0
87	97	0
22	85	0
20	42	0
45	51	0
45	62	0
34	27	0
25	9	0
36	61	0
8	51	0
61	3	0
74	83	0
86	53	0
93	5	0
9	51	0
6	0	0
77	96	0
8	79	0
51	27	0
53	34	0
76	14	0
22	1	0
50	9	0
14	39	0
0	35	0
53	15	0
50	4	0
0	25	1
28	81	0
56	24	0
34	97	0
80	0	0
31	42	0
53	65	0
68	19	0
94	60	0
59	69	0
44	63	0
48	94	0
82	93	0
20	14	0
94	60	0
19	61	0
86	66	0
56	89	0
15	34	0
19	57	0
96	39	0
26	78	0
91	97	0
69	81	0
44	4	0
38	62	0
77	55	0
38	88	0
75	45	0
92	75	0
74	27	0
11	62	0
11	65	0
89	94	0
69	35	0
61	64	0
59	5	0
18	21	0
75	67	0
33	34	0
13	64	0
33	51	0
49	47	0
33	13	0
60	30	0
7	86	0
19	43	0
8	58	0
4	51	0
80	62	0
25	20	0
60	19	0
97	19	0
85	6	0
53	64	0
2	75	0
56	30	0
35	28	0
14	12	0
17	17	0
76	68	0
68	24	0
35	42	0
45	75	0
58	80	0
14	91	0
22	66	0
47	82	0
27	41	0
80	95	0
54	30	0
34	81	0
15	6	0
54	18	0
14	44	0
59	47	0
73	9	0
26	75	0
84	65	0
64	53	0
48	45	0
42	22	0
3	67	0
83	68	0
74	54	0
47	37	0
71	63	0
74	76	0
74	44	0
63	8	0
92	75	0
84	19	0
0	72	0
74	63	0
1	29	1
11	27	1
27	1	0
48	29	0
0	2	0
10	53	0
21	78	0
29	97	0
31	47	0
96	29	0
10	48	0
58	89	0
21	88	0
5	29	1
98	59	0
41	59	0
6	19	1
84	47	0
28	2	0
61	22	0
58	2	0
13	3	0
24	87	0
46	58	0
83	74	0
65	43	0
12	1	0
29	31	0
56	7	0
7	28	1
8	74	0
77	6	0
39	68	0
56	40	0
66	99	0
17	43	0
11	96	0
89	49	0
23	20	0
91	79	0
58	59	0
67	38	0
50	31	0
99	24	0
86	60	0
15	57	0
0	91	0
32	46	0
3	89	0
4	99	0
92	26	0
28	52	0
2	96	0
54	4	0
66	5	0
45	46	0
28	18	0
65	42	0
41	26	0
17	81	0
23	31	0
58	3	0
7	41	0
93	50	0
91	4	0
58	57	0
36	0	0
42	26	0
10	98	0
58	74	0
25	65	0
14	9	0
38	22	0
8	88	0
1	74	0
73	51	0
88	48	0
54	33	0
12	78	0
21	31	0
89	81	0
68	28	0
50	77	0
66	96	0
23	16	0
11	86	0
66	14	0
54	76	0
33	40	0
92	65	0
35	77	0
98	21	0
85	20	0
99	18	0
86	84	0
43	54	0
19	78	0
79	10	0
33	1	0
64	78	0
65	75	0
21	47	0
66	55	0
60	78	0
75	22	0
92	47	0
11	64	0
59	44	0
27	31	0
90	25	0
66	41	0
67	19	0
90	99	0
78	71	0
49	71	0
79	38	0
56	66	0
6	99	0
36	5	0
5	94	0
15	79	0
60	62	0
69	92	0
79	9	0
94	99	0
79	0	0
11	4	0
93	75	0
64	9	0
99	33	0
77	61	0
48	43	0
19	64	0
62	93	0
64	70	0
0	45	0
8	42	0
39	94	0
1	84	0
58	3	0
41	47	0
8	67	0
40	34	0
15	30	0
8	44	0
98	55	0
52	34	0
0	49	0
25	87	0
82	63	0
0	11	0
85	90	0
23	82	0
64	43	0
39	55	0
93	44	0
58	42	0
4	7	0
7	14	0
3	54	0
20	60	0
99	76	0
65	50	0
95	66	0
8	54	0
75	59	0
20	78	0
2	4	0
75	77	0
5	18	0
26	70	0
38	10	0
27	23	0
3	74	0
37	89	0
3	4	0
74	41	0
57	58	0
83	65	0
87	76	0
41	90	0
33	27	0
5	62	0
4	14	0
38	67	0
53	50	0
57	53	0
79	17	0
