90	67	0
49	16	0
42	14	0
49	97	0
6	20	0
95	32	0
97	85	0
41	11	0
77	84	0
43	39	0
79	34	0
4	84	0
19	15	0
20	63	0
99	16	0
96	76	0
65	28	0
33	47	0
99	66	0
93	1	0
42	81	0
69	81	0
70	97	0
72	0	0
44	91	0
56	0	0
75	76	0
71	94	0
97	52	0
3	38	0
38	38	0
44	27	0
90	27	0
43	47	0
87	65	0
13	91	0
60	85	0
97	25	0
80	89	0
54	0	0
19	52	0
80	50	0
95	60	0
58	74	0
96	42	0
10	83	0
30	43	0
61	11	0
96	54	0
12	64	0
61	8	0
31	88	0
50	96	0
33	63	0
98	64	0
41	29	0
43	40	0
79	74	0
93	96	0
83	15	0
13	93	0
93	11	0
46	2	0
76	72	0
44	20	0
17	81	0
76	10	0
38	77	0
86	84	0
62	65	0
16	23	0
76	85	0
28	33	0
16	47	0
89	40	0
12	37	0
38	76	0
50	83	0
73	23	0
42	96	0
63	99	0
1	1	0
7	12	0
99	14	0
99	16	0
33	48	0
81	43	0
22	23	0
77	56	0
29	51	0
34	11	0
40	9	0
72	36	0
18	87	0
72	6	0
54	77	0
40	11	0
48	29	0
96	41	0
39	73	0
78	55	0
22	60	0
78	94	0
3	77	0
43	83	0
84	45	0
62	4	0
43	66	0
13	63	0
55	5	0
67	57	0
16	59	0
43	5	0
39	61	0
30	39	0
93	83	0
53	44	0
2	1	0
28	96	0
78	8	0
67	68	0
13	32	0
86	80	0
93	15	0
68	65	0
57	78	0
31	11	0
57	97	0
76	77	0
75	55	0
35	98	0
67	26	0
38	23	0
21	37	0
84	10	0
2	75	0
98	69	0
96	17	0
87	34	0
40	52	0
56	19	0
86	80	0
3	17	0
38	13	0
84	70	0
30	41	0
87	76	0
77	90	0
59	14	0
43	32	0
53	61	0
10	50	0
29	77	0
15	58	0
80	73	0
39	50	0
49	97	0
79	60	0
73	74	0
49	82	0
19	39	0
89	73	0
3	30	0
41	46	0
24	15	0
17	76	0
39	76	0
94	36	0
33	30	0
82	15	0
38	80	0
58	28	0
50	38	0
82	81	0
25	53	0
72	79	0
34	87	0
31	56	0
36	18	0
60	12	0
34	81	0
15	76	0
73	85	0
89	54	0
16	86	0
21	35	0
97	66	0
29	60	0
26	92	0
48	91	0
45	51	0
33	10	0
18	40	0
69	85	0
83	98	0
58	85	0
75	22	0
6	71	0
55	2	0
76	13	0
65	27	0
72	23	0
25	58	0
3	65	0
55	57	0
80	37	0
33	72	0
90	22	0
43	87	0
30	66	0
33	18	0
74	72	0
30	58	0
40	10	0
5	92	0
67	14	0
98	84	0
85	93	0
97	17	0
3	80	0
16	67	0
92	43	0
49	72	0
38	48	0
53	69	0
57	70	0
44	58	0
5	72	0
31	64	0
66	8	0
1	66	0
63	98	0
80	47	0
42	88	0
88	59	0
47	8	0
43	62	0
22	79	0
42	92	0
59	37	0
62	32	0
22	32	0
96	64	0
72	44	0
83	60	0
7	76	0
57	20	0
11	89	0
72	61	0
56	45	0
63	51	0
54	14	0
1	54	0
81	41	0
55	6	0
75	63	0
45	87	0
73	41	0
99	35	0
97	2	0
3	64	0
84	71	0
21	93	0
99	64	0
46	89	0
62	29	0
45	2	0
21	91	0
69	35	0
41	58	0
45	78	0
46	7	0
23	91	0
65	95	0
88	83	0
69	32	0
87	68	0
9	86	0
51	46	0
53	6	0
69	25	0
33	15	0
31	5	0
50	10	0
58	51	0
69	34	0
36	56	0
32	48	0
45	64	0
69	84	0
88	82	0
60	85	0
87	19	0
85	55	0
78	10	0
18	51	0
33	8	0
84	40	0
61	26	0
71	71	0
5	38	0
48	71	0
53	26	0
28	98	0
35	91	0
18	71	0
92	64	0
42	31	0
38	5	0
27	59	0
89	61	0
74	17	0
80	91	0
20	9	0
66	95	0
9	79	0
47	88	0
39	37	0
1	53	0
78	5	0
21	29	0
95	14	0
42	18	0
12	3	1
86	11	0
36	46	0
20	49	0
85	28	0
94	54	0
2	29	0
27	31	0
0	65	0
36	88	0
18	85	0
3	11	0
44	85	0
53	70	0
49	42	0
65	23	0
46	92	0
37	66	0
89	95	0
43	34	0
14	45	0
23	40	0
58	70	0
85	91	0
47	21	0
89	6	0
30	2	0
62	3	0
57	13	0
20	41	0
76	63	0
67	0	0
13	33	0
47	13	0
55	48	0
45	50	0
21	62	0
85	79	0
76	49	0
16	54	0
48	34	0
97	12	0
57	4	0
64	18	0
56	40	0
25	30	0
8	71	0
67	74	0
18	81	0
36	87	0
23	96	0
52	28	0
41	41	0
87	57	0
73	42	0
6	83	0
76	80	0
56	84	0
19	29	1
75	27	0
56	99	0
73	3	0
89	58	0
81	48	0
33	16	0
41	41	0
33	46	0
90	83	0
4	9	0
73	23	0
93	1	0
14	42	0
32	98	0
66	72	0
88	4	0
6	56	0
95	33	0
46	96	0
74	14	0
64	50	0
47	53	0
44	40	0
31	37	0
46	34	0
70	84	0
80	44	0
37	33	0
76	70	0
22	57	0
15	91	0
89	88	0
39	36	0
0	79	0
61	24	0
88	14	0
80	46	0
13	59	0
66	48	0
36	35	0
51	44	0
3	97	0
68	25	0
51	12	0
86	58	0
47	22	0
28	83	0
21	3	0
78	46	0
12	0	1
74	97	0
5	79	0
39	53	0
48	78	0
57	34	0
21	98	0
17	45	0
29	44	0
59	18	0
89	26	0
85	22	0
86	89	0
20	63	0
30	23	0
30	31	0
82	21	0
56	60	0
69	94	0
17	38	0
71	99	0
90	66	0
36	70	0
66	9	0
71	41	0
79	18	0
77	8	0
44	23	0
43	33	0
98	3	0
81	30	0
2	70	0
89	13	0
99	98	0
5	99	0
85	53	0
54	49	0
24	16	0
94	88	0
66	58	0
15	99	0
66	30	0
81	40	0
85	52	0
82	64	0
31	72	0
75	77	0
40	98	0
77	71	0
23	31	0
32	98	0
97	82	0
32	34	0
27	43	0
68	79	0
59	91	0
43	65	0
56	94	0
57	54	0
38	65	0
30	66	0
83	26	0
18	90	0
84	52	0
25	90	0
44	64	0
42	74	0
86	33	0
32	30	0
21	47	0
54	27	0
92	68	0
71	12	0
86	98	0
73	98	0
38	52	0
67	3	0
32	45	0
35	89	0
38	33	0
51	68	0
66	79	0
27	23	0
81	99	0
41	26	0
28	21	0
65	37	0
27	79	0
42	15	0
3	59	0
87	81	0
56	92	0
52	44	0
80	10	0
48	70	0
42	53	0
99	59	0
83	3	0
0	71	0
76	0	0
69	71	0
71	31	0
36	16	0
31	71	0
87	81	0
29	70	0
55	84	0
76	23	0
11	65	0
68	18	0
43	62	0
60	99	0
30	95	0
89	4	0
94	21	0
61	11	0
37	90	0
14	91	0
6	88	0
75	43	0
70	64	0
70	77	0
16	50	0
79	32	0
68	68	0
92	74	0
57	62	0
22	62	0
22	65	0
39	21	0
44	33	0
0	41	0
45	63	0
40	45	0
95	35	0
76	34	0
75	2	0
84	39	0
55	70	0
21	54	0
58	32	0
89	77	0
62	87	0
96	74	0
16	50	0
62	74	0
67	48	0
29	56	0
83	33	0
17	55	0
42	23	0
80	54	0
82	94	0
56	55	0
18	67	0
45	6	0
55	65	0
29	84	0
44	27	0
83	79	0
90	73	0
16	97	0
53	72	0
11	75	0
71	61	0
34	52	0
47	62	0
38	74	0
61	74	0
22	26	1
12	65	0
94	81	0
76	56	0
98	59	0
27	59	0
53	85	0
65	24	0
92	27	0
38	51	0
97	5	0
20	88	0
27	30	0
34	77	0
92	59	0
21	44	0
86	69	0
20	97	0
6	70	0
15	3	1
92	87	0
40	32	0
2	68	0
73	88	0
49	62	0
84	65	0
25	92	0
99	37	0
24	9	0
38	83	0
29	74	0
33	19	0
25	39	0
2	18	0
80	71	0
93	6	0
61	6	0
74	10	0
94	45	0
29	5	0
31	48	0
95	40	0
11	53	0
58	78	0
0	58	0
17	75	0
75	55	0
47	95	0
74	49	0
71	78	0
33	37	0
75	67	0
38	55	0
83	48	0
14	77	0
47	38	0
32	69	0
77	34	0
60	36	0
98	79	0
98	99	0
88	80	0
29	72	0
17	30	0
56	43	0
49	73	0
29	13	0
25	2	0
37	68	0
14	38	0
62	3	0
70	83	0
77	65	0
91	16	0
8	50	0
67	89	0
4	94	0
52	8	0
67	51	0
70	14	0
35	18	0
24	37	0
38	17	0
73	6	0
42	86	0
57	29	0
31	82	0
75	12	0
32	46	0
49	63	0
75	21	0
90	70	0
62	72	0
33	67	0
52	86	0
75	83	0
83	47	0
20	65	0
75	77	0
65	94	0
19	41	0
19	56	0
95	34	0
35	94	0
97	85	0
72	84	0
51	4	0
57	55	0
88	58	0
66	86	0
82	49	0
99	80	0
84	29	0
9	65	0
3	59	0
69	87	0
76	37	0
52	63	0
57	6	0
34	15	0
81	72	0
29	36	0
13	61	0
47	50	0
53	37	0
35	16	0
53	27	0
14	85	0
27	39	0
9	64	0
15	73	0
74	47	0
19	16	0
61	12	0
98	29	0
78	3	0
57	79	0
7	59	0
63	29	0
47	33	0
61	81	0
91	17	0
37	44	0
58	62	0
51	77	0
16	96	0
39	68	0
40	83	0
26	31	0
73	83	0
44	45	0
33	85	0
62	35	0
12	47	0
61	62	0
61	24	0
28	74	0
78	40	0
54	43	0
47	45	0
32	16	0
8	60	0
77	71	0
74	65	0
39	43	0
85	62	0
86	71	0
75	26	0
58	7	0
83	80	0
81	11	0
5	67	0
72	74	0
36	16	0
67	38	0
13	66	0
11	87	0
38	90	0
27	54	0
94	30	0
20	52	0
55	98	0
19	86	0
98	69	0
55	59	0
81	43	0
20	0	0
52	18	0
62	5	0
4	7	1
10	75	0
61	60	0
81	66	0
71	44	0
16	0	0
25	43	0
66	7	0
6	82	0
77	5	0
43	68	0
47	23	0
76	94	0
1	31	0
18	90	0
99	52	0
31	11	0
98	81	0
58	65	0
75	47	0
50	27	0
90	28	0
90	75	0
10	68	0
0	78	0
19	55	0
8	87	0
1	85	0
80	21	0
38	41	0
1	94	0
50	11	0
69	4	0
38	54	0
73	46	0
49	20	0
28	69	0
31	28	0
83	15	0
15	43	0
88	57	0
93	5	0
58	59	0
26	12	0
51	8	0
14	99	0
55	78	0
40	66	0
39	14	0
3	83	0
4	95	0
66	52	0
92	41	0
38	31	0
30	77	0
24	25	1
99	94	0
52	31	0
57	72	0
66	89	0
3	83	0
71	24	0
59	64	0
25	35	0
98	75	0
45	67	0
98	23	0
74	12	0
85	22	0
77	91	0
44	61	0
36	79	0
82	20	0
28	9	0
65	92	0
73	73	0
17	46	0
71	41	0
71	94	0
86	10	0
95	55	0
28	74	0
61	52	0
26	31	0
87	21	0
33	47	0
63	2	0
98	97	0
76	64	0
48	79	0
76	28	0
74	70	0
9	88	0
41	6	0
12	91	0
3	66	0
67	69	0
69	94	0
74	8	0
92	94	0
82	11	0
81	78	0
63	6	0
87	33	0
86	46	0
52	35	0
14	79	0
55	87	0
61	79	0
20	54	0
6	42	0
31	97	0
10	64	0
42	0	0
29	52	0
12	63	0
44	32	0
5	39	0
95	53	0
53	22	0
9	49	0
26	86	0
77	75	0
1	0	0
91	65	0
18	69	0
63	45	0
29	56	0
92	49	0
55	40	0
0	12	0
3	50	0
23	61	0
96	65	0
71	49	0
97	60	0
5	58	0
70	62	0
7	75	0
0	22	0
87	60	0
27	62	0
40	10	0
34	32	0
10	83	0
32	86	0
3	4	1
79	46	0
73	65	0
79	61	0
74	78	0
40	75	0
43	21	0
0	71	0
51	70	0
38	46	0
60	54	0
88	9	0
