95	64	0
24	14	0
62	95	0
3	3	0
99	44	0
97	98	0
42	67	0
61	22	1
72	51	0
2	90	0
1	8	0
15	95	0
94	37	0
62	80	0
33	34	0
87	79	0
93	26	0
51	99	0
38	74	0
80	70	0
51	16	0
24	82	0
83	68	0
79	76	0
83	88	0
4	31	0
48	36	0
89	20	0
82	65	0
7	73	0
32	98	0
82	11	0
62	90	0
49	71	0
79	72	0
90	59	0
56	58	0
97	34	0
12	71	0
90	72	0
20	71	0
50	8	0
11	76	0
37	92	0
90	54	0
44	34	0
33	21	0
98	84	0
90	95	0
90	19	0
28	83	0
99	11	0
17	15	0
70	89	0
5	84	0
89	4	0
27	64	1
67	84	0
44	60	1
4	26	0
74	78	0
87	31	0
22	89	0
52	95	0
76	31	0
32	90	0
45	92	0
19	18	0
99	17	0
81	27	0
50	77	0
87	34	0
71	60	0
63	39	0
0	97	0
72	2	1
50	82	0
85	4	0
94	60	0
1	56	0
72	94	0
3	76	0
36	90	0
99	59	0
81	29	0
41	67	1
68	8	0
58	51	0
8	65	0
35	1	0
66	71	0
61	25	1
1	98	0
93	31	0
46	76	0
75	67	0
87	3	0
67	84	0
66	80	0
1	25	0
63	81	0
93	86	0
78	49	0
20	91	0
68	39	0
71	0	0
96	58	0
93	32	0
99	45	0
24	50	0
53	63	0
7	27	0
47	31	1
88	66	0
56	73	0
62	67	0
54	22	1
43	36	0
63	66	0
50	60	1
45	98	0
75	37	0
59	68	0
54	74	0
91	55	0
27	12	0
50	38	0
25	18	0
16	72	0
29	52	1
76	46	0
52	42	1
92	6	0
27	92	0
23	39	0
70	76	0
25	71	1
59	63	0
45	77	0
44	5	0
43	90	0
23	70	1
71	75	0
95	53	0
25	90	0
87	73	0
28	57	1
17	73	0
54	66	0
14	38	0
73	78	0
97	76	0
39	75	0
77	45	0
56	59	1
54	25	1
62	13	0
44	53	1
30	61	1
90	32	0
26	93	0
26	66	1
67	83	0
30	28	0
43	76	0
52	21	0
96	96	0
29	77	0
95	14	0
28	78	0
94	36	0
58	97	0
75	76	0
66	61	0
26	43	0
7	58	0
64	2	0
69	95	0
97	57	0
46	90	0
59	80	0
78	16	0
61	79	0
37	76	0
42	89	0
23	16	0
58	22	1
85	50	0
58	42	0
66	67	0
70	32	0
15	98	0
55	63	0
83	43	0
76	38	0
54	14	0
88	31	0
75	77	0
70	96	0
80	60	0
98	26	0
99	17	0
85	80	0
29	90	0
69	82	0
47	93	0
35	41	1
90	37	0
16	96	0
90	23	0
23	44	0
20	85	0
31	97	0
78	87	0
82	76	0
95	59	0
95	54	0
22	90	0
53	79	0
75	13	0
82	50	0
49	4	0
38	35	0
76	41	0
21	60	0
37	50	0
20	70	0
76	94	0
92	56	0
59	71	0
95	2	0
90	46	0
60	10	1
95	44	0
69	54	0
71	81	0
45	66	0
68	23	0
9	85	0
27	62	1
9	89	0
84	61	0
77	69	0
92	11	0
98	89	0
27	4	0
34	95	0
22	69	1
59	97	0
43	35	0
79	20	0
98	6	0
96	26	0
50	53	1
80	29	0
71	60	0
4	6	0
28	98	0
20	71	0
49	91	0
37	68	0
84	43	0
57	87	0
56	58	1
98	86	0
64	41	0
76	87	0
86	18	0
17	10	0
43	0	0
34	23	0
94	43	0
76	13	0
20	48	0
19	28	0
53	35	0
94	78	0
98	61	0
74	31	0
94	4	0
64	5	0
74	13	0
46	35	1
35	16	0
12	70	0
87	92	0
48	93	0
3	99	0
26	44	0
50	44	0
76	42	0
68	55	0
77	75	0
83	74	0
74	29	0
73	83	0
67	3	0
96	47	0
79	47	0
63	52	0
96	68	0
75	18	0
96	14	0
22	43	0
73	98	0
57	65	0
83	23	0
12	77	0
98	39	0
64	99	0
96	26	0
67	22	0
31	56	0
58	44	0
60	83	0
68	32	0
81	77	0
18	87	0
94	91	0
6	77	0
87	3	0
89	19	0
51	71	0
41	54	1
65	45	0
16	92	0
75	37	0
97	55	0
52	38	0
36	88	0
35	8	0
37	40	1
53	89	0
36	83	0
43	78	0
16	69	0
10	24	0
72	0	0
81	35	0
97	8	0
81	99	0
28	56	1
29	24	0
62	10	0
57	43	0
67	94	0
0	18	0
41	90	0
85	44	0
25	88	0
79	0	0
49	57	1
59	20	0
88	18	0
88	45	0
16	87	0
72	20	0
82	99	0
32	96	0
82	64	0
9	30	0
63	97	0
64	40	0
12	80	0
65	30	0
90	46	0
80	47	0
74	60	0
23	44	0
99	57	0
15	95	0
87	50	0
22	94	0
80	78	0
39	16	0
77	71	0
60	96	0
65	96	0
76	51	0
30	59	1
83	6	0
2	75	0
73	47	0
22	94	0
51	62	0
82	34	0
27	60	1
54	37	1
88	54	0
71	22	0
77	80	0
50	95	0
38	51	1
65	96	0
29	93	0
94	84	0
86	76	0
74	7	0
17	4	0
49	35	0
36	62	1
9	78	0
77	83	0
65	82	0
68	49	0
68	19	0
35	62	0
40	70	0
79	53	0
99	0	0
22	74	0
82	8	0
56	63	0
37	38	1
86	84	0
28	74	1
54	90	0
76	20	0
84	11	0
49	58	1
61	89	0
24	96	0
92	12	0
86	11	0
73	23	0
15	64	0
9	89	0
12	87	0
51	28	1
71	86	0
80	96	0
0	35	1
63	56	0
81	96	0
76	62	0
67	64	0
15	86	0
7	74	0
41	28	0
3	19	0
35	35	0
27	53	0
95	37	0
81	46	0
67	46	0
55	50	0
45	29	0
91	77	0
54	74	0
83	49	0
40	91	0
75	50	0
22	8	0
94	48	0
60	94	0
33	31	0
58	56	1
31	96	0
69	98	0
90	68	0
27	81	0
60	34	0
9	81	0
57	58	1
41	76	0
66	60	0
62	70	0
55	87	0
11	50	0
66	61	0
81	45	0
87	59	0
37	75	0
67	91	0
43	29	0
95	23	0
52	47	0
85	12	0
10	79	0
54	92	0
85	71	0
75	68	0
11	89	0
8	70	0
79	88	0
33	28	0
6	89	0
67	98	0
53	68	0
87	68	0
19	93	0
76	42	0
17	4	0
48	98	0
20	91	0
9	10	0
82	55	0
89	24	0
81	30	0
71	16	0
13	16	0
14	52	0
77	31	0
4	71	0
63	70	0
33	79	0
70	50	0
77	96	0
69	39	0
66	87	0
75	52	0
65	84	0
11	74	0
45	51	1
29	83	0
67	58	0
58	45	0
90	44	0
93	98	0
84	87	0
48	59	1
71	51	0
63	60	0
69	2	1
66	78	0
86	75	0
90	8	0
62	78	0
1	92	0
48	47	1
64	31	0
68	25	0
78	22	0
22	80	0
75	22	0
88	21	0
32	54	0
43	31	0
55	94	0
67	74	0
52	82	0
71	87	0
82	59	0
83	44	0
95	66	0
76	96	0
98	43	0
29	63	1
96	88	0
38	78	0
77	77	0
84	46	0
43	91	0
84	69	0
88	49	0
84	27	0
3	67	0
49	73	0
68	17	0
66	34	0
81	82	0
64	49	0
10	88	0
19	90	0
69	43	0
83	26	0
93	44	0
99	3	0
88	92	0
57	35	0
29	73	1
96	18	0
65	46	0
18	73	0
17	96	0
25	72	0
10	84	0
60	53	0
41	26	0
36	71	0
52	47	1
63	78	0
66	12	0
21	87	0
87	49	0
17	22	0
15	71	0
80	66	0
67	52	0
39	57	1
93	52	0
82	55	0
77	61	0
55	62	0
78	51	0
1	25	0
93	80	0
64	49	0
41	83	0
4	81	0
25	84	0
28	58	1
89	16	0
55	98	0
8	96	0
98	57	0
74	17	0
17	16	0
30	27	0
73	5	0
19	67	0
84	60	0
88	38	0
14	9	0
0	39	1
69	11	0
43	87	0
99	83	0
9	8	0
48	87	0
81	34	0
99	80	0
53	66	0
66	77	0
21	37	0
91	43	0
94	68	0
15	79	0
20	77	0
29	69	1
18	90	0
75	11	0
34	59	1
8	90	0
37	37	0
44	55	1
66	42	0
29	68	1
94	23	0
2	25	0
87	39	0
76	14	0
35	24	0
22	89	0
46	85	0
16	71	0
24	29	0
16	78	0
21	88	0
64	57	0
86	43	0
42	54	1
77	93	0
46	33	1
59	70	0
44	66	0
17	96	0
83	37	0
47	51	1
5	11	0
84	61	0
61	48	0
92	28	0
79	29	0
71	33	0
57	89	0
42	36	0
58	44	0
62	33	1
46	8	0
34	97	0
47	64	0
93	34	0
58	95	0
73	53	0
79	44	0
44	89	0
34	79	0
94	24	0
54	58	1
69	3	1
93	99	0
76	84	0
54	90	0
79	18	0
80	68	0
26	80	0
70	21	0
21	95	0
43	61	1
95	58	0
91	88	0
84	9	0
96	91	0
79	21	0
78	55	0
65	23	1
7	84	0
71	95	0
61	77	0
4	26	0
4	96	0
12	71	0
47	44	1
78	30	0
5	59	1
23	98	0
63	95	0
96	44	0
8	72	0
75	44	0
32	91	0
82	46	0
70	46	0
28	58	1
78	40	0
84	40	0
54	72	0
50	43	1
2	88	0
7	3	0
77	74	0
18	55	0
20	8	0
4	99	0
35	72	0
92	46	0
74	83	0
88	63	0
98	83	0
50	58	1
68	33	0
0	76	0
59	62	0
76	38	0
85	22	0
