94	64	0
51	12	0
38	22	0
52	99	0
7	28	0
99	30	0
93	82	0
7	9	1
49	12	0
70	86	0
41	40	0
82	39	0
3	83	0
23	11	0
16	63	0
99	14	0
96	80	0
63	28	0
28	51	0
95	67	0
90	6	0
44	80	0
71	84	0
74	99	0
68	1	0
41	98	0
53	1	0
79	77	0
68	92	0
92	57	0
4	38	0
35	37	0
42	27	0
85	27	0
39	47	0
92	66	0
13	89	0
60	81	0
95	27	0
78	92	0
49	3	0
20	48	0
77	52	0
98	55	0
62	72	0
97	44	0
8	86	0
33	44	0
55	14	0
87	49	0
22	67	0
59	14	0
30	89	0
52	89	0
31	65	0
96	70	0
39	34	0
36	47	0
79	75	0
98	91	0
84	15	0
9	94	0
91	10	0
46	3	0
83	73	0
42	25	0
21	84	0
75	12	0
37	75	0
87	79	0
61	60	0
17	31	0
77	88	0
29	45	0
12	47	0
89	39	0
11	42	0
36	78	0
55	84	0
76	25	0
45	98	0
67	99	0
1	8	0
11	16	0
93	18	0
97	15	0
37	54	0
81	45	0
23	30	0
80	56	0
33	45	0
33	9	0
36	0	0
69	44	0
17	89	0
63	9	0
50	78	0
44	9	0
39	24	0
89	37	0
38	69	0
69	48	0
17	69	0
70	88	0
4	80	0
46	79	0
83	50	0
62	6	0
48	67	0
10	63	0
56	7	0
58	56	0
13	63	0
44	5	0
41	61	0
25	35	0
90	77	0
52	41	0
0	4	0
25	98	0
78	0	0
65	65	0
14	35	0
83	78	0
95	8	0
64	64	0
54	80	0
33	17	0
60	94	0
79	80	0
75	52	0
34	95	0
70	32	0
33	22	0
23	33	0
79	4	0
2	70	0
97	69	0
99	18	0
89	28	0
44	57	0
60	16	0
88	87	0
4	11	0
38	13	0
84	82	0
38	41	0
90	73	0
79	83	0
57	21	0
47	31	0
54	62	0
7	47	0
29	80	0
20	58	0
81	72	0
48	59	0
46	98	0
80	59	0
75	74	0
55	77	0
20	42	0
89	81	0
0	36	0
39	41	0
23	18	0
19	77	0
40	71	0
96	25	0
32	31	0
77	11	0
35	77	0
65	26	0
51	36	0
79	78	0
24	53	0
68	74	0
40	92	0
35	60	0
37	14	0
62	11	0
35	86	0
11	74	0
72	86	0
88	59	0
17	90	0
26	34	0
98	65	0
25	57	0
26	84	0
47	94	0
50	47	0
37	6	0
19	38	0
71	88	0
83	97	0
62	87	0
74	21	0
5	74	0
60	0	0
76	11	0
68	23	0
81	18	0
26	60	0
2	68	0
53	60	0
79	35	0
29	78	0
91	28	0
49	89	0
29	66	0
28	10	0
76	74	0
30	65	0
40	10	0
6	94	0
72	16	0
98	87	0
85	97	0
88	21	0
4	78	0
13	75	0
94	46	0
48	76	0
34	46	0
54	70	0
56	74	0
48	58	0
7	79	0
27	62	0
67	12	0
3	66	0
75	98	0
76	43	0
43	90	0
92	59	0
41	14	0
40	60	0
23	77	0
38	93	0
55	40	0
67	28	0
19	30	0
96	66	0
75	48	0
84	56	0
4	82	0
63	16	0
17	86	0
66	65	0
55	42	0
57	51	0
55	14	0
2	55	0
79	47	0
49	10	0
78	59	0
49	87	0
67	45	0
98	33	0
94	6	0
2	61	0
87	71	0
19	99	0
97	65	0
47	92	0
59	28	0
46	0	0
23	92	0
69	33	0
37	59	0
47	79	0
48	11	0
27	99	0
69	93	0
85	80	0
68	28	0
90	71	0
6	90	0
47	34	0
58	1	0
70	21	0
37	17	0
36	1	0
55	10	0
52	47	0
64	37	0
36	55	0
26	51	0
50	60	0
71	82	0
84	79	0
60	87	0
90	11	0
91	52	0
79	6	0
14	54	0
26	4	0
84	39	0
55	20	0
75	75	0
5	39	0
48	69	0
53	24	0
29	96	0
35	89	0
26	70	0
99	66	0
38	30	0
38	4	0
26	61	0
92	52	0
79	28	0
70	86	0
19	12	0
65	91	0
8	72	0
45	88	0
40	36	0
3	57	0
73	4	0
24	30	0
88	15	0
38	13	0
10	3	1
82	6	0
34	47	0
15	42	0
83	25	0
95	58	0
6	30	0
34	26	0
0	59	0
30	89	0
15	84	0
3	9	0
35	92	0
46	66	0
49	38	0
64	25	0
46	88	0
35	68	0
87	94	0
45	27	0
21	46	0
30	38	0
55	73	0
81	92	0
49	17	0
87	4	0
34	0	0
52	11	0
61	12	0
22	41	0
86	55	0
68	4	0
18	37	0
49	6	0
58	51	0
45	48	0
22	63	0
81	83	0
68	49	0
20	51	0
55	30	0
17	11	1
98	8	0
52	8	0
64	19	0
57	45	0
27	36	0
6	71	0
70	75	0
17	82	0
29	91	0
24	94	0
49	20	0
40	37	0
94	53	0
66	46	0
9	81	0
82	82	0
58	91	0
18	31	0
76	20	0
57	98	0
73	1	0
90	58	0
84	49	0
38	21	0
44	47	0
34	47	0
88	80	0
4	15	0
72	22	0
88	6	0
14	42	0
25	95	0
69	73	0
82	0	0
2	62	0
99	30	0
45	98	0
74	9	0
61	48	0
45	50	0
47	39	0
33	39	0
48	34	0
74	81	0
77	52	0
38	35	0
80	69	0
22	53	0
17	94	0
85	91	0
38	28	0
0	77	0
67	17	0
92	14	0
76	42	0
16	63	0
66	37	0
32	37	0
54	44	0
5	97	0
65	30	0
52	15	0
83	52	0
46	22	0
34	82	0
28	4	0
81	50	0
9	1	1
70	97	0
4	86	0
34	53	0
52	77	0
57	33	0
20	96	0
17	46	0
27	39	0
60	14	0
92	27	0
83	20	0
85	92	0
21	64	0
34	17	0
31	28	0
77	23	0
53	60	0
77	95	0
20	37	0
73	98	0
88	71	0
35	76	0
75	8	0
72	42	0
80	16	0
71	13	0
42	17	0
42	35	0
95	0	0
78	32	0
1	63	0
89	18	0
91	95	0
7	95	0
92	57	0
50	48	0
23	12	0
91	86	0
74	55	0
22	98	0
67	27	0
80	48	0
85	57	0
83	61	0
28	71	0
85	77	0
40	96	0
83	71	0
33	40	0
25	94	0
99	85	0
31	34	0
32	43	0
70	75	0
63	91	0
49	60	0
55	98	0
54	55	0
38	61	0
30	66	0
80	21	0
18	93	0
81	53	0
23	90	0
43	61	0
43	73	0
87	30	0
25	31	0
21	53	0
57	32	0
93	69	0
68	13	0
89	99	0
73	95	0
35	47	0
63	9	0
34	41	0
33	86	0
46	33	0
56	67	0
70	79	0
33	23	0
81	95	0
45	28	0
36	18	0
66	41	0
30	80	0
41	17	0
7	62	0
88	77	0
57	95	0
52	41	0
82	11	0
48	73	0
41	49	0
95	59	0
87	1	0
3	75	0
72	8	0
70	78	0
71	29	0
35	5	0
33	70	0
79	81	0
31	74	0
53	80	0
73	21	0
12	71	0
67	13	0
43	60	0
60	99	0
29	96	0
89	5	0
88	18	0
63	15	0
45	90	0
11	88	0
3	90	0
74	49	0
70	65	0
81	66	0
21	48	0
84	42	0
71	64	0
87	71	0
62	61	0
20	59	0
25	68	0
36	26	0
43	35	0
2	48	0
53	60	0
39	44	0
90	34	0
82	35	0
68	2	0
80	35	0
56	76	0
17	53	0
57	32	0
91	76	0
64	83	0
95	75	0
20	54	0
52	72	0
64	48	0
27	53	0
90	29	0
19	56	0
37	24	0
88	49	0
80	99	0
59	53	0
20	64	0
47	7	0
60	73	0
28	83	0
43	26	0
77	82	0
96	69	0
17	97	0
55	69	0
12	71	0
72	60	0
33	52	0
48	63	0
37	78	0
62	73	0
26	31	0
14	63	0
89	80	0
80	55	0
98	57	0
27	65	0
57	81	0
65	27	0
89	27	0
41	40	0
95	14	0
15	86	0
26	31	0
29	81	0
85	58	0
21	40	0
95	65	0
15	98	0
10	72	0
21	8	0
94	90	0
34	29	0
5	75	0
77	92	0
44	61	0
84	72	0
29	90	0
99	30	0
24	17	0
37	85	0
30	71	0
34	19	0
22	42	0
1	16	0
88	69	0
91	11	0
56	13	0
74	14	0
94	41	0
28	8	0
34	42	0
97	40	0
11	58	0
48	83	0
0	48	0
17	77	0
78	55	0
47	96	0
71	51	0
75	80	0
35	35	0
75	62	0
39	59	0
87	43	0
10	73	0
58	36	0
36	67	0
73	34	0
57	36	0
98	82	0
99	97	0
86	83	0
23	82	0
19	30	0
58	48	0
50	76	0
31	16	0
20	1	0
35	72	0
8	38	0
64	5	0
69	87	0
80	65	0
93	15	0
13	44	0
9	1	1
75	90	0
5	98	0
49	5	0
59	51	0
69	15	0
11	5	1
40	20	0
23	37	0
45	16	0
68	2	0
43	85	0
55	24	0
31	89	0
75	8	0
29	43	0
50	69	0
73	20	0
93	76	0
62	75	0
35	70	0
49	84	0
76	87	0
87	58	0
15	69	0
78	75	0
58	96	0
15	35	0
20	51	0
95	35	0
34	94	0
98	93	0
70	81	0
46	2	0
53	46	0
86	53	0
57	84	0
83	50	0
96	75	0
82	31	0
14	63	0
3	57	0
73	80	0
79	36	0
48	61	0
54	10	0
29	13	0
78	75	0
27	32	0
10	66	0
46	50	0
58	41	0
36	12	0
55	29	0
17	88	0
20	39	0
10	57	0
11	72	0
74	50	0
17	21	0
60	11	0
98	25	0
78	0	0
58	78	0
10	61	0
61	28	0
47	33	0
64	80	0
83	12	0
40	47	0
51	64	0
50	82	0
19	99	0
29	63	0
42	84	0
28	33	0
79	80	0
50	45	0
33	80	0
63	32	0
9	49	0
62	63	0
63	19	0
33	74	0
79	44	0
55	46	0
52	43	0
39	16	0
3	64	0
72	65	0
74	57	0
42	38	0
84	60	0
84	66	0
76	31	0
67	5	0
95	80	0
86	13	0
6	70	0
70	77	0
33	14	0
65	42	0
12	2	1
16	58	0
13	88	0
34	85	0
26	52	0
94	30	0
22	52	0
52	96	0
18	78	0
99	74	0
55	59	0
82	40	0
22	2	0
53	20	0
54	8	0
7	10	1
11	80	0
64	60	0
83	61	0
70	51	0
16	0	0
25	40	0
70	7	0
1	80	0
73	2	0
44	73	0
52	20	0
78	99	0
11	32	0
10	93	0
99	57	0
30	14	0
95	75	0
62	64	0
72	43	0
52	26	0
91	28	0
87	73	0
16	65	0
2	80	0
24	58	0
8	90	0
2	81	0
81	25	0
35	49	0
1	98	0
50	10	0
60	2	0
38	48	0
21	26	1
68	40	0
43	20	0
26	72	0
30	30	0
80	12	0
13	39	0
81	51	0
90	1	0
63	57	0
26	11	0
49	18	0
11	99	0
58	77	0
34	71	0
37	16	0
1	80	0
1	91	0
63	49	0
94	40	0
36	30	0
31	76	0
22	23	1
98	85	0
52	28	0
48	72	0
61	98	0
1	85	0
67	25	0
58	61	0
25	29	0
95	71	0
42	68	0
98	22	0
73	17	0
93	21	0
83	83	0
47	61	0
30	88	0
82	11	0
23	5	0
63	93	0
68	70	0
20	51	0
71	40	0
76	86	0
89	12	0
96	52	0
23	71	0
61	48	0
23	26	0
89	21	0
37	45	0
63	3	0
93	96	0
84	73	0
44	73	0
77	32	0
74	75	0
2	90	0
48	4	0
10	89	0
9	71	0
69	70	0
70	98	0
81	9	0
95	92	0
84	5	0
80	72	0
61	4	0
86	38	0
82	51	0
57	31	0
13	72	0
55	88	0
58	77	0
19	48	0
1	38	0
36	97	0
9	69	0
44	1	0
35	55	0
13	63	0
41	25	0
4	45	0
95	50	0
52	17	0
0	47	0
29	86	0
74	66	0
1	0	0
94	70	0
20	76	0
58	44	0
34	55	0
94	41	0
55	41	0
2	11	0
0	49	0
19	60	0
96	68	0
67	45	0
99	61	0
1	55	0
62	59	0
12	71	0
1	19	0
82	58	0
25	66	0
45	11	0
34	33	0
9	82	0
35	89	0
2	3	0
82	43	0
72	59	0
80	63	0
75	79	0
41	85	0
45	17	0
0	72	0
46	68	0
41	52	0
55	52	0
85	9	0
