83	66	0
33	28	0
60	96	1
15	11	0
92	42	0
90	90	0
69	44	0
3	80	0
1	7	0
14	88	0
79	38	0
72	77	0
34	33	0
64	73	0
89	52	0
65	71	0
42	35	0
93	84	0
98	81	0
73	89	0
6	24	0
72	75	0
76	30	0
56	78	1
50	71	0
65	84	0
96	53	0
95	30	0
88	76	0
41	0	0
78	30	0
32	17	0
96	68	0
90	72	0
92	8	0
24	37	0
62	80	0
5	86	0
60	96	1
19	32	0
71	74	0
92	44	0
52	85	0
2	22	0
87	13	0
66	33	0
52	41	0
79	39	0
83	69	0
53	99	1
17	61	0
99	55	0
45	34	0
34	7	0
58	58	0
6	89	0
95	17	0
42	67	0
89	61	0
96	7	0
74	89	0
67	77	0
9	22	0
71	83	0
88	65	0
80	44	0
58	44	0
83	44	0
84	36	0
91	39	0
22	59	0
14	20	0
88	70	0
57	94	1
36	82	0
55	96	1
82	50	0
60	65	0
82	75	0
78	74	0
29	12	0
12	16	0
85	66	0
91	5	0
15	51	0
77	80	0
59	78	0
61	82	0
49	14	0
76	86	0
76	55	0
9	86	0
92	97	0
4	97	0
15	62	0
94	87	0
97	71	0
53	85	0
67	53	0
92	33	0
56	57	0
14	54	0
56	18	0
87	88	0
75	5	0
82	43	0
84	92	0
58	69	0
74	79	0
15	22	0
73	95	0
59	98	1
31	81	0
30	35	0
56	35	0
64	81	0
67	41	0
12	96	1
93	27	0
51	25	0
70	66	0
69	93	0
87	67	0
97	24	0
91	87	0
72	78	0
52	77	0
11	73	1
12	48	0
72	70	0
73	74	0
88	58	0
93	51	0
91	67	0
59	15	0
38	32	0
75	58	0
29	81	0
59	91	1
84	77	0
98	49	0
94	27	0
68	61	1
57	97	0
65	16	0
3	92	0
5	96	1
96	61	0
89	75	0
14	20	0
92	15	0
92	22	0
86	19	1
84	31	0
12	14	0
33	80	0
58	94	1
89	44	0
70	92	0
90	81	0
70	35	0
57	86	0
0	7	0
32	14	0
51	30	0
69	38	0
0	56	0
40	5	0
94	78	0
95	53	0
96	10	1
60	0	0
37	6	0
98	84	0
27	72	0
7	95	1
33	32	0
64	51	0
76	68	0
54	76	0
81	75	0
73	29	0
75	82	0
87	34	0
91	74	0
47	34	0
98	70	0
64	10	0
36	59	0
77	94	0
91	46	0
86	43	0
77	86	0
90	41	0
39	54	0
52	94	1
72	89	0
23	72	0
86	83	0
1	91	0
86	35	0
95	62	0
38	7	0
44	49	0
16	17	0
91	36	0
60	87	0
16	26	0
78	36	0
75	77	0
22	37	0
81	44	0
82	6	0
94	67	0
67	22	0
98	91	0
21	36	0
74	57	0
88	40	0
62	54	0
2	56	0
98	72	0
95	60	0
16	83	0
72	87	0
44	15	0
72	59	1
56	97	1
72	95	0
94	42	0
60	10	0
70	42	0
75	33	0
91	59	0
68	31	1
91	77	0
93	85	0
81	96	0
11	12	0
3	78	0
81	89	0
63	91	0
53	14	0
82	51	0
97	6	0
94	80	0
57	72	0
61	73	0
98	4	0
86	36	0
9	46	0
2	96	0
89	87	0
94	94	0
89	92	0
79	64	0
70	82	0
11	84	0
27	25	0
3	16	0
44	38	0
82	40	0
57	57	0
63	6	0
77	88	0
78	75	0
81	45	0
70	60	1
28	15	0
95	47	0
70	92	0
59	34	0
62	83	0
92	65	0
9	56	0
52	79	0
56	79	1
0	44	0
71	79	0
98	42	0
91	67	0
46	93	1
89	31	0
90	6	1
99	68	0
64	70	0
7	94	0
83	92	0
16	21	0
13	85	0
65	73	0
66	62	0
92	98	0
0	81	0
81	56	0
11	2	0
10	89	0
8	16	0
90	56	0
13	25	0
4	35	0
79	30	0
69	76	0
93	77	0
83	48	0
81	78	0
69	82	0
4	79	0
97	64	0
62	26	0
94	34	0
74	86	0
75	72	0
39	86	0
94	76	0
38	73	0
3	97	0
75	40	0
30	35	0
61	88	0
34	70	0
64	94	0
90	54	0
86	28	0
69	70	0
99	79	0
93	49	0
95	98	0
89	70	0
68	23	0
79	79	0
82	66	0
98	28	0
50	63	0
66	32	0
86	88	0
85	63	0
24	76	0
86	35	0
85	41	0
86	41	0
98	81	0
79	51	0
0	87	0
19	98	1
35	29	0
25	67	0
65	8	0
3	95	0
81	44	0
8	11	0
16	51	0
61	67	0
68	81	0
76	53	0
69	41	0
79	71	1
77	42	0
12	40	0
91	77	0
57	93	1
84	16	0
11	86	0
98	51	0
55	23	1
24	15	0
24	35	0
67	47	0
96	34	0
16	2	0
41	1	0
54	63	0
94	84	0
27	1	0
56	1	0
87	81	0
58	82	0
22	52	0
92	46	0
83	64	0
10	95	0
4	94	0
45	34	0
97	37	0
20	33	0
84	32	0
79	10	0
34	35	0
55	81	1
22	39	0
82	39	0
63	93	0
79	39	0
13	11	0
90	54	0
80	43	0
82	24	1
61	98	1
75	44	0
50	95	0
57	49	0
71	44	0
47	92	1
86	46	0
98	95	0
90	86	0
71	70	0
76	29	0
93	46	0
90	96	0
94	96	0
81	25	1
85	68	0
82	95	0
53	79	0
1	16	0
30	93	0
87	35	0
78	29	0
82	49	0
75	49	0
92	63	0
90	37	0
14	76	0
9	7	0
50	83	0
28	73	0
37	3	0
6	79	0
93	44	0
93	81	0
82	50	0
94	92	0
99	40	0
