6	23	1
91	59	0
49	11	0
41	19	0
53	95	0
4	41	0
85	33	0
87	71	0
0	13	0
50	13	0
66	92	0
43	42	0
70	44	0
4	92	0
28	9	0
19	52	0
86	3	0
82	80	0
65	33	0
28	58	0
97	60	0
98	6	0
46	74	0
74	76	0
84	84	0
81	2	0
18	99	0
63	18	0
73	71	0
66	80	0
93	56	0
6	46	0
28	32	0
46	18	0
76	17	0
46	46	0
88	80	0
10	93	0
67	64	0
99	15	0
82	97	0
41	17	0
28	63	0
65	50	0
92	46	0
54	80	0
96	48	0
20	98	0
34	44	0
59	7	0
89	45	0
21	69	0
61	7	0
38	81	0
72	90	0
20	65	0
95	65	0
46	10	0
35	55	0
73	70	0
94	94	0
75	1	0
20	98	0
88	3	0
47	13	0
92	64	0
45	19	0
14	91	0
86	4	0
34	77	0
88	79	0
55	50	0
22	41	0
84	71	0
15	35	0
28	51	0
82	41	0
17	7	0
8	46	0
51	88	0
65	99	0
63	21	0
45	95	0
76	97	0
10	11	0
11	30	0
85	11	0
85	14	0
54	48	0
85	40	0
22	18	0
77	48	0
49	53	0
35	12	0
34	9	0
66	53	0
28	83	0
49	2	0
42	81	0
42	4	0
35	39	0
83	35	0
47	64	0
61	47	0
20	82	0
70	83	0
0	82	0
51	90	0
84	47	0
62	20	0
51	80	0
2	43	0
65	12	0
54	73	0
8	86	0
35	6	0
26	47	0
18	29	0
81	85	0
4	28	0
45	26	0
0	0	0
39	97	0
94	7	0
64	61	0
1	37	0
74	86	0
94	19	0
63	60	0
55	85	0
33	25	0
64	92	0
22	17	0
72	85	0
69	48	0
28	95	0
79	26	0
47	38	0
14	19	0
64	2	0
5	6	0
9	85	0
18	1	0
99	94	0
97	19	0
82	41	0
44	63	0
62	24	0
84	91	0
0	3	0
37	19	0
20	11	0
79	74	0
46	38	0
89	71	0
84	79	0
49	27	0
52	29	0
82	52	0
4	52	0
22	75	0
16	65	0
96	73	0
49	61	0
37	97	0
94	44	0
70	75	0
51	87	0
24	46	0
99	74	0
4	49	0
38	36	0
21	29	0
32	78	0
29	70	0
95	18	0
59	37	0
78	8	0
45	83	0
61	23	0
60	40	0
76	75	0
20	53	0
65	58	0
27	98	0
31	60	0
29	6	0
59	23	0
25	98	0
4	74	0
67	72	0
82	47	0
20	85	0
19	46	0
93	77	0
28	47	0
34	78	0
31	87	0
60	37	0
29	3	0
20	48	0
74	93	0
99	77	0
65	93	0
70	13	0
14	51	0
64	11	0
55	23	0
55	35	0
74	13	0
23	67	0
18	81	0
46	62	0
68	34	0
29	73	0
87	30	0
61	82	0
34	72	0
26	12	0
92	74	0
30	79	0
47	0	0
0	89	0
79	21	0
94	71	0
86	82	0
83	30	0
1	81	0
14	74	0
99	48	0
65	66	0
45	47	0
43	68	0
75	74	0
41	68	0
19	88	0
38	65	0
75	4	0
4	56	0
69	97	0
67	36	0
26	89	0
87	64	0
46	17	0
37	63	0
13	75	0
33	96	0
66	31	0
68	21	0
24	37	0
98	58	0
59	46	0
78	43	0
1	90	0
59	17	0
23	80	0
74	71	0
65	63	0
69	55	0
59	0	0
15	9	0
0	60	0
86	56	0
52	11	0
71	55	0
46	93	0
65	52	0
90	34	0
96	14	0
22	60	0
92	74	0
13	78	0
22	26	0
92	47	0
39	97	0
46	42	0
46	5	0
15	90	0
73	29	0
38	44	0
35	74	0
44	3	0
19	79	0
90	86	0
90	71	0
55	32	0
81	66	0
16	84	0
46	49	0
61	3	0
66	20	0
36	22	0
51	12	0
57	11	0
54	29	0
77	24	0
33	46	0
28	40	0
55	38	0
65	68	0
86	85	0
38	99	0
76	11	0
91	54	0
68	11	0
14	58	0
21	8	0
86	37	0
60	27	0
79	68	0
16	41	0
53	65	0
63	11	0
34	93	0
29	83	0
52	78	0
98	52	0
44	25	0
52	8	0
29	44	0
79	44	0
75	8	0
68	91	0
30	7	0
67	88	0
7	67	0
42	75	0
39	21	0
2	53	0
12	18	0
80	7	0
28	38	0
71	17	0
36	7	0
3	3	0
76	17	0
26	65	0
30	49	0
98	21	0
78	55	0
13	35	0
24	39	0
2	55	0
40	94	0
19	75	0
11	2	0
28	92	0
53	56	0
44	14	0
17	12	0
55	37	0
50	76	0
38	72	0
82	91	0
30	30	0
23	60	0
29	49	0
53	71	0
78	96	0
50	12	0
66	6	0
29	10	0
53	17	0
50	9	0
17	60	0
83	49	0
64	0	0
24	49	0
59	8	0
56	62	0
42	52	0
42	55	0
80	83	0
71	42	0
20	68	0
54	52	0
20	18	0
99	9	0
47	4	0
60	33	0
54	25	0
21	40	0
13	75	0
59	73	0
11	69	0
39	88	0
31	84	0
36	25	0
40	38	0
91	54	0
60	41	0
13	70	0
70	77	0
4	23	0
62	91	0
27	27	0
67	20	0
70	88	0
70	2	0
88	57	0
76	38	0
44	21	0
42	42	0
39	35	0
90	83	0
11	20	0
65	20	0
79	4	0
16	52	0
47	77	0
71	75	0
71	7	0
1	65	0
92	41	0
62	97	0
5	16	0
69	5	0
54	61	0
36	74	0
63	49	0
21	35	0
55	40	0
73	90	0
59	53	0
33	25	0
80	73	0
22	43	0
20	79	0
78	83	0
46	17	0
6	82	0
71	13	0
88	26	0
66	35	0
17	57	0
65	16	0
23	20	0
63	52	0
17	94	0
73	52	0
49	5	0
83	53	0
33	27	0
29	80	0
41	3	0
85	38	0
11	8	0
66	99	0
16	89	0
31	35	0
58	61	0
58	34	0
10	82	0
10	41	0
22	46	0
59	2	0
96	39	0
65	23	0
85	95	0
27	67	0
20	27	0
44	23	0
36	27	0
89	8	0
54	57	0
75	78	0
28	50	0
56	93	0
73	61	0
40	83	0
73	6	0
72	45	0
76	15	0
62	12	0
52	19	0
32	33	0
94	6	0
60	25	0
7	80	0
93	6	0
97	84	0
9	93	0
12	24	0
89	66	0
43	50	0
27	0	0
86	83	0
80	60	0
25	99	0
63	31	0
77	37	0
94	58	0
10	25	0
87	78	0
31	78	0
70	79	0
29	96	0
98	64	0
31	55	0
15	81	0
99	78	0
39	29	0
24	33	0
66	68	0
60	99	0
46	69	0
12	10	0
45	76	0
61	60	0
36	61	0
32	72	0
86	23	0
11	93	0
80	52	0
23	74	0
35	62	0
45	73	0
95	33	0
46	31	0
17	48	0
1	22	0
63	39	0
97	74	0
57	17	0
82	93	0
74	95	0
30	31	0
47	17	0
22	56	0
26	68	0
2	25	0
32	30	0
52	73	0
55	83	0
31	28	0
69	87	0
52	32	0
39	10	0
68	35	0
23	75	0
48	16	0
9	57	0
92	84	0
61	99	0
57	55	0
73	9	0
43	64	0
6	24	0
4	23	0
40	46	0
89	60	0
89	4	0
0	68	0
75	5	0
90	88	0
69	17	0
31	0	0
22	62	0
76	74	0
37	86	0
49	80	0
81	25	0
21	74	0
57	20	0
66	78	0
58	90	0
31	89	0
99	10	0
96	16	0
63	11	0
38	90	0
13	96	0
4	86	0
77	61	0
74	65	0
94	65	0
8	50	0
84	44	0
70	68	0
9	15	0
79	65	0
62	72	0
23	52	0
10	64	0
36	27	0
41	40	0
17	63	0
63	51	0
47	49	0
93	45	0
83	37	0
82	6	0
75	34	0
49	90	0
5	24	1
17	15	0
18	54	0
77	53	0
97	81	0
75	72	0
96	75	0
22	41	0
50	74	0
52	36	0
37	62	0
77	46	0
6	36	0
21	72	0
44	22	0
81	72	0
66	94	0
52	66	0
6	24	1
35	73	0
25	13	0
82	65	0
31	73	0
55	39	0
84	83	0
94	84	0
8	98	0
36	53	0
13	72	0
79	77	0
36	45	0
55	61	0
44	84	0
79	72	0
24	32	0
18	63	0
84	70	0
75	59	0
94	56	0
48	83	0
54	84	0
66	35	0
36	21	0
87	25	0
45	25	0
85	5	0
17	82	0
18	30	0
0	8	0
35	95	0
90	72	0
24	35	0
94	54	0
19	99	0
17	73	0
30	0	0
96	93	0
26	20	0
9	80	0
67	97	0
41	64	0
80	72	0
21	82	0
83	24	0
17	25	0
37	82	0
24	69	0
27	23	0
27	33	0
26	38	0
99	62	0
81	12	0
53	12	0
75	10	0
91	50	0
38	12	0
55	28	0
86	31	0
9	50	0
41	87	0
11	49	0
15	83	0
79	60	0
50	96	0
55	47	0
69	85	0
44	21	0
94	75	0
42	66	0
95	52	0
8	71	0
59	47	0
26	67	0
70	34	0
10	30	0
56	38	0
88	74	0
81	80	0
85	93	0
24	79	0
19	39	0
44	40	0
40	63	0
35	31	0
23	10	0
39	61	0
9	55	0
61	2	0
76	77	0
83	52	0
91	10	0
11	44	0
7	3	0
84	90	0
13	84	0
51	25	0
56	36	0
79	18	0
17	1	0
55	9	0
13	48	0
1	36	0
49	16	0
51	3	0
0	29	0
34	80	0
63	23	0
33	98	0
78	7	0
38	44	0
61	62	0
68	9	0
92	60	0
61	64	0
46	66	0
43	94	0
82	94	0
21	13	0
90	57	0
16	59	0
86	79	0
55	77	0
15	35	0
19	54	0
99	45	0
28	75	0
94	94	0
64	82	0
49	4	0
32	52	0
82	56	0
41	85	0
76	41	0
86	72	0
66	31	0
12	64	0
16	61	0
91	90	0
70	31	0
60	62	0
55	2	0
10	11	0
81	61	0
32	24	0
16	63	0
36	58	0
59	48	0
33	5	0
58	34	0
6	78	0
20	47	0
12	64	0
2	49	0
84	59	0
22	21	0
57	22	0
97	16	0
87	8	0
49	65	0
3	76	0
59	29	0
31	24	0
10	18	0
15	13	0
77	64	0
65	20	0
41	41	0
44	76	0
52	80	0
14	88	0
30	67	0
55	82	0
23	43	0
86	95	0
50	30	0
38	80	0
22	9	0
55	9	0
10	45	0
62	47	0
67	14	0
30	77	0
85	67	0
64	55	0
44	49	0
44	12	0
3	80	0
79	66	0
67	53	0
52	44	0
72	69	0
71	80	0
73	41	0
66	7	0
97	78	0
87	11	0
3	76	0
71	64	0
1	32	0
2	26	0
27	0	0
48	32	0
0	8	0
7	45	0
22	71	0
31	94	0
38	53	0
97	30	0
5	47	0
58	93	0
27	86	0
2	23	0
96	60	0
39	67	0
12	23	0
87	46	0
27	0	0
62	17	0
61	2	0
14	4	0
25	80	0
46	57	0
82	77	0
68	43	0
13	3	0
36	32	0
50	10	0
4	31	0
2	68	0
72	5	0
35	63	0
51	43	0
70	94	0
18	43	0
16	99	0
95	47	0
22	22	0
88	82	0
52	61	0
66	32	0
49	34	0
95	19	0
87	61	0
22	57	0
19	92	0
29	44	0
0	86	0
6	94	0
84	15	0
42	50	0
1	91	0
53	0	0
66	9	0
46	44	0
25	21	0
61	42	0
38	26	0
11	79	0
24	32	0
56	5	0
7	48	0
98	49	0
99	13	0
51	56	0
37	3	0
41	20	0
19	96	0
63	84	0
28	65	0
10	9	0
42	22	0
12	81	0
0	73	0
63	43	0
78	45	0
53	38	0
14	74	0
24	29	0
86	74	0
66	33	0
51	78	0
61	93	0
27	11	0
4	87	0
65	18	0
58	79	0
36	45	0
94	75	0
35	78	0
96	20	0
83	20	0
98	24	0
81	88	0
49	57	0
24	74	0
74	16	0
41	6	0
64	79	0
62	76	0
13	43	0
63	55	0
65	85	0
78	20	0
94	48	0
5	63	0
59	45	0
20	27	0
91	29	0
65	40	0
69	16	0
91	93	0
76	78	0
54	70	0
76	38	0
60	71	0
16	93	0
30	7	0
0	92	0
16	76	0
56	59	0
66	95	0
80	18	0
91	96	0
81	2	0
10	2	0
88	78	0
64	14	0
95	24	0
78	70	0
53	40	0
11	54	0
66	85	0
65	70	0
2	45	0
10	47	0
44	94	0
6	78	0
54	6	0
48	46	0
9	68	0
36	26	0
20	29	0
13	44	0
97	51	0
54	38	0
4	48	0
28	90	0
87	69	0
4	13	0
85	96	0
31	82	0
57	46	0
40	64	0
98	39	0
65	41	0
2	7	0
12	5	0
1	50	0
13	50	0
97	80	0
78	47	0
98	69	0
13	57	0
80	60	0
20	82	0
4	0	0
73	75	0
0	18	0
24	66	0
35	5	0
27	29	0
10	70	0
43	91	0
2	6	0
67	47	0
54	67	0
75	66	0
82	82	0
35	92	0
35	26	0
10	66	0
4	14	0
38	71	0
46	53	0
64	55	0
84	17	0
