93	60	0
27	6	0
28	27	0
64	97	0
12	1	0
86	39	0
96	92	0
49	12	0
59	77	0
61	29	0
80	49	0
10	81	0
14	0	0
15	87	0
97	23	0
74	75	0
53	45	0
17	60	1
92	56	0
98	14	0
48	98	0
59	65	0
74	74	0
51	4	0
29	71	0
59	15	0
93	70	0
72	96	0
91	81	0
8	41	0
55	9	0
48	28	0
99	29	0
14	57	1
77	67	0
15	89	0
36	92	0
82	14	0
78	89	0
39	10	0
41	62	0
84	65	0
93	70	0
51	61	0
95	47	0
15	79	0
68	1	0
98	70	0
14	72	0
67	9	0
5	77	0
50	91	0
29	71	0
96	67	0
55	38	0
39	34	0
89	82	0
94	91	0
98	7	0
19	96	0
99	12	0
27	3	0
74	90	0
34	1	0
5	86	0
85	16	0
33	75	0
64	96	0
38	60	0
5	30	0
68	81	0
12	51	1
86	34	0
27	88	0
50	98	0
64	27	0
27	89	0
53	99	0
0	17	0
96	11	0
79	15	0
49	75	0
87	42	0
94	58	0
55	17	0
34	9	0
67	48	0
3	95	0
58	1	0
43	65	0
44	9	0
55	31	0
82	25	0
37	57	0
89	47	0
10	61	0
82	94	0
1	86	0
46	94	0
87	51	0
72	17	0
36	69	0
32	61	0
62	4	0
71	53	0
11	65	0
31	2	0
14	45	1
39	49	1
64	81	0
44	38	0
9	92	0
79	32	0
38	83	0
74	73	0
91	8	0
72	87	0
66	70	0
23	24	0
63	96	0
95	83	0
73	62	0
22	93	0
65	36	0
32	21	0
73	9	0
15	54	1
97	71	0
94	30	0
87	51	0
38	47	0
55	0	0
67	70	0
13	27	0
46	26	0
96	55	0
50	27	0
57	76	0
56	80	0
50	18	0
39	39	0
59	29	0
8	48	1
15	51	1
63	90	0
47	63	0
42	94	0
70	38	0
72	63	0
59	65	0
96	62	0
23	18	0
45	49	0
14	13	0
18	74	0
25	67	0
84	43	0
40	49	0
92	2	0
37	86	0
53	26	0
36	42	0
75	80	0
28	62	0
53	63	0
43	94	0
32	50	0
40	15	0
56	15	0
39	96	0
29	64	0
79	80	0
90	66	0
19	94	0
96	70	0
29	50	0
23	73	0
50	73	0
51	61	0
12	30	0
74	88	0
99	79	0
40	69	0
71	37	0
5	46	0
58	9	0
73	59	0
55	18	0
81	17	0
18	44	1
0	51	0
40	59	0
63	34	0
46	66	0
87	30	0
34	94	0
24	58	0
43	17	1
81	87	0
45	56	0
28	10	0
22	76	0
63	12	0
98	94	0
44	89	0
97	5	0
9	65	0
16	69	0
99	29	0
47	89	0
59	76	0
69	69	0
45	66	0
18	76	0
17	51	0
59	3	0
16	58	1
59	90	0
98	53	0
41	87	0
81	68	0
85	21	0
56	78	0
26	84	0
36	92	0
40	25	0
72	27	0
82	45	0
56	44	0
70	70	0
1	46	0
66	23	0
20	95	0
67	68	0
79	41	0
63	32	0
48	0	0
5	46	0
89	24	0
34	25	1
70	71	0
61	95	0
77	53	0
95	32	0
94	12	0
0	30	0
85	77	0
33	97	0
89	83	0
37	99	0
61	34	0
74	26	0
17	90	0
83	24	0
23	57	0
28	73	0
47	12	0
31	97	0
81	89	0
80	78	0
91	52	0
97	56	0
13	82	0
37	70	0
83	11	0
73	46	0
37	20	1
37	4	0
46	29	0
47	51	0
82	49	0
26	58	0
42	47	0
31	79	0
71	89	0
84	57	0
58	76	0
85	5	0
92	40	0
60	12	0
29	40	1
85	44	0
72	51	0
65	72	0
4	35	0
36	70	0
59	28	0
16	94	0
29	85	0
11	87	0
89	77	0
46	19	0
40	1	0
38	49	1
74	66	0
67	5	0
87	91	0
29	4	0
51	95	0
15	62	0
51	91	0
44	37	0
7	46	0
76	36	0
78	13	0
46	17	0
80	9	0
40	58	0
12	52	1
76	17	0
79	56	0
6	9	0
6	65	0
35	96	0
15	86	0
45	98	0
47	65	0
73	41	0
66	7	0
46	84	0
45	71	0
98	80	0
1	56	0
65	48	0
72	79	0
84	19	0
31	7	0
43	0	0
50	16	0
42	29	0
78	55	0
62	15	0
19	48	0
27	15	0
37	59	0
44	38	0
88	72	0
83	59	0
2	49	0
54	37	0
91	7	0
68	14	0
72	23	0
52	41	0
41	32	0
0	77	0
69	88	0
37	75	0
11	99	0
25	69	0
55	5	0
48	39	0
93	44	0
87	50	0
13	62	0
81	69	0
78	84	0
84	24	0
78	92	0
76	3	0
71	67	0
76	57	0
62	51	0
85	79	0
65	4	0
95	16	0
33	52	0
51	93	0
66	73	0
83	14	0
25	73	0
95	19	0
59	97	0
90	22	0
61	24	0
34	56	0
63	35	0
36	56	0
50	87	0
81	31	0
34	19	1
84	80	0
41	55	0
18	94	0
97	98	0
49	29	0
2	88	0
52	51	0
95	7	0
80	38	0
27	65	0
65	55	0
59	51	0
16	97	0
83	25	0
37	13	0
86	50	0
48	44	0
37	91	0
17	5	0
54	59	0
51	86	0
5	47	0
42	79	0
43	82	0
52	26	0
21	81	0
15	30	0
75	1	0
71	19	0
96	3	0
85	89	0
24	67	0
41	26	0
82	1	0
72	54	0
73	98	0
2	22	0
55	96	0
94	61	0
34	79	0
85	5	0
46	62	0
74	25	0
64	7	0
44	14	1
40	11	1
98	14	0
83	43	0
13	89	0
78	14	0
88	98	0
23	97	0
98	69	0
46	43	0
12	30	0
77	98	0
58	49	0
4	83	0
66	37	0
77	43	0
69	45	0
78	71	0
32	66	0
93	59	0
32	99	0
93	68	0
21	97	0
92	91	0
42	35	0
61	61	0
60	91	0
46	64	0
59	98	0
79	47	0
41	44	0
33	55	0
88	2	0
2	85	0
95	61	0
18	88	0
45	65	0
44	81	0
82	37	0
34	50	0
50	23	0
86	54	0
68	18	0
83	92	0
46	99	0
42	57	0
49	11	0
38	43	0
55	99	0
47	18	0
46	70	0
86	73	0
36	7	0
89	88	0
72	7	0
13	9	0
43	36	0
19	73	0
42	1	0
9	79	0
88	80	0
60	90	0
63	44	0
66	2	0
39	64	0
42	72	0
94	54	0
99	4	0
10	70	0
81	8	0
48	68	0
49	27	0
34	4	0
35	55	0
82	86	0
32	71	0
48	78	0
63	28	0
72	33	0
50	55	0
62	91	0
29	96	0
99	14	0
90	20	0
72	14	0
13	64	0
30	97	0
22	88	0
63	40	0
75	82	0
74	93	0
7	35	0
53	40	0
65	85	0
74	64	0
61	78	0
14	90	0
18	75	0
41	29	0
45	14	1
10	31	0
43	40	0
37	42	0
97	29	0
81	41	0
74	11	0
72	37	0
59	51	0
24	51	1
45	25	0
97	80	0
47	87	0
86	60	0
35	67	0
39	91	0
79	53	0
25	47	1
74	22	0
33	15	0
95	51	0
73	86	0
46	42	0
8	51	1
44	12	1
52	55	0
41	87	0
65	93	0
95	61	0
15	82	0
65	45	0
10	62	0
61	45	0
42	74	0
57	55	0
44	75	0
64	78	0
2	62	0
59	62	0
76	51	0
88	56	0
31	76	0
69	85	0
44	20	0
94	16	0
50	44	0
96	9	0
6	82	0
41	88	0
87	58	0
8	48	1
75	72	0
16	89	0
16	78	0
82	83	0
44	28	0
0	74	0
70	99	0
51	60	0
92	65	0
24	99	0
82	45	0
13	2	0
40	70	0
20	82	0
36	14	0
7	15	0
86	58	0
99	21	0
49	12	0
75	36	0
81	15	0
21	7	0
31	62	0
78	32	0
6	70	0
54	82	0
1	44	0
18	79	0
70	49	0
53	98	0
72	48	0
75	84	0
78	60	0
43	51	0
79	74	0
8	80	0
40	40	0
24	78	0
80	51	0
71	38	0
90	53	0
94	95	0
87	91	0
44	69	0
74	42	0
59	59	0
29	23	1
28	20	1
39	54	0
4	46	0
67	3	0
70	80	0
90	78	0
86	12	0
55	85	0
1	93	0
52	14	0
52	22	0
71	26	0
55	27	0
35	17	1
81	11	0
31	92	0
70	21	0
32	87	0
97	18	0
45	72	0
60	39	0
66	94	0
76	69	0
40	81	0
67	93	0
88	68	0
89	42	0
17	55	1
94	81	0
74	96	0
14	57	1
99	48	0
36	72	0
96	87	0
52	83	0
32	13	1
80	78	0
94	42	0
51	87	0
78	68	0
92	52	0
77	40	0
32	50	0
3	58	0
62	79	0
64	21	0
55	35	0
43	13	0
89	85	0
14	49	1
68	34	0
40	13	1
45	18	0
10	86	0
11	62	0
7	85	0
66	42	0
97	23	0
96	29	0
99	0	0
76	96	0
5	55	0
60	19	0
58	50	0
34	81	0
96	21	0
61	50	0
36	88	0
25	99	0
33	72	0
19	98	0
32	7	0
68	70	0
48	23	0
43	73	0
50	45	0
8	43	0
70	61	0
66	14	0
25	89	0
99	59	0
23	46	1
16	29	0
17	69	0
80	63	0
62	59	0
48	51	0
96	51	0
98	65	0
71	49	0
59	13	0
72	62	0
85	43	0
8	39	0
89	79	0
55	38	0
22	81	0
7	81	0
27	97	0
23	58	0
96	26	0
1	50	0
58	92	0
8	82	0
90	69	0
47	26	0
84	26	0
17	24	0
32	35	0
73	14	0
23	75	0
38	52	0
93	50	0
90	43	0
8	0	0
6	50	0
47	15	0
0	45	0
72	5	0
45	69	0
27	28	1
92	88	0
1	10	0
47	96	0
92	34	0
38	1	0
90	86	0
47	67	0
71	65	0
36	34	0
99	36	0
94	79	0
15	62	0
15	75	0
0	42	0
20	67	0
12	91	0
70	18	0
27	56	0
8	91	0
27	24	0
58	15	0
36	69	0
70	44	0
45	6	0
37	72	0
95	27	0
3	25	0
74	48	0
87	24	0
44	55	0
27	22	0
45	8	0
19	91	0
48	69	0
31	57	0
22	19	0
14	88	0
25	84	0
60	48	0
92	48	0
32	67	0
83	93	0
51	29	0
69	69	0
49	91	0
2	84	0
81	43	0
44	55	0
11	19	0
99	68	0
51	54	0
95	20	0
85	11	0
85	35	0
58	94	0
49	47	0
49	34	0
64	27	0
39	4	0
46	94	0
45	72	0
16	42	1
89	31	0
60	93	0
89	47	0
83	50	0
38	75	0
30	68	0
78	34	0
52	39	0
72	4	0
98	91	0
76	79	0
47	72	0
70	43	0
69	91	0
11	76	0
55	18	0
21	97	0
7	59	0
46	58	0
76	80	0
60	12	0
96	97	0
89	15	0
99	99	0
64	7	0
74	23	0
67	55	0
57	25	0
19	90	0
55	84	0
75	77	0
6	32	0
11	77	0
12	71	0
36	8	0
39	43	0
15	50	1
0	45	0
80	43	0
46	23	0
13	63	0
18	84	0
57	98	0
87	41	0
4	71	0
65	47	0
26	79	0
78	66	0
72	35	0
6	50	0
26	53	0
83	37	0
68	53	0
83	56	0
12	68	0
61	53	0
2	93	0
3	7	0
85	63	0
20	65	0
17	3	0
0	91	0
21	84	0
92	37	0
73	81	0
87	63	0
86	88	0
52	70	0
64	33	0
5	72	0
48	63	0
33	62	0
60	50	0
93	20	0
