99	68	0
19	16	0
63	95	0
5	4	0
95	38	0
97	99	0
43	16	1
46	83	0
57	24	0
82	53	0
4	91	0
3	9	0
15	98	0
98	34	0
71	73	0
40	33	0
83	70	0
95	17	0
56	96	0
44	70	0
82	67	0
50	10	0
24	86	0
52	20	0
88	67	0
80	90	0
84	79	0
13	33	0
56	20	1
52	36	0
86	26	0
78	67	0
13	76	0
31	96	0
83	10	0
63	92	0
30	10	0
50	69	0
83	71	0
97	72	0
59	64	0
99	33	0
15	74	0
65	10	0
98	69	0
19	75	0
54	3	0
10	74	0
41	97	0
34	63	0
87	53	0
51	36	0
37	17	0
99	90	0
91	96	0
93	15	0
27	90	0
97	6	0
25	17	0
76	95	0
32	8	1
3	90	0
85	6	0
22	69	0
66	90	0
37	60	0
11	29	0
71	83	0
91	36	0
23	94	0
49	97	0
67	27	0
29	91	0
53	93	0
16	12	0
98	16	0
78	29	0
53	76	0
87	36	0
85	62	0
56	6	0
66	43	0
0	98	0
68	7	0
44	74	0
42	0	1
57	24	0
84	14	0
37	54	1
87	59	0
1	53	0
76	87	0
1	80	0
35	94	0
97	56	0
74	29	0
34	69	0
34	63	1
75	1	0
68	54	0
13	78	0
32	0	0
64	69	0
43	33	0
7	99	0
94	28	0
38	82	0
79	70	0
89	4	0
60	83	0
64	78	0
4	26	0
61	93	0
95	82	0
83	54	0
22	85	0
68	31	0
80	6	0
98	60	0
87	37	0
92	50	0
33	46	0
59	14	1
58	67	0
9	28	0
50	31	0
86	56	0
53	22	1
49	80	0
57	74	0
63	22	0
49	37	0
53	22	1
58	79	0
49	59	0
44	97	0
76	42	0
63	68	0
54	71	0
93	55	0
27	15	0
44	36	0
17	15	0
18	82	0
29	62	0
78	45	0
55	39	0
88	2	0
30	80	0
53	25	1
30	38	0
66	83	0
26	66	0
59	62	0
47	83	0
43	48	1
38	1	0
58	17	0
41	92	0
23	60	0
73	77	0
92	63	0
22	96	0
89	71	0
31	51	0
22	74	0
48	75	0
48	46	1
17	34	0
76	81	0
98	88	0
46	72	0
79	41	0
4	40	1
64	9	1
60	46	0
57	16	0
73	18	0
10	53	1
38	56	0
54	13	0
33	66	0
94	32	0
30	94	0
22	61	0
75	94	0
49	51	1
22	22	0
39	81	0
53	17	0
97	97	0
33	90	0
95	0	0
20	77	0
98	32	0
54	98	0
70	86	0
62	57	0
27	51	0
15	71	0
56	1	0
59	87	0
96	50	0
39	87	0
67	70	0
86	21	0
51	75	0
32	81	0
36	85	0
28	20	0
66	25	0
78	49	0
52	39	0
75	71	0
3	56	1
73	20	0
20	89	0
61	61	0
87	34	0
76	35	0
48	3	0
3	38	1
88	30	0
74	78	0
63	99	0
75	54	0
99	28	0
88	12	0
3	37	0
88	71	0
33	99	0
85	82	0
43	99	0
45	33	0
86	36	0
25	95	0
87	21	0
18	58	0
28	86	0
49	15	1
23	86	0
77	87	0
86	76	0
92	61	0
99	50	0
18	86	0
44	69	0
87	11	0
89	52	0
41	1	0
36	25	0
41	56	0
77	41	0
27	55	0
39	41	0
26	74	0
77	98	0
96	58	0
58	73	0
95	5	0
94	32	0
62	8	0
90	48	0
74	50	0
62	79	0
2	36	0
44	59	0
73	26	0
12	86	0
30	62	0
9	94	0
91	64	0
41	7	1
80	65	0
80	1	0
99	81	0
22	1	0
42	98	0
22	66	0
59	97	0
40	30	0
82	15	0
84	8	0
55	12	1
90	15	0
50	51	0
75	25	0
75	59	0
9	6	0
1	56	1
29	98	0
22	78	0
56	98	0
44	68	0
80	42	0
64	3	0
47	87	0
49	63	0
96	95	0
4	41	1
58	40	0
65	89	0
78	20	0
25	6	0
48	1	0
51	16	0
32	30	0
88	57	0
73	15	0
20	43	0
14	30	0
34	52	0
41	37	0
94	70	0
87	64	0
3	51	1
65	32	0
84	6	0
70	13	0
73	15	0
51	41	0
43	30	0
8	73	0
80	82	0
42	89	0
7	97	0
34	56	0
53	11	1
53	36	0
82	38	0
73	51	0
81	76	0
83	85	0
79	33	0
70	84	0
75	9	0
74	58	0
71	54	0
65	53	0
93	74	0
76	10	0
89	17	0
21	43	0
59	94	0
61	72	0
72	14	0
20	78	0
98	41	0
58	97	0
98	24	0
62	25	0
33	57	0
58	46	0
33	63	1
59	77	0
78	29	0
81	78	0
19	89	0
95	95	0
46	12	1
5	78	0
45	50	1
94	1	0
88	32	0
39	76	0
54	54	0
66	43	0
20	95	0
73	27	0
89	56	0
47	30	0
40	92	0
27	8	0
45	43	0
50	92	0
2	44	1
35	87	0
40	81	0
51	20	1
17	68	0
12	27	0
76	6	0
75	32	0
98	12	0
81	97	0
29	66	0
33	27	0
77	10	0
58	49	0
69	97	0
1	24	0
49	86	0
94	53	0
28	77	0
73	0	0
43	66	0
63	19	0
56	11	1
84	20	0
91	42	0
6	86	0
71	11	0
82	95	0
31	99	0
85	72	0
49	52	1
15	31	0
64	94	0
71	45	0
5	75	0
70	27	0
90	43	0
72	50	0
72	60	0
20	49	0
96	47	0
20	89	0
98	62	0
22	99	0
85	91	0
41	31	0
71	76	0
55	92	0
47	49	1
63	96	0
82	49	0
46	50	0
26	62	0
86	4	0
2	84	0
81	55	0
21	94	0
46	52	0
43	69	0
78	26	0
25	56	0
52	28	0
90	53	0
72	22	0
80	89	0
39	92	0
36	55	1
40	42	0
64	99	0
56	21	1
39	88	0
88	82	0
88	75	0
74	11	0
21	10	0
39	38	0
35	58	0
38	5	1
5	79	0
85	80	0
62	87	0
65	51	0
67	13	0
37	66	0
37	75	0
90	51	0
89	5	0
18	70	0
75	6	0
52	61	0
52	28	1
39	10	1
37	42	0
86	88	0
24	74	0
57	87	0
71	18	0
75	12	0
50	57	0
61	83	0
20	97	0
95	24	0
80	10	0
79	24	0
11	68	0
15	99	0
13	81	0
59	35	0
72	84	0
76	96	0
2	34	0
62	55	0
73	89	0
75	60	0
66	65	0
23	99	0
8	77	0
44	27	0
7	25	0
44	37	0
31	44	0
95	32	0
82	49	0
61	7	0
67	32	0
55	50	0
39	24	0
90	78	0
57	75	0
84	50	0
31	67	0
43	97	0
78	57	0
54	10	1
29	13	0
99	49	0
67	87	0
44	34	0
48	58	0
31	98	0
64	98	0
89	68	0
24	81	0
64	48	0
7	72	0
56	53	0
45	76	0
65	52	0
54	75	0
60	90	0
8	57	0
57	52	0
80	48	0
78	60	0
37	78	0
73	85	0
46	27	0
98	22	0
53	46	0
96	10	0
7	80	0
55	87	0
91	70	0
70	70	0
16	92	0
7	69	0
78	82	0
42	27	0
6	83	0
72	99	0
50	64	0
88	65	0
21	89	0
75	41	0
21	1	0
47	86	0
21	81	0
12	19	0
90	55	0
92	20	0
51	20	1
75	31	0
75	14	0
20	13	0
25	56	0
77	29	0
1	78	0
60	75	0
4	39	1
23	76	0
62	51	0
63	93	0
68	44	0
75	87	0
74	53	0
72	81	0
3	83	0
51	45	0
27	79	0
76	51	0
56	44	0
95	45	0
99	94	0
79	93	0
49	63	0
75	51	0
69	70	0
37	56	1
65	5	0
65	82	0
86	75	0
89	5	0
59	79	0
3	97	0
49	26	1
51	41	0
71	36	0
67	30	0
71	21	0
20	86	0
76	24	0
34	66	0
90	15	0
40	62	0
47	34	0
59	90	0
70	76	0
46	79	0
73	93	0
82	61	0
87	46	0
98	71	0
82	97	0
97	44	0
32	64	0
83	80	0
43	76	0
77	87	0
98	50	0
45	84	0
86	70	0
87	50	0
79	32	0
43	46	0
3	62	0
56	81	0
75	9	0
68	27	0
79	80	0
64	42	0
12	86	0
21	90	0
61	39	0
85	21	0
84	49	0
98	2	0
79	97	0
53	23	1
56	40	0
35	77	0
96	19	0
67	49	0
30	76	0
20	97	0
26	74	0
12	89	0
31	12	1
64	65	0
46	33	0
46	73	0
40	48	0
68	75	0
72	10	0
15	88	0
92	54	0
21	22	0
12	80	0
69	59	0
69	43	0
46	60	0
92	48	0
89	55	0
78	54	0
54	10	1
58	67	0
83	44	0
5	31	0
98	79	0
51	47	0
41	81	0
7	77	0
25	89	0
32	61	0
91	29	0
56	96	0
6	97	0
98	68	0
55	32	1
75	23	0
25	18	0
34	38	0
74	9	0
15	71	0
84	54	0
92	38	0
0	8	0
3	36	0
71	15	0
42	79	0
96	88	0
3	11	0
49	93	0
82	31	0
40	10	1
96	79	0
44	60	0
68	75	0
23	33	0
97	37	0
87	69	0
20	70	0
19	86	0
1	50	1
26	73	0
22	98	0
77	12	0
29	58	0
12	86	0
37	33	0
49	15	1
44	62	0
65	45	0
45	8	1
33	77	0
98	23	0
6	28	0
77	50	0
85	26	0
52	57	0
28	20	0
44	9	0
17	94	0
42	81	0
26	62	0
21	18	0
19	78	0
23	75	0
69	56	0
94	42	0
34	62	0
83	98	0
44	31	0
58	72	0
42	81	0
17	87	0
88	41	0
42	58	0
7	21	0
89	50	0
66	50	0
89	23	0
90	20	0
74	33	0
59	88	0
45	40	0
63	44	0
59	30	0
38	0	0
34	95	0
59	66	0
89	29	0
63	99	0
83	56	0
78	48	0
34	80	0
33	75	0
82	29	0
51	45	0
70	2	0
96	99	0
78	80	0
51	79	0
72	30	0
88	77	0
18	79	0
61	28	0
17	97	0
38	61	0
83	62	0
64	11	1
97	95	0
85	10	0
97	91	0
59	10	0
68	21	0
77	52	0
68	30	0
9	85	0
56	95	0
65	81	0
4	24	0
10	85	0
18	75	0
43	13	1
41	38	0
4	46	1
82	42	0
47	14	1
2	63	0
26	85	0
60	92	0
93	42	0
1	70	0
66	44	0
27	90	0
84	53	0
72	41	0
25	55	0
82	39	0
76	41	0
62	63	0
10	60	1
55	46	0
4	83	0
3	8	0
83	71	0
16	64	0
19	6	0
5	93	0
23	70	0
98	41	0
69	82	0
83	62	0
97	84	0
51	55	0
59	37	0
2	75	0
54	59	0
37	53	1
64	37	0
87	22	0
