89	61	0
43	13	0
32	31	0
59	96	0
13	7	0
93	35	0
95	92	0
42	5	0
62	85	0
47	17	0
85	45	0
0	79	0
16	7	0
20	68	0
99	22	0
79	74	0
58	30	0
20	53	0
89	61	0
98	14	0
52	93	0
61	70	0
79	86	0
57	1	0
35	81	0
54	8	0
83	74	0
64	83	0
90	76	0
3	26	0
52	20	0
41	18	0
87	32	0
29	54	0
86	64	0
6	90	0
39	99	0
94	28	0
71	91	0
47	2	0
21	69	0
92	58	0
92	70	0
52	69	0
97	48	0
5	79	0
23	39	1
64	1	0
98	67	0
13	69	0
62	8	0
14	78	0
56	94	0
37	75	0
99	71	0
50	34	0
28	25	0
95	76	0
95	96	0
94	8	0
18	97	0
96	17	0
39	10	0
73	75	0
40	9	0
12	98	0
84	6	0
41	88	0
70	94	0
47	65	0
1	34	0
69	91	0
27	31	1
12	55	0
94	32	0
28	40	1
29	87	0
53	99	0
61	29	0
33	97	0
58	99	0
1	23	0
97	8	0
95	18	0
40	59	0
81	44	0
24	39	1
81	59	0
50	12	0
37	7	0
71	47	0
12	94	0
56	6	0
55	84	0
40	2	0
48	33	0
85	45	0
37	65	0
73	45	0
7	60	0
79	82	0
2	78	0
33	96	0
96	57	0
61	11	0
43	69	0
38	67	0
65	4	0
71	52	0
3	59	0
29	0	0
12	40	0
40	32	0
68	85	0
53	52	0
16	92	0
87	6	0
50	78	0
78	79	0
97	2	0
68	81	0
51	71	0
34	10	0
56	98	0
98	70	0
68	62	0
26	97	0
61	36	0
33	14	0
17	46	0
78	5	0
9	60	0
95	59	0
99	23	0
83	35	0
39	51	0
48	13	0
83	72	0
17	17	0
34	14	0
87	62	0
43	37	0
67	72	0
64	94	0
50	34	0
49	36	0
58	39	0
12	44	0
33	54	0
27	56	0
76	84	0
43	55	0
27	97	0
75	43	0
73	63	0
54	79	0
90	70	0
17	28	0
55	53	0
15	10	0
25	82	0
31	71	0
87	35	0
42	39	0
77	8	0
43	84	0
50	26	0
52	45	0
73	76	0
28	64	0
49	78	0
32	81	0
34	44	0
44	13	0
53	6	0
33	72	0
22	79	0
79	73	0
92	68	0
29	92	0
92	70	0
28	54	0
24	85	0
56	68	0
38	57	0
22	14	0
6	28	1
74	97	0
89	81	0
57	64	0
73	33	0
4	51	0
58	7	0
80	39	0
63	26	0
73	27	0
17	61	0
9	50	0
51	51	0
77	19	0
44	60	0
92	28	0
32	95	0
24	65	0
36	23	0
81	79	0
36	55	0
32	11	0
20	83	0
54	13	0
97	82	0
61	91	0
94	0	0
7	76	0
24	62	0
94	30	0
51	80	0
46	35	0
51	65	0
48	70	0
47	67	0
19	75	0
26	56	0
66	1	0
1	61	0
59	77	0
93	42	0
44	89	0
80	62	0
65	30	0
48	69	0
26	86	0
39	94	0
51	36	0
76	38	0
84	59	0
68	38	0
65	67	0
9	45	0
49	18	0
6	86	0
65	55	0
68	39	0
67	26	0
52	16	0
7	56	0
87	15	0
39	10	0
65	66	0
55	75	0
70	34	0
98	36	0
97	7	0
7	55	0
98	76	0
21	99	0
91	75	0
32	97	0
57	32	0
61	17	0
19	85	0
71	35	0
41	68	0
35	69	0
43	8	0
31	95	0
84	90	0
71	93	0
83	46	0
93	72	0
22	90	0
42	64	0
63	8	0
70	37	0
31	18	0
37	2	0
50	17	0
52	60	0
74	42	0
36	47	0
38	50	0
34	72	0
74	88	0
80	67	0
56	77	0
82	1	0
84	44	0
63	3	0
18	46	0
27	34	1
74	42	0
70	54	0
67	68	0
11	35	0
35	69	0
58	19	0
21	86	0
31	90	0
28	69	0
91	62	0
45	13	0
36	3	0
32	55	0
77	69	0
62	11	0
73	92	0
13	6	0
55	99	0
4	67	0
36	92	0
45	37	0
2	56	0
82	28	0
77	5	0
50	11	0
87	14	0
37	54	0
14	52	0
75	22	0
88	60	0
8	16	0
3	65	0
31	93	0
3	85	0
47	98	0
57	75	0
52	37	0
60	10	0
44	86	0
44	67	0
80	98	0
30	32	0
8	56	0
27	47	0
66	55	0
70	82	0
29	24	0
79	27	0
35	2	0
49	1	0
60	19	0
33	44	0
77	70	0
85	11	0
14	40	0
51	19	0
52	53	0
39	37	0
35	50	0
85	77	0
73	60	0
10	49	0
54	30	0
97	9	0
57	8	0
54	29	0
49	37	0
41	32	0
3	73	0
59	83	0
26	75	0
22	91	0
28	98	0
58	12	0
37	36	0
96	46	0
89	57	0
0	74	0
80	68	0
68	70	0
79	24	0
79	83	0
79	8	0
80	59	0
79	64	0
36	24	0
63	52	0
23	50	0
91	82	0
70	19	0
95	16	0
32	53	0
40	93	0
69	68	0
88	14	0
13	67	0
93	26	0
50	99	0
78	22	0
70	43	0
43	53	0
57	39	0
28	41	1
35	50	0
58	85	0
82	29	0
37	22	0
72	74	0
30	68	0
10	97	0
85	95	0
37	36	0
2	88	0
60	32	0
89	19	0
84	42	0
11	64	0
62	39	0
46	29	0
44	42	0
13	94	0
83	20	0
54	3	0
87	42	0
51	48	0
26	79	0
18	0	0
58	58	0
50	88	0
10	54	0
39	72	0
37	73	0
53	39	0
19	87	0
4	49	0
22	43	1
61	15	0
88	29	0
95	9	0
79	84	0
19	62	0
25	33	1
45	23	0
86	0	0
72	63	0
80	88	0
9	47	0
65	89	0
94	61	0
36	88	0
70	6	0
60	52	0
63	26	0
77	12	0
46	31	0
41	13	0
97	2	0
86	31	0
7	83	0
82	15	0
91	99	0
23	93	0
96	66	0
46	52	0
9	25	0
88	91	0
63	45	0
2	98	0
67	36	0
78	36	0
71	56	0
84	67	0
26	73	0
90	64	0
33	86	0
99	81	0
35	91	0
96	80	0
38	29	0
60	65	0
63	96	0
41	66	0
72	95	0
70	49	0
32	65	0
35	65	0
85	6	0
7	86	0
91	52	0
17	84	0
51	72	0
43	82	0
88	43	0
39	53	0
45	28	0
83	56	0
67	14	0
88	89	0
62	90	0
45	50	0
52	8	0
37	37	0
57	84	0
37	27	0
46	65	0
78	71	0
37	19	0
97	93	0
51	15	0
17	6	0
55	21	0
20	77	0
38	3	0
14	61	0
90	93	0
58	83	0
66	53	0
59	2	0
41	71	0
45	49	0
96	58	0
84	5	0
3	70	0
75	0	0
56	74	0
63	32	0
41	13	0
36	68	0
86	82	0
28	75	0
39	84	0
76	27	0
21	49	0
63	33	0
43	69	0
61	82	0
35	96	0
88	7	0
95	24	0
71	17	0
29	76	0
25	98	0
26	77	0
69	40	0
85	78	0
80	87	0
12	43	0
75	40	0
72	74	0
79	73	0
58	78	0
21	80	0
17	65	0
46	24	0
37	16	0
4	37	0
42	56	0
27	46	0
84	29	0
84	36	0
75	0	0
79	48	0
54	61	0
21	64	0
52	27	0
89	83	0
49	94	0
76	63	0
33	58	0
34	86	0
77	51	0
26	48	0
79	28	0
20	50	0
35	17	0
89	51	0
84	93	0
53	53	0
11	63	0
54	7	0
58	54	0
36	83	0
37	30	0
81	91	0
95	65	0
16	83	0
64	47	0
7	69	0
82	54	0
32	59	0
49	60	0
35	77	0
60	65	0
4	56	0
75	61	0
68	53	0
80	47	0
22	74	0
64	87	0
55	14	0
94	17	0
53	32	0
99	11	0
8	81	0
36	40	0
35	71	0
85	64	0
25	54	0
78	72	0
17	97	0
16	89	0
90	92	0
49	27	0
8	66	0
76	93	0
47	68	0
83	58	0
24	93	0
94	33	0
26	7	0
32	81	0
25	79	0
28	10	0
16	45	0
12	24	0
77	69	0
99	19	0
58	12	0
76	28	0
88	29	0
29	9	0
35	58	0
93	37	0
6	59	0
52	92	0
8	55	0
30	85	0
68	53	0
52	97	0
78	52	0
70	84	0
32	40	0
71	61	0
41	55	0
73	62	0
4	69	0
56	29	0
28	84	0
81	42	0
73	25	0
88	75	0
96	96	0
84	80	0
50	70	0
68	41	0
54	72	0
40	22	0
32	7	0
37	80	0
0	42	0
66	9	0
58	89	0
85	84	0
81	5	0
14	42	0
59	83	0
17	97	0
63	5	0
57	44	0
59	20	0
41	20	0
48	19	0
83	10	0
41	97	0
68	28	0
29	99	0
94	18	0
22	47	0
40	66	0
70	26	0
77	94	0
68	72	0
44	64	0
57	93	0
72	68	0
83	47	0
11	62	0
83	86	0
82	96	0
17	61	0
91	51	0
32	73	0
95	84	0
51	92	0
39	17	0
72	67	0
87	59	0
57	80	0
70	64	0
91	69	0
70	36	0
17	56	0
3	62	0
64	74	0
72	38	0
53	49	0
50	2	0
32	21	0
98	71	0
15	57	0
27	49	0
60	28	0
42	10	0
54	26	0
20	96	0
10	55	0
21	79	0
71	52	0
81	25	0
89	33	0
91	3	0
60	88	0
12	52	0
57	29	0
55	52	0
45	78	0
95	14	0
61	59	0
45	88	0
19	90	0
39	62	0
27	91	0
36	17	0
71	78	0
46	31	0
42	81	0
56	40	0
9	45	0
66	60	0
65	11	0
26	85	0
94	47	0
23	39	1
22	57	0
20	15	0
3	66	0
79	62	0
73	63	0
44	55	0
81	57	0
88	68	0
65	38	0
67	23	0
80	71	0
80	22	0
0	50	0
75	84	0
30	36	0
60	35	0
9	63	0
1	86	0
36	89	0
37	53	0
93	24	0
2	49	0
60	91	0
4	89	0
86	59	0
47	43	0
82	26	0
13	11	0
49	35	0
72	1	0
25	85	0
53	47	0
97	62	0
88	37	0
7	0	0
10	43	0
59	19	0
7	54	0
83	5	0
50	70	0
37	26	0
90	95	0
10	18	0
30	90	0
95	53	0
33	13	0
90	98	0
48	62	0
60	59	0
38	34	0
91	33	0
95	89	0
6	58	0
3	70	0
16	51	0
22	81	0
21	92	0
65	29	0
35	55	0
13	89	0
42	19	0
70	16	0
37	62	0
60	46	0
50	11	0
35	74	0
37	35	0
86	21	0
4	33	0
76	55	0
92	15	0
54	41	0
35	21	0
48	4	0
17	89	0
44	68	0
45	65	0
36	13	0
20	90	0
9	86	0
68	49	0
94	36	0
29	28	0
27	60	0
86	89	0
49	28	0
66	72	0
58	84	0
7	80	0
76	35	0
45	60	0
13	40	0
98	74	0
51	62	0
93	16	0
76	18	0
92	22	0
65	95	0
54	63	0
45	49	0
63	23	0
43	9	0
60	88	0
59	66	0
17	57	0
74	35	0
47	94	0
92	30	0
88	60	0
30	79	0
47	54	0
27	37	1
80	31	0
38	52	0
86	0	0
97	94	0
70	69	0
50	82	0
76	39	0
67	87	0
15	82	0
42	5	0
12	92	0
16	63	0
50	68	0
74	76	0
65	13	0
97	94	0
92	12	0
94	91	0
61	12	0
82	30	0
72	61	0
52	40	0
11	87	0
55	96	0
67	86	0
33	48	0
9	33	0
22	91	0
14	65	0
40	11	0
41	45	0
18	64	0
31	39	0
0	42	0
98	61	0
42	23	0
15	63	0
30	81	0
63	80	0
92	53	0
1	75	0
61	46	0
26	59	0
76	49	0
60	29	0
4	53	0
26	49	0
80	53	0
65	51	0
84	55	0
2	67	0
61	54	0
9	79	0
5	8	0
86	70	0
16	58	0
28	2	0
34	19	0
12	95	0
17	80	0
94	40	0
67	72	0
76	63	0
77	83	0
46	63	0
60	43	0
3	70	0
46	69	0
34	52	0
67	58	0
80	14	0
