93	61	0
29	2	0
29	34	0
60	96	0
22	2	0
95	41	0
99	95	0
60	15	0
60	73	0
61	25	0
80	50	0
5	88	0
14	5	0
22	87	0
97	24	0
75	76	0
58	40	0
17	58	0
88	54	0
94	16	0
45	95	0
60	65	0
73	83	0
54	3	0
26	75	0
50	16	0
88	72	0
65	89	0
93	81	0
1	38	0
53	14	0
44	21	0
97	26	0
17	55	0
80	66	0
14	88	0
37	96	0
91	21	0
79	85	0
40	14	0
38	66	0
90	68	0
98	73	0
52	61	0
99	49	0
11	82	0
73	1	0
98	63	0
14	71	0
72	10	0
11	76	0
59	91	0
30	74	0
99	67	0
48	35	0
39	28	0
94	88	0
98	91	0
99	5	0
17	94	0
99	12	0
32	3	0
71	83	0
36	2	0
5	96	0
87	14	0
33	79	0
65	93	0
46	55	0
7	28	0
70	85	0
14	55	0
93	30	0
31	86	0
62	97	0
63	32	0
28	98	0
59	96	0
1	17	0
99	11	0
87	19	0
50	72	0
88	37	0
94	64	0
47	14	0
29	11	0
68	50	0
5	95	0
50	2	0
45	70	0
49	6	0
58	31	0
82	34	0
30	61	0
76	47	0
3	64	0
81	92	0
3	90	0
40	94	0
95	55	0
68	15	0
37	67	0
30	62	0
63	4	0
70	51	0
8	68	0
35	0	0
7	43	0
38	49	0
62	81	0
46	37	0
11	94	0
78	25	0
45	82	0
76	64	0
93	11	0
75	92	0
55	69	0
33	22	0
60	92	0
98	74	0
76	59	0
27	92	0
66	29	0
29	18	0
22	52	1
72	12	0
12	61	0
92	75	0
99	23	0
85	47	0
36	51	0
57	1	0
78	63	0
20	23	0
45	26	0
97	57	0
47	35	0
59	82	0
60	80	0
53	23	0
41	41	0
61	40	0
12	52	0
21	44	1
23	60	0
73	90	0
49	59	0
41	99	0
71	39	0
71	62	0
54	69	0
89	65	0
18	19	0
53	54	0
23	13	0
13	73	0
29	64	0
86	36	0
36	46	0
90	4	0
41	87	0
56	25	0
43	42	0
73	77	0
29	69	0
52	65	0
42	87	0
39	52	0
42	12	0
52	19	0
39	88	0
24	65	0
77	79	0
95	64	0
30	98	0
98	73	0
30	49	0
24	71	0
49	74	0
56	54	0
21	20	0
70	85	0
98	74	0
53	66	0
59	29	0
1	38	0
57	9	0
73	50	0
58	18	0
82	19	0
22	49	1
2	46	0
49	53	0
68	31	0
36	67	0
84	23	0
40	97	0
25	61	0
38	25	1
82	83	0
40	53	0
25	10	0
28	81	0
60	5	0
93	86	0
47	91	0
95	3	0
9	70	0
18	65	0
98	34	0
51	87	0
26	51	1
56	73	0
64	64	0
47	59	0
22	75	0
21	58	0
70	1	0
12	58	0
63	80	0
97	45	0
40	87	0
80	64	0
76	22	0
51	70	0
19	80	0
33	96	0
45	28	0
76	33	0
82	46	0
59	41	0
73	69	0
6	40	0
60	26	0
18	97	0
61	64	0
79	43	0
70	29	0
53	3	0
10	46	0
96	22	0
35	18	0
70	71	0
64	87	0
74	44	0
96	36	0
99	12	0
3	36	0
94	72	0
35	97	0
95	81	0
37	98	0
60	31	0
76	33	0
19	87	0
86	22	0
29	59	0
26	75	0
50	11	0
32	98	0
77	87	0
77	87	0
95	50	0
97	66	0
15	92	0
37	72	0
75	3	0
76	48	0
35	15	0
39	0	0
51	27	0
54	50	0
82	49	0
33	53	0
39	47	0
33	76	0
74	88	0
85	56	0
60	81	0
81	10	0
94	37	0
65	13	0
25	43	0
80	45	0
80	51	0
73	68	0
5	37	0
29	67	0
60	24	0
17	91	0
30	82	0
14	78	0
87	75	0
52	14	0
36	4	0
34	51	0
80	75	0
62	4	0
81	96	0
22	1	0
50	90	0
6	67	0
47	92	0
47	34	0
9	51	0
74	35	0
72	12	0
52	15	0
75	13	0
37	62	0
5	54	0
74	18	0
84	62	0
5	6	0
4	64	0
32	98	0
10	83	0
53	96	0
50	66	0
62	43	0
69	4	0
45	79	0
48	70	0
94	90	0
38	25	1
0	56	0
30	45	1
60	49	0
75	77	0
29	30	1
87	28	0
33	3	0
52	1	0
49	18	0
41	35	0
74	62	0
66	12	0
11	47	0
29	11	0
43	61	0
46	34	0
30	43	1
92	76	0
84	55	0
11	48	0
62	34	0
97	8	0
66	12	0
68	28	0
43	40	0
38	34	0
4	76	0
64	83	0
39	76	0
22	99	0
23	78	0
53	11	0
40	39	0
97	40	0
83	46	0
3	65	0
82	66	0
77	82	0
83	26	0
77	84	0
78	2	0
75	67	0
75	61	0
27	30	1
59	48	0
86	71	0
66	5	0
95	21	0
30	46	0
46	98	0
62	78	0
81	17	0
22	71	0
99	28	0
66	98	0
86	16	0
64	25	0
34	56	0
60	37	0
36	51	0
53	84	0
80	35	0
37	20	0
73	87	0
35	52	0
18	97	0
96	95	0
49	32	0
4	94	0
52	53	0
94	14	0
83	36	0
22	64	0
65	54	0
37	19	1
56	52	0
8	93	0
83	24	0
46	7	0
90	47	0
55	48	0
29	91	0
14	3	0
60	60	0
53	99	0
5	48	0
39	79	0
38	80	0
46	24	0
19	81	0
18	28	0
72	2	0
73	16	0
89	2	0
90	89	0
21	69	0
49	21	0
86	2	0
76	59	0
75	93	0
1	25	0
62	95	0
97	62	0
34	86	0
80	3	0
46	61	0
69	21	0
68	12	0
39	17	0
43	16	0
99	8	0
86	37	0
7	89	0
81	14	0
92	94	0
27	94	0
97	71	0
38	48	0
14	27	0
77	98	0
63	47	0
2	89	0
66	36	0
77	38	0
73	42	0
83	66	0
27	66	0
93	65	0
38	95	0
91	72	0
26	97	0
87	87	0
43	35	0
60	65	0
63	99	0
48	66	0
59	96	0
72	52	0
39	47	0
39	59	0
85	3	0
3	88	0
97	56	0
23	83	0
42	66	0
46	83	0
87	44	0
32	52	0
40	21	0
85	56	0
66	15	0
82	98	0
44	92	0
42	58	0
50	16	0
32	42	0
56	98	0
44	17	0
36	68	0
82	74	0
38	9	0
97	88	0
66	3	0
4	7	0
44	36	0
22	70	0
43	1	0
12	72	0
92	81	0
63	80	0
65	39	0
66	0	0
42	61	0
42	61	0
95	58	0
90	6	0
5	71	0
84	4	0
52	76	0
56	28	0
37	10	0
32	65	0
84	86	0
35	70	0
46	85	0
66	33	0
21	47	1
70	35	0
40	57	0
64	95	0
26	98	0
94	15	0
96	18	0
74	15	0
22	69	0
26	98	0
23	89	0
65	40	0
77	78	0
77	93	0
3	39	0
67	39	0
70	81	0
71	61	0
62	79	0
11	85	0
17	78	0
42	18	0
50	16	0
9	37	0
42	46	0
37	46	0
93	30	0
88	40	0
82	9	0
73	46	0
55	54	0
28	47	1
44	27	0
94	81	0
46	98	0
83	55	0
41	67	0
33	93	0
76	56	0
24	53	0
78	26	0
29	13	0
91	52	0
77	95	0
48	46	0
8	47	0
47	8	0
49	55	0
42	83	0
72	90	0
96	62	0
13	78	0
74	46	0
15	60	0
65	49	0
44	69	0
54	51	0
45	75	0
66	71	0
5	64	0
65	64	0
76	50	0
83	54	0
39	66	0
66	83	0
44	11	0
97	20	0
53	47	0
93	3	0
6	85	0
36	83	0
86	63	0
20	49	0
75	73	0
14	95	0
16	81	0
84	83	0
41	24	0
1	68	0
63	98	0
51	61	0
91	68	0
23	97	0
86	34	0
16	0	0
36	74	0
23	81	0
37	15	0
17	55	1
15	18	0
88	66	0
98	16	0
52	11	0
67	39	0
90	15	0
23	8	0
30	63	0
84	32	0
8	65	0
55	80	0
1	48	0
28	76	0
74	60	0
55	96	0
71	50	0
73	83	0
73	55	0
47	51	0
75	75	0
7	79	0
43	39	0
23	78	0
83	48	0
71	30	0
91	54	0
96	97	0
89	88	0
38	69	0
78	45	0
60	59	0
34	23	1
35	16	0
34	66	0
8	45	0
68	9	0
71	78	0
88	84	0
86	3	0
16	46	1
60	81	0
9	96	0
48	9	0
58	30	0
66	23	0
57	19	0
38	23	0
78	11	0
36	93	0
69	17	0
32	95	0
99	22	0
39	65	0
66	37	0
73	98	0
78	71	0
36	75	0
66	97	0
87	62	0
90	46	0
10	66	0
88	81	0
75	95	0
17	60	0
97	46	0
29	71	0
94	88	0
47	90	0
27	13	0
77	73	0
96	51	0
47	82	0
75	72	0
99	60	0
77	41	0
29	55	0
0	61	0
63	80	0
65	29	0
52	40	0
51	7	0
34	25	1
86	79	0
16	55	0
64	26	0
45	6	0
52	22	0
9	85	0
12	57	0
10	78	0
73	45	0
95	23	0
94	27	0
97	1	0
65	94	0
7	57	0
64	25	0
58	49	0
39	84	0
92	26	0
58	53	0
31	83	0
19	91	0
35	65	0
24	95	0
30	5	0
70	73	0
45	15	0
41	73	0
52	45	0
1	44	0
68	65	0
64	18	0
28	87	0
94	56	0
25	47	1
17	33	0
13	68	0
84	59	0
67	57	0
45	46	0
95	65	0
97	66	0
64	48	0
61	15	0
74	63	0
83	32	0
7	46	0
86	81	0
52	37	0
20	71	0
1	86	0
28	98	0
24	57	0
94	27	0
1	54	0
56	89	0
4	87	0
82	61	0
48	35	0
87	26	0
16	18	0
30	34	0
70	12	0
30	73	0
45	53	0
99	61	0
86	34	0
4	0	0
2	46	0
54	17	0
4	44	0
76	6	0
47	72	0
29	32	1
90	89	0
2	13	0
42	95	0
95	45	0
40	3	0
91	89	0
52	58	0
67	67	0
37	42	0
89	34	0
90	78	0
9	65	0
7	75	0
7	43	0
22	70	0
12	86	0
65	16	0
33	58	0
15	91	0
33	13	0
60	13	0
36	64	0
64	47	0
43	8	0
38	76	0
99	19	0
5	27	0
76	42	0
92	22	0
47	46	0
26	21	0
44	0	0
18	93	0
48	68	0
35	56	0
29	18	0
21	99	0
21	76	0
60	43	0
94	44	0
31	74	0
89	96	0
53	25	0
66	70	0
61	90	0
4	88	0
83	41	0
50	55	0
11	23	0
94	69	0
54	53	0
99	20	0
71	13	0
84	29	0
61	97	0
48	45	0
47	37	0
67	24	0
48	3	0
48	86	0
50	74	0
20	50	0
80	32	0
55	92	0
91	41	0
89	57	0
37	76	0
34	66	0
83	27	0
51	43	0
70	8	0
97	95	0
79	78	0
50	75	0
75	45	0
77	94	0
12	80	0
53	14	0
14	97	0
8	57	0
47	61	0
76	82	0
62	18	0
98	91	0
90	14	0
96	97	0
63	10	0
74	24	0
66	66	0
61	33	0
22	87	0
49	88	0
71	80	0
27	35	1
5	33	0
16	79	0
6	79	0
35	13	0
42	49	0
17	57	0
1	47	0
86	46	0
46	20	0
15	65	0
26	83	0
67	98	0
97	41	0
1	68	0
68	46	0
34	73	0
80	50	0
72	36	0
2	50	0
26	55	0
85	42	0
70	58	0
83	50	0
8	67	0
62	52	0
0	84	0
4	2	0
91	63	0
16	65	0
24	10	0
39	23	1
5	97	0
16	80	0
90	41	0
74	80	0
83	60	0
87	82	0
51	68	0
65	42	0
0	68	0
48	65	0
29	62	0
63	46	0
93	18	0
