92	68	0
32	27	0
59	98	0
13	7	0
90	38	0
84	99	0
47	77	0
67	46	0
1	85	0
1	2	0
19	95	0
93	48	0
69	74	0
31	37	0
74	84	0
96	50	0
46	97	0
38	85	1
64	75	0
39	18	0
80	69	0
84	92	0
83	84	0
5	30	0
73	17	1
69	69	0
25	91	1
83	28	0
71	93	0
47	67	0
73	79	0
96	53	0
99	22	0
95	80	0
35	9	0
8	74	1
44	92	0
76	42	0
29	15	0
98	81	0
83	82	0
95	14	0
97	15	0
19	39	0
61	87	0
8	89	0
91	2	0
69	94	0
7	31	0
79	82	0
93	30	0
26	83	1
58	95	0
83	11	1
29	88	1
18	13	0
92	8	0
78	38	0
42	80	0
74	24	0
52	52	0
84	32	0
10	97	0
43	82	0
92	65	0
67	93	0
1	63	0
51	89	0
96	52	0
68	21	1
43	36	0
33	8	0
71	58	0
4	88	0
98	28	0
41	65	0
86	57	0
94	1	0
76	93	0
75	84	0
10	26	0
65	82	0
83	69	0
80	42	0
17	97	0
64	39	0
90	55	0
93	35	0
96	35	0
15	56	0
8	16	0
99	55	0
53	93	0
40	74	0
58	89	0
73	31	0
71	69	0
79	80	0
84	69	0
23	21	0
16	10	0
86	56	0
93	6	0
26	97	1
18	42	0
74	71	0
61	84	0
58	79	0
45	10	0
49	85	0
63	78	0
80	55	0
20	95	0
87	81	0
3	80	0
20	54	0
78	87	0
89	74	0
48	68	0
60	44	0
83	36	0
33	94	1
51	73	0
21	47	0
49	80	0
42	24	0
93	85	0
30	98	1
87	5	0
76	35	0
66	85	0
64	79	0
63	69	0
22	29	0
23	68	0
53	90	0
80	68	0
44	95	0
57	88	0
73	18	1
41	91	0
27	33	0
75	69	0
61	47	0
71	74	0
74	33	0
12	86	0
57	54	0
93	36	0
64	37	0
49	19	0
87	26	0
68	75	0
73	98	0
83	73	0
93	22	0
97	34	0
96	67	0
25	85	1
66	70	0
55	92	0
73	20	0
11	82	0
90	10	0
14	44	0
31	89	1
31	91	1
80	73	0
74	80	0
93	47	0
89	59	0
47	82	0
91	68	0
52	1	0
48	25	0
82	47	0
31	73	0
60	76	0
80	74	0
81	6	0
96	52	0
98	36	0
69	59	0
70	90	0
56	8	0
5	90	0
6	87	0
94	62	0
75	59	0
77	14	0
98	78	0
21	16	0
34	96	1
44	94	0
88	4	0
84	8	0
96	32	0
82	32	0
73	32	0
8	6	0
22	87	0
44	87	0
89	44	0
71	95	0
98	84	0
68	39	0
68	84	0
76	16	1
8	0	0
33	5	0
33	20	0
82	38	0
77	22	0
6	46	0
27	18	0
93	82	0
96	72	0
81	21	1
99	10	0
67	0	0
80	17	1
36	12	0
98	89	0
24	81	0
2	97	0
34	38	0
71	43	0
70	69	0
63	83	0
90	84	0
66	28	0
75	77	0
97	30	0
82	65	0
66	48	0
97	72	0
63	13	0
97	10	0
28	46	0
66	95	0
98	39	0
92	38	0
74	95	0
90	37	0
66	15	0
47	51	0
63	93	0
74	85	0
19	85	0
88	80	0
2	94	0
94	3	0
88	13	0
57	83	0
15	99	0
83	42	0
91	68	0
27	0	0
48	94	0
54	76	0
0	25	0
88	35	0
98	6	0
75	93	0
12	23	0
76	29	0
72	80	0
11	32	0
45	82	0
82	47	0
28	97	1
85	7	0
80	13	1
93	67	0
9	76	1
63	14	0
87	92	0
39	98	0
65	58	0
6	35	0
64	86	0
62	51	0
94	47	0
70	43	0
68	55	0
3	51	0
91	69	0
26	97	1
87	65	0
8	96	0
78	88	0
32	20	0
76	61	0
66	98	0
55	91	0
97	51	0
67	8	0
3	72	1
69	40	0
29	98	0
87	23	0
95	51	0
73	32	0
86	68	0
46	95	0
56	99	0
27	96	1
93	88	0
68	82	0
15	1	0
6	86	0
79	85	0
59	96	0
68	31	0
82	62	0
99	5	0
88	11	0
94	84	0
62	86	0
86	17	0
87	15	0
69	92	0
34	96	1
87	12	0
99	3	0
77	26	0
7	50	0
12	93	0
22	98	0
84	87	0
87	97	0
82	91	0
84	71	0
74	81	0
9	90	0
29	17	0
4	0	0
39	41	0
90	21	0
84	39	0
70	59	0
59	12	0
87	81	0
69	84	0
85	51	0
74	63	0
25	11	0
95	40	0
66	91	0
49	38	0
22	90	0
77	94	0
97	67	0
19	72	0
42	68	0
63	72	0
49	97	0
7	45	0
79	70	0
98	49	0
93	70	0
34	79	1
60	83	0
90	20	0
83	8	0
14	78	0
37	89	0
95	68	0
70	74	0
1	92	0
10	77	0
76	93	0
28	19	0
3	79	0
71	80	0
63	68	0
82	87	0
0	86	0
79	49	0
14	4	0
56	89	0
7	91	0
2	13	0
90	61	0
83	14	1
77	22	0
15	17	0
18	47	0
68	33	0
63	79	0
65	58	1
89	79	0
84	44	0
72	77	0
76	86	0
0	61	0
82	59	0
63	31	0
91	45	0
86	90	0
81	74	0
58	56	1
42	80	0
96	78	0
88	11	0
52	75	0
2	97	0
67	31	0
66	15	0
77	18	1
79	26	0
28	30	0
55	92	0
59	57	0
34	78	0
66	91	0
91	60	0
88	32	0
81	66	0
92	95	0
87	49	0
86	98	0
34	85	1
70	73	0
76	42	0
46	86	0
90	81	0
79	70	0
95	31	0
50	78	0
79	24	0
55	42	0
87	84	0
90	50	0
19	85	0
31	92	1
83	31	0
72	34	0
97	41	0
85	9	0
99	80	0
84	15	0
79	36	0
12	83	0
22	98	0
52	33	0
30	62	0
50	83	0
65	4	0
9	93	0
74	49	0
15	13	0
17	61	0
72	74	0
71	65	0
80	67	0
83	51	0
74	67	0
91	49	0
7	39	0
94	85	0
64	60	1
48	91	0
3	70	1
87	16	0
44	94	0
20	88	0
93	49	0
66	31	0
22	16	0
29	33	0
79	54	0
96	31	0
22	13	0
46	7	0
53	69	0
98	81	0
14	5	0
45	79	0
59	27	0
82	76	0
67	66	0
64	88	0
7	50	0
98	44	0
89	64	0
2	82	0
35	91	1
0	93	0
49	33	0
87	20	0
9	19	0
92	33	0
79	12	0
44	32	0
14	98	0
63	83	0
18	81	1
28	28	0
29	94	1
59	56	1
76	46	0
61	85	0
22	93	0
71	41	0
7	5	0
81	57	0
80	32	0
83	34	0
67	26	0
54	93	0
36	99	0
78	34	0
58	97	0
71	62	0
83	46	0
60	99	0
91	41	0
94	99	0
85	84	0
55	87	0
91	12	0
75	77	0
67	26	0
90	50	0
87	99	0
83	14	1
93	95	0
88	18	0
80	66	0
7	91	0
82	95	0
76	81	0
2	19	0
13	93	0
85	30	0
19	94	0
54	83	0
85	34	0
79	49	0
23	98	0
84	47	0
94	49	0
77	44	0
84	29	0
0	90	0
12	11	0
61	81	0
15	58	0
27	10	0
3	91	0
99	40	0
83	83	0
92	51	0
89	78	0
74	43	0
4	75	1
77	24	0
97	39	0
