78	63	0
34	30	0
64	99	0
16	12	0
94	35	0
87	94	0
68	44	0
3	77	0
2	8	0
15	94	0
87	43	0
68	79	0
31	29	0
65	76	0
96	54	0
54	96	1
61	70	0
39	29	0
88	76	0
95	85	0
74	76	0
9	27	0
69	71	0
74	34	0
64	89	0
52	70	0
63	81	0
94	48	0
98	29	0
94	70	0
36	2	0
49	89	1
85	33	0
31	16	0
96	73	0
92	69	0
91	22	1
90	12	0
20	34	0
65	76	0
2	84	0
96	11	1
59	97	0
17	30	0
78	74	0
94	37	0
59	93	0
1	15	0
92	14	0
68	39	0
72	15	1
52	42	0
76	35	0
15	99	1
89	67	0
56	92	0
17	61	0
39	89	1
94	53	0
36	35	0
32	8	0
65	62	0
13	93	0
99	29	0
34	69	0
87	58	0
98	5	0
75	95	0
65	81	0
6	24	0
76	80	0
82	66	0
81	40	0
17	99	1
61	37	0
87	41	0
86	37	0
91	38	0
18	61	0
1	14	0
88	62	0
55	97	0
37	82	0
60	92	0
73	40	0
62	67	0
82	77	0
81	77	0
17	15	0
12	7	0
82	58	0
86	1	0
15	50	0
72	75	0
67	78	0
61	78	0
54	9	0
52	96	1
75	89	0
79	53	0
11	90	0
90	84	0
2	94	0
17	54	0
90	90	0
88	74	0
51	77	0
75	42	0
80	40	0
56	69	0
22	56	0
43	21	0
90	89	0
73	5	0
83	37	0
81	95	0
63	75	0
73	75	0
18	25	0
14	78	1
66	99	0
74	66	1
60	92	0
30	82	0
36	36	0
75	53	1
58	47	0
57	79	0
69	39	0
2	98	0
91	35	0
63	24	1
51	27	0
81	18	1
64	72	0
73	92	0
88	73	0
87	6	1
91	27	0
99	78	0
70	73	0
52	84	0
15	75	0
95	10	1
9	51	0
78	74	0
78	72	0
88	53	0
86	54	0
86	65	0
51	14	0
36	24	0
76	59	0
27	74	0
60	85	0
81	76	0
82	4	1
98	42	0
99	31	0
71	63	0
66	99	0
58	10	0
2	94	0
13	98	0
94	60	0
59	67	1
93	73	0
13	19	0
47	94	1
82	6	1
81	9	0
90	25	0
85	23	0
79	31	0
12	13	0
29	74	0
54	92	0
87	37	0
73	93	0
91	74	0
64	32	0
64	81	0
7	6	0
32	8	0
45	26	0
68	37	0
2	55	0
30	13	0
95	87	0
98	55	0
98	13	0
62	1	0
35	9	0
99	87	0
27	75	0
10	94	0
35	35	0
75	50	0
71	66	0
51	70	0
83	81	0
73	29	0
78	77	0
87	34	0
82	68	0
58	35	0
98	74	0
64	14	0
99	10	1
29	56	0
76	88	0
98	42	0
90	44	0
80	94	0
90	42	0
44	45	0
59	95	0
70	85	0
25	77	0
84	82	0
5	95	0
93	10	1
18	98	1
85	30	0
93	63	0
30	1	0
49	90	1
45	53	0
12	14	0
89	49	0
88	7	1
70	91	0
15	21	0
74	28	0
77	77	0
15	30	0
80	37	0
78	1	0
94	69	0
67	17	0
92	91	0
13	36	0
54	99	1
63	57	0
94	39	0
60	48	0
4	56	0
91	73	0
93	61	0
2	85	0
76	90	0
38	21	0
62	51	0
65	98	0
68	95	0
97	49	0
62	9	0
70	39	0
79	33	0
93	56	0
77	34	0
88	70	0
44	96	1
50	90	1
88	96	0
78	96	0
15	8	0
4	86	0
75	84	0
72	94	0
57	19	0
82	54	0
99	2	0
98	82	0
64	82	0
91	17	1
63	77	0
89	22	1
93	5	0
84	30	0
13	45	0
4	99	0
90	89	0
85	92	0
85	84	0
83	62	0
77	79	0
6	90	0
25	21	0
4	13	0
39	43	0
88	10	1
83	40	0
62	62	0
59	1	0
74	83	0
77	81	0
81	49	0
72	57	0
30	22	0
98	43	0
80	97	0
56	39	0
72	81	0
94	65	0
19	60	0
44	70	0
53	78	0
55	87	1
3	48	0
72	74	0
94	40	0
94	65	0
55	93	0
89	27	0
86	8	0
90	70	0
62	72	0
4	92	0
77	91	0
20	21	0
6	89	0
66	74	0
63	65	0
85	90	0
2	80	0
85	55	0
17	0	0
50	86	1
9	86	0
0	16	0
98	52	0
75	24	1
21	19	0
15	36	0
70	39	0
69	79	0
91	78	0
86	38	0
78	75	0
70	90	0
1	71	0
89	66	0
62	22	0
97	43	0
79	85	0
76	69	0
41	79	0
94	66	0
93	10	1
44	74	0
0	96	0
74	38	0
27	32	0
64	84	0
31	75	0
64	95	0
93	52	0
89	37	0
72	69	0
95	83	0
93	43	0
94	98	0
79	66	0
72	32	0
41	83	1
85	78	0
85	72	0
93	31	0
48	63	0
65	31	0
84	90	0
87	56	0
24	83	0
85	38	0
77	43	0
87	40	0
97	85	0
71	45	0
7	86	0
12	99	0
39	33	0
29	75	0
44	87	1
60	11	0
2	96	0
75	45	0
9	13	0
17	58	0
69	71	0
69	71	0
79	49	0
76	42	0
75	66	0
74	46	0
12	38	0
95	77	0
60	96	0
78	15	0
39	95	1
18	89	0
95	55	0
63	32	0
25	14	0
26	34	0
72	48	0
93	34	0
15	1	0
42	0	0
55	61	0
93	86	0
27	9	0
57	14	0
87	80	0
73	62	1
65	89	0
17	50	0
97	45	0
87	59	0
9	89	0
1	95	0
46	26	0
93	28	0
20	30	0
87	37	0
77	14	0
34	26	0
17	98	1
61	88	0
20	36	0
75	42	0
66	85	0
72	37	0
10	10	0
91	54	0
86	37	0
87	21	0
63	30	1
55	99	0
85	39	0
55	98	0
60	55	0
72	51	0
53	91	0
94	49	0
93	98	0
85	86	0
76	76	0
75	20	0
96	45	0
95	99	0
95	95	0
84	22	0
83	67	0
14	96	1
83	95	0
58	73	0
4	19	0
33	93	0
87	31	0
18	97	1
49	78	1
72	35	0
80	49	0
75	54	0
98	52	0
86	36	0
83	21	1
4	82	0
10	9	0
57	80	0
31	69	0
37	2	0
1	84	0
99	41	0
91	88	0
85	49	0
91	86	0
66	54	1
95	39	0
