93	62	0
28	4	0
29	28	0
64	99	0
17	1	0
85	39	0
95	94	0
52	11	0
57	79	0
60	27	0
81	49	0
6	82	0
12	1	0
19	84	0
98	24	0
74	78	0
51	45	0
19	61	1
90	55	0
97	14	0
46	98	0
60	67	0
75	77	0
51	5	0
29	70	0
57	17	0
94	70	0
74	95	0
92	78	0
7	37	0
55	10	0
46	26	0
98	28	0
17	57	1
79	66	0
15	90	0
36	94	0
83	16	0
77	91	0
37	9	0
41	63	0
88	66	0
94	69	0
53	62	0
95	50	0
15	81	0
68	0	0
95	68	0
15	71	0
68	4	0
7	73	0
51	87	0
28	69	0
93	67	0
53	38	0
39	33	0
87	82	0
95	90	0
98	6	0
19	97	0
97	13	0
30	0	0
74	89	0
35	2	0
6	89	0
88	11	0
33	78	0
64	97	0
39	62	0
6	28	0
67	81	0
10	52	1
87	30	0
29	87	0
51	98	0
65	29	0
27	89	0
56	97	0
0	16	0
97	13	0
80	19	0
49	72	0
86	41	0
95	58	0
55	19	0
33	12	0
68	46	0
3	94	0
56	2	0
44	65	0
44	8	0
55	27	0
82	28	0
36	60	0
89	47	0
7	58	0
84	94	0
0	88	0
45	96	0
87	50	0
70	19	0
36	67	0
31	63	0
59	2	0
72	54	0
9	65	0
30	0	0
15	48	0
37	51	1
62	82	0
42	39	0
9	92	0
78	29	0
42	83	0
72	72	0
90	8	0
72	88	0
68	71	0
26	25	0
66	96	0
98	83	0
72	62	0
22	93	0
65	34	0
32	20	0
73	8	0
14	55	1
97	73	0
97	29	0
88	52	0
40	49	0
54	2	0
68	68	0
14	25	0
47	24	0
99	56	0
51	26	0
58	76	0
56	83	0
51	19	0
39	38	0
59	31	0
8	52	0
16	54	1
65	89	0
46	63	0
43	94	0
72	37	0
73	63	0
57	66	0
93	64	0
21	23	0
48	51	0
16	12	0
15	76	0
28	65	0
81	44	0
40	48	0
89	2	0
35	88	0
52	28	0
38	43	0
77	83	0
28	66	0
50	64	0
40	91	0
36	51	0
39	13	0
53	15	0
37	95	0
27	65	0
76	83	0
91	66	0
22	97	0
94	74	0
28	50	0
22	73	0
52	70	0
52	61	0
13	26	0
77	90	0
97	79	0
46	66	0
70	36	0
3	46	0
55	8	0
71	59	0
55	16	0
79	18	0
21	45	1
1	53	0
44	59	0
61	33	0
44	67	0
85	30	0
34	96	0
24	58	0
40	19	1
82	86	0
46	55	0
27	10	0
25	74	0
64	9	0
96	91	0
43	91	0
99	5	0
7	65	0
17	68	0
99	29	0
50	89	0
24	50	1
59	76	0
70	64	0
45	65	0
19	77	0
18	50	0
60	3	0
13	55	1
62	87	0
96	53	0
41	87	0
79	67	0
84	20	0
54	78	0
26	81	0
38	93	0
42	25	0
75	27	0
80	47	0
56	41	0
72	69	0
3	46	0
64	23	0
20	96	0
65	68	0
79	42	0
64	31	0
46	1	0
3	46	0
93	22	0
35	22	1
70	73	0
59	95	0
75	54	0
93	33	0
94	11	0
0	32	0
85	76	0
35	98	0
91	82	0
35	97	0
59	34	0
74	28	0
17	91	0
83	22	0
22	57	0
32	72	0
49	12	0
29	99	0
80	89	0
78	78	0
91	54	0
96	54	0
13	82	0
37	69	0
83	11	0
74	44	0
36	19	1
36	2	0
48	27	0
48	52	0
81	46	0
29	58	0
43	45	0
33	80	0
73	90	0
87	57	0
60	77	0
85	5	0
91	41	0
62	11	0
30	38	1
86	43	0
72	53	0
68	69	0
3	36	0
35	70	0
58	26	0
15	93	0
30	82	0
12	87	0
90	79	0
48	17	0
42	3	0
38	53	0
76	69	0
63	6	0
85	92	0
26	4	0
55	94	0
13	62	0
51	89	0
46	37	0
6	50	0
76	34	0
76	11	0
47	18	0
79	11	0
40	58	0
9	53	0
72	17	0
79	58	0
3	8	0
6	61	0
36	96	0
12	84	0
47	96	0
50	67	0
70	40	0
69	7	0
44	79	0
45	68	0
99	83	0
2	60	0
67	49	0
73	77	0
85	22	0
30	3	0
44	1	0
54	17	0
43	30	0
79	56	0
62	12	0
16	49	0
27	12	0
39	57	0
44	36	0
90	75	0
82	61	0
2	47	0
52	34	0
90	8	0
63	14	0
72	22	0
55	42	0
44	30	0
5	80	0
70	85	0
37	72	0
11	97	0
26	70	0
56	8	0
46	40	0
97	41	0
86	49	0
11	62	0
80	68	0
76	86	0
85	26	0
77	91	0
77	5	0
70	67	0
74	59	0
63	50	0
84	76	0
67	9	0
91	18	0
34	52	0
52	92	0
64	75	0
83	13	0
24	75	0
97	21	0
59	99	0
90	23	0
58	24	0
35	57	0
64	40	0
34	56	0
52	87	0
79	32	0
35	18	1
81	81	0
39	58	0
18	95	0
96	99	0
51	30	0
1	89	0
51	52	0
95	9	0
82	35	0
27	65	0
67	54	0
59	53	0
17	94	0
82	24	0
36	13	0
88	51	0
47	43	0
36	92	0
19	5	0
56	56	0
49	88	0
1	47	0
42	77	0
42	83	0
53	27	0
19	82	0
17	29	0
73	0	0
70	15	0
95	4	0
86	90	0
27	68	0
41	23	0
81	1	0
72	56	0
74	97	0
3	24	0
57	96	0
95	61	0
32	77	0
81	2	0
45	62	0
74	21	0
62	4	0
42	15	1
43	13	1
99	13	0
84	44	0
12	89	0
80	15	0
92	94	0
21	98	0
98	69	0
41	43	0
16	30	0
75	98	0
60	49	0
5	86	0
67	36	0
77	41	0
68	45	0
78	72	0
30	66	0
92	61	0
34	99	0
96	67	0
22	99	0
91	91	0
40	33	0
61	63	0
60	92	0
46	65	0
61	96	0
77	49	0
42	43	0
32	55	0
91	2	0
2	83	0
96	57	0
19	87	0
43	66	0
42	82	0
81	40	0
34	48	0
50	24	0
87	53	0
71	16	0
84	95	0
49	97	0
39	57	0
48	11	0
38	41	0
56	99	0
46	18	0
43	67	0
84	75	0
35	8	0
89	89	0
71	5	0
12	9	0
42	38	0
20	74	0
43	0	0
9	78	0
87	79	0
63	88	0
63	41	0
69	1	0
42	62	0
43	71	0
97	55	0
98	2	0
10	71	0
84	7	0
51	68	0
52	27	0
33	5	0
36	57	0
84	87	0
30	68	0
46	78	0
65	28	0
20	53	1
73	32	0
48	55	0
64	90	0
27	99	0
96	13	0
90	17	0
73	15	0
13	62	0
29	97	0
24	89	0
65	41	0
76	82	0
75	93	0
6	35	0
56	40	0
67	84	0
74	63	0
64	82	0
11	91	0
18	76	0
43	29	0
48	16	0
6	34	0
42	41	0
36	45	0
99	28	0
85	39	0
71	11	0
73	38	0
59	53	0
29	53	1
44	22	0
94	79	0
44	90	0
85	58	0
33	68	0
39	93	0
79	54	0
22	46	1
78	25	0
31	17	0
97	54	0
73	88	0
46	43	0
10	51	1
43	13	0
52	53	0
42	86	0
65	91	0
95	57	0
11	81	0
64	45	0
13	63	0
65	45	0
42	72	0
57	54	0
44	74	0
64	75	0
3	63	0
64	64	0
80	49	0
85	55	0
34	71	0
67	85	0
44	17	0
93	17	0
49	43	0
96	8	0
6	82	0
43	87	0
89	60	0
9	48	1
76	74	0
16	89	0
16	81	0
85	82	0
43	27	0
1	74	0
70	98	0
50	59	0
94	66	0
22	98	0
82	42	0
15	1	0
39	69	0
22	81	0
36	14	0
8	16	0
87	60	0
99	20	0
50	13	0
74	38	0
83	14	0
20	5	0
32	65	0
77	31	0
11	67	0
56	81	0
0	43	0
22	79	0
70	54	0
54	96	0
73	50	0
77	82	0
76	60	0
45	51	0
78	75	0
6	78	0
41	40	0
28	78	0
81	48	0
69	39	0
94	51	0
98	95	0
89	90	0
42	71	0
74	41	0
61	61	0
29	23	1
28	19	1
37	58	0
2	44	0
68	4	0
70	78	0
92	76	0
87	10	0
56	84	0
1	95	0
53	11	0
51	23	0
69	24	0
55	28	0
34	18	1
81	11	0
31	92	0
69	21	0
36	88	0
97	18	0
40	69	0
63	34	0
66	95	0
80	67	0
38	82	0
68	95	0
88	70	0
89	44	0
17	56	1
91	79	0
75	95	0
13	56	1
96	47	0
34	70	0
95	86	0
53	86	0
32	13	1
80	80	0
96	43	0
49	87	0
78	69	0
94	56	0
78	40	0
29	51	0
1	58	0
59	80	0
66	23	0
53	36	0
45	13	0
89	86	0
12	50	1
65	31	0
44	12	0
46	18	0
9	87	0
11	61	0
5	87	0
66	43	0
95	22	0
97	28	0
96	0	0
75	94	0
2	56	0
61	19	0
56	50	0
33	81	0
96	24	0
61	51	0
39	90	0
24	98	0
35	73	0
19	98	0
32	6	0
72	68	0
45	22	0
43	75	0
50	44	0
9	45	0
70	64	0
68	15	0
26	88	0
96	59	0
23	44	1
17	29	0
16	74	0
79	65	0
60	61	0
47	50	0
96	55	0
99	66	0
70	50	0
56	12	0
73	64	0
85	43	0
12	38	0
90	80	0
52	37	0
23	78	0
5	83	0
27	93	0
26	59	0
96	21	0
0	54	0
56	87	0
6	87	0
91	68	0
45	27	0
86	24	0
17	24	0
35	35	0
74	14	0
25	76	0
40	51	0
97	52	0
88	44	0
6	1	0
3	50	0
51	15	0
1	45	0
79	5	0
48	69	0
25	29	1
90	90	0
1	10	0
43	94	0
90	37	0
35	1	0
91	87	0
47	66	0
70	65	0
38	38	0
99	38	0
94	79	0
15	62	0
14	76	0
1	42	0
24	71	0
15	91	0
69	19	0
27	54	0
9	90	0
30	25	0
59	14	0
34	66	0
68	43	0
44	9	0
39	73	0
96	26	0
3	28	0
76	45	0
87	25	0
42	51	0
25	23	0
45	7	0
18	89	0
48	69	0
32	60	0
23	17	0
18	89	0
21	81	0
58	50	0
89	47	0
35	69	0
83	91	0
52	30	0
68	70	0
49	90	0
3	84	0
82	40	0
44	54	0
12	20	0
97	65	0
52	54	0
93	22	0
80	11	0
83	35	0
61	93	0
47	48	0
50	37	0
66	27	0
41	3	0
49	90	0
47	71	0
15	43	1
86	29	0
58	95	0
89	48	0
85	52	0
37	75	0
30	67	0
78	29	0
52	40	0
72	6	0
99	89	0
74	80	0
48	72	0
71	42	0
72	92	0
14	76	0
54	15	0
21	99	0
7	59	0
47	58	0
77	80	0
62	12	0
97	99	0
90	17	0
98	99	0
60	8	0
75	23	0
65	55	0
55	25	0
20	90	0
51	85	0
77	78	0
7	36	0
14	77	0
14	74	0
39	8	0
39	44	0
17	49	1
0	45	0
80	44	0
47	24	0
14	63	0
20	82	0
59	98	0
88	43	0
3	71	0
65	47	0
28	78	0
81	62	0
72	32	0
5	53	0
24	53	0
84	37	0
73	53	0
83	53	0
11	67	0
58	53	0
0	93	0
3	5	0
87	65	0
19	66	0
19	7	0
1	93	0
21	86	0
91	38	0
72	78	0
82	61	0
86	83	0
51	70	0
63	35	0
5	69	0
50	63	0
35	61	0
62	51	0
93	18	0
