91	67	0
32	15	0
60	98	0
10	4	0
96	48	0
95	96	0
44	74	0
64	44	0
0	88	0
3	8	0
12	91	0
89	47	0
63	81	0
32	32	0
92	83	0
91	35	0
45	94	0
44	73	0
68	76	0
50	7	0
34	80	1
86	71	0
92	81	0
80	99	0
8	23	0
40	32	1
82	21	0
73	70	0
9	64	1
34	92	0
85	16	0
69	89	0
51	74	0
80	79	0
95	50	0
63	60	1
98	31	0
19	73	0
91	69	0
16	66	0
48	4	0
10	76	0
32	89	0
86	45	0
47	34	1
41	18	0
99	92	0
88	91	0
97	14	0
27	78	0
93	8	0
25	18	0
69	86	0
0	86	0
87	0	0
68	92	0
4	30	0
72	77	0
84	29	0
23	88	0
53	96	0
84	25	0
33	91	0
35	88	0
21	13	0
97	14	0
80	33	0
50	78	0
87	24	0
60	46	0
71	32	0
7	94	0
50	88	0
78	4	0
92	66	0
4	66	1
65	87	0
0	74	0
42	91	0
97	58	0
82	25	0
60	10	0
61	42	0
9	67	1
35	9	0
71	60	0
1	91	0
95	29	0
41	69	0
85	61	0
84	2	0
68	88	0
63	84	0
2	30	0
64	74	0
89	73	0
69	47	0
12	95	0
68	39	0
76	6	1
89	60	0
93	28	0
98	40	0
15	52	0
53	71	1
7	20	0
90	62	0
56	78	0
54	59	0
45	41	1
57	72	0
49	96	0
75	34	0
61	74	0
61	79	0
95	54	0
27	12	0
47	36	1
18	12	0
25	81	0
79	46	0
90	3	0
29	94	0
22	44	0
61	72	0
56	77	0
52	77	0
49	5	0
48	90	0
76	89	0
90	54	0
21	94	0
88	81	0
8	75	0
53	62	0
12	40	0
73	79	0
97	67	0
48	68	0
70	45	0
65	7	1
93	34	0
32	96	0
59	79	0
22	37	0
43	79	0
42	24	0
93	89	0
27	88	0
93	2	0
25	81	1
89	35	0
57	97	0
74	81	0
68	72	0
25	42	0
16	62	0
67	3	1
61	93	0
88	63	0
45	90	0
62	85	0
71	17	0
54	71	1
32	79	0
48	90	0
22	17	0
82	57	0
61	44	0
71	60	0
76	36	0
19	97	0
65	56	0
86	41	0
72	32	0
54	20	0
99	30	0
70	83	0
77	95	0
71	66	0
99	24	0
92	22	0
90	84	0
36	95	0
65	86	0
50	99	0
88	35	0
13	98	0
89	26	0
21	46	0
20	90	0
32	98	0
80	77	0
73	72	0
95	55	0
92	57	0
23	80	1
51	83	0
74	6	0
78	55	0
48	5	0
38	30	0
84	40	0
25	68	1
43	57	1
27	73	0
74	90	0
84	56	0
53	66	1
88	0	0
90	40	0
95	42	0
73	63	0
68	81	0
51	63	0
67	15	0
9	89	0
2	94	0
85	64	0
80	66	0
87	7	0
93	85	0
19	1	0
34	99	0
55	96	0
46	30	1
91	14	0
95	4	0
96	25	0
73	26	0
65	50	0
4	2	0
27	99	0
17	75	0
45	83	0
43	72	0
92	42	0
57	91	0
99	85	0
66	33	0
85	87	0
84	20	0
13	3	0
40	0	0
36	31	0
99	43	0
82	11	0
7	50	0
15	23	0
88	81	0
98	64	0
74	31	0
97	11	0
65	3	0
80	14	0
38	14	0
12	66	1
94	93	0
35	86	0
7	99	0
28	41	0
70	46	0
68	60	0
75	77	0
79	76	0
80	26	0
66	82	0
71	6	1
98	45	0
79	56	0
62	52	0
97	68	0
70	18	0
95	20	0
28	51	0
67	99	0
47	65	1
94	27	0
19	83	0
92	44	0
72	91	0
91	33	0
61	19	0
55	47	0
59	84	0
62	26	1
74	82	0
22	91	0
95	83	0
0	83	0
89	2	0
91	18	0
50	72	0
61	49	1
11	97	0
74	36	0
93	63	0
45	44	1
29	82	1
29	13	0
53	86	0
36	83	0
52	78	0
7	66	1
2	19	0
66	0	1
81	39	0
99	9	0
79	96	0
23	28	0
61	11	1
64	38	0
64	89	0
0	11	0
43	83	0
83	43	0
26	86	0
81	7	0
53	15	1
87	19	0
90	55	0
14	87	0
67	14	0
89	98	0
36	98	0
71	63	0
9	35	0
60	91	0
62	41	0
16	69	0
59	27	0
92	49	0
74	45	0
72	59	0
13	42	0
97	59	0
23	96	0
88	55	0
17	94	0
85	80	0
33	20	0
72	63	0
57	85	0
59	95	0
82	48	0
83	8	0
6	78	0
74	43	0
20	97	0
54	57	1
85	28	0
88	52	0
75	20	0
76	70	0
47	95	0
56	92	0
34	97	0
98	76	0
75	84	0
73	2	1
23	1	0
51	43	1
7	76	0
82	90	0
69	83	0
73	50	0
69	26	0
40	75	0
81	52	0
97	8	0
16	70	0
86	2	0
56	67	0
81	85	0
58	89	0
72	25	0
87	11	0
71	84	0
26	96	0
87	16	0
87	4	0
68	24	0
12	53	0
14	84	0
14	87	0
74	85	0
83	98	0
56	53	1
77	92	0
84	61	0
75	62	0
10	92	0
13	77	0
34	22	0
1	18	0
40	39	0
96	29	0
86	35	0
73	55	0
61	58	1
50	18	0
87	80	0
63	79	0
88	51	0
31	86	0
77	60	0
18	11	0
97	45	0
57	99	0
35	44	0
31	99	0
71	94	0
88	67	0
25	85	0
59	28	1
8	70	0
43	68	0
63	61	1
56	78	0
60	87	0
17	47	0
72	63	0
78	46	0
89	67	0
41	72	0
71	85	0
47	29	1
90	15	0
61	52	1
85	12	0
9	84	0
42	97	0
81	74	0
66	71	0
6	89	0
12	72	0
83	95	0
35	28	0
10	86	0
64	97	0
61	73	0
86	81	0
13	92	0
77	47	0
14	11	0
44	95	0
4	98	0
3	15	0
86	59	0
86	20	0
79	34	0
70	19	0
12	14	0
12	49	0
79	24	0
3	66	1
67	74	0
29	88	0
63	55	0
85	93	0
79	41	0
72	82	0
67	49	0
71	81	0
8	70	0
31	80	1
68	63	0
59	44	0
97	41	0
97	95	0
76	89	0
71	54	0
62	54	0
65	83	0
99	77	0
98	0	0
55	81	0
2	90	0
59	34	0
68	22	0
71	18	0
23	71	0
76	26	0
80	22	0
31	59	1
31	27	0
54	97	0
69	63	0
42	85	0
71	93	0
78	56	0
81	36	0
89	64	0
81	99	0
96	42	0
93	91	0
49	90	0
69	79	0
85	45	0
40	94	0
80	80	0
79	55	0
92	28	0
3	72	0
47	75	0
74	15	0
59	35	0
83	80	0
71	52	0
12	87	0
20	96	0
75	40	0
83	31	0
99	52	0
99	4	0
75	90	0
49	35	1
90	14	0
71	37	0
14	72	0
15	94	0
19	77	0
7	88	0
62	50	0
44	26	0
39	63	0
63	80	0
68	7	0
20	86	0
86	55	0
21	16	0
19	71	0
77	63	0
63	55	0
89	55	0
85	61	0
67	65	0
76	55	0
2	31	0
91	83	0
62	47	0
43	84	0
4	71	0
27	82	1
94	21	0
55	96	0
16	90	0
99	47	0
70	19	0
14	15	0
32	27	0
73	4	1
17	65	0
78	61	0
93	34	0
15	1	0
65	11	0
38	87	0
91	79	0
14	7	0
51	83	0
76	34	0
98	73	0
59	62	0
68	88	0
10	39	0
95	41	0
92	68	0
14	81	0
24	74	0
21	88	0
74	9	1
5	96	0
63	43	0
93	17	0
4	14	0
86	34	0
97	11	0
40	28	0
23	96	0
51	82	0
20	73	0
26	24	0
15	72	0
19	91	0
64	64	0
90	51	0
73	90	0
60	70	0
53	67	1
19	98	0
82	38	0
5	1	0
79	58	0
52	51	0
97	23	0
77	27	0
76	32	0
57	97	0
40	39	1
50	43	1
60	9	0
37	99	0
45	59	1
94	36	0
64	97	0
73	50	0
84	48	0
51	89	0
33	76	0
89	34	0
96	95	0
78	83	0
58	84	0
89	14	0
76	72	0
25	79	1
65	23	0
27	98	0
94	55	0
93	89	0
83	9	0
96	96	0
82	27	0
88	63	0
10	85	0
71	90	0
68	80	0
3	21	0
12	94	0
6	72	0
81	26	0
22	97	0
56	90	0
86	46	0
12	69	0
80	43	0
30	92	0
79	48	0
81	56	0
80	48	0
83	32	0
47	64	1
2	86	0
1	2	0
71	69	0
13	59	0
22	5	0
8	90	0
30	69	0
95	48	0
77	86	0
91	58	0
93	77	0
83	45	0
4	79	0
52	63	1
85	34	0
86	32	0
