92	64	0
50	15	0
42	21	0
47	89	0
2	42	0
89	31	0
95	79	0
11	5	0
44	15	0
68	90	0
45	39	0
77	44	0
4	90	0
26	6	0
18	56	0
97	6	0
87	79	0
66	29	0
29	65	0
96	61	0
99	3	0
39	74	0
70	77	0
79	84	0
74	2	0
24	93	0
58	15	0
75	75	0
68	91	0
98	56	0
0	43	0
31	32	0
45	21	0
80	19	0
45	52	0
87	73	0
6	91	0
66	68	0
94	15	0
85	97	0
44	15	0
26	57	0
68	53	0
98	61	0
60	87	0
92	50	0
21	96	0
34	45	0
59	13	0
91	45	0
24	64	0
56	7	0
31	85	0
60	93	0
31	66	0
97	71	0
56	19	0
40	60	0
88	73	0
98	95	0
80	10	0
21	96	0
89	3	0
51	10	0
93	65	0
39	26	0
15	87	0
93	7	0
32	81	0
89	71	0
61	52	0
23	30	0
94	78	0
23	41	0
26	50	0
92	36	0
25	14	0
15	42	0
39	83	0
61	96	0
72	23	0
42	95	0
70	93	0
6	6	0
16	27	0
94	13	0
93	17	0
47	51	0
85	41	0
20	31	0
76	50	0
47	49	0
28	10	0
31	3	0
71	50	0
22	83	0
56	2	0
47	83	0
38	0	0
33	29	0
85	43	0
50	63	0
57	47	0
21	77	0
69	73	0
1	82	0
51	92	0
85	48	0
71	19	0
53	79	0
2	54	0
64	9	0
52	70	0
6	79	0
49	1	0
27	56	0
19	31	0
93	79	0
9	29	1
42	27	0
3	1	0
37	97	0
88	3	0
60	65	0
13	38	0
78	77	0
95	17	0
65	66	0
53	86	0
31	19	0
59	97	0
18	15	0
73	81	0
64	50	0
27	93	0
75	31	0
39	33	0
20	24	0
73	8	0
11	5	0
0	76	0
14	13	0
94	78	0
91	8	0
85	38	0
49	58	0
64	8	0
87	89	0
6	2	0
38	17	0
11	11	0
82	78	0
37	40	0
89	75	0
81	81	0
57	27	0
56	36	0
74	57	0
3	49	0
28	75	0
16	59	0
85	76	0
46	61	0
34	95	0
86	45	0
73	70	0
61	84	0
19	36	0
94	78	0
5	48	0
30	33	0
20	22	0
24	75	0
28	71	0
96	22	0
47	33	0
77	7	0
42	82	0
68	21	0
54	32	0
80	73	0
21	48	0
68	59	0
36	96	0
32	64	0
28	4	0
68	22	0
19	95	0
6	88	0
64	82	0
85	47	0
20	86	0
23	45	0
82	72	0
23	51	0
33	75	0
34	88	0
52	40	0
31	2	0
17	43	0
76	91	0
92	87	0
62	93	0
70	16	0
8	55	0
62	7	0
58	24	0
60	27	0
81	20	0
31	61	0
4	74	0
49	69	0
64	37	0
33	67	0
86	22	0
59	85	0
34	73	0
20	15	0
85	80	0
31	74	0
44	0	0
3	86	0
83	18	0
95	72	0
77	86	0
86	26	0
1	79	0
22	83	0
97	49	0
60	69	0
35	45	0
43	78	0
73	68	0
50	57	0
12	81	0
35	66	0
66	5	0
10	60	0
66	96	0
71	41	0
29	83	0
91	66	0
42	10	0
40	61	0
6	71	0
37	92	0
58	29	0
74	17	0
17	39	0
91	62	0
65	42	0
81	50	0
11	91	0
58	14	0
20	80	0
64	70	0
61	56	0
68	58	0
58	1	0
25	13	0
8	55	0
75	50	0
52	10	0
67	55	0
47	86	0
64	53	0
93	27	0
98	9	0
17	63	0
84	67	0
22	91	0
14	14	1
95	55	0
39	95	0
49	35	0
49	1	0
12	98	0
74	38	0
43	56	0
38	76	0
42	4	0
17	83	0
81	81	0
83	77	0
59	34	0
88	71	0
14	89	0
41	44	0
68	2	0
73	20	0
28	25	0
53	5	0
61	14	0
54	37	0
68	37	0
28	49	0
22	49	0
55	49	0
71	73	0
86	82	0
47	95	0
74	16	0
97	56	0
72	8	0
13	55	0
23	12	0
90	39	0
54	32	0
73	75	0
13	45	0
49	61	0
59	23	0
30	96	0
29	88	0
39	75	0
95	50	0
45	24	0
49	1	0
29	45	0
89	55	0
72	6	0
66	96	0
27	3	0
69	93	0
8	80	0
44	77	0
31	24	0
3	51	0
16	14	1
84	11	0
20	33	0
79	17	0
41	4	0
11	4	0
83	13	0
27	65	0
24	46	0
89	29	0
91	50	0
14	37	0
22	37	0
5	53	0
32	90	0
12	75	0
3	11	0
35	93	0
52	67	0
46	20	0
11	16	1
56	31	0
44	85	0
38	71	0
88	98	0
32	30	0
17	55	0
37	45	0
54	70	0
75	97	0
42	12	0
69	1	0
29	11	0
45	8	0
57	0	0
19	56	0
76	59	0
63	0	0
25	47	0
61	4	0
55	58	0
49	55	0
35	59	0
79	81	0
69	52	0
18	68	0
54	39	0
19	16	0
98	8	0
42	1	0
62	23	0
54	31	0
18	41	0
10	74	0
63	71	0
12	81	0
35	98	0
25	87	0
40	21	0
40	38	0
88	63	0
56	37	0
7	71	0
76	81	0
65	85	0
30	32	0
68	20	0
72	90	0
67	7	0
98	61	0
77	44	0
40	21	0
34	42	0
37	39	0
89	77	0
16	20	0
70	19	0
83	6	0
10	53	0
33	85	0
76	75	0
80	0	0
2	67	0
92	46	0
58	95	0
9	14	0
69	4	0
58	60	0
37	58	0
57	49	0
21	37	0
49	39	0
73	82	0
66	51	0
41	30	0
70	74	0
23	47	0
24	80	0
79	88	0
45	14	0
2	79	0
74	19	0
86	23	0
70	45	0
17	62	0
66	18	0
20	27	0
56	44	0
12	94	0
69	48	0
54	10	0
88	51	0
41	24	0
28	76	0
44	0	0
80	37	0
5	2	0
63	93	0
7	90	0
29	37	0
51	74	0
54	31	0
10	96	0
12	47	0
17	39	0
54	19	0
95	35	0
75	19	0
87	99	0
34	62	0
18	23	0
41	17	0
42	28	0
91	13	0
57	61	0
82	78	0
32	34	0
62	96	0
74	57	0
38	78	0
78	0	0
72	42	0
80	14	0
66	20	0
43	26	0
31	33	0
98	4	0
63	23	0
5	73	0
98	9	0
97	86	0
7	93	0
8	29	1
92	68	0
45	49	0
35	3	0
91	86	0
81	59	0
21	97	0
68	27	0
73	38	0
89	63	0
9	19	1
83	72	0
32	80	0
77	79	0
30	99	0
91	71	0
33	46	0
23	87	0
96	84	0
30	30	0
32	37	0
68	71	0
69	97	0
50	75	0
15	12	1
48	80	0
63	63	0
37	56	0
33	71	0
88	20	0
14	94	0
83	49	0
25	75	0
38	60	0
48	82	0
88	31	0
30	31	0
21	50	0
3	18	1
63	40	0
98	69	0
58	21	0
79	90	0
71	93	0
32	40	0
50	16	0
27	46	0
19	77	0
34	29	0
55	68	0
69	94	0
33	29	0
76	82	0
51	32	0
40	12	0
69	38	0
22	75	0
48	13	0
7	60	0
96	83	0
59	99	0
44	55	0
75	11	0
46	69	0
47	56	0
93	57	0
91	3	0
1	68	0
76	6	0
83	80	0
66	29	0
34	0	0
29	69	0
79	77	0
33	86	0
53	77	0
86	17	0
13	78	0
58	15	0
57	73	0
64	96	0
31	94	0
96	11	0
92	17	0
69	8	0
41	92	0
11	90	0
0	89	0
75	58	0
74	65	0
83	64	0
11	44	0
84	50	0
65	50	0
9	20	0
79	70	0
66	61	0
16	45	0
15	67	0
40	27	0
41	39	0
11	57	0
59	56	0
47	48	0
97	43	0
77	32	0
78	4	0
77	36	0
43	90	0
19	18	0
23	47	0
72	43	0
99	87	0
71	73	0
99	74	0
22	48	0
56	76	0
58	47	0
27	63	0
85	41	0
6	30	1
23	63	0
40	23	0
80	63	0
69	96	0
51	54	0
25	58	0
35	4	0
84	67	0
24	75	0
51	28	0
87	80	0
90	78	0
18	90	0
44	57	0
13	77	0
76	78	0
40	57	0
52	62	0
39	84	0
71	70	0
31	30	0
19	65	0
92	77	0
77	60	0
99	63	0
34	81	0
57	80	0
69	30	0
25	23	0
88	26	0
40	31	0
99	0	0
18	82	0
22	22	0
3	18	1
37	99	0
87	68	0
21	41	0
93	60	0
16	96	0
16	64	0
32	1	0
95	88	0
24	27	0
0	83	0
72	99	0
40	61	0
80	68	0
22	79	0
91	22	0
26	25	0
31	81	0
28	78	0
39	16	0
22	41	0
11	34	0
98	70	0
88	13	0
51	11	0
73	8	0
89	46	0
27	7	0
44	29	0
97	36	0
9	55	0
46	88	0
10	55	0
18	77	0
73	55	0
49	93	0
67	51	0
75	82	0
36	27	0
90	70	0
33	65	0
90	44	0
10	76	0
67	42	0
29	70	0
71	31	0
5	26	1
60	38	0
89	81	0
85	90	0
84	93	0
28	83	0
20	43	0
45	51	0
47	63	0
38	29	0
23	9	0
40	64	0
9	46	0
65	0	0
75	85	0
90	52	0
98	9	0
13	51	0
5	2	0
81	95	0
6	83	0
51	18	0
55	34	0
74	11	0
21	1	0
49	16	0
20	39	0
4	33	1
55	14	0
56	6	0
31	81	0
54	18	0
30	99	0
78	0	0
31	44	0
49	62	0
66	16	0
92	60	0
63	71	0
45	62	0
53	96	0
83	89	0
14	13	0
96	58	0
15	64	0
85	69	0
57	84	0
15	34	0
14	59	0
97	46	0
28	82	0
93	96	0
66	86	0
45	12	0
43	59	0
74	55	0
44	90	0
82	50	0
96	77	0
77	26	0
11	63	0
5	67	0
80	94	0
69	37	0
56	63	0
57	5	0
19	19	0
69	68	0
33	37	0
15	63	0
33	49	0
51	49	0
33	12	0
60	30	0
4	88	0
26	44	0
12	59	0
5	60	0
81	58	0
27	21	0
64	21	0
93	25	0
81	0	0
56	66	0
2	67	0
60	26	0
36	33	0
13	16	1
15	17	0
76	72	0
70	19	0
39	43	0
49	77	0
54	84	0
15	94	0
19	61	0
50	86	0
28	41	0
80	94	0
50	40	0
30	78	0
14	8	0
56	23	0
8	46	0
60	51	0
73	15	0
30	74	0
85	61	0
57	51	0
52	44	0
42	22	0
0	67	0
75	66	0
73	49	0
40	32	0
75	62	0
74	73	0
75	44	0
59	12	0
90	76	0
84	23	0
3	73	0
68	70	0
7	29	1
26	3	0
47	27	0
7	0	0
12	52	0
14	81	0
35	92	0
27	47	0
99	32	0
10	50	0
56	98	0
17	85	0
99	66	0
47	62	0
4	22	1
82	42	0
25	0	0
59	22	0
55	7	0
14	4	0
26	84	0
50	62	0
84	75	0
66	44	0
17	8	0
26	30	0
56	9	0
9	23	1
1	76	0
72	2	0
40	70	0
56	29	0
68	99	0
10	38	0
8	90	0
89	51	0
26	19	0
88	76	0
63	56	0
67	38	0
45	31	0
96	27	0
87	63	0
13	60	0
4	92	0
30	53	0
0	88	0
6	92	0
92	22	0
32	49	0
0	97	0
53	7	0
67	3	0
44	49	0
22	19	0
66	42	0
39	22	0
18	78	0
22	34	0
55	7	0
7	38	0
94	52	0
92	4	0
58	52	0
35	2	0
43	27	0
11	94	0
57	75	0
32	65	0
13	3	0
36	22	0
10	84	0
0	76	0
66	51	0
89	42	0
53	36	0
14	81	0
22	33	0
92	81	0
68	27	0
44	79	0
62	94	0
21	12	0
5	88	0
67	17	0
56	76	0
33	39	0
93	69	0
29	76	0
94	25	0
86	16	0
98	15	0
83	85	0
44	57	0
16	83	0
81	13	0
38	7	0
67	82	0
67	73	0
18	41	0
68	44	0
63	79	0
81	19	0
95	46	0
11	66	0
59	46	0
27	30	0
90	26	0
61	42	0
70	16	0
91	93	0
77	70	0
51	69	0
77	36	0
57	71	0
4	92	0
35	2	0
7	93	0
18	77	0
67	64	0
73	95	0
86	12	0
95	95	0
78	1	0
8	5	0
91	73	0
69	7	0
98	34	0
74	61	0
51	45	0
16	65	0
67	91	0
60	73	0
2	43	0
8	45	0
36	97	0
0	80	0
58	7	0
38	46	0
14	66	0
39	35	0
14	22	1
3	42	0
98	55	0
55	31	0
3	45	0
24	88	0
79	62	0
2	7	0
89	87	0
21	81	0
64	51	0
41	54	0
88	42	0
61	40	0
0	7	0
11	8	0
3	53	0
24	56	0
95	77	0
60	48	0
95	69	0
10	54	0
76	58	0
18	79	0
0	3	0
74	80	0
1	14	1
28	72	0
40	7	0
30	22	0
6	74	0
32	93	0
5	2	0
76	36	0
58	62	0
80	63	0
82	84	0
41	87	0
32	27	0
3	65	0
10	10	0
37	71	0
47	48	0
52	53	0
83	15	0
