93	60	0
57	13	0
44	22	0
48	89	0
0	44	0
86	31	0
97	75	0
10	9	0
46	12	0
64	88	0
44	38	0
71	44	0
0	94	0
31	9	0
17	56	0
98	5	0
82	82	0
70	30	0
33	59	0
98	55	0
98	1	0
43	76	0
71	80	0
82	88	0
76	1	0
21	95	0
64	16	0
74	73	0
71	88	0
95	60	0
4	44	0
32	24	0
47	17	0
81	18	0
50	48	0
86	76	0
10	97	0
70	68	0
90	19	0
81	97	0
40	16	0
32	60	0
67	58	0
99	59	0
57	85	0
92	47	0
20	99	0
29	44	0
59	12	0
93	46	0
26	64	0
59	6	0
32	81	0
67	98	0
29	65	0
92	70	0
51	15	0
39	57	0
81	76	0
98	87	0
77	10	0
24	92	0
91	2	0
50	12	0
93	66	0
46	24	0
12	86	0
91	7	0
34	82	0
86	75	0
58	51	0
21	33	0
93	77	0
24	37	0
26	48	0
86	38	0
24	13	0
10	36	0
45	83	0
66	99	0
71	25	0
45	98	0
72	94	0
6	10	0
15	30	0
91	10	0
89	11	0
50	48	0
83	35	0
22	33	0
78	49	0
47	54	0
31	9	0
32	5	0
70	52	0
22	81	0
51	2	0
46	85	0
40	1	0
34	25	0
87	35	0
50	61	0
55	45	0
19	78	0
71	76	0
0	83	0
43	96	0
82	48	0
65	18	0
52	79	0
3	51	0
66	5	0
51	74	0
6	83	0
46	3	0
20	54	0
19	31	0
93	81	0
9	31	1
38	27	0
3	2	0
34	95	0
90	4	0
63	58	0
11	37	0
74	77	0
96	19	0
65	58	0
51	84	0
30	18	0
60	94	0
14	15	0
75	82	0
64	53	0
26	93	0
81	33	0
38	35	0
19	21	0
71	7	0
11	6	0
0	79	0
12	10	0
93	81	0
94	11	0
84	41	0
55	60	0
66	12	0
86	89	0
3	5	0
35	16	0
17	7	0
80	74	0
37	38	0
89	73	0
83	80	0
52	28	0
57	37	0
73	53	0
2	49	0
25	76	0
17	58	0
91	78	0
47	59	0
36	92	0
89	45	0
68	69	0
59	82	0
20	38	0
99	77	0
5	43	0
31	35	0
15	21	0
21	75	0
31	69	0
95	24	0
53	33	0
76	7	0
40	80	0
69	24	0
56	37	0
73	72	0
23	48	0
67	61	0
34	97	0
32	65	0
27	2	0
69	24	0
24	95	0
5	85	0
64	82	0
81	46	0
19	85	0
18	48	0
85	69	0
24	54	0
33	74	0
38	87	0
57	41	0
33	0	0
17	46	0
75	88	0
92	85	0
61	94	0
70	12	0
6	55	0
62	9	0
61	24	0
59	23	0
75	17	0
28	59	0
2	76	0
48	67	0
65	39	0
30	69	0
83	22	0
57	87	0
34	74	0
22	13	0
84	78	0
31	81	0
45	4	0
3	86	0
84	20	0
92	75	0
77	85	0
86	28	0
2	78	0
20	85	0
93	46	0
61	70	0
36	42	0
44	77	0
73	71	0
47	62	0
16	77	0
36	64	0
65	4	0
7	58	0
68	95	0
66	41	0
26	83	0
89	64	0
38	10	0
38	61	0
8	73	0
39	91	0
60	28	0
74	15	0
18	36	0
93	60	0
63	41	0
75	43	0
15	92	0
57	13	0
18	80	0
66	67	0
64	55	0
70	58	0
58	4	0
24	9	0
10	50	0
79	50	0
50	14	0
74	58	0
45	84	0
62	48	0
92	28	0
93	12	0
14	59	0
84	68	0
22	87	0
15	18	0
99	53	0
37	95	0
48	37	0
51	1	0
14	98	0
68	40	0
39	55	0
35	76	0
42	6	0
17	82	0
80	83	0
85	76	0
61	32	0
88	71	0
13	88	0
43	41	0
65	0	0
68	17	0
32	26	0
55	6	0
56	18	0
53	35	0
68	35	0
28	49	0
21	49	0
56	45	0
70	71	0
89	86	0
44	97	0
75	9	0
94	58	0
69	9	0
12	53	0
16	13	0
91	38	0
57	29	0
77	75	0
16	45	0
51	66	0
61	23	0
31	96	0
31	86	0
41	77	0
97	47	0
46	25	0
48	0	0
29	44	0
88	50	0
73	4	0
64	93	0
27	3	0
66	91	0
6	76	0
44	76	0
30	24	0
6	49	0
11	14	0
84	9	0
25	35	0
78	21	0
40	4	0
4	9	0
85	13	0
25	65	0
26	41	0
91	27	0
85	52	0
10	34	0
21	39	0
0	52	0
35	90	0
15	80	0
4	4	0
34	92	0
51	63	0
45	17	0
8	16	0
53	29	0
46	86	0
39	72	0
87	99	0
32	29	0
17	55	0
34	45	0
57	70	0
73	99	0
48	12	0
71	6	0
28	6	0
42	10	0
53	3	0
18	57	0
79	58	0
66	0	0
29	46	0
62	2	0
55	59	0
46	58	0
36	61	0
80	82	0
69	48	0
20	68	0
52	43	0
22	16	0
98	10	0
44	5	0
63	26	0
57	25	0
17	42	0
10	70	0
61	74	0
9	80	0
40	97	0
28	85	0
38	23	0
41	37	0
89	62	0
62	33	0
12	69	0
72	80	0
5	20	1
65	85	0
27	29	0
67	18	0
72	93	0
70	2	0
96	63	0
76	44	0
41	28	0
34	38	0
35	38	0
89	75	0
15	23	0
67	24	0
85	6	0
9	51	0
40	86	0
74	77	0
78	5	0
0	62	0
94	46	0
58	98	0
10	16	0
67	3	0
56	57	0
38	61	0
59	46	0
19	39	0
51	38	0
72	81	0
62	54	0
39	32	0
71	70	0
22	45	0
19	78	0
78	83	0
45	17	0
3	78	0
72	20	0
85	24	0
69	43	0
16	62	0
68	18	0
20	27	0
60	47	0
17	98	0
66	50	0
55	6	0
85	51	0
37	27	0
27	73	0
41	7	0
79	40	0
3	2	0
60	98	0
16	92	0
27	34	0
51	67	0
57	26	0
9	94	0
11	47	0
16	40	0
54	11	0
94	35	0
74	24	0
88	99	0
32	65	0
20	26	0
38	21	0
44	24	0
94	11	0
54	60	0
79	79	0
32	41	0
63	97	0
75	57	0
41	77	0
81	0	0
70	46	0
77	11	0
65	17	0
42	22	0
33	31	0
95	7	0
63	24	0
4	76	0
97	3	0
95	88	0
8	92	0
8	29	1
88	65	0
42	50	0
35	6	0
91	85	0
79	60	0
23	97	0
70	31	0
78	38	0
91	60	0
9	20	1
85	74	0
31	78	0
78	75	0
26	99	0
96	69	0
34	45	0
22	82	0
96	83	0
35	32	0
29	36	0
69	70	0
64	97	0
44	73	0
14	15	0
46	79	0
61	62	0
39	60	0
33	74	0
88	21	0
11	94	0
82	48	0
25	77	0
37	64	0
42	78	0
89	35	0
30	29	0
23	53	0
3	18	0
68	41	0
97	70	0
59	21	0
80	92	0
73	94	0
29	38	0
49	16	0
27	47	0
23	77	0
4	22	1
34	31	0
50	69	0
66	92	0
33	30	0
71	88	0
52	32	0
37	11	0
69	40	0
25	74	0
52	10	0
12	58	0
99	85	0
62	97	0
41	56	0
76	10	0
48	66	0
5	20	1
6	23	1
46	50	0
96	56	0
90	1	0
4	65	0
74	5	0
85	85	0
68	27	0
33	1	0
27	67	0
82	75	0
35	81	0
54	81	0
84	19	0
17	75	0
57	17	0
59	74	0
62	96	0
33	90	0
99	13	0
93	17	0
67	13	0
41	92	0
12	93	0
0	87	0
75	60	0
77	59	0
86	66	0
10	48	0
87	47	0
62	54	0
9	17	0
81	69	0
67	66	0
19	44	0
10	68	0
41	27	0
38	39	0
10	60	0
61	52	0
45	48	0
95	40	0
73	31	0
82	0	0
74	38	0
48	89	0
2	33	1
16	17	0
21	49	0
71	48	0
97	82	0
72	73	0
98	75	0
21	45	0
54	72	0
56	41	0
32	65	0
78	42	0
6	28	1
19	67	0
39	24	0
78	65	0
66	97	0
50	56	0
12	16	1
23	62	0
35	6	0
86	62	0
21	79	0
49	32	0
85	83	0
95	82	0
11	96	0
43	53	0
14	80	0
75	78	0
39	53	0
54	60	0
41	79	0
76	68	0
27	31	0
17	63	0
93	76	0
76	60	0
93	61	0
32	82	0
60	82	0
66	27	0
26	26	0
86	26	0
42	30	0
94	1	0
23	85	0
23	23	0
3	15	0
35	98	0
90	66	0
24	39	0
95	53	0
14	99	0
16	68	0
31	0	0
95	95	0
21	25	0
4	87	0
69	99	0
38	60	0
79	69	0
22	78	0
89	30	0
24	26	0
37	80	0
29	73	0
37	22	0
21	41	0
16	33	0
93	69	0
85	17	0
48	13	0
70	8	0
89	49	0
31	12	0
45	30	0
93	34	0
8	54	0
45	86	0
11	52	0
17	79	0
74	56	0
45	94	0
61	50	0
71	79	0
36	26	0
91	75	0
34	65	0
91	43	0
11	73	0
68	46	0
25	64	0
70	31	0
2	28	1
62	38	0
87	77	0
87	87	0
88	97	0
25	82	0
21	42	0
46	51	0
45	63	0
38	30	0
24	10	0
36	59	0
9	53	0
62	3	0
72	84	0
88	52	0
95	4	0
8	52	0
7	0	0
77	98	0
10	82	0
52	23	0
54	34	0
77	13	0
23	0	0
50	8	0
14	40	0
2	34	0
52	14	0
51	7	0
0	24	1
30	82	0
55	24	0
36	95	0
81	0	0
32	43	0
52	64	0
67	19	0
90	59	0
61	68	0
45	63	0
50	94	0
82	94	0
18	14	0
94	58	0
18	64	0
85	65	0
56	86	0
15	34	0
17	58	0
99	39	0
25	78	0
92	98	0
70	84	0
45	9	0
41	63	0
79	57	0
38	88	0
79	48	0
91	73	0
75	24	0
9	61	0
11	65	0
87	94	0
70	36	0
63	66	0
60	6	0
16	22	0
75	69	0
32	34	0
12	62	0
32	50	0
49	50	0
33	14	0
58	29	0
8	87	0
21	44	0
11	58	0
8	53	0
79	59	0
26	20	0
61	19	0
96	21	0
84	4	0
56	64	0
0	71	0
57	31	0
37	28	0
15	10	0
19	18	0
76	72	0
69	22	0
36	42	0
45	76	0
58	79	0
13	92	0
22	69	0
47	80	0
27	39	0
76	94	0
52	33	0
35	80	0
15	4	0
53	16	0
13	45	0
59	50	0
74	12	0
26	75	0
83	64	0
60	51	0
49	43	0
42	26	0
3	65	0
78	67	0
74	53	0
47	33	0
74	63	0
74	75	0
76	43	0
63	9	0
92	77	0
83	20	0
0	73	0
73	64	0
4	27	1
13	27	1
25	0	0
45	28	0
1	3	0
10	54	0
18	80	0
31	93	0
32	48	0
95	30	0
11	46	0
58	91	0
18	87	0
5	31	1
98	60	0
40	58	0
7	20	1
83	46	0
26	4	0
59	22	0
56	3	0
13	2	0
27	86	0
47	58	0
84	74	0
65	43	0
14	2	0
27	29	0
58	9	0
9	27	1
6	75	0
75	7	0
39	67	0
54	38	0
64	99	0
14	41	0
10	94	0
89	47	0
24	20	0
93	78	0
59	59	0
69	40	0
49	32	0
96	28	0
87	58	0
14	59	0
1	92	0
33	47	0
1	88	0
6	97	0
91	22	0
28	52	0
2	98	0
52	6	0
64	5	0
45	48	0
26	16	0
65	42	0
43	26	0
18	80	0
23	32	0
60	7	0
9	42	0
93	47	0
90	4	0
58	57	0
35	0	0
42	27	0
13	96	0
59	75	0
27	66	0
14	7	0
37	26	0
8	87	0
1	77	0
71	52	0
89	47	0
55	34	0
13	78	0
21	34	0
91	82	0
68	27	0
48	76	0
63	94	0
21	15	0
9	86	0
66	16	0
53	77	0
33	40	0
93	66	0
35	75	0
94	22	0
86	19	0
99	19	0
86	83	0
42	54	0
18	82	0
81	11	0
35	1	0
64	78	0
65	76	0
23	45	0
66	50	0
59	80	0
78	19	0
91	49	0
10	65	0
62	43	0
27	34	0
90	27	0
64	41	0
68	15	0
90	96	0
81	72	0
51	72	0
78	39	0
57	65	0
7	98	0
37	3	0
6	94	0
18	79	0
62	62	0
71	91	0
80	12	0
94	98	0
76	1	0
9	7	0
93	75	0
66	9	0
97	34	0
74	61	0
49	43	0
16	64	0
64	92	0
62	71	0
0	45	0
5	43	0
37	95	0
1	86	0
58	5	0
39	47	0
10	70	0
39	33	0
12	27	0
2	45	0
97	54	0
52	32	0
0	50	0
24	90	0
78	62	0
0	10	0
87	90	0
23	80	0
65	47	0
40	52	0
93	43	0
55	42	0
4	6	0
9	11	0
1	52	0
22	58	0
97	75	0
66	53	0
95	67	0
10	51	0
76	58	0
18	78	0
1	4	0
74	79	0
5	19	0
26	72	0
39	11	0
29	24	0
3	76	0
35	93	0
4	6	0
72	43	0
59	60	0
83	63	0
86	78	0
42	88	0
33	28	0
6	63	0
6	14	0
38	66	0
52	49	0
55	50	0
81	17	0
