97	65	0
49	16	0
40	21	0
43	88	0
2	44	0
88	28	0
93	76	0
8	3	0
43	13	0
70	93	0
44	34	0
78	44	0
4	86	0
23	2	0
16	60	0
96	4	0
91	81	0
70	28	0
30	62	0
98	65	0
96	1	0
42	71	0
76	80	0
81	81	0
74	0	0
26	90	0
57	10	0
80	77	0
71	90	0
94	53	0
4	39	0
26	30	0
43	24	0
82	19	0
37	48	0
92	75	0
9	95	0
72	72	0
88	13	0
83	95	0
42	11	0
27	57	0
68	52	0
99	57	0
57	83	0
96	51	0
16	98	0
36	43	0
60	17	0
88	41	0
23	62	0
60	11	0
34	87	0
53	87	0
25	69	0
98	69	0
53	18	0
37	57	0
87	69	0
96	96	0
81	15	0
23	94	0
88	3	0
53	14	0
89	67	0
41	35	0
13	85	0
87	7	0
35	82	0
86	76	0
57	50	0
19	31	0
91	76	0
25	39	0
23	51	0
90	38	0
19	19	0
15	37	0
39	84	0
64	94	0
72	27	0
39	97	0
66	99	0
4	9	0
16	28	0
93	14	0
95	17	0
43	58	0
82	40	0
19	29	0
75	51	0
43	52	0
33	9	0
33	4	0
71	48	0
26	80	0
58	4	0
48	81	0
39	3	0
38	30	0
86	44	0
49	65	0
62	50	0
21	73	0
66	78	0
8	76	0
49	82	0
84	48	0
67	12	0
52	79	0
6	50	0
61	9	0
53	72	0
10	72	0
46	2	0
24	57	0
18	35	0
92	81	0
46	34	0
0	4	0
32	97	0
86	3	0
68	63	0
23	38	0
78	82	0
96	18	0
64	68	0
58	89	0
35	19	0
61	97	0
23	19	0
68	82	0
62	50	0
33	95	0
80	28	0
39	38	0
19	27	0
77	2	0
9	10	1
3	76	0
15	13	1
99	72	0
87	8	0
85	39	0
44	60	0
64	7	0
77	97	0
6	4	0
38	14	0
13	10	1
84	79	0
36	35	0
91	69	0
83	84	0
57	27	0
50	37	0
73	52	0
5	51	0
26	80	0
12	58	0
83	80	0
53	62	0
37	97	0
86	48	0
72	72	0
58	81	0
19	41	0
93	81	0
3	46	0
33	37	0
24	21	0
25	74	0
32	76	0
98	27	0
46	33	0
74	10	0
41	79	0
70	22	0
58	29	0
77	77	0
18	47	0
64	60	0
31	97	0
33	63	0
34	3	0
70	18	0
25	95	0
10	85	0
71	82	0
85	50	0
23	87	0
26	35	0
80	73	0
26	50	0
35	77	0
35	96	0
50	38	0
35	3	0
16	41	0
79	92	0
93	89	0
59	91	0
71	17	0
5	61	0
60	3	0
61	17	0
63	23	0
86	22	0
26	58	0
6	73	0
54	62	0
66	36	0
32	74	0
87	21	0
61	87	0
30	68	0
26	17	0
82	76	0
37	72	0
43	3	0
1	87	0
85	20	0
98	73	0
79	90	0
84	22	0
3	80	0
19	83	0
99	50	0
57	73	0
37	46	0
42	75	0
59	69	0
55	51	0
10	81	0
36	65	0
64	12	0
7	59	0
64	99	0
67	41	0
33	86	0
94	62	0
42	9	0
41	61	0
4	75	0
39	88	0
58	31	0
71	17	0
14	39	0
91	60	0
68	49	0
80	48	0
13	88	0
61	12	0
19	81	0
62	72	0
58	53	0
66	62	0
54	1	0
27	11	0
7	61	0
79	46	0
50	10	0
64	58	0
48	80	0
58	53	0
91	32	0
98	14	0
9	65	0
84	67	0
21	92	0
16	18	1
92	55	0
38	95	0
56	36	0
46	0	0
11	99	0
78	34	0
40	58	0
37	76	0
50	4	0
20	87	0
79	79	0
84	88	0
55	31	0
90	73	0
13	88	0
37	46	0
65	5	0
61	20	0
30	29	0
50	1	0
60	10	0
52	43	0
65	34	0
27	50	0
23	47	0
54	53	0
67	74	0
82	76	0
51	93	0
76	11	0
97	56	0
74	6	0
11	54	0
25	10	0
91	37	0
53	30	0
76	78	0
9	41	0
53	65	0
62	25	0
28	96	0
29	91	0
37	74	0
89	50	0
45	28	0
48	1	0
25	47	0
89	55	0
70	10	0
69	94	0
18	3	0
69	95	0
10	75	0
44	84	0
35	31	0
2	55	0
12	12	1
82	9	0
21	32	0
77	15	0
40	10	0
8	3	0
84	14	0
28	57	0
17	41	0
89	29	0
95	52	0
10	30	0
24	35	0
5	57	0
38	91	0
10	73	0
2	5	0
42	96	0
52	62	0
42	24	0
10	14	1
55	29	0
44	83	0
38	68	0
94	94	0
35	28	0
18	51	0
36	42	0
56	67	0
76	99	0
46	9	0
75	2	0
31	8	0
42	8	0
55	4	0
21	52	0
79	59	0
63	1	0
26	44	0
60	3	0
53	54	0
52	52	0
32	57	0
76	78	0
67	56	0
15	73	0
55	35	0
25	14	0
99	6	0
46	1	0
62	21	0
56	30	0
17	41	0
11	76	0
63	76	0
12	80	0
37	94	0
23	86	0
43	21	0
33	38	0
83	65	0
54	42	0
5	73	0
73	79	0
62	82	0
28	30	0
70	19	0
71	92	0
66	7	0
98	63	0
76	42	0
37	18	0
36	44	0
36	41	0
90	81	0
18	24	0
73	22	0
87	4	0
15	53	0
31	92	0
73	76	0
80	3	0
1	69	0
92	39	0
54	92	0
10	12	0
69	0	0
61	54	0
39	55	0
62	51	0
29	37	0
51	37	0
78	77	0
66	52	0
38	33	0
71	67	0
24	49	0
28	85	0
81	90	0
44	16	0
0	77	0
72	21	0
84	20	0
72	45	0
17	64	0
61	22	0
20	31	0
55	41	0
11	97	0
65	45	0
59	18	0
88	48	0
46	23	0
32	76	0
44	1	0
82	37	0
4	1	0
62	95	0
2	93	0
34	34	0
52	78	0
52	26	0
14	97	0
15	47	0
12	38	0
58	16	0
98	33	0
77	23	0
92	98	0
33	60	0
18	19	1
38	15	0
35	26	0
87	13	0
52	62	0
79	80	0
27	30	0
67	97	0
78	64	0
38	76	0
76	2	0
67	44	0
82	14	0
67	25	0
41	22	0
35	35	0
99	1	0
59	25	0
5	72	0
95	15	0
97	88	0
8	90	0
87	66	0
44	44	0
33	4	0
91	83	0
83	55	0
26	96	0
65	24	0
74	39	0
92	64	0
82	70	0
33	76	0
76	77	0
30	92	0
94	74	0
34	46	0
26	89	0
98	89	0
30	31	0
29	41	0
73	70	0
61	97	0
51	73	0
13	11	1
51	82	0
66	63	0
36	55	0
34	69	0
87	21	0
14	90	0
88	48	0
24	78	0
40	57	0
43	85	0
86	29	0
28	33	0
18	51	0
4	18	1
63	40	0
99	68	0
60	23	0
78	90	0
66	94	0
32	38	0
56	16	0
29	46	0
18	75	0
38	32	0
56	70	0
67	91	0
30	23	0
73	83	0
51	35	0
35	9	0
63	35	0
26	76	0
46	11	0
8	58	0
97	85	0
59	99	0
48	47	0
79	10	0
42	65	0
48	50	0
93	56	0
92	2	0
2	70	0
76	2	0
81	79	0
70	27	0
35	0	0
33	71	0
76	75	0
34	82	0
54	81	0
82	17	0
10	73	0
59	10	0
52	72	0
64	97	0
29	91	0
93	9	0
90	21	0
67	6	0
37	88	0
10	90	0
5	89	0
74	53	0
76	61	0
75	64	0
12	40	0
88	50	0
66	53	0
15	17	1
83	73	0
68	60	0
19	45	0
17	71	0
37	29	0
43	35	0
2	53	0
58	60	0
45	42	0
93	41	0
79	33	0
77	1	0
79	32	0
48	87	0
23	16	0
18	55	0
68	39	0
99	85	0
70	75	0
96	74	0
23	43	0
56	65	0
64	54	0
25	61	0
81	40	0
13	28	1
25	62	0
45	28	0
87	59	0
73	95	0
50	53	0
23	65	0
34	5	0
79	68	0
23	77	0
47	25	0
82	81	0
89	76	0
18	86	0
46	57	0
16	77	0
82	73	0
40	58	0
54	60	0
37	81	0
64	68	0
32	31	0
17	64	0
93	77	0
78	53	0
96	61	0
37	84	0
57	75	0
65	30	0
18	23	0
86	26	0
35	33	0
95	2	0
19	88	0
28	30	0
0	21	1
32	92	0
82	63	0
19	41	0
93	61	0
17	95	0
14	70	0
29	3	0
97	88	0
25	31	0
1	83	0
72	91	0
36	63	0
79	70	0
24	80	0
95	21	0
24	20	0
38	86	0
25	72	0
33	14	0
24	39	0
12	32	0
99	68	0
89	9	0
54	10	0
71	8	0
87	44	0
27	8	0
41	34	0
98	37	0
10	59	0
46	90	0
5	46	0
19	82	0
73	56	0
46	96	0
67	49	0
74	81	0
38	28	0
85	71	0
32	67	0
86	47	0
10	79	0
62	38	0
30	70	0
74	31	0
57	41	0
90	87	0
85	92	0
86	91	0
23	86	0
22	39	0
51	52	0
46	63	0
41	30	0
23	9	0
41	68	0
8	44	0
67	0	0
72	85	0
89	53	0
98	14	0
13	49	0
3	2	0
82	99	0
4	88	0
53	16	0
54	40	0
74	11	0
17	0	0
45	12	0
16	38	0
1	29	1
49	17	0
56	8	0
37	82	0
54	21	0
37	93	0
72	0	0
29	44	0
45	61	0
66	16	0
91	64	0
65	75	0
44	66	0
53	99	0
79	86	0
4	15	0
90	58	0
14	63	0
81	70	0
52	86	0
18	35	0
17	62	0
97	49	0
31	84	0
93	95	0
62	85	0
45	12	0
44	54	0
75	58	0
45	92	0
77	52	0
95	73	0
78	22	0
20	66	0
4	65	0
72	93	0
71	42	0
56	66	0
59	8	0
27	17	0
69	72	0
28	39	0
14	65	0
33	47	0
50	44	0
28	14	0
60	29	0
5	88	0
23	38	0
11	63	0
0	65	0
80	59	0
27	25	0
60	11	0
94	22	0
82	0	0
55	68	0
0	64	0
62	28	0
38	36	0
13	12	1
20	19	1
73	69	0
75	16	0
42	41	0
48	69	0
53	85	0
16	95	0
23	63	0
46	91	0
26	38	0
76	87	0
50	38	0
29	81	0
12	15	1
50	26	0
9	48	0
55	53	0
68	19	0
28	74	0
86	55	0
53	46	0
52	47	0
45	19	0
0	70	0
71	62	0
69	51	0
42	35	0
76	59	0
78	75	0
74	42	0
65	15	0
88	75	0
86	21	0
6	76	0
71	74	0
25	7	0
52	33	0
9	2	0
9	55	0
10	83	0
29	90	0
30	54	0
93	31	0
13	49	0
55	97	0
16	83	0
96	68	0
52	69	0
86	40	0
18	1	0
60	22	0
47	10	0
13	5	0
22	87	0
50	62	0
81	76	0
68	47	0
16	6	0
23	33	0
59	9	0
1	77	0
72	3	0
40	75	0
58	28	0
70	97	0
9	37	0
6	93	0
92	58	0
25	23	0
84	76	0
64	57	0
70	40	0
45	29	0
94	29	0
89	65	0
17	63	0
6	91	0
23	53	0
1	89	0
5	95	0
92	28	0
31	51	0
0	97	0
51	10	0
65	0	0
40	46	0
25	20	0
74	45	0
37	20	0
21	82	0
25	35	0
62	11	0
4	41	0
92	50	0
87	4	0
58	50	0
34	2	0
44	23	0
9	95	0
57	80	0
33	63	0
12	9	0
36	16	0
4	82	0
2	77	0
62	54	0
86	47	0
45	36	0
26	77	0
26	34	0
92	87	0
69	27	0
41	83	0
63	96	0
23	17	0
4	88	0
66	16	0
58	71	0
37	37	0
96	69	0
30	70	0
96	22	0
83	18	0
97	20	0
84	86	0
45	55	0
21	85	0
84	12	0
34	3	0
69	82	0
68	69	0
17	43	0
70	43	0
64	83	0
81	17	0
93	43	0
13	67	0
54	47	0
29	25	0
91	24	0
54	47	0
68	14	0
90	90	0
83	71	0
53	70	0
77	34	0
60	69	0
7	93	0
36	5	0
7	95	0
16	76	0
63	66	0
76	96	0
86	10	0
96	91	0
78	2	0
13	8	0
88	71	0
68	12	0
98	34	0
75	57	0
54	44	0
19	63	0
59	94	0
54	72	0
6	44	0
9	42	0
38	93	0
1	73	0
50	8	0
40	50	0
10	66	0
44	35	0
12	20	1
0	40	0
99	48	0
57	27	0
2	44	0
24	88	0
74	62	0
1	4	0
87	79	0
21	80	0
63	43	0
40	55	0
90	48	0
60	43	0
0	10	0
7	10	1
5	54	0
24	62	0
88	76	0
61	46	0
96	69	0
8	55	0
70	59	0
20	73	0
0	10	0
75	74	0
0	15	1
29	67	0
44	6	0
30	23	0
9	74	0
35	90	0
2	2	0
78	37	0
63	64	0
80	66	0
79	80	0
43	87	0
28	21	0
2	68	0
9	12	0
40	65	0
41	49	0
55	47	0
82	14	0
