1	23	1
94	60	0
53	14	0
44	22	0
51	93	0
3	43	0
86	34	0
95	73	0
7	11	0
47	12	0
67	89	0
44	39	0
70	47	0
2	92	0
31	9	0
17	56	0
95	2	0
82	79	0
67	32	0
33	60	0
99	54	0
97	0	0
45	79	0
70	78	0
81	89	0
78	3	0
23	95	0
63	16	0
74	71	0
68	87	0
96	58	0
2	43	0
30	24	0
48	16	0
79	18	0
51	48	0
88	78	0
10	97	0
70	69	0
93	18	0
82	95	0
42	14	0
33	59	0
65	59	0
95	55	0
56	87	0
94	48	0
17	97	0
26	45	0
63	11	0
91	44	0
26	66	0
61	5	0
33	83	0
64	97	0
27	68	0
92	66	0
51	15	0
38	59	0
79	75	0
99	88	0
77	10	0
24	96	0
89	4	0
52	13	0
89	62	0
45	23	0
11	87	0
87	4	0
31	81	0
88	77	0
58	50	0
21	33	0
94	74	0
22	37	0
26	45	0
85	39	0
22	12	0
9	39	0
45	84	0
67	97	0
69	21	0
47	99	0
73	93	0
5	11	0
11	28	0
91	11	0
87	15	0
53	49	0
87	36	0
22	32	0
77	53	0
47	52	0
33	8	0
32	7	0
68	49	0
21	79	0
51	1	0
45	81	0
41	2	0
32	27	0
87	34	0
49	63	0
56	46	0
17	79	0
70	75	0
1	81	0
41	94	0
85	47	0
67	19	0
54	80	0
5	48	0
63	7	0
50	73	0
4	82	0
45	6	0
22	57	0
19	33	0
89	81	0
8	31	1
38	24	0
1	0	0
37	94	0
89	6	0
60	59	0
9	34	0
72	80	0
94	20	0
62	60	0
49	82	0
31	19	0
62	93	0
13	17	0
74	80	0
65	54	0
26	95	0
83	34	0
39	38	0
19	21	0
69	9	0
11	6	0
1	80	0
13	9	0
94	86	0
95	13	0
84	40	0
53	62	0
64	12	0
85	87	0
4	3	0
37	14	0
17	2	0
83	72	0
39	38	0
92	72	0
87	81	0
53	29	0
55	36	0
75	53	0
0	50	0
27	73	0
13	58	0
92	77	0
46	62	0
36	92	0
88	43	0
71	74	0
58	82	0
22	38	0
99	78	0
3	42	0
31	34	0
17	25	0
23	74	0
29	66	0
94	23	0
53	32	0
78	10	0
42	78	0
66	21	0
58	38	0
74	74	0
25	48	0
69	61	0
35	99	0
32	62	0
28	2	0
70	24	0
22	95	0
7	81	0
64	79	0
81	49	0
19	84	0
14	49	0
85	70	0
24	53	0
31	75	0
37	85	0
56	39	0
31	2	0
18	47	0
78	85	0
92	86	0
60	92	0
70	13	0
10	55	0
62	8	0
62	23	0
58	24	0
74	16	0
26	62	0
7	76	0
48	63	0
68	38	0
30	71	0
79	23	0
57	89	0
33	73	0
22	13	0
88	78	0
32	80	0
45	5	0
3	85	0
83	24	0
91	75	0
76	87	0
86	27	0
4	79	0
18	82	0
93	44	0
64	71	0
37	45	0
43	76	0
71	70	0
48	66	0
19	78	0
38	66	0
66	7	0
5	57	0
66	97	0
66	40	0
24	86	0
87	67	0
39	12	0
37	60	0
13	75	0
39	93	0
63	27	0
70	15	0
20	38	0
97	57	0
63	43	0
74	44	0
13	93	0
54	13	0
20	79	0
66	68	0
61	56	0
69	59	0
58	4	0
26	7	0
9	52	0
83	51	0
51	13	0
74	56	0
44	86	0
62	46	0
95	30	0
90	11	0
16	58	0
84	68	0
22	85	0
18	19	0
97	53	0
39	96	0
46	37	0
53	1	0
14	98	0
69	37	0
40	55	0
34	72	0
46	4	0
18	80	0
81	86	0
86	75	0
62	33	0
88	71	0
15	88	0
43	42	0
64	0	0
71	18	0
34	26	0
55	4	0
54	15	0
51	36	0
63	32	0
31	49	0
22	48	0
57	43	0
70	69	0
91	88	0
43	99	0
73	8	0
92	57	0
70	11	0
13	56	0
16	14	0
90	36	0
58	30	0
75	73	0
16	44	0
49	67	0
60	21	0
31	95	0
30	81	0
44	74	0
95	48	0
49	27	0
52	4	0
27	46	0
86	49	0
74	3	0
65	93	0
29	0	0
64	88	0
5	76	0
40	77	0
31	27	0
9	52	0
9	14	0
87	12	0
28	35	0
80	16	0
39	7	0
2	10	0
84	14	0
24	68	0
25	43	0
92	26	0
82	54	0
12	34	0
24	41	0
0	48	0
37	87	0
14	77	0
7	5	0
34	92	0
51	62	0
41	17	0
10	13	0
52	31	0
46	86	0
39	71	0
86	98	0
30	30	0
20	56	0
31	46	0
57	68	0
73	96	0
51	10	0
71	9	0
29	7	0
44	11	0
52	2	0
17	58	0
80	57	0
66	2	0
26	50	0
60	0	0
54	58	0
44	58	0
34	59	0
80	83	0
72	47	0
23	64	0
51	47	0
20	16	0
99	11	0
48	2	0
61	26	0
56	27	0
17	44	0
10	71	0
59	73	0
8	77	0
39	99	0
27	85	0
37	27	0
41	35	0
90	61	0
63	33	0
12	69	0
72	77	0
5	20	1
64	89	0
29	30	0
64	19	0
73	92	0
73	1	0
96	64	0
74	46	0
40	29	0
36	39	0
35	39	0
91	76	0
15	19	0
65	23	0
81	6	0
10	49	0
40	83	0
73	76	0
79	8	0
1	60	0
93	45	0
57	97	0
9	14	0
68	1	0
56	60	0
38	63	0
61	47	0
19	37	0
54	40	0
70	82	0
58	53	0
39	29	0
73	71	0
20	45	0
19	79	0
77	83	0
47	18	0
4	77	0
72	19	0
88	25	0
71	41	0
16	61	0
70	19	0
24	27	0
62	44	0
17	98	0
67	50	0
53	5	0
85	54	0
36	29	0
29	72	0
42	10	0
80	39	0
3	5	0
61	97	0
15	94	0
27	34	0
52	66	0
59	26	0
10	95	0
13	46	0
18	40	0
55	9	0
94	36	0
69	22	0
86	99	0
34	67	0
23	25	0
36	20	0
44	26	0
94	11	0
56	57	0
81	78	0
32	41	0
62	97	0
73	59	0
42	75	0
79	1	0
72	47	0
75	10	0
64	18	0
42	20	0
30	28	0
94	8	0
63	26	0
1	75	0
95	3	0
97	88	0
7	92	0
6	28	1
88	66	0
41	46	0
35	2	0
90	84	0
79	63	0
26	98	0
70	33	0
78	40	0
91	61	0
8	21	1
85	75	0
34	77	0
77	75	0
25	99	0
98	68	0
34	46	0
22	85	0
98	83	0
37	34	0
31	35	0
71	69	0
66	97	0
46	74	0
15	12	0
45	80	0
61	64	0
37	61	0
35	75	0
85	22	0
13	95	0
81	49	0
23	78	0
37	66	0
39	76	0
92	33	0
34	32	0
19	53	0
4	18	0
70	42	0
96	71	0
57	20	0
79	91	0
72	95	0
32	36	0
45	17	0
24	49	0
26	78	0
9	20	1
36	32	0
50	70	0
64	92	0
33	29	0
74	86	0
53	31	0
35	11	0
70	39	0
22	72	0
49	13	0
14	56	0
99	86	0
57	97	0
43	54	0
75	8	0
47	65	0
5	24	1
5	22	1
43	49	0
95	58	0
91	0	0
4	64	0
75	7	0
86	87	0
71	24	0
33	2	0
27	70	0
82	73	0
32	81	0
52	81	0
84	21	0
18	74	0
60	19	0
60	77	0
60	94	0
36	89	0
96	11	0
94	18	0
68	14	0
41	92	0
11	94	0
0	87	0
77	60	0
75	58	0
89	65	0
9	47	0
87	48	0
62	58	0
8	16	0
78	68	0
65	70	0
21	44	0
10	70	0
43	28	0
39	41	0
10	61	0
61	48	0
48	49	0
96	41	0
74	32	0
81	2	0
76	38	0
48	87	0
0	29	1
16	16	0
23	45	0
71	47	0
99	83	0
72	72	0
97	79	0
23	45	0
54	72	0
57	40	0
32	64	0
78	43	0
6	28	0
22	70	0
41	26	0
76	64	0
63	98	0
48	55	0
11	18	1
26	63	0
33	9	0
86	64	0
25	77	0
47	33	0
86	82	0
96	86	0
13	98	0
41	53	0
15	78	0
77	78	0
38	52	0
54	56	0
45	79	0
74	71	0
26	30	0
17	65	0
93	76	0
77	60	0
91	57	0
36	81	0
59	81	0
65	29	0
28	25	0
89	28	0
42	27	0
94	3	0
22	87	0
24	24	0
3	13	0
36	99	0
92	67	0
22	39	0
95	54	0
18	99	0
16	69	0
29	1	0
98	94	0
20	24	0
6	85	0
69	97	0
41	61	0
79	71	0
23	79	0
89	27	0
25	23	0
36	81	0
27	72	0
35	23	0
24	38	0
16	34	0
94	67	0
84	16	0
50	13	0
72	8	0
87	49	0
33	14	0
46	27	0
92	32	0
8	53	0
45	86	0
13	50	0
16	82	0
74	56	0
43	95	0
60	49	0
71	80	0
40	28	0
94	75	0
36	64	0
90	43	0
12	71	0
68	47	0
24	62	0
71	31	0
4	27	1
62	37	0
85	75	0
90	87	0
88	97	0
23	86	0
19	43	0
46	51	0
46	63	0
33	26	0
25	9	0
36	61	0
9	50	0
61	3	0
73	83	0
86	54	0
93	5	0
10	51	0
5	1	0
77	97	0
8	79	0
50	28	0
54	34	0
77	14	0
21	1	0
51	8	0
13	39	0
0	35	0
52	14	0
50	4	0
0	24	1
27	81	0
57	23	0
34	97	0
79	1	0
30	41	0
53	65	0
67	19	0
94	59	0
58	69	0
44	64	0
48	94	0
82	93	0
20	14	0
93	60	0
19	62	0
86	67	0
55	88	0
15	34	0
19	58	0
97	40	0
25	78	0
90	98	0
68	81	0
44	4	0
38	61	0
77	55	0
38	88	0
75	45	0
91	75	0
74	26	0
11	63	0
12	65	0
89	94	0
69	34	0
61	64	0
59	6	0
17	22	0
75	67	0
32	34	0
14	64	0
33	51	0
49	48	0
33	12	0
60	30	0
6	86	0
20	42	0
9	58	0
4	51	0
79	61	0
25	21	0
59	19	0
98	19	0
85	7	0
54	65	0
1	74	0
57	29	0
36	28	0
13	11	0
17	18	0
76	67	0
68	23	0
34	42	0
45	74	0
59	80	0
15	91	0
23	65	0
47	81	0
28	41	0
80	95	0
54	29	0
34	81	0
16	5	0
54	18	0
15	44	0
60	47	0
73	10	0
26	76	0
84	65	0
65	54	0
49	45	0
42	22	0
2	67	0
83	68	0
74	54	0
47	37	0
72	63	0
74	77	0
73	44	0
63	8	0
92	74	0
83	19	0
0	73	0
74	63	0
1	29	1
10	26	1
26	1	0
47	30	0
0	2	0
11	52	0
22	77	0
29	97	0
31	47	0
95	29	0
10	49	0
58	90	0
20	88	0
5	28	1
99	59	0
40	59	0
6	20	1
84	47	0
28	2	0
61	23	0
58	3	0
13	3	0
24	86	0
46	59	0
82	74	0
65	43	0
12	1	0
29	30	0
55	7	0
7	28	1
7	75	0
76	5	0
40	69	0
56	40	0
67	99	0
17	43	0
11	96	0
89	49	0
23	20	0
91	79	0
57	60	0
66	38	0
50	30	0
99	24	0
86	61	0
14	56	0
0	90	0
33	45	0
4	90	0
3	99	0
92	25	0
28	51	0
1	96	0
55	4	0
65	6	0
45	47	0
27	18	0
66	43	0
41	26	0
17	81	0
23	31	0
58	4	0
8	41	0
92	51	0
92	3	0
57	57	0
35	1	0
41	27	0
11	98	0
59	74	0
26	65	0
13	8	0
38	22	0
8	87	0
1	73	0
72	50	0
88	49	0
54	33	0
12	79	0
22	31	0
90	80	0
69	28	0
49	77	0
66	97	0
23	16	0
11	87	0
66	15	0
55	77	0
34	41	0
92	65	0
34	77	0
99	21	0
85	20	0
99	18	0
86	85	0
43	54	0
18	78	0
80	9	0
34	1	0
65	78	0
66	75	0
20	47	0
66	55	0
60	79	0
75	22	0
93	46	0
11	64	0
60	44	0
27	31	0
90	25	0
66	41	0
66	19	0
91	98	0
78	72	0
49	72	0
78	39	0
56	66	0
7	99	0
37	4	0
4	93	0
16	80	0
59	62	0
69	91	0
80	9	0
94	99	0
79	0	0
12	4	0
94	76	0
63	10	0
99	32	0
77	62	0
48	42	0
19	63	0
62	92	0
65	70	0
0	45	0
9	41	0
40	94	0
0	83	0
59	3	0
42	47	0
8	68	0
41	35	0
16	31	0
8	45	0
98	55	0
51	35	0
0	49	0
25	87	0
82	62	0
0	11	0
85	90	0
24	82	0
65	43	0
39	56	0
93	44	0
58	42	0
4	8	0
7	14	0
3	54	0
20	59	0
99	75	0
66	50	0
95	66	0
9	54	0
75	60	0
21	78	0
3	5	0
76	78	0
4	17	0
26	69	0
37	9	0
27	24	0
3	73	0
37	90	0
3	4	0
75	42	0
56	57	0
82	66	0
87	76	0
41	89	0
34	27	0
6	63	0
3	13	0
38	67	0
54	49	0
57	53	0
79	17	0
