3	27	1
91	56	0
52	14	0
44	23	0
52	94	0
4	43	0
85	34	0
89	74	0
1	13	0
48	15	0
70	94	0
42	42	0
68	48	0
4	92	0
32	8	0
15	53	0
93	2	0
81	78	0
64	32	0
28	56	0
97	57	0
98	4	0
46	77	0
74	78	0
82	90	0
80	2	0
19	98	0
64	20	0
73	71	0
64	84	0
95	57	0
5	46	0
30	27	0
48	20	0
78	16	0
45	50	0
85	81	0
11	96	0
64	67	0
96	18	0
84	97	0
42	17	0
32	63	0
64	49	0
92	52	0
57	85	0
97	48	0
15	98	0
26	48	0
60	12	0
92	45	0
27	68	0
62	9	0
36	85	0
66	95	0
24	63	0
93	63	0
48	13	0
34	55	0
77	70	0
96	92	0
76	4	0
20	98	0
89	1	0
45	14	0
88	60	0
46	22	0
13	93	0
87	2	0
34	81	0
88	79	0
55	49	0
23	36	0
83	73	0
18	34	0
29	48	0
87	41	0
18	11	0
7	40	0
51	87	0
65	97	0
69	19	0
49	98	0
73	95	0
9	8	0
13	30	0
86	12	0
86	14	0
54	45	0
84	38	0
23	23	0
76	49	0
49	54	0
32	6	0
33	9	0
66	57	0
26	85	0
48	2	0
44	83	0
43	2	0
36	35	0
84	32	0
47	68	0
61	48	0
17	83	0
70	80	0
1	84	0
48	96	0
87	48	0
67	18	0
54	80	0
1	44	0
61	6	0
51	74	0
8	87	0
37	9	0
23	51	0
17	29	0
85	85	0
6	25	0
41	25	0
1	0	0
34	97	0
92	6	0
66	54	0
3	36	0
72	85	0
90	18	0
59	65	0
53	86	0
31	23	0
66	96	0
16	20	0
77	83	0
68	49	0
24	98	0
77	28	0
44	35	0
17	24	0
65	6	0
10	9	0
9	82	0
16	3	0
99	88	0
97	14	0
81	38	0
52	63	0
63	20	0
86	89	0
0	6	0
36	15	0
19	7	0
83	72	0
45	37	0
87	75	0
85	79	0
52	27	0
57	32	0
78	51	0
1	52	0
26	75	0
17	60	0
91	75	0
50	59	0
39	92	0
96	43	0
70	79	0
49	84	0
25	45	0
99	76	0
2	46	0
35	37	0
19	31	0
27	75	0
32	65	0
94	17	0
53	35	0
75	10	0
45	76	0
65	20	0
60	38	0
75	73	0
25	54	0
66	56	0
30	98	0
31	64	0
30	3	0
62	22	0
24	99	0
5	76	0
65	74	0
81	44	0
18	87	0
17	46	0
89	75	0
27	46	0
37	75	0
34	89	0
58	38	0
31	3	0
22	47	0
78	90	0
95	79	0
65	95	0
72	15	0
11	53	0
63	6	0
56	27	0
56	27	0
73	8	0
26	63	0
17	77	0
45	63	0
68	32	0
28	74	0
84	25	0
59	83	0
33	73	0
25	14	0
93	79	0
30	76	0
46	2	0
4	87	0
82	20	0
95	72	0
84	86	0
84	30	0
0	79	0
16	78	0
99	47	0
62	68	0
42	46	0
43	71	0
71	73	0
44	67	0
19	79	0
36	67	0
70	1	0
3	59	0
68	98	0
66	35	0
24	89	0
89	70	0
44	16	0
41	64	0
15	75	0
34	94	0
67	30	0
68	16	0
22	39	0
97	57	0
61	43	0
74	40	0
10	89	0
54	12	0
20	76	0
69	67	0
63	61	0
69	55	0
60	2	0
21	6	0
4	56	0
84	54	0
55	16	0
74	55	0
45	91	0
59	50	0
93	36	0
93	11	0
20	58	0
90	72	0
13	81	0
18	27	0
94	51	0
37	97	0
47	41	0
51	3	0
20	91	0
71	32	0
36	48	0
33	73	0
44	6	0
20	75	0
87	87	0
85	76	0
58	37	0
80	65	0
16	86	0
48	43	0
65	0	0
66	22	0
32	26	0
54	5	0
56	17	0
52	29	0
72	28	0
34	49	0
27	41	0
55	42	0
68	66	0
87	87	0
45	99	0
72	6	0
94	56	0
67	14	0
12	63	0
18	11	0
88	35	0
62	30	0
78	68	0
15	43	0
53	61	0
62	12	0
34	91	0
30	83	0
48	76	0
96	51	0
46	25	0
52	1	0
26	40	0
77	45	0
73	8	0
68	93	0
29	4	0
67	89	0
8	68	0
42	78	0
35	24	0
4	56	0
7	16	0
83	5	0
29	40	0
74	14	0
37	7	0
3	5	0
79	15	0
24	65	0
28	48	0
93	26	0
78	54	0
13	33	0
22	41	0
2	56	0
38	88	0
13	71	0
13	1	0
30	93	0
55	57	0
43	14	0
14	14	0
52	32	0
48	80	0
35	69	0
81	97	0
29	31	0
21	58	0
33	46	0
56	72	0
78	99	0
49	14	0
68	2	0
30	10	0
49	14	0
55	10	0
15	58	0
82	50	0
63	3	0
22	48	0
60	3	0
55	63	0
43	51	0
41	53	0
79	82	0
74	44	0
20	66	0
52	51	0
23	17	0
97	12	0
43	0	0
59	29	0
60	25	0
25	42	0
16	75	0
57	73	0
15	70	0
37	92	0
32	82	0
38	30	0
38	34	0
88	55	0
64	36	0
14	71	0
74	76	0
8	25	1
63	91	0
31	29	0
66	18	0
67	88	0
73	1	0
90	61	0
72	41	0
43	25	0
39	40	0
37	39	0
91	79	0
14	18	0
65	24	0
81	5	0
13	54	0
43	79	0
75	74	0
72	9	0
4	62	0
94	42	0
56	95	0
5	21	0
66	3	0
52	60	0
36	70	0
61	46	0
18	35	0
54	39	0
68	88	0
59	54	0
36	26	0
79	69	0
24	44	0
20	79	0
81	85	0
48	20	0
5	81	0
67	13	0
91	24	0
68	36	0
20	59	0
64	18	0
23	24	0
66	48	0
16	93	0
68	51	0
49	4	0
82	55	0
38	28	0
30	77	0
42	5	0
79	41	0
10	5	0
61	97	0
16	92	0
28	35	0
55	62	0
59	32	0
10	88	0
11	39	0
22	47	0
57	6	0
92	36	0
67	23	0
84	95	0
31	66	0
19	26	0
40	24	0
38	28	0
91	8	0
51	59	0
80	78	0
31	43	0
61	94	0
69	60	0
45	81	0
76	7	0
71	49	0
76	16	0
66	16	0
45	24	0
31	31	0
93	10	0
62	22	0
5	75	0
92	3	0
99	83	0
9	96	0
11	26	0
86	66	0
43	50	0
29	2	0
89	83	0
81	63	0
26	96	0
67	34	0
77	43	0
91	60	0
11	21	0
84	82	0
27	79	0
76	75	0
29	96	0
97	65	0
31	48	0
20	84	0
99	81	0
38	27	0
25	34	0
71	69	0
62	96	0
44	74	0
12	13	0
44	77	0
60	61	0
37	65	0
35	73	0
83	22	0
15	89	0
81	50	0
21	77	0
39	67	0
43	75	0
92	32	0
45	33	0
19	46	0
0	22	0
69	42	0
98	75	0
56	18	0
78	95	0
75	96	0
28	35	0
47	18	0
21	54	0
26	75	0
8	23	1
35	31	0
48	71	0
60	86	0
33	32	0
74	83	0
58	31	0
38	10	0
68	35	0
24	76	0
46	13	0
10	55	0
96	83	0
59	99	0
50	54	0
78	10	0
42	62	0
4	29	1
4	23	1
43	50	0
91	60	0
92	0	0
1	68	0
78	11	0
89	87	0
69	20	0
30	0	0
24	66	0
72	70	0
37	83	0
50	79	0
81	23	0
19	73	0
59	21	0
65	80	0
61	93	0
31	91	0
94	12	0
90	16	0
66	16	0
44	88	0
8	98	0
4	89	0
75	63	0
73	61	0
94	64	0
9	48	0
88	50	0
65	61	0
9	16	0
78	66	0
62	72	0
23	48	0
12	67	0
40	27	0
43	40	0
15	60	0
60	49	0
46	54	0
94	42	0
80	33	0
79	5	0
68	36	0
55	90	0
3	22	1
13	18	0
22	53	0
77	54	0
98	82	0
73	73	0
99	80	0
22	42	0
51	73	0
57	39	0
37	64	0
81	45	0
1	33	0
22	72	0
42	24	0
79	68	0
65	95	0
51	65	0
6	24	1
29	67	0
29	11	0
79	66	0
27	75	0
51	37	0
86	80	0
98	84	0
10	98	0
40	54	0
12	75	0
79	81	0
38	47	0
58	60	0
45	82	0
80	70	0
25	31	0
18	60	0
85	78	0
73	60	0
90	52	0
43	84	0
55	80	0
64	31	0
34	20	0
86	28	0
44	26	0
87	4	0
19	86	0
18	26	0
2	14	0
38	93	0
94	73	0
24	37	0
93	50	0
16	99	0
19	71	0
25	0	0
97	93	0
25	25	0
8	81	0
73	97	0
43	66	0
84	70	0
24	79	0
83	27	0
23	27	0
37	81	0
28	69	0
31	23	0
26	34	0
21	39	0
97	62	0
85	14	0
52	13	0
75	6	0
91	47	0
36	12	0
52	28	0
91	34	0
7	52	0
43	90	0
12	51	0
15	83	0
81	58	0
54	97	0
56	46	0
76	82	0
41	24	0
93	75	0
39	67	0
94	47	0
10	69	0
62	48	0
23	66	0
71	34	0
6	30	0
60	38	0
88	77	0
86	84	0
88	93	0
24	81	0
18	42	0
48	44	0
44	63	0
36	28	0
21	14	0
37	61	0
11	54	0
61	6	0
74	81	0
82	54	0
91	10	0
13	44	0
6	4	0
81	89	0
11	78	0
50	26	0
55	36	0
73	15	0
17	1	0
55	12	0
12	42	0
0	38	0
49	15	0
51	2	0
2	27	1
32	78	0
63	23	0
35	95	0
81	5	0
35	41	0
54	64	0
69	15	0
93	61	0
58	65	0
44	65	0
46	98	0
82	95	0
18	16	0
92	57	0
15	59	0
86	74	0
57	81	0
16	35	0
18	58	0
98	46	0
28	79	0
90	96	0
68	83	0
46	3	0
37	55	0
81	54	0
36	87	0
71	45	0
87	71	0
72	29	0
11	65	0
15	59	0
89	89	0
72	38	0
58	65	0
57	4	0
12	18	0
78	62	0
33	28	0
13	65	0
38	55	0
53	50	0
34	6	0
61	33	0
3	79	0
19	50	0
12	64	0
2	50	0
84	64	0
24	19	0
55	21	0
99	17	0
85	7	0
50	61	0
0	73	0
60	31	0
32	25	0
12	14	0
17	18	0
76	64	0
67	24	0
34	36	0
43	75	0
55	75	0
13	87	0
29	69	0
52	82	0
25	43	0
77	96	0
54	32	0
39	84	0
22	11	0
53	13	0
10	41	0
60	45	0
71	12	0
31	76	0
86	65	0
66	55	0
50	50	0
42	12	0
1	75	0
77	70	0
67	52	0
49	41	0
74	65	0
71	78	0
71	41	0
65	10	0
94	77	0
82	12	0
0	75	0
74	61	0
0	30	0
5	27	1
27	0	0
51	32	0
0	7	0
7	46	0
24	73	0
32	97	0
34	48	0
98	31	0
5	48	0
59	92	0
25	82	0
5	29	1
98	62	0
38	66	0
7	21	0
86	49	0
24	1	0
61	22	0
60	4	0
15	5	0
24	80	0
45	57	0
85	75	0
67	45	0
11	4	0
33	32	0
51	6	0
9	28	0
3	74	0
74	6	0
40	65	0
52	43	0
68	95	0
16	41	0
13	94	0
92	47	0
24	21	0
93	81	0
59	61	0
67	32	0
48	32	0
96	21	0
89	63	0
20	58	0
14	91	0
29	43	0
2	89	0
3	94	0
88	17	0
36	53	0
2	93	0
52	3	0
65	9	0
46	51	0
25	16	0
67	42	0
41	26	0
11	85	0
25	33	0
59	3	0
7	43	0
95	50	0
98	9	0
52	52	0
34	2	0
41	25	0
19	98	0
61	78	0
25	63	0
9	12	0
43	24	0
6	79	0
0	71	0
67	48	0
77	48	0
54	36	0
13	76	0
23	29	0
85	76	0
66	29	0
49	79	0
65	92	0
26	16	0
11	89	0
67	17	0
61	77	0
38	44	0
95	70	0
34	75	0
99	18	0
83	19	0
99	24	0
83	89	0
41	54	0
23	76	0
73	13	0
38	3	0
65	80	0
63	78	0
18	44	0
66	52	0
61	81	0
77	23	0
92	51	0
7	67	0
59	46	0
24	30	0
93	28	0
67	40	0
68	15	0
92	95	0
76	72	0
51	72	0
78	35	0
59	68	0
13	97	0
29	8	0
6	93	0
17	77	0
54	63	0
65	96	0
78	13	0
90	94	0
77	2	0
11	4	0
88	72	0
67	12	0
97	26	0
79	66	0
51	42	0
16	58	0
62	86	0
65	71	0
2	49	0
11	40	0
43	95	0
4	80	0
55	1	0
46	45	0
8	66	0
35	31	0
16	33	0
11	44	0
99	51	0
51	36	0
3	46	0
26	90	0
86	68	0
2	15	0
83	95	0
28	78	0
62	45	0
41	59	0
97	43	0
62	42	0
1	8	0
10	10	0
2	50	0
15	53	0
95	77	0
75	50	0
98	66	0
11	53	0
78	62	0
20	81	0
0	2	0
74	79	0
3	18	0
26	66	0
37	5	0
29	28	0
6	72	0
44	90	0
2	7	0
66	47	0
52	59	0
79	62	0
83	79	0
41	91	0
36	24	0
7	66	0
3	14	0
37	69	0
49	47	0
60	55	0
83	15	0
