93	60	0
28	6	0
29	28	0
64	98	0
13	1	0
86	39	0
97	93	0
49	12	0
59	78	0
60	28	0
80	49	0
10	82	0
14	0	0
16	87	0
97	23	0
74	75	0
52	46	0
17	61	1
92	55	0
97	14	0
48	98	0
60	65	0
75	74	0
50	4	0
28	71	0
59	15	0
94	70	0
72	95	0
91	80	0
8	41	0
55	9	0
48	27	0
98	28	0
14	58	1
77	67	0
15	89	0
36	92	0
82	14	0
77	90	0
39	9	0
41	63	0
85	65	0
94	70	0
51	61	0
95	48	0
15	80	0
68	2	0
98	71	0
14	72	0
67	9	0
4	76	0
50	90	0
29	70	0
96	66	0
55	37	0
38	35	0
88	83	0
95	90	0
97	8	0
19	95	0
99	12	0
28	2	0
73	89	0
34	0	0
6	85	0
86	15	0
34	75	0
64	96	0
39	60	0
6	29	0
67	81	0
13	52	1
87	33	0
27	88	0
49	97	0
65	27	0
27	89	0
54	99	0
0	17	0
96	12	0
80	16	0
48	75	0
86	42	0
93	59	0
55	17	0
34	9	0
67	48	0
3	96	0
57	0	0
44	65	0
45	9	0
55	31	0
82	25	0
37	57	0
89	47	0
9	60	0
83	94	0
1	87	0
47	94	0
87	50	0
72	18	0
36	68	0
31	60	0
61	3	0
72	53	0
10	65	0
32	2	0
15	45	1
39	50	1
64	82	0
44	39	0
9	91	0
78	32	0
39	83	0
73	74	0
91	9	0
72	86	0
66	70	0
22	25	0
63	96	0
95	84	0
73	63	0
22	93	0
66	35	0
32	21	0
72	9	0
16	55	1
97	72	0
95	31	0
87	50	0
39	47	0
54	1	0
66	70	0
13	27	0
46	26	0
97	55	0
50	26	0
58	75	0
56	81	0
49	18	0
39	38	0
58	30	0
8	49	1
16	52	1
64	89	0
46	63	0
43	93	0
71	39	0
72	62	0
58	65	0
96	63	0
23	19	0
45	49	0
14	12	0
17	74	0
25	66	0
83	43	0
39	49	0
91	2	0
36	86	0
52	26	0
36	42	0
76	79	0
27	63	0
52	63	0
42	95	0
33	50	0
39	14	0
57	15	0
38	96	0
29	64	0
78	81	0
91	67	0
20	94	0
96	71	0
29	49	0
23	73	0
51	72	0
52	61	0
12	29	0
75	89	0
99	80	0
41	68	0
71	36	0
4	46	0
57	8	0
72	59	0
55	17	0
81	16	0
19	45	1
0	52	0
41	59	0
64	33	0
46	66	0
87	31	0
34	94	0
24	59	0
43	18	1
81	87	0
44	57	0
27	10	0
22	76	0
63	12	0
98	93	0
43	88	0
98	4	0
10	66	0
17	68	0
99	30	0
48	88	0
60	75	0
68	70	0
45	65	0
19	75	0
18	50	0
60	3	0
16	57	1
60	89	0
97	54	0
42	86	0
80	68	0
85	21	0
57	77	0
26	83	0
36	93	0
41	24	0
73	27	0
82	46	0
55	44	0
71	71	0
1	46	0
65	23	0
19	94	0
66	68	0
80	40	0
62	32	0
48	0	0
4	46	0
90	23	0
34	24	1
70	71	0
61	95	0
76	53	0
94	32	0
93	12	0
0	31	0
86	78	0
32	97	0
90	82	0
37	99	0
60	34	0
74	26	0
16	89	0
83	23	0
22	58	0
29	74	0
47	13	0
32	97	0
80	88	0
80	78	0
90	52	0
97	55	0
14	83	0
37	70	0
84	10	0
74	45	0
38	19	1
36	5	0
46	29	0
48	51	0
83	48	0
27	58	0
42	46	0
32	79	0
72	89	0
85	57	0
59	77	0
85	5	0
91	40	0
60	13	0
29	40	1
85	43	0
72	51	0
66	71	0
4	34	0
35	71	0
59	27	0
15	93	0
29	84	0
11	87	0
89	77	0
47	18	0
40	0	0
37	50	1
73	67	0
67	4	0
87	92	0
29	5	0
52	95	0
15	62	0
51	90	0
45	37	0
7	47	0
76	36	0
78	13	0
46	17	0
80	8	0
40	58	0
12	52	1
75	16	0
79	56	0
5	9	0
7	64	0
36	96	0
15	86	0
45	98	0
47	65	0
73	42	0
66	8	0
46	83	0
45	71	0
99	81	0
1	56	0
66	48	0
73	79	0
84	20	0
31	7	0
43	0	0
50	16	0
43	30	0
78	55	0
62	15	0
18	48	0
28	14	0
38	58	0
43	39	0
89	73	0
83	60	0
3	48	0
54	36	0
90	6	0
68	13	0
72	22	0
53	41	0
41	32	0
1	77	0
70	87	0
38	76	0
11	99	0
24	69	0
56	6	0
48	39	0
93	43	0
87	51	0
13	62	0
81	68	0
78	84	0
84	25	0
79	91	0
77	3	0
71	66	0
75	57	0
62	52	0
84	79	0
65	4	0
94	17	0
34	53	0
51	94	0
67	73	0
82	13	0
25	73	0
96	19	0
60	98	0
89	22	0
62	24	0
34	57	0
63	36	0
36	56	0
49	87	0
80	32	0
34	19	1
83	80	0
41	55	0
17	94	0
96	99	0
48	30	0
1	87	0
52	51	0
96	8	0
81	38	0
28	66	0
64	54	0
60	51	0
17	96	0
83	25	0
38	13	0
87	50	0
48	43	0
37	92	0
18	5	0
54	58	0
51	87	0
4	47	0
42	79	0
42	83	0
53	26	0
20	81	0
14	31	0
76	1	0
71	18	0
95	4	0
86	88	0
25	68	0
41	25	0
82	0	0
73	54	0
73	98	0
2	23	0
55	95	0
94	62	0
33	80	0
84	5	0
45	62	0
75	25	0
63	7	0
45	14	1
40	11	1
99	14	0
83	42	0
12	89	0
78	14	0
89	98	0
23	98	0
98	69	0
45	44	0
13	30	0
77	98	0
58	49	0
4	83	0
67	36	0
77	43	0
69	45	0
78	71	0
32	66	0
92	59	0
33	99	0
93	68	0
22	96	0
91	92	0
42	34	0
61	60	0
59	91	0
47	63	0
59	97	0
79	47	0
41	44	0
32	56	0
87	2	0
1	84	0
96	60	0
19	88	0
45	65	0
43	82	0
82	38	0
35	50	0
50	23	0
86	54	0
68	17	0
83	92	0
46	99	0
41	57	0
50	12	0
37	43	0
55	99	0
47	18	0
45	70	0
85	74	0
36	7	0
89	88	0
72	7	0
12	10	0
42	36	0
20	73	0
42	1	0
10	80	0
88	81	0
61	90	0
62	45	0
67	1	0
39	63	0
42	72	0
94	53	0
99	4	0
11	70	0
82	9	0
49	67	0
50	27	0
35	3	0
34	56	0
83	85	0
31	70	0
49	77	0
62	28	0
72	34	0
50	54	0
63	92	0
28	96	0
99	13	0
90	19	0
71	14	0
12	63	0
29	97	0
22	88	0
63	40	0
75	81	0
74	93	0
8	35	0
54	40	0
65	84	0
73	64	0
61	79	0
13	91	0
17	76	0
41	29	0
46	15	0
9	32	0
43	40	0
37	43	0
97	29	0
82	40	0
73	11	0
73	38	0
59	51	0
24	51	1
46	25	0
96	80	0
47	87	0
85	59	0
34	67	0
39	91	0
78	53	0
25	47	1
74	22	0
33	16	0
96	51	0
73	87	0
45	43	0
9	51	1
44	12	1
52	54	0
41	87	0
65	93	0
95	60	0
14	83	0
64	46	0
11	62	0
62	45	0
42	73	0
57	55	0
44	75	0
64	77	0
3	63	0
58	63	0
76	51	0
87	57	0
32	76	0
69	85	0
45	20	0
94	16	0
50	43	0
95	9	0
6	81	0
41	88	0
88	58	0
7	48	1
75	73	0
16	89	0
16	79	0
82	83	0
43	28	0
0	74	0
69	99	0
51	60	0
93	65	0
23	98	0
83	45	0
12	3	0
40	71	0
19	81	0
35	14	0
6	16	0
87	57	0
99	20	0
50	12	0
75	35	0
81	14	0
22	6	0
32	61	0
78	32	0
7	69	0
55	82	0
1	44	0
19	79	0
70	50	0
53	97	0
72	49	0
75	84	0
77	60	0
43	51	0
78	73	0
8	79	0
41	40	0
25	77	0
81	50	0
70	38	0
91	52	0
95	95	0
88	91	0
44	69	0
74	42	0
60	59	0
29	22	1
28	19	1
38	55	0
4	45	0
68	4	0
70	79	0
90	77	0
87	12	0
55	85	0
2	93	0
52	13	0
51	23	0
72	25	0
55	28	0
35	17	1
81	10	0
30	91	0
70	21	0
32	88	0
98	19	0
44	72	0
61	38	0
67	94	0
77	69	0
41	82	0
68	93	0
89	68	0
90	42	0
16	56	1
94	81	0
73	96	0
14	58	1
98	48	0
37	72	0
96	87	0
53	84	0
32	13	1
79	77	0
95	42	0
50	87	0
78	68	0
92	52	0
76	40	0
32	50	0
2	59	0
62	79	0
64	21	0
54	36	0
44	13	0
89	85	0
15	48	1
67	33	0
41	12	1
45	17	0
11	86	0
11	61	0
6	84	0
67	42	0
96	22	0
96	28	0
99	1	0
75	95	0
5	56	0
60	19	0
59	50	0
34	81	0
96	20	0
61	50	0
37	88	0
24	99	0
34	71	0
18	98	0
33	7	0
69	71	0
47	23	0
43	73	0
50	44	0
9	44	0
71	62	0
66	15	0
25	89	0
98	58	0
23	46	1
16	29	0
16	70	0
79	64	0
61	59	0
49	51	0
97	51	0
99	66	0
70	50	0
58	13	0
71	62	0
85	43	0
9	40	0
90	79	0
54	38	0
22	81	0
6	82	0
27	96	0
24	59	0
97	25	0
0	50	0
59	91	0
8	83	0
90	68	0
46	26	0
84	25	0
17	24	0
33	35	0
73	14	0
24	76	0
38	52	0
94	51	0
89	43	0
7	0	0
5	50	0
48	16	0
1	46	0
73	4	0
46	70	0
27	29	1
92	88	0
2	9	0
47	96	0
92	35	0
37	1	0
91	86	0
47	66	0
71	65	0
36	34	0
99	37	0
95	80	0
15	62	0
14	76	0
0	43	0
20	68	0
13	91	0
69	18	0
27	56	0
9	91	0
27	25	0
58	15	0
36	69	0
70	44	0
46	6	0
36	72	0
96	27	0
3	25	0
74	48	0
87	25	0
43	55	0
27	22	0
45	8	0
18	92	0
48	69	0
31	57	0
23	18	0
14	88	0
25	84	0
61	49	0
92	48	0
33	68	0
82	92	0
51	29	0
68	70	0
49	91	0
2	84	0
82	43	0
45	56	0
11	20	0
98	68	0
51	54	0
95	20	0
85	10	0
84	34	0
58	93	0
48	47	0
49	33	0
65	27	0
39	4	0
47	94	0
46	72	0
16	43	1
88	31	0
60	92	0
90	47	0
84	50	0
37	74	0
29	68	0
79	34	0
53	39	0
73	5	0
99	91	0
76	78	0
48	73	0
71	43	0
69	92	0
12	77	0
55	17	0
22	97	0
6	59	0
47	57	0
77	81	0
61	12	0
96	98	0
88	15	0
98	98	0
63	7	0
73	23	0
67	55	0
56	25	0
19	90	0
54	84	0
76	78	0
7	32	0
10	77	0
12	71	0
37	8	0
38	44	0
15	49	1
0	45	0
81	43	0
47	24	0
13	64	0
18	83	0
57	99	0
88	41	0
4	71	0
65	47	0
27	80	0
79	66	0
72	34	0
5	50	0
26	53	0
83	37	0
69	53	0
84	56	0
13	68	0
61	53	0
1	92	0
4	6	0
86	64	0
20	65	0
17	4	0
1	92	0
20	84	0
92	37	0
74	80	0
87	62	0
86	87	0
52	71	0
64	34	0
5	71	0
49	63	0
33	63	0
61	50	0
94	20	0
