98	65	0
19	15	0
66	98	0
9	2	0
87	39	0
98	95	0
42	12	1
47	81	0
57	23	0
81	49	0
4	90	0
5	7	0
12	90	0
94	31	0
69	73	0
43	33	0
84	72	0
95	17	0
58	98	0
46	71	0
80	67	0
46	8	0
24	80	0
54	21	0
92	68	0
79	87	0
85	75	0
10	34	0
54	14	1
53	35	0
87	25	0
81	71	0
9	76	0
29	93	0
82	7	0
72	91	0
25	9	0
49	71	0
85	69	0
98	71	0
58	66	0
98	37	0
17	71	0
64	4	0
98	64	0
20	75	0
61	2	0
7	73	0
40	98	0
31	68	0
92	56	0
57	36	0
40	21	0
98	83	0
95	93	0
98	16	0
30	90	0
94	9	0
24	14	0
75	90	0
34	8	1
0	90	0
83	12	0
26	66	0
62	88	0
35	58	0
4	29	0
73	84	0
87	30	0
23	95	0
44	98	0
66	26	0
28	91	0
51	95	0
11	14	0
98	18	0
80	25	0
52	78	0
90	42	0
84	61	0
56	10	0
44	19	1
68	35	0
1	97	0
71	1	0
43	76	0
41	5	1
52	21	0
88	17	0
39	56	1
86	52	0
2	57	0
79	91	0
2	80	0
40	98	0
89	52	0
73	28	0
33	63	0
39	61	0
67	3	0
67	53	0
17	74	0
33	1	0
61	70	0
46	32	0
4	91	0
88	29	0
42	77	0
78	68	0
96	0	0
64	86	0
65	73	0
7	23	0
60	93	0
98	80	0
74	51	0
22	92	0
63	30	0
77	3	0
94	65	0
92	37	0
88	54	0
39	47	0
61	11	0
61	68	0
9	27	0
45	31	0
91	57	0
50	26	1
52	76	0
57	75	0
59	24	0
46	32	0
51	24	1
55	82	0
50	57	0
43	95	0
76	41	0
61	70	0
57	68	0
96	61	0
30	18	0
43	41	0
13	18	0
14	80	0
30	60	0
82	42	0
49	44	0
88	0	0
35	86	0
56	20	0
27	37	0
65	83	0
31	67	0
59	62	0
43	85	0
42	50	0
34	4	0
57	20	0
39	97	0
29	63	0
77	77	0
93	64	0
17	93	0
91	73	0
30	49	0
24	68	0
52	75	0
44	56	0
18	29	0
71	85	0
95	90	0
43	76	0
75	42	0
3	44	0
59	14	1
65	50	0
61	15	0
76	21	0
4	48	1
37	64	0
53	20	0
39	62	0
96	34	0
33	89	0
19	58	0
77	92	0
51	55	0
19	21	0
36	77	0
50	14	0
93	96	0
34	91	0
93	0	0
13	57	1
18	74	0
95	36	0
55	98	0
69	84	0
61	64	0
33	55	0
11	68	0
58	0	0
54	93	0
99	56	0
42	91	0
71	70	0
84	26	0
46	77	0
31	77	0
39	93	0
40	21	0
65	23	0
83	52	0
50	40	0
77	66	0
3	54	1
76	22	0
22	92	0
62	67	0
89	36	0
73	38	0
46	2	0
2	40	0
85	30	0
72	77	0
60	99	0
72	57	0
99	30	0
90	9	0
4	33	0
90	71	0
35	99	0
90	83	0
40	99	0
57	33	0
82	33	0
22	90	0
79	23	0
21	60	0
27	82	0
49	14	0
25	91	0
75	88	0
85	73	0
92	57	0
96	57	0
22	81	0
37	68	0
82	7	0
84	54	0
42	2	0
38	24	0
45	56	0
79	45	0
23	58	0
35	39	0
28	79	0
73	97	0
91	54	0
59	73	0
97	7	0
97	32	0
64	5	0
88	50	0
80	51	0
59	81	0
3	38	0
44	61	0
70	24	0
14	85	0
27	70	0
6	89	0
90	64	0
55	10	1
40	3	0
79	64	0
78	0	0
99	84	0
28	2	0
45	90	0
16	66	0
53	95	0
41	40	0
77	23	0
79	16	0
57	12	0
94	12	0
49	50	0
79	28	0
78	58	0
10	10	0
2	60	0
33	98	0
20	82	0
54	93	0
45	73	0
82	42	0
64	4	0
50	89	0
51	66	0
96	90	0
1	46	1
67	45	0
67	84	0
81	24	0
25	5	0
45	0	0
51	15	0
37	32	0
80	54	0
74	19	0
20	45	0
17	30	0
31	57	0
44	36	0
98	69	0
91	60	0
5	54	1
65	33	0
84	7	0
68	10	0
75	22	0
52	39	0
41	26	0
6	73	0
72	83	0
40	86	0
9	97	0
32	59	0
57	14	1
55	41	0
82	34	0
74	53	0
12	59	1
84	70	0
83	84	0
82	33	0
72	89	0
76	10	0
77	57	0
69	53	0
67	52	0
90	74	0
72	4	0
88	13	0
22	43	0
56	90	0
61	73	0
76	10	0
23	78	0
95	39	0
56	98	0
98	25	0
62	24	0
30	60	0
58	42	0
34	62	0
58	79	0
78	27	0
84	79	0
39	53	1
19	90	0
93	94	0
45	17	1
6	81	0
43	52	0
99	3	0
86	38	0
37	70	0
59	50	0
64	50	0
20	98	0
81	25	0
43	8	1
92	55	0
50	38	0
41	90	0
24	12	0
49	44	0
51	90	0
3	43	1
40	78	0
44	84	0
50	19	1
20	70	0
13	29	0
68	9	0
70	28	0
98	7	0
81	96	0
32	65	0
36	25	0
77	5	0
57	52	0
65	97	0
0	27	0
53	86	0
92	57	0
28	76	0
78	2	0
36	65	0
65	17	0
57	10	0
82	16	0
91	43	0
4	86	0
71	10	0
87	99	0
27	98	0
94	76	0
43	53	1
10	27	0
63	98	0
69	45	0
3	85	0
70	30	0
82	54	0
75	51	0
73	61	0
25	54	0
97	49	0
24	94	0
98	62	0
24	99	0
92	93	0
46	34	0
67	69	0
58	92	0
47	54	0
61	98	0
77	51	0
47	49	0
29	59	0
91	0	0
0	85	0
89	59	0
22	96	0
47	50	0
42	74	0
82	28	0
34	47	0
56	24	0
93	56	0
72	20	0
81	89	0
45	99	0
35	57	0
47	7	1
39	44	0
60	98	0
54	23	0
44	79	0
87	83	0
43	11	1
90	80	0
78	13	0
20	9	0
42	32	0
31	59	0
46	5	1
9	78	0
84	76	0
61	87	0
67	57	0
67	10	0
37	64	0
38	79	0
93	49	0
88	6	0
17	70	0
74	8	0
48	63	0
49	22	0
46	4	1
34	45	0
84	85	0
24	72	0
57	83	0
65	20	0
78	17	0
52	53	0
64	84	0
26	99	0
93	29	0
82	12	0
76	22	0
12	70	0
18	96	0
16	80	0
59	37	0
72	84	0
76	96	0
0	30	0
63	52	0
68	90	0
75	59	0
62	75	0
16	92	0
18	77	0
49	29	0
5	23	0
45	39	0
33	39	0
98	31	0
78	45	0
64	13	0
70	28	0
56	48	0
43	26	0
97	78	0
47	79	0
81	51	0
37	58	0
36	99	0
77	52	0
59	12	1
32	14	0
98	48	0
68	82	0
50	38	0
56	57	0
34	97	0
63	97	0
94	62	0
19	76	0
67	50	0
0	70	0
61	51	0
47	70	0
65	52	0
53	78	0
63	89	0
3	56	0
58	51	0
79	49	0
77	62	0
38	82	0
77	80	0
45	29	0
96	16	0
51	41	0
98	14	0
1	81	0
47	90	0
90	66	0
66	67	0
13	89	0
13	71	0
81	87	0
42	26	0
4	76	0
73	96	0
50	64	0
91	62	0
24	90	0
73	41	0
18	0	0
43	78	0
19	82	0
6	18	0
94	56	0
97	22	0
51	17	1
72	32	0
79	14	0
21	12	0
31	62	0
73	27	0
1	74	0
60	75	0
7	45	0
20	75	0
64	50	0
65	96	0
69	45	0
79	86	0
74	52	0
75	82	0
5	87	0
48	42	0
27	79	0
79	51	0
60	40	0
95	45	0
94	94	0
80	89	0
49	69	0
73	47	0
65	70	0
36	57	1
67	4	0
66	83	0
84	71	0
83	0	0
58	79	0
7	97	0
50	25	1
50	37	0
71	33	0
63	32	0
74	21	0
21	91	0
74	30	0
29	72	0
87	16	0
46	65	0
44	38	0
62	93	0
76	72	0
46	78	0
73	92	0
85	64	0
88	50	0
95	73	0
81	98	0
98	41	0
36	64	0
89	85	0
50	82	0
82	84	0
99	49	0
47	88	0
90	68	0
82	52	0
82	35	0
37	48	0
8	61	0
57	77	0
68	16	0
65	32	0
46	22	1
86	83	0
64	41	0
48	10	1
12	88	0
11	55	1
13	89	0
60	39	0
90	14	0
90	52	0
97	6	0
80	97	0
49	24	1
50	46	0
35	74	0
98	17	0
66	50	0
30	79	0
30	98	0
24	75	0
10	92	0
34	11	1
66	64	0
46	31	0
48	74	0
42	45	0
0	52	1
64	75	0
71	15	0
18	87	0
93	55	0
21	25	0
13	76	0
71	62	0
71	54	0
50	62	0
93	53	0
87	62	0
78	56	0
54	8	0
58	69	0
83	47	0
3	34	0
97	75	0
54	43	0
41	79	0
8	81	0
21	93	0
25	63	0
93	31	0
13	52	1
61	97	0
6	91	0
93	63	0
56	28	0
75	19	0
26	21	0
34	37	0
78	9	0
15	72	0
41	55	1
89	54	0
91	38	0
1	10	0
3	34	0
71	15	0
45	76	0
96	91	0
0	9	0
54	99	0
82	34	0
43	7	1
91	84	0
42	63	0
78	73	0
30	31	0
99	38	0
86	76	0
21	69	0
17	84	0
2	44	1
22	70	0
18	99	0
72	18	0
29	59	0
8	85	0
32	29	0
56	19	0
41	60	0
69	48	0
44	9	1
30	74	0
89	26	0
4	25	0
77	53	0
92	29	0
54	64	0
29	19	0
39	4	0
15	91	0
44	81	0
23	63	0
21	19	0
22	82	0
23	79	0
68	55	0
94	40	0
32	68	0
82	98	0
50	31	0
65	70	0
45	85	0
7	85	0
84	46	0
42	62	0
14	23	0
94	55	0
58	48	0
94	19	0
85	21	0
77	34	0
57	96	0
45	39	0
65	41	0
59	31	0
40	1	0
38	91	0
60	70	0
92	26	0
62	99	0
85	51	0
79	48	0
36	75	0
27	73	0
79	31	0
50	42	0
76	1	0
95	93	0
73	78	0
49	80	0
74	40	0
81	87	0
16	79	0
60	32	0
16	92	0
10	56	1
37	64	0
82	64	0
64	16	0
96	96	0
87	10	0
99	91	0
60	7	0
65	19	0
75	51	0
67	31	0
10	85	0
54	89	0
65	80	0
7	29	0
15	84	0
20	71	0
46	11	0
37	39	0
0	50	1
81	43	0
52	21	0
6	61	0
20	88	0
66	93	0
92	41	0
0	74	0
62	42	0
29	89	0
79	57	0
69	42	0
23	52	0
88	35	0
78	48	0
72	62	0
10	59	1
54	45	0
8	90	0
1	3	0
82	66	0
17	68	0
24	4	0
2	97	0
23	79	0
97	37	0
70	81	0
86	61	0
87	86	0
55	57	0
62	35	0
3	75	0
50	61	0
37	55	0
66	40	0
85	25	0
