81	68	0
31	30	0
58	97	1
17	10	0
94	45	0
92	89	0
70	42	0
5	82	0
2	9	0
12	87	0
81	37	0
71	80	0
33	32	0
63	74	0
88	52	0
62	71	0
41	35	0
93	86	0
99	83	0
72	83	0
6	23	0
76	74	0
79	27	0
57	81	1
49	66	0
63	83	0
96	52	0
95	30	0
84	73	0
40	0	0
80	30	0
31	14	0
96	68	0
91	73	0
95	8	0
23	37	0
63	77	0
6	87	0
55	97	1
16	32	0
70	75	0
94	41	0
56	86	0
0	23	0
88	13	0
64	33	0
50	43	0
79	41	0
22	98	1
85	72	0
56	99	1
19	58	0
96	55	0
45	34	0
35	9	0
59	56	0
10	86	0
97	20	0
42	67	0
87	59	0
96	6	0
72	91	0
71	76	0
9	22	0
73	83	0
85	66	0
77	40	0
57	42	0
81	43	0
85	37	0
90	39	0
19	59	0
16	17	0
85	68	0
56	96	1
38	84	0
58	93	1
81	51	0
60	66	0
82	76	0
79	74	0
29	13	0
12	12	0
84	62	0
89	4	0
19	51	0
76	79	0
59	76	0
60	81	0
48	11	0
77	87	0
75	54	0
10	87	0
94	95	0
4	93	0
15	63	0
95	89	0
98	73	0
53	84	0
70	49	0
88	34	0
54	58	0
16	52	0
53	17	0
88	85	0
74	4	0
81	41	0
84	95	0
61	72	0
77	75	0
12	23	0
72	95	0
55	99	1
29	80	0
26	35	0
59	37	0
62	80	0
68	40	0
9	96	1
93	27	0
69	28	1
52	28	0
68	67	0
68	94	0
89	70	0
98	28	0
91	84	0
71	77	0
49	79	0
11	73	1
11	48	0
73	71	0
75	73	0
88	57	0
92	53	0
90	67	0
58	17	0
36	28	0
78	58	0
28	81	0
62	91	1
82	77	0
99	49	0
98	28	0
72	59	0
63	97	0
65	16	0
3	94	0
7	97	1
98	62	0
85	78	0
15	19	0
92	14	0
94	20	0
84	19	1
85	32	0
13	16	0
33	77	0
55	91	1
85	42	0
67	92	0
92	80	0
65	36	0
58	83	0
2	6	0
30	15	0
47	30	0
70	40	0
1	57	0
39	10	0
96	79	0
98	49	0
96	8	1
58	1	0
35	7	0
98	85	0
27	72	0
8	97	1
37	34	0
65	53	0
73	67	0
53	73	0
82	73	0
76	30	0
77	78	0
84	35	0
90	73	0
51	33	0
95	69	0
66	9	0
98	10	1
32	57	0
78	95	0
91	45	0
87	45	0
76	88	0
89	40	0
43	53	0
50	94	1
72	88	0
22	75	0
84	85	0
2	94	0
86	32	0
93	62	0
37	5	0
45	49	0
17	17	0
91	39	0
62	87	0
16	24	0
75	32	0
76	78	0
19	34	0
83	45	0
82	6	0
93	69	0
66	23	0
98	92	0
20	35	0
55	99	1
69	53	0
87	42	0
61	50	0
5	55	0
99	72	0
97	60	0
14	83	0
75	84	0
44	17	0
71	57	0
54	94	1
67	94	0
95	39	0
60	13	0
73	45	0
75	32	0
90	56	0
69	32	1
90	77	0
92	92	0
81	98	0
12	11	0
5	81	0
82	88	0
63	94	0
51	13	0
83	52	0
98	2	0
95	81	0
58	75	0
60	73	0
98	5	0
87	32	0
9	45	0
3	96	0
87	89	0
91	90	0
86	91	0
81	62	0
73	78	0
9	86	0
28	28	0
3	17	0
43	35	0
83	41	0
59	58	0
64	4	0
76	87	0
78	73	0
84	46	0
72	59	1
28	16	0
97	45	0
71	91	0
58	32	0
64	81	0
89	67	0
13	55	0
55	78	0
54	79	1
3	46	0
72	78	0
98	44	0
91	65	0
45	90	1
87	30	0
93	6	1
99	68	0
67	71	0
6	96	0
83	93	0
13	22	0
11	86	0
64	72	0
64	59	0
95	96	0
3	81	0
81	54	0
15	3	0
12	89	0
6	18	0
92	57	0
15	25	0
9	37	0
81	31	0
69	75	0
92	80	0
85	44	0
81	77	0
66	83	0
5	77	0
95	64	0
62	27	0
95	33	0
75	87	0
74	73	0
39	83	0
92	74	0
38	75	0
0	95	0
76	40	0
31	34	0
61	87	0
35	70	0
64	97	0
92	53	0
84	30	0
71	68	0
98	79	0
95	47	0
97	98	0
87	70	0
67	23	0
82	77	0
82	62	0
96	29	0
50	66	0
65	33	0
88	91	0
90	63	0
24	78	0
91	34	0
82	39	0
88	40	0
98	81	0
79	51	0
3	84	0
15	96	1
36	28	0
29	70	0
61	8	0
3	92	0
79	42	0
5	14	0
17	55	0
61	66	0
71	78	0
77	51	0
69	44	0
78	70	1
77	46	0
15	39	0
91	79	0
61	93	0
84	17	0
13	88	0
96	54	0
57	24	1
26	15	0
31	36	0
69	49	0
97	38	0
13	0	0
41	2	0
55	60	0
96	86	0
27	4	0
57	1	0
90	81	0
63	84	0
23	52	0
90	47	0
85	63	0
7	91	0
1	99	0
46	36	0
98	36	0
19	31	0
86	37	0
79	10	0
35	33	0
13	99	1
57	80	1
21	37	0
81	38	0
64	92	0
78	43	0
10	11	0
93	54	0
81	46	0
79	22	1
58	98	1
77	43	0
52	94	0
59	51	0
73	43	0
50	94	1
88	44	0
99	97	0
89	87	0
71	73	0
73	28	0
97	45	0
94	97	0
95	94	0
85	25	1
83	69	0
80	95	0
55	78	0
1	15	0
33	92	0
84	34	0
17	93	1
77	28	0
81	46	0
74	48	0
96	60	0
89	38	0
13	76	0
11	8	0
53	84	0
27	73	0
36	3	0
5	80	0
96	43	0
95	84	0
79	48	0
92	88	0
99	43	0
