99	70	0
21	13	0
56	97	0
2	5	0
93	41	0
98	99	0
44	80	0
57	23	1
77	56	0
1	89	0
0	9	0
16	97	0
98	37	0
64	77	0
41	33	0
84	68	0
95	21	0
59	99	0
39	73	0
85	66	0
50	14	0
27	83	0
58	22	1
86	67	0
84	81	0
85	82	0
8	24	0
46	40	0
85	23	0
84	66	0
10	79	0
32	96	0
83	9	0
64	93	0
39	8	1
52	70	0
81	74	0
97	68	0
65	57	0
96	32	0
15	68	0
65	2	1
93	69	0
18	78	0
56	2	0
7	79	0
34	96	0
26	64	1
85	53	0
50	35	0
33	13	0
97	86	0
89	99	0
87	14	0
33	86	0
98	11	0
19	18	0
77	89	0
1	91	0
85	8	0
25	65	0
66	92	0
42	62	0
13	25	0
74	81	0
85	32	0
24	93	0
49	99	0
68	29	0
30	99	0
48	93	0
17	14	0
96	18	0
80	26	0
53	75	0
88	33	0
82	64	0
59	9	1
66	39	0
8	99	0
68	8	0
51	78	0
57	32	1
86	9	0
89	61	0
3	58	0
74	88	0
4	76	0
34	95	0
99	59	0
81	28	0
37	70	0
30	65	1
75	3	0
65	49	0
9	74	0
35	2	0
68	71	0
53	30	0
2	98	0
99	28	0
39	78	0
79	70	0
90	1	0
63	86	0
64	83	0
5	26	0
57	87	0
95	86	0
80	52	0
24	90	0
67	35	0
78	2	0
98	63	0
88	31	0
99	51	0
28	51	0
56	10	1
53	64	0
10	20	0
47	32	0
86	64	0
50	78	0
62	74	0
62	16	1
47	37	0
64	76	0
46	58	0
44	98	0
75	38	0
63	68	0
55	75	0
95	52	0
27	11	0
47	35	0
18	18	0
14	77	0
26	57	0
77	50	0
53	36	0
87	6	0
28	82	0
54	25	1
25	38	0
69	79	0
26	66	1
59	59	0
46	74	0
41	45	1
43	3	0
50	15	1
41	89	0
24	67	0
74	76	0
94	64	0
20	95	0
88	71	0
31	54	0
21	71	0
53	70	0
41	49	1
17	37	0
76	82	0
94	81	0
42	70	0
81	49	0
6	37	1
56	49	0
56	18	1
67	16	0
44	56	1
52	19	1
30	70	1
95	32	0
25	95	0
26	60	1
70	89	0
46	49	1
22	25	0
40	79	0
49	10	0
94	96	0
31	88	0
98	5	0
22	78	0
97	29	0
58	99	0
72	83	0
62	60	0
26	54	0
10	67	0
56	3	0
65	89	0
99	51	0
41	91	0
64	73	0
84	20	0
53	77	0
39	82	0
33	81	0
25	18	0
66	23	0
84	53	0
54	45	0
77	66	0
68	25	0
24	96	0
56	65	0
92	37	0
75	44	0
49	5	0
3	38	1
90	28	0
75	82	0
68	96	0
76	55	0
93	28	0
94	18	0
2	36	1
89	74	0
35	97	0
77	87	0
42	96	0
34	39	0
90	31	0
27	99	0
88	21	0
21	50	0
30	83	0
52	15	1
23	92	0
72	92	0
80	77	0
91	57	0
94	53	0
24	88	0
45	76	0
81	8	0
84	56	0
43	2	0
33	29	0
40	55	1
76	37	0
25	55	0
37	45	0
24	78	0
78	96	0
93	57	0
55	71	0
94	3	0
90	39	0
61	9	1
93	48	0
66	53	0
67	78	0
3	33	1
43	65	0
70	26	0
9	81	0
28	61	0
8	91	0
92	62	0
41	5	1
78	66	0
89	7	0
98	80	0
26	0	0
37	94	0
23	68	0
58	92	0
40	27	0
77	15	0
87	10	0
91	16	0
52	49	0
73	24	0
78	56	0
6	3	0
3	58	1
30	99	0
24	74	0
57	94	0
40	70	0
84	42	0
66	7	1
50	85	0
54	62	0
94	91	0
59	37	0
66	92	0
79	19	0
25	11	0
48	1	0
50	22	1
32	21	0
93	54	0
77	10	0
20	46	0
19	24	0
38	48	1
46	35	0
94	74	0
93	64	0
67	30	0
88	5	0
70	11	0
79	12	0
44	41	0
41	23	0
8	73	0
83	89	0
49	89	0
5	99	0
34	49	0
52	34	0
76	40	0
66	51	0
78	79	0
84	83	0
72	27	0
68	83	0
70	9	0
82	52	0
75	52	0
62	55	0
95	79	0
71	15	0
90	19	0
19	43	0
62	95	0
61	72	0
80	20	0
17	78	0
91	44	0
61	97	0
96	27	0
64	27	0
36	56	0
56	47	0
29	71	1
61	83	0
75	34	0
77	76	0
17	86	0
94	94	0
2	81	0
98	0	0
87	29	0
41	70	0
53	51	0
70	43	0
18	90	0
73	35	0
93	59	0
46	32	0
34	93	0
30	11	0
38	44	1
54	91	0
38	87	0
37	81	0
16	73	0
12	22	0
69	5	0
74	35	0
96	11	0
80	98	0
33	65	1
31	25	0
71	8	0
60	43	0
67	99	0
5	20	0
47	91	0
90	46	0
26	81	0
75	0	0
42	64	0
62	21	0
55	12	1
83	19	0
86	44	0
12	80	0
72	13	0
84	97	0
30	95	0
90	66	0
8	32	0
65	95	0
66	45	0
12	78	0
65	24	0
87	43	0
79	48	0
76	62	0
13	50	0
96	56	0
19	96	0
94	58	0
21	95	0
86	89	0
41	24	0
72	75	0
56	94	0
45	42	1
58	98	0
78	49	0
42	47	1
24	65	0
88	6	0
3	78	0
78	55	0
22	96	0
41	51	1
46	65	0
80	29	0
22	55	0
51	30	0
87	52	0
72	22	0
78	83	0
45	98	0
41	58	1
40	45	1
64	99	0
58	21	1
38	89	0
90	89	0
87	74	0
76	7	0
23	1	0
42	35	0
32	58	0
3	78	0
84	83	0
65	82	0
64	50	0
68	19	0
38	67	0
34	71	0
81	57	0
89	0	0
15	71	0
81	6	0
61	56	0
38	40	0
86	94	0
20	76	0
56	91	0
73	16	0
73	17	0
47	58	0
57	85	0
25	96	0
94	24	0
82	13	0
79	27	0
13	65	0
16	99	0
16	83	0
54	32	1
69	87	0
75	94	0
4	36	0
62	55	0
79	92	0
73	58	0
65	64	0
21	92	0
7	76	0
43	28	0
7	23	0
45	36	0
27	48	0
98	36	0
83	47	0
64	10	1
66	41	0
56	50	0
42	25	0
93	76	0
52	79	0
79	51	0
27	59	1
41	97	0
77	55	0
24	9	0
98	46	0
64	86	0
37	28	0
51	56	1
29	98	0
63	96	0
86	66	0
25	84	0
62	43	0
2	74	0
53	51	0
44	72	0
67	52	0
59	71	0
62	91	0
12	51	0
60	56	0
82	49	0
79	62	0
38	77	0
68	86	0
46	29	0
96	21	0
58	45	0
88	9	0
6	79	0
56	90	0
87	71	0
74	70	0
19	93	0
7	67	0
76	88	0
36	27	0
4	86	0
73	99	0
58	62	0
89	66	0
21	89	0
78	50	0
15	2	0
51	95	0
23	85	0
12	15	0
88	57	0
87	24	0
77	27	0
76	18	0
20	12	0
24	55	0
79	29	0
1	75	0
61	73	0
3	40	1
24	76	0
66	50	0
69	94	0
66	38	0
69	86	0
76	52	0
75	84	0
2	83	0
49	47	0
32	76	0
69	57	0
56	46	0
93	45	0
99	99	0
83	97	0
51	58	0
75	57	0
66	66	0
67	2	0
70	80	0
89	75	0
90	11	0
55	82	0
3	99	0
53	41	0
68	40	0
66	31	0
74	21	0
21	80	0
77	20	0
31	66	1
90	17	0
38	61	0
48	32	0
58	94	0
70	78	0
50	81	0
70	87	0
82	64	0
82	45	0
94	64	0
76	95	0
96	43	0
39	64	0
90	83	0
38	71	0
81	81	0
98	50	0
45	87	0
87	74	0
88	54	0
79	29	0
43	47	1
4	63	0
51	79	0
71	19	0
66	28	0
82	88	0
67	46	0
12	85	0
20	90	0
64	43	0
84	25	0
85	45	0
94	0	0
83	95	0
57	37	0
32	78	0
94	23	0
65	46	0
29	78	0
16	97	0
27	74	0
7	84	0
58	58	0
43	26	0
45	77	0
51	52	1
68	76	0
73	13	0
22	83	0
93	47	0
19	24	0
16	79	0
72	65	0
68	47	0
40	61	0
91	49	0
87	51	0
75	53	0
57	66	0
82	49	0
2	28	0
98	79	0
60	48	0
41	88	0
6	78	0
22	86	0
31	57	0
92	25	0
55	90	0
4	95	0
98	65	0
57	29	1
77	18	0
23	13	0
32	30	0
74	8	0
19	74	0
86	52	0
91	35	0
9	5	0
0	38	1
68	16	0
39	83	0
99	85	0
1	8	0
50	88	0
84	36	0
95	82	0
44	60	0
64	73	0
27	38	0
94	38	0
90	66	0
20	76	0
18	81	0
27	70	0
22	88	0
75	9	0
23	57	0
12	85	0
39	34	0
51	23	1
46	65	0
70	45	0
32	74	0
95	21	0
4	32	0
82	46	0
76	22	0
47	51	1
32	23	0
42	8	1
21	91	0
48	77	0
18	62	0
21	24	0
20	82	0
15	80	0
65	57	0
90	42	0
38	57	0
80	98	0
47	25	0
59	73	0
40	75	0
16	90	0
89	36	0
47	55	0
10	17	0
88	55	0
61	49	0
88	23	0
87	28	0
77	37	0
55	89	0
42	35	0
58	43	0
64	32	0
40	2	0
32	97	0
56	63	0
89	36	0
59	95	0
87	53	0
78	45	0
38	84	0
35	76	0
91	27	0
51	48	0
72	4	0
92	99	0
76	85	0
51	81	0
71	24	0
84	78	0
21	79	0
64	26	0
21	95	0
42	58	0
91	64	0
66	10	1
96	92	0
82	8	0
94	96	0
61	11	1
70	25	0
75	60	0
66	27	0
4	85	0
64	98	0
62	76	0
2	26	0
9	91	0
14	76	0
43	19	1
47	37	0
80	41	0
48	13	1
5	61	0
27	89	0
63	93	0
95	47	0
3	68	0
69	44	0
30	91	0
83	47	0
69	42	0
27	60	0
79	40	0
76	44	0
60	67	0
53	49	0
4	80	0
0	4	0
79	67	0
19	61	0
19	4	0
4	92	0
29	73	0
96	39	0
71	87	0
84	60	0
97	82	0
51	53	1
65	32	0
1	76	0
51	64	0
36	45	1
72	39	0
85	22	0
