99	67	0
23	6	0
31	24	1
63	98	0
12	0	0
88	42	0
96	93	0
47	13	0
55	79	0
56	23	0
81	49	0
10	85	0
7	0	0
13	92	0
94	28	0
71	78	0
50	32	0
89	65	0
97	17	0
50	96	0
51	65	0
79	71	0
48	11	0
21	74	0
56	20	0
96	71	0
82	94	0
89	74	0
4	36	0
52	10	0
52	29	0
97	25	0
74	68	0
10	81	0
36	92	0
77	17	0
74	88	0
27	7	0
46	68	0
80	71	0
94	70	0
56	62	0
98	40	0
16	77	0
68	4	0
97	68	0
23	74	0
66	6	0
2	77	0
43	91	0
28	71	0
88	61	0
59	42	0
43	27	0
89	83	0
97	87	0
99	12	0
24	94	0
98	12	0
24	6	0
76	91	0
32	5	0
3	87	0
87	10	0
30	78	0
58	91	0
37	59	0
6	26	0
73	77	0
86	31	0
28	99	0
46	99	0
63	32	0
27	87	0
57	97	0
5	17	0
98	15	0
81	27	0
52	74	0
86	46	0
92	59	0
57	9	0
41	15	1
63	41	0
2	96	0
64	0	0
45	70	0
41	7	0
53	23	0
86	17	0
35	59	0
88	48	0
3	56	0
76	91	0
2	86	0
38	94	0
86	54	0
73	21	0
34	63	0
32	59	0
61	2	0
71	56	0
13	65	0
38	2	0
12	50	1
62	76	0
46	32	0
9	99	0
86	29	0
42	77	0
76	69	0
93	5	0
65	83	0
62	73	0
17	22	0
60	89	0
98	83	0
74	58	0
23	93	0
63	30	0
33	30	1
70	7	0
98	63	0
96	36	0
86	54	0
42	48	0
63	4	0
71	70	0
15	25	0
43	28	0
97	57	0
51	28	0
53	75	0
55	77	0
56	20	0
38	34	0
56	24	0
9	47	1
57	81	0
49	61	0
48	92	0
73	46	0
62	72	0
63	69	0
99	65	0
25	24	0
42	42	0
17	16	0
12	79	0
26	67	0
82	45	0
43	45	0
91	2	0
35	88	0
52	21	0
32	41	0
70	80	0
34	67	0
55	67	0
44	90	0
35	54	0
41	1	0
54	17	0
41	98	0
32	62	0
75	82	0
91	59	0
16	92	0
92	71	0
31	48	0
25	70	0
50	70	0
47	60	0
14	31	0
71	83	0
97	80	0
38	68	0
79	39	0
9	42	0
61	12	0
64	50	0
63	16	0
80	18	0
1	49	0
42	64	0
58	31	0
43	64	0
95	34	0
35	91	0
21	56	0
75	93	0
43	57	0
25	17	0
33	77	0
58	19	0
91	96	0
40	88	0
96	0	0
11	60	1
10	68	0
96	35	0
50	94	0
65	83	0
68	67	0
42	59	0
14	70	0
22	54	1
59	0	0
57	98	0
95	54	0
43	91	0
72	68	0
83	26	0
47	77	0
29	81	0
44	94	0
40	22	0
67	20	0
80	46	0
54	44	0
73	68	0
1	52	0
70	24	0
24	96	0
71	65	0
90	36	0
73	36	0
47	0	0
3	40	0
89	22	0
69	78	0
57	92	0
68	55	0
91	33	0
90	11	0
0	36	0
86	73	0
41	95	0
91	80	0
42	99	0
61	33	0
77	30	0
26	92	0
79	22	0
18	62	0
28	73	0
52	14	0
28	95	0
78	92	0
82	78	0
92	55	0
97	56	0
23	84	0
33	72	0
85	14	0
81	47	0
36	21	1
42	1	0
45	29	0
45	53	0
81	45	0
22	49	0
40	40	0
33	74	0
74	96	0
90	58	0
59	73	0
92	5	0
99	39	0
62	4	0
86	53	0
79	51	0
63	73	0
1	37	0
39	64	0
67	30	0
15	89	0
28	80	0
5	86	0
90	68	0
54	11	1
38	3	0
37	53	1
76	68	0
65	2	0
92	86	0
23	0	0
51	91	0
14	68	0
54	93	0
44	36	0
8	47	1
78	27	0
77	14	0
53	16	0
86	8	0
43	56	0
4	57	1
78	24	0
78	55	0
8	5	0
0	57	0
31	98	0
19	82	0
54	99	0
50	68	0
78	43	0
67	12	0
52	84	0
45	71	0
96	84	0
0	52	0
65	50	0
66	82	0
81	23	0
32	3	0
44	0	0
51	18	0
37	30	0
82	51	0
71	20	0
22	45	0
18	24	0
30	54	0
45	34	0
92	71	0
88	64	0
0	49	0
65	37	0
89	4	0
68	13	0
79	22	0
53	38	0
37	31	0
0	73	0
69	85	0
41	83	0
9	99	0
31	62	0
56	11	0
49	39	0
83	40	0
74	51	0
14	59	1
81	69	0
83	85	0
77	30	0
73	88	0
79	7	0
77	64	0
73	53	0
69	53	0
82	78	0
72	0	0
90	14	0
25	47	0
54	86	0
65	73	0
78	14	0
25	72	0
95	32	0
58	99	0
97	26	0
63	22	0
25	57	0
64	43	0
38	59	0
55	85	0
81	28	0
82	80	0
38	52	1
14	95	0
94	96	0
45	22	0
7	81	0
46	53	0
97	1	0
79	38	0
29	68	0
62	50	0
59	50	0
18	94	0
84	22	0
41	14	1
87	50	0
50	42	0
36	93	0
23	10	0
51	47	0
51	85	0
1	46	0
39	77	0
37	87	0
48	26	0
20	72	0
14	28	0
71	9	0
74	13	0
95	3	0
85	94	0
28	64	0
34	32	0
82	5	0
61	53	0
69	98	0
2	25	0
54	92	0
95	58	0
34	77	0
79	4	0
40	68	0
67	18	0
56	8	0
88	20	0
87	42	0
13	87	0
76	16	0
88	98	0
23	94	0
95	74	0
44	45	0
11	28	0
71	95	0
67	52	0
6	86	0
73	35	0
79	50	0
72	54	0
79	71	0
29	58	0
98	52	0
29	95	0
95	68	0
21	96	0
89	96	0
50	33	0
61	63	0
59	91	0
46	57	0
60	98	0
76	51	0
48	46	0
30	57	0
87	0	0
3	86	0
91	64	0
26	96	0
49	64	0
42	82	0
86	34	0
34	51	0
55	24	0
93	53	0
71	24	0
86	92	0
39	96	0
42	59	0
51	8	1
32	48	0
58	95	0
51	22	0
43	73	0
89	85	0
37	11	1
94	83	0
78	9	0
19	8	0
44	33	0
23	69	0
44	2	0
10	83	0
90	78	0
53	93	0
67	45	0
65	8	0
37	63	0
38	73	0
96	47	0
99	4	0
14	69	0
77	11	0
46	67	0
43	28	0
38	4	0
35	50	0
81	83	0
26	69	0
54	84	0
67	22	0
73	26	0
50	57	0
62	84	0
29	97	0
97	18	0
84	20	0
77	13	0
15	68	0
25	93	0
19	90	0
65	35	0
73	76	0
71	99	0
0	33	0
61	48	0
64	89	0
69	63	0
62	76	0
17	94	0
20	73	0
45	32	0
44	16	1
10	30	0
40	40	0
35	40	0
96	26	0
78	45	0
71	9	0
67	30	0
58	51	0
46	29	0
98	75	0
48	80	0
81	55	0
36	61	0
36	93	0
78	55	0
58	21	0
33	16	0
99	50	0
73	85	0
47	39	0
10	61	1
45	10	1
51	62	0
42	93	0
61	95	0
97	59	0
20	80	0
64	48	0
9	67	0
63	45	0
49	74	0
63	50	0
49	77	0
66	86	0
3	57	0
56	55	0
77	46	0
84	61	0
35	77	0
71	82	0
44	24	0
93	17	0
57	41	0
98	8	0
1	79	0
44	84	0
87	60	0
70	66	0
14	89	0
18	76	0
78	86	0
48	27	0
7	75	0
77	99	0
47	68	0
94	64	0
28	94	0
79	45	0
13	1	0
42	75	0
21	80	0
37	17	1
5	16	0
92	58	0
98	26	0
51	20	0
75	37	0
85	14	0
22	11	0
30	62	0
72	30	0
0	68	0
58	82	0
5	41	0
17	77	0
67	46	0
57	98	0
69	45	0
75	82	0
76	58	0
37	50	1
78	79	0
12	89	0
42	41	0
23	77	0
72	48	0
62	38	0
98	49	0
91	95	0
85	89	0
48	68	0
71	44	0
61	65	0
34	49	0
8	49	1
70	2	0
70	84	0
84	78	0
84	4	0
54	83	0
7	98	0
48	17	0
54	33	0
69	29	0
59	23	0
36	19	1
75	20	0
23	96	0
72	26	0
29	77	0
94	17	0
43	69	0
53	41	0
66	99	0
76	72	0
39	78	0
66	91	0
87	62	0
90	44	0
99	74	0
83	94	0
99	49	0
36	70	0
96	87	0
53	87	0
77	83	0
91	48	0
48	83	0
84	66	0
90	56	0
76	33	0
35	51	0
2	58	0
58	82	0
67	19	0
54	33	0
46	20	1
87	84	0
68	38	0
37	11	1
45	16	1
17	87	0
14	55	1
8	93	0
61	40	0
93	20	0
90	42	0
95	7	0
80	96	0
9	47	1
60	20	0
56	49	0
37	76	0
96	20	0
63	47	0
31	92	0
31	95	0
28	68	0
21	94	0
33	4	0
70	63	0
47	32	0
47	71	0
48	42	0
7	50	1
69	67	0
70	16	0
23	89	0
95	57	0
24	29	0
17	67	0
75	63	0
67	58	0
53	59	0
92	54	0
90	63	0
71	52	0
59	13	0
64	67	0
79	44	0
9	35	0
90	75	0
53	43	0
34	76	0
9	80	0
26	99	0
23	58	0
93	28	0
9	48	1
59	92	0
1	87	0
91	63	0
47	27	0
77	17	0
22	22	0
32	36	0
76	11	0
17	74	0
37	52	1
88	57	0
88	39	0
5	9	0
10	48	1
46	17	1
5	40	0
71	9	0
49	70	0
91	94	0
4	12	0
49	98	0
89	31	0
41	4	0
90	87	0
41	65	0
75	72	0
36	35	0
99	38	0
90	76	0
21	62	0
13	80	0
4	47	0
21	69	0
14	99	0
74	15	0
30	54	0
6	88	0
26	29	0
61	19	0
38	63	0
75	52	0
45	1	0
32	75	0
93	26	0
10	26	0
73	46	0
98	31	0
47	62	0
25	12	0
43	0	0
19	95	0
44	76	0
24	63	0
20	15	0
22	86	0
26	81	0
68	53	0
88	41	0
37	70	0
83	98	0
47	32	0
66	69	0
48	85	0
2	86	0
83	44	0
43	60	0
9	16	0
94	62	0
53	52	0
91	21	0
77	18	0
80	33	0
60	98	0
46	40	0
57	36	0
59	31	0
41	1	0
45	89	0
52	72	0
88	30	0
60	98	0
88	41	0
80	56	0
36	71	0
25	67	0
79	34	0
54	38	0
75	2	0
99	98	0
72	78	0
44	79	0
70	42	0
82	86	0
13	79	0
57	29	0
15	94	0
5	59	0
44	61	0
75	70	0
64	13	0
94	94	0
86	9	0
99	90	0
62	13	0
71	22	0
76	57	0
67	32	0
19	83	0
51	86	0
65	81	0
8	33	0
16	81	0
15	68	0
37	9	0
36	38	0
4	43	0
74	45	0
50	26	0
9	62	0
16	89	0
66	93	0
92	42	0
0	75	0
62	42	0
31	84	0
74	66	0
68	46	0
5	48	1
28	57	0
82	37	0
69	49	0
70	61	0
17	62	0
59	48	0
5	90	0
6	4	0
86	67	0
18	71	0
24	0	0
2	95	0
22	79	0
99	39	0
75	80	0
88	67	0
84	89	0
49	60	0
64	30	0
0	72	0
49	64	0
33	57	0
63	46	0
93	20	0
