98	66	0
19	16	0
63	96	0
7	3	0
92	38	0
97	97	0
44	13	1
45	83	0
57	24	0
81	48	0
5	88	0
3	6	0
13	92	0
93	32	0
73	73	0
42	33	0
81	74	0
96	14	0
61	97	0
44	71	0
81	68	0
47	10	0
26	83	0
54	21	0
92	65	0
79	86	0
83	77	0
11	32	0
56	18	1
53	36	0
87	25	0
77	73	0
10	75	0
31	95	0
83	10	0
69	93	0
29	10	0
48	71	0
82	69	0
98	71	0
58	65	0
98	36	0
18	73	0
66	6	0
97	67	0
18	77	0
59	0	0
7	75	0
40	99	0
32	65	0
91	54	0
57	36	0
38	21	0
99	85	0
90	94	0
95	14	0
32	88	0
93	11	0
23	15	0
77	93	0
31	5	1
1	89	0
80	10	0
24	68	0
64	90	0
37	58	0
6	28	0
71	84	0
89	33	0
18	94	0
44	99	0
66	27	0
30	90	0
52	97	0
12	15	0
98	18	0
77	27	0
52	78	0
87	39	0
86	61	0
57	7	0
71	37	0
2	99	0
69	2	0
46	78	0
41	6	1
56	23	0
86	15	0
39	56	1
87	55	0
2	53	0
76	86	0
1	80	0
38	95	0
94	53	0
74	27	0
31	66	0
38	57	0
71	2	0
64	54	0
13	73	0
33	3	0
62	71	0
46	34	0
7	94	0
90	30	0
41	81	0
76	66	0
94	1	0
64	86	0
64	71	0
6	25	0
60	94	0
99	81	0
77	56	0
24	91	0
67	30	0
78	1	0
96	65	0
91	35	0
92	52	0
37	45	0
61	14	1
61	69	0
9	26	0
49	32	0
90	56	0
52	22	1
54	79	0
55	73	0
59	23	0
47	33	0
50	22	1
55	83	0
48	58	0
47	96	0
75	39	0
62	69	0
54	71	0
94	56	0
29	20	0
43	42	0
14	15	0
15	81	0
28	60	0
78	43	0
52	42	0
87	0	0
36	84	0
54	21	0
31	39	0
66	81	0
31	66	0
57	60	0
44	85	0
43	53	1
36	1	0
56	20	0
39	98	0
26	60	0
77	78	0
93	65	0
18	96	0
90	75	0
32	49	0
23	73	0
52	72	0
43	53	1
18	32	0
71	85	0
96	92	0
47	75	0
75	41	0
4	42	1
60	12	1
63	46	0
59	14	0
76	21	0
4	52	1
37	59	0
54	19	0
38	61	0
93	32	0
33	91	0
22	59	0
80	93	0
52	51	0
19	17	0
37	77	0
49	15	0
95	94	0
34	90	0
92	1	0
14	55	1
17	76	0
96	35	0
55	96	0
70	83	0
61	62	0
29	52	0
12	68	0
57	0	0
55	89	0
99	52	0
37	91	0
70	70	0
85	26	0
50	76	0
30	77	0
34	90	0
35	22	0
68	27	0
84	52	0
50	42	0
76	68	0
1	55	1
76	21	0
19	89	0
62	64	0
87	33	0
75	40	0
44	1	0
4	37	0
87	31	0
74	77	0
60	99	0
73	56	0
99	28	0
90	10	0
5	35	0
91	72	0
36	99	0
87	82	0
40	98	0
55	33	0
83	34	0
24	94	0
84	22	0
21	61	0
30	83	0
49	12	0
25	89	0
75	88	0
85	75	0
93	58	0
96	57	0
20	83	0
39	67	0
82	5	0
86	54	0
41	2	0
38	26	0
44	58	0
80	44	0
24	56	0
35	39	0
29	78	0
76	98	0
94	53	0
60	73	0
99	7	0
99	32	0
63	8	0
91	51	0
79	51	0
60	79	0
4	39	0
43	60	0
69	24	0
15	86	0
28	67	0
4	93	0
92	64	0
41	4	0
79	67	0
78	0	0
98	80	0
21	1	0
43	93	0
16	66	0
54	93	0
40	38	0
77	20	0
80	14	0
57	11	1
89	12	0
48	50	0
78	28	0
75	58	0
8	7	0
1	61	0
31	98	0
20	81	0
54	95	0
45	70	0
80	43	0
63	5	0
47	87	0
50	67	0
98	92	0
3	46	1
63	43	0
66	87	0
79	22	0
23	4	0
48	2	0
51	15	0
35	34	0
81	54	0
72	16	0
19	42	0
19	30	0
31	57	0
43	33	0
98	69	0
90	61	0
7	53	1
64	33	0
84	5	0
69	13	0
75	22	0
53	37	0
40	29	0
6	76	0
74	81	0
42	88	0
10	96	0
33	60	0
56	12	1
52	40	0
85	34	0
73	53	0
13	59	1
81	70	0
86	88	0
85	33	0
70	85	0
74	8	0
77	55	0
69	54	0
65	51	0
91	73	0
74	3	0
88	14	0
24	42	0
55	93	0
60	73	0
77	13	0
22	77	0
96	38	0
53	98	0
99	26	0
58	23	0
33	60	0
61	43	0
33	61	0
58	81	0
77	27	0
84	81	0
42	49	1
21	90	0
92	97	0
46	15	1
8	81	0
42	53	1
98	0	0
87	32	0
37	69	0
55	51	0
64	48	0
21	99	0
79	28	0
43	8	1
91	56	0
50	36	0
40	91	0
26	8	0
47	47	0
53	90	0
2	43	1
41	79	0
41	85	0
49	21	1
19	68	0
9	30	0
71	7	0
72	32	0
97	7	0
80	97	0
35	65	0
33	25	0
75	7	0
56	48	0
68	96	0
1	27	0
52	84	0
93	54	0
30	75	0
74	1	0
38	64	0
63	18	0
54	11	0
82	17	0
91	43	0
2	84	0
70	9	0
86	99	0
29	99	0
89	74	0
43	48	1
9	29	0
65	98	0
70	43	0
6	82	0
71	26	0
86	53	0
71	49	0
73	59	0
24	56	0
94	47	0
25	92	0
96	62	0
24	98	0
91	92	0
42	37	0
69	71	0
58	93	0
50	53	0
62	95	0
80	50	0
45	49	0
27	59	0
92	1	0
2	84	0
86	59	0
23	97	0
48	50	0
43	74	0
81	28	0
28	51	0
57	25	0
92	57	0
72	21	0
80	87	0
47	97	0
37	54	0
40	42	0
61	99	0
53	24	0
43	81	0
88	81	0
88	76	0
74	11	0
19	8	0
41	33	0
30	59	0
44	3	1
7	78	0
83	76	0
63	88	0
66	56	0
65	11	0
38	65	0
37	78	0
92	52	0
89	6	0
17	71	0
73	9	0
50	63	0
49	24	1
43	7	1
34	43	0
85	85	0
24	72	0
57	84	0
66	18	0
77	15	0
53	54	0
65	84	0
21	99	0
93	22	0
81	10	0
76	25	0
12	67	0
17	95	0
15	79	0
59	38	0
74	83	0
77	93	0
4	34	0
65	52	0
71	88	0
75	61	0
63	70	0
17	96	0
16	75	0
47	28	0
6	26	0
45	38	0
30	42	0
99	31	0
78	49	0
62	10	0
70	30	0
57	49	0
39	20	0
95	78	0
52	79	0
83	51	0
35	59	0
38	99	0
77	53	0
53	13	1
31	14	0
99	49	0
66	85	0
50	34	0
52	60	0
33	97	0
64	96	0
93	63	0
19	75	0
64	47	0
2	74	0
58	51	0
48	72	0
66	54	0
53	79	0
64	88	0
5	58	0
57	53	0
78	47	0
76	60	0
38	81	0
78	80	0
47	27	0
97	15	0
54	42	0
97	12	0
1	79	0
49	88	0
88	67	0
67	68	0
14	91	0
12	70	0
83	87	0
43	27	0
4	80	0
72	98	0
50	63	0
90	62	0
22	91	0
75	38	0
22	0	0
47	80	0
20	80	0
11	21	0
91	54	0
96	18	0
50	20	1
72	32	0
77	17	0
22	13	0
31	59	0
77	30	0
1	76	0
62	75	0
8	42	0
23	76	0
62	52	0
65	97	0
69	45	0
78	87	0
74	54	0
74	82	0
2	88	0
48	43	0
26	80	0
80	52	0
59	42	0
94	43	0
96	94	0
78	93	0
48	69	0
77	48	0
67	70	0
38	55	1
66	4	0
65	82	0
83	69	0
83	4	0
59	81	0
4	99	0
49	26	1
51	39	0
71	34	0
64	33	0
74	22	0
21	89	0
74	31	0
29	70	0
89	18	0
45	64	0
44	37	0
62	93	0
75	76	0
50	78	0
73	94	0
83	61	0
85	50	0
95	72	0
81	99	0
99	44	0
36	64	0
86	83	0
50	79	0
82	85	0
99	51	0
46	87	0
91	68	0
84	53	0
83	34	0
40	46	0
6	62	0
58	77	0
71	13	0
65	30	0
49	20	1
82	81	0
64	44	0
44	10	1
14	90	0
11	53	1
13	90	0
65	37	0
89	13	0
91	51	0
98	3	0
77	97	0
49	26	1
51	43	0
33	75	0
99	18	0
68	51	0
31	79	0
25	97	0
27	73	0
11	93	0
31	11	1
68	64	0
44	32	0
49	71	0
41	45	0
65	77	0
74	13	0
15	86	0
94	55	0
21	25	0
14	78	0
69	61	0
71	51	0
49	63	0
90	51	0
87	62	0
79	58	0
54	12	1
59	68	0
85	45	0
0	33	0
99	78	0
51	45	0
40	78	0
5	78	0
24	93	0
26	60	0
92	31	0
10	54	1
61	95	0
8	91	0
96	65	0
57	27	0
73	18	0
28	20	0
33	38	0
74	9	0
15	74	0
42	51	1
86	57	0
91	37	0
0	7	0
0	38	0
71	15	0
45	76	0
95	94	0
0	10	0
52	97	0
81	29	0
42	10	1
93	82	0
42	61	0
78	75	0
26	32	0
96	35	0
89	76	0
22	67	0
16	82	0
4	48	1
25	72	0
23	98	0
73	13	0
28	59	0
8	86	0
34	33	0
53	17	0
40	58	0
66	46	0
43	7	1
30	74	0
92	27	0
2	27	0
75	49	0
93	28	0
54	63	0
30	18	0
39	6	0
15	91	0
44	80	0
24	62	0
21	19	0
20	82	0
23	77	0
69	56	0
93	40	0
32	67	0
81	99	0
48	32	0
63	69	0
44	85	0
11	86	0
86	43	0
41	63	0
9	22	0
92	53	0
61	48	0
91	23	0
86	20	0
76	33	0
57	94	0
47	38	0
61	42	0
56	29	0
39	1	0
38	92	0
57	69	0
89	27	0
63	97	0
85	53	0
77	46	0
33	77	0
27	74	0
80	30	0
50	43	0
73	0	0
96	95	0
72	77	0
50	78	0
75	35	0
86	82	0
17	80	0
58	31	0
19	95	0
11	57	1
33	66	0
84	64	0
64	16	0
99	95	0
89	11	0
99	91	0
60	9	0
65	21	0
75	52	0
67	30	0
11	86	0
53	90	0
64	80	0
5	29	0
12	84	0
18	70	0
43	10	0
39	37	0
2	49	1
81	40	0
51	18	0
4	59	0
20	87	0
65	93	0
94	45	0
1	73	0
64	40	0
28	89	0
82	59	0
68	41	0
23	55	0
85	35	0
76	45	0
69	61	0
12	59	1
53	46	0
6	89	0
0	6	0
85	67	0
17	66	0
21	7	0
3	96	0
22	78	0
99	37	0
70	81	0
83	60	0
91	85	0
54	60	0
60	38	0
3	74	0
50	61	0
35	54	0
66	36	0
84	25	0
