94	63	0
52	13	0
38	21	0
52	99	0
6	27	0
98	32	0
94	83	0
7	11	1
48	15	0
72	88	0
43	42	0
82	39	0
1	82	0
24	12	0
16	63	0
98	12	0
97	79	0
64	28	0
27	51	0
94	68	0
90	4	0
45	78	0
70	82	0
76	98	0
69	0	0
41	96	0
50	1	0
77	78	0
67	89	0
90	55	0
2	38	0
33	38	0
42	28	0
86	26	0
38	48	0
92	67	0
13	90	0
60	83	0
96	26	0
80	90	0
50	5	0
21	48	0
77	51	0
98	56	0
61	71	0
97	45	0
8	86	0
37	43	0
54	13	0
90	48	0
23	67	0
58	13	0
31	88	0
51	87	0
31	64	0
97	70	0
39	34	0
36	46	0
79	75	0
98	91	0
86	13	0
10	94	0
94	12	0
47	3	0
84	74	0
41	27	0
24	83	0
73	12	0
36	74	0
88	79	0
60	57	0
17	30	0
78	87	0
28	43	0
13	46	0
90	39	0
13	41	0
36	79	0
56	85	0
79	23	0
45	98	0
65	99	0
1	7	0
12	17	0
94	16	0
98	16	0
37	55	0
80	46	0
23	31	0
78	53	0
33	47	0
33	8	0
35	0	0
70	44	0
16	91	0
62	8	0
49	77	0
45	9	0
38	24	0
87	38	0
37	66	0
68	48	0
15	68	0
69	88	0
6	80	0
47	77	0
82	51	0
61	3	0
47	68	0
9	62	0
55	7	0
56	57	0
12	66	0
43	4	0
40	59	0
25	33	0
89	78	0
51	43	0
0	4	0
26	99	0
80	0	0
67	67	0
14	33	0
83	77	0
93	9	0
66	65	0
54	80	0
32	20	0
61	95	0
80	82	0
73	54	0
34	95	0
71	31	0
33	23	0
23	35	0
81	4	0
0	69	0
98	71	0
99	18	0
91	29	0
42	58	0
62	15	0
87	87	0
3	12	0
38	13	0
84	81	0
38	40	0
92	70	0
79	81	0
57	21	0
47	31	0
56	60	0
7	47	0
29	78	0
20	58	0
83	72	0
49	60	0
47	95	0
79	60	0
74	77	0
55	78	0
19	42	0
91	82	0
0	36	0
41	40	0
21	20	0
19	79	0
38	71	0
97	23	0
33	32	0
74	11	0
34	79	0
66	24	0
52	36	0
77	78	0
24	53	0
66	72	0
40	92	0
36	61	0
35	15	0
64	12	0
38	88	0
11	72	0
73	86	0
89	58	0
19	90	0
27	34	0
98	67	0
25	58	0
25	84	0
49	95	0
48	45	0
34	3	0
19	38	0
70	88	0
82	99	0
60	86	0
74	20	0
3	72	0
59	2	0
76	11	0
68	22	0
81	18	0
29	63	0
0	68	0
50	59	0
80	35	0
31	77	0
90	27	0
49	88	0
29	68	0
30	12	0
76	72	0
29	66	0
40	13	0
6	97	0
74	17	0
98	86	0
86	95	0
86	22	0
6	78	0
11	72	0
95	46	0
50	77	0
33	45	0
54	72	0
57	74	0
49	57	0
7	79	0
29	63	0
65	11	0
5	66	0
74	97	0
75	42	0
42	89	0
93	58	0
41	14	0
41	58	0
23	75	0
35	93	0
54	39	0
66	28	0
19	30	0
96	67	0
77	45	0
84	56	0
3	81	0
61	16	0
19	87	0
68	64	0
52	44	0
57	52	0
54	14	0
0	54	0
80	45	0
48	8	0
80	58	0
47	85	0
68	47	0
99	31	0
92	7	0
1	61	0
87	71	0
20	99	0
96	65	0
45	93	0
56	29	0
46	0	0
23	93	0
68	32	0
38	58	0
45	76	0
48	9	0
27	99	0
70	93	0
85	81	0
69	28	0
91	71	0
7	91	0
46	37	0
59	1	0
70	23	0
37	15	0
39	3	0
56	11	0
52	46	0
67	36	0
38	55	0
27	50	0
52	59	0
70	84	0
83	77	0
59	89	0
89	10	0
91	52	0
79	5	0
15	54	0
27	2	0
82	37	0
55	20	0
75	74	0
4	38	0
50	69	0
51	23	0
28	96	0
33	88	0
25	71	0
97	65	0
37	31	0
40	5	0
26	61	0
92	53	0
80	28	0
68	88	0
18	10	0
65	92	0
8	72	0
43	89	0
39	36	0
2	55	0
74	4	0
24	30	0
85	12	0
38	15	0
10	1	1
81	6	0
32	46	0
12	41	0
81	24	0
93	59	0
6	31	0
31	27	0
2	59	0
29	91	0
15	84	0
5	7	0
35	92	0
45	68	0
48	36	0
64	23	0
45	89	0
34	68	0
88	94	0
45	27	0
19	47	0
30	38	0
56	74	0
82	95	0
49	18	0
85	3	0
33	0	0
51	13	0
61	12	0
19	41	0
84	54	0
65	4	0
19	37	0
51	6	0
56	50	0
47	47	0
23	64	0
82	84	0
68	49	0
21	51	0
58	31	0
18	12	1
97	8	0
53	9	0
64	17	0
59	44	0
26	35	0
7	70	0
69	76	0
17	81	0
29	93	0
24	93	0
48	21	0
41	36	0
92	56	0
67	47	0
10	81	0
83	81	0
57	93	0
20	32	0
75	20	0
57	96	0
73	0	0
91	57	0
82	50	0
36	21	0
45	46	0
36	49	0
90	79	0
6	15	0
72	21	0
89	8	0
14	43	0
28	94	0
69	74	0
81	0	0
3	65	0
99	29	0
45	96	0
76	9	0
59	49	0
46	51	0
49	41	0
36	41	0
51	34	0
75	79	0
78	53	0
37	36	0
81	71	0
21	52	0
17	93	0
85	90	0
36	30	0
1	76	0
67	18	0
91	15	0
75	43	0
16	63	0
63	35	0
31	36	0
54	44	0
5	98	0
66	29	0
51	15	0
83	48	0
48	22	0
33	81	0
28	6	0
80	52	0
10	0	1
71	96	0
1	87	0
33	52	0
51	78	0
56	32	0
20	97	0
17	45	0
27	39	0
61	15	0
91	27	0
84	21	0
86	91	0
21	62	0
36	17	0
31	27	0
79	22	0
53	59	0
77	91	0
22	39	0
74	97	0
86	71	0
34	78	0
77	5	0
72	42	0
81	18	0
69	14	0
43	17	0
42	33	0
94	4	0
77	32	0
2	62	0
89	18	0
91	94	0
7	97	0
92	58	0
51	48	0
21	13	0
91	87	0
78	54	0
23	99	0
66	28	0
80	47	0
87	57	0
84	61	0
29	71	0
84	77	0
39	94	0
87	71	0
35	38	0
25	94	0
98	86	0
31	35	0
33	43	0
70	75	0
63	90	0
51	63	0
55	97	0
53	57	0
39	61	0
32	65	0
81	22	0
16	91	0
79	55	0
23	90	0
44	62	0
42	74	0
85	29	0
26	30	0
20	49	0
56	35	0
94	69	0
69	13	0
89	99	0
72	97	0
35	47	0
63	8	0
32	40	0
31	87	0
46	34	0
56	67	0
69	82	0
34	23	0
81	95	0
44	26	0
36	15	0
67	42	0
33	80	0
42	18	0
6	61	0
87	79	0
57	93	0
52	42	0
82	11	0
47	75	0
42	49	0
94	59	0
88	2	0
4	77	0
72	6	0
71	78	0
71	30	0
36	4	0
35	69	0
79	81	0
33	73	0
51	80	0
73	22	0
14	71	0
66	15	0
43	62	0
59	99	0
29	97	0
91	5	0
89	16	0
64	15	0
44	88	0
12	88	0
3	89	0
74	46	0
71	64	0
82	63	0
21	46	0
83	43	0
68	62	0
86	72	0
62	62	0
20	58	0
27	69	0
37	27	0
45	37	0
2	46	0
53	64	0
38	43	0
89	35	0
82	35	0
67	1	0
80	33	0
54	76	0
16	53	0
57	32	0
91	76	0
63	85	0
97	73	0
20	53	0
52	69	0
64	50	0
26	54	0
91	29	0
19	56	0
37	26	0
89	53	0
81	99	0
60	53	0
21	65	0
45	5	0
63	74	0
30	84	0
43	26	0
76	82	0
94	69	0
20	99	0
54	69	0
13	71	0
74	60	0
33	55	0
47	64	0
35	77	0
62	71	0
24	32	0
15	64	0
87	80	0
80	53	0
99	56	0
25	67	0
58	82	0
67	28	0
89	26	0
40	42	0
94	15	0
14	86	0
26	31	0
29	79	0
85	57	0
21	40	0
94	66	0
14	98	0
7	70	0
20	8	0
92	91	0
35	29	0
3	74	0
75	92	0
44	62	0
84	72	0
29	90	0
99	32	0
27	17	0
37	87	0
31	72	0
35	18	0
23	42	0
1	19	0
87	70	0
90	12	0
57	11	0
73	14	0
94	41	0
27	9	0
32	42	0
98	40	0
12	57	0
48	84	0
1	48	0
17	76	0
81	55	0
45	96	0
70	49	0
75	77	0
37	33	0
74	63	0
38	58	0
85	43	0
10	70	0
59	36	0
36	68	0
73	33	0
58	36	0
97	82	0
99	97	0
84	83	0
22	80	0
20	31	0
60	49	0
48	76	0
33	17	0
20	3	0
36	73	0
9	36	0
64	2	0
69	86	0
80	64	0
92	15	0
14	43	0
10	3	1
75	90	0
4	99	0
48	6	0
60	53	0
71	15	0
11	4	1
41	19	0
21	38	0
43	15	0
67	4	0
44	83	0
56	24	0
32	88	0
72	7	0
30	40	0
51	72	0
73	22	0
92	75	0
62	74	0
34	72	0
48	84	0
77	85	0
84	59	0
18	68	0
79	75	0
57	96	0
14	33	0
20	49	0
92	35	0
32	93	0
98	94	0
69	80	0
47	3	0
53	46	0
85	53	0
56	85	0
82	50	0
95	74	0
84	29	0
15	63	0
3	56	0
72	81	0
79	36	0
48	61	0
54	11	0
30	17	0
79	77	0
25	34	0
10	66	0
46	51	0
59	43	0
36	12	0
58	31	0
19	88	0
20	40	0
9	57	0
9	71	0
76	50	0
18	22	0
62	13	0
98	25	0
80	0	0
58	75	0
9	61	0
64	27	0
49	32	0
66	78	0
83	9	0
41	46	0
50	64	0
50	83	0
19	99	0
27	65	0
42	83	0
28	33	0
77	78	0
51	45	0
31	78	0
64	32	0
9	49	0
61	64	0
62	19	0
32	76	0
79	45	0
53	46	0
53	42	0
39	17	0
4	62	0
74	65	0
74	57	0
41	36	0
83	59	0
84	67	0
75	32	0
70	5	0
94	80	0
87	12	0
6	69	0
70	78	0
34	16	0
63	41	0
13	3	1
14	57	0
12	86	0
32	86	0
27	51	0
95	30	0
23	52	0
52	95	0
19	79	0
98	75	0
52	58	0
83	40	0
22	1	0
52	18	0
53	9	0
6	10	1
11	80	0
63	59	0
84	64	0
70	48	0
15	0	0
26	39	0
67	7	0
0	81	0
71	2	0
43	74	0
51	19	0
78	97	0
9	32	0
9	95	0
99	55	0
31	13	0
92	74	0
62	65	0
74	40	0
51	27	0
92	25	0
87	73	0
15	66	0
2	80	0
24	61	0
7	88	0
4	81	0
82	25	0
33	47	0
2	97	0
51	9	0
59	1	0
38	46	0
21	27	1
69	38	0
42	21	0
25	72	0
32	32	0
78	13	0
10	39	0
82	51	0
89	0	0
64	55	0
26	9	0
50	18	0
11	99	0
58	78	0
36	71	0
35	14	0
0	80	0
0	92	0
65	49	0
92	41	0
38	29	0
29	77	0
23	23	1
95	84	0
54	28	0
48	72	0
62	99	0
20	24	1
1	85	0
68	26	0
56	62	0
25	32	0
96	71	0
41	67	0
98	21	0
73	15	0
93	20	0
84	82	0
45	60	0
30	88	0
83	9	0
22	5	0
66	90	0
68	71	0
19	52	0
71	38	0
76	86	0
88	14	0
96	53	0
21	69	0
59	46	0
24	25	0
90	20	0
38	45	0
62	7	0
92	96	0
84	74	0
44	71	0
75	32	0
73	76	0
1	91	0
47	3	0
10	89	0
8	71	0
68	69	0
72	96	0
80	8	0
97	91	0
83	5	0
80	72	0
61	2	0
87	37	0
81	52	0
55	29	0
11	71	0
58	89	0
58	74	0
18	49	0
2	39	0
34	98	0
10	69	0
43	1	0
36	55	0
13	66	0
42	24	0
5	45	0
93	54	0
51	18	0
0	48	0
28	88	0
75	64	0
1	1	0
95	69	0
19	79	0
58	46	0
34	53	0
94	40	0
55	43	0
1	11	0
1	49	0
20	59	0
95	68	0
66	46	0
99	62	0
2	55	0
62	59	0
13	70	0
2	17	0
80	58	0
26	66	0
45	9	0
33	35	0
9	81	0
33	88	0
3	4	0
81	43	0
71	58	0
82	66	0
75	79	0
42	87	0
43	18	0
0	74	0
47	66	0
43	52	0
57	50	0
85	11	0
