2	27	1
91	58	0
54	12	0
44	22	0
51	96	0
2	43	0
85	34	0
90	75	0
2	12	0
49	15	0
68	93	0
41	43	0
67	48	0
4	92	0
33	7	0
15	52	0
92	2	0
82	80	0
64	32	0
28	56	0
97	57	0
98	4	0
47	76	0
74	78	0
84	88	0
81	1	0
18	97	0
64	20	0
73	71	0
65	82	0
94	57	0
6	47	0
30	28	0
48	20	0
78	16	0
47	50	0
87	80	0
10	96	0
63	67	0
96	17	0
84	95	0
44	16	0
32	63	0
64	51	0
93	50	0
55	84	0
97	49	0
17	97	0
27	47	0
60	10	0
91	44	0
26	70	0
62	10	0
36	85	0
68	95	0
23	64	0
94	63	0
47	11	0
34	54	0
77	72	0
97	92	0
75	4	0
21	98	0
90	3	0
46	14	0
88	59	0
47	22	0
13	94	0
86	3	0
35	80	0
88	80	0
56	48	0
23	37	0
83	72	0
18	34	0
30	49	0
87	42	0
18	10	0
8	41	0
50	88	0
66	97	0
67	19	0
48	97	0
74	95	0
8	9	0
13	32	0
85	12	0
87	14	0
55	46	0
85	37	0
22	24	0
76	49	0
49	53	0
33	7	0
32	9	0
67	57	0
27	84	0
49	0	0
42	81	0
42	1	0
35	37	0
84	32	0
48	67	0
61	46	0
18	83	0
69	80	0
1	84	0
48	95	0
88	48	0
66	20	0
53	79	0
0	43	0
60	8	0
50	74	0
6	87	0
37	10	0
24	51	0
16	30	0
85	84	0
7	25	0
42	24	0
0	1	0
34	98	0
92	5	0
66	56	0
3	37	0
72	86	0
91	17	0
59	65	0
54	85	0
31	24	0
64	97	0
17	19	0
78	82	0
68	48	0
25	97	0
76	28	0
45	35	0
16	23	0
63	5	0
9	7	0
9	82	0
15	2	0
99	89	0
96	14	0
81	38	0
51	63	0
63	22	0
84	88	0
1	5	0
36	16	0
18	6	0
83	73	0
43	38	0
88	73	0
86	78	0
51	26	0
55	32	0
79	50	0
3	52	0
25	75	0
18	62	0
93	76	0
50	59	0
40	94	0
96	44	0
69	79	0
49	84	0
25	45	0
99	75	0
2	45	0
37	36	0
19	31	0
29	76	0
32	66	0
94	17	0
53	35	0
75	10	0
45	77	0
65	20	0
60	39	0
74	73	0
25	55	0
67	57	0
30	98	0
32	63	0
30	3	0
63	24	0
24	99	0
6	75	0
65	74	0
80	44	0
17	86	0
16	47	0
90	74	0
25	46	0
36	76	0
33	89	0
59	39	0
32	4	0
22	47	0
76	90	0
97	79	0
66	96	0
70	14	0
10	52	0
62	7	0
56	28	0
57	29	0
73	9	0
26	63	0
17	79	0
44	64	0
66	31	0
27	75	0
84	25	0
57	82	0
33	73	0
25	13	0
92	78	0
29	76	0
47	2	0
4	88	0
80	21	0
95	70	0
84	85	0
84	32	0
0	80	0
15	76	0
99	47	0
62	66	0
43	46	0
45	70	0
72	74	0
43	68	0
18	80	0
35	67	0
71	1	0
3	59	0
67	99	0
67	37	0
24	89	0
88	70	0
46	16	0
40	63	0
16	75	0
33	94	0
68	30	0
67	17	0
22	40	0
97	58	0
62	45	0
74	41	0
10	88	0
55	11	0
22	76	0
70	68	0
62	61	0
70	55	0
60	3	0
21	5	0
4	58	0
84	54	0
56	14	0
73	54	0
46	90	0
60	51	0
92	35	0
94	12	0
19	58	0
91	72	0
13	80	0
19	27	0
94	50	0
37	97	0
46	40	0
50	2	0
20	90	0
72	31	0
36	48	0
32	72	0
43	6	0
20	75	0
87	87	0
86	74	0
57	37	0
80	65	0
15	84	0
47	44	0
63	1	0
66	23	0
32	25	0
55	6	0
56	17	0
52	29	0
73	26	0
33	48	0
27	42	0
55	40	0
68	67	0
85	86	0
44	99	0
72	6	0
93	56	0
66	14	0
11	62	0
19	11	0
88	36	0
62	29	0
79	68	0
17	43	0
54	63	0
62	12	0
35	91	0
30	82	0
49	75	0
96	52	0
46	24	0
52	1	0
27	39	0
77	45	0
73	7	0
66	94	0
28	5	0
66	88	0
7	67	0
41	76	0
36	24	0
6	57	0
7	17	0
82	4	0
28	40	0
74	14	0
38	7	0
4	7	0
78	17	0
24	66	0
28	47	0
93	27	0
78	55	0
13	33	0
23	42	0
4	56	0
40	88	0
13	72	0
13	2	0
31	94	0
54	56	0
41	13	0
14	14	0
52	33	0
49	80	0
35	69	0
80	97	0
28	31	0
23	57	0
33	45	0
56	73	0
78	99	0
50	13	0
67	2	0
32	10	0
48	13	0
55	11	0
17	59	0
83	48	0
64	3	0
21	50	0
59	3	0
55	62	0
45	52	0
39	52	0
79	83	0
76	44	0
22	67	0
52	51	0
23	19	0
97	12	0
42	1	0
60	29	0
59	26	0
24	41	0
15	75	0
58	73	0
14	70	0
39	92	0
32	81	0
39	28	0
39	34	0
88	54	0
63	37	0
15	70	0
74	76	0
7	25	1
63	91	0
31	28	0
65	18	0
68	90	0
73	1	0
90	62	0
74	42	0
43	25	0
40	41	0
37	39	0
93	80	0
13	19	0
65	23	0
80	7	0
13	54	0
43	79	0
74	74	0
73	10	0
4	61	0
93	40	0
56	96	0
4	19	0
67	5	0
52	61	0
35	71	0
63	48	0
18	35	0
53	39	0
67	90	0
61	55	0
37	26	0
80	69	0
23	43	0
19	79	0
80	85	0
48	19	0
4	82	0
67	13	0
91	25	0
68	37	0
20	57	0
64	18	0
23	24	0
64	47	0
16	91	0
68	52	0
48	3	0
81	54	0
36	28	0
30	77	0
43	6	0
79	40	0
10	6	0
61	97	0
15	92	0
28	37	0
55	63	0
58	32	0
12	87	0
11	39	0
22	47	0
58	5	0
92	37	0
66	22	0
85	96	0
30	65	0
19	27	0
41	23	0
36	28	0
90	9	0
52	59	0
80	78	0
30	44	0
59	96	0
70	59	0
44	82	0
74	7	0
71	48	0
76	14	0
66	16	0
46	24	0
33	29	0
94	10	0
62	21	0
5	76	0
93	3	0
99	83	0
9	95	0
11	25	0
85	66	0
41	52	0
29	2	0
88	83	0
82	62	0
27	98	0
66	32	0
77	43	0
91	59	0
11	22	0
86	81	0
26	79	0
76	76	0
29	95	0
97	66	0
30	48	0
20	82	0
99	80	0
37	26	0
25	34	0
70	69	0
61	97	0
43	74	0
12	13	0
43	75	0
60	60	0
38	64	0
35	72	0
83	22	0
14	89	0
82	51	0
22	75	0
39	67	0
43	75	0
92	33	0
45	32	0
17	47	0
0	23	0
69	41	0
99	76	0
56	19	0
79	93	0
76	94	0
30	35	0
47	19	0
21	55	0
25	74	0
7	24	1
34	30	0
48	71	0
61	87	0
34	31	0
73	84	0
57	30	0
38	9	0
70	35	0
24	77	0
46	14	0
10	56	0
95	83	0
60	99	0
50	54	0
79	9	0
43	61	0
5	29	1
4	25	1
44	49	0
89	60	0
91	1	0
1	67	0
77	9	0
89	87	0
70	19	0
31	1	0
25	66	0
73	69	0
37	83	0
51	78	0
82	24	0
21	73	0
58	21	0
65	79	0
61	91	0
31	91	0
95	11	0
91	17	0
67	17	0
44	88	0
10	99	0
4	89	0
75	62	0
72	63	0
94	63	0
9	48	0
88	48	0
67	62	0
8	15	0
80	67	0
64	72	0
22	47	0
12	66	0
40	27	0
41	41	0
16	61	0
60	50	0
45	53	0
94	41	0
81	33	0
78	3	0
68	36	0
54	91	0
3	20	1
14	18	0
20	54	0
77	55	0
97	83	0
74	73	0
98	81	0
22	40	0
53	73	0
56	39	0
37	64	0
80	46	0
0	33	0
23	72	0
41	25	0
80	69	0
65	95	0
52	64	0
6	24	1
29	67	0
27	12	0
81	67	0
28	75	0
53	36	0
86	79	0
99	85	0
10	98	0
38	53	0
13	75	0
78	81	0
38	47	0
59	61	0
45	82	0
79	70	0
27	33	0
18	60	0
85	77	0
73	61	0
89	52	0
45	85	0
57	79	0
66	33	0
32	20	0
84	28	0
43	26	0
87	3	0
18	87	0
18	27	0
2	14	0
39	94	0
95	71	0
23	35	0
93	51	0
18	99	0
17	72	0
25	1	0
98	92	0
26	24	0
8	79	0
71	97	0
43	66	0
84	69	0
24	79	0
83	27	0
21	27	0
37	81	0
29	69	0
31	23	0
25	32	0
23	39	0
97	63	0
83	14	0
52	14	0
75	5	0
91	46	0
36	13	0
51	28	0
90	34	0
8	50	0
43	90	0
11	50	0
13	84	0
80	58	0
54	95	0
55	47	0
76	83	0
42	24	0
93	75	0
39	67	0
94	47	0
10	69	0
62	49	0
24	67	0
70	35	0
7	31	0
60	38	0
87	77	0
84	82	0
90	91	0
23	81	0
20	41	0
47	44	0
43	64	0
36	28	0
22	13	0
38	61	0
11	53	0
61	5	0
74	81	0
82	54	0
91	10	0
13	45	0
8	6	0
81	88	0
11	78	0
51	28	0
56	38	0
75	15	0
16	2	0
56	12	0
14	42	0
1	37	0
50	15	0
51	2	0
3	26	1
32	78	0
62	23	0
35	97	0
81	5	0
36	41	0
55	63	0
68	13	0
93	62	0
59	65	0
45	65	0
47	99	0
83	94	0
18	16	0
93	58	0
14	59	0
86	74	0
56	80	0
15	35	0
18	57	0
99	46	0
28	79	0
90	96	0
67	83	0
48	4	0
39	57	0
82	53	0
36	86	0
70	44	0
88	71	0
73	29	0
11	65	0
15	59	0
90	88	0
73	37	0
58	66	0
56	5	0
12	16	0
80	63	0
32	26	0
13	65	0
37	55	0
53	50	0
34	7	0
61	33	0
5	79	0
19	50	0
12	64	0
3	51	0
85	64	0
23	20	0
55	21	0
98	17	0
85	8	0
49	62	0
0	73	0
59	31	0
32	25	0
11	14	0
17	17	0
77	64	0
67	25	0
35	37	0
42	76	0
55	76	0
14	86	0
28	69	0
51	82	0
26	44	0
79	96	0
53	32	0
39	84	0
21	12	0
53	13	0
9	41	0
60	45	0
71	12	0
31	75	0
84	65	0
65	54	0
48	50	0
42	13	0
2	76	0
79	69	0
67	53	0
50	42	0
73	66	0
70	78	0
72	41	0
65	9	0
94	78	0
82	12	0
1	74	0
73	60	0
2	29	0
5	26	1
27	0	0
49	31	0
2	8	0
8	46	0
23	73	0
31	98	0
36	50	0
98	31	0
5	49	0
59	91	0
26	83	0
5	28	1
99	62	0
38	65	0
8	21	0
87	49	0
24	1	0
61	22	0
60	2	0
15	7	0
24	79	0
43	58	0
85	76	0
68	46	0
13	4	0
32	31	0
50	8	0
8	27	0
3	73	0
74	5	0
41	66	0
52	42	0
70	95	0
16	40	0
13	95	0
91	46	0
25	23	0
91	81	0
58	63	0
67	32	0
50	34	0
96	20	0
89	64	0
20	59	0
15	90	0
30	43	0
1	89	0
5	94	0
87	16	0
37	52	0
3	93	0
52	4	0
65	8	0
47	52	0
24	17	0
67	40	0
39	26	0
9	83	0
27	33	0
60	4	0
8	43	0
96	50	0
99	9	0
51	52	0
35	2	0
40	23	0
18	98	0
61	79	0
24	64	0
9	11	0
45	24	0
7	80	0
0	71	0
69	46	0
78	46	0
54	36	0
12	76	0
23	30	0
85	76	0
65	29	0
50	78	0
64	93	0
26	15	0
10	90	0
67	17	0
62	78	0
37	43	0
94	70	0
34	76	0
98	19	0
83	19	0
98	23	0
81	88	0
42	56	0
24	77	0
74	13	0
38	4	0
66	82	0
62	77	0
18	45	0
65	53	0
62	81	0
78	22	0
92	51	0
6	67	0
60	45	0
23	31	0
93	29	0
67	39	0
68	14	0
92	94	0
76	73	0
52	72	0
77	35	0
60	69	0
15	97	0
31	9	0
5	94	0
18	76	0
53	63	0
63	96	0
79	14	0
91	94	0
78	2	0
11	3	0
87	73	0
67	11	0
96	27	0
78	67	0
53	43	0
14	58	0
61	84	0
64	72	0
2	48	0
10	41	0
43	95	0
4	81	0
54	1	0
46	46	0
8	66	0
35	30	0
16	32	0
12	44	0
99	50	0
53	37	0
4	45	0
26	91	0
88	67	0
0	15	0
85	95	0
28	78	0
64	45	0
41	60	0
97	42	0
63	41	0
2	8	0
10	9	0
3	49	0
16	53	0
96	76	0
75	51	0
98	67	0
10	52	0
76	62	0
20	79	0
1	2	0
74	78	0
4	20	0
25	66	0
36	3	0
29	28	0
5	72	0
44	91	0
0	7	0
67	48	0
52	60	0
80	62	0
82	78	0
41	90	0
35	23	0
7	65	0
4	16	0
37	67	0
48	48	0
61	54	0
81	15	0
