80	66	0
35	32	0
65	97	0
13	15	0
94	36	0
89	93	0
70	42	0
7	79	0
2	7	0
14	93	0
82	41	0
69	79	0
32	31	0
64	73	0
92	49	0
52	94	1
59	69	0
40	31	0
88	81	0
97	85	0
72	80	0
6	24	0
70	69	0
74	30	0
63	81	0
50	67	0
62	81	0
95	50	0
97	34	0
92	70	0
41	1	0
83	33	0
33	13	0
94	68	0
93	69	0
90	23	1
92	9	0
18	31	0
62	73	0
0	87	0
97	11	1
61	94	0
22	32	0
75	76	0
93	39	0
57	91	0
4	18	0
89	13	0
69	37	0
76	10	1
49	45	0
80	39	0
17	97	1
86	71	0
58	93	0
20	60	0
93	56	0
38	37	0
34	10	0
63	56	0
11	89	0
99	24	0
39	68	0
87	59	0
95	7	0
74	95	0
70	82	0
7	22	0
74	82	0
81	68	0
82	42	0
14	97	1
57	38	0
88	43	0
83	35	0
88	40	0
13	59	0
4	14	0
85	64	0
59	98	0
34	84	0
62	94	0
76	44	0
63	68	0
79	76	0
79	80	0
25	15	0
8	8	0
85	58	0
90	0	0
17	46	0
74	75	0
62	78	0
62	80	0
54	5	0
56	96	1
76	86	0
78	52	0
9	91	0
98	86	0
2	97	0
17	55	0
92	85	0
94	75	0
50	79	0
69	46	0
78	37	0
55	61	0
16	57	0
46	21	0
86	84	0
75	3	0
83	41	0
82	95	0
60	74	0
76	75	0
17	25	0
68	97	0
71	63	1
56	96	1
30	77	0
29	38	0
73	53	1
57	43	0
61	81	0
66	36	0
7	97	0
93	33	0
65	21	1
52	29	0
84	19	1
68	65	0
76	95	0
90	69	0
88	11	1
96	26	0
97	82	0
69	75	0
48	82	0
14	75	1
95	8	1
9	45	0
75	72	0
76	75	0
89	55	0
86	56	0
87	67	0
54	17	0
36	26	0
76	60	0
30	77	0
56	84	1
85	75	0
98	46	0
99	31	0
68	62	0
67	98	0
65	13	0
0	94	0
13	98	1
98	59	0
58	72	1
90	74	0
13	17	0
85	8	1
85	12	0
93	26	0
83	19	1
83	33	0
13	16	0
28	77	0
55	96	1
85	35	0
76	99	0
89	76	0
66	34	0
64	84	0
9	5	0
35	10	0
45	28	0
69	39	0
1	56	0
30	12	0
99	84	0
96	55	0
97	10	1
57	0	0
37	8	0
96	83	0
28	74	0
9	96	0
32	34	0
70	51	0
73	71	0
52	73	0
81	79	0
74	33	0
79	79	0
84	32	0
86	68	0
55	34	0
99	70	0
65	8	0
99	8	1
32	56	0
78	87	0
96	44	0
88	45	0
76	92	0
92	43	0
45	50	0
56	98	0
70	83	0
26	77	0
84	85	0
4	93	0
91	15	1
19	96	1
87	29	0
91	60	0
29	0	0
47	92	1
47	53	0
12	17	0
84	48	0
88	7	1
68	90	0
14	24	0
72	30	0
73	79	0
19	32	0
79	44	0
77	2	0
95	67	0
69	20	0
96	96	0
17	33	0
53	98	1
67	54	0
90	41	0
65	47	0
1	54	0
93	70	0
95	63	0
6	84	0
77	86	0
40	15	0
68	53	0
58	96	0
66	94	0
98	43	0
62	12	0
73	41	0
77	30	0
90	56	0
77	33	0
89	73	0
50	90	1
91	98	0
80	99	0
15	8	0
1	85	0
74	85	0
69	92	0
54	19	0
82	57	0
99	0	0
99	80	0
62	82	0
92	24	1
61	77	0
84	20	1
97	2	0
89	32	0
13	44	0
4	97	0
87	90	0
89	92	0
84	86	0
79	59	0
71	78	0
5	88	0
28	25	0
3	13	0
41	43	0
86	39	0
61	61	0
59	4	0
75	81	0
81	75	0
82	48	0
74	60	0
27	21	0
99	44	0
72	96	0
55	34	0
68	79	0
90	69	0
16	55	0
53	73	0
59	81	0
2	49	0
74	75	0
97	44	0
91	70	0
50	91	1
85	26	0
87	5	1
94	70	0
63	70	0
1	96	0
79	91	0
19	24	0
11	91	0
67	75	0
67	65	0
89	90	0
6	81	0
83	56	0
15	2	0
50	89	1
11	84	0
1	16	0
97	56	0
78	29	1
17	21	0
11	33	0
79	37	0
71	81	0
89	77	0
79	40	0
78	76	0
72	86	0
0	72	0
90	69	0
64	26	0
95	41	0
80	88	0
76	73	0
40	84	0
91	66	0
95	10	1
41	71	0
1	99	0
75	40	0
27	32	0
64	85	0
35	72	0
66	96	0
92	52	0
85	33	0
72	67	0
95	81	0
96	43	0
96	98	0
85	69	0
69	31	0
37	86	1
85	78	0
81	65	0
99	32	0
49	63	0
67	27	0
86	90	0
87	61	0
26	84	0
91	34	0
81	40	0
90	40	0
97	82	0
72	50	0
7	80	0
15	96	0
39	31	0
28	71	0
63	10	0
0	94	0
76	47	0
7	13	0
21	55	0
63	65	0
74	75	0
79	48	0
69	44	0
79	64	1
74	46	0
14	38	0
91	75	0
62	92	0
79	16	0
17	93	0
95	55	0
57	26	1
28	19	0
30	34	0
71	49	0
93	36	0
13	6	0
42	4	0
53	59	0
94	88	0
28	5	0
60	11	0
93	83	0
73	63	1
60	84	0
25	53	0
93	48	0
84	63	0
4	88	0
1	97	0
48	30	0
94	31	0
18	30	0
84	37	0
79	17	0
35	33	0
15	99	1
58	86	1
19	37	0
79	42	0
68	89	0
73	40	0
10	9	0
93	54	0
85	40	0
82	17	0
60	31	1
59	99	0
80	39	0
50	96	0
57	53	0
73	44	0
57	94	0
90	48	0
94	99	0
86	89	0
71	71	0
74	24	0
94	41	0
96	99	0
97	96	0
85	23	1
85	69	0
11	99	1
84	94	0
57	76	0
1	18	0
32	94	0
83	33	0
21	95	1
74	35	0
78	46	0
77	50	0
98	55	0
87	33	0
80	23	1
7	77	0
8	12	0
55	83	0
25	70	0
36	1	0
2	85	0
99	42	0
94	89	0
85	48	0
92	90	0
70	58	1
95	45	0
