99	63	0
56	10	0
35	24	0
42	96	0
7	31	0
92	27	0
87	78	0
11	7	1
48	11	0
69	94	0
42	37	0
78	37	0
2	85	0
22	7	0
18	68	0
96	10	0
96	86	0
60	31	0
27	56	0
99	68	0
90	2	0
43	75	0
75	84	0
78	94	0
67	2	0
36	98	0
54	10	0
76	80	0
72	90	0
97	56	0
4	40	0
32	32	0
40	26	0
80	23	0
40	45	0
88	72	0
13	91	0
67	78	0
93	25	0
79	91	0
45	4	0
27	51	0
69	54	0
97	56	0
56	74	0
99	48	0
14	93	0
40	47	0
57	15	0
85	47	0
18	67	0
55	11	0
32	90	0
55	88	0
27	60	0
95	73	0
43	26	0
37	46	0
85	79	0
99	95	0
87	13	0
11	94	0
97	8	0
50	6	0
95	70	0
39	29	0
20	82	0
85	7	0
34	79	0
88	78	0
60	52	0
22	27	0
83	85	0
32	40	0
14	50	0
85	35	0
22	24	1
17	37	0
35	80	0
57	88	0
74	22	0
44	96	0
64	97	0
1	9	0
13	18	0
93	23	0
99	22	0
38	56	0
82	46	0
18	27	0
75	54	0
40	55	0
31	11	0
35	2	0
69	47	0
22	89	0
59	5	0
50	72	0
43	6	0
39	28	0
92	41	0
45	60	0
64	49	0
18	74	0
72	86	0
9	78	0
45	78	0
85	50	0
62	9	0
54	69	0
5	62	0
56	6	0
52	63	0
9	68	0
49	3	0
30	56	0
21	34	0
86	82	0
50	39	0
2	1	0
22	98	0
81	1	0
67	70	0
14	34	0
82	75	0
92	11	0
63	69	0
54	85	0
31	19	0
63	90	0
22	23	1
75	85	0
66	54	0
38	98	0
73	36	0
39	23	0
22	38	0
82	2	0
5	70	0
94	72	0
93	13	0
92	34	0
43	58	0
61	8	0
92	90	0
8	8	0
40	12	0
81	82	0
35	44	0
98	70	0
83	74	0
56	25	0
50	36	0
62	62	0
4	50	0
27	83	0
15	58	0
80	74	0
56	73	0
46	99	0
79	51	0
70	81	0
50	80	0
24	45	0
87	78	0
2	39	0
36	37	0
26	25	0
22	76	0
40	70	0
98	20	0
42	36	0
74	12	0
35	84	0
68	23	0
48	34	0
76	77	0
24	52	0
59	68	0
39	99	0
38	62	0
37	6	0
68	11	0
35	88	0
11	77	0
69	83	0
93	56	0
16	90	0
33	33	0
98	69	0
29	55	0
38	81	0
40	95	0
52	48	0
35	8	0
15	38	0
75	91	0
87	99	0
60	87	0
78	17	0
4	67	0
60	2	0
65	11	0
70	21	0
82	22	0
30	59	0
4	71	0
58	61	0
75	37	0
31	75	0
90	19	0
53	87	0
34	64	0
29	15	0
85	72	0
31	66	0
40	10	0
2	90	0
74	14	0
94	82	0
83	92	0
84	21	0
4	79	0
17	78	0
96	48	0
47	75	0
37	44	0
47	76	0
58	74	0
48	60	0
4	82	0
32	66	0
62	12	0
4	68	0
71	96	0
70	43	0
37	93	0
92	56	0
39	18	0
40	54	0
13	77	0
41	94	0
50	34	0
68	28	0
17	30	0
89	67	0
75	43	0
81	52	0
10	83	0
53	11	0
14	82	0
67	65	0
55	45	0
66	55	0
58	8	0
11	8	1
1	56	0
76	45	0
50	11	0
76	63	0
48	84	0
62	49	0
97	26	0
90	7	0
2	64	0
88	68	0
20	97	0
89	60	0
40	89	0
58	32	0
45	1	0
18	92	0
67	34	0
39	54	0
44	76	0
52	2	0
25	95	0
74	90	0
87	82	0
66	26	0
94	73	0
8	85	0
43	39	0
59	1	0
65	21	0
33	21	0
42	6	0
53	11	0
54	49	0
71	33	0
39	49	0
25	47	0
52	55	0
70	79	0
88	75	0
57	87	0
83	11	0
97	52	0
76	0	0
10	56	0
32	6	0
89	33	0
48	21	0
74	73	0
6	40	0
48	72	0
54	23	0
27	96	0
32	88	0
28	74	0
96	62	0
46	28	0
39	2	0
24	54	0
90	52	0
80	21	0
73	97	0
16	8	0
60	90	0
10	76	0
41	83	0
32	31	0
5	55	0
82	8	0
19	34	0
81	13	0
44	10	0
13	2	0
82	5	0
31	47	0
14	40	0
85	29	0
93	66	0
10	26	0
27	31	0
2	58	0
31	85	0
12	74	0
6	6	0
35	91	0
45	65	0
41	34	0
65	26	0
47	84	0
40	69	0
83	98	0
39	26	0
17	47	0
33	36	0
57	77	0
81	98	0
54	11	0
79	0	0
36	4	0
45	9	0
62	9	0
19	45	0
78	59	0
66	1	0
23	43	0
59	4	0
53	54	0
48	53	0
27	62	0
80	83	0
64	52	0
19	59	0
55	37	0
23	16	0
98	9	0
50	9	0
67	17	0
54	39	0
21	37	0
12	70	0
70	74	0
13	78	0
36	94	0
22	97	0
48	22	0
31	33	0
88	59	0
60	46	0
6	77	0
81	78	0
61	92	0
24	35	0
72	27	0
61	94	0
71	0	0
93	63	0
79	44	0
31	19	0
39	47	0
39	48	0
90	82	0
10	22	0
75	27	0
87	7	0
12	51	0
32	90	0
72	79	0
83	5	0
4	71	0
96	34	0
43	93	0
5	10	1
74	5	0
64	52	0
41	51	0
55	46	0
30	39	0
50	38	0
74	77	0
74	53	0
44	30	0
74	67	0
23	53	0
25	93	0
84	84	0
44	22	0
2	71	0
64	16	0
83	17	0
72	44	0
19	60	0
62	31	0
27	37	0
54	40	0
4	99	0
62	33	0
55	13	0
91	54	0
43	24	0
31	77	0
31	8	0
82	48	0
6	4	0
62	97	0
2	90	0
37	43	0
55	84	0
56	33	0
20	98	0
21	42	0
24	40	0
59	18	0
96	34	0
82	19	0
88	96	0
20	61	0
36	12	0
35	28	0
84	23	0
52	61	0
72	84	0
18	35	0
68	98	0
84	71	0
38	79	0
72	9	0
73	36	0
83	18	0
70	15	0
46	21	0
40	33	0
94	4	0
67	28	0
2	64	0
91	15	0
90	97	0
11	93	0
86	63	0
44	47	0
23	5	0
93	86	0
81	54	0
27	95	0
66	21	0
76	48	0
93	58	0
81	66	0
32	81	0
79	80	0
35	94	0
86	76	0
35	39	0
23	91	0
99	85	0
37	36	0
27	43	0
64	67	0
61	94	0
52	68	0
50	95	0
59	59	0
34	63	0
29	62	0
82	23	0
15	92	0
83	52	0
19	86	0
41	55	0
47	78	0
82	28	0
26	29	0
18	44	0
64	39	0
95	76	0
64	17	0
85	98	0
72	98	0
36	45	0
60	9	0
30	46	0
23	87	0
37	36	0
56	69	0
71	78	0
37	24	0
79	92	0
47	31	0
36	17	0
67	42	0
26	78	0
42	13	0
3	62	0
90	81	0
59	91	0
52	44	0
82	11	0
45	71	0
44	53	0
97	56	0
93	1	0
1	75	0
71	4	0
78	79	0
70	26	0
34	1	0
39	70	0
81	79	0
36	71	0
54	75	0
79	23	0
14	67	0
65	9	0
46	63	0
61	97	0
30	91	0
94	7	0
89	20	0
60	9	0
36	88	0
18	92	0
5	89	0
77	52	0
71	64	0
78	63	0
18	45	0
81	48	0
66	62	0
86	71	0
67	61	0
22	55	0
17	73	0
34	27	0
44	42	0
4	47	0
54	64	0
41	40	0
97	36	0
79	33	0
73	2	0
75	31	0
51	80	0
20	17	1
13	48	0
62	39	0
91	77	0
63	82	0
97	75	0
25	48	0
54	67	0
59	54	0
29	60	0
91	39	0
25	62	0
43	24	0
87	53	0
71	99	0
60	53	0
20	66	0
45	1	0
66	70	0
30	83	0
42	27	0
76	78	0
91	74	0
19	96	0
55	68	0
14	74	0
76	66	0
37	56	0
48	68	0
41	78	0
62	68	0
25	35	0
15	65	0
90	81	0
77	52	0
96	58	0
31	76	0
57	80	0
70	30	0
20	15	1
85	20	0
41	36	0
98	10	0
12	90	0
30	36	0
29	75	0
85	56	0
20	41	0
96	63	0
14	96	0
9	72	0
22	4	0
99	94	0
38	26	0
0	79	0
75	88	0
38	61	0
74	76	0
31	85	0
99	30	0
30	16	0
41	86	0
31	75	0
36	13	0
23	36	0
7	24	0
92	71	0
92	12	0
55	12	0
74	10	0
96	40	0
33	7	0
40	40	0
99	41	0
15	56	0
42	87	0
3	47	0
13	82	0
75	59	0
51	97	0
66	44	0
74	77	0
36	35	0
73	65	0
37	62	0
87	45	0
11	72	0
56	35	0
38	71	0
75	33	0
57	42	0
96	82	0
94	97	0
86	88	0
18	84	0
18	34	0
52	52	0
49	70	0
32	20	0
19	7	0
31	70	0
11	41	0
63	10	0
65	82	0
85	60	0
93	19	0
10	45	0
11	3	1
77	93	0
7	99	0
50	8	0
58	52	0
71	10	0
11	7	1
46	19	0
18	36	0
45	18	0
64	4	0
40	84	0
56	21	0
27	94	0
76	3	0
28	39	0
54	71	0
75	22	0
90	72	0
65	78	0
37	69	0
49	91	0
78	88	0
9	16	1
83	58	0
16	61	0
81	76	0
59	93	0
11	32	0
17	55	0
93	46	0
34	88	0
99	97	0
67	84	0
49	4	0
48	51	0
84	57	0
61	87	0
77	46	0
97	70	0
88	29	0
12	61	0
3	57	0
72	89	0
77	42	0
51	59	0
56	9	0
33	23	0
75	76	0
25	38	0
14	64	0
42	45	0
59	43	0
35	13	0
57	28	0
12	85	0
18	40	0
12	58	0
9	73	0
75	54	0
23	25	0
60	14	0
91	24	0
81	2	0
55	70	0
3	64	0
64	29	0
47	34	0
68	77	0
76	14	0
47	43	0
54	63	0
46	88	0
14	99	0
28	65	0
43	88	0
33	37	0
73	81	0
49	43	0
28	78	0
58	30	0
6	41	0
59	58	0
62	19	0
29	77	0
81	50	0
51	46	0
50	45	0
41	17	0
4	67	0
70	62	0
72	54	0
44	37	0
81	57	0
84	69	0
79	40	0
66	8	0
87	76	0
92	17	0
5	74	0
67	86	0
33	17	0
57	34	0
9	3	0
17	56	0
11	86	0
35	90	0
22	49	0
96	35	0
17	51	0
51	99	0
17	84	0
98	66	0
56	61	0
87	42	0
20	1	0
57	15	0
50	4	0
6	4	0
12	74	0
60	62	0
85	68	0
74	49	0
15	1	0
29	37	0
69	11	0
0	76	0
72	0	0
41	72	0
54	23	0
76	99	0
10	32	0
6	93	0
96	57	0
29	20	0
87	71	0
63	58	0
78	40	0
43	27	0
93	33	0
87	66	0
14	66	0
4	85	0
21	56	0
2	89	0
10	90	0
89	32	0
33	47	0
3	98	0
52	14	0
62	1	0
40	46	0
22	24	1
66	38	0
35	20	0
25	81	0
30	31	0
71	19	0
7	39	0
86	51	0
89	6	0
63	53	0
31	11	0
46	20	0
9	96	0
59	79	0
40	69	0
17	5	1
39	14	0
5	84	0
2	87	0
68	55	0
88	44	0
43	30	0
28	75	0
24	31	0
99	87	0
58	30	0
48	74	0
65	98	0
16	22	1
1	83	0
68	27	0
50	65	0
31	37	0
98	67	0
39	74	0
97	18	0
80	17	0
94	20	0
87	86	0
45	59	0
22	88	0
85	6	0
30	3	0
65	87	0
62	76	0
19	51	0
67	41	0
71	82	0
87	11	0
94	54	0
19	67	0
56	50	0
25	21	0
87	24	0
44	46	0
66	9	0
92	94	0
87	79	0
47	63	0
73	32	0
67	75	0
4	91	0
44	0	0
9	99	0
12	76	0
67	67	0
76	96	0
84	4	0
98	88	0
80	1	0
24	14	1
81	71	0
63	0	0
94	34	0
72	54	0
56	36	0
15	71	0
62	89	0
54	76	0
13	46	0
6	41	0
37	97	0
10	71	0
41	0	0
40	56	0
13	64	0
39	25	0
3	48	0
92	46	0
56	25	0
0	45	0
25	90	0
73	59	0
0	3	0
93	71	0
23	82	0
57	52	0
34	56	0
94	48	0
58	41	0
0	17	0
4	51	0
22	59	0
90	70	0
66	46	0
99	63	0
2	53	0
62	53	0
15	67	0
1	13	0
71	68	0
27	64	0
48	12	0
29	29	0
5	79	0
37	89	0
5	5	0
76	44	0
66	61	0
81	69	0
77	74	0
46	88	0
39	15	0
0	71	0
14	10	1
50	64	0
42	52	0
58	50	0
83	14	0
