82	63	0
32	31	0
67	95	0
12	4	0
94	40	0
81	94	0
40	78	1
71	45	0
1	78	0
4	5	0
13	98	0
94	44	0
66	77	0
35	38	0
70	81	0
96	54	0
51	93	0
59	73	0
38	30	0
83	71	0
93	87	0
77	76	0
8	31	0
67	70	0
72	34	0
68	93	0
51	71	0
65	77	0
96	49	0
96	24	0
94	72	0
33	1	0
43	90	1
80	30	0
34	18	0
96	72	0
89	70	0
93	20	0
88	13	0
21	34	0
59	78	0
4	87	0
95	12	1
57	97	0
22	31	0
81	75	0
89	34	0
54	97	0
2	15	0
96	17	0
70	40	0
71	18	0
55	45	0
72	33	0
13	97	0
47	86	1
89	62	0
62	91	0
10	67	0
44	83	1
93	55	0
37	37	0
30	6	0
69	62	0
12	93	0
98	33	0
41	68	0
91	54	0
96	5	0
75	99	0
69	83	0
7	26	0
72	79	0
82	64	0
81	41	0
21	96	1
55	36	0
86	45	0
91	41	0
86	34	0
14	59	0
6	14	0
92	60	0
57	99	0
39	76	0
59	96	0
71	37	0
60	66	0
81	77	0
81	78	0
18	17	0
13	9	0
81	59	0
86	0	0
15	50	0
71	80	0
63	80	0
62	76	0
55	6	0
46	93	0
74	87	0
77	52	0
15	89	0
93	81	0
2	86	0
13	50	0
84	86	0
92	75	0
50	76	0
72	38	0
81	39	0
54	70	0
19	52	0
46	83	1
40	21	0
92	87	0
70	5	0
82	34	0
80	98	0
63	77	0
72	71	0
14	23	0
13	78	1
64	96	0
74	63	1
46	93	1
59	95	0
29	85	0
36	38	0
76	57	1
60	49	0
62	76	0
72	34	0
4	96	0
70	67	1
91	36	0
60	29	0
50	20	0
78	21	1
65	70	0
72	92	0
85	73	0
92	14	1
98	28	0
94	77	0
68	70	0
57	83	0
73	13	1
14	73	0
93	11	1
7	46	0
78	79	0
78	75	0
93	52	0
85	56	0
91	68	0
54	13	0
43	21	0
78	59	0
25	77	0
60	80	0
78	72	0
78	6	1
96	49	0
95	36	0
71	54	0
66	95	0
60	8	0
6	93	0
9	94	0
97	58	0
59	62	1
83	16	1
95	68	0
15	18	0
44	99	1
79	6	0
79	10	0
89	24	0
86	24	0
81	31	0
13	14	0
31	79	0
52	92	0
84	42	0
75	94	0
92	71	0
65	35	0
65	83	0
5	9	0
32	11	0
45	28	0
67	35	0
78	16	1
2	55	0
35	15	0
96	79	0
98	60	0
98	16	0
62	2	0
40	8	0
99	89	0
29	75	0
10	93	0
37	35	0
73	45	0
73	70	0
55	70	0
85	85	0
69	33	0
75	76	0
86	28	0
90	66	0
64	40	0
99	76	0
63	16	0
94	8	0
31	56	0
76	86	0
96	44	0
93	45	0
73	93	0
93	43	0
72	17	1
44	46	0
56	98	0
69	86	0
25	75	0
84	86	0
6	96	0
92	8	0
90	18	1
45	79	1
16	97	0
88	31	0
89	67	0
30	3	0
50	95	0
44	58	0
8	13	0
87	42	0
89	10	0
69	90	0
15	20	0
75	27	0
69	82	0
12	27	0
80	41	0
82	3	0
95	67	0
67	14	0
93	97	0
33	93	1
12	37	0
58	93	0
65	59	0
93	41	0
60	44	0
70	53	1
4	53	0
93	78	0
94	61	0
0	86	0
73	84	0
38	22	0
66	55	0
66	97	0
64	92	0
99	49	0
60	14	0
66	40	0
78	30	0
93	56	0
78	36	0
87	65	0
43	97	1
49	95	1
87	96	0
78	93	0
17	7	0
4	83	0
74	89	0
68	96	0
62	22	0
83	52	0
94	1	0
92	9	1
95	79	0
68	78	0
90	17	1
66	80	0
91	18	1
98	2	0
84	29	0
9	44	0
10	95	0
16	98	1
83	91	0
85	89	0
83	83	0
84	63	0
77	85	0
9	92	0
27	20	0
0	9	0
33	42	0
86	15	1
81	38	0
63	66	0
57	4	0
81	84	0
85	83	0
80	50	0
73	63	0
34	17	0
99	40	0
77	96	0
54	35	0
71	83	0
99	62	0
17	60	0
43	70	0
56	77	0
51	87	1
2	44	0
70	71	0
96	44	0
93	64	0
56	92	0
87	23	0
83	11	0
12	75	1
99	69	0
65	73	0
5	94	0
78	88	0
20	21	0
5	84	0
65	75	0
63	67	0
79	87	0
3	87	0
82	54	0
17	1	0
47	81	1
8	87	0
6	16	0
98	53	0
80	21	1
17	19	0
19	35	0
70	36	0
66	79	0
90	79	0
86	45	0
79	75	0
75	90	0
1	65	0
86	63	0
62	24	0
97	44	0
79	87	0
80	68	0
47	77	0
91	69	0
94	8	0
48	73	0
0	97	0
75	35	0
81	21	1
31	29	0
66	84	0
32	71	0
64	92	0
94	52	0
88	38	0
74	68	0
93	82	0
90	45	0
92	98	0
78	65	0
70	39	0
42	89	1
83	76	0
83	74	0
96	30	0
44	65	0
61	32	0
82	94	0
87	55	0
25	84	0
83	33	0
75	41	0
91	43	0
99	84	0
75	42	0
4	85	0
12	99	0
39	30	0
22	69	0
45	89	1
63	8	0
2	93	0
74	45	0
13	15	0
15	61	0
65	70	0
73	67	0
79	54	0
76	45	0
76	67	0
83	45	0
15	41	0
96	80	0
56	96	0
84	22	0
42	98	1
21	90	0
92	59	0
60	34	0
23	22	0
25	29	0
81	50	0
99	29	0
16	0	0
45	0	0
49	67	0
96	84	0
28	9	0
44	78	1
56	16	0
83	80	0
73	62	1
62	88	0
14	49	0
96	47	0
84	61	0
4	87	0
0	93	0
56	29	0
93	26	0
15	29	0
87	37	0
72	14	0
40	29	0
20	97	0
63	88	0
24	34	0
71	39	0
62	86	0
15	94	1
67	35	0
7	4	0
90	54	0
86	38	0
87	27	0
58	26	1
53	95	0
50	92	1
86	35	0
57	99	0
60	58	0
75	52	0
55	91	0
92	51	0
93	97	0
87	87	0
54	84	1
90	8	1
80	76	0
71	18	0
95	47	0
92	97	0
93	98	0
88	22	0
83	69	0
12	97	0
87	98	0
64	74	0
3	18	0
27	94	0
87	26	0
18	97	0
51	80	1
73	38	0
77	50	0
77	53	0
95	55	0
80	36	0
80	22	0
3	84	0
16	11	0
60	83	0
27	66	0
39	3	0
2	85	0
98	39	0
91	86	0
85	46	0
89	84	0
71	53	0
84	17	1
96	38	0
