96	67	0
22	18	0
65	98	0
14	5	0
88	44	0
90	98	0
45	78	0
65	46	0
1	90	0
0	9	0
14	86	0
96	46	0
65	80	0
30	31	0
87	88	0
95	44	0
46	94	0
41	83	0
70	74	0
44	10	0
78	75	0
92	89	0
75	90	0
9	17	0
81	16	0
70	75	0
10	67	1
34	92	0
80	19	0
66	88	0
49	68	0
75	77	0
97	51	0
97	28	0
19	75	0
91	77	0
12	66	0
38	1	0
9	73	0
36	85	0
81	48	0
31	17	0
97	92	0
87	91	0
98	19	0
31	79	1
95	9	0
25	26	0
70	85	0
2	86	0
92	7	0
65	90	0
6	22	0
73	81	0
90	32	0
24	85	0
60	96	0
83	19	0
26	88	0
33	87	1
26	10	0
96	8	0
79	32	0
49	77	0
86	21	0
63	45	0
76	36	0
9	99	0
47	86	0
75	15	1
90	67	0
71	97	0
3	70	0
41	92	0
97	56	0
79	19	0
53	12	1
52	32	0
34	6	0
71	53	0
2	87	0
92	26	0
47	67	0
82	52	0
84	1	0
68	98	0
64	90	0
8	29	0
64	78	0
85	70	0
73	45	0
20	98	0
68	43	0
93	60	0
92	27	0
98	38	0
11	50	0
2	21	0
93	60	0
51	83	0
52	60	1
57	76	0
56	98	0
73	36	0
66	74	0
70	74	0
87	61	0
25	14	0
16	12	0
21	83	1
80	52	0
93	5	0
23	97	0
22	42	0
65	73	0
61	82	0
57	73	0
44	1	0
54	84	0
73	83	0
79	55	0
19	92	0
89	84	0
3	72	0
52	57	1
20	47	0
74	80	0
97	68	0
44	65	0
67	42	0
91	36	0
23	89	0
55	83	0
23	43	0
49	79	0
38	26	0
91	89	0
29	99	0
94	4	0
79	39	0
63	92	0
69	80	0
62	74	0
25	41	0
25	61	0
59	90	0
82	68	0
42	90	0
57	85	0
70	20	0
66	69	1
25	68	1
47	88	0
26	23	0
81	57	0
64	42	0
74	66	0
85	37	0
9	93	0
63	51	0
89	38	0
61	35	0
54	15	0
94	28	0
67	80	0
79	95	0
81	67	0
94	26	0
94	32	0
89	76	0
28	91	0
69	85	0
48	95	0
79	34	0
12	96	0
89	17	0
22	44	0
25	91	0
19	97	0
82	76	0
73	79	0
86	53	0
86	60	0
21	79	1
47	88	0
74	2	1
81	60	0
49	3	0
43	29	0
86	42	0
28	72	0
68	84	0
77	63	0
74	1	0
85	46	0
93	43	0
75	65	0
70	82	0
56	70	1
60	11	0
6	87	0
2	91	0
85	66	0
78	64	0
90	7	0
97	83	0
19	7	0
28	91	0
56	96	0
89	10	0
90	8	0
97	30	0
79	26	0
65	49	0
4	1	0
22	96	0
6	76	1
47	83	0
56	69	0
93	42	0
62	88	0
96	82	0
72	37	0
84	82	0
75	18	0
15	12	0
38	6	0
31	26	0
92	41	0
83	11	0
8	47	0
21	21	0
90	83	0
97	74	0
72	20	0
99	13	0
60	5	0
82	15	0
36	12	0
96	88	0
32	87	0
10	99	0
32	44	0
76	45	0
64	58	0
65	78	0
84	84	0
78	24	0
70	82	0
95	39	0
83	56	0
65	47	0
94	70	0
67	16	0
89	14	0
29	51	0
67	96	0
93	31	0
18	87	0
96	43	0
72	96	0
93	33	0
60	19	0
52	44	0
57	95	0
73	88	0
26	90	0
92	78	0
2	90	0
93	2	0
92	10	0
57	76	0
63	54	1
7	94	0
73	40	0
95	65	0
33	78	1
30	8	0
51	91	0
32	83	0
53	76	0
5	30	0
87	36	0
94	12	0
76	98	0
19	29	0
64	2	1
71	27	0
67	88	0
2	19	0
47	85	0
82	50	0
27	92	0
83	11	0
82	19	0
94	58	0
17	82	0
63	18	0
90	89	0
34	93	0
68	57	0
7	38	0
61	88	0
61	44	0
18	69	1
60	24	1
90	44	0
76	53	0
72	58	0
2	37	0
91	66	0
21	97	0
90	56	0
12	94	0
87	85	0
37	18	0
76	60	0
58	93	0
57	98	0
80	55	0
77	8	0
1	80	0
70	39	0
26	99	0
79	27	0
90	47	0
73	25	0
87	71	0
52	99	0
56	96	0
29	99	0
96	84	0
72	85	0
23	0	0
11	81	0
79	92	0
73	91	0
64	53	0
66	27	0
33	79	1
80	61	0
98	4	0
16	74	1
89	2	0
52	66	1
89	82	0
62	84	0
76	24	0
91	12	0
72	89	0
26	99	0
89	13	0
93	1	0
69	24	0
9	53	0
15	94	0
15	88	0
79	88	0
86	94	0
57	53	1
73	93	0
88	68	0
74	64	0
8	98	0
14	75	1
31	20	0
0	11	0
44	40	0
98	27	0
83	39	0
68	55	0
51	14	0
84	81	0
64	81	0
86	51	0
35	83	1
76	64	0
21	7	0
97	39	0
58	98	0
39	41	0
27	92	0
72	95	0
96	74	0
32	85	1
15	77	0
42	64	0
56	63	1
66	78	0
53	94	0
10	47	0
78	65	0
84	51	0
90	71	0
40	75	0
67	80	0
87	17	0
87	10	0
12	84	0
44	95	0
83	75	0
70	70	0
10	92	0
16	83	0
79	98	0
28	23	0
10	82	0
65	89	0
61	71	0
79	83	0
10	93	0
72	50	0
21	5	0
44	95	0
7	94	0
4	18	0
81	64	0
85	14	0
79	25	0
75	18	0
11	20	0
15	55	0
74	27	0
64	71	0
28	93	0
60	58	0
88	87	0
82	39	0
73	81	0
65	55	0
72	85	0
7	67	0
76	59	0
55	42	0
96	41	0
99	91	0
80	76	0
65	51	0
61	54	0
52	76	0
98	78	0
96	1	0
61	78	0
5	98	0
62	34	0
66	21	0
68	16	0
26	71	1
76	24	0
78	22	0
27	26	0
56	94	0
68	63	0
41	90	0
66	99	0
80	63	0
82	29	0
85	67	0
91	96	0
91	44	0
88	83	0
40	87	0
73	79	0
78	47	0
44	90	0
81	79	0
72	68	0
93	22	0
3	72	1
55	75	0
83	21	0
60	37	0
85	87	0
75	59	0
17	87	0
25	88	0
78	32	0
82	29	0
97	48	0
94	10	0
79	83	0
87	16	0
81	37	0
20	71	1
12	93	0
21	76	1
9	89	0
56	51	1
47	26	0
37	63	0
55	81	0
66	0	0
16	87	0
82	49	0
22	15	0
23	63	0
81	68	0
69	62	0
82	62	0
81	55	0
70	63	0
82	49	0
8	38	0
96	87	0
71	55	0
47	88	0
7	70	0
32	79	1
89	20	0
59	91	0
21	89	0
99	43	0
68	31	0
17	19	0
24	31	0
14	65	0
77	55	0
93	38	0
25	5	0
58	9	0
45	85	0
91	81	0
18	5	0
50	76	0
68	28	0
93	63	0
69	67	0
64	89	0
8	42	0
97	46	0
91	66	0
7	82	0
24	78	1
26	96	0
7	96	0
63	38	0
88	17	0
7	18	0
86	30	0
85	20	0
43	30	0
19	98	0
56	85	0
13	77	0
23	22	0
19	72	1
19	94	0
62	54	0
88	47	0
67	88	0
54	69	1
22	93	0
79	41	0
10	2	0
81	57	0
52	57	1
92	31	0
73	26	0
74	33	0
56	93	0
45	37	1
65	8	1
37	99	0
85	41	0
67	98	0
77	56	0
87	45	0
60	94	0
41	75	1
93	35	0
98	99	0
79	85	0
57	85	0
90	17	0
70	77	0
65	22	0
31	91	0
93	53	0
95	91	0
80	6	0
99	99	0
82	25	0
91	67	0
8	92	0
72	97	0
66	78	0
0	15	0
13	97	0
6	71	0
87	28	0
26	97	0
59	84	0
81	44	0
13	66	1
77	43	0
23	99	0
83	44	0
91	57	0
71	50	0
83	24	0
3	82	0
10	6	0
63	70	0
20	62	0
24	6	0
4	89	0
33	80	1
97	52	0
81	83	0
90	59	0
89	79	0
77	48	0
3	83	0
83	25	0
93	31	0
