90	71	0
44	22	0
40	26	0
44	97	0
10	7	0
90	31	0
91	80	0
44	16	0
68	79	0
43	22	0
99	41	0
7	79	0
21	7	0
19	59	0
98	16	0
84	72	0
58	32	0
25	52	0
99	63	0
90	8	0
47	97	0
68	64	0
81	91	0
58	0	0
41	82	0
55	6	0
78	79	0
61	90	0
91	72	0
7	22	0
52	34	0
43	20	0
86	37	0
41	49	0
87	65	0
12	97	0
51	95	0
96	22	0
76	89	0
47	1	0
21	60	0
85	56	0
87	65	0
54	69	0
94	54	0
13	84	0
18	39	0
67	3	0
87	65	0
18	70	0
59	0	0
10	78	0
53	91	0
36	77	0
99	61	0
49	36	0
32	32	0
87	72	0
98	87	0
93	17	0
9	91	0
96	11	0
44	2	0
75	74	0
46	14	0
6	90	0
85	6	0
47	74	0
73	98	0
49	69	0
5	28	0
71	87	0
24	44	0
15	64	0
90	32	0
14	39	0
30	85	0
42	94	0
62	20	0
35	93	0
54	94	0
4	22	0
98	12	0
97	26	0
44	50	0
79	37	0
23	26	0
85	54	0
26	35	0
40	16	0
37	5	0
70	36	0
12	89	0
69	8	0
59	87	0
42	13	0
50	30	0
91	43	0
36	64	0
78	48	0
10	57	0
77	87	0
0	76	0
30	96	0
94	50	0
59	9	0
45	71	0
30	60	0
61	1	0
65	46	0
7	60	0
36	3	0
29	50	0
42	34	0
76	92	0
59	42	0
20	98	0
82	4	0
59	68	0
79	88	0
96	3	0
62	75	0
48	76	0
35	7	0
56	95	0
92	77	0
80	55	0
34	94	0
64	34	0
34	18	0
19	43	0
79	7	0
9	69	0
91	68	0
94	28	0
87	37	0
35	54	0
58	18	0
83	77	0
14	18	0
38	9	0
79	61	0
37	35	0
71	83	0
73	91	0
47	15	0
42	31	0
57	46	0
13	44	0
28	59	0
16	54	0
75	80	0
44	55	0
45	95	0
84	51	0
76	72	0
53	86	0
25	34	0
95	63	0
5	25	0
48	45	0
21	8	0
30	80	0
40	80	0
90	34	0
38	30	0
73	20	0
42	82	0
57	28	0
53	45	0
83	79	0
28	58	0
56	72	0
32	87	0
43	49	0
42	10	0
59	7	0
29	74	0
30	81	0
77	81	0
93	64	0
26	86	0
28	35	0
90	63	0
30	49	0
30	87	0
53	82	0
41	50	0
28	7	0
17	35	0
71	96	0
84	94	0
63	82	0
68	30	0
4	62	0
61	6	0
76	25	0
71	22	0
70	31	0
16	59	0
1	66	0
50	50	0
76	30	0
35	61	0
87	29	0
37	97	0
26	67	0
38	21	0
80	76	0
36	57	0
35	8	0
13	91	0
63	10	0
99	85	0
71	89	0
95	6	0
2	81	0
21	63	0
93	35	0
54	74	0
45	38	0
55	57	0
50	72	0
55	62	0
18	73	0
31	58	0
70	7	0
1	64	0
64	82	0
85	42	0
42	91	0
76	56	0
64	24	0
44	72	0
13	80	0
34	96	0
55	43	0
70	33	0
24	38	0
88	62	0
80	42	0
76	65	0
0	62	0
48	15	0
10	83	0
62	61	0
62	44	0
55	46	0
52	21	0
7	56	0
88	25	0
50	5	0
69	68	0
52	78	0
70	34	0
98	40	0
95	0	0
0	63	0
97	75	0
28	98	0
93	71	0
41	95	0
57	34	0
54	11	0
20	91	0
69	31	0
37	65	0
44	84	0
47	8	0
24	96	0
82	89	0
79	84	0
69	36	0
90	77	0
15	95	0
46	55	0
57	0	0
69	29	0
29	12	0
38	3	0
57	10	0
52	53	0
79	43	0
40	47	0
37	50	0
36	69	0
72	87	0
78	73	0
61	77	0
79	2	0
84	42	0
78	9	0
26	42	0
25	17	0
80	35	0
68	36	0
77	68	0
10	38	0
43	66	0
56	24	0
29	84	0
22	92	0
23	78	0
98	67	0
40	28	0
35	3	0
26	55	0
88	66	0
64	20	0
80	92	0
11	0	0
65	98	0
5	70	0
36	85	0
40	28	0
4	57	0
79	10	0
20	35	0
75	1	0
52	10	0
89	8	0
36	45	0
23	46	0
74	25	0
86	59	0
8	25	0
24	34	0
5	62	0
37	96	0
6	88	0
47	87	0
58	71	0
51	43	0
65	24	0
39	88	0
48	70	0
86	93	0
30	29	0
19	53	0
28	40	0
59	76	0
72	88	0
26	22	0
84	17	0
33	6	0
54	5	0
65	15	0
36	48	0
79	66	0
82	9	0
16	36	0
47	11	0
51	46	0
38	38	0
26	59	0
85	81	0
80	51	0
12	52	0
53	36	0
96	14	0
59	9	0
53	28	0
56	34	0
28	26	0
3	72	0
68	84	0
25	77	0
26	90	0
23	96	0
53	11	0
44	38	0
89	47	0
84	51	0
7	77	0
87	72	0
65	74	0
80	30	0
68	91	0
82	4	0
85	60	0
73	60	0
38	16	0
51	49	0
34	47	0
83	79	0
68	18	0
94	6	0
27	41	0
39	90	0
72	74	0
88	14	0
4	61	0
96	27	0
44	93	0
76	25	0
64	48	0
38	57	0
53	37	0
20	38	0
42	46	0
67	84	0
87	32	0
35	24	0
73	72	0
21	65	0
10	98	0
96	84	0
35	37	0
3	84	0
61	37	0
90	16	0
82	44	0
5	69	0
65	36	0
46	32	0
47	47	0
9	97	0
76	17	0
55	7	0
90	52	0
47	37	0
24	74	0
16	5	0
64	59	0
60	93	0
0	56	0
46	70	0
45	78	0
53	25	0
23	94	0
11	42	0
20	42	0
64	12	0
84	31	0
93	20	0
76	87	0
20	60	0
30	23	0
42	24	0
78	9	0
70	56	0
72	88	0
18	40	0
59	91	0
95	69	0
35	78	0
75	6	0
65	46	0
77	28	0
74	9	0
41	19	0
44	19	0
96	8	0
86	33	0
0	78	0
84	13	0
88	99	0
9	96	0
95	64	0
49	53	0
19	22	0
98	99	0
64	49	0
9	98	0
68	31	0
67	41	0
64	62	0
79	66	0
27	74	0
80	74	0
36	90	0
94	76	0
13	30	1
40	94	0
99	80	0
30	32	0
37	29	0
56	68	0
57	94	0
46	61	0
69	97	0
65	50	0
27	59	0
29	62	0
80	18	0
9	85	0
94	41	0
15	86	0
52	71	0
43	86	0
86	39	0
42	52	0
22	37	0
48	20	0
81	54	0
69	15	0
94	97	0
61	93	0
41	53	0
58	3	0
35	37	0
49	87	0
35	19	0
47	58	0
76	72	0
30	22	0
93	97	0
46	17	0
26	11	0
57	25	0
24	75	0
33	16	0
11	61	0
88	90	0
61	87	0
58	47	0
73	5	0
40	71	0
46	51	0
99	49	0
91	2	0
0	67	0
77	6	0
68	71	0
76	29	0
41	15	0
35	68	0
83	79	0
39	63	0
40	78	0
82	32	0
17	57	0
77	23	0
39	68	0
66	86	0
29	94	0
82	13	0
94	23	0
65	13	0
32	79	0
20	90	0
15	85	0
65	41	0
74	68	0
69	81	0
15	45	0
76	43	0
70	64	0
77	73	0
56	64	0
15	65	0
18	66	0
45	26	0
42	20	0
6	33	0
44	58	0
34	45	0
86	29	0
75	36	0
77	2	0
74	50	0
54	71	0
20	56	0
50	30	0
94	82	0
56	90	0
82	62	0
24	54	0
48	79	0
65	43	0
35	51	0
76	25	0
16	47	0
41	24	0
81	51	0
93	97	0
55	54	0
10	62	0
46	4	0
61	59	0
23	87	0
39	31	0
85	89	0
99	76	0
22	84	0
62	61	0
4	74	0
78	54	0
39	56	0
48	56	0
34	77	0
61	74	0
5	55	0
84	75	0
65	59	0
91	50	0
22	63	0
61	90	0
55	27	0
98	24	0
48	36	0
99	16	0
15	88	0
37	34	0
38	69	0
90	55	0
30	49	0
83	62	0
12	97	0
17	85	0
95	86	0
50	30	0
3	78	0
79	95	0
45	67	0
90	69	0
19	93	0
94	31	0
26	2	0
32	81	0
40	75	0
34	14	0
23	40	0
5	23	0
86	71	0
97	13	0
63	7	0
74	30	0
97	43	0
35	11	0
23	50	0
99	35	0
9	56	0
62	94	0
7	55	0
27	79	0
67	56	0
55	94	0
79	50	0
65	87	0
37	33	0
72	63	0
40	61	0
83	53	0
15	72	0
50	30	0
30	81	0
84	38	0
66	29	0
93	72	0
96	97	0
93	74	0
43	65	0
11	20	1
60	37	0
58	72	0
35	23	0
27	10	0
33	71	0
11	32	0
58	4	0
57	86	0
74	78	0
86	4	0
13	49	0
57	84	0
14	93	0
58	6	0
61	41	0
58	20	0
35	21	0
23	35	0
46	23	0
77	0	0
39	95	0
62	33	0
33	90	0
89	17	0
29	52	0
44	64	0
76	25	0
81	77	0
60	73	0
34	64	0
43	90	0
78	77	0
85	42	0
18	72	0
81	82	0
82	98	0
25	35	0
16	49	0
95	48	0
28	81	0
99	86	0
64	94	0
39	6	0
73	63	0
87	63	0
68	85	0
80	51	0
91	76	0
77	41	0
19	54	0
4	59	0
67	85	0
73	38	0
51	61	0
53	4	0
32	21	0
89	75	0
9	59	0
25	53	0
60	31	0
40	16	0
57	31	0
18	87	0
26	33	1
4	62	0
11	81	0
77	51	0
13	26	1
75	19	0
91	33	0
81	7	0
53	81	0
2	53	0
54	27	0
56	45	0
50	87	0
87	11	0
23	32	0
63	61	0
44	86	0
20	97	0
39	65	0
31	85	0
34	25	0
80	75	0
45	41	0
44	82	0
59	37	0
9	43	0
67	61	0
67	22	0
26	79	0
86	41	0
32	34	0
33	47	0
27	14	0
0	64	0
79	66	0
81	67	0
41	55	0
91	61	0
80	74	0
75	31	0
61	15	0
82	76	0
78	22	0
0	59	0
84	80	0
27	25	0
69	35	0
20	64	0
4	90	0
34	92	0
33	59	0
98	33	0
14	49	0
57	93	0
8	85	0
93	67	0
60	55	0
87	33	0
18	1	0
48	29	0
61	3	0
5	80	0
51	55	0
88	65	0
76	38	0
11	9	0
12	45	0
69	15	0
15	79	0
78	0	0
47	76	0
37	29	0
88	98	0
12	19	0
27	98	0
99	57	0
31	6	0
88	90	0
50	56	0
68	59	0
44	32	0
96	33	0
89	80	0
5	63	0
8	74	0
15	48	0
10	83	0
6	99	0
79	21	0
37	48	0
6	91	0
48	11	0
73	7	0
37	65	0
69	57	0
51	22	0
32	68	0
32	31	0
91	19	0
0	45	0
84	65	0
91	8	0
58	48	0
26	20	0
47	4	0
12	89	0
51	66	0
43	60	0
32	13	0
6	93	0
2	91	0
63	57	0
93	35	0
29	25	0
25	68	0
93	89	0
51	28	0
60	79	0
66	91	0
6	77	0
72	28	0
49	55	0
21	35	0
95	71	0
53	68	0
97	14	0
78	13	0
89	24	0
63	95	0
45	65	0
40	60	0
72	11	0
39	6	0
67	93	0
68	70	0
20	53	0
67	41	0
61	92	0
80	19	0
87	53	0
28	72	0
49	58	0
22	31	0
92	31	0
29	55	0
83	6	0
91	96	0
70	59	0
58	79	0
70	39	0
70	80	0
6	97	0
38	5	0
6	91	0
11	62	0
57	73	0
70	87	0
71	8	0
93	96	0
90	10	0
88	88	0
63	10	0
81	34	0
80	45	0
52	39	0
20	86	0
64	98	0
67	78	0
24	46	0
8	32	0
23	95	0
10	62	0
44	5	0
39	49	0
22	64	0
39	33	0
5	44	0
99	56	0
42	30	0
15	56	0
30	73	0
76	77	0
1	3	1
96	65	0
15	64	0
61	51	0
27	62	0
76	42	0
52	38	0
6	41	0
20	55	0
79	57	0
68	55	0
86	55	0
2	69	0
64	56	0
1	84	0
0	19	0
87	73	0
15	61	0
37	5	0
38	31	0
14	92	0
21	82	0
79	40	0
68	67	0
74	56	0
78	83	0
43	68	0
54	37	0
2	70	0
49	67	0
34	44	0
62	57	0
79	20	0
