93	64	0
51	12	0
40	21	0
50	99	0
6	27	0
98	30	0
95	83	0
9	9	1
47	12	0
72	87	0
41	40	0
83	38	0
4	84	0
23	12	0
18	62	0
99	14	0
95	81	0
63	26	0
29	51	0
97	67	0
90	8	0
44	78	0
72	86	0
74	98	0
68	0	0
42	98	0
52	1	0
78	77	0
69	92	0
92	58	0
4	38	0
35	38	0
44	26	0
85	29	0
38	47	0
90	67	0
13	89	0
61	81	0
96	27	0
79	92	0
49	4	0
20	47	0
78	53	0
98	54	0
62	72	0
96	43	0
9	86	0
33	46	0
56	14	0
87	50	0
21	67	0
59	15	0
30	88	0
51	88	0
31	65	0
96	70	0
39	33	0
35	46	0
79	75	0
98	91	0
84	14	0
10	93	0
91	10	0
46	2	0
81	74	0
42	24	0
20	85	0
76	13	0
37	74	0
86	79	0
62	60	0
18	30	0
79	87	0
28	46	0
11	46	0
91	38	0
11	41	0
36	78	0
54	85	0
78	26	0
46	99	0
66	99	0
1	7	0
10	15	0
94	18	0
96	15	0
38	54	0
82	46	0
24	30	0
79	56	0
33	45	0
33	9	0
37	0	0
68	45	0
15	89	0
65	10	0
49	79	0
44	11	0
39	25	0
90	37	0
38	70	0
70	50	0
18	70	0
70	89	0
3	78	0
45	80	0
82	49	0
61	6	0
48	69	0
11	63	0
57	7	0
59	55	0
12	63	0
42	6	0
41	61	0
27	36	0
90	77	0
53	39	0
0	4	0
24	98	0
79	0	0
64	66	0
13	33	0
84	79	0
95	8	0
66	65	0
53	80	0
32	18	0
59	95	0
78	79	0
75	53	0
34	96	0
69	32	0
34	22	0
22	34	0
79	2	0
3	70	0
97	70	0
98	16	0
90	29	0
45	56	0
61	16	0
88	86	0
4	12	0
39	14	0
84	83	0
38	42	0
90	75	0
79	83	0
56	21	0
46	30	0
54	60	0
9	47	0
28	81	0
20	58	0
81	73	0
47	58	0
48	97	0
81	57	0
75	75	0
54	78	0
20	42	0
89	80	0
0	36	0
40	41	0
24	17	0
18	78	0
41	72	0
95	27	0
31	32	0
78	11	0
37	79	0
63	27	0
51	35	0
81	80	0
24	54	0
67	75	0
39	92	0
35	60	0
36	14	0
63	11	0
34	86	0
12	74	0
73	86	0
88	59	0
17	91	0
25	33	0
98	65	0
27	58	0
26	82	0
46	93	0
49	47	0
38	7	0
19	40	0
71	88	0
82	96	0
61	87	0
73	21	0
5	74	0
60	0	0
75	11	0
68	23	0
80	19	0
26	61	0
1	69	0
53	60	0
79	34	0
29	78	0
92	27	0
49	88	0
30	65	0
29	10	0
75	75	0
32	64	0
39	9	0
7	94	0
72	16	0
98	87	0
86	97	0
88	22	0
4	79	0
14	77	0
94	45	0
49	77	0
36	46	0
54	71	0
56	73	0
47	58	0
8	79	0
28	62	0
67	12	0
3	65	0
75	99	0
75	45	0
42	89	0
92	59	0
41	15	0
40	60	0
22	78	0
38	92	0
56	38	0
67	29	0
17	29	0
97	66	0
76	48	0
84	56	0
3	81	0
63	17	0
17	87	0
67	66	0
54	42	0
57	50	0
57	15	0
3	54	0
81	47	0
49	9	0
78	57	0
50	85	0
69	43	0
98	35	0
95	6	0
0	60	0
87	70	0
19	98	0
98	66	0
48	91	0
59	29	0
45	1	0
22	92	0
69	32	0
37	58	0
47	79	0
48	12	0
26	98	0
68	94	0
86	80	0
69	27	0
90	69	0
5	90	0
48	35	0
57	1	0
70	22	0
36	16	0
36	2	0
54	9	0
53	48	0
66	35	0
36	56	0
27	51	0
51	61	0
70	81	0
85	79	0
61	87	0
90	13	0
91	53	0
79	8	0
15	53	0
27	4	0
84	38	0
57	19	0
74	74	0
4	40	0
48	69	0
53	23	0
28	97	0
35	88	0
26	69	0
99	67	0
37	30	0
38	3	0
26	60	0
90	52	0
78	30	0
70	86	0
21	12	0
66	93	0
9	73	0
47	87	0
38	36	0
3	56	0
73	5	0
24	30	0
89	15	0
39	13	0
9	3	1
83	7	0
33	49	0
16	43	0
82	26	0
95	58	0
5	29	0
34	26	0
0	60	0
30	88	0
14	85	0
1	8	0
36	92	0
46	67	0
49	39	0
63	25	0
45	90	0
34	68	0
88	95	0
45	27	0
20	45	0
30	39	0
56	72	0
81	93	0
49	17	0
87	4	0
32	0	0
54	9	0
60	13	0
23	43	0
85	56	0
67	4	0
18	38	0
49	7	0
57	52	0
46	50	0
23	63	0
82	84	0
70	50	0
20	52	0
53	29	0
16	9	1
97	6	0
51	8	0
64	19	0
58	43	0
28	36	0
4	72	0
68	76	0
17	80	0
30	91	0
24	93	0
48	22	0
40	38	0
94	52	0
65	46	0
9	80	0
81	82	0
60	92	0
17	31	0
76	20	0
57	98	0
72	1	0
90	59	0
86	47	0
38	20	0
43	45	0
34	47	0
88	79	0
5	13	0
73	24	0
87	7	0
15	43	0
25	94	0
69	73	0
83	1	0
0	62	0
98	29	0
45	98	0
74	9	0
63	48	0
46	50	0
47	41	0
33	39	0
49	35	0
74	80	0
76	50	0
38	33	0
79	70	0
21	54	0
15	92	0
85	90	0
39	28	0
0	77	0
68	19	0
92	13	0
76	42	0
15	63	0
66	37	0
31	37	0
53	45	0
5	95	0
66	29	0
52	14	0
84	53	0
47	24	0
33	84	0
26	5	0
81	52	0
9	1	1
70	98	0
4	85	0
34	53	0
52	77	0
56	32	0
19	98	0
16	44	0
27	37	0
60	14	0
92	28	0
82	20	0
86	90	0
22	63	0
34	18	0
31	28	0
76	22	0
55	60	0
76	96	0
19	36	0
72	98	0
89	71	0
36	75	0
74	8	0
72	40	0
80	18	0
72	11	0
44	17	0
42	35	0
96	2	0
79	32	0
0	63	0
88	16	0
92	95	0
7	95	0
91	58	0
51	48	0
22	14	0
92	86	0
73	55	0
21	98	0
65	28	0
79	48	0
85	56	0
83	62	0
27	71	0
83	77	0
41	97	0
83	70	0
34	38	0
25	94	0
99	84	0
31	35	0
31	43	0
70	77	0
62	92	0
49	60	0
55	97	0
56	53	0
37	61	0
31	66	0
80	22	0
18	92	0
82	54	0
24	89	0
42	61	0
44	73	0
85	29	0
27	29	0
21	54	0
58	31	0
93	67	0
67	13	0
88	98	0
74	94	0
35	48	0
62	8	0
32	42	0
34	86	0
45	33	0
56	67	0
69	80	0
32	22	0
80	94	0
44	28	0
34	18	0
66	40	0
31	81	0
40	18	0
7	60	0
89	77	0
56	95	0
52	41	0
83	12	0
47	74	0
41	51	0
95	59	0
87	1	0
4	74	0
73	7	0
71	78	0
72	29	0
34	7	0
32	71	0
80	81	0
32	74	0
53	81	0
73	21	0
13	71	0
68	13	0
44	58	0
62	99	0
28	96	0
88	6	0
89	18	0
63	14	0
44	91	0
11	89	0
4	89	0
73	48	0
69	64	0
81	67	0
20	48	0
82	42	0
72	64	0
89	72	0
60	61	0
19	59	0
25	70	0
35	26	0
43	34	0
2	48	0
52	60	0
39	44	0
89	34	0
82	37	0
68	4	0
80	36	0
57	76	0
18	53	0
58	31	0
90	77	0
65	84	0
94	75	0
19	54	0
53	71	0
63	48	0
27	52	0
89	28	0
21	55	0
38	23	0
88	49	0
80	99	0
58	54	0
21	63	0
46	6	0
59	74	0
30	85	0
43	25	0
76	81	0
97	71	0
15	97	0
54	71	0
11	70	0
74	60	0
34	50	0
48	62	0
37	77	0
63	74	0
26	30	0
16	61	0
91	80	0
80	54	0
97	55	0
26	65	0
57	82	0
64	26	0
89	28	0
42	41	0
95	15	0
15	87	0
28	31	0
30	81	0
86	58	0
19	41	0
95	65	0
16	97	0
9	71	0
23	8	0
92	88	0
35	29	0
5	76	0
77	92	0
46	61	0
85	70	0
27	90	0
99	31	0
26	16	0
36	83	0
31	71	0
35	18	0
22	42	0
1	18	0
87	69	0
92	11	0
55	14	0
73	14	0
94	42	0
29	6	0
36	43	0
98	40	0
11	58	0
48	82	0
0	48	0
17	77	0
79	57	0
47	95	0
71	51	0
77	81	0
34	34	0
74	61	0
38	59	0
87	43	0
11	74	0
57	37	0
36	68	0
73	32	0
55	35	0
99	81	0
97	97	0
87	81	0
23	81	0
18	30	0
58	49	0
49	76	0
30	15	0
22	1	0
34	73	0
7	39	0
63	4	0
70	85	0
80	65	0
92	16	0
12	43	0
9	1	1
75	90	0
5	97	0
50	5	0
60	51	0
69	17	0
11	4	1
40	21	0
25	37	0
44	16	0
69	1	0
44	84	0
56	24	0
32	88	0
74	9	0
28	43	0
51	71	0
72	22	0
95	76	0
62	75	0
35	70	0
49	83	0
77	88	0
88	58	0
15	69	0
78	75	0
59	94	0
15	36	0
21	52	0
96	34	0
34	94	0
98	93	0
70	82	0
46	1	0
52	47	0
86	53	0
57	84	0
84	51	0
96	75	0
80	31	0
14	64	0
2	56	0
73	81	0
78	37	0
49	61	0
56	10	0
30	15	0
77	73	0
28	32	0
9	66	0
46	51	0
58	41	0
36	13	0
54	30	0
17	86	0
20	38	0
9	58	0
12	73	0
74	49	0
18	20	0
60	12	0
98	23	0
79	0	0
57	77	0
10	62	0
61	29	0
48	31	0
65	81	0
84	11	0
40	47	0
52	64	0
51	81	0
20	98	0
30	62	0
44	83	0
28	32	0
79	80	0
51	46	0
35	80	0
61	32	0
9	48	0
61	63	0
63	19	0
31	72	0
80	43	0
54	45	0
52	44	0
37	15	0
3	63	0
72	65	0
73	58	0
43	37	0
84	61	0
84	67	0
77	30	0
66	4	0
95	80	0
85	13	0
8	69	0
71	77	0
31	15	0
65	42	0
12	3	1
16	60	0
12	88	0
36	85	0
27	53	0
95	29	0
21	53	0
53	97	0
16	77	0
99	73	0
54	59	0
83	41	0
21	3	0
52	20	0
54	6	0
6	8	1
12	79	0
63	61	0
84	62	0
69	50	0
15	1	0
26	41	0
69	7	0
0	80	0
73	3	0
43	72	0
52	22	0
78	99	0
11	34	0
12	93	0
99	56	0
30	14	0
96	74	0
63	64	0
72	44	0
53	26	0
92	27	0
87	73	0
17	66	0
2	82	0
25	59	0
9	91	0
1	81	0
81	25	0
36	48	0
1	97	0
50	11	0
60	3	0
38	48	0
20	26	1
67	40	0
45	20	0
27	72	0
29	30	0
81	12	0
13	41	0
82	52	0
89	3	0
62	57	0
24	11	0
50	18	0
12	99	0
57	78	0
33	71	0
35	17	0
1	82	0
2	92	0
62	49	0
93	40	0
36	30	0
31	76	0
22	23	1
98	86	0
50	28	0
49	71	0
61	96	0
2	87	0
67	24	0
59	62	0
25	30	0
95	70	0
44	68	0
97	21	0
72	16	0
92	21	0
83	81	0
46	59	0
30	88	0
83	12	0
23	5	0
62	92	0
69	69	0
20	51	0
71	39	0
76	86	0
89	11	0
97	53	0
24	71	0
61	48	0
22	26	0
90	20	0
36	46	0
62	3	0
94	97	0
82	73	0
45	73	0
77	32	0
76	76	0
4	90	0
48	6	0
9	91	0
7	71	0
68	70	0
70	99	0
81	8	0
96	92	0
82	6	0
80	73	0
61	5	0
86	37	0
82	50	0
57	31	0
12	73	0
55	87	0
58	79	0
19	49	0
2	39	0
36	97	0
10	69	0
43	0	0
35	56	0
13	63	0
42	24	0
4	44	0
95	51	0
52	16	0
2	45	0
28	86	0
74	66	0
2	0	0
93	69	0
20	74	0
57	45	0
34	54	0
93	41	0
55	41	0
1	12	0
1	50	0
19	60	0
96	68	0
67	45	0
98	60	0
2	54	0
63	60	0
11	72	0
0	19	0
83	57	0
25	66	0
44	12	0
35	33	0
9	81	0
36	88	0
1	3	0
82	42	0
72	60	0
80	63	0
74	80	0
41	86	0
46	17	0
0	70	0
46	68	0
43	50	0
54	53	0
84	9	0
