97	65	0
49	10	0
39	19	0
41	95	0
2	37	0
90	28	0
87	78	0
10	5	0
45	10	0
72	94	0
42	40	0
78	40	0
1	85	0
22	2	0
14	67	0
97	6	0
93	87	0
64	29	0
29	59	0
97	63	0
92	0	0
43	73	0
75	83	0
78	92	0
68	2	0
29	95	0
56	10	0
76	78	0
73	94	0
97	58	0
1	41	0
29	33	0
42	28	0
82	17	0
42	47	0
94	78	0
12	94	0
68	79	0
89	24	0
81	95	0
46	9	0
24	53	0
71	54	0
99	53	0
61	77	0
97	49	0
19	98	0
37	44	0
54	15	0
84	43	0
17	67	0
60	10	0
33	88	0
53	87	0
26	64	0
97	70	0
50	22	0
37	49	0
86	74	0
95	99	0
90	11	0
16	98	0
93	13	0
51	10	0
91	69	0
39	35	0
21	87	0
84	10	0
33	81	0
83	75	0
66	52	0
20	29	0
86	80	0
30	38	0
14	49	0
90	36	0
18	26	1
16	36	0
41	84	0
61	93	0
68	27	0
47	96	0
64	96	0
0	8	0
14	20	0
92	18	0
94	19	0
35	57	0
80	43	0
22	30	0
77	50	0
37	57	0
33	13	0
35	3	0
70	48	0
22	84	0
55	7	0
48	74	0
45	1	0
37	27	0
92	44	0
50	62	0
66	48	0
17	79	0
64	84	0
10	81	0
44	77	0
87	49	0
67	12	0
52	72	0
8	51	0
58	8	0
52	65	0
13	72	0
44	0	0
28	58	0
17	33	0
87	82	0
40	37	0
2	4	0
25	96	0
81	2	0
69	66	0
17	31	0
79	78	0
95	15	0
62	69	0
57	88	0
32	19	0
63	93	0
21	17	1
72	87	0
62	54	0
35	94	0
76	29	0
39	23	0
19	35	0
80	0	0
12	11	1
5	73	0
11	18	1
93	70	0
88	14	0
88	36	0
41	55	0
62	5	0
87	96	0
5	7	0
37	13	0
12	13	1
81	80	0
35	37	0
94	67	0
85	79	0
53	25	0
50	39	0
69	58	0
6	47	0
25	79	0
12	58	0
84	78	0
56	69	0
43	95	0
84	50	0
69	75	0
55	85	0
26	46	0
89	83	0
3	38	0
34	37	0
25	21	0
18	71	0
32	71	0
97	22	0
42	34	0
76	8	0
36	80	0
70	21	0
58	29	0
77	79	0
22	50	0
63	67	0
33	98	0
38	65	0
42	6	0
67	17	0
31	91	0
15	81	0
72	83	0
93	61	0
17	90	0
29	38	0
87	71	0
25	60	0
40	81	0
35	95	0
54	44	0
33	6	0
23	38	0
81	95	0
89	95	0
60	95	0
79	15	0
2	61	0
65	0	0
61	15	0
66	21	0
85	21	0
29	61	0
7	73	0
60	64	0
71	36	0
28	76	0
89	17	0
56	86	0
34	68	0
30	18	0
82	71	0
33	70	0
42	9	0
2	89	0
83	20	0
98	76	0
86	92	0
87	21	0
3	79	0
18	76	0
94	49	0
51	70	0
37	46	0
43	76	0
58	72	0
56	55	0
8	83	0
35	69	0
63	15	0
3	61	0
66	98	0
64	40	0
34	92	0
87	59	0
40	14	0
42	59	0
12	76	0
39	94	0
56	33	0
70	26	0
10	34	0
89	65	0
69	46	0
81	53	0
10	86	0
57	7	0
13	83	0
64	65	0
57	45	0
70	56	0
58	5	0
17	7	1
4	56	0
76	47	0
46	10	0
69	55	0
51	83	0
62	55	0
92	33	0
92	16	0
7	60	0
91	67	0
25	91	0
91	54	0
35	90	0
56	35	0
47	0	0
15	92	0
72	34	0
45	58	0
43	75	0
47	1	0
21	93	0
75	84	0
83	86	0
58	28	0
94	72	0
10	90	0
36	41	0
60	0	0
63	20	0
35	23	0
47	0	0
56	12	0
56	48	0
74	35	0
36	48	0
23	46	0
52	51	0
69	79	0
89	75	0
56	87	0
77	10	0
99	52	0
79	0	0
10	58	0
25	9	0
91	33	0
46	24	0
75	78	0
6	45	0
52	70	0
59	25	0
25	97	0
34	90	0
32	71	0
92	54	0
40	23	0
40	0	0
25	52	0
90	50	0
74	18	0
75	98	0
17	6	0
67	89	0
11	78	0
45	84	0
33	30	0
2	54	0
80	8	0
24	34	0
81	13	0
40	11	0
14	0	0
81	5	0
31	53	0
12	41	0
88	30	0
92	59	0
9	25	0
27	36	0
4	61	0
32	84	0
14	74	0
6	5	0
37	96	0
45	66	0
38	29	0
61	32	0
46	81	0
38	67	0
90	92	0
37	28	0
17	49	0
31	41	0
56	76	0
78	96	0
50	8	0
72	0	0
34	7	0
45	9	0
60	7	0
24	49	0
78	61	0
66	4	0
25	44	0
65	9	0
51	56	0
47	51	0
29	63	0
76	83	0
65	53	0
14	65	0
58	34	0
23	17	0
93	5	0
49	4	0
67	15	0
55	37	0
20	39	0
12	70	0
69	73	0
12	75	0
30	96	0
27	91	0
48	20	0
32	35	0
87	64	0
60	48	0
6	77	0
77	78	0
63	88	0
24	32	0
69	23	0
69	93	0
71	2	0
97	62	0
78	39	0
34	19	0
40	47	0
37	50	0
88	79	0
11	27	0
78	28	0
85	6	0
14	57	0
31	91	0
70	78	0
86	5	0
4	71	0
95	34	0
49	90	0
4	9	1
73	9	0
64	51	0
42	56	0
57	48	0
28	37	0
51	37	0
74	74	0
70	54	0
42	33	0
72	64	0
22	49	0
28	90	0
85	85	0
44	19	0
0	74	0
70	18	0
86	19	0
71	45	0
15	60	0
62	24	0
29	34	0
54	41	0
7	98	0
62	39	0
58	17	0
90	53	0
44	25	0
33	73	0
35	8	0
82	42	0
9	2	0
62	94	0
2	87	0
36	41	0
52	84	0
56	29	0
21	96	0
19	46	0
20	40	0
61	18	0
97	32	0
84	21	0
86	99	0
26	60	0
16	15	1
33	13	0
34	27	0
84	19	0
52	64	0
78	84	0
25	31	0
65	98	0
85	70	0
40	76	0
76	10	0
70	37	0
83	19	0
70	22	0
42	20	0
37	32	0
99	3	0
65	29	0
2	67	0
92	16	0
91	94	0
10	94	0
87	64	0
43	49	0
25	0	0
92	89	0
79	56	0
26	99	0
65	22	0
77	43	0
94	59	0
82	70	0
29	77	0
77	83	0
31	93	0
87	71	0
38	38	0
26	89	0
99	88	0
33	29	0
27	47	0
63	68	0
62	91	0
53	70	0
43	90	0
66	63	0
34	61	0
33	64	0
82	24	0
13	94	0
90	50	0
19	84	0
41	52	0
48	78	0
80	30	0
27	35	0
15	45	0
64	43	0
92	72	0
64	20	0
84	94	0
69	99	0
34	43	0
57	8	0
29	44	0
20	83	0
37	31	0
55	71	0
67	82	0
34	24	0
75	87	0
49	33	0
36	16	0
63	39	0
24	75	0
42	13	0
2	59	0
91	82	0
67	97	0
51	44	0
79	15	0
37	71	0
41	51	0
97	54	0
98	1	0
0	72	0
68	4	0
83	73	0
70	22	0
34	1	0
35	69	0
76	78	0
36	78	0
49	80	0
78	19	0
14	69	0
59	9	0
46	68	0
65	99	0
31	92	0
89	5	0
92	21	0
62	13	0
34	83	0
13	95	0
5	90	0
79	50	0
72	56	0
78	63	0
12	45	0
87	47	0
66	59	0
83	76	0
69	65	0
23	49	0
17	69	0
38	27	0
46	40	0
4	51	0
56	66	0
43	38	0
93	40	0
76	35	0
76	2	0
75	30	0
52	84	0
23	18	1
16	46	0
62	42	0
94	78	0
70	82	0
94	77	0
25	49	0
51	64	0
60	51	0
32	60	0
83	38	0
21	62	0
45	22	0
94	57	0
74	96	0
53	51	0
22	63	0
39	1	0
69	68	0
29	81	0
43	25	0
75	79	0
87	72	0
21	89	0
53	61	0
13	72	0
71	67	0
37	54	0
50	62	0
39	78	0
63	64	0
27	33	0
15	63	0
88	80	0
78	57	0
98	62	0
34	79	0
58	74	0
66	34	0
21	20	1
85	24	0
37	30	0
99	3	0
17	91	0
32	34	0
28	82	0
90	61	0
18	39	0
98	64	0
14	92	0
13	70	0
31	3	0
98	93	0
30	27	0
2	82	0
76	95	0
36	62	0
77	71	0
30	85	0
99	27	0
31	19	0
37	82	0
29	74	0
33	15	0
23	36	0
11	26	0
90	70	0
91	14	0
53	7	0
66	9	0
90	41	0
33	8	0
39	39	0
96	41	0
10	60	0
45	89	0
0	48	0
20	83	0
78	59	0
46	96	0
68	46	0
73	81	0
36	31	0
79	68	0
37	67	0
86	45	0
5	75	0
59	35	0
36	67	0
73	33	0
55	39	0
98	82	0
91	95	0
84	87	0
21	85	0
20	35	0
58	51	0
49	69	0
38	24	0
22	10	0
39	67	0
8	41	0
63	4	0
67	85	0
90	61	0
95	17	0
10	44	0
8	2	0
77	92	0
6	93	0
52	12	0
54	48	0
71	12	0
18	2	0
46	14	0
20	34	0
47	17	0
59	0	0
38	82	0
55	21	0
27	93	0
73	2	0
27	37	0
51	67	0
66	18	0
90	68	0
64	78	0
43	67	0
52	97	0
79	89	0
6	16	1
88	59	0
15	66	0
81	71	0
60	91	0
18	35	0
18	60	0
95	48	0
32	85	0
94	94	0
64	84	0
46	8	0
45	53	0
81	58	0
55	91	0
74	49	0
95	72	0
81	27	0
16	66	0
5	58	0
69	90	0
77	41	0
56	61	0
58	11	0
33	26	0
69	70	0
23	38	0
12	61	0
37	47	0
53	43	0
29	14	0
60	30	0
8	86	0
24	37	0
11	56	0
8	71	0
75	50	0
30	27	0
59	11	0
93	24	0
81	0	0
53	71	0
5	62	0
62	27	0
47	40	0
21	18	1
70	75	0
79	17	0
47	42	0
48	69	0
48	83	0
19	97	0
30	64	0
41	90	0
29	38	0
75	83	0
44	38	0
26	77	0
9	18	1
57	23	0
7	39	0
58	56	0
62	17	0
26	73	0
82	49	0
55	42	0
50	45	0
41	16	0
0	74	0
69	60	0
74	52	0
45	38	0
79	57	0
84	72	0
76	39	0
65	10	0
85	75	0
91	15	0
8	74	0
64	83	0
30	17	0
55	34	0
9	1	0
15	55	0
8	86	0
32	90	0
21	49	0
94	34	0
17	48	0
58	98	0
12	84	0
93	65	0
54	66	0
88	38	0
18	2	0
58	15	0
44	6	0
5	1	0
14	81	0
58	64	0
84	68	0
74	48	0
16	1	0
29	33	0
66	10	0
3	82	0
73	2	0
44	73	0
56	24	0
72	99	0
11	37	0
2	93	0
97	63	0
37	22	0
85	68	0
60	58	0
74	42	0
42	29	0
93	32	0
87	68	0
18	64	0
1	87	0
25	49	0
3	86	0
7	97	0
91	34	0
36	51	0
2	99	0
54	13	0
62	1	0
42	47	0
25	21	0
67	45	0
39	19	0
25	78	0
30	32	0
72	12	0
1	42	0
88	48	0
86	7	0
64	52	0
33	8	0
47	23	0
12	95	0
60	81	0
38	67	0
13	5	1
35	16	0
2	82	0
1	83	0
67	55	0
87	45	0
44	31	0
30	74	0
26	27	0
96	90	0
63	32	0
44	75	0
64	96	0
22	19	0
5	87	0
64	18	0
57	66	0
32	38	0
99	69	0
34	73	0
98	17	0
79	17	0
97	20	0
88	88	0
44	58	0
25	89	0
87	7	0
32	2	0
66	81	0
66	73	0
20	46	0
68	40	0
66	83	0
85	15	0
95	53	0
19	66	0
52	54	0
25	24	0
88	27	0
46	44	0
71	9	0
92	96	0
85	76	0
51	67	0
72	30	0
62	71	0
5	87	0
38	2	0
7	98	0
16	76	0
63	67	0
78	94	0
90	11	0
97	92	0
81	5	0
17	10	1
86	75	0
67	3	0
98	37	0
74	51	0
54	37	0
17	70	0
60	90	0
55	75	0
11	40	0
6	41	0
40	90	0
6	75	0
44	4	0
39	55	0
16	60	0
42	30	0
5	42	0
97	45	0
55	24	0
3	48	0
26	87	0
72	60	0
0	5	0
93	72	0
25	82	0
57	44	0
35	59	0
94	52	0
62	42	0
2	14	0
13	15	1
3	50	0
24	63	0
84	71	0
66	45	0
99	64	0
2	52	0
64	58	0
15	67	0
0	15	0
73	75	0
30	63	0
42	9	0
26	27	0
6	78	0
34	87	0
6	3	0
75	46	0
66	62	0
82	65	0
76	77	0
42	88	0
36	16	0
5	69	0
13	13	1
47	67	0
35	47	0
56	47	0
82	13	0
