87	67	0
49	15	0
36	29	0
51	96	0
8	10	0
97	38	0
97	90	0
37	7	0
64	82	0
45	16	0
93	46	0
4	76	0
18	6	0
23	64	0
98	24	0
80	80	0
56	32	0
20	49	0
92	66	0
94	9	0
46	92	0
60	74	0
79	86	0
54	1	0
42	80	0
57	6	0
87	75	0
60	86	0
83	75	0
2	26	0
62	23	0
34	17	0
86	32	0
36	52	0
89	61	0
5	91	0
41	98	0
95	24	0
76	93	0
52	1	0
27	65	0
95	58	0
95	72	0
51	67	0
95	54	0
6	81	0
22	36	1
65	1	0
89	61	0
17	70	0
62	3	0
8	79	0
54	95	0
38	74	0
98	66	0
48	33	0
25	26	0
89	78	0
96	95	0
99	16	0
12	95	0
93	18	0
41	1	0
74	79	0
43	11	0
6	93	0
82	5	0
43	82	0
73	96	0
51	65	0
6	29	0
67	93	0
26	36	1
13	55	0
86	31	0
16	40	0
27	87	0
53	97	0
64	28	0
30	94	0
63	99	0
0	24	0
99	8	0
91	24	0
38	59	0
76	39	0
19	35	1
79	55	0
25	35	1
48	9	0
38	3	0
66	38	0
17	98	0
62	15	0
55	87	0
40	6	0
44	29	0
87	41	0
36	64	0
75	45	0
12	61	0
76	80	0
1	74	0
28	92	0
97	58	0
60	7	0
44	70	0
29	57	0
62	3	0
68	52	0
2	57	0
30	4	0
22	44	0
39	34	0
68	92	0
57	47	0
21	95	0
84	6	0
53	76	0
79	82	0
98	4	0
63	79	0
49	73	0
29	9	0
59	96	0
95	74	0
70	65	0
25	98	0
68	37	0
32	19	0
15	45	0
75	11	0
10	63	0
94	63	0
96	24	0
86	34	0
34	55	0
58	20	0
83	74	0
18	13	0
32	11	0
80	65	0
39	34	0
70	72	0
71	85	0
53	30	0
44	31	0
57	41	0
16	43	0
27	53	0
18	62	0
75	82	0
44	53	0
35	98	0
83	47	0
79	70	0
56	84	0
29	33	1
96	68	0
14	30	0
51	46	0
19	12	0
25	86	0
33	78	0
85	34	0
38	38	0
71	12	0
40	81	0
53	28	0
48	50	0
80	78	0
29	63	0
54	73	0
37	87	0
36	46	0
43	12	0
52	10	0
30	73	0
25	82	0
80	79	0
92	67	0
28	89	0
29	34	1
97	70	0
30	50	0
26	86	0
58	77	0
39	54	0
29	13	0
13	32	0
71	96	0
90	82	0
61	69	0
73	35	0
6	58	0
55	9	0
77	30	0
62	27	0
67	28	0
20	68	0
2	56	0
54	49	0
76	28	0
36	65	0
91	30	0
32	94	0
27	63	0
40	20	0
80	78	0
34	55	0
31	9	0
18	90	0
55	10	0
96	88	0
68	90	0
96	7	0
6	81	0
23	66	0
91	34	0
52	77	0
45	39	0
55	60	0
49	71	0
45	66	0
21	74	0
29	55	0
70	0	0
0	62	0
61	84	0
88	45	0
45	89	0
81	60	0
63	29	0
43	70	0
20	84	0
41	95	0
52	38	0
73	33	0
26	33	1
83	60	0
77	41	0
72	71	0
6	50	0
53	12	0
10	85	0
64	63	0
59	38	0
67	36	0
51	26	0
7	57	0
87	18	0
47	9	0
67	67	0
48	76	0
75	35	0
99	35	0
91	0	0
5	58	0
97	74	0
23	96	0
93	70	0
39	91	0
57	33	0
57	13	0
19	89	0
69	30	0
43	69	0
39	75	0
47	6	0
28	97	0
80	88	0
64	91	0
75	44	0
88	76	0
18	95	0
44	61	0
67	3	0
68	38	0
30	14	0
36	1	0
57	10	0
53	59	0
78	41	0
42	48	0
37	50	0
36	72	0
71	86	0
83	68	0
56	80	0
88	1	0
79	41	0
65	1	0
22	46	0
30	32	1
73	45	0
62	45	0
69	65	0
13	32	0
40	68	0
63	27	0
25	87	0
29	90	0
27	73	0
94	63	0
49	17	0
36	0	0
26	54	0
85	65	0
57	11	0
74	92	0
13	3	0
52	98	0
0	69	0
33	87	0
40	35	0
0	60	0
85	21	0
24	34	1
74	5	0
45	14	0
89	11	0
35	47	0
21	49	0
77	26	0
86	59	0
13	20	0
25	34	1
4	62	0
34	95	0
1	88	0
44	94	0
56	73	0
56	38	0
61	16	0
41	82	0
45	69	0
82	91	0
27	23	0
10	55	0
30	47	0
62	63	0
71	85	0
34	23	0
79	22	0
39	0	0
52	2	0
60	22	0
32	44	0
78	74	0
91	10	0
22	42	0
51	18	0
52	50	0
43	32	0
36	51	0
79	75	0
77	52	0
15	52	0
58	31	0
95	8	0
62	5	0
53	26	0
54	35	0
35	27	0
0	73	0
61	80	0
30	73	0
25	94	0
26	95	0
58	17	0
39	33	0
96	42	0
87	52	0
0	76	0
82	73	0
72	74	0
76	26	0
76	81	0
83	7	0
83	60	0
72	53	0
40	21	0
60	52	0
27	51	0
85	78	0
68	19	0
96	10	0
28	46	0
36	90	0
71	73	0
82	17	0
13	68	0
94	27	0
38	94	0
81	17	0
71	45	0
37	54	0
55	37	0
26	41	0
30	49	0
61	85	0
79	34	0
38	15	0
70	71	0
23	67	0
12	93	0
91	90	0
34	37	0
2	83	0
57	32	0
84	19	0
84	44	0
6	63	0
62	31	0
45	25	0
41	42	0
9	99	0
77	23	0
53	5	0
88	43	0
50	45	0
21	74	0
13	0	0
60	65	0
55	90	0
4	53	0
44	67	0
40	79	0
51	35	0
16	96	0
5	46	0
22	43	0
62	14	0
91	29	0
91	16	0
79	87	0
24	59	0
28	27	0
39	26	0
81	3	0
68	61	0
75	93	0
18	42	0
63	93	0
95	65	0
34	83	0
71	7	0
69	54	0
68	20	0
75	11	0
46	26	0
45	13	0
99	2	0
82	37	0
7	77	0
83	9	0
90	98	0
23	94	0
97	67	0
48	57	0
10	27	0
89	93	0
59	42	0
4	94	0
68	34	0
70	40	0
72	60	0
82	64	0
27	72	0
84	71	0
33	91	0
98	79	0
37	93	0
96	78	0
30	33	1
40	30	0
56	68	0
66	99	0
45	67	0
69	96	0
68	51	0
32	63	0
33	67	0
80	9	0
9	84	0
95	53	0
25	86	0
49	72	0
46	84	0
86	42	0
36	55	0
20	33	1
48	25	0
84	53	0
67	15	0
90	90	0
57	93	0
42	51	0
57	3	0
39	42	0
50	85	0
33	22	0
49	59	0
74	75	0
41	23	0
99	93	0
46	18	0
18	6	0
55	26	0
20	78	0
39	6	0
19	56	0
91	93	0
61	87	0
59	55	0
65	9	0
39	69	0
47	49	0
98	53	0
89	4	0
3	69	0
75	1	0
54	75	0
61	30	0
44	13	0
35	67	0
83	81	0
36	72	0
37	76	0
82	27	0
25	46	0
64	30	0
44	65	0
65	88	0
32	93	0
84	6	0
99	23	0
68	11	0
27	76	0
17	97	0
19	83	0
69	41	0
80	69	0
72	81	0
15	44	0
81	42	0
69	73	0
80	73	0
55	68	0
19	73	0
14	63	0
47	22	0
39	15	0
1	33	0
40	55	0
28	43	0
84	27	0
79	36	0
70	5	0
81	44	0
51	62	0
18	67	0
51	24	0
93	85	0
50	90	0
71	64	0
26	57	0
41	84	0
70	47	0
31	50	0
80	27	0
21	49	0
39	23	0
90	54	0
89	93	0
54	55	0
5	63	0
47	9	0
59	61	0
26	84	0
41	30	0
82	90	0
93	71	0
18	81	0
72	49	0
6	68	0
82	59	0
34	58	0
53	61	0
32	79	0
55	70	0
6	50	0
80	70	0
66	56	0
85	49	0
20	70	0
59	86	0
56	21	0
94	28	0
52	33	0
99	11	0
12	87	0
35	37	0
34	62	0
86	60	0
25	57	0
82	70	0
17	93	0
19	84	0
95	92	0
46	26	0
9	71	0
77	98	0
42	63	0
86	61	0
20	94	0
92	27	0
30	6	0
34	79	0
33	72	0
32	15	0
13	41	0
4	25	0
84	67	0
97	11	0
57	12	0
80	30	0
93	30	0
33	12	0
32	52	0
97	36	0
9	56	0
52	91	0
9	54	0
28	82	0
68	51	0
54	97	0
78	58	0
73	83	0
38	35	0
75	61	0
38	58	0
83	64	0
13	67	0
54	31	0
31	77	0
83	38	0
71	30	0
81	65	0
97	97	0
89	79	0
51	70	0
68	39	0
50	75	0
43	21	0
32	13	0
31	77	0
1	38	0
62	4	0
57	87	0
76	88	0
82	5	0
19	41	0
55	82	0
14	98	0
60	3	0
60	47	0
55	22	0
41	22	0
15	35	1
48	15	0
83	6	0
43	95	0
67	27	0
28	95	0
94	12	0
32	50	0
43	63	0
66	27	0
82	89	0
67	73	0
41	66	0
54	94	0
74	70	0
86	43	0
13	71	0
80	86	0
83	96	0
28	29	1
15	56	0
95	46	0
30	74	0
97	87	0
59	97	0
43	9	0
71	66	0
88	59	0
60	82	0
74	57	0
91	70	0
70	37	0
17	55	0
2	67	0
66	77	0
76	38	0
54	53	0
47	3	0
37	17	0
96	74	0
11	51	0
30	53	0
57	30	0
38	16	0
54	27	0
19	91	0
4	57	0
17	81	0
71	51	0
81	22	0
91	34	0
86	2	0
56	86	0
9	49	0
53	28	0
62	52	0
46	81	0
93	12	0
24	35	1
62	55	0
46	88	0
17	89	0
38	63	0
30	83	0
36	22	0
77	78	0
46	35	0
45	80	0
57	40	0
10	39	0
60	61	0
63	13	0
22	83	0
88	41	0
25	40	0
29	51	0
23	18	0
1	63	0
81	69	0
75	62	0
39	53	0
82	52	0
81	68	0
72	33	0
65	16	0
82	74	0
80	21	0
7	59	0
76	85	0
24	31	0
65	30	0
11	60	0
1	88	0
34	94	0
36	56	0
97	29	0
4	47	0
57	93	0
4	89	0
90	59	0
56	50	0
84	27	0
12	7	0
43	32	0
70	2	0
16	84	0
53	50	0
97	63	0
83	39	0
6	7	0
12	44	0
62	13	0
7	67	0
82	3	0
49	71	0
35	27	0
87	89	0
14	18	0
29	91	0
96	56	0
31	13	0
89	99	0
50	57	0
63	60	0
43	36	0
95	29	0
91	90	0
3	65	0
11	72	0
9	52	0
21	82	0
17	97	0
70	28	0
41	53	0
9	88	0
46	17	0
70	13	0
38	58	0
63	57	0
50	19	0
34	69	0
33	27	0
87	25	0
5	42	0
76	62	0
89	7	0
56	44	0
30	18	0
45	9	0
13	95	0
51	66	0
41	62	0
35	14	0
13	96	0
4	88	0
68	46	0
96	35	0
35	28	0
29	62	0
88	95	0
47	29	0
64	72	0
67	89	0
9	84	0
76	36	0
54	57	0
14	42	0
89	75	0
53	62	0
94	12	0
77	11	0
86	23	0
68	92	0
48	66	0
43	53	0
67	13	0
46	10	0
61	95	0
67	65	0
20	52	0
74	37	0
52	92	0
85	35	0
87	60	0
33	75	0
50	53	0
21	33	1
86	28	0
34	55	0
84	6	0
95	92	0
73	61	0
57	82	0
75	37	0
70	83	0
13	92	0
36	3	0
12	85	0
14	58	0
56	71	0
74	82	0
65	12	0
99	99	0
92	11	0
95	88	0
63	11	0
80	30	0
76	52	0
52	43	0
16	83	0
59	94	0
67	80	0
30	48	0
9	31	0
19	90	0
13	63	0
46	7	0
39	47	0
19	68	0
43	41	0
4	39	0
99	55	0
46	20	0
15	60	0
29	84	0
66	78	0
91	58	0
6	68	0
63	43	0
21	62	0
74	43	0
55	34	0
1	53	0
23	48	0
86	56	0
70	56	0
89	51	0
3	67	0
63	52	0
5	84	0
4	15	0
90	70	0
13	62	0
34	5	0
36	20	0
15	98	0
18	84	0
85	40	0
66	66	0
76	62	0
77	83	0
42	65	0
55	43	0
5	72	0
43	68	0
34	49	0
65	56	0
79	18	0
