94	70	0
45	19	0
43	23	0
43	98	0
8	11	0
88	36	0
92	81	0
42	18	0
70	79	0
37	24	0
95	37	0
3	80	0
17	8	0
20	60	0
99	22	0
86	72	0
64	31	0
26	49	0
99	62	0
92	9	0
42	93	0
66	66	0
79	89	0
65	0	0
42	88	0
58	3	0
83	77	0
65	87	0
94	68	0
6	24	0
49	38	0
39	19	0
85	37	0
46	47	0
90	66	0
12	94	0
53	94	0
99	22	0
74	90	0
45	0	0
20	61	0
81	54	0
81	64	0
55	68	0
95	51	0
11	87	0
17	41	0
64	8	0
84	65	0
14	68	0
63	7	0
15	80	0
53	91	0
35	73	0
95	62	0
47	31	0
36	31	0
83	73	0
98	89	0
86	21	0
5	97	0
94	13	0
49	0	0
76	75	0
45	9	0
10	90	0
83	9	0
48	72	0
75	96	0
49	69	0
0	30	0
70	87	0
24	47	0
13	60	0
84	35	0
12	38	0
36	82	0
44	97	0
59	15	0
38	92	0
58	94	0
6	3	1
10	19	0
99	13	0
95	30	0
40	55	0
78	38	0
21	26	0
83	52	0
28	39	0
41	14	0
38	7	0
73	33	0
14	90	0
68	10	0
59	84	0
46	8	0
54	27	0
89	48	0
35	67	0
78	51	0
12	57	0
74	88	0
4	74	0
32	95	0
93	48	0
58	8	0
45	70	0
28	59	0
60	1	0
64	49	0
9	60	0
36	2	0
32	51	0
43	35	0
83	92	0
56	44	0
20	98	0
81	3	0
63	63	0
77	83	0
98	8	0
61	70	0
48	75	0
33	7	0
55	95	0
93	73	0
79	58	0
35	95	0
66	31	0
39	21	0
18	41	0
81	10	0
9	68	0
90	69	0
94	27	0
86	37	0
33	53	0
58	18	0
83	78	0
12	14	0
36	13	0
78	57	0
42	37	0
71	81	0
77	96	0
49	16	0
44	30	0
56	51	0
10	43	0
24	58	0
15	54	0
76	77	0
42	55	0
42	92	0
81	50	0
74	70	0
46	88	0
26	36	0
93	63	0
3	26	0
46	45	0
22	13	0
32	77	0
37	80	0
90	34	0
36	27	0
78	20	0
45	79	0
57	30	0
55	42	0
80	80	0
31	59	0
55	78	0
36	89	0
40	50	0
40	13	0
60	5	0
33	73	0
26	80	0
74	80	0
92	66	0
21	88	0
32	36	0
91	65	0
32	52	0
30	92	0
57	83	0
41	53	0
29	8	0
16	35	0
73	94	0
85	95	0
64	81	0
69	30	0
6	59	0
58	7	0
78	24	0
69	26	0
71	28	0
22	62	0
0	66	0
46	50	0
77	30	0
35	64	0
90	28	0
40	97	0
25	65	0
35	18	0
83	71	0
36	55	0
32	11	0
13	95	0
61	10	0
98	86	0
71	90	0
98	7	0
0	80	0
17	67	0
95	39	0
53	72	0
45	42	0
55	55	0
53	71	0
55	62	0
13	73	0
31	58	0
66	10	0
1	64	0
63	84	0
86	44	0
39	94	0
81	58	0
61	22	0
47	68	0
15	80	0
35	96	0
50	39	0
66	36	0
29	34	0
90	59	0
80	44	0
75	63	0
2	69	0
47	19	0
12	84	0
61	61	0
61	41	0
58	46	0
54	23	0
2	56	0
89	30	0
50	6	0
74	71	0
52	77	0
75	33	0
98	42	0
95	4	0
5	64	0
94	71	0
27	99	0
90	69	0
45	95	0
63	30	0
52	5	0
17	87	0
67	31	0
38	63	0
42	83	0
48	5	0
22	94	0
83	93	0
78	83	0
72	37	0
87	78	0
18	93	0
47	53	0
53	4	0
66	28	0
25	13	0
38	3	0
59	9	0
53	52	0
80	46	0
38	46	0
36	51	0
36	70	0
69	89	0
77	77	0
59	71	0
80	3	0
82	45	0
78	8	0
27	48	0
31	17	0
83	36	0
70	35	0
80	71	0
11	37	0
44	71	0
59	26	0
29	89	0
22	96	0
22	82	0
98	63	0
40	27	0
37	1	0
26	58	0
88	69	0
63	22	0
79	91	0
11	1	0
68	91	0
10	68	0
41	85	0
37	26	0
2	50	0
82	5	0
18	39	0
77	3	0
53	16	0
86	9	0
35	43	0
19	45	0
74	26	0
86	57	0
7	24	0
27	36	0
8	60	0
37	95	0
9	87	0
43	89	0
63	73	0
50	41	0
65	22	0
39	93	0
46	66	0
91	92	0
28	27	0
18	52	0
25	39	0
54	74	0
80	85	0
30	24	0
88	15	0
32	7	0
57	5	0
64	18	0
28	43	0
75	68	0
77	11	0
13	40	0
42	10	0
48	45	0
38	38	0
26	59	0
87	81	0
83	50	0
12	52	0
52	35	0
92	11	0
58	9	0
58	26	0
60	34	0
26	23	0
2	73	0
66	80	0
22	79	0
27	90	0
21	94	0
53	17	0
46	38	0
91	48	0
81	49	0
9	80	0
86	75	0
66	75	0
75	31	0
67	96	0
79	2	0
84	57	0
71	63	0
40	16	0
48	47	0
33	47	0
83	83	0
67	15	0
93	2	0
23	40	0
40	88	0
67	70	0
86	16	0
3	57	0
91	31	0
44	98	0
81	25	0
62	47	0
43	53	0
52	33	0
22	39	0
44	48	0
69	81	0
84	36	0
41	23	0
75	76	0
20	62	0
10	97	0
91	81	0
30	33	0
1	84	0
60	37	0
91	14	0
78	45	0
7	67	0
69	39	0
49	34	0
49	46	0
8	98	0
75	21	0
53	7	0
91	51	0
50	31	0
19	76	0
21	6	0
66	55	0
58	92	0
0	62	0
50	62	0
40	74	0
53	26	0
22	96	0
8	43	0
25	42	0
63	17	0
82	28	0
96	18	0
81	88	0
19	59	0
29	20	0
39	25	0
77	12	0
70	59	0
71	90	0
20	44	0
60	94	0
93	68	0
38	85	0
74	11	0
65	51	0
81	28	0
71	12	0
44	21	0
41	24	0
94	7	0
86	27	0
2	77	0
83	10	0
92	98	0
5	95	0
95	61	0
48	53	0
20	19	0
97	98	0
64	47	0
8	99	0
69	28	0
71	39	0
70	61	0
80	66	0
26	75	0
83	70	0
39	94	0
89	74	0
15	34	1
38	93	0
95	80	0
30	33	0
36	30	0
54	74	0
56	94	0
39	63	0
64	94	0
66	49	0
29	57	0
27	66	0
81	23	0
11	88	0
89	41	0
24	88	0
50	70	0
39	91	0
88	37	0
43	46	0
22	39	0
47	21	0
80	60	0
70	16	0
90	98	0
65	96	0
39	55	0
60	4	0
31	39	0
44	90	0
37	20	0
43	57	0
75	69	0
27	22	0
93	96	0
48	13	0
27	14	0
62	29	0
21	76	0
34	16	0
8	61	0
87	90	0
59	89	0
60	43	0
74	6	0
39	69	0
46	49	0
97	56	0
87	0	0
1	68	0
77	1	0
71	75	0
77	31	0
40	11	0
37	65	0
85	80	0
36	61	0
43	79	0
81	31	0
18	58	0
74	22	0
43	67	0
66	91	0
32	92	0
82	13	0
90	25	0
68	17	0
35	78	0
23	88	0
11	89	0
66	41	0
77	65	0
69	81	0
17	40	0
76	42	0
68	58	0
78	77	0
53	66	0
16	59	0
18	68	0
48	23	0
43	19	0
3	35	0
44	61	0
37	45	0
81	31	0
75	33	0
76	1	0
71	45	0
55	71	0
22	55	0
51	24	0
97	75	0
58	91	0
83	66	0
21	52	0
49	78	0
67	40	0
42	53	0
79	26	0
17	52	0
38	24	0
78	53	0
92	97	0
55	56	0
9	60	0
47	7	0
58	59	0
26	86	0
40	32	0
87	89	0
97	71	0
18	85	0
66	60	0
3	70	0
78	54	0
36	60	0
49	59	0
35	75	0
59	70	0
6	59	0
84	77	0
70	54	0
96	52	0
21	62	0
61	87	0
55	26	0
97	26	0
43	34	0
97	22	0
15	87	0
37	32	0
39	71	0
89	52	0
29	49	0
82	64	0
5	98	0
18	83	0
96	83	0
46	29	0
4	75	0
79	91	0
48	66	0
89	70	0
20	92	0
94	35	0
26	0	0
32	82	0
38	75	0
37	14	0
28	35	0
12	18	0
89	69	0
93	14	0
59	10	0
73	28	0
98	46	0
33	11	0
22	49	0
99	41	0
10	53	0
59	84	0
5	57	0
24	79	0
68	57	0
54	93	0
77	50	0
66	85	0
32	36	0
67	62	0
40	58	0
79	56	0
17	74	0
52	33	0
31	77	0
83	37	0
60	28	0
89	70	0
95	97	0
88	78	0
45	66	0
10	21	1
58	39	0
56	76	0
34	26	0
27	12	0
32	69	0
11	32	0
60	0	0
60	83	0
70	78	0
88	6	0
15	51	0
61	90	0
11	96	0
56	6	0
61	45	0
64	20	0
38	21	0
27	36	0
41	25	0
77	1	0
40	91	0
62	36	0
35	88	0
92	14	0
34	46	0
46	66	0
80	22	0
84	75	0
61	71	0
33	64	0
43	90	0
79	77	0
83	47	0
18	73	0
81	83	0
77	98	0
25	36	0
17	48	0
97	48	0
25	84	0
98	86	0
62	95	0
42	3	0
67	62	0
90	68	0
71	86	0
77	50	0
89	73	0
78	37	0
17	54	0
3	61	0
66	85	0
71	36	0
54	61	0
53	6	0
35	22	0
86	75	0
8	58	0
33	49	0
58	35	0
42	20	0
54	30	0
19	85	0
27	32	1
5	63	0
15	78	0
74	49	0
14	28	1
71	18	0
93	32	0
81	5	0
59	82	0
0	49	0
54	27	0
54	45	0
51	85	0
91	11	0
26	37	0
62	65	0
47	85	0
17	97	0
36	64	0
31	85	0
36	26	0
78	72	0
43	41	0
42	82	0
58	35	0
12	46	0
62	58	0
64	24	0
27	80	0
83	44	0
30	35	0
37	48	0
24	12	0
0	59	0
76	62	0
84	70	0
38	53	0
86	56	0
83	69	0
73	27	0
63	15	0
80	78	0
76	22	0
2	59	0
81	80	0
34	25	0
70	35	0
23	63	0
12	88	0
33	96	0
28	60	0
99	27	0
17	48	0
58	92	0
7	85	0
94	69	0
57	60	0
85	35	0
17	6	0
47	25	0
61	2	0
6	82	0
55	51	0
87	69	0
76	36	0
13	7	0
14	45	0
69	14	0
17	85	0
82	0	0
47	74	0
38	30	0
86	94	0
12	18	0
25	96	0
97	57	0
29	10	0
91	84	0
52	56	0
68	59	0
49	25	0
93	31	0
89	78	0
4	60	0
2	77	0
16	47	0
12	85	0
4	93	0
81	21	0
39	48	0
10	94	0
48	12	0
74	5	0
36	63	0
70	54	0
50	22	0
35	67	0
33	31	0
86	23	0
3	41	0
85	65	0
89	11	0
62	49	0
24	24	0
49	4	0
12	93	0
53	63	0
44	60	0
36	13	0
4	95	0
2	95	0
63	57	0
90	34	0
32	22	0
25	72	0
96	85	0
49	29	0
57	76	0
67	91	0
6	76	0
72	27	0
51	57	0
22	33	0
95	68	0
50	69	0
97	14	0
82	9	0
84	24	0
68	96	0
45	63	0
41	67	0
77	12	0
37	11	0
69	99	0
72	72	0
19	55	0
68	38	0
65	93	0
82	18	0
90	55	0
24	75	0
46	56	0
23	27	0
92	26	0
32	53	0
80	9	0
90	97	0
72	61	0
57	78	0
74	35	0
75	78	0
6	98	0
41	8	0
9	91	0
7	60	0
60	71	0
73	90	0
73	7	0
88	99	0
84	12	0
83	85	0
62	6	0
86	36	0
78	41	0
54	37	0
15	86	0
63	97	0
65	80	0
18	49	0
11	36	0
25	95	0
10	67	0
45	6	0
38	51	0
19	60	0
42	31	0
2	43	0
97	54	0
47	27	0
15	54	0
26	83	0
73	78	0
2	2	1
98	65	0
14	68	0
60	49	0
29	61	0
79	43	0
56	38	0
7	17	1
5	44	0
21	56	0
81	56	0
70	51	0
84	56	0
2	64	0
68	60	0
1	81	0
0	23	0
91	66	0
17	60	0
40	3	0
34	30	0
8	91	0
22	84	0
76	42	0
64	68	0
71	53	0
75	80	0
41	69	0
52	30	0
4	71	0
48	64	0
38	45	0
62	58	0
82	18	0
