98	63	0
55	14	0
38	24	0
49	98	0
6	26	0
94	30	0
93	81	0
7	10	1
45	10	0
72	89	0
42	43	0
82	38	0
0	81	0
22	10	0
16	66	0
98	12	0
94	82	0
64	25	0
27	55	0
97	67	0
90	0	0
44	78	0
71	81	0
76	99	0
67	2	0
40	98	0
54	6	0
78	81	0
69	89	0
95	52	0
5	41	0
33	35	0
40	29	0
84	27	0
38	47	0
87	71	0
11	93	0
62	79	0
92	26	0
78	91	0
45	2	0
22	46	0
77	50	0
99	56	0
59	72	0
97	49	0
9	90	0
40	43	0
57	12	0
86	51	0
20	71	0
57	13	0
29	91	0
52	87	0
29	60	0
98	70	0
38	29	0
37	46	0
82	80	0
99	93	0
85	14	0
12	93	0
96	11	0
50	1	0
88	72	0
39	26	0
25	83	0
77	10	0
36	73	0
87	78	0
60	58	0
17	29	0
78	87	0
26	37	0
14	48	0
86	39	0
15	37	0
38	77	0
56	87	0
76	22	0
46	98	0
61	99	0
1	10	0
14	14	0
95	20	0
97	18	0
39	58	0
77	45	0
24	32	0
81	55	0
35	46	0
30	8	0
33	3	0
72	44	0
15	89	0
61	5	0
51	73	0
43	6	0
41	26	0
87	41	0
38	63	0
65	49	0
12	69	0
69	88	0
7	81	0
45	79	0
83	49	0
62	7	0
52	65	0
7	61	0
59	5	0
54	60	0
7	68	0
46	3	0
38	61	0
25	36	0
86	81	0
51	43	0
2	1	0
24	99	0
79	1	0
68	70	0
10	34	0
83	77	0
91	11	0
66	66	0
57	82	0
27	19	0
60	91	0
18	24	1
83	84	0
71	54	0
37	96	0
72	31	0
32	21	0
18	34	0
83	0	0
1	68	0
98	72	0
94	17	0
92	29	0
42	57	0
61	12	0
90	90	0
5	10	0
38	14	0
86	82	0
37	43	0
94	69	0
80	76	0
59	22	0
49	34	0
56	61	0
7	50	0
28	81	0
14	56	0
78	71	0
48	64	0
47	96	0
76	58	0
71	78	0
57	79	0
23	45	0
88	78	0
1	36	0
40	39	0
23	22	0
23	79	0
39	71	0
97	22	0
39	31	0
73	13	0
36	82	0
66	24	0
51	36	0
76	78	0
25	54	0
64	73	0
40	93	0
37	59	0
39	10	0
65	12	0
39	88	0
8	73	0
70	86	0
89	57	0
16	89	0
31	31	0
98	69	0
27	58	0
31	85	0
46	96	0
50	47	0
35	5	0
18	41	0
71	92	0
82	97	0
60	86	0
77	22	0
5	68	0
61	2	0
71	10	0
69	22	0
81	21	0
32	59	0
0	71	0
52	61	0
79	35	0
33	75	0
90	23	0
53	86	0
31	64	0
30	14	0
78	72	0
31	70	0
42	14	0
2	97	0
76	18	0
97	83	0
87	95	0
85	20	0
3	77	0
13	73	0
94	49	0
48	74	0
33	46	0
53	73	0
56	76	0
52	60	0
6	78	0
29	66	0
66	12	0
6	67	0
75	99	0
72	41	0
41	91	0
89	57	0
39	14	0
41	57	0
22	75	0
37	94	0
50	38	0
67	29	0
18	31	0
95	67	0
78	45	0
83	56	0
7	80	0
60	18	0
17	84	0
70	68	0
50	41	0
61	52	0
53	14	0
9	8	1
3	56	0
76	45	0
52	9	0
79	60	0
45	86	0
66	46	0
98	30	0
89	8	0
0	64	0
88	72	0
21	96	0
90	64	0
40	90	0
58	30	0
44	1	0
20	92	0
69	31	0
41	53	0
44	77	0
49	7	0
24	95	0
70	96	0
86	81	0
66	28	0
91	71	0
7	86	0
46	37	0
59	3	0
70	24	0
38	17	0
40	4	0
53	7	0
55	47	0
73	39	0
35	52	0
24	46	0
52	56	0
69	80	0
85	77	0
55	90	0
88	10	0
93	52	0
81	0	0
13	54	0
29	0	0
85	37	0
51	24	0
77	72	0
3	42	0
49	70	0
52	22	0
27	97	0
34	90	0
28	72	0
98	66	0
42	29	0
37	4	0
26	59	0
90	55	0
81	24	0
69	93	0
17	10	0
64	96	0
9	75	0
42	87	0
39	35	0
2	56	0
78	7	0
24	26	0
88	12	0
42	14	0
13	1	0
86	6	0
33	47	0
12	40	0
85	25	0
92	60	0
7	27	0
27	26	0
0	57	0
27	87	0
13	78	0
5	8	0
35	91	0
46	67	0
46	38	0
66	21	0
48	87	0
37	67	0
86	97	0
43	27	0
18	48	0
31	35	0
56	78	0
82	97	0
50	18	0
82	1	0
36	1	0
50	11	0
61	11	0
19	43	0
80	56	0
67	2	0
20	37	0
56	6	0
54	51	0
47	51	0
27	61	0
79	83	0
68	51	0
17	52	0
56	32	0
17	11	1
94	6	0
52	8	0
64	18	0
59	43	0
27	36	0
8	70	0
66	74	0
16	79	0
31	92	0
20	93	0
48	22	0
36	35	0
92	60	0
66	46	0
6	78	0
82	80	0
58	92	0
19	32	0
74	21	0
58	95	0
71	2	0
92	60	0
82	43	0
36	17	0
45	48	0
37	51	0
92	79	0
8	18	0
75	25	0
88	9	0
14	45	0
29	95	0
68	74	0
83	2	0
2	66	0
99	31	0
44	96	0
74	6	0
63	49	0
43	52	0
50	41	0
32	41	0
50	35	0
74	76	0
77	51	0
39	32	0
78	68	0
22	51	0
17	92	0
86	84	0
39	25	0
1	73	0
65	18	0
89	17	0
71	41	0
13	60	0
64	35	0
30	34	0
53	44	0
7	99	0
65	29	0
52	12	0
84	50	0
47	24	0
31	82	0
28	6	0
79	50	0
9	4	0
69	96	0
0	87	0
37	47	0
53	79	0
58	30	0
18	98	0
17	45	0
27	41	0
59	13	0
91	31	0
83	19	0
86	95	0
19	60	0
35	12	0
33	28	0
79	22	0
51	60	0
72	93	0
18	37	0
72	97	0
86	73	0
40	76	0
75	6	0
72	39	0
83	14	0
71	14	0
46	18	0
41	32	0
93	4	0
75	30	0
2	63	0
91	17	0
86	94	0
10	95	0
91	60	0
50	47	0
24	13	0
95	86	0
77	55	0
25	99	0
67	27	0
81	48	0
91	54	0
84	62	0
30	74	0
84	79	0
37	92	0
91	72	0
36	39	0
24	90	0
96	87	0
35	37	0
33	43	0
68	72	0
63	92	0
49	65	0
53	94	0
56	60	0
36	65	0
30	61	0
85	18	0
17	89	0
78	56	0
21	88	0
43	58	0
41	75	0
81	29	0
29	26	0
21	49	0
63	41	0
97	75	0
69	14	0
88	96	0
71	99	0
37	45	0
63	5	0
33	44	0
30	86	0
44	34	0
57	68	0
68	80	0
37	19	0
80	93	0
44	29	0
32	16	0
65	42	0
33	78	0
43	13	0
6	61	0
91	78	0
56	91	0
53	44	0
80	12	0
45	77	0
43	53	0
97	58	0
90	3	0
1	75	0
72	6	0
73	74	0
70	31	0
35	4	0
37	68	0
79	81	0
36	74	0
53	76	0
75	21	0
16	68	0
66	15	0
43	63	0
57	98	0
28	97	0
96	4	0
91	16	0
66	10	0
42	89	0
15	88	0
6	85	0
77	49	0
73	66	0
79	62	0
22	42	0
82	43	0
71	61	0
87	72	0
62	61	0
20	57	0
23	71	0
37	28	0
47	39	0
1	47	0
51	66	0
39	42	0
89	36	0
82	35	0
70	3	0
81	29	0
55	75	0
17	50	0
60	35	0
94	73	0
61	84	0
94	73	0
21	55	0
53	71	0
62	53	0
24	55	0
92	29	0
22	61	0
39	26	0
87	50	0
78	99	0
59	51	0
22	63	0
46	3	0
61	69	0
31	84	0
41	27	0
77	80	0
96	68	0
20	96	0
54	70	0
14	72	0
75	64	0
30	55	0
50	65	0
39	76	0
62	69	0
24	35	0
15	63	0
88	76	0
80	49	0
99	58	0
24	70	0
57	79	0
70	30	0
89	24	0
39	39	0
99	15	0
14	85	0
24	32	0
30	76	0
85	55	0
21	39	0
93	66	0
11	98	0
9	74	0
19	8	0
94	93	0
34	28	0
5	78	0
76	88	0
41	59	0
79	74	0
32	87	0
99	34	0
29	15	0
37	87	0
32	74	0
35	18	0
23	39	0
1	23	0
88	69	0
89	13	0
58	9	0
72	15	0
96	40	0
26	8	0
35	44	0
93	42	0
14	56	0
46	86	0
5	49	0
16	76	0
81	54	0
48	95	0
69	50	0
75	75	0
35	35	0
76	62	0
35	55	0
87	47	0
10	69	0
58	31	0
35	67	0
74	35	0
54	39	0
98	85	0
97	95	0
85	85	0
20	81	0
19	31	0
57	52	0
51	75	0
30	18	0
18	4	0
36	70	0
7	38	0
63	6	0
66	85	0
82	62	0
88	18	0
15	44	0
10	1	1
79	91	0
5	99	0
48	6	0
60	51	0
71	14	0
12	5	1
44	18	0
21	36	0
45	15	0
64	3	0
44	86	0
58	21	0
31	92	0
74	3	0
30	37	0
54	71	0
75	25	0
90	73	0
64	77	0
33	72	0
46	90	0
75	89	0
85	57	0
20	65	0
80	77	0
60	95	0
11	37	0
17	49	0
92	40	0
34	90	0
97	95	0
69	82	0
46	1	0
51	48	0
86	56	0
56	86	0
78	50	0
97	73	0
89	30	0
13	64	0
0	57	0
72	86	0
76	38	0
50	60	0
55	10	0
33	16	0
78	74	0
27	36	0
14	66	0
44	46	0
59	43	0
35	13	0
58	29	0
14	86	0
19	39	0
11	58	0
7	71	0
76	52	0
16	22	0
63	12	0
94	26	0
82	3	0
58	70	0
5	62	0
65	28	0
46	32	0
67	78	0
78	10	0
44	43	0
51	60	0
46	84	0
19	99	0
26	69	0
44	85	0
27	36	0
74	82	0
53	47	0
27	78	0
60	31	0
10	44	0
62	59	0
60	19	0
34	78	0
81	49	0
53	46	0
47	42	0
37	15	0
4	64	0
70	65	0
76	58	0
43	39	0
84	57	0
81	67	0
80	37	0
71	9	0
90	80	0
88	12	0
5	70	0
69	80	0
32	16	0
62	38	0
8	0	1
18	56	0
11	87	0
33	85	0
23	49	0
95	34	0
19	53	0
54	98	0
17	81	0
99	72	0
54	62	0
86	37	0
22	1	0
53	16	0
53	7	0
8	9	0
12	76	0
64	58	0
83	66	0
72	47	0
15	1	0
26	39	0
68	7	0
0	81	0
76	0	0
44	73	0
49	21	0
77	99	0
8	35	0
7	93	0
98	59	0
33	16	0
90	71	0
60	60	0
76	41	0
46	26	0
92	26	0
89	71	0
13	66	0
2	83	0
24	58	0
3	89	0
6	83	0
85	29	0
35	49	0
4	96	0
53	9	0
60	0	0
38	48	0
22	25	1
65	37	0
37	23	0
24	74	0
31	32	0
76	14	0
11	40	0
84	52	0
90	0	0
67	51	0
29	10	0
50	14	0
11	99	0
59	78	0
39	70	0
37	11	0
4	81	0
1	91	0
63	49	0
89	44	0
36	29	0
30	79	0
21	26	0
95	84	0
56	26	0
49	72	0
63	97	0
21	25	1
1	84	0
66	24	0
55	65	0
28	31	0
99	70	0
40	71	0
99	19	0
75	17	0
92	19	0
86	85	0
45	57	0
25	87	0
84	5	0
25	3	0
66	88	0
68	75	0
18	51	0
68	39	0
73	83	0
89	11	0
94	53	0
23	72	0
58	47	0
25	21	0
90	23	0
39	42	0
64	11	0
91	97	0
84	78	0
46	71	0
76	32	0
71	78	0
2	90	0
44	0	0
9	94	0
13	72	0
69	70	0
75	96	0
79	8	0
96	86	0
83	5	0
81	71	0
60	0	0
91	37	0
78	50	0
57	28	0
13	69	0
57	88	0
55	75	0
14	47	0
5	39	0
34	98	0
8	65	0
45	0	0
38	57	0
13	65	0
36	22	0
4	48	0
90	50	0
51	17	0
3	46	0
28	86	0
76	63	0
1	3	0
92	70	0
23	81	0
57	46	0
35	52	0
94	43	0
56	40	0
0	13	0
2	51	0
21	58	0
93	68	0
70	51	0
98	62	0
0	53	0
62	56	0
12	68	0
3	16	0
76	64	0
28	65	0
46	12	0
33	32	0
8	82	0
34	84	0
3	4	0
79	45	0
68	59	0
82	69	0
75	78	0
45	85	0
44	16	0
1	70	0
47	67	0
41	54	0
59	47	0
86	12	0
