89	69	0
42	20	0
38	24	0
46	95	0
11	4	0
92	32	0
96	85	0
40	13	0
64	80	0
45	20	0
99	43	0
1	78	0
17	9	0
17	61	0
99	19	0
80	77	0
60	32	0
20	51	0
96	69	0
94	8	0
43	98	0
65	67	0
82	88	0
56	3	0
41	83	0
56	8	0
83	78	0
60	89	0
89	73	0
6	23	0
51	29	0
38	16	0
86	31	0
39	54	0
87	63	0
11	93	0
47	98	0
95	23	0
80	88	0
43	0	0
22	59	0
92	58	0
90	68	0
52	68	0
93	52	0
9	81	0
22	40	0
70	0	0
92	62	0
16	72	0
61	0	0
7	77	0
53	90	0
34	76	0
98	66	0
47	36	0
29	30	0
89	75	0
95	92	0
94	16	0
10	93	0
97	17	0
40	3	0
72	75	0
46	12	0
8	90	0
83	8	0
44	78	0
74	97	0
52	68	0
6	30	0
68	91	0
24	42	0
18	63	0
90	36	0
13	38	0
30	85	0
48	99	0
61	19	0
30	94	0
58	97	0
3	24	0
98	14	0
94	26	0
39	54	0
79	38	0
21	28	0
81	50	0
24	33	1
41	11	0
40	7	0
67	37	0
10	93	0
64	11	0
56	91	0
40	12	0
48	28	0
89	43	0
34	68	0
75	46	0
9	61	0
79	84	0
0	71	0
28	95	0
94	51	0
60	8	0
46	69	0
29	57	0
62	0	0
65	51	0
2	60	0
37	2	0
25	48	0
42	35	0
75	94	0
57	44	0
21	98	0
86	4	0
55	70	0
81	88	0
98	4	0
68	71	0
47	78	0
33	10	0
57	95	0
90	76	0
79	59	0
31	96	0
65	34	0
31	21	0
15	42	0
77	11	0
12	66	0
92	64	0
98	31	0
88	37	0
36	54	0
59	17	0
84	74	0
15	19	0
31	6	0
81	61	0
36	34	0
67	80	0
72	93	0
48	21	0
43	30	0
57	44	0
14	44	0
28	57	0
17	57	0
80	79	0
43	52	0
44	97	0
82	47	0
80	71	0
55	84	0
25	33	0
93	65	0
9	24	0
47	42	0
20	12	0
29	83	0
37	78	0
91	31	0
39	35	0
70	20	0
39	81	0
60	26	0
51	42	0
84	78	0
27	61	0
57	76	0
33	86	0
43	49	0
37	11	0
57	11	0
28	73	0
28	85	0
74	81	0
90	64	0
29	86	0
25	32	1
92	68	0
26	45	0
29	86	0
53	76	0
41	54	0
27	11	0
15	33	0
71	95	0
85	91	0
61	79	0
67	32	0
1	60	0
57	6	0
77	25	0
67	23	0
68	30	0
13	64	0
1	58	0
52	51	0
74	28	0
40	62	0
86	34	0
32	99	0
29	67	0
37	20	0
77	75	0
38	56	0
33	6	0
14	90	0
63	7	0
95	90	0
70	90	0
93	3	0
6	78	0
21	63	0
91	35	0
56	72	0
47	40	0
54	61	0
49	71	0
56	62	0
14	72	0
29	59	0
71	8	0
0	63	0
63	83	0
89	44	0
45	91	0
77	58	0
65	26	0
44	74	0
14	84	0
35	97	0
52	40	0
75	36	0
24	32	1
91	63	0
78	40	0
73	65	0
1	57	0
50	14	0
11	86	0
61	61	0
59	44	0
61	38	0
53	24	0
6	57	0
84	24	0
52	7	0
69	70	0
50	76	0
72	36	0
98	37	0
97	2	0
4	58	0
97	71	0
25	96	0
94	70	0
43	96	0
57	35	0
58	10	0
19	90	0
73	29	0
38	67	0
44	80	0
47	9	0
23	97	0
80	87	0
74	85	0
72	39	0
91	77	0
19	96	0
45	58	0
60	1	0
68	30	0
32	12	0
39	3	0
56	9	0
56	55	0
75	43	0
42	48	0
36	52	0
38	72	0
71	86	0
78	69	0
60	79	0
80	4	0
82	43	0
72	6	0
21	45	0
29	21	0
79	40	0
64	36	0
72	70	0
10	39	0
39	70	0
61	21	0
32	84	0
22	89	0
26	81	0
99	70	0
41	25	0
34	3	0
23	58	0
88	69	0
63	14	0
79	91	0
10	3	0
61	99	0
2	69	0
38	90	0
43	31	0
0	59	0
78	15	0
23	34	0
73	3	0
49	15	0
89	10	0
36	45	0
27	50	0
78	25	0
85	61	0
8	25	0
23	33	1
5	61	0
38	96	0
3	89	0
47	85	0
54	74	0
50	43	0
68	22	0
37	86	0
46	69	0
88	90	0
26	27	0
19	52	0
23	40	0
60	70	0
70	86	0
31	25	0
79	22	0
35	4	0
55	4	0
63	17	0
34	48	0
81	69	0
90	12	0
19	39	0
47	14	0
52	46	0
38	36	0
30	57	0
87	77	0
79	51	0
13	52	0
53	32	0
96	14	0
63	7	0
55	30	0
57	37	0
31	30	0
2	69	0
66	84	0
29	77	0
25	89	0
22	99	0
52	10	0
46	34	0
98	46	0
83	49	0
1	76	0
87	71	0
69	76	0
79	31	0
68	85	0
81	2	0
88	60	0
75	55	0
40	18	0
53	49	0
31	47	0
83	80	0
68	20	0
95	5	0
29	42	0
38	89	0
74	72	0
83	18	0
10	63	0
98	28	0
43	94	0
79	23	0
65	52	0
37	55	0
59	40	0
23	40	0
36	47	0
64	87	0
82	35	0
32	19	0
72	66	0
22	66	0
7	97	0
96	85	0
31	37	0
3	86	0
60	39	0
90	15	0
84	46	0
4	68	0
62	36	0
44	32	0
45	42	0
10	99	0
75	20	0
52	5	0
90	47	0
47	40	0
26	76	0
15	5	0
60	61	0
61	91	0
0	53	0
44	70	0
42	82	0
54	28	0
20	97	0
9	46	0
20	45	0
64	15	0
85	29	0
93	17	0
76	90	0
21	58	0
32	27	0
43	27	0
79	7	0
69	59	0
74	91	0
17	42	0
61	89	0
96	69	0
40	77	0
73	4	0
67	50	0
72	22	0
72	12	0
42	20	0
43	16	0
98	6	0
85	33	0
1	76	0
83	9	0
89	99	0
16	94	0
95	66	0
48	55	0
17	27	0
96	97	0
63	50	0
5	95	0
70	29	0
66	38	0
69	60	0
78	64	0
26	76	0
82	69	0
36	88	0
92	79	0
36	93	0
99	78	0
27	33	0
36	30	0
56	66	0
59	95	0
47	63	0
69	96	0
67	52	0
32	59	0
33	64	0
82	17	0
9	83	0
91	43	0
21	89	0
54	73	0
42	83	0
83	39	0
39	51	0
22	34	0
45	25	0
83	49	0
67	16	0
93	95	0
61	92	0
39	54	0
53	0	0
37	39	0
51	89	0
32	19	0
49	57	0
76	75	0
35	21	0
94	98	0
45	18	0
22	5	0
56	25	0
21	79	0
37	13	0
16	61	0
91	94	0
61	90	0
58	52	0
69	8	0
42	70	0
51	52	0
96	53	0
90	2	0
0	67	0
75	4	0
61	71	0
71	30	0
47	11	0
32	63	0
86	76	0
37	67	0
41	77	0
85	32	0
18	52	0
74	26	0
40	66	0
69	84	0
32	95	0
79	11	0
92	24	0
63	15	0
30	81	0
16	98	0
18	84	0
64	41	0
73	70	0
67	82	0
14	45	0
78	42	0
69	68	0
78	73	0
56	66	0
15	70	0
17	64	0
46	28	0
41	20	0
3	36	0
45	60	0
32	46	0
88	28	0
82	36	0
76	4	0
74	46	0
53	67	0
19	60	0
52	27	0
96	87	0
55	89	0
79	60	0
25	52	0
45	80	0
68	44	0
35	50	0
77	26	0
19	48	0
38	23	0
84	51	0
90	95	0
54	50	0
10	61	0
46	6	0
59	61	0
28	92	0
37	31	0
85	89	0
99	73	0
21	86	0
65	53	0
3	72	0
83	56	0
39	56	0
50	59	0
36	79	0
60	72	0
5	54	0
84	75	0
66	58	0
89	47	0
21	61	0
61	88	0
54	29	0
96	25	0
49	32	0
96	14	0
13	90	0
32	35	0
39	66	0
88	56	0
32	54	0
82	62	0
11	96	0
22	83	0
99	90	0
49	26	0
8	73	0
82	96	0
47	70	0
86	66	0
21	88	0
91	30	0
25	3	0
33	79	0
36	77	0
33	15	0
19	42	0
8	19	0
87	70	0
96	13	0
62	8	0
78	29	0
94	33	0
33	9	0
25	53	0
99	38	0
8	54	0
56	98	0
7	57	0
25	83	0
64	49	0
57	92	0
76	56	0
70	89	0
35	35	0
74	67	0
38	61	0
80	58	0
15	71	0
53	30	0
28	81	0
83	40	0
67	31	0
84	73	0
94	97	0
88	76	0
48	68	0
67	38	0
55	70	0
35	22	0
26	9	0
34	72	0
9	35	0
60	0	0
58	85	0
73	81	0
81	4	0
14	46	0
55	79	0
20	95	0
59	6	0
59	40	0
56	23	0
37	25	0
19	32	0
50	18	0
78	1	0
40	94	0
63	31	0
33	94	0
91	15	0
26	51	0
46	66	0
71	29	0
83	82	0
62	70	0
35	65	0
46	89	0
77	73	0
86	48	0
17	73	0
79	80	0
86	97	0
27	32	1
12	53	0
96	46	0
28	80	0
99	89	0
58	95	0
40	8	0
69	64	0
86	64	0
67	85	0
77	55	0
95	72	0
77	37	0
17	52	0
2	64	0
69	83	0
72	42	0
50	58	0
48	3	0
34	15	0
91	79	0
9	57	0
27	54	0
57	34	0
39	14	0
52	31	0
16	85	0
24	37	1
0	61	0
10	82	0
77	54	0
79	19	0
88	35	0
81	2	0
51	83	0
7	52	0
54	27	0
58	49	0
48	86	0
89	12	0
22	34	1
64	56	0
47	85	0
20	93	0
37	62	0
35	86	0
35	26	0
79	77	0
49	37	0
44	80	0
59	38	0
11	40	0
64	63	0
66	23	0
21	84	0
86	41	0
30	34	0
31	48	0
28	16	0
0	64	0
82	67	0
77	63	0
41	52	0
88	61	0
83	73	0
74	38	0
66	16	0
79	80	0
76	22	0
4	59	0
79	82	0
22	24	0
68	32	0
17	63	0
2	88	0
32	93	0
37	55	0
99	30	0
8	47	0
59	92	0
6	89	0
91	63	0
58	54	0
86	29	0
18	3	0
47	29	0
65	2	0
8	78	0
45	56	0
91	67	0
76	37	0
11	6	0
15	41	0
69	17	0
13	76	0
80	2	0
49	71	0
39	26	0
86	94	0
13	22	0
29	98	0
99	57	0
31	9	0
87	93	0
51	57	0
68	57	0
44	35	0
97	27	0
90	90	0
7	64	0
7	74	0
12	50	0
17	81	0
11	98	0
78	25	0
35	49	0
8	92	0
47	16	0
70	11	0
41	61	0
63	57	0
47	24	0
30	69	0
30	31	0
89	18	0
1	44	0
81	65	0
88	9	0
56	47	0
28	18	0
50	2	0
16	93	0
53	66	0
40	61	0
36	12	0
8	93	0
3	92	0
68	55	0
92	36	0
31	24	0
25	70	0
88	93	0
51	32	0
63	74	0
65	89	0
8	81	0
74	31	0
49	54	0
18	38	0
94	74	0
55	63	0
99	16	0
78	14	0
88	26	0
63	95	0
44	59	0
41	57	0
70	14	0
39	6	0
63	92	0
65	66	0
16	53	0
70	38	0
56	92	0
82	25	0
90	54	0
30	73	0
50	58	0
24	27	0
93	30	0
30	55	0
81	8	0
96	96	0
71	61	0
58	80	0
71	37	0
71	83	0
9	97	0
40	7	0
8	88	0
15	62	0
57	70	0
69	87	0
70	8	0
95	98	0
90	9	0
90	88	0
63	11	0
80	32	0
78	45	0
51	40	0
18	86	0
62	97	0
64	74	0
23	49	0
7	29	0
20	93	0
14	63	0
43	6	0
41	50	0
19	68	0
36	34	0
7	39	0
98	56	0
43	26	0
15	56	0
29	80	0
73	74	0
96	64	0
9	65	0
65	46	0
25	63	0
77	44	0
52	42	0
3	45	0
22	54	0
81	52	0
67	56	0
89	53	0
2	68	0
60	54	0
4	87	0
2	21	0
89	69	0
13	61	0
34	6	0
37	25	0
13	99	0
16	84	0
83	41	0
66	68	0
73	57	0
72	83	0
39	62	0
56	39	0
7	68	0
42	65	0
33	42	0
63	60	0
82	21	0
