82	63	0
32	32	0
66	94	0
13	4	0
94	40	0
80	95	0
41	77	1
71	44	0
1	78	0
6	5	0
12	99	0
94	43	0
67	78	0
35	38	0
68	81	0
96	54	0
52	93	0
60	74	0
39	29	0
84	71	0
92	87	0
78	75	0
8	31	0
66	72	0
73	36	0
67	93	0
51	71	0
65	77	0
96	48	0
96	25	0
92	71	0
33	1	0
42	91	1
79	29	0
34	19	0
97	73	0
87	71	0
92	20	0
88	15	0
22	33	0
60	78	0
4	88	0
94	12	1
56	98	0
23	30	0
80	75	0
89	33	0
53	96	0
2	17	0
97	18	0
68	41	0
71	17	0
55	44	0
73	33	0
12	96	0
47	87	1
90	61	0
63	89	0
9	67	0
43	83	1
92	54	0
38	37	0
30	7	0
68	63	0
10	93	0
99	34	0
40	69	0
90	55	0
96	5	0
76	99	0
70	84	0
6	25	0
72	78	0
82	64	0
83	43	0
22	96	1
54	36	0
88	46	0
91	41	0
85	35	0
13	59	0
5	15	0
93	59	0
58	98	0
39	76	0
60	95	0
69	38	0
60	65	0
81	75	0
81	76	0
18	18	0
11	9	0
81	59	0
85	0	0
15	50	0
71	80	0
61	80	0
62	76	0
55	6	0
45	92	0
73	88	0
76	54	0
14	89	0
93	82	0
3	86	0
14	51	0
82	88	0
92	75	0
50	75	0
72	39	0
82	38	0
54	71	0
21	52	0
45	81	1
40	21	0
92	88	0
71	5	0
82	34	0
80	97	0
63	79	0
72	71	0
15	22	0
14	79	1
63	96	0
74	62	1
46	94	1
58	96	0
30	86	0
36	38	0
75	58	1
59	49	0
62	76	0
73	34	0
5	96	0
72	65	1
90	36	0
60	29	0
49	21	0
79	21	1
64	71	0
74	92	0
84	71	0
91	15	1
99	28	0
93	77	0
67	71	0
58	84	0
73	12	1
13	72	0
94	10	1
7	46	0
77	80	0
77	73	0
93	50	0
85	57	0
47	83	1
91	66	0
55	14	0
42	22	0
77	59	0
26	78	0
59	81	0
77	71	0
79	8	1
96	49	0
95	37	0
71	54	0
66	94	0
59	8	0
6	91	0
8	93	0
97	58	0
60	62	1
83	17	1
94	69	0
15	18	0
44	97	1
79	5	0
80	10	0
90	24	0
87	25	0
80	31	0
12	14	0
30	81	0
53	91	0
82	42	0
73	93	0
91	73	0
64	35	0
63	82	0
5	10	0
32	11	0
45	27	0
69	34	0
79	15	1
3	54	0
34	15	0
97	80	0
98	61	0
99	17	0
62	2	0
40	7	0
99	91	0
28	75	0
9	93	0
36	35	0
74	45	0
74	68	0
54	69	0
84	84	0
70	32	0
75	78	0
86	27	0
89	65	0
65	40	0
98	76	0
64	17	0
96	8	0
31	54	0
76	85	0
96	43	0
93	46	0
73	93	0
93	42	0
71	16	1
45	45	0
58	99	0
69	87	0
25	77	0
83	86	0
6	96	0
91	9	0
89	18	1
45	79	1
17	97	0
88	32	0
90	67	0
29	3	0
50	96	0
45	58	0
8	13	0
87	43	0
88	10	0
69	88	0
16	20	0
75	28	0
69	82	0
12	28	0
80	42	0
82	3	0
94	68	0
67	16	0
93	99	0
34	93	1
12	37	0
58	94	0
66	60	0
93	41	0
62	45	0
69	53	1
5	52	0
94	78	0
93	62	0
1	87	0
74	84	0
38	22	0
66	55	0
66	97	0
64	93	0
99	50	0
60	13	0
66	41	0
79	30	0
94	58	0
78	36	0
88	66	0
43	98	1
48	95	0
87	97	0
79	93	0
19	8	0
6	83	0
76	91	0
68	97	0
63	22	0
84	51	0
92	2	0
93	11	1
93	81	0
67	77	0
88	16	1
66	82	0
92	19	1
99	4	0
84	29	0
8	45	0
11	95	0
16	99	1
83	89	0
87	91	0
84	83	0
85	63	0
77	84	0
10	92	0
25	18	0
1	7	0
34	42	0
86	14	1
82	36	0
62	65	0
58	5	0
81	85	0
86	83	0
81	51	0
74	63	0
32	15	0
99	40	0
76	96	0
53	36	0
71	84	0
99	63	0
16	58	0
44	68	0
57	78	0
49	86	1
3	44	0
70	70	0
96	44	0
93	65	0
55	92	0
87	23	0
83	11	0
12	76	1
98	68	0
67	73	0
5	94	0
77	88	0
19	22	0
4	83	0
65	76	0
63	67	0
79	86	0
4	88	0
82	53	0
17	0	0
46	82	1
8	87	0
5	16	0
97	53	0
79	21	1
17	20	0
18	34	0
71	35	0
65	77	0
89	79	0
86	45	0
79	74	0
76	91	0
0	66	0
85	62	0
62	24	0
97	43	0
79	88	0
80	68	0
48	76	0
93	67	0
95	7	0
48	74	0
1	97	0
74	35	0
80	20	1
31	30	0
65	84	0
32	70	0
64	94	0
94	52	0
89	38	0
74	68	0
93	82	0
90	45	0
91	98	0
78	66	0
71	38	0
41	91	1
85	77	0
83	75	0
96	29	0
42	65	0
83	21	1
60	33	0
81	94	0
86	56	0
24	86	0
81	34	0
74	41	0
90	43	0
78	13	1
99	83	0
76	43	0
4	84	0
10	98	0
39	29	0
21	69	0
45	89	1
63	7	0
1	93	0
74	43	0
13	15	0
15	60	0
65	71	0
72	67	0
77	55	0
76	45	0
75	65	0
82	44	0
16	42	0
95	81	0
56	98	0
85	23	0
43	98	1
22	91	0
93	60	0
60	34	0
24	23	0
24	29	0
81	49	0
99	29	0
16	0	0
43	0	0
51	67	0
95	85	0
27	9	0
45	76	1
56	17	0
83	82	0
72	62	1
62	88	0
14	48	0
96	46	0
86	62	0
3	87	0
0	92	0
57	30	0
93	27	0
13	27	0
87	39	0
72	14	0
40	29	0
19	99	0
62	88	0
25	34	0
71	40	0
62	86	0
14	95	1
67	35	0
7	6	0
90	54	0
87	38	0
86	28	0
57	27	1
54	94	0
49	92	1
86	34	0
55	98	0
62	58	0
74	53	0
53	93	0
91	51	0
93	96	0
87	88	0
54	85	1
90	7	1
80	75	0
72	19	0
95	49	0
92	96	0
92	96	0
88	23	0
84	70	0
13	96	0
86	98	0
64	75	0
4	18	0
26	94	0
88	26	0
18	97	0
51	80	1
75	38	0
77	52	0
24	92	1
75	51	0
95	55	0
82	35	0
81	22	0
2	86	0
17	11	0
59	83	0
26	66	0
39	4	0
2	84	0
96	41	0
90	85	0
85	46	0
89	84	0
72	54	0
84	17	1
95	38	0
