86	65	0
47	12	0
36	31	0
54	95	0
9	10	0
94	38	0
97	90	0
36	6	0
63	80	0
43	16	0
90	43	0
5	77	0
19	8	0
22	61	0
96	22	0
80	78	0
57	30	0
19	47	0
91	65	0
95	11	0
49	90	0
61	76	0
80	84	0
54	3	0
41	79	0
56	9	0
85	74	0
62	86	0
86	72	0
2	28	0
57	23	0
35	16	0
85	32	0
36	52	0
89	63	0
3	92	0
38	98	0
95	27	0
74	92	0
51	0	0
25	66	0
94	56	0
93	71	0
53	66	0
96	52	0
5	80	0
20	41	1
66	0	0
91	63	0
18	71	0
63	1	0
8	77	0
52	97	0
39	76	0
99	69	0
47	32	0
23	26	0
93	75	0
96	99	0
99	14	0
15	95	0
95	18	0
39	3	0
75	77	0
42	12	0
7	94	0
79	6	0
44	83	0
72	95	0
53	66	0
6	30	0
67	95	0
27	35	1
13	54	0
89	30	0
17	39	0
26	86	0
52	99	0
62	28	0
30	97	0
62	97	0
4	23	0
99	9	0
90	21	0
36	59	0
76	40	0
22	35	1
78	54	0
22	36	1
49	10	0
37	6	0
67	38	0
15	98	0
59	11	0
52	89	0
40	4	0
45	31	0
86	40	0
37	62	0
75	43	0
12	60	0
81	81	0
1	73	0
28	93	0
96	55	0
62	8	0
43	70	0
33	57	0
60	2	0
70	52	0
3	53	0
29	0	0
21	43	0
40	32	0
66	91	0
58	50	0
19	94	0
85	6	0
53	77	0
80	83	0
99	2	0
63	82	0
48	71	0
30	9	0
59	97	0
96	75	0
70	63	0
23	97	0
64	35	0
34	19	0
16	45	0
75	10	0
8	64	0
95	65	0
97	24	0
83	33	0
35	53	0
55	19	0
83	74	0
21	14	0
32	11	0
79	66	0
41	33	0
67	70	0
70	87	0
50	34	0
43	28	0
57	39	0
14	43	0
28	53	0
20	58	0
77	85	0
43	54	0
31	98	0
79	45	0
78	68	0
54	83	0
31	35	1
94	70	0
12	30	0
53	46	0
17	12	0
26	83	0
35	76	0
88	32	0
42	40	0
74	11	0
41	82	0
55	27	0
47	48	0
78	77	0
27	65	0
50	74	0
35	86	0
36	46	0
43	10	0
55	10	0
30	72	0
26	81	0
80	77	0
94	68	0
28	92	0
30	34	1
95	68	0
29	51	0
24	86	0
57	76	0
41	54	0
28	10	0
15	34	1
70	96	0
87	83	0
59	65	0
75	34	0
4	55	0
56	5	0
78	35	0
63	29	0
67	30	0
17	65	0
0	56	0
54	51	0
77	23	0
38	64	0
93	32	0
33	95	0
24	64	0
39	20	0
78	79	0
34	56	0
32	9	0
19	90	0
53	11	0
97	87	0
66	90	0
94	5	0
6	79	0
23	63	0
90	31	0
55	81	0
47	39	0
57	60	0
49	70	0
47	66	0
22	76	0
30	57	0
68	0	0
0	61	0
58	83	0
92	44	0
42	89	0
84	60	0
66	29	0
43	69	0
23	85	0
38	91	0
55	39	0
74	36	0
24	36	1
84	57	0
75	41	0
66	69	0
7	50	0
51	15	0
10	85	0
67	61	0
61	36	0
66	35	0
54	23	0
6	59	0
89	14	0
44	11	0
64	68	0
49	76	0
74	33	0
97	38	0
93	1	0
3	59	0
98	73	0
23	98	0
93	69	0
35	92	0
56	32	0
59	14	0
19	92	0
67	30	0
42	66	0
36	73	0
46	6	0
29	99	0
79	90	0
67	94	0
76	45	0
88	73	0
22	96	0
45	60	0
66	2	0
68	37	0
31	15	0
36	2	0
55	13	0
53	58	0
78	39	0
36	48	0
37	48	0
36	73	0
71	86	0
81	67	0
58	80	0
87	1	0
80	42	0
65	1	0
21	48	0
27	34	1
72	47	0
63	51	0
66	66	0
13	36	0
42	69	0
60	28	0
24	87	0
29	90	0
26	73	0
94	61	0
46	17	0
37	0	0
29	54	0
84	65	0
58	12	0
75	91	0
11	2	0
51	96	0
0	73	0
36	92	0
41	35	0
0	60	0
85	23	0
24	32	1
74	5	0
49	12	0
89	11	0
32	51	0
18	50	0
77	23	0
86	59	0
10	20	0
23	34	1
6	63	0
34	97	0
1	87	0
45	99	0
55	72	0
53	37	0
65	15	0
43	84	0
43	67	0
83	93	0
28	24	0
11	56	0
30	48	0
63	60	0
70	84	0
32	24	0
80	25	0
38	2	0
49	3	0
58	23	0
30	46	0
76	74	0
87	8	0
20	43	0
52	21	0
52	50	0
40	34	0
35	51	0
80	75	0
76	53	0
15	50	0
58	31	0
97	10	0
60	4	0
53	25	0
52	35	0
35	26	0
1	74	0
59	80	0
27	71	0
21	95	0
29	96	0
58	14	0
38	32	0
97	43	0
88	55	0
0	76	0
82	71	0
71	74	0
76	25	0
77	82	0
81	6	0
80	61	0
74	54	0
37	21	0
61	54	0
25	51	0
88	78	0
71	21	0
98	13	0
29	47	0
38	91	0
71	74	0
82	15	0
13	68	0
93	27	0
40	94	0
80	19	0
73	42	0
41	52	0
54	39	0
28	41	0
32	49	0
58	87	0
80	32	0
36	18	0
70	72	0
26	67	0
12	94	0
91	91	0
33	37	0
7	84	0
61	33	0
85	19	0
82	44	0
8	63	0
61	35	0
47	27	0
42	42	0
8	99	0
79	23	0
52	6	0
90	43	0
49	47	0
21	75	0
15	2	0
59	60	0
54	89	0
8	52	0
43	66	0
39	78	0
54	34	0
14	94	0
5	46	0
20	43	0
59	16	0
91	28	0
90	14	0
78	86	0
20	59	0
28	29	0
42	26	0
83	2	0
66	62	0
75	95	0
18	43	0
63	93	0
94	67	0
35	84	0
70	6	0
65	54	0
68	20	0
78	9	0
45	31	0
45	11	0
99	0	0
81	36	0
9	79	0
82	11	0
91	98	0
25	93	0
97	65	0
44	59	0
10	26	0
89	93	0
59	42	0
4	97	0
67	35	0
71	42	0
72	55	0
81	66	0
28	74	0
83	69	0
33	87	0
97	81	0
36	93	0
99	75	0
32	30	1
41	30	0
59	66	0
65	99	0
47	67	0
70	96	0
68	49	0
32	65	0
38	67	0
80	8	0
8	83	0
94	51	0
22	87	0
49	73	0
46	83	0
89	40	0
36	54	0
22	37	1
47	25	0
82	54	0
64	16	0
90	89	0
56	95	0
43	49	0
54	4	0
38	42	0
51	84	0
35	23	0
47	62	0
70	73	0
41	21	0
98	93	0
49	21	0
17	4	0
55	25	0
22	81	0
40	3	0
19	56	0
91	92	0
60	86	0
58	55	0
64	8	0
39	68	0
49	49	0
98	54	0
86	2	0
2	71	0
74	0	0
56	75	0
64	29	0
45	11	0
33	67	0
84	80	0
36	74	0
39	80	0
80	29	0
24	46	0
64	29	0
41	67	0
63	86	0
32	97	0
87	3	0
99	21	0
68	13	0
24	78	0
20	96	0
20	80	0
70	39	0
82	71	0
74	83	0
15	44	0
79	43	0
65	73	0
79	73	0
56	70	0
20	75	0
16	63	0
47	22	0
38	16	0
1	31	0
41	54	0
30	43	0
86	26	0
79	36	0
68	3	0
80	44	0
52	64	0
20	68	0
52	24	0
92	85	0
50	94	0
76	63	0
27	56	0
38	83	0
73	47	0
28	48	0
79	27	0
21	48	0
36	21	0
89	53	0
89	91	0
54	57	0
8	61	0
48	8	0
60	59	0
29	84	0
38	33	0
81	88	0
93	70	0
19	78	0
73	48	0
6	67	0
82	58	0
29	59	0
55	61	0
35	79	0
54	68	0
5	52	0
78	68	0
66	57	0
85	49	0
22	71	0
60	82	0
54	19	0
93	23	0
49	33	0
99	11	0
13	85	0
38	38	0
32	62	0
83	61	0
24	59	0
81	73	0
16	91	0
17	85	0
93	90	0
43	23	0
7	68	0
77	94	0
43	63	0
84	60	0
22	93	0
92	30	0
29	5	0
35	81	0
29	73	0
32	14	0
13	41	0
6	24	0
81	67	0
96	15	0
56	12	0
78	29	0
89	32	0
33	12	0
35	54	0
96	36	0
7	56	0
51	93	0
10	55	0
29	81	0
70	51	0
52	98	0
77	58	0
71	84	0
37	35	0
73	63	0
42	55	0
81	63	0
12	68	0
55	31	0
31	77	0
86	39	0
74	28	0
81	68	0
94	99	0
86	81	0
52	69	0
65	41	0
49	70	0
43	22	0
33	12	0
34	78	0
1	36	0
61	6	0
58	86	0
81	86	0
86	6	0
15	40	0
55	82	0
14	96	0
58	3	0
59	48	0
57	21	0
40	21	0
15	34	1
50	17	0
82	6	0
41	93	0
65	26	0
30	96	0
96	14	0
29	47	0
43	64	0
68	30	0
79	88	0
68	74	0
39	66	0
54	91	0
74	67	0
85	43	0
13	69	0
80	85	0
81	98	0
28	31	1
16	59	0
93	46	0
28	76	0
95	91	0
55	97	0
42	11	0
76	67	0
88	60	0
58	85	0
74	59	0
91	70	0
73	37	0
17	55	0
2	66	0
64	75	0
74	36	0
53	55	0
48	3	0
37	17	0
97	72	0
10	51	0
27	51	0
58	29	0
39	13	0
57	28	0
20	93	0
4	59	0
20	81	0
72	50	0
82	21	0
91	29	0
88	4	0
58	86	0
9	51	0
52	27	0
60	52	0
49	81	0
90	15	0
25	37	1
61	54	0
43	89	0
19	88	0
39	63	0
26	87	0
37	22	0
77	79	0
45	35	0
46	81	0
55	39	0
10	41	0
59	61	0
61	14	0
24	82	0
89	43	0
21	39	0
26	52	0
22	15	0
1	66	0
79	67	0
75	62	0
41	51	0
80	51	0
85	67	0
71	34	0
67	18	0
83	70	0
82	23	0
7	55	0
75	88	0
26	31	0
63	31	0
10	61	0
0	88	0
35	92	0
35	57	0
95	28	0
7	48	0
59	89	0
6	89	0
88	58	0
52	47	0
86	27	0
14	10	0
44	33	0
73	3	0
17	85	0
53	47	0
98	59	0
85	42	0
9	3	0
14	45	0
60	13	0
8	65	0
84	4	0
50	74	0
37	28	0
90	89	0
12	17	0
29	93	0
96	54	0
30	13	0
89	99	0
48	60	0
65	58	0
43	36	0
94	28	0
91	90	0
5	61	0
10	72	0
11	49	0
23	81	0
16	98	0
70	27	0
36	53	0
11	88	0
46	17	0
70	14	0
37	57	0
64	55	0
49	19	0
32	70	0
35	26	0
85	24	0
6	37	0
76	62	0
92	10	0
55	46	0
33	19	0
47	5	0
12	92	0
50	70	0
41	63	0
34	12	0
16	94	0
9	89	0
69	44	0
96	34	0
37	29	0
30	61	0
89	92	0
46	32	0
61	71	0
66	89	0
8	84	0
75	37	0
51	56	0
13	42	0
93	77	0
51	62	0
92	11	0
77	11	0
86	21	0
67	91	0
49	67	0
45	52	0
66	16	0
45	7	0
60	95	0
67	65	0
19	54	0
76	37	0
50	95	0
86	35	0
89	61	0
34	72	0
48	55	0
21	35	1
85	29	0
38	52	0
82	5	0
94	91	0
71	62	0
56	82	0
74	36	0
67	84	0
16	88	0
39	4	0
10	91	0
12	60	0
56	68	0
78	82	0
64	14	0
99	97	0
93	11	0
95	88	0
62	11	0
80	29	0
74	54	0
52	42	0
15	81	0
59	97	0
66	81	0
32	48	0
8	34	0
17	89	0
13	61	0
45	6	0
38	49	0
18	67	0
40	43	0
2	40	0
99	55	0
45	21	0
15	63	0
30	87	0
66	81	0
90	56	0
7	69	0
61	47	0
22	60	0
74	45	0
56	36	0
3	51	0
25	45	0
86	56	0
67	56	0
87	50	0
4	67	0
64	52	0
4	83	0
5	12	0
88	69	0
11	63	0
29	3	0
41	21	0
14	96	0
19	83	0
89	37	0
63	68	0
78	62	0
77	82	0
42	66	0
58	42	0
7	73	0
44	68	0
36	50	0
66	56	0
76	17	0
