94	67	0
22	18	0
62	98	0
14	5	0
93	47	0
95	98	0
42	78	0
64	50	0
0	91	0
0	10	0
13	87	0
95	51	0
68	84	0
28	33	0
91	88	0
94	39	0
44	91	0
46	82	0
71	74	0
46	10	0
82	73	0
93	88	0
76	92	0
9	21	0
84	18	0
66	69	0
12	70	1
35	93	0
83	18	0
67	89	0
48	65	0
77	76	0
97	51	0
97	27	0
21	78	0
92	72	0
14	66	0
44	1	0
7	75	0
33	87	0
86	47	0
34	17	0
97	91	0
88	92	0
97	16	0
30	79	1
99	12	0
23	25	0
73	88	0
2	85	0
91	2	0
66	92	0
4	22	0
73	79	0
88	31	0
25	84	0
60	95	0
83	22	0
30	87	0
37	86	0
22	10	0
98	9	0
80	32	0
49	79	0
86	23	0
63	40	0
75	33	0
6	99	0
48	87	0
73	11	1
97	64	0
71	92	0
2	69	0
40	90	0
99	53	0
81	24	0
58	10	1
56	33	0
34	8	0
70	60	0
3	91	0
91	28	0
44	66	0
82	53	0
83	1	0
67	92	0
62	88	0
6	29	0
64	81	0
83	69	0
74	47	0
16	99	0
69	42	0
89	63	0
92	27	0
96	37	0
14	54	0
3	20	0
91	62	0
56	82	0
55	59	0
53	74	0
57	99	0
73	38	0
65	77	0
66	79	0
92	60	0
26	17	0
16	14	0
19	81	1
77	52	0
96	2	0
24	97	0
23	46	0
63	73	0
57	79	0
52	75	0
51	4	0
50	88	0
74	86	0
82	56	0
21	90	0
86	80	0
5	73	0
51	61	1
16	47	0
78	77	0
95	67	0
43	70	0
69	41	0
92	30	0
31	93	0
56	76	0
24	44	0
44	77	0
37	24	0
89	89	0
31	98	0
91	3	0
80	40	0
63	94	0
73	82	0
65	72	0
25	38	0
24	60	0
65	5	1
62	95	0
82	67	0
44	92	0
61	82	0
75	18	0
60	67	1
28	73	1
47	94	0
25	22	0
78	61	0
62	44	0
74	61	0
80	38	0
12	97	0
63	57	0
87	37	0
61	32	0
58	13	0
98	30	0
64	80	0
79	98	0
77	67	0
99	21	0
97	30	0
88	77	0
32	95	0
70	86	0
49	97	0
80	35	0
11	98	0
89	21	0
23	44	0
24	92	0
24	98	0
86	78	0
72	79	0
90	53	0
89	60	0
22	82	1
46	89	0
72	0	1
82	59	0
49	6	0
40	30	0
89	42	0
28	66	1
26	73	0
69	88	0
79	61	0
51	61	1
79	1	0
88	42	0
93	46	0
76	61	0
69	82	0
55	69	1
64	15	0
6	86	0
3	91	0
84	65	0
82	65	0
91	4	0
98	84	0
18	5	0
28	92	0
59	99	0
48	34	1
89	15	0
95	10	0
98	28	0
76	30	0
65	50	0
2	2	0
22	96	0
10	74	1
47	81	0
50	71	0
89	45	0
58	88	0
96	85	0
69	37	0
84	82	0
78	18	0
15	6	0
36	7	0
37	27	0
97	42	0
87	13	0
10	51	0
17	22	0
86	82	0
97	69	0
72	21	0
99	16	0
64	1	0
81	16	0
37	12	0
19	70	1
95	91	0
31	84	0
8	95	0
35	42	0
72	45	0
66	57	0
67	74	0
84	78	0
73	25	0
68	81	0
97	40	0
80	54	0
68	48	0
97	67	0
65	18	0
93	17	0
27	51	0
68	97	0
50	69	1
91	28	0
15	83	0
95	41	0
73	94	0
94	34	0
61	19	0
54	47	0
58	91	0
75	87	0
26	92	0
95	78	0
2	87	0
92	2	0
90	11	0
51	74	0
61	52	1
7	93	0
72	39	0
94	61	0
33	83	1
26	13	0
50	94	0
30	81	0
53	75	0
0	75	1
3	30	0
84	32	0
99	11	0
77	94	0
23	22	0
66	6	1
66	32	0
66	88	0
0	13	0
46	84	0
83	47	0
28	86	0
80	9	0
82	15	0
89	57	0
15	81	0
63	17	0
88	95	0
34	96	0
70	61	0
8	40	0
58	88	0
60	44	0
14	73	1
55	25	1
93	46	0
76	53	0
71	58	0
6	38	0
97	62	0
23	98	0
90	54	0
13	94	0
85	83	0
34	18	0
77	62	0
58	89	0
57	94	0
81	51	0
76	12	0
2	78	0
71	42	0
22	99	0
81	28	0
89	47	0
73	22	0
81	71	0
47	96	0
53	93	0
29	97	0
95	79	0
74	82	0
21	2	0
10	79	0
83	92	0
68	85	0
69	52	0
66	27	0
36	76	1
82	58	0
97	3	0
13	74	1
90	4	0
55	64	1
88	86	0
61	86	0
75	26	0
89	11	0
73	91	0
24	99	0
92	16	0
97	1	0
68	22	0
7	53	0
15	91	0
12	87	0
80	85	0
88	97	0
55	49	1
73	93	0
84	63	0
70	64	0
10	96	0
16	74	0
35	25	0
2	17	0
40	40	0
94	28	0
83	38	0
72	55	0
49	16	0
86	81	0
64	85	0
87	51	0
33	84	0
80	60	0
20	9	0
98	39	0
61	97	0
33	43	0
28	95	0
73	92	0
92	73	0
31	88	0
13	77	0
44	63	0
59	67	1
65	77	0
55	93	0
12	48	0
72	66	0
81	47	0
90	71	0
42	75	0
65	79	0
88	13	0
56	51	1
85	9	0
9	83	0
48	96	0
84	75	0
69	72	0
9	89	0
13	77	0
81	97	0
32	24	0
10	82	0
64	89	0
58	74	0
84	83	0
14	95	0
75	49	0
16	6	0
42	99	0
5	96	0
0	18	0
80	61	0
83	16	0
79	31	0
76	17	0
14	18	0
15	51	0
74	29	0
0	72	1
65	70	0
29	91	0
59	59	0
86	90	0
83	40	0
72	82	0
65	54	0
75	80	0
9	68	0
34	79	1
72	61	0
57	42	0
96	38	0
99	93	0
79	81	0
69	53	0
65	52	0
58	79	0
99	80	0
97	2	0
57	79	0
4	98	0
57	32	0
66	22	0
71	19	0
25	70	0
76	24	0
80	24	0
29	27	0
58	99	0
72	63	0
42	90	0
70	99	0
79	57	0
83	32	0
89	65	0
87	96	0
93	43	0
87	87	0
43	87	0
70	75	0
81	46	0
42	88	0
81	80	0
74	62	0
94	23	0
2	73	1
54	78	0
81	22	0
64	37	0
83	85	0
74	56	0
15	89	0
21	89	0
80	37	0
83	29	0
97	49	0
96	8	0
78	86	0
87	17	0
78	36	0
21	74	1
10	95	0
20	72	0
8	88	0
54	49	1
44	25	0
42	66	0
57	82	0
66	3	0
17	85	0
82	52	0
24	18	0
24	65	0
80	66	0
66	60	0
86	60	0
83	54	0
68	64	0
80	49	0
5	34	0
95	88	0
66	51	0
46	88	0
8	71	0
31	80	1
90	23	0
55	89	0
20	90	0
98	43	0
67	24	0
15	18	0
23	32	0
68	3	1
15	65	0
76	56	0
94	37	0
21	5	0
61	6	0
42	86	0
90	81	0
16	1	0
51	78	0
71	30	0
98	65	0
62	63	0
66	91	0
5	41	0
97	42	0
91	65	0
10	79	0
26	81	1
20	96	0
73	9	1
4	98	0
64	40	0
88	16	0
10	14	0
85	30	0
87	18	0
39	31	0
18	96	0
55	86	0
15	78	0
26	22	0
20	74	1
24	89	0
64	59	0
89	46	0
68	91	0
54	71	1
21	99	0
78	41	0
10	0	0
82	58	0
48	56	0
92	32	0
73	26	0
75	31	0
54	97	0
49	37	1
66	8	1
37	99	0
87	38	0
67	95	0
75	55	0
85	44	0
56	90	0
35	76	1
91	37	0
97	99	0
79	84	0
58	81	0
91	17	0
71	74	0
24	76	1
66	23	0
31	97	0
94	54	0
98	89	0
79	6	0
96	99	0
79	24	0
90	67	0
10	93	0
75	97	0
62	77	0
1	14	0
14	98	0
7	72	0
87	29	0
29	97	0
61	90	0
84	43	0
16	73	1
78	43	0
27	98	0
81	47	0
89	54	0
76	47	0
80	27	0
1	84	0
9	5	0
66	73	0
18	63	0
25	3	0
2	85	0
30	77	1
97	53	0
79	86	0
94	57	0
91	79	0
77	48	0
1	83	0
79	28	0
89	33	0
