96	65	0
51	9	0
37	19	0
39	95	0
3	35	0
90	28	0
88	78	0
10	5	0
47	10	0
72	93	0
42	40	0
79	40	0
1	85	0
21	3	0
13	67	0
98	7	0
93	88	0
64	28	0
29	57	0
98	63	0
91	0	0
42	72	0
76	84	0
77	93	0
68	3	0
27	95	0
57	9	0
77	76	0
73	94	0
98	59	0
0	41	0
28	32	0
41	29	0
81	18	0
41	47	0
92	78	0
12	94	0
68	79	0
91	26	0
81	94	0
46	9	0
25	53	0
71	55	0
98	53	0
59	75	0
96	49	0
18	98	0
37	45	0
55	14	0
85	45	0
17	65	0
59	12	0
34	90	0
54	86	0
26	65	0
95	70	0
49	24	0
36	47	0
87	74	0
95	97	0
90	12	0
16	98	0
92	13	0
51	8	0
91	71	0
40	34	0
21	85	0
84	9	0
31	80	0
82	73	0
65	52	0
20	30	0
87	80	0
29	38	0
12	49	0
89	36	0
18	27	1
16	36	0
39	83	0
61	93	0
69	27	0
47	97	0
62	96	0
1	10	0
13	19	0
93	19	0
95	19	0
36	57	0
80	43	0
22	31	0
75	51	0
39	58	0
34	13	0
37	2	0
70	47	0
22	85	0
55	5	0
48	74	0
44	1	0
37	27	0
91	44	0
50	62	0
65	48	0
18	78	0
65	84	0
9	80	0
46	77	0
86	49	0
67	13	0
53	73	0
8	52	0
58	7	0
50	64	0
13	70	0
45	1	0
29	58	0
19	33	0
85	84	0
40	38	0
3	3	0
24	96	0
82	2	0
68	65	0
15	30	0
80	78	0
95	15	0
61	70	0
57	88	0
31	19	0
62	92	0
22	16	1
71	88	0
63	55	0
36	94	0
75	31	0
40	23	0
20	35	0
80	0	0
13	10	1
6	73	0
93	70	0
90	13	0
87	35	0
41	54	0
63	5	0
87	95	0
5	5	0
38	14	0
14	12	1
80	79	0
35	38	0
94	67	0
83	80	0
52	26	0
50	38	0
67	59	0
5	47	0
26	81	0
12	57	0
83	76	0
55	69	0
44	96	0
83	49	0
69	76	0
53	85	0
27	45	0
89	81	0
3	37	0
35	37	0
26	21	0
17	71	0
33	71	0
99	23	0
43	35	0
76	8	0
36	81	0
71	22	0
58	29	0
77	80	0
24	52	0
61	69	0
33	99	0
37	66	0
42	6	0
67	16	0
31	90	0
17	81	0
71	83	0
91	59	0
18	90	0
30	37	0
89	71	0
24	58	0
41	80	0
35	94	0
54	43	0
32	6	0
21	37	0
81	93	0
88	96	0
60	93	0
79	15	0
3	62	0
66	0	0
62	16	0
65	21	0
86	20	0
28	62	0
7	74	0
59	64	0
72	35	0
28	76	0
89	17	0
56	87	0
32	66	0
30	18	0
83	72	0
32	69	0
41	10	0
4	88	0
82	20	0
99	77	0
85	91	0
85	21	0
3	81	0
18	76	0
94	50	0
51	71	0
37	47	0
44	76	0
58	73	0
56	55	0
6	82	0
35	70	0
62	15	0
4	63	0
67	98	0
65	41	0
35	94	0
87	58	0
40	14	0
41	59	0
11	75	0
39	93	0
58	32	0
69	27	0
9	33	0
89	66	0
70	46	0
82	54	0
8	86	0
58	9	0
13	84	0
64	64	0
57	45	0
70	57	0
58	5	0
17	7	1
5	56	0
77	45	0
47	9	0
71	56	0
50	82	0
62	53	0
91	31	0
91	15	0
7	59	0
89	67	0
25	92	0
91	53	0
34	90	0
55	37	0
48	0	0
15	92	0
71	33	0
46	58	0
43	75	0
48	2	0
21	94	0
75	84	0
83	88	0
59	28	0
93	73	0
9	91	0
38	40	0
61	1	0
62	20	0
36	23	0
46	2	0
55	10	0
55	48	0
73	35	0
36	49	0
23	47	0
52	51	0
69	79	0
89	75	0
56	87	0
77	10	0
99	53	0
79	0	0
11	58	0
26	10	0
91	33	0
44	24	0
75	78	0
5	44	0
52	72	0
57	26	0
25	98	0
34	90	0
30	71	0
91	54	0
40	24	0
40	0	0
25	53	0
89	51	0
75	18	0
75	99	0
15	7	0
65	89	0
12	79	0
45	84	0
34	30	0
3	53	0
82	7	0
22	35	0
81	13	0
40	10	0
15	1	0
81	4	0
31	51	0
12	41	0
87	29	0
94	60	0
7	24	0
27	36	0
4	62	0
32	84	0
16	76	0
5	6	0
38	94	0
45	66	0
38	28	0
61	31	0
45	82	0
39	66	0
91	92	0
37	28	0
16	50	0
31	40	0
55	75	0
78	95	0
52	7	0
72	1	0
34	7	0
45	8	0
62	7	0
23	49	0
77	61	0
66	4	0
26	44	0
63	8	0
50	55	0
47	50	0
28	62	0
77	83	0
63	53	0
15	66	0
58	35	0
23	17	0
94	5	0
48	5	0
68	17	0
54	37	0
21	39	0
14	71	0
70	72	0
12	76	0
31	95	0
26	91	0
50	21	0
31	34	0
86	64	0
60	49	0
5	77	0
76	79	0
61	88	0
25	32	0
69	23	0
67	93	0
71	2	0
97	62	0
76	40	0
35	19	0
39	46	0
36	49	0
87	79	0
13	28	0
76	29	0
86	7	0
13	57	0
31	92	0
69	79	0
85	6	0
4	72	0
94	32	0
49	89	0
3	9	1
73	7	0
65	53	0
42	57	0
57	48	0
29	39	0
51	39	0
74	74	0
72	53	0
42	33	0
72	66	0
22	50	0
26	91	0
85	86	0
42	19	0
0	72	0
69	18	0
85	18	0
71	45	0
15	60	0
61	24	0
30	32	0
54	39	0
6	98	0
62	38	0
57	19	0
92	52	0
45	24	0
34	72	0
33	8	0
82	43	0
9	2	0
62	96	0
2	87	0
37	41	0
54	83	0
57	28	0
19	96	0
19	44	0
21	39	0
61	18	0
97	33	0
84	20	0
85	98	0
25	61	0
18	16	1
34	14	0
34	27	0
85	21	0
53	64	0
78	85	0
25	30	0
65	99	0
84	69	0
39	77	0
78	10	0
69	38	0
84	20	0
70	23	0
42	20	0
37	32	0
98	2	0
66	30	0
2	68	0
91	16	0
91	95	0
8	94	0
86	64	0
42	49	0
24	1	0
92	88	0
79	56	0
26	99	0
66	22	0
77	43	0
92	58	0
84	69	0
28	78	0
78	84	0
32	92	0
87	73	0
39	38	0
27	89	0
99	88	0
34	31	0
28	47	0
63	69	0
63	91	0
51	69	0
44	90	0
65	63	0
35	61	0
33	64	0
81	23	0
13	93	0
89	51	0
18	83	0
41	50	0
47	78	0
78	28	0
26	34	0
16	44	0
63	43	0
91	71	0
63	19	0
84	96	0
67	99	0
35	44	0
58	9	0
29	44	0
21	84	0
36	32	0
55	71	0
68	82	0
35	23	0
76	88	0
48	33	0
36	17	0
63	39	0
22	76	0
42	13	0
4	59	0
92	81	0
67	96	0
52	44	0
79	13	0
38	70	0
41	53	0
97	52	0
96	1	0
0	73	0
69	4	0
84	74	0
71	24	0
32	3	0
36	69	0
77	80	0
37	78	0
50	79	0
78	19	0
12	69	0
58	8	0
46	67	0
64	99	0
31	91	0
89	6	0
92	21	0
62	11	0
34	84	0
14	95	0
5	90	0
79	51	0
72	56	0
78	64	0
13	43	0
87	47	0
66	59	0
83	76	0
68	66	0
22	50	0
17	69	0
37	26	0
48	42	0
4	50	0
56	68	0
43	38	0
93	40	0
75	34	0
76	2	0
74	30	0
52	83	0
23	18	1
16	45	0
63	43	0
94	78	0
72	80	0
94	76	0
25	49	0
51	64	0
61	52	0
31	59	0
84	39	0
20	62	0
45	21	0
93	56	0
73	95	0
53	51	0
23	62	0
40	1	0
68	68	0
30	81	0
44	25	0
75	79	0
88	74	0
21	91	0
51	61	0
13	72	0
72	66	0
37	55	0
51	62	0
39	78	0
63	65	0
28	33	0
15	64	0
89	80	0
77	56	0
99	62	0
33	78	0
58	74	0
67	33	0
20	20	1
83	26	0
37	30	0
99	3	0
16	90	0
32	34	0
29	81	0
90	60	0
19	39	0
98	62	0
14	94	0
13	71	0
30	2	0
98	93	0
30	27	0
1	81	0
74	94	0
36	63	0
78	71	0
30	85	0
98	28	0
33	17	0
37	83	0
28	76	0
33	14	0
23	37	0
11	27	0
89	70	0
92	14	0
54	7	0
66	8	0
89	41	0
32	8	0
39	38	0
97	42	0
12	59	0
46	89	0
0	46	0
21	83	0
76	60	0
46	96	0
68	46	0
72	80	0
35	33	0
78	67	0
35	69	0
87	45	0
6	74	0
58	36	0
37	67	0
73	34	0
54	40	0
98	83	0
93	96	0
84	87	0
20	85	0
20	34	0
57	52	0
48	70	0
37	25	0
21	10	0
38	68	0
9	42	0
62	6	0
67	85	0
89	60	0
95	16	0
9	45	0
9	1	0
77	90	0
4	93	0
53	11	0
54	49	0
72	10	0
17	3	0
47	15	0
20	34	0
45	17	0
60	0	0
38	82	0
55	21	0
27	93	0
72	4	0
27	38	0
51	66	0
67	17	0
89	68	0
66	76	0
41	66	0
51	98	0
80	91	0
6	16	1
87	59	0
17	68	0
82	71	0
59	92	0
17	35	0
18	61	0
95	49	0
32	85	0
94	94	0
65	84	0
47	6	0
47	54	0
80	58	0
56	89	0
73	50	0
95	71	0
81	27	0
15	65	0
6	57	0
70	89	0
76	42	0
56	61	0
57	12	0
33	25	0
71	71	0
24	38	0
11	60	0
37	46	0
55	42	0
30	14	0
60	29	0
8	87	0
23	36	0
12	57	0
8	72	0
74	50	0
29	28	0
59	12	0
92	23	0
80	1	0
52	72	0
4	63	0
64	27	0
48	39	0
22	19	1
70	74	0
78	18	0
47	40	0
50	67	0
47	83	0
18	96	0
32	64	0
41	89	0
28	40	0
76	84	0
44	39	0
27	76	0
8	20	1
56	22	0
6	40	0
58	57	0
64	17	0
28	73	0
81	50	0
54	42	0
51	45	0
40	16	0
1	73	0
69	59	0
74	53	0
45	37	0
80	57	0
85	72	0
77	40	0
65	10	0
84	76	0
91	15	0
7	76	0
65	84	0
30	16	0
56	35	0
10	2	0
15	56	0
8	87	0
32	91	0
20	49	0
93	35	0
16	47	0
57	99	0
12	84	0
95	64	0
54	64	0
89	36	0
18	1	0
58	16	0
46	6	0
6	1	0
13	79	0
58	63	0
83	66	0
74	49	0
15	1	0
29	34	0
66	11	0
3	81	0
73	3	0
44	73	0
55	24	0
74	99	0
12	38	0
2	94	0
95	63	0
36	22	0
87	69	0
60	58	0
74	43	0
42	29	0
94	32	0
86	69	0
17	64	0
0	89	0
25	50	0
3	86	0
7	97	0
89	32	0
35	50	0
3	98	0
54	13	0
60	1	0
41	47	0
25	21	0
65	43	0
38	19	0
25	80	0
32	32	0
73	13	0
1	42	0
87	48	0
87	7	0
66	52	0
33	10	0
46	21	0
11	95	0
60	80	0
37	67	0
13	5	1
36	17	0
2	81	0
2	83	0
68	56	0
88	45	0
44	32	0
30	74	0
25	28	0
96	90	0
63	31	0
46	74	0
65	98	0
22	19	1
6	87	0
64	20	0
57	67	0
31	37	0
98	68	0
35	72	0
98	17	0
78	17	0
99	19	0
88	88	0
43	56	0
26	89	0
86	7	0
32	0	0
66	83	0
65	72	0
20	46	0
67	41	0
66	82	0
85	15	0
93	55	0
20	66	0
52	54	0
25	24	0
89	26	0
47	43	0
70	10	0
91	96	0
85	77	0
50	66	0
71	30	0
61	71	0
5	88	0
38	1	0
8	98	0
15	75	0
63	66	0
78	95	0
89	10	0
97	92	0
79	4	0
18	11	1
84	75	0
68	2	0
97	35	0
73	52	0
54	38	0
17	70	0
60	90	0
55	75	0
11	40	0
7	41	0
41	90	0
6	75	0
43	2	0
40	54	0
14	60	0
42	28	0
4	42	0
96	45	0
56	23	0
2	47	0
25	88	0
72	60	0
1	6	0
93	73	0
26	81	0
58	46	0
34	58	0
94	51	0
61	42	0
1	13	0
14	16	1
2	49	0
23	61	0
86	71	0
66	47	0
99	65	0
1	53	0
62	59	0
14	68	0
0	14	0
72	74	0
30	63	0
43	8	0
26	28	0
8	78	0
35	87	0
6	3	0
74	46	0
67	61	0
81	66	0
75	75	0
43	87	0
36	17	0
5	70	0
13	12	1
48	67	0
36	47	0
55	49	0
82	14	0
