91	67	0
30	15	0
61	98	0
9	3	0
97	49	0
98	94	0
42	72	0
62	46	0
0	89	0
2	10	0
11	92	0
91	48	0
61	82	0
31	31	0
94	84	0
93	35	0
44	97	0
39	72	0
71	74	0
50	8	0
30	80	1
84	70	0
93	80	0
81	98	0
7	26	0
41	33	1
82	21	0
76	67	0
8	66	0
33	90	0
85	17	0
69	86	0
50	73	0
81	75	0
96	50	0
61	59	1
97	34	0
16	73	0
90	69	0
17	68	0
48	3	0
11	77	0
37	88	0
87	45	0
45	36	1
38	17	0
98	91	0
87	92	0
95	16	0
28	79	0
95	7	0
24	19	0
69	85	0
1	87	0
87	2	0
66	91	0
8	30	0
72	76	0
84	27	0
26	90	0
52	95	0
83	26	0
31	92	0
37	89	0
17	13	0
98	13	0
81	30	0
51	81	0
89	27	0
64	46	0
69	34	0
5	93	0
51	84	0
79	2	0
90	63	0
3	63	1
64	88	0
3	75	0
40	91	0
95	59	0
81	26	0
60	11	0
59	43	0
11	66	1
37	11	0
74	59	0
1	93	0
96	27	0
43	69	0
83	63	0
82	3	0
69	87	0
67	84	0
3	29	0
66	75	0
91	73	0
68	44	0
12	95	0
68	38	0
77	3	1
93	60	0
91	30	0
98	40	0
19	55	0
54	70	1
5	22	0
44	26	1
88	62	0
59	76	0
55	60	0
47	40	1
59	67	0
46	94	0
74	34	0
61	74	0
61	78	0
97	55	0
29	9	0
49	39	1
19	11	0
26	77	0
76	49	0
94	1	0
28	96	0
21	45	0
61	70	0
60	76	0
50	74	0
49	8	0
49	90	0
78	87	0
89	56	0
22	94	0
86	82	0
8	73	0
54	62	0
12	41	0
73	77	0
99	70	0
49	70	0
72	47	0
63	9	1
94	36	0
29	94	0
62	78	0
19	35	0
44	79	0
40	23	0
91	92	0
27	85	0
93	7	0
25	82	1
90	35	0
58	95	0
73	82	0
67	71	0
27	42	0
11	65	0
69	8	1
63	92	0
89	64	0
46	89	0
63	83	0
73	17	0
54	71	0
32	82	0
52	90	0
22	20	0
80	59	0
61	39	0
72	61	0
78	33	0
16	99	0
66	60	0
88	42	0
72	31	0
55	21	0
98	31	0
71	84	0
77	94	0
71	65	0
95	25	0
94	19	0
89	83	0
36	91	0
64	85	0
50	98	0
89	36	0
16	99	0
88	28	0
21	46	0
20	89	0
31	98	0
83	75	0
75	71	0
94	56	0
95	59	0
25	81	1
53	82	0
74	8	0
78	53	0
47	4	0
40	33	0
83	38	0
23	66	1
44	58	1
26	72	0
74	89	0
84	57	0
53	69	1
92	1	0
91	40	0
96	43	0
73	58	0
70	84	0
48	64	0
68	15	0
10	90	0
1	93	0
87	61	0
80	70	0
84	8	0
91	84	0
18	2	0
33	99	0
58	99	0
43	29	1
90	14	0
95	2	0
98	26	0
75	29	0
65	52	0
6	5	0
28	99	0
17	76	0
47	85	0
43	71	0
89	42	0
54	89	0
55	53	1
99	85	0
67	33	0
84	86	0
86	20	0
15	4	0
40	2	0
35	27	0
99	43	0
79	7	0
10	49	0
15	23	0
53	36	1
88	83	0
95	64	0
75	31	0
94	12	0
66	4	0
81	15	0
38	14	0
11	69	1
92	93	0
37	86	0
7	99	0
29	43	0
48	46	1
70	48	0
70	61	0
76	76	0
76	76	0
80	27	0
68	84	0
70	6	1
97	48	0
78	53	0
61	54	0
96	68	0
72	14	0
91	20	0
23	48	0
69	99	0
50	65	1
97	24	0
18	84	0
93	42	0
69	91	0
90	31	0
61	16	0
28	58	1
54	44	0
60	83	0
61	26	1
71	84	0
25	93	0
94	82	0
0	83	0
89	5	0
88	18	0
52	71	0
64	51	0
16	96	0
76	34	0
95	62	0
45	44	1
27	81	0
32	12	0
52	87	0
35	85	0
50	75	0
8	66	1
4	19	0
66	2	1
82	37	0
99	8	0
76	96	0
21	30	0
64	10	0
66	38	0
66	86	0
3	13	0
43	84	0
79	44	0
29	87	0
80	5	0
55	16	1
85	18	0
89	50	0
13	84	0
71	16	0
90	99	0
34	97	0
72	65	0
9	34	0
62	93	0
61	40	0
17	68	0
58	28	0
90	50	0
75	46	0
71	58	0
15	43	0
95	57	0
27	99	0
86	55	0
17	91	0
83	83	0
35	19	0
70	66	0
56	84	0
59	95	0
77	51	0
83	7	0
5	75	0
76	42	0
21	98	0
51	59	1
86	30	0
88	51	0
72	19	0
75	72	0
48	95	0
56	92	0
33	99	0
98	77	0
76	82	0
70	5	1
23	0	0
50	45	1
2	78	0
79	87	0
64	80	0
74	47	0
68	24	0
41	64	1
43	76	0
81	51	0
99	7	0
17	72	0
84	4	0
56	66	0
84	85	0
56	91	0
69	24	0
86	11	0
68	83	0
25	95	0
88	14	0
87	5	0
68	26	0
13	56	0
12	86	0
12	87	0
72	85	0
82	99	0
60	54	0
78	97	0
82	62	0
74	61	0
11	93	0
13	76	0
35	26	0
2	17	0
36	36	0
28	50	1
98	31	0
88	37	0
74	54	0
60	56	1
50	18	0
88	80	0
62	75	0
87	52	0
29	86	0
81	59	0
21	11	0
97	41	0
56	97	0
32	44	0
32	99	0
71	97	0
91	69	0
25	85	0
58	24	1
8	71	0
41	70	0
67	60	0
57	79	0
57	89	0
18	50	0
72	62	0
77	47	0
88	66	0
41	72	0
72	88	0
50	28	1
92	13	0
61	51	1
83	13	0
9	84	0
43	97	0
81	76	0
68	72	0
6	88	0
14	72	0
80	92	0
36	28	0
7	86	0
63	99	0
62	71	0
87	78	0
14	89	0
79	47	0
16	10	0
46	97	0
4	97	0
2	17	0
86	58	0
87	19	0
78	33	0
71	20	0
12	12	0
13	49	0
80	24	0
2	67	1
67	77	0
28	90	0
66	56	0
83	93	0
79	39	0
72	81	0
71	52	0
71	80	0
11	71	0
29	80	1
64	61	0
60	46	0
98	40	0
95	96	0
75	87	0
74	52	0
63	53	0
67	85	0
98	76	0
99	0	0
56	80	0
0	92	0
61	34	0
64	22	0
75	15	0
22	72	0
75	24	0
83	21	0
32	58	1
32	30	0
51	99	0
69	62	0
44	84	0
69	93	0
79	55	0
82	36	0
89	66	0
78	98	0
98	41	0
93	91	0
47	87	0
69	79	0
88	44	0
42	90	0
82	82	0
80	52	0
88	28	0
0	71	0
48	73	0
74	16	0
59	34	0
84	80	0
67	50	0
14	87	0
21	97	0
75	39	0
83	32	0
97	54	0
97	3	0
76	91	0
51	35	1
89	12	0
69	41	0
15	72	0
14	96	0
21	78	0
9	89	0
64	49	0
45	27	0
40	66	0
65	81	0
68	9	0
21	85	0
86	53	0
21	17	0
20	72	0
74	63	0
65	59	0
89	54	0
83	63	0
70	63	0
61	50	1
72	55	0
0	30	0
89	84	0
60	48	0
44	84	0
4	72	0
27	84	0
31	53	1
95	21	0
56	96	0
15	91	0
98	47	0
72	18	0
14	13	0
31	26	0
72	3	1
18	65	0
79	62	0
91	33	0
13	1	0
68	10	0
41	91	0
95	81	0
17	11	0
55	82	0
79	35	0
97	77	0
58	64	0
67	86	0
16	43	0
94	41	0
94	68	0
13	80	0
24	76	0
17	91	0
74	7	1
8	95	0
27	48	1
61	44	0
95	16	0
4	16	0
87	38	0
93	14	0
39	28	0
22	95	0
48	81	0
17	74	0
27	26	0
15	72	0
17	91	0
63	66	0
93	53	0
72	90	0
59	67	0
53	68	1
19	99	0
80	38	0
5	1	0
79	58	0
53	50	0
98	25	0
78	29	0
73	34	0
57	97	0
39	40	1
52	42	0
59	9	0
36	99	0
43	55	1
93	34	0
64	99	0
73	49	0
84	47	0
51	91	0
34	77	0
91	31	0
95	97	0
75	83	0
56	85	0
87	14	0
77	73	0
26	79	1
64	24	0
27	95	0
93	57	0
91	86	0
84	9	0
99	96	0
82	22	0
87	63	0
11	84	0
73	89	0
65	81	0
5	21	0
13	97	0
9	72	0
80	26	0
20	97	0
57	91	0
85	49	0
12	69	0
77	44	0
28	91	0
77	48	0
79	54	0
80	50	0
83	34	0
47	65	1
4	87	0
3	1	0
69	71	0
15	60	0
25	7	0
7	90	0
30	68	0
93	48	0
79	90	0
91	58	0
95	75	0
81	43	0
5	80	0
50	58	1
86	37	0
87	31	0
