90	67	0
51	17	0
42	14	0
48	97	0
7	21	0
93	31	0
96	84	0
41	13	0
77	82	0
41	39	0
78	34	0
5	83	0
17	15	0
20	62	0
99	18	0
96	74	0
63	28	0
31	48	0
99	64	0
92	2	0
42	81	0
68	80	0
71	95	0
68	2	0
43	91	0
56	0	0
75	76	0
70	96	0
99	55	0
3	37	0
39	36	0
46	27	0
91	28	0
43	46	0
89	64	0
12	91	0
60	84	0
98	25	0
80	91	0
55	1	0
21	51	0
79	50	0
96	60	0
60	74	0
98	42	0
11	82	0
31	42	0
61	10	0
93	56	0
12	65	0
61	9	0
31	87	0
50	97	0
33	67	0
97	62	0
38	30	0
44	37	0
78	75	0
93	95	0
82	15	0
15	95	0
92	13	0
46	2	0
74	72	0
45	18	0
15	81	0
77	12	0
39	80	0
87	85	0
61	65	0
14	22	0
75	84	0
31	35	0
18	46	0
90	39	0
11	37	0
40	77	0
50	81	0
71	21	0
41	98	0
64	99	0
0	1	0
9	11	0
98	13	0
98	16	0
32	48	0
82	43	0
22	20	0
77	57	0
31	49	0
36	13	0
39	9	0
73	36	0
14	88	0
71	7	0
54	76	0
40	10	0
49	26	0
96	40	0
39	72	0
79	56	0
22	58	0
76	92	0
2	78	0
44	82	0
85	43	0
63	3	0
44	67	0
13	63	0
55	3	0
64	60	0
14	62	0
44	5	0
42	61	0
30	38	0
94	85	0
52	43	0
0	0	0
29	95	0
76	10	0
68	66	0
13	32	0
86	81	0
94	13	0
68	67	0
56	78	0
32	9	0
57	97	0
77	78	0
76	55	0
36	99	0
66	28	0
41	22	0
22	36	0
82	10	0
3	77	0
99	70	0
98	15	0
86	32	0
40	53	0
56	19	0
85	79	0
4	17	0
36	11	0
86	69	0
33	41	0
85	77	0
79	89	0
57	14	0
45	32	0
55	62	0
9	51	0
29	75	0
14	58	0
79	73	0
36	51	0
48	98	0
78	59	0
72	75	0
47	82	0
16	40	0
88	72	0
3	31	0
39	46	0
25	13	0
18	76	0
39	78	0
93	38	0
32	30	0
84	17	0
37	81	0
59	27	0
49	37	0
84	82	0
23	53	0
71	78	0
34	87	0
30	56	0
36	18	0
61	9	0
34	78	0
16	78	0
74	84	0
91	54	0
15	85	0
19	33	0
99	65	0
30	60	0
27	93	0
46	90	0
42	51	0
33	13	0
18	39	0
68	85	0
83	95	0
58	86	0
75	24	0
6	72	0
54	1	0
77	13	0
67	27	0
71	24	0
24	56	0
4	66	0
55	59	0
79	35	0
33	72	0
89	25	0
40	88	0
30	66	0
33	16	0
73	71	0
30	56	0
39	9	0
6	95	0
68	15	0
99	87	0
86	90	0
97	17	0
2	80	0
16	67	0
93	45	0
52	73	0
38	47	0
52	66	0
55	71	0
46	58	0
7	75	0
30	66	0
66	7	0
0	66	0
62	98	0
81	46	0
43	87	0
87	60	0
45	9	0
43	65	0
20	79	0
40	94	0
59	35	0
63	31	0
21	31	0
96	63	0
71	42	0
80	62	0
6	74	0
57	18	0
7	89	0
72	60	0
55	45	0
64	51	0
56	15	0
1	55	0
82	42	0
57	6	0
73	64	0
44	86	0
75	41	0
97	36	0
97	4	0
2	67	0
84	72	0
20	95	0
98	63	0
48	88	0
61	29	0
47	0	0
23	92	0
68	36	0
41	59	0
44	77	0
47	6	0
22	91	0
66	93	0
88	84	0
71	33	0
86	69	0
11	86	0
52	47	0
52	4	0
70	24	0
32	16	0
33	5	0
49	9	0
57	49	0
71	36	0
35	54	0
33	46	0
43	65	0
67	86	0
89	82	0
60	84	0
88	17	0
83	53	0
78	9	0
20	53	0
34	9	0
84	37	0
62	26	0
71	70	0
7	38	0
48	71	0
54	27	0
27	96	0
33	93	0
21	71	0
93	64	0
44	31	0
36	6	0
27	59	0
91	60	0
74	16	0
80	89	0
23	7	0
67	93	0
10	77	0
48	85	0
41	35	0
0	54	0
77	5	0
20	29	0
92	16	0
45	19	0
11	1	1
83	13	0
34	46	0
19	49	0
85	26	0
91	53	0
2	28	0
27	31	0
0	64	0
37	87	0
18	89	0
4	8	0
45	85	0
55	68	0
50	43	0
66	25	0
49	93	0
38	67	0
87	96	0
41	33	0
14	47	0
22	40	0
56	72	0
84	92	0
46	21	0
88	7	0
28	4	0
63	0	0
57	13	0
20	43	0
77	64	0
68	2	0
14	32	0
46	13	0
56	48	0
44	50	0
22	62	0
85	81	0
76	52	0
15	56	0
48	35	0
97	10	0
58	5	0
62	19	0
57	43	0
26	30	0
8	70	0
68	75	0
18	79	0
37	85	0
23	97	0
51	28	0
43	42	0
86	57	0
73	41	0
6	84	0
76	82	0
57	86	0
16	30	1
76	27	0
58	97	0
72	2	0
89	60	0
79	48	0
31	15	0
39	42	0
34	46	0
87	83	0
4	9	0
74	24	0
95	3	0
15	41	0
33	98	0
68	72	0
87	2	0
7	56	0
95	33	0
46	97	0
74	14	0
65	48	0
50	54	0
43	39	0
33	37	0
46	36	0
69	87	0
80	41	0
38	34	0
77	68	0
21	59	0
13	93	0
91	85	0
37	36	0
1	80	0
62	25	0
89	16	0
82	46	0
14	61	0
65	46	0
37	34	0
51	45	0
2	97	0
69	25	0
54	12	0
87	58	0
47	23	0
28	83	0
21	3	0
77	47	0
12	0	1
72	99	0
3	79	0
38	55	0
46	78	0
55	32	0
20	97	0
16	45	0
32	42	0
58	16	0
87	28	0
85	23	0
84	88	0
20	61	0
31	22	0
29	33	0
83	19	0
54	60	0
70	92	0
15	35	0
72	98	0
88	64	0
34	70	0
64	6	0
71	41	0
78	18	0
75	11	0
43	24	0
43	33	0
97	1	0
81	29	0
0	69	0
89	11	0
99	98	0
4	98	0
86	55	0
55	47	0
24	17	0
97	89	0
66	57	0
14	97	0
65	31	0
79	42	0
84	51	0
84	64	0
29	72	0
72	76	0
41	97	0
77	71	0
23	28	0
31	98	0
98	83	0
33	36	0
26	42	0
66	79	0
60	92	0
43	67	0
57	93	0
57	53	0
36	65	0
29	68	0
84	26	0
19	92	0
85	52	0
27	90	0
47	65	0
42	75	0
85	33	0
32	31	0
23	51	0
54	26	0
92	67	0
72	15	0
86	97	0
75	99	0
38	50	0
67	1	0
30	44	0
37	89	0
36	32	0
51	69	0
68	81	0
27	22	0
81	99	0
39	25	0
26	21	0
64	38	0
26	79	0
43	13	0
3	57	0
90	83	0
58	90	0
52	45	0
78	12	0
50	72	0
44	51	0
97	58	0
85	5	0
0	70	0
75	0	0
68	71	0
73	31	0
38	17	0
34	70	0
84	79	0
27	69	0
58	82	0
77	24	0
11	65	0
68	18	0
43	62	0
63	99	0
31	94	0
89	4	0
94	20	0
63	12	0
35	89	0
13	90	0
5	87	0
75	42	0
68	65	0
68	80	0
16	51	0
77	32	0
68	68	0
89	72	0
55	61	0
21	61	0
23	66	0
39	22	0
41	31	0
0	42	0
45	63	0
40	46	0
96	32	0
75	34	0
76	1	0
84	40	0
55	71	0
23	55	0
58	31	0
90	76	0
63	89	0
95	73	0
14	50	0
61	75	0
66	50	0
31	56	0
81	32	0
16	54	0
42	21	0
79	54	0
82	96	0
56	55	0
18	67	0
44	5	0
52	65	0
31	84	0
44	28	0
85	79	0
91	71	0
16	98	0
53	72	0
10	76	0
70	61	0
35	53	0
46	61	0
37	76	0
61	73	0
22	26	1
10	65	0
96	80	0
74	56	0
98	56	0
27	60	0
53	86	0
62	27	0
93	26	0
38	51	0
98	9	0
19	88	0
29	31	0
33	76	0
90	59	0
20	45	0
83	71	0
22	96	0
7	70	0
13	3	1
91	87	0
42	30	0
2	69	0
75	86	0
48	64	0
82	67	0
26	95	0
99	38	0
25	10	0
38	82	0
31	72	0
35	18	0
23	39	0
1	15	0
81	72	0
93	6	0
60	6	0
74	12	0
95	45	0
30	8	0
30	48	0
99	40	0
11	54	0
58	79	0
0	58	0
16	74	0
75	56	0
48	94	0
77	47	0
69	80	0
33	35	0
76	67	0
38	57	0
84	48	0
15	76	0
45	37	0
31	71	0
80	33	0
58	34	0
99	79	0
98	98	0
86	80	0
31	71	0
18	30	0
57	42	0
48	73	0
28	12	0
26	4	0
39	69	0
17	36	0
60	3	0
69	82	0
76	65	0
91	16	0
7	50	0
67	89	0
1	93	0
52	6	0
66	51	0
69	14	0
37	18	0
26	36	0
39	18	0
72	5	0
42	86	0
56	29	0
31	81	0
74	14	0
32	44	0
50	65	0
75	22	0
90	73	0
62	69	0
35	67	0
50	84	0
74	83	0
83	46	0
19	63	0
74	75	0
65	94	0
19	43	0
19	57	0
96	35	0
34	91	0
95	85	0
72	86	0
48	2	0
59	57	0
87	57	0
65	84	0
85	49	0
99	80	0
82	29	0
10	64	0
5	58	0
71	88	0
77	40	0
51	62	0
56	7	0
34	13	0
81	71	0
27	36	0
14	62	0
46	51	0
52	37	0
34	17	0
50	27	0
15	82	0
26	39	0
9	62	0
14	73	0
74	46	0
18	18	0
61	12	0
98	27	0
80	1	0
57	79	0
7	59	0
61	29	0
48	31	0
60	81	0
90	14	0
36	43	0
58	62	0
53	77	0
16	97	0
40	68	0
39	84	0
28	30	0
74	82	0
45	46	0
35	85	0
64	32	0
14	46	0
62	63	0
58	25	0
30	74	0
81	39	0
56	43	0
44	45	0
30	13	0
8	59	0
76	71	0
73	65	0
38	42	0
86	62	0
84	71	0
74	27	0
59	7	0
81	79	0
80	13	0
6	66	0
72	77	0
38	20	0
67	37	0
14	66	0
11	87	0
39	89	0
28	52	0
96	29	0
20	53	0
53	98	0
18	88	0
97	70	0
54	59	0
81	42	0
21	0	0
53	19	0
60	3	0
6	7	1
13	77	0
59	56	0
82	64	0
71	44	0
14	0	0
25	42	0
67	10	0
7	81	0
78	2	0
43	68	0
47	23	0
77	94	0
1	27	0
17	90	0
99	53	0
33	13	0
99	82	0
58	65	0
75	49	0
49	27	0
91	30	0
90	75	0
10	67	0
1	80	0
19	55	0
11	86	0
0	87	0
79	23	0
40	42	0
2	93	0
51	9	0
72	4	0
40	54	0
72	46	0
48	21	0
24	67	0
28	25	0
83	15	0
14	41	0
88	57	0
95	3	0
58	60	0
30	14	0
52	10	0
14	98	0
55	76	0
39	64	0
39	15	0
3	85	0
4	91	0
66	53	0
91	40	0
37	30	0
29	77	0
24	27	1
99	93	0
52	32	0
57	74	0
65	88	0
1	81	0
73	24	0
59	64	0
25	36	0
99	75	0
46	68	0
99	22	0
74	12	0
88	22	0
78	91	0
42	62	0
37	78	0
81	19	0
28	9	0
64	95	0
71	74	0
19	47	0
70	41	0
69	93	0
82	11	0
96	53	0
28	75	0
61	52	0
29	33	0
86	22	0
30	47	0
64	1	0
95	99	0
75	64	0
50	79	0
79	26	0
75	72	0
8	87	0
40	6	0
15	90	0
2	65	0
66	70	0
68	93	0
75	10	0
93	96	0
83	12	0
81	77	0
63	6	0
89	33	0
83	45	0
52	38	0
12	77	0
56	89	0
59	78	0
20	53	0
7	42	0
32	96	0
7	65	0
41	1	0
29	51	0
12	62	0
41	33	0
2	39	0
93	53	0
52	21	0
10	48	0
26	86	0
78	77	0
0	0	0
92	64	0
18	70	0
63	43	0
31	57	0
90	50	0
54	39	0
0	10	0
4	51	0
23	59	0
95	64	0
70	47	0
95	62	0
6	60	0
70	61	0
7	76	0
0	22	0
86	59	0
27	62	0
39	9	0
35	31	0
11	82	0
32	87	0
1	6	1
81	46	0
72	67	0
77	59	0
74	78	0
39	76	0
44	22	0
0	68	0
50	71	0
38	44	0
59	52	0
86	10	0
