78	62	0
35	30	0
66	98	0
18	11	0
96	35	0
87	93	0
69	43	0
6	76	0
3	8	0
14	93	0
88	43	0
69	78	0
33	31	0
66	74	0
98	54	0
53	96	1
59	71	0
38	29	0
86	76	0
96	85	0
75	76	0
9	29	0
69	73	0
76	33	0
64	90	0
52	71	0
64	81	0
93	49	0
98	28	0
94	71	0
34	4	0
47	86	1
84	35	0
32	15	0
97	74	0
93	69	0
91	21	1
91	10	0
22	35	0
63	77	0
2	85	0
97	10	1
60	97	0
17	29	0
80	72	0
93	36	0
59	91	0
2	15	0
91	14	0
67	39	0
73	14	1
52	43	0
75	34	0
14	99	1
89	65	0
57	92	0
17	61	0
40	87	1
95	53	0
36	35	0
30	9	0
67	63	0
13	93	0
99	29	0
33	69	0
88	57	0
99	5	0
76	97	0
66	81	0
6	24	0
79	80	0
81	65	0
79	39	0
17	98	1
61	36	0
88	43	0
88	37	0
90	37	0
17	61	0
2	14	0
88	61	0
55	98	0
38	81	0
59	94	0
71	37	0
62	65	0
82	77	0
79	75	0
18	17	0
11	10	0
82	57	0
85	0	0
15	51	0
71	75	0
68	78	0
59	77	0
54	7	0
50	96	1
74	89	0
78	52	0
12	90	0
90	83	0
2	91	0
17	54	0
89	90	0
87	74	0
51	77	0
75	42	0
80	40	0
56	68	0
22	56	0
43	21	0
91	88	0
71	6	0
83	37	0
82	92	0
64	76	0
72	74	0
16	23	0
13	78	1
66	98	0
75	66	1
60	91	0
28	84	0
37	37	0
76	52	1
59	47	0
57	79	0
68	38	0
3	98	0
92	36	0
62	26	1
52	25	0
81	18	1
65	71	0
75	94	0
86	75	0
86	7	1
93	28	0
98	78	0
70	74	0
54	82	0
15	73	0
97	11	1
8	52	0
77	74	0
78	71	0
88	53	0
85	53	0
89	66	0
53	14	0
36	25	0
79	61	0
28	74	0
60	85	0
80	76	0
81	4	1
96	43	0
98	32	0
71	63	0
67	99	0
59	10	0
2	94	0
13	98	0
95	60	0
59	66	1
96	71	0
15	19	0
47	97	1
82	8	1
79	10	0
89	24	0
85	22	0
80	31	0
12	13	0
30	74	0
53	91	0
85	39	0
75	92	0
92	74	0
64	31	0
64	81	0
6	6	0
33	8	0
43	26	0
67	37	0
2	54	0
29	13	0
96	86	0
97	57	0
98	14	0
62	2	0
35	8	0
97	89	0
28	76	0
8	94	0
35	35	0
76	48	0
70	67	0
52	71	0
83	82	0
73	29	0
77	77	0
86	35	0
83	68	0
60	35	0
98	74	0
64	14	0
97	9	1
29	58	0
76	89	0
97	42	0
88	44	0
77	93	0
91	42	0
45	45	0
59	98	0
70	83	0
24	76	0
83	81	0
6	94	0
93	10	1
96	13	1
18	98	1
85	32	0
94	64	0
31	0	0
50	90	1
45	55	0
11	15	0
89	47	0
88	8	1
68	90	0
15	21	0
75	26	0
75	78	0
15	30	0
79	37	0
78	3	0
94	68	0
67	17	0
94	93	0
13	36	0
54	97	1
64	56	0
94	38	0
58	47	0
1	55	0
91	74	0
93	61	0
1	86	0
75	88	0
39	22	0
64	52	0
65	98	0
68	94	0
97	50	0
63	11	0
68	38	0
80	33	0
93	57	0
76	35	0
87	68	0
45	96	1
51	90	1
88	96	0
80	97	0
16	9	0
4	85	0
76	84	0
72	94	0
57	18	0
81	53	0
98	0	0
98	80	0
65	82	0
91	16	1
64	78	0
88	21	1
94	2	0
85	29	0
11	44	0
4	99	0
89	86	0
87	90	0
84	85	0
83	60	0
79	82	0
8	91	0
24	22	0
3	13	0
38	42	0
87	10	1
84	38	0
61	62	0
59	2	0
75	84	0
78	79	0
81	49	0
71	58	0
32	21	0
97	42	0
80	96	0
56	38	0
71	81	0
96	66	0
17	58	0
45	71	0
51	77	0
54	88	1
2	47	0
70	73	0
95	42	0
96	65	0
53	93	0
87	27	0
84	10	0
93	69	0
62	72	0
4	93	0
76	92	0
19	20	0
4	90	0
64	74	0
62	65	0
85	88	0
0	82	0
85	53	0
16	0	0
51	86	1
8	84	0
0	15	0
96	53	0
77	24	1
20	19	0
15	34	0
69	38	0
69	79	0
92	78	0
85	39	0
78	75	0
71	90	0
2	71	0
89	66	0
62	23	0
99	43	0
79	85	0
77	71	0
42	79	0
95	65	0
92	12	1
45	76	0
0	96	0
74	39	0
78	24	1
29	31	0
63	84	0
33	74	0
66	95	0
95	53	0
89	38	0
71	68	0
93	81	0
91	45	0
94	98	0
79	68	0
72	33	0
42	83	1
84	79	0
84	71	0
92	30	0
46	64	0
66	33	0
82	91	0
87	55	0
23	85	0
86	38	0
77	43	0
88	39	0
97	83	0
72	44	0
7	86	0
11	99	0
38	33	0
26	73	0
45	87	1
61	10	0
1	96	0
74	46	0
12	15	0
16	59	0
71	70	0
69	69	0
80	49	0
77	40	0
75	64	0
74	46	0
14	36	0
95	76	0
59	96	0
81	16	0
40	95	1
18	87	0
96	56	0
63	34	0
24	16	0
26	33	0
73	50	0
95	35	0
15	2	0
41	1	0
53	62	0
93	87	0
26	10	0
59	14	0
86	81	0
73	63	1
64	90	0
17	50	0
96	45	0
87	60	0
6	89	0
3	95	0
46	25	0
93	28	0
20	28	0
88	39	0
77	14	0
36	26	0
19	99	1
63	89	0
19	34	0
75	41	0
66	87	0
70	35	0
10	9	0
91	55	0
86	37	0
86	22	0
64	29	1
55	98	0
85	39	0
55	99	0
61	55	0
71	53	0
51	92	0
93	49	0
93	99	0
84	86	0
53	87	1
77	76	0
74	20	0
95	47	0
94	99	0
92	93	0
84	22	0
84	69	0
14	96	1
85	95	0
59	73	0
7	20	0
31	93	0
87	30	0
17	98	1
52	79	1
72	37	0
82	50	0
74	55	0
99	53	0
86	35	0
81	21	1
5	81	0
10	11	0
59	81	0
30	69	0
37	4	0
1	83	0
98	42	0
91	87	0
86	49	0
92	84	0
67	53	1
97	40	0
