95	61	0
27	5	0
32	25	0
65	98	0
11	0	0
83	41	0
95	93	0
51	13	0
56	79	0
59	27	0
79	47	0
9	81	0
14	0	0
16	87	0
94	23	0
73	73	0
50	44	0
17	62	1
91	59	0
95	14	0
47	99	0
59	68	0
78	71	0
49	8	0
27	70	0
55	16	0
92	71	0
73	94	0
90	80	0
7	43	0
57	8	0
49	27	0
99	31	0
13	56	1
81	65	0
11	89	0
35	94	0
82	16	0
77	92	0
35	9	0
41	66	0
84	65	0
95	70	0
50	63	0
96	49	0
17	81	0
66	3	0
99	70	0
17	74	0
69	7	0
3	77	0
47	90	0
29	69	0
96	68	0
58	36	0
40	33	0
89	83	0
96	94	0
98	7	0
19	96	0
97	11	0
26	2	0
76	88	0
34	1	0
3	85	0
85	16	0
33	80	0
59	93	0
35	61	0
6	27	0
69	82	0
11	52	1
86	32	0
25	89	0
52	98	0
63	25	0
28	87	0
54	98	0
1	15	0
96	10	0
79	21	0
52	75	0
86	39	0
95	56	0
55	17	0
34	9	0
68	45	0
2	95	0
60	2	0
43	64	0
41	10	0
59	31	0
85	23	0
35	58	0
87	44	0
7	59	0
82	96	0
3	87	0
44	92	0
88	54	0
72	18	0
35	67	0
33	61	0
62	2	0
69	55	0
12	62	0
31	3	0
14	49	1
40	48	1
61	81	0
42	39	0
9	94	0
80	33	0
40	80	0
74	73	0
93	8	0
71	85	0
67	71	0
23	23	0
60	95	0
95	83	0
74	60	0
24	97	0
64	34	0
35	21	1
72	9	0
13	55	1
95	69	0
95	33	0
87	51	0
37	47	0
56	2	0
67	71	0
14	28	0
47	25	0
99	54	0
51	23	0
56	77	0
55	81	0
54	21	0
38	42	0
58	29	0
11	49	1
15	53	1
63	87	0
48	62	0
42	94	0
69	37	0
69	64	0
60	66	0
99	66	0
23	21	0
46	53	0
12	15	0
15	75	0
24	66	0
84	46	0
41	48	0
89	2	0
37	86	0
53	26	0
35	41	0
75	82	0
30	63	0
53	63	0
44	96	0
30	53	0
39	11	0
55	14	0
38	99	0
28	63	0
77	80	0
94	63	0
20	92	0
96	69	0
29	50	0
24	73	0
50	72	0
51	61	0
13	32	0
70	90	0
98	80	0
38	69	0
75	36	0
3	45	0
60	7	0
70	58	0
55	16	0
80	15	0
1	51	0
40	60	0
61	31	0
46	69	0
88	33	0
32	94	0
23	57	0
44	19	1
78	90	0
45	56	0
26	11	0
29	76	0
61	16	0
97	92	0
46	89	0
99	6	0
10	68	0
14	68	0
98	30	0
46	91	0
62	74	0
70	69	0
47	63	0
18	76	0
18	51	0
59	1	0
15	56	1
57	93	0
97	55	0
44	86	0
80	67	0
84	25	0
54	79	0
30	84	0
38	92	0
39	24	0
69	26	0
82	43	0
55	46	0
69	69	0
1	47	0
64	23	0
19	95	0
67	67	0
79	40	0
67	30	0
49	1	0
4	43	0
87	23	0
35	25	1
71	72	0
61	95	0
75	53	0
93	32	0
94	10	0
1	30	0
82	73	0
35	97	0
89	82	0
39	99	0
60	38	0
74	27	0
20	89	0
84	22	0
23	59	0
32	73	0
48	13	0
31	99	0
81	89	0
78	78	0
92	52	0
94	54	0
17	83	0
37	71	0
83	14	0
74	45	0
35	20	1
38	6	0
43	28	0
47	50	0
82	47	0
27	57	0
39	43	0
29	80	0
74	91	0
87	58	0
57	75	0
86	2	0
95	37	0
61	11	0
30	39	1
83	43	0
76	50	0
65	73	0
5	36	0
37	68	0
62	27	0
14	93	0
27	83	0
8	91	0
91	75	0
45	18	0
41	1	0
39	51	1
76	67	0
66	2	0
90	91	0
26	5	0
50	95	0
13	64	0
52	89	0
47	37	0
10	46	1
74	34	0
76	14	0
46	20	0
83	10	0
39	56	0
11	55	1
77	18	0
78	57	0
7	8	0
4	62	0
35	98	0
16	82	0
48	99	0
47	64	0
72	37	0
67	8	0
44	85	0
45	69	0
99	78	0
1	56	0
64	50	0
74	78	0
82	20	0
31	5	0
44	0	0
50	15	0
43	29	0
80	56	0
65	15	0
21	47	0
28	17	0
36	57	0
42	39	0
87	73	0
86	62	0
1	48	0
55	40	0
91	5	0
66	12	0
72	19	0
54	41	0
40	34	0
2	75	0
67	86	0
38	77	0
11	98	0
22	68	0
54	4	0
46	39	0
91	42	0
87	52	0
13	65	0
82	70	0
82	84	0
83	29	0
75	90	0
76	4	0
73	67	0
75	53	0
66	53	0
82	77	0
67	2	0
94	14	0
29	49	0
53	91	0
67	72	0
82	12	0
27	73	0
93	20	0
57	96	0
92	25	0
65	24	0
29	56	0
63	41	0
36	54	0
52	87	0
79	28	0
33	20	1
84	80	0
41	55	0
19	91	0
94	96	0
48	29	0
2	86	0
50	53	0
96	7	0
81	38	0
26	69	0
65	55	0
58	50	0
17	96	0
83	23	0
35	12	0
88	48	0
47	44	0
35	88	0
17	10	0
54	56	0
50	88	0
4	50	0
40	77	0
43	82	0
53	26	0
20	81	0
14	28	0
73	2	0
71	19	0
97	7	0
89	90	0
24	66	0
35	27	0
82	3	0
72	54	0
69	99	0
2	23	0
55	95	0
98	60	0
36	81	0
84	3	0
44	63	0
74	22	0
62	5	0
45	13	1
41	11	1
96	13	0
82	43	0
11	89	0
80	11	0
89	98	0
24	96	0
97	70	0
46	43	0
11	32	0
76	96	0
58	52	0
5	83	0
70	36	0
74	44	0
68	47	0
80	70	0
31	65	0
94	59	0
30	98	0
93	69	0
22	98	0
93	92	0
44	35	0
64	60	0
59	90	0
45	62	0
56	97	0
77	50	0
43	47	0
33	55	0
91	2	0
2	84	0
93	61	0
20	88	0
46	63	0
45	84	0
81	36	0
31	53	0
48	23	0
85	53	0
70	20	0
83	90	0
45	97	0
43	56	0
47	9	0
37	43	0
54	96	0
47	15	0
44	70	0
83	75	0
35	10	0
90	86	0
70	6	0
12	7	0
44	35	0
19	70	0
43	3	0
11	77	0
86	81	0
60	88	0
63	44	0
67	4	0
40	70	0
42	71	0
95	50	0
99	2	0
13	69	0
81	10	0
48	68	0
47	27	0
31	5	0
36	54	0
82	87	0
31	69	0
48	79	0
66	26	0
72	30	0
53	55	0
63	94	0
28	98	0
98	15	0
87	19	0
75	13	0
12	64	0
29	99	0
18	89	0
63	41	0
77	81	0
75	96	0
8	36	0
55	42	0
65	83	0
71	64	0
61	78	0
16	89	0
19	74	0
42	30	0
46	14	1
11	31	0
41	37	0
38	43	0
99	27	0
83	43	0
74	9	0
71	34	0
59	50	0
42	25	0
94	76	0
47	87	0
89	63	0
37	64	0
39	94	0
79	49	0
27	47	1
72	21	0
31	12	0
97	48	0
73	86	0
43	40	0
9	52	1
47	11	1
50	57	0
41	88	0
65	96	0
95	63	0
15	82	0
64	47	0
8	62	0
64	45	0
42	74	0
56	57	0
44	76	0
63	80	0
1	61	0
58	61	0
76	50	0
89	58	0
31	74	0
70	86	0
43	22	0
93	16	0
54	45	0
97	11	0
5	79	0
40	87	0
85	58	0
5	45	1
75	68	0
15	88	0
16	79	0
80	85	0
41	24	0
1	71	0
72	98	0
47	62	0
94	62	0
23	98	0
82	45	0
12	1	0
39	69	0
21	80	0
36	12	0
5	16	0
86	56	0
98	22	0
50	16	0
76	33	0
81	16	0
20	10	0
30	64	0
76	33	0
1	68	0
56	84	0
0	43	0
18	78	0
71	52	0
53	99	0
71	50	0
74	83	0
80	59	0
42	50	0
77	74	0
7	81	0
37	41	0
27	78	0
79	51	0
72	37	0
95	51	0
93	94	0
87	89	0
46	70	0
71	43	0
61	59	0
31	20	1
38	52	0
7	47	0
64	5	0
69	83	0
89	79	0
85	13	0
53	88	0
1	93	0
53	16	0
51	27	0
70	28	0
57	26	0
32	22	1
81	13	0
27	94	0
69	25	0
31	86	0
97	18	0
43	73	0
56	38	0
67	99	0
78	72	0
40	82	0
67	94	0
87	69	0
87	44	0
18	51	1
95	80	0
78	94	0
13	56	1
99	49	0
37	68	0
96	84	0
54	86	0
33	13	1
79	80	0
93	44	0
51	85	0
78	67	0
90	54	0
77	36	0
33	48	0
2	61	0
61	77	0
65	23	0
56	35	0
44	14	0
91	84	0
15	49	1
69	36	0
38	12	1
44	22	0
12	87	0
13	61	0
7	88	0
65	43	0
97	24	0
93	31	0
97	0	0
79	96	0
9	53	0
61	20	0
55	51	0
36	82	0
95	22	0
64	51	0
38	90	0
24	98	0
33	70	0
19	96	0
33	6	0
68	69	0
45	24	0
44	73	0
51	45	0
8	45	0
68	62	0
66	13	0
28	89	0
97	57	0
17	31	0
15	68	0
80	65	0
64	58	0
51	51	0
95	50	0
97	67	0
69	48	0
60	12	0
70	66	0
83	44	0
6	39	0
86	80	0
54	38	0
25	84	0
10	82	0
31	99	0
25	59	0
94	28	0
0	50	0
58	94	0
8	83	0
91	67	0
48	27	0
83	26	0
19	23	0
33	38	0
74	14	0
22	76	0
36	53	0
91	50	0
91	41	0
5	0	0
8	51	1
45	14	0
0	43	0
73	4	0
46	69	0
93	90	0
1	10	0
47	94	0
90	36	0
37	1	0
90	88	0
46	65	0
72	67	0
38	34	0
99	39	0
91	76	0
14	61	0
15	76	0
1	42	0
16	66	0
13	91	0
69	19	0
31	58	0
9	91	0
27	23	0
58	17	0
36	69	0
67	47	0
44	6	0
40	76	0
94	23	0
3	25	0
72	50	0
89	29	0
43	58	0
28	19	0
45	4	0
17	92	0
49	67	0
29	56	0
24	17	0
14	89	0
24	84	0
60	51	0
92	46	0
33	66	0
82	94	0
49	30	0
70	70	0
46	88	0
1	85	0
82	43	0
45	59	0
9	20	0
99	69	0
51	56	0
96	18	0
81	10	0
83	33	0
59	97	0
46	45	0
49	32	0
63	29	0
40	4	0
45	93	0
45	72	0
17	44	1
89	34	0
61	92	0
90	45	0
83	50	0
38	72	0
28	68	0
79	33	0
56	38	0
74	5	0
98	95	0
76	81	0
46	74	0
71	42	0
71	89	0
9	77	0
55	22	0
20	97	0
8	59	0
48	57	0
80	78	0
61	13	0
98	99	0
87	16	0
99	96	0
64	8	0
74	21	0
69	55	0
60	26	0
18	87	0
53	85	0
73	81	0
6	32	0
11	78	0
11	71	0
36	8	0
39	47	0
14	52	1
0	44	0
78	44	0
48	23	0
14	63	0
17	84	0
59	98	0
88	39	0
1	71	0
65	46	0
29	79	0
77	66	0
70	37	0
8	51	1
27	52	0
83	35	0
68	52	0
80	57	0
13	68	0
62	52	0
3	94	0
4	4	0
89	62	0
21	66	0
16	2	0
1	93	0
21	86	0
94	40	0
73	82	0
86	63	0
84	89	0
49	67	0
65	32	0
0	71	0
47	65	0
33	59	0
60	49	0
92	20	0
