93	61	0
29	5	0
29	28	0
64	99	0
16	1	0
86	40	0
95	93	0
51	11	0
58	79	0
60	26	0
82	49	0
6	82	0
12	0	0
19	84	0
98	24	0
74	77	0
52	45	0
18	60	1
90	55	0
97	14	0
46	98	0
60	67	0
75	76	0
51	5	0
29	70	0
58	17	0
93	71	0
73	94	0
92	79	0
8	37	0
55	11	0
47	26	0
99	27	0
17	58	1
79	67	0
16	90	0
36	94	0
84	15	0
77	90	0
38	9	0
41	63	0
88	66	0
93	69	0
52	62	0
95	50	0
15	80	0
69	0	0
96	68	0
15	71	0
68	5	0
7	74	0
51	88	0
28	70	0
92	68	0
53	38	0
39	34	0
88	81	0
95	90	0
98	6	0
20	97	0
97	12	0
29	0	0
74	88	0
34	1	0
6	89	0
88	11	0
32	77	0
64	97	0
38	62	0
6	29	0
68	81	0
11	52	1
86	30	0
28	87	0
52	98	0
65	28	0
27	89	0
56	98	0
0	17	0
97	13	0
80	19	0
49	73	0
86	40	0
95	59	0
55	18	0
33	11	0
68	46	0
3	95	0
55	1	0
45	65	0
45	8	0
55	27	0
83	27	0
37	60	0
89	47	0
8	58	0
83	94	0
1	88	0
46	95	0
86	50	0
70	18	0
36	67	0
31	62	0
59	2	0
72	54	0
10	65	0
30	0	0
15	48	0
38	50	1
62	81	0
43	38	0
9	92	0
78	29	0
41	83	0
72	72	0
89	9	0
71	88	0
68	70	0
25	24	0
66	97	0
99	84	0
72	62	0
22	94	0
65	34	0
31	21	0
73	8	0
14	56	1
97	74	0
97	29	0
87	51	0
39	49	0
54	1	0
69	67	0
13	26	0
46	24	0
99	56	0
51	26	0
59	77	0
57	82	0
51	18	0
39	38	0
58	31	0
8	51	0
16	53	1
64	88	0
46	63	0
44	93	0
72	37	0
73	63	0
57	65	0
93	63	0
22	22	0
47	50	0
15	12	0
15	76	0
27	65	0
82	43	0
39	49	0
89	2	0
36	88	0
52	27	0
38	43	0
78	82	0
28	66	0
49	63	0
40	92	0
36	51	0
40	13	0
54	16	0
36	95	0
26	64	0
76	83	0
91	67	0
22	97	0
94	74	0
28	50	0
22	72	0
52	70	0
51	62	0
13	26	0
76	89	0
96	79	0
45	66	0
69	37	0
3	46	0
55	7	0
71	58	0
55	16	0
79	18	0
20	46	1
1	54	0
43	60	0
61	33	0
45	67	0
85	30	0
34	96	0
24	57	0
40	19	1
82	86	0
46	56	0
26	10	0
24	74	0
63	10	0
96	92	0
43	91	0
99	6	0
7	66	0
17	67	0
98	28	0
49	89	0
58	76	0
70	65	0
46	65	0
19	77	0
18	49	0
59	3	0
13	55	1
61	87	0
97	52	0
41	87	0
78	66	0
84	21	0
54	78	0
26	81	0
38	92	0
42	25	0
75	28	0
81	47	0
56	42	0
71	69	0
2	46	0
63	23	0
19	95	0
65	68	0
80	43	0
64	32	0
46	0	0
3	47	0
93	22	0
35	23	1
70	73	0
59	96	0
75	53	0
93	33	0
93	11	0
1	32	0
86	77	0
34	98	0
90	83	0
35	96	0
60	34	0
74	28	0
17	90	0
82	22	0
22	57	0
32	73	0
50	11	0
30	99	0
79	89	0
78	77	0
91	54	0
96	54	0
13	81	0
37	69	0
84	11	0
74	45	0
36	19	1
37	3	0
47	28	0
49	52	0
81	47	0
28	59	0
42	46	0
34	79	0
74	89	0
87	57	0
61	76	0
85	5	0
91	41	0
62	12	0
29	38	1
86	43	0
72	52	0
68	69	0
2	36	0
35	71	0
59	27	0
14	93	0
31	83	0
11	87	0
91	78	0
49	18	0
42	2	0
38	53	0
75	68	0
63	7	0
85	92	0
27	5	0
54	94	0
12	62	0
51	90	0
47	36	0
5	50	0
76	34	0
76	12	0
47	18	0
78	11	0
41	59	0
10	53	1
73	17	0
79	58	0
2	9	0
6	62	0
36	95	0
13	84	0
47	95	0
49	67	0
71	40	0
70	6	0
44	80	0
44	69	0
99	83	0
1	59	0
68	50	0
74	76	0
86	21	0
31	3	0
43	0	0
53	17	0
42	31	0
80	56	0
62	13	0
15	49	0
27	13	0
38	58	0
44	37	0
90	75	0
82	61	0
2	48	0
53	35	0
90	8	0
63	14	0
71	22	0
54	43	0
44	31	0
4	79	0
70	84	0
38	72	0
11	98	0
25	69	0
56	7	0
47	40	0
96	41	0
86	49	0
11	61	0
81	68	0
76	86	0
85	26	0
78	91	0
77	5	0
71	67	0
74	59	0
62	51	0
85	76	0
67	9	0
90	18	0
35	53	0
53	93	0
65	74	0
82	14	0
24	76	0
97	20	0
58	99	0
91	24	0
59	23	0
35	58	0
64	40	0
34	56	0
51	87	0
79	32	0
34	18	1
81	81	0
40	58	0
19	94	0
96	98	0
50	30	0
1	88	0
51	53	0
95	10	0
82	35	0
28	66	0
67	54	0
59	53	0
18	94	0
82	24	0
36	13	0
88	51	0
47	44	0
37	92	0
19	5	0
57	57	0
50	87	0
2	47	0
42	78	0
43	83	0
54	27	0
20	81	0
17	28	0
73	0	0
71	15	0
95	4	0
86	89	0
26	68	0
40	23	0
80	0	0
72	56	0
73	98	0
2	24	0
58	96	0
94	62	0
31	78	0
80	2	0
44	62	0
75	22	0
62	4	0
42	15	1
42	13	1
99	13	0
84	44	0
11	89	0
79	15	0
92	95	0
22	98	0
98	69	0
42	44	0
16	29	0
75	98	0
60	50	0
4	86	0
68	36	0
77	41	0
67	46	0
78	73	0
30	66	0
92	61	0
34	99	0
95	67	0
22	99	0
90	91	0
40	34	0
60	63	0
60	92	0
46	64	0
61	96	0
77	48	0
41	43	0
33	55	0
91	2	0
2	83	0
97	57	0
19	87	0
44	66	0
42	83	0
81	40	0
33	47	0
49	24	0
87	53	0
71	16	0
84	94	0
48	97	0
38	58	0
47	12	0
38	42	0
56	99	0
46	18	0
44	67	0
85	76	0
35	9	0
89	88	0
71	5	0
12	10	0
42	38	0
20	74	0
43	0	0
9	78	0
87	79	0
63	89	0
63	42	0
68	1	0
41	62	0
44	72	0
96	55	0
98	2	0
10	70	0
83	8	0
51	67	0
52	26	0
34	4	0
35	56	0
84	86	0
30	69	0
47	78	0
64	28	0
19	53	1
73	32	0
48	54	0
65	90	0
28	99	0
97	12	0
91	18	0
72	15	0
13	61	0
30	97	0
24	89	0
64	40	0
77	81	0
75	94	0
7	36	0
56	40	0
68	83	0
74	63	0
65	82	0
11	91	0
19	76	0
42	29	0
47	15	0
7	35	0
43	40	0
36	44	0
99	29	0
85	39	0
72	11	0
74	38	0
60	52	0
29	53	1
45	22	0
94	78	0
44	89	0
85	57	0
33	68	0
39	93	0
79	53	0
23	46	1
78	24	0
31	16	0
97	54	0
73	88	0
45	42	0
9	51	1
42	14	0
51	54	0
42	85	0
65	92	0
96	58	0
12	82	0
64	46	0
14	63	0
66	44	0
42	72	0
58	54	0
45	75	0
64	76	0
3	63	0
63	65	0
79	50	0
85	56	0
33	72	0
68	85	0
44	18	0
93	17	0
49	43	0
96	8	0
6	81	0
43	88	0
88	59	0
8	48	1
76	73	0
16	88	0
15	80	0
85	81	0
43	28	0
1	74	0
69	98	0
50	59	0
94	66	0
22	98	0
83	43	0
14	2	0
39	69	0
21	81	0
36	14	0
7	16	0
88	59	0
99	21	0
50	12	0
74	38	0
82	13	0
20	6	0
33	64	0
78	31	0
10	67	0
57	81	0
0	43	0
22	80	0
71	54	0
54	97	0
73	49	0
77	82	0
76	61	0
45	51	0
78	75	0
7	79	0
41	39	0
27	77	0
81	49	0
69	39	0
93	51	0
97	96	0
88	90	0
42	71	0
74	42	0
62	60	0
29	23	1
28	19	1
37	58	0
3	44	0
69	3	0
69	79	0
91	75	0
88	10	0
56	84	0
1	94	0
54	12	0
51	23	0
70	24	0
56	28	0
34	18	1
80	10	0
32	92	0
70	21	0
35	87	0
97	17	0
41	70	0
63	35	0
66	95	0
80	67	0
39	83	0
68	95	0
88	70	0
89	44	0
16	57	1
91	78	0
75	95	0
13	57	1
97	48	0
34	70	0
94	87	0
53	86	0
32	14	1
79	79	0
97	43	0
50	86	0
78	70	0
93	55	0
78	39	0
30	51	0
1	59	0
60	79	0
65	22	0
54	36	0
45	13	0
90	86	0
12	50	1
65	31	0
44	13	0
47	17	0
9	86	0
10	62	0
6	87	0
66	42	0
94	22	0
96	28	0
97	0	0
74	94	0
2	57	0
62	19	0
56	50	0
34	81	0
95	23	0
61	52	0
38	89	0
25	97	0
34	72	0
19	98	0
32	7	0
72	69	0
45	22	0
43	74	0
49	43	0
9	45	0
69	64	0
68	15	0
25	89	0
96	58	0
22	44	1
17	28	0
16	73	0
79	65	0
60	60	0
47	50	0
96	54	0
99	67	0
70	49	0
57	12	0
73	64	0
86	43	0
11	37	0
89	80	0
52	38	0
22	79	0
4	82	0
27	93	0
25	59	0
97	22	0
0	53	0
57	88	0
7	87	0
90	69	0
45	27	0
86	24	0
17	24	0
35	34	0
74	14	0
25	76	0
40	52	0
97	52	0
88	44	0
6	1	0
2	50	0
51	15	0
2	45	0
78	5	0
49	68	0
25	29	1
91	89	0
1	10	0
44	95	0
91	37	0
35	0	0
91	86	0
47	67	0
70	66	0
38	37	0
99	38	0
93	78	0
15	61	0
14	75	0
2	42	0
24	70	0
14	90	0
69	18	0
27	55	0
10	89	0
29	25	0
59	14	0
34	66	0
68	44	0
45	8	0
38	72	0
96	27	0
2	28	0
76	45	0
86	24	0
43	52	0
26	23	0
45	8	0
17	89	0
48	69	0
32	59	0
23	17	0
18	89	0
21	82	0
58	49	0
89	47	0
35	68	0
82	92	0
51	30	0
67	70	0
49	89	0
3	83	0
82	40	0
45	54	0
12	19	0
98	65	0
52	54	0
93	22	0
81	11	0
83	35	0
61	92	0
47	47	0
50	36	0
65	28	0
41	3	0
48	91	0
46	70	0
15	42	1
87	29	0
59	94	0
90	47	0
84	52	0
37	74	0
29	67	0
79	29	0
52	41	0
72	5	0
99	90	0
75	80	0
48	72	0
70	43	0
71	92	0
13	77	0
54	15	0
22	99	0
7	59	0
47	58	0
78	80	0
63	12	0
96	99	0
90	17	0
98	98	0
61	8	0
74	23	0
65	55	0
55	25	0
19	89	0
52	84	0
78	78	0
8	35	0
14	78	0
14	74	0
39	9	0
39	45	0
17	48	1
1	46	0
80	44	0
48	25	0
14	63	0
20	82	0
58	97	0
88	42	0
3	71	0
65	47	0
27	78	0
81	62	0
73	33	0
6	54	0
24	54	0
84	38	0
72	53	0
83	53	0
12	67	0
59	53	0
0	92	0
3	6	0
87	65	0
18	66	0
18	7	0
1	92	0
20	86	0
91	38	0
72	79	0
83	61	0
86	84	0
51	69	0
62	35	0
6	69	0
50	62	0
35	61	0
62	50	0
93	18	0
