99	68	0
24	13	0
59	97	0
2	2	0
92	39	0
98	97	0
42	18	1
43	85	0
59	24	0
82	54	0
3	91	0
2	8	0
18	99	0
99	34	0
65	74	0
39	35	0
81	68	0
94	17	0
56	98	0
40	70	0
83	66	0
49	15	0
26	84	0
54	20	1
88	69	0
83	82	0
83	82	0
9	24	0
51	38	0
84	25	0
82	66	0
12	76	0
33	97	0
85	10	0
63	93	0
33	8	1
50	68	0
79	71	0
96	69	0
62	62	0
99	30	0
16	72	0
66	7	1
94	71	0
19	76	0
55	1	0
7	75	0
38	97	0
30	64	1
83	53	0
53	35	0
33	14	0
99	90	0
89	99	0
90	12	0
33	90	0
96	11	0
21	22	0
75	89	0
2	93	0
81	8	0
23	71	0
67	88	0
42	63	0
13	24	0
73	81	0
88	38	0
22	91	0
48	93	0
69	25	0
29	95	0
49	92	0
18	15	0
96	16	0
76	29	0
52	76	0
87	34	0
83	65	0
57	8	1
68	41	0
1	95	0
72	5	0
52	80	0
57	30	1
83	14	0
33	55	1
91	58	0
3	54	0
76	87	0
6	78	0
33	92	0
98	56	0
76	29	0
32	71	0
33	65	1
76	2	0
69	49	0
15	76	0
34	1	0
67	68	0
49	32	0
3	98	0
97	26	0
40	80	0
80	68	0
89	1	0
62	86	0
62	81	0
6	27	0
58	87	0
98	85	0
84	54	0
23	86	0
72	33	0
80	4	0
98	61	0
86	32	0
96	51	0
30	50	0
55	10	1
55	65	0
11	22	0
50	34	0
86	61	0
51	23	1
49	81	0
60	73	0
61	17	0
48	37	0
55	21	1
63	81	0
45	59	0
41	97	0
75	41	0
62	69	0
55	72	0
92	56	0
26	13	0
45	32	0
17	23	0
15	76	0
29	61	0
78	49	0
55	37	0
90	7	0
30	81	0
55	21	1
27	38	0
68	79	0
26	65	0
58	62	0
45	78	0
39	46	1
40	1	0
55	18	1
42	90	0
25	65	0
73	76	0
92	66	0
21	95	0
86	73	0
28	51	0
22	69	0
52	72	0
49	49	1
18	35	0
76	80	0
96	85	0
43	68	0
75	45	0
7	39	1
71	8	1
58	46	0
55	18	0
70	18	0
42	54	1
52	18	1
33	70	0
97	33	0
28	93	0
23	61	0
72	90	0
48	51	1
21	23	0
38	78	0
51	13	0
94	97	0
29	87	0
99	6	0
20	78	0
98	31	0
58	98	0
71	82	0
62	58	0
27	53	0
14	70	0
59	3	0
66	91	0
95	50	0
39	90	0
67	72	0
83	19	0
54	75	0
35	84	0
34	86	0
26	19	0
66	23	0
81	51	0
52	41	0
75	69	0
71	21	0
22	92	0
57	66	0
92	33	0
76	41	0
49	6	0
0	39	1
88	30	0
78	81	0
67	98	0
78	56	0
97	28	0
89	16	0
2	38	1
86	76	0
33	98	0
85	85	0
40	97	0
38	36	0
86	35	0
25	97	0
86	22	0
17	54	0
30	84	0
49	13	1
23	91	0
74	90	0
78	77	0
93	61	0
95	52	0
24	86	0
41	71	0
86	11	0
86	56	0
42	1	0
37	25	0
42	54	1
76	41	0
24	56	0
36	44	0
26	76	0
77	98	0
92	56	0
56	72	0
93	0	0
93	37	0
60	9	0
94	50	0
66	51	0
64	78	0
2	35	1
43	63	0
73	26	0
10	85	0
25	61	0
9	94	0
91	62	0
45	5	1
80	65	0
84	6	0
99	79	0
23	2	0
41	98	0
24	68	0
61	97	0
41	29	0
77	17	0
88	12	0
59	14	1
91	12	0
52	52	0
74	28	0
79	57	0
6	1	0
1	55	1
30	99	0
20	74	0
56	95	0
42	67	0
83	42	0
68	7	1
48	85	0
52	63	0
96	95	0
62	39	0
67	91	0
80	24	0
26	9	0
47	0	0
48	21	1
28	27	0
92	55	0
73	12	0
20	43	0
17	28	0
36	53	1
45	34	0
95	74	0
92	66	0
63	28	0
88	8	0
71	11	0
75	14	0
49	41	0
43	25	0
8	73	0
83	90	0
49	88	0
7	97	0
35	51	0
55	9	1
52	38	0
78	39	0
69	48	0
78	77	0
82	87	0
73	26	0
70	81	0
71	9	0
79	60	0
72	53	0
65	55	0
95	76	0
72	11	0
89	19	0
21	45	0
65	94	0
63	72	0
77	19	0
17	78	0
96	45	0
59	95	0
99	26	0
62	26	0
36	55	0
57	50	0
30	68	1
61	82	0
75	31	0
79	78	0
20	87	0
95	94	0
1	76	0
48	52	1
98	4	0
89	31	0
42	71	0
55	52	0
69	45	0
18	92	0
73	30	0
91	57	0
45	32	0
35	92	0
30	11	0
42	47	1
57	97	0
3	46	1
36	86	0
37	79	0
15	69	0
13	23	0
74	5	0
75	33	0
98	9	0
81	97	0
31	66	1
30	26	0
74	9	0
58	48	0
67	95	0
2	22	0
46	85	0
91	48	0
29	76	0
75	2	0
41	66	0
62	22	0
58	11	1
81	19	0
89	45	0
8	81	0
75	12	0
80	97	0
31	99	0
88	68	0
43	54	1
9	31	0
65	93	0
69	44	0
8	74	0
62	22	0
88	42	0
77	46	0
72	60	0
17	51	0
97	53	0
19	94	0
99	58	0
19	95	0
86	88	0
41	26	0
74	76	0
57	92	0
48	47	1
59	96	0
79	49	0
44	48	1
23	64	0
84	3	0
2	78	0
79	58	0
21	97	0
44	52	1
44	67	0
78	26	0
24	57	0
52	31	0
90	54	0
72	21	0
80	87	0
42	95	0
39	57	1
42	44	0
66	99	0
59	19	1
39	88	0
86	83	0
85	74	0
74	10	0
22	3	0
40	36	0
33	56	0
35	4	1
2	77	0
83	79	0
61	84	0
65	49	0
71	16	0
38	66	0
36	74	0
84	54	0
91	2	0
15	71	0
79	11	0
56	59	0
57	26	1
35	7	1
38	38	0
84	88	0
25	77	0
56	88	0
72	19	0
77	16	0
47	58	0
61	83	0
25	96	0
94	24	0
81	10	0
81	26	0
13	67	0
18	98	0
14	82	0
57	31	0
72	87	0
75	95	0
1	35	0
64	60	0
77	91	0
77	62	0
67	67	0
22	93	0
12	77	0
43	26	0
10	22	0
44	36	0
31	45	0
96	34	0
84	48	0
66	9	1
63	34	0
58	48	0
39	25	0
94	74	0
54	80	0
81	49	0
32	61	1
39	99	0
80	57	0
27	10	0
97	48	0
65	85	0
39	32	0
48	56	0
32	96	0
59	96	0
89	66	0
23	84	0
62	44	0
1	75	0
58	50	0
47	70	0
68	52	0
57	71	0
60	87	0
11	52	0
58	54	0
84	49	0
80	63	0
39	76	0
70	87	0
46	28	0
98	23	0
54	48	0
92	9	0
5	79	0
55	91	0
88	72	0
72	69	0
17	92	0
7	67	0
79	85	0
38	27	0
7	85	0
73	98	0
54	61	0
86	64	0
21	89	0
74	45	0
21	0	0
50	91	0
23	86	0
8	18	0
89	58	0
89	23	0
77	29	0
77	15	0
19	14	0
23	55	0
79	29	0
1	78	0
59	72	0
1	39	1
24	76	0
64	50	0
67	92	0
65	41	0
72	86	0
76	51	0
76	81	0
5	82	0
51	47	0
30	78	0
70	55	0
59	45	0
92	44	0
99	99	0
82	96	0
52	59	0
76	52	0
68	69	0
68	4	0
68	81	0
84	73	0
88	10	0
56	80	0
6	99	0
49	41	0
66	39	0
65	30	0
71	20	0
21	81	0
78	20	0
31	66	1
90	13	0
37	59	0
46	32	0
58	94	0
68	76	0
49	80	0
71	88	0
83	64	0
84	49	0
96	64	0
79	96	0
99	43	0
36	64	0
85	82	0
40	74	0
77	83	0
99	49	0
45	88	0
87	74	0
86	51	0
80	30	0
42	48	1
3	63	0
50	80	0
74	16	0
67	31	0
81	84	0
66	45	0
13	88	0
22	87	0
65	45	0
88	23	0
84	50	0
98	1	0
83	97	0
57	41	0
34	79	0
96	21	0
68	48	0
27	78	0
16	97	0
27	73	0
9	84	0
61	60	0
45	28	0
43	78	0
43	47	1
69	76	0
74	11	0
21	85	0
90	52	0
20	21	0
13	77	0
73	62	0
69	47	0
43	61	0
92	47	0
87	53	0
76	51	0
55	12	1
57	68	0
83	47	0
2	28	0
99	80	0
56	47	0
43	85	0
7	78	0
24	86	0
31	59	0
89	27	0
56	93	0
6	98	0
97	69	0
55	28	1
77	22	0
23	17	0
30	32	0
70	11	0
18	72	0
84	52	0
92	36	0
6	5	0
1	33	0
69	16	0
39	83	0
98	86	0
3	10	0
50	93	0
82	31	0
38	9	1
97	82	0
44	60	0
65	71	0
24	36	0
91	39	0
89	68	0
19	75	0
20	84	0
29	72	0
23	95	0
76	10	0
22	58	0
11	87	0
39	37	0
49	19	1
45	64	0
68	43	0
48	8	1
34	73	0
95	20	0
5	30	0
79	51	0
81	22	0
48	51	1
29	23	0
44	13	1
20	93	0
44	82	0
22	63	0
21	22	0
23	81	0
19	78	0
69	58	0
91	45	0
35	59	0
81	99	0
47	29	0
62	74	0
40	80	0
16	91	0
91	40	0
46	56	0
8	16	0
88	53	0
61	50	0
89	25	0
89	24	0
76	34	0
57	91	0
44	36	0
59	46	0
60	32	0
41	0	0
35	93	0
57	64	0
92	33	0
60	98	0
83	55	0
75	46	0
40	84	0
34	77	0
90	28	0
52	45	0
70	4	0
97	99	0
77	84	0
51	80	0
72	25	0
86	80	0
20	81	0
61	24	0
20	95	0
40	59	0
88	66	0
68	10	1
95	95	0
83	10	0
95	94	0
61	14	1
71	24	0
77	59	0
66	30	0
7	80	0
58	98	0
64	78	0
0	22	0
8	90	0
12	76	0
42	18	1
44	37	0
11	46	1
77	40	0
45	12	1
1	65	0
27	87	0
61	92	0
99	48	0
4	67	0
70	42	0
26	93	0
81	49	0
71	43	0
30	56	0
83	37	0
78	45	0
62	67	0
54	49	0
0	80	0
0	6	0
78	67	0
19	62	0
18	5	0
1	90	0
26	71	0
98	40	0
71	84	0
85	62	0
99	82	0
51	52	0
59	31	0
2	79	0
54	60	0
39	49	1
70	41	0
83	22	0
