84	60	0
32	25	0
62	99	0
14	4	0
90	38	0
82	95	0
48	79	1
69	49	0
1	82	0
0	2	0
16	95	0
93	47	0
67	75	0
35	40	0
72	84	0
97	48	0
50	97	0
64	78	0
37	20	0
85	70	0
86	93	0
79	82	0
3	31	0
75	17	1
65	67	0
21	96	1
83	34	0
69	95	0
47	70	0
66	76	0
93	53	0
97	21	0
92	76	0
36	8	0
47	94	0
72	35	0
28	19	0
99	77	0
80	77	0
97	15	0
98	12	0
19	41	0
59	79	0
4	90	0
93	6	0
63	94	0
12	27	0
83	83	0
91	26	0
51	96	0
83	11	1
13	14	0
96	13	0
74	43	0
41	83	1
72	23	0
54	49	0
77	29	0
10	96	0
54	80	1
87	61	0
64	94	0
8	69	0
43	90	0
96	53	0
40	37	0
29	7	0
74	62	0
5	85	0
93	33	0
45	66	0
87	53	0
96	4	0
75	99	0
76	81	0
7	24	0
67	81	0
85	65	0
81	46	0
18	96	0
61	45	0
89	51	0
91	40	0
93	35	0
13	59	0
7	14	0
97	61	0
51	98	0
43	74	0
56	92	0
69	35	0
67	69	0
76	76	0
86	73	0
22	21	0
12	7	0
85	58	0
86	0	0
23	96	1
14	47	0
71	72	0
63	83	0
58	79	0
47	10	0
48	86	0
64	81	0
77	53	0
17	93	0
90	81	0
2	78	0
17	55	0
82	83	0
89	73	0
50	68	0
66	41	0
78	38	0
35	90	1
46	72	0
18	49	0
44	78	1
43	25	0
93	89	0
33	98	1
82	4	0
76	35	0
74	90	0
61	84	0
63	67	0
17	23	0
18	72	0
60	85	0
73	67	0
44	98	0
54	92	0
79	16	1
36	89	0
33	34	0
73	65	0
59	51	0
66	72	0
72	31	0
2	92	0
67	55	1
97	38	0
63	34	0
49	23	0
87	20	0
66	73	0
76	96	0
88	72	0
91	22	0
96	32	0
96	68	0
66	71	0
61	88	0
66	18	1
18	77	0
87	10	0
9	43	0
33	87	1
81	78	0
77	81	0
92	50	0
89	55	0
45	78	1
94	66	0
53	8	0
48	22	0
77	53	0
31	75	0
61	77	0
81	77	0
83	8	0
94	51	0
93	38	0
73	54	0
68	91	0
55	9	0
2	89	0
4	89	0
95	64	0
71	60	0
79	14	1
94	71	0
22	19	0
27	93	1
47	96	0
82	1	0
79	6	0
99	30	0
85	29	0
75	32	0
9	9	0
25	87	0
49	88	0
87	42	0
72	94	0
97	77	0
69	39	0
68	84	0
11	0	0
38	6	0
39	25	0
75	35	0
75	18	1
6	47	0
34	20	0
95	82	0
97	69	0
82	21	1
98	12	0
64	1	0
37	7	0
94	89	0
25	89	0
3	98	0
44	37	0
73	42	0
75	69	0
64	75	0
88	86	0
67	35	0
77	80	0
92	31	0
87	64	0
62	44	0
99	75	0
61	16	0
98	6	0
28	47	0
72	91	0
99	41	0
92	43	0
73	93	0
87	34	0
66	15	1
44	54	0
60	90	0
73	86	0
21	76	0
82	82	0
5	96	0
98	5	0
85	15	0
53	79	0
11	99	0
85	39	0
90	67	0
30	2	0
45	97	0
55	65	0
3	17	0
86	38	0
95	10	0
73	90	0
16	21	0
79	28	0
69	79	0
11	27	0
46	82	1
79	45	0
85	4	0
82	11	1
90	65	0
12	78	1
64	14	0
95	96	0
41	98	1
60	60	1
6	36	0
62	85	0
61	56	0
93	44	0
67	42	0
68	56	0
0	51	0
91	69	0
24	98	1
85	67	0
6	91	0
79	91	0
38	26	0
68	60	0
64	98	0
55	90	0
99	51	0
66	8	0
3	69	1
71	43	0
31	99	1
85	26	0
95	53	0
75	29	0
85	69	0
46	99	0
56	92	0
24	94	1
93	89	0
71	82	0
14	2	0
0	91	0
79	89	0
58	99	0
68	28	0
80	60	0
99	1	0
87	9	0
91	80	0
62	85	0
91	16	0
86	12	1
69	87	0
39	98	1
94	14	0
98	3	0
77	30	0
5	46	0
14	91	0
22	97	0
85	90	0
89	93	0
85	87	0
85	67	0
79	78	0
9	91	0
28	13	0
5	3	0
35	39	0
86	19	0
81	32	0
64	64	0
63	7	0
90	83	0
80	81	0
82	47	0
74	65	0
27	5	0
98	41	0
71	90	0
51	36	0
27	93	1
74	87	0
99	61	0
23	65	0
45	68	0
59	76	0
45	91	0
0	49	0
82	72	0
95	45	0
95	68	0
36	82	1
60	89	0
85	19	0
85	10	0
15	78	1
34	87	1
96	69	0
69	75	0
0	99	0
8	74	1
80	92	0
23	21	0
2	77	0
63	77	0
64	65	0
83	87	0
0	89	0
81	56	0
18	5	0
52	88	0
5	86	0
1	18	0
90	62	0
88	10	1
74	22	0
15	18	0
17	47	0
67	34	0
63	80	0
91	76	0
86	45	0
78	77	0
75	87	0
0	63	0
81	61	0
66	26	0
96	45	0
88	90	0
84	78	0
51	78	0
96	79	0
97	10	0
50	72	0
2	96	0
71	33	0
65	15	1
81	26	0
26	30	0
54	83	0
55	51	1
35	75	0
63	89	0
89	52	0
87	33	0
80	65	0
94	88	0
87	50	0
90	95	0
30	85	1
77	71	0
75	38	0
43	88	0
92	82	0
83	74	0
98	30	0
46	75	0
82	22	1
53	38	0
88	87	0
91	55	0
19	83	0
75	33	0
74	33	0
96	40	0
84	13	1
88	85	0
81	15	1
78	42	0
10	84	0
18	98	0
49	34	0
24	64	0
48	86	0
64	1	0
7	92	0
71	45	0
15	12	0
19	61	0
66	72	0
75	66	0
77	65	0
76	48	0
73	68	0
86	50	0
8	44	0
96	87	0
63	59	1
46	91	0
84	22	0
45	99	0
18	89	0
93	49	0
63	32	0
21	17	0
26	38	0
80	53	0
98	28	0
20	5	0
44	3	0
52	65	0
97	84	0
18	7	0
45	84	0
58	21	0
89	77	0
68	65	0
62	85	0
10	51	0
96	46	0
87	61	0
2	85	0
2	92	0
48	35	0
93	22	0
11	23	0
91	38	0
76	10	0
39	30	0
17	96	0
61	89	0
24	26	0
25	99	1
76	43	0
61	85	0
21	96	1
67	37	0
7	4	0
86	53	0
86	34	0
83	29	0
66	24	0
56	96	0
38	92	1
78	33	0
57	99	0
69	68	0
82	46	0
57	89	0
93	43	0
94	99	0
85	86	0
48	83	0
88	8	1
74	76	0
69	25	0
94	45	0
92	99	0
84	16	1
93	98	0
89	20	0
79	72	0
5	93	0
84	95	0
76	79	0
7	20	0
16	94	0
86	26	0
16	91	0
51	82	0
82	36	0
75	51	0
23	92	1
78	49	0
94	54	0
81	39	0
81	25	0
0	95	0
14	9	0
59	81	0
24	57	0
29	10	0
4	84	0
92	39	0
86	83	0
84	49	0
90	79	0
71	48	0
5	80	1
86	18	0
97	38	0
