94	64	0
28	0	0
30	32	0
61	98	0
21	3	0
92	42	0
99	92	0
58	13	0
59	76	0
60	25	0
80	50	0
5	88	0
15	7	0
20	88	0
96	25	0
77	79	0
55	42	0
17	57	0
89	54	0
95	15	0
45	97	0
61	65	0
73	80	0
54	3	0
26	76	0
51	18	0
89	74	0
67	91	0
92	78	0
0	36	0
52	10	0
44	21	0
95	27	0
19	56	1
81	64	0
11	89	0
35	96	0
88	18	0
79	84	0
40	10	0
38	66	0
92	69	0
96	71	0
54	62	0
99	50	0
11	83	0
75	4	0
99	63	0
16	71	0
71	12	0
11	74	0
55	87	0
27	73	0
95	69	0
44	35	0
39	29	0
94	87	0
99	92	0
99	4	0
19	99	0
98	12	0
33	2	0
71	87	0
37	3	0
5	95	0
89	15	0
32	80	0
62	94	0
45	57	0
9	29	0
68	84	0
14	55	1
91	31	0
29	87	0
58	98	0
63	31	0
28	95	0
61	94	0
1	16	0
98	9	0
88	20	0
52	71	0
88	37	0
93	60	0
48	17	0
29	12	0
68	53	0
3	96	0
48	2	0
45	68	0
49	7	0
60	31	0
85	34	0
32	62	0
79	48	0
5	61	0
80	94	0
2	92	0
40	94	0
96	55	0
69	12	0
38	68	0
30	61	0
60	6	0
67	54	0
8	65	0
31	0	0
9	47	0
36	50	0
63	81	0
43	37	0
13	93	0
79	29	0
46	83	0
76	66	0
92	10	0
74	93	0
58	69	0
30	22	0
61	91	0
98	75	0
75	58	0
28	93	0
66	33	0
29	19	0
72	9	0
11	59	0
94	75	0
97	25	0
87	47	0
36	52	0
56	2	0
76	63	0
18	24	0
46	26	0
99	57	0
45	33	0
60	80	0
60	80	0
50	25	0
41	41	0
60	38	0
9	50	0
19	44	1
22	62	0
72	88	0
47	58	0
40	97	0
72	39	0
73	64	0
51	65	0
90	66	0
21	22	0
52	54	0
23	12	0
11	76	0
30	64	0
86	39	0
36	47	0
91	1	0
40	84	0
57	29	0
41	40	0
72	78	0
28	70	0
50	66	0
42	90	0
39	52	0
42	14	0
51	16	0
40	90	0
24	65	0
76	79	0
96	63	0
25	96	0
98	74	0
28	50	0
24	70	0
50	74	0
55	55	0
17	23	0
72	85	0
97	76	0
50	64	0
62	29	0
4	43	0
55	9	0
73	51	0
58	19	0
81	21	0
21	50	1
1	47	0
44	52	0
68	30	0
38	69	0
85	22	0
38	97	0
24	60	0
39	21	1
80	83	0
44	54	0
26	10	0
28	78	0
61	7	0
91	86	0
45	91	0
96	3	0
8	68	0
20	68	0
97	35	0
51	86	0
24	51	1
56	75	0
67	66	0
46	61	0
21	77	0
21	53	0
68	4	0
12	55	0
61	79	0
95	49	0
41	85	0
80	62	0
78	22	0
51	70	0
19	78	0
34	99	0
44	27	0
74	32	0
80	42	0
57	44	0
74	69	0
5	41	0
63	24	0
19	98	0
61	64	0
79	43	0
70	28	0
54	5	0
6	45	0
96	23	0
35	21	0
69	73	0
62	89	0
75	42	0
95	34	0
98	12	0
0	35	0
90	72	0
35	96	0
94	80	0
34	99	0
60	32	0
76	35	0
19	87	0
87	22	0
29	58	0
27	74	0
51	11	0
33	95	0
78	87	0
79	84	0
93	51	0
99	63	0
11	92	0
36	75	0
77	5	0
74	48	0
34	18	0
41	0	0
51	26	0
53	51	0
83	50	0
33	55	0
39	47	0
29	78	0
73	87	0
83	57	0
56	77	0
79	8	0
91	39	0
65	12	0
24	41	0
82	44	0
79	52	0
70	70	0
5	37	0
30	67	0
57	22	0
18	91	0
32	82	0
13	77	0
87	77	0
51	12	0
34	1	0
36	52	0
80	71	0
63	3	0
84	95	0
20	1	0
50	90	0
9	68	0
47	90	0
45	35	0
10	50	0
74	33	0
74	11	0
50	15	0
74	14	0
39	62	0
5	53	0
73	19	0
84	61	0
6	7	0
7	64	0
32	96	0
8	83	0
52	96	0
52	66	0
62	45	0
68	5	0
47	78	0
49	70	0
96	89	0
37	24	1
2	56	0
31	44	1
59	48	0
76	78	0
30	31	1
85	27	0
32	3	0
49	1	0
50	16	0
41	32	0
75	61	0
62	14	0
14	51	0
31	11	0
44	60	0
43	37	0
30	40	1
91	74	0
84	57	0
10	49	0
62	35	0
96	8	0
64	12	0
69	24	0
45	41	0
39	35	0
3	72	0
64	82	0
39	74	0
20	99	0
26	76	0
52	11	0
40	37	0
98	39	0
85	43	0
3	62	0
81	64	0
77	83	0
83	28	0
79	85	0
78	0	0
74	71	0
77	62	0
27	31	1
62	50	0
87	74	0
65	8	0
97	20	0
32	47	0
47	96	0
63	76	0
79	18	0
23	69	0
98	26	0
66	97	0
89	15	0
62	28	0
34	58	0
63	37	0
34	53	0
53	85	0
79	37	0
37	18	1
75	84	0
35	54	0
17	95	0
96	96	0
49	31	0
3	94	0
52	51	0
92	11	0
83	37	0
24	65	0
66	54	0
34	23	1
55	51	0
10	97	0
82	25	0
43	7	0
90	51	0
51	46	0
31	90	0
14	6	0
59	61	0
55	99	0
3	47	0
40	80	0
41	81	0
50	26	0
21	82	0
19	29	0
72	1	0
75	15	0
89	3	0
88	89	0
18	69	0
48	20	0
85	1	0
75	58	0
74	93	0
0	24	0
61	96	0
99	64	0
34	83	0
82	5	0
46	61	0
68	18	0
70	10	0
38	16	0
43	14	0
97	9	0
85	39	0
11	91	0
82	13	0
93	92	0
27	94	0
98	73	0
39	48	0
15	25	0
79	97	0
62	46	0
3	85	0
66	38	0
78	38	0
72	39	0
85	68	0
29	66	0
93	65	0
40	92	0
92	71	0
25	99	0
89	85	0
42	35	0
60	66	0
63	99	0
50	66	0
59	94	0
75	55	0
39	46	0
37	58	0
85	2	0
1	87	0
95	56	0
24	86	0
42	67	0
45	83	0
86	43	0
32	52	0
42	20	0
87	58	0
68	13	0
83	97	0
48	93	0
40	58	0
50	15	0
35	43	0
57	97	0
43	17	0
38	66	0
82	76	0
38	11	0
95	91	0
65	4	0
4	5	0
45	37	0
23	69	0
44	4	0
13	73	0
89	80	0
64	83	0
63	41	0
68	1	0
41	63	0
44	62	0
94	57	0
93	5	0
11	73	0
83	3	0
53	73	0
56	26	0
38	12	0
34	64	0
83	85	0
35	67	0
50	82	0
65	32	0
23	50	1
72	35	0
42	56	0
66	96	0
23	97	0
96	16	0
96	19	0
74	14	0
21	64	0
30	96	0
22	89	0
65	42	0
77	79	0
79	94	0
4	38	0
63	39	0
71	81	0
71	61	0
63	82	0
9	85	0
16	77	0
44	19	0
47	15	0
6	37	0
41	43	0
36	43	0
97	31	0
85	41	0
80	10	0
73	43	0
56	56	0
28	46	1
44	25	0
94	81	0
46	96	0
82	55	0
38	68	0
36	92	0
79	54	0
24	50	0
76	24	0
29	14	0
94	53	0
79	94	0
47	45	0
7	48	0
46	11	0
50	53	0
41	83	0
71	90	0
94	61	0
13	79	0
71	49	0
13	62	0
64	49	0
43	70	0
55	53	0
44	74	0
64	74	0
4	64	0
65	64	0
78	49	0
84	54	0
37	69	0
65	85	0
43	12	0
98	21	0
52	50	0
91	4	0
7	85	0
37	80	0
88	64	0
18	48	1
74	72	0
17	93	0
18	81	0
84	84	0
41	23	0
2	70	0
64	99	0
52	60	0
92	69	0
23	99	0
86	38	0
15	0	0
37	72	0
25	81	0
35	16	0
16	56	1
13	18	0
86	65	0
98	17	0
48	12	0
66	38	0
88	12	0
21	6	0
32	62	0
85	31	0
10	63	0
53	80	0
3	46	0
23	74	0
73	60	0
53	99	0
71	50	0
73	81	0
73	56	0
48	54	0
74	75	0
8	78	0
41	40	0
27	81	0
81	48	0
70	31	0
90	54	0
97	98	0
89	87	0
38	71	0
77	45	0
58	58	0
36	25	1
35	17	0
34	64	0
6	44	0
69	7	0
69	79	0
89	82	0
87	3	0
16	49	1
61	80	0
9	96	0
49	10	0
53	29	0
67	24	0
57	21	0
37	22	0
77	8	0
36	89	0
70	16	0
33	96	0
99	22	0
42	62	0
65	35	0
70	98	0
79	69	0
34	77	0
65	95	0
89	64	0
90	44	0
13	66	0
89	83	0
73	93	0
18	59	0
97	46	0
33	71	0
93	87	0
51	94	0
29	13	0
75	74	0
98	52	0
45	83	0
76	71	0
97	58	0
78	41	0
29	55	0
3	61	0
60	81	0
66	26	0
50	43	0
50	10	0
34	22	1
87	78	0
15	54	0
63	28	0
46	8	0
51	23	0
5	88	0
10	54	0
11	77	0
71	45	0
95	22	0
94	25	0
98	1	0
66	92	0
6	57	0
62	24	0
59	49	0
38	85	0
91	28	0
60	55	0
33	84	0
19	93	0
35	64	0
23	96	0
31	7	0
69	72	0
46	17	0
40	74	0
52	45	0
1	42	0
67	64	0
64	20	0
27	89	0
95	54	0
25	46	1
17	33	0
14	70	0
82	60	0
65	55	0
45	42	0
94	64	0
96	66	0
63	46	0
59	15	0
72	65	0
81	36	0
9	42	0
90	80	0
52	36	0
21	74	0
0	84	0
27	98	0
25	59	0
95	25	0
0	56	0
57	89	0
4	87	0
85	64	0
49	33	0
88	26	0
17	19	0
32	33	0
70	12	0
30	72	0
45	56	0
98	59	0
86	36	0
5	0	0
0	45	0
52	18	0
4	45	0
76	8	0
47	70	0
26	31	1
90	90	0
1	11	0
42	97	0
93	44	0
39	4	0
89	89	0
54	59	0
70	65	0
39	41	0
91	34	0
92	76	0
10	65	0
7	77	0
7	43	0
24	67	0
13	88	0
66	18	0
33	55	0
11	93	0
33	16	0
61	12	0
36	66	0
66	47	0
44	7	0
39	77	0
99	21	0
6	27	0
74	43	0
90	23	0
48	45	0
27	23	0
44	4	0
18	92	0
49	68	0
33	57	0
30	14	0
21	98	0
24	75	0
61	44	0
90	49	0
34	76	0
85	93	0
53	28	0
67	68	0
61	93	0
2	85	0
84	41	0
50	54	0
11	21	0
95	70	0
56	54	0
99	21	0
71	14	0
84	29	0
59	99	0
46	46	0
47	37	0
67	25	0
45	2	0
51	89	0
49	75	0
19	47	0
80	31	0
57	91	0
92	43	0
91	56	0
38	78	0
33	67	0
82	27	0
51	41	0
72	8	0
96	93	0
80	78	0
52	71	0
74	46	0
77	92	0
17	78	0
53	13	0
16	96	0
7	56	0
44	61	0
75	83	0
63	16	0
99	94	0
88	14	0
99	97	0
66	10	0
74	25	0
64	62	0
57	32	0
22	87	0
48	89	0
76	81	0
8	36	0
16	78	0
6	78	0
36	12	0
43	46	0
18	54	0
1	46	0
86	45	0
46	19	0
16	64	0
26	86	0
66	98	0
96	44	0
0	68	0
67	45	0
33	73	0
83	51	0
74	32	0
5	52	0
26	56	0
86	40	0
73	56	0
83	52	0
11	66	0
61	51	0
0	85	0
2	3	0
88	63	0
16	65	0
23	9	0
38	23	1
1	96	0
18	82	0
92	42	0
75	78	0
82	60	0
88	80	0
50	65	0
63	44	0
1	68	0
48	63	0
30	62	0
62	47	0
91	20	0
