99	67	0
19	16	0
61	98	0
7	5	0
92	37	0
98	99	0
44	15	1
47	84	0
56	24	0
82	50	0
7	91	0
6	8	0
12	95	0
94	34	0
74	74	0
43	32	0
83	71	0
96	16	0
59	95	0
44	70	0
83	68	0
49	9	0
26	84	0
54	19	0
90	66	0
81	89	0
84	77	0
13	35	0
57	16	1
54	38	0
86	25	0
80	71	0
12	74	0
29	95	0
83	11	0
67	89	0
32	11	0
47	70	0
81	72	0
96	72	0
58	68	0
98	33	0
16	73	0
65	8	0
98	68	0
19	75	0
57	2	0
11	73	0
42	99	0
33	67	0
90	55	0
56	36	0
39	18	0
97	88	0
89	95	0
93	15	0
28	90	0
96	8	0
23	15	0
77	93	0
32	6	1
4	88	0
84	9	0
24	71	0
67	90	0
36	59	0
8	25	0
72	83	0
88	33	0
21	95	0
44	99	0
67	27	0
27	92	0
54	98	0
14	15	0
99	17	0
79	26	0
54	75	0
84	35	0
86	59	0
58	4	0
71	41	0
1	98	0
68	4	0
44	74	0
41	5	1
58	23	0
86	11	0
39	52	1
85	59	0
0	52	0
79	86	0
2	76	0
36	94	0
96	55	0
73	27	0
32	67	0
36	61	1
72	2	0
66	51	0
14	75	0
31	2	0
64	68	0
45	32	0
6	98	0
94	29	0
41	80	0
79	70	0
92	2	0
63	87	0
65	75	0
7	26	0
59	92	0
97	85	0
82	56	0
24	89	0
68	31	0
80	6	0
97	60	0
89	38	0
94	53	0
36	44	0
61	13	1
58	68	0
7	25	0
48	31	0
87	57	0
50	23	1
49	77	0
55	74	0
62	21	0
48	34	0
52	21	1
60	80	0
48	59	0
48	95	0
74	41	0
65	69	0
54	73	0
94	54	0
29	15	0
43	42	0
15	13	0
17	83	0
31	59	0
79	41	0
52	37	0
87	0	0
33	83	0
50	22	1
33	37	0
69	83	0
30	67	0
58	61	0
43	88	0
41	49	1
38	1	0
57	15	0
40	96	0
26	58	0
76	80	0
93	62	0
21	99	0
91	74	0
31	48	0
23	77	0
52	72	0
47	50	1
15	34	0
73	84	0
99	90	0
44	72	0
78	42	0
4	40	1
62	10	1
63	48	0
60	14	0
74	20	0
5	53	1
37	58	0
54	14	0
35	64	0
92	32	0
29	95	0
20	62	0
78	93	0
48	52	0
20	19	0
38	81	0
50	15	0
98	97	0
35	89	0
95	0	0
18	76	0
99	31	0
56	97	0
71	86	0
60	58	0
26	51	0
14	70	0
57	1	0
56	87	0
98	52	0
39	91	0
68	70	0
87	27	0
51	74	0
31	81	0
35	86	0
32	19	0
67	25	0
81	51	0
52	40	0
76	71	0
1	56	1
76	18	0
19	89	0
61	60	0
86	34	0
77	38	0
47	1	0
5	39	0
85	30	0
73	78	0
59	98	0
76	57	0
97	28	0
89	9	0
2	36	0
89	74	0
35	99	0
84	79	0
42	99	0
50	34	0
84	37	0
25	99	0
84	22	0
22	58	0
30	83	0
47	14	0
24	89	0
76	87	0
86	75	0
93	59	0
98	53	0
18	85	0
41	69	0
86	9	0
87	51	0
40	1	0
32	24	0
43	56	0
79	42	0
23	55	0
35	37	0
30	74	0
77	98	0
97	54	0
58	73	0
95	7	0
97	32	0
64	5	0
93	48	0
77	52	0
61	79	0
5	35	0
42	60	0
73	24	0
14	86	0
32	65	0
6	93	0
91	64	0
41	3	0
82	65	0
80	1	0
97	80	0
21	0	0
41	94	0
21	62	0
56	94	0
41	32	0
79	18	0
83	12	0
56	11	1
88	14	0
50	49	0
75	28	0
77	58	0
8	6	0
1	59	0
32	96	0
20	78	0
54	96	0
46	70	0
78	40	0
64	2	0
46	85	0
47	63	0
96	94	0
0	44	1
58	43	0
66	87	0
78	24	0
24	7	0
49	2	0
52	13	0
35	35	0
84	53	0
72	16	0
19	43	0
16	28	0
33	50	0
43	33	0
96	69	0
91	62	0
4	50	1
63	33	0
83	8	0
69	9	0
75	18	0
52	40	0
40	30	0
5	74	0
76	84	0
37	90	0
9	94	0
34	57	0
56	10	1
53	38	0
85	37	0
73	54	0
82	72	0
82	86	0
81	33	0
69	82	0
73	8	0
75	56	0
73	54	0
65	53	0
94	73	0
75	7	0
91	17	0
23	44	0
60	91	0
62	70	0
77	14	0
23	78	0
99	38	0
53	98	0
98	27	0
60	24	0
35	55	0
61	43	0
34	60	0
60	79	0
76	26	0
80	78	0
21	91	0
94	95	0
44	13	1
8	79	0
44	51	1
97	1	0
86	32	0
36	73	0
55	53	0
66	45	0
21	99	0
76	28	0
90	55	0
49	33	0
42	89	0
28	10	0
46	45	0
51	93	0
3	44	1
36	84	0
39	84	0
51	21	1
20	69	0
12	27	0
75	7	0
71	32	0
97	10	0
78	98	0
33	66	0
34	26	0
77	8	0
60	49	0
68	99	0
0	25	0
51	85	0
92	52	0
31	75	0
72	1	0
40	64	0
64	17	0
53	11	0
84	19	0
92	41	0
4	82	0
71	9	0
83	99	0
30	96	0
87	72	0
46	52	1
11	30	0
64	97	0
72	45	0
5	79	0
72	26	0
90	47	0
72	49	0
74	61	0
21	55	0
96	48	0
23	89	0
94	63	0
24	99	0
89	92	0
43	32	0
71	73	0
58	90	0
48	50	0
60	93	0
79	49	0
44	49	0
25	59	0
90	4	0
2	86	0
84	56	0
23	95	0
49	50	0
44	70	0
78	26	0
30	54	0
55	29	0
92	53	0
72	21	0
82	89	0
45	93	0
39	55	1
40	43	0
62	99	0
55	22	1
41	84	0
90	79	0
86	77	0
75	10	0
21	10	0
39	38	0
32	57	0
41	4	1
7	79	0
83	77	0
61	88	0
67	52	0
65	14	0
36	65	0
38	79	0
92	50	0
88	3	0
16	71	0
74	8	0
54	62	0
49	25	1
40	11	1
36	43	0
87	86	0
24	74	0
59	85	0
67	18	0
75	12	0
49	56	0
63	86	0
22	99	0
96	24	0
80	10	0
78	26	0
10	67	0
14	99	0
15	78	0
59	36	0
73	83	0
79	97	0
3	32	0
64	55	0
72	89	0
77	62	0
63	67	0
19	99	0
12	76	0
47	25	0
4	26	0
45	36	0
30	41	0
97	33	0
81	50	0
61	8	0
67	30	0
56	49	0
37	21	0
91	79	0
54	79	0
83	49	0
33	64	0
41	99	0
76	54	0
53	12	1
31	14	0
97	51	0
64	86	0
46	31	0
50	58	0
30	97	0
65	98	0
92	66	0
23	78	0
67	49	0
1	73	0
58	52	0
46	76	0
66	56	0
55	77	0
62	88	0
8	59	0
56	52	0
79	47	0
78	62	0
38	80	0
76	84	0
44	30	0
99	19	0
53	43	0
99	10	0
7	80	0
53	88	0
89	70	0
71	69	0
18	90	0
11	68	0
80	87	0
45	29	0
4	83	0
71	98	0
49	64	0
90	62	0
21	89	0
77	40	0
20	0	0
48	84	0
20	81	0
12	16	0
90	54	0
92	19	0
51	17	1
71	31	0
76	14	0
22	13	0
27	59	0
77	28	0
2	79	0
60	74	0
7	38	0
23	78	0
60	51	0
61	96	0
69	45	0
76	87	0
76	55	0
73	82	0
1	86	0
51	44	0
25	79	0
79	51	0
57	42	0
94	45	0
97	94	0
80	94	0
50	66	0
76	52	0
69	70	0
37	56	1
64	5	0
66	84	0
83	74	0
86	3	0
57	81	0
3	98	0
49	24	1
50	39	0
71	36	0
67	30	0
73	23	0
19	90	0
73	29	0
31	69	0
91	16	0
40	64	0
46	37	0
62	91	0
73	75	0
47	80	0
73	96	0
81	60	0
85	49	0
95	70	0
78	97	0
98	43	0
33	65	0
85	81	0
47	78	0
80	87	0
99	49	0
46	86	0
88	68	0
85	52	0
81	33	0
42	46	0
4	64	0
58	80	0
74	9	0
65	27	0
80	83	0
64	41	0
14	87	0
17	91	0
62	36	0
86	18	0
88	50	0
98	4	0
78	98	0
53	28	1
54	42	0
33	75	0
98	18	0
68	50	0
30	76	0
26	98	0
27	74	0
11	90	0
32	13	1
62	64	0
43	30	0
46	73	0
40	47	0
65	74	0
76	12	0
14	87	0
94	53	0
20	22	0
15	81	0
68	59	0
72	46	0
45	65	0
92	50	0
90	57	0
77	57	0
52	12	1
57	67	0
83	45	0
2	31	0
98	77	0
51	47	0
41	79	0
6	75	0
24	92	0
30	59	0
91	30	0
9	51	1
58	92	0
6	94	0
94	66	0
53	29	0
73	21	0
28	19	0
33	38	0
76	7	0
16	75	0
83	57	0
91	38	0
0	5	0
4	36	0
72	13	0
43	75	0
95	86	0
1	11	0
50	91	0
81	32	0
40	11	1
93	79	0
44	59	0
73	77	0
27	31	0
97	36	0
87	73	0
23	69	0
16	85	0
1	48	1
28	75	0
24	97	0
73	13	0
29	59	0
10	86	0
34	35	0
49	15	1
41	60	0
66	45	0
45	7	1
31	80	0
97	24	0
6	28	0
74	49	0
89	25	0
55	59	0
29	19	0
39	7	0
18	93	0
43	80	0
25	61	0
22	18	0
21	80	0
25	75	0
72	56	0
94	42	0
36	65	0
81	99	0
46	32	0
60	69	0
42	82	0
14	86	0
87	43	0
44	62	0
8	21	0
90	50	0
65	50	0
90	25	0
89	19	0
72	33	0
57	93	0
45	38	0
62	41	0
58	29	0
40	1	0
34	92	0
58	70	0
89	28	0
62	99	0
85	56	0
77	46	0
35	78	0
30	76	0
80	27	0
53	43	0
72	1	0
99	96	0
76	77	0
49	79	0
74	31	0
87	80	0
17	79	0
59	31	0
15	98	0
13	57	1
33	66	0
86	63	0
64	13	0
99	92	0
86	10	0
99	94	0
57	10	0
67	20	0
77	52	0
69	31	0
9	84	0
55	91	0
67	80	0
6	25	0
10	86	0
17	73	0
44	10	1
39	38	0
5	47	1
81	41	0
50	17	1
2	61	0
23	84	0
66	92	0
92	46	0
1	71	0
66	43	0
27	91	0
82	56	0
71	41	0
25	53	0
84	39	0
75	43	0
65	64	0
11	60	1
53	46	0
4	86	0
3	6	0
82	71	0
15	65	0
18	7	0
4	93	0
24	74	0
96	42	0
69	81	0
84	63	0
95	85	0
51	57	0
59	37	0
2	77	0
52	58	0
36	55	0
65	36	0
83	25	0
