98	69	0
19	16	0
62	95	0
5	3	0
95	38	0
97	99	0
43	17	1
47	83	0
57	24	0
81	53	0
4	90	0
3	8	0
14	97	0
97	35	0
72	74	0
41	33	0
83	70	0
95	17	0
57	96	0
43	70	0
82	68	0
50	11	0
24	86	0
53	20	0
89	68	0
79	91	0
85	78	0
14	33	0
56	19	1
53	36	0
86	27	0
78	66	0
13	76	0
31	96	0
83	10	0
63	92	0
30	9	0
49	69	0
83	71	0
97	72	0
59	65	0
99	33	0
14	74	0
65	10	0
97	69	0
19	75	0
55	2	0
10	74	0
41	98	0
35	64	0
87	53	0
52	36	0
38	16	0
99	89	0
90	96	0
94	14	0
27	90	0
97	7	0
25	17	0
76	94	0
32	9	1
3	89	0
84	6	0
21	69	0
67	91	0
36	59	0
10	28	0
72	84	0
90	35	0
24	94	0
48	96	0
67	27	0
30	92	0
54	94	0
16	13	0
98	16	0
77	29	0
54	76	0
87	37	0
86	61	0
55	7	0
67	43	0
1	99	0
69	7	0
43	73	0
42	1	1
56	23	0
85	14	0
38	54	1
87	59	0
1	53	0
77	87	0
2	80	0
36	94	0
97	56	0
73	28	0
34	69	0
33	63	1
75	1	0
67	53	0
14	77	0
32	0	0
64	68	0
43	32	0
6	99	0
95	28	0
39	82	0
79	70	0
89	3	0
60	83	0
63	77	0
5	27	0
62	93	0
95	82	0
82	55	0
22	86	0
68	31	0
80	6	0
98	59	0
87	37	0
92	51	0
34	45	0
59	14	1
59	67	0
10	28	0
49	31	0
86	55	0
52	22	1
49	79	0
57	74	0
63	23	0
50	36	0
52	23	1
59	79	0
50	58	0
45	96	0
75	42	0
64	68	0
54	71	0
93	55	0
27	14	0
43	37	0
17	15	0
18	82	0
30	61	0
78	44	0
55	39	0
87	2	0
31	80	0
52	25	1
31	38	0
66	84	0
27	66	0
59	62	0
46	84	0
43	48	1
38	1	0
58	17	0
41	93	0
24	61	0
72	78	0
92	62	0
21	96	0
90	71	0
31	50	0
22	75	0
49	74	0
48	47	1
17	33	0
75	82	0
98	88	0
47	72	0
80	41	0
3	40	1
64	9	1
60	46	0
56	16	0
74	18	0
9	52	1
38	57	0
53	13	0
33	66	0
94	33	0
30	95	0
21	62	0
75	93	0
48	50	1
22	22	0
38	82	0
53	17	0
97	96	0
34	90	0
96	0	0
19	76	0
98	32	0
54	97	0
71	85	0
61	56	0
26	52	0
15	71	0
57	0	0
58	87	0
97	51	0
38	88	0
68	71	0
87	22	0
51	74	0
32	80	0
35	85	0
28	20	0
67	25	0
78	48	0
51	38	0
75	70	0
2	56	1
73	20	0
20	90	0
61	60	0
87	35	0
76	36	0
47	2	0
4	39	1
88	29	0
73	79	0
63	99	0
74	55	0
99	29	0
87	11	0
4	36	0
88	71	0
34	98	0
85	83	0
44	99	0
45	34	0
86	37	0
25	96	0
87	20	0
19	57	0
28	85	0
48	15	1
22	86	0
76	88	0
87	76	0
93	61	0
99	51	0
18	86	0
44	68	0
87	11	0
89	53	0
40	1	0
36	25	0
42	56	0
77	41	0
26	55	0
39	40	0
27	75	0
77	99	0
96	58	0
58	74	0
96	6	0
94	31	0
62	7	0
91	48	0
74	49	0
61	79	0
2	36	0
43	58	0
72	26	0
12	86	0
30	62	0
9	93	0
91	64	0
42	7	1
80	65	0
81	1	0
99	81	0
21	2	0
41	97	0
22	67	0
59	98	0
40	30	0
81	15	0
84	9	0
56	13	1
91	15	0
50	51	0
75	25	0
75	58	0
10	6	0
1	56	1
30	98	0
22	78	0
55	98	0
44	69	0
79	42	0
64	3	0
46	87	0
49	62	0
96	94	0
4	41	1
58	41	0
66	89	0
78	21	0
25	6	0
49	0	0
51	16	0
33	30	0
87	56	0
73	16	0
19	42	0
13	30	0
33	52	0
41	36	0
94	69	0
87	63	0
3	50	1
65	33	0
85	6	0
70	13	0
73	15	0
51	41	0
42	30	0
8	73	0
80	83	0
41	90	0
7	96	0
33	56	0
53	12	1
52	37	0
83	38	0
72	51	0
82	75	0
83	85	0
79	33	0
71	84	0
75	9	0
75	57	0
72	54	0
66	53	0
93	74	0
76	10	0
89	16	0
22	43	0
59	94	0
61	71	0
73	14	0
19	78	0
97	41	0
57	98	0
99	25	0
62	26	0
33	56	0
58	45	0
33	63	1
59	78	0
78	30	0
81	78	0
20	89	0
95	95	0
46	13	1
5	78	0
44	49	1
94	0	0
87	32	0
38	76	0
54	54	0
65	43	0
21	96	0
72	26	0
90	57	0
48	30	0
41	91	0
26	8	0
45	44	0
49	91	0
3	43	1
35	86	0
41	82	0
51	20	1
17	68	0
13	27	0
76	7	0
75	32	0
99	12	0
80	98	0
30	66	0
34	27	0
77	9	0
58	49	0
68	97	0
1	24	0
50	86	0
95	54	0
29	77	0
73	1	0
43	66	0
64	18	0
55	11	1
83	20	0
91	42	0
7	85	0
71	10	0
82	96	0
30	99	0
85	72	0
49	52	1
14	30	0
63	94	0
70	44	0
4	76	0
70	27	0
90	44	0
73	50	0
73	59	0
20	49	0
97	47	0
20	90	0
97	62	0
22	99	0
86	91	0
42	31	0
70	76	0
56	92	0
48	49	1
64	95	0
81	49	0
46	49	0
26	61	0
86	4	0
3	85	0
81	56	0
21	94	0
45	51	0
42	69	0
78	25	0
26	56	0
52	28	0
91	52	0
72	22	0
81	89	0
40	91	0
37	56	1
40	42	0
63	99	0
56	20	1
40	88	0
88	82	0
89	74	0
74	10	0
21	9	0
39	38	0
35	57	0
39	4	1
6	78	0
86	80	0
62	88	0
66	51	0
66	12	0
38	67	0
38	76	0
91	51	0
88	4	0
18	70	0
76	6	0
52	61	0
51	28	1
40	9	1
36	43	0
86	87	0
25	75	0
57	86	0
70	19	0
75	12	0
50	56	0
60	83	0
20	97	0
94	23	0
81	10	0
79	25	0
11	69	0
14	99	0
12	81	0
59	35	0
72	84	0
77	95	0
2	33	0
62	55	0
72	89	0
75	60	0
66	65	0
22	98	0
8	77	0
43	28	0
7	25	0
44	38	0
31	43	0
95	32	0
81	50	0
61	7	0
66	32	0
54	50	0
39	25	0
90	77	0
57	76	0
83	50	0
32	66	0
43	98	0
78	56	0
54	10	1
29	13	0
98	49	0
66	87	0
44	34	0
48	58	0
31	97	0
64	98	0
90	68	0
24	80	0
65	49	0
6	72	0
57	53	0
44	76	0
64	53	0
54	75	0
61	89	0
8	57	0
56	51	0
79	48	0
79	60	0
38	78	0
73	86	0
46	28	0
98	22	0
54	45	0
97	10	0
7	80	0
54	88	0
91	70	0
71	70	0
16	92	0
8	69	0
79	83	0
42	27	0
6	82	0
73	98	0
51	64	0
89	65	0
21	89	0
74	40	0
21	1	0
46	86	0
20	82	0
11	19	0
90	55	0
92	20	0
50	20	1
74	32	0
75	13	0
21	13	0
26	55	0
77	28	0
0	78	0
61	75	0
3	38	0
24	77	0
62	51	0
63	93	0
67	44	0
76	87	0
74	54	0
72	81	0
2	84	0
51	46	0
28	80	0
77	50	0
56	43	0
95	46	0
99	94	0
80	93	0
49	64	0
75	51	0
69	70	0
37	55	1
66	5	0
66	83	0
87	75	0
90	5	0
58	78	0
3	98	0
49	25	1
51	41	0
70	36	0
67	31	0
72	21	0
20	86	0
76	25	0
33	66	0
90	15	0
40	62	0
47	33	0
60	90	0
70	77	0
46	80	0
73	94	0
81	60	0
86	47	0
97	71	0
81	96	0
97	43	0
33	64	0
82	81	0
43	77	0
77	87	0
98	50	0
45	84	0
87	69	0
87	51	0
79	33	0
42	45	0
3	62	0
57	80	0
75	9	0
68	27	0
79	81	0
64	42	0
12	86	0
20	91	0
60	39	0
85	20	0
85	50	0
98	3	0
80	97	0
52	24	1
57	40	0
34	77	0
96	19	0
68	49	0
29	77	0
21	97	0
27	73	0
13	90	0
31	13	1
64	65	0
46	33	0
45	73	0
40	48	0
67	74	0
73	9	0
15	89	0
93	54	0
21	23	0
13	80	0
69	59	0
70	44	0
46	60	0
92	49	0
88	54	0
78	54	0
54	10	1
58	66	0
82	44	0
4	31	0
97	78	0
51	48	0
41	80	0
7	76	0
25	90	0
31	62	0
92	28	0
57	95	0
6	96	0
97	68	0
55	32	1
75	22	0
26	18	0
34	38	0
75	8	0
16	72	0
85	54	0
92	38	0
1	9	0
3	36	0
71	15	0
43	78	0
97	88	0
2	10	0
50	93	0
82	32	0
39	9	1
95	80	0
44	60	0
69	76	0
24	33	0
96	37	0
88	70	0
20	70	0
19	86	0
0	51	1
27	74	0
21	98	0
77	12	0
30	58	0
12	86	0
36	34	0
49	15	1
45	62	0
65	44	0
46	7	1
34	76	0
97	24	0
6	27	0
76	49	0
85	26	0
53	57	0
29	19	0
43	9	0
17	94	0
42	81	0
26	62	0
22	18	0
20	78	0
24	75	0
70	56	0
94	42	0
34	63	0
82	99	0
45	31	0
59	72	0
43	81	0
16	87	0
89	41	0
42	59	0
7	22	0
90	51	0
67	50	0
90	24	0
89	21	0
74	32	0
59	89	0
44	39	0
64	43	0
60	30	0
38	1	0
34	94	0
59	66	0
89	29	0
63	99	0
84	57	0
78	48	0
35	80	0
34	75	0
81	29	0
52	44	0
69	2	0
96	98	0
78	79	0
51	79	0
73	30	0
87	78	0
19	79	0
62	29	0
18	98	0
37	62	0
84	62	0
64	11	1
97	95	0
86	9	0
96	92	0
58	10	0
68	21	0
77	52	0
67	29	0
10	86	0
56	95	0
65	80	0
5	24	0
10	84	0
18	74	0
43	12	1
40	38	0
5	47	1
83	41	0
48	14	1
3	62	0
26	85	0
61	92	0
92	43	0
2	71	0
66	43	0
28	91	0
84	53	0
73	40	0
25	55	0
83	39	0
76	41	0
63	63	0
10	59	1
55	46	0
3	84	0
3	8	0
83	71	0
16	65	0
20	6	0
4	92	0
23	70	0
99	41	0
69	82	0
83	63	0
96	83	0
52	55	0
58	36	0
2	74	0
53	59	0
37	54	1
64	37	0
87	22	0
