92	69	0
28	13	0
60	99	0
7	3	0
96	48	0
99	95	0
41	73	0
66	45	0
0	88	0
5	10	0
10	94	0
91	45	0
61	80	0
32	32	0
93	85	0
92	34	0
45	96	0
39	75	0
72	73	0
51	10	0
30	79	1
82	69	0
94	80	0
81	96	0
4	27	0
40	34	1
84	19	0
76	67	0
6	70	0
32	91	0
84	16	0
68	90	0
50	72	0
80	75	0
97	53	0
59	57	1
97	38	0
18	75	0
86	72	0
18	68	0
49	3	0
14	76	0
39	89	0
85	46	0
45	37	1
41	16	0
99	90	0
88	94	0
94	17	0
27	81	0
94	9	0
23	20	0
69	84	0
0	90	0
88	3	0
63	91	0
9	29	0
70	79	0
85	28	0
26	89	0
52	92	0
79	29	0
32	92	0
38	89	0
18	11	0
96	12	0
79	30	0
53	80	0
86	25	0
66	47	0
69	35	0
6	95	0
80	0	1
50	84	0
82	0	0
92	62	0
5	65	1
63	88	0
1	76	0
39	92	0
96	62	0
77	25	0
63	13	0
61	42	0
9	64	1
36	9	0
74	63	0
2	94	0
97	29	0
44	71	0
81	63	0
81	1	0
69	86	0
67	86	0
2	30	0
65	73	0
90	75	0
65	44	0
12	94	0
68	36	0
71	4	1
90	59	0
90	31	0
96	42	0
20	52	0
54	68	1
6	25	0
43	31	1
88	63	0
60	75	0
55	61	0
48	41	1
58	67	0
44	93	0
75	33	0
61	73	0
61	75	0
97	54	0
30	14	0
49	39	1
22	9	0
27	78	0
76	50	0
96	3	0
29	98	0
20	43	0
61	71	0
62	75	0
52	71	0
49	9	0
46	92	0
80	88	0
88	55	0
22	97	0
90	79	0
8	74	0
56	62	0
11	41	0
74	77	0
98	72	0
49	69	0
73	47	0
54	68	1
61	7	1
93	36	0
28	92	0
59	80	0
22	31	0
45	81	0
40	20	0
88	95	0
28	84	0
94	8	0
28	79	1
89	37	0
54	94	0
72	79	0
67	68	0
27	38	0
12	65	0
70	7	1
65	93	0
91	61	0
48	88	0
63	82	0
76	19	0
54	72	0
33	83	0
52	87	0
23	15	0
80	56	0
62	38	0
73	60	0
78	32	0
20	97	0
64	62	0
86	43	0
76	32	0
57	22	0
96	30	0
73	81	0
77	96	0
72	64	0
97	24	0
98	17	0
87	85	0
34	91	0
64	86	0
49	97	0
86	36	0
16	99	0
89	25	0
26	49	0
19	89	0
31	98	0
83	78	0
76	69	0
96	55	0
93	59	0
24	82	0
53	83	0
74	9	0
77	50	0
48	4	0
45	33	0
79	36	0
24	67	1
44	53	1
25	72	0
74	88	0
84	58	0
53	71	0
95	2	0
91	38	0
97	42	0
72	58	0
69	86	0
46	64	0
68	16	0
8	89	0
0	93	0
85	64	0
82	71	0
87	11	0
93	85	0
18	4	0
35	98	0
56	99	0
41	29	0
90	13	0
92	0	0
96	28	0
72	28	0
69	52	0
7	6	0
28	99	0
17	76	0
46	85	0
44	74	0
87	44	0
54	87	0
52	57	1
96	83	0
65	34	0
83	89	0
86	20	0
16	3	0
38	1	0
34	27	0
98	43	0
80	9	0
12	52	0
17	22	0
51	37	1
88	83	0
95	63	0
74	32	0
93	9	0
64	5	0
78	13	0
38	12	0
9	70	0
90	93	0
39	86	0
6	98	0
30	42	0
46	44	1
70	48	0
69	61	0
76	75	0
77	73	0
80	25	0
69	86	0
71	3	1
97	47	0
79	57	0
61	55	0
97	67	0
72	15	0
93	20	0
21	48	0
68	99	0
52	68	1
96	25	0
17	84	0
93	41	0
72	90	0
91	28	0
62	16	0
28	58	1
54	44	0
61	87	0
61	27	1
70	81	0
25	92	0
95	85	0
1	85	0
88	4	0
88	19	0
51	71	0
66	52	0
13	98	0
78	33	0
97	61	0
45	42	1
29	82	0
33	10	0
51	86	0
38	85	0
49	76	0
8	65	1
4	22	0
64	0	1
84	35	0
99	9	0
79	98	0
22	30	0
65	11	0
64	39	0
68	84	0
3	15	0
44	85	0
76	44	0
30	85	0
79	4	0
57	16	1
85	14	0
89	52	0
15	83	0
71	16	0
91	99	0
34	99	0
77	66	0
8	33	0
59	95	0
60	43	0
16	68	0
59	27	0
94	51	0
74	47	0
73	58	0
17	45	0
95	54	0
23	98	0
88	53	0
20	93	0
80	80	0
36	22	0
70	68	0
59	87	0
58	92	0
76	52	0
85	4	0
7	79	0
78	46	0
23	98	0
51	61	1
85	31	0
34	62	1
88	52	0
74	20	0
74	72	0
46	93	0
59	95	0
33	99	0
99	75	0
80	80	0
73	5	1
21	3	0
52	46	1
3	82	0
80	89	0
64	79	0
74	48	0
66	24	0
39	64	1
43	75	0
79	51	0
99	8	0
21	69	0
80	5	0
56	69	0
33	41	1
84	84	0
35	79	1
54	90	0
68	26	0
86	13	0
67	82	0
27	97	0
86	13	0
86	8	0
71	25	0
15	54	0
12	86	0
13	86	0
75	89	0
85	98	0
63	55	0
78	96	0
81	61	0
74	60	0
14	92	0
9	74	0
40	28	0
4	16	0
32	38	0
27	48	1
96	31	0
88	41	0
72	55	0
58	54	1
48	18	0
88	78	0
60	74	0
88	52	0
30	86	0
81	59	0
23	11	0
96	41	0
56	98	0
34	44	0
29	99	0
71	98	0
87	70	0
26	84	0
57	23	1
9	70	0
40	72	0
67	60	0
57	77	0
57	90	0
14	48	0
73	60	0
81	46	0
90	64	0
41	73	0
70	90	0
49	28	1
93	17	0
61	50	0
85	12	0
11	82	0
47	98	0
79	77	0
71	71	0
7	90	0
12	74	0
80	90	0
35	29	0
7	86	0
64	96	0
63	69	0
87	76	0
14	91	0
78	45	0
15	10	0
47	96	0
7	95	0
5	16	0
86	60	0
86	19	0
77	33	0
74	17	0
10	13	0
14	51	0
83	28	0
4	65	0
65	75	0
27	85	0
66	57	0
83	94	0
75	40	0
71	81	0
68	52	0
69	81	0
9	70	0
27	80	0
64	60	0
61	44	0
98	38	0
95	97	0
74	87	0
73	49	0
62	53	0
65	86	0
97	79	0
97	0	0
58	81	0
2	90	0
62	33	0
65	22	0
74	15	0
20	73	0
75	25	0
87	16	0
30	54	1
33	31	0
50	99	0
68	67	0
47	84	0
70	93	0
82	56	0
81	35	0
88	67	0
78	98	0
97	39	0
94	89	0
46	88	0
69	79	0
88	46	0
45	90	0
80	84	0
82	51	0
85	27	0
2	72	0
49	70	0
74	19	0
60	34	0
83	81	0
64	48	0
13	88	0
21	96	0
77	39	0
81	31	0
97	55	0
95	2	0
78	92	0
53	36	1
93	17	0
71	41	0
14	73	0
17	97	0
22	77	0
7	91	0
63	49	0
43	29	0
37	67	0
63	84	0
65	11	0
20	85	0
87	53	0
21	21	0
16	69	0
73	58	0
63	57	0
89	55	0
83	62	0
74	66	0
59	53	1
75	54	0
0	30	0
89	85	0
59	51	0
44	84	0
4	73	0
25	86	0
33	52	1
95	18	0
56	95	0
14	91	0
95	49	0
74	18	0
16	11	0
30	25	0
70	5	0
16	68	0
79	59	0
89	36	0
13	0	0
68	11	0
41	88	0
93	78	0
17	13	0
51	84	0
82	38	0
97	78	0
58	67	0
69	83	0
15	42	0
92	37	0
93	71	0
16	80	0
23	77	0
17	88	0
72	5	1
6	97	0
27	48	1
61	39	0
95	18	0
6	18	0
84	35	0
90	16	0
39	26	0
20	92	0
46	82	0
15	72	0
26	27	0
15	72	0
21	90	0
63	65	0
89	49	0
71	93	0
59	67	0
50	67	1
21	99	0
82	41	0
3	1	0
81	60	0
53	48	0
98	27	0
80	29	0
72	33	0
56	97	0
39	38	1
53	44	0
55	10	0
36	96	0
43	56	1
94	35	0
61	98	0
72	50	0
84	46	0
50	91	0
33	80	0
93	28	0
71	7	1
96	97	0
77	84	0
55	79	0
88	13	0
79	70	0
25	79	0
66	28	0
26	96	0
94	56	0
89	86	0
84	9	0
99	95	0
82	20	0
88	60	0
11	88	0
69	91	0
64	81	0
3	21	0
10	96	0
9	74	0
79	29	0
20	98	0
56	91	0
89	48	0
13	71	0
75	45	0
29	88	0
78	48	0
80	54	0
80	48	0
79	33	0
50	67	1
3	88	0
3	2	0
71	70	0
14	59	0
25	7	0
5	90	0
30	71	0
96	47	0
79	89	0
92	59	0
99	78	0
79	40	0
5	83	0
50	58	1
85	35	0
86	30	0
