94	59	0
56	14	0
44	22	0
49	89	0
0	44	0
86	30	0
97	75	0
11	8	0
46	12	0
63	89	0
43	37	0
72	44	0
1	93	0
30	9	0
17	56	0
97	4	0
82	81	0
70	31	0
32	60	0
98	56	0
97	1	0
42	76	0
71	80	0
82	87	0
76	1	0
21	94	0
64	17	0
74	72	0
70	88	0
94	59	0
5	44	0
31	25	0
46	18	0
81	19	0
49	48	0
86	76	0
10	97	0
69	68	0
89	19	0
82	97	0
41	17	0
32	59	0
67	58	0
99	60	0
57	85	0
92	48	0
20	99	0
28	43	0
60	13	0
93	46	0
25	64	0
59	7	0
33	82	0
66	97	0
29	65	0
91	70	0
51	16	0
38	57	0
81	76	0
99	87	0
76	10	0
24	91	0
90	1	0
49	11	0
93	67	0
45	25	0
12	86	0
92	7	0
34	83	0
86	74	0
58	51	0
21	32	0
93	77	0
24	37	0
26	49	0
87	37	0
24	13	0
11	36	0
45	83	0
65	98	0
72	24	0
46	99	0
71	94	0
7	9	0
15	30	0
91	11	0
89	11	0
50	48	0
82	35	0
22	33	0
78	49	0
47	54	0
30	9	0
32	5	0
70	52	0
23	81	0
52	2	0
46	85	0
39	1	0
34	26	0
87	36	0
50	62	0
54	46	0
19	78	0
71	76	0
0	82	0
44	96	0
83	47	0
65	17	0
51	78	0
3	52	0
67	4	0
51	73	0
6	84	0
46	4	0
21	54	0
20	30	0
93	80	0
10	31	1
38	27	0
4	2	0
34	95	0
90	3	0
63	59	0
11	37	0
75	77	0
97	18	0
66	58	0
51	84	0
30	18	0
60	94	0
14	14	0
75	82	0
63	53	0
26	93	0
81	32	0
38	34	0
19	21	0
72	6	0
12	6	0
0	78	0
12	10	0
93	81	0
95	12	0
83	41	0
54	60	0
67	11	0
87	89	0
3	5	0
35	17	0
16	7	0
79	74	0
37	38	0
90	73	0
82	81	0
53	28	0
56	36	0
73	53	0
1	50	0
26	77	0
17	57	0
90	77	0
47	60	0
35	93	0
89	44	0
69	69	0
59	82	0
19	39	0
99	77	0
4	44	0
31	34	0
15	21	0
20	75	0
30	68	0
95	24	0
52	33	0
76	8	0
41	81	0
69	23	0
55	37	0
73	73	0
23	49	0
66	61	0
34	98	0
32	66	0
27	2	0
70	24	0
24	95	0
5	86	0
64	83	0
80	45	0
18	86	0
18	47	0
84	69	0
23	53	0
33	75	0
38	87	0
58	41	0
34	1	0
16	45	0
75	89	0
91	86	0
61	94	0
70	12	0
7	55	0
62	9	0
61	23	0
58	24	0
75	17	0
27	60	0
2	76	0
47	67	0
64	39	0
31	68	0
83	21	0
56	87	0
34	73	0
22	14	0
84	78	0
32	80	0
44	3	0
4	86	0
83	20	0
93	75	0
76	86	0
86	27	0
3	79	0
21	84	0
93	46	0
61	70	0
36	43	0
44	77	0
73	70	0
46	62	0
15	76	0
36	64	0
65	4	0
7	59	0
68	96	0
67	41	0
26	82	0
90	64	0
39	9	0
39	60	0
7	72	0
39	90	0
59	29	0
74	14	0
17	37	0
93	61	0
63	42	0
75	44	0
15	92	0
57	13	0
18	80	0
67	67	0
65	54	0
71	58	0
59	4	0
24	10	0
11	51	0
78	51	0
51	14	0
73	59	0
44	84	0
62	48	0
92	29	0
93	12	0
14	59	0
84	67	0
22	88	0
14	17	0
99	54	0
37	94	0
49	37	0
50	0	0
14	98	0
69	41	0
38	54	0
36	77	0
42	6	0
16	82	0
80	83	0
84	76	0
61	32	0
88	71	0
13	88	0
44	42	0
65	0	0
69	18	0
32	26	0
54	6	0
57	18	0
53	34	0
68	35	0
28	48	0
21	49	0
56	45	0
71	71	0
89	86	0
45	97	0
74	10	0
95	58	0
69	9	0
11	52	0
16	14	0
90	38	0
58	29	0
76	75	0
15	46	0
50	66	0
62	23	0
31	97	0
32	86	0
41	77	0
98	47	0
45	25	0
48	0	0
29	44	0
89	51	0
73	4	0
65	93	0
26	3	0
66	90	0
6	77	0
45	75	0
29	23	0
6	49	0
11	14	0
84	9	0
25	34	0
79	21	0
40	3	0
4	8	0
85	12	0
25	66	0
25	41	0
90	28	0
85	52	0
11	34	0
20	39	0
0	53	0
34	89	0
15	80	0
5	5	0
34	92	0
51	63	0
45	17	0
9	16	0
54	28	0
46	86	0
38	72	0
87	98	0
33	29	0
16	55	0
35	46	0
58	70	0
73	99	0
47	13	0
72	6	0
29	7	0
43	11	0
54	3	0
18	57	0
79	59	0
65	0	0
29	47	0
63	3	0
54	59	0
46	58	0
36	60	0
81	82	0
68	48	0
21	68	0
53	43	0
22	17	0
98	11	0
45	4	0
62	25	0
56	25	0
17	43	0
9	69	0
62	74	0
8	80	0
40	98	0
27	85	0
39	22	0
41	37	0
90	63	0
61	34	0
12	69	0
72	80	0
4	20	1
65	85	0
27	30	0
66	19	0
71	93	0
70	1	0
96	62	0
75	43	0
41	29	0
35	37	0
35	39	0
89	75	0
14	23	0
68	24	0
84	6	0
9	51	0
40	86	0
74	77	0
77	5	0
1	62	0
94	47	0
58	98	0
9	17	0
67	4	0
56	57	0
38	61	0
60	46	0
18	38	0
50	38	0
73	80	0
62	53	0
40	31	0
70	71	0
21	46	0
20	79	0
78	83	0
44	16	0
3	78	0
73	19	0
86	24	0
70	43	0
16	61	0
68	19	0
19	26	0
60	48	0
17	98	0
66	49	0
55	7	0
86	51	0
38	26	0
26	74	0
41	6	0
79	39	0
3	1	0
60	97	0
15	92	0
28	34	0
51	67	0
58	27	0
9	95	0
10	47	0
15	40	0
53	11	0
93	35	0
74	24	0
88	99	0
32	64	0
21	25	0
38	21	0
45	25	0
94	11	0
53	59	0
80	78	0
32	40	0
64	96	0
75	57	0
41	78	0
80	1	0
69	45	0
77	12	0
64	17	0
43	22	0
32	32	0
95	8	0
63	24	0
4	77	0
98	3	0
95	87	0
8	92	0
7	29	1
89	65	0
42	50	0
36	5	0
92	86	0
79	60	0
23	98	0
70	31	0
77	38	0
90	59	0
9	20	1
86	73	0
31	79	0
77	75	0
27	99	0
96	69	0
34	45	0
22	82	0
97	83	0
35	31	0
30	36	0
69	70	0
65	97	0
45	73	0
13	15	0
46	80	0
60	62	0
40	61	0
33	74	0
88	21	0
11	94	0
82	48	0
25	77	0
36	64	0
43	78	0
88	36	0
30	28	0
23	54	0
3	18	0
67	41	0
97	70	0
59	22	0
80	91	0
73	94	0
29	39	0
49	17	0
28	47	0
23	78	0
4	21	1
33	31	0
51	69	0
66	92	0
32	30	0
71	89	0
51	33	0
38	11	0
70	39	0
24	75	0
52	10	0
11	58	0
99	85	0
62	97	0
41	57	0
76	11	0
48	67	0
4	20	1
6	22	1
47	51	0
97	57	0
90	1	0
3	65	0
74	6	0
85	85	0
69	27	0
32	2	0
26	67	0
81	75	0
35	82	0
54	81	0
85	19	0
17	75	0
56	16	0
59	74	0
63	96	0
33	89	0
99	13	0
92	18	0
68	13	0
42	91	0
13	92	0
1	87	0
76	59	0
76	59	0
85	65	0
10	48	0
86	48	0
61	54	0
9	17	0
80	70	0
67	66	0
18	45	0
10	67	0
40	26	0
38	38	0
10	59	0
62	53	0
45	48	0
96	39	0
73	30	0
81	0	0
74	38	0
48	89	0
2	34	1
17	16	0
20	50	0
71	49	0
96	83	0
71	73	0
99	75	0
22	45	0
54	72	0
56	42	0
33	64	0
78	42	0
6	27	1
19	68	0
39	23	0
79	64	0
67	98	0
51	56	0
23	62	0
35	6	0
86	63	0
20	79	0
50	32	0
85	84	0
95	81	0
10	95	0
44	53	0
14	80	0
76	78	0
38	54	0
54	59	0
42	79	0
76	68	0
28	32	0
16	63	0
94	76	0
75	60	0
94	60	0
32	81	0
60	82	0
66	27	0
26	26	0
87	25	0
42	30	0
94	0	0
22	85	0
24	22	0
4	14	0
36	98	0
90	67	0
23	38	0
95	54	0
13	99	0
15	69	0
32	1	0
94	95	0
20	24	0
4	87	0
69	99	0
38	60	0
78	68	0
22	78	0
90	29	0
25	26	0
37	80	0
28	73	0
37	22	0
22	42	0
15	33	0
94	69	0
85	17	0
49	12	0
70	9	0
90	48	0
30	12	0
45	29	0
94	35	0
8	55	0
45	86	0
12	51	0
17	78	0
74	55	0
46	94	0
62	50	0
71	78	0
35	26	0
90	75	0
35	65	0
90	43	0
11	74	0
69	46	0
26	64	0
71	31	0
2	28	1
63	37	0
87	77	0
87	87	0
87	97	0
26	81	0
20	42	0
46	51	0
45	63	0
39	30	0
25	10	0
37	59	0
8	52	0
63	2	0
73	84	0
88	52	0
95	5	0
9	52	0
7	0	0
77	98	0
9	82	0
52	23	0
54	33	0
77	13	0
23	0	0
50	9	0
15	40	0
3	35	0
51	15	0
50	6	0
0	24	1
31	81	0
55	25	0
35	96	0
80	1	0
33	44	0
51	65	0
67	19	0
91	59	0
62	69	0
44	64	0
50	93	0
82	94	0
18	15	0
94	57	0
17	63	0
85	66	0
56	87	0
16	34	0
17	59	0
99	40	0
26	79	0
92	97	0
70	83	0
44	10	0
41	63	0
78	57	0
38	87	0
78	47	0
91	74	0
75	23	0
9	62	0
11	66	0
88	93	0
71	36	0
62	67	0
60	6	0
16	21	0
75	70	0
32	34	0
13	62	0
32	50	0
49	49	0
33	14	0
57	30	0
9	88	0
22	43	0
11	59	0
7	54	0
80	59	0
27	19	0
62	20	0
97	21	0
84	4	0
56	63	0
0	72	0
58	30	0
36	28	0
16	11	0
19	18	0
75	73	0
69	21	0
37	42	0
45	75	0
58	80	0
14	92	0
22	68	0
46	81	0
26	39	0
77	95	0
51	34	0
35	79	0
14	4	0
53	16	0
12	46	0
59	50	0
74	13	0
25	74	0
84	63	0
60	52	0
50	42	0
42	26	0
2	64	0
78	67	0
74	54	0
48	32	0
75	62	0
75	74	0
76	43	0
62	10	0
92	77	0
83	21	0
1	73	0
73	65	0
4	27	1
13	27	1
25	0	0
46	28	0
2	3	0
11	53	0
17	80	0
30	93	0
32	47	0
96	31	0
12	46	0
57	91	0
18	87	0
6	32	1
98	61	0
41	58	0
7	20	1
83	45	0
25	4	0
59	23	0
55	3	0
13	2	0
27	86	0
47	57	0
84	75	0
65	44	0
15	3	0
28	28	0
58	9	0
9	27	1
5	74	0
74	6	0
39	66	0
54	37	0
65	99	0
13	42	0
10	93	0
88	48	0
24	20	0
93	77	0
59	59	0
69	39	0
48	32	0
97	28	0
87	58	0
13	59	0
2	92	0
33	48	0
1	89	0
6	97	0
91	23	0
28	51	0
2	97	0
53	5	0
65	5	0
45	47	0
25	17	0
65	42	0
43	26	0
18	81	0
23	33	0
59	7	0
8	42	0
94	46	0
90	5	0
58	57	0
36	0	0
42	28	0
14	96	0
59	75	0
27	66	0
14	7	0
37	25	0
8	87	0
1	76	0
71	53	0
88	47	0
54	35	0
14	78	0
21	35	0
91	82	0
69	26	0
47	77	0
63	94	0
21	15	0
8	86	0
65	16	0
53	76	0
33	40	0
94	65	0
35	74	0
93	23	0
85	19	0
99	18	0
85	84	0
42	55	0
18	82	0
80	11	0
35	1	0
64	79	0
65	75	0
23	45	0
66	51	0
59	81	0
77	20	0
91	49	0
11	65	0
62	42	0
26	35	0
91	27	0
63	41	0
67	14	0
91	95	0
81	72	0
50	73	0
79	38	0
56	66	0
7	99	0
37	3	0
6	94	0
18	80	0
63	62	0
71	91	0
80	12	0
94	97	0
76	1	0
9	7	0
93	74	0
65	9	0
98	34	0
75	62	0
48	42	0
16	65	0
64	93	0
61	72	0
0	46	0
4	42	0
37	96	0
0	86	0
58	4	0
39	47	0
10	69	0
39	32	0
13	27	1
1	45	0
97	54	0
51	32	0
0	50	0
24	90	0
78	63	0
1	9	0
87	90	0
22	80	0
66	48	0
39	52	0
92	43	0
55	43	0
4	5	0
9	12	0
0	53	0
22	58	0
98	74	0
66	52	0
95	68	0
10	52	0
76	58	0
18	78	0
1	3	0
74	80	0
4	19	0
26	72	0
40	11	0
30	23	0
3	75	0
34	92	0
4	7	0
73	42	0
60	60	0
83	63	0
87	78	0
43	88	0
32	28	0
5	63	0
6	14	0
38	67	0
51	50	0
55	50	0
81	17	0
