92	71	0
45	22	0
40	27	0
41	97	0
9	8	0
92	33	0
91	81	0
45	16	0
67	79	0
41	21	0
98	39	0
6	80	0
21	8	0
21	59	0
98	18	0
84	73	0
60	33	0
26	51	0
99	64	0
89	7	0
44	97	0
67	66	0
80	90	0
59	2	0
41	84	0
54	4	0
77	79	0
59	88	0
91	71	0
6	23	0
50	36	0
42	19	0
85	37	0
40	47	0
89	66	0
13	96	0
52	95	0
98	22	0
76	90	0
48	0	0
20	59	0
85	55	0
85	66	0
53	71	0
95	53	0
15	83	0
17	39	0
66	5	0
85	65	0
17	70	0
58	1	0
9	77	0
55	93	0
34	74	0
99	62	0
48	36	0
32	31	0
86	72	0
99	88	0
92	17	0
8	90	0
95	11	0
44	2	0
75	75	0
48	12	0
8	91	0
85	5	0
45	74	0
73	97	0
49	68	0
5	29	0
71	86	0
24	44	0
12	63	0
89	35	0
12	38	0
30	83	0
41	95	0
62	21	0
35	93	0
54	92	0
4	23	0
98	12	0
96	25	0
44	51	0
78	36	0
23	26	0
85	54	0
27	35	0
40	16	0
37	2	0
69	36	0
13	88	0
70	9	0
58	87	0
44	12	0
51	29	0
90	46	0
35	65	0
78	48	0
12	58	0
79	88	0
0	76	0
31	96	0
94	50	0
60	9	0
47	70	0
27	58	0
62	2	0
65	47	0
8	60	0
38	2	0
28	48	0
42	36	0
76	92	0
58	43	0
20	99	0
80	4	0
61	67	0
79	87	0
97	3	0
62	74	0
49	76	0
37	6	0
55	97	0
94	79	0
80	56	0
33	93	0
64	32	0
35	19	0
19	45	0
80	5	0
7	70	0
90	68	0
94	26	0
88	36	0
34	55	0
59	18	0
82	76	0
12	16	0
39	9	0
78	60	0
37	36	0
72	84	0
71	92	0
47	15	0
44	33	0
56	48	0
13	45	0
25	60	0
15	54	0
73	79	0
45	55	0
45	96	0
83	52	0
76	71	0
54	87	0
24	36	0
95	64	0
6	27	0
47	44	0
22	8	0
28	79	0
39	78	0
88	37	0
36	30	0
74	19	0
42	82	0
57	30	0
52	45	0
84	78	0
28	57	0
54	73	0
33	87	0
43	47	0
44	10	0
59	7	0
30	72	0
30	80	0
76	82	0
93	66	0
25	86	0
29	37	0
88	65	0
31	48	0
31	89	0
56	83	0
41	50	0
30	8	0
14	35	0
71	98	0
84	94	0
64	81	0
66	30	0
4	61	0
61	5	0
77	24	0
69	23	0
71	31	0
19	58	0
1	65	0
48	48	0
77	31	0
37	61	0
87	29	0
39	99	0
26	67	0
38	22	0
82	76	0
34	56	0
36	9	0
13	92	0
62	10	0
99	85	0
71	90	0
93	3	0
0	80	0
20	63	0
95	35	0
54	72	0
45	40	0
54	58	0
51	72	0
56	62	0
16	72	0
30	59	0
71	9	0
1	64	0
63	83	0
84	44	0
42	91	0
75	57	0
63	23	0
46	73	0
13	80	0
34	93	0
52	41	0
69	34	0
25	39	0
87	63	0
79	43	0
77	64	0
0	65	0
48	15	0
10	84	0
62	60	0
62	43	0
56	45	0
53	21	0
7	56	0
90	26	0
49	6	0
70	70	0
51	77	0
72	35	0
98	39	0
94	1	0
2	64	0
97	75	0
27	99	0
94	69	0
43	96	0
57	34	0
55	10	0
18	91	0
68	33	0
39	65	0
44	83	0
49	6	0
23	94	0
83	91	0
80	82	0
69	39	0
89	78	0
16	95	0
46	56	0
56	0	0
67	29	0
29	13	0
37	2	0
58	10	0
51	54	0
79	43	0
38	45	0
38	51	0
36	70	0
72	88	0
77	75	0
61	78	0
80	2	0
83	43	0
80	8	0
27	41	0
26	16	0
81	35	0
69	38	0
77	69	0
10	40	0
43	68	0
56	23	0
28	86	0
25	93	0
22	80	0
97	66	0
42	28	0
33	0	0
26	56	0
86	67	0
64	20	0
79	91	0
11	1	0
64	95	0
5	69	0
38	86	0
39	29	0
3	55	0
80	11	0
18	35	0
75	3	0
53	10	0
87	8	0
37	46	0
22	48	0
75	27	0
87	58	0
7	25	0
25	35	0
4	61	0
37	96	0
8	87	0
44	88	0
57	70	0
49	42	0
67	25	0
40	88	0
48	70	0
85	93	0
29	29	0
18	53	0
27	40	0
58	77	0
74	86	0
27	24	0
85	17	0
31	6	0
54	4	0
66	14	0
33	46	0
78	67	0
82	8	0
15	35	0
46	9	0
50	48	0
37	36	0
26	61	0
85	82	0
80	52	0
12	50	0
51	36	0
96	13	0
59	8	0
52	27	0
57	34	0
28	25	0
3	73	0
67	84	0
24	77	0
27	92	0
21	96	0
54	12	0
45	37	0
90	48	0
84	51	0
8	79	0
86	73	0
64	72	0
78	31	0
68	89	0
81	4	0
84	59	0
72	61	0
39	16	0
51	47	0
34	49	0
84	79	0
67	17	0
95	7	0
27	41	0
40	88	0
71	73	0
85	15	0
4	61	0
97	28	0
41	93	0
78	25	0
65	47	0
41	56	0
54	35	0
18	37	0
42	45	0
66	83	0
87	34	0
36	22	0
75	73	0
20	64	0
11	98	0
93	85	0
35	37	0
1	84	0
61	39	0
90	16	0
82	45	0
5	68	0
65	39	0
46	33	0
48	47	0
8	97	0
76	17	0
55	7	0
89	50	0
47	38	0
23	75	0
18	5	0
66	58	0
61	93	0
2	58	0
49	69	0
44	77	0
52	25	0
21	93	0
8	43	0
21	44	0
64	12	0
83	30	0
95	20	0
79	87	0
22	59	0
30	21	0
43	23	0
79	8	0
70	59	0
70	89	0
18	40	0
60	93	0
96	70	0
37	81	0
74	7	0
64	44	0
78	30	0
73	11	0
42	19	0
42	20	0
96	9	0
85	30	0
1	77	0
82	13	0
89	98	0
8	97	0
95	64	0
49	55	0
20	22	0
98	99	0
65	47	0
11	98	0
70	32	0
68	39	0
65	61	0
80	65	0
28	73	0
78	73	0
38	91	0
92	75	0
14	30	1
39	94	0
98	79	0
30	32	0
38	31	0
56	68	0
57	93	0
44	60	0
68	97	0
63	50	0
29	59	0
28	64	0
79	20	0
7	87	0
91	43	0
15	88	0
51	70	0
43	88	0
85	37	0
43	51	0
23	36	0
48	21	0
80	54	0
69	17	0
94	96	0
63	94	0
39	55	0
59	2	0
34	37	0
48	85	0
35	19	0
47	56	0
78	74	0
29	25	0
94	96	0
48	15	0
26	13	0
59	27	0
24	77	0
33	17	0
12	61	0
87	89	0
60	87	0
59	46	0
73	4	0
40	71	0
44	53	0
98	50	0
90	3	0
0	69	0
76	4	0
68	73	0
76	30	0
41	15	0
35	69	0
83	79	0
40	62	0
41	77	0
82	32	0
18	57	0
76	21	0
39	68	0
65	86	0
29	94	0
82	11	0
93	24	0
66	15	0
32	78	0
20	91	0
15	86	0
66	40	0
73	67	0
71	81	0
15	46	0
76	42	0
70	62	0
78	73	0
55	64	0
15	64	0
17	65	0
44	26	0
42	21	0
6	32	0
43	58	0
33	46	0
85	30	0
74	36	0
76	1	0
71	47	0
53	70	0
20	56	0
51	31	0
94	79	0
56	91	0
82	64	0
24	55	0
47	78	0
64	43	0
37	50	0
75	25	0
16	48	0
40	24	0
81	52	0
92	95	0
55	56	0
9	62	0
46	6	0
61	59	0
22	88	0
38	32	0
87	89	0
99	75	0
20	85	0
62	61	0
5	77	0
77	56	0
41	57	0
49	55	0
35	78	0
63	73	0
5	55	0
82	74	0
64	59	0
92	50	0
22	63	0
61	90	0
54	28	0
97	23	0
48	36	0
99	16	0
15	87	0
36	34	0
37	69	0
90	55	0
29	51	0
84	62	0
12	98	0
16	85	0
95	85	0
48	30	0
3	78	0
78	93	0
43	68	0
91	69	0
20	92	0
95	32	0
25	2	0
33	82	0
39	76	0
34	13	0
23	38	0
7	23	0
87	72	0
96	14	0
63	8	0
74	31	0
97	44	0
36	11	0
21	48	0
98	35	0
7	54	0
62	91	0
8	54	0
27	79	0
65	57	0
56	95	0
81	51	0
66	85	0
38	32	0
70	63	0
39	61	0
80	53	0
16	71	0
51	29	0
31	79	0
84	38	0
64	28	0
92	72	0
96	96	0
92	73	0
43	66	0
10	23	1
60	37	0
57	73	0
36	25	0
27	10	0
33	70	0
10	32	0
58	3	0
57	85	0
72	78	0
86	5	0
14	49	0
59	83	0
14	94	0
57	7	0
60	43	0
59	20	0
35	22	0
23	36	0
45	23	0
78	0	0
39	96	0
63	32	0
34	91	0
90	16	0
31	52	0
45	64	0
76	24	0
81	79	0
60	72	0
33	64	0
44	91	0
78	77	0
86	44	0
19	73	0
81	83	0
80	97	0
25	35	0
18	50	0
95	49	0
27	83	0
99	84	0
64	93	0
38	6	0
72	63	0
88	64	0
68	85	0
80	52	0
89	76	0
77	40	0
21	55	0
4	60	0
66	83	0
73	36	0
52	60	0
51	5	0
33	21	0
88	76	0
9	60	0
27	52	0
60	31	0
41	16	0
56	33	0
18	89	0
28	35	1
3	64	0
14	78	0
77	50	0
15	26	1
73	20	0
93	34	0
80	8	0
55	80	0
3	53	0
55	27	0
55	45	0
50	86	0
87	12	0
23	33	0
64	63	0
43	86	0
18	97	0
37	63	0
30	84	0
34	24	0
79	75	0
43	43	0
43	82	0
57	37	0
10	45	0
67	60	0
66	23	0
28	79	0
86	42	0
32	34	0
33	47	0
26	14	0
0	63	0
79	66	0
83	68	0
39	56	0
93	59	0
81	73	0
75	31	0
59	14	0
81	76	0
78	20	0
0	58	0
83	78	0
28	26	0
69	35	0
21	62	0
5	88	0
34	93	0
32	60	0
98	32	0
15	48	0
58	92	0
7	86	0
92	67	0
58	56	0
88	34	0
19	3	0
49	28	0
61	2	0
2	80	0
50	53	0
87	67	0
77	36	0
12	9	0
10	47	0
70	16	0
15	80	0
79	1	0
48	75	0
36	30	0
88	96	0
11	18	0
27	98	0
98	58	0
29	6	0
91	90	0
51	55	0
68	58	0
46	31	0
93	34	0
89	79	0
4	62	0
7	74	0
16	47	0
10	84	0
6	99	0
81	20	0
36	47	0
8	92	0
47	10	0
75	5	0
39	65	0
68	56	0
51	22	0
33	68	0
32	32	0
88	20	0
1	44	0
84	65	0
90	10	0
60	47	0
26	21	0
48	5	0
13	92	0
50	67	0
44	59	0
34	13	0
4	94	0
1	93	0
62	56	0
92	34	0
30	25	0
27	70	0
93	88	0
51	31	0
59	80	0
67	92	0
7	78	0
71	29	0
50	55	0
22	36	0
95	71	0
53	68	0
97	15	0
79	12	0
87	24	0
64	96	0
44	66	0
41	62	0
75	10	0
40	7	0
67	94	0
68	71	0
18	53	0
67	41	0
63	92	0
81	20	0
89	53	0
26	71	0
50	58	0
20	31	0
92	30	0
30	57	0
81	8	0
92	97	0
71	59	0
60	79	0
72	39	0
71	77	0
6	97	0
40	4	0
6	91	0
10	60	0
58	72	0
69	87	0
71	7	0
91	96	0
89	11	0
87	87	0
64	10	0
81	36	0
81	44	0
54	39	0
20	86	0
64	99	0
67	80	0
23	47	0
9	33	0
22	93	0
11	63	0
45	7	0
38	50	0
19	64	0
39	33	0
2	44	0
99	55	0
42	29	0
14	53	0
28	74	0
75	74	0
1	3	1
97	65	0
16	65	0
60	51	0
28	62	0
77	42	0
52	37	0
6	42	0
18	54	0
80	57	0
66	55	0
85	56	0
2	67	0
63	57	0
1	82	0
1	19	0
87	71	0
16	59	0
39	4	0
37	31	0
14	93	0
23	83	0
77	40	0
68	69	0
73	57	0
77	84	0
43	68	0
51	37	0
3	69	0
49	66	0
36	43	0
61	56	0
80	21	0
