80	66	0
31	30	0
64	99	0
14	13	0
94	41	0
90	94	0
71	42	0
6	80	0
2	7	0
14	92	0
83	40	0
69	80	0
29	30	0
64	72	0
90	49	0
48	95	1
61	69	0
40	31	0
90	82	0
97	82	0
72	79	0
5	25	0
71	69	0
75	27	0
61	80	0
51	68	0
63	81	0
96	52	0
97	34	0
90	71	0
40	0	0
81	35	0
34	13	0
93	69	0
94	71	0
88	24	1
94	10	0
19	33	0
60	73	0
2	89	0
60	95	0
20	32	0
76	76	0
92	40	0
55	91	0
4	19	0
88	13	0
68	36	0
75	11	1
48	47	0
83	42	0
19	98	1
86	70	0
56	97	1
20	59	0
94	59	0
42	35	0
34	7	0
62	57	0
11	88	0
98	22	0
41	68	0
85	63	0
98	7	0
72	95	0
72	80	0
6	22	0
76	81	0
80	66	0
80	40	0
61	39	0
86	44	0
82	37	0
90	40	0
16	60	0
7	11	0
85	66	0
57	97	1
34	82	0
62	93	0
77	47	0
59	67	0
79	74	0
81	79	0
25	14	0
9	8	0
83	59	0
88	1	0
17	46	0
74	79	0
60	79	0
61	81	0
53	6	0
56	96	1
75	86	0
78	47	0
9	90	0
96	88	0
2	97	0
20	59	0
94	89	0
97	75	0
50	80	0
68	49	0
81	37	0
56	61	0
15	57	0
47	21	0
86	84	0
76	4	0
81	42	0
82	95	0
60	75	0
76	75	0
13	21	0
69	99	0
58	97	1
30	77	0
30	38	0
60	42	0
62	80	0
64	38	0
7	99	0
95	33	0
67	23	1
52	31	0
84	21	1
69	64	0
75	96	0
86	69	0
88	11	1
96	27	0
93	80	0
69	75	0
46	81	0
12	75	1
7	46	0
74	74	0
76	72	0
85	57	0
89	55	0
89	67	0
53	16	0
36	26	0
73	58	0
26	78	0
58	88	1
86	75	0
99	46	0
99	32	0
70	67	0
68	96	0
63	13	0
1	92	0
12	96	1
98	60	0
87	77	0
12	18	0
85	9	1
86	13	0
91	25	0
84	19	1
83	33	0
15	18	0
29	77	0
55	94	1
85	38	0
75	95	0
90	74	0
62	36	0
62	83	0
5	5	0
36	13	0
44	26	0
71	39	0
2	54	0
31	12	0
96	82	0
96	54	0
97	8	1
57	1	0
35	7	0
96	83	0
26	74	0
8	95	0
32	36	0
70	52	0
70	72	0
52	70	0
84	77	0
75	34	0
78	79	0
85	31	0
85	71	0
55	34	0
99	72	0
67	10	0
97	10	1
30	56	0
79	91	0
93	45	0
89	45	0
74	90	0
92	41	0
43	51	0
54	98	1
69	85	0
26	76	0
84	88	0
2	92	0
91	17	1
18	99	1
88	30	0
91	62	0
31	2	0
49	91	1
45	51	0
14	16	0
85	44	0
89	8	1
67	89	0
16	25	0
73	31	0
75	78	0
20	35	0
79	45	0
76	3	0
94	66	0
69	21	0
99	95	0
17	36	0
53	97	1
66	55	0
91	39	0
66	46	0
3	53	0
96	69	0
95	63	0
8	81	0
80	87	0
40	16	0
69	53	0
55	95	1
66	94	0
96	42	0
61	10	0
76	43	0
73	30	0
88	58	0
75	33	0
92	73	0
51	90	1
91	95	0
81	98	0
16	5	0
0	84	0
75	86	0
69	91	0
53	15	0
85	59	0
99	0	0
99	80	0
62	80	0
95	23	1
60	76	0
96	3	0
90	31	0
11	47	0
5	99	0
86	91	0
89	90	0
83	86	0
81	59	0
74	79	0
7	88	0
27	25	0
0	13	0
41	41	0
84	41	0
61	60	0
60	6	0
76	82	0
79	75	0
81	48	0
72	60	1
28	18	0
98	43	0
72	95	0
56	32	0
66	78	0
90	69	0
17	55	0
55	74	0
59	80	0
4	48	0
74	77	0
98	46	0
90	69	0
49	88	1
84	26	0
86	5	1
96	68	0
65	70	0
5	94	0
81	93	0
17	25	0
9	90	0
67	74	0
64	64	0
92	91	0
7	82	0
83	57	0
15	1	0
13	84	0
0	17	0
94	59	0
79	30	1
16	21	0
8	36	0
79	34	0
70	80	0
88	77	0
82	38	0
79	76	0
70	85	0
1	73	0
90	66	0
62	26	0
94	38	0
82	87	0
74	70	0
39	86	0
90	68	0
95	13	1
42	72	0
0	98	0
73	39	0
27	32	0
62	84	0
36	69	0
67	97	0
90	53	0
83	30	0
74	66	0
97	79	0
99	44	0
99	97	0
89	69	0
69	30	0
36	87	1
83	76	0
83	64	0
96	29	0
50	62	0
65	32	0
86	90	0
87	63	0
26	83	0
91	37	0
82	39	0
90	41	0
95	81	0
71	51	0
8	81	0
13	97	0
35	28	0
28	68	0
61	10	0
0	94	0
77	47	0
6	12	0
19	56	0
62	64	0
70	76	0
78	48	0
71	45	0
77	67	1
73	47	0
15	40	0
88	78	0
62	91	0
80	16	0
16	93	0
97	55	0
56	24	1
27	16	0
30	35	0
70	48	0
95	37	0
13	5	0
41	0	0
55	55	0
96	88	0
27	3	0
57	7	0
93	87	0
72	68	1
63	84	0
28	52	0
93	49	0
86	61	0
3	88	0
1	97	0
46	31	0
95	30	0
17	30	0
84	35	0
81	15	0
39	35	0
15	99	1
58	84	1
17	37	0
80	40	0
68	90	0
72	41	0
11	9	0
93	54	0
85	40	0
83	21	1
61	30	1
59	97	0
77	39	0
50	95	0
57	53	0
71	44	0
57	96	0
90	45	0
95	97	0
86	87	0
69	74	0
73	22	0
98	44	0
96	98	0
97	95	0
86	27	1
85	69	0
11	98	1
84	95	0
57	79	0
1	16	0
31	91	0
83	35	0
21	96	1
74	35	0
80	43	0
76	47	0
95	57	0
87	33	0
82	25	1
11	78	0
10	13	0
56	83	0
26	70	0
38	3	0
1	86	0
99	43	0
93	87	0
83	49	0
92	88	0
71	60	1
94	44	0
