91	68	0
27	18	0
61	99	0
14	5	0
99	48	0
95	99	0
39	72	0
63	45	0
0	91	0
0	8	0
13	90	0
91	50	0
67	81	0
29	33	0
88	82	0
92	39	0
46	93	0
43	77	0
70	75	0
49	10	0
35	81	1
81	73	0
95	87	0
80	97	0
9	23	0
87	19	0
70	68	0
13	66	1
34	92	0
87	15	0
65	89	0
52	71	0
77	77	0
98	49	0
97	29	0
20	75	0
91	72	0
15	65	0
42	3	0
10	76	0
31	88	0
88	46	0
41	17	0
99	95	0
87	90	0
97	16	0
31	76	0
96	9	0
22	21	0
72	90	0
1	83	0
86	1	0
68	92	0
6	26	0
71	73	0
84	29	0
24	86	0
56	96	0
82	21	0
29	90	0
35	89	0
20	12	0
99	13	0
78	34	0
47	82	0
89	21	0
61	45	0
73	33	0
5	98	0
49	91	0
75	7	1
96	66	0
68	91	0
6	75	0
39	93	0
95	58	0
81	26	0
59	12	1
55	36	0
10	68	1
36	8	0
69	59	0
1	89	0
93	26	0
41	70	0
85	60	0
83	1	0
65	92	0
65	86	0
3	31	0
64	77	0
86	71	0
74	48	0
12	97	0
69	40	0
88	61	0
92	29	0
99	36	0
16	52	0
7	20	0
88	64	0
53	79	0
54	60	0
55	72	0
51	97	0
72	32	0
64	72	0
65	82	0
93	58	0
26	16	0
45	37	1
17	11	0
22	83	1
78	48	0
92	1	0
28	93	0
25	46	0
64	76	0
55	77	0
49	77	0
49	5	0
49	89	0
73	88	0
89	54	0
20	90	0
86	82	0
4	74	0
51	62	1
11	41	0
76	77	0
96	66	0
50	72	0
71	41	0
91	33	0
36	95	0
55	77	0
24	40	0
45	78	0
37	23	0
88	90	0
31	94	0
93	4	0
23	79	1
85	35	0
58	96	0
75	81	0
66	70	0
27	39	0
20	65	0
65	1	1
61	94	0
84	67	0
46	91	0
62	86	0
72	17	0
60	69	1
30	79	1
46	89	0
22	19	0
82	58	0
62	44	0
71	59	0
78	37	0
19	96	0
64	57	0
85	38	0
69	31	0
52	17	0
98	33	0
66	81	0
77	95	0
73	65	0
98	22	0
97	27	0
89	83	0
35	96	0
68	88	0
48	96	0
83	34	0
14	96	0
86	24	0
23	44	0
23	92	0
27	98	0
85	79	0
71	76	0
90	53	0
91	57	0
23	80	1
45	84	0
73	2	1
82	57	0
48	2	0
36	29	0
87	40	0
26	66	1
46	57	1
29	72	0
70	90	0
82	58	0
52	65	1
85	2	0
91	42	0
94	42	0
74	62	0
69	80	0
51	64	1
67	14	0
8	88	0
3	93	0
85	66	0
82	63	0
93	4	0
93	84	0
19	4	0
29	99	0
56	97	0
45	33	1
91	16	0
94	7	0
98	25	0
75	28	0
68	49	0
4	1	0
26	97	0
14	74	0
48	80	0
42	72	0
91	43	0
61	90	0
99	86	0
67	35	0
84	87	0
84	16	0
18	5	0
44	2	0
37	29	0
98	41	0
84	13	0
13	47	0
16	21	0
85	81	0
97	65	0
74	25	0
98	11	0
60	2	0
80	16	0
36	16	0
17	70	1
96	92	0
34	86	0
3	95	0
31	40	0
73	43	0
71	60	0
73	76	0
80	79	0
77	28	0
66	81	0
97	41	0
79	56	0
66	51	0
99	68	0
69	21	0
94	20	0
28	49	0
67	95	0
50	70	1
94	28	0
20	87	0
97	41	0
73	96	0
95	35	0
63	23	0
51	45	0
60	90	0
60	25	1
74	80	0
24	95	0
92	82	0
3	85	0
91	5	0
87	13	0
51	74	0
62	47	1
8	96	0
74	37	0
96	61	0
43	44	1
33	82	1
26	15	0
53	93	0
36	82	0
49	76	0
4	70	1
1	24	0
82	34	0
98	8	0
80	94	0
24	23	0
65	11	1
64	35	0
64	89	0
1	13	0
45	87	0
84	47	0
26	86	0
79	8	0
81	19	0
90	55	0
14	85	0
68	12	0
91	96	0
36	97	0
68	62	0
10	38	0
58	91	0
61	43	0
15	69	0
60	25	1
90	49	0
76	47	0
73	61	0
12	38	0
97	59	0
23	98	0
91	52	0
17	95	0
85	82	0
36	20	0
76	67	0
60	86	0
58	97	0
82	50	0
80	13	0
4	77	0
71	44	0
19	97	0
87	27	0
90	47	0
73	16	0
82	71	0
50	98	0
54	96	0
33	99	0
97	77	0
73	82	0
73	4	1
20	1	0
11	75	0
82	97	0
68	83	0
73	53	0
68	30	0
39	73	0
82	54	0
98	8	0
17	71	0
88	2	0
57	69	1
85	86	0
59	87	0
74	23	0
87	13	0
71	85	0
24	99	0
92	17	0
91	0	0
67	22	0
8	54	0
14	87	0
10	88	0
75	83	0
86	99	0
58	52	1
73	95	0
84	61	0
76	63	0
9	87	0
14	80	0
35	23	0
0	18	0
38	35	0
99	27	0
85	37	0
75	53	0
59	57	1
47	18	0
83	82	0
61	83	0
88	51	0
32	87	0
79	62	0
20	8	0
98	43	0
60	97	0
35	43	0
29	97	0
72	95	0
91	71	0
29	86	0
63	26	1
10	70	0
46	67	0
61	65	1
61	77	0
56	88	0
13	47	0
72	63	0
80	46	0
91	67	0
42	72	0
70	83	0
45	28	1
87	12	0
60	52	1
81	10	0
9	81	0
42	98	0
79	75	0
66	73	0
6	88	0
12	77	0
81	97	0
32	24	0
11	83	0
63	95	0
57	74	0
82	83	0
12	90	0
73	50	0
15	8	0
45	98	0
2	99	0
2	18	0
84	60	0
84	17	0
80	30	0
74	19	0
10	18	0
15	52	0
76	28	0
1	67	1
68	68	0
28	91	0
62	59	0
82	88	0
77	45	0
72	85	0
67	54	0
75	78	0
6	70	0
33	80	1
71	64	0
58	45	0
98	37	0
98	96	0
74	80	0
70	56	0
62	55	0
64	82	0
95	80	0
99	0	0
58	80	0
4	95	0
57	36	0
65	22	0
72	16	0
29	69	0
76	25	0
82	19	0
31	27	0
55	97	0
72	63	0
45	86	0
71	95	0
77	57	0
81	36	0
90	69	0
85	93	0
94	43	0
90	90	0
46	88	0
70	75	0
82	47	0
40	91	0
79	79	0
77	60	0
88	25	0
2	74	0
50	77	0
76	17	0
62	36	0
84	87	0
76	55	0
13	87	0
18	96	0
78	39	0
85	30	0
99	52	0
98	5	0
79	92	0
50	37	1
88	14	0
72	37	0
18	74	0
12	97	0
19	75	0
6	87	0
60	53	0
42	24	0
39	67	0
59	81	0
68	2	0
19	87	0
84	51	0
20	17	0
20	69	0
78	66	0
64	59	0
87	58	0
85	56	0
67	66	0
79	52	0
3	31	0
94	89	0
62	47	0
47	88	0
6	68	0
30	80	1
94	21	0
54	93	0
16	90	0
98	45	0
69	21	0
16	15	0
30	30	0
70	4	1
21	65	0
79	58	0
98	42	0
15	2	0
61	8	0
38	89	0
89	78	0
18	5	0
49	81	0
75	34	0
99	72	0
62	63	0
68	88	0
9	41	0
96	43	0
92	68	0
13	75	0
21	77	0
22	95	0
74	6	1
7	98	0
62	43	0
93	18	0
6	16	0
85	34	0
93	14	0
42	30	0
20	92	0
54	85	0
19	78	0
26	22	0
15	74	0
22	92	0
62	63	0
93	50	0
75	90	0
57	69	1
20	97	0
81	42	0
7	0	0
81	57	0
52	56	0
95	25	0
75	27	0
77	34	0
56	96	0
33	35	1
49	40	1
63	11	0
35	99	0
47	54	1
91	37	0
66	97	0
75	54	0
84	45	0
51	87	0
32	77	0
91	34	0
99	98	0
80	81	0
55	81	0
87	12	0
71	75	0
25	79	1
67	28	0
31	93	0
95	53	0
97	85	0
84	9	0
98	97	0
83	27	0
88	65	0
9	91	0
75	93	0
68	80	0
2	18	0
11	97	0
7	72	0
86	30	0
25	98	0
57	88	0
87	43	0
14	68	1
81	43	0
28	95	0
81	47	0
85	54	0
77	50	0
81	31	0
49	63	1
1	86	0
4	4	0
69	72	0
16	59	0
22	0	0
5	88	0
31	73	0
99	52	0
80	87	0
94	59	0
93	76	0
80	45	0
4	82	0
79	33	0
86	30	0
