84	62	0
35	27	0
57	96	1
14	13	0
90	46	0
90	85	0
72	41	0
10	79	0
0	6	0
14	86	0
77	35	0
75	76	0
28	30	0
61	74	0
93	51	0
67	68	0
41	35	0
91	85	0
99	84	0
68	90	0
5	23	0
67	83	0
75	32	0
56	77	1
50	69	0
64	82	0
89	50	0
97	29	0
88	80	0
38	1	0
82	31	0
32	18	0
98	64	0
92	74	0
89	8	0
16	34	0
57	79	0
9	89	0
62	95	1
21	34	0
72	75	0
95	43	0
54	82	0
5	23	0
86	15	0
62	30	0
49	37	0
78	41	0
83	64	0
53	99	1
15	62	0
99	54	0
45	31	0
35	11	0
61	59	0
1	92	0
94	23	0
44	65	0
86	68	0
97	6	0
78	87	0
62	80	0
10	20	0
73	85	0
85	63	0
83	40	0
60	47	0
82	41	0
86	36	0
87	40	0
27	60	0
15	23	0
85	74	0
56	98	1
41	81	0
56	97	1
80	42	0
59	69	0
82	75	0
83	76	0
25	13	0
8	10	0
84	64	0
93	3	0
12	54	0
79	80	0
55	77	0
60	76	1
50	20	0
71	83	0
75	59	0
10	87	0
95	99	0
7	97	1
16	59	0
93	88	0
91	70	0
57	88	1
66	48	0
93	31	0
53	59	0
15	53	0
56	14	0
83	88	0
71	9	0
82	47	0
78	92	0
53	67	0
65	78	0
19	18	0
76	96	0
33	79	0
27	30	0
61	39	0
61	84	0
65	46	0
12	94	1
93	26	0
52	25	0
71	73	0
71	88	0
83	71	0
96	26	0
87	87	0
75	80	0
57	71	0
14	45	0
73	69	0
71	77	0
91	60	0
91	43	0
91	66	0
61	15	0
42	29	0
81	55	0
32	86	0
83	75	0
98	47	0
95	27	0
71	62	1
62	94	1
63	15	0
3	95	0
97	56	0
90	78	0
14	18	0
94	17	0
89	22	0
83	29	0
12	12	0
33	82	0
92	51	0
69	92	0
87	84	0
70	31	1
52	88	0
2	15	0
39	19	0
48	31	0
61	41	0
1	58	0
43	7	0
94	79	0
94	53	0
63	3	0
32	9	0
97	85	0
29	69	0
8	96	1
34	30	0
62	52	0
77	63	0
55	79	0
84	75	0
77	28	0
78	85	0
86	31	0
90	77	0
48	33	0
97	74	0
60	10	0
36	56	0
77	93	0
90	47	0
92	49	0
82	89	0
91	45	0
33	49	0
72	84	0
22	76	0
80	77	0
1	93	0
87	32	0
94	69	0
40	7	0
49	51	0
16	13	0
92	32	0
69	85	0
12	31	0
80	32	0
74	79	0
17	37	0
82	47	0
82	10	0
98	63	0
69	29	0
97	95	0
18	39	0
76	55	0
88	43	0
61	51	0
3	57	0
98	73	0
95	58	0
15	86	0
77	81	0
46	18	0
66	59	1
78	95	0
95	39	0
65	5	0
61	47	0
72	30	0
96	57	0
65	32	1
86	81	0
95	80	0
80	95	0
13	8	0
4	77	0
77	92	0
62	90	0
46	11	0
85	51	0
92	8	0
97	79	0
60	71	0
65	71	0
99	4	0
86	37	0
12	41	0
6	98	1
86	84	0
99	99	0
92	90	0
72	64	0
63	81	0
11	89	0
24	24	0
1	13	0
39	39	0
84	40	0
61	58	0
66	10	0
78	93	0
78	73	0
79	43	0
70	60	1
32	14	0
93	44	0
64	92	0
62	30	0
64	80	0
93	57	0
8	48	0
52	81	0
50	75	1
3	44	0
65	80	0
94	46	0
93	67	0
85	28	0
95	64	0
66	60	1
9	92	0
79	97	0
15	21	0
8	85	0
59	79	0
66	60	1
88	98	0
3	81	0
84	54	0
13	9	0
14	83	0
9	11	0
91	59	0
16	28	0
6	34	0
84	32	0
70	72	0
95	77	0
84	49	0
78	77	0
74	84	0
3	80	0
93	62	0
61	27	0
92	32	0
73	89	0
77	69	0
42	88	0
94	75	0
43	75	0
3	91	0
73	40	0
32	41	0
54	84	0
37	68	0
60	92	1
93	54	0
86	30	0
67	68	0
97	75	0
90	43	0
97	97	0
91	67	0
64	20	0
79	75	0
84	62	0
97	28	0
49	61	0
69	33	1
90	86	0
82	61	0
24	72	0
89	34	0
83	43	0
85	41	0
98	81	0
76	51	0
0	93	0
17	99	1
38	34	0
24	69	0
59	10	0
3	89	0
83	48	0
12	13	0
19	54	0
59	68	0
75	84	0
71	58	0
66	42	0
83	42	0
13	45	0
91	78	0
59	89	1
80	12	0
13	89	0
96	51	0
22	14	0
25	32	0
73	45	0
97	33	0
16	0	0
40	2	0
55	65	0
95	89	0
27	4	0
60	2	0
90	85	0
56	87	0
23	51	0
93	48	0
82	61	0
11	99	1
8	91	0
48	34	0
93	45	0
20	36	0
82	30	0
78	9	0
34	33	0
24	38	0
82	40	0
60	89	1
82	43	0
18	10	0
97	55	0
74	45	0
84	24	1
66	97	1
74	46	0
54	95	0
58	51	0
68	40	0
45	94	1
82	45	0
94	89	0
90	86	0
70	73	0
74	29	0
92	48	0
87	96	0
95	99	0
80	69	0
82	95	0
50	76	0
2	12	0
28	96	0
83	42	0
75	28	0
88	48	0
76	46	0
95	65	0
89	38	0
20	74	0
6	7	0
42	87	0
27	69	0
42	0	0
4	82	0
97	46	0
94	86	0
86	52	0
96	97	0
94	36	0
