77	63	0
36	32	0
62	98	0
16	12	0
93	35	0
87	93	0
69	44	0
4	77	0
3	9	0
14	93	0
85	42	0
68	81	0
29	29	0
66	75	0
95	54	0
55	97	1
61	69	0
39	29	0
89	77	0
95	85	0
73	77	0
8	27	0
70	72	0
73	34	0
64	87	0
51	69	0
63	81	0
94	48	0
98	30	0
94	69	0
37	3	0
49	88	1
84	33	0
30	15	0
95	72	0
92	70	0
89	21	1
92	10	0
18	34	0
64	77	0
3	85	0
95	11	1
59	97	0
18	29	0
79	75	0
96	37	0
57	93	0
3	16	0
90	13	0
70	38	0
72	13	1
51	42	0
74	36	0
15	98	1
89	68	0
58	90	0
18	61	0
38	89	1
93	55	0
37	35	0
32	7	0
66	62	0
13	93	0
98	29	0
33	69	0
86	60	0
97	6	0
74	93	0
66	80	0
6	23	0
76	80	0
81	66	0
81	40	0
17	98	1
61	37	0
88	43	0
85	37	0
92	40	0
16	60	0
2	15	0
87	61	0
57	98	0
38	83	0
59	92	0
74	41	0
60	67	0
83	76	0
80	78	0
18	15	0
10	9	0
83	59	0
87	2	0
15	49	0
73	74	0
66	78	0
61	78	0
55	9	0
52	95	1
75	88	0
79	53	0
11	89	0
90	83	0
1	94	0
17	52	0
91	88	0
86	75	0
51	78	0
75	44	0
80	39	0
57	68	0
22	56	0
45	21	0
89	88	0
71	6	0
84	38	0
81	96	0
63	76	0
73	76	0
19	26	0
14	77	1
68	99	0
74	66	1
60	92	0
30	82	0
35	36	0
74	53	1
57	46	0
57	80	0
69	39	0
2	96	0
91	36	0
64	24	1
51	28	0
82	18	1
65	70	0
74	92	0
89	72	0
86	7	1
91	26	0
99	78	0
69	75	0
52	83	0
14	75	0
95	11	1
9	51	0
77	73	0
79	73	0
87	53	0
85	54	0
87	65	0
51	13	0
36	23	0
76	58	0
27	73	0
58	85	0
81	74	0
98	42	0
99	31	0
71	63	0
65	99	0
59	9	0
1	93	0
13	98	0
95	58	0
58	66	1
91	74	0
14	20	0
46	94	1
84	7	1
81	10	0
89	26	0
85	23	0
79	32	0
12	15	0
31	74	0
54	93	0
85	38	0
75	92	0
89	76	0
64	33	0
65	81	0
5	6	0
34	8	0
45	25	0
68	38	0
3	56	0
29	14	0
95	86	0
96	54	0
96	12	1
63	1	0
34	10	0
99	87	0
27	75	0
9	96	0
37	35	0
74	51	0
73	67	0
51	69	0
82	80	0
73	28	0
80	77	0
87	35	0
82	70	0
59	35	0
96	73	0
65	14	0
99	11	1
30	57	0
76	89	0
99	42	0
90	44	0
80	93	0
91	41	0
44	45	0
58	94	0
70	84	0
24	78	0
84	82	0
6	94	0
93	11	1
19	99	1
85	31	0
94	64	0
30	2	0
50	91	1
46	54	0
10	15	0
88	50	0
87	6	1
70	91	0
14	22	0
75	27	0
76	78	0
13	31	0
79	36	0
77	1	0
94	69	0
68	17	0
91	91	0
13	36	0
52	97	1
63	57	0
94	38	0
58	47	0
3	56	0
90	72	0
93	62	0
2	85	0
75	89	0
38	20	0
63	50	0
64	98	0
67	94	0
98	48	0
62	10	0
71	40	0
79	34	0
93	56	0
77	34	0
87	71	0
45	96	1
51	90	1
88	97	0
80	95	0
15	8	0
5	85	0
74	83	0
71	92	0
56	19	0
82	54	0
99	2	0
98	83	0
64	81	0
91	19	1
62	77	0
89	22	1
94	4	0
86	28	0
13	45	0
5	99	0
90	89	0
86	92	0
86	84	0
83	61	0
78	79	0
6	91	0
26	21	0
4	13	0
40	42	0
87	10	1
84	40	0
62	64	0
59	2	0
75	83	0
78	81	0
81	47	0
72	57	0
29	22	0
99	44	0
79	96	0
56	38	0
71	81	0
94	66	0
19	58	0
45	71	0
55	79	0
55	86	1
2	49	0
71	75	0
94	40	0
93	65	0
56	93	0
89	28	0
86	7	1
91	70	0
63	73	0
2	93	0
77	92	0
20	23	0
6	90	0
68	74	0
64	65	0
86	91	0
2	80	0
85	55	0
17	0	0
50	88	1
8	85	0
0	16	0
98	52	0
74	26	1
22	20	0
13	35	0
71	40	0
70	78	0
91	77	0
85	38	0
77	76	0
69	90	0
1	71	0
89	65	0
61	23	0
96	42	0
77	85	0
74	68	0
42	79	0
93	65	0
92	9	1
44	74	0
1	96	0
75	38	0
28	31	0
65	84	0
30	76	0
64	96	0
91	54	0
89	37	0
73	68	0
95	82	0
93	43	0
95	99	0
78	64	0
72	31	0
41	82	1
85	78	0
84	71	0
93	31	0
49	64	0
66	31	0
83	92	0
88	56	0
25	83	0
85	38	0
78	44	0
88	39	0
99	86	0
72	44	0
6	84	0
11	99	0
39	32	0
28	74	0
46	89	1
62	10	0
3	96	0
75	45	0
9	13	0
15	59	0
68	71	0
71	73	0
79	49	0
76	42	0
74	64	1
74	46	0
12	39	0
95	76	0
60	96	0
78	16	0
38	95	1
17	88	0
96	54	0
63	30	1
25	16	0
25	33	0
72	48	0
94	34	0
13	1	0
42	0	0
54	60	0
94	86	0
27	9	0
58	14	0
88	81	0
72	61	1
64	87	0
18	51	0
96	46	0
87	59	0
9	91	0
1	94	0
46	26	0
94	29	0
18	28	0
87	35	0
77	14	0
34	25	0
16	97	1
60	87	0
20	37	0
74	42	0
64	85	0
71	39	0
9	11	0
90	55	0
86	37	0
85	22	0
62	30	1
53	99	0
84	39	0
55	99	0
60	55	0
72	49	0
54	91	0
92	50	0
93	98	0
85	85	0
76	76	0
75	20	0
95	44	0
96	99	0
96	96	0
85	22	0
83	69	0
12	96	1
83	94	0
58	73	0
4	19	0
33	94	0
85	32	0
18	97	1
49	79	1
73	34	0
80	49	0
75	52	0
99	52	0
85	35	0
83	20	1
4	81	0
11	10	0
55	80	0
30	69	0
37	2	0
2	86	0
99	39	0
93	88	0
85	49	0
90	88	0
66	55	1
95	41	0
