90	71	0
42	19	0
39	26	0
45	96	0
13	5	0
93	31	0
93	83	0
41	15	0
68	81	0
44	21	0
98	40	0
6	80	0
19	4	0
19	59	0
99	17	0
80	75	0
59	30	0
23	50	0
97	67	0
92	8	0
46	96	0
66	63	0
81	89	0
54	2	0
43	81	0
52	5	0
81	79	0
62	91	0
92	74	0
5	23	0
52	33	0
40	20	0
87	35	0
39	51	0
85	63	0
12	95	0
51	98	0
96	24	0
77	90	0
44	2	0
21	58	0
89	57	0
88	66	0
53	68	0
95	54	0
12	84	0
17	40	0
67	3	0
89	64	0
18	71	0
59	1	0
8	76	0
54	89	0
34	75	0
98	62	0
49	38	0
31	33	0
87	74	0
96	87	0
93	18	0
8	90	0
95	16	0
40	2	0
73	76	0
47	12	0
7	89	0
83	8	0
44	76	0
74	99	0
49	68	0
8	28	0
69	89	0
25	43	0
16	67	0
91	30	0
15	39	0
33	87	0
44	98	0
61	21	0
31	93	0
56	98	0
4	23	0
98	13	0
94	27	0
41	52	0
80	35	0
21	29	0
84	51	0
26	35	1
40	15	0
37	7	0
68	37	0
11	91	0
66	10	0
57	89	0
41	10	0
47	28	0
89	44	0
35	66	0
78	47	0
9	58	0
79	87	0
0	73	0
31	96	0
93	51	0
59	9	0
44	68	0
31	58	0
62	0	0
65	49	0
5	60	0
40	3	0
27	47	0
43	32	0
78	92	0
55	44	0
20	99	0
84	4	0
57	70	0
80	87	0
98	4	0
66	74	0
48	75	0
33	8	0
57	96	0
89	75	0
80	56	0
34	95	0
65	33	0
35	20	0
15	44	0
77	8	0
8	68	0
91	67	0
99	29	0
89	39	0
34	55	0
59	18	0
88	75	0
15	18	0
36	8	0
81	61	0
37	34	0
71	79	0
73	92	0
46	16	0
42	30	0
58	45	0
13	43	0
29	58	0
17	55	0
77	78	0
43	53	0
46	94	0
84	47	0
80	69	0
53	87	0
22	35	0
93	62	0
9	25	0
48	42	0
20	8	0
30	82	0
41	78	0
90	33	0
37	33	0
74	21	0
40	81	0
58	26	0
52	44	0
83	80	0
29	59	0
56	73	0
33	88	0
42	48	0
40	10	0
57	6	0
29	74	0
30	83	0
75	80	0
92	63	0
27	85	0
25	35	1
93	66	0
27	49	0
30	87	0
55	79	0
42	50	0
27	11	0
16	32	0
73	94	0
85	91	0
64	79	0
67	31	0
0	60	0
60	6	0
77	24	0
69	24	0
70	31	0
16	60	0
0	65	0
52	51	0
75	28	0
36	58	0
85	33	0
36	97	0
27	67	0
37	19	0
76	76	0
36	57	0
35	7	0
12	89	0
61	11	0
94	88	0
71	88	0
94	3	0
2	81	0
21	62	0
93	36	0
56	74	0
46	38	0
58	59	0
49	70	0
57	61	0
16	74	0
29	58	0
70	9	0
0	63	0
64	81	0
87	44	0
46	92	0
75	58	0
66	27	0
45	72	0
15	83	0
36	95	0
52	40	0
71	32	0
26	35	1
88	63	0
77	40	0
75	65	0
1	62	0
50	14	0
9	87	0
60	61	0
60	45	0
56	43	0
54	22	0
7	58	0
89	26	0
51	5	0
70	69	0
51	77	0
70	38	0
99	37	0
96	2	0
2	61	0
95	73	0
25	99	0
93	70	0
44	95	0
58	33	0
56	10	0
20	92	0
68	29	0
36	66	0
45	84	0
48	10	0
23	99	0
82	88	0
79	83	0
71	37	0
92	80	0
15	95	0
46	57	0
60	1	0
68	30	0
31	13	0
36	2	0
56	7	0
53	53	0
77	45	0
42	48	0
37	52	0
35	70	0
71	87	0
78	70	0
60	78	0
81	2	0
82	44	0
75	7	0
24	43	0
26	18	0
80	38	0
67	35	0
74	68	0
10	38	0
41	68	0
59	24	0
29	86	0
22	90	0
22	81	0
99	69	0
38	27	0
35	4	0
27	56	0
86	66	0
65	19	0
82	90	0
11	2	0
64	99	0
4	69	0
37	89	0
42	27	0
4	57	0
78	13	0
20	36	0
72	4	0
53	12	0
93	9	0
38	46	0
25	47	0
77	27	0
86	61	0
7	26	0
23	35	0
6	62	0
37	96	0
6	91	0
47	85	0
58	72	0
51	41	0
66	23	0
40	87	0
48	69	0
87	93	0
29	27	0
21	52	0
27	40	0
60	76	0
71	87	0
29	25	0
81	20	0
38	6	0
54	1	0
65	16	0
37	50	0
79	68	0
86	12	0
18	35	0
48	12	0
51	46	0
39	38	0
28	58	0
85	80	0
79	54	0
13	53	0
53	32	0
95	18	0
61	10	0
54	29	0
57	35	0
33	28	0
2	69	0
68	85	0
25	77	0
27	89	0
24	99	0
54	10	0
47	36	0
94	47	0
82	49	0
4	76	0
87	71	0
68	77	0
80	30	0
70	88	0
82	3	0
86	59	0
73	57	0
38	17	0
50	49	0
34	48	0
81	82	0
68	19	0
95	6	0
29	42	0
38	87	0
75	74	0
86	16	0
5	62	0
98	27	0
43	93	0
80	23	0
66	51	0
38	56	0
56	36	0
21	38	0
36	47	0
67	88	0
83	34	0
35	20	0
74	69	0
22	64	0
8	98	0
95	86	0
31	36	0
1	86	0
59	37	0
89	17	0
83	45	0
4	68	0
64	34	0
43	32	0
46	45	0
6	98	0
75	20	0
53	8	0
90	49	0
48	38	0
24	76	0
17	5	0
61	58	0
60	92	0
0	57	0
47	71	0
43	79	0
55	24	0
22	94	0
9	43	0
21	44	0
63	13	0
85	32	0
95	18	0
76	89	0
20	59	0
32	25	0
40	27	0
78	9	0
66	58	0
73	91	0
18	39	0
62	91	0
94	69	0
36	78	0
75	7	0
67	49	0
76	25	0
74	12	0
44	19	0
46	18	0
98	7	0
85	34	0
1	76	0
85	13	0
87	98	0
13	94	0
94	63	0
47	53	0
19	26	0
97	99	0
65	48	0
6	95	0
70	28	0
67	40	0
65	61	0
78	66	0
25	76	0
83	73	0
35	90	0
92	76	0
12	26	1
37	94	0
98	78	0
30	34	0
38	30	0
54	67	0
59	96	0
46	59	0
67	95	0
65	49	0
28	56	0
29	63	0
81	17	0
8	81	0
91	41	0
19	88	0
52	72	0
41	83	0
84	42	0
39	49	0
20	35	0
48	21	0
82	53	0
68	15	0
93	97	0
61	92	0
39	54	0
57	2	0
35	37	0
51	86	0
35	19	0
48	59	0
75	72	0
33	23	0
93	98	0
48	18	0
23	7	0
57	22	0
26	75	0
35	14	0
16	61	0
93	91	0
62	88	0
60	48	0
72	7	0
42	72	0
50	52	0
99	53	0
88	5	0
0	66	0
77	6	0
63	72	0
74	29	0
43	13	0
34	66	0
83	78	0
38	66	0
40	78	0
84	37	0
19	55	0
73	26	0
40	69	0
65	84	0
31	93	0
82	14	0
93	26	0
63	14	0
30	79	0
18	94	0
17	85	0
67	39	0
76	69	0
69	82	0
13	48	0
77	42	0
69	68	0
80	72	0
56	65	0
13	68	0
16	66	0
46	28	0
41	17	0
4	35	0
44	59	0
33	46	0
85	32	0
77	37	0
77	2	0
74	45	0
53	69	0
22	59	0
51	28	0
97	84	0
55	90	0
80	66	0
26	54	0
47	79	0
67	43	0
34	53	0
75	26	0
15	48	0
41	23	0
83	51	0
91	94	0
54	54	0
13	63	0
46	4	0
60	59	0
26	91	0
35	31	0
86	87	0
97	76	0
22	84	0
63	56	0
2	73	0
80	54	0
38	57	0
52	58	0
34	77	0
59	73	0
5	55	0
81	75	0
66	59	0
89	48	0
18	64	0
58	89	0
54	29	0
98	24	0
47	33	0
98	15	0
14	88	0
35	36	0
38	67	0
90	56	0
32	51	0
83	64	0
12	94	0
20	83	0
98	87	0
47	27	0
3	78	0
80	94	0
46	69	0
89	65	0
19	91	0
93	34	0
24	3	0
33	80	0
38	75	0
35	14	0
19	41	0
6	21	0
85	72	0
96	13	0
64	10	0
77	29	0
96	39	0
33	10	0
24	51	0
99	36	0
5	56	0
60	96	0
10	58	0
27	81	0
66	51	0
57	93	0
78	52	0
69	88	0
39	36	0
72	65	0
39	63	0
78	57	0
14	72	0
51	30	0
26	81	0
85	39	0
66	29	0
89	75	0
96	96	0
91	77	0
42	66	0
63	40	0
56	72	0
33	21	0
25	8	0
34	71	0
10	31	0
58	0	0
57	84	0
72	80	0
84	2	0
13	47	0
54	83	0
18	94	0
57	7	0
61	36	0
58	20	0
40	24	0
22	34	0
48	19	0
76	2	0
38	94	0
61	31	0
32	90	0
88	15	0
29	50	0
47	64	0
74	27	0
82	77	0
60	70	0
35	65	0
45	88	0
77	75	0
84	45	0
17	72	0
81	79	0
83	96	0
25	34	1
15	52	0
95	47	0
28	82	0
98	85	0
59	94	0
41	6	0
69	64	0
86	62	0
68	84	0
78	54	0
91	74	0
76	39	0
17	54	0
1	61	0
69	86	0
73	40	0
51	61	0
48	6	0
32	20	0
90	76	0
8	58	0
26	52	0
59	32	0
39	14	0
55	29	0
19	86	0
25	34	1
3	64	0
12	82	0
78	51	0
10	28	1
76	19	0
89	34	0
82	5	0
50	82	0
6	54	0
54	28	0
60	47	0
49	86	0
89	13	0
24	32	1
64	58	0
45	87	0
18	96	0
38	64	0
34	86	0
35	24	0
80	78	0
47	38	0
46	82	0
56	37	0
11	41	0
63	60	0
66	22	0
25	80	0
85	43	0
32	34	0
31	45	0
28	14	0
1	64	0
82	67	0
80	65	0
42	53	0
90	63	0
81	71	0
76	32	0
64	15	0
80	77	0
78	23	0
0	59	0
81	79	0
25	25	0
69	34	0
20	64	0
1	90	0
32	92	0
35	58	0
99	32	0
12	47	0
57	93	0
5	87	0
91	65	0
60	54	0
85	31	0
14	2	0
47	26	0
64	3	0
8	78	0
48	55	0
89	67	0
77	37	0
11	7	0
13	44	0
68	17	0
14	77	0
80	0	0
45	75	0
37	27	0
87	96	0
12	22	0
28	99	0
97	54	0
31	6	0
87	90	0
48	53	0
67	55	0
44	32	0
99	31	0
90	84	0
9	66	0
9	72	0
15	49	0
12	83	0
7	98	0
80	22	0
36	50	0
7	91	0
47	14	0
71	11	0
36	62	0
65	56	0
50	23	0
32	68	0
30	32	0
89	17	0
0	43	0
81	65	0
89	8	0
57	49	0
24	19	0
49	2	0
15	90	0
51	63	0
42	60	0
32	14	0
7	93	0
1	92	0
67	55	0
92	36	0
31	24	0
23	69	0
91	91	0
53	29	0
62	76	0
65	91	0
6	80	0
73	31	0
50	52	0
20	34	0
96	71	0
55	65	0
99	17	0
79	13	0
89	22	0
63	94	0
45	62	0
41	58	0
70	11	0
39	8	0
66	94	0
69	68	0
19	51	0
70	41	0
60	91	0
80	21	0
89	53	0
30	74	0
51	60	0
20	29	0
92	29	0
27	57	0
83	8	0
91	98	0
69	62	0
56	81	0
68	37	0
69	83	0
7	98	0
40	6	0
8	90	0
10	63	0
55	71	0
70	88	0
71	8	0
94	98	0
89	11	0
90	88	0
61	10	0
83	31	0
79	44	0
50	38	0
19	87	0
65	99	0
68	76	0
22	49	0
10	31	0
23	96	0
12	63	0
42	3	0
39	50	0
21	66	0
38	33	0
7	43	0
99	57	0
44	28	0
14	57	0
32	77	0
76	74	0
95	65	0
11	64	0
64	50	0
25	62	0
77	46	0
50	40	0
6	43	0
20	54	0
79	54	0
68	55	0
85	55	0
4	66	0
62	55	0
4	88	0
2	18	0
89	70	0
14	61	0
37	4	0
39	27	0
13	95	0
18	81	0
82	43	0
67	67	0
76	56	0
74	83	0
42	65	0
58	40	0
2	68	0
45	66	0
33	42	0
61	58	0
78	20	0
