94	65	0
53	17	0
43	21	0
44	89	0
3	46	0
89	31	0
95	77	0
7	6	0
45	14	0
69	91	0
44	37	0
78	40	0
3	89	0
25	4	0
17	60	0
98	5	0
89	80	0
67	31	0
31	65	0
96	63	0
97	2	0
40	71	0
72	77	0
79	81	0
75	0	0
26	93	0
55	15	0
77	75	0
67	91	0
95	54	0
0	39	0
30	33	0
45	21	0
80	20	0
42	50	0
89	72	0
5	91	0
66	71	0
90	12	0
83	97	0
43	15	0
25	56	0
66	55	0
98	56	0
60	86	0
97	50	0
18	99	0
35	44	0
61	13	0
91	41	0
22	65	0
59	11	0
35	87	0
58	90	0
29	64	0
96	68	0
56	20	0
36	61	0
86	74	0
99	96	0
79	12	0
23	93	0
87	3	0
54	9	0
90	66	0
42	30	0
13	87	0
87	6	0
34	80	0
89	75	0
57	52	0
21	28	0
95	75	0
23	44	0
29	52	0
90	35	0
22	15	0
18	41	0
41	83	0
61	97	0
72	23	0
42	97	0
66	97	0
5	8	0
15	27	0
94	14	0
94	15	0
46	52	0
81	42	0
21	31	0
75	51	0
47	51	0
29	11	0
30	4	0
71	48	0
23	81	0
56	1	0
47	81	0
40	0	0
33	32	0
86	40	0
50	61	0
61	47	0
23	78	0
67	75	0
6	78	0
51	89	0
85	48	0
67	18	0
55	80	0
0	53	0
61	9	0
52	73	0
8	74	0
47	0	0
25	52	0
21	31	0
92	78	0
7	29	1
46	27	0
4	1	0
37	98	0
89	4	0
64	64	0
16	39	0
79	75	0
95	17	0
63	68	0
55	85	0
34	18	0
60	99	0
21	15	0
71	80	0
67	51	0
31	92	0
74	30	0
39	35	0
18	25	0
76	4	0
9	7	0
3	78	0
17	13	1
96	80	0
91	8	0
84	41	0
46	59	0
64	10	0
83	92	0
6	4	0
39	15	0
13	10	0
79	79	0
37	40	0
86	73	0
85	83	0
56	27	0
53	36	0
71	53	0
5	51	0
24	78	0
16	57	0
82	77	0
49	61	0
36	93	0
88	50	0
71	70	0
60	84	0
18	38	0
92	80	0
6	46	0
33	35	0
22	25	0
22	74	0
33	71	0
98	23	0
50	34	0
76	9	0
40	81	0
72	21	0
59	28	0
79	72	0
18	46	0
65	61	0
32	98	0
31	60	0
33	3	0
69	25	0
21	95	0
6	86	0
70	82	0
83	48	0
23	90	0
25	40	0
79	75	0
26	51	0
33	75	0
34	95	0
57	39	0
31	2	0
20	44	0
78	90	0
93	88	0
60	95	0
70	16	0
8	61	0
62	5	0
59	21	0
64	26	0
83	22	0
30	60	0
1	74	0
52	65	0
64	37	0
32	68	0
87	25	0
62	84	0
33	73	0
20	16	0
84	79	0
32	74	0
42	4	0
2	85	0
83	17	0
97	73	0
75	89	0
83	23	0
3	78	0
21	85	0
97	51	0
61	70	0
34	46	0
43	77	0
68	70	0
51	55	0
10	81	0
35	65	0
66	9	0
9	58	0
64	95	0
70	43	0
31	85	0
92	66	0
43	10	0
37	59	0
6	71	0
39	90	0
56	31	0
73	18	0
16	39	0
89	61	0
62	44	0
80	49	0
13	91	0
57	13	0
22	78	0
59	72	0
61	56	0
70	58	0
53	1	0
28	14	0
9	56	0
73	49	0
51	9	0
62	59	0
44	85	0
59	53	0
92	28	0
98	12	0
14	64	0
80	68	0
19	90	0
16	17	1
92	56	0
40	95	0
52	35	0
49	1	0
11	94	0
74	34	0
42	57	0
38	77	0
45	1	0
20	86	0
83	80	0
82	83	0
58	32	0
90	71	0
13	87	0
39	43	0
67	3	0
69	21	0
28	27	0
52	4	0
59	10	0
52	39	0
68	38	0
24	49	0
21	48	0
56	51	0
68	74	0
85	82	0
52	93	0
74	12	0
99	57	0
73	6	0
13	53	0
20	13	0
91	40	0
54	31	0
73	75	0
11	44	0
52	61	0
58	26	0
29	93	0
31	91	0
39	74	0
92	49	0
45	26	0
49	1	0
29	45	0
88	58	0
71	11	0
65	96	0
20	6	0
70	91	0
11	79	0
43	79	0
31	26	0
3	52	0
18	15	1
85	13	0
22	37	0
78	16	0
42	6	0
10	4	0
84	15	0
27	60	0
19	42	0
88	30	0
92	53	0
11	31	0
22	35	0
5	55	0
36	91	0
15	73	0
0	9	0
40	94	0
55	66	0
43	22	0
8	19	1
57	30	0
46	85	0
39	69	0
93	94	0
33	29	0
15	55	0
37	42	0
57	67	0
76	98	0
44	11	0
70	0	0
28	9	0
42	8	0
56	2	0
21	55	0
80	59	0
63	1	0
26	47	0
57	5	0
51	59	0
52	55	0
35	58	0
78	79	0
67	55	0
18	71	0
54	37	0
23	15	0
98	6	0
45	1	0
65	24	0
56	28	0
17	40	0
11	74	0
65	73	0
11	81	0
35	97	0
24	84	0
39	24	0
38	39	0
87	64	0
56	37	0
7	69	0
75	79	0
62	85	0
26	32	0
69	18	0
70	90	0
68	6	0
99	61	0
75	43	0
36	19	0
34	45	0
40	40	0
88	74	0
18	22	0
72	19	0
84	9	0
13	53	0
34	87	0
75	73	0
80	3	0
0	69	0
92	42	0
57	95	0
11	16	0
71	3	0
57	60	0
35	56	0
61	49	0
25	36	0
50	38	0
75	81	0
68	51	0
41	31	0
69	71	0
22	52	0
25	83	0
78	89	0
44	16	0
2	77	0
74	21	0
83	20	0
70	45	0
16	64	0
67	21	0
20	31	0
55	42	0
12	95	0
67	47	0
54	14	0
89	52	0
44	22	0
25	76	0
44	1	0
80	35	0
4	5	0
63	91	0
5	95	0
30	37	0
51	77	0
55	26	0
8	97	0
12	46	0
17	38	0
54	17	0
98	33	0
76	20	0
89	96	0
34	61	0
17	20	0
42	12	0
41	26	0
92	14	0
54	64	0
79	77	0
33	35	0
63	94	0
75	60	0
41	74	0
77	0	0
70	43	0
82	12	0
67	21	0
42	23	0
34	33	0
99	2	0
60	22	0
4	70	0
96	11	0
99	86	0
7	92	0
7	29	1
89	69	0
44	47	0
32	2	0
92	83	0
82	57	0
24	99	0
68	23	0
74	38	0
90	63	0
12	20	1
84	71	0
33	79	0
77	78	0
30	95	0
95	73	0
33	47	0
26	86	0
94	87	0
28	32	0
28	39	0
72	71	0
68	98	0
51	74	0
12	10	1
49	83	0
64	63	0
39	58	0
33	69	0
89	21	0
17	91	0
84	49	0
24	78	0
37	59	0
45	83	0
88	31	0
31	33	0
21	51	0
4	20	1
61	39	0
99	69	0
59	23	0
78	91	0
71	91	0
34	39	0
54	18	0
25	46	0
17	77	0
36	31	0
56	69	0
71	94	0
31	26	0
74	84	0
51	34	0
38	13	0
66	37	0
23	75	0
48	12	0
8	57	0
97	82	0
59	97	0
45	48	0
81	8	0
42	67	0
47	53	0
94	57	0
89	0	0
2	68	0
74	3	0
83	80	0
68	30	0
34	2	0
30	71	0
77	76	0
34	85	0
56	78	0
82	15	0
12	76	0
55	13	0
55	68	0
64	97	0
27	93	0
93	9	0
92	20	0
68	6	0
40	89	0
10	91	0
0	92	0
73	54	0
77	61	0
77	64	0
12	44	0
88	49	0
68	54	0
10	17	1
79	72	0
69	61	0
16	45	0
17	71	0
41	27	0
41	38	0
9	55	0
58	56	0
48	45	0
96	44	0
76	32	0
80	1	0
76	31	0
45	88	0
20	15	0
23	52	0
71	44	0
99	85	0
71	74	0
99	77	0
19	46	0
57	71	0
62	48	0
25	61	0
86	38	0
11	28	1
25	63	0
41	25	0
82	58	0
74	97	0
51	54	0
25	62	0
39	6	0
83	67	0
24	76	0
50	25	0
89	84	0
90	75	0
14	89	0
47	58	0
14	76	0
76	77	0
43	55	0
52	62	0
37	83	0
68	69	0
29	31	0
21	66	0
92	76	0
78	59	0
97	62	0
33	82	0
54	76	0
66	30	0
23	24	0
89	25	0
37	32	0
99	1	0
16	86	0
22	23	0
0	19	1
34	93	0
85	65	0
21	41	0
95	59	0
15	97	0
20	68	0
33	3	0
97	87	0
23	26	0
1	87	0
71	96	0
39	61	0
80	72	0
22	80	0
92	23	0
26	25	0
34	83	0
24	75	0
36	15	0
24	40	0
10	36	0
99	69	0
89	10	0
53	12	0
71	8	0
85	46	0
28	9	0
45	30	0
99	36	0
9	56	0
45	90	0
6	51	0
20	78	0
75	55	0
50	94	0
69	51	0
75	81	0
38	28	0
89	72	0
33	66	0
88	46	0
11	78	0
66	43	0
28	72	0
72	33	0
58	38	0
90	83	0
85	88	0
85	92	0
25	86	0
19	41	0
47	54	0
46	63	0
40	30	0
22	9	0
39	66	0
10	47	0
66	2	0
74	85	0
90	52	0
99	10	0
15	50	0
5	3	0
78	98	0
4	83	0
51	17	0
53	37	0
72	11	0
23	3	0
49	13	0
17	35	0
3	31	1
49	16	0
56	4	0
37	85	0
53	21	0
32	97	0
74	0	0
31	46	0
48	61	0
65	12	0
94	60	0
63	74	0
48	63	0
51	98	0
81	88	0
11	13	0
93	54	0
14	67	0
85	70	0
53	88	0
17	36	0
14	64	0
99	49	0
27	82	0
92	92	0
64	88	0
46	12	0
45	57	0
76	55	0
43	90	0
78	50	0
97	76	0
79	24	0
12	62	0
6	67	0
74	95	0
67	39	0
57	63	0
60	6	0
24	20	0
70	70	0
30	38	0
15	66	0
34	46	0
52	44	0
32	12	0
60	29	0
5	87	0
24	42	0
11	59	0
3	62	0
81	57	0
30	22	0
64	15	0
93	22	0
82	0	0
56	66	0
3	63	0
59	27	0
39	34	0
14	15	1
16	18	0
73	72	0
72	15	0
40	42	0
50	76	0
54	80	0
14	96	0
21	62	0
49	90	0
27	40	0
80	89	0
48	40	0
28	79	0
14	11	1
57	24	0
9	46	0
58	53	0
69	16	0
30	72	0
84	60	0
54	49	0
51	46	0
42	24	0
2	69	0
75	65	0
71	53	0
40	34	0
73	60	0
77	70	0
74	44	0
61	11	0
86	75	0
87	23	0
3	78	0
69	70	0
25	5	0
47	29	0
9	0	0
11	52	0
14	85	0
33	88	0
29	53	0
96	31	0
11	50	0
52	99	0
18	86	0
98	65	0
49	64	0
86	38	0
24	0	0
60	22	0
53	7	0
15	1	0
26	86	0
49	64	0
82	75	0
69	44	0
17	6	0
26	32	0
57	9	0
0	78	0
72	0	0
38	73	0
58	30	0
72	98	0
11	38	0
8	88	0
92	54	0
25	20	0
85	72	0
64	56	0
70	39	0
45	30	0
94	29	0
85	67	0
14	62	0
7	92	0
26	50	0
1	87	0
5	95	0
95	24	0
32	49	0
1	99	0
52	11	0
68	0	0
43	51	0
21	18	0
66	42	0
36	21	0
20	83	0
23	35	0
58	11	0
5	40	0
90	49	0
88	6	0
59	50	0
34	8	0
42	23	0
12	93	0
58	77	0
31	63	0
14	3	0
36	21	0
8	84	0
2	78	0
64	54	0
89	44	0
50	36	0
16	78	0
24	32	0
90	83	0
69	28	0
44	80	0
66	94	0
22	17	0
5	90	0
66	13	0
59	74	0
33	40	0
94	71	0
29	75	0
98	25	0
85	17	0
98	18	0
80	87	0
45	57	0
14	82	0
82	13	0
36	5	0
69	83	0
65	72	0
17	42	0
70	42	0
64	80	0
83	18	0
94	46	0
12	66	0
57	46	0
27	28	0
90	24	0
59	44	0
69	13	0
90	91	0
81	70	0
52	68	0
77	34	0
56	73	0
8	91	0
33	1	0
9	96	0
18	78	0
64	64	0
73	95	0
88	10	0
96	92	0
77	3	0
5	7	0
89	72	0
68	12	0
97	34	0
73	58	0
53	44	0
19	62	0
64	93	0
58	73	0
5	41	0
6	45	0
37	93	0
0	77	0
53	7	0
39	47	0
14	66	0
40	38	0
13	24	1
4	41	0
97	52	0
56	28	0
2	45	0
25	90	0
77	65	0
1	2	0
87	83	0
19	81	0
62	46	0
43	55	0
90	45	0
62	38	0
0	7	0
12	10	1
7	52	0
23	60	0
92	76	0
63	47	0
95	70	0
9	55	0
72	58	0
18	77	0
0	8	0
74	77	0
1	16	1
29	72	0
42	5	0
27	21	0
7	76	0
32	91	0
4	2	0
77	35	0
62	63	0
79	63	0
82	82	0
45	87	0
30	27	0
2	66	0
9	9	0
37	69	0
43	46	0
54	51	0
84	14	0
