95	65	0
24	5	0
33	23	1
63	99	0
16	0	0
86	43	0
98	96	0
46	13	0
57	79	0
60	26	0
80	48	0
8	82	0
15	1	0
16	89	0
94	25	0
75	73	0
51	38	0
20	62	1
90	57	0
96	14	0
48	96	0
55	68	0
80	70	0
49	9	0
24	71	0
59	16	0
91	70	0
77	93	0
91	78	0
4	42	0
56	6	0
52	29	0
97	30	0
78	64	0
8	87	0
36	91	0
78	17	0
77	91	0
30	8	0
45	65	0
80	65	0
94	68	0
53	64	0
97	45	0
17	79	0
66	5	0
99	69	0
21	76	0
70	7	0
4	75	0
46	92	0
29	71	0
92	68	0
54	34	0
42	30	0
94	82	0
95	91	0
97	12	0
20	94	0
99	10	0
26	4	0
73	90	0
30	1	0
1	83	0
85	15	0
32	80	0
59	89	0
36	62	0
4	27	0
72	77	0
85	30	0
27	92	0
54	96	0
61	31	0
29	88	0
57	99	0
6	14	0
96	13	0
80	21	0
49	73	0
84	42	0
94	57	0
52	12	0
35	11	0
68	42	0
6	98	0
62	3	0
45	63	0
44	6	0
61	26	0
87	23	0
34	60	0
85	45	0
3	60	0
81	97	0
2	86	0
41	92	0
85	54	0
72	17	0
32	65	0
33	61	0
60	2	0
71	59	0
12	61	0
35	2	0
14	48	1
41	51	1
61	81	0
44	39	0
13	95	0
87	32	0
40	76	0
77	72	0
91	5	0
69	84	0
67	74	0
21	22	0
57	93	0
97	85	0
76	59	0
27	96	0
65	33	0
34	22	1
73	7	0
12	52	1
94	66	0
95	38	0
87	53	0
38	46	0
59	0	0
67	72	0
15	27	0
45	25	0
97	55	0
53	20	0
55	75	0
58	81	0
56	24	0
35	39	0
55	31	0
9	47	1
16	54	1
61	85	0
47	63	0
45	90	0
73	42	0
68	69	0
58	67	0
98	65	0
25	21	0
43	50	0
13	13	0
15	76	0
25	65	0
85	46	0
44	45	0
88	1	0
36	87	0
54	25	0
33	43	0
69	81	0
34	65	0
55	64	0
42	94	0
31	52	0
39	7	0
56	20	0
39	98	0
30	62	0
76	82	0
94	60	0
20	93	0
96	66	0
31	47	0
24	71	0
49	70	0
46	59	0
15	32	0
71	86	0
97	79	0
35	67	0
77	40	0
5	40	0
60	5	0
68	55	0
57	17	0
77	16	0
1	47	0
41	60	0
62	36	0
48	66	0
92	33	0
32	94	0
22	57	0
76	89	0
43	57	0
26	12	0
29	72	0
60	20	0
93	96	0
45	90	0
97	2	0
10	65	0
15	64	0
96	34	0
49	90	0
64	77	0
67	68	0
47	64	0
16	72	0
24	53	1
58	1	0
17	54	1
57	95	0
99	58	0
45	87	0
78	68	0
83	22	0
51	78	0
29	84	0
40	95	0
40	26	0
68	25	0
82	41	0
55	45	0
69	67	0
2	46	0
65	26	0
21	95	0
68	67	0
82	44	0
68	33	0
48	2	0
3	41	0
86	20	0
36	22	1
72	74	0
58	95	0
75	51	0
91	33	0
95	9	0
1	32	0
83	76	0
34	93	0
89	82	0
39	99	0
63	38	0
77	29	0
24	92	0
84	24	0
21	60	0
31	75	0
54	10	0
31	99	0
80	90	0
77	77	0
93	54	0
94	56	0
17	82	0
38	72	0
86	11	0
74	45	0
34	20	1
38	4	0
41	30	0
45	50	0
79	46	0
26	53	0
40	39	0
29	78	0
73	92	0
89	59	0
60	73	0
87	1	0
96	37	0
63	9	0
30	37	1
82	47	0
76	52	0
64	71	0
5	38	0
35	66	0
60	28	0
13	95	0
29	80	0
9	89	0
89	69	0
46	11	0
40	2	0
41	51	1
76	65	0
63	3	0
92	89	0
24	5	0
50	93	0
15	68	0
53	90	0
45	35	0
7	48	1
74	31	0
80	14	0
48	18	0
82	10	0
39	57	0
8	58	1
77	23	0
78	56	0
8	5	0
3	60	0
33	99	0
16	80	0
50	98	0
49	65	0
74	42	0
68	9	0
48	79	0
44	71	0
95	78	0
1	53	0
63	52	0
72	80	0
81	24	0
30	5	0
44	0	0
50	16	0
39	33	0
82	56	0
68	17	0
22	45	0
22	19	0
36	59	0
44	38	0
87	73	0
85	59	0
1	50	0
58	36	0
91	7	0
68	14	0
75	21	0
55	37	0
39	34	0
2	76	0
68	85	0
41	80	0
10	98	0
25	66	0
52	4	0
47	38	0
89	44	0
82	54	0
11	63	0
82	70	0
85	85	0
81	28	0
72	91	0
81	5	0
74	66	0
74	54	0
70	52	0
83	80	0
73	1	0
93	18	0
29	49	0
53	93	0
67	73	0
82	12	0
26	75	0
93	23	0
58	97	0
95	27	0
63	23	0
26	55	0
65	39	0
39	55	0
57	90	0
81	28	0
82	77	0
40	56	0
17	91	0
91	96	0
48	28	0
6	84	0
49	49	0
96	5	0
79	40	0
25	67	0
62	53	0
55	47	0
15	97	0
82	23	0
37	9	0
92	48	0
47	46	0
38	91	0
18	9	0
50	52	0
50	86	0
6	48	0
40	76	0
42	84	0
49	23	0
18	77	0
11	29	0
73	8	0
72	14	0
97	8	0
89	95	0
26	63	0
36	25	0
82	1	0
68	53	0
69	97	0
0	25	0
56	95	0
94	61	0
34	82	0
82	3	0
43	67	0
71	20	0
60	7	0
44	12	1
42	8	1
91	13	0
83	40	0
12	90	0
80	13	0
92	96	0
24	96	0
96	71	0
45	47	0
9	31	0
75	99	0
63	55	0
5	88	0
70	37	0
75	48	0
70	51	0
82	69	0
31	60	0
97	56	0
29	95	0
94	70	0
21	95	0
88	93	0
47	34	0
65	63	0
62	89	0
47	61	0
56	98	0
74	52	0
45	48	0
29	56	0
90	2	0
2	82	0
90	59	0
21	87	0
49	63	0
42	86	0
83	32	0
32	51	0
51	24	0
91	53	0
73	21	0
86	91	0
44	95	0
44	56	0
45	10	0
36	45	0
56	97	0
50	19	0
42	69	0
83	77	0
35	12	0
90	87	0
73	9	0
13	10	0
43	33	0
21	70	0
42	2	0
10	81	0
89	81	0
58	90	0
67	43	0
72	4	0
39	65	0
42	72	0
98	47	0
97	2	0
16	71	0
77	8	0
46	69	0
43	30	0
33	5	0
35	52	0
80	90	0
33	69	0
53	81	0
65	24	0
73	29	0
53	57	0
62	90	0
31	97	0
99	16	0
84	19	0
73	14	0
11	65	0
29	99	0
20	90	0
62	38	0
76	74	0
73	98	0
8	37	0
56	41	0
65	86	0
70	63	0
62	77	0
18	88	0
23	74	0
41	32	0
45	14	1
12	29	0
41	36	0
39	40	0
98	25	0
83	44	0
73	11	0
70	34	0
57	52	0
41	27	0
99	77	0
49	84	0
86	57	0
40	65	0
38	92	0
80	46	0
25	44	1
70	18	0
30	15	0
95	45	0
75	86	0
46	38	0
10	55	1
48	9	1
51	57	0
41	85	0
63	97	0
91	60	0
16	79	0
64	46	0
5	61	0
64	45	0
42	74	0
60	56	0
46	75	0
61	84	0
0	58	0
58	58	0
75	50	0
87	58	0
34	76	0
69	85	0
44	20	0
91	18	0
56	44	0
98	12	0
1	79	0
38	85	0
86	58	0
74	70	0
15	87	0
15	80	0
81	89	0
45	25	0
2	73	0
70	97	0
46	67	0
94	62	0
23	97	0
81	45	0
13	0	0
39	71	0
22	81	0
35	12	1
3	17	0
85	57	0
97	25	0
49	18	0
77	31	0
81	14	0
19	12	0
28	65	0
74	34	0
2	68	0
56	85	0
1	43	0
18	76	0
70	51	0
55	96	0
71	46	0
76	84	0
80	56	0
42	50	1
76	75	0
11	86	0
41	42	0
24	77	0
75	50	0
69	38	0
97	50	0
94	95	0
84	90	0
48	66	0
70	43	0
65	58	0
35	52	0
8	44	1
67	5	0
68	84	0
89	81	0
84	10	0
55	86	0
3	95	0
53	14	0
55	30	0
72	31	0
57	25	0
35	22	1
79	12	0
25	93	0
70	22	0
29	85	0
94	15	0
43	70	0
54	38	0
65	96	0
80	72	0
40	81	0
66	96	0
86	66	0
87	45	0
22	53	1
98	82	0
75	93	0
13	57	1
96	50	0
37	69	0
95	85	0
54	85	0
33	15	1
78	82	0
90	43	0
47	82	0
79	66	0
90	54	0
73	37	0
33	49	0
1	61	0
58	76	0
66	18	0
56	33	0
42	17	0
85	86	0
15	48	1
66	37	0
38	10	1
39	19	0
10	89	0
11	61	0
7	87	0
63	42	0
95	25	0
93	39	0
96	4	0
80	96	0
7	51	1
60	21	0
53	50	0
35	79	0
94	19	0
66	50	0
37	92	0
27	98	0
31	69	0
16	90	0
31	4	0
68	65	0
47	28	0
45	74	0
50	45	0
4	45	0
68	66	0
67	16	0
26	89	0
96	55	0
21	33	0
16	68	0
79	62	0
64	56	0
53	56	0
93	53	0
98	63	0
71	50	0
60	12	0
66	66	0
85	41	0
10	38	0
86	77	0
58	43	0
25	79	0
9	81	0
30	99	0
21	58	0
93	28	0
3	49	0
58	91	0
3	84	0
90	64	0
45	26	0
79	22	0
23	24	0
34	41	0
71	10	0
20	77	0
41	56	0
91	54	0
87	40	0
4	3	0
9	47	1
45	16	1
1	43	0
70	5	0
47	69	0
93	91	0
7	10	0
47	96	0
88	32	0
38	4	0
89	87	0
43	61	0
71	69	0
38	32	0
98	38	0
91	78	0
14	63	0
14	76	0
0	45	0
18	65	0
14	97	0
69	18	0
31	56	0
7	89	0
27	26	0
59	17	0
34	67	0
71	49	0
46	3	0
34	78	0
95	24	0
5	28	0
74	48	0
94	32	0
47	59	0
26	18	0
42	0	0
19	93	0
51	69	0
28	61	0
20	15	0
16	88	0
25	81	0
58	51	0
91	43	0
35	72	0
81	97	0
49	30	0
67	73	0
46	87	0
2	87	0
78	43	0
45	58	0
8	18	0
97	65	0
52	54	0
98	17	0
83	12	0
81	35	0
61	98	0
46	43	0
51	32	0
62	26	0
40	1	0
42	92	0
48	72	0
17	46	1
88	31	0
59	93	0
90	44	0
81	53	0
40	73	0
28	67	0
77	31	0
56	37	0
76	0	0
97	98	0
76	81	0
47	76	0
74	44	0
74	86	0
10	81	0
55	27	0
20	94	0
6	62	0
47	58	0
76	74	0
63	15	0
97	95	0
87	14	0
95	94	0
63	8	0
75	21	0
70	57	0
63	30	0
21	84	0
53	84	0
68	83	0
9	33	0
11	79	0
12	72	0
37	7	0
38	43	0
14	50	1
3	44	0
77	39	0
49	23	0
15	62	0
16	85	0
64	99	0
88	39	0
1	73	0
65	44	0
30	82	0
79	65	0
69	39	0
8	50	1
30	55	0
80	36	0
65	51	0
76	59	0
16	60	0
60	50	0
1	96	0
3	4	0
91	65	0
19	68	0
20	0	0
3	92	0
24	81	0
96	39	0
74	80	0
87	64	0
85	89	0
50	66	0
63	32	0
1	73	0
47	65	0
36	58	0
63	48	0
93	22	0
