96	64	0
51	18	0
39	20	0
44	89	0
2	43	0
91	28	0
92	76	0
9	2	0
43	14	0
69	93	0
42	35	0
78	43	0
4	89	0
23	1	0
17	62	0
97	4	0
91	81	0
71	30	0
30	62	0
97	65	0
97	0	0
43	70	0
75	79	0
79	82	0
72	0	0
26	89	0
56	13	0
78	78	0
70	91	0
94	52	0
1	38	0
24	30	0
43	25	0
80	19	0
38	50	0
90	75	0
8	95	0
69	72	0
88	13	0
83	97	0
43	14	0
26	57	0
68	55	0
99	57	0
58	84	0
96	51	0
15	97	0
36	42	0
61	14	0
89	41	0
23	64	0
58	8	0
35	86	0
52	89	0
25	67	0
97	68	0
55	20	0
39	60	0
86	72	0
99	96	0
81	14	0
22	95	0
87	0	0
51	15	0
90	67	0
42	35	0
11	87	0
87	8	0
33	81	0
86	78	0
57	51	0
21	31	0
92	75	0
24	41	0
25	50	0
92	36	0
19	17	0
16	36	0
40	83	0
64	93	0
70	24	0
41	96	0
64	99	0
5	10	0
19	29	0
94	14	0
96	16	0
44	57	0
82	41	0
19	28	0
75	51	0
45	51	0
31	10	0
32	4	0
72	47	0
26	79	0
57	1	0
50	81	0
40	2	0
37	27	0
85	45	0
49	62	0
63	49	0
24	76	0
66	77	0
7	76	0
48	83	0
84	48	0
66	15	0
53	78	0
3	52	0
61	8	0
54	70	0
10	73	0
44	0	0
23	53	0
18	34	0
91	80	0
9	32	1
47	33	0
0	2	0
34	97	0
89	4	0
65	66	0
20	38	0
76	82	0
96	20	0
65	66	0
57	86	0
36	18	0
60	99	0
22	20	0
67	84	0
65	50	0
33	95	0
79	30	0
39	39	0
19	25	0
75	4	0
8	9	1
4	77	0
14	14	1
99	73	0
90	7	0
85	40	0
46	59	0
63	7	0
78	96	0
6	3	0
36	16	0
13	11	1
84	79	0
36	38	0
88	71	0
85	85	0
56	27	0
50	35	0
72	53	0
5	51	0
26	78	0
14	58	0
83	80	0
55	59	0
37	95	0
87	49	0
73	72	0
59	84	0
20	41	0
92	79	0
4	47	0
33	39	0
24	22	0
26	72	0
33	75	0
99	25	0
46	33	0
75	10	0
41	80	0
70	21	0
59	29	0
80	75	0
17	48	0
64	61	0
32	99	0
31	63	0
35	4	0
68	20	0
25	97	0
9	86	0
70	83	0
83	51	0
24	87	0
25	36	0
81	74	0
25	50	0
34	76	0
35	95	0
52	37	0
36	1	0
16	41	0
79	94	0
93	89	0
58	94	0
71	18	0
8	60	0
62	4	0
59	20	0
63	26	0
85	23	0
27	59	0
6	73	0
53	64	0
66	36	0
32	72	0
88	24	0
62	86	0
28	72	0
24	15	0
82	75	0
37	73	0
43	3	0
1	87	0
84	18	0
98	71	0
77	89	0
84	21	0
5	81	0
21	83	0
99	52	0
58	71	0
35	47	0
44	74	0
59	68	0
54	52	0
9	81	0
35	63	0
64	10	0
7	57	0
64	99	0
66	40	0
31	86	0
94	65	0
42	10	0
40	63	0
2	75	0
38	87	0
57	32	0
73	17	0
13	38	0
90	59	0
66	47	0
81	48	0
13	90	0
59	11	0
20	81	0
59	72	0
61	54	0
66	62	0
55	0	0
26	10	0
7	59	0
75	47	0
50	8	0
65	59	0
47	83	0
60	53	0
90	31	0
99	13	0
8	65	0
83	66	0
21	92	0
14	18	1
93	55	0
38	94	0
56	37	0
46	1	0
11	97	0
78	33	0
41	58	0
36	77	0
50	1	0
19	86	0
79	78	0
85	84	0
55	32	0
88	73	0
12	87	0
38	47	0
66	6	0
62	22	0
29	28	0
50	1	0
59	10	0
53	42	0
64	35	0
26	50	0
22	48	0
54	52	0
67	74	0
83	79	0
52	93	0
77	10	0
99	57	0
74	8	0
12	54	0
23	11	0
91	37	0
51	32	0
74	77	0
8	43	0
53	64	0
62	27	0
28	95	0
30	89	0
37	74	0
90	49	0
46	27	0
48	1	0
24	46	0
90	55	0
71	9	0
67	94	0
19	5	0
70	93	0
11	78	0
46	83	0
32	28	0
0	56	0
14	12	1
85	11	0
22	34	0
76	14	0
40	10	0
10	4	0
85	14	0
29	58	0
18	43	0
88	29	0
94	51	0
13	32	0
23	35	0
4	55	0
38	93	0
13	71	0
1	7	0
43	95	0
51	65	0
40	24	0
10	17	1
53	31	0
46	85	0
38	67	0
95	94	0
34	28	0
17	52	0
36	42	0
56	64	0
76	98	0
45	10	0
73	1	0
30	8	0
40	9	0
54	4	0
22	53	0
78	58	0
63	0	0
24	46	0
59	5	0
53	56	0
51	54	0
36	59	0
77	78	0
66	55	0
16	71	0
53	33	0
24	14	0
99	7	0
46	2	0
62	20	0
56	29	0
18	41	0
11	77	0
62	76	0
13	78	0
37	96	0
21	85	0
44	23	0
35	39	0
85	66	0
56	41	0
6	71	0
72	79	0
63	84	0
27	30	0
69	18	0
69	91	0
67	5	0
99	62	0
76	43	0
39	18	0
38	45	0
38	41	0
90	78	0
15	24	0
73	20	0
87	3	0
15	54	0
32	90	0
73	76	0
79	2	0
0	68	0
92	41	0
54	93	0
12	13	0
69	3	0
60	55	0
37	56	0
62	49	0
26	38	0
51	37	0
76	77	0
68	51	0
39	32	0
69	70	0
23	50	0
28	86	0
80	91	0
43	16	0
1	77	0
72	21	0
81	21	0
72	46	0
17	62	0
64	21	0
20	31	0
55	40	0
10	97	0
65	45	0
57	16	0
90	50	0
46	24	0
28	75	0
44	1	0
81	36	0
5	3	0
63	93	0
4	94	0
33	35	0
54	78	0
52	25	0
14	99	0
13	48	0
15	38	0
56	14	0
98	34	0
78	21	0
91	98	0
32	60	0
19	19	1
40	17	0
36	25	0
87	12	0
54	63	0
78	81	0
30	32	0
65	96	0
76	64	0
39	73	0
76	1	0
71	43	0
84	13	0
67	23	0
40	22	0
36	35	0
99	0	0
60	23	0
6	71	0
95	13	0
97	89	0
6	89	0
89	67	0
46	44	0
32	2	0
91	82	0
83	59	0
25	97	0
66	25	0
74	39	0
91	63	0
10	17	1
81	70	0
34	78	0
77	77	0
30	93	0
91	73	0
34	46	0
27	89	0
99	88	0
29	32	0
28	40	0
72	73	0
63	98	0
53	72	0
14	9	1
51	82	0
66	61	0
37	56	0
35	68	0
88	22	0
14	89	0
87	50	0
23	78	0
38	57	0
42	84	0
85	29	0
28	32	0
18	50	0
5	19	1
62	40	0
99	69	0
61	24	0
79	92	0
68	94	0
33	37	0
56	17	0
29	45	0
18	75	0
38	32	0
56	70	0
67	91	0
29	24	0
73	84	0
50	33	0
34	10	0
64	35	0
25	75	0
45	10	0
8	56	0
97	82	0
58	99	0
48	47	0
79	10	0
42	65	0
48	51	0
94	57	0
89	0	0
3	68	0
77	3	0
80	78	0
70	28	0
34	0	0
34	73	0
78	76	0
34	81	0
56	79	0
83	16	0
10	74	0
57	11	0
54	72	0
65	98	0
30	89	0
93	9	0
89	19	0
68	6	0
37	89	0
11	90	0
3	89	0
73	57	0
78	61	0
75	66	0
13	42	0
86	49	0
68	54	0
12	16	1
82	72	0
69	59	0
20	46	0
15	71	0
39	27	0
42	36	0
3	53	0
58	58	0
46	41	0
94	40	0
78	31	0
79	0	0
77	31	0
48	86	0
21	14	0
18	55	0
68	41	0
99	86	0
69	75	0
98	74	0
21	46	0
57	67	0
63	53	0
25	59	0
85	38	0
11	29	1
26	62	0
43	26	0
86	59	0
74	95	0
51	54	0
24	63	0
34	6	0
80	70	0
26	76	0
47	24	0
84	84	0
89	78	0
17	85	0
47	59	0
14	75	0
80	73	0
39	55	0
53	62	0
37	81	0
64	68	0
30	30	0
19	65	0
92	76	0
77	54	0
95	63	0
35	83	0
55	75	0
64	29	0
20	24	0
87	26	0
36	32	0
98	2	0
21	86	0
27	27	0
0	20	1
33	94	0
83	65	0
20	42	0
93	62	0
16	96	0
17	70	0
30	4	0
98	89	0
24	28	0
2	84	0
72	92	0
36	65	0
81	69	0
21	80	0
96	22	0
24	22	0
35	85	0
25	72	0
31	16	0
24	40	0
13	33	0
98	69	0
88	10	0
52	9	0
71	10	0
87	44	0
28	6	0
44	33	0
99	36	0
10	59	0
46	90	0
5	47	0
17	82	0
75	57	0
48	97	0
68	49	0
73	81	0
40	28	0
88	70	0
32	66	0
87	47	0
12	78	0
63	39	0
30	71	0
72	32	0
56	39	0
89	85	0
89	89	0
84	91	0
24	88	0
20	41	0
51	54	0
48	61	0
41	29	0
24	12	0
41	68	0
9	43	0
67	1	0
71	84	0
89	55	0
97	14	0
11	50	0
4	2	0
82	99	0
3	87	0
53	16	0
55	39	0
74	13	0
21	2	0
46	12	0
17	39	0
1	29	1
50	16	0
55	6	0
39	82	0
52	21	0
35	94	0
72	0	0
28	44	0
45	60	0
65	14	0
93	63	0
66	75	0
44	65	0
54	99	0
81	86	0
6	12	0
89	56	0
12	65	0
84	69	0
52	87	0
18	34	0
16	62	0
98	46	0
30	84	0
92	95	0
63	86	0
48	11	0
44	55	0
76	56	0
45	92	0
80	52	0
96	73	0
78	24	0
17	64	0
3	65	0
72	92	0
72	40	0
56	67	0
60	7	0
27	17	0
69	72	0
28	39	0
15	66	0
33	45	0
50	45	0
27	11	0
60	27	0
5	88	0
22	42	0
13	61	0
1	64	0
76	58	0
26	22	0
62	13	0
93	22	0
81	1	0
56	68	0
1	66	0
61	27	0
38	35	0
12	14	1
20	19	1
72	69	0
75	16	0
42	42	0
48	70	0
54	85	0
16	95	0
23	64	0
46	91	0
26	39	0
77	87	0
50	40	0
29	81	0
13	15	1
52	24	0
9	49	0
56	53	0
68	17	0
30	73	0
86	56	0
53	47	0
52	46	0
45	21	0
2	69	0
73	62	0
71	51	0
43	36	0
75	58	0
77	74	0
73	42	0
63	13	0
87	75	0
87	22	0
5	76	0
70	73	0
26	7	0
52	32	0
10	0	0
10	54	0
10	84	0
32	90	0
30	52	0
94	29	0
12	48	0
53	98	0
16	86	0
96	68	0
54	68	0
86	39	0
19	0	0
59	20	0
49	8	0
13	4	0
23	86	0
53	62	0
82	76	0
67	46	0
16	6	0
23	34	0
58	10	0
0	76	0
69	0	0
41	73	0
59	29	0
70	96	0
9	38	0
7	91	0
93	56	0
26	21	0
86	73	0
61	57	0
73	38	0
47	29	0
96	29	0
87	68	0
16	62	0
7	92	0
25	51	0
1	90	0
6	94	0
95	25	0
32	50	0
1	98	0
54	13	0
67	0	0
40	46	0
23	21	0
71	46	0
36	21	0
22	83	0
23	35	0
61	11	0
4	42	0
91	49	0
86	3	0
58	50	0
35	2	0
42	21	0
12	95	0
58	79	0
33	63	0
16	8	0
36	19	0
3	82	0
1	76	0
62	54	0
86	44	0
47	36	0
22	78	0
25	34	0
91	87	0
69	26	0
42	82	0
64	95	0
24	18	0
5	90	0
67	16	0
57	72	0
35	37	0
96	69	0
30	72	0
99	23	0
85	18	0
98	19	0
85	85	0
46	55	0
19	83	0
82	14	0
35	2	0
70	81	0
68	72	0
17	40	0
69	44	0
65	83	0
81	17	0
94	46	0
14	67	0
54	47	0
29	28	0
93	24	0
57	46	0
67	11	0
91	90	0
82	71	0
52	67	0
79	34	0
61	69	0
7	94	0
34	4	0
9	95	0
16	77	0
63	64	0
74	94	0
85	11	0
97	90	0
77	3	0
11	8	0
90	72	0
69	14	0
97	36	0
75	58	0
53	41	0
20	64	0
60	93	0
55	72	0
5	41	0
10	44	0
39	93	0
0	72	0
52	8	0
41	49	0
11	66	0
43	36	0
12	21	1
4	41	0
98	49	0
57	29	0
0	45	0
24	87	0
77	62	0
1	4	0
89	82	0
23	79	0
61	45	0
42	56	0
89	48	0
61	43	0
1	11	0
7	9	1
5	51	0
24	60	0
89	76	0
61	46	0
97	70	0
8	55	0
70	59	0
20	74	0
0	11	0
74	77	0
0	14	1
27	70	0
43	6	0
28	22	0
7	74	0
34	92	0
2	1	0
76	39	0
63	64	0
82	63	0
80	81	0
42	88	0
28	21	0
3	65	0
12	11	0
37	66	0
43	49	0
54	49	0
81	14	0
