0	24	1
93	58	0
56	12	0
44	21	0
50	95	0
2	42	0
84	33	0
91	77	0
4	13	0
50	12	0
69	92	0
40	40	0
70	49	0
2	95	0
35	7	0
16	56	0
96	5	0
79	76	0
66	32	0
29	59	0
97	56	0
99	3	0
46	78	0
75	76	0
82	87	0
79	0	0
22	97	0
65	19	0
72	70	0
66	86	0
95	59	0
2	41	0
29	25	0
50	18	0
78	18	0
45	49	0
87	82	0
12	97	0
68	65	0
96	17	0
83	94	0
38	17	0
33	59	0
64	53	0
93	51	0
55	86	0
95	52	0
18	98	0
26	47	0
60	11	0
92	44	0
23	66	0
57	5	0
36	86	0
66	98	0
25	66	0
91	65	0
51	19	0
35	59	0
79	72	0
98	92	0
73	7	0
21	96	0
87	3	0
47	12	0
89	61	0
49	23	0
11	90	0
87	4	0
30	81	0
87	78	0
56	49	0
24	36	0
87	73	0
21	38	0
27	46	0
87	38	0
19	11	0
7	40	0
50	84	0
63	98	0
69	20	0
47	99	0
75	93	0
6	11	0
12	29	0
86	10	0
83	16	0
53	49	0
84	37	0
22	27	0
76	49	0
48	52	0
29	3	0
34	6	0
65	53	0
22	80	0
47	0	0
44	83	0
43	2	0
34	31	0
84	36	0
49	64	0
57	45	0
17	81	0
70	78	0
5	85	0
44	94	0
85	47	0
68	20	0
52	83	0
3	47	0
61	7	0
50	75	0
6	84	0
42	8	0
25	56	0
18	32	0
86	82	0
6	27	0
38	26	0
0	2	0
36	96	0
89	6	0
63	59	0
4	35	0
73	83	0
94	18	0
58	66	0
49	86	0
30	20	0
63	96	0
14	20	0
75	80	0
64	51	0
23	98	0
81	30	0
40	40	0
20	23	0
67	8	0
12	7	0
6	80	0
16	7	0
95	89	0
96	14	0
82	40	0
54	64	0
64	17	0
86	87	0
1	6	0
34	15	0
18	7	0
83	70	0
44	39	0
90	74	0
88	79	0
50	26	0
57	34	0
78	49	0
0	50	0
24	75	0
16	59	0
91	76	0
50	59	0
39	93	0
90	43	0
73	78	0
51	85	0
26	42	0
98	77	0
1	43	0
35	36	0
16	26	0
25	75	0
32	64	0
95	18	0
52	34	0
76	10	0
45	74	0
68	20	0
58	37	0
76	73	0
24	49	0
68	60	0
33	99	0
30	62	0
32	3	0
63	21	0
26	99	0
5	77	0
65	79	0
80	46	0
20	87	0
11	48	0
85	72	0
25	52	0
33	77	0
35	88	0
59	40	0
32	3	0
21	48	0
77	88	0
97	85	0
62	97	0
71	11	0
6	54	0
58	5	0
58	26	0
57	28	0
74	13	0
22	63	0
10	76	0
42	63	0
71	33	0
29	71	0
82	24	0
60	87	0
32	74	0
22	12	0
90	76	0
30	77	0
43	3	0
4	88	0
83	23	0
93	71	0
80	86	0
86	29	0
1	79	0
14	80	0
95	46	0
65	67	0
41	44	0
44	73	0
71	72	0
46	63	0
18	77	0
34	67	0
68	4	0
4	58	0
68	99	0
68	34	0
26	86	0
86	71	0
42	13	0
37	63	0
14	76	0
36	96	0
64	28	0
67	14	0
18	37	0
98	54	0
60	42	0
76	40	0
9	87	0
55	12	0
21	79	0
66	67	0
63	57	0
69	57	0
58	3	0
24	4	0
10	53	0
82	53	0
54	15	0
71	59	0
47	86	0
63	46	0
93	34	0
92	13	0
16	59	0
88	68	0
17	82	0
20	24	0
94	51	0
38	97	0
44	40	0
51	0	0
16	95	0
69	36	0
39	50	0
35	71	0
43	2	0
19	78	0
82	88	0
87	78	0
60	36	0
84	65	0
15	88	0
45	42	0
65	0	0
68	19	0
31	28	0
56	7	0
56	18	0
51	30	0
67	33	0
31	50	0
27	45	0
54	43	0
69	70	0
89	86	0
42	98	0
72	2	0
92	59	0
68	13	0
12	59	0
16	16	0
87	35	0
61	30	0
76	68	0
18	46	0
49	68	0
61	16	0
32	94	0
30	81	0
46	79	0
93	51	0
51	26	0
53	2	0
26	42	0
81	44	0
75	6	0
64	94	0
33	3	0
69	90	0
5	72	0
41	76	0
34	24	0
7	53	0
8	15	0
86	7	0
31	38	0
77	18	0
37	7	0
4	10	0
83	15	0
25	65	0
24	44	0
93	27	0
78	55	0
11	34	0
21	40	0
3	53	0
35	88	0
12	74	0
10	1	0
33	92	0
56	60	0
43	16	0
11	14	0
54	31	0
45	84	0
37	72	0
80	98	0
28	28	0
20	57	0
33	48	0
57	69	0
74	96	0
49	11	0
71	5	0
30	5	0
48	10	0
53	6	0
15	59	0
80	54	0
64	5	0
23	51	0
60	2	0
53	59	0
44	54	0
36	56	0
77	80	0
75	47	0
23	63	0
53	52	0
23	14	0
99	12	0
48	2	0
59	25	0
63	24	0
22	41	0
15	75	0
56	73	0
10	75	0
40	95	0
31	86	0
37	26	0
41	31	0
88	55	0
64	35	0
11	70	0
71	76	0
6	22	1
65	91	0
29	27	0
65	19	0
69	89	0
73	1	0
94	62	0
71	41	0
45	26	0
39	38	0
38	38	0
90	80	0
15	18	0
64	23	0
82	3	0
10	53	0
41	85	0
73	75	0
75	9	0
0	62	0
95	44	0
57	92	0
8	16	0
65	0	0
54	61	0
35	68	0
60	46	0
18	37	0
56	40	0
69	84	0
62	53	0
35	24	0
77	71	0
20	47	0
21	81	0
84	85	0
47	19	0
6	79	0
67	17	0
92	24	0
70	39	0
20	62	0
67	18	0
22	26	0
64	45	0
18	95	0
65	53	0
51	0	0
84	53	0
36	28	0
27	73	0
41	5	0
81	43	0
6	4	0
64	94	0
15	92	0
30	32	0
54	67	0
60	29	0
10	90	0
11	41	0
18	43	0
55	8	0
93	36	0
68	23	0
83	98	0
30	68	0
21	28	0
39	23	0
38	26	0
91	10	0
53	59	0
81	79	0
31	39	0
62	94	0
69	60	0
42	78	0
80	5	0
68	49	0
73	11	0
65	14	0
44	23	0
32	29	0
94	12	0
62	21	0
3	74	0
96	5	0
98	85	0
9	96	0
10	28	0
89	67	0
40	51	0
30	1	0
89	86	0
84	68	0
24	96	0
69	33	0
77	42	0
91	61	0
11	20	0
86	79	0
30	78	0
77	75	0
27	99	0
98	68	0
35	47	0
20	86	0
98	81	0
36	32	0
29	36	0
73	68	0
66	96	0
45	72	0
11	13	0
43	77	0
63	59	0
37	61	0
36	72	0
85	22	0
11	91	0
82	46	0
22	74	0
38	65	0
41	76	0
90	32	0
41	33	0
19	45	0
0	18	0
68	45	0
99	74	0
56	17	0
78	95	0
72	96	0
29	35	0
44	15	0
25	50	0
26	78	0
10	20	1
38	30	0
50	71	0
62	89	0
34	32	0
74	86	0
57	31	0
36	11	0
70	35	0
23	75	0
52	12	0
13	60	0
99	87	0
60	99	0
47	55	0
73	10	0
42	62	0
4	28	1
4	25	1
42	51	0
91	58	0
89	0	0
3	66	0
78	10	0
90	88	0
72	20	0
29	1	0
25	70	0
77	73	0
33	82	0
53	81	0
80	20	0
22	74	0
60	21	0
62	78	0
61	91	0
31	91	0
92	11	0
92	15	0
68	13	0
43	88	0
10	98	0
4	89	0
74	61	0
70	58	0
92	62	0
8	50	0
89	49	0
63	62	0
11	17	0
77	66	0
61	70	0
24	46	0
10	67	0
40	30	0
42	42	0
12	57	0
59	50	0
45	54	0
96	41	0
79	33	0
78	5	0
73	35	0
53	90	0
2	24	1
15	17	0
25	52	0
74	52	0
98	82	0
69	69	0
98	80	0
24	46	0
50	72	0
55	40	0
33	65	0
80	45	0
2	30	0
19	72	0
41	29	0
79	66	0
60	97	0
51	60	0
5	23	1
26	67	0
34	11	0
82	67	0
25	77	0
48	33	0
86	80	0
96	84	0
13	99	0
39	55	0
13	77	0
79	79	0
37	49	0
57	55	0
44	81	0
82	72	0
27	30	0
20	63	0
92	76	0
77	59	0
90	55	0
39	84	0
55	82	0
64	30	0
33	22	0
87	29	0
42	25	0
90	2	0
21	88	0
21	29	0
1	14	0
36	93	0
91	74	0
23	41	0
92	52	0
17	97	0
17	68	0
27	2	0
96	93	0
21	21	0
4	84	0
73	98	0
39	64	0
80	69	0
26	79	0
83	25	0
26	26	0
35	80	0
25	69	0
34	23	0
23	36	0
18	38	0
99	65	0
83	17	0
53	12	0
73	9	0
86	49	0
31	15	0
47	25	0
92	31	0
7	53	0
47	92	0
15	55	0
14	82	0
77	59	0
50	96	0
59	48	0
72	80	0
42	26	0
94	75	0
41	65	0
94	46	0
11	70	0
63	46	0
23	64	0
69	33	0
6	29	1
57	39	0
88	77	0
88	84	0
88	94	0
26	81	0
19	41	0
47	48	0
45	60	0
36	24	0
25	11	0
37	64	0
14	50	0
60	7	0
75	83	0
85	53	0
90	6	0
14	46	0
6	2	0
81	94	0
9	81	0
50	25	0
53	34	0
75	15	0
18	2	0
55	7	0
13	40	0
2	34	0
50	16	0
51	3	0
0	27	1
32	78	0
59	24	0
35	95	0
80	2	0
31	42	0
53	62	0
68	21	0
97	60	0
60	65	0
43	65	0
46	95	0
84	95	0
16	13	0
94	62	0
14	63	0
88	71	0
56	84	0
12	31	0
16	58	0
99	45	0
26	78	0
91	99	0
68	83	0
48	1	0
38	61	0
79	54	0
36	87	0
73	47	0
88	75	0
77	28	0
11	63	0
12	63	0
89	93	0
72	33	0
59	64	0
57	5	0
15	20	0
77	62	0
34	29	0
11	65	0
38	54	0
49	49	0
31	11	0
59	30	0
6	84	0
18	46	0
9	64	0
0	54	0
83	65	0
27	20	0
60	23	0
99	17	0
85	6	0
52	62	0
0	72	0
57	32	0
32	27	0
12	14	0
17	20	0
75	67	0
65	23	0
33	40	0
44	75	0
58	78	0
13	88	0
24	71	0
51	82	0
26	43	0
77	93	0
55	32	0
37	84	0
20	11	0
54	17	0
12	42	0
59	43	0
71	8	0
27	76	0
85	68	0
66	54	0
51	48	0
43	16	0
1	75	0
79	71	0
70	52	0
43	39	0
74	63	0
72	76	0
73	44	0
63	11	0
94	77	0
83	17	0
1	74	0
73	64	0
0	27	1
9	29	1
26	3	0
48	30	0
1	5	0
8	48	0
24	74	0
31	99	0
32	49	0
98	32	0
9	47	0
61	89	0
23	86	0
6	30	1
98	64	0
39	64	0
6	24	1
85	49	0
23	0	0
59	23	0
62	6	0
13	4	0
26	83	0
47	58	0
83	74	0
68	44	0
12	1	0
29	32	0
55	8	0
6	26	1
3	75	0
74	8	0
42	64	0
56	45	0
67	98	0
15	41	0
12	94	0
91	49	0
22	21	0
93	79	0
58	63	0
67	33	0
49	30	0
99	20	0
91	59	0
16	57	0
9	91	0
30	45	0
0	92	0
2	95	0
90	21	0
34	52	0
1	91	0
54	0	0
67	7	0
48	47	0
28	15	0
66	42	0
42	24	0
16	82	0
27	33	0
57	1	0
5	44	0
94	49	0
96	5	0
55	54	0
36	3	0
39	25	0
14	97	0
59	77	0
27	62	0
9	10	0
38	25	0
8	83	0
4	71	0
69	48	0
81	47	0
54	34	0
14	76	0
24	32	0
88	77	0
68	29	0
47	78	0
68	95	0
26	12	0
10	87	0
66	17	0
61	82	0
37	43	0
93	68	0
35	74	0
99	21	0
82	18	0
99	22	0
87	86	0
42	55	0
20	77	0
75	9	0
35	1	0
65	79	0
66	75	0
18	42	0
69	52	0
59	81	0
79	24	0
91	53	0
5	67	0
61	44	0
27	31	0
94	25	0
67	40	0
70	18	0
92	96	0
76	72	0
50	75	0
80	37	0
58	66	0
12	97	0
33	7	0
2	92	0
17	79	0
56	61	0
66	93	0
81	12	0
91	98	0
80	2	0
12	1	0
87	73	0
64	12	0
98	28	0
77	64	0
54	41	0
17	60	0
62	89	0
64	67	0
0	47	0
12	40	0
43	94	0
3	83	0
59	4	0
42	49	0
8	66	0
39	34	0
17	32	0
12	44	0
97	54	0
51	36	0
5	47	0
26	87	0
84	65	0
0	11	0
86	97	0
23	80	0
64	41	0
41	56	0
95	42	0
60	41	0
5	8	0
11	11	0
5	51	0
19	53	0
99	77	0
72	47	0
99	69	0
9	53	0
77	60	0
20	78	0
0	4	0
76	79	0
3	16	0
23	67	0
36	7	0
31	26	0
6	72	0
44	89	0
2	7	0
73	47	0
52	57	0
81	63	0
85	77	0
40	86	0
34	23	0
4	64	0
6	13	0
37	69	0
52	45	0
58	56	0
80	15	0
