89	71	0
44	22	0
39	27	0
44	98	0
10	7	0
89	32	0
90	81	0
43	17	0
69	79	0
43	21	0
98	41	0
8	79	0
21	6	0
19	59	0
99	16	0
84	72	0
59	32	0
25	51	0
99	63	0
91	7	0
46	97	0
68	64	0
80	92	0
58	0	0
42	81	0
54	6	0
78	79	0
60	90	0
90	72	0
6	23	0
53	34	0
43	20	0
87	37	0
41	49	0
87	64	0
11	96	0
51	96	0
96	22	0
76	89	0
46	1	0
22	59	0
86	55	0
88	65	0
55	68	0
93	54	0
13	84	0
18	39	0
67	3	0
87	64	0
17	69	0
59	0	0
10	78	0
54	90	0
35	77	0
99	60	0
49	37	0
33	32	0
86	73	0
98	88	0
93	17	0
9	90	0
96	12	0
44	2	0
75	73	0
47	13	0
6	89	0
84	6	0
46	74	0
74	98	0
50	69	0
5	27	0
70	88	0
23	44	0
16	65	0
90	33	0
15	38	0
31	85	0
41	94	0
63	20	0
34	94	0
55	95	0
3	23	0
99	12	0
97	26	0
43	50	0
78	36	0
23	26	0
86	53	0
26	34	1
41	15	0
36	6	0
70	37	0
11	90	0
68	8	0
59	87	0
42	14	0
50	31	0
92	43	0
36	65	0
79	47	0
9	57	0
77	87	0
0	75	0
30	95	0
94	51	0
59	9	0
45	70	0
30	59	0
62	1	0
65	47	0
6	61	0
36	4	0
28	50	0
42	34	0
75	92	0
59	43	0
19	98	0
83	5	0
58	67	0
79	88	0
96	3	0
62	75	0
48	75	0
35	7	0
57	96	0
92	77	0
80	56	0
34	93	0
64	34	0
34	18	0
18	42	0
78	8	0
8	68	0
91	67	0
94	29	0
87	37	0
36	54	0
59	18	0
83	77	0
14	18	0
37	9	0
79	60	0
38	35	0
72	82	0
72	92	0
46	16	0
41	31	0
56	47	0
13	43	0
29	59	0
15	55	0
76	81	0
43	55	0
45	94	0
85	51	0
77	71	0
54	85	0
24	35	0
95	63	0
6	26	0
47	44	0
21	9	0
30	79	0
40	79	0
91	34	0
37	31	0
73	20	0
42	82	0
56	27	0
52	46	0
83	78	0
29	58	0
56	72	0
31	87	0
43	49	0
42	11	0
59	8	0
28	74	0
29	80	0
76	80	0
93	64	0
25	86	0
28	35	0
90	64	0
29	49	0
31	87	0
53	81	0
41	49	0
28	8	0
18	35	0
72	97	0
84	93	0
63	81	0
69	29	0
3	62	0
61	7	0
76	24	0
72	21	0
70	32	0
15	59	0
1	65	0
50	50	0
76	31	0
34	61	0
86	30	0
37	97	0
27	68	0
38	21	0
79	77	0
36	57	0
35	8	0
14	90	0
63	10	0
98	85	0
71	88	0
95	6	0
1	82	0
20	63	0
93	34	0
55	74	0
46	39	0
56	58	0
50	72	0
56	63	0
19	73	0
30	58	0
69	8	0
1	64	0
64	82	0
86	43	0
42	90	0
75	56	0
63	24	0
44	72	0
13	79	0
34	96	0
54	42	0
71	33	0
23	38	0
88	62	0
81	42	0
77	65	0
1	63	0
48	15	0
11	84	0
62	61	0
62	43	0
54	45	0
52	22	0
6	56	0
88	25	0
50	4	0
69	69	0
53	77	0
70	35	0
98	40	0
96	1	0
1	64	0
97	75	0
28	98	0
93	71	0
41	94	0
56	33	0
53	11	0
20	92	0
68	30	0
37	65	0
45	84	0
46	9	0
23	97	0
81	89	0
79	84	0
69	35	0
90	76	0
15	95	0
46	56	0
56	1	0
69	29	0
29	13	0
38	3	0
56	9	0
52	54	0
78	43	0
41	48	0
37	51	0
36	68	0
71	88	0
78	73	0
61	78	0
80	3	0
84	42	0
77	8	0
25	42	0
25	16	0
79	35	0
69	35	0
77	68	0
9	39	0
42	66	0
56	25	0
30	84	0
22	92	0
23	79	0
99	67	0
40	28	0
35	3	0
27	54	0
87	67	0
64	20	0
81	92	0
11	0	0
65	98	0
5	70	0
36	86	0
41	29	0
4	57	0
79	11	0
20	35	0
75	2	0
52	10	0
88	8	0
36	45	0
23	46	0
75	25	0
86	60	0
7	26	0
23	33	0
5	61	0
37	95	0
6	88	0
48	86	0
59	72	0
52	42	0
64	25	0
39	87	0
48	70	0
87	93	0
31	29	0
18	53	0
28	40	0
60	75	0
71	87	0
27	22	0
83	17	0
33	6	0
54	4	0
66	15	0
37	49	0
79	66	0
83	10	0
17	36	0
47	12	0
51	47	0
38	38	0
26	58	0
86	80	0
79	52	0
11	52	0
53	36	0
95	15	0
60	8	0
53	28	0
56	34	0
29	27	0
2	72	0
68	84	0
26	78	0
26	89	0
23	96	0
52	11	0
45	38	0
89	46	0
83	50	0
6	77	0
86	72	0
65	74	0
81	31	0
68	90	0
82	4	0
85	60	0
73	60	0
38	16	0
52	49	0
35	48	0
83	79	0
69	18	0
94	6	0
26	42	0
38	90	0
72	74	0
89	13	0
4	61	0
97	27	0
44	93	0
76	25	0
64	48	0
39	56	0
52	36	0
21	39	0
41	47	0
66	85	0
87	32	0
34	24	0
73	72	0
22	64	0
9	99	0
96	84	0
34	36	0
2	83	0
60	37	0
90	17	0
82	45	0
5	69	0
64	37	0
45	31	0
48	47	0
8	96	0
76	18	0
54	8	0
90	51	0
47	36	0
24	75	0
16	4	0
63	58	0
59	93	0
1	56	0
46	69	0
45	78	0
53	24	0
23	93	0
10	41	0
19	43	0
63	13	0
84	31	0
93	19	0
76	87	0
20	61	0
30	22	0
41	24	0
79	8	0
71	57	0
72	89	0
18	40	0
59	90	0
95	70	0
35	78	0
75	6	0
65	47	0
76	27	0
74	9	0
42	18	0
45	19	0
97	7	0
86	34	0
0	77	0
85	13	0
87	99	0
10	96	0
96	64	0
49	53	0
18	22	0
98	99	0
64	49	0
9	97	0
68	30	0
67	41	0
65	63	0
79	66	0
27	74	0
81	74	0
36	90	0
94	76	0
12	30	1
39	95	0
98	80	0
30	33	0
37	30	0
55	67	0
57	95	0
46	61	0
68	97	0
64	50	0
27	59	0
29	61	0
81	19	0
8	85	0
93	41	0
16	87	0
52	71	0
44	86	0
85	38	0
41	51	0
22	37	0
49	21	0
81	54	0
69	14	0
95	97	0
62	92	0
42	54	0
57	4	0
36	37	0
49	87	0
35	20	0
47	58	0
76	73	0
30	22	0
92	98	0
47	17	0
26	10	0
56	25	0
24	76	0
33	15	0
11	61	0
89	91	0
61	88	0
59	46	0
73	6	0
40	72	0
47	51	0
99	49	0
90	3	0
1	67	0
76	6	0
67	71	0
75	28	0
41	15	0
36	68	0
82	80	0
40	63	0
41	78	0
82	33	0
18	57	0
76	24	0
39	68	0
65	86	0
30	93	0
82	13	0
94	24	0
64	13	0
32	79	0
20	90	0
16	84	0
66	41	0
74	68	0
70	80	0
15	45	0
76	43	0
71	64	0
78	72	0
56	64	0
14	66	0
17	66	0
46	27	0
41	19	0
5	33	0
44	59	0
33	45	0
86	29	0
75	36	0
76	2	0
74	49	0
55	70	0
21	57	0
50	30	0
93	83	0
56	90	0
81	62	0
25	54	0
48	78	0
65	42	0
36	51	0
76	25	0
16	46	0
41	24	0
81	52	0
93	96	0
56	54	0
11	61	0
45	4	0
60	59	0
23	88	0
40	31	0
84	88	0
99	75	0
21	84	0
63	60	0
5	74	0
77	54	0
38	57	0
49	56	0
33	77	0
61	75	0
5	55	0
83	74	0
66	58	0
91	49	0
21	62	0
60	90	0
55	28	0
98	23	0
48	35	0
99	17	0
15	89	0
37	34	0
38	69	0
90	55	0
30	49	0
84	62	0
12	97	0
17	85	0
95	86	0
50	29	0
3	78	0
79	95	0
45	67	0
91	68	0
20	93	0
93	32	0
26	2	0
33	80	0
40	76	0
34	14	0
22	41	0
5	22	0
85	71	0
97	13	0
63	7	0
75	30	0
97	42	0
34	12	0
23	50	0
99	35	0
9	56	0
62	95	0
8	56	0
26	78	0
68	55	0
55	94	0
79	50	0
66	87	0
37	33	0
72	63	0
41	61	0
82	54	0
16	72	0
50	31	0
29	81	0
84	38	0
66	29	0
92	73	0
96	98	0
93	73	0
42	65	0
11	20	1
60	37	0
57	72	0
35	22	0
28	10	0
33	71	0
11	31	0
58	3	0
57	86	0
74	78	0
86	4	0
12	49	0
57	83	0
15	92	0
58	7	0
61	41	0
59	20	0
36	21	0
23	36	0
45	23	0
77	0	0
38	94	0
63	32	0
33	90	0
88	17	0
29	52	0
45	63	0
75	24	0
81	77	0
60	72	0
34	64	0
43	89	0
79	77	0
84	41	0
18	72	0
82	82	0
82	99	0
26	35	0
16	49	0
96	48	0
27	81	0
99	85	0
63	94	0
39	5	0
74	62	0
87	64	0
69	84	0
79	51	0
90	75	0
77	40	0
18	54	0
3	60	0
67	85	0
73	39	0
52	61	0
53	3	0
32	22	0
89	75	0
9	59	0
24	53	0
60	31	0
39	16	0
57	30	0
19	87	0
27	32	1
4	63	0
11	81	0
77	51	0
12	27	1
74	18	0
91	34	0
81	8	0
52	82	0
2	53	0
55	28	0
56	45	0
51	86	0
87	11	0
23	32	0
64	61	0
44	86	0
19	98	0
39	66	0
32	84	0
34	26	0
81	75	0
45	41	0
45	81	0
58	37	0
10	42	0
66	61	0
66	21	0
26	78	0
85	40	0
32	35	0
33	47	0
28	15	0
0	64	0
80	66	0
81	67	0
41	54	0
92	61	0
81	74	0
74	31	0
61	14	0
82	77	0
78	22	0
0	58	0
83	81	0
27	24	0
68	35	0
20	65	0
4	90	0
35	92	0
34	59	0
98	33	0
13	49	0
57	92	0
7	85	0
92	66	0
61	54	0
86	32	0
17	2	0
49	28	0
62	3	0
4	80	0
50	55	0
88	65	0
76	37	0
12	9	0
12	44	0
68	16	0
15	78	0
79	0	0
47	76	0
37	29	0
88	97	0
12	19	0
26	98	0
99	56	0
32	6	0
87	91	0
49	55	0
69	59	0
44	31	0
96	32	0
88	81	0
5	64	0
8	74	0
16	49	0
11	82	0
7	99	0
79	20	0
37	49	0
6	91	0
47	10	0
74	8	0
36	65	0
69	56	0
50	22	0
31	68	0
32	31	0
90	19	0
0	44	0
84	66	0
91	8	0
57	49	0
26	21	0
48	5	0
13	89	0
52	65	0
43	60	0
32	13	0
6	92	0
2	91	0
64	57	0
92	35	0
29	25	0
26	68	0
93	89	0
50	28	0
61	80	0
66	91	0
7	77	0
72	29	0
49	54	0
22	35	0
96	72	0
53	69	0
97	15	0
79	14	0
89	25	0
64	95	0
45	65	0
39	59	0
73	12	0
39	6	0
66	93	0
69	70	0
21	52	0
68	41	0
60	92	0
81	20	0
87	54	0
28	73	0
49	58	0
21	31	0
91	30	0
29	56	0
84	7	0
92	95	0
69	59	0
58	79	0
69	38	0
69	80	0
6	97	0
39	5	0
7	90	0
11	63	0
56	73	0
71	88	0
71	7	0
93	97	0
90	11	0
87	88	0
63	10	0
80	34	0
80	45	0
51	40	0
20	85	0
65	99	0
66	78	0
24	47	0
9	31	0
23	96	0
11	63	0
44	4	0
38	49	0
21	65	0
38	33	0
5	44	0
99	56	0
41	30	0
15	55	0
31	74	0
75	77	0
1	4	1
96	65	0
14	64	0
61	50	0
26	61	0
77	42	0
53	38	0
7	42	0
21	55	0
78	57	0
68	55	0
85	56	0
3	68	0
63	56	0
2	84	0
1	18	0
86	72	0
14	61	0
37	5	0
38	31	0
14	91	0
20	81	0
80	40	0
67	67	0
74	57	0
78	82	0
43	67	0
54	37	0
1	71	0
48	67	0
34	45	0
62	57	0
78	20	0
