91	67	0
24	16	0
59	95	0
3	1	0
94	43	0
97	96	0
42	66	0
68	49	0
0	92	0
3	9	0
15	90	0
93	37	0
55	82	0
30	33	0
91	83	0
91	31	0
48	97	0
40	76	0
78	70	0
51	16	0
30	78	0
82	69	0
86	75	0
85	91	0
4	30	0
42	37	1
85	22	0
84	63	0
5	72	0
30	89	0
82	12	0
70	91	0
48	74	0
80	78	0
94	57	0
52	57	1
97	31	0
10	75	0
87	73	0
14	68	0
48	7	0
12	78	0
37	90	0
86	50	0
45	36	1
35	19	0
93	86	0
91	92	0
93	21	0
27	77	0
97	8	0
22	17	0
73	84	0
1	86	0
88	0	0
27	65	1
60	89	0
45	63	1
8	27	0
67	85	0
80	29	0
22	88	0
51	94	0
79	30	0
31	90	0
41	88	0
18	12	0
98	16	0
83	26	0
53	76	0
90	31	0
65	55	0
68	32	0
2	97	0
75	0	1
50	86	0
81	3	0
91	61	0
6	61	1
70	89	0
2	74	0
40	90	0
96	58	0
80	31	0
51	66	1
68	12	0
59	43	0
8	62	0
37	5	0
70	73	0
62	25	1
4	95	0
93	31	0
47	72	0
82	69	0
80	2	0
71	88	0
69	81	0
2	28	0
62	74	0
97	77	0
70	47	0
19	90	0
64	38	0
71	1	1
92	58	0
91	32	0
99	42	0
21	49	0
50	65	1
9	24	0
46	29	1
86	66	0
58	75	0
61	64	0
49	42	1
58	67	0
54	56	1
43	93	0
77	38	0
56	71	0
53	76	0
93	57	0
29	13	0
48	43	0
22	15	0
23	68	0
31	55	1
78	48	0
50	44	1
93	4	0
27	93	0
21	37	0
71	74	0
57	68	0
51	71	0
45	10	0
48	91	0
22	68	1
74	77	0
94	53	0
22	94	0
85	79	0
24	54	1
12	74	0
54	63	0
10	37	0
74	79	0
98	75	0
45	71	0
74	41	0
55	63	1
62	10	1
92	34	0
27	90	0
65	79	0
28	28	0
48	75	0
45	23	0
91	94	0
28	79	0
96	9	0
31	78	0
92	37	0
59	95	0
74	78	0
67	64	0
23	44	0
5	62	0
65	5	0
69	96	0
96	60	0
47	89	0
62	81	0
78	12	0
58	73	0
39	81	0
49	88	0
25	16	0
57	21	1
86	54	0
61	47	0
68	61	0
75	28	0
19	99	0
57	63	0
84	41	0
76	35	0
53	19	0
89	25	0
77	79	0
77	97	0
75	61	0
94	23	0
99	17	0
84	79	0
31	90	0
65	83	0
44	97	0
34	41	1
86	37	0
20	99	0
92	20	0
22	48	0
15	89	0
35	99	0
77	83	0
82	71	0
94	58	0
95	60	0
22	90	0
52	80	0
73	13	0
85	50	0
49	4	0
43	35	0
79	38	0
24	62	0
41	54	0
25	72	0
75	92	0
88	58	0
57	69	0
96	1	0
89	45	0
92	44	0
68	56	0
67	87	0
48	62	0
65	20	0
5	90	0
28	64	1
2	90	0
84	61	0
79	72	0
86	15	0
97	84	0
20	1	0
33	98	0
25	68	1
55	98	0
39	31	0
81	21	0
97	2	0
93	27	0
76	29	0
72	54	0
6	8	0
25	98	0
18	77	0
49	88	0
37	72	0
87	44	0
57	82	0
52	55	1
99	85	0
66	42	0
82	90	0
87	19	0
14	8	0
45	0	0
31	25	0
94	47	0
77	11	0
20	50	0
19	25	0
57	36	1
94	82	0
97	62	0
77	31	0
94	7	0
63	4	0
76	13	0
50	30	1
33	14	0
13	67	0
84	91	0
40	90	0
2	94	0
29	44	0
53	44	1
72	42	0
68	58	0
82	78	0
79	74	0
76	22	0
74	88	0
72	2	1
98	46	0
82	54	0
62	53	0
96	68	0
71	17	0
92	17	0
24	45	0
73	96	0
59	68	0
91	23	0
15	82	0
95	39	0
67	92	0
93	26	0
66	18	0
30	55	1
56	43	0
58	82	0
68	28	0
76	78	0
23	89	0
92	91	0
6	82	0
89	1	0
88	23	0
53	74	0
37	60	1
67	46	0
13	98	0
72	33	0
96	57	0
48	39	0
36	87	0
33	10	0
49	85	0
38	83	0
44	78	0
14	63	0
8	25	0
68	1	1
84	35	0
97	10	0
80	99	0
32	28	0
60	11	0
58	43	0
70	90	0
1	19	0
44	88	0
79	42	0
28	87	0
76	4	0
50	58	1
55	21	1
83	20	0
89	46	0
14	90	0
74	17	0
89	98	0
33	95	0
80	68	0
8	35	0
62	98	0
61	42	0
17	73	0
60	27	0
92	50	0
77	45	0
70	60	0
22	44	0
98	60	0
20	99	0
91	52	0
17	93	0
82	79	0
41	18	0
74	67	0
60	94	0
62	94	0
74	50	0
24	56	1
84	6	0
4	80	0
75	46	0
21	95	0
50	63	1
83	32	0
31	60	1
49	42	1
92	54	0
75	22	0
77	74	0
48	92	0
57	98	0
31	98	0
96	81	0
83	77	0
73	3	0
19	5	0
47	42	1
39	64	1
0	77	0
78	84	0
67	83	0
69	49	0
68	18	0
35	65	1
40	71	0
79	51	0
98	3	0
24	69	0
79	5	0
54	69	0
37	37	1
88	83	0
31	76	1
55	90	0
75	24	0
85	13	0
47	58	1
67	90	0
27	99	0
91	12	0
86	8	0
74	21	0
19	58	0
11	86	0
13	90	0
71	87	0
83	97	0
2	33	1
61	53	0
80	99	0
79	61	0
67	64	0
13	93	0
8	74	0
40	26	0
5	19	0
31	37	0
28	51	1
97	35	0
81	44	0
71	49	0
56	53	0
42	22	0
91	81	0
57	75	0
85	55	0
39	86	0
79	53	0
24	11	0
97	46	0
56	93	0
29	38	0
31	92	0
74	99	0
85	66	0
25	82	0
59	27	0
13	75	0
55	59	1
37	75	0
66	64	0
54	72	0
59	89	0
15	47	0
68	63	0
83	43	0
88	61	0
38	72	0
72	93	0
42	29	0
95	17	0
57	47	0
86	11	0
8	80	0
52	97	0
85	78	0
73	67	0
8	92	0
10	73	0
77	90	0
35	24	0
3	85	0
64	96	0
62	68	0
84	70	0
12	94	0
76	48	0
16	6	0
54	96	0
13	92	0
6	15	0
83	56	0
85	20	0
77	29	0
70	16	0
9	14	0
17	53	0
75	35	0
3	68	0
64	72	0
29	82	0
68	53	0
76	91	0
72	41	0
72	85	0
72	53	0
67	81	0
6	74	0
43	52	1
27	81	0
63	63	0
59	43	0
90	39	0
96	94	0
84	88	0
45	62	1
72	50	0
66	59	0
69	1	1
66	82	0
89	79	0
94	1	0
64	79	0
3	93	0
52	49	1
60	33	0
63	25	0
79	21	0
20	80	0
71	22	0
88	17	0
33	54	1
37	32	0
51	99	0
67	74	0
50	80	0
75	91	0
85	58	0
85	40	0
94	64	0
76	97	0
97	41	0
27	65	1
94	86	0
43	82	0
74	79	0
89	44	0
43	91	0
81	74	0
83	48	0
83	28	0
2	68	0
52	71	0
72	20	0
69	34	0
81	82	0
64	52	0
14	91	0
19	94	0
75	41	0
83	27	0
97	50	0
98	1	0
83	93	0
57	38	0
31	74	1
92	20	0
68	47	0
11	74	0
17	96	0
21	74	0
9	88	0
68	47	0
39	30	0
35	71	0
62	81	0
65	11	0
21	83	0
85	49	0
17	19	0
16	70	0
76	63	0
64	56	0
88	54	0
83	63	0
78	64	0
56	58	1
74	52	0
0	27	0
91	84	0
61	52	0
39	87	0
5	75	0
23	85	0
32	52	1
90	18	0
54	97	0
9	97	0
99	53	0
73	19	0
14	15	0
30	23	0
71	5	0
16	68	0
85	58	0
84	37	0
16	2	0
67	12	0
42	85	0
96	81	0
12	9	0
49	87	0
80	35	0
99	78	0
55	70	0
65	79	0
19	37	0
89	42	0
92	73	0
15	81	0
21	77	0
16	89	0
77	6	0
32	56	1
7	93	0
35	43	1
41	60	1
62	40	0
25	66	1
97	20	0
5	24	0
85	33	0
83	17	0
40	27	0
21	91	0
44	83	0
15	69	0
29	28	0
18	71	0
24	89	0
65	60	0
92	45	0
40	53	1
76	95	0
50	39	1
61	72	0
48	68	1
21	99	0
85	44	0
50	51	1
0	7	0
84	63	0
54	48	0
97	28	0
79	31	0
70	32	0
59	96	0
42	35	0
57	42	0
65	31	1
53	8	0
34	93	0
46	59	0
91	33	0
64	96	0
74	51	0
84	50	0
43	91	0
31	82	0
91	23	0
71	4	1
93	98	0
74	85	0
54	86	0
84	17	0
80	69	0
24	79	0
72	25	0
22	98	0
97	56	0
88	88	0
84	9	0
95	93	0
78	21	0
85	57	0
61	20	1
8	82	0
70	92	0
63	77	0
6	23	0
6	99	0
11	72	0
45	43	1
76	26	0
5	62	1
15	99	0
61	98	0
93	44	0
17	74	0
74	40	0
31	92	0
82	46	0
74	49	0
80	44	0
87	38	0
51	67	0
54	45	1
1	87	0
2	2	0
78	75	0
16	60	0
20	5	0
5	98	0
31	72	0
93	48	0
78	83	0
90	65	0
98	87	0
73	36	0
3	80	0
53	60	1
78	39	0
84	30	0
