99	68	0
23	14	0
61	96	0
2	2	0
93	38	0
98	98	0
43	19	1
43	84	0
59	23	0
81	52	0
5	93	0
1	9	0
19	99	0
98	36	0
65	74	0
41	33	0
82	68	0
95	16	0
55	98	0
41	69	0
80	68	0
51	12	0
24	85	0
52	22	1
88	69	0
84	84	0
83	80	0
11	26	0
51	39	0
85	24	0
80	65	0
13	76	0
31	97	0
84	8	0
62	92	0
33	8	1
49	68	0
80	71	0
96	69	0
62	63	0
99	28	0
15	72	0
64	10	1
95	70	0
19	78	0
55	1	0
8	73	0
39	98	0
31	62	1
84	52	0
54	34	0
34	15	0
98	90	0
91	99	0
90	13	0
32	91	0
96	9	0
22	20	0
76	90	0
1	94	0
82	6	0
24	70	0
66	89	0
41	64	0
13	25	0
72	82	0
89	37	0
19	90	0
49	93	0
67	27	0
29	93	0
50	94	0
18	13	0
96	14	0
76	30	0
54	75	0
86	35	0
85	65	0
57	7	1
68	41	0
0	96	0
72	3	0
49	78	0
56	29	1
82	15	0
34	54	1
89	56	0
2	54	0
76	88	0
5	78	0
33	90	0
98	57	0
73	30	0
32	69	0
33	65	1
77	2	0
70	50	0
16	76	0
33	1	0
65	69	0
47	32	0
5	97	0
96	26	0
39	81	0
82	70	0
89	4	0
60	85	0
63	80	0
5	26	0
59	88	0
96	85	0
83	54	0
22	85	0
72	33	0
82	4	0
98	61	0
85	33	0
95	51	0
31	51	0
57	10	1
56	66	0
9	21	0
51	35	0
86	60	0
51	23	1
50	81	0
60	71	0
63	18	0
48	37	0
53	20	1
61	80	0
47	57	0
40	99	0
75	42	0
62	70	0
56	73	0
93	56	0
26	12	0
44	33	0
16	21	0
16	78	0
28	59	0
77	47	0
55	37	0
91	7	0
29	80	0
55	23	1
28	38	0
68	80	0
26	67	0
60	60	0
45	79	0
42	45	1
40	0	0
56	19	1
42	89	0
25	63	0
73	75	0
93	68	0
23	95	0
86	73	0
28	51	0
23	70	0
51	73	0
51	48	1
17	36	0
77	79	0
95	86	0
46	66	0
74	44	0
4	38	1
69	8	1
58	47	0
55	18	0
70	20	0
41	56	0
53	18	1
34	69	0
96	33	0
28	92	0
23	60	0
72	91	0
49	52	1
22	21	0
39	79	0
53	13	0
94	98	0
31	85	0
97	6	0
18	80	0
99	31	0
57	98	0
69	82	0
62	56	0
26	51	0
14	71	0
60	3	0
66	89	0
97	51	0
39	88	0
67	70	0
86	19	0
54	76	0
36	83	0
35	85	0
25	21	0
66	24	0
81	51	0
52	41	0
76	69	0
73	22	0
22	94	0
55	65	0
90	33	0
76	39	0
50	7	0
0	38	1
90	30	0
77	79	0
66	99	0
78	54	0
98	28	0
88	15	0
1	37	1
86	77	0
32	97	0
87	85	0
41	99	0
39	35	0
85	35	0
25	97	0
85	23	0
18	53	0
29	84	0
47	15	1
24	90	0
76	88	0
80	76	0
93	59	0
94	52	0
23	85	0
42	71	0
86	12	0
87	56	0
42	2	0
35	24	0
41	55	1
78	41	0
25	54	0
36	43	0
25	76	0
79	98	0
94	55	0
56	72	0
94	0	0
94	35	0
61	7	0
93	50	0
68	50	0
65	78	0
2	34	1
44	61	0
75	27	0
13	86	0
27	62	0
7	92	0
92	62	0
44	6	1
80	66	0
81	5	0
99	78	0
24	1	0
42	97	0
24	68	0
60	96	0
41	31	0
78	16	0
88	12	0
58	14	1
91	12	0
53	51	0
75	29	0
77	58	0
7	3	0
0	54	1
31	98	0
21	75	0
55	97	0
43	66	0
82	42	0
67	7	1
48	87	0
50	62	0
97	97	0
5	40	1
62	38	0
66	89	0
81	22	0
27	6	0
48	0	0
49	20	1
28	30	0
91	57	0
73	11	0
21	45	0
17	30	0
38	53	1
43	35	0
95	73	0
90	65	0
63	31	0
86	7	0
71	10	0
73	14	0
50	42	0
41	24	0
9	72	0
82	88	0
48	89	0
6	99	0
35	51	0
54	8	1
54	38	0
79	36	0
68	49	0
79	76	0
82	88	0
74	28	0
70	82	0
72	7	0
78	59	0
72	53	0
64	53	0
93	76	0
72	11	0
87	16	0
19	45	0
64	94	0
60	72	0
76	17	0
16	75	0
94	44	0
60	97	0
99	26	0
59	26	0
34	55	0
56	50	0
30	67	1
60	81	0
77	31	0
81	79	0
20	90	0
94	94	0
41	11	1
0	77	0
46	51	1
98	6	0
90	31	0
43	72	0
57	53	0
70	43	0
19	93	0
73	29	0
89	57	0
45	31	0
37	94	0
28	11	0
43	47	0
55	96	0
1	45	1
37	86	0
37	80	0
14	70	0
13	25	0
74	4	0
76	32	0
99	11	0
82	97	0
29	65	0
30	24	0
75	10	0
58	49	0
69	95	0
2	22	0
46	86	0
92	50	0
30	77	0
74	2	0
41	65	0
62	19	0
60	10	1
81	20	0
89	43	0
8	82	0
74	14	0
81	95	0
32	98	0
86	68	0
43	55	1
8	31	0
64	92	0
71	44	0
6	75	0
63	24	0
90	41	0
77	48	0
73	58	0
19	50	0
97	53	0
19	92	0
98	59	0
18	95	0
86	90	0
42	28	0
73	76	0
56	92	0
49	46	1
60	96	0
80	50	0
45	47	1
24	63	0
84	4	0
3	78	0
80	56	0
22	96	0
45	52	1
44	66	0
79	27	0
25	56	0
52	31	0
90	53	0
71	22	0
80	86	0
42	94	0
36	57	1
41	43	0
67	99	0
57	20	1
39	87	0
86	82	0
86	75	0
76	11	0
23	6	0
41	36	0
30	56	0
37	6	1
0	78	0
84	80	0
63	85	0
66	49	0
70	15	0
37	68	0
36	73	0
86	55	0
90	3	0
14	72	0
78	9	0
57	60	0
56	27	1
36	6	1
38	38	0
83	88	0
27	77	0
57	87	0
72	19	0
78	14	0
49	58	0
59	83	0
23	95	0
94	25	0
80	10	0
81	26	0
13	66	0
19	99	0
11	82	0
59	32	0
74	88	0
76	96	0
2	35	0
65	60	0
75	91	0
78	63	0
67	67	0
23	94	0
12	75	0
43	28	0
10	24	0
46	35	0
32	45	0
96	33	0
85	49	0
65	9	0
62	34	0
57	50	0
40	26	0
93	76	0
53	82	0
82	49	0
33	62	1
38	98	0
80	58	0
57	8	1
28	10	0
96	49	0
65	85	0
41	34	0
50	56	0
32	98	0
60	96	0
88	66	0
25	82	0
64	43	0
0	74	0
58	50	0
46	72	0
67	54	0
55	71	0
62	85	0
8	55	0
58	53	0
85	49	0
82	61	0
37	77	0
72	88	0
46	28	0
96	22	0
54	47	0
94	7	0
5	80	0
55	90	0
88	72	0
73	70	0
17	91	0
8	68	0
77	86	0
37	27	0
7	87	0
72	96	0
52	61	0
85	65	0
20	88	0
73	42	0
20	0	0
52	89	0
21	85	0
9	18	0
91	55	0
88	23	0
75	31	0
77	13	0
21	14	0
23	54	0
79	32	0
1	79	0
59	72	0
1	41	1
25	75	0
65	50	0
65	92	0
68	41	0
72	85	0
75	51	0
76	83	0
5	82	0
50	47	0
29	78	0
72	55	0
61	44	0
94	46	0
99	99	0
81	96	0
52	62	0
74	50	0
66	69	0
67	4	0
67	80	0
85	73	0
88	9	0
58	80	0
4	98	0
50	40	0
68	38	0
64	30	0
69	20	0
21	84	0
75	20	0
31	66	1
89	15	0
40	60	0
46	33	0
58	91	0
67	75	0
48	82	0
72	88	0
83	64	0
84	48	0
96	65	0
80	93	0
99	44	0
36	64	0
84	80	0
40	73	0
77	83	0
99	49	0
46	87	0
86	74	0
87	52	0
81	32	0
43	47	1
3	61	0
50	81	0
76	15	0
69	31	0
81	83	0
66	44	0
13	86	0
21	88	0
66	45	0
88	24	0
84	51	0
98	3	0
83	96	0
53	21	1
59	41	0
33	76	0
97	23	0
70	50	0
29	78	0
17	97	0
27	72	0
7	84	0
62	60	0
46	30	0
44	80	0
41	48	0
69	76	0
76	12	0
20	87	0
90	51	0
21	22	0
10	79	0
73	61	0
70	45	0
42	61	0
92	45	0
88	53	0
77	52	0
55	9	1
57	69	0
84	45	0
4	29	0
97	78	0
55	46	0
43	85	0
8	78	0
24	85	0
31	60	0
87	29	0
58	93	0
7	99	0
99	69	0
56	29	1
77	23	0
23	17	0
30	33	0
72	10	0
16	72	0
85	51	0
92	37	0
4	7	0
0	33	0
70	16	0
39	81	0
99	85	0
3	10	0
49	92	0
81	31	0
37	9	1
98	81	0
42	59	0
65	70	0
25	36	0
93	37	0
90	68	0
19	75	0
18	86	0
29	70	0
23	94	0
76	9	0
23	57	0
12	87	0
41	37	0
48	19	1
44	63	0
67	43	0
49	7	1
34	73	0
95	21	0
6	30	0
77	51	0
83	22	0
49	51	1
29	22	0
44	11	1
18	93	0
43	83	0
23	63	0
19	22	0
21	81	0
19	79	0
69	58	0
91	44	0
36	57	0
82	99	0
44	30	0
62	76	0
42	82	0
16	88	0
92	39	0
45	57	0
7	17	0
88	52	0
62	52	0
89	24	0
89	23	0
76	33	0
58	88	0
43	38	0
61	45	0
60	32	0
42	2	0
37	93	0
58	62	0
91	32	0
59	99	0
84	54	0
77	46	0
40	84	0
36	76	0
88	28	0
52	44	0
70	2	0
97	98	0
77	84	0
51	78	0
71	26	0
87	81	0
19	80	0
60	26	0
18	94	0
39	60	0
87	67	0
69	9	1
93	95	0
83	11	0
94	94	0
62	12	1
70	24	0
75	56	0
66	32	0
8	81	0
58	98	0
66	77	0
2	22	0
8	89	0
10	78	0
43	17	1
43	37	0
9	47	1
79	40	0
46	13	1
1	65	0
27	88	0
60	93	0
99	46	0
3	67	0
69	41	0
27	92	0
81	51	0
73	42	0
29	55	0
84	37	0
78	43	0
62	67	0
52	49	0
0	81	0
2	5	0
77	67	0
20	64	0
19	4	0
2	92	0
26	73	0
97	43	0
70	84	0
86	64	0
99	84	0
50	51	0
60	31	0
2	79	0
54	61	0
37	50	1
70	40	0
86	21	0
