94	60	0
56	17	0
43	22	0
46	91	0
1	42	0
87	29	0
98	78	0
11	7	0
46	12	0
65	88	0
42	37	0
74	43	0
1	93	0
28	8	0
18	54	0
96	3	0
84	80	0
67	29	0
31	62	0
97	59	0
97	0	0
40	75	0
71	80	0
80	86	0
77	0	0
22	92	0
59	18	0
75	72	0
68	89	0
94	58	0
4	43	0
31	27	0
45	19	0
81	19	0
48	48	0
86	75	0
9	93	0
67	67	0
90	17	0
85	96	0
43	17	0
28	60	0
67	56	0
99	58	0
57	87	0
92	50	0
20	98	0
32	42	0
61	14	0
94	45	0
23	65	0
58	8	0
32	82	0
64	96	0
31	67	0
92	70	0
53	19	0
39	61	0
83	76	0
98	90	0
77	9	0
22	94	0
91	3	0
50	12	0
93	66	0
43	27	0
14	87	0
93	8	0
34	82	0
86	73	0
58	50	0
21	31	0
91	78	0
24	40	0
26	48	0
88	37	0
23	14	0
13	36	0
40	80	0
65	96	0
73	22	0
44	99	0
70	92	0
8	6	0
17	29	0
91	11	0
90	13	0
50	51	0
84	37	0
22	31	0
76	50	0
45	51	0
28	8	0
34	5	0
73	51	0
24	81	0
55	0	0
45	82	0
38	0	0
34	25	0
88	39	0
51	62	0
57	46	0
19	78	0
69	77	0
1	84	0
47	95	0
84	47	0
69	17	0
50	79	0
4	53	0
65	6	0
50	73	0
4	82	0
47	0	0
24	54	0
20	31	0
96	78	0
9	30	1
40	27	0
6	0	0
36	95	0
87	2	0
59	63	0
11	37	0
76	78	0
98	18	0
64	63	0
54	83	0
29	19	0
59	95	0
15	14	0
74	81	0
66	52	0
26	92	0
81	32	0
39	32	0
22	21	0
73	7	0
10	7	0
1	76	0
13	10	0
93	82	0
93	10	0
84	40	0
51	60	0
69	9	0
84	89	0
4	3	0
36	16	0
15	7	0
80	74	0
36	38	0
90	73	0
85	80	0
53	29	0
59	35	0
72	55	0
2	48	0
27	77	0
15	56	0
90	75	0
44	61	0
36	94	0
87	45	0
71	72	0
59	85	0
20	39	0
98	77	0
5	45	0
32	33	0
14	21	0
22	75	0
29	68	0
97	23	0
50	31	0
77	7	0
41	82	0
70	26	0
56	33	0
75	74	0
24	49	0
62	61	0
33	99	0
34	66	0
28	2	0
70	23	0
22	93	0
5	87	0
64	82	0
79	46	0
18	86	0
20	44	0
82	70	0
21	52	0
34	74	0
35	88	0
58	42	0
31	0	0
17	45	0
74	88	0
90	87	0
61	94	0
70	11	0
6	55	0
63	8	0
58	24	0
60	28	0
78	19	0
27	61	0
1	76	0
51	65	0
64	41	0
30	67	0
85	22	0
58	86	0
36	74	0
23	14	0
86	80	0
32	78	0
45	2	0
4	85	0
82	21	0
94	72	0
76	87	0
84	25	0
1	80	0
25	84	0
94	45	0
61	68	0
35	44	0
45	78	0
72	68	0
47	60	0
17	78	0
37	63	0
66	5	0
7	60	0
68	97	0
70	40	0
27	82	0
90	65	0
39	10	0
40	61	0
7	71	0
38	90	0
59	28	0
76	15	0
19	37	0
92	62	0
64	38	0
78	46	0
14	91	0
55	12	0
18	80	0
65	68	0
62	57	0
69	58	0
59	2	0
22	10	0
12	53	0
75	52	0
53	12	0
69	57	0
42	86	0
61	50	0
90	29	0
93	10	0
15	62	0
83	66	0
19	88	0
14	19	0
98	53	0
38	95	0
49	37	0
48	2	0
15	97	0
69	41	0
41	54	0
33	76	0
43	5	0
18	82	0
79	82	0
83	76	0
59	35	0
88	72	0
14	87	0
40	44	0
64	1	0
68	18	0
31	27	0
52	6	0
57	16	0
55	35	0
69	37	0
26	50	0
23	50	0
55	45	0
72	72	0
88	85	0
45	99	0
75	12	0
96	61	0
71	8	0
13	53	0
18	11	0
90	40	0
56	29	0
76	73	0
14	46	0
49	65	0
62	24	0
29	98	0
28	90	0
40	78	0
97	46	0
43	25	0
48	0	0
29	43	0
91	53	0
72	6	0
64	94	0
27	3	0
69	90	0
5	79	0
46	78	0
28	23	0
5	48	0
11	15	1
84	10	0
20	32	0
80	19	0
40	5	0
5	5	0
83	13	0
28	68	0
24	42	0
92	28	0
88	50	0
9	35	0
21	40	0
3	52	0
32	89	0
13	76	0
2	7	0
36	90	0
51	66	0
43	17	0
10	16	0
55	29	0
43	85	0
39	73	0
87	98	0
32	27	0
17	56	0
35	46	0
56	69	0
75	98	0
44	15	0
73	4	0
27	11	0
44	10	0
54	4	0
17	57	0
77	60	0
65	1	0
27	47	0
61	3	0
54	58	0
49	55	0
37	60	0
78	81	0
68	50	0
19	68	0
54	42	0
21	17	0
99	8	0
42	4	0
63	24	0
54	27	0
16	41	0
10	71	0
62	70	0
10	83	0
36	99	0
28	87	0
40	21	0
41	36	0
88	63	0
59	35	0
11	68	0
76	82	0
2	19	1
66	84	0
27	30	0
65	19	0
72	92	0
69	4	0
96	63	0
75	43	0
40	26	0
33	41	0
35	40	0
87	75	0
14	22	0
69	23	0
83	5	0
10	54	0
37	85	0
76	76	0
75	3	0
3	63	0
93	45	0
58	97	0
8	14	0
70	5	0
60	59	0
38	61	0
59	46	0
19	39	0
48	39	0
75	78	0
62	50	0
38	27	0
72	73	0
21	47	0
21	81	0
78	85	0
44	15	0
1	79	0
75	17	0
84	22	0
70	45	0
15	63	0
70	19	0
18	26	0
59	46	0
16	99	0
66	50	0
54	7	0
86	54	0
39	27	0
29	75	0
42	2	0
77	35	0
5	1	0
61	94	0
10	92	0
25	37	0
52	69	0
58	28	0
11	96	0
12	47	0
18	39	0
53	15	0
94	36	0
74	22	0
87	99	0
34	63	0
18	25	0
39	19	0
43	26	0
93	13	0
54	59	0
79	78	0
31	38	0
65	96	0
73	57	0
39	78	0
79	0	0
71	43	0
80	14	0
65	19	0
44	24	0
31	33	0
95	7	0
64	23	0
6	75	0
96	5	0
95	86	0
5	94	0
5	32	1
91	65	0
42	48	0
36	3	0
91	85	0
80	59	0
24	97	0
67	28	0
72	39	0
91	63	0
10	19	1
86	73	0
33	79	0
77	77	0
27	99	0
97	70	0
34	45	0
23	86	0
95	85	0
36	32	0
29	36	0
71	73	0
66	97	0
46	73	0
12	14	1
45	81	0
60	60	0
38	58	0
34	72	0
86	21	0
13	95	0
84	49	0
26	75	0
36	62	0
44	80	0
91	35	0
29	31	0
23	54	0
3	16	0
66	39	0
99	68	0
59	24	0
79	92	0
71	94	0
29	40	0
50	19	0
28	47	0
20	77	0
1	22	1
33	29	0
53	69	0
68	94	0
35	29	0
73	87	0
55	35	0
41	13	0
70	39	0
23	75	0
49	10	0
8	59	0
96	84	0
59	96	0
43	55	0
77	12	0
48	69	0
3	18	1
5	23	1
44	55	0
93	60	0
92	2	0
5	69	0
74	8	0
84	85	0
69	26	0
34	0	0
28	68	0
78	75	0
34	83	0
55	78	0
86	17	0
17	75	0
58	18	0
59	73	0
62	94	0
32	92	0
98	12	0
92	16	0
70	11	0
42	92	0
14	89	0
0	88	0
78	58	0
74	63	0
84	63	0
8	44	0
87	49	0
63	52	0
8	19	0
80	71	0
68	64	0
16	43	0
11	66	0
41	28	0
41	37	0
11	58	0
58	54	0
47	48	0
96	42	0
75	31	0
79	0	0
75	37	0
46	90	0
18	17	0
22	46	0
71	47	0
98	86	0
72	71	0
99	74	0
21	46	0
57	76	0
54	43	0
31	62	0
81	41	0
6	28	1
21	63	0
37	21	0
77	64	0
68	99	0
50	55	0
24	58	0
35	6	0
84	64	0
21	81	0
52	32	0
86	80	0
94	80	0
15	93	0
43	55	0
15	79	0
79	80	0
41	54	0
52	60	0
41	81	0
74	68	0
31	31	0
18	65	0
95	76	0
75	60	0
98	63	0
31	83	0
59	83	0
67	28	0
27	25	0
88	25	0
40	31	0
97	0	0
20	82	0
23	21	0
4	14	0
36	98	0
90	67	0
23	39	0
93	55	0
10	99	0
17	66	0
34	1	0
91	93	0
22	24	0
2	85	0
72	99	0
37	60	0
76	68	0
22	78	0
89	28	0
24	28	0
35	81	0
30	76	0
40	22	0
22	41	0
16	33	0
96	70	0
86	17	0
52	13	0
73	6	0
91	49	0
29	12	0
46	30	0
94	38	0
6	56	0
46	88	0
10	52	0
18	79	0
73	56	0
47	93	0
63	52	0
72	81	0
34	26	0
90	71	0
33	63	0
91	43	0
13	75	0
70	43	0
27	64	0
71	30	0
4	29	1
64	39	0
87	77	0
88	87	0
87	94	0
27	81	0
21	46	0
48	51	0
45	63	0
39	29	0
25	9	0
36	61	0
8	48	0
64	2	0
75	85	0
88	55	0
96	3	0
10	53	0
8	0	0
79	97	0
8	82	0
52	22	0
57	31	0
76	14	0
20	3	0
52	13	0
18	39	0
3	34	1
53	14	0
52	6	0
1	26	1
28	81	0
56	22	0
34	98	0
81	0	0
30	41	0
51	63	0
65	20	0
92	60	0
61	70	0
43	65	0
52	96	0
82	93	0
15	14	0
95	56	0
16	64	0
84	68	0
55	83	0
17	35	0
14	60	0
99	44	0
25	79	0
92	97	0
69	83	0
43	10	0
43	62	0
74	55	0
40	87	0
81	49	0
94	74	0
77	24	0
10	62	0
9	67	0
84	95	0
70	35	0
60	64	0
58	5	0
19	22	0
72	72	0
34	35	0
14	62	0
32	50	0
49	49	0
35	13	0
61	28	0
6	87	0
25	43	0
14	59	0
6	57	0
80	59	0
26	20	0
63	18	0
94	21	0
81	2	0
56	65	0
0	71	0
59	30	0
38	31	0
15	12	0
16	18	0
75	72	0
69	21	0
39	42	0
48	76	0
54	83	0
14	95	0
21	65	0
48	82	0
27	39	0
78	94	0
52	37	0
33	79	0
14	6	0
56	17	0
10	46	0
57	50	0
70	11	0
28	74	0
86	64	0
59	51	0
50	42	0
42	23	0
0	66	0
77	68	0
73	54	0
44	32	0
75	63	0
75	72	0
76	44	0
61	11	0
91	77	0
83	24	0
4	72	0
71	67	0
6	28	1
10	27	1
24	0	0
48	26	0
5	1	0
11	52	0
17	82	0
30	93	0
29	46	0
99	32	0
12	48	0
60	94	0
18	85	0
4	35	1
99	61	0
45	62	0
6	22	1
83	42	0
27	2	0
61	22	0
55	6	0
15	0	0
28	84	0
47	59	0
88	76	0
64	44	0
15	7	0
27	27	0
58	9	0
10	24	1
4	73	0
74	5	0
42	68	0
55	34	0
67	97	0
13	41	0
10	93	0
90	51	0
25	18	0
90	77	0
63	59	0
67	39	0
45	32	0
96	26	0
87	60	0
11	59	0
1	94	0
31	50	0
0	89	0
7	92	0
93	24	0
28	51	0
1	99	0
54	6	0
66	7	0
46	49	0
24	17	0
65	45	0
41	25	0
19	81	0
24	32	0
59	6	0
6	40	0
92	49	0
90	4	0
56	55	0
35	0	0
42	25	0
13	92	0
59	75	0
29	66	0
17	5	0
37	24	0
8	87	0
0	76	0
70	53	0
89	44	0
54	36	0
15	78	0
23	33	0
92	83	0
68	25	0
46	75	0
63	94	0
19	13	0
8	88	0
69	15	0
54	76	0
32	39	0
94	67	0
32	74	0
94	27	0
85	17	0
99	18	0
84	86	0
41	58	0
17	85	0
82	14	0
37	4	0
64	78	0
65	76	0
21	42	0
65	48	0
60	78	0
77	21	0
93	50	0
10	68	0
61	40	0
26	35	0
90	27	0
66	41	0
68	15	0
91	95	0
82	72	0
51	71	0
79	37	0
56	68	0
6	96	0
39	4	0
5	93	0
16	82	0
63	63	0
72	91	0
81	13	0
95	97	0
78	0	0
7	7	0
93	73	0
65	9	0
98	34	0
76	62	0
49	42	0
15	65	0
65	95	0
60	73	0
0	47	0
7	42	0
36	98	0
1	84	0
59	4	0
40	46	0
13	70	0
41	32	0
12	25	1
2	47	0
96	57	0
53	34	0
1	48	0
23	90	0
78	62	0
2	9	0
88	90	0
22	81	0
65	49	0
40	53	0
91	44	0
58	40	0
3	6	0
11	12	0
1	53	0
24	58	0
96	76	0
63	49	0
98	67	0
13	55	0
77	58	0
16	78	0
2	2	0
74	77	0
2	17	0
27	72	0
37	10	0
29	23	0
4	74	0
31	92	0
4	6	0
73	39	0
58	60	0
81	64	0
88	81	0
44	88	0
31	26	0
3	65	0
7	13	0
39	68	0
47	50	0
55	50	0
81	14	0
