93	70	0
45	22	0
43	22	0
41	97	0
8	11	0
89	33	0
90	81	0
40	19	0
71	77	0
36	27	0
94	38	0
0	79	0
19	7	0
23	60	0
98	24	0
86	72	0
66	32	0
28	49	0
98	62	0
89	8	0
44	90	0
66	67	0
78	89	0
64	1	0
39	88	0
59	4	0
84	77	0
66	84	0
93	69	0
7	25	0
50	36	0
41	21	0
84	38	0
45	45	0
91	66	0
11	94	0
50	94	0
98	20	0
75	92	0
46	4	0
20	59	0
82	52	0
83	63	0
53	68	0
94	51	0
10	87	0
18	42	0
64	8	0
85	66	0
17	65	0
63	8	0
19	80	0
53	89	0
33	74	0
95	60	0
47	32	0
36	28	0
84	74	0
98	89	0
85	18	0
6	98	0
93	12	0
47	2	0
75	72	0
44	8	0
10	88	0
83	5	0
47	72	0
78	96	0
49	70	0
2	28	0
73	87	0
24	47	0
13	62	0
85	34	0
10	40	0
37	83	0
43	96	0
59	14	0
35	92	0
59	96	0
5	0	1
10	18	0
99	13	0
96	29	0
38	53	0
80	38	0
20	26	0
82	52	0
29	39	0
43	14	0
39	11	0
73	34	0
16	88	0
68	12	0
59	82	0
46	6	0
55	28	0
89	49	0
34	67	0
79	51	0
13	57	0
74	91	0
6	73	0
33	94	0
91	47	0
58	8	0
48	68	0
25	58	0
59	1	0
64	50	0
9	60	0
39	5	0
32	53	0
41	38	0
84	92	0
55	45	0
18	98	0
81	3	0
64	64	0
77	85	0
97	7	0
62	68	0
50	74	0
31	10	0
54	95	0
92	71	0
81	59	0
38	93	0
64	31	0
37	19	0
16	43	0
81	10	0
7	71	0
92	70	0
96	26	0
87	36	0
31	55	0
56	17	0
82	79	0
11	14	0
36	15	0
77	57	0
40	37	0
75	83	0
78	97	0
50	15	0
44	32	0
54	52	0
9	43	0
25	57	0
12	56	0
75	76	0
40	56	0
41	93	0
82	47	0
71	68	0
46	87	0
22	37	0
92	62	0
2	26	0
47	44	0
22	13	0
29	76	0
38	80	0
91	34	0
37	29	0
81	16	0
43	80	0
57	30	0
56	43	0
79	80	0
29	57	0
56	80	0
36	89	0
40	51	0
38	16	0
59	6	0
33	73	0
24	80	0
72	79	0
91	64	0
17	90	0
31	36	0
91	65	0
31	52	0
33	92	0
56	83	0
41	54	0
30	7	0
17	35	0
74	94	0
84	93	0
62	78	0
71	29	0
7	62	0
57	6	0
78	24	0
69	26	0
71	26	0
25	58	0
1	67	0
47	51	0
76	30	0
34	64	0
91	27	0
38	99	0
26	64	0
34	20	0
81	70	0
36	57	0
31	12	0
11	95	0
62	8	0
99	86	0
70	91	0
96	9	0
1	82	0
18	66	0
94	39	0
51	70	0
46	41	0
55	55	0
52	72	0
56	63	0
15	76	0
32	57	0
66	8	0
1	64	0
62	85	0
85	45	0
39	94	0
79	57	0
61	22	0
46	69	0
16	79	0
35	96	0
49	39	0
67	35	0
31	34	0
92	57	0
80	43	0
76	63	0
4	67	0
48	17	0
11	82	0
62	58	0
58	41	0
57	46	0
52	20	0
0	55	0
86	31	0
51	6	0
74	71	0
49	76	0
74	30	0
99	42	0
94	6	0
3	64	0
95	69	0
27	98	0
91	67	0
43	94	0
65	31	0
52	6	0
19	88	0
67	30	0
39	62	0
43	85	0
49	4	0
23	93	0
82	94	0
78	82	0
72	39	0
88	77	0
19	91	0
46	51	0
54	3	0
65	26	0
24	13	0
39	0	0
58	10	0
52	51	0
80	44	0
36	49	0
34	52	0
39	70	0
70	89	0
79	78	0
59	73	0
79	3	0
83	45	0
78	8	0
23	47	0
30	15	0
81	37	0
71	35	0
78	71	0
13	38	0
42	73	0
61	26	0
29	91	0
21	96	0
23	82	0
97	64	0
39	26	0
38	2	0
26	58	0
89	70	0
65	18	0
81	91	0
12	1	0
69	89	0
10	70	0
39	87	0
37	26	0
0	51	0
82	4	0
17	37	0
77	5	0
54	19	0
83	6	0
36	43	0
20	45	0
74	25	0
89	57	0
8	24	0
26	39	0
9	59	0
36	94	0
10	84	0
42	90	0
62	73	0
49	44	0
67	23	0
36	93	0
43	66	0
89	93	0
28	28	0
16	52	0
25	39	0
52	71	0
81	83	0
32	25	0
87	13	0
30	9	0
57	7	0
63	16	0
26	42	0
76	67	0
78	10	0
14	38	0
42	10	0
50	46	0
38	38	0
26	58	0
88	82	0
81	50	0
13	51	0
52	32	0
93	13	0
58	11	0
57	27	0
58	35	0
26	24	0
0	77	0
66	79	0
22	78	0
27	90	0
20	93	0
54	19	0
47	36	0
93	50	0
81	49	0
9	82	0
87	76	0
65	76	0
75	32	0
68	98	0
80	1	0
84	56	0
72	62	0
38	18	0
45	45	0
34	48	0
82	84	0
68	15	0
93	5	0
21	39	0
37	89	0
66	71	0
87	14	0
4	57	0
92	29	0
43	97	0
80	27	0
63	47	0
43	52	0
53	35	0
19	40	0
44	44	0
70	80	0
84	36	0
42	25	0
72	74	0
24	64	0
6	98	0
94	84	0
32	33	0
0	84	0
61	35	0
92	10	0
77	45	0
6	68	0
68	39	0
47	34	0
49	47	0
10	97	0
75	20	0
53	8	0
95	52	0
49	28	0
20	75	0
23	7	0
68	56	0
60	92	0
1	64	0
49	63	0
39	76	0
55	24	0
24	97	0
8	44	0
23	41	0
62	15	0
83	27	0
99	18	0
80	88	0
20	59	0
28	20	0
40	25	0
77	11	0
67	59	0
71	90	0
22	44	0
62	96	0
93	70	0
38	85	0
73	10	0
66	49	0
83	28	0
71	11	0
43	19	0
41	23	0
94	6	0
83	26	0
0	78	0
82	9	0
92	97	0
3	93	0
95	60	0
45	53	0
19	18	0
95	97	0
64	47	0
8	99	0
66	26	0
72	40	0
71	59	0
81	65	0
26	75	0
84	73	0
39	96	0
88	74	0
14	34	1
39	93	0
96	82	0
32	35	0
35	32	0
55	75	0
57	94	0
37	64	0
63	95	0
65	49	0
29	58	0
28	65	0
81	22	0
12	87	0
88	40	0
24	88	0
51	67	0
40	89	0
88	40	0
42	44	0
24	42	0
47	22	0
79	62	0
70	13	0
90	97	0
69	94	0
38	54	0
60	6	0
29	39	0
42	92	0
35	21	0
45	56	0
76	72	0
26	23	0
90	97	0
48	15	0
26	18	0
65	30	0
19	77	0
32	15	0
7	63	0
87	89	0
59	89	0
59	44	0
76	6	0
38	71	0
44	48	0
95	55	0
87	1	0
4	70	0
77	0	0
71	75	0
80	30	0
39	12	0
35	67	0
83	78	0
36	60	0
43	80	0
81	29	0
18	59	0
74	22	0
44	65	0
68	93	0
32	94	0
82	12	0
87	27	0
67	18	0
33	79	0
21	87	0
11	87	0
68	43	0
76	68	0
66	80	0
17	39	0
77	39	0
68	60	0
81	77	0
50	65	0
16	58	0
20	69	0
49	21	0
43	22	0
4	37	0
44	62	0
39	46	0
82	29	0
74	32	0
77	4	0
71	47	0
53	70	0
22	54	0
51	22	0
95	75	0
57	91	0
83	66	0
21	53	0
49	75	0
67	41	0
43	50	0
78	27	0
18	53	0
39	25	0
77	50	0
91	97	0
57	57	0
9	59	0
46	6	0
59	61	0
25	88	0
39	33	0
86	88	0
99	69	0
18	86	0
66	61	0
5	68	0
78	53	0
36	59	0
50	59	0
33	72	0
57	68	0
5	61	0
87	77	0
70	54	0
96	52	0
22	61	0
61	88	0
54	28	0
99	24	0
44	35	0
97	20	0
17	89	0
35	34	0
38	69	0
89	52	0
28	47	0
82	63	0
7	98	0
18	81	0
98	83	0
47	30	0
2	73	0
79	92	0
48	66	0
87	71	0
18	91	0
96	37	0
26	0	0
30	81	0
35	75	0
37	14	0
27	37	0
11	19	0
87	72	0
92	11	0
58	9	0
71	28	0
96	49	0
31	11	0
22	51	0
98	43	0
9	53	0
58	82	0
5	57	0
22	78	0
66	59	0
55	93	0
76	51	0
67	84	0
34	36	0
67	62	0
42	57	0
79	55	0
17	75	0
56	35	0
29	78	0
82	39	0
60	30	0
91	70	0
94	99	0
90	77	0
46	66	0
10	23	1
56	42	0
56	76	0
32	26	0
27	10	0
33	69	0
13	33	0
58	1	0
63	84	0
72	76	0
88	5	0
12	51	0
60	89	0
12	94	0
55	7	0
65	46	0
65	20	0
37	23	0
29	35	0
43	23	0
76	0	0
40	91	0
61	33	0
37	86	0
90	13	0
33	46	0
45	66	0
78	21	0
83	75	0
61	71	0
32	65	0
43	89	0
77	74	0
80	47	0
18	70	0
83	80	0
79	99	0
27	35	0
14	49	0
98	46	0
27	84	0
99	82	0
63	93	0
42	3	0
66	60	0
89	67	0
71	89	0
79	51	0
89	74	0
78	38	0
16	55	0
3	59	0
67	87	0
73	38	0
53	63	0
55	8	0
35	20	0
85	71	0
27	33	1
10	57	0
33	48	0
58	36	0
44	21	0
54	30	0
19	86	0
28	32	0
7	62	0
15	80	0
74	50	0
13	27	1
71	19	0
93	35	0
81	8	0
58	79	0
2	50	0
54	29	0
54	44	0
50	85	0
91	11	0
27	37	0
60	62	0
46	86	0
18	95	0
37	63	0
35	86	0
33	24	0
77	74	0
43	42	0
42	84	0
59	32	0
12	46	0
61	58	0
62	26	0
29	80	0
82	43	0
32	37	0
40	49	0
24	15	0
3	62	0
76	60	0
85	68	0
39	51	0
87	57	0
81	70	0
74	27	0
62	16	0
78	79	0
76	24	0
3	61	0
78	82	0
34	23	0
71	38	0
24	64	0
14	89	0
33	96	0
28	62	0
98	29	0
19	51	0
56	90	0
8	84	0
95	69	0
59	60	0
84	37	0
16	10	0
49	25	0
60	2	0
5	82	0
54	52	0
87	66	0
73	38	0
12	5	0
13	45	0
66	15	0
19	85	0
79	1	0
45	73	0
40	30	0
88	97	0
12	17	0
26	96	0
96	57	0
32	9	0
93	84	0
52	52	0
71	59	0
49	24	0
91	32	0
90	75	0
8	62	0
2	76	0
15	49	0
8	83	0
6	93	0
80	22	0
42	46	0
9	93	0
50	13	0
73	4	0
35	62	0
71	55	0
52	20	0
34	65	0
31	30	0
86	23	0
4	40	0
87	63	0
88	12	0
60	49	0
25	24	0
49	1	0
10	95	0
52	63	0
44	61	0
37	13	0
6	96	0
0	96	0
63	56	0
91	33	0
32	23	0
25	72	0
94	87	0
50	32	0
58	75	0
67	89	0
6	74	0
69	25	0
51	58	0
21	32	0
92	68	0
49	67	0
99	14	0
82	8	0
87	22	0
69	98	0
46	62	0
41	68	0
77	15	0
37	10	0
69	96	0
71	70	0
20	56	0
66	38	0
67	93	0
81	16	0
90	52	0
24	75	0
46	60	0
22	25	0
89	24	0
31	52	0
75	8	0
87	95	0
72	60	0
58	78	0
76	34	0
75	80	0
6	97	0
40	6	0
9	93	0
6	61	0
62	71	0
72	90	0
76	8	0
90	98	0
82	13	0
83	86	0
63	9	0
85	35	0
78	42	0
57	37	0
15	86	0
61	98	0
62	82	0
19	48	0
9	39	0
29	94	0
10	66	0
42	4	0
39	52	0
19	63	0
41	31	0
1	40	0
96	54	0
50	28	0
13	54	0
26	82	0
75	78	0
3	0	1
97	67	0
15	65	0
60	47	0
27	61	0
82	45	0
57	37	0
6	15	1
5	44	0
22	56	0
83	53	0
71	53	0
84	57	0
2	61	0
68	61	0
2	81	0
1	24	0
91	64	0
22	60	0
42	3	0
35	31	0
8	89	0
24	85	0
75	42	0
64	69	0
73	54	0
73	83	0
43	70	0
52	32	0
4	67	0
47	67	0
37	47	0
62	57	0
83	18	0
