94	62	0
39	9	0
35	35	0
65	99	0
20	9	0
96	38	0
96	87	0
46	9	0
61	78	0
51	24	0
84	44	0
0	82	0
14	0	0
21	77	0
95	24	0
77	74	0
53	35	0
20	54	0
89	61	0
96	8	0
50	92	0
58	67	0
77	87	0
56	6	0
33	81	0
51	12	0
86	70	0
64	86	0
87	79	0
1	29	0
52	18	0
41	22	0
93	31	0
26	48	0
87	64	0
9	86	0
39	99	0
88	30	0
71	90	0
42	7	0
22	72	0
93	60	0
90	69	0
54	65	0
95	46	0
1	81	0
63	6	0
99	67	0
14	68	0
68	13	0
16	75	0
58	97	0
35	78	0
95	70	0
51	36	0
31	23	0
95	78	0
99	99	0
93	5	0
15	94	0
98	15	0
31	11	0
74	75	0
38	5	0
18	99	0
84	4	0
39	89	0
65	94	0
41	67	0
3	34	0
71	87	0
8	60	0
92	32	0
29	38	1
32	88	0
59	96	0
60	27	0
30	95	0
60	93	0
3	20	0
99	4	0
96	17	0
46	63	0
84	41	0
83	53	0
52	11	0
38	5	0
70	52	0
11	97	0
53	5	0
53	88	0
39	0	0
48	37	0
81	42	0
36	62	0
74	49	0
4	59	0
76	84	0
5	79	0
29	99	0
94	59	0
63	14	0
43	68	0
39	66	0
67	3	0
72	51	0
1	61	0
28	5	0
13	36	0
38	38	0
66	83	0
47	39	0
10	96	0
83	9	0
48	81	0
77	76	0
99	0	0
67	87	0
53	70	0
36	16	0
51	96	0
97	66	0
71	60	0
28	97	0
63	33	0
31	12	0
22	44	0
81	6	0
8	58	0
91	56	0
96	19	0
82	40	0
42	52	0
50	15	0
78	69	0
20	12	0
33	20	0
94	58	0
38	33	0
60	72	0
68	88	0
47	35	0
44	42	0
58	36	0
16	44	0
29	49	0
19	57	0
83	91	0
42	61	0
33	96	0
72	42	0
77	66	0
51	76	0
91	70	0
22	24	0
53	54	0
15	13	0
18	78	0
36	66	0
88	35	0
42	42	0
81	13	0
43	85	0
51	25	0
48	49	0
75	75	0
26	73	0
48	72	0
40	81	0
33	48	0
36	12	0
57	15	0
39	83	0
23	71	0
81	70	0
91	61	0
31	93	0
92	70	0
25	47	0
21	79	0
55	69	0
43	51	0
23	13	0
75	90	0
85	80	0
56	64	0
64	35	0
2	52	0
58	0	0
77	45	0
62	23	0
78	28	0
20	57	0
12	49	0
43	53	0
75	24	0
36	68	0
84	27	0
36	97	0
25	71	0
38	24	0
79	77	0
43	58	0
32	8	0
21	81	0
55	11	0
97	83	0
61	94	0
91	0	0
7	73	0
23	63	0
96	28	0
48	80	0
37	35	0
55	69	0
54	64	0
46	64	0
17	76	0
27	56	0
68	2	0
6	59	0
61	80	0
91	38	0
37	91	0
81	62	0
63	24	0
46	68	0
23	83	0
36	99	0
47	32	0
75	41	0
87	60	0
70	46	0
66	63	0
4	41	0
51	12	0
7	90	0
57	52	0
69	42	0
65	31	0
55	9	0
8	53	0
85	20	0
39	7	0
64	62	0
56	79	0
73	33	0
99	38	0
96	7	0
3	50	0
95	79	0
18	96	0
95	80	0
27	95	0
63	35	0
69	22	0
16	80	0
77	32	0
33	73	0
34	79	0
44	0	0
32	93	0
76	91	0
70	86	0
84	45	0
93	67	0
17	99	0
41	68	0
66	7	0
70	41	0
34	21	0
38	3	0
49	11	0
53	55	0
76	45	0
37	49	0
32	48	0
37	74	0
74	85	0
82	66	0
60	79	0
85	4	0
83	42	0
69	1	0
21	43	0
69	40	0
71	55	0
74	72	0
14	35	0
37	67	0
65	18	0
17	87	0
32	86	0
24	71	0
86	66	0
48	17	0
32	2	0
31	55	0
75	69	0
61	10	0
76	90	0
15	3	0
50	96	0
7	71	0
40	99	0
46	38	0
4	54	0
75	31	0
78	6	0
57	14	0
87	10	0
41	58	0
10	57	0
71	24	0
88	66	0
14	11	0
0	67	0
28	94	0
9	90	0
46	99	0
58	72	0
51	47	0
67	7	0
46	85	0
41	60	0
80	97	0
35	28	0
8	57	0
28	49	0
63	54	0
69	82	0
29	24	0
78	28	0
36	2	0
53	4	0
59	16	0
39	43	0
73	65	0
79	10	0
12	48	0
44	16	0
53	60	0
43	35	0
26	48	0
88	75	0
76	56	0
14	48	0
58	35	0
94	9	0
64	6	0
57	28	0
48	42	0
37	30	0
8	78	0
57	84	0
24	72	0
19	95	0
33	93	0
54	13	0
41	39	0
98	47	0
86	51	0
0	64	0
81	72	0
69	77	0
80	27	0
83	89	0
86	5	0
75	58	0
85	69	0
35	22	0
65	43	0
27	48	0
95	77	0
71	12	0
98	23	0
27	52	0
37	91	0
70	66	0
84	14	0
14	76	0
91	29	0
56	97	0
81	20	0
75	36	0
46	48	0
53	41	0
31	37	1
30	50	0
62	88	0
76	25	0
42	24	0
73	75	0
31	66	0
14	96	0
93	95	0
40	37	0
5	91	0
54	42	0
92	17	0
79	41	0
19	65	0
62	49	0
40	30	0
48	44	0
12	97	0
85	20	0
53	0	0
86	43	0
48	47	0
28	84	0
19	3	0
60	55	0
53	87	0
10	51	0
41	78	0
38	80	0
52	31	0
21	85	0
10	43	0
25	40	1
63	12	0
78	27	0
87	4	0
85	86	0
23	69	0
30	32	1
49	26	0
82	6	0
79	62	0
74	91	0
5	38	0
63	91	0
93	59	0
28	85	0
72	1	0
54	54	0
66	26	0
71	13	0
45	26	0
40	15	0
99	3	0
91	35	0
7	87	0
80	14	0
90	99	0
20	87	0
93	62	0
47	54	0
11	26	0
79	97	0
64	42	0
3	99	0
66	37	0
76	38	0
79	44	0
89	69	0
22	65	0
82	65	0
36	87	0
93	80	0
29	86	0
91	83	0
42	29	0
57	63	0
66	95	0
41	67	0
74	97	0
69	46	0
29	60	0
35	68	0
86	4	0
7	88	0
94	52	0
21	81	0
47	76	0
45	82	0
91	45	0
39	51	0
47	24	0
81	63	0
63	11	0
85	87	0
60	90	0
50	48	0
51	11	0
39	37	0
51	86	0
35	24	0
42	64	0
79	71	0
36	17	0
96	92	0
57	10	0
5	10	0
49	34	0
20	79	0
42	2	0
11	69	0
91	86	0
63	87	0
58	47	0
55	7	0
46	68	0
43	55	0
97	52	0
88	3	0
7	70	0
72	5	0
52	75	0
63	27	0
39	14	0
32	64	0
87	86	0
30	77	0
39	78	0
76	28	0
18	49	0
70	33	0
40	67	0
65	87	0
29	99	0
88	9	0
95	30	0
69	16	0
26	78	0
29	99	0
28	84	0
75	48	0
84	79	0
76	92	0
9	39	0
76	42	0
72	76	0
74	63	0
62	76	0
9	80	0
17	63	0
39	21	0
41	15	0
0	40	0
44	52	0
31	48	0
82	33	0
83	44	0
74	6	0
73	46	0
50	65	0
24	53	0
52	27	0
89	76	0
51	93	0
81	65	0
35	65	0
34	90	0
80	57	0
29	51	0
77	29	0
24	46	0
34	14	0
92	55	0
72	95	0
53	55	0
7	56	0
52	5	0
58	60	0
39	88	0
35	29	0
75	93	0
96	64	0
11	84	0
68	47	0
8	64	0
74	58	0
36	61	0
50	58	0
40	80	0
61	63	0
3	58	0
69	60	0
69	47	0
75	49	0
31	74	0
64	88	0
56	6	0
96	20	0
58	32	0
94	9	0
14	78	0
31	41	1
34	66	0
83	65	0
25	54	0
76	71	0
18	91	0
14	86	0
84	83	0
46	29	0
0	68	0
71	95	0
51	67	0
91	60	0
19	93	0
96	36	0
22	7	0
34	75	0
20	86	0
32	9	0
15	45	0
10	26	0
81	71	0
98	19	0
58	13	0
73	32	0
91	24	0
30	6	0
30	66	0
99	34	0
4	61	0
48	94	0
1	53	0
24	81	0
72	53	0
49	99	0
78	50	0
67	85	0
30	42	1
69	61	0
43	56	0
75	65	0
2	78	0
56	33	0
26	85	0
86	49	0
73	25	0
91	75	0
97	96	0
87	87	0
47	74	0
70	37	0
50	60	0
38	17	0
30	11	0
37	73	0
5	41	0
66	9	0
60	76	0
88	82	0
89	3	0
15	44	0
57	83	0
18	92	0
61	5	0
55	39	0
60	21	0
45	25	0
44	18	0
83	8	0
40	99	0
68	20	0
32	97	0
99	14	0
23	42	1
42	63	0
73	27	0
81	98	0
72	72	0
42	64	0
63	98	0
74	65	0
92	46	0
10	60	0
85	88	0
85	96	0
11	65	0
93	43	0
27	68	0
99	85	0
49	98	0
39	13	0
73	69	0
92	55	0
54	76	0
71	69	0
95	66	0
69	37	0
16	58	0
5	65	0
62	79	0
69	36	0
48	47	0
52	3	0
33	23	0
98	73	0
18	57	0
32	44	0
68	25	0
44	2	0
57	25	0
20	94	0
8	59	0
10	77	0
71	51	0
88	25	0
92	38	0
97	0	0
60	91	0
11	53	0
63	31	0
54	52	0
47	88	0
96	14	0
60	60	0
39	88	0
18	91	0
43	65	0
29	89	0
35	13	0
74	71	0
51	23	0
36	75	0
50	40	0
5	45	0
76	59	0
64	15	0
30	88	0
96	50	0
23	37	1
24	55	0
21	20	0
6	69	0
84	61	0
71	64	0
45	49	0
78	62	0
96	70	0
65	39	0
61	20	0
80	66	0
77	23	0
6	49	0
74	85	0
28	32	1
58	33	0
15	65	0
4	84	0
32	94	0
37	53	0
89	25	0
3	49	0
55	90	0
1	88	0
86	58	0
50	33	0
83	31	0
11	16	0
42	35	0
73	8	0
26	81	0
51	51	0
99	64	0
86	37	0
3	4	0
5	43	0
54	17	0
4	53	0
79	7	0
54	75	0
30	24	0
92	89	0
4	13	0
32	98	0
96	48	0
41	8	0
89	98	0
46	57	0
61	62	0
33	31	0
93	34	0
91	89	0
7	58	0
4	70	0
18	50	0
21	77	0
19	91	0
59	25	0
32	60	0
12	91	0
38	22	0
65	19	0
35	63	0
60	48	0
50	14	0
34	73	0
36	33	0
90	15	0
3	31	0
83	48	0
93	19	0
49	47	0
34	20	0
47	5	0
21	92	0
45	70	0
46	65	0
26	13	0
18	91	0
10	86	0
67	46	0
93	34	0
28	29	0
27	67	0
85	96	0
49	25	0
66	75	0
58	85	0
6	85	0
78	35	0
46	60	0
15	33	0
86	78	0
51	53	0
98	15	0
78	14	0
80	22	0
68	95	0
56	55	0
41	50	0
61	21	0
43	5	0
56	88	0
54	78	0
13	63	0
77	40	0
54	93	0
90	33	0
89	59	0
36	82	0
40	60	0
82	34	0
43	51	0
80	6	0
98	95	0
74	76	0
45	82	0
77	40	0
69	88	0
11	77	0
48	10	0
13	92	0
13	63	0
48	65	0
74	81	0
66	13	0
96	93	0
92	9	0
94	98	0
66	7	0
83	30	0
76	59	0
53	36	0
15	84	0
51	92	0
62	80	0
26	46	0
12	33	0
23	90	0
13	68	0
41	13	0
42	45	0
20	59	0
33	42	1
0	46	0
89	53	0
39	23	0
9	66	0
29	81	0
64	85	0
90	50	0
4	71	0
66	42	0
29	64	0
81	53	0
62	29	0
8	56	0
28	48	0
83	46	0
63	48	0
83	54	0
2	67	0
67	52	0
2	77	0
2	1	0
89	70	0
12	58	0
29	2	0
30	25	0
8	97	0
22	78	0
90	41	0
71	70	0
85	58	0
75	80	0
49	66	0
60	40	0
7	72	0
42	70	0
30	60	0
74	53	0
88	10	0
