97	70	0
28	24	0
61	97	0
13	8	0
87	33	0
86	99	0
45	80	0
72	48	0
6	85	0
2	1	0
16	89	0
98	47	0
73	76	0
31	37	0
82	91	0
98	43	0
42	97	0
40	79	1
61	75	0
46	16	0
77	71	0
82	88	0
79	87	0
5	25	0
81	13	0
72	72	0
30	96	0
81	23	0
68	91	0
49	64	0
78	82	0
99	54	0
99	22	0
21	74	1
86	83	0
13	73	1
35	2	0
7	74	1
39	86	0
76	46	0
29	11	0
99	84	0
85	87	0
95	17	0
98	17	0
18	35	0
63	87	0
7	81	0
90	2	0
61	99	0
4	30	0
81	85	0
90	30	0
30	83	1
57	93	0
86	21	0
25	84	1
34	91	1
29	8	0
95	5	0
76	32	0
42	83	0
85	26	0
55	52	0
84	27	0
11	96	0
44	80	0
97	64	0
70	99	0
8	62	0
47	90	0
95	51	0
73	20	1
47	38	0
32	8	0
71	58	0
9	83	0
95	26	0
42	67	0
88	55	0
88	0	0
77	97	0
73	85	0
8	31	0
69	80	0
85	70	0
80	45	0
19	97	0
68	41	0
90	54	0
91	29	0
99	38	0
15	55	0
3	18	0
95	56	0
51	86	0
48	60	1
43	79	0
56	92	0
73	32	0
71	69	0
81	77	0
82	64	0
25	19	0
15	14	0
78	53	0
96	1	0
24	97	0
27	41	0
69	73	0
58	82	0
55	79	0
40	2	0
52	82	0
66	79	0
81	57	0
19	92	0
89	83	0
2	75	0
19	51	0
75	84	0
92	74	0
47	68	0
62	41	0
88	41	0
25	92	0
57	76	0
21	45	0
54	84	0
38	28	0
93	84	0
29	98	0
89	3	0
80	37	0
66	89	0
66	82	0
59	73	0
27	37	0
23	67	0
61	92	0
82	69	0
42	90	0
53	89	0
71	15	0
41	93	0
29	22	0
80	64	0
62	44	0
74	68	0
80	34	0
14	90	0
59	50	0
92	36	0
59	37	0
50	23	0
91	29	0
59	76	0
77	98	0
85	69	0
94	21	0
97	34	0
98	70	0
30	88	1
67	78	0
52	93	0
80	21	0
15	88	0
95	7	0
21	45	0
27	91	1
23	93	0
81	73	0
75	79	0
89	50	0
86	52	0
45	85	0
90	62	0
55	4	0
42	27	0
83	44	0
34	73	0
65	79	0
76	68	0
80	5	0
95	49	0
99	32	0
72	61	0
71	87	0
58	8	0
8	94	0
6	91	0
95	63	0
74	60	0
85	11	0
98	76	0
20	12	0
30	94	0
52	91	0
89	4	0
86	3	0
98	32	0
74	30	0
72	44	0
4	6	0
20	89	0
45	90	0
51	65	1
91	45	0
68	95	0
98	84	0
70	36	0
75	79	0
74	21	1
9	7	0
30	8	0
34	24	0
87	38	0
82	20	0
8	49	0
25	23	0
89	80	0
93	71	0
79	20	0
98	12	0
62	1	0
80	14	1
37	18	0
97	89	0
26	85	0
1	96	0
35	35	0
74	40	0
66	65	0
60	79	0
86	87	0
68	25	0
71	80	0
99	38	0
85	65	0
67	50	0
94	71	0
64	14	0
95	10	0
28	46	0
67	99	0
99	35	0
24	85	1
98	38	0
73	96	0
97	34	0
63	15	0
53	50	0
61	90	0
76	90	0
19	88	0
94	87	0
0	97	0
92	5	0
93	16	0
56	82	0
13	99	0
77	40	0
93	68	0
27	0	0
48	91	0
38	79	1
57	74	0
1	27	0
90	32	0
99	4	0
80	96	0
16	22	0
70	31	0
67	80	0
7	26	0
43	87	0
81	50	0
25	91	1
85	7	0
81	13	0
92	64	0
14	82	0
66	19	0
86	91	0
31	95	0
64	59	0
5	33	0
61	85	0
61	49	0
92	45	0
78	50	0
74	55	0
4	37	0
90	68	0
26	95	0
88	58	0
10	96	0
81	87	0
37	18	0
73	64	0
64	90	0
53	96	0
85	57	0
74	1	0
1	74	0
70	43	0
26	99	0
87	29	0
91	42	0
71	31	0
83	73	0
44	95	0
60	97	0
28	95	0
99	85	0
70	83	0
19	3	0
7	83	0
77	83	0
60	90	0
61	58	1
69	32	0
81	62	0
95	7	0
87	8	0
93	84	0
65	82	0
80	22	0
87	11	0
70	91	0
32	98	0
82	10	0
96	0	0
73	27	0
8	57	0
16	97	0
16	95	0
88	82	0
86	99	0
79	93	0
86	67	0
76	74	0
7	95	0
16	72	1
30	20	0
4	6	0
45	37	0
94	24	0
80	39	0
66	62	0
57	14	0
85	81	0
67	79	0
86	58	0
74	61	0
23	6	0
97	40	0
64	94	0
44	38	0
20	89	0
71	97	0
96	71	0
30	84	1
20	76	0
41	69	0
70	71	0
52	99	0
9	44	0
80	69	0
91	49	0
88	66	0
33	76	0
66	83	0
89	15	0
82	10	0
9	85	0
36	96	0
90	74	0
72	72	0
1	93	0
13	79	0
78	94	0
31	24	0
3	78	0
70	89	0
58	66	0
82	84	0
5	85	0
74	46	0
21	4	0
52	91	0
8	93	0
3	13	0
88	64	0
87	13	0
77	24	0
79	14	1
11	21	0
13	56	0
74	34	0
65	74	0
32	89	1
57	56	1
89	79	0
83	42	0
74	79	0
60	55	1
72	84	0
1	65	0
81	58	0
61	33	0
94	44	0
90	91	0
83	71	0
68	58	1
59	54	1
44	78	0
98	74	0
92	8	0
52	76	0
2	99	0
66	27	0
67	14	0
79	18	1
28	64	1
74	14	1
80	25	0
27	31	0
60	93	0
66	60	0
37	87	0
68	95	0
87	60	0
85	28	0
84	69	0
87	92	0
94	45	0
86	93	0
33	87	0
72	77	0
82	46	0
48	88	0
87	86	0
75	71	0
93	27	0
52	74	0
79	21	0
58	43	0
87	88	0
86	55	0
18	87	0
32	91	1
83	30	0
79	30	0
91	43	0
85	9	0
92	83	0
85	15	0
81	38	0
11	85	0
19	71	1
16	94	0
51	31	0
32	62	0
50	86	0
66	1	0
11	93	0
79	50	0
19	9	0
23	60	0
77	69	0
72	61	0
83	66	0
84	46	0
69	66	0
82	50	0
5	43	0
98	85	0
68	60	0
50	94	0
4	70	1
91	16	0
50	95	0
22	88	0
98	41	0
68	31	0
20	11	0
29	36	0
12	65	1
81	54	0
93	34	0
27	13	0
51	9	0
50	77	0
97	84	0
16	4	0
46	81	0
64	29	0
91	66	0
73	67	0
62	85	0
14	47	0
98	45	0
92	64	0
8	87	0
29	89	1
0	97	0
56	36	0
86	20	0
10	20	0
89	32	0
77	15	0
46	34	0
13	99	0
60	84	0
16	75	1
26	25	0
24	95	0
56	56	1
82	44	0
61	82	0
19	91	0
72	39	0
10	0	0
85	58	0
50	63	1
85	29	0
81	30	0
68	29	0
55	88	0
37	97	0
83	40	0
60	97	0
70	60	0
82	42	0
62	93	0
91	38	0
92	96	0
86	84	0
54	87	0
89	15	0
74	77	0
63	29	0
28	89	1
87	57	0
85	95	0
82	9	0
99	97	0
81	25	0
81	67	0
13	90	0
81	98	0
72	79	0
8	14	0
15	97	0
11	73	1
84	30	0
24	96	0
53	83	0
79	38	0
77	48	0
19	99	0
81	41	0
91	58	0
76	45	0
90	30	0
5	90	0
12	5	0
61	76	0
16	58	0
30	9	0
0	94	0
99	51	0
80	92	0
91	54	0
85	79	0
74	47	0
3	77	0
78	24	0
97	38	0
