92	70	0
21	16	0
61	99	0
15	5	0
96	46	0
95	98	0
42	75	0
67	46	0
1	90	0
2	9	0
13	88	0
93	51	0
66	83	0
27	32	0
92	86	0
95	40	0
44	92	0
47	81	0
70	72	0
48	10	0
36	78	1
81	73	0
93	86	0
77	95	0
10	22	0
86	20	0
69	69	0
13	71	1
33	94	0
85	16	0
65	91	0
50	67	0
76	78	0
98	51	0
97	26	0
21	76	0
93	75	0
15	65	0
40	1	0
8	75	0
31	87	0
88	47	0
38	16	0
98	92	0
89	93	0
99	16	0
30	80	1
99	14	0
22	22	0
72	90	0
3	85	0
89	1	0
65	90	0
7	20	0
75	75	0
87	34	0
26	86	0
57	96	0
81	20	0
30	87	0
37	88	0
23	11	0
98	9	0
80	33	0
49	81	0
87	22	0
61	42	0
74	33	0
4	99	0
49	91	0
73	9	1
96	67	0
74	89	0
3	73	0
38	92	0
99	55	0
83	26	0
60	9	1
56	32	0
35	6	0
71	59	0
1	93	0
93	26	0
43	66	0
82	56	0
82	1	0
69	94	0
61	86	0
6	30	0
66	80	0
87	70	0
74	48	0
16	98	0
69	42	0
88	64	0
93	26	0
97	36	0
16	53	0
5	18	0
90	62	0
52	80	0
55	59	0
53	74	0
55	99	0
72	34	0
61	76	0
65	79	0
91	58	0
25	19	0
17	13	0
21	81	1
76	51	0
95	0	0
25	96	0
23	45	0
62	71	0
55	80	0
52	76	0
51	3	0
46	87	0
74	85	0
84	56	0
21	88	0
86	80	0
5	74	0
49	62	1
14	45	0
78	78	0
98	66	0
48	72	0
69	42	0
92	32	0
34	94	0
58	77	0
25	42	0
46	77	0
37	23	0
88	89	0
31	96	0
93	5	0
20	77	1
79	38	0
62	94	0
74	82	0
65	71	0
25	39	0
23	64	0
63	3	1
61	95	0
84	66	0
46	93	0
61	82	0
73	19	0
59	67	1
27	77	1
47	94	0
26	21	0
78	62	0
62	46	0
72	60	0
77	39	0
15	96	0
64	56	0
88	38	0
64	32	0
55	15	0
96	30	0
64	83	0
78	97	0
73	67	0
99	19	0
99	26	0
88	79	0
31	95	0
70	84	0
51	97	0
83	34	0
13	96	0
88	22	0
23	44	0
22	91	0
26	98	0
86	80	0
72	76	0
87	55	0
91	59	0
21	79	1
45	88	0
71	2	1
84	58	0
48	6	0
39	30	0
88	41	0
28	64	1
49	58	1
26	72	0
71	90	0
79	59	0
52	63	1
82	2	0
89	43	0
92	45	0
75	62	0
69	81	0
52	65	1
64	15	0
6	88	0
3	93	0
82	66	0
84	63	0
90	6	0
97	85	0
20	4	0
29	92	0
60	99	0
46	34	1
90	16	0
95	10	0
98	26	0
73	29	0
65	47	0
3	2	0
24	95	0
11	70	1
47	79	0
47	74	0
90	41	0
60	90	0
99	85	0
69	38	0
85	82	0
78	18	0
16	7	0
40	6	0
39	28	0
99	43	0
88	12	0
12	48	0
17	22	0
86	83	0
98	66	0
73	23	0
99	12	0
61	0	0
79	18	0
37	15	0
18	73	1
93	93	0
33	84	0
6	95	0
34	40	0
73	43	0
68	61	0
70	73	0
83	80	0
76	26	0
67	82	0
99	41	0
81	55	0
66	47	0
97	68	0
67	19	0
93	16	0
29	50	0
67	97	0
49	69	1
91	30	0
19	86	0
98	39	0
74	94	0
93	33	0
64	21	0
53	46	0
61	90	0
74	83	0
25	92	0
91	78	0
2	85	0
92	4	0
89	13	0
51	73	0
62	51	1
5	93	0
75	39	0
94	61	0
33	81	1
26	13	0
53	94	0
32	84	0
50	76	0
0	76	1
2	26	0
84	31	0
99	11	0
78	94	0
24	23	0
64	9	1
66	32	0
65	88	0
1	12	0
45	83	0
82	48	0
28	87	0
80	8	0
83	18	0
89	57	0
16	83	0
66	12	0
88	97	0
35	95	0
72	62	0
6	37	0
57	87	0
59	44	0
14	71	1
56	25	1
93	46	0
75	50	0
72	57	0
8	38	0
96	60	0
25	99	0
90	53	0
16	96	0
86	82	0
34	20	0
75	63	0
59	86	0
58	95	0
83	50	0
78	12	0
0	77	0
69	41	0
23	98	0
82	27	0
90	45	0
74	19	0
83	72	0
49	97	0
52	96	0
31	97	0
95	81	0
74	82	0
77	9	1
21	0	0
10	79	0
84	96	0
69	86	0
71	51	0
65	26	0
35	74	0
83	56	0
99	8	0
14	72	1
88	3	0
55	64	1
86	85	0
60	87	0
74	25	0
89	11	0
73	89	0
25	98	0
89	16	0
97	1	0
66	21	0
6	54	0
15	90	0
10	85	0
79	84	0
87	99	0
55	51	1
75	95	0
85	62	0
73	64	0
8	92	0
17	76	0
35	26	0
2	16	0
40	38	0
93	28	0
82	36	0
74	55	0
50	18	0
86	84	0
61	83	0
90	50	0
34	85	0
78	63	0
20	10	0
98	43	0
59	98	0
34	45	0
29	95	0
69	94	0
92	71	0
28	89	0
63	26	1
13	75	0
45	64	0
62	67	1
61	76	0
57	91	0
12	48	0
73	67	0
82	47	0
91	69	0
40	73	0
66	80	0
87	14	0
57	52	1
84	10	0
9	83	0
48	96	0
83	74	0
69	72	0
8	89	0
14	75	0
79	95	0
30	24	0
10	82	0
62	92	0
62	72	0
83	84	0
13	93	0
75	51	0
16	5	0
45	99	0
4	99	0
2	18	0
82	62	0
85	15	0
80	29	0
77	15	0
11	20	0
15	52	0
73	28	0
0	72	1
67	68	0
27	89	0
63	60	0
83	91	0
81	42	0
71	82	0
66	53	0
76	81	0
8	66	0
34	78	1
71	61	0
58	45	0
99	37	0
99	95	0
77	82	0
70	52	0
64	53	0
61	80	0
98	79	0
99	0	0
56	79	0
4	95	0
55	33	0
66	21	0
70	17	0
29	73	0
76	26	0
83	22	0
29	27	0
56	98	0
71	63	0
44	88	0
71	97	0
77	59	0
81	34	0
88	68	0
86	96	0
94	43	0
86	89	0
45	87	0
72	73	0
83	46	0
40	88	0
78	78	0
73	59	0
93	24	0
2	73	0
53	77	0
78	20	0
63	37	0
84	85	0
76	55	0
15	86	0
19	94	0
79	40	0
82	31	0
99	50	0
97	7	0
79	88	0
85	14	0
75	36	0
19	78	0
11	97	0
17	72	0
6	86	0
56	51	1
40	25	0
40	66	0
56	80	0
67	0	0
17	88	0
83	53	0
24	17	0
22	66	0
80	63	0
65	59	0
86	59	0
85	54	0
65	68	0
78	48	0
5	33	0
94	87	0
65	51	0
46	90	0
8	68	0
30	79	1
92	21	0
53	93	0
19	90	0
97	43	0
67	22	0
13	16	0
23	30	0
69	3	1
19	67	0
77	58	0
96	39	0
22	5	0
60	7	0
40	88	0
89	82	0
17	4	0
51	78	0
74	30	0
98	65	0
62	62	0
70	90	0
6	42	0
97	42	0
93	64	0
11	77	0
25	80	1
23	96	0
73	8	1
5	97	0
63	40	0
91	15	0
10	15	0
86	32	0
90	16	0
39	31	0
20	94	0
56	86	0
17	79	0
26	25	0
18	73	1
23	90	0
63	60	0
91	48	0
72	90	0
53	71	1
19	99	0
79	39	0
9	0	0
82	56	0
51	56	0
94	29	0
72	26	0
74	33	0
55	96	0
34	31	1
49	37	1
66	9	1
38	99	0
90	40	0
66	97	0
77	55	0
84	47	0
56	89	0
35	78	0
92	37	0
99	99	0
81	83	0
59	81	0
90	15	0
70	74	0
24	77	1
65	25	0
31	93	0
94	56	0
97	87	0
82	7	0
97	96	0
79	24	0
89	67	0
9	94	0
75	95	0
65	77	0
2	18	0
14	98	0
9	72	0
85	27	0
26	98	0
62	90	0
85	41	0
12	72	1
79	42	0
27	98	0
80	45	0
87	53	0
77	48	0
79	29	0
2	83	0
6	5	0
67	72	0
18	62	0
24	1	0
3	88	0
30	75	0
99	50	0
78	85	0
96	60	0
92	78	0
79	46	0
2	80	0
79	30	0
87	30	0
