91	65	0
50	17	0
44	16	0
46	99	0
6	23	0
93	33	0
95	87	0
44	13	0
76	80	0
41	38	0
79	39	0
4	84	0
19	13	0
24	63	0
99	20	0
97	75	0
65	28	0
29	49	0
98	63	0
90	2	0
41	82	0
71	77	0
73	96	0
67	0	0
47	90	0
61	0	0
74	80	0
67	95	0
99	58	0
1	35	0
43	36	0
47	29	0
88	30	0
48	44	0
91	69	0
16	90	0
57	86	0
99	25	0
78	95	0
52	1	0
22	52	0
80	53	0
94	63	0
56	73	0
96	42	0
12	86	0
29	41	0
62	9	0
91	58	0
10	66	0
63	9	0
31	86	0
49	96	0
32	66	0
96	62	0
42	29	0
43	35	0
77	75	0
92	94	0
82	19	0
11	93	0
87	10	0
45	3	0
75	72	0
45	20	0
13	82	0
78	13	0
42	78	0
84	88	0
60	64	0
15	24	0
77	83	0
31	36	0
22	48	0
89	37	0
11	36	0
40	78	0
48	85	0
72	22	0
41	98	0
63	98	0
1	1	0
7	14	0
98	12	0
99	23	0
34	49	0
81	43	0
24	18	0
78	56	0
32	47	0
33	10	0
40	10	0
68	35	0
12	89	0
73	10	0
52	76	0
42	10	0
48	29	0
96	42	0
37	73	0
78	58	0
23	57	0
75	93	0
4	77	0
43	82	0
87	45	0
64	2	0
47	65	0
15	63	0
55	1	0
64	59	0
16	58	0
45	3	0
40	58	0
30	40	0
92	87	0
54	44	0
0	1	0
30	91	0
74	9	0
67	65	0
16	31	1
85	81	0
93	12	0
69	64	0
56	75	0
35	10	0
55	98	0
82	79	0
80	53	0
35	97	0
66	28	0
41	23	0
19	39	0
80	9	0
4	79	0
98	69	0
97	19	0
88	33	0
39	53	0
57	19	0
89	80	0
5	19	0
41	12	0
88	68	0
34	39	0
83	72	0
84	91	0
54	15	0
43	34	0
56	62	0
8	50	0
25	70	0
13	57	0
77	71	0
36	53	0
46	95	0
81	57	0
74	74	0
50	84	0
16	45	0
92	68	0
1	32	0
43	48	0
24	14	0
17	77	0
38	77	0
91	39	0
32	31	0
82	17	0
36	82	0
60	32	0
48	42	0
82	83	0
24	55	0
68	84	0
34	87	0
33	61	0
36	21	0
59	10	0
36	76	0
18	75	0
73	83	0
90	57	0
16	83	0
19	33	0
99	67	0
30	60	0
29	93	0
50	89	0
42	48	0
33	9	0
19	39	0
65	82	0
82	92	0
56	86	0
78	25	0
1	75	0
51	5	0
80	19	0
70	26	0
76	25	0
22	56	0
2	65	0
53	61	0
76	35	0
33	70	0
94	25	0
38	92	0
31	66	0
34	17	0
75	74	0
31	55	0
34	9	0
8	96	0
70	11	0
99	88	0
83	89	0
94	16	0
2	78	0
11	69	0
96	46	0
53	73	0
37	47	0
52	62	0
59	72	0
47	56	0
9	74	0
32	64	0
70	6	0
1	63	0
62	97	0
83	47	0
45	87	0
87	59	0
48	10	0
44	67	0
20	79	0
37	97	0
62	33	0
64	32	0
21	34	0
97	62	0
74	40	0
80	63	0
8	72	0
55	20	0
6	89	0
71	59	0
53	46	0
69	49	0
53	17	0
1	56	0
82	39	0
53	10	0
74	64	0
46	84	0
74	38	0
97	39	0
99	5	0
1	68	0
87	71	0
22	98	0
97	65	0
44	92	0
61	29	0
51	1	0
22	92	0
65	36	0
40	59	0
45	77	0
50	5	0
24	87	0
71	92	0
87	81	0
69	34	0
87	69	0
13	87	0
48	48	0
52	10	0
70	25	0
32	14	0
35	1	0
48	7	0
59	51	0
71	36	0
34	56	0
33	50	0
45	62	0
70	85	0
89	85	0
58	83	0
86	19	0
83	53	0
81	12	0
22	52	0
31	13	0
86	39	0
63	27	0
72	71	0
8	39	0
50	74	0
53	23	0
25	93	0
33	96	0
21	71	0
93	65	0
45	28	0
39	7	0
24	61	0
91	56	0
73	16	0
78	87	0
17	9	0
69	90	0
11	76	0
48	83	0
40	34	0
1	52	0
77	5	0
22	28	0
90	17	0
47	19	0
83	12	0
31	45	0
17	49	0
83	23	0
92	54	0
0	24	0
25	32	0
2	63	0
36	84	0
19	87	0
2	6	1
45	87	0
56	70	0
48	42	0
67	24	0
47	91	0
39	71	0
88	98	0
40	33	0
16	46	0
20	40	0
57	70	0
80	89	0
45	20	0
87	9	0
30	1	0
62	1	0
59	16	0
21	42	0
74	63	0
69	1	0
17	35	0
45	16	0
55	46	0
44	49	0
23	60	0
87	82	0
73	50	0
17	59	0
50	34	0
98	10	0
57	9	0
61	19	0
57	43	0
26	31	0
9	73	0
71	74	0
16	82	0
36	87	0
22	97	0
51	28	0
40	44	0
87	56	0
75	41	0
6	82	0
74	79	0
61	86	0
17	34	1
74	27	0
61	99	0
73	2	0
85	58	0
79	52	0
29	15	0
43	42	0
36	45	0
89	80	0
2	7	1
71	23	0
94	2	0
16	40	0
31	95	0
65	71	0
87	2	0
4	58	0
97	32	0
44	96	0
77	15	0
67	49	0
48	53	0
44	41	0
28	41	0
41	38	0
72	84	0
77	38	0
40	38	0
77	68	0
22	58	0
15	92	0
92	90	0
33	35	0
0	81	0
63	25	0
89	15	0
80	44	0
14	59	0
66	49	0
39	32	0
48	45	0
1	99	0
70	20	0
49	11	0
88	55	0
49	24	0
26	85	0
20	3	0
73	47	0
71	97	0
0	77	0
41	57	0
47	75	0
57	27	0
21	98	0
17	47	0
30	38	0
60	17	0
87	25	0
88	21	0
84	88	0
20	61	0
31	24	0
30	33	0
84	19	0
57	61	0
69	89	0
17	39	0
71	98	0
87	63	0
37	71	0
69	7	0
69	40	0
76	19	0
75	10	0
44	23	0
42	34	0
94	3	0
83	29	0
1	71	0
86	11	0
97	98	0
2	99	0
89	56	0
55	45	0
23	15	0
96	86	0
67	59	0
11	96	0
65	30	0
80	39	0
80	54	0
81	61	0
31	70	0
72	76	0
41	98	0
79	71	0
22	31	0
34	99	0
96	82	0
36	35	0
28	37	0
65	80	0
58	92	0
44	68	0
60	98	0
55	51	0
37	63	0
28	68	0
85	24	0
20	95	0
88	50	0
25	92	0
50	65	0
46	76	0
85	35	0
34	34	0
21	50	0
53	25	0
93	66	0
68	20	0
88	97	0
73	99	0
37	53	0
66	2	0
29	46	0
39	90	0
37	29	0
49	66	0
69	82	0
26	21	0
83	97	0
38	23	0
24	21	0
65	40	0
26	77	0
46	13	0
7	54	0
89	84	0
57	86	0
55	44	0
80	11	0
49	71	0
43	51	0
99	59	0
88	2	0
0	73	0
77	0	0
69	74	0
74	32	0
36	14	0
34	70	0
84	79	0
25	68	0
52	82	0
79	23	0
12	65	0
69	17	0
46	61	0
61	95	0
33	90	0
85	4	0
91	24	0
64	12	0
34	87	0
14	88	0
5	87	0
73	40	0
67	63	0
70	81	0
16	48	0
75	33	0
66	64	0
85	75	0
56	60	0
20	62	0
26	63	0
39	24	0
45	27	0
0	44	0
45	65	0
39	47	0
95	30	0
74	32	0
78	0	0
86	44	0
53	68	0
21	54	0
57	27	0
91	76	0
64	87	0
93	69	0
15	48	0
57	73	0
66	49	0
32	54	0
75	34	0
19	52	0
39	22	0
79	52	0
83	98	0
58	55	0
17	64	0
46	6	0
49	61	0
29	85	0
42	28	0
86	82	0
92	73	0
16	97	0
56	70	0
9	74	0
73	60	0
34	51	0
49	60	0
36	75	0
63	71	0
19	28	1
8	63	0
97	79	0
72	54	0
96	56	0
26	62	0
52	86	0
60	27	0
96	29	0
36	47	0
97	10	0
17	88	0
28	29	0
32	74	0
86	56	0
20	45	0
80	68	0
19	98	0
10	72	0
12	7	1
90	85	0
42	32	0
4	69	0
79	85	0
49	63	0
82	68	0
25	93	0
99	35	0
30	5	0
37	85	0
33	76	0
33	20	0
23	36	0
3	17	0
82	73	0
93	4	0
60	6	0
72	14	0
98	47	0
34	7	0
29	50	0
99	43	0
8	54	0
58	83	0
3	60	0
17	77	0
74	55	0
49	94	0
80	48	0
72	82	0
28	33	0
78	66	0
41	57	0
84	48	0
15	75	0
46	35	0
33	74	0
83	33	0
59	36	0
99	77	0
96	97	0
84	81	0
32	68	0
17	30	0
58	39	0
45	76	0
33	15	0
24	1	0
38	74	0
18	40	0
61	2	0
71	81	0
74	64	0
91	14	0
5	49	0
63	87	0
1	93	0
56	10	0
68	52	0
66	18	0
36	18	0
26	33	0
37	14	0
72	7	0
40	87	0
56	32	0
29	80	0
76	15	0
32	44	0
49	63	0
75	21	0
90	70	0
60	71	0
33	67	0
51	87	0
75	83	0
82	48	0
22	66	0
74	75	0
62	94	0
17	43	0
23	54	0
99	35	0
32	87	0
96	85	0
70	86	0
46	0	0
57	58	0
90	56	0
67	84	0
83	51	0
96	79	0
82	29	0
11	63	0
7	56	0
69	87	0
75	41	0
54	62	0
58	9	0
31	14	0
86	69	0
26	33	0
12	62	0
43	52	0
54	37	0
38	18	0
47	30	0
14	84	0
24	39	0
9	63	0
15	72	0
72	44	0
17	20	0
63	13	0
99	28	0
80	1	0
57	77	0
4	57	0
61	29	0
50	34	0
57	80	0
94	14	0
33	44	0
55	61	0
54	80	0
18	97	0
39	66	0
37	86	0
26	26	0
76	82	0
44	48	0
33	84	0
61	30	0
14	42	0
61	60	0
60	24	0
30	74	0
82	40	0
55	42	0
45	46	0
31	14	0
9	64	0
76	70	0
73	65	0
43	44	0
85	59	0
85	74	0
74	27	0
61	8	0
77	79	0
77	13	0
7	67	0
74	77	0
40	20	0
71	40	0
19	65	0
15	89	0
38	91	0
29	56	0
97	28	0
19	54	0
49	99	0
18	86	0
99	70	0
56	61	0
82	39	0
21	2	0
51	21	0
59	3	0
12	80	0
64	57	0
83	64	0
72	46	0
15	2	0
23	45	0
70	12	0
8	80	0
77	0	0
47	65	0
48	22	0
78	93	0
4	22	0
21	90	0
97	53	0
32	13	0
97	82	0
59	65	0
74	52	0
44	27	0
90	31	0
94	75	0
7	67	0
0	79	0
19	54	0
10	88	0
2	89	0
82	26	0
43	41	0
5	94	0
54	8	0
69	6	0
43	52	0
75	46	0
47	22	0
25	62	0
28	28	0
83	14	0
12	41	0
87	63	0
93	4	0
58	55	0
28	17	0
55	11	0
12	93	0
54	75	0
40	62	0
38	16	0
3	86	0
7	87	0
68	53	0
94	40	0
41	27	0
30	77	0
98	93	0
53	31	0
58	76	0
65	86	0
1	79	0
74	25	0
55	61	0
24	36	0
96	74	0
46	67	0
98	16	0
73	13	0
88	20	0
79	95	0
43	64	0
37	79	0
82	22	0
30	8	0
63	97	0
68	76	0
18	48	0
71	41	0
66	91	0
80	9	0
97	53	0
30	77	0
60	50	0
33	32	0
85	21	0
32	47	0
68	0	0
92	97	0
77	66	0
53	80	0
81	25	0
76	75	0
7	87	0
39	5	0
15	92	0
2	64	0
65	69	0
69	93	0
75	9	0
94	97	0
83	12	0
81	78	0
64	5	0
85	35	0
84	44	0
53	37	0
11	77	0
57	88	0
56	77	0
17	52	0
8	37	0
33	98	0
11	64	0
41	0	0
30	51	0
13	62	0
42	33	0
0	41	0
96	52	0
51	22	0
10	49	0
27	86	0
77	81	0
0	2	0
90	62	0
16	68	0
61	43	0
31	59	0
91	49	0
59	41	0
0	9	0
0	50	0
24	59	0
90	64	0
73	51	0
96	64	0
5	57	0
73	60	0
7	78	0
4	21	0
87	57	0
26	62	0
39	12	0
36	30	0
12	84	0
32	88	0
4	3	1
82	44	0
71	67	0
76	57	0
75	76	0
39	75	0
45	24	0
4	68	0
52	70	0
37	44	0
60	53	0
87	15	0
