82	61	0
34	28	0
66	94	0
15	7	0
92	39	0
79	90	0
43	80	1
72	45	0
3	83	0
3	3	0
15	95	0
91	45	0
70	75	0
36	41	0
71	84	0
98	51	0
53	94	0
62	73	0
34	25	0
85	72	0
91	88	0
78	79	0
4	32	0
68	69	0
76	35	0
65	89	0
53	70	0
65	78	0
95	47	0
95	25	0
94	73	0
38	1	0
43	94	1
73	32	0
31	18	0
95	78	0
83	76	0
96	20	0
97	14	0
21	35	0
58	78	0
5	89	0
93	11	0
59	94	0
19	28	0
81	81	0
88	27	0
55	94	0
7	16	0
97	15	0
72	38	0
45	86	1
70	22	0
53	45	0
74	32	0
9	94	0
49	83	1
90	62	0
64	91	0
11	64	0
45	86	1
93	55	0
40	38	0
27	8	0
70	63	0
8	87	0
99	35	0
45	68	0
91	55	0
99	10	0
75	99	0
70	84	0
5	27	0
68	82	0
88	64	0
82	40	0
18	96	0
53	39	0
88	47	0
89	40	0
91	34	0
20	58	0
5	12	0
97	63	0
57	95	0
42	76	0
58	96	0
69	36	0
66	66	0
79	71	0
84	73	0
17	21	0
13	9	0
84	56	0
88	0	0
27	90	1
12	50	0
71	80	0
61	80	0
59	82	0
49	7	0
45	91	0
67	85	0
77	54	0
13	90	0
97	83	0
2	82	0
15	51	0
82	91	0
85	74	0
50	71	0
70	42	0
79	36	0
49	69	0
20	49	0
44	78	1
38	24	0
93	83	0
36	98	1
75	7	0
79	36	0
74	94	0
61	82	0
68	67	0
18	21	0
13	77	0
63	94	0
72	63	0
44	97	1
52	93	0
32	87	0
32	37	0
73	65	0
56	48	0
66	73	0
70	32	0
3	95	0
69	58	1
94	36	0
63	36	0
47	21	0
79	21	0
63	70	0
74	95	0
87	72	0
93	20	0
97	34	0
97	70	0
64	72	0
58	89	0
68	16	1
15	72	0
90	10	0
8	46	0
33	87	1
82	79	0
77	75	0
98	52	0
84	52	0
47	79	1
92	63	0
51	11	0
46	23	0
78	58	0
26	78	0
62	81	0
77	73	0
81	8	1
95	49	0
95	32	0
71	54	0
63	93	0
54	9	0
4	92	0
7	91	0
99	59	0
68	58	0
83	17	1
94	69	0
19	17	0
42	95	1
85	2	0
77	5	0
96	25	0
85	29	0
75	31	0
10	11	0
26	78	0
51	90	0
80	43	0
73	95	0
97	75	0
70	36	0
66	85	0
9	5	0
38	12	0
39	26	0
71	34	0
78	15	1
1	55	0
34	19	0
96	80	0
96	66	0
98	12	0
64	2	0
35	5	0
98	96	0
27	87	0
8	96	0
41	38	0
78	41	0
70	69	0
58	68	0
82	84	0
71	33	0
74	75	0
86	29	0
87	68	0
66	43	0
98	77	0
62	20	0
97	5	0
30	50	0
73	86	0
98	40	0
96	43	0
73	99	0
93	39	0
65	16	1
45	50	0
58	96	0
68	82	0
18	80	0
81	84	0
7	94	0
95	4	0
88	13	1
49	81	1
11	97	0
88	39	0
92	70	0
27	1	0
45	96	0
48	62	0
7	13	0
86	40	0
91	10	0
66	91	0
15	19	0
75	29	0
70	77	0
10	27	0
48	88	1
77	43	0
85	2	0
89	68	0
66	17	0
92	96	0
34	92	1
65	61	1
8	37	0
58	92	0
64	57	0
96	43	0
64	43	0
67	54	1
1	54	0
92	75	0
91	69	0
3	89	0
78	87	0
40	24	0
66	58	0
64	98	0
59	90	0
98	51	0
65	9	0
67	40	0
31	95	1
81	28	0
97	57	0
78	36	0
86	70	0
45	98	1
53	97	0
23	93	1
87	97	0
76	88	0
12	3	0
3	86	0
82	90	0
60	97	0
68	22	0
85	56	0
91	0	0
91	10	1
92	79	0
63	82	0
91	17	0
87	11	1
66	82	0
45	99	1
93	15	0
98	4	0
78	34	0
5	45	0
8	90	0
20	98	1
85	87	0
85	92	0
80	86	0
87	62	0
80	80	0
11	93	0
22	19	0
1	6	0
35	37	0
84	13	1
83	32	0
64	65	0
64	3	0
86	85	0
83	81	0
83	46	0
71	63	0
30	9	0
99	40	0
71	96	0
54	31	0
26	96	1
73	85	0
96	64	0
21	59	0
43	66	0
58	77	0
48	92	0
0	47	0
77	74	0
98	46	0
94	70	0
37	85	1
59	88	0
86	25	0
82	8	0
12	77	1
34	80	1
96	67	0
67	71	0
5	98	0
11	76	1
77	86	0
21	20	0
3	81	0
62	76	0
64	70	0
82	86	0
5	89	0
79	55	0
16	1	0
51	85	0
7	90	0
5	17	0
97	56	0
76	21	0
19	20	0
14	37	0
69	39	0
67	76	0
94	71	0
84	45	0
78	80	0
73	85	0
1	61	0
83	62	0
66	24	0
98	44	0
83	88	0
83	76	0
50	75	0
94	75	0
99	9	0
51	72	0
1	97	0
76	35	0
62	23	1
80	23	1
30	32	0
59	85	0
55	49	1
38	70	0
65	93	0
88	50	0
93	36	0
74	64	0
93	84	0
90	50	0
91	96	0
81	70	0
76	38	0
44	89	0
88	77	0
85	75	0
96	32	0
43	67	0
82	24	1
54	36	0
86	88	0
88	59	0
25	85	0
78	34	0
71	38	0
92	41	0
82	14	1
93	84	0
82	14	1
72	40	0
3	83	0
11	99	0
44	30	0
21	69	0
48	86	1
66	4	0
1	93	0
72	44	0
13	13	0
17	63	0
60	66	0
73	69	0
75	58	0
78	46	0
73	66	0
88	47	0
12	42	0
94	86	0
49	97	0
86	25	0
43	99	1
19	89	0
93	57	0
61	31	0
23	20	0
30	32	0
80	50	0
95	25	0
21	1	0
43	1	0
53	69	0
97	81	0
22	5	0
45	77	1
56	21	0
88	79	0
71	64	0
62	87	0
13	47	0
97	49	0
90	64	0
1	85	0
0	89	0
55	29	0
95	26	0
10	27	0
89	40	0
78	10	0
39	30	0
19	94	0
58	88	0
19	30	0
76	41	0
63	83	0
21	94	1
66	34	0
8	2	0
85	54	0
88	33	0
85	33	0
64	19	0
56	93	0
42	93	1
82	33	0
55	99	0
67	66	0
75	50	0
55	92	0
90	46	0
95	96	0
88	89	0
46	85	1
87	9	1
79	78	0
74	18	0
96	52	0
91	95	0
87	17	1
86	97	0
89	20	0
82	69	0
9	94	0
84	95	0
73	79	0
9	21	0
19	95	0
87	23	0
18	95	0
49	81	1
80	40	0
76	53	0
22	94	1
79	49	0
96	55	0
84	35	0
85	26	0
0	88	0
17	9	0
54	79	0
23	64	0
34	9	0
1	84	0
93	44	0
89	85	0
87	47	0
89	80	0
73	52	0
89	15	1
99	39	0
