93	67	0
26	16	0
61	97	0
5	0	0
97	47	0
98	93	0
41	73	0
65	45	0
0	91	0
6	9	0
11	93	0
93	41	0
61	82	0
29	32	0
95	83	0
93	33	0
46	99	0
38	76	0
73	73	0
50	16	0
32	77	1
83	68	0
93	77	0
80	93	0
4	27	0
37	35	1
86	19	0
77	65	0
8	70	0
33	92	0
85	18	0
69	90	0
51	73	0
80	77	0
99	53	0
57	57	1
99	38	0
13	76	0
88	70	0
17	68	0
49	3	0
12	78	0
37	87	0
85	48	0
48	37	1
39	16	0
99	88	0
89	91	0
94	19	0
27	81	0
96	8	0
24	20	0
70	85	0
2	88	0
89	2	0
26	70	1
62	89	0
9	29	0
68	79	0
85	28	0
27	87	0
49	91	0
76	31	0
32	90	0
41	88	0
19	9	0
94	11	0
81	28	0
52	80	0
86	29	0
64	49	0
70	34	0
6	98	0
78	0	1
51	85	0
79	0	0
92	63	0
7	65	1
64	88	0
1	74	0
40	91	0
98	58	0
80	27	0
65	14	0
64	45	0
6	65	1
37	8	0
72	68	0
60	29	1
0	93	0
98	31	0
44	71	0
81	62	0
80	1	0
66	87	0
67	85	0
5	31	0
65	71	0
92	76	0
66	43	0
13	94	0
66	37	0
69	3	1
90	60	0
90	32	0
98	42	0
18	51	0
52	65	1
9	26	0
46	31	1
85	65	0
57	76	0
58	63	0
45	44	1
57	65	0
51	55	1
43	94	0
78	35	0
59	73	0
61	76	0
96	55	0
27	14	0
46	42	1
21	14	0
26	73	0
77	48	0
99	5	0
28	97	0
24	41	0
63	70	0
61	74	0
50	73	0
48	9	0
45	93	0
79	87	0
90	54	0
20	95	0
88	77	0
8	76	0
54	62	0
10	41	0
72	76	0
98	72	0
47	69	0
73	46	0
54	68	1
62	6	1
98	34	0
30	92	0
60	81	0
24	32	0
45	79	0
40	24	0
90	95	0
31	84	0
96	8	0
29	78	1
91	38	0
54	96	0
74	76	0
67	66	0
28	39	0
9	65	0
70	8	0
69	94	0
92	60	0
48	90	0
63	82	0
79	17	0
56	72	0
31	82	0
51	87	0
23	16	0
59	23	1
81	56	0
64	42	0
69	60	0
78	30	0
20	96	0
60	60	0
86	42	0
71	35	0
55	19	0
95	28	0
75	80	0
77	96	0
72	64	0
99	24	0
99	18	0
86	82	0
32	90	0
64	86	0
50	96	0
85	38	0
18	98	0
90	23	0
25	51	0
19	89	0
31	99	0
81	80	0
77	67	0
98	58	0
91	59	0
22	84	0
51	82	0
73	12	0
80	52	0
48	5	0
46	34	0
78	39	0
26	66	0
41	51	1
25	74	0
77	86	0
85	57	0
54	72	0
97	1	0
90	39	0
96	43	0
69	58	0
71	86	0
47	62	0
67	18	0
7	92	0
27	66	1
0	91	0
84	65	0
83	71	0
86	13	0
93	85	0
18	4	0
32	99	0
55	99	0
41	26	0
86	13	0
94	1	0
96	27	0
72	30	0
70	53	0
11	4	0
29	98	0
17	76	0
46	88	0
42	74	0
87	45	0
54	87	0
53	55	1
99	83	0
64	37	0
82	88	0
85	19	0
15	6	0
41	1	0
34	23	0
96	44	0
79	10	0
17	49	0
18	23	0
54	36	1
88	81	0
96	61	0
73	32	0
94	9	0
65	6	0
78	13	0
36	15	0
10	69	0
89	91	0
39	88	0
5	97	0
30	43	0
49	45	1
73	48	0
67	59	0
78	75	0
80	74	0
79	25	0
74	83	0
73	3	1
98	48	0
79	56	0
60	53	0
98	67	0
72	15	0
93	21	0
21	47	0
71	97	0
54	68	0
94	24	0
16	84	0
94	44	0
71	91	0
91	29	0
64	16	0
28	57	1
51	43	0
60	85	0
66	28	1
73	80	0
24	93	0
92	86	0
3	85	0
91	3	0
87	20	0
52	70	0
36	62	1
66	50	0
15	98	0
76	34	0
98	60	0
46	41	1
33	84	0
33	8	0
49	87	0
38	84	0
48	76	0
8	63	0
6	23	0
66	1	1
85	38	0
99	10	0
80	98	0
25	31	0
66	12	0
62	37	0
68	86	0
2	19	0
44	86	0
78	40	0
28	87	0
78	5	0
56	16	1
87	12	0
88	52	0
13	86	0
74	16	0
91	97	0
34	99	0
78	66	0
7	35	0
61	97	0
59	41	0
16	71	0
60	27	0
94	48	0
73	47	0
71	58	0
20	43	0
95	57	0
22	96	0
90	54	0
19	92	0
81	79	0
36	21	0
71	71	0
60	88	0
58	95	0
75	54	0
87	8	0
7	77	0
80	46	0
23	96	0
49	64	1
88	31	0
34	62	1
88	51	0
74	22	0
72	72	0
47	93	0
58	94	0
32	99	0
95	78	0
81	78	0
74	7	1
20	4	0
49	45	1
42	60	1
2	81	0
81	86	0
66	80	0
72	48	0
66	23	0
39	65	1
42	76	0
81	49	0
99	9	0
22	68	0
80	6	0
54	71	0
31	38	1
85	87	0
32	78	1
53	91	0
69	25	0
86	11	0
68	86	0
27	97	0
88	12	0
85	8	0
73	26	0
16	56	0
13	88	0
13	86	0
74	89	0
87	98	0
61	56	0
77	95	0
80	61	0
73	62	0
12	92	0
7	73	0
38	25	0
6	16	0
32	38	0
28	47	1
96	32	0
87	42	0
73	54	0
57	55	1
45	21	0
89	77	0
60	74	0
86	51	0
34	88	0
81	58	0
24	11	0
95	44	0
55	95	0
33	44	0
30	98	0
70	97	0
85	68	0
26	83	0
57	23	1
10	68	0
38	74	0
65	61	0
56	75	0
56	89	0
13	50	0
71	60	0
82	45	0
88	64	0
40	73	0
68	95	0
48	28	1
93	17	0
64	48	0
85	12	0
10	83	0
48	97	0
81	77	0
73	69	0
8	91	0
10	73	0
79	88	0
33	28	0
6	87	0
66	96	0
65	69	0
86	74	0
11	92	0
79	45	0
16	11	0
49	96	0
9	94	0
1	17	0
86	56	0
86	19	0
78	32	0
71	17	0
8	16	0
17	53	0
81	29	0
4	68	0
65	73	0
27	83	0
68	56	0
82	94	0
73	40	0
71	82	0
69	52	0
66	82	0
9	69	0
44	53	1
27	81	0
64	60	0
59	43	0
95	38	0
97	97	0
78	88	0
44	58	1
71	49	0
62	56	0
70	1	1
64	86	0
96	78	0
96	1	0
60	79	0
3	92	0
61	31	0
64	20	0
75	16	0
24	74	0
72	22	0
87	19	0
31	53	1
33	30	0
51	99	0
68	69	0
48	84	0
73	94	0
84	55	0
83	37	0
89	69	0
79	99	0
98	41	0
25	66	1
96	90	0
45	85	0
68	82	0
89	46	0
46	90	0
81	83	0
84	50	0
82	28	0
2	69	0
52	72	0
72	17	0
65	34	0
85	82	0
64	50	0
11	88	0
22	94	0
74	38	0
81	31	0
96	57	0
94	2	0
76	94	0
54	34	1
34	73	1
92	18	0
71	42	0
13	75	0
18	98	0
21	78	0
9	93	0
63	48	0
41	31	0
35	69	0
63	84	0
66	13	0
21	84	0
87	52	0
22	22	0
15	71	0
73	61	0
60	58	0
90	55	0
82	61	0
74	64	0
59	55	1
76	56	0
1	29	0
90	88	0
58	55	0
45	86	0
4	73	0
26	84	0
31	51	1
93	19	0
54	96	0
12	95	0
98	51	0
75	18	0
17	12	0
30	22	0
70	4	0
16	68	0
80	59	0
88	38	0
15	1	0
68	11	0
42	87	0
95	79	0
15	14	0
50	83	0
82	37	0
97	78	0
57	69	0
66	82	0
14	41	0
92	38	0
95	74	0
15	81	0
22	76	0
18	87	0
72	4	1
7	95	0
29	45	1
61	39	0
94	17	0
5	23	0
86	33	0
88	14	0
41	25	0
18	89	0
46	83	0
15	72	0
27	31	0
14	71	0
21	92	0
65	64	0
92	48	0
73	94	0
49	41	1
60	70	0
51	69	1
21	97	0
83	42	0
2	2	0
81	62	0
52	46	0
98	28	0
80	30	0
72	32	0
55	99	0
42	38	1
57	43	0
56	7	0
34	96	0
44	56	1
95	37	0
62	98	0
72	51	0
83	46	0
49	90	0
33	83	0
95	25	0
70	9	1
95	99	0
77	84	0
55	83	0
88	12	0
81	70	0
24	80	0
71	27	0
23	96	0
95	58	0
88	85	0
86	9	0
96	94	0
80	19	0
86	59	0
61	20	1
11	88	0
69	92	0
64	79	0
4	24	0
9	96	0
11	72	0
45	43	1
78	28	0
18	98	0
57	94	0
90	46	0
15	73	0
75	43	0
30	90	0
78	47	0
78	55	0
80	44	0
80	34	0
51	67	1
1	86	0
3	2	0
72	73	0
11	58	0
26	6	0
4	93	0
29	72	0
94	47	0
80	90	0
92	59	0
98	82	0
79	42	0
4	82	0
51	60	1
85	37	0
84	28	0
