92	67	0
26	14	0
59	97	0
5	0	0
97	48	0
99	93	0
40	74	0
66	47	0
0	90	0
6	11	0
10	92	0
93	43	0
61	81	0
30	32	0
93	84	0
93	34	0
46	98	0
38	74	0
74	72	0
50	14	0
31	78	1
83	68	0
94	79	0
80	95	0
4	28	0
38	35	1
86	19	0
75	65	0
7	70	0
33	93	0
84	17	0
69	90	0
52	73	0
78	75	0
99	53	0
58	57	1
99	38	0
15	75	0
87	71	0
18	69	0
49	3	0
12	77	0
37	89	0
84	46	0
47	37	1
39	15	0
98	89	0
90	93	0
94	17	0
27	82	0
94	9	0
25	19	0
70	83	0
1	88	0
88	2	0
63	89	0
10	29	0
69	80	0
86	29	0
27	87	0
50	91	0
78	30	0
33	91	0
40	89	0
19	10	0
94	12	0
80	28	0
52	80	0
86	27	0
64	49	0
70	35	0
5	97	0
78	0	1
50	84	0
81	1	0
91	61	0
6	65	1
63	89	0
1	74	0
39	91	0
98	60	0
79	26	0
65	14	0
63	43	0
8	65	1
36	9	0
73	67	0
1	92	0
99	30	0
43	72	0
81	62	0
81	2	0
67	86	0
67	86	0
4	32	0
64	71	0
92	74	0
67	43	0
13	93	0
67	36	0
69	4	1
90	60	0
90	32	0
96	41	0
18	51	0
52	67	1
8	26	0
46	30	1
85	64	0
59	76	0
58	63	0
45	42	1
57	66	0
50	55	1
43	94	0
77	34	0
60	73	0
61	78	0
96	55	0
28	13	0
46	41	1
21	13	0
27	75	0
77	49	0
99	4	0
27	98	0
23	41	0
63	70	0
63	73	0
52	72	0
49	10	0
45	92	0
80	87	0
90	53	0
21	96	0
88	77	0
8	75	0
55	62	0
11	42	0
72	75	0
99	71	0
47	70	0
72	46	0
54	68	1
61	6	1
97	33	0
31	92	0
59	80	0
24	31	0
44	79	0
41	22	0
89	95	0
30	84	0
94	8	0
30	78	1
90	38	0
56	96	0
74	77	0
67	67	0
27	38	0
9	66	0
71	8	0
68	94	0
91	61	0
48	89	0
64	82	0
79	17	0
56	71	0
32	82	0
51	88	0
22	17	0
59	24	1
81	56	0
65	41	0
70	61	0
80	30	0
20	97	0
62	61	0
85	43	0
73	33	0
56	20	0
94	29	0
73	82	0
76	97	0
73	63	0
98	24	0
99	17	0
86	83	0
33	91	0
62	85	0
50	95	0
86	36	0
19	97	0
91	23	0
26	51	0
19	90	0
31	98	0
81	79	0
77	68	0
97	57	0
92	58	0
24	83	0
51	81	0
73	11	0
79	51	0
49	3	0
45	35	0
80	38	0
25	65	1
42	51	1
25	74	0
77	88	0
84	58	0
52	70	0
97	2	0
90	39	0
96	42	0
69	58	0
69	85	0
47	63	0
68	16	0
7	92	0
25	67	1
0	92	0
86	66	0
83	72	0
86	12	0
94	85	0
18	3	0
32	98	0
56	99	0
41	26	0
87	14	0
93	0	0
96	27	0
72	29	0
70	52	0
10	5	0
28	99	0
16	74	0
46	87	0
44	75	0
87	43	0
53	87	0
53	56	1
99	83	0
64	37	0
83	89	0
86	20	0
15	5	0
39	2	0
34	25	0
98	42	0
80	10	0
15	50	0
18	23	0
54	37	1
87	82	0
96	62	0
73	30	0
95	9	0
65	4	0
77	13	0
37	13	0
10	68	0
89	92	0
40	88	0
6	97	0
30	42	0
47	44	1
72	48	0
68	59	0
77	75	0
79	73	0
79	26	0
72	84	0
71	1	1
97	47	0
78	57	0
61	55	0
97	67	0
73	16	0
93	20	0
21	48	0
70	97	0
53	68	1
94	24	0
18	83	0
94	43	0
71	90	0
90	27	0
63	17	0
28	57	1
52	43	0
59	86	0
64	27	1
72	79	0
25	91	0
93	87	0
3	86	0
89	4	0
87	19	0
52	69	0
36	62	1
66	50	0
14	98	0
76	34	0
97	61	0
46	41	1
31	83	0
34	9	0
49	86	0
39	84	0
47	76	0
8	65	1
6	24	0
65	0	1
85	36	0
99	9	0
79	97	0
23	31	0
66	11	0
63	39	0
69	85	0
4	19	0
44	85	0
77	42	0
29	86	0
77	5	0
57	17	1
87	14	0
88	52	0
13	85	0
73	15	0
92	97	0
35	99	0
78	66	0
8	34	0
60	98	0
59	42	0
16	69	0
59	26	0
93	48	0
73	46	0
72	57	0
18	45	0
94	55	0
22	96	0
89	53	0
20	91	0
80	79	0
36	21	0
71	70	0
59	88	0
59	94	0
75	54	0
87	6	0
8	78	0
79	46	0
24	96	0
51	63	1
87	31	0
35	61	1
88	52	0
73	22	0
72	71	0
47	92	0
58	96	0
32	98	0
96	76	0
81	79	0
72	7	1
21	3	0
50	46	1
42	59	1
2	80	0
79	87	0
65	79	0
72	49	0
66	25	0
39	64	1
43	76	0
81	49	0
99	9	0
22	68	0
81	5	0
56	70	0
33	38	1
86	87	0
34	78	1
54	90	0
68	25	0
85	12	0
68	84	0
27	97	0
88	10	0
86	7	0
71	26	0
15	55	0
12	87	0
13	86	0
75	90	0
88	97	0
61	56	0
78	94	0
80	61	0
73	60	0
12	92	0
8	74	0
38	27	0
5	17	0
33	38	0
28	48	1
96	31	0
88	41	0
72	54	0
58	54	1
46	21	0
89	77	0
61	74	0
87	52	0
32	87	0
80	60	0
23	9	0
94	42	0
56	96	0
32	44	0
30	99	0
71	99	0
85	69	0
25	82	0
56	25	1
10	69	0
40	74	0
65	59	0
56	75	0
56	88	0
13	49	0
72	59	0
82	45	0
88	63	0
41	74	0
69	93	0
49	28	1
94	16	0
63	48	0
85	12	0
11	83	0
48	98	0
81	77	0
73	71	0
9	91	0
11	75	0
79	88	0
34	29	0
6	86	0
66	95	0
64	69	0
85	75	0
11	91	0
78	47	0
15	10	0
49	97	0
9	93	0
3	17	0
87	57	0
86	19	0
78	33	0
73	17	0
9	15	0
16	52	0
82	29	0
2	66	0
65	74	0
27	84	0
68	55	0
84	93	0
75	39	0
70	82	0
69	51	0
67	83	0
9	70	0
42	53	1
27	82	0
65	61	0
60	43	0
97	37	0
96	96	0
77	88	0
44	58	1
71	50	0
63	56	0
70	0	1
66	88	0
97	80	0
98	0	0
60	81	0
1	91	0
63	30	0
63	21	0
73	16	0
23	73	0
71	23	0
87	18	0
30	54	1
33	32	0
52	99	0
67	69	0
47	85	0
72	93	0
84	56	0
82	36	0
88	69	0
79	99	0
99	41	0
25	67	1
94	91	0
46	86	0
69	80	0
89	45	0
46	91	0
81	85	0
82	49	0
83	27	0
2	70	0
52	72	0
74	18	0
63	35	0
85	81	0
63	50	0
12	87	0
22	95	0
75	38	0
81	32	0
97	57	0
94	2	0
76	94	0
54	35	1
92	16	0
70	40	0
13	75	0
17	98	0
22	77	0
8	93	0
64	50	0
42	29	0
37	68	0
64	83	0
65	13	0
20	84	0
87	52	0
22	22	0
15	70	0
72	59	0
60	57	0
90	55	0
82	63	0
73	63	0
60	54	1
76	55	0
0	29	0
90	88	0
58	53	0
45	86	0
3	72	0
27	85	0
33	51	1
95	18	0
54	96	0
12	94	0
98	50	0
74	17	0
17	12	0
30	23	0
71	6	0
16	68	0
80	59	0
88	38	0
13	1	0
67	11	0
41	86	0
94	79	0
15	13	0
48	83	0
82	39	0
98	80	0
56	69	0
66	82	0
16	43	0
92	39	0
94	74	0
15	80	0
22	76	0
19	87	0
71	4	1
8	95	0
29	46	1
60	39	0
95	18	0
5	22	0
86	33	0
89	14	0
39	26	0
17	90	0
45	83	0
15	72	0
26	30	0
14	70	0
21	92	0
63	64	0
90	48	0
73	92	0
49	40	1
59	69	0
49	70	1
20	99	0
84	42	0
3	1	0
82	60	0
53	47	0
99	29	0
80	30	0
73	32	0
55	99	0
42	38	1
57	45	0
57	8	0
35	97	0
44	54	1
95	36	0
60	99	0
72	52	0
84	46	0
50	90	0
34	84	0
94	25	0
71	8	1
95	97	0
76	84	0
55	81	0
86	12	0
80	69	0
24	79	0
70	26	0
24	97	0
96	57	0
86	86	0
86	9	0
98	94	0
82	19	0
86	59	0
62	21	1
12	90	0
68	91	0
64	79	0
4	23	0
10	96	0
9	74	0
79	29	0
18	99	0
56	93	0
90	46	0
15	72	0
75	44	0
28	88	0
78	48	0
78	55	0
80	45	0
79	34	0
50	66	1
1	87	0
3	2	0
71	73	0
11	58	0
25	6	0
5	93	0
29	72	0
95	46	0
80	91	0
92	57	0
99	81	0
79	40	0
3	82	0
52	59	1
87	37	0
85	29	0
