92	64	0
50	16	0
43	21	0
46	89	0
1	42	0
88	32	0
95	79	0
11	4	0
45	14	0
67	90	0
46	38	0
76	45	0
4	90	0
26	7	0
18	56	0
97	5	0
86	80	0
67	29	0
30	65	0
96	62	0
98	4	0
38	75	0
69	78	0
80	84	0
75	1	0
23	93	0
59	16	0
75	75	0
69	91	0
97	57	0
0	42	0
32	32	0
44	21	0
81	20	0
46	52	0
86	74	0
6	92	0
66	69	0
93	15	0
86	96	0
44	15	0
26	57	0
68	53	0
98	62	0
60	87	0
92	51	0
21	97	0
33	45	0
59	13	0
91	45	0
24	63	0
57	8	0
32	85	0
60	93	0
31	67	0
96	72	0
56	19	0
40	59	0
87	72	0
98	95	0
80	10	0
22	95	0
90	3	0
51	11	0
93	66	0
40	25	0
15	87	0
93	6	0
32	81	0
89	71	0
61	52	0
23	31	0
95	78	0
22	41	0
25	50	0
92	36	0
25	14	0
15	41	0
39	83	0
61	97	0
72	24	0
42	95	0
70	93	0
6	6	0
16	28	0
94	14	0
93	16	0
48	50	0
85	40	0
21	32	0
76	50	0
47	48	0
27	10	0
32	2	0
71	51	0
23	83	0
55	2	0
46	83	0
38	0	0
34	29	0
85	42	0
51	63	0
56	48	0
21	78	0
70	73	0
0	83	0
50	92	0
84	48	0
70	19	0
53	79	0
2	54	0
64	9	0
52	70	0
5	80	0
50	0	0
27	56	0
19	30	0
94	80	0
10	29	1
42	26	0
2	1	0
37	96	0
88	2	0
60	64	0
13	38	0
77	77	0
95	17	0
66	66	0
52	86	0
31	20	0
59	97	0
17	15	0
72	80	0
65	50	0
27	93	0
76	31	0
39	33	0
21	24	0
73	8	0
11	6	0
1	76	0
13	13	0
94	78	0
92	8	0
86	39	0
50	58	0
64	8	0
87	89	0
5	2	0
38	18	0
12	10	0
82	78	0
37	40	0
90	75	0
82	81	0
56	28	0
57	36	0
74	57	0
4	48	0
28	75	0
16	58	0
86	76	0
45	60	0
34	96	0
85	44	0
74	70	0
61	84	0
20	36	0
94	78	0
4	49	0
31	34	0
20	22	0
24	75	0
28	70	0
97	22	0
47	32	0
76	7	0
43	81	0
68	21	0
55	33	0
79	73	0
22	49	0
68	59	0
37	96	0
31	65	0
27	4	0
68	22	0
19	95	0
6	88	0
64	83	0
85	47	0
20	86	0
23	44	0
81	71	0
22	51	0
34	74	0
35	88	0
53	41	0
31	1	0
18	44	0
77	90	0
93	86	0
63	94	0
69	16	0
8	55	0
62	8	0
58	23	0
59	28	0
80	20	0
30	62	0
3	73	0
49	69	0
63	37	0
32	68	0
86	23	0
59	86	0
35	74	0
21	14	0
86	79	0
31	75	0
45	0	0
3	87	0
82	19	0
95	73	0
76	86	0
85	26	0
2	80	0
23	84	0
97	48	0
60	69	0
34	46	0
43	77	0
72	68	0
50	57	0
12	81	0
35	66	0
65	4	0
10	59	0
66	96	0
71	40	0
28	83	0
90	65	0
42	10	0
41	60	0
7	70	0
38	92	0
57	29	0
73	18	0
17	39	0
90	62	0
65	42	0
81	49	0
12	91	0
58	14	0
20	79	0
65	69	0
61	56	0
68	58	0
58	2	0
24	14	0
8	55	0
76	50	0
53	10	0
67	55	0
47	86	0
64	52	0
92	28	0
97	9	0
16	62	0
84	67	0
22	90	0
13	14	1
96	55	0
39	95	0
49	36	0
49	2	0
12	97	0
75	39	0
44	56	0
37	77	0
42	5	0
18	83	0
81	81	0
83	77	0
60	34	0
88	71	0
14	89	0
40	44	0
67	2	0
73	21	0
29	25	0
54	5	0
61	14	0
54	37	0
67	37	0
27	49	0
21	49	0
55	49	0
72	73	0
87	82	0
46	96	0
75	15	0
97	57	0
72	8	0
13	55	0
22	12	0
89	39	0
54	32	0
73	75	0
14	46	0
49	62	0
60	23	0
30	96	0
29	89	0
39	76	0
95	49	0
45	24	0
48	1	0
29	44	0
89	55	0
72	6	0
65	95	0
26	4	0
70	92	0
7	79	0
45	77	0
31	25	0
3	51	0
15	15	1
84	11	0
19	33	0
80	18	0
41	4	0
11	4	0
83	13	0
27	65	0
24	46	0
88	29	0
90	49	0
13	37	0
23	37	0
5	53	0
32	90	0
12	75	0
2	11	0
35	94	0
51	68	0
46	20	0
10	16	1
56	31	0
43	84	0
38	70	0
88	98	0
32	31	0
17	56	0
37	46	0
54	69	0
75	98	0
43	12	0
68	0	0
28	11	0
45	7	0
58	0	0
19	56	0
76	59	0
64	0	0
26	46	0
61	4	0
55	58	0
48	54	0
35	58	0
80	80	0
69	52	0
19	69	0
53	38	0
19	17	0
98	8	0
42	2	0
62	22	0
55	30	0
18	42	0
9	73	0
62	71	0
11	81	0
35	99	0
26	87	0
40	22	0
41	39	0
87	64	0
56	37	0
7	70	0
76	82	0
64	85	0
30	33	0
68	20	0
72	90	0
68	8	0
97	61	0
76	43	0
40	21	0
34	42	0
38	39	0
88	77	0
15	20	0
70	20	0
83	6	0
9	53	0
33	85	0
77	74	0
80	0	0
2	67	0
91	46	0
58	96	0
10	14	0
68	3	0
58	61	0
37	59	0
57	49	0
22	36	0
48	40	0
74	82	0
65	51	0
41	30	0
70	73	0
23	46	0
24	79	0
78	88	0
45	14	0
2	80	0
74	18	0
85	22	0
71	45	0
18	62	0
67	17	0
20	27	0
56	44	0
12	94	0
69	48	0
54	9	0
88	51	0
41	24	0
28	76	0
44	0	0
79	37	0
6	1	0
62	93	0
7	90	0
28	37	0
51	74	0
55	31	0
9	95	0
12	48	0
17	38	0
55	18	0
95	35	0
76	20	0
87	99	0
33	62	0
18	24	0
40	18	0
43	29	0
91	13	0
56	60	0
82	78	0
31	34	0
62	95	0
74	57	0
39	78	0
77	1	0
72	42	0
80	15	0
66	19	0
43	25	0
30	32	0
97	5	0
64	23	0
5	73	0
98	8	0
96	85	0
6	93	0
8	30	1
92	67	0
44	48	0
36	2	0
92	86	0
82	59	0
22	98	0
68	28	0
74	39	0
90	62	0
10	20	1
84	71	0
32	80	0
77	79	0
29	99	0
92	71	0
32	46	0
23	86	0
97	85	0
31	31	0
31	36	0
69	71	0
69	97	0
50	75	0
14	12	1
47	80	0
62	62	0
38	57	0
33	72	0
88	20	0
13	94	0
82	49	0
25	75	0
38	60	0
48	82	0
88	30	0
30	32	0
22	50	0
4	17	0
63	39	0
98	69	0
58	22	0
79	91	0
71	94	0
31	40	0
49	16	0
27	46	0
19	77	0
35	29	0
54	68	0
69	94	0
32	29	0
75	83	0
51	33	0
40	11	0
69	39	0
23	76	0
47	13	0
6	59	0
96	83	0
59	99	0
44	56	0
75	11	0
47	69	0
48	56	0
94	57	0
91	3	0
2	69	0
75	6	0
84	80	0
67	28	0
34	0	0
28	68	0
78	77	0
34	86	0
54	77	0
86	16	0
14	78	0
58	16	0
56	73	0
63	96	0
32	93	0
96	10	0
92	17	0
68	8	0
42	91	0
11	89	0
0	90	0
76	57	0
74	65	0
82	63	0
12	44	0
83	49	0
64	50	0
8	20	0
79	69	0
66	61	0
16	45	0
15	66	0
41	27	0
40	39	0
11	57	0
59	57	0
46	47	0
97	44	0
77	32	0
79	4	0
77	36	0
44	90	0
19	18	0
24	47	0
71	43	0
99	86	0
71	74	0
99	74	0
22	48	0
56	77	0
57	47	0
28	63	0
84	42	0
7	29	1
22	63	0
40	23	0
81	64	0
70	97	0
51	55	0
26	58	0
36	5	0
85	68	0
23	76	0
51	29	0
87	79	0
90	77	0
18	89	0
45	58	0
13	77	0
77	78	0
40	57	0
52	62	0
38	83	0
71	71	0
31	30	0
19	65	0
93	78	0
76	59	0
99	63	0
34	82	0
57	80	0
70	30	0
26	24	0
89	27	0
40	31	0
99	0	0
18	83	0
22	22	0
2	18	0
37	99	0
88	68	0
20	41	0
93	60	0
15	96	0
17	65	0
32	0	0
95	89	0
24	27	0
0	84	0
72	99	0
40	61	0
79	67	0
23	79	0
92	23	0
25	25	0
31	80	0
28	77	0
39	15	0
23	41	0
11	34	0
98	70	0
88	14	0
51	12	0
72	9	0
89	47	0
26	7	0
44	28	0
97	37	0
9	55	0
47	88	0
11	55	0
18	78	0
74	56	0
48	94	0
66	52	0
75	82	0
36	26	0
91	69	0
33	65	0
90	44	0
10	77	0
68	42	0
28	69	0
70	31	0
4	27	1
61	37	0
89	82	0
85	89	0
85	94	0
29	83	0
21	44	0
45	51	0
48	64	0
39	29	0
23	10	0
39	64	0
8	46	0
65	1	0
75	86	0
90	53	0
97	8	0
12	51	0
5	2	0
81	95	0
5	84	0
51	19	0
56	34	0
75	12	0
21	0	0
50	15	0
19	40	0
4	34	1
55	14	0
55	5	0
3	26	1
30	82	0
54	19	0
30	98	0
78	0	0
31	44	0
49	63	0
66	16	0
91	60	0
63	72	0
44	62	0
52	97	0
83	89	0
14	13	0
95	58	0
16	63	0
85	69	0
57	84	0
14	34	0
14	60	0
98	46	0
28	81	0
93	95	0
65	85	0
44	12	0
43	60	0
73	54	0
43	89	0
81	51	0
96	76	0
76	26	0
10	62	0
5	66	0
81	94	0
70	36	0
57	64	0
58	6	0
20	20	0
69	68	0
33	38	0
15	62	0
33	49	0
51	49	0
34	12	0
60	31	0
5	89	0
25	44	0
13	59	0
5	60	0
82	58	0
27	21	0
65	20	0
93	25	0
81	0	0
57	66	0
2	68	0
60	26	0
36	34	0
13	16	1
15	18	0
76	71	0
70	20	0
39	44	0
49	77	0
54	83	0
15	95	0
20	62	0
49	85	0
29	41	0
79	95	0
51	41	0
31	79	0
14	8	0
57	23	0
8	47	0
60	51	0
72	14	0
30	74	0
84	62	0
56	52	0
51	45	0
42	23	0
0	67	0
75	66	0
73	50	0
41	33	0
75	61	0
74	72	0
74	43	0
59	12	0
90	76	0
84	24	0
4	73	0
68	70	0
7	28	1
10	28	1
27	3	0
47	27	0
7	0	0
12	52	0
15	80	0
34	92	0
28	46	0
98	32	0
9	49	0
57	98	0
17	85	0
99	65	0
47	62	0
4	21	1
82	42	0
24	0	0
59	23	0
54	8	0
13	3	0
27	84	0
50	61	0
85	74	0
65	43	0
17	8	0
26	30	0
56	9	0
8	23	1
2	75	0
73	2	0
40	69	0
56	29	0
69	98	0
10	38	0
9	90	0
90	51	0
25	19	0
89	75	0
63	56	0
66	38	0
45	31	0
95	27	0
87	63	0
12	59	0
4	93	0
31	53	0
1	88	0
6	92	0
91	22	0
31	49	0
0	97	0
54	8	0
67	4	0
44	49	0
23	19	0
66	43	0
39	23	0
17	78	0
23	35	0
56	6	0
8	38	0
94	52	0
92	3	0
57	52	0
36	2	0
43	26	0
11	93	0
56	75	0
32	65	0
13	3	0
37	22	0
9	85	0
0	77	0
67	51	0
90	43	0
53	37	0
14	80	0
23	33	0
92	82	0
68	27	0
45	78	0
62	94	0
20	12	0
6	88	0
68	16	0
56	76	0
34	39	0
93	69	0
30	75	0
93	25	0
86	16	0
99	14	0
82	86	0
44	57	0
16	84	0
80	13	0
38	6	0
68	81	0
67	73	0
19	42	0
68	45	0
63	78	0
81	19	0
94	46	0
10	66	0
60	45	0
27	31	0
91	26	0
61	42	0
69	15	0
91	93	0
78	70	0
52	69	0
77	36	0
57	71	0
3	93	0
35	3	0
7	94	0
18	77	0
67	64	0
73	95	0
85	12	0
95	95	0
78	0	0
7	6	0
91	73	0
68	7	0
97	34	0
74	60	0
51	46	0
16	64	0
66	92	0
60	73	0
2	44	0
7	44	0
37	96	0
0	80	0
59	6	0
38	47	0
13	67	0
40	34	0
15	23	1
4	43	0
98	55	0
54	32	0
4	45	0
25	89	0
78	62	0
1	6	0
89	88	0
20	82	0
64	51	0
41	54	0
89	41	0
61	39	0
1	7	0
12	9	0
3	52	0
24	57	0
96	76	0
60	48	0
95	69	0
11	55	0
77	58	0
19	80	0
1	3	0
73	81	0
1	15	1
29	71	0
39	8	0
30	22	0
5	74	0
32	94	0
5	3	0
77	36	0
57	61	0
81	64	0
83	83	0
42	87	0
32	26	0
2	64	0
10	10	0
36	70	0
48	48	0
52	52	0
83	14	0
