99	64	0
49	17	0
41	19	0
39	89	0
2	42	0
91	29	0
91	77	0
7	2	0
45	15	0
72	92	0
43	37	0
81	44	0
0	89	0
24	3	0
16	60	0
96	5	0
89	78	0
67	29	0
30	61	0
96	64	0
98	3	0
42	72	0
80	81	0
79	83	0
70	0	0
29	92	0
56	13	0
81	80	0
69	90	0
96	53	0
2	40	0
25	30	0
47	27	0
81	21	0
39	47	0
96	78	0
10	95	0
72	72	0
88	15	0
83	97	0
42	11	0
23	54	0
68	54	0
98	55	0
58	82	0
95	51	0
15	98	0
34	43	0
57	16	0
88	42	0
22	64	0
62	10	0
32	89	0
54	88	0
24	70	0
96	68	0
53	21	0
35	55	0
87	70	0
99	98	0
85	13	0
23	98	0
89	6	0
53	13	0
92	68	0
39	36	0
12	84	0
86	9	0
34	84	0
85	74	0
58	52	0
20	30	0
87	79	0
29	39	0
22	50	0
89	37	0
20	20	1
17	34	0
39	82	0
64	91	0
71	27	0
43	95	0
64	99	0
2	11	0
15	26	0
94	16	0
96	17	0
40	54	0
80	40	0
22	29	0
76	49	0
40	52	0
32	12	0
34	0	0
69	49	0
21	81	0
57	5	0
46	80	0
41	3	0
36	27	0
86	43	0
47	63	0
64	48	0
19	76	0
65	77	0
8	75	0
51	80	0
88	47	0
70	14	0
54	79	0
5	46	0
62	9	0
52	71	0
15	72	0
41	0	0
21	56	0
19	32	0
92	82	0
44	36	0
2	5	0
33	97	0
82	0	0
67	64	0
20	35	0
78	83	0
93	17	0
64	71	0
57	89	0
33	17	0
61	95	0
22	17	0
67	81	0
61	50	0
33	97	0
78	26	0
37	33	0
17	33	0
77	2	0
12	11	1
4	74	0
16	14	1
96	71	0
85	10	0
86	38	0
45	59	0
62	6	0
79	98	0
5	4	0
38	12	0
11	14	1
86	80	0
36	34	0
91	68	0
81	83	0
59	24	0
52	39	0
74	52	0
3	51	0
23	80	0
8	58	0
81	78	0
53	66	0
39	95	0
83	48	0
69	75	0
56	82	0
20	39	0
90	82	0
6	43	0
32	35	0
23	20	0
23	72	0
32	77	0
98	23	0
45	35	0
76	11	0
39	81	0
71	22	0
61	27	0
75	77	0
20	48	0
62	61	0
32	98	0
33	63	0
36	5	0
66	16	0
28	91	0
10	86	0
74	83	0
87	52	0
21	87	0
29	36	0
83	72	0
24	53	0
34	77	0
33	99	0
49	43	0
33	4	0
16	44	0
79	90	0
90	91	0
60	94	0
74	14	0
5	60	0
59	5	0
59	16	0
65	22	0
85	23	0
27	57	0
4	71	0
52	62	0
67	38	0
32	72	0
90	19	0
60	89	0
31	67	0
27	16	0
81	74	0
36	72	0
42	3	0
1	87	0
86	19	0
99	77	0
83	92	0
86	21	0
2	80	0
21	79	0
98	48	0
56	72	0
36	48	0
42	80	0
60	71	0
58	52	0
9	83	0
34	67	0
64	13	0
7	60	0
66	99	0
68	41	0
33	87	0
90	60	0
40	11	0
43	59	0
7	77	0
37	91	0
60	31	0
71	21	0
11	35	0
90	61	0
66	47	0
80	51	0
16	88	0
60	6	0
18	81	0
62	71	0
58	49	0
70	62	0
56	0	0
22	9	0
7	59	0
79	47	0
49	11	0
68	56	0
51	80	0
60	53	0
89	29	0
94	17	0
7	62	0
87	69	0
23	94	0
14	16	1
92	55	0
37	95	0
55	35	0
45	0	0
14	96	0
80	36	0
43	59	0
36	75	0
51	3	0
21	91	0
78	78	0
83	89	0
57	31	0
92	72	0
12	89	0
38	47	0
63	5	0
60	20	0
30	28	0
49	0	0
58	11	0
53	44	0
69	37	0
29	49	0
25	48	0
53	54	0
68	71	0
86	75	0
54	90	0
72	11	0
99	54	0
76	3	0
8	56	0
26	10	0
90	39	0
52	27	0
72	76	0
9	42	0
53	65	0
61	26	0
27	97	0
32	88	0
37	73	0
89	52	0
43	29	0
47	0	0
24	47	0
91	52	0
70	11	0
71	95	0
19	5	0
70	96	0
8	77	0
45	86	0
33	31	0
0	55	0
9	12	1
82	9	0
22	30	0
79	16	0
38	11	0
6	1	0
84	14	0
30	55	0
15	43	0
89	28	0
97	55	0
8	31	0
25	35	0
5	57	0
37	89	0
13	75	0
2	2	0
44	98	0
49	62	0
42	29	0
10	15	1
57	31	0
44	86	0
38	68	0
95	95	0
37	26	0
16	51	0
31	41	0
54	70	0
74	99	0
46	6	0
74	2	0
32	11	0
44	7	0
55	8	0
21	52	0
80	58	0
64	3	0
26	47	0
60	7	0
53	56	0
53	53	0
33	59	0
76	78	0
67	56	0
12	72	0
54	35	0
27	15	0
96	5	0
48	1	0
61	20	0
58	30	0
20	41	0
10	74	0
66	75	0
11	78	0
33	91	0
26	92	0
44	22	0
32	37	0
84	67	0
56	48	0
5	76	0
71	78	0
64	83	0
25	31	0
68	19	0
69	93	0
67	5	0
97	65	0
77	42	0
37	15	0
35	45	0
40	39	0
90	77	0
15	25	0
72	22	0
89	4	0
11	57	0
36	90	0
72	77	0
81	4	0
0	72	0
94	39	0
52	93	0
14	11	1
70	2	0
61	53	0
40	55	0
63	51	0
28	37	0
50	38	0
77	76	0
66	51	0
38	34	0
70	67	0
24	47	0
28	87	0
82	90	0
43	18	0
0	75	0
72	19	0
85	17	0
72	43	0
15	62	0
60	19	0
26	32	0
55	39	0
11	96	0
65	46	0
59	15	0
87	48	0
43	25	0
32	78	0
42	3	0
81	41	0
6	0	0
62	92	0
3	91	0
33	36	0
54	78	0
54	28	0
14	96	0
15	51	0
15	40	0
62	18	0
97	34	0
79	20	0
90	98	0
35	60	0
20	17	1
39	13	0
31	25	0
84	15	0
53	62	0
79	76	0
24	28	0
67	97	0
79	68	0
39	75	0
75	5	0
69	40	0
84	18	0
66	27	0
41	25	0
35	33	0
97	2	0
61	26	0
5	71	0
95	16	0
96	92	0
7	88	0
88	65	0
42	46	0
32	6	0
90	87	0
81	55	0
30	93	0
66	22	0
74	38	0
91	65	0
82	72	0
32	76	0
78	79	0
33	94	0
92	72	0
36	40	0
28	90	0
99	90	0
28	33	0
29	40	0
72	68	0
63	95	0
52	71	0
12	8	1
50	83	0
66	61	0
35	56	0
37	70	0
83	21	0
15	90	0
92	46	0
19	77	0
41	58	0
42	81	0
83	30	0
30	34	0
19	45	0
3	15	1
63	45	0
94	68	0
60	23	0
79	91	0
66	97	0
33	37	0
58	12	0
29	44	0
17	75	0
38	33	0
60	68	0
68	89	0
33	22	0
72	86	0
50	35	0
37	13	0
60	34	0
26	77	0
46	13	0
7	58	0
95	83	0
62	98	0
49	46	0
77	10	0
39	65	0
44	50	0
96	55	0
94	5	0
4	73	0
75	0	0
84	79	0
71	27	0
37	0	0
34	67	0
76	78	0
34	82	0
51	84	0
81	15	0
12	71	0
58	9	0
51	73	0
64	98	0
30	91	0
93	7	0
88	19	0
68	10	0
38	89	0
13	88	0
7	91	0
74	52	0
72	61	0
78	65	0
16	42	0
87	51	0
67	57	0
18	20	1
84	75	0
68	59	0
18	47	0
16	72	0
38	28	0
45	35	0
3	52	0
57	61	0
46	39	0
93	39	0
80	31	0
78	0	0
76	30	0
48	87	0
20	17	0
14	51	0
70	36	0
97	83	0
70	75	0
98	76	0
22	46	0
56	67	0
62	55	0
27	61	0
82	40	0
22	64	0
46	24	0
91	59	0
71	97	0
49	51	0
20	66	0
35	6	0
73	65	0
26	77	0
46	25	0
77	81	0
88	75	0
18	89	0
51	55	0
18	77	0
81	72	0
39	60	0
53	60	0
37	80	0
62	67	0
30	30	0
17	61	0
88	76	0
77	55	0
94	60	0
33	83	0
54	75	0
68	32	0
18	23	0
87	24	0
36	31	0
97	2	0
18	90	0
30	31	0
1	18	1
32	88	0
84	61	0
19	40	0
93	62	0
13	94	0
17	72	0
30	3	0
96	88	0
27	32	0
2	86	0
74	91	0
35	63	0
79	72	0
28	79	0
97	23	0
26	18	0
34	83	0
28	72	0
34	19	0
26	36	0
14	29	0
99	67	0
87	10	0
52	11	0
68	10	0
88	43	0
33	8	0
40	34	0
99	37	0
10	61	0
42	89	0
3	47	0
23	83	0
73	56	0
45	96	0
64	48	0
76	79	0
35	30	0
81	70	0
36	69	0
86	46	0
9	79	0
61	39	0
32	69	0
70	29	0
60	42	0
93	86	0
86	90	0
84	91	0
23	89	0
21	40	0
52	54	0
46	64	0
38	27	0
20	7	0
43	66	0
9	44	0
65	0	0
72	88	0
86	56	0
97	12	0
13	48	0
4	1	0
83	97	0
6	89	0
55	15	0
56	43	0
72	13	0
18	0	0
47	13	0
20	34	0
1	26	1
48	19	0
57	6	0
36	78	0
55	21	0
36	89	0
72	1	0
27	41	0
47	62	0
64	15	0
89	64	0
63	74	0
41	64	0
53	99	0
81	85	0
2	15	1
93	60	0
13	62	0
81	73	0
54	88	0
19	36	0
17	60	0
94	49	0
30	85	0
94	97	0
66	85	0
45	9	0
42	55	0
75	62	0
49	93	0
78	49	0
97	71	0
78	23	0
18	69	0
5	62	0
72	89	0
74	41	0
57	64	0
58	8	0
29	22	0
70	71	0
25	42	0
11	67	0
37	46	0
51	43	0
25	15	0
60	30	0
8	89	0
27	41	0
15	63	0
1	64	0
79	59	0
30	23	0
60	13	0
96	20	0
81	0	0
54	68	0
1	62	0
65	29	0
40	38	0
12	14	1
20	19	1
76	71	0
76	15	0
43	39	0
50	66	0
52	86	0
17	95	0
23	61	0
44	89	0
29	38	0
75	86	0
48	36	0
28	82	0
13	15	1
51	24	0
6	45	0
55	55	0
66	16	0
31	71	0
85	56	0
54	44	0
55	47	0
43	18	0
2	68	0
68	61	0
70	53	0
39	36	0
76	56	0
80	76	0
76	40	0
63	13	0
85	74	0
85	20	0
7	75	0
70	79	0
27	10	0
51	33	0
5	0	0
10	54	0
11	85	0
28	92	0
28	51	0
94	30	0
16	50	0
56	98	0
14	84	0
99	66	0
54	68	0
85	39	0
18	2	0
63	19	0
45	8	0
14	3	0
23	84	0
51	62	0
80	74	0
71	47	0
15	2	0
26	35	0
62	12	0
1	78	0
70	4	0
38	72	0
58	28	0
71	97	0
8	39	0
5	93	0
91	59	0
27	20	0
83	73	0
63	57	0
69	40	0
44	30	0
94	34	0
89	67	0
19	66	0
4	92	0
24	50	0
4	86	0
10	97	0
94	30	0
29	52	0
1	98	0
53	8	0
67	0	0
39	45	0
29	19	0
73	42	0
37	20	0
25	79	0
28	35	0
63	9	0
4	44	0
92	48	0
87	6	0
59	52	0
36	4	0
45	23	0
10	99	0
56	75	0
34	66	0
11	8	1
36	16	0
3	84	0
2	76	0
67	56	0
85	44	0
44	34	0
29	75	0
27	33	0
91	89	0
67	28	0
38	83	0
62	97	0
22	16	0
6	89	0
64	15	0
61	68	0
39	39	0
97	70	0
31	69	0
96	23	0
84	18	0
98	22	0
88	85	0
49	55	0
23	84	0
87	10	0
34	2	0
71	80	0
68	69	0
17	39	0
69	42	0
65	82	0
86	13	0
95	47	0
13	67	0
54	45	0
29	26	0
88	23	0
49	48	0
68	12	0
91	90	0
83	73	0
52	70	0
75	31	0
61	66	0
6	92	0
37	3	0
6	96	0
18	76	0
65	66	0
76	98	0
87	14	0
97	90	0
75	0	0
15	9	1
85	74	0
68	8	0
99	35	0
73	56	0
53	42	0
19	64	0
61	91	0
53	73	0
6	42	0
9	43	0
42	91	0
1	73	0
50	4	0
39	54	0
10	63	0
44	34	0
13	21	1
2	40	0
98	48	0
57	31	0
0	42	0
23	89	0
71	62	0
3	8	0
85	78	0
19	80	0
60	46	0
39	57	0
90	49	0
61	44	0
1	7	0
9	13	1
4	53	0
27	60	0
87	76	0
62	45	0
95	71	0
5	54	0
66	57	0
18	73	0
0	9	0
75	76	0
0	15	1
29	69	0
43	6	0
31	25	0
10	75	0
35	86	0
3	1	0
79	37	0
63	62	0
79	65	0
78	81	0
46	88	0
32	19	0
1	66	0
10	13	1
43	65	0
41	48	0
55	52	0
84	12	0
