95	66	0
22	16	0
64	98	0
13	5	0
89	44	0
93	99	0
42	80	0
63	49	0
0	88	0
1	9	0
16	86	0
96	46	0
67	83	0
28	33	0
88	87	0
94	41	0
47	95	0
44	83	0
69	75	0
44	9	0
78	74	0
92	88	0
75	93	0
10	19	0
83	18	0
67	73	0
13	69	1
34	91	0
81	19	0
66	87	0
51	69	0
76	75	0
98	50	0
96	28	0
20	77	0
91	75	0
14	66	0
39	1	0
10	74	0
37	89	0
83	47	0
33	17	0
96	92	0
87	94	0
99	18	0
32	78	1
98	10	0
25	25	0
71	83	0
1	87	0
93	5	0
65	93	0
7	24	0
74	81	0
88	32	0
24	83	0
59	95	0
81	19	0
26	88	0
34	86	1
25	13	0
97	7	0
80	31	0
47	78	0
84	22	0
64	45	0
77	37	0
8	99	0
46	87	0
73	11	1
93	66	0
68	97	0
3	68	0
43	90	0
99	55	0
79	20	0
54	13	1
55	34	0
33	5	0
72	56	0
2	88	0
92	26	0
47	68	0
80	54	0
85	0	0
68	95	0
62	90	0
10	32	0
62	79	0
84	69	0
72	43	0
20	98	0
68	43	0
91	63	0
92	27	0
97	37	0
12	51	0
0	19	0
90	63	0
54	83	0
55	59	0
55	75	0
55	99	0
75	38	0
68	74	0
67	76	0
88	63	0
25	14	0
16	14	0
21	82	1
80	53	0
94	2	0
23	98	0
24	43	0
65	73	0
59	80	0
55	73	0
46	1	0
53	87	0
74	85	0
80	55	0
18	92	0
86	82	0
3	73	0
54	59	1
19	48	0
76	81	0
97	69	0
44	69	0
68	41	0
93	33	0
27	90	0
56	79	0
23	45	0
47	78	0
38	25	0
92	90	0
30	99	0
91	1	0
80	40	0
62	90	0
72	78	0
64	73	0
24	40	0
24	59	0
59	93	0
80	65	0
43	92	0
58	84	0
73	19	0
65	68	1
27	70	1
47	88	0
27	21	0
79	60	0
60	44	0
73	66	0
82	37	0
8	96	0
64	54	0
89	39	0
62	34	0
55	14	0
96	28	0
67	83	0
80	94	0
81	66	0
96	23	0
94	32	0
89	78	0
29	92	0
70	85	0
49	96	0
80	34	0
11	97	0
90	18	0
24	46	0
27	91	0
21	99	0
83	76	0
72	79	0
88	52	0
86	60	0
21	82	1
48	88	0
73	0	1
82	60	0
50	4	0
43	31	0
86	42	0
28	74	0
68	86	0
78	64	0
55	60	1
77	1	0
87	45	0
92	46	0
77	64	0
72	80	0
55	71	1
61	13	0
6	87	0
5	90	0
85	64	0
80	66	0
90	7	0
98	82	0
19	5	0
28	91	0
58	97	0
50	34	1
90	11	0
92	8	0
96	27	0
78	29	0
64	50	0
1	1	0
23	97	0
8	75	1
48	83	0
53	69	0
91	45	0
61	87	0
95	84	0
71	35	0
84	81	0
78	17	0
16	10	0
38	6	0
33	24	0
94	42	0
84	12	0
12	48	0
22	19	0
87	81	0
95	71	0
73	20	0
98	14	0
62	2	0
81	15	0
35	15	0
17	72	1
97	90	0
30	84	0
8	98	0
35	43	0
77	47	0
63	58	0
67	75	0
83	82	0
76	23	0
69	80	0
96	42	0
79	55	0
65	49	0
94	69	0
65	19	0
91	15	0
29	50	0
66	96	0
90	29	0
16	85	0
96	41	0
71	96	0
91	34	0
61	17	0
55	44	0
57	94	0
76	89	0
29	91	0
92	78	0
2	87	0
92	2	0
90	10	0
54	76	0
63	54	1
6	94	0
73	39	0
95	64	0
32	80	1
26	9	0
51	93	0
32	84	0
54	76	0
5	30	0
86	35	0
95	11	0
75	96	0
21	27	0
64	5	1
72	30	0
66	89	0
0	17	0
46	83	0
81	48	0
26	90	0
84	9	0
82	18	0
92	56	0
13	81	0
63	17	0
89	92	0
35	96	0
68	59	0
6	38	0
62	88	0
62	43	0
19	73	1
56	26	1
91	45	0
76	51	0
74	58	0
6	37	0
93	65	0
23	96	0
91	53	0
13	95	0
85	85	0
36	18	0
77	61	0
58	92	0
57	97	0
81	53	0
76	8	0
2	80	0
72	38	0
25	98	0
80	26	0
89	49	0
73	23	0
82	71	0
51	99	0
56	96	0
29	98	0
95	81	0
75	82	0
22	0	0
12	80	0
81	90	0
71	90	0
68	51	0
65	28	0
35	76	1
81	60	0
97	4	0
15	76	1
90	2	0
52	63	1
89	82	0
61	84	0
74	23	0
89	11	0
73	91	0
24	99	0
91	15	0
95	0	0
68	21	0
7	51	0
15	97	0
14	87	0
80	86	0
87	95	0
56	51	1
74	95	0
89	65	0
72	61	0
8	99	0
15	74	0
30	25	0
0	13	0
42	41	0
96	29	0
81	38	0
70	56	0
50	15	0
84	80	0
66	84	0
86	50	0
35	84	1
78	62	0
21	9	0
98	40	0
60	97	0
37	42	0
30	92	0
71	92	0
95	73	0
34	88	0
16	77	0
43	63	0
55	63	1
64	79	0
54	95	0
12	48	0
75	66	0
84	49	0
91	69	0
42	76	0
67	80	0
88	13	0
56	49	1
86	9	0
11	82	0
45	95	0
84	76	0
69	72	0
8	90	0
14	82	0
82	97	0
31	22	0
9	81	0
65	90	0
59	72	0
82	83	0
11	92	0
71	52	0
20	5	0
43	97	0
5	96	0
3	20	0
81	64	0
83	13	0
79	30	0
75	19	0
14	22	0
14	54	0
75	30	0
2	75	1
63	68	0
27	92	0
60	57	0
87	88	0
82	41	0
76	81	0
64	55	0
74	81	0
6	67	0
35	77	1
75	63	0
54	43	0
97	38	0
98	92	0
79	77	0
69	51	0
63	55	0
54	77	0
98	79	0
96	1	0
59	79	0
5	98	0
57	36	0
64	22	0
68	17	0
27	71	1
77	23	0
79	24	0
29	26	0
56	94	0
70	63	0
43	89	0
69	99	0
81	59	0
82	29	0
85	66	0
89	96	0
92	42	0
88	83	0
43	88	0
70	78	0
79	47	0
44	90	0
81	79	0
71	66	0
96	21	0
2	74	1
54	74	0
82	20	0
62	38	0
84	85	0
74	58	0
16	87	0
22	87	0
79	32	0
84	29	0
95	49	0
95	11	0
80	84	0
89	17	0
79	34	0
20	72	1
13	94	0
23	72	1
10	86	0
55	50	1
47	26	0
37	65	0
55	83	0
67	2	0
16	87	0
83	51	0
23	17	0
21	62	0
79	67	0
66	62	0
83	62	0
83	52	0
70	61	0
81	49	0
10	38	0
96	85	0
69	53	0
47	86	0
6	70	0
30	79	1
92	20	0
57	89	0
18	90	0
98	46	0
66	30	0
17	16	0
23	32	0
68	3	1
15	66	0
78	55	0
93	36	0
23	2	0
59	6	0
42	87	0
89	82	0
18	4	0
50	75	0
69	27	0
95	64	0
66	65	0
65	89	0
7	41	0
98	47	0
91	66	0
9	81	0
23	79	1
24	97	0
6	98	0
63	39	0
90	16	0
10	16	0
86	31	0
88	18	0
40	30	0
19	97	0
53	85	0
15	77	0
23	22	0
16	73	1
21	91	0
62	56	0
88	46	0
66	87	0
54	71	1
22	96	0
79	42	0
8	0	0
80	57	0
48	57	0
93	31	0
71	25	0
76	35	0
56	94	0
47	36	1
65	8	1
37	99	0
87	39	0
69	97	0
75	57	0
83	42	0
59	92	0
37	75	1
92	37	0
99	99	0
81	84	0
58	83	0
91	16	0
72	76	0
24	77	1
65	21	0
31	95	0
91	52	0
95	91	0
79	7	0
96	99	0
78	25	0
90	67	0
9	92	0
71	99	0
65	78	0
1	16	0
14	98	0
7	71	0
88	29	0
31	99	0
57	85	0
81	45	0
14	68	1
77	46	0
25	99	0
83	45	0
90	56	0
73	50	0
80	25	0
2	83	0
10	5	0
65	71	0
19	60	0
24	5	0
5	87	0
32	77	1
93	53	0
79	87	0
92	59	0
91	81	0
76	47	0
0	83	0
82	27	0
91	31	0
