91	70	0
44	21	0
40	26	0
40	94	0
10	9	0
91	35	0
91	80	0
44	16	0
67	78	0
39	22	0
97	40	0
5	80	0
20	10	0
20	59	0
98	19	0
85	73	0
58	34	0
27	49	0
99	64	0
90	8	0
43	97	0
65	65	0
79	91	0
60	1	0
42	85	0
56	4	0
79	79	0
61	89	0
93	71	0
8	23	0
49	35	0
42	18	0
85	37	0
42	46	0
90	66	0
12	95	0
51	94	0
99	23	0
75	90	0
48	1	0
21	60	0
84	54	0
83	66	0
53	71	0
95	53	0
14	84	0
18	40	0
65	6	0
85	65	0
16	69	0
58	2	0
10	78	0
55	91	0
34	71	0
97	62	0
47	36	0
34	31	0
88	73	0
99	89	0
90	17	0
7	92	0
95	12	0
47	1	0
75	75	0
46	12	0
9	92	0
84	8	0
44	75	0
73	97	0
49	67	0
5	28	0
70	88	0
22	47	0
11	62	0
88	37	0
11	39	0
29	82	0
43	95	0
61	21	0
37	93	0
55	93	0
5	21	0
99	11	0
96	25	0
43	52	0
78	38	0
23	25	0
86	55	0
29	36	0
39	16	0
38	3	0
71	35	0
13	88	0
71	9	0
58	87	0
45	10	0
52	28	0
87	48	0
36	66	0
79	50	0
12	60	0
80	89	0
1	75	0
31	97	0
93	50	0
62	8	0
46	69	0
28	57	0
61	2	0
64	48	0
7	59	0
37	1	0
28	49	0
42	34	0
78	90	0
58	44	0
20	99	0
79	3	0
63	65	0
78	85	0
97	5	0
60	72	0
48	76	0
35	5	0
56	96	0
95	78	0
80	55	0
32	95	0
64	32	0
34	20	0
20	46	0
81	6	0
6	68	0
92	69	0
95	26	0
86	38	0
33	54	0
58	18	0
83	77	0
12	15	0
38	9	0
76	59	0
39	37	0
72	82	0
73	93	0
47	17	0
44	32	0
56	48	0
12	43	0
26	60	0
15	55	0
76	80	0
44	56	0
46	95	0
81	51	0
75	71	0
51	86	0
26	35	0
95	63	0
5	27	0
45	43	0
22	7	0
30	80	0
39	78	0
88	35	0
36	29	0
75	19	0
42	80	0
57	30	0
54	42	0
83	78	0
27	56	0
55	74	0
33	88	0
42	46	0
42	10	0
59	6	0
31	72	0
30	81	0
74	81	0
92	68	0
27	86	0
30	37	0
89	67	0
32	49	0
30	90	0
56	83	0
41	51	0
30	9	0
14	33	0
73	99	0
85	95	0
64	79	0
69	30	0
3	61	0
58	5	0
78	23	0
69	25	0
70	30	0
20	59	0
0	63	0
47	50	0
77	30	0
35	60	0
89	30	0
39	98	0
24	68	0
36	21	0
81	75	0
35	55	0
36	9	0
14	94	0
63	9	0
99	83	0
71	89	0
96	3	0
0	81	0
19	63	0
96	37	0
53	71	0
48	40	0
53	58	0
52	71	0
55	64	0
16	72	0
30	57	0
71	10	0
2	64	0
63	85	0
84	42	0
41	92	0
76	59	0
63	22	0
45	72	0
13	81	0
32	92	0
54	40	0
68	33	0
26	37	0
88	62	0
81	42	0
78	62	0
1	66	0
48	16	0
10	84	0
60	60	0
60	41	0
54	46	0
52	22	0
7	58	0
89	27	0
49	4	0
73	68	0
52	76	0
73	35	0
98	39	0
93	2	0
3	63	0
95	75	0
28	99	0
93	69	0
44	96	0
55	34	0
56	9	0
16	89	0
68	31	0
38	64	0
43	83	0
51	6	0
24	94	0
85	92	0
80	83	0
70	39	0
90	78	0
18	92	0
43	55	0
55	1	0
68	30	0
26	13	0
38	1	0
57	9	0
51	55	0
81	44	0
37	46	0
37	50	0
38	69	0
72	90	0
77	74	0
60	77	0
79	1	0
81	43	0
80	8	0
28	42	0
28	16	0
82	34	0
70	36	0
77	69	0
11	38	0
42	68	0
56	24	0
27	88	0
22	95	0
21	81	0
97	65	0
40	28	0
32	0	0
23	56	0
84	68	0
63	20	0
79	91	0
11	2	0
64	92	0
6	70	0
39	85	0
37	30	0
3	54	0
81	11	0
19	36	0
76	3	0
52	11	0
87	8	0
36	46	0
21	48	0
76	29	0
86	58	0
6	23	0
25	37	0
6	61	0
36	97	0
9	87	0
45	90	0
59	71	0
47	44	0
66	24	0
39	90	0
49	69	0
86	92	0
29	28	0
16	52	0
27	39	0
57	76	0
76	87	0
27	25	0
85	15	0
33	6	0
55	4	0
65	15	0
32	45	0
78	67	0
81	8	0
16	35	0
44	9	0
49	48	0
36	35	0
25	61	0
85	81	0
80	52	0
10	49	0
52	36	0
96	12	0
59	9	0
53	25	0
56	35	0
30	24	0
2	74	0
68	83	0
24	78	0
26	92	0
22	95	0
55	13	0
47	37	0
91	48	0
83	50	0
8	79	0
86	74	0
62	75	0
76	29	0
67	92	0
80	4	0
84	58	0
73	61	0
41	16	0
52	47	0
35	48	0
83	80	0
68	16	0
96	6	0
26	41	0
40	87	0
71	73	0
84	16	0
6	60	0
95	27	0
42	94	0
78	25	0
64	46	0
42	54	0
52	34	0
20	38	0
42	44	0
66	82	0
84	35	0
37	22	0
76	74	0
21	65	0
11	97	0
90	85	0
34	37	0
1	85	0
60	38	0
90	14	0
80	46	0
6	67	0
66	41	0
46	34	0
48	46	0
10	98	0
76	17	0
54	7	0
91	50	0
48	37	0
23	73	0
19	6	0
65	57	0
62	93	0
1	60	0
48	67	0
43	76	0
53	27	0
21	93	0
8	43	0
22	43	0
64	13	0
83	31	0
96	19	0
77	88	0
21	60	0
31	22	0
42	24	0
79	7	0
70	57	0
70	89	0
18	40	0
60	92	0
96	69	0
36	83	0
73	8	0
65	46	0
79	30	0
73	12	0
42	19	0
41	22	0
95	7	0
87	29	0
1	77	0
83	14	0
91	98	0
7	98	0
96	63	0
49	55	0
20	20	0
97	99	0
65	47	0
12	97	0
70	29	0
68	41	0
67	62	0
79	65	0
28	73	0
80	73	0
40	91	0
90	74	0
14	31	1
40	94	0
99	81	0
29	32	0
37	33	0
56	68	0
57	93	0
43	61	0
68	97	0
63	50	0
32	59	0
26	66	0
79	22	0
8	89	0
90	41	0
16	89	0
51	70	0
43	88	0
84	38	0
44	49	0
22	35	0
46	21	0
78	55	0
70	16	0
93	97	0
64	95	0
39	55	0
59	1	0
33	36	0
48	88	0
37	21	0
48	56	0
76	74	0
27	26	0
94	96	0
47	14	0
26	14	0
60	27	0
23	79	0
31	18	0
12	60	0
87	90	0
57	90	0
59	46	0
72	5	0
40	70	0
44	54	0
97	52	0
89	3	0
0	69	0
75	2	0
69	74	0
76	32	0
40	13	0
37	69	0
85	81	0
38	63	0
40	76	0
82	32	0
18	58	0
74	22	0
39	68	0
65	87	0
31	92	0
83	12	0
91	24	0
66	17	0
33	77	0
21	91	0
14	84	0
65	41	0
73	64	0
69	81	0
16	45	0
76	40	0
70	60	0
77	74	0
55	64	0
15	64	0
17	66	0
46	26	0
43	20	0
4	31	0
43	60	0
35	46	0
85	29	0
75	36	0
76	1	0
71	47	0
55	68	0
20	55	0
52	30	0
94	79	0
59	91	0
83	63	0
22	54	0
47	80	0
65	41	0
38	50	0
74	23	0
16	47	0
40	25	0
80	51	0
92	96	0
54	57	0
10	64	0
45	6	0
59	58	0
23	87	0
40	31	0
88	89	0
99	72	0
18	85	0
63	59	0
4	74	0
76	55	0
41	57	0
50	55	0
37	78	0
61	75	0
5	57	0
82	74	0
64	58	0
93	50	0
20	63	0
62	88	0
55	27	0
99	22	0
46	36	0
99	17	0
15	86	0
36	32	0
38	69	0
92	55	0
29	51	0
83	63	0
13	97	0
19	84	0
93	86	0
47	30	0
4	78	0
77	93	0
43	68	0
89	70	0
19	92	0
96	35	0
24	1	0
33	82	0
39	76	0
35	13	0
25	36	0
9	22	0
87	70	0
95	13	0
62	7	0
73	31	0
95	45	0
36	12	0
20	50	0
97	35	0
9	54	0
62	90	0
7	54	0
25	78	0
66	57	0
55	94	0
80	52	0
67	84	0
35	34	0
68	62	0
39	59	0
80	52	0
16	72	0
51	31	0
30	80	0
82	38	0
63	27	0
92	71	0
95	96	0
92	76	0
44	66	0
10	23	1
61	38	0
56	75	0
36	25	0
27	9	0
32	69	0
12	31	0
57	1	0
58	84	0
72	77	0
86	3	0
13	49	0
60	83	0
15	93	0
56	7	0
60	43	0
61	21	0
34	22	0
25	37	0
43	22	0
76	0	0
37	95	0
63	32	0
35	89	0
91	16	0
30	50	0
46	65	0
78	23	0
82	80	0
63	73	0
33	65	0
43	91	0
78	78	0
84	46	0
17	72	0
79	84	0
81	95	0
27	36	0
19	50	0
97	49	0
27	84	0
97	85	0
62	93	0
39	5	0
71	63	0
88	65	0
68	86	0
79	52	0
90	75	0
79	39	0
18	54	0
4	59	0
67	84	0
73	36	0
52	60	0
49	5	0
33	21	0
87	75	0
10	59	0
29	52	0
59	30	0
41	17	0
56	36	0
18	87	0
29	35	1
3	63	0
13	77	0
76	50	0
16	28	1
74	20	0
93	33	0
79	7	0
56	82	0
1	53	0
55	28	0
55	45	0
49	84	0
89	11	0
24	33	0
63	63	0
45	85	0
18	99	0
39	64	0
30	83	0
33	23	0
81	73	0
43	43	0
44	81	0
56	37	0
9	43	0
66	60	0
66	24	0
27	79	0
85	43	0
32	34	0
34	48	0
25	13	0
2	61	0
78	65	0
83	69	0
38	55	0
91	57	0
82	71	0
73	33	0
60	15	0
82	78	0
78	19	0
2	57	0
83	79	0
30	26	0
71	35	0
21	63	0
6	88	0
34	93	0
31	59	0
98	30	0
15	47	0
58	92	0
5	86	0
90	68	0
58	55	0
87	33	0
17	6	0
47	28	0
60	3	0
4	79	0
52	54	0
88	69	0
76	37	0
12	9	0
12	47	0
71	15	0
17	82	0
79	0	0
50	73	0
36	33	0
87	96	0
14	19	0
26	97	0
99	57	0
28	7	0
91	89	0
51	57	0
68	59	0
44	30	0
93	32	0
88	81	0
4	62	0
5	76	0
17	47	0
11	84	0
6	97	0
81	20	0
38	47	0
10	93	0
47	11	0
74	6	0
40	66	0
69	57	0
50	22	0
34	67	0
32	30	0
87	22	0
1	43	0
84	67	0
87	10	0
60	47	0
27	23	0
50	4	0
12	93	0
51	65	0
45	58	0
36	13	0
5	93	0
3	94	0
63	57	0
91	34	0
31	25	0
27	70	0
96	88	0
51	30	0
58	80	0
68	91	0
7	78	0
74	30	0
50	55	0
21	35	0
96	71	0
53	68	0
96	14	0
80	11	0
86	25	0
65	96	0
44	66	0
42	64	0
74	10	0
40	8	0
67	95	0
69	72	0
19	51	0
68	39	0
62	91	0
80	19	0
89	53	0
28	71	0
49	57	0
19	29	0
93	27	0
31	56	0
81	8	0
91	97	0
71	58	0
60	79	0
74	41	0
72	76	0
7	96	0
39	5	0
5	91	0
8	60	0
59	69	0
68	86	0
71	6	0
91	97	0
87	13	0
85	86	0
66	10	0
81	34	0
80	43	0
53	38	0
17	87	0
64	99	0
67	80	0
21	47	0
8	34	0
22	94	0
11	62	0
45	6	0
38	51	0
20	63	0
40	31	0
1	44	0
98	54	0
44	27	0
15	52	0
26	76	0
72	76	0
2	3	1
98	64	0
16	65	0
59	51	0
29	62	0
78	43	0
51	37	0
7	41	0
17	55	0
81	55	0
65	55	0
85	56	0
2	65	0
65	56	0
2	81	0
1	21	0
88	69	0
17	57	0
39	4	0
36	31	0
12	91	0
24	84	0
79	41	0
68	68	0
72	57	0
78	83	0
43	69	0
53	37	0
4	70	0
48	64	0
36	43	0
62	56	0
82	20	0
