93	62	0
30	3	0
32	34	0
61	98	0
21	3	0
95	39	0
98	93	0
58	15	0
58	73	0
62	24	0
80	50	0
3	86	0
16	3	0
23	88	0
97	25	0
74	78	0
57	39	0
19	57	0
89	53	0
94	13	0
46	95	0
60	65	0
72	84	0
53	5	0
27	77	0
49	16	0
89	71	0
64	88	0
92	84	0
0	37	0
53	11	0
44	21	0
96	26	0
18	54	0
80	65	0
13	90	0
36	93	0
89	22	0
82	84	0
40	13	0
37	66	0
88	68	0
97	74	0
50	60	0
99	48	0
12	79	0
71	2	0
98	63	0
12	72	0
71	11	0
10	75	0
59	91	0
29	76	0
99	69	0
45	36	0
39	28	0
94	86	0
99	91	0
99	5	0
17	95	0
98	9	0
34	4	0
70	80	0
35	1	0
3	95	0
87	14	0
31	80	0
65	93	0
45	56	0
4	28	0
69	86	0
15	57	0
96	29	0
32	87	0
60	98	0
64	30	0
29	97	0
56	94	0
2	18	0
99	11	0
88	20	0
51	73	0
86	39	0
92	61	0
48	13	0
28	12	0
66	47	0
5	96	0
49	0	0
43	71	0
47	5	0
59	31	0
82	35	0
31	61	0
74	46	0
4	62	0
79	93	0
0	88	0
37	96	0
96	55	0
66	16	0
37	68	0
31	62	0
63	0	0
68	51	0
5	67	0
34	0	0
9	44	0
39	49	0
62	80	0
46	38	0
10	93	0
79	23	0
47	82	0
72	66	0
93	11	0
73	93	0
56	72	0
32	22	0
61	95	0
98	75	0
79	62	0
25	92	0
65	30	0
30	17	0
22	49	1
72	11	0
11	60	0
92	74	0
99	25	0
85	44	0
37	51	0
57	1	0
77	64	0
22	21	0
43	26	0
95	59	0
46	38	0
58	82	0
61	81	0
55	23	0
42	42	0
62	40	0
11	51	0
19	46	1
23	56	0
76	88	0
50	58	0
41	99	0
72	41	0
71	64	0
53	70	0
88	67	0
19	19	0
52	55	0
24	12	0
13	73	0
31	65	0
86	36	0
38	46	0
89	4	0
41	89	0
56	23	0
42	45	0
76	76	0
27	70	0
52	64	0
42	85	0
36	54	0
42	12	0
53	19	0
42	87	0
24	66	0
76	80	0
95	66	0
28	99	0
99	74	0
31	49	0
24	70	0
49	75	0
56	53	0
22	19	0
71	86	0
98	73	0
53	66	0
60	27	0
2	40	0
54	7	0
71	51	0
59	19	0
82	18	0
20	48	1
5	46	0
49	53	0
68	28	0
37	68	0
83	24	0
43	97	0
25	61	0
37	24	0
83	84	0
39	51	0
28	10	0
27	82	0
61	3	0
92	85	0
46	91	0
93	3	0
9	72	0
17	64	0
97	35	0
53	87	0
26	49	1
55	71	0
62	65	0
47	56	0
21	75	0
24	58	0
68	2	0
10	58	0
62	79	0
96	44	0
41	89	0
81	63	0
75	21	0
51	69	0
17	82	0
34	96	0
47	29	0
78	34	0
82	48	0
58	41	0
73	69	0
5	39	0
61	25	0
16	97	0
61	61	0
76	44	0
70	27	0
51	5	0
11	47	0
94	24	0
34	20	0
68	70	0
63	85	0
72	42	0
94	37	0
99	13	0
3	37	0
93	72	0
31	97	0
96	79	0
37	97	0
60	31	0
76	32	0
20	88	0
85	21	0
32	59	0
29	76	0
48	9	0
34	97	0
74	90	0
79	88	0
96	49	0
98	65	0
14	90	0
36	74	0
75	5	0
75	50	0
36	15	0
38	0	0
51	26	0
54	50	0
81	47	0
32	53	0
37	46	0
36	74	0
73	88	0
86	58	0
60	81	0
80	9	0
94	37	0
65	13	0
23	42	0
79	44	0
80	51	0
74	69	0
6	38	0
30	65	0
59	21	0
15	92	0
31	85	0
16	79	0
87	74	0
52	17	0
38	2	0
34	53	0
80	74	0
63	3	0
80	94	0
20	1	0
51	92	0
8	66	0
49	91	0
44	34	0
7	51	0
73	34	0
71	13	0
51	15	0
74	12	0
38	63	0
6	55	0
73	17	0
85	62	0
6	5	0
5	65	0
33	96	0
8	85	0
50	95	0
50	66	0
62	42	0
68	3	0
46	81	0
46	72	0
92	88	0
39	25	1
1	56	0
28	44	1
59	51	0
74	76	0
30	31	1
85	27	0
34	5	0
52	3	0
50	17	0
37	36	0
73	64	0
69	12	0
9	47	0
29	11	0
44	61	0
45	33	0
30	43	1
91	75	0
83	53	0
11	48	0
63	33	0
96	7	0
64	12	0
68	27	0
43	38	0
36	33	0
5	75	0
62	82	0
39	73	0
23	98	0
24	78	0
52	12	0
43	40	0
99	42	0
81	47	0
3	63	0
81	67	0
79	80	0
83	25	0
79	84	0
77	4	0
76	65	0
73	61	0
29	31	1
61	47	0
89	72	0
67	4	0
96	22	0
32	46	0
44	95	0
60	79	0
81	15	0
21	70	0
96	31	0
65	98	0
86	16	0
64	28	0
35	57	0
59	38	0
36	51	0
55	84	0
79	34	0
37	19	0
75	85	0
33	54	0
19	97	0
97	97	0
51	34	0
2	93	0
52	52	0
96	13	0
84	35	0
22	66	0
68	51	0
38	19	1
56	49	0
7	94	0
83	25	0
46	8	0
92	45	0
53	47	0
31	90	0
12	4	0
62	60	0
54	98	0
3	48	0
38	79	0
39	81	0
44	24	0
18	83	0
17	28	0
70	2	0
75	15	0
86	1	0
94	89	0
22	67	0
50	20	0
86	4	0
75	58	0
74	92	0
1	24	0
62	93	0
99	61	0
31	83	0
77	1	0
46	60	0
69	19	0
68	12	0
41	19	0
44	14	0
98	8	0
85	36	0
7	91	0
81	16	0
93	95	0
26	96	0
96	71	0
38	50	0
16	28	0
77	99	0
64	45	0
2	90	0
67	37	0
78	38	0
73	43	0
83	66	0
28	66	0
91	64	0
39	95	0
91	71	0
27	94	0
88	85	0
43	33	0
62	64	0
64	99	0
46	65	0
60	97	0
70	51	0
40	48	0
38	59	0
84	5	0
3	87	0
96	55	0
23	84	0
45	67	0
45	82	0
88	44	0
34	54	0
41	19	0
84	55	0
64	15	0
83	99	0
43	92	0
42	56	0
50	17	0
33	43	0
58	99	0
45	19	0
33	70	0
82	74	0
38	8	0
97	89	0
67	3	0
2	10	0
43	36	0
22	70	0
41	0	0
13	73	0
93	82	0
62	80	0
66	40	0
64	0	0
44	59	0
44	60	0
96	59	0
92	7	0
5	70	0
82	5	0
52	73	0
56	27	0
38	10	0
32	64	0
85	86	0
34	73	0
46	85	0
68	34	0
22	47	1
69	34	0
39	58	0
62	95	0
27	97	0
95	12	0
97	17	0
73	14	0
24	73	0
29	97	0
25	87	0
66	39	0
77	77	0
75	90	0
2	37	0
66	39	0
71	80	0
71	61	0
63	78	0
12	86	0
16	74	0
40	18	0
51	18	0
8	38	0
42	46	0
38	48	0
90	29	0
88	41	0
80	11	0
74	48	0
55	53	0
28	46	1
43	26	0
94	81	0
42	96	0
85	55	0
39	68	0
36	93	0
76	54	0
26	51	0
77	26	0
25	38	1
30	12	0
91	53	0
76	94	0
48	45	0
8	49	0
46	10	0
50	57	0
42	82	0
72	88	0
95	60	0
13	79	0
75	47	0
14	61	0
65	48	0
43	71	0
54	52	0
44	76	0
65	71	0
3	62	0
63	62	0
75	47	0
82	56	0
38	66	0
65	83	0
42	10	0
95	21	0
54	46	0
92	3	0
8	84	0
35	81	0
85	61	0
19	50	0
75	75	0
13	94	0
17	82	0
85	84	0
43	24	0
0	69	0
66	99	0
50	62	0
91	66	0
23	97	0
87	33	0
16	0	0
39	73	0
24	81	0
37	13	0
16	52	1
16	19	0
87	66	0
99	15	0
53	11	0
67	41	0
92	15	0
22	9	0
30	64	0
83	32	0
6	63	0
57	81	0
0	51	0
27	78	0
75	61	0
54	95	0
73	50	0
71	83	0
72	55	0
48	51	0
77	74	0
7	77	0
45	39	0
22	77	0
83	50	0
71	27	0
91	54	0
95	96	0
88	90	0
40	69	0
77	42	0
58	60	0
33	24	1
35	14	0
34	67	0
8	41	0
69	7	0
71	78	0
87	84	0
86	1	0
15	45	1
58	82	0
9	95	0
48	9	0
57	31	0
66	23	0
55	19	0
39	22	0
76	10	0
35	96	0
70	18	0
29	94	0
99	22	0
39	65	0
67	37	0
71	98	0
77	68	0
37	74	0
65	98	0
85	61	0
92	47	0
9	65	0
89	80	0
77	93	0
14	61	0
97	44	0
28	71	0
96	87	0
48	89	0
27	13	0
76	69	0
93	53	0
49	81	0
75	73	0
98	61	0
75	39	0
28	55	0
1	64	0
60	80	0
64	31	0
52	41	0
53	8	0
35	26	1
87	79	0
17	53	0
64	24	0
43	8	0
53	21	0
10	86	0
13	59	0
8	79	0
74	46	0
94	22	0
93	28	0
94	3	0
67	95	0
6	58	0
64	25	0
57	48	0
39	82	0
93	25	0
59	55	0
31	82	0
21	88	0
37	66	0
24	96	0
30	5	0
69	74	0
45	16	0
38	74	0
54	45	0
1	44	0
68	64	0
64	18	0
29	88	0
95	57	0
25	48	1
19	33	0
14	69	0
83	58	0
67	60	0
44	48	0
94	65	0
97	66	0
64	47	0
63	15	0
77	64	0
82	32	0
10	46	0
85	82	0
52	37	0
18	70	0
2	85	0
31	98	0
24	57	0
92	23	0
1	52	0
58	91	0
3	86	0
85	62	0
47	37	0
86	25	0
16	16	0
30	33	0
72	12	0
28	74	0
46	50	0
99	61	0
87	36	0
3	0	0
2	43	0
54	15	0
5	44	0
75	8	0
46	73	0
31	32	1
92	90	0
1	10	0
42	95	0
95	46	0
40	3	0
92	88	0
52	60	0
67	65	0
39	41	0
88	35	0
90	80	0
11	64	0
7	75	0
7	42	0
22	71	0
13	85	0
66	16	0
31	59	0
16	91	0
32	12	0
59	15	0
37	66	0
63	45	0
42	10	0
38	76	0
98	19	0
4	28	0
77	43	0
93	23	0
47	48	0
25	20	0
45	1	0
16	92	0
48	68	0
36	56	0
31	16	0
21	97	0
20	78	0
60	45	0
93	41	0
32	74	0
89	98	0
55	27	0
66	68	0
60	87	0
4	89	0
84	40	0
54	57	0
13	23	0
95	69	0
55	51	0
99	20	0
72	13	0
85	31	0
61	96	0
50	45	0
46	38	0
67	25	0
46	4	0
46	87	0
52	75	0
20	53	0
82	31	0
54	91	0
93	40	0
90	57	0
36	77	0
35	65	0
80	28	0
50	44	0
71	10	0
96	95	0
78	78	0
46	75	0
74	45	0
77	91	0
14	81	0
52	17	0
15	99	0
10	60	0
47	62	0
75	80	0
61	18	0
98	89	0
90	14	0
97	97	0
63	9	0
74	22	0
67	66	0
59	35	0
22	85	0
47	88	0
73	81	0
30	36	1
7	34	0
16	80	0
7	78	0
35	12	0
42	49	0
18	58	0
1	47	0
87	44	0
46	21	0
13	62	0
29	83	0
66	98	0
96	39	0
1	66	0
69	42	0
34	71	0
78	50	0
73	36	0
2	49	0
27	57	0
85	41	0
72	58	0
85	51	0
9	65	0
64	53	0
1	83	0
2	2	0
90	65	0
16	63	0
26	9	0
38	24	1
4	94	0
17	77	0
91	39	0
76	82	0
82	58	0
89	83	0
50	66	0
65	41	0
1	70	0
46	65	0
27	62	0
64	45	0
94	17	0
