99	64	0
55	9	0
36	24	0
42	96	0
7	32	0
92	26	0
87	77	0
11	7	1
49	11	0
70	94	0
41	36	0
78	37	0
2	85	0
21	6	0
18	68	0
95	11	0
95	86	0
61	32	0
27	56	0
99	68	0
89	2	0
42	75	0
75	84	0
79	93	0
67	3	0
35	97	0
55	11	0
75	81	0
71	90	0
97	56	0
3	41	0
31	32	0
40	25	0
80	23	0
40	45	0
89	73	0
13	90	0
68	78	0
93	24	0
79	91	0
45	5	0
28	50	0
69	55	0
97	57	0
55	74	0
98	48	0
14	94	0
40	48	0
57	15	0
85	48	0
17	67	0
56	11	0
32	90	0
55	87	0
26	61	0
95	73	0
44	26	0
38	46	0
85	79	0
99	96	0
88	12	0
10	95	0
97	9	0
51	7	0
95	69	0
40	29	0
21	83	0
86	6	0
33	78	0
88	77	0
61	51	0
21	27	0
84	85	0
32	41	0
14	50	0
85	35	0
21	24	1
17	37	0
36	80	0
57	89	0
74	21	0
44	97	0
65	97	0
2	8	0
13	18	0
93	24	0
99	23	0
38	55	0
82	46	0
18	28	0
74	54	0
39	55	0
32	11	0
34	2	0
69	48	0
22	89	0
58	6	0
50	73	0
43	5	0
40	29	0
92	42	0
45	61	0
63	50	0
18	75	0
72	86	0
10	78	0
44	77	0
86	49	0
63	9	0
54	69	0
5	62	0
56	7	0
53	63	0
8	68	0
50	3	0
30	55	0
20	35	0
86	81	0
50	39	0
3	1	0
22	98	0
80	1	0
68	69	0
15	33	0
83	76	0
92	11	0
63	70	0
55	85	0
31	20	0
63	91	0
21	23	1
75	85	0
66	54	0
38	98	0
73	35	0
38	24	0
22	38	0
81	3	0
5	70	0
94	72	0
92	13	0
93	34	0
43	57	0
61	9	0
93	90	0
7	8	0
40	11	0
82	83	0
35	43	0
98	69	0
82	74	0
55	24	0
51	36	0
62	61	0
4	50	0
27	83	0
15	59	0
80	75	0
57	74	0
45	99	0
78	51	0
69	80	0
51	81	0
24	45	0
86	78	0
2	39	0
37	38	0
27	25	0
21	75	0
39	70	0
99	20	0
42	36	0
75	12	0
36	84	0
68	23	0
48	34	0
76	77	0
25	52	0
58	69	0
39	99	0
38	62	0
37	6	0
68	12	0
34	88	0
12	78	0
70	83	0
94	57	0
16	91	0
32	33	0
99	68	0
28	55	0
38	82	0
40	94	0
52	47	0
34	9	0
16	37	0
75	91	0
86	98	0
60	88	0
78	16	0
3	68	0
60	2	0
66	12	0
69	20	0
83	22	0
30	58	0
4	71	0
58	62	0
74	37	0
31	75	0
90	19	0
52	87	0
35	64	0
29	15	0
85	71	0
32	65	0
40	9	0
2	89	0
74	15	0
94	81	0
84	91	0
84	22	0
4	78	0
17	79	0
96	48	0
48	75	0
37	45	0
47	76	0
59	75	0
48	60	0
5	83	0
32	66	0
63	11	0
4	67	0
71	96	0
69	44	0
36	93	0
91	56	0
39	19	0
39	55	0
13	76	0
41	93	0
50	34	0
68	28	0
17	31	0
89	67	0
75	43	0
81	52	0
11	83	0
53	12	0
13	82	0
67	64	0
56	45	0
66	56	0
59	9	0
12	8	1
1	55	0
76	45	0
51	11	0
76	63	0
48	84	0
63	50	0
97	26	0
91	7	0
2	64	0
87	68	0
20	97	0
89	59	0
40	89	0
57	32	0
44	0	0
18	92	0
67	35	0
39	55	0
44	76	0
53	2	0
24	95	0
73	91	0
87	83	0
66	25	0
95	73	0
8	86	0
43	40	0
58	2	0
64	21	0
33	20	0
42	5	0
53	11	0
55	49	0
72	34	0
39	49	0
26	47	0
52	54	0
70	79	0
89	76	0
58	87	0
82	10	0
98	52	0
77	0	0
9	56	0
32	7	0
89	33	0
49	20	0
74	73	0
6	41	0
47	73	0
55	24	0
27	95	0
32	88	0
27	73	0
95	61	0
46	29	0
40	2	0
23	55	0
90	52	0
80	21	0
73	96	0
16	8	0
61	90	0
11	76	0
40	83	0
33	31	0
6	55	0
83	8	0
19	34	0
81	13	0
44	10	0
13	3	0
82	5	0
31	48	0
14	41	0
85	30	0
93	66	0
10	26	0
28	32	0
2	59	0
31	84	0
11	74	0
6	7	0
35	91	0
45	66	0
40	33	0
64	27	0
46	84	0
40	68	0
83	99	0
38	26	0
17	46	0
33	37	0
56	77	0
80	99	0
53	11	0
78	1	0
35	3	0
46	10	0
62	9	0
19	46	0
78	60	0
65	2	0
23	42	0
59	5	0
53	54	0
49	53	0
27	62	0
81	83	0
64	52	0
19	60	0
55	37	0
23	16	0
98	10	0
50	8	0
67	17	0
55	38	0
21	38	0
13	69	0
70	74	0
14	78	0
36	94	0
22	98	0
48	22	0
31	32	0
88	60	0
59	46	0
7	78	0
81	78	0
60	92	0
23	34	0
72	27	0
61	94	0
72	0	0
94	63	0
79	45	0
31	19	0
38	48	0
40	48	0
91	81	0
10	21	0
75	27	0
88	7	0
13	51	0
32	90	0
73	79	0
83	6	0
5	72	0
95	34	0
44	92	0
4	10	1
75	6	0
64	52	0
42	51	0
54	47	0
29	38	0
50	39	0
74	78	0
73	53	0
43	29	0
73	66	0
23	52	0
25	94	0
84	84	0
44	22	0
1	72	0
63	17	0
83	18	0
71	44	0
19	61	0
62	31	0
28	36	0
55	40	0
5	99	0
62	33	0
56	14	0
91	53	0
44	23	0
30	78	0
31	8	0
81	48	0
5	4	0
63	97	0
2	90	0
38	42	0
55	84	0
55	33	0
20	98	0
22	43	0
23	40	0
59	18	0
96	34	0
83	19	0
88	95	0
20	60	0
36	11	0
34	27	0
84	22	0
51	62	0
72	85	0
17	35	0
67	98	0
84	70	0
38	79	0
73	9	0
74	36	0
83	18	0
70	16	0
47	21	0
40	33	0
95	3	0
66	27	0
2	65	0
92	15	0
90	97	0
10	94	0
87	63	0
45	47	0
24	6	0
93	86	0
80	55	0
28	94	0
67	21	0
76	47	0
93	58	0
81	66	0
32	81	0
78	81	0
34	94	0
87	77	0
34	39	0
24	92	0
98	86	0
36	35	0
26	43	0
64	67	0
62	94	0
52	68	0
49	95	0
60	60	0
34	63	0
29	62	0
83	24	0
15	91	0
84	53	0
20	85	0
40	55	0
46	78	0
81	27	0
26	29	0
18	45	0
64	40	0
94	75	0
64	18	0
84	98	0
73	97	0
37	44	0
59	8	0
30	46	0
22	86	0
37	36	0
56	68	0
70	78	0
36	24	0
79	93	0
48	31	0
36	18	0
67	42	0
25	77	0
41	14	0
4	62	0
91	81	0
60	91	0
52	45	0
83	11	0
45	70	0
43	54	0
97	55	0
92	1	0
1	76	0
72	4	0
78	79	0
70	25	0
35	1	0
38	70	0
80	80	0
36	70	0
54	74	0
79	23	0
13	67	0
64	8	0
46	63	0
62	96	0
30	91	0
94	7	0
90	21	0
60	8	0
37	87	0
17	91	0
5	89	0
78	53	0
72	63	0
79	64	0
18	44	0
81	47	0
66	62	0
85	71	0
68	62	0
22	56	0
16	73	0
35	26	0
45	42	0
4	47	0
54	65	0
41	40	0
96	36	0
79	33	0
74	3	0
76	31	0
51	81	0
20	17	1
13	47	0
63	40	0
92	78	0
64	82	0
98	74	0
25	49	0
54	66	0
60	54	0
30	60	0
90	38	0
25	63	0
44	23	0
86	54	0
71	98	0
60	52	0
20	65	0
44	1	0
66	69	0
30	82	0
42	26	0
75	78	0
91	75	0
20	96	0
54	68	0
14	73	0
75	66	0
37	56	0
47	68	0
41	78	0
62	69	0
25	34	0
14	66	0
90	82	0
78	52	0
97	57	0
31	75	0
57	79	0
71	30	0
20	15	1
85	21	0
41	37	0
97	10	0
12	90	0
30	36	0
29	76	0
86	55	0
20	40	0
96	63	0
15	97	0
9	72	0
22	4	0
98	94	0
38	26	0
0	80	0
76	87	0
38	60	0
74	75	0
32	84	0
99	29	0
31	16	0
41	86	0
32	75	0
35	13	0
22	37	0
8	24	0
93	70	0
93	12	0
54	11	0
73	10	0
97	39	0
33	8	0
41	41	0
99	41	0
15	56	0
42	87	0
3	47	0
13	81	0
74	60	0
50	97	0
66	44	0
74	78	0
35	36	0
73	65	0
37	61	0
88	45	0
10	72	0
56	35	0
38	72	0
75	32	0
57	42	0
96	82	0
93	97	0
85	88	0
18	83	0
17	33	0
52	52	0
49	69	0
33	21	0
19	8	0
31	69	0
12	41	0
64	10	0
65	83	0
86	59	0
93	19	0
10	44	0
11	2	1
78	92	0
7	99	0
51	7	0
58	52	0
70	11	0
11	8	1
47	19	0
18	36	0
44	18	0
63	4	0
40	85	0
56	21	0
27	94	0
76	3	0
27	39	0
54	70	0
74	22	0
89	72	0
64	78	0
38	68	0
49	91	0
78	89	0
8	15	1
84	58	0
16	61	0
81	76	0
60	94	0
12	32	0
18	56	0
93	46	0
35	87	0
98	96	0
67	83	0
49	4	0
48	52	0
84	57	0
61	88	0
77	47	0
97	71	0
88	29	0
11	61	0
3	57	0
71	89	0
77	42	0
51	60	0
56	8	0
33	24	0
75	76	0
24	37	0
14	64	0
42	46	0
58	42	0
35	12	0
57	28	0
11	84	0
18	40	0
11	58	0
9	72	0
76	53	0
23	25	0
61	14	0
92	24	0
80	1	0
54	70	0
3	64	0
64	28	0
48	35	0
69	77	0
76	14	0
48	42	0
53	62	0
47	88	0
15	99	0
28	65	0
43	88	0
34	37	0
74	81	0
48	42	0
28	78	0
57	29	0
7	40	0
59	57	0
62	19	0
29	77	0
81	50	0
52	47	0
51	46	0
41	16	0
3	66	0
69	62	0
73	54	0
43	37	0
81	56	0
84	69	0
79	39	0
65	8	0
86	75	0
91	16	0
5	75	0
67	86	0
33	16	0
57	34	0
8	2	0
17	56	0
12	87	0
36	90	0
22	50	0
95	35	0
18	51	0
52	99	0
18	84	0
97	66	0
55	61	0
87	41	0
20	1	0
56	15	0
50	4	0
5	3	0
13	74	0
60	61	0
85	68	0
74	49	0
15	0	0
30	37	0
70	11	0
0	75	0
73	0	0
42	73	0
54	23	0
75	99	0
9	31	0
7	93	0
97	58	0
30	19	0
87	71	0
62	57	0
78	40	0
42	27	0
93	34	0
87	66	0
14	66	0
3	85	0
22	56	0
2	89	0
10	90	0
90	31	0
33	48	0
3	97	0
52	15	0
61	2	0
39	47	0
21	23	1
65	39	0
36	19	0
25	81	0
31	30	0
72	18	0
7	38	0
87	51	0
89	6	0
64	52	0
32	11	0
46	19	0
9	97	0
58	79	0
40	68	0
16	4	1
39	14	0
5	84	0
2	86	0
68	56	0
88	45	0
42	31	0
27	75	0
25	30	0
99	87	0
59	30	0
49	74	0
66	98	0
17	22	1
1	84	0
67	26	0
50	65	0
30	37	0
97	67	0
38	73	0
97	18	0
80	16	0
93	20	0
87	85	0
45	58	0
23	87	0
85	6	0
30	4	0
64	87	0
62	75	0
18	50	0
66	41	0
72	81	0
88	12	0
94	55	0
19	67	0
57	50	0
26	22	0
88	24	0
44	47	0
67	9	0
91	95	0
86	79	0
47	63	0
73	33	0
68	74	0
3	92	0
45	1	0
9	99	0
11	75	0
66	66	0
76	96	0
84	5	0
99	89	0
80	1	0
24	14	1
80	71	0
62	1	0
95	35	0
71	54	0
57	35	0
15	71	0
63	89	0
53	77	0
13	47	0
6	40	0
36	97	0
10	72	0
40	0	0
39	57	0
13	64	0
39	24	0
3	47	0
91	46	0
57	24	0
1	46	0
25	90	0
73	59	0
1	4	0
94	70	0
24	83	0
58	52	0
34	57	0
93	48	0
58	41	0
0	16	0
3	50	0
23	60	0
91	71	0
67	46	0
99	63	0
3	53	0
61	53	0
15	67	0
0	12	0
71	69	0
28	64	0
47	11	0
28	29	0
5	79	0
36	90	0
4	5	0
77	43	0
66	62	0
82	69	0
76	74	0
46	87	0
39	14	0
0	72	0
14	10	1
49	64	0
43	51	0
59	49	0
83	15	0
