96	69	0
27	21	0
63	99	0
11	9	0
87	36	0
88	98	0
47	78	0
70	45	0
7	84	0
2	0	0
15	88	0
97	46	0
72	76	0
30	37	0
83	92	0
98	44	0
42	96	0
40	81	1
62	72	0
46	19	0
76	72	0
84	91	0
77	86	0
6	22	0
80	13	0
71	74	0
31	93	0
85	23	0
66	91	0
51	64	0
79	81	0
99	52	0
98	22	0
21	75	1
88	81	0
13	73	1
34	0	0
8	74	1
43	86	0
77	48	0
29	10	0
99	85	0
83	88	0
96	17	0
98	16	0
18	32	0
64	87	0
7	83	0
92	3	0
61	97	0
6	26	0
81	84	0
89	30	0
30	86	0
57	96	0
84	20	0
25	87	1
32	91	1
27	8	0
94	2	0
74	32	0
45	82	0
82	25	0
59	48	0
81	27	0
12	95	0
46	79	0
96	66	0
71	97	0
8	64	0
44	92	0
98	51	0
74	21	0
48	38	0
32	9	0
72	57	0
8	81	0
96	27	0
44	68	0
86	59	0
85	0	0
77	97	0
70	88	0
9	32	0
67	79	0
85	71	0
80	43	0
19	99	0
66	42	0
89	56	0
95	29	0
99	42	0
13	54	0
6	19	0
94	54	0
53	85	0
48	59	1
46	79	0
57	92	0
71	31	0
70	67	0
78	74	0
83	64	0
26	17	0
18	13	0
77	53	0
96	0	0
24	97	0
26	38	0
69	71	0
61	83	0
53	77	0
39	1	0
51	85	0
67	80	0
81	56	0
17	91	0
88	84	0
2	74	0
19	47	0
76	85	0
94	76	0
47	68	0
60	41	0
88	41	0
24	92	0
55	76	0
23	47	0
51	82	0
39	27	0
90	83	0
28	98	0
91	5	0
81	37	0
67	86	0
67	84	0
59	74	0
28	37	0
19	68	0
59	94	0
82	70	0
40	90	0
56	91	0
76	16	0
45	91	0
28	23	0
82	64	0
63	43	0
76	69	0
81	35	0
13	89	0
57	51	0
92	35	0
58	35	0
49	22	0
93	30	0
60	76	0
75	99	0
86	70	0
98	24	0
93	35	0
99	68	0
29	89	1
68	80	0
50	91	0
76	24	0
15	88	0
94	9	0
19	44	0
27	90	1
22	94	0
84	75	0
76	79	0
88	49	0
87	50	0
41	87	0
90	61	0
52	3	0
40	23	0
84	42	0
32	72	0
63	80	0
73	70	0
81	5	0
93	50	0
99	31	0
70	63	0
70	85	0
57	9	0
8	93	0
4	92	0
93	63	0
71	59	0
84	10	0
98	78	0
20	11	0
29	95	0
52	94	0
90	5	0
89	4	0
97	31	0
75	29	0
70	43	0
1	6	0
17	91	0
45	89	0
53	67	1
92	44	0
69	93	0
96	85	0
66	37	0
78	79	0
72	17	0
12	7	0
31	7	0
32	24	0
90	39	0
82	21	0
7	47	0
23	24	0
90	79	0
95	72	0
81	20	0
98	13	0
63	2	0
80	17	0
39	17	0
98	89	0
24	86	0
4	95	0
35	40	0
76	39	0
66	65	0
61	79	0
86	87	0
73	26	0
69	82	0
99	39	0
86	63	0
66	50	0
94	70	0
65	17	0
93	10	0
26	50	0
68	97	0
99	35	0
25	88	1
97	38	0
72	94	0
97	33	0
66	17	0
52	49	0
62	89	0
75	90	0
22	93	0
95	88	0
2	97	0
92	2	0
89	14	0
58	81	0
15	97	0
76	39	0
96	66	0
27	1	0
49	92	0
38	82	1
55	75	0
0	27	0
90	33	0
98	5	0
80	95	0
16	24	0
68	33	0
65	78	0
9	27	0
42	88	0
83	51	0
23	89	1
86	5	0
80	15	0
91	63	0
13	83	0
67	21	0
85	89	0
31	96	0
65	60	0
7	33	0
63	86	0
60	47	0
94	45	0
77	53	0
75	55	0
2	36	0
90	66	0
26	96	0
91	58	0
10	95	0
84	87	0
36	21	0
73	63	0
64	89	0
54	95	0
85	56	0
76	1	0
2	76	0
71	44	0
25	97	0
87	29	0
91	42	0
72	30	0
87	74	0
50	96	0
58	97	0
28	96	0
98	83	0
70	82	0
20	1	0
7	84	0
78	83	0
62	90	0
58	55	1
70	32	0
28	81	1
82	62	0
96	7	0
88	8	0
92	84	0
69	82	0
79	23	0
90	12	0
72	91	0
31	98	0
86	10	0
96	0	0
72	27	0
9	60	0
14	98	0
15	94	0
85	83	0
84	99	0
76	95	0
85	68	0
74	71	0
8	97	0
18	70	1
26	17	0
2	8	0
45	41	0
93	28	0
81	39	0
66	61	0
56	16	0
85	81	0
66	77	0
85	57	0
34	79	1
75	64	0
23	7	0
99	42	0
63	96	0
44	40	0
21	91	0
72	95	0
97	73	0
31	84	1
19	78	0
39	68	0
71	72	0
51	99	0
10	47	0
76	70	0
91	50	0
90	67	0
34	76	0
66	83	0
88	14	0
81	9	0
10	84	0
35	97	0
89	73	0
70	72	0
1	89	0
14	78	0
79	94	0
29	27	0
5	79	0
69	88	0
56	67	0
81	80	0
7	85	0
75	47	0
19	6	0
49	90	0
9	94	0
1	16	0
89	63	0
85	14	0
76	23	0
79	16	1
10	20	0
15	57	0
76	32	0
69	75	0
29	88	1
56	54	1
89	79	0
81	46	0
75	81	0
61	54	1
73	83	0
0	62	0
82	59	0
64	33	0
95	46	0
91	90	0
82	70	0
67	57	1
62	55	1
45	78	0
97	74	0
91	5	0
54	76	0
3	96	0
66	27	0
66	16	0
78	17	1
27	66	1
73	17	1
78	24	0
29	30	0
59	94	0
66	59	0
36	91	0
68	97	0
85	62	0
83	29	0
88	70	0
88	93	0
93	44	0
86	90	0
34	87	0
69	76	0
81	47	0
52	90	0
85	87	0
74	70	0
93	25	0
7	74	1
52	73	0
80	21	0
58	43	0
87	86	0
84	58	0
18	89	0
30	90	1
80	28	0
80	29	0
89	45	0
83	10	0
89	81	0
84	18	0
82	38	0
10	86	0
20	70	1
16	94	0
50	30	0
34	63	0
52	85	0
66	3	0
13	93	0
80	48	0
20	10	0
26	58	0
77	69	0
71	61	0
84	63	0
85	48	0
70	64	0
83	51	0
6	44	0
97	84	0
68	60	0
47	94	0
6	71	1
93	20	0
51	94	0
23	91	0
98	41	0
67	32	0
23	9	0
25	35	0
9	67	1
81	55	0
94	37	0
29	10	0
50	10	0
50	77	0
96	81	0
18	5	0
46	80	0
65	30	0
89	66	0
73	68	0
64	86	0
12	46	0
97	44	0
90	64	0
8	87	0
30	89	1
1	98	0
58	36	0
88	20	0
9	16	0
91	32	0
80	20	0
45	34	0
14	98	0
59	83	0
17	76	1
24	26	0
25	96	0
57	55	0
85	44	0
62	82	0
21	90	0
74	41	0
7	1	0
85	60	0
49	61	1
89	27	0
80	28	0
71	27	0
57	87	0
39	99	0
84	40	0
61	97	0
72	61	0
83	43	0
60	91	0
91	38	0
91	97	0
86	85	0
54	85	0
90	19	0
74	78	0
67	25	0
26	90	1
85	55	0
85	92	0
81	12	0
98	97	0
80	25	0
84	67	0
11	87	0
79	99	0
71	79	0
6	14	0
13	99	0
12	73	1
83	32	0
22	94	0
55	78	0
80	40	0
76	47	0
17	98	0
83	43	0
91	59	0
76	44	0
89	30	0
4	90	0
11	7	0
64	73	0
17	57	0
28	7	0
0	94	0
99	51	0
80	91	0
89	54	0
86	79	0
74	44	0
1	80	0
80	23	0
96	37	0
