99	69	0
21	16	0
55	96	0
5	2	0
93	40	0
98	98	0
45	82	0
57	25	0
81	55	0
3	89	0
0	11	0
18	99	0
99	35	0
67	76	0
39	32	0
82	69	0
95	19	0
57	99	0
38	71	0
82	65	0
51	14	0
27	84	0
55	19	1
86	66	0
83	81	0
85	81	0
8	23	0
47	39	0
86	24	0
82	65	0
11	77	0
31	96	0
84	10	0
64	92	0
37	9	1
50	69	0
81	71	0
96	69	0
65	60	0
98	32	0
15	69	0
64	5	1
95	70	0
18	74	0
55	0	0
8	77	0
34	95	0
27	64	1
83	53	0
49	35	0
32	15	0
98	87	0
90	99	0
88	15	0
34	88	0
99	11	0
22	19	0
75	87	0
1	95	0
84	9	0
23	67	0
66	89	0
43	62	0
12	24	0
72	79	0
86	36	0
21	94	0
49	96	0
70	27	0
30	97	0
48	91	0
18	14	0
95	17	0
77	28	0
50	76	0
87	36	0
80	65	0
57	8	1
67	40	0
3	99	0
68	5	0
50	77	0
57	30	1
81	11	0
89	59	0
5	56	0
75	90	0
7	76	0
32	95	0
99	56	0
79	28	0
34	68	0
33	66	1
75	2	0
67	48	0
12	75	0
35	4	0
67	69	0
52	31	0
3	99	0
97	26	0
41	78	0
78	68	0
88	3	0
63	86	0
61	82	0
6	26	0
59	86	0
95	86	0
82	53	0
24	87	0
68	33	0
80	4	0
98	61	0
86	32	0
97	51	0
30	49	0
55	9	1
54	64	0
12	23	0
50	34	0
86	63	0
52	78	0
62	73	0
60	15	0
49	36	0
56	23	1
64	79	0
46	59	0
44	98	0
74	38	0
63	70	0
55	74	0
93	54	0
26	12	0
47	33	0
18	21	0
15	78	0
26	59	0
78	50	0
53	36	0
87	6	0
30	81	0
55	23	1
26	39	0
69	79	0
28	66	0
57	60	0
47	77	0
41	48	1
43	0	0
51	17	1
40	88	0
25	66	0
73	75	0
94	68	0
19	96	0
87	72	0
30	54	0
21	69	0
53	72	0
44	50	1
19	35	0
76	79	0
94	82	0
41	68	0
78	48	0
6	38	1
57	49	0
54	18	1
68	17	0
41	56	1
51	18	1
32	71	0
97	33	0
25	94	0
28	62	1
70	89	0
47	49	1
22	23	0
38	79	0
52	12	0
95	97	0
29	87	0
99	4	0
19	77	0
98	29	0
59	99	0
69	84	0
62	60	0
30	54	0
11	68	0
58	4	0
68	91	0
96	51	0
41	90	0
64	72	0
84	20	0
53	76	0
39	84	0
35	84	0
25	19	0
67	23	0
83	54	0
52	44	0
77	70	0
68	24	0
22	92	0
57	66	0
91	35	0
73	43	0
48	7	0
1	36	1
89	32	0
76	80	0
68	97	0
76	56	0
96	29	0
90	16	0
3	37	1
87	76	0
34	98	0
80	88	0
42	99	0
37	38	0
87	34	0
27	98	0
88	24	0
20	53	0
30	84	0
52	15	1
24	94	0
73	90	0
78	78	0
91	60	0
94	52	0
24	86	0
43	75	0
82	8	0
85	57	0
43	3	0
34	26	0
41	53	1
74	40	0
24	53	0
37	46	0
25	76	0
76	98	0
95	56	0
56	73	0
94	2	0
91	36	0
62	10	1
94	50	0
68	49	0
67	76	0
2	35	1
43	62	0
71	25	0
8	82	0
26	61	0
8	92	0
92	59	0
43	5	1
79	66	0
87	5	0
98	80	0
24	1	0
40	97	0
23	69	0
58	94	0
40	29	0
77	16	0
86	11	0
59	16	1
91	13	0
53	50	0
74	26	0
81	56	0
6	4	0
3	57	1
31	99	0
21	74	0
55	96	0
41	68	0
84	42	0
65	6	1
48	84	0
54	62	0
95	92	0
61	38	0
65	91	0
79	19	0
26	11	0
48	0	0
47	23	1
29	24	0
90	56	0
75	12	0
19	44	0
19	26	0
38	51	1
45	34	0
94	74	0
91	65	0
65	29	0
86	8	0
67	12	0
77	12	0
47	40	0
41	23	0
10	73	0
83	91	0
48	87	0
8	98	0
34	48	0
50	35	0
77	38	0
68	50	0
78	78	0
82	87	0
73	25	0
70	80	0
68	8	0
81	56	0
75	54	0
64	54	0
95	76	0
74	14	0
89	18	0
20	44	0
62	95	0
63	71	0
79	19	0
18	78	0
94	45	0
61	98	0
97	27	0
64	29	0
35	57	0
54	48	0
32	69	1
61	82	0
74	31	0
76	77	0
17	85	0
94	94	0
3	79	0
50	54	1
97	2	0
88	27	0
42	70	0
53	52	0
69	45	0
18	90	0
73	31	0
91	59	0
47	31	0
33	93	0
31	11	0
41	46	1
54	93	0
36	87	0
38	80	0
17	71	0
12	23	0
71	5	0
74	34	0
97	8	0
81	97	0
32	68	1
30	27	0
72	9	0
58	44	0
67	96	0
4	20	0
47	88	0
90	48	0
28	79	0
73	2	0
40	64	0
62	20	0
57	13	1
83	20	0
87	45	0
8	81	0
74	13	0
80	97	0
30	97	0
87	67	0
9	31	0
66	94	0
65	41	0
10	75	0
63	23	0
89	44	0
78	47	0
75	61	0
13	49	0
97	53	0
17	93	0
98	59	0
21	94	0
84	87	0
39	24	0
74	75	0
58	93	0
46	44	1
58	96	0
81	49	0
42	48	1
24	63	0
85	4	0
2	78	0
77	55	0
22	97	0
42	50	1
44	66	0
80	29	0
22	55	0
52	32	0
89	55	0
72	23	0
79	87	0
45	97	0
39	56	1
40	46	0
66	99	0
58	20	1
39	90	0
91	89	0
87	75	0
74	9	0
23	1	0
42	33	0
33	58	0
3	79	0
84	81	0
66	82	0
66	51	0
68	16	0
39	68	0
34	72	0
84	56	0
91	2	0
14	71	0
80	8	0
60	58	0
57	28	1
37	8	1
38	39	0
86	90	0
23	77	0
55	92	0
73	15	0
76	16	0
46	59	0
59	85	0
25	96	0
94	24	0
83	12	0
78	28	0
13	65	0
18	99	0
15	85	0
55	32	1
69	87	0
76	93	0
3	36	0
62	56	0
76	91	0
75	60	0
66	65	0
21	92	0
10	79	0
41	29	0
9	23	0
44	37	0
29	49	0
97	36	0
83	47	0
64	10	1
64	38	0
58	48	0
39	26	0
94	74	0
50	79	0
80	51	0
28	59	1
42	98	0
79	55	0
25	9	0
94	49	0
65	86	0
38	29	0
50	56	0
29	98	0
61	94	0
88	66	0
24	83	0
60	45	0
1	74	0
56	49	0
46	70	0
68	49	0
57	71	0
59	90	0
10	51	0
60	55	0
83	47	0
78	61	0
38	74	0
71	87	0
45	29	0
98	22	0
57	47	0
91	9	0
6	78	0
54	89	0
88	70	0
74	71	0
17	94	0
7	66	0
78	90	0
35	28	0
4	86	0
70	99	0
56	61	0
87	65	0
20	90	0
77	48	0
19	2	0
51	95	0
22	86	0
8	14	0
88	57	0
87	22	0
79	27	0
77	17	0
20	12	0
25	55	0
80	31	0
0	78	0
61	73	0
3	42	1
24	74	0
65	50	0
69	96	0
64	39	0
69	85	0
75	51	0
76	82	0
3	82	0
49	47	0
31	79	0
68	55	0
58	44	0
93	44	0
99	98	0
84	98	0
52	58	0
76	55	0
68	69	0
66	4	0
67	81	0
87	76	0
89	10	0
55	81	0
4	99	0
50	39	0
69	38	0
67	31	0
73	21	0
19	79	0
77	20	0
32	66	1
89	16	0
38	59	0
48	30	0
59	94	0
69	76	0
49	81	0
71	87	0
84	66	0
82	47	0
95	65	0
77	94	0
98	44	0
38	63	0
87	81	0
42	73	0
78	81	0
99	52	0
46	88	0
86	72	0
88	53	0
80	30	0
42	47	1
3	64	0
51	79	0
73	17	0
67	29	0
83	85	0
68	47	0
13	85	0
20	89	0
65	44	0
85	24	0
84	48	0
97	0	0
83	95	0
57	40	0
35	80	0
94	22	0
65	48	0
30	77	0
16	97	0
29	74	0
10	83	0
59	59	0
42	27	0
45	75	0
47	50	1
69	75	0
72	14	0
22	85	0
91	49	0
18	23	0
14	76	0
74	63	0
71	47	0
42	62	0
92	48	0
85	51	0
75	52	0
54	12	1
56	67	0
82	49	0
1	27	0
98	78	0
59	47	0
41	88	0
5	77	0
20	86	0
32	56	0
91	26	0
56	92	0
5	95	0
99	67	0
57	28	1
79	20	0
24	17	0
33	29	0
74	9	0
18	73	0
86	50	0
90	34	0
8	5	0
2	38	1
69	15	0
38	84	0
99	86	0
2	9	0
49	90	0
82	34	0
96	83	0
44	63	0
66	70	0
28	37	0
95	39	0
90	66	0
19	73	0
18	85	0
28	71	0
23	90	0
77	10	0
21	58	0
12	86	0
39	37	0
49	22	1
45	64	0
69	43	0
33	74	0
93	20	0
5	30	0
80	47	0
79	24	0
49	50	1
32	25	0
43	9	1
19	91	0
47	79	0
18	64	0
23	23	0
22	80	0
16	79	0
68	58	0
90	42	0
36	59	0
79	98	0
46	26	0
61	75	0
43	77	0
16	90	0
91	38	0
46	56	0
8	14	0
91	53	0
60	50	0
88	24	0
89	25	0
77	35	0
58	91	0
43	34	0
58	45	0
61	31	0
42	0	0
32	96	0
55	64	0
92	34	0
60	96	0
86	54	0
75	45	0
39	85	0
34	76	0
91	29	0
50	46	0
70	4	0
94	98	0
75	86	0
50	79	0
71	25	0
85	77	0
19	79	0
62	25	0
22	93	0
40	59	0
91	65	0
67	12	1
95	93	0
83	7	0
94	97	0
59	12	1
72	25	0
77	58	0
68	28	0
6	82	0
61	97	0
62	77	0
2	23	0
9	89	0
13	76	0
43	18	1
45	36	0
78	40	0
46	12	1
4	62	0
28	89	0
62	91	0
96	49	0
3	67	0
69	44	0
30	94	0
82	48	0
69	42	0
27	59	0
80	39	0
78	45	0
59	67	0
54	47	0
3	79	0
0	7	0
80	67	0
19	61	0
19	4	0
0	90	0
28	70	0
96	40	0
73	86	0
84	62	0
97	82	0
51	52	1
63	29	0
1	78	0
53	60	0
38	49	1
72	43	0
85	22	0
