99	67	0
19	10	0
32	21	1
64	99	0
11	0	0
86	42	0
98	94	0
49	13	0
54	80	0
56	24	0
81	50	0
9	86	0
9	3	0
15	95	0
94	28	0
69	77	0
48	31	0
87	69	0
97	19	0
54	97	0
48	62	0
80	70	0
47	11	0
22	76	0
55	20	0
97	69	0
83	92	0
89	73	0
7	37	0
53	10	0
48	29	0
95	24	0
76	72	0
11	82	0
35	92	0
77	17	0
74	86	0
27	7	0
48	68	0
78	70	0
93	74	0
59	63	0
96	40	0
17	79	0
70	4	0
96	66	0
19	75	0
65	4	0
5	76	0
42	91	0
28	73	0
89	60	0
58	43	0
42	25	0
89	82	0
98	88	0
99	12	0
28	94	0
98	8	0
25	7	0
76	90	0
30	5	0
2	86	0
86	7	0
30	74	0
59	95	0
36	58	0
3	25	0
74	79	0
86	29	0
27	99	0
49	99	0
65	27	0
25	91	0
57	97	0
7	17	0
99	19	0
82	24	0
53	74	0
86	45	0
90	58	0
56	8	0
40	18	1
66	40	0
0	97	0
65	0	0
47	71	0
41	8	0
53	24	0
86	17	0
37	56	0
86	48	0
2	58	0
75	95	0
3	87	0
41	96	0
88	53	0
74	24	0
35	64	0
36	59	0
62	0	0
68	53	0
14	70	0
38	3	0
13	51	1
65	75	0
45	32	0
8	96	0
85	27	0
43	76	0
78	68	0
93	3	0
66	86	0
62	73	0
14	23	0
58	88	0
97	81	0
72	57	0
23	94	0
64	31	0
30	30	1
73	4	0
99	62	0
98	32	0
88	54	0
42	48	0
62	6	0
68	67	0
12	27	0
42	31	0
95	57	0
51	27	0
56	79	0
56	75	0
58	21	0
41	35	0
55	23	0
14	45	1
57	83	0
47	58	0
47	90	0
73	46	0
58	73	0
62	72	0
96	64	0
26	21	0
41	42	0
17	17	0
11	80	0
26	64	0
87	43	0
45	45	0
90	4	0
35	87	0
55	19	0
30	38	0
68	78	0
33	70	0
57	64	0
45	89	0
36	53	0
39	0	0
54	17	0
40	99	0
33	61	0
77	81	0
88	59	0
16	94	0
90	71	0
28	46	0
23	70	0
50	70	0
47	58	0
13	33	0
71	82	0
97	80	0
39	72	0
77	40	0
9	41	0
59	12	0
65	54	0
61	19	0
80	19	0
1	49	0
43	66	0
57	27	0
44	62	0
97	36	0
32	91	0
20	55	0
76	94	0
46	57	0
21	18	0
34	75	0
59	20	0
92	98	0
37	87	0
94	1	0
15	62	1
11	66	0
97	36	0
56	94	0
63	83	0
65	68	0
39	59	0
15	67	0
21	56	1
61	0	0
55	99	0
98	56	0
44	89	0
72	68	0
82	25	0
48	76	0
32	84	0
44	94	0
41	24	0
66	23	0
79	45	0
53	44	0
75	68	0
1	54	0
71	24	0
21	92	0
67	66	0
87	37	0
74	38	0
47	1	0
5	40	0
86	23	0
69	77	0
57	94	0
69	56	0
89	32	0
89	11	0
1	35	0
86	72	0
40	99	0
88	80	0
40	98	0
60	36	0
79	31	0
21	90	0
79	17	0
21	61	0
28	76	0
49	13	0
27	92	0
76	91	0
83	78	0
92	56	0
97	54	0
21	81	0
33	69	0
82	13	0
82	49	0
43	1	0
41	27	0
45	54	0
79	46	0
25	53	0
42	40	0
34	74	0
74	98	0
90	60	0
56	75	0
93	5	0
98	38	0
61	5	0
84	55	0
78	52	0
64	76	0
0	33	0
42	65	0
69	27	0
16	91	0
28	78	0
9	85	0
92	65	0
55	11	1
36	1	0
40	52	1
77	67	0
69	1	0
94	88	0
28	4	0
49	89	0
13	67	0
54	91	0
43	37	0
7	46	1
77	27	0
78	18	0
51	15	0
88	10	0
42	55	0
77	27	0
81	55	0
6	7	0
3	58	0
30	99	0
15	84	0
53	97	0
49	71	0
80	43	0
65	11	0
52	85	0
46	70	0
98	84	0
1	51	0
64	50	0
67	85	0
82	25	0
30	4	0
41	3	0
51	17	0
38	29	0
81	54	0
74	20	0
24	43	0
21	22	0
31	54	0
45	33	0
95	71	0
91	61	0
2	52	0
63	36	0
89	6	0
65	13	0
77	23	0
51	40	0
40	29	0
1	76	0
68	83	0
43	80	0
9	99	0
35	62	0
57	9	0
48	41	0
82	38	0
74	53	0
16	62	1
84	71	0
86	87	0
79	30	0
71	89	0
78	7	0
77	63	0
69	50	0
69	53	0
85	78	0
73	2	0
90	11	0
24	44	0
56	85	0
62	75	0
77	10	0
22	72	0
96	32	0
56	98	0
98	26	0
62	26	0
28	56	0
61	43	0
38	58	0
56	83	0
81	29	0
85	80	0
38	51	1
17	92	0
94	95	0
46	23	0
6	79	0
45	53	0
96	2	0
81	36	0
31	66	0
63	48	0
58	50	0
16	92	0
80	23	0
42	10	1
88	54	0
50	39	0
34	92	0
22	12	0
50	47	0
52	87	0
1	45	0
39	77	0
39	83	0
49	25	0
20	74	0
17	27	0
71	8	0
71	18	0
97	3	0
85	97	0
29	66	0
34	34	0
82	5	0
59	56	0
71	98	0
3	24	0
51	89	0
96	58	0
31	76	0
80	4	0
39	70	0
68	17	0
55	6	0
87	20	0
87	44	0
10	85	0
75	16	0
88	99	0
23	95	0
92	73	0
42	47	0
10	30	0
68	94	0
67	51	0
6	85	0
72	32	0
79	55	0
75	52	0
82	69	0
28	58	0
99	52	0
28	94	0
97	67	0
24	99	0
92	98	0
46	35	0
64	64	0
58	93	0
45	57	0
60	99	0
74	53	0
48	47	0
30	58	0
88	2	0
3	88	0
92	62	0
26	94	0
50	64	0
43	80	0
82	31	0
33	50	0
53	24	0
96	52	0
73	23	0
87	94	0
42	95	0
38	58	0
50	6	1
33	49	0
60	93	0
51	19	0
42	73	0
89	83	0
34	8	1
93	85	0
79	10	0
21	8	0
42	31	0
26	67	0
45	3	0
10	81	0
86	76	0
54	90	0
65	48	0
65	9	0
36	66	0
39	76	0
99	47	0
97	3	0
14	66	0
76	12	0
44	64	0
42	26	0
39	2	0
33	48	0
83	84	0
27	73	0
52	85	0
66	23	0
76	24	0
49	57	0
63	84	0
27	96	0
92	19	0
85	16	0
77	16	0
18	67	0
21	90	0
18	87	0
63	35	0
72	79	0
74	98	0
0	28	0
61	52	0
65	90	0
70	62	0
60	76	0
15	94	0
19	75	0
46	30	0
44	13	1
7	30	0
42	41	0
31	40	0
97	29	0
82	44	0
67	11	0
68	30	0
58	49	0
43	29	0
98	78	0
50	80	0
82	55	0
37	59	0
34	95	0
76	53	0
57	18	0
31	15	0
98	49	0
72	84	0
48	37	0
45	9	1
51	62	0
40	92	0
63	93	0
96	61	0
23	79	0
62	50	0
7	66	0
63	45	0
51	74	0
66	51	0
51	75	0
64	90	0
1	56	0
53	55	0
77	46	0
81	62	0
36	78	0
71	82	0
43	26	0
94	14	0
54	42	0
99	11	0
0	82	0
45	88	0
88	62	0
70	68	0
14	87	0
17	76	0
78	86	0
46	27	0
6	74	0
76	99	0
45	67	0
95	66	0
29	94	0
75	46	0
13	4	0
41	75	0
20	81	0
35	20	1
7	15	0
91	57	0
96	24	0
50	21	0
72	36	0
83	13	0
22	13	0
32	64	0
75	31	0
0	71	0
60	80	0
6	39	0
16	76	0
67	48	0
59	99	0
69	42	0
74	84	0
74	55	0
37	50	1
73	78	0
10	87	0
45	38	0
24	79	0
73	52	0
65	37	0
99	50	0
91	95	0
85	88	0
46	72	0
68	46	0
63	64	0
38	49	0
11	49	1
69	4	0
68	83	0
87	77	0
84	2	0
55	82	0
9	96	0
50	20	0
53	34	0
68	28	0
60	25	0
76	21	0
23	91	0
75	31	0
28	76	0
94	16	0
43	70	0
52	40	0
64	98	0
73	73	0
42	78	0
69	92	0
88	64	0
91	45	0
96	75	0
83	95	0
98	48	0
37	69	0
95	87	0
51	87	0
80	83	0
96	49	0
47	83	0
84	66	0
88	54	0
77	34	0
36	48	0
1	61	0
58	79	0
68	17	0
54	33	0
47	19	1
87	84	0
65	39	0
34	13	1
46	14	1
15	87	0
12	58	1
10	91	0
61	39	0
91	19	0
89	44	0
95	6	0
75	97	0
9	47	1
57	21	0
54	51	0
36	75	0
94	17	0
64	50	0
28	90	0
30	97	0
24	66	0
20	93	0
32	6	0
66	62	0
49	32	0
47	72	0
44	42	0
4	52	1
70	69	0
69	15	0
19	86	0
93	59	0
22	28	0
17	69	0
76	61	0
67	55	0
52	58	0
91	51	0
91	66	0
72	56	0
58	14	0
68	65	0
81	44	0
10	31	0
91	75	0
53	42	0
36	77	0
12	81	0
26	95	0
23	59	0
91	31	0
10	50	1
62	95	0
4	89	0
91	64	0
49	29	0
78	21	0
20	22	0
33	39	0
77	11	0
17	71	0
37	53	1
87	55	0
88	38	0
5	8	0
12	48	1
47	17	1
5	41	0
66	11	0
48	70	0
94	93	0
5	12	0
49	99	0
86	34	0
40	2	0
88	84	0
42	66	0
77	72	0
35	31	0
98	36	0
91	80	0
22	65	0
14	84	0
2	45	0
21	70	0
15	99	0
73	19	0
32	55	0
9	84	0
26	32	0
62	18	0
42	61	0
75	52	0
47	3	0
33	75	0
94	25	0
8	26	0
72	45	0
98	32	0
47	62	0
30	14	0
45	1	0
19	93	0
43	77	0
24	59	0
18	16	0
20	82	0
26	80	0
67	52	0
90	41	0
35	71	0
84	98	0
47	32	0
64	69	0
46	84	0
2	84	0
84	44	0
45	61	0
11	19	0
92	59	0
54	51	0
89	21	0
81	19	0
80	34	0
60	99	0
42	38	0
58	35	0
61	31	0
41	1	0
42	89	0
53	72	0
88	29	0
57	99	0
87	44	0
78	55	0
40	70	0
27	69	0
80	35	0
52	38	0
74	3	0
96	98	0
73	79	0
46	78	0
70	44	0
81	88	0
14	77	0
56	32	0
14	93	0
6	59	1
42	61	0
79	69	0
66	10	0
93	92	0
83	10	0
99	93	0
58	10	0
71	22	0
75	56	0
66	31	0
14	86	0
52	88	0
65	82	0
7	32	0
16	82	0
13	70	0
37	10	0
39	39	0
2	45	0
75	46	0
51	29	0
9	62	0
14	88	0
66	94	0
91	42	0
0	74	0
61	41	0
29	86	0
80	63	0
70	48	0
3	49	1
25	53	0
83	36	0
71	51	0
70	61	0
16	65	0
58	48	0
4	91	0
7	4	0
86	65	0
17	68	0
25	0	0
2	99	0
24	77	0
97	37	0
75	79	0
89	67	0
84	88	0
52	59	0
61	30	0
2	72	0
48	64	0
33	59	0
64	46	0
91	19	0
