88	61	0
43	12	0
32	31	0
59	97	0
13	7	0
92	36	0
95	91	0
42	5	0
63	84	0
47	17	0
86	45	0
1	78	0
16	7	0
19	67	0
98	22	0
79	76	0
58	30	0
21	52	0
90	61	0
97	14	0
52	92	0
60	70	0
79	84	0
57	2	0
36	82	0
54	7	0
82	73	0
63	83	0
88	76	0
4	26	0
53	20	0
40	18	0
89	32	0
29	54	0
85	63	0
6	89	0
38	98	0
93	27	0
72	91	0
49	2	0
22	69	0
93	57	0
93	71	0
53	69	0
98	49	0
6	80	0
23	38	1
65	0	0
97	67	0
14	69	0
62	7	0
13	78	0
56	93	0
37	74	0
97	71	0
49	33	0
29	25	0
96	75	0
95	97	0
96	9	0
18	97	0
98	16	0
40	9	0
75	76	0
41	8	0
12	97	0
82	6	0
42	88	0
72	95	0
48	65	0
1	34	0
67	93	0
26	31	1
11	54	0
93	32	0
27	40	1
29	87	0
54	99	0
62	29	0
31	97	0
58	99	0
1	22	0
98	10	0
94	17	0
39	60	0
81	43	0
23	40	1
81	59	0
50	10	0
37	7	0
70	46	0
13	95	0
56	6	0
55	84	0
40	3	0
49	32	0
86	46	0
38	64	0
73	46	0
7	60	0
77	82	0
2	78	0
33	98	0
97	57	0
62	10	0
44	69	0
36	67	0
65	2	0
70	52	0
3	59	0
30	0	0
14	40	0
40	32	0
68	87	0
54	52	0
15	92	0
86	6	0
50	77	0
78	80	0
96	2	0
67	82	0
51	69	0
33	9	0
55	99	0
98	71	0
68	63	0
25	98	0
62	35	0
33	15	0
18	46	0
78	7	0
7	62	0
94	60	0
99	23	0
83	37	0
38	51	0
49	13	0
83	73	0
18	15	0
32	14	0
86	63	0
42	39	0
67	72	0
65	94	0
50	35	0
49	36	0
58	37	0
13	44	0
32	54	0
27	55	0
77	84	0
42	56	0
27	97	0
73	43	0
72	63	0
54	80	0
91	71	0
16	27	0
55	52	0
14	9	0
24	82	0
32	72	0
88	34	0
42	40	0
78	10	0
44	84	0
51	26	0
51	46	0
71	77	0
29	65	0
50	78	0
33	82	0
32	45	0
43	12	0
54	5	0
32	72	0
23	80	0
78	74	0
93	68	0
28	91	0
92	70	0
27	55	0
24	86	0
57	69	0
37	56	0
23	13	0
7	28	1
75	96	0
90	81	0
57	63	0
74	34	0
3	50	0
58	6	0
78	39	0
63	25	0
71	28	0
17	61	0
9	51	0
53	53	0
75	20	0
43	60	0
93	27	0
32	95	0
24	65	0
36	23	0
81	78	0
35	57	0
33	9	0
20	82	0
54	14	0
96	82	0
62	90	0
96	1	0
8	75	0
24	63	0
93	28	0
52	81	0
47	36	0
53	65	0
47	70	0
47	66	0
19	77	0
25	57	0
65	2	0
2	60	0
59	77	0
92	42	0
43	88	0
78	63	0
64	31	0
48	70	0
26	86	0
40	94	0
51	37	0
77	38	0
85	60	0
70	37	0
64	66	0
9	46	0
49	17	0
7	85	0
66	55	0
67	41	0
67	26	0
52	18	0
7	56	0
87	15	0
38	10	0
65	66	0
53	75	0
70	33	0
98	36	0
97	8	0
8	57	0
98	75	0
20	99	0
91	75	0
33	96	0
56	31	0
62	16	0
18	86	0
72	33	0
42	67	0
36	70	0
41	10	0
32	96	0
82	88	0
71	93	0
82	45	0
92	72	0
23	92	0
43	64	0
62	8	0
70	38	0
31	17	0
36	2	0
51	16	0
50	60	0
74	42	0
36	47	0
39	51	0
34	73	0
74	87	0
80	67	0
57	77	0
82	1	0
84	43	0
64	3	0
18	45	0
26	33	1
74	44	0
69	53	0
67	68	0
11	34	0
35	70	0
58	19	0
22	86	0
30	90	0
29	70	0
93	63	0
44	14	0
37	3	0
31	54	0
77	70	0
62	11	0
73	92	0
13	7	0
55	99	0
4	67	0
35	92	0
45	37	0
1	56	0
81	26	0
76	4	0
50	11	0
87	13	0
36	53	0
13	53	0
75	23	0
87	60	0
7	17	0
2	66	0
30	93	0
4	85	0
47	99	0
56	74	0
52	38	0
60	12	0
43	86	0
43	66	0
80	96	0
31	32	0
6	56	0
26	48	0
66	55	0
70	81	0
28	22	0
79	26	0
35	1	0
48	1	0
60	17	0
33	44	0
77	72	0
86	10	0
16	40	0
52	20	0
53	52	0
41	36	0
33	50	0
84	76	0
73	60	0
11	49	0
54	29	0
96	9	0
58	9	0
53	28	0
48	37	0
41	30	0
3	73	0
60	84	0
28	75	0
21	92	0
29	97	0
58	12	0
37	36	0
97	47	0
89	57	0
0	72	0
81	68	0
69	70	0
79	23	0
79	84	0
79	7	0
78	61	0
81	62	0
36	23	0
63	53	0
23	50	0
90	81	0
70	19	0
96	15	0
32	51	0
40	92	0
70	69	0
88	14	0
13	68	0
94	27	0
49	98	0
79	20	0
71	43	0
43	54	0
57	40	0
28	40	1
35	50	0
59	85	0
82	29	0
37	24	0
72	74	0
30	69	0
9	99	0
86	95	0
38	35	0
1	87	0
61	30	0
90	21	0
84	41	0
10	64	0
62	37	0
47	30	0
43	43	0
12	96	0
81	21	0
55	5	0
87	43	0
49	48	0
26	79	0
16	1	0
57	60	0
49	90	0
11	52	0
40	71	0
36	73	0
53	37	0
19	87	0
4	49	0
21	44	1
61	16	0
89	30	0
94	7	0
79	84	0
18	62	0
25	33	1
44	24	0
87	0	0
72	62	0
79	89	0
9	47	0
66	90	0
95	62	0
37	89	0
71	4	0
61	52	0
64	27	0
75	10	0
45	32	0
42	12	0
97	3	0
85	32	0
8	83	0
82	14	0
92	98	0
23	94	0
96	64	0
46	53	0
10	25	0
88	91	0
63	46	0
2	99	0
66	37	0
77	36	0
72	55	0
84	66	0
26	75	0
88	66	0
33	87	0
98	83	0
33	91	0
97	79	0
28	34	1
38	28	0
60	64	0
63	96	0
42	65	0
72	96	0
69	49	0
32	63	0
36	65	0
86	6	0
8	87	0
91	52	0
18	86	0
52	72	0
42	82	0
89	43	0
40	52	0
45	27	0
83	56	0
67	13	0
89	89	0
61	91	0
44	51	0
51	8	0
37	37	0
58	83	0
36	26	0
45	65	0
77	70	0
37	17	0
97	92	0
52	15	0
19	6	0
54	22	0
20	76	0
38	3	0
14	60	0
91	93	0
58	84	0
65	53	0
58	2	0
41	71	0
45	49	0
95	59	0
84	5	0
4	69	0
74	0	0
57	74	0
62	32	0
42	14	0
36	69	0
87	83	0
29	75	0
38	84	0
78	25	0
19	49	0
62	34	0
43	69	0
61	81	0
35	97	0
87	6	0
95	25	0
72	17	0
28	76	0
24	98	0
26	76	0
68	38	0
85	76	0
78	88	0
13	44	0
74	41	0
71	74	0
78	73	0
59	77	0
20	79	0
15	65	0
47	25	0
37	15	0
3	36	0
42	56	0
25	46	0
84	30	0
83	35	0
75	0	0
80	48	0
53	61	0
20	63	0
54	27	0
89	83	0
50	94	0
76	63	0
31	58	0
35	85	0
76	49	0
26	47	0
80	28	0
21	50	0
36	17	0
89	51	0
85	93	0
54	52	0
10	62	0
54	7	0
58	53	0
35	82	0
37	30	0
83	91	0
95	67	0
16	83	0
65	46	0
8	68	0
81	56	0
31	60	0
49	60	0
36	77	0
60	65	0
5	55	0
74	61	0
67	53	0
81	46	0
23	76	0
63	86	0
54	14	0
94	18	0
53	33	0
99	10	0
8	82	0
37	40	0
34	70	0
85	65	0
24	54	0
79	72	0
18	97	0
17	87	0
90	91	0
48	28	0
9	66	0
76	92	0
48	66	0
82	58	0
24	92	0
95	32	0
26	5	0
32	81	0
25	79	0
27	11	0
17	46	0
11	25	0
76	70	0
99	20	0
58	12	0
75	27	0
88	29	0
29	9	0
36	57	0
95	38	0
7	59	0
52	94	0
6	54	0
31	84	0
67	53	0
53	96	0
79	51	0
70	85	0
32	41	0
72	59	0
42	55	0
74	62	0
6	69	0
57	28	0
28	84	0
82	40	0
73	26	0
87	73	0
97	95	0
83	81	0
51	69	0
69	43	0
53	73	0
41	22	0
31	8	0
37	79	0
1	40	0
64	8	0
57	89	0
86	85	0
82	5	0
15	42	0
60	82	0
19	97	0
62	4	0
57	44	0
60	20	0
42	21	0
47	18	0
83	9	0
39	99	0
69	28	0
29	98	0
94	17	0
23	46	0
41	66	0
69	27	0
78	94	0
67	72	0
44	64	0
58	94	0
72	67	0
82	48	0
12	63	0
82	84	0
81	98	0
15	60	0
92	49	0
32	72	0
96	85	0
51	91	0
40	17	0
71	67	0
88	60	0
57	81	0
72	62	0
92	68	0
68	36	0
17	56	0
3	61	0
63	74	0
72	38	0
54	48	0
50	1	0
32	22	0
97	72	0
15	57	0
27	47	0
61	28	0
43	11	0
55	26	0
19	96	0
10	56	0
22	78	0
70	51	0
80	23	0
88	34	0
92	2	0
60	88	0
11	54	0
57	29	0
54	53	0
45	79	0
95	16	0
60	59	0
44	87	0
19	89	0
39	60	0
27	92	0
35	18	0
72	77	0
46	32	0
41	81	0
56	39	0
9	46	0
65	61	0
66	12	0
25	86	0
93	45	0
23	38	1
23	56	0
21	14	0
4	65	0
78	62	0
74	63	0
46	55	0
80	58	0
87	67	0
64	37	0
68	24	0
80	71	0
79	22	0
0	50	0
75	85	0
31	36	0
62	34	0
8	63	0
1	86	0
36	91	0
36	53	0
95	24	0
1	48	0
61	92	0
5	89	0
87	60	0
48	42	0
81	26	0
12	11	0
47	33	0
72	2	0
25	85	0
53	46	0
98	63	0
88	35	0
9	0	0
10	44	0
60	18	0
6	56	0
82	3	0
51	71	0
39	28	0
89	95	0
10	17	0
29	90	0
94	53	0
32	14	0
89	98	0
48	61	0
60	60	0
38	34	0
89	32	0
95	91	0
5	58	0
3	70	0
15	51	0
22	81	0
21	93	0
65	29	0
36	56	0
12	88	0
42	20	0
70	15	0
37	60	0
60	47	0
49	12	0
35	74	0
36	35	0
87	21	0
5	33	0
77	56	0
91	15	0
54	42	0
36	21	0
49	4	0
17	90	0
45	69	0
46	63	0
36	11	0
19	91	0
8	85	0
69	47	0
94	35	0
30	27	0
27	60	0
87	90	0
50	29	0
68	73	0
58	84	0
7	81	0
76	35	0
46	59	0
12	40	0
98	75	0
51	63	0
92	16	0
76	18	0
91	21	0
66	95	0
54	63	0
45	48	0
63	22	0
42	8	0
60	89	0
60	66	0
17	56	0
74	34	0
48	94	0
93	31	0
87	61	0
29	78	0
47	55	0
27	36	1
82	31	0
39	51	0
84	2	0
98	95	0
70	70	0
51	80	0
76	38	0
67	88	0
15	82	0
41	6	0
13	92	0
15	64	0
50	68	0
75	78	0
65	15	0
95	95	0
91	12	0
96	90	0
61	12	0
82	29	0
73	61	0
52	41	0
11	85	0
55	96	0
69	87	0
34	48	0
10	34	0
20	91	0
13	65	0
40	10	0
41	44	0
18	64	0
32	39	0
0	43	0
97	59	0
42	23	0
16	64	0
29	81	0
65	79	0
90	53	0
3	74	0
62	45	0
26	59	0
75	48	0
60	30	0
3	53	0
25	49	0
81	55	0
65	53	0
84	54	0
3	67	0
61	53	0
7	78	0
4	9	0
87	71	0
15	59	0
30	1	0
34	20	0
13	95	0
17	79	0
94	40	0
66	72	0
76	62	0
77	83	0
47	63	0
60	41	0
3	71	0
47	70	0
33	52	0
68	58	0
79	13	0
