81	64	0
33	30	0
65	94	0
14	7	0
94	38	0
81	90	0
43	79	1
71	45	0
2	82	0
3	6	0
13	95	0
93	44	0
68	75	0
36	39	0
70	82	0
96	54	0
53	94	0
59	71	0
36	25	0
85	72	0
91	90	0
78	78	0
4	31	0
66	70	0
77	35	0
64	90	0
53	69	0
67	76	0
95	48	0
94	23	0
93	74	0
38	3	0
42	91	1
73	32	0
31	17	0
96	77	0
82	76	0
94	22	0
94	15	0
23	33	0
61	80	0
7	90	0
95	12	0
56	96	0
19	27	0
82	79	0
88	28	0
55	96	0
7	18	0
96	16	0
70	40	0
44	85	1
70	23	0
53	45	0
75	31	0
10	97	0
47	85	1
90	61	0
63	91	0
11	63	0
43	84	1
93	56	0
39	38	0
28	9	0
70	63	0
8	87	0
99	33	0
43	68	0
90	57	0
99	7	0
76	99	0
68	83	0
4	26	0
68	80	0
85	64	0
80	42	0
18	95	0
53	39	0
89	47	0
88	41	0
90	35	0
18	58	0
3	13	0
97	60	0
58	93	0
40	75	0
60	96	0
68	38	0
64	67	0
80	71	0
84	72	0
16	19	0
13	8	0
84	58	0
88	0	0
26	92	1
12	50	0
71	80	0
60	80	0
60	83	0
52	7	0
48	91	0
69	87	0
74	54	0
15	91	0
95	82	0
3	84	0
14	50	0
79	89	0
87	73	0
51	71	0
70	42	0
81	38	0
49	69	0
20	50	0
44	80	1
37	26	0
93	83	0
75	8	0
80	35	0
77	92	0
62	79	0
69	67	0
19	21	0
13	76	1
60	97	0
70	66	0
45	96	1
50	93	0
30	88	0
34	39	0
72	64	0
56	47	0
66	72	0
68	32	0
4	95	0
70	61	1
92	33	0
62	35	0
47	21	0
79	19	0
64	69	0
75	93	0
86	74	0
94	20	0
99	34	0
96	72	0
66	70	0
57	86	0
69	14	1
16	73	0
92	11	0
6	46	0
35	87	1
81	80	0
76	77	0
96	52	0
84	55	0
47	78	1
91	66	0
52	10	0
44	23	0
77	58	0
27	79	0
62	82	0
76	70	0
81	7	1
93	48	0
96	34	0
73	53	0
63	94	0
56	11	0
2	94	0
6	90	0
98	60	0
67	57	0
85	18	1
93	71	0
18	17	0
43	95	1
85	3	0
78	7	0
93	25	0
84	27	0
76	33	0
13	12	0
28	79	0
52	90	0
82	44	0
73	93	0
94	73	0
68	36	0
66	87	0
8	7	0
37	13	0
42	28	0
70	34	0
77	14	1
0	55	0
32	19	0
96	81	0
97	65	0
99	13	0
63	3	0
36	6	0
98	96	0
27	85	0
7	97	0
41	37	0
76	42	0
71	69	0
58	68	0
83	83	0
71	35	0
75	76	0
85	30	0
86	70	0
65	40	0
99	76	0
62	22	0
97	5	0
29	49	0
74	85	0
98	41	0
95	44	0
72	97	0
94	41	0
68	15	1
44	49	0
59	97	0
68	82	0
20	79	0
79	81	0
7	94	0
95	5	0
91	15	1
48	79	1
12	97	0
88	37	0
92	71	0
26	2	0
48	98	0
46	62	0
7	14	0
87	41	0
89	12	0
67	90	0
15	20	0
75	32	0
71	79	0
10	28	0
47	89	1
79	42	0
87	3	0
90	67	0
66	17	0
93	97	0
34	93	1
66	62	1
9	35	0
57	92	0
64	58	0
96	41	0
64	42	0
67	57	1
4	56	0
94	74	0
93	68	0
2	88	0
78	85	0
39	22	0
65	60	0
63	98	0
60	91	0
99	51	0
63	8	0
68	38	0
30	97	1
82	29	0
96	55	0
78	36	0
87	69	0
43	96	1
51	97	0
86	95	0
77	90	0
11	5	0
6	83	0
81	90	0
61	99	0
68	21	0
84	55	0
90	0	0
94	11	1
92	79	0
63	81	0
92	14	0
85	13	1
69	82	0
93	14	0
99	4	0
79	32	0
6	46	0
11	91	0
20	98	1
86	87	0
87	93	0
81	87	0
88	64	0
80	82	0
9	92	0
24	19	0
0	9	0
35	38	0
83	13	1
82	32	0
61	66	0
61	2	0
86	85	0
83	82	0
83	47	0
71	66	0
29	9	0
98	41	0
73	95	0
53	32	0
24	95	1
73	83	0
98	64	0
20	57	0
44	65	0
57	75	0
48	91	0
2	45	0
75	73	0
96	44	0
95	69	0
57	89	0
87	26	0
82	8	0
12	76	1
36	81	1
98	70	0
65	71	0
5	95	0
11	76	1
78	87	0
19	21	0
2	84	0
63	75	0
65	71	0
79	86	0
5	89	0
79	56	0
18	0	0
51	82	0
8	90	0
4	18	0
97	58	0
77	20	0
18	21	0
17	37	0
68	39	0
65	74	0
93	75	0
84	46	0
78	79	0
72	88	0
1	61	0
83	61	0
64	24	0
97	42	0
81	88	0
83	73	0
51	74	0
95	74	0
99	8	0
51	73	0
2	96	0
75	36	0
62	23	1
81	22	1
32	29	0
61	87	0
54	47	1
38	71	0
62	91	0
88	48	0
91	37	0
72	65	0
93	85	0
88	48	0
90	98	0
81	70	0
77	38	0
42	89	0
89	77	0
84	74	0
97	30	0
41	67	0
80	23	1
56	34	0
84	91	0
87	59	0
25	84	0
77	35	0
70	39	0
91	42	0
80	15	1
94	85	0
82	12	1
73	39	0
4	81	0
10	97	0
45	29	0
20	71	0
47	85	1
64	5	0
0	95	0
74	45	0
15	14	0
16	64	0
62	66	0
74	70	0
75	56	0
77	47	0
73	67	0
88	46	0
12	41	0
94	86	0
49	97	0
88	26	0
44	99	1
20	88	0
92	56	0
59	31	0
23	20	0
30	30	0
82	49	0
98	28	0
19	0	0
43	0	0
55	69	0
96	82	0
23	8	0
45	78	1
56	20	0
89	80	0
70	65	0
63	87	0
15	48	0
98	48	0
90	64	0
0	87	0
2	90	0
57	30	0
94	25	0
13	28	0
88	40	0
78	9	0
41	30	0
20	94	0
59	86	0
20	32	0
76	41	0
62	84	0
19	96	1
64	33	0
6	3	0
87	55	0
88	33	0
84	34	0
63	21	0
54	94	0
44	91	1
84	33	0
56	99	0
66	63	0
74	49	0
56	93	0
91	48	0
94	99	0
86	89	0
46	83	1
87	9	1
82	76	0
75	18	0
93	51	0
91	94	0
89	97	0
91	20	0
81	68	0
10	93	0
84	97	0
70	79	0
8	20	0
21	92	0
89	24	0
19	95	0
50	81	1
80	39	0
76	52	0
22	93	1
79	50	0
97	56	0
84	35	0
85	27	0
1	86	0
16	11	0
55	81	0
24	63	0
36	7	0
0	86	0
96	44	0
90	84	0
85	46	0
88	81	0
73	52	0
89	14	1
99	37	0
