5	23	1
91	60	0
48	11	0
41	19	0
53	94	0
5	41	0
86	32	0
86	72	0
0	13	0
50	13	0
65	93	0
44	42	0
70	45	0
4	91	0
27	9	0
19	53	0
86	2	0
83	79	0
64	33	0
28	57	0
96	60	0
98	6	0
47	74	0
75	75	0
84	83	0
82	2	0
19	99	0
62	18	0
73	70	0
66	81	0
94	56	0
7	47	0
27	33	0
47	19	0
76	16	0
46	46	0
88	79	0
10	94	0
67	64	0
99	15	0
82	97	0
42	18	0
29	63	0
65	50	0
91	46	0
55	80	0
95	48	0
21	98	0
34	43	0
60	7	0
89	46	0
21	70	0
60	7	0
37	81	0
72	91	0
20	64	0
96	65	0
46	11	0
35	55	0
73	69	0
94	95	0
76	1	0
20	97	0
89	2	0
48	13	0
91	63	0
45	20	0
14	90	0
86	4	0
34	76	0
89	78	0
56	50	0
23	41	0
84	71	0
14	35	0
27	51	0
83	41	0
17	7	0
7	47	0
50	87	0
66	99	0
63	22	0
45	96	0
76	98	0
9	11	0
11	29	0
86	11	0
85	15	0
54	49	0
84	40	0
23	17	0
77	47	0
50	53	0
35	12	0
34	8	0
66	53	0
27	83	0
50	3	0
43	81	0
41	4	0
35	40	0
82	35	0
47	63	0
61	48	0
21	83	0
70	83	0
0	82	0
52	90	0
83	48	0
62	20	0
50	80	0
2	43	0
66	12	0
54	72	0
9	85	0
35	6	0
25	47	0
18	30	0
80	85	0
3	29	0
44	25	0
0	0	0
38	96	0
94	7	0
64	61	0
1	37	0
73	85	0
93	19	0
64	61	0
56	86	0
34	24	0
64	93	0
21	17	0
73	85	0
69	48	0
28	95	0
80	25	0
47	38	0
13	18	0
65	3	0
5	6	0
10	85	0
18	0	0
99	95	0
97	20	0
81	40	0
44	63	0
62	24	0
85	90	0
1	3	0
37	19	0
19	12	0
78	75	0
46	37	0
89	72	0
84	78	0
49	27	0
52	29	0
83	52	0
3	52	0
22	75	0
17	65	0
96	74	0
49	60	0
36	96	0
94	43	0
70	75	0
51	86	0
24	46	0
99	75	0
3	49	0
38	36	0
22	30	0
33	77	0
29	71	0
94	18	0
60	38	0
77	7	0
46	83	0
61	23	0
60	40	0
76	75	0
19	53	0
65	58	0
28	99	0
31	60	0
28	6	0
58	22	0
26	99	0
4	74	0
67	72	0
82	48	0
19	85	0
20	45	0
92	78	0
29	47	0
34	78	0
31	87	0
60	37	0
29	3	0
19	48	0
73	92	0
98	77	0
65	93	0
71	12	0
15	52	0
65	11	0
55	23	0
55	34	0
73	12	0
23	68	0
18	80	0
45	62	0
68	35	0
30	72	0
87	29	0
60	82	0
35	72	0
25	12	0
93	73	0
31	79	0
47	1	0
0	89	0
79	20	0
94	72	0
87	81	0
84	30	0
1	81	0
13	73	0
99	49	0
66	66	0
45	48	0
43	69	0
74	74	0
41	67	0
20	89	0
37	65	0
75	3	0
4	57	0
70	98	0
66	36	0
25	89	0
87	64	0
46	17	0
36	63	0
14	75	0
33	96	0
65	30	0
68	22	0
24	37	0
97	59	0
59	46	0
78	43	0
2	90	0
59	18	0
24	79	0
74	72	0
65	63	0
68	55	0
60	0	0
14	9	0
0	60	0
86	57	0
52	10	0
71	55	0
45	93	0
64	52	0
89	33	0
96	14	0
22	59	0
93	75	0
13	77	0
22	26	0
91	46	0
39	97	0
46	42	0
47	4	0
15	90	0
73	28	0
37	44	0
34	75	0
43	4	0
19	79	0
89	86	0
90	70	0
55	33	0
80	66	0
16	83	0
47	49	0
62	2	0
67	20	0
37	21	0
51	11	0
57	11	0
55	30	0
76	23	0
33	47	0
28	40	0
56	37	0
66	68	0
85	85	0
38	99	0
76	11	0
91	53	0
67	12	0
15	58	0
22	7	0
86	38	0
60	26	0
79	69	0
15	41	0
53	65	0
63	12	0
34	93	0
29	84	0
52	79	0
97	52	0
45	25	0
52	8	0
29	44	0
79	44	0
74	8	0
68	91	0
29	8	0
67	88	0
7	66	0
43	74	0
39	20	0
3	53	0
12	17	0
80	7	0
28	39	0
72	17	0
36	7	0
2	4	0
76	17	0
26	65	0
30	49	0
98	22	0
78	55	0
13	35	0
24	39	0
2	55	0
41	93	0
19	75	0
12	3	0
28	92	0
52	56	0
44	14	0
18	13	0
55	37	0
49	76	0
38	72	0
81	91	0
31	31	0
23	61	0
30	49	0
52	70	0
78	95	0
50	11	0
66	7	0
29	9	0
53	16	0
50	9	0
17	61	0
83	49	0
65	0	0
24	49	0
59	7	0
55	61	0
43	51	0
43	55	0
79	83	0
71	41	0
20	67	0
53	53	0
19	18	0
99	9	0
47	4	0
61	33	0
54	25	0
20	40	0
13	76	0
60	72	0
11	70	0
39	89	0
31	84	0
36	25	0
41	37	0
92	55	0
60	40	0
13	69	0
71	77	0
4	23	0
63	91	0
26	27	0
67	20	0
71	88	0
69	2	0
89	57	0
76	39	0
44	21	0
42	41	0
38	35	0
90	83	0
11	20	0
65	20	0
79	4	0
16	52	0
46	77	0
72	74	0
72	7	0
1	65	0
92	41	0
62	96	0
4	15	0
70	4	0
54	62	0
36	73	0
63	48	0
22	34	0
54	40	0
72	90	0
60	54	0
34	24	0
80	74	0
22	42	0
19	79	0
78	83	0
46	16	0
6	83	0
71	13	0
87	26	0
65	35	0
18	57	0
65	16	0
22	20	0
64	52	0
18	95	0
73	52	0
50	5	0
84	54	0
33	27	0
29	79	0
41	3	0
85	37	0
11	9	0
65	99	0
15	90	0
31	36	0
58	61	0
57	34	0
10	82	0
9	40	0
22	46	0
58	3	0
96	39	0
65	24	0
86	95	0
28	68	0
20	27	0
43	24	0
36	28	0
90	9	0
54	58	0
74	78	0
28	51	0
57	93	0
73	62	0
40	84	0
73	6	0
72	46	0
76	15	0
62	11	0
52	19	0
32	33	0
94	6	0
59	25	0
7	79	0
92	5	0
97	83	0
8	93	0
11	25	0
90	66	0
43	50	0
27	0	0
87	83	0
80	60	0
25	99	0
63	30	0
76	38	0
94	57	0
10	24	0
88	79	0
30	78	0
70	78	0
29	96	0
97	64	0
32	55	0
15	80	0
99	78	0
38	29	0
24	32	0
66	68	0
61	98	0
46	69	0
11	11	0
45	75	0
61	60	0
35	60	0
31	71	0
87	23	0
10	94	0
80	53	0
22	74	0
34	62	0
45	73	0
96	33	0
45	31	0
16	48	0
2	22	0
63	39	0
97	75	0
56	18	0
82	93	0
74	95	0
29	30	0
47	17	0
22	57	0
26	68	0
1	26	0
32	30	0
51	74	0
55	82	0
32	27	0
69	87	0
51	32	0
39	9	0
67	36	0
23	76	0
48	16	0
8	57	0
91	83	0
62	99	0
57	56	0
73	9	0
43	63	0
7	25	0
3	24	0
41	46	0
88	59	0
90	3	0
0	69	0
75	5	0
90	87	0
69	17	0
32	0	0
23	63	0
75	74	0
36	85	0
50	79	0
81	26	0
21	74	0
57	20	0
66	79	0
58	90	0
31	90	0
98	9	0
95	15	0
64	11	0
38	90	0
13	95	0
5	87	0
77	61	0
73	66	0
95	66	0
8	50	0
84	44	0
70	68	0
9	16	0
79	64	0
61	72	0
22	51	0
10	64	0
36	26	0
41	41	0
17	63	0
63	50	0
48	49	0
93	45	0
83	37	0
83	7	0
75	34	0
49	89	0
5	23	1
16	16	0
18	53	0
77	52	0
97	82	0
74	73	0
96	76	0
22	41	0
50	74	0
51	37	0
37	63	0
78	46	0
6	36	0
21	72	0
45	21	0
81	73	0
65	94	0
51	67	0
6	24	1
35	74	0
24	13	0
83	66	0
30	73	0
54	38	0
83	82	0
94	85	0
8	98	0
35	53	0
14	72	0
80	76	0
36	46	0
54	61	0
45	85	0
79	72	0
23	32	0
17	62	0
85	71	0
75	59	0
94	57	0
49	84	0
55	84	0
66	34	0
35	22	0
87	25	0
45	26	0
86	6	0
17	82	0
18	29	0
0	8	0
35	96	0
90	73	0
24	36	0
95	53	0
18	99	0
17	74	0
31	0	0
96	92	0
27	20	0
10	79	0
67	97	0
40	64	0
79	72	0
21	81	0
83	23	0
18	25	0
38	83	0
23	70	0
27	22	0
27	34	0
26	38	0
99	61	0
81	12	0
53	13	0
75	9	0
91	50	0
38	13	0
56	27	0
86	31	0
8	50	0
41	87	0
11	49	0
14	82	0
79	59	0
51	96	0
55	47	0
70	86	0
44	21	0
95	74	0
43	66	0
94	52	0
8	71	0
58	47	0
26	66	0
69	33	0
9	29	0
56	38	0
87	74	0
81	80	0
84	94	0
24	78	0
19	40	0
44	41	0
39	63	0
35	31	0
23	11	0
38	62	0
9	56	0
62	3	0
76	78	0
83	52	0
91	9	0
11	44	0
8	3	0
84	90	0
13	84	0
51	25	0
55	35	0
80	18	0
17	0	0
56	10	0
13	48	0
2	36	0
48	16	0
51	2	0
0	29	0
33	80	0
63	24	0
34	98	0
77	6	0
39	45	0
60	61	0
67	9	0
93	60	0
61	64	0
46	67	0
43	94	0
82	94	0
22	12	0
89	57	0
16	59	0
86	78	0
56	78	0
15	36	0
18	55	0
99	45	0
28	75	0
94	95	0
64	81	0
49	4	0
32	52	0
82	57	0
42	85	0
77	41	0
86	73	0
67	31	0
11	65	0
15	62	0
90	90	0
71	32	0
60	62	0
56	1	0
10	10	0
81	61	0
31	23	0
16	62	0
35	58	0
59	48	0
33	5	0
59	35	0
5	78	0
19	47	0
12	64	0
2	50	0
84	58	0
23	21	0
58	21	0
98	15	0
88	9	0
49	64	0
3	77	0
58	28	0
31	25	0
10	18	0
16	13	0
77	64	0
65	20	0
41	40	0
44	76	0
53	81	0
15	88	0
31	67	0
54	83	0
23	44	0
86	94	0
49	29	0
37	80	0
22	10	0
54	10	0
9	46	0
63	46	0
66	14	0
30	77	0
84	67	0
63	54	0
44	49	0
45	12	0
2	80	0
78	67	0
67	54	0
53	43	0
71	69	0
71	81	0
74	40	0
67	6	0
98	79	0
88	10	0
4	76	0
71	64	0
0	32	0
2	27	0
26	0	0
48	32	0
0	9	0
7	44	0
21	71	0
30	94	0
37	52	0
96	30	0
6	47	0
59	94	0
27	86	0
1	22	0
96	60	0
39	68	0
13	24	0
88	46	0
28	1	0
61	16	0
61	1	0
15	4	0
25	80	0
46	56	0
82	77	0
68	43	0
13	2	0
36	32	0
50	9	0
5	31	0
1	68	0
71	5	0
35	63	0
51	43	0
70	94	0
18	43	0
15	99	0
94	48	0
23	23	0
88	81	0
53	60	0
65	31	0
49	35	0
96	19	0
88	61	0
23	57	0
19	91	0
29	44	0
0	85	0
6	94	0
84	14	0
41	50	0
1	91	0
53	1	0
66	8	0
45	43	0
25	20	0
60	43	0
37	26	0
12	78	0
24	32	0
56	4	0
7	47	0
99	48	0
99	12	0
52	55	0
37	2	0
40	19	0
19	97	0
63	84	0
28	65	0
10	10	0
41	22	0
12	81	0
0	73	0
62	43	0
79	45	0
52	38	0
15	73	0
24	28	0
86	73	0
66	33	0
52	79	0
61	94	0
27	11	0
3	88	0
65	18	0
58	78	0
36	44	0
93	75	0
36	77	0
95	20	0
83	21	0
97	24	0
81	88	0
49	56	0
24	74	0
74	16	0
40	6	0
65	79	0
62	76	0
13	44	0
62	54	0
64	85	0
78	21	0
94	47	0
5	63	0
60	45	0
19	26	0
92	29	0
66	40	0
70	16	0
90	93	0
75	78	0
53	70	0
76	38	0
60	70	0
16	92	0
31	6	0
0	91	0
16	76	0
57	59	0
65	94	0
80	19	0
90	96	0
82	3	0
10	3	0
87	79	0
64	13	0
95	24	0
78	70	0
54	39	0
10	53	0
66	85	0
66	69	0
2	44	0
9	48	0
45	94	0
6	79	0
55	6	0
48	45	0
9	69	0
35	26	0
20	28	0
13	44	0
97	51	0
53	37	0
4	48	0
27	90	0
87	70	0
5	13	0
86	96	0
31	81	0
58	47	0
40	64	0
99	40	0
66	41	0
2	7	0
13	5	0
0	49	0
13	51	0
97	80	0
78	48	0
98	69	0
14	56	0
79	59	0
19	82	0
4	1	0
73	75	0
0	18	0
23	65	0
34	5	0
28	28	0
9	70	0
44	90	0
3	7	0
67	46	0
55	67	0
75	66	0
82	82	0
35	91	0
35	26	0
9	66	0
5	14	0
39	71	0
46	53	0
64	55	0
85	16	0
