97	66	0
25	16	0
62	99	0
15	4	0
87	42	0
87	99	0
45	80	0
67	45	0
1	85	0
1	5	0
16	86	0
94	47	0
66	81	0
34	33	0
86	88	0
99	41	0
45	98	0
37	84	0
64	73	0
43	14	0
77	73	0
89	89	0
73	85	0
5	19	0
80	14	0
68	74	0
34	96	0
80	21	0
66	87	0
48	66	0
79	82	0
97	51	0
95	25	0
21	74	1
89	79	0
14	67	1
38	2	0
8	73	0
34	84	0
80	48	0
32	14	0
97	92	0
87	87	0
98	19	0
31	81	1
94	13	0
26	28	0
70	86	0
6	88	0
92	7	0
64	93	0
6	22	0
76	85	0
88	27	0
23	86	0
62	96	0
84	16	0
25	87	0
31	89	1
25	5	0
95	3	0
76	30	0
48	77	0
86	22	0
60	45	0
79	33	0
10	97	0
46	86	0
75	12	1
92	66	0
71	97	0
5	69	0
40	99	0
95	56	0
74	17	0
53	11	1
49	32	0
34	6	0
70	57	0
2	83	0
91	29	0
46	68	0
84	53	0
85	3	0
73	97	0
64	90	0
6	32	0
64	79	0
86	71	0
78	42	0
19	99	0
66	43	0
90	60	0
92	29	0
99	40	0
11	52	0
7	20	0
91	57	0
51	83	0
52	60	1
52	76	0
54	99	0
74	33	0
71	72	0
73	73	0
89	64	0
25	16	0
17	11	0
77	53	0
94	6	0
22	96	0
22	41	0
65	73	0
60	86	0
56	74	0
42	0	0
54	83	0
70	83	0
80	57	0
18	92	0
90	81	0
1	73	0
52	59	1
18	49	0
73	79	0
95	69	0
49	66	0
66	39	0
89	39	0
23	90	0
55	80	0
21	42	0
49	81	0
39	23	0
90	86	0
28	97	0
91	3	0
79	39	0
64	91	0
70	79	0
61	74	0
23	42	0
21	64	0
60	89	0
80	69	0
39	91	0
57	87	0
72	20	0
23	70	1
44	90	0
28	26	0
80	60	0
65	42	0
78	67	0
84	37	0
9	93	0
61	49	0
92	34	0
60	35	0
52	17	0
94	29	0
66	80	0
80	97	0
84	67	0
95	25	0
96	32	0
88	77	0
32	92	0
68	83	0
47	92	0
80	32	0
13	95	0
88	16	0
23	46	0
26	88	0
23	96	0
82	76	0
76	81	0
87	50	0
83	57	0
46	87	0
73	2	1
84	63	0
48	5	0
46	29	0
84	41	0
28	71	0
67	82	0
77	67	0
77	0	0
86	48	0
97	39	0
76	65	0
69	82	0
58	12	0
8	88	0
1	92	0
85	66	0
75	64	0
86	7	0
96	82	0
21	6	0
29	91	0
53	91	0
88	10	0
89	9	0
92	29	0
76	26	0
67	45	0
3	2	0
23	96	0
2	79	1
46	85	0
57	69	1
93	42	0
64	88	0
95	83	0
73	38	0
80	80	0
76	16	0
12	12	0
38	7	0
34	25	0
94	40	0
85	14	0
8	49	0
20	25	0
93	86	0
97	75	0
75	24	0
98	15	0
60	7	0
84	12	0
35	14	0
96	88	0
27	86	0
7	97	0
36	42	0
74	43	0
63	60	0
66	76	0
85	85	0
73	25	0
73	80	0
98	39	0
82	58	0
63	48	0
95	72	0
67	14	0
91	13	0
27	53	0
67	96	0
95	31	0
19	84	0
99	40	0
67	97	0
96	34	0
59	19	0
54	49	0
58	95	0
73	88	0
23	90	0
96	81	0
2	90	0
93	2	0
93	10	0
60	77	0
12	96	0
74	40	0
93	67	0
28	5	0
50	92	0
33	84	1
56	77	0
5	30	0
89	35	0
94	10	0
79	98	0
18	27	0
69	30	0
67	86	0
7	20	0
46	85	0
84	51	0
26	92	0
84	8	0
80	17	0
93	60	0
14	82	0
63	18	0
88	89	0
32	93	0
68	57	0
8	36	0
64	88	0
59	45	0
16	72	1
61	26	1
92	42	0
78	51	0
71	58	0
2	38	0
88	66	0
21	97	0
92	56	0
9	90	0
87	87	0
37	18	0
75	60	0
57	90	0
53	96	0
81	54	0
74	10	0
0	81	0
73	42	0
25	98	0
79	29	0
90	44	0
70	26	0
86	73	0
53	99	0
56	94	0
27	99	0
97	84	0
74	87	0
25	0	0
11	81	0
76	91	0
68	89	0
64	52	1
71	26	0
34	81	1
80	60	0
99	4	0
17	75	1
93	5	0
49	70	1
90	81	0
64	84	0
78	24	0
90	11	0
73	91	0
29	99	0
90	11	0
93	3	0
71	21	0
5	54	0
14	96	0
12	87	0
83	82	0
89	94	0
76	89	0
85	68	0
74	65	0
8	98	0
17	73	1
29	20	0
1	9	0
44	38	0
96	24	0
82	37	0
70	58	0
54	15	0
86	79	0
66	79	0
86	53	0
33	83	1
77	62	0
22	7	0
98	37	0
57	97	0
42	41	0
21	93	0
72	95	0
96	74	0
30	84	1
13	79	0
42	64	0
66	77	0
54	94	0
11	48	0
79	66	0
85	53	0
91	68	0
39	76	0
70	81	0
87	15	0
83	5	0
11	86	0
44	95	0
87	74	0
71	72	0
4	93	0
16	83	0
80	95	0
28	25	0
9	80	0
64	89	0
60	72	0
80	83	0
7	92	0
71	45	0
20	4	0
46	93	0
9	93	0
0	16	0
83	67	0
83	12	0
79	25	0
76	17	1
11	22	0
15	56	0
75	29	0
64	71	0
29	89	0
57	56	0
85	86	0
81	40	0
76	82	0
63	52	1
71	85	0
7	68	0
81	59	0
55	41	0
99	43	0
95	90	0
80	73	0
63	52	1
62	53	0
51	75	0
95	77	0
96	2	0
61	79	0
6	98	0
63	31	0
68	21	0
69	15	0
25	70	1
78	19	0
74	26	0
27	27	0
60	93	0
68	65	0
38	92	0
64	99	0
81	64	0
81	27	0
86	66	0
89	95	0
90	43	0
88	86	0
39	87	0
74	79	0
79	47	0
48	91	0
81	80	0
73	68	0
92	24	0
3	71	1
53	74	0
81	21	0
58	41	0
86	86	0
76	58	0
20	87	0
25	87	0
80	31	0
84	31	0
97	46	0
93	12	0
80	82	0
88	17	0
80	39	0
18	73	1
14	91	0
20	76	1
12	92	0
56	50	1
48	26	0
39	62	0
54	80	0
65	2	0
14	90	0
79	50	0
23	12	0
22	65	0
79	72	0
71	61	0
81	62	0
82	54	0
71	61	0
83	52	0
8	40	0
92	88	0
69	57	0
45	90	0
8	70	0
88	17	0
55	93	0
21	88	0
99	42	0
64	33	0
19	17	0
25	35	0
16	65	0
79	56	0
93	40	0
28	7	0
59	10	0
46	82	0
90	81	0
18	6	0
50	78	0
66	28	0
92	60	0
72	66	0
64	89	0
6	43	0
96	44	0
92	69	0
7	85	0
27	83	1
27	94	0
4	98	0
64	36	0
88	16	0
8	17	0
87	30	0
84	19	0
40	32	0
19	97	0
58	82	0
13	78	0
22	24	0
21	73	1
19	93	0
60	55	0
83	43	0
63	89	0
55	68	1
21	93	0
77	42	0
13	3	0
84	58	0
52	57	1
90	29	0
74	27	0
74	32	0
58	91	0
65	10	1
39	99	0
86	44	0
67	99	0
75	57	0
82	45	0
60	93	0
40	75	1
93	35	0
96	99	0
81	84	0
57	86	0
89	20	0
69	75	0
64	20	0
30	89	0
90	52	0
92	90	0
83	8	0
98	95	0
83	21	0
86	68	0
10	91	0
76	98	0
68	76	0
0	15	0
11	99	0
10	69	0
84	31	0
24	96	0
58	80	0
84	42	0
11	69	1
79	46	0
22	96	0
84	45	0
93	58	0
73	47	0
85	24	0
2	83	0
10	6	0
64	74	0
22	62	0
27	9	0
1	90	0
35	86	1
99	52	0
80	83	0
89	61	0
91	78	0
76	47	0
3	82	0
85	23	0
95	30	0
