91	65	0
49	11	0
43	15	0
52	99	0
7	23	0
95	32	0
98	82	0
10	9	1
46	11	0
75	84	0
42	37	0
82	38	0
3	87	0
22	13	0
20	64	0
99	13	0
96	80	0
66	23	0
31	49	0
97	67	0
94	8	0
44	77	0
70	84	0
73	98	0
72	1	0
39	93	0
54	1	0
76	80	0
70	93	0
96	57	0
6	39	0
36	39	0
42	27	0
85	27	0
42	48	0
87	67	0
13	89	0
60	82	0
93	27	0
76	94	0
51	1	0
19	48	0
78	52	0
95	58	0
59	71	0
98	41	0
9	85	0
30	47	0
54	12	0
90	48	0
18	64	0
58	15	0
26	90	0
51	88	0
33	60	0
96	68	0
38	29	0
40	49	0
80	75	0
99	90	0
85	14	0
9	91	0
94	8	0
46	4	0
78	75	0
43	21	0
21	81	0
76	11	0
36	78	0
85	81	0
63	63	0
16	28	0
78	88	0
26	42	0
13	44	0
90	42	0
8	37	0
38	74	0
52	82	0
74	24	0
43	98	0
65	99	0
4	6	0
11	10	0
94	17	0
99	15	0
34	53	0
82	45	0
23	27	0
81	57	0
32	49	0
33	11	0
37	4	0
67	39	0
17	89	0
71	9	0
49	74	0
42	11	0
41	26	0
93	38	0
38	72	0
72	47	0
17	64	0
71	93	0
2	76	0
46	81	0
87	45	0
60	4	0
42	67	0
15	61	0
56	4	0
63	58	0
15	61	0
42	5	0
40	64	0
27	35	0
90	79	0
54	42	0
0	2	0
28	96	0
80	6	0
68	67	0
13	33	0
85	81	0
93	13	0
67	68	0
55	81	0
29	14	0
56	96	0
77	76	0
78	53	0
35	98	0
68	30	0
33	21	0
25	34	0
83	5	0
4	72	0
96	70	0
97	11	0
86	30	0
45	55	0
58	18	0
87	85	0
6	13	0
39	14	0
86	78	0
35	45	0
88	74	0
79	85	0
56	20	0
46	30	0
52	61	0
8	47	0
28	77	0
19	59	0
79	73	0
41	53	0
49	98	0
81	55	0
75	75	0
52	81	0
21	44	0
86	78	0
2	32	0
42	45	0
20	15	0
17	76	0
39	75	0
97	32	0
32	32	0
79	14	0
36	77	0
60	28	0
50	35	0
77	84	0
25	53	0
70	75	0
39	90	0
33	57	0
37	15	0
65	13	0
35	86	0
16	72	0
70	85	0
89	55	0
17	93	0
21	30	0
98	66	0
29	59	0
24	85	0
46	95	0
50	51	0
35	7	0
18	37	0
74	85	0
83	95	0
60	88	0
74	21	0
6	70	0
59	2	0
75	10	0
66	23	0
78	22	0
25	59	0
4	67	0
53	59	0
80	33	0
29	75	0
91	25	0
48	91	0
33	67	0
27	16	0
76	74	0
30	61	0
40	12	0
8	95	0
70	14	0
98	82	0
86	91	0
90	21	0
0	83	0
15	72	0
96	44	0
49	76	0
34	46	0
54	72	0
56	73	0
43	55	0
6	80	0
27	60	0
69	10	0
1	67	0
73	99	0
76	45	0
41	87	0
88	58	0
46	15	0
40	62	0
22	81	0
39	89	0
55	36	0
64	31	0
22	30	0
99	64	0
74	48	0
85	54	0
6	81	0
60	18	0
13	88	0
68	64	0
55	42	0
59	51	0
57	15	0
4	51	0
82	45	0
52	6	0
79	60	0
50	85	0
68	47	0
95	39	0
98	3	0
3	60	0
82	71	0
19	98	0
98	66	0
45	86	0
61	31	0
45	0	0
23	92	0
70	33	0
40	57	0
47	79	0
45	11	0
23	97	0
69	92	0
87	80	0
69	28	0
90	70	0
4	88	0
50	39	0
53	5	0
68	23	0
33	13	0
35	2	0
55	9	0
55	51	0
69	35	0
35	57	0
28	49	0
49	63	0
72	80	0
85	83	0
61	85	0
90	16	0
89	55	0
78	4	0
13	53	0
25	5	0
87	38	0
60	23	0
74	73	0
4	40	0
46	72	0
51	26	0
27	97	0
33	91	0
23	70	0
97	67	0
36	30	0
37	4	0
27	57	0
88	55	0
75	24	0
71	87	0
23	13	0
66	91	0
8	74	0
47	84	0
36	38	0
1	57	0
75	7	0
24	30	0
89	13	0
40	15	0
9	3	1
86	6	0
35	48	0
16	46	0
84	27	0
96	60	0
5	30	0
34	26	0
4	63	0
32	88	0
16	87	0
3	9	0
38	88	0
48	69	0
50	37	0
63	25	0
41	90	0
36	68	0
89	94	0
45	31	0
18	45	0
27	39	0
58	71	0
81	94	0
49	19	0
86	3	0
31	2	0
56	7	0
59	11	0
23	43	0
82	56	0
68	4	0
15	36	0
52	10	0
54	52	0
48	51	0
24	66	0
84	86	0
75	52	0
18	51	0
50	34	0
21	6	1
97	6	0
53	7	0
61	18	0
57	44	0
28	34	0
3	71	0
69	77	0
18	80	0
35	92	0
24	93	0
51	26	0
42	42	0
92	55	0
69	45	0
9	81	0
79	81	0
59	89	0
16	30	1
75	17	0
56	96	0
73	3	0
87	61	0
87	50	0
41	19	0
43	41	0
33	47	0
89	77	0
7	10	0
78	25	0
93	3	0
15	43	0
32	99	0
71	73	0
84	3	0
2	59	0
98	33	0
46	99	0
73	8	0
63	50	0
44	51	0
44	42	0
33	38	0
48	36	0
73	85	0
76	47	0
37	32	0
79	72	0
21	56	0
16	91	0
85	88	0
41	34	0
1	79	0
66	18	0
90	13	0
78	42	0
15	60	0
66	40	0
34	36	0
52	41	0
5	97	0
70	28	0
56	15	0
86	55	0
42	24	0
29	83	0
23	4	0
81	51	0
8	1	1
72	97	0
5	83	0
36	54	0
51	77	0
56	32	0
19	98	0
19	45	0
27	41	0
60	15	0
93	26	0
82	20	0
85	91	0
19	61	0
32	19	0
31	31	0
79	22	0
54	62	0
74	97	0
20	39	0
70	99	0
91	70	0
33	72	0
75	7	0
72	40	0
82	16	0
72	10	0
42	18	0
42	36	0
95	1	0
77	30	0
0	68	0
88	15	0
96	98	0
8	95	0
90	55	0
53	48	0
25	12	0
93	83	0
68	54	0
20	97	0
68	33	0
78	45	0
86	54	0
84	64	0
27	68	0
80	74	0
41	94	0
81	72	0
31	34	0
27	97	0
98	82	0
32	33	0
29	44	0
69	74	0
60	90	0
47	61	0
58	98	0
59	53	0
38	63	0
34	67	0
81	21	0
21	91	0
84	55	0
24	88	0
41	65	0
39	72	0
86	31	0
26	29	0
21	52	0
56	32	0
96	68	0
68	11	0
88	96	0
71	96	0
38	51	0
63	6	0
29	43	0
38	88	0
42	32	0
53	67	0
65	77	0
34	19	0
80	95	0
46	25	0
33	17	0
65	39	0
29	81	0
42	17	0
6	60	0
89	79	0
58	96	0
53	45	0
84	11	0
46	78	0
40	51	0
95	58	0
86	0	0
5	72	0
71	4	0
71	75	0
72	33	0
35	10	0
29	72	0
84	82	0
29	72	0
54	83	0
74	19	0
11	67	0
68	17	0
45	60	0
61	97	0
32	96	0
87	8	0
91	19	0
61	13	0
41	91	0
11	89	0
8	90	0
72	45	0
69	64	0
79	71	0
14	50	0
80	38	0
69	65	0
88	73	0
59	64	0
18	60	0
24	67	0
35	22	0
43	32	0
3	44	0
51	61	0
41	46	0
95	33	0
81	38	0
70	6	0
79	36	0
56	72	0
16	52	0
60	30	0
88	77	0
63	83	0
95	74	0
19	55	0
57	72	0
65	47	0
26	53	0
90	31	0
19	54	0
39	25	0
83	46	0
78	96	0
61	55	0
18	67	0
44	6	0
58	73	0
32	88	0
42	27	0
79	81	0
95	71	0
18	96	0
51	75	0
9	73	0
75	59	0
30	50	0
50	61	0
36	78	0
61	71	0
24	29	0
15	61	0
92	81	0
81	55	0
97	57	0
26	61	0
53	85	0
62	28	0
92	28	0
42	43	0
96	13	0
16	88	0
28	32	0
31	83	0
88	57	0
22	43	0
93	65	0
18	95	0
8	74	0
22	8	0
90	87	0
39	29	0
4	72	0
78	91	0
46	62	0
85	66	0
29	92	0
99	37	0
29	15	0
33	83	0
30	70	0
37	20	0
22	42	0
3	16	0
82	71	0
92	9	0
56	10	0
76	11	0
95	43	0
30	7	0
38	45	0
97	40	0
8	55	0
54	82	0
0	51	0
16	74	0
77	54	0
47	96	0
72	51	0
74	81	0
34	33	0
74	63	0
39	56	0
84	45	0
12	74	0
52	36	0
33	70	0
71	33	0
55	34	0
98	82	0
98	98	0
88	81	0
25	76	0
15	32	0
55	50	0
47	75	0
32	16	0
21	0	0
35	71	0
8	40	0
63	3	0
71	85	0
78	66	0
91	20	0
10	45	0
6	1	1
70	91	0
5	95	0
55	7	0
62	50	0
69	15	0
42	20	0
23	36	0
45	17	0
71	2	0
44	86	0
56	32	0
29	89	0
76	9	0
31	44	0
51	67	0
73	20	0
91	73	0
59	75	0
34	68	0
49	86	0
78	87	0
86	54	0
17	70	0
78	73	0
62	97	0
16	37	0
21	52	0
96	32	0
32	92	0
98	86	0
69	82	0
47	2	0
55	47	0
92	56	0
60	85	0
83	50	0
96	76	0
80	29	0
10	65	0
0	54	0
70	83	0
77	39	0
50	61	0
58	10	0
34	14	0
79	73	0
28	33	0
12	63	0
43	50	0
55	38	0
35	14	0
52	29	0
14	86	0
22	40	0
7	59	0
10	71	0
74	53	0
17	19	0
58	9	0
98	22	0
81	2	0
54	78	0
9	58	0
59	26	0
44	31	0
64	82	0
87	12	0
37	49	0
53	63	0
50	81	0
19	93	0
32	63	0
43	86	0
25	32	0
77	83	0
49	50	0
37	83	0
61	31	0
11	48	0
60	63	0
59	24	0
31	70	0
80	39	0
52	46	0
48	43	0
35	17	0
6	62	0
78	64	0
73	60	0
42	40	0
84	62	0
85	69	0
78	26	0
62	5	0
91	77	0
81	10	0
4	68	0
68	77	0
32	19	0
63	39	0
14	5	1
13	66	0
12	85	0
37	88	0
26	53	0
94	30	0
21	54	0
55	99	0
19	82	0
98	72	0
54	63	0
84	41	0
20	2	0
53	22	0
58	9	0
6	6	1
14	80	0
61	62	0
85	62	0
71	50	0
15	0	0
29	41	0
67	10	0
3	81	0
77	3	0
43	70	0
46	21	0
75	98	0
7	37	0
11	92	0
99	56	0
29	12	0
99	76	0
60	64	0
72	48	0
51	30	0
90	27	0
89	75	0
15	69	0
2	80	0
20	55	0
10	91	0
0	84	0
80	24	0
38	46	0
1	94	0
49	11	0
63	4	0
36	48	0
67	43	0
46	17	0
28	68	0
30	30	0
81	15	0
16	41	0
85	52	0
90	6	0
65	59	0
27	11	0
50	16	0
12	98	0
58	80	0
35	71	0
36	17	0
2	82	0
1	93	0
64	54	0
92	36	0
40	29	0
32	77	0
24	23	1
99	92	0
54	30	0
55	74	0
62	95	0
5	84	0
69	27	0
57	60	0
24	34	0
95	69	0
45	68	0
99	22	0
72	15	0
89	23	0
79	85	0
45	61	0
35	85	0
82	17	0
25	7	0
60	90	0
72	71	0
17	50	0
69	41	0
76	87	0
88	10	0
94	55	0
26	73	0
61	51	0
23	27	0
89	19	0
37	48	0
60	1	0
97	94	0
83	69	0
47	74	0
75	29	0
77	73	0
6	87	0
47	7	0
13	89	0
8	68	0
68	68	0
69	99	0
79	7	0
92	95	0
81	9	0
78	75	0
61	5	0
86	34	0
81	48	0
53	31	0
14	75	0
54	86	0
60	80	0
18	53	0
1	39	0
37	99	0
8	67	0
44	0	0
33	54	0
12	59	0
41	27	0
2	43	0
95	52	0
53	18	0
7	45	0
27	85	0
74	67	0
1	0	0
89	69	0
18	72	0
60	45	0
32	61	0
94	46	0
54	41	0
0	11	0
4	53	0
21	60	0
95	68	0
68	49	0
97	59	0
4	55	0
66	57	0
10	76	0
0	18	0
84	56	0
26	61	0
40	14	0
37	30	0
8	79	0
35	88	0
4	6	0
80	42	0
76	58	0
78	61	0
74	81	0
41	84	0
49	21	0
0	73	0
47	70	0
43	49	0
57	56	0
84	11	0
