92	62	0
39	7	0
29	33	0
64	99	0
16	9	0
98	40	0
93	88	0
40	9	0
60	80	0
52	21	0
83	45	0
0	78	0
17	0	0
22	72	0
97	23	0
79	74	0
56	32	0
18	56	0
88	58	0
98	11	0
51	90	0
58	69	0
80	88	0
57	5	0
34	80	0
54	11	0
82	74	0
65	85	0
90	83	0
1	26	0
49	17	0
38	21	0
91	27	0
27	52	0
86	63	0
3	92	0
39	99	0
88	31	0
74	86	0
45	2	0
22	72	0
93	60	0
91	68	0
55	66	0
95	47	0
4	81	0
61	5	0
98	67	0
12	70	0
64	8	0
14	78	0
58	96	0
35	75	0
96	73	0
51	32	0
27	23	0
95	79	0
97	99	0
92	4	0
13	95	0
97	18	0
36	10	0
73	76	0
39	5	0
15	97	0
86	9	0
40	86	0
68	92	0
45	64	0
0	34	0
69	90	0
7	59	0
93	29	0
33	41	1
32	85	0
54	93	0
62	29	0
32	95	0
59	96	0
2	21	0
98	4	0
94	15	0
44	61	0
81	41	0
84	55	0
48	11	0
38	4	0
71	46	0
11	95	0
56	5	0
53	88	0
39	0	0
47	35	0
81	40	0
34	65	0
72	51	0
10	61	0
75	83	0
4	79	0
29	99	0
94	59	0
64	14	0
40	65	0
37	69	0
65	3	0
74	51	0
0	60	0
29	3	0
11	37	0
42	36	0
67	86	0
48	45	0
13	98	0
82	7	0
50	77	0
77	80	0
96	1	0
68	80	0
51	69	0
37	8	0
54	96	0
99	68	0
69	62	0
27	99	0
62	37	0
33	14	0
20	42	0
78	5	0
6	58	0
93	57	0
97	21	0
79	39	0
39	53	0
51	14	0
82	68	0
19	12	0
31	15	0
91	57	0
41	34	0
63	72	0
67	91	0
48	31	0
43	39	0
55	38	0
14	45	0
29	52	0
23	54	0
82	89	0
45	59	0
29	98	0
73	44	0
75	63	0
54	77	0
91	72	0
20	26	0
55	52	0
13	17	0
25	80	0
33	66	0
87	29	0
44	41	0
77	12	0
43	83	0
50	28	0
48	46	0
75	76	0
25	65	0
51	77	0
38	82	0
34	49	0
39	12	0
55	11	0
37	77	0
20	75	0
77	74	0
91	64	0
29	94	0
92	74	0
27	50	0
19	84	0
55	66	0
38	52	0
19	13	0
8	30	1
77	92	0
84	79	0
55	64	0
65	37	0
2	49	0
58	2	0
79	42	0
62	25	0
77	29	0
20	63	0
10	45	0
45	50	0
77	21	0
40	64	0
88	30	0
32	93	0
28	66	0
36	24	0
84	80	0
39	57	0
35	7	0
21	83	0
58	15	0
99	84	0
60	91	0
94	1	0
4	71	0
24	58	0
95	29	0
48	80	0
41	33	0
54	69	0
51	66	0
48	64	0
18	80	0
26	53	0
66	2	0
2	64	0
61	79	0
93	39	0
41	88	0
81	61	0
63	27	0
53	66	0
26	86	0
36	96	0
51	32	0
76	38	0
83	62	0
68	43	0
69	66	0
5	42	0
49	17	0
7	91	0
61	54	0
68	37	0
69	29	0
55	5	0
10	54	0
86	20	0
39	7	0
66	66	0
57	78	0
70	31	0
99	38	0
98	8	0
1	52	0
95	79	0
19	97	0
90	77	0
31	96	0
61	30	0
65	22	0
20	84	0
76	36	0
36	71	0
38	75	0
44	4	0
35	93	0
81	92	0
69	89	0
82	45	0
93	69	0
16	92	0
43	64	0
65	2	0
68	40	0
34	22	0
40	5	0
50	11	0
49	59	0
79	41	0
33	47	0
36	48	0
35	74	0
75	86	0
83	67	0
59	77	0
82	0	0
85	44	0
68	1	0
18	46	0
70	42	0
71	52	0
70	69	0
17	35	0
36	68	0
59	19	0
17	86	0
28	87	0
27	68	0
85	69	0
46	16	0
36	0	0
31	54	0
76	70	0
61	9	0
73	88	0
13	0	0
51	98	0
5	70	0
37	97	0
45	41	0
2	54	0
79	26	0
77	6	0
56	14	0
87	15	0
37	58	0
7	55	0
71	21	0
88	63	0
14	11	0
1	65	0
28	96	0
1	92	0
47	99	0
54	72	0
53	41	0
63	10	0
44	86	0
45	62	0
79	99	0
31	33	0
12	52	0
27	45	0
63	56	0
69	80	0
27	25	0
77	27	0
36	3	0
53	2	0
61	17	0
36	42	0
75	68	0
79	9	0
14	42	0
47	16	0
53	53	0
42	37	0
35	47	0
88	78	0
77	57	0
12	47	0
55	35	0
99	9	0
58	9	0
53	29	0
48	40	0
42	32	0
7	79	0
56	81	0
22	76	0
18	96	0
28	98	0
57	13	0
40	36	0
98	45	0
83	54	0
1	70	0
80	72	0
67	70	0
78	29	0
84	87	0
86	8	0
76	56	0
81	64	0
35	20	0
63	47	0
29	51	0
90	77	0
73	14	0
96	20	0
28	50	0
39	94	0
69	63	0
85	13	0
16	74	0
90	23	0
51	99	0
81	23	0
74	40	0
44	50	0
56	41	0
30	39	1
34	51	0
60	84	0
81	24	0
38	20	0
75	79	0
32	66	0
13	97	0
89	98	0
40	37	0
0	88	0
58	34	0
93	18	0
83	40	0
14	61	0
63	46	0
44	29	0
49	43	0
12	96	0
84	21	0
54	4	0
86	40	0
49	44	0
27	85	0
22	4	0
57	58	0
56	92	0
11	50	0
43	74	0
36	78	0
52	35	0
20	84	0
7	46	0
22	42	1
62	10	0
83	33	0
93	3	0
85	87	0
21	70	0
26	30	1
46	25	0
84	2	0
78	59	0
77	92	0
7	46	0
63	92	0
93	60	0
32	86	0
70	4	0
56	51	0
61	24	0
74	13	0
46	28	0
40	13	0
95	1	0
86	30	0
9	83	0
84	16	0
94	98	0
21	90	0
95	61	0
49	51	0
8	27	0
79	96	0
64	48	0
0	98	0
68	41	0
73	35	0
78	50	0
88	68	0
22	73	0
86	64	0
35	84	0
96	82	0
32	87	0
93	82	0
38	29	0
57	66	0
64	96	0
46	65	0
73	94	0
69	46	0
31	65	0
35	66	0
86	4	0
9	88	0
93	50	0
19	82	0
50	72	0
46	79	0
91	44	0
37	51	0
50	27	0
80	59	0
64	8	0
87	89	0
65	92	0
47	46	0
47	8	0
37	40	0
55	84	0
35	24	0
45	62	0
81	71	0
37	18	0
98	95	0
56	12	0
9	11	0
50	26	0
18	80	0
40	0	0
13	65	0
90	91	0
61	85	0
59	50	0
59	4	0
43	69	0
44	52	0
96	55	0
88	4	0
7	71	0
75	2	0
54	74	0
63	30	0
37	16	0
37	65	0
86	82	0
26	78	0
40	84	0
78	29	0
17	48	0
64	32	0
40	68	0
63	86	0
33	99	0
89	9	0
96	33	0
72	17	0
26	79	0
28	98	0
28	82	0
76	44	0
81	81	0
80	89	0
9	40	0
74	43	0
73	75	0
75	66	0
64	80	0
17	83	0
14	66	0
40	27	0
39	16	0
1	40	0
47	55	0
25	46	0
79	32	0
83	40	0
76	4	0
73	49	0
50	65	0
21	59	0
53	28	0
89	77	0
51	91	0
77	64	0
33	59	0
35	87	0
79	53	0
29	51	0
79	30	0
22	48	0
30	14	0
86	55	0
74	95	0
56	57	0
8	59	0
50	5	0
64	57	0
35	86	0
37	29	0
78	92	0
94	62	0
14	85	0
66	45	0
8	65	0
79	57	0
35	60	0
49	59	0
37	79	0
61	65	0
6	55	0
72	61	0
68	51	0
76	46	0
25	74	0
65	84	0
56	7	0
95	21	0
54	35	0
97	11	0
9	76	0
35	42	0
34	68	0
84	68	0
28	58	0
76	74	0
20	94	0
15	87	0
92	85	0
46	28	0
0	68	0
73	99	0
49	65	0
87	59	0
24	96	0
94	34	0
20	9	0
34	80	0
22	82	0
28	9	0
13	44	0
12	26	0
78	68	0
96	19	0
54	16	0
73	31	0
91	27	0
31	7	0
31	63	0
97	33	0
3	60	0
47	93	0
2	54	0
24	81	0
69	49	0
53	94	0
76	47	0
65	84	0
32	41	1
69	60	0
42	54	0
73	62	0
0	75	0
58	34	0
27	84	0
85	44	0
73	26	0
91	76	0
90	93	0
87	83	0
50	74	0
69	40	0
52	65	0
40	21	0
30	9	0
35	75	0
3	41	0
66	9	0
61	82	0
83	82	0
85	5	0
12	46	0
57	82	0
23	93	0
62	3	0
55	41	0
59	24	0
45	23	0
48	18	0
83	9	0
41	98	0
65	21	0
29	98	0
94	17	0
24	47	0
46	63	0
73	26	0
79	93	0
69	69	0
43	65	0
56	95	0
71	67	0
88	49	0
10	60	0
86	85	0
81	98	0
15	67	0
95	46	0
28	68	0
99	82	0
50	96	0
38	15	0
71	67	0
90	58	0
57	81	0
70	66	0
91	66	0
67	35	0
19	56	0
5	61	0
61	74	0
69	36	0
53	47	0
47	2	0
30	23	0
98	74	0
17	59	0
31	46	0
61	24	0
47	6	0
56	25	0
20	98	0
16	58	0
12	80	0
70	51	0
85	26	0
90	34	0
93	1	0
63	90	0
9	51	0
58	28	0
54	51	0
49	82	0
95	14	0
61	57	0
42	92	0
18	89	0
41	65	0
26	90	0
34	16	0
73	76	0
51	27	0
35	79	0
55	40	0
8	45	0
71	59	0
66	14	0
25	85	0
97	48	0
19	39	1
23	57	0
21	20	0
6	67	0
78	62	0
72	61	0
41	51	0
81	60	0
90	70	0
64	39	0
61	22	0
80	67	0
78	22	0
7	50	0
75	87	0
29	34	1
58	33	0
14	63	0
1	83	0
35	95	0
36	52	0
91	26	0
3	45	0
60	89	0
4	89	0
85	55	0
46	36	0
85	30	0
11	15	0
46	35	0
73	4	0
25	85	0
50	48	0
99	64	0
87	36	0
6	1	0
4	43	0
51	19	0
7	56	0
83	7	0
53	72	0
34	26	0
89	94	0
9	18	0
31	96	0
93	51	0
35	10	0
88	99	0
49	57	0
59	60	0
36	37	0
92	31	0
93	84	0
7	61	0
4	74	0
18	46	0
23	78	0
19	93	0
61	26	0
34	60	0
11	89	0
39	22	0
68	19	0
37	65	0
59	47	0
50	14	0
35	73	0
31	34	0
92	18	0
5	34	0
80	51	0
94	20	0
52	46	0
36	21	0
51	6	0
20	92	0
45	66	0
46	61	0
32	13	0
23	87	0
9	87	0
67	47	0
95	36	0
29	27	0
29	68	0
85	94	0
48	26	0
67	76	0
56	84	0
7	81	0
75	36	0
50	61	0
18	38	0
92	77	0
52	58	0
94	17	0
77	13	0
85	23	0
68	96	0
54	59	0
37	52	0
62	25	0
45	6	0
56	88	0
56	73	0
16	59	0
79	39	0
48	94	0
90	31	0
87	56	0
31	80	0
39	56	0
80	33	0
43	53	0
87	4	0
98	98	0
75	74	0
48	82	0
75	39	0
70	88	0
13	78	0
45	6	0
11	93	0
12	62	0
46	69	0
73	78	0
63	14	0
95	92	0
93	10	0
93	93	0
63	8	0
84	28	0
72	59	0
53	36	0
11	88	0
57	93	0
66	84	0
28	47	0
7	32	0
24	89	0
11	66	0
40	13	0
41	45	0
20	60	0
35	40	0
1	45	0
91	57	0
42	23	0
13	62	0
30	82	0
62	87	0
90	51	0
1	77	0
65	41	0
30	62	0
77	52	0
62	29	0
9	56	0
20	48	0
83	48	0
64	48	0
83	54	0
0	66	0
63	54	0
7	79	0
5	5	0
87	68	0
12	60	0
32	1	0
33	22	0
11	99	0
22	78	0
91	42	0
71	70	0
83	61	0
75	82	0
49	64	0
60	43	0
9	73	0
43	70	0
32	54	0
69	53	0
85	10	0
