86	61	0
33	28	0
62	99	0
13	5	0
89	39	0
82	96	0
49	79	1
71	48	0
0	81	0
0	1	0
16	96	0
95	47	0
67	74	0
36	40	0
72	84	0
98	47	0
52	96	0
63	80	0
38	18	0
83	68	0
86	95	0
80	82	0
3	33	0
76	17	1
66	67	0
21	95	1
83	34	0
71	95	0
45	69	0
66	78	0
92	52	0
99	19	0
93	77	0
37	9	0
47	93	0
72	35	0
29	19	0
99	77	0
79	78	0
99	15	0
98	14	0
20	40	0
58	82	0
3	88	0
91	3	0
64	95	0
10	27	0
82	82	0
92	29	0
26	91	1
50	97	0
82	11	1
13	12	0
96	11	0
74	42	0
43	83	1
74	22	0
54	50	0
78	31	0
9	95	0
51	80	1
88	61	0
65	96	0
9	70	0
43	90	0
95	51	0
41	37	0
29	5	0
71	64	0
6	86	0
94	32	0
43	65	0
84	53	0
95	4	0
75	99	0
76	80	0
7	26	0
66	81	0
84	65	0
81	46	0
17	98	0
61	44	0
89	51	0
90	40	0
95	36	0
13	61	0
7	12	0
97	58	0
50	98	0
42	74	0
56	90	0
68	34	0
68	69	0
76	75	0
87	74	0
23	21	0
13	7	0
86	60	0
89	1	0
24	98	1
14	44	0
71	69	0
63	82	0
57	79	0
46	9	0
48	86	0
63	78	0
78	54	0
18	93	0
91	83	0
2	78	0
16	55	0
80	82	0
88	74	0
51	67	0
66	40	0
78	36	0
34	90	1
45	71	0
19	48	0
44	80	1
43	25	0
91	88	0
32	99	1
83	3	0
77	34	0
74	89	0
60	84	0
64	68	0
18	24	0
18	72	0
61	87	0
74	66	0
43	96	0
53	92	0
78	16	1
36	89	0
32	34	0
73	64	0
59	50	0
67	72	0
71	32	0
0	91	0
65	56	1
96	38	0
62	33	0
48	23	0
87	21	0
66	73	0
77	97	0
88	72	0
92	23	0
94	35	0
98	67	0
67	70	0
61	89	0
68	18	1
18	79	0
89	11	0
10	42	0
33	88	1
81	76	0
74	80	0
92	51	0
89	58	0
45	79	1
93	67	0
53	8	0
46	22	0
79	52	0
30	75	0
62	78	0
81	76	0
82	6	0
95	53	0
95	39	0
73	56	0
68	90	0
55	8	0
3	89	0
3	88	0
93	63	0
72	60	0
80	14	1
95	73	0
24	18	0
28	93	1
47	99	0
81	3	0
81	5	0
98	32	0
84	31	0
74	32	0
9	9	0
28	88	0
47	88	0
86	42	0
72	95	0
97	79	0
68	38	0
67	85	0
12	1	0
38	5	0
39	26	0
77	34	0
77	18	1
4	47	0
32	20	0
96	84	0
98	70	0
83	21	1
99	12	0
63	0	0
78	13	1
36	5	0
94	89	0
25	87	0
0	99	0
43	37	0
71	43	0
76	71	0
65	74	0
87	84	0
67	34	0
77	80	0
90	31	0
87	63	0
59	46	0
98	74	0
63	16	0
99	7	0
28	47	0
70	90	0
97	42	0
92	44	0
70	94	0
88	35	0
68	15	1
45	51	0
61	91	0
73	86	0
21	77	0
82	82	0
4	96	0
96	3	0
86	15	0
52	80	0
12	99	0
84	39	0
90	66	0
29	3	0
46	95	0
54	65	0
1	16	0
86	38	0
96	11	0
76	92	0
16	23	0
79	29	0
71	77	0
11	27	0
47	82	1
78	46	0
86	5	0
81	11	1
90	66	0
12	78	1
64	15	0
93	98	0
39	99	1
62	57	1
5	36	0
62	84	0
62	53	0
93	46	0
70	42	0
70	57	0
0	51	0
90	70	0
25	98	1
86	69	0
5	91	0
80	92	0
37	26	0
70	60	0
66	98	0
56	89	0
98	51	0
67	9	0
3	69	1
71	44	0
30	99	1
86	28	0
95	50	0
75	29	0
83	69	0
46	97	0
55	94	0
24	93	1
91	90	0
71	80	0
13	1	0
0	90	0
81	86	0
60	99	0
68	30	0
80	59	0
99	1	0
87	6	0
92	79	0
63	85	0
90	15	0
87	11	1
71	86	0
38	99	1
92	16	0
99	4	0
77	32	0
5	47	0
14	91	0
22	95	0
85	89	0
89	94	0
85	86	0
85	69	0
78	76	0
9	90	0
29	13	0
4	2	0
35	37	0
86	20	0
82	33	0
65	65	0
61	8	0
89	83	0
80	81	0
83	49	0
76	66	0
27	6	0
99	42	0
71	89	0
52	37	0
26	94	1
74	89	0
98	60	0
24	66	0
45	69	0
61	75	0
44	93	0
0	47	0
82	73	0
94	48	0
95	70	0
37	82	1
58	89	0
85	20	0
84	9	0
12	78	1
34	87	1
96	68	0
67	74	0
1	98	0
7	74	1
79	93	0
23	22	0
1	77	0
66	77	0
63	67	0
83	86	0
0	87	0
81	54	0
19	4	0
52	86	0
5	87	0
2	15	0
92	61	0
87	9	1
75	22	0
16	17	0
17	46	0
67	33	0
61	80	0
91	78	0
87	46	0
78	76	0
77	87	0
1	63	0
81	62	0
65	28	0
96	43	0
89	91	0
84	79	0
52	79	0
97	79	0
95	7	0
51	72	0
2	96	0
70	32	0
66	14	1
79	27	0
27	30	0
56	85	0
55	53	1
34	76	0
61	90	0
91	52	0
87	33	0
80	66	0
93	87	0
88	48	0
88	94	0
31	86	1
78	72	0
75	41	0
45	87	0
91	82	0
82	72	0
98	30	0
47	75	0
81	22	1
52	38	0
89	87	0
91	53	0
17	82	0
76	34	0
74	32	0
96	40	0
85	12	1
89	86	0
81	16	1
79	43	0
9	85	0
18	98	0
48	33	0
24	63	0
48	87	0
65	2	0
8	92	0
71	46	0
16	11	0
18	61	0
68	73	0
76	66	0
75	65	0
77	47	0
72	68	0
86	51	0
7	45	0
96	87	0
62	57	1
45	91	0
87	20	0
45	99	0
18	88	0
93	50	0
65	31	0
21	18	0
27	38	0
82	52	0
99	28	0
20	8	0
43	4	0
52	66	0
98	83	0
16	7	0
44	84	0
57	22	0
88	76	0
68	65	0
64	86	0
9	52	0
99	46	0
88	61	0
2	84	0
0	92	0
49	34	0
91	21	0
12	24	0
90	36	0
76	10	0
40	30	0
18	94	0
63	89	0
23	26	0
26	98	1
75	43	0
61	84	0
20	97	0
68	36	0
8	4	0
85	51	0
83	34	0
83	30	0
67	23	0
55	95	0
38	93	1
78	33	0
56	99	0
69	67	0
82	45	0
58	91	0
93	43	0
91	99	0
83	85	0
50	85	0
87	10	0
74	75	0
70	25	0
93	46	0
92	98	0
84	16	1
92	99	0
89	19	0
79	73	0
4	91	0
84	96	0
76	80	0
5	19	0
18	95	0
85	26	0
16	89	0
51	83	0
83	36	0
76	51	0
24	94	1
78	49	0
94	52	0
81	38	0
81	26	0
0	93	0
15	10	0
60	82	0
21	56	0
29	10	0
3	84	0
93	40	0
86	81	0
84	51	0
89	78	0
70	47	0
5	80	1
86	21	0
96	37	0
