91	64	0
49	17	0
40	16	0
46	99	0
7	24	0
96	34	0
96	87	0
42	17	0
72	81	0
35	35	0
81	39	0
6	83	0
17	11	0
23	62	0
99	22	0
97	74	0
65	30	0
34	49	0
97	61	0
91	1	0
42	83	0
70	78	0
73	94	0
70	0	0
44	87	0
61	0	0
76	82	0
67	95	0
99	62	0
1	34	0
47	39	0
47	28	0
87	29	0
48	45	0
90	63	0
16	91	0
59	87	0
97	24	0
78	96	0
53	3	0
21	49	0
80	51	0
91	65	0
56	75	0
95	43	0
16	85	0
28	43	0
61	9	0
90	59	0
14	67	0
60	6	0
30	85	0
49	95	0
32	66	0
97	61	0
40	25	0
43	33	0
78	73	0
96	96	0
79	18	0
10	97	0
89	9	0
42	4	0
78	69	0
43	19	0
13	82	0
80	11	0
43	78	0
83	92	0
60	66	0
13	22	0
78	84	0
31	37	0
24	50	0
87	36	0
8	32	0
39	79	0
47	85	0
68	20	0
43	98	0
61	97	0
3	1	0
7	16	0
96	14	0
98	26	0
36	50	0
84	40	0
22	19	0
79	57	0
31	45	0
33	11	0
43	8	0
71	37	0
12	87	0
72	9	0
51	77	0
41	10	0
47	31	0
93	42	0
32	71	0
80	57	0
18	57	0
74	91	0
8	76	0
42	81	0
89	46	0
62	2	0
48	67	0
18	65	0
55	1	0
60	56	0
14	60	0
46	6	0
40	55	0
34	37	0
92	89	0
53	45	0
4	2	1
27	92	0
76	6	0
64	64	0
18	32	1
84	78	0
95	10	0
69	67	0
54	74	0
32	11	0
55	99	0
79	81	0
81	54	0
34	96	0
67	29	0
41	22	0
19	42	0
84	11	0
4	78	0
96	70	0
99	22	0
87	31	0
39	55	0
59	18	0
85	82	0
7	16	0
44	15	0
90	68	0
34	40	0
80	74	0
86	89	0
51	18	0
43	31	0
56	62	0
6	46	0
24	71	0
12	59	0
77	73	0
37	52	0
45	95	0
79	59	0
72	74	0
53	85	0
17	46	0
91	66	0
1	32	0
42	49	0
24	15	0
22	77	0
37	78	0
92	37	0
31	32	0
84	18	0
36	84	0
60	31	0
46	45	0
78	83	0
24	55	0
66	84	0
34	86	0
34	57	0
35	23	0
60	11	0
36	76	0
20	79	0
78	81	0
91	59	0
14	85	0
19	36	0
98	68	0
27	64	0
30	91	0
53	88	0
41	49	0
31	11	0
18	41	0
68	84	0
81	93	0
55	85	0
75	26	0
2	73	0
52	4	0
79	20	0
69	28	0
76	24	0
23	59	0
1	66	0
52	60	0
77	31	0
34	70	0
94	28	0
39	91	0
31	64	0
37	14	0
78	73	0
31	56	0
33	5	0
9	97	0
70	10	0
98	85	0
80	90	0
93	15	0
1	77	0
12	71	0
98	45	0
52	71	0
39	48	0
52	62	0
57	72	0
48	61	0
9	77	0
35	64	0
72	6	0
0	68	0
63	94	0
85	46	0
41	87	0
87	62	0
51	13	0
47	67	0
22	82	0
33	97	0
60	33	0
67	28	0
21	36	0
96	62	0
77	41	0
76	63	0
8	71	0
56	20	0
3	87	0
71	64	0
52	47	0
67	45	0
52	17	0
5	57	0
83	35	0
48	9	0
76	64	0
49	82	0
68	34	0
96	35	0
96	5	0
0	69	0
89	71	0
22	94	0
97	65	0
44	92	0
64	29	0
55	1	0
21	95	0
67	38	0
40	60	0
43	80	0
48	4	0
24	88	0
72	92	0
86	79	0
74	37	0
87	70	0
16	89	0
46	47	0
52	10	0
67	25	0
29	15	0
35	1	0
48	6	0
56	55	0
73	36	0
31	54	0
33	52	0
43	65	0
72	88	0
93	84	0
61	82	0
82	16	0
82	52	0
80	12	0
23	54	0
30	16	0
85	37	0
64	31	0
75	74	0
5	41	0
50	74	0
52	23	0
29	92	0
35	93	0
22	73	0
93	66	0
44	24	0
38	8	0
24	59	0
89	59	0
71	17	0
78	89	0
10	7	0
68	90	0
7	77	0
49	84	0
40	32	0
0	51	0
81	6	0
24	33	0
87	13	0
53	15	0
82	12	0
32	45	0
17	48	0
84	24	0
92	58	0
2	23	0
21	33	0
4	64	0
36	84	0
16	86	0
1	9	1
45	85	0
54	75	0
48	43	0
71	26	0
49	93	0
40	68	0
91	97	0
40	33	0
16	48	0
21	39	0
57	72	0
80	89	0
41	23	0
88	7	0
26	2	0
64	3	0
61	13	0
22	42	0
75	63	0
73	0	0
13	35	0
46	19	0
55	43	0
46	48	0
25	56	0
87	83	0
73	49	0
16	57	0
54	33	0
96	8	0
57	8	0
63	20	0
54	40	0
27	31	0
8	72	0
72	76	0
16	79	0
36	87	0
21	99	0
51	27	0
39	45	0
92	50	0
74	44	0
4	83	0
76	78	0
62	82	0
13	31	1
76	28	0
64	97	0
75	0	0
82	57	0
81	52	0
30	15	0
39	45	0
35	40	0
90	80	0
1	4	1
68	20	0
92	1	0
19	39	0
33	92	0
63	74	0
84	3	0
3	61	0
95	31	0
46	97	0
77	17	0
67	50	0
50	54	0
47	42	0
29	41	0
41	35	0
72	81	0
81	39	0
42	34	0
76	72	0
25	59	0
18	92	0
92	91	0
30	34	0
1	82	0
64	26	0
91	15	0
81	43	0
9	57	0
65	47	0
39	35	0
47	46	0
2	98	0
70	18	0
50	10	0
90	54	0
50	21	0
26	78	0
20	5	0
73	49	0
69	96	0
3	76	0
45	53	0
45	71	0
56	26	0
22	99	0
16	47	0
30	39	0
60	18	0
85	25	0
91	18	0
84	90	0
24	60	0
30	25	0
31	32	0
85	17	0
61	60	0
71	89	0
17	41	0
72	97	0
88	65	0
36	74	0
70	10	0
66	39	0
76	24	0
74	7	0
47	21	0
43	32	0
94	0	0
81	32	0
1	70	0
87	12	0
93	99	0
2	99	0
88	56	0
53	46	0
22	18	0
94	85	0
68	59	0
12	99	0
64	26	0
82	38	0
81	56	0
77	63	0
31	69	0
74	76	0
42	98	0
84	71	0
18	29	0
37	99	0
93	82	0
37	37	0
28	35	0
65	79	0
59	95	0
42	69	0
59	98	0
55	52	0
37	65	0
31	69	0
88	21	0
21	99	0
86	48	0
26	93	0
52	65	0
46	77	0
87	34	0
35	38	0
23	50	0
51	26	0
92	63	0
66	14	0
89	99	0
73	99	0
38	55	0
62	1	0
31	44	0
39	90	0
39	24	0
49	67	0
70	80	0
25	24	0
88	99	0
39	25	0
25	21	0
66	40	0
24	76	0
47	15	0
5	56	0
88	82	0
57	87	0
57	47	0
82	12	0
48	72	0
46	53	0
99	58	0
86	3	0
4	71	0
78	1	0
70	72	0
75	35	0
38	14	0
34	71	0
83	79	0
26	65	0
52	84	0
77	25	0
12	60	0
69	19	0
45	58	0
65	96	0
33	91	0
89	6	0
92	28	0
62	14	0
33	86	0
13	89	0
7	87	0
73	44	0
69	63	0
69	81	0
13	46	0
73	33	0
65	63	0
86	77	0
53	60	0
22	60	0
28	62	0
38	23	0
45	23	0
1	44	0
43	67	0
38	45	0
92	32	0
76	33	0
75	0	0
86	44	0
55	70	0
22	54	0
58	27	0
92	79	0
61	88	0
94	69	0
18	49	0
59	72	0
69	47	0
30	53	0
77	33	0
19	56	0
40	22	0
79	50	0
84	98	0
58	56	0
15	62	0
49	3	0
52	59	0
30	86	0
38	30	0
85	82	0
92	72	0
18	99	0
60	73	0
12	71	0
75	59	0
33	48	0
46	64	0
35	74	0
63	72	0
19	30	1
9	63	0
94	79	0
71	54	0
97	56	0
22	64	0
53	89	0
57	27	0
93	26	0
37	46	0
98	10	0
19	89	0
28	32	0
35	72	0
86	56	0
20	43	0
81	64	0
17	99	0
12	71	0
13	11	1
92	86	0
38	31	0
2	70	0
77	89	0
52	64	0
80	70	0
22	91	0
99	34	0
29	0	0
36	87	0
35	75	0
36	21	0
20	39	0
6	18	0
82	74	0
95	3	0
58	5	0
69	16	0
99	45	0
35	11	0
27	50	0
97	42	0
7	53	0
57	82	0
0	62	0
22	78	0
72	56	0
49	95	0
82	49	0
71	84	0
28	36	0
75	64	0
43	57	0
79	51	0
17	77	0
47	33	0
31	77	0
83	32	0
60	36	0
99	73	0
93	98	0
88	78	0
35	69	0
17	25	0
56	40	0
46	76	0
33	18	0
24	1	0
36	75	0
18	37	0
63	3	0
69	82	0
75	65	0
93	13	0
7	47	0
66	87	0
5	94	0
53	9	0
67	52	0
62	21	0
33	18	0
24	36	0
35	15	0
74	8	0
38	87	0
55	31	0
33	81	0
78	14	0
31	43	0
48	62	0
74	19	0
88	70	0
63	70	0
35	66	0
50	89	0
76	84	0
84	47	0
25	67	0
73	75	0
64	94	0
19	42	0
20	52	0
97	34	0
30	86	0
96	88	0
70	85	0
44	1	0
58	60	0
93	57	0
66	85	0
82	51	0
93	76	0
83	31	0
8	63	0
8	58	0
71	85	0
77	43	0
55	62	0
56	10	0
32	15	0
85	67	0
22	30	0
11	59	0
43	50	0
53	39	0
38	20	0
46	32	0
15	86	0
23	36	0
8	59	0
14	76	0
71	47	0
18	23	0
62	11	0
97	29	0
78	0	0
55	77	0
9	57	0
59	31	0
51	34	0
58	82	0
92	13	0
34	39	0
53	63	0
51	79	0
18	98	0
38	71	0
38	85	0
26	24	0
75	83	0
40	46	0
32	86	0
63	30	0
13	41	0
59	61	0
64	21	0
31	76	0
79	39	0
51	42	0
46	46	0
30	11	0
8	65	0
76	67	0
76	64	0
41	47	0
87	60	0
81	73	0
71	26	0
62	8	0
76	80	0
77	14	0
6	66	0
75	80	0
40	21	0
71	38	0
20	69	0
13	87	0
35	92	0
29	54	0
96	27	0
18	51	0
52	98	0
17	86	0
99	72	0
56	61	0
85	37	0
24	3	0
48	24	0
62	2	0
8	81	0
61	58	0
83	66	0
73	45	0
18	0	0
24	43	0
73	11	0
7	83	0
78	3	0
50	67	0
46	28	0
82	95	0
4	22	0
19	92	0
97	54	0
32	15	0
95	83	0
59	64	0
70	53	0
42	30	0
90	30	0
93	78	0
7	66	0
0	78	0
20	53	0
9	87	0
6	90	0
78	25	0
46	42	0
4	94	0
50	8	0
70	4	0
40	54	0
74	52	0
48	20	0
28	59	0
29	29	0
83	15	0
11	40	0
89	64	0
93	6	0
55	53	0
27	19	0
58	12	0
14	95	0
56	74	0
38	60	0
38	17	0
3	90	0
5	88	0
66	54	0
96	39	0
40	27	0
27	78	0
99	92	0
51	29	0
57	74	0
69	88	0
3	79	0
71	24	0
56	58	0
20	38	0
96	75	0
47	65	0
98	13	0
75	14	0
85	21	0
75	92	0
44	67	0
35	77	0
82	23	0
32	7	0
68	95	0
65	74	0
18	54	0
69	43	0
67	94	0
79	8	0
96	52	0
32	76	0
58	51	0
32	29	0
84	20	0
34	50	0
65	3	0
89	98	0
76	65	0
52	75	0
81	28	0
77	75	0
9	87	0
40	5	0
15	95	0
0	63	0
65	66	0
72	95	0
76	6	0
96	97	0
84	9	0
80	82	0
66	3	0
83	32	0
84	41	0
58	36	0
11	80	0
61	90	0
56	72	0
17	56	0
9	38	0
32	98	0
8	63	0
42	6	0
33	52	0
14	62	0
44	34	0
2	44	0
95	52	0
51	22	0
9	51	0
27	85	0
78	82	0
0	1	0
90	66	0
17	69	0
60	44	0
34	63	0
88	51	0
55	38	0
0	8	0
0	50	0
25	58	0
91	60	0
73	52	0
96	64	0
7	54	0
76	63	0
5	78	0
4	24	0
89	58	0
27	64	0
42	11	0
38	30	0
9	84	0
31	89	0
3	1	1
81	46	0
71	66	0
74	57	0
77	75	0
40	75	0
45	26	0
5	68	0
53	68	0
35	46	0
61	50	0
85	16	0
