99	64	0
56	12	0
38	24	0
47	96	0
7	26	0
94	29	0
93	78	0
7	11	1
46	10	0
72	90	0
43	42	0
81	38	0
0	81	0
22	9	0
17	65	0
99	12	0
95	82	0
64	25	0
27	58	0
98	69	0
90	0	0
44	79	0
71	81	0
75	99	0
66	1	0
39	99	0
53	9	0
78	81	0
70	89	0
97	53	0
4	41	0
32	34	0
39	30	0
83	28	0
37	46	0
87	72	0
12	93	0
63	80	0
93	26	0
78	89	0
47	3	0
23	47	0
75	51	0
99	53	0
59	73	0
97	49	0
10	89	0
39	44	0
58	13	0
86	49	0
21	70	0
57	14	0
29	92	0
50	89	0
30	58	0
99	71	0
38	28	0
37	47	0
82	81	0
97	92	0
86	14	0
10	94	0
96	9	0
50	2	0
90	72	0
38	26	0
24	84	0
76	9	0
37	75	0
85	76	0
59	57	0
18	29	0
79	89	0
27	39	0
15	49	0
86	39	0
16	36	0
40	77	0
57	88	0
76	23	0
43	99	0
62	99	0
0	10	0
14	14	0
96	21	0
95	18	0
38	58	0
76	44	0
23	30	0
79	55	0
36	48	0
28	9	0
35	3	0
70	45	0
17	90	0
60	6	0
52	73	0
43	7	0
41	26	0
87	41	0
39	63	0
65	48	0
13	71	0
69	89	0
7	79	0
43	78	0
82	50	0
60	9	0
53	66	0
7	63	0
59	5	0
55	60	0
5	67	0
46	5	0
38	62	0
24	37	0
86	80	0
51	44	0
3	1	0
25	98	0
78	0	0
67	69	0
11	33	0
84	78	0
91	12	0
65	66	0
55	84	0
28	19	0
60	91	0
21	23	1
82	84	0
70	55	0
36	96	0
72	30	0
32	23	0
17	35	0
83	1	0
1	69	0
95	71	0
93	17	0
92	29	0
42	57	0
58	11	0
92	91	0
4	9	0
39	14	0
83	83	0
37	46	0
94	70	0
83	77	0
58	22	0
49	35	0
56	62	0
7	52	0
27	80	0
14	56	0
78	71	0
50	65	0
46	98	0
79	56	0
71	78	0
56	78	0
24	46	0
87	79	0
1	37	0
39	40	0
24	23	0
23	78	0
39	71	0
98	22	0
39	34	0
74	13	0
36	83	0
67	24	0
51	35	0
77	76	0
26	57	0
64	72	0
41	94	0
36	61	0
38	12	0
66	14	0
39	87	0
8	76	0
70	86	0
89	55	0
17	88	0
30	32	0
98	68	0
28	58	0
32	86	0
46	98	0
52	47	0
34	8	0
19	39	0
71	91	0
83	96	0
60	88	0
79	20	0
5	69	0
59	3	0
70	10	0
69	23	0
80	22	0
32	61	0
1	73	0
53	60	0
78	35	0
34	74	0
89	21	0
54	86	0
30	64	0
30	14	0
77	70	0
32	69	0
43	14	0
2	94	0
75	16	0
98	82	0
86	95	0
86	19	0
4	77	0
12	74	0
95	50	0
49	73	0
34	45	0
52	73	0
57	77	0
52	58	0
7	78	0
31	67	0
66	12	0
5	67	0
72	99	0
72	42	0
41	92	0
89	57	0
39	13	0
42	56	0
19	75	0
38	94	0
50	37	0
68	28	0
19	32	0
93	68	0
78	44	0
84	53	0
6	80	0
58	16	0
16	83	0
70	67	0
52	40	0
61	51	0
55	11	0
9	9	1
3	56	0
77	48	0
52	11	0
78	59	0
45	88	0
64	47	0
97	29	0
91	7	0
1	63	0
89	70	0
22	98	0
92	63	0
41	90	0
57	31	0
43	1	0
20	93	0
67	31	0
42	53	0
43	78	0
49	7	0
23	97	0
69	97	0
87	82	0
66	28	0
93	70	0
8	84	0
46	36	0
60	3	0
68	23	0
37	18	0
40	4	0
51	9	0
56	47	0
73	37	0
35	53	0
25	48	0
53	56	0
69	81	0
87	76	0
57	89	0
86	12	0
94	52	0
80	0	0
12	52	0
28	2	0
86	38	0
50	24	0
75	72	0
4	43	0
50	70	0
53	23	0
27	98	0
33	89	0
28	72	0
99	65	0
44	29	0
37	3	0
26	58	0
90	55	0
80	24	0
68	93	0
17	9	0
62	94	0
11	75	0
43	88	0
37	34	0
3	55	0
80	7	0
25	27	0
86	12	0
42	13	0
13	2	0
86	6	0
34	46	0
14	39	0
82	26	0
91	61	0
8	27	0
26	28	0
1	55	0
29	84	0
14	78	0
4	5	0
36	90	0
45	66	0
44	38	0
65	20	0
47	84	0
37	68	0
84	97	0
41	26	0
19	49	0
32	34	0
56	78	0
83	96	0
52	16	0
84	1	0
36	1	0
50	11	0
61	11	0
17	43	0
81	57	0
68	4	0
20	36	0
57	5	0
53	50	0
47	51	0
27	62	0
81	84	0
67	52	0
18	53	0
55	34	0
19	10	1
92	7	0
54	8	0
67	17	0
57	41	0
26	35	0
8	70	0
67	73	0
17	80	0
32	93	0
20	94	0
47	20	0
35	36	0
91	62	0
64	47	0
5	79	0
82	80	0
59	92	0
22	32	0
75	24	0
58	95	0
70	2	0
93	61	0
82	42	0
34	16	0
45	48	0
39	49	0
91	78	0
7	16	0
76	26	0
88	10	0
14	46	0
28	93	0
69	74	0
82	2	0
4	67	0
98	32	0
43	94	0
76	7	0
64	49	0
41	52	0
50	42	0
32	40	0
51	37	0
76	76	0
76	50	0
40	33	0
76	67	0
22	53	0
19	92	0
84	83	0
40	23	0
3	72	0
64	18	0
88	17	0
71	42	0
13	60	0
64	35	0
28	36	0
53	42	0
7	98	0
64	31	0
54	11	0
86	51	0
46	24	0
31	81	0
28	6	0
81	51	0
7	3	0
67	96	0
1	87	0
38	47	0
53	79	0
56	30	0
19	98	0
18	44	0
25	41	0
59	13	0
92	32	0
83	18	0
86	94	0
19	59	0
34	13	0
33	29	0
79	22	0
52	62	0
71	93	0
18	37	0
73	99	0
86	72	0
41	78	0
74	9	0
71	38	0
84	13	0
72	16	0
46	18	0
41	33	0
92	4	0
73	31	0
3	62	0
92	17	0
86	95	0
8	94	0
91	62	0
47	47	0
24	13	0
94	85	0
78	56	0
26	99	0
68	26	0
79	47	0
92	56	0
83	64	0
32	75	0
82	80	0
36	93	0
90	73	0
37	38	0
24	91	0
98	88	0
34	36	0
32	41	0
68	72	0
63	91	0
49	64	0
52	95	0
57	59	0
35	63	0
30	62	0
84	19	0
17	89	0
80	57	0
21	87	0
42	57	0
41	75	0
81	29	0
29	28	0
18	46	0
63	41	0
98	74	0
69	14	0
87	95	0
71	99	0
35	44	0
63	7	0
32	43	0
29	86	0
41	33	0
57	69	0
69	80	0
38	19	0
80	92	0
44	30	0
31	16	0
66	42	0
33	80	0
41	11	0
5	62	0
90	81	0
56	92	0
53	45	0
81	11	0
44	75	0
43	54	0
99	57	0
92	1	0
2	75	0
72	6	0
75	74	0
71	32	0
34	3	0
37	68	0
79	81	0
36	73	0
54	76	0
76	21	0
16	68	0
65	14	0
42	63	0
58	98	0
27	95	0
97	3	0
91	17	0
65	9	0
40	88	0
18	87	0
7	83	0
76	48	0
72	66	0
79	62	0
21	43	0
83	44	0
70	61	0
87	72	0
64	60	0
21	56	0
22	72	0
38	28	0
47	39	0
0	47	0
51	67	0
40	40	0
92	37	0
81	37	0
69	3	0
80	29	0
54	76	0
15	16	1
17	48	0
58	34	0
94	75	0
62	84	0
94	72	0
21	54	0
52	69	0
60	52	0
25	56	0
92	31	0
22	62	0
38	24	0
86	49	0
78	99	0
59	52	0
22	63	0
45	3	0
63	69	0
31	85	0
39	28	0
77	79	0
96	69	0
19	96	0
54	70	0
14	69	0
73	65	0
30	54	0
50	66	0
39	76	0
61	70	0
24	36	0
16	65	0
88	78	0
81	52	0
96	59	0
26	73	0
55	79	0
69	31	0
87	23	0
40	38	0
99	13	0
15	85	0
26	31	0
28	76	0
84	56	0
22	38	0
92	65	0
13	99	0
8	76	0
19	8	0
96	94	0
37	27	0
5	77	0
76	88	0
42	61	0
78	74	0
32	89	0
99	34	0
29	14	0
39	87	0
32	74	0
37	17	0
23	38	0
3	24	0
90	70	0
89	12	0
58	8	0
73	14	0
98	39	0
27	7	0
35	43	0
95	42	0
13	58	0
44	86	0
3	46	0
16	77	0
80	54	0
47	96	0
70	51	0
75	77	0
37	37	0
76	62	0
35	56	0
88	46	0
12	69	0
58	33	0
36	67	0
76	34	0
55	39	0
98	84	0
96	96	0
85	85	0
18	80	0
19	32	0
56	49	0
52	75	0
30	18	0
18	4	0
37	69	0
7	39	0
63	6	0
67	83	0
84	62	0
89	18	0
15	45	0
11	2	1
80	93	0
7	99	0
49	8	0
59	54	0
70	12	0
12	4	1
44	20	0
22	35	0
45	16	0
65	6	0
42	86	0
58	22	0
31	92	0
73	2	0
30	39	0
55	70	0
75	24	0
91	72	0
65	78	0
35	71	0
45	89	0
76	91	0
83	57	0
18	64	0
82	75	0
61	96	0
12	35	0
17	50	0
92	41	0
35	90	0
99	95	0
69	82	0
45	2	0
52	47	0
87	56	0
55	87	0
76	49	0
98	73	0
90	30	0
13	63	0
1	57	0
74	88	0
77	39	0
51	60	0
55	10	0
35	16	0
76	75	0
25	38	0
14	65	0
43	47	0
59	43	0
34	14	0
59	29	0
14	86	0
20	39	0
11	59	0
5	73	0
76	50	0
17	22	0
62	14	0
92	26	0
81	2	0
55	70	0
5	63	0
63	27	0
46	32	0
67	78	0
76	12	0
45	44	0
52	61	0
46	85	0
18	99	0
25	67	0
44	84	0
30	37	0
74	81	0
52	46	0
29	78	0
61	32	0
10	43	0
62	60	0
60	19	0
33	78	0
79	50	0
53	46	0
49	41	0
37	15	0
6	65	0
71	66	0
75	57	0
44	38	0
84	56	0
81	68	0
80	36	0
70	10	0
92	78	0
88	12	0
5	71	0
71	81	0
32	17	0
61	36	0
8	0	1
18	55	0
12	86	0
34	86	0
22	48	0
94	34	0
19	52	0
55	99	0
18	82	0
99	74	0
54	60	0
86	38	0
23	1	0
55	14	0
53	8	0
7	8	0
14	75	0
62	61	0
84	66	0
72	47	0
16	2	0
26	39	0
67	7	0
0	80	0
77	1	0
43	73	0
50	22	0
76	98	0
8	35	0
8	93	0
99	58	0
33	16	0
91	71	0
61	58	0
77	40	0
45	27	0
91	27	0
88	72	0
14	64	0
1	85	0
24	59	0
3	90	0
8	84	0
86	29	0
34	50	0
5	96	0
53	10	0
60	1	0
37	47	0
21	24	1
64	39	0
38	21	0
23	74	0
31	33	0
74	14	0
9	42	0
85	52	0
89	0	0
67	51	0
29	9	0
51	15	0
12	98	0
60	79	0
40	68	0
37	12	0
3	82	0
1	90	0
62	50	0
91	45	0
38	28	0
30	79	0
21	28	0
96	83	0
56	26	0
51	73	0
63	99	0
20	25	1
3	85	0
68	26	0
53	65	0
29	32	0
98	69	0
42	70	0
98	18	0
77	17	0
94	19	0
87	84	0
45	55	0
23	88	0
85	5	0
26	3	0
67	86	0
67	76	0
19	51	0
68	40	0
72	82	0
88	13	0
95	52	0
24	73	0
58	48	0
24	23	0
90	23	0
40	42	0
63	11	0
90	97	0
84	79	0
46	69	0
74	32	0
69	76	0
1	90	0
44	0	0
11	95	0
14	73	0
72	69	0
76	95	0
80	8	0
95	87	0
81	4	0
80	70	0
61	0	0
91	36	0
77	53	0
56	28	0
12	70	0
57	87	0
54	75	0
15	45	0
4	40	0
33	97	0
9	65	0
45	2	0
38	56	0
13	66	0
37	24	0
3	48	0
89	52	0
52	18	0
2	46	0
27	88	0
74	61	0
0	1	0
93	71	0
23	80	0
58	46	0
35	53	0
94	43	0
56	39	0
0	15	0
2	50	0
21	56	0
93	68	0
69	50	0
98	62	0
1	55	0
64	56	0
12	69	0
2	16	0
74	65	0
28	65	0
45	11	0
32	31	0
7	80	0
35	84	0
4	4	0
78	46	0
70	60	0
81	68	0
78	77	0
45	87	0
45	16	0
0	71	0
48	65	0
41	53	0
60	48	0
87	12	0
