84	62	0
44	11	0
36	29	0
57	95	0
9	8	0
94	37	0
96	88	0
41	7	0
64	82	0
46	14	0
89	47	0
4	80	0
16	5	0
20	65	0
96	24	0
79	77	0
58	29	0
20	50	0
88	63	0
96	11	0
51	91	0
61	71	0
81	82	0
53	4	0
35	78	0
57	10	0
84	74	0
61	85	0
85	74	0
3	25	0
58	22	0
38	15	0
87	33	0
32	50	0
86	59	0
4	89	0
37	97	0
94	28	0
75	92	0
48	0	0
26	67	0
94	56	0
93	69	0
55	68	0
99	51	0
5	81	0
21	38	1
64	0	0
93	63	0
17	70	0
63	3	0
14	78	0
56	94	0
40	76	0
98	69	0
49	30	0
25	26	0
94	74	0
97	99	0
98	10	0
13	95	0
95	17	0
38	4	0
77	78	0
41	13	0
8	98	0
81	7	0
42	84	0
75	94	0
49	65	0
4	30	0
67	95	0
28	35	1
12	56	0
90	31	0
23	41	1
25	87	0
53	98	0
62	28	0
29	99	0
61	99	0
0	20	0
97	8	0
91	21	0
39	59	0
79	41	0
21	38	1
80	57	0
51	10	0
38	7	0
70	43	0
17	98	0
57	7	0
53	87	0
42	3	0
47	31	0
86	42	0
37	65	0
75	45	0
11	60	0
77	81	0
2	74	0
27	95	0
97	59	0
63	8	0
44	69	0
34	60	0
62	1	0
67	52	0
5	57	0
31	2	0
20	45	0
40	32	0
66	90	0
57	51	0
18	93	0
87	6	0
52	78	0
80	85	0
98	1	0
66	81	0
52	69	0
28	7	0
57	99	0
98	72	0
69	63	0
23	96	0
64	36	0
34	16	0
17	45	0
77	9	0
7	65	0
95	63	0
98	24	0
85	32	0
37	53	0
51	15	0
83	76	0
19	13	0
34	9	0
81	65	0
40	37	0
65	70	0
68	91	0
50	33	0
46	31	0
59	40	0
15	46	0
28	52	0
22	57	0
78	86	0
44	54	0
29	98	0
78	43	0
75	65	0
53	80	0
32	35	1
95	71	0
15	32	0
53	52	0
16	11	0
25	82	0
36	74	0
87	33	0
44	40	0
76	10	0
42	88	0
54	25	0
47	49	0
76	76	0
25	65	0
50	74	0
33	85	0
34	46	0
44	12	0
54	5	0
32	73	0
26	83	0
80	77	0
89	69	0
24	89	0
94	69	0
30	51	0
26	85	0
55	72	0
37	53	0
24	14	0
9	31	1
72	96	0
90	83	0
59	65	0
76	34	0
0	53	0
57	3	0
78	37	0
63	28	0
70	30	0
17	64	0
2	55	0
53	52	0
77	21	0
42	64	0
93	29	0
34	96	0
26	66	0
38	22	0
82	82	0
37	56	0
36	9	0
21	85	0
54	13	0
95	86	0
64	92	0
92	4	0
6	79	0
25	62	0
89	28	0
53	81	0
47	41	0
55	61	0
47	71	0
50	68	0
23	77	0
30	57	0
67	3	0
1	59	0
60	82	0
93	44	0
43	89	0
77	61	0
61	29	0
46	71	0
24	88	0
40	92	0
54	39	0
74	38	0
87	58	0
72	38	0
66	68	0
10	46	0
50	16	0
6	83	0
65	59	0
67	39	0
66	32	0
53	22	0
8	60	0
86	16	0
40	12	0
67	66	0
53	74	0
71	30	0
96	38	0
94	4	0
5	59	0
97	72	0
22	99	0
90	71	0
36	93	0
55	30	0
61	16	0
17	88	0
69	32	0
44	64	0
34	71	0
43	9	0
30	97	0
81	88	0
70	91	0
76	40	0
90	72	0
23	95	0
42	63	0
64	4	0
69	36	0
31	13	0
35	2	0
52	14	0
53	59	0
77	43	0
34	47	0
39	50	0
38	72	0
74	88	0
79	67	0
56	79	0
85	0	0
80	42	0
65	1	0
18	47	0
29	37	1
74	45	0
65	54	0
66	66	0
12	35	0
42	70	0
58	22	0
26	89	0
29	91	0
26	72	0
93	62	0
49	14	0
37	3	0
31	53	0
82	68	0
62	13	0
72	90	0
12	5	0
51	94	0
0	70	0
37	92	0
43	38	0
0	59	0
85	24	0
24	30	1
72	4	0
48	13	0
89	12	0
34	51	0
16	52	0
76	22	0
85	61	0
9	17	0
21	37	1
6	62	0
32	94	0
2	83	0
46	96	0
55	72	0
52	38	0
59	13	0
39	86	0
42	68	0
80	92	0
30	25	0
9	59	0
27	48	0
61	58	0
69	82	0
28	23	0
83	25	0
37	0	0
48	2	0
60	17	0
31	47	0
76	71	0
87	8	0
18	40	0
53	21	0
52	51	0
41	35	0
30	49	0
80	76	0
74	59	0
14	52	0
56	29	0
96	9	0
59	9	0
53	28	0
52	37	0
37	26	0
1	72	0
59	81	0
27	75	0
21	95	0
30	99	0
59	13	0
37	31	0
98	45	0
86	58	0
4	75	0
83	73	0
71	72	0
77	26	0
75	82	0
80	5	0
78	60	0
76	60	0
40	22	0
61	54	0
24	49	0
89	79	0
73	22	0
98	15	0
30	49	0
37	92	0
70	72	0
84	16	0
14	68	0
92	27	0
44	95	0
79	18	0
69	45	0
43	54	0
55	41	0
29	44	0
35	48	0
58	87	0
81	31	0
35	21	0
69	74	0
25	68	0
11	97	0
88	95	0
36	36	0
5	86	0
63	32	0
87	19	0
84	41	0
8	62	0
61	32	0
46	27	0
44	42	0
9	97	0
81	24	0
54	3	0
89	42	0
47	48	0
24	76	0
18	0	0
57	62	0
53	91	0
9	52	0
42	68	0
36	76	0
55	36	0
15	89	0
4	50	0
21	41	1
58	14	0
88	30	0
91	13	0
76	84	0
16	59	0
23	34	0
43	25	0
85	0	0
69	60	0
78	91	0
14	44	0
65	91	0
98	66	0
34	87	0
73	6	0
61	53	0
66	22	0
78	11	0
44	27	0
43	12	0
99	4	0
82	33	0
9	81	0
80	10	0
89	98	0
26	93	0
96	65	0
47	59	0
11	25	0
91	92	0
61	40	0
1	96	0
67	37	0
71	41	0
73	53	0
83	68	0
28	75	0
85	67	0
32	89	0
99	81	0
34	93	0
98	74	0
29	31	1
39	29	0
59	67	0
65	98	0
47	65	0
72	95	0
69	50	0
33	67	0
38	66	0
82	8	0
12	84	0
92	50	0
21	89	0
51	75	0
42	80	0
89	40	0
36	53	0
25	38	1
46	27	0
83	53	0
67	14	0
90	89	0
59	92	0
42	51	0
51	7	0
38	40	0
53	86	0
34	22	0
49	63	0
74	71	0
40	20	0
97	94	0
48	16	0
22	3	0
55	24	0
23	80	0
35	0	0
16	58	0
91	91	0
58	87	0
62	56	0
59	3	0
41	70	0
46	49	0
97	55	0
87	5	0
5	69	0
75	1	0
56	74	0
64	30	0
44	11	0
36	66	0
88	79	0
32	73	0
41	83	0
80	29	0
22	48	0
62	31	0
41	67	0
62	82	0
33	98	0
85	4	0
98	24	0
69	14	0
25	76	0
22	99	0
24	79	0
68	43	0
83	72	0
73	85	0
14	46	0
77	42	0
68	74	0
81	77	0
57	73	0
19	77	0
17	64	0
48	25	0
37	11	0
4	34	0
40	55	0
31	44	0
84	28	0
81	38	0
68	2	0
80	46	0
52	59	0
21	67	0
51	27	0
87	85	0
50	93	0
78	63	0
29	56	0
38	88	0
74	48	0
27	50	0
78	30	0
23	49	0
38	18	0
90	53	0
87	93	0
55	54	0
12	60	0
51	7	0
61	56	0
32	83	0
39	32	0
81	89	0
93	67	0
16	83	0
70	47	0
9	65	0
81	56	0
30	59	0
52	62	0
35	79	0
56	66	0
4	55	0
75	65	0
65	56	0
84	44	0
23	75	0
59	86	0
54	19	0
94	22	0
49	34	0
99	15	0
11	81	0
37	38	0
34	67	0
84	61	0
24	60	0
81	72	0
17	92	0
18	85	0
92	91	0
45	22	0
8	68	0
76	92	0
45	64	0
83	60	0
25	90	0
95	31	0
28	4	0
32	83	0
28	75	0
31	13	0
14	45	0
6	26	0
81	70	0
99	16	0
59	13	0
76	28	0
87	33	0
32	11	0
36	55	0
96	37	0
9	57	0
54	93	0
8	54	0
30	81	0
67	55	0
52	98	0
78	57	0
69	84	0
34	37	0
73	61	0
42	54	0
78	66	0
11	68	0
54	28	0
31	83	0
81	38	0
77	28	0
85	72	0
93	97	0
83	82	0
51	69	0
67	41	0
50	69	0
41	20	0
32	9	0
36	78	0
3	41	0
62	5	0
61	89	0
83	87	0
85	7	0
14	42	0
56	83	0
15	97	0
58	5	0
58	47	0
59	21	0
43	20	0
14	34	1
51	17	0
80	6	0
42	95	0
69	27	0
28	97	0
94	17	0
26	46	0
45	63	0
66	29	0
78	90	0
68	76	0
43	63	0
55	90	0
74	68	0
84	44	0
12	65	0
83	83	0
83	99	0
16	58	0
91	47	0
28	76	0
92	90	0
55	94	0
45	14	0
77	68	0
89	58	0
57	83	0
74	64	0
92	69	0
70	35	0
19	57	0
0	62	0
66	74	0
73	35	0
53	51	0
48	3	0
33	17	0
94	69	0
11	53	0
25	50	0
59	29	0
43	15	0
58	27	0
18	94	0
6	58	0
18	80	0
72	53	0
79	21	0
89	31	0
90	3	0
59	85	0
9	54	0
53	29	0
59	52	0
47	79	0
90	16	0
61	53	0
43	89	0
20	90	0
37	62	0
27	90	0
37	22	0
77	76	0
45	36	0
42	80	0
55	39	0
7	41	0
63	61	0
64	14	0
23	82	0
92	39	0
23	40	0
24	55	0
22	15	0
0	67	0
79	69	0
72	63	0
45	52	0
80	53	0
89	66	0
67	33	0
66	18	0
81	68	0
80	23	0
6	53	0
76	87	0
28	33	0
61	34	0
10	64	0
0	87	0
38	94	0
35	56	0
96	26	0
6	46	0
58	92	0
7	91	0
86	57	0
50	44	0
85	30	0
13	10	0
46	34	0
73	4	0
21	87	0
53	45	0
96	59	0
86	36	0
7	3	0
14	46	0
61	15	0
6	58	0
84	6	0
52	72	0
38	27	0
90	90	0
14	15	0
30	92	0
95	54	0
29	13	0
88	99	0
47	63	0
65	58	0
42	35	0
90	26	0
92	92	0
4	59	0
9	69	0
12	51	0
21	83	0
19	99	0
64	29	0
36	53	0
13	87	0
47	18	0
68	14	0
37	59	0
61	51	0
51	17	0
32	71	0
36	28	0
88	21	0
3	36	0
76	59	0
92	12	0
56	45	0
35	19	0
48	4	0
14	91	0
47	73	0
43	64	0
35	11	0
14	94	0
8	87	0
68	46	0
95	34	0
33	29	0
32	61	0
87	89	0
51	30	0
64	70	0
64	86	0
8	84	0
77	37	0
50	56	0
10	42	0
94	75	0
51	64	0
91	14	0
76	14	0
89	21	0
67	91	0
54	66	0
44	50	0
65	17	0
43	10	0
59	92	0
65	67	0
17	54	0
74	37	0
47	98	0
90	31	0
90	61	0
34	75	0
48	53	0
22	34	1
83	28	0
41	52	0
82	5	0
93	94	0
70	65	0
54	78	0
71	37	0
67	88	0
15	86	0
42	5	0
13	92	0
13	61	0
54	68	0
79	80	0
65	13	0
98	94	0
91	10	0
99	87	0
64	13	0
79	29	0
74	54	0
52	38	0
14	83	0
57	96	0
67	83	0
35	46	0
11	35	0
19	93	0
15	61	0
43	6	0
39	46	0
16	67	0
39	42	0
0	42	0
97	59	0
42	23	0
17	63	0
31	85	0
64	80	0
89	55	0
4	71	0
62	47	0
24	61	0
75	43	0
55	34	0
3	50	0
25	44	0
85	56	0
67	56	0
84	49	0
4	66	0
63	54	0
3	82	0
5	8	0
90	70	0
11	63	0
30	1	0
36	19	0
13	97	0
18	81	0
92	37	0
62	72	0
78	60	0
78	79	0
43	63	0
56	46	0
5	72	0
45	72	0
37	55	0
65	56	0
79	17	0
