96	66	0
54	9	0
37	19	0
40	94	0
3	37	0
91	27	0
87	79	0
11	4	0
49	10	0
72	91	0
42	38	0
80	37	0
0	86	0
21	2	0
15	68	0
96	9	0
95	89	0
62	29	0
30	55	0
98	64	0
91	1	0
42	73	0
76	84	0
79	93	0
66	5	0
29	93	0
58	11	0
77	79	0
72	90	0
99	59	0
0	42	0
30	32	0
40	30	0
79	20	0
42	47	0
92	75	0
12	93	0
68	77	0
91	22	0
80	94	0
46	6	0
26	53	0
70	56	0
98	54	0
57	75	0
97	48	0
21	99	0
37	46	0
57	15	0
82	44	0
17	63	0
59	11	0
31	92	0
56	85	0
27	65	0
95	70	0
47	27	0
38	47	0
83	74	0
95	99	0
92	13	0
14	97	0
94	13	0
51	8	0
92	72	0
41	34	0
20	82	0
84	6	0
32	80	0
83	73	0
63	50	0
21	30	0
86	83	0
29	40	0
14	48	0
87	38	0
21	25	1
15	38	0
39	83	0
60	90	0
72	25	0
47	95	0
62	98	0
0	7	0
12	19	0
94	22	0
98	21	0
37	60	0
82	45	0
22	29	0
75	52	0
39	57	0
34	12	0
37	3	0
71	48	0
23	87	0
57	5	0
49	75	0
43	2	0
38	26	0
94	44	0
51	61	0
64	48	0
16	76	0
68	83	0
9	79	0
45	75	0
86	47	0
68	14	0
54	70	0
6	56	0
56	6	0
51	63	0
10	70	0
47	2	0
31	57	0
19	33	0
84	82	0
44	40	0
5	2	0
23	96	0
82	0	0
69	65	0
14	32	0
81	77	0
94	15	0
62	70	0
55	88	0
30	21	0
64	92	0
20	17	1
73	87	0
62	54	0
36	96	0
76	32	0
38	23	0
22	34	0
78	1	0
11	11	1
3	72	0
94	70	0
92	12	0
87	34	0
41	56	0
60	5	0
91	95	0
4	6	0
39	13	0
16	14	1
81	81	0
35	38	0
94	68	0
84	79	0
52	27	0
48	37	0
67	59	0
4	47	0
25	81	0
15	57	0
81	75	0
55	71	0
43	96	0
82	50	0
69	77	0
51	84	0
27	45	0
89	80	0
2	37	0
34	39	0
27	24	0
19	73	0
35	72	0
99	19	0
42	36	0
76	11	0
36	82	0
70	22	0
55	28	0
80	78	0
26	54	0
62	69	0
35	99	0
36	64	0
40	6	0
69	16	0
31	91	0
18	82	0
71	86	0
93	58	0
17	92	0
28	34	0
91	70	0
25	59	0
37	79	0
37	94	0
51	45	0
31	8	0
17	35	0
79	95	0
89	96	0
61	92	0
78	14	0
3	62	0
66	0	0
60	15	0
65	21	0
85	20	0
29	62	0
6	73	0
63	63	0
75	35	0
31	77	0
88	19	0
56	86	0
31	65	0
29	17	0
84	73	0
33	67	0
42	9	0
5	89	0
82	16	0
96	79	0
83	92	0
85	21	0
3	80	0
18	75	0
94	51	0
51	72	0
36	46	0
46	75	0
59	71	0
55	56	0
6	82	0
34	71	0
62	16	0
5	64	0
68	94	0
65	42	0
35	94	0
87	57	0
40	16	0
41	57	0
10	78	0
39	93	0
57	34	0
69	27	0
10	32	0
87	65	0
72	46	0
79	52	0
9	86	0
57	11	0
14	82	0
66	64	0
57	44	0
70	57	0
57	5	0
16	6	1
4	55	0
76	44	0
52	11	0
72	57	0
50	81	0
63	51	0
92	30	0
92	14	0
4	61	0
90	66	0
23	94	0
93	56	0
35	88	0
56	34	0
45	0	0
18	91	0
69	35	0
44	56	0
44	75	0
50	4	0
23	95	0
75	84	0
87	87	0
61	30	0
95	74	0
9	89	0
40	40	0
59	0	0
62	18	0
37	21	0
44	5	0
56	9	0
55	49	0
74	34	0
37	50	0
25	46	0
52	54	0
70	78	0
91	74	0
56	87	0
79	11	0
99	53	0
79	1	0
10	57	0
29	8	0
91	33	0
47	23	0
74	75	0
7	43	0
49	73	0
54	29	0
25	96	0
35	88	0
30	68	0
90	56	0
41	25	0
39	2	0
24	55	0
91	52	0
77	18	0
76	99	0
14	8	0
65	89	0
10	77	0
44	83	0
32	32	0
4	54	0
81	8	0
21	36	0
82	12	0
41	8	0
19	0	0
82	5	0
30	51	0
10	42	0
89	28	0
95	61	0
7	27	0
28	35	0
1	60	0
32	81	0
15	73	0
5	9	0
37	95	0
46	67	0
38	29	0
62	31	0
48	82	0
39	69	0
89	95	0
36	25	0
15	49	0
31	40	0
53	77	0
79	96	0
53	8	0
75	0	0
34	7	0
46	8	0
61	8	0
19	48	0
75	59	0
66	2	0
23	45	0
63	6	0
52	54	0
47	50	0
28	65	0
78	85	0
62	53	0
17	63	0
60	37	0
23	17	0
96	8	0
48	5	0
68	17	0
51	37	0
21	41	0
17	72	0
69	75	0
12	76	0
33	95	0
24	94	0
49	21	0
32	33	0
86	64	0
59	48	0
6	78	0
76	75	0
62	90	0
24	33	0
69	23	0
66	96	0
73	2	0
96	61	0
75	42	0
33	18	0
40	47	0
37	49	0
88	79	0
11	28	0
75	31	0
87	9	0
14	56	0
31	92	0
70	79	0
85	5	0
3	71	0
95	34	0
48	91	0
3	11	1
77	9	0
61	53	0
41	54	0
57	48	0
29	40	0
49	39	0
74	74	0
74	52	0
43	31	0
74	67	0
23	50	0
24	92	0
83	85	0
41	17	0
3	73	0
69	20	0
83	21	0
68	45	0
17	59	0
62	28	0
29	33	0
53	39	0
4	96	0
62	38	0
54	19	0
91	51	0
45	22	0
34	74	0
33	7	0
80	41	0
8	2	0
62	97	0
4	88	0
37	41	0
55	84	0
55	29	0
18	96	0
17	44	0
21	42	0
59	19	0
97	33	0
82	20	0
85	98	0
24	59	0
16	17	1
34	12	0
33	25	0
86	21	0
52	62	0
77	84	0
23	32	0
67	99	0
85	68	0
41	76	0
75	11	0
69	37	0
82	19	0
70	22	0
46	20	0
37	31	0
97	2	0
65	29	0
1	66	0
91	16	0
91	96	0
10	93	0
85	61	0
43	48	0
24	2	0
92	88	0
78	55	0
28	99	0
64	21	0
77	44	0
93	59	0
83	67	0
28	79	0
76	83	0
33	91	0
85	74	0
36	40	0
27	89	0
99	87	0
34	35	0
26	46	0
64	68	0
63	94	0
52	69	0
45	93	0
62	61	0
35	62	0
34	65	0
81	22	0
13	92	0
87	52	0
19	84	0
42	53	0
45	80	0
79	29	0
23	33	0
17	42	0
60	43	0
92	73	0
61	18	0
84	96	0
70	98	0
37	44	0
58	10	0
31	45	0
22	85	0
36	32	0
55	69	0
69	81	0
35	21	0
77	88	0
50	33	0
38	17	0
65	41	0
22	76	0
41	13	0
4	60	0
91	79	0
65	95	0
52	45	0
81	12	0
38	71	0
42	55	0
99	53	0
96	0	0
0	74	0
71	2	0
83	74	0
70	22	0
31	2	0
34	67	0
77	81	0
38	76	0
52	80	0
79	20	0
15	67	0
60	6	0
44	67	0
62	99	0
30	90	0
89	7	0
92	22	0
61	11	0
34	86	0
15	93	0
6	92	0
79	51	0
73	58	0
78	65	0
15	44	0
85	46	0
65	61	0
84	76	0
70	62	0
25	52	0
17	69	0
39	27	0
46	44	0
4	48	0
55	65	0
44	40	0
94	40	0
75	32	0
74	4	0
75	31	0
53	82	0
23	18	1
15	46	0
65	41	0
93	77	0
69	80	0
95	75	0
24	48	0
52	62	0
61	50	0
30	62	0
87	38	0
21	60	0
43	20	0
92	55	0
71	96	0
54	52	0
21	65	0
40	3	0
68	67	0
29	82	0
44	26	0
74	80	0
88	75	0
19	92	0
50	62	0
13	71	0
74	66	0
37	56	0
49	62	0
40	77	0
63	68	0
28	35	0
16	66	0
89	82	0
78	56	0
98	59	0
34	77	0
56	75	0
69	34	0
21	18	1
84	23	0
40	33	0
97	5	0
16	91	0
33	34	0
28	79	0
91	58	0
19	35	0
97	62	0
13	94	0
14	71	0
28	3	0
96	95	0
33	26	0
0	82	0
74	92	0
37	62	0
78	72	0
32	83	0
98	29	0
34	18	0
37	84	0
29	77	0
33	11	0
23	39	0
10	25	0
91	67	0
93	15	0
56	8	0
68	9	0
90	41	0
31	8	0
38	39	0
99	44	0
11	58	0
43	87	0
2	47	0
18	81	0
73	58	0
48	95	0
66	45	0
70	79	0
35	34	0
79	66	0
36	66	0
87	45	0
7	72	0
58	36	0
35	65	0
73	32	0
55	41	0
98	83	0
91	95	0
84	87	0
21	83	0
21	34	0
54	52	0
52	70	0
35	25	0
22	9	0
36	69	0
9	42	0
64	8	0
66	83	0
89	61	0
95	18	0
9	44	0
12	2	0
77	91	0
4	94	0
51	10	0
56	49	0
70	12	0
15	4	0
46	16	0
19	34	0
46	19	0
60	2	0
38	84	0
55	21	0
28	90	0
74	2	0
28	40	0
52	67	0
70	19	0
91	70	0
64	76	0
41	65	0
52	95	0
81	90	0
7	17	1
87	58	0
16	67	0
79	74	0
60	92	0
15	33	0
19	59	0
93	49	0
34	82	0
96	97	0
64	83	0
49	7	0
47	52	0
81	56	0
57	88	0
72	50	0
97	73	0
82	27	0
14	65	0
2	56	0
71	89	0
77	43	0
54	59	0
58	12	0
33	25	0
75	72	0
24	36	0
13	61	0
38	45	0
59	42	0
33	12	0
58	29	0
7	85	0
22	38	0
13	57	0
6	73	0
76	52	0
28	26	0
60	12	0
92	24	0
79	3	0
54	72	0
2	63	0
64	30	0
49	37	0
20	20	1
71	75	0
77	17	0
47	39	0
50	66	0
47	85	0
18	99	0
31	63	0
40	89	0
30	40	0
78	84	0
43	41	0
28	78	0
55	23	0
6	40	0
61	58	0
67	17	0
29	76	0
80	52	0
52	43	0
51	46	0
41	18	0
2	73	0
68	60	0
74	53	0
44	35	0
79	57	0
86	73	0
79	39	0
65	10	0
86	77	0
91	16	0
6	76	0
65	84	0
31	16	0
56	37	0
7	5	0
17	55	0
9	86	0
34	91	0
20	47	0
93	36	0
14	48	0
57	99	0
13	85	0
96	63	0
54	64	0
88	39	0
20	1	0
60	14	0
45	6	0
8	1	0
13	76	0
59	63	0
83	65	0
73	48	0
18	2	0
30	35	0
67	12	0
2	80	0
75	4	0
45	75	0
55	26	0
72	98	0
12	36	0
2	93	0
98	60	0
36	20	0
86	70	0
61	59	0
73	43	0
41	30	0
93	32	0
83	69	0
14	64	0
0	88	0
23	52	0
2	86	0
9	96	0
90	31	0
33	50	0
4	99	0
54	14	0
61	0	0
41	48	0
26	18	0
63	44	0
40	18	0
26	80	0
31	31	0
73	13	0
4	42	0
88	49	0
85	9	0
66	49	0
31	12	0
45	19	0
10	97	0
60	80	0
40	66	0
12	3	1
37	17	0
4	82	0
3	83	0
72	55	0
88	46	0
45	30	0
28	74	0
26	27	0
98	90	0
61	32	0
46	72	0
66	98	0
21	20	1
2	85	0
68	22	0
57	65	0
29	36	0
98	67	0
36	73	0
99	19	0
79	18	0
99	18	0
88	87	0
43	58	0
24	89	0
85	10	0
32	1	0
64	84	0
63	72	0
19	48	0
66	39	0
67	81	0
88	14	0
93	55	0
22	65	0
56	53	0
24	22	0
89	25	0
48	43	0
69	9	0
90	97	0
85	78	0
50	65	0
71	31	0
64	72	0
6	90	0
41	1	0
8	97	0
14	77	0
63	65	0
77	95	0
87	5	0
98	91	0
80	1	0
19	10	1
84	74	0
67	1	0
99	34	0
74	52	0
55	36	0
17	69	0
60	89	0
54	76	0
13	41	0
3	41	0
39	95	0
6	73	0
42	0	0
42	55	0
13	63	0
41	28	0
7	43	0
95	47	0
57	23	0
0	45	0
24	88	0
72	59	0
0	7	0
92	71	0
27	82	0
56	48	0
34	58	0
95	53	0
61	43	0
3	15	0
2	49	0
23	61	0
87	72	0
66	49	0
99	62	0
0	50	0
61	57	0
17	66	0
3	13	0
72	76	0
30	61	0
45	9	0
27	28	0
8	77	0
35	88	0
6	2	0
73	43	0
65	62	0
80	66	0
77	74	0
43	87	0
37	15	0
5	70	0
10	11	1
45	68	0
39	48	0
57	52	0
82	14	0
