90	68	0
52	15	0
44	16	0
52	98	0
6	21	0
95	31	0
99	83	0
43	10	0
76	81	0
42	37	0
79	34	0
4	83	0
20	14	0
21	64	0
99	15	0
95	79	0
64	24	0
30	50	0
96	68	0
92	5	0
43	78	0
71	83	0
72	98	0
76	1	0
41	92	0
56	0	0
76	77	0
70	95	0
97	55	0
6	38	0
38	38	0
43	27	0
89	28	0
40	49	0
86	68	0
15	91	0
60	84	0
97	25	0
79	92	0
54	0	0
21	49	0
78	51	0
95	58	0
59	73	0
98	38	0
10	84	0
28	48	0
58	11	0
91	49	0
17	62	0
61	14	0
30	90	0
49	91	0
30	62	0
97	67	0
38	29	0
42	43	0
81	73	0
97	92	0
84	12	0
12	93	0
93	8	0
47	3	0
79	72	0
45	21	0
19	83	0
78	10	0
36	77	0
86	81	0
64	64	0
13	27	0
79	87	0
26	40	0
15	47	0
90	41	0
9	38	0
39	74	0
50	82	0
74	24	0
42	97	0
61	99	0
3	5	0
9	12	0
95	15	0
99	16	0
33	51	0
84	46	0
22	26	0
79	56	0
30	49	0
31	10	0
38	6	0
66	40	0
15	88	0
72	8	0
51	76	0
40	9	0
43	27	0
95	40	0
40	72	0
76	48	0
22	61	0
73	94	0
4	79	0
45	81	0
88	45	0
58	5	0
46	66	0
14	62	0
54	5	0
64	57	0
15	61	0
42	4	0
40	63	0
25	37	0
91	82	0
53	46	0
1	0	0
30	95	0
81	7	0
68	66	0
15	32	0
85	79	0
94	14	0
68	68	0
55	81	0
30	13	0
56	96	0
75	78	0
76	54	0
34	96	0
67	27	0
34	22	0
22	34	0
85	7	0
4	72	0
95	71	0
95	14	0
85	30	0
42	52	0
55	17	0
87	85	0
5	16	0
36	16	0
85	74	0
33	45	0
90	74	0
79	87	0
58	16	0
45	31	0
53	60	0
9	47	0
28	74	0
16	61	0
79	76	0
40	52	0
49	95	0
80	56	0
73	75	0
49	81	0
20	43	0
87	78	0
5	32	0
40	43	0
19	16	0
18	76	0
39	77	0
95	35	0
32	32	0
78	16	0
37	82	0
59	29	0
52	37	0
78	83	0
28	53	0
71	76	0
36	88	0
31	55	0
35	14	0
64	11	0
37	84	0
16	74	0
74	83	0
89	55	0
17	91	0
21	36	0
98	65	0
30	58	0
24	89	0
45	93	0
48	50	0
35	10	0
18	41	0
72	83	0
81	95	0
59	84	0
73	22	0
7	69	0
57	1	0
74	12	0
65	24	0
76	20	0
25	61	0
2	66	0
54	56	0
79	35	0
32	75	0
92	25	0
46	91	0
30	67	0
32	18	0
74	73	0
27	60	0
40	11	0
8	94	0
67	14	0
99	82	0
84	93	0
93	17	0
0	82	0
14	70	0
94	44	0
50	76	0
34	46	0
54	70	0
54	71	0
47	55	0
7	78	0
28	60	0
67	11	0
0	67	0
70	96	0
76	48	0
43	88	0
91	57	0
45	12	0
44	63	0
20	79	0
40	87	0
57	38	0
64	32	0
21	31	0
97	65	0
73	44	0
86	55	0
5	79	0
58	18	0
15	90	0
68	63	0
57	44	0
59	53	0
55	16	0
4	50	0
79	44	0
53	9	0
77	61	0
48	86	0
69	43	0
97	37	0
98	2	0
2	63	0
83	71	0
18	96	0
98	66	0
44	88	0
61	30	0
46	0	0
21	93	0
71	38	0
39	58	0
44	77	0
48	9	0
23	94	0
69	91	0
88	84	0
69	29	0
88	69	0
7	89	0
50	43	0
52	6	0
67	24	0
32	14	0
33	4	0
51	9	0
57	52	0
71	32	0
34	55	0
29	49	0
47	59	0
73	84	0
86	81	0
61	85	0
86	19	0
88	54	0
82	5	0
11	53	0
29	7	0
86	36	0
62	24	0
74	73	0
2	36	0
49	69	0
54	25	0
29	96	0
34	91	0
22	69	0
95	66	0
41	31	0
40	5	0
29	59	0
87	55	0
73	19	0
75	90	0
23	11	0
66	92	0
10	74	0
47	86	0
37	39	0
0	57	0
76	7	0
23	29	0
91	11	0
39	16	0
11	3	1
88	8	0
35	49	0
15	49	0
87	26	0
95	57	0
3	30	0
32	27	0
1	64	0
35	85	0
16	85	0
2	11	0
41	86	0
51	66	0
48	41	0
65	27	0
44	91	0
36	66	0
92	94	0
46	33	0
17	46	0
25	38	0
58	70	0
86	93	0
49	19	0
88	8	0
32	3	0
58	4	0
57	8	0
22	43	0
76	58	0
67	0	0
13	35	0
49	10	0
57	51	0
48	49	0
22	65	0
82	80	0
77	51	0
18	54	0
47	34	0
20	6	1
96	8	0
53	7	0
61	17	0
57	42	0
26	33	0
3	69	0
67	76	0
17	80	0
35	91	0
24	94	0
54	29	0
42	42	0
91	58	0
70	44	0
8	82	0
78	80	0
58	86	0
16	29	1
75	22	0
56	98	0
73	1	0
89	60	0
85	49	0
39	19	0
44	41	0
34	47	0
88	81	0
9	10	0
76	24	0
95	1	0
13	42	0
31	98	0
69	73	0
88	3	0
5	57	0
97	32	0
45	97	0
72	10	0
63	50	0
47	52	0
44	39	0
32	38	0
51	35	0
72	83	0
77	43	0
37	33	0
79	69	0
23	57	0
15	91	0
87	90	0
37	37	0
2	82	0
64	21	0
90	14	0
80	41	0
13	59	0
65	43	0
34	34	0
51	41	0
1	98	0
70	28	0
54	12	0
85	56	0
44	26	0
29	83	0
21	2	0
78	51	0
11	0	1
74	97	0
5	83	0
39	53	0
50	76	0
56	31	0
21	99	0
17	47	0
27	42	0
59	15	0
92	25	0
84	22	0
87	91	0
19	61	0
28	22	0
28	31	0
79	21	0
53	65	0
71	94	0
19	38	0
71	98	0
87	68	0
33	73	0
73	7	0
70	37	0
83	17	0
73	7	0
42	19	0
42	34	0
97	3	0
78	30	0
0	67	0
89	13	0
97	99	0
7	99	0
89	53	0
56	50	0
26	13	0
94	86	0
67	57	0
17	98	0
69	32	0
83	43	0
85	54	0
83	65	0
27	71	0
76	76	0
39	96	0
79	73	0
25	35	0
29	98	0
96	81	0
30	33	0
30	44	0
67	77	0
59	90	0
46	64	0
57	98	0
59	53	0
40	68	0
33	65	0
81	24	0
21	91	0
84	54	0
27	89	0
40	63	0
42	72	0
83	29	0
29	29	0
21	47	0
52	28	0
93	68	0
71	10	0
85	98	0
70	97	0
40	50	0
63	3	0
29	44	0
38	89	0
39	33	0
53	67	0
65	78	0
30	23	0
80	97	0
44	26	0
31	21	0
67	37	0
29	80	0
40	15	0
4	60	0
90	82	0
60	94	0
50	42	0
81	10	0
45	76	0
40	52	0
97	60	0
87	0	0
3	70	0
73	3	0
70	69	0
74	32	0
37	16	0
31	71	0
85	79	0
28	71	0
55	85	0
74	19	0
11	66	0
66	17	0
42	59	0
62	96	0
31	96	0
87	6	0
92	19	0
60	12	0
38	92	0
12	89	0
8	90	0
72	43	0
68	65	0
78	75	0
14	51	0
81	36	0
70	65	0
87	74	0
57	64	0
19	61	0
22	66	0
36	23	0
42	31	0
2	43	0
51	62	0
42	47	0
95	36	0
77	36	0
72	3	0
82	37	0
54	73	0
16	52	0
59	29	0
88	75	0
63	84	0
94	74	0
19	53	0
60	72	0
66	47	0
26	54	0
87	32	0
18	53	0
42	25	0
82	51	0
82	95	0
57	56	0
19	67	0
44	5	0
57	70	0
29	84	0
43	26	0
77	79	0
95	72	0
19	97	0
53	75	0
9	73	0
73	62	0
31	52	0
46	61	0
37	76	0
62	73	0
23	26	0
14	61	0
92	81	0
78	55	0
99	56	0
26	61	0
53	85	0
63	25	0
92	26	0
41	46	0
96	11	0
17	87	0
27	30	0
33	82	0
90	57	0
23	43	0
90	68	0
19	95	0
9	72	0
21	5	1
90	88	0
40	29	0
1	70	0
77	90	0
48	63	0
83	65	0
28	92	0
99	37	0
25	12	0
37	82	0
31	73	0
37	19	0
25	42	0
1	15	0
82	69	0
91	6	0
60	8	0
74	12	0
96	44	0
30	6	0
35	45	0
99	41	0
7	52	0
54	78	0
0	53	0
17	72	0
78	52	0
47	96	0
77	48	0
70	80	0
34	37	0
75	66	0
42	54	0
84	48	0
15	75	0
52	38	0
32	69	0
73	33	0
57	35	0
99	80	0
99	96	0
88	82	0
27	75	0
19	30	0
58	49	0
48	73	0
31	15	0
22	0	0
34	70	0
8	38	0
63	1	0
69	86	0
76	65	0
93	19	0
9	45	0
69	91	0
4	95	0
53	8	0
63	49	0
68	13	0
38	19	0
24	36	0
44	14	0
75	5	0
42	86	0
54	32	0
29	86	0
78	10	0
32	45	0
51	65	0
74	22	0
90	71	0
61	75	0
33	67	0
53	85	0
81	85	0
85	53	0
16	66	0
76	72	0
62	94	0
17	41	0
20	53	0
96	35	0
32	95	0
97	84	0
72	82	0
51	2	0
55	49	0
91	56	0
63	84	0
83	51	0
97	77	0
84	27	0
11	68	0
1	58	0
68	84	0
77	39	0
51	61	0
58	9	0
34	11	0
79	73	0
29	36	0
15	63	0
46	55	0
53	38	0
37	13	0
52	29	0
14	86	0
26	38	0
7	61	0
11	72	0
77	51	0
16	18	0
60	9	0
97	23	0
80	4	0
54	78	0
9	59	0
62	29	0
45	35	0
64	80	0
89	15	0
36	47	0
56	62	0
51	82	0
19	94	0
34	63	0
43	84	0
23	32	0
77	83	0
48	48	0
35	85	0
60	30	0
13	48	0
60	65	0
60	23	0
28	71	0
79	38	0
50	44	0
48	44	0
32	14	0
7	61	0
81	67	0
73	64	0
40	41	0
86	59	0
86	69	0
75	27	0
61	7	0
86	80	0
82	11	0
4	69	0
73	78	0
34	17	0
66	41	0
16	5	1
12	65	0
11	86	0
35	91	0
27	54	0
92	32	0
21	49	0
56	99	0
20	84	0
99	73	0
55	62	0
83	44	0
20	2	0
50	21	0
60	8	0
5	6	1
11	78	0
62	62	0
82	64	0
68	49	0
14	0	0
27	40	0
66	8	0
4	80	0
77	4	0
43	69	0
46	18	0
74	98	0
4	36	0
14	91	0
99	54	0
31	12	0
97	78	0
62	65	0
73	46	0
55	25	0
89	26	0
89	74	0
11	69	0
0	79	0
22	56	0
12	88	0
1	84	0
81	25	0
39	41	0
0	95	0
49	12	0
63	2	0
35	50	0
69	42	0
46	18	0
27	68	0
28	28	0
80	15	0
15	40	0
87	50	0
94	6	0
63	61	0
25	9	0
51	13	0
13	99	0
56	77	0
36	71	0
38	16	0
3	81	0
6	95	0
66	54	0
93	41	0
40	30	0
33	77	0
24	23	1
98	94	0
52	30	0
59	71	0
64	92	0
4	85	0
68	25	0
55	59	0
24	36	0
96	73	0
46	66	0
99	24	0
73	16	0
86	23	0
77	88	0
45	61	0
35	85	0
83	20	0
28	8	0
62	93	0
72	72	0
19	49	0
70	43	0
74	90	0
87	9	0
96	54	0
24	72	0
61	52	0
22	28	0
90	18	0
37	49	0
61	2	0
95	95	0
82	67	0
49	75	0
76	26	0
74	72	0
10	87	0
46	7	0
12	90	0
6	66	0
67	67	0
67	98	0
74	5	0
92	94	0
82	10	0
79	76	0
59	4	0
85	33	0
84	46	0
54	35	0
16	78	0
53	89	0
62	81	0
19	55	0
4	37	0
38	99	0
12	68	0
42	0	0
32	52	0
12	60	0
43	29	0
5	41	0
97	51	0
52	20	0
11	47	0
27	86	0
76	70	0
0	0	0
89	67	0
14	68	0
61	45	0
30	58	0
94	46	0
55	41	0
1	10	0
4	52	0
20	60	0
97	68	0
69	52	0
99	56	0
5	56	0
68	60	0
12	77	0
3	21	0
85	58	0
28	63	0
38	14	0
38	30	0
9	82	0
32	91	0
4	6	0
80	43	0
77	58	0
79	62	0
74	80	0
39	78	0
49	22	0
1	73	0
47	71	0
42	46	0
57	53	0
85	10	0
