98	66	0
50	10	0
41	19	0
40	94	0
5	40	0
89	28	0
89	77	0
13	3	0
44	14	0
73	92	0
43	39	0
77	38	0
0	88	0
21	1	0
13	64	0
98	5	0
91	85	0
64	29	0
30	59	0
99	66	0
97	3	0
41	71	0
77	82	0
80	89	0
67	0	0
30	95	0
55	12	0
79	79	0
74	91	0
96	55	0
0	42	0
29	29	0
46	24	0
80	18	0
42	47	0
96	78	0
12	92	0
71	76	0
87	21	0
81	97	0
47	11	0
23	53	0
70	53	0
99	55	0
63	79	0
97	49	0
19	99	0
34	44	0
53	15	0
84	44	0
17	67	0
60	11	0
32	88	0
55	87	0
26	67	0
95	70	0
49	24	0
33	49	0
87	73	0
96	99	0
88	13	0
19	98	0
93	14	0
50	10	0
92	68	0
38	38	0
16	86	0
83	9	0
34	83	0
85	74	0
65	52	0
20	29	0
87	81	0
31	40	0
18	52	0
90	37	0
18	23	1
16	34	0
42	83	0
61	92	0
70	26	0
45	95	0
66	97	0
1	9	0
14	22	0
93	20	0
92	20	0
33	55	0
85	44	0
23	32	0
78	50	0
36	56	0
33	12	0
37	3	0
69	47	0
20	82	0
59	4	0
45	76	0
46	1	0
33	29	0
92	43	0
48	62	0
66	46	0
17	79	0
62	84	0
9	79	0
47	77	0
88	48	0
68	12	0
55	73	0
7	52	0
60	10	0
52	67	0
11	74	0
43	0	0
28	58	0
16	37	0
88	83	0
42	39	0
0	6	0
24	96	0
81	0	0
69	65	0
18	30	0
79	81	0
94	15	0
60	71	0
56	87	0
31	20	0
64	96	0
22	17	0
70	86	0
60	53	0
33	92	0
74	28	0
36	27	0
17	35	0
79	2	0
11	11	1
6	73	0
14	16	1
94	72	0
86	11	0
89	36	0
40	57	0
62	5	0
84	95	0
4	6	0
37	13	0
10	13	1
84	81	0
35	36	0
91	66	0
82	81	0
54	27	0
50	39	0
69	56	0
6	48	0
23	79	0
9	59	0
81	79	0
55	71	0
41	95	0
81	50	0
70	73	0
56	83	0
26	44	0
90	83	0
4	37	0
33	35	0
27	21	0
17	72	0
30	74	0
98	23	0
42	36	0
75	7	0
36	80	0
72	18	0
58	27	0
76	78	0
21	51	0
60	65	0
32	99	0
37	65	0
42	8	0
66	17	0
29	94	0
14	84	0
73	84	0
92	56	0
20	90	0
30	37	0
86	70	0
25	58	0
38	79	0
35	97	0
53	45	0
32	3	0
21	39	0
80	94	0
91	94	0
57	95	0
78	15	0
4	59	0
63	2	0
61	17	0
66	22	0
84	23	0
27	59	0
6	73	0
58	65	0
71	35	0
33	75	0
89	18	0
58	88	0
33	64	0
31	18	0
81	69	0
33	71	0
39	7	0
0	90	0
81	17	0
99	76	0
86	91	0
87	20	0
4	80	0
20	77	0
95	48	0
53	71	0
37	45	0
42	75	0
57	72	0
57	53	0
10	85	0
33	71	0
63	16	0
6	61	0
65	99	0
63	39	0
33	91	0
88	58	0
39	17	0
44	59	0
9	73	0
38	98	0
55	32	0
70	26	0
10	35	0
89	63	0
68	48	0
81	55	0
12	88	0
59	7	0
16	85	0
63	63	0
61	49	0
68	59	0
59	4	0
16	7	0
4	56	0
79	48	0
47	9	0
69	56	0
52	81	0
66	53	0
89	31	0
93	16	0
7	59	0
89	68	0
25	92	0
14	18	1
90	53	0
36	91	0
57	34	0
49	0	0
14	95	0
74	34	0
43	58	0
43	75	0
47	1	0
20	93	0
75	82	0
84	89	0
57	31	0
94	70	0
14	90	0
36	43	0
62	0	0
66	22	0
31	23	0
46	0	0
58	11	0
58	46	0
73	37	0
35	48	0
21	49	0
51	50	0
69	78	0
89	75	0
54	86	0
76	12	0
98	54	0
77	1	0
8	55	0
27	9	0
92	35	0
47	23	0
73	78	0
9	45	0
54	68	0
61	25	0
27	97	0
34	89	0
35	70	0
94	52	0
42	26	0
45	0	0
25	55	0
90	51	0
74	16	0
74	97	0
19	4	0
67	90	0
10	74	0
45	85	0
32	28	0
5	56	0
79	9	0
24	32	0
82	13	0
38	11	0
12	1	0
82	7	0
29	52	0
12	44	0
90	30	0
93	58	0
8	25	0
22	35	0
5	58	0
33	85	0
15	77	0
7	6	0
37	97	0
45	63	0
36	28	0
58	31	0
44	82	0
36	68	0
95	91	0
36	29	0
17	49	0
32	43	0
53	75	0
77	99	0
47	7	0
72	2	0
36	6	0
48	5	0
61	8	0
24	49	0
79	60	0
66	2	0
26	43	0
66	8	0
51	57	0
48	52	0
31	62	0
75	82	0
63	52	0
15	67	0
57	33	0
23	16	0
93	4	0
50	4	0
67	18	0
55	36	0
19	40	0
14	71	0
72	74	0
13	76	0
31	97	0
28	92	0
46	20	0
33	37	0
88	65	0
58	48	0
8	75	0
77	79	0
66	86	0
21	32	0
69	21	0
70	92	0
70	3	0
96	60	0
77	37	0
36	18	0
40	44	0
37	46	0
89	79	0
13	26	0
74	25	0
86	6	0
12	60	0
32	92	0
73	76	0
86	6	0
4	73	0
95	36	0
48	91	0
7	10	1
71	9	0
63	53	0
43	54	0
60	51	0
28	37	0
48	38	0
75	77	0
70	53	0
41	34	0
70	66	0
24	48	0
29	88	0
85	88	0
44	18	0
0	74	0
72	18	0
87	18	0
71	44	0
18	60	0
63	25	0
28	32	0
53	39	0
10	95	0
62	41	0
60	19	0
88	50	0
44	27	0
34	72	0
36	6	0
83	41	0
11	2	0
63	92	0
4	87	0
37	42	0
53	82	0
54	33	0
20	96	0
18	46	0
16	39	0
64	19	0
96	34	0
82	20	0
88	99	0
29	59	0
16	15	1
35	14	0
33	28	0
82	20	0
53	65	0
78	85	0
24	30	0
65	99	0
83	70	0
37	75	0
75	8	0
68	36	0
83	19	0
67	24	0
40	23	0
37	32	0
96	5	0
65	27	0
2	68	0
92	17	0
95	94	0
11	93	0
87	64	0
43	49	0
29	1	0
93	88	0
79	55	0
28	97	0
64	24	0
74	41	0
96	63	0
82	71	0
29	74	0
78	83	0
34	91	0
89	72	0
39	38	0
28	87	0
98	89	0
30	32	0
24	45	0
68	66	0
62	93	0
51	71	0
44	86	0
66	64	0
36	59	0
36	66	0
84	22	0
14	91	0
90	48	0
17	81	0
42	54	0
47	80	0
81	33	0
26	34	0
15	45	0
5	15	1
65	44	0
92	71	0
60	20	0
84	93	0
69	98	0
34	39	0
60	8	0
28	43	0
16	80	0
37	31	0
57	68	0
68	85	0
32	22	0
76	87	0
51	33	0
34	17	0
62	35	0
26	76	0
42	14	0
1	60	0
90	81	0
65	99	0
50	44	0
78	14	0
39	70	0
41	50	0
97	54	0
96	1	0
0	71	0
70	2	0
86	75	0
71	23	0
35	1	0
36	69	0
77	78	0
36	81	0
49	79	0
78	19	0
14	70	0
57	9	0
51	71	0
67	99	0
29	92	0
90	5	0
93	18	0
66	14	0
36	85	0
12	92	0
6	90	0
77	49	0
70	58	0
78	61	0
14	44	0
87	51	0
66	58	0
19	17	1
81	75	0
69	60	0
25	50	0
16	68	0
39	24	0
48	38	0
2	53	0
57	64	0
42	40	0
93	39	0
78	36	0
78	4	0
74	32	0
52	86	0
20	18	1
14	47	0
65	41	0
96	78	0
69	78	0
95	78	0
22	48	0
53	62	0
59	53	0
29	61	0
84	40	0
24	64	0
42	22	0
93	58	0
74	96	0
51	50	0
21	62	0
38	3	0
70	66	0
27	77	0
47	24	0
72	80	0
90	72	0
24	89	0
56	61	0
15	74	0
76	69	0
42	54	0
51	61	0
36	80	0
62	65	0
26	33	0
14	64	0
87	78	0
77	59	0
97	61	0
34	82	0
55	73	0
68	31	0
22	23	1
86	23	0
37	31	0
99	4	0
19	91	0
31	31	0
2	17	1
30	81	0
91	62	0
21	39	0
97	62	0
13	91	0
15	68	0
33	4	0
97	91	0
29	26	0
5	85	0
75	97	0
34	62	0
76	70	0
30	84	0
98	26	0
27	19	0
35	80	0
29	74	0
33	20	0
23	35	0
12	27	0
93	72	0
88	14	0
55	6	0
69	9	0
88	42	0
32	6	0
42	38	0
99	39	0
11	60	0
44	92	0
0	48	0
23	84	0
76	58	0
45	98	0
67	46	0
76	79	0
37	31	0
81	69	0
36	67	0
86	44	0
5	73	0
58	36	0
34	66	0
71	35	0
60	37	0
96	84	0
91	92	0
85	90	0
20	87	0
21	36	0
56	53	0
47	66	0
37	25	0
22	8	0
39	69	0
9	44	0
62	2	0
68	85	0
92	60	0
94	17	0
11	49	0
7	2	0
81	94	0
8	92	0
52	12	0
54	47	0
71	9	0
16	1	0
47	13	0
20	35	0
48	18	0
56	0	0
43	81	0
54	23	0
28	93	0
75	3	0
27	38	0
49	65	0
66	19	0
88	69	0
63	79	0
43	67	0
51	98	0
78	89	0
6	14	1
88	58	0
15	60	0
79	71	0
56	91	0
19	34	0
17	60	0
95	48	0
30	86	0
97	97	0
65	84	0
44	7	0
46	53	0
80	61	0
53	89	0
75	49	0
94	72	0
80	26	0
17	68	0
7	58	0
70	88	0
77	43	0
58	61	0
57	10	0
32	24	0
69	69	0
24	40	0
13	65	0
38	47	0
54	44	0
28	14	0
60	29	0
6	86	0
23	34	0
15	59	0
7	68	0
75	52	0
29	28	0
60	13	0
94	25	0
81	1	0
52	68	0
2	63	0
63	27	0
45	39	0
22	18	1
72	73	0
76	15	0
46	41	0
49	69	0
47	84	0
19	94	0
27	63	0
40	90	0
28	41	0
73	83	0
48	38	0
27	79	0
11	18	1
57	23	0
4	40	0
55	55	0
63	17	0
29	72	0
83	51	0
53	43	0
52	47	0
43	14	0
0	73	0
66	59	0
75	52	0
45	38	0
78	55	0
82	72	0
74	37	0
66	11	0
86	74	0
90	16	0
5	74	0
66	82	0
28	19	0
54	33	0
7	1	0
15	51	0
11	89	0
30	93	0
24	50	0
93	34	0
15	49	0
58	99	0
9	82	0
94	65	0
52	66	0
85	39	0
16	3	0
58	17	0
43	5	0
4	0	0
17	83	0
54	62	0
81	69	0
75	48	0
15	0	0
27	35	0
66	12	0
1	81	0
74	0	0
42	72	0
56	25	0
69	97	0
11	37	0
2	96	0
97	64	0
35	21	0
85	72	0
61	57	0
73	40	0
43	30	0
89	33	0
87	66	0
18	65	0
2	90	0
23	48	0
3	86	0
8	94	0
91	32	0
35	50	0
4	99	0
53	12	0
61	1	0
44	48	0
25	22	0
68	45	0
35	18	0
23	80	0
28	34	0
69	13	0
1	43	0
89	49	0
86	6	0
61	53	0
36	7	0
47	24	0
9	94	0
60	80	0
37	65	0
13	6	1
37	15	0
0	79	0
3	83	0
65	53	0
84	46	0
45	35	0
29	71	0
26	27	0
95	89	0
62	32	0
42	78	0
63	99	0
23	17	0
7	89	0
63	18	0
58	67	0
35	38	0
99	70	0
31	72	0
99	19	0
80	18	0
98	19	0
88	87	0
45	60	0
24	87	0
86	7	0
34	2	0
70	83	0
67	71	0
19	45	0
69	41	0
64	81	0
83	12	0
91	48	0
18	63	0
53	49	0
24	26	0
89	24	0
47	46	0
71	11	0
93	93	0
84	75	0
52	67	0
73	28	0
62	67	0
9	90	0
35	0	0
5	99	0
16	76	0
64	67	0
79	95	0
92	11	0
97	91	0
81	4	0
14	8	1
86	76	0
66	3	0
99	34	0
73	50	0
55	38	0
17	68	0
61	90	0
55	75	0
12	41	0
7	41	0
38	90	0
3	78	0
45	3	0
42	57	0
15	60	0
44	33	0
4	41	0
97	45	0
53	27	0
1	45	0
25	87	0
71	60	0
2	7	0
89	75	0
22	80	0
56	43	0
36	57	0
95	50	0
61	41	0
4	10	0
13	15	1
4	52	0
26	62	0
83	72	0
64	45	0
98	65	0
1	55	0
63	60	0
17	67	0
0	12	0
73	75	0
31	68	0
43	8	0
29	27	0
7	79	0
35	85	0
6	3	0
76	45	0
67	63	0
82	65	0
78	79	0
45	89	0
35	15	0
3	70	0
12	14	1
46	67	0
38	47	0
54	48	0
83	13	0
