81	60	0
33	28	0
65	94	0
15	7	0
92	38	0
78	93	0
43	81	1
73	46	0
3	81	0
4	3	0
15	94	0
92	45	0
69	76	0
36	40	0
71	84	0
98	51	0
52	93	0
62	75	0
35	25	0
83	72	0
88	89	0
79	81	0
3	32	0
77	19	1
68	68	0
76	36	0
65	89	0
53	71	0
64	78	0
95	49	0
95	24	0
94	73	0
38	4	0
44	94	1
73	31	0
32	17	0
95	77	0
83	76	0
97	17	0
97	13	0
21	37	0
57	79	0
7	89	0
91	9	0
61	95	0
18	25	0
82	83	0
90	28	0
55	94	0
85	6	1
9	16	0
96	13	0
72	39	0
44	84	1
69	21	0
53	45	0
73	32	0
9	97	0
50	83	1
89	63	0
65	93	0
11	65	0
46	87	0
94	57	0
39	38	0
28	7	0
70	63	0
9	87	0
98	36	0
47	67	0
92	54	0
99	8	0
74	99	0
69	84	0
2	28	0
68	83	0
88	65	0
84	41	0
19	96	0
53	42	0
89	48	0
90	40	0
91	34	0
19	57	0
5	12	0
97	63	0
58	97	0
42	75	0
59	94	0
70	36	0
66	67	0
81	72	0
85	73	0
19	20	0
12	8	0
84	56	0
88	1	0
27	88	1
12	48	0
72	78	0
62	79	0
59	81	0
49	8	0
48	91	0
68	87	0
76	56	0
13	91	0
95	82	0
2	81	0
15	53	0
83	90	0
85	74	0
50	69	0
70	43	0
79	36	0
49	69	0
21	47	0
44	78	1
39	23	0
92	84	0
35	99	1
75	8	0
78	37	0
74	91	0
61	81	0
66	65	0
18	21	0
14	76	0
62	94	0
73	64	0
43	95	1
51	94	0
34	88	0
32	36	0
74	65	0
56	49	0
66	72	0
69	32	0
1	94	0
70	57	1
95	39	0
62	35	0
46	22	0
82	18	0
61	70	0
73	97	0
87	74	0
94	20	0
98	35	0
98	70	0
66	73	0
59	89	0
68	17	1
16	74	0
90	9	0
9	46	0
33	87	1
81	79	0
79	74	0
99	54	0
85	53	0
47	78	1
93	63	0
51	11	0
47	23	0
78	56	0
28	76	0
61	80	0
78	73	0
82	7	1
94	50	0
95	32	0
71	54	0
63	92	0
55	11	0
3	91	0
6	90	0
98	58	0
67	59	0
83	17	1
94	69	0
19	20	0
28	97	1
42	95	1
84	1	0
76	4	0
96	25	0
85	30	0
73	29	0
11	13	0
26	78	0
50	89	0
81	42	0
73	96	0
98	74	0
70	34	0
68	83	0
8	4	0
38	12	0
40	26	0
71	31	0
78	16	1
1	54	0
35	21	0
95	81	0
96	67	0
97	11	0
64	3	0
37	5	0
99	93	0
27	86	0
7	98	0
42	39	0
76	39	0
71	69	0
59	68	0
81	86	0
69	34	0
75	77	0
88	30	0
87	67	0
66	43	0
98	77	0
62	19	0
98	5	0
30	49	0
71	88	0
98	41	0
95	43	0
72	99	0
91	39	0
65	16	1
43	52	0
59	94	0
68	81	0
19	79	0
82	84	0
5	94	0
95	2	0
89	14	1
51	81	1
12	97	0
87	40	0
92	70	0
27	1	0
45	96	0
50	61	0
7	16	0
86	40	0
92	9	0
66	91	0
16	21	0
76	30	0
69	77	0
9	27	0
48	88	1
76	42	0
86	3	0
89	67	0
65	17	0
91	97	0
35	91	1
63	62	1
9	36	0
60	93	0
66	59	0
95	43	0
66	42	0
67	53	1
1	55	0
92	74	0
90	70	0
4	91	0
80	87	0
40	24	0
68	59	0
65	98	0
58	91	0
99	51	0
63	9	0
69	39	0
30	96	1
81	28	0
97	56	0
77	34	0
86	68	0
45	99	1
53	97	0
24	92	1
88	96	0
74	87	0
12	3	0
3	89	0
80	90	0
61	97	0
67	23	0
86	57	0
93	1	0
91	8	1
91	80	0
64	81	0
91	17	0
86	10	1
66	83	0
43	99	1
93	14	0
97	3	0
78	34	0
5	45	0
9	91	0
21	99	1
86	89	0
85	93	0
80	87	0
87	62	0
78	80	0
11	92	0
21	18	0
2	5	0
34	39	0
85	13	1
81	33	0
63	65	0
62	3	0
87	84	0
82	83	0
84	49	0
71	63	0
31	9	0
98	41	0
71	94	0
54	31	0
26	95	1
74	84	0
96	63	0
20	59	0
44	67	0
58	78	0
48	92	0
2	45	0
79	74	0
96	46	0
96	69	0
36	84	1
59	89	0
86	24	0
83	10	0
13	77	1
34	81	1
96	67	0
67	72	0
4	97	0
10	74	1
77	87	0
20	21	0
5	81	0
63	75	0
63	69	0
83	87	0
3	87	0
80	56	0
17	2	0
50	87	0
8	89	0
5	16	0
94	59	0
75	23	0
18	19	0
16	38	0
70	37	0
64	75	0
94	72	0
83	46	0
79	80	0
72	86	0
1	63	0
82	63	0
65	27	0
99	46	0
83	87	0
85	78	0
49	76	0
94	74	0
99	8	0
50	70	0
2	98	0
75	37	0
63	22	1
83	21	1
30	31	0
57	84	0
57	49	1
38	68	0
64	92	0
87	50	0
91	38	0
74	64	0
95	86	0
87	51	0
91	97	0
81	73	0
74	37	0
44	88	0
89	78	0
84	74	0
97	33	0
43	69	0
81	22	1
53	36	0
87	90	0
90	58	0
27	86	0
79	33	0
70	37	0
94	41	0
82	14	1
92	84	0
82	15	1
72	42	0
6	84	0
11	98	0
45	30	0
21	67	0
47	86	1
64	2	0
3	93	0
73	45	0
12	11	0
16	61	0
61	66	0
73	68	0
75	61	0
76	47	0
72	67	0
87	45	0
11	42	0
94	88	0
71	58	1
47	95	0
86	26	0
44	98	0
18	89	0
92	58	0
62	30	0
23	19	0
30	31	0
82	50	0
96	26	0
21	2	0
42	2	0
53	68	0
98	82	0
23	7	0
44	79	1
57	21	0
88	79	0
70	64	0
63	87	0
12	47	0
97	48	0
90	64	0
2	83	0
1	89	0
56	30	0
95	26	0
11	27	0
89	39	0
77	11	0
38	30	0
18	96	0
59	91	0
21	31	0
75	39	0
64	83	0
21	95	1
68	33	0
6	0	0
84	51	0
88	33	0
83	31	0
67	19	0
55	95	0
41	94	1
82	33	0
56	97	0
68	66	0
77	52	0
54	93	0
92	46	0
97	97	0
90	89	0
44	84	1
86	6	1
80	78	0
73	20	0
95	49	0
92	96	0
87	18	1
88	99	0
88	22	0
81	67	0
8	94	0
82	95	0
73	81	0
7	21	0
18	95	0
87	24	0
19	95	0
50	81	1
80	38	0
76	56	0
24	95	1
79	49	0
95	57	0
82	36	0
86	26	0
1	87	0
18	10	0
56	77	0
24	64	0
34	11	0
1	83	0
91	41	0
89	85	0
86	47	0
89	78	0
73	53	0
87	15	1
99	37	0
