93	60	0
32	3	0
31	37	0
60	96	0
20	4	0
96	43	0
95	91	0
53	12	0
58	70	0
62	24	0
84	52	0
3	88	0
15	1	0
27	88	0
96	25	0
74	80	0
54	37	0
15	58	0
89	51	0
92	9	0
46	96	0
56	63	0
74	83	0
55	8	0
31	75	0
49	14	0
89	70	0
64	88	0
89	81	0
2	34	0
54	13	0
40	19	0
95	27	0
24	55	0
81	65	0
11	88	0
35	93	0
90	20	0
81	84	0
44	6	0
34	67	0
92	68	0
98	74	0
53	63	0
99	49	0
10	80	0
67	2	0
97	67	0
12	71	0
71	9	0
13	77	0
62	90	0
28	75	0
98	69	0
43	39	0
39	26	0
93	89	0
98	95	0
99	4	0
17	97	0
97	10	0
35	4	0
70	79	0
35	1	0
5	94	0
89	13	0
32	81	0
62	92	0
43	60	0
4	28	0
68	85	0
14	57	0
96	28	0
36	85	0
58	98	0
63	32	0
29	94	0
57	95	0
4	16	0
99	12	0
90	19	0
47	71	0
83	37	0
90	59	0
51	14	0
29	10	0
70	52	0
7	96	0
49	2	0
47	74	0
46	5	0
56	32	0
83	34	0
31	58	0
74	46	0
2	61	0
82	94	0
3	87	0
40	99	0
97	58	0
70	14	0
36	70	0
32	64	0
67	5	0
71	51	0
4	66	0
35	0	0
9	39	0
38	45	0
62	79	0
48	37	0
12	94	0
83	23	0
49	82	0
74	66	0
96	12	0
74	93	0
55	78	0
35	17	0
59	96	0
99	73	0
77	62	0
22	95	0
65	30	0
30	17	0
19	45	1
71	13	0
9	60	0
96	71	0
99	23	0
81	46	0
40	48	0
59	3	0
78	67	0
21	21	0
39	30	0
98	63	0
46	37	0
60	83	0
57	78	0
53	26	0
44	41	0
60	41	0
12	45	0
22	46	1
22	56	0
81	87	0
50	58	0
39	98	0
73	43	0
72	64	0
53	70	0
90	65	0
20	19	0
53	53	0
23	14	0
15	69	0
33	61	0
89	34	0
36	44	0
89	4	0
42	87	0
55	27	0
41	48	0
80	77	0
29	71	0
51	67	0
44	84	0
36	50	0
39	12	0
54	17	0
42	88	0
25	65	0
76	81	0
94	65	0
30	99	0
98	75	0
30	50	0
20	71	0
47	76	0
53	53	0
23	16	0
72	86	0
99	76	0
56	69	0
62	32	0
5	41	0
54	2	0
74	50	0
57	22	0
78	17	0
23	49	0
7	47	0
48	50	0
72	27	0
37	65	0
83	25	0
43	97	0
25	66	0
41	24	0
78	82	0
40	52	0
32	7	0
26	84	0
60	4	0
92	85	0
50	89	0
92	2	0
8	74	0
18	64	0
96	31	0
54	87	0
27	46	1
57	71	0
59	65	0
43	58	0
18	74	0
27	59	0
69	2	0
9	58	0
62	81	0
95	45	0
43	89	0
82	62	0
72	22	0
53	67	0
17	85	0
34	99	0
45	29	0
77	32	0
82	51	0
57	42	0
71	64	0
4	40	0
58	27	0
19	93	0
60	59	0
74	39	0
69	27	0
46	3	0
13	45	0
93	22	0
36	16	0
65	71	0
61	83	0
68	43	0
95	37	0
98	5	0
4	39	0
97	76	0
26	97	0
96	77	0
33	96	0
63	32	0
73	32	0
20	83	0
81	21	0
32	59	0
29	76	0
47	6	0
28	98	0
77	89	0
78	85	0
94	47	0
99	68	0
14	93	0
36	72	0
74	5	0
76	52	0
32	19	0
36	1	0
50	23	0
54	49	0
84	44	0
35	53	0
37	46	0
35	71	0
73	91	0
89	60	0
57	82	0
84	10	0
95	39	0
63	14	0
22	37	0
76	45	0
78	49	0
73	71	0
5	39	0
34	63	0
62	18	0
14	90	0
31	85	0
17	79	0
83	72	0
52	17	0
37	1	0
35	54	0
79	74	0
61	6	0
78	93	0
19	2	0
50	97	0
7	67	0
51	91	0
42	35	0
4	53	0
72	38	0
73	13	0
53	20	0
77	11	0
39	61	0
6	55	0
71	22	0
86	62	0
7	6	0
5	62	0
31	94	0
11	88	0
46	95	0
52	67	0
62	42	0
67	3	0
45	80	0
48	70	0
87	93	0
37	27	1
3	55	0
26	45	1
61	51	0
74	78	0
32	29	1
84	28	0
33	6	0
50	9	0
51	19	0
36	41	0
72	68	0
70	11	0
5	44	0
32	10	0
49	63	0
42	34	0
28	44	1
90	79	0
78	52	0
9	47	0
62	37	0
94	8	0
63	9	0
65	27	0
40	39	0
38	34	0
2	76	0
61	82	0
34	74	0
24	97	0
25	80	0
53	13	0
42	40	0
97	41	0
80	50	0
2	57	0
80	69	0
76	78	0
84	28	0
81	85	0
80	6	0
74	63	0
75	62	0
25	31	1
63	48	0
27	48	1
91	76	0
70	4	0
97	25	0
34	49	0
46	94	0
62	74	0
83	19	0
16	67	0
96	30	0
64	96	0
84	21	0
68	29	0
41	59	0
62	36	0
33	53	0
58	85	0
79	34	0
33	20	0
74	84	0
35	55	0
22	97	0
98	99	0
50	36	0
3	93	0
52	51	0
96	11	0
85	37	0
18	68	0
65	49	0
37	21	1
54	48	0
6	95	0
87	26	0
47	8	0
93	45	0
52	46	0
28	90	0
12	6	0
62	59	0
60	96	0
2	47	0
40	83	0
34	83	0
45	27	0
18	84	0
17	34	0
70	4	0
79	19	0
84	3	0
96	91	0
24	71	0
47	23	0
81	5	0
78	57	0
74	92	0
2	21	0
61	92	0
99	62	0
31	81	0
79	2	0
47	61	0
71	19	0
67	11	0
41	23	0
40	16	0
94	8	0
83	35	0
11	92	0
81	14	0
93	96	0
27	94	0
95	69	0
39	49	0
15	26	0
79	98	0
65	44	0
2	92	0
71	34	0
81	37	0
74	46	0
84	68	0
25	64	0
88	60	0
40	92	0
93	75	0
28	94	0
88	83	0
45	35	0
62	67	0
61	97	0
45	64	0
59	98	0
69	53	0
40	50	0
39	60	0
86	5	0
3	89	0
99	54	0
24	87	0
44	68	0
44	81	0
90	46	0
31	53	0
38	18	0
83	55	0
60	17	0
83	98	0
45	92	0
45	52	0
51	15	0
31	42	0
55	94	0
41	19	0
34	72	0
85	75	0
42	9	0
94	89	0
65	5	0
3	8	0
44	38	0
17	67	0
43	0	0
13	73	0
91	81	0
61	83	0
66	43	0
63	3	0
45	63	0
47	57	0
96	56	0
94	8	0
4	67	0
83	6	0
49	71	0
54	31	0
35	9	0
32	60	0
85	85	0
30	73	0
44	80	0
69	31	0
22	47	0
68	35	0
42	57	0
63	95	0
27	99	0
95	15	0
97	19	0
74	12	0
21	77	0
28	97	0
25	88	0
63	42	0
76	84	0
75	92	0
6	37	0
68	35	0
71	77	0
72	61	0
63	76	0
15	87	0
15	72	0
39	18	0
49	17	0
8	35	0
41	47	0
38	49	0
89	30	0
85	40	0
80	13	0
71	51	0
56	53	0
24	49	0
47	27	0
90	81	0
46	99	0
82	54	0
36	64	0
36	94	0
78	58	0
31	52	0
80	24	0
26	36	1
33	11	0
92	53	0
79	92	0
49	46	0
11	44	0
47	11	0
47	57	0
43	85	0
30	28	1
75	87	0
96	59	0
6	82	0
73	47	0
12	59	0
64	50	0
44	69	0
55	49	0
41	77	0
64	66	0
6	63	0
67	61	0
73	44	0
84	55	0
36	63	0
65	83	0
42	7	0
96	23	0
54	44	0
93	4	0
12	84	0
36	84	0
83	63	0
17	50	0
73	73	0
14	91	0
16	82	0
88	85	0
46	29	0
1	66	0
66	99	0
49	64	0
90	64	0
23	95	0
91	33	0
18	3	0
35	70	0
27	84	0
35	13	0
18	53	1
16	17	0
85	66	0
97	13	0
52	6	0
70	39	0
90	17	0
23	8	0
28	65	0
87	32	0
6	62	0
53	84	0
0	51	0
27	76	0
75	61	0
54	97	0
71	49	0
67	82	0
70	56	0
48	50	0
78	74	0
6	78	0
46	38	0
23	78	0
86	49	0
72	29	0
94	58	0
94	97	0
89	89	0
43	73	0
75	42	0
59	62	0
35	25	0
35	15	0
37	67	0
10	43	0
67	6	0
73	77	0
82	84	0
89	2	0
16	45	1
60	81	0
15	92	0
50	9	0
55	30	0
65	21	0
55	21	0
40	17	0
77	9	0
37	97	0
71	20	0
32	94	0
97	20	0
40	61	0
69	40	0
73	99	0
76	68	0
39	73	0
65	96	0
84	61	0
91	46	0
10	63	0
87	80	0
77	93	0
11	62	0
99	42	0
30	68	0
99	87	0
45	90	0
30	14	0
75	68	0
95	55	0
54	79	0
73	78	0
99	62	0
75	37	0
28	59	0
1	59	0
65	80	0
69	29	0
51	41	0
53	10	0
29	25	1
88	79	0
14	59	0
66	26	0
40	2	0
53	23	0
11	87	0
12	58	0
8	77	0
70	49	0
92	22	0
93	33	0
95	5	0
65	94	0
5	58	0
61	26	0
58	49	0
38	85	0
93	23	0
61	59	0
32	84	0
23	90	0
41	71	0
24	95	0
32	4	0
70	75	0
45	17	0
38	73	0
50	43	0
3	41	0
68	63	0
64	15	0
30	85	0
95	56	0
28	49	0
21	35	0
17	67	0
80	59	0
66	60	0
44	51	0
92	70	0
99	65	0
62	44	0
64	17	0
80	60	0
84	32	0
11	45	0
85	81	0
52	34	0
18	70	0
2	87	0
28	96	0
27	58	0
90	22	0
2	52	0
57	88	0
0	88	0
85	62	0
45	35	0
87	29	0
16	20	0
31	37	0
73	15	0
33	74	0
46	49	0
99	61	0
86	34	0
2	0	0
2	45	0
53	13	0
4	47	0
78	11	0
46	73	0
31	34	0
96	93	0
0	12	0
42	91	0
96	44	0
41	0	0
90	89	0
52	64	0
66	63	0
38	36	0
91	36	0
89	84	0
10	62	0
6	75	0
8	45	0
21	74	0
13	85	0
66	19	0
30	58	0
19	90	0
35	12	0
61	17	0
38	65	0
59	47	0
42	10	0
34	71	0
28	26	1
94	19	0
2	33	0
79	39	0
94	22	0
48	50	0
29	21	0
47	1	0
17	94	0
45	68	0
40	61	0
28	13	0
23	98	0
20	79	0
63	43	0
94	38	0
31	70	0
90	98	0
55	26	0
64	68	0
59	89	0
4	90	0
86	40	0
52	61	0
15	23	0
94	67	0
54	53	0
99	17	0
69	10	0
84	26	0
61	91	0
53	44	0
47	38	0
65	26	0
47	4	0
45	84	0
52	76	0
22	55	0
82	31	0
51	89	0
90	37	0
91	56	0
35	78	0
38	64	0
85	27	0
47	46	0
72	10	0
97	97	0
75	74	0
45	71	0
73	43	0
72	90	0
11	79	0
51	14	0
11	98	0
15	62	0
53	61	0
73	77	0
62	15	0
99	90	0
91	13	0
99	96	0
60	3	0
77	24	0
70	66	0
60	35	0
18	82	0
47	86	0
72	79	0
28	40	1
4	31	0
22	84	0
9	78	0
41	11	0
41	50	0
21	55	0
0	46	0
89	44	0
46	23	0
14	65	0
30	81	0
65	95	0
94	39	0
0	67	0
70	40	0
35	69	0
81	48	0
72	38	0
2	48	0
26	53	0
84	39	0
69	57	0
83	48	0
9	64	0
61	52	0
1	84	0
0	1	0
93	64	0
13	63	0
21	5	0
37	24	1
4	95	0
21	79	0
91	43	0
77	79	0
82	60	0
88	84	0
50	67	0
64	38	0
5	72	0
44	66	0
31	63	0
63	41	0
95	12	0
