91	68	0
25	18	0
60	99	0
14	6	0
98	47	0
96	98	0
40	73	0
64	45	0
0	92	0
0	7	0
14	90	0
92	49	0
67	82	0
28	33	0
89	83	0
93	41	0
46	92	0
45	79	0
69	74	0
48	10	0
37	79	1
82	72	0
93	88	0
78	95	0
7	23	0
88	19	0
70	67	0
13	69	1
32	92	0
84	14	0
66	90	0
51	70	0
77	77	0
99	50	0
98	29	0
21	76	0
92	72	0
16	65	0
40	2	0
9	76	0
29	87	0
88	46	0
40	18	0
98	94	0
87	90	0
99	16	0
30	79	1
98	10	0
21	22	0
70	90	0
0	84	0
87	0	0
67	89	0
7	23	0
73	73	0
86	32	0
24	86	0
57	95	0
82	20	0
30	87	0
36	88	0
22	11	0
98	12	0
77	34	0
48	82	0
89	22	0
62	44	0
72	32	0
4	99	0
50	92	0
72	7	1
95	66	0
71	91	0
5	74	0
40	91	0
98	58	0
81	27	0
59	11	1
56	34	0
10	69	1
36	7	0
70	59	0
0	90	0
93	25	0
40	69	0
84	59	0
84	0	0
66	94	0
64	84	0
4	33	0
65	79	0
88	71	0
75	49	0
12	97	0
69	41	0
88	62	0
93	28	0
99	33	0
16	52	0
6	20	0
89	65	0
52	80	0
54	60	0
55	73	0
53	98	0
72	33	0
62	71	0
67	81	0
93	59	0
24	17	0
46	36	1
16	13	0
21	83	1
76	50	0
93	1	0
28	93	0
25	45	0
64	74	0
55	78	0
50	77	0
49	2	0
47	88	0
74	86	0
87	55	0
21	90	0
87	82	0
4	76	0
49	63	1
12	41	0
74	79	0
97	66	0
47	71	0
70	41	0
91	34	0
34	95	0
58	77	0
24	41	0
46	79	0
40	22	0
88	91	0
31	95	0
94	7	0
22	79	1
82	37	0
58	95	0
74	82	0
66	70	0
27	39	0
20	65	0
64	4	1
62	95	0
86	66	0
46	92	0
63	86	0
74	20	0
61	67	1
28	78	1
46	90	0
23	19	0
80	59	0
62	45	0
72	58	0
77	37	0
18	96	0
63	56	0
87	38	0
69	31	0
52	15	0
97	32	0
66	83	0
76	95	0
73	66	0
98	22	0
97	26	0
87	82	0
34	94	0
68	86	0
47	97	0
84	35	0
15	94	0
86	23	0
23	43	0
23	90	0
29	98	0
86	80	0
70	75	0
90	54	0
91	59	0
20	79	1
46	85	0
74	2	1
83	56	0
48	2	0
37	28	0
88	41	0
26	66	1
47	57	1
28	75	0
69	90	0
81	59	0
53	64	1
83	1	0
90	43	0
93	44	0
73	62	0
69	79	0
52	63	1
65	14	0
6	88	0
3	92	0
84	66	0
83	63	0
92	5	0
94	85	0
21	5	0
29	96	0
57	98	0
45	34	1
91	16	0
95	8	0
97	24	0
75	28	0
68	48	0
3	3	0
25	95	0
13	73	0
45	79	0
44	73	0
89	43	0
60	90	0
99	85	0
69	37	0
84	85	0
82	18	0
18	5	0
43	4	0
36	29	0
99	42	0
87	15	0
13	49	0
16	23	0
86	82	0
98	66	0
73	25	0
99	10	0
61	1	0
78	17	0
37	16	0
18	69	1
96	93	0
33	85	0
3	93	0
33	41	0
72	44	0
70	59	0
73	76	0
82	81	0
77	26	0
66	82	0
97	42	0
80	56	0
66	50	0
98	68	0
68	21	0
92	20	0
28	49	0
68	96	0
50	70	1
91	29	0
20	87	0
96	40	0
73	95	0
94	36	0
63	21	0
51	46	0
63	89	0
61	23	1
74	79	0
24	93	0
91	82	0
4	85	0
90	4	0
90	13	0
51	73	0
62	49	1
7	96	0
74	37	0
94	62	0
45	43	1
34	82	1
26	14	0
51	94	0
35	83	0
50	76	0
3	71	1
1	24	0
83	32	0
98	8	0
79	93	0
25	23	0
65	11	1
67	34	0
66	88	0
0	11	0
44	87	0
83	47	0
26	87	0
80	6	0
81	20	0
92	56	0
15	84	0
67	11	0
91	95	0
35	97	0
70	61	0
7	39	0
57	89	0
61	44	0
17	70	1
59	23	1
92	49	0
76	47	0
74	60	0
11	38	0
98	61	0
23	99	0
90	52	0
17	96	0
87	82	0
35	21	0
74	65	0
60	87	0
56	96	0
84	50	0
81	12	0
2	74	0
71	43	0
21	96	0
86	27	0
91	48	0
75	17	0
83	73	0
50	99	0
54	95	0
31	97	0
96	79	0
74	82	0
75	6	1
20	0	0
12	77	0
83	97	0
67	85	0
72	51	0
67	29	0
39	73	0
82	54	0
98	8	0
16	72	1
88	2	0
56	66	1
84	84	0
58	89	0
75	23	0
89	11	0
72	86	0
24	99	0
92	19	0
94	0	0
67	21	0
7	54	0
14	87	0
9	87	0
77	84	0
85	99	0
58	52	1
75	95	0
84	61	0
75	62	0
8	87	0
16	78	0
34	24	0
1	17	0
39	36	0
97	28	0
85	36	0
75	54	0
61	56	1
47	19	0
84	84	0
60	84	0
90	51	0
32	86	0
79	62	0
19	10	0
98	43	0
58	96	0
35	44	0
29	98	0
73	96	0
92	72	0
30	88	0
64	24	1
12	73	0
46	65	0
61	66	1
60	76	0
56	90	0
13	47	0
73	63	0
82	46	0
91	68	0
42	72	0
68	83	0
86	12	0
59	51	1
81	11	0
10	83	0
45	96	0
80	74	0
65	71	0
6	88	0
14	76	0
81	97	0
33	25	0
11	83	0
65	93	0
59	72	0
81	84	0
11	91	0
75	51	0
17	7	0
46	98	0
2	98	0
1	19	0
83	60	0
84	16	0
81	30	0
75	19	0
9	19	0
15	52	0
75	30	0
0	69	1
67	67	0
28	90	0
61	59	0
83	89	0
78	43	0
72	85	0
67	53	0
75	78	0
7	68	0
33	79	1
71	63	0
57	45	0
99	36	0
98	96	0
75	80	0
70	55	0
62	56	0
64	81	0
97	81	0
99	1	0
56	80	0
4	96	0
58	33	0
66	22	0
72	16	0
30	70	0
76	25	0
83	21	0
32	27	0
55	97	0
71	66	0
45	86	0
71	95	0
77	58	0
82	35	0
88	69	0
85	94	0
92	42	0
88	88	0
45	89	0
70	75	0
83	47	0
39	91	0
80	78	0
77	61	0
89	24	0
2	74	0
51	75	0
77	18	0
61	37	0
83	86	0
75	56	0
13	86	0
19	97	0
79	40	0
83	31	0
99	51	0
97	5	0
80	92	0
49	38	1
86	16	0
73	35	0
19	75	0
11	94	0
19	75	0
4	88	0
58	53	0
41	24	0
40	66	0
58	81	0
69	3	0
19	88	0
83	53	0
21	17	0
20	69	0
79	65	0
65	60	0
88	58	0
85	54	0
68	66	0
79	50	0
4	32	0
96	88	0
63	48	0
45	88	0
6	68	0
29	82	1
94	20	0
53	93	0
18	91	0
99	44	0
69	20	0
16	13	0
27	30	0
69	4	1
21	66	0
78	59	0
98	41	0
18	2	0
60	8	0
39	87	0
91	81	0
19	4	0
49	79	0
76	32	0
99	70	0
63	61	0
67	88	0
7	41	0
97	42	0
93	69	0
12	77	0
24	78	1
23	97	0
75	5	1
8	98	0
62	43	0
92	18	0
8	15	0
86	33	0
91	15	0
41	31	0
21	92	0
54	87	0
17	77	0
28	23	0
16	74	0
22	93	0
62	63	0
93	49	0
75	90	0
56	70	1
20	97	0
83	41	0
6	0	0
82	56	0
52	56	0
95	26	0
74	25	0
77	34	0
53	95	0
34	35	1
49	40	1
64	11	0
35	99	0
48	53	1
91	37	0
65	99	0
77	53	0
84	45	0
52	88	0
33	77	0
91	35	0
98	97	0
81	83	0
57	82	0
88	12	0
70	73	0
24	79	1
66	26	0
30	93	0
95	54	0
98	86	0
84	8	0
97	95	0
82	26	0
87	66	0
8	92	0
76	96	0
66	78	0
2	17	0
12	97	0
7	73	0
86	27	0
23	97	0
60	87	0
86	43	0
15	67	1
81	44	0
27	96	0
81	47	0
87	53	0
76	50	0
81	31	0
1	84	0
5	4	0
68	72	0
16	60	0
23	0	0
3	90	0
31	74	0
99	50	0
79	88	0
94	59	0
93	78	0
80	45	0
3	82	0
80	32	0
85	29	0
