97	63	0
55	11	0
40	25	0
48	98	0
7	25	0
94	29	0
92	76	0
9	8	1
45	9	0
71	91	0
42	40	0
79	37	0
0	80	0
22	7	0
17	69	0
99	12	0
94	82	0
65	27	0
27	56	0
99	69	0
92	0	0
43	79	0
73	82	0
75	99	0
65	2	0
38	99	0
54	9	0
78	82	0
68	90	0
97	54	0
4	40	0
33	35	0
40	31	0
85	28	0
37	45	0
88	71	0
14	94	0
65	79	0
94	25	0
77	88	0
45	5	0
23	48	0
74	51	0
97	53	0
56	75	0
97	48	0
12	88	0
41	44	0
59	12	0
85	49	0
20	69	0
56	12	0
28	91	0
52	90	0
28	59	0
98	72	0
40	28	0
37	47	0
85	80	0
99	89	0
87	13	0
12	94	0
96	8	0
49	4	0
91	72	0
40	27	0
25	87	0
77	8	0
37	77	0
88	78	0
60	57	0
18	27	0
81	89	0
28	39	0
15	48	0
85	38	0
14	37	0
38	78	0
57	89	0
77	25	0
44	99	0
64	99	0
0	10	0
13	13	0
94	21	0
97	20	0
38	57	0
77	44	0
23	30	0
78	58	0
37	51	0
32	8	0
35	1	0
72	46	0
17	90	0
59	6	0
50	74	0
42	8	0
40	27	0
89	43	0
40	64	0
63	47	0
15	72	0
71	86	0
7	78	0
43	76	0
82	50	0
60	8	0
54	68	0
8	63	0
61	6	0
55	60	0
4	68	0
49	4	0
37	60	0
22	39	0
86	81	0
51	42	0
1	3	0
23	97	0
76	0	0
66	69	0
11	34	0
85	78	0
92	11	0
65	68	0
56	84	0
29	21	0
61	89	0
21	22	1
81	85	0
68	57	0
36	98	0
75	32	0
32	23	0
18	33	0
84	3	0
0	71	0
94	72	0
92	17	0
91	31	0
43	59	0
60	8	0
92	90	0
5	9	0
41	13	0
84	83	0
37	43	0
94	68	0
85	74	0
56	23	0
49	34	0
59	60	0
6	50	0
28	79	0
15	57	0
79	74	0
52	68	0
45	99	0
80	53	0
70	78	0
54	79	0
27	48	0
87	78	0
0	37	0
39	40	0
24	21	0
21	78	0
38	72	0
97	23	0
39	32	0
73	13	0
35	84	0
69	24	0
51	36	0
77	78	0
26	55	0
62	70	0
41	96	0
39	62	0
38	9	0
67	14	0
38	85	0
10	74	0
72	87	0
91	57	0
17	88	0
32	31	0
97	70	0
27	60	0
32	84	0
42	98	0
53	47	0
36	7	0
19	39	0
72	90	0
81	94	0
59	87	0
80	20	0
3	69	0
58	2	0
68	11	0
68	21	0
81	20	0
34	60	0
2	74	0
55	58	0
75	39	0
33	76	0
88	20	0
52	85	0
31	65	0
31	14	0
79	70	0
34	70	0
41	12	0
0	92	0
74	17	0
96	83	0
86	94	0
85	18	0
4	77	0
13	75	0
91	47	0
49	71	0
35	46	0
50	77	0
57	77	0
52	57	0
5	79	0
33	66	0
65	10	0
7	66	0
72	99	0
70	42	0
40	92	0
90	56	0
39	11	0
42	53	0
19	75	0
39	93	0
51	34	0
68	29	0
20	32	0
93	67	0
79	44	0
84	54	0
9	78	0
56	15	0
16	82	0
69	68	0
52	43	0
64	51	0
52	10	0
10	7	1
1	57	0
75	47	0
52	9	0
76	61	0
48	87	0
64	47	0
95	27	0
92	7	0
3	63	0
89	69	0
21	99	0
92	62	0
40	91	0
58	32	0
45	2	0
21	92	0
67	33	0
40	53	0
45	76	0
51	4	0
25	98	0
72	94	0
86	83	0
69	27	0
94	70	0
8	85	0
44	36	0
59	0	0
68	22	0
37	19	0
41	4	0
50	11	0
56	45	0
72	37	0
37	52	0
27	48	0
49	56	0
72	81	0
85	73	0
56	88	0
84	11	0
95	52	0
80	2	0
9	52	0
29	3	0
87	38	0
47	23	0
73	74	0
7	44	0
52	72	0
54	24	0
25	99	0
31	88	0
28	71	0
97	64	0
45	29	0
35	1	0
24	55	0
88	53	0
80	25	0
68	94	0
16	9	0
63	95	0
11	75	0
42	85	0
35	33	0
5	53	0
81	6	0
23	28	0
82	12	0
44	13	0
14	4	0
85	6	0
33	47	0
13	38	0
83	27	0
92	63	0
9	28	0
27	27	0
1	53	0
30	84	0
16	77	0
5	7	0
37	91	0
45	66	0
41	38	0
64	20	0
45	82	0
38	69	0
84	97	0
43	25	0
19	46	0
32	35	0
56	80	0
84	95	0
53	17	0
83	0	0
35	3	0
49	11	0
61	10	0
18	43	0
80	59	0
67	5	0
19	38	0
58	5	0
52	52	0
46	51	0
28	61	0
79	84	0
67	51	0
17	52	0
54	37	0
22	11	1
95	8	0
50	9	0
67	15	0
57	41	0
26	37	0
8	69	0
67	76	0
19	79	0
34	94	0
21	95	0
50	21	0
34	36	0
90	62	0
63	45	0
5	79	0
80	79	0
61	91	0
23	32	0
76	24	0
60	95	0
71	0	0
91	59	0
80	45	0
33	17	0
43	47	0
41	50	0
90	77	0
7	16	0
76	28	0
87	9	0
12	47	0
27	94	0
70	76	0
84	4	0
3	66	0
99	35	0
43	93	0
75	8	0
66	51	0
41	52	0
52	45	0
32	38	0
50	38	0
74	78	0
77	50	0
43	33	0
76	68	0
23	52	0
20	92	0
83	82	0
41	23	0
5	70	0
65	18	0
89	16	0
71	41	0
14	60	0
62	33	0
28	36	0
53	40	0
7	99	0
63	31	0
54	10	0
88	50	0
45	24	0
31	81	0
26	5	0
80	48	0
7	3	0
65	99	0
1	85	0
38	45	0
53	82	0
54	30	0
19	99	0
19	42	0
23	39	0
61	15	0
91	33	0
83	17	0
87	96	0
19	58	0
34	15	0
32	30	0
81	22	0
52	61	0
71	90	0
17	36	0
72	99	0
86	71	0
38	80	0
71	8	0
72	38	0
85	14	0
71	18	0
44	17	0
43	34	0
93	3	0
71	29	0
3	61	0
92	16	0
87	94	0
7	93	0
91	64	0
45	47	0
24	10	0
94	86	0
79	57	0
25	97	0
67	25	0
78	48	0
91	55	0
82	67	0
34	73	0
82	80	0
35	94	0
89	74	0
36	38	0
24	90	0
99	88	0
35	36	0
29	41	0
67	69	0
62	92	0
49	64	0
49	96	0
56	57	0
33	63	0
30	63	0
84	18	0
16	91	0
82	54	0
20	88	0
42	57	0
43	78	0
79	28	0
27	29	0
19	46	0
66	40	0
98	73	0
67	17	0
85	95	0
72	96	0
34	44	0
64	9	0
31	45	0
27	87	0
42	34	0
56	68	0
70	79	0
37	21	0
79	93	0
47	30	0
34	17	0
64	41	0
30	79	0
43	11	0
4	62	0
91	81	0
58	91	0
53	44	0
81	10	0
44	75	0
43	53	0
99	57	0
90	1	0
4	74	0
72	5	0
77	73	0
70	32	0
32	2	0
35	68	0
82	79	0
36	73	0
54	76	0
78	21	0
15	64	0
65	14	0
42	63	0
58	99	0
29	93	0
96	4	0
89	16	0
63	9	0
41	87	0
20	88	0
6	86	0
76	49	0
72	64	0
79	63	0
20	44	0
84	44	0
70	61	0
86	72	0
63	59	0
23	57	0
23	72	0
38	26	0
47	39	0
3	49	0
52	64	0
40	41	0
94	38	0
79	37	0
70	3	0
78	30	0
55	76	0
16	16	1
17	49	0
61	35	0
92	74	0
62	85	0
95	72	0
21	53	0
52	69	0
59	53	0
25	57	0
92	34	0
24	62	0
39	24	0
86	50	0
75	99	0
61	53	0
21	64	0
44	2	0
63	67	0
29	84	0
39	28	0
75	76	0
94	69	0
20	97	0
53	69	0
12	71	0
76	66	0
32	56	0
50	66	0
39	76	0
60	70	0
25	34	0
15	64	0
88	80	0
81	49	0
96	60	0
26	75	0
56	79	0
71	30	0
20	19	1
87	25	0
40	39	0
97	14	0
13	85	0
26	33	0
28	75	0
83	56	0
22	39	0
93	64	0
12	98	0
6	73	0
21	5	0
96	93	0
39	27	0
3	77	0
76	89	0
41	61	0
77	74	0
33	89	0
99	32	0
30	13	0
40	85	0
32	73	0
36	16	0
24	38	0
4	24	0
89	70	0
89	11	0
59	9	0
74	12	0
98	40	0
30	6	0
35	42	0
97	40	0
14	58	0
45	85	0
5	47	0
15	79	0
79	55	0
46	95	0
69	49	0
73	77	0
37	36	0
75	63	0
35	55	0
89	44	0
13	70	0
58	34	0
37	69	0
76	35	0
56	41	0
98	83	0
95	99	0
84	84	0
18	81	0
19	33	0
56	49	0
53	74	0
31	21	0
16	1	0
35	69	0
9	39	0
64	6	0
68	83	0
84	62	0
92	19	0
14	46	0
11	3	1
79	94	0
6	97	0
49	7	0
57	55	0
70	12	0
12	5	1
45	22	0
19	36	0
43	16	0
66	5	0
42	86	0
56	24	0
30	96	0
75	3	0
29	38	0
52	71	0
74	25	0
92	71	0
65	79	0
34	73	0
45	90	0
76	92	0
83	55	0
18	63	0
82	75	0
60	95	0
12	35	0
16	54	0
92	44	0
35	89	0
99	96	0
69	84	0
46	3	0
51	46	0
85	57	0
58	90	0
74	49	0
99	73	0
89	29	0
14	63	0
1	58	0
73	85	0
77	39	0
51	58	0
56	11	0
33	17	0
76	75	0
25	37	0
14	65	0
43	46	0
58	43	0
32	15	0
59	29	0
14	85	0
20	41	0
11	59	0
6	73	0
77	50	0
19	23	0
61	15	0
93	25	0
80	3	0
55	71	0
2	65	0
63	26	0
48	32	0
67	79	0
77	11	0
46	43	0
51	62	0
47	85	0
16	99	0
23	67	0
43	86	0
30	35	0
74	79	0
52	45	0
30	78	0
61	33	0
9	42	0
60	60	0
62	21	0
32	77	0
80	49	0
50	45	0
51	42	0
38	17	0
7	66	0
71	63	0
74	54	0
43	39	0
83	56	0
80	68	0
80	36	0
69	9	0
93	77	0
91	14	0
5	71	0
69	81	0
31	18	0
59	35	0
9	2	1
17	57	0
10	86	0
34	88	0
21	51	0
94	32	0
19	51	0
53	99	0
17	83	0
99	71	0
55	61	0
86	39	0
22	1	0
54	14	0
50	8	0
7	6	0
13	74	0
63	63	0
85	70	0
72	51	0
16	0	0
30	41	0
67	6	0
1	78	0
77	2	0
41	74	0
53	22	0
76	99	0
8	32	0
8	93	0
99	55	0
29	16	0
89	73	0
61	56	0
76	40	0
44	28	0
92	29	0
85	71	0
14	64	0
2	84	0
22	59	0
3	90	0
9	84	0
88	30	0
31	50	0
3	95	0
54	13	0
62	1	0
40	47	0
20	23	1
64	38	0
37	21	0
22	74	0
31	32	0
73	18	0
9	42	0
84	49	0
88	0	0
66	51	0
30	10	0
50	16	0
10	97	0
61	81	0
40	69	0
37	12	0
2	83	0
1	90	0
64	51	0
89	45	0
37	28	0
27	77	0
20	27	0
97	85	0
58	27	0
50	74	0
63	99	0
18	25	1
2	83	0
67	26	0
52	66	0
29	33	0
99	67	0
43	72	0
98	17	0
77	15	0
95	19	0
87	83	0
46	57	0
24	90	0
84	5	0
29	3	0
68	88	0
65	76	0
19	51	0
68	40	0
72	81	0
88	13	0
94	52	0
22	69	0
57	49	0
23	22	0
90	22	0
41	42	0
63	10	0
90	97	0
83	78	0
45	69	0
73	31	0
69	76	0
1	89	0
45	0	0
11	95	0
11	74	0
70	68	0
76	97	0
80	7	0
94	87	0
78	4	0
81	71	0
61	1	0
91	36	0
74	53	0
57	30	0
13	70	0
59	89	0
52	76	0
13	46	0
3	41	0
36	97	0
9	68	0
44	0	0
37	56	0
12	65	0
38	23	0
6	48	0
91	51	0
51	20	0
0	45	0
27	86	0
75	59	0
0	3	0
93	71	0
25	83	0
57	47	0
36	56	0
94	45	0
57	40	0
0	14	0
2	50	0
21	58	0
92	71	0
68	50	0
97	64	0
0	54	0
65	56	0
14	67	0
3	15	0
71	67	0
30	63	0
46	13	0
31	30	0
6	80	0
34	85	0
5	4	0
77	46	0
67	60	0
82	65	0
77	77	0
46	88	0
43	15	0
1	72	0
49	65	0
40	53	0
62	51	0
85	13	0
