92	68	0
25	16	0
61	97	0
5	0	0
96	45	0
97	93	0
40	71	0
66	46	0
1	89	0
7	8	0
12	94	0
93	40	0
59	83	0
28	32	0
94	83	0
92	33	0
46	99	0
38	76	0
73	72	0
49	15	0
33	79	0
84	69	0
92	77	0
81	92	0
5	28	0
39	34	1
85	19	0
78	65	0
8	72	0
33	91	0
86	16	0
70	91	0
51	71	0
81	78	0
97	55	0
57	57	1
98	37	0
11	76	0
88	70	0
18	68	0
49	4	0
11	78	0
36	88	0
86	48	0
47	38	1
38	17	0
99	87	0
89	91	0
93	21	0
26	79	0
96	7	0
23	19	0
71	84	0
2	87	0
89	2	0
27	70	1
63	90	0
11	28	0
68	80	0
84	29	0
26	87	0
50	93	0
77	30	0
34	91	0
40	88	0
20	10	0
94	13	0
80	29	0
52	81	0
87	30	0
64	49	0
70	34	0
6	99	0
77	1	1
51	86	0
79	0	0
90	64	0
6	64	1
64	90	0
0	75	0
40	90	0
97	57	0
78	27	0
50	68	1
64	13	0
63	44	0
7	64	1
36	7	0
71	68	0
62	28	1
0	94	0
96	32	0
45	72	0
81	64	0
82	1	0
65	87	0
68	84	0
5	31	0
63	71	0
94	76	0
66	45	0
13	93	0
67	37	0
69	2	1
90	60	0
90	32	0
98	42	0
19	51	0
51	64	1
7	26	0
46	31	1
85	66	0
56	76	0
58	63	0
46	43	1
57	64	0
52	55	1
42	94	0
78	35	0
59	73	0
60	77	0
94	56	0
27	12	0
48	41	1
22	14	0
25	74	0
76	48	0
99	5	0
27	97	0
24	42	0
63	68	0
60	73	0
50	74	0
48	9	0
45	93	0
77	85	0
90	55	0
21	96	0
86	77	0
24	52	1
9	75	0
55	63	0
10	42	0
71	76	0
97	72	0
45	68	0
73	45	0
52	66	1
63	6	1
98	33	0
30	91	0
60	80	0
24	34	0
47	80	0
40	23	0
89	95	0
29	84	0
95	9	0
29	78	1
91	39	0
54	96	0
73	78	0
67	64	0
26	41	0
9	63	0
70	7	0
68	96	0
93	59	0
48	91	0
63	83	0
78	18	0
55	71	0
32	82	0
51	86	0
24	16	0
60	23	1
82	54	0
64	42	0
69	59	0
78	29	0
20	96	0
61	59	0
87	41	0
73	35	0
54	19	0
95	27	0
75	81	0
76	97	0
72	65	0
99	24	0
99	18	0
85	81	0
31	90	0
64	86	0
49	96	0
85	37	0
20	99	0
90	22	0
25	50	0
20	89	0
31	99	0
81	81	0
79	67	0
98	59	0
92	60	0
23	85	0
50	81	0
72	12	0
80	52	0
49	5	0
47	34	0
78	38	0
24	66	0
41	53	1
25	74	0
77	87	0
85	58	0
54	73	0
96	1	0
90	39	0
95	44	0
68	60	0
70	86	0
45	62	0
66	18	0
8	91	0
28	65	1
0	91	0
84	63	0
84	73	0
85	12	0
93	86	0
17	3	0
33	99	0
54	98	0
40	27	0
85	15	0
95	2	0
95	27	0
73	31	0
71	52	0
9	4	0
27	98	0
17	76	0
47	88	0
43	76	0
87	44	0
56	85	0
54	56	1
99	84	0
62	37	0
82	89	0
86	20	0
15	7	0
42	2	0
33	23	0
95	43	0
78	10	0
16	47	0
17	23	0
54	36	1
89	81	0
96	62	0
75	33	0
94	9	0
64	7	0
78	13	0
36	15	0
10	68	0
88	90	0
40	87	0
5	97	0
30	43	0
51	45	1
75	47	0
67	59	0
78	77	0
79	74	0
79	24	0
73	83	0
73	4	1
98	48	0
80	58	0
60	52	0
98	65	0
72	17	0
93	21	0
20	46	0
71	98	0
55	67	0
92	22	0
16	86	0
94	43	0
70	91	0
91	29	0
64	16	0
29	56	1
49	43	0
60	84	0
67	30	1
75	78	0
24	93	0
91	87	0
3	84	0
90	2	0
88	19	0
52	70	0
35	61	1
66	48	0
14	98	0
75	33	0
98	60	0
45	41	1
35	85	0
33	9	0
50	86	0
38	85	0
47	76	0
8	63	0
7	24	0
67	1	1
85	37	0
97	10	0
79	99	0
26	30	0
65	12	0
63	38	0
68	87	0
2	19	0
45	85	0
78	41	0
28	87	0
79	6	0
55	17	1
87	13	0
88	51	0
11	88	0
74	15	0
90	97	0
35	97	0
78	66	0
9	35	0
59	97	0
61	41	0
18	72	0
59	26	0
96	49	0
74	47	0
71	58	0
21	43	0
95	55	0
23	96	0
90	53	0
20	92	0
82	80	0
37	21	0
71	72	0
61	90	0
58	95	0
76	54	0
86	7	0
6	77	0
79	47	0
23	95	0
50	63	1
86	32	0
34	62	1
49	42	1
88	52	0
75	22	0
73	73	0
47	94	0
57	92	0
33	99	0
95	78	0
83	77	0
74	6	1
20	5	0
48	44	1
43	60	1
2	79	0
82	86	0
64	81	0
73	49	0
67	22	0
38	65	1
40	75	0
83	49	0
98	10	0
22	69	0
80	7	0
54	70	0
31	38	1
86	88	0
32	78	1
54	92	0
70	25	0
85	11	0
45	66	1
68	88	0
27	99	0
87	12	0
84	9	0
75	27	0
15	56	0
13	88	0
13	87	0
73	90	0
86	96	0
62	54	0
77	97	0
79	60	0
73	62	0
14	93	0
7	72	0
37	26	0
6	15	0
32	38	0
28	48	1
95	32	0
87	43	0
73	53	0
56	54	1
45	22	0
90	77	0
60	74	0
85	52	0
35	87	0
81	57	0
23	11	0
94	45	0
55	94	0
32	42	0
31	96	0
72	98	0
87	68	0
27	83	0
56	24	1
10	69	0
38	74	0
64	61	0
56	75	0
56	89	0
13	50	0
71	62	0
81	44	0
88	64	0
41	73	0
69	94	0
47	27	1
95	19	0
62	48	0
86	12	0
9	83	0
49	96	0
80	77	0
73	69	0
8	89	0
10	73	0
78	90	0
34	28	0
5	86	0
66	94	0
66	69	0
85	72	0
12	94	0
78	47	0
16	10	0
48	96	0
9	94	0
1	16	0
86	54	0
86	20	0
80	31	0
72	16	0
8	16	0
19	54	0
80	30	0
4	69	0
64	73	0
27	85	0
67	55	0
82	93	0
72	40	0
71	81	0
69	52	0
65	82	0
9	70	0
43	54	1
28	81	0
64	60	0
60	42	0
96	38	0
98	98	0
78	88	0
44	59	1
71	48	0
64	56	0
70	1	1
64	87	0
95	79	0
94	1	0
61	80	0
4	92	0
61	31	0
63	21	0
75	17	0
24	74	0
73	20	0
86	19	0
32	53	1
34	30	0
51	99	0
68	68	0
50	83	0
72	95	0
85	55	0
83	37	0
90	70	0
80	99	0
97	39	0
26	67	1
95	90	0
44	84	0
68	81	0
88	46	0
45	89	0
81	82	0
85	50	0
83	28	0
1	68	0
53	72	0
70	16	0
67	33	0
85	83	0
64	51	0
12	87	0
23	93	0
74	38	0
80	30	0
96	56	0
95	1	0
76	93	0
56	35	1
33	73	1
92	18	0
72	43	0
12	74	0
20	98	0
21	78	0
8	93	0
64	48	0
40	29	0
34	70	0
62	83	0
67	13	0
22	84	0
86	51	0
22	20	0
16	72	0
74	62	0
59	57	0
89	54	0
83	61	0
75	64	0
60	56	1
77	54	0
0	29	0
90	87	0
59	53	0
45	88	0
5	74	0
26	84	0
31	50	1
93	19	0
54	97	0
14	96	0
98	51	0
76	19	0
16	14	0
31	22	0
71	5	0
17	68	0
79	60	0
86	38	0
15	0	0
67	12	0
42	88	0
95	81	0
17	14	0
50	81	0
82	35	0
97	80	0
58	69	0
65	82	0
14	41	0
92	39	0
95	74	0
16	81	0
21	76	0
18	88	0
71	3	0
8	94	0
29	47	1
61	40	0
27	64	1
93	17	0
5	22	0
86	34	0
87	14	0
42	25	0
18	90	0
46	84	0
15	71	0
27	31	0
15	72	0
21	92	0
64	64	0
93	49	0
74	95	0
49	40	1
61	70	0
51	69	1
21	97	0
83	42	0
2	1	0
82	61	0
52	46	0
99	28	0
79	30	0
72	30	0
57	99	0
42	36	1
58	42	0
66	27	1
55	9	0
34	96	0
43	57	1
94	35	0
64	99	0
71	51	0
82	47	0
48	90	0
32	83	0
95	26	0
70	9	1
96	99	0
76	82	0
55	83	0
87	14	0
81	71	0
24	81	0
71	27	0
22	96	0
94	58	0
86	86	0
85	8	0
97	95	0
79	19	0
85	58	0
59	21	1
9	87	0
68	93	0
63	80	0
4	23	0
9	96	0
10	70	0
46	42	1
78	27	0
18	98	0
58	95	0
92	45	0
14	74	0
76	42	0
29	91	0
78	47	0
76	53	0
81	44	0
80	35	0
50	66	1
0	85	0
2	1	0
72	72	0
11	58	0
26	6	0
6	93	0
30	74	0
93	47	0
78	89	0
92	58	0
98	83	0
77	42	0
4	81	0
49	60	1
84	37	0
84	26	0
