93	62	0
29	3	0
31	35	0
63	99	0
20	2	0
94	39	0
98	93	0
57	15	0
57	72	0
62	23	0
82	51	0
2	87	0
14	3	0
24	88	0
97	24	0
74	78	0
58	38	0
18	57	0
90	53	0
93	13	0
46	95	0
58	66	0
73	82	0
54	6	0
29	77	0
48	14	0
89	71	0
64	88	0
92	83	0
1	38	0
53	11	0
43	20	0
97	27	0
19	53	0
81	64	0
12	89	0
38	94	0
89	22	0
82	84	0
41	12	0
37	66	0
87	68	0
99	75	0
51	60	0
98	47	0
10	80	0
69	3	0
98	65	0
11	70	0
71	11	0
11	77	0
59	90	0
30	77	0
98	69	0
44	36	0
39	28	0
94	88	0
99	91	0
99	6	0
17	93	0
98	9	0
34	5	0
70	81	0
36	1	0
2	95	0
86	12	0
32	80	0
65	94	0
45	57	0
4	28	0
69	87	0
15	57	0
95	29	0
34	87	0
60	98	0
63	31	0
29	97	0
58	95	0
3	16	0
99	11	0
87	20	0
51	73	0
86	39	0
91	61	0
48	14	0
28	10	0
68	47	0
5	96	0
48	0	0
45	70	0
45	4	0
58	31	0
82	35	0
32	61	0
75	47	0
3	63	0
80	93	0
0	87	0
36	98	0
95	55	0
66	15	0
35	68	0
31	63	0
63	1	0
70	52	0
3	65	0
34	1	0
11	42	0
38	48	0
61	80	0
46	38	0
9	95	0
79	24	0
47	81	0
72	67	0
92	11	0
75	92	0
56	74	0
31	22	0
60	96	0
99	75	0
77	61	0
25	94	0
65	30	0
31	18	0
22	49	1
72	13	0
12	59	0
93	72	0
98	24	0
84	44	0
37	51	0
57	1	0
78	64	0
22	20	0
42	26	0
97	58	0
44	38	0
58	82	0
61	82	0
54	24	0
41	43	0
60	40	0
13	49	0
21	45	1
23	56	0
76	87	0
50	59	0
41	99	0
72	40	0
70	64	0
51	70	0
90	65	0
18	20	0
53	55	0
23	11	0
14	72	0
31	64	0
87	36	0
36	44	0
88	3	0
42	90	0
56	22	0
42	46	0
78	76	0
27	71	0
51	64	0
41	86	0
35	55	0
42	10	0
55	19	0
42	87	0
24	65	0
75	81	0
95	67	0
30	99	0
99	75	0
31	51	0
24	71	0
49	75	0
56	54	0
24	19	0
71	88	0
99	74	0
53	66	0
61	29	0
4	41	0
54	7	0
72	51	0
60	21	0
81	18	0
21	48	1
6	47	0
49	52	0
69	27	0
37	68	0
83	24	0
41	95	0
24	62	0
37	25	0
82	84	0
39	50	0
27	9	0
25	82	0
61	2	0
92	85	0
48	92	0
92	3	0
9	72	0
17	64	0
98	34	0
53	86	0
27	49	1
56	71	0
61	66	0
46	57	0
21	75	0
24	58	0
68	2	0
9	59	0
63	80	0
97	45	0
41	88	0
82	62	0
75	21	0
53	69	0
18	82	0
33	97	0
47	28	0
77	34	0
81	49	0
59	41	0
73	69	0
5	40	0
60	27	0
16	96	0
60	62	0
77	44	0
70	26	0
50	6	0
10	47	0
94	23	0
33	22	0
68	69	0
61	86	0
70	42	0
94	36	0
99	12	0
3	37	0
93	74	0
31	96	0
97	80	0
36	97	0
61	33	0
75	32	0
21	87	0
83	20	0
32	57	0
29	77	0
48	9	0
32	97	0
75	90	0
78	86	0
96	48	0
97	66	0
13	90	0
36	74	0
75	7	0
76	52	0
34	16	0
37	0	0
50	27	0
53	50	0
81	46	0
34	52	0
38	46	0
34	73	0
72	88	0
86	58	0
58	82	0
81	10	0
95	38	0
64	13	0
23	41	0
79	45	0
80	50	0
75	70	0
6	39	0
31	64	0
60	22	0
15	91	0
33	85	0
16	78	0
86	72	0
51	18	0
36	0	0
33	53	0
80	75	0
64	3	0
79	95	0
20	0	0
51	94	0
8	67	0
50	92	0
43	35	0
6	52	0
73	35	0
71	14	0
51	16	0
75	12	0
39	63	0
6	56	0
72	19	0
84	62	0
5	5	0
5	65	0
31	96	0
8	86	0
48	94	0
50	66	0
63	43	0
67	3	0
47	82	0
46	70	0
90	88	0
38	27	1
2	55	0
28	45	1
60	51	0
75	76	0
30	31	1
84	28	0
34	5	0
53	4	0
51	18	0
37	38	0
74	64	0
71	12	0
8	47	0
30	10	0
45	61	0
44	33	0
28	44	1
89	76	0
81	53	0
11	49	0
63	33	0
96	7	0
63	12	0
67	27	0
44	40	0
36	34	0
3	74	0
62	82	0
38	73	0
24	97	0
24	79	0
51	11	0
43	40	0
99	42	0
81	49	0
2	62	0
80	68	0
80	79	0
84	26	0
79	85	0
77	6	0
76	64	0
75	60	0
29	31	1
60	47	0
90	72	0
67	5	0
96	22	0
32	45	0
45	94	0
61	80	0
82	15	0
20	70	0
96	30	0
66	98	0
85	17	0
63	28	0
36	57	0
59	38	0
36	51	0
55	86	0
79	33	0
38	18	0
75	84	0
33	55	0
19	98	0
99	98	0
50	36	0
4	93	0
52	52	0
95	12	0
82	36	0
21	68	0
68	51	0
38	20	1
55	47	0
8	96	0
85	24	0
47	9	0
94	44	0
53	49	0
30	91	0
11	5	0
62	59	0
56	97	0
3	48	0
37	78	0
38	82	0
44	24	0
18	83	0
16	28	0
70	3	0
76	17	0
85	1	0
94	89	0
23	66	0
50	20	0
85	2	0
75	57	0
74	93	0
0	24	0
62	93	0
99	62	0
31	82	0
76	0	0
44	59	0
69	19	0
68	13	0
42	18	0
43	13	0
97	10	0
84	35	0
8	92	0
82	16	0
94	97	0
25	97	0
95	71	0
38	51	0
16	28	0
76	99	0
63	45	0
2	91	0
67	37	0
79	37	0
74	42	0
82	67	0
27	67	0
90	64	0
39	95	0
92	72	0
28	94	0
89	85	0
44	33	0
63	64	0
63	99	0
46	65	0
61	98	0
69	53	0
39	49	0
39	60	0
84	5	0
2	88	0
97	55	0
24	84	0
45	67	0
44	82	0
88	46	0
32	55	0
40	20	0
84	56	0
63	16	0
82	99	0
42	91	0
43	54	0
49	18	0
34	44	0
57	98	0
45	18	0
34	70	0
84	74	0
39	9	0
97	89	0
66	4	0
2	10	0
43	37	0
22	69	0
41	0	0
13	73	0
91	81	0
61	80	0
66	40	0
65	0	0
45	60	0
43	60	0
97	57	0
93	7	0
6	68	0
82	4	0
52	73	0
56	27	0
36	8	0
32	63	0
85	87	0
34	74	0
46	84	0
69	32	0
23	47	1
68	34	0
41	59	0
64	95	0
28	98	0
95	12	0
97	17	0
74	12	0
23	73	0
29	97	0
26	86	0
64	41	0
76	79	0
75	89	0
3	36	0
66	38	0
71	79	0
71	61	0
64	78	0
12	88	0
16	75	0
39	18	0
51	18	0
8	37	0
43	47	0
38	48	0
90	30	0
88	41	0
80	12	0
72	48	0
55	54	0
28	46	1
44	28	0
94	80	0
44	97	0
84	55	0
38	67	0
38	93	0
78	55	0
26	50	0
75	26	0
24	38	1
31	11	0
90	53	0
77	94	0
49	45	0
10	50	0
46	10	0
49	56	0
42	84	0
72	89	0
94	58	0
11	80	0
73	47	0
13	60	0
65	49	0
43	71	0
54	53	0
44	77	0
64	69	0
2	62	0
64	60	0
76	46	0
82	56	0
39	65	0
66	81	0
43	9	0
95	21	0
54	44	0
93	4	0
9	84	0
35	80	0
85	61	0
19	50	0
74	75	0
14	93	0
18	82	0
85	85	0
44	26	0
0	68	0
65	99	0
51	61	0
90	65	0
24	96	0
87	34	0
16	1	0
38	72	0
25	81	0
36	13	0
16	51	1
15	18	0
86	67	0
97	15	0
53	10	0
69	41	0
91	16	0
22	8	0
29	63	0
83	32	0
6	64	0
58	80	0
0	52	0
28	79	0
74	61	0
54	94	0
72	50	0
70	84	0
71	56	0
49	52	0
77	75	0
6	78	0
46	39	0
23	77	0
84	49	0
72	28	0
91	55	0
94	96	0
89	90	0
41	71	0
78	43	0
57	60	0
33	25	1
35	13	0
33	66	0
9	41	0
69	8	0
73	78	0
86	85	0
87	0	0
16	47	1
58	81	0
9	95	0
47	9	0
57	31	0
65	22	0
55	21	0
39	20	0
77	10	0
35	97	0
70	17	0
29	95	0
98	22	0
39	64	0
68	37	0
71	99	0
75	69	0
37	76	0
66	96	0
84	61	0
91	47	0
11	63	0
88	80	0
76	93	0
13	62	0
98	43	0
28	71	0
98	88	0
48	88	0
28	13	0
75	70	0
94	53	0
51	80	0
74	74	0
97	62	0
76	40	0
28	57	0
0	64	0
61	79	0
65	32	0
53	41	0
52	8	0
33	26	1
86	80	0
17	55	0
64	24	0
42	7	0
52	21	0
10	88	0
13	58	0
9	80	0
75	47	0
93	21	0
93	29	0
94	4	0
67	97	0
5	59	0
63	25	0
58	48	0
39	83	0
91	25	0
61	56	0
32	83	0
21	87	0
37	68	0
25	96	0
32	6	0
68	74	0
44	17	0
40	74	0
53	44	0
2	43	0
68	64	0
65	17	0
30	87	0
94	58	0
27	48	0
21	34	0
14	69	0
81	57	0
67	60	0
44	49	0
94	66	0
98	66	0
65	46	0
63	16	0
79	63	0
83	33	0
10	47	0
86	83	0
51	35	0
17	69	0
2	85	0
30	98	0
25	57	0
93	22	0
0	53	0
58	91	0
3	85	0
84	63	0
49	36	0
86	25	0
16	17	0
30	34	0
72	13	0
29	74	0
46	49	0
99	62	0
87	36	0
4	0	0
3	43	0
53	15	0
4	45	0
74	8	0
47	72	0
29	32	0
93	91	0
0	10	0
41	95	0
96	45	0
38	4	0
91	89	0
51	61	0
66	64	0
39	41	0
89	36	0
88	81	0
11	63	0
7	76	0
6	41	0
22	69	0
12	85	0
65	18	0
30	59	0
17	90	0
33	12	0
58	16	0
38	65	0
64	45	0
43	10	0
37	74	0
25	24	1
97	19	0
5	30	0
77	41	0
93	23	0
48	48	0
27	21	0
46	0	0
16	92	0
47	66	0
37	57	0
30	15	0
20	96	0
20	79	0
62	44	0
94	40	0
33	73	0
89	99	0
53	25	0
65	69	0
60	88	0
4	90	0
85	42	0
55	58	0
14	23	0
95	68	0
55	50	0
97	19	0
71	11	0
84	30	0
60	95	0
50	44	0
46	39	0
65	25	0
47	6	0
45	87	0
52	75	0
22	54	0
82	30	0
53	90	0
93	40	0
91	55	0
36	78	0
36	65	0
81	28	0
48	44	0
70	9	0
97	95	0
79	76	0
45	74	0
74	45	0
76	92	0
13	79	0
51	16	0
14	99	0
10	59	0
49	60	0
74	80	0
61	17	0
99	91	0
91	13	0
97	97	0
62	8	0
75	24	0
67	65	0
59	34	0
22	84	0
47	89	0
72	79	0
30	37	1
8	34	0
17	80	0
8	77	0
36	14	0
40	49	0
19	58	0
0	46	0
88	46	0
48	20	0
12	62	0
30	81	0
65	96	0
95	39	0
0	67	0
68	41	0
34	72	0
79	49	0
73	37	0
2	50	0
26	55	0
83	40	0
71	60	0
84	49	0
9	65	0
63	52	0
3	82	0
1	0	0
90	63	0
16	65	0
25	7	0
39	23	1
4	94	0
18	76	0
91	41	0
75	82	0
83	59	0
89	82	0
50	66	0
65	39	0
2	72	0
46	66	0
28	63	0
64	43	0
95	18	0
