89	67	0
50	16	0
44	15	0
52	99	0
4	20	0
95	32	0
98	84	0
42	11	0
77	81	0
44	38	0
80	33	0
5	85	0
19	14	0
18	64	0
98	15	0
97	76	0
64	27	0
31	48	0
99	65	0
91	2	0
42	80	0
69	80	0
72	99	0
71	1	0
43	90	0
58	1	0
74	77	0
72	95	0
97	51	0
1	38	0
40	38	0
46	26	0
90	27	0
44	46	0
87	65	0
13	92	0
60	85	0
96	24	0
79	91	0
54	1	0
19	52	0
79	50	0
93	59	0
58	73	0
97	40	0
9	83	0
30	45	0
60	11	0
95	53	0
14	64	0
59	10	0
30	88	0
49	95	0
33	64	0
98	66	0
40	28	0
44	42	0
80	73	0
93	94	0
83	15	0
13	93	0
91	10	0
46	1	0
76	71	0
44	18	0
18	83	0
77	9	0
36	77	0
85	83	0
62	65	0
15	23	0
76	87	0
28	34	0
17	46	0
88	41	0
12	37	0
41	78	0
50	85	0
74	22	0
42	96	0
63	98	0
2	1	0
7	14	0
96	16	0
99	17	0
33	47	0
82	43	0
22	21	0
77	55	0
30	50	0
33	10	0
38	8	0
69	36	0
16	87	0
73	8	0
55	75	0
40	11	0
47	28	0
96	39	0
40	74	0
78	52	0
22	62	0
77	94	0
2	77	0
44	82	0
85	44	0
62	5	0
45	66	0
13	62	0
53	5	0
65	56	0
16	57	0
42	4	0
39	60	0
29	39	0
92	84	0
53	43	0
1	3	0
29	97	0
77	8	0
67	68	0
12	33	0
86	79	0
93	15	0
68	65	0
58	78	0
30	12	0
57	96	0
75	76	0
76	55	0
34	99	0
66	25	0
39	24	0
21	36	0
85	8	0
3	75	0
97	70	0
96	16	0
87	34	0
43	53	0
58	18	0
87	80	0
4	15	0
36	16	0
84	71	0
30	42	0
88	76	0
78	90	0
60	14	0
44	32	0
55	61	0
8	49	0
28	79	0
15	60	0
77	74	0
39	49	0
50	98	0
79	59	0
73	75	0
49	82	0
18	38	0
87	71	0
5	33	0
41	45	0
22	14	0
16	76	0
38	74	0
95	37	0
31	31	0
82	15	0
39	80	0
57	29	0
51	38	0
80	81	0
25	52	0
72	79	0
35	86	0
29	57	0
36	16	0
62	12	0
34	81	0
16	75	0
75	85	0
90	55	0
17	88	0
19	36	0
98	66	0
31	60	0
26	91	0
48	93	0
45	51	0
33	10	0
20	41	0
70	83	0
83	98	0
59	87	0
74	22	0
6	68	0
57	2	0
74	13	0
65	25	0
72	22	0
25	58	0
2	66	0
53	57	0
80	37	0
33	73	0
89	22	0
44	89	0
31	67	0
32	18	0
74	74	0
29	59	0
39	10	0
4	92	0
65	14	0
99	84	0
85	95	0
97	18	0
3	80	0
15	67	0
91	44	0
49	74	0
38	46	0
52	69	0
56	70	0
45	57	0
6	74	0
30	64	0
66	9	0
0	67	0
65	98	0
78	47	0
44	87	0
90	60	0
48	8	0
44	62	0
22	78	0
41	91	0
58	38	0
63	31	0
21	34	0
97	63	0
71	45	0
83	58	0
7	78	0
57	20	0
13	89	0
71	62	0
55	45	0
61	52	0
53	15	0
3	52	0
79	41	0
54	5	0
74	62	0
45	85	0
73	41	0
98	37	0
97	0	0
2	64	0
83	72	0
21	95	0
99	64	0
46	89	0
61	30	0
44	1	0
22	90	0
69	36	0
41	59	0
44	77	0
47	8	0
23	89	0
66	93	0
88	84	0
69	33	0
86	68	0
8	86	0
52	45	0
54	6	0
68	25	0
32	16	0
31	5	0
50	8	0
57	51	0
68	33	0
36	56	0
30	49	0
46	64	0
71	83	0
89	82	0
62	85	0
87	20	0
85	54	0
80	9	0
16	52	0
32	7	0
83	39	0
61	25	0
72	72	0
5	37	0
50	71	0
53	26	0
29	98	0
35	91	0
19	70	0
93	64	0
42	31	0
38	6	0
27	60	0
88	60	0
73	17	0
79	91	0
21	7	0
68	96	0
9	78	0
45	87	0
37	39	0
2	53	0
77	5	0
21	28	0
93	12	0
41	17	0
9	3	1
89	10	0
34	46	0
18	47	0
87	27	0
94	53	0
3	29	0
28	30	0
0	62	0
36	88	0
18	85	0
4	12	0
43	86	0
53	68	0
49	41	0
64	23	0
47	92	0
38	66	0
89	95	0
43	34	0
15	47	0
22	39	0
58	71	0
87	92	0
47	21	0
88	7	0
29	0	0
61	3	0
58	13	0
20	40	0
75	60	0
66	2	0
14	32	0
49	12	0
55	48	0
47	52	0
21	62	0
86	79	0
77	49	0
17	55	0
46	35	0
97	12	0
55	4	0
62	17	0
56	40	0
24	29	0
8	71	0
67	74	0
18	82	0
34	87	0
23	95	0
51	28	0
41	43	0
87	58	0
70	42	0
7	83	0
76	82	0
57	84	0
19	29	1
74	27	0
57	98	0
72	4	0
89	61	0
82	48	0
35	17	0
42	41	0
33	45	0
90	82	0
7	10	0
73	21	0
92	2	0
14	43	0
32	99	0
68	72	0
88	3	0
6	57	0
96	31	0
44	96	0
72	12	0
64	50	0
47	52	0
43	40	0
31	38	0
47	33	0
71	84	0
79	42	0
36	34	0
77	71	0
24	57	0
14	91	0
88	87	0
39	37	0
0	80	0
61	24	0
86	14	0
79	47	0
12	60	0
64	46	0
35	35	0
51	42	0
2	98	0
68	27	0
53	11	0
85	59	0
44	22	0
28	82	0
21	2	0
77	47	0
11	0	1
74	97	0
4	80	0
37	53	0
48	78	0
56	32	0
21	98	0
17	46	0
28	45	0
59	18	0
90	27	0
87	22	0
86	89	0
19	64	0
29	23	0
31	33	0
81	20	0
55	61	0
70	96	0
17	39	0
71	98	0
89	68	0
37	71	0
68	8	0
70	40	0
80	18	0
77	9	0
43	20	0
43	34	0
99	4	0
80	29	0
1	68	0
88	11	0
99	98	0
5	99	0
85	51	0
53	50	0
25	16	0
94	88	0
65	57	0
15	99	0
68	31	0
82	41	0
84	51	0
82	64	0
30	73	0
75	76	0
40	99	0
78	71	0
24	33	0
33	98	0
96	82	0
31	36	0
29	43	0
68	78	0
59	90	0
44	63	0
58	96	0
57	53	0
37	65	0
30	66	0
84	26	0
17	92	0
83	53	0
27	89	0
42	64	0
42	74	0
86	31	0
32	29	0
22	48	0
52	28	0
93	67	0
72	10	0
85	99	0
72	97	0
38	51	0
66	3	0
30	46	0
35	92	0
39	34	0
52	68	0
67	79	0
27	22	0
79	99	0
40	27	0
29	20	0
65	37	0
28	79	0
42	16	0
2	58	0
86	82	0
58	92	0
52	44	0
81	10	0
48	72	0
42	56	0
98	58	0
83	2	0
0	71	0
74	1	0
70	71	0
72	30	0
37	17	0
32	71	0
86	80	0
28	70	0
56	85	0
77	22	0
10	66	0
67	18	0
41	61	0
61	99	0
31	94	0
87	4	0
92	21	0
59	12	0
40	90	0
15	91	0
5	87	0
75	41	0
71	63	0
73	78	0
16	51	0
78	33	0
69	67	0
90	75	0
59	62	0
21	62	0
20	64	0
38	22	0
43	33	0
0	42	0
47	65	0
41	46	0
96	34	0
77	35	0
76	4	0
84	38	0
56	72	0
21	53	0
59	30	0
88	77	0
62	86	0
95	75	0
17	52	0
63	74	0
68	49	0
28	56	0
84	33	0
16	55	0
43	23	0
81	52	0
82	94	0
55	56	0
18	67	0
46	7	0
57	66	0
29	82	0
44	25	0
81	80	0
92	72	0
16	98	0
52	71	0
9	75	0
70	63	0
35	52	0
47	64	0
37	74	0
63	74	0
23	25	0
14	64	0
95	81	0
78	55	0
97	58	0
26	61	0
53	86	0
63	24	0
90	26	0
39	49	0
97	8	0
18	88	0
27	31	0
33	80	0
95	60	0
21	44	0
85	68	0
19	97	0
7	73	0
15	4	1
91	87	0
39	31	0
1	68	0
73	89	0
48	60	0
83	66	0
25	93	0
98	37	0
26	10	0
36	81	0
30	74	0
34	19	0
27	40	0
0	17	0
79	71	0
93	5	0
61	8	0
73	10	0
96	45	0
31	5	0
31	47	0
95	41	0
9	53	0
59	77	0
0	57	0
17	73	0
74	52	0
47	94	0
75	51	0
71	79	0
34	36	0
74	67	0
39	55	0
86	47	0
13	76	0
49	38	0
32	68	0
75	34	0
57	36	0
98	80	0
97	99	0
88	81	0
29	73	0
19	31	0
57	45	0
47	74	0
30	14	0
24	1	0
38	67	0
11	38	0
63	4	0
70	84	0
75	66	0
93	16	0
7	49	0
67	89	0
6	93	0
54	8	0
66	50	0
69	14	0
35	18	0
24	36	0
38	16	0
74	5	0
42	87	0
54	30	0
30	82	0
76	11	0
31	45	0
51	63	0
74	21	0
93	69	0
62	71	0
33	67	0
51	86	0
77	84	0
84	49	0
18	66	0
76	75	0
65	94	0
19	40	0
20	56	0
92	35	0
33	94	0
97	84	0
72	83	0
51	3	0
57	54	0
88	59	0
65	84	0
83	49	0
98	80	0
84	29	0
11	65	0
2	59	0
69	86	0
77	37	0
52	61	0
57	7	0
34	13	0
80	72	0
29	36	0
13	62	0
45	52	0
54	37	0
37	14	0
54	29	0
14	85	0
27	38	0
7	62	0
15	72	0
74	49	0
20	18	0
62	9	0
96	28	0
79	2	0
55	78	0
8	59	0
64	29	0
47	33	0
62	82	0
90	15	0
37	45	0
57	62	0
50	79	0
17	96	0
36	66	0
41	83	0
25	32	0
75	82	0
46	44	0
35	85	0
61	33	0
13	47	0
61	62	0
59	23	0
27	74	0
79	41	0
54	44	0
48	46	0
31	16	0
8	60	0
79	72	0
75	65	0
38	42	0
86	60	0
85	70	0
74	26	0
60	8	0
82	80	0
82	12	0
5	69	0
72	74	0
35	18	0
67	37	0
14	65	0
10	86	0
36	91	0
28	54	0
93	30	0
19	50	0
55	99	0
19	85	0
98	70	0
52	58	0
82	45	0
18	0	0
52	17	0
59	6	0
3	7	1
10	75	0
60	62	0
81	66	0
71	47	0
16	1	0
25	42	0
67	7	0
6	81	0
76	6	0
43	68	0
46	22	0
75	95	0
1	33	0
17	91	0
99	54	0
32	11	0
95	82	0
58	66	0
72	47	0
52	26	0
90	28	0
90	74	0
11	68	0
1	77	0
21	56	0
7	87	0
0	86	0
82	21	0
38	43	0
2	93	0
50	13	0
68	3	0
39	53	0
72	45	0
46	19	0
28	67	0
30	28	0
82	17	0
15	42	0
89	55	0
93	4	0
60	60	0
26	10	0
51	9	0
14	97	0
54	80	0
39	69	0
39	15	0
4	83	0
4	95	0
67	55	0
93	40	0
39	30	0
32	78	0
23	25	1
99	93	0
52	31	0
58	69	0
65	91	0
2	82	0
70	24	0
58	64	0
27	36	0
96	74	0
45	66	0
98	22	0
75	12	0
84	22	0
79	89	0
46	60	0
36	81	0
81	19	0
29	8	0
63	94	0
70	71	0
17	47	0
70	41	0
71	93	0
88	8	0
95	56	0
27	74	0
62	51	0
26	31	0
90	20	0
34	47	0
61	2	0
97	97	0
78	64	0
49	77	0
76	26	0
73	73	0
8	87	0
40	5	0
11	92	0
4	66	0
67	68	0
69	96	0
75	8	0
90	95	0
81	10	0
80	76	0
62	7	0
86	31	0
84	46	0
54	36	0
14	79	0
54	87	0
62	79	0
20	55	0
6	41	0
33	97	0
10	66	0
42	0	0
29	51	0
13	63	0
43	30	0
4	38	0
96	51	0
52	22	0
8	48	0
26	86	0
77	72	0
1	0	0
89	67	0
18	66	0
62	46	0
29	56	0
93	47	0
55	39	0
1	12	0
2	51	0
23	61	0
97	67	0
69	51	0
98	60	0
6	58	0
70	64	0
10	76	0
3	21	0
86	60	0
28	60	0
38	12	0
35	32	0
10	83	0
33	88	0
3	5	1
78	46	0
73	62	0
77	62	0
75	78	0
41	76	0
44	21	0
0	69	0
50	71	0
40	46	0
59	53	0
88	8	0
