99	65	0
19	14	0
32	16	1
64	98	0
9	2	0
87	39	0
99	97	0
45	13	1
49	82	0
55	23	0
80	49	0
5	87	0
7	3	0
15	92	0
95	31	0
68	75	0
43	30	0
85	68	0
95	16	0
59	95	0
46	67	0
80	68	0
50	10	0
27	82	0
56	20	0
95	71	0
78	88	0
85	74	0
9	35	0
55	11	1
51	33	0
89	23	0
77	70	0
13	80	0
32	92	0
78	12	0
73	87	0
26	8	0
46	71	0
83	70	0
95	70	0
57	66	0
98	39	0
16	74	0
65	3	0
98	64	0
20	77	0
62	5	0
3	74	0
39	99	0
30	72	0
90	61	0
60	37	0
39	19	0
95	80	0
98	91	0
95	14	0
30	91	0
95	8	0
25	12	0
77	89	0
34	8	1
2	89	0
82	11	0
27	68	0
62	92	0
36	58	0
3	28	0
75	80	0
87	30	0
25	96	0
46	98	0
64	29	0
28	90	0
53	93	0
11	14	0
97	20	0
81	28	0
54	76	0
89	42	0
85	61	0
54	9	0
46	19	1
70	39	0
1	99	0
73	2	0
43	76	0
44	10	1
54	21	0
87	18	0
39	54	0
87	51	0
0	58	0
76	90	0
2	83	0
42	98	0
90	52	0
71	30	0
34	62	0
36	61	0
64	2	0
68	56	0
18	72	0
36	3	0
63	70	0
44	32	0
4	92	0
86	26	0
41	77	0
80	71	0
93	1	0
68	86	0
66	74	0
9	24	0
57	91	0
99	81	0
71	54	0
23	91	0
65	32	0
79	4	0
96	65	0
93	34	0
88	54	0
42	46	0
62	9	0
61	65	0
8	29	0
45	32	0
91	57	0
51	24	0
54	76	0
58	75	0
58	22	0
46	33	0
52	26	0
55	83	0
49	57	0
43	94	0
71	41	0
60	72	0
57	71	0
96	59	0
30	20	0
41	40	0
14	20	0
13	80	0
28	60	0
84	40	0
47	43	0
89	1	0
35	85	0
56	21	0
29	37	0
67	83	0
33	68	0
59	61	0
44	86	0
41	47	0
37	1	0
55	18	0
40	99	0
29	63	0
76	78	0
94	62	0
16	93	0
91	72	0
30	48	0
23	68	0
52	72	0
49	56	0
16	33	0
73	85	0
98	86	0
40	73	0
76	41	0
5	43	0
57	12	0
64	53	0
62	16	0
80	20	0
4	49	1
41	65	0
54	24	0
41	61	0
95	35	0
33	89	0
20	59	0
76	93	0
47	54	0
21	20	0
38	75	0
53	13	0
94	98	0
35	91	0
96	0	0
16	58	1
17	74	0
97	35	0
54	95	0
66	83	0
64	65	0
35	54	0
10	66	0
59	0	0
53	95	0
99	56	0
42	91	0
72	70	0
81	27	0
47	76	0
31	79	0
39	92	0
38	25	0
67	23	0
82	52	0
54	42	0
74	66	0
2	55	1
74	24	0
23	89	0
65	67	0
87	38	0
74	37	0
46	0	0
2	42	0
88	27	0
72	78	0
59	99	0
73	60	0
96	30	0
90	11	0
3	34	0
87	71	0
39	99	0
91	86	0
43	97	0
56	33	0
81	32	0
23	86	0
81	24	0
20	63	0
25	83	0
48	14	0
25	91	0
77	88	0
83	76	0
95	57	0
97	58	0
21	82	0
36	71	0
83	8	0
83	50	0
43	0	0
40	24	0
44	56	0
77	44	0
22	53	0
35	42	0
30	79	0
71	97	0
88	55	0
57	75	0
94	5	0
95	34	0
63	4	0
85	52	0
81	52	0
60	80	0
1	35	0
43	64	0
67	26	0
15	89	0
27	75	0
8	87	0
89	63	0
58	11	1
38	4	0
81	64	0
76	1	0
98	86	0
28	4	0
43	89	0
13	67	0
55	95	0
42	38	0
79	26	0
79	18	0
54	13	0
95	11	0
46	52	0
78	28	0
78	57	0
8	11	0
4	58	0
34	98	0
20	81	0
55	96	0
48	75	0
81	43	0
64	6	0
50	86	0
51	65	0
95	89	0
1	48	1
65	49	0
65	86	0
80	23	0
26	3	0
44	0	0
50	18	0
35	34	0
80	54	0
74	18	0
21	44	0
17	26	0
31	55	0
43	34	0
96	69	0
89	59	0
5	52	1
66	35	0
83	8	0
70	11	0
73	22	0
50	39	0
40	28	0
5	72	0
71	85	0
41	86	0
10	99	0
32	60	0
55	11	1
54	39	0
83	34	0
74	56	0
15	60	1
86	70	0
86	87	0
80	34	0
69	88	0
77	14	0
80	61	0
67	52	0
68	52	0
87	75	0
74	6	0
88	11	0
26	45	0
54	89	0
62	73	0
73	10	0
24	76	0
95	41	0
58	99	0
96	24	0
64	25	0
30	58	0
60	42	0
36	61	0
60	80	0
78	29	0
84	81	0
41	54	1
19	94	0
94	93	0
45	18	1
4	79	0
43	51	0
98	4	0
84	38	0
34	69	0
60	50	0
62	52	0
19	95	0
81	26	0
41	8	1
90	53	0
51	38	0
40	89	0
24	13	0
49	46	0
52	90	0
1	46	1
41	78	0
43	84	0
50	19	1
17	70	0
14	29	0
68	8	0
71	26	0
99	4	0
79	96	0
32	65	0
33	30	0
78	2	0
59	51	0
68	95	0
0	27	0
52	88	0
94	57	0
28	77	0
77	5	0
37	67	0
65	17	0
54	10	0
81	16	0
91	44	0
9	87	0
74	11	0
86	97	0
26	99	0
93	77	0
42	53	0
12	27	0
63	98	0
68	49	0
0	85	0
69	29	0
81	53	0
75	50	0
76	63	0
25	54	0
98	50	0
24	92	0
96	63	0
25	98	0
88	93	0
47	35	0
65	68	0
60	94	0
46	53	0
60	97	0
76	52	0
49	47	0
30	60	0
91	0	0
3	86	0
91	57	0
21	95	0
47	55	0
41	75	0
81	28	0
34	47	0
56	23	0
94	56	0
76	19	0
84	89	0
43	98	0
38	57	0
48	6	1
36	50	0
59	98	0
52	25	0
46	78	0
89	86	0
39	8	1
90	83	0
77	14	0
22	6	0
44	34	0
29	63	0
48	6	1
11	78	0
85	79	0
58	88	0
62	54	0
69	11	0
39	61	0
36	76	0
91	46	0
91	5	0
15	69	0
75	12	0
46	62	0
49	22	0
45	2	0
31	46	0
85	85	0
25	72	0
58	84	0
67	21	0
76	18	0
52	54	0
64	82	0
25	97	0
92	28	0
81	14	0
79	21	0
16	72	0
20	95	0
16	81	0
62	34	0
74	79	0
77	98	0
1	30	0
62	53	0
67	90	0
73	61	0
60	73	0
16	90	0
19	76	0
49	31	0
7	26	0
43	42	0
31	41	0
98	32	0
81	46	0
66	12	0
70	28	0
57	50	0
43	28	0
97	78	0
47	80	0
84	53	0
43	57	0
35	98	0
78	53	0
56	11	1
33	14	0
99	48	0
67	84	0
46	37	0
57	58	0
36	94	0
61	95	0
92	61	0
19	78	0
65	51	0
2	69	0
62	49	0
46	70	0
67	56	0
53	76	0
63	89	0
4	57	0
57	52	0
77	46	0
79	62	0
35	81	0
76	78	0
43	31	0
96	15	0
53	44	0
99	12	0
1	83	0
47	92	0
91	65	0
70	68	0
12	87	0
16	72	0
81	85	0
42	25	0
4	79	0
73	97	0
48	65	0
92	63	0
25	93	0
72	45	0
16	0	0
42	79	0
18	83	0
4	16	0
95	56	0
97	22	0
49	19	1
69	33	0
80	11	0
19	11	0
32	59	0
77	30	0
2	71	0
61	78	0
5	40	0
18	76	0
62	47	0
66	93	0
68	44	0
77	87	0
76	53	0
37	52	1
74	77	0
8	87	0
43	43	0
26	80	0
78	52	0
61	36	0
97	45	0
93	94	0
82	87	0
48	69	0
71	44	0
67	68	0
39	54	1
67	1	0
66	84	0
84	75	0
79	3	0
57	76	0
8	98	0
49	23	1
51	39	0
69	34	0
61	30	0
73	23	0
21	89	0
78	29	0
31	75	0
91	18	0
46	66	0
46	37	0
64	95	0
74	73	0
46	78	0
73	91	0
86	68	0
93	48	0
96	76	0
81	97	0
99	43	0
36	67	0
92	86	0
48	84	0
81	85	0
98	48	0
45	89	0
90	67	0
83	54	0
78	33	0
36	46	0
6	63	0
55	80	0
70	19	0
63	31	0
46	24	1
84	84	0
66	41	0
46	12	1
15	89	0
10	56	1
11	91	0
60	39	0
89	13	0
89	50	0
98	6	0
79	96	0
2	46	1
50	23	1
52	48	0
33	76	0
95	20	0
65	54	0
27	79	0
30	97	0
25	75	0
13	92	0
34	10	1
65	64	0
46	30	0
46	75	0
46	44	0
3	53	1
64	72	0
68	15	0
19	90	0
94	56	0
22	23	0
13	74	0
73	62	0
70	57	0
51	63	0
94	53	0
88	63	0
74	55	0
55	9	0
61	68	0
84	49	0
5	36	0
97	73	0
51	45	0
38	79	0
12	79	0
21	92	0
24	66	0
93	33	0
16	54	1
62	98	0
8	90	0
90	62	0
53	28	0
79	21	0
23	24	0
34	40	0
77	11	0
18	75	0
38	54	1
89	55	0
88	37	0
3	10	0
3	38	0
72	15	0
43	75	0
95	90	0
1	10	0
52	99	0
84	34	0
42	7	0
90	84	0
42	61	0
77	73	0
31	31	0
98	37	0
88	75	0
19	68	0
14	87	0
1	45	1
21	74	0
16	97	0
68	20	0
28	59	0
10	85	0
30	30	0
59	18	0
42	59	0
71	50	0
44	8	0
29	73	0
92	28	0
7	26	0
73	49	0
95	31	0
52	64	0
30	18	0
42	5	0
18	93	0
41	76	0
23	61	0
20	18	0
21	82	0
25	80	0
68	53	0
95	40	0
31	72	0
83	98	0
51	31	0
66	69	0
44	84	0
6	83	0
83	44	0
43	61	0
14	22	0
94	58	0
55	46	0
93	18	0
85	20	0
81	35	0
60	95	0
41	38	0
66	39	0
63	34	0
41	4	0
41	91	0
58	72	0
91	28	0
61	99	0
85	51	0
81	48	0
35	74	0
27	71	0
81	29	0
50	41	0
74	0	0
98	96	0
71	80	0
50	80	0
72	41	0
81	87	0
18	82	0
61	32	0
15	92	0
6	58	1
41	60	0
81	69	0
63	13	0
93	96	0
87	11	0
95	93	0
59	8	0
68	22	0
77	53	0
66	30	0
12	83	0
53	88	0
65	80	0
8	31	0
17	84	0
19	69	0
44	10	0
37	40	0
2	48	1
80	42	0
52	24	0
5	61	0
19	88	0
66	94	0
93	42	0
0	72	0
62	42	0
28	90	0
79	61	0
68	44	0
22	52	0
84	35	0
72	48	0
70	60	0
12	62	1
56	48	0
9	91	0
5	0	0
83	66	0
19	70	0
26	6	0
2	95	0
22	80	0
99	39	0
71	82	0
88	63	0
85	87	0
54	58	0
62	33	0
3	75	0
49	61	0
34	56	0
65	41	0
83	23	0
