86	60	0
35	29	0
58	96	1
12	14	0
92	47	0
91	84	0
72	41	0
8	78	0
0	7	0
14	88	0
77	37	0
75	78	0
29	31	0
63	71	0
90	53	0
66	67	0
41	34	0
91	84	0
98	83	0
69	90	0
4	25	0
67	83	0
75	30	0
58	79	1
49	71	0
65	84	0
85	47	0
96	28	0
88	79	0
38	0	0
81	32	0
33	19	0
98	64	0
91	74	0
90	8	0
19	34	0
57	80	1
8	88	0
62	95	1
21	32	0
71	77	0
92	42	0
53	80	0
7	19	0
88	16	0
62	31	0
49	36	0
75	42	0
84	65	0
15	63	0
97	53	0
47	32	0
34	12	0
61	59	0
1	95	0
93	23	0
42	65	0
86	68	0
94	7	0
80	88	0
59	82	0
8	19	0
70	86	0
84	65	0
84	41	0
61	47	0
84	40	0
82	36	0
85	40	0
29	57	0
17	22	0
85	73	0
44	82	0
57	96	1
79	42	0
61	73	0
83	74	0
84	76	0
25	12	0
8	13	0
85	64	0
94	5	0
15	55	0
78	80	0
52	77	0
59	76	1
52	19	0
70	80	0
77	59	0
10	86	0
96	98	0
7	98	1
17	62	0
93	87	0
94	70	0
55	88	1
66	49	0
95	28	0
50	57	0
15	53	0
57	11	0
80	85	0
73	10	0
84	47	0
79	93	0
53	66	0
63	79	0
18	19	0
77	96	0
33	77	0
25	30	0
61	39	0
62	85	0
64	48	0
13	94	1
94	26	0
51	27	0
69	72	0
71	87	0
82	70	0
96	27	0
86	87	0
74	78	0
56	71	0
13	44	0
72	70	0
72	74	0
91	60	0
90	40	0
90	67	0
59	15	0
40	30	0
81	53	0
31	84	0
84	78	0
99	48	0
95	24	0
70	61	1
61	93	1
62	16	0
2	93	0
98	57	0
93	74	0
14	20	0
93	15	0
85	23	0
84	27	0
12	13	0
35	81	0
91	50	0
68	89	0
85	84	0
72	31	1
51	90	0
2	15	0
39	21	0
49	32	0
63	41	0
0	60	0
44	9	0
92	78	0
94	54	0
63	3	0
30	10	0
98	85	0
27	68	0
8	94	1
35	29	0
61	50	0
79	65	0
56	80	1
83	72	0
77	29	0
77	87	0
90	32	0
92	77	0
49	31	0
98	74	0
58	11	0
36	55	0
78	92	0
88	45	0
91	48	0
85	90	0
93	45	0
33	49	0
71	84	0
21	78	0
81	78	0
3	95	0
87	35	0
96	68	0
40	8	0
47	51	0
17	13	0
94	30	0
66	84	0
13	35	0
80	32	0
76	79	0
21	37	0
81	47	0
80	9	0
99	61	0
69	28	0
98	94	0
17	38	0
76	56	0
88	41	0
59	50	0
1	56	0
96	74	0
94	59	0
15	87	0
76	83	0
44	18	0
68	62	1
78	96	0
94	40	0
65	7	0
61	47	0
70	31	0
94	58	0
64	31	1
87	81	0
95	83	0
79	94	0
13	10	0
4	76	0
76	91	0
61	91	0
48	11	0
86	52	0
91	7	0
99	81	0
62	69	0
64	71	0
99	3	0
87	38	0
10	41	0
8	99	1
86	83	0
98	98	0
90	90	0
71	64	0
62	79	0
14	89	0
24	25	0
1	13	0
39	41	0
85	41	0
64	61	0
69	10	0
77	91	0
76	72	0
82	44	0
31	15	0
91	44	0
66	92	0
58	27	0
66	78	0
96	59	0
6	48	0
54	81	0
51	76	1
3	44	0
64	82	0
92	45	0
92	69	0
84	29	0
93	64	0
65	60	1
11	93	0
81	99	0
15	21	0
6	85	0
59	76	1
63	60	1
88	96	0
2	77	0
83	56	0
13	9	0
14	82	0
7	11	0
91	60	0
15	30	0
7	34	0
84	31	0
68	72	0
95	77	0
85	49	0
80	77	0
74	84	0
0	80	0
91	63	0
62	25	0
94	30	0
71	87	0
79	66	0
42	86	0
92	76	0
45	76	0
3	93	0
73	39	0
31	40	0
52	84	0
39	69	0
59	89	1
96	54	0
84	30	0
67	68	0
97	73	0
90	39	0
98	97	0
89	64	0
62	20	0
82	76	0
86	61	0
97	28	0
49	60	0
70	34	1
92	86	0
86	62	0
24	73	0
87	34	0
82	43	0
85	39	0
99	82	0
76	53	0
0	94	0
17	99	1
37	33	0
24	67	0
61	12	0
2	91	0
84	48	0
12	13	0
21	54	0
56	68	0
79	85	0
72	56	0
66	43	0
84	39	0
14	46	0
92	77	0
62	90	1
77	11	0
11	94	0
94	50	0
21	14	0
25	32	0
72	42	0
97	32	0
16	3	0
43	2	0
58	64	0
95	87	0
26	0	0
61	3	0
90	85	0
55	87	0
25	50	0
95	50	0
83	61	0
11	98	1
10	94	0
50	35	0
92	47	0
19	36	0
83	30	0
79	9	0
34	34	0
24	41	0
82	41	0
58	88	1
80	42	0
16	12	0
95	53	0
76	44	0
65	96	1
74	46	0
53	93	0
56	50	0
70	40	0
47	92	1
82	43	0
93	92	0
90	84	0
71	72	0
74	27	0
94	48	0
89	97	0
93	99	0
82	69	0
84	94	0
50	78	0
5	13	0
28	95	0
83	44	0
76	28	0
88	48	0
76	46	0
94	64	0
86	37	0
22	75	0
8	10	0
43	86	0
27	68	0
45	0	0
9	84	0
97	46	0
94	85	0
83	53	0
96	99	0
93	36	0
