88	61	0
33	27	0
62	98	0
13	6	0
89	39	0
81	96	0
47	79	0
73	49	0
1	80	0
3	0	0
16	97	0
92	47	0
68	76	0
36	39	0
74	85	0
98	49	0
50	97	0
60	78	0
39	18	0
80	68	0
88	95	0
83	82	0
5	32	0
73	15	1
69	66	0
23	96	1
83	35	0
73	95	0
48	68	0
70	79	0
93	52	0
98	22	0
91	78	0
35	9	0
46	92	0
75	37	0
27	19	0
99	81	0
80	79	0
98	15	0
99	14	0
18	42	0
58	83	0
2	88	0
89	3	0
62	93	0
12	28	0
84	81	0
92	29	0
24	90	1
52	97	0
83	12	1
13	13	0
97	8	0
75	38	0
41	81	1
75	20	0
52	50	0
80	33	0
10	95	0
46	81	0
89	62	0
64	94	0
7	70	0
45	92	0
94	52	0
67	20	1
42	39	0
29	6	0
72	60	0
5	88	0
96	31	0
45	62	0
83	52	0
94	3	0
74	98	0
74	81	0
9	25	0
68	81	0
84	66	0
80	46	0
16	96	0
58	41	0
88	53	0
91	38	0
95	35	0
13	59	0
5	14	0
99	58	0
51	96	0
43	72	0
56	92	0
70	35	0
70	68	0
75	77	0
88	73	0
23	20	0
14	8	0
87	58	0
92	2	0
25	99	1
14	42	0
73	68	0
64	84	0
57	77	0
45	9	0
47	84	0
61	76	0
79	55	0
20	96	0
91	84	0
1	77	0
17	55	0
80	86	0
90	73	0
52	68	0
65	41	0
78	37	0
34	92	1
46	74	0
19	49	0
46	80	1
45	25	0
91	87	0
32	98	1
84	3	0
79	36	0
70	89	0
61	81	0
66	69	0
19	25	0
19	72	0
59	86	0
75	67	0
45	91	0
54	88	0
76	16	1
39	91	0
29	31	0
76	67	0
61	46	0
67	72	0
74	31	0
3	90	0
63	57	1
96	37	0
61	33	0
49	23	0
85	21	0
67	73	0
77	99	0
84	70	0
90	21	0
96	34	0
96	66	0
67	70	0
60	91	0
71	20	0
14	80	0
89	10	0
11	42	0
32	88	1
81	74	0
75	81	0
90	50	0
87	59	0
46	80	1
94	68	0
50	6	0
46	25	0
80	51	0
31	73	0
61	77	0
79	75	0
81	8	0
93	54	0
96	41	0
71	57	0
67	87	0
57	8	0
2	91	0
5	89	0
93	62	0
74	59	0
79	14	0
95	76	0
23	18	0
29	94	1
49	98	0
84	3	0
81	7	0
99	30	0
85	31	0
73	32	0
9	9	0
27	88	0
43	85	0
87	43	0
71	97	0
98	78	0
67	38	0
67	85	0
80	14	1
11	1	0
34	5	0
38	24	0
79	34	0
79	18	0
3	45	0
31	21	0
95	82	0
98	71	0
82	20	1
99	9	0
66	0	0
77	12	1
35	9	0
98	87	0
25	85	0
0	97	0
38	33	0
71	43	0
75	70	0
64	75	0
87	85	0
69	35	0
78	81	0
91	30	0
85	61	0
60	48	0
99	74	0
65	15	0
98	8	0
28	45	0
71	92	0
99	42	0
91	44	0
74	92	0
86	36	0
67	16	0
46	50	0
60	92	0
75	84	0
19	80	0
85	84	0
4	95	0
96	3	0
90	13	0
55	79	0
14	99	0
83	38	0
88	65	0
29	2	0
47	94	0
54	70	0
1	17	0
87	36	0
98	8	0
78	92	0
17	21	0
78	31	0
72	79	0
10	29	0
45	80	1
76	47	0
26	96	1
86	6	0
79	11	1
90	66	0
9	77	1
66	17	0
90	96	0
37	99	0
63	57	1
4	33	0
64	86	0
62	52	0
90	47	0
70	42	0
69	56	0
4	54	0
91	69	0
24	98	1
85	69	0
7	91	0
80	94	0
36	26	0
71	62	0
68	98	0
55	90	0
99	53	0
64	8	0
4	70	1
69	43	0
29	96	1
88	25	0
99	51	0
73	28	0
84	68	0
47	95	0
56	96	0
27	93	1
88	90	0
71	83	0
14	0	0
1	90	0
80	86	0
62	96	0
67	29	0
77	62	0
99	0	0
86	8	0
92	84	0
63	86	0
90	15	0
86	14	1
70	88	0
36	99	1
91	16	0
99	4	0
77	29	0
4	47	0
15	92	0
18	97	0
86	90	0
87	94	0
85	87	0
85	70	0
78	79	0
9	88	0
30	12	0
3	4	0
37	38	0
87	20	0
85	32	0
67	63	0
59	8	0
87	79	0
76	83	0
83	49	0
79	65	0
27	5	0
99	42	0
69	90	0
54	37	0
27	94	1
76	89	0
96	62	0
22	66	0
46	66	0
61	75	0
47	95	0
3	46	0
82	71	0
96	48	0
95	73	0
36	82	1
57	87	0
87	19	0
83	9	0
13	79	0
35	88	1
96	69	0
68	75	0
1	97	0
10	73	1
80	94	0
24	22	0
0	79	0
67	81	0
64	69	0
82	86	0
1	88	0
78	52	0
20	2	0
51	86	0
9	87	0
0	16	0
93	63	0
84	12	1
76	22	0
15	17	0
19	48	0
66	33	0
62	79	0
90	74	0
88	45	0
77	76	0
77	86	0
0	65	0
81	60	0
63	30	0
96	40	0
89	89	0
85	78	0
49	80	0
99	78	0
93	8	0
53	74	0
1	95	0
69	32	0
67	16	1
79	26	0
28	29	0
56	89	0
56	54	1
33	78	0
60	92	0
93	54	0
87	31	0
78	64	0
94	91	0
88	53	0
87	97	0
32	85	1
75	70	0
73	41	0
46	86	0
92	81	0
81	71	0
98	29	0
51	77	0
81	21	1
52	37	0
88	82	0
89	55	0
16	84	0
78	32	0
76	34	0
95	41	0
85	13	1
94	84	0
82	12	1
77	41	0
11	87	0
19	96	0
47	31	0
27	64	0
50	83	0
64	4	0
11	93	0
72	47	0
18	11	0
19	61	0
71	72	0
76	66	0
77	64	0
81	47	0
74	68	0
88	51	0
8	44	0
94	88	0
63	57	1
47	91	0
85	20	0
46	99	0
19	87	0
91	52	0
65	31	0
22	19	0
27	39	0
80	50	0
99	26	0
21	10	0
42	4	0
53	69	0
98	86	0
16	8	0
44	84	0
58	24	0
87	78	0
69	64	0
63	87	0
9	54	0
98	47	0
88	61	0
0	84	0
1	91	0
50	33	0
88	19	0
11	24	0
91	37	0
76	11	0
40	31	0
15	97	0
64	86	0
28	25	0
28	98	1
56	57	1
76	46	0
62	86	0
19	98	0
72	37	0
6	5	0
83	52	0
83	34	0
82	32	0
67	26	0
56	95	0
37	95	0
78	37	0
59	99	0
68	62	0
82	46	0
63	89	0
91	43	0
93	99	0
84	86	0
52	84	0
88	10	0
72	75	0
70	24	0
91	46	0
91	99	0
82	17	1
91	98	0
90	17	0
78	70	0
5	88	0
81	95	0
75	81	0
2	21	0
17	96	0
84	25	0
17	91	0
53	84	0
83	37	0
79	50	0
23	94	1
80	52	0
93	51	0
80	38	0
83	26	0
1	93	0
15	10	0
62	82	0
22	56	0
31	9	0
2	88	0
95	39	0
84	80	0
87	52	0
88	77	0
70	46	0
3	78	1
85	22	0
96	39	0
