99	67	0
20	15	0
63	95	0
6	3	0
95	37	0
98	99	0
44	17	1
44	81	0
57	23	0
81	54	0
5	91	0
3	9	0
16	98	0
99	35	0
69	74	0
40	33	0
84	68	0
95	17	0
57	97	0
43	70	0
83	67	0
51	11	0
25	86	0
53	22	0
88	67	0
82	89	0
85	78	0
11	32	0
57	19	1
51	37	0
87	27	0
78	67	0
11	75	0
30	96	0
84	9	0
62	92	0
32	9	0
50	70	0
81	72	0
95	71	0
59	63	0
99	31	0
16	75	0
66	9	0
98	70	0
19	74	0
55	2	0
9	74	0
41	99	0
33	63	1
86	53	0
52	36	0
38	17	0
99	89	0
91	97	0
93	15	0
27	91	0
99	8	0
25	19	0
75	95	0
33	7	1
3	91	0
84	6	0
23	71	0
65	90	0
39	61	0
11	28	0
71	82	0
90	37	0
23	94	0
48	96	0
66	28	0
30	91	0
53	93	0
15	13	0
97	16	0
78	29	0
54	76	0
86	36	0
85	64	0
56	6	0
68	43	0
1	98	0
69	6	0
44	76	0
44	0	1
58	26	0
82	16	0
37	54	1
87	57	0
2	51	0
76	86	0
2	80	0
34	94	0
97	58	0
75	30	0
34	69	0
33	63	1
75	2	0
70	53	0
13	78	0
33	0	0
63	70	0
44	33	0
6	99	0
93	27	0
37	81	0
80	69	0
89	4	0
59	83	0
64	78	0
4	25	0
60	93	0
97	83	0
84	54	0
22	86	0
69	31	0
81	5	0
99	60	0
86	36	0
93	49	0
34	47	0
58	13	1
59	69	0
8	28	0
52	31	0
86	56	0
53	21	1
50	81	0
57	72	0
63	21	0
49	38	0
53	21	1
59	79	0
48	57	0
43	98	0
77	41	0
63	68	0
54	71	0
92	57	0
26	15	0
43	36	0
17	16	0
18	82	0
31	62	0
78	46	0
55	39	0
89	3	0
29	79	0
53	26	1
28	38	0
67	82	0
27	64	0
60	62	0
46	82	0
44	47	1
39	1	0
59	17	0
43	90	0
24	61	0
75	79	0
92	64	0
21	95	0
88	72	0
30	52	0
23	73	0
49	75	0
49	48	1
16	34	0
77	82	0
99	88	0
46	70	0
78	41	0
3	40	1
66	8	1
58	48	0
57	17	0
74	19	0
10	54	1
40	55	0
54	12	0
32	65	0
95	34	0
30	93	0
22	59	0
75	93	0
48	50	1
22	21	0
39	81	0
53	16	0
97	97	0
33	88	0
96	2	0
19	79	0
97	33	0
55	98	0
70	86	0
63	56	0
28	51	0
15	71	0
57	3	0
61	87	0
98	50	0
39	87	0
66	71	0
86	21	0
53	75	0
32	82	0
35	84	0
28	20	0
64	24	0
79	50	0
52	39	0
76	71	0
3	55	1
74	21	0
20	90	0
59	60	0
88	33	0
75	36	0
48	5	0
1	38	1
88	31	0
76	79	0
62	98	0
74	54	0
99	27	0
87	12	0
4	35	0
89	72	0
35	99	0
85	83	0
44	99	0
44	32	0
87	34	0
24	96	0
87	22	0
18	58	0
30	86	0
49	15	1
24	86	0
76	86	0
86	77	0
91	60	0
99	51	0
18	85	0
45	70	0
87	11	0
87	52	0
42	1	0
35	24	0
41	55	0
76	42	0
27	56	0
37	40	0
27	74	0
76	98	0
96	59	0
58	72	0
95	4	0
96	33	0
62	8	0
90	49	0
73	51	0
63	79	0
2	37	0
44	61	0
74	25	0
12	87	0
30	61	0
7	93	0
91	63	0
42	5	1
80	66	0
81	3	0
98	81	0
23	0	0
41	98	0
22	67	0
58	98	0
39	31	0
81	16	0
85	9	0
56	12	1
90	14	0
51	49	0
76	24	0
77	61	0
7	6	0
0	55	1
29	98	0
23	77	0
57	98	0
43	68	0
80	41	0
63	2	0
46	87	0
49	63	0
97	95	0
5	42	1
58	40	0
64	89	0
79	19	0
25	7	0
49	1	0
51	17	0
31	30	0
89	57	0
74	15	0
19	42	0
15	30	0
35	52	0
42	36	0
93	71	0
87	65	0
4	51	1
65	31	0
83	6	0
71	12	0
72	15	0
50	42	0
44	29	0
8	72	0
81	82	0
42	90	0
7	97	0
33	56	0
55	12	1
53	37	0
80	36	0
73	50	0
81	77	0
82	85	0
78	31	0
70	83	0
75	9	0
74	57	0
69	53	0
65	51	0
92	75	0
74	11	0
88	17	0
20	42	0
60	95	0
61	72	0
73	16	0
18	76	0
98	42	0
57	98	0
99	24	0
62	24	0
34	56	0
58	47	0
31	64	1
60	76	0
78	29	0
80	78	0
21	89	0
94	95	0
44	10	1
5	78	0
45	50	1
94	1	0
89	32	0
39	74	0
54	55	0
68	44	0
20	95	0
73	27	0
89	57	0
46	31	0
39	92	0
27	9	0
44	43	0
49	91	0
1	44	1
35	88	0
40	81	0
52	18	1
16	69	0
11	27	0
75	7	0
75	31	0
99	12	0
79	96	0
28	66	0
32	26	0
77	10	0
58	49	0
69	97	0
2	23	0
49	86	0
93	54	0
28	77	0
72	1	0
43	66	0
63	19	0
55	10	1
83	19	0
90	44	0
5	87	0
72	11	0
83	96	0
31	99	0
85	71	0
48	52	1
14	31	0
63	94	0
70	45	0
3	75	0
68	26	0
89	41	0
72	49	0
72	61	0
22	51	0
97	49	0
21	90	0
99	61	0
22	98	0
85	89	0
41	30	0
71	77	0
56	92	0
47	49	1
62	95	0
80	50	0
45	49	0
25	63	0
84	4	0
2	85	0
81	55	0
21	95	0
46	54	0
44	69	0
78	27	0
25	56	0
51	29	0
89	52	0
73	22	0
82	89	0
41	91	0
35	54	1
40	42	0
64	98	0
56	21	1
41	88	0
87	83	0
87	74	0
74	9	0
21	9	0
40	39	0
34	57	0
39	5	1
3	79	0
87	80	0
60	87	0
65	51	0
66	13	0
37	66	0
35	76	0
90	51	0
90	4	0
18	71	0
75	8	0
52	60	0
52	28	1
39	9	1
38	42	0
85	88	0
25	74	0
57	88	0
71	17	0
76	12	0
50	57	0
61	81	0
20	96	0
96	23	0
80	10	0
80	25	0
10	69	0
14	97	0
13	82	0
59	34	0
72	85	0
76	95	0
1	34	0
64	56	0
74	89	0
75	60	0
64	66	0
24	99	0
9	76	0
44	28	0
7	26	0
45	36	0
32	45	0
95	32	0
83	50	0
61	7	0
68	33	0
54	50	0
39	26	0
92	77	0
56	76	0
84	51	0
31	65	0
43	97	0
80	58	0
55	10	1
30	13	0
99	51	0
65	86	0
43	33	0
49	58	0
31	99	0
64	97	0
88	67	0
24	82	0
64	47	0
5	71	0
57	53	0
47	76	0
65	53	0
53	73	0
60	88	0
8	55	0
56	52	0
80	48	0
80	61	0
38	78	0
73	86	0
47	28	0
98	23	0
55	46	0
96	9	0
7	79	0
57	88	0
90	69	0
71	70	0
17	91	0
6	70	0
77	82	0
41	29	0
7	84	0
72	98	0
51	64	0
88	65	0
21	88	0
74	41	0
20	0	0
48	87	0
21	82	0
14	18	0
89	56	0
93	22	0
50	21	1
75	30	0
75	13	0
19	15	0
25	56	0
77	31	0
0	79	0
61	74	0
4	39	1
23	76	0
63	52	0
63	91	0
68	44	0
75	87	0
75	53	0
73	81	0
4	83	0
52	45	0
26	80	0
74	53	0
55	44	0
95	44	0
99	95	0
80	93	0
49	61	0
75	50	0
69	69	0
39	56	1
65	5	0
65	82	0
86	74	0
88	6	0
61	79	0
5	98	0
51	24	1
52	41	0
71	36	0
66	29	0
69	20	0
19	86	0
75	25	0
32	65	0
89	16	0
38	60	0
46	33	0
59	90	0
68	75	0
45	80	0
73	91	0
83	61	0
87	46	0
97	69	0
81	96	0
99	45	0
31	64	0
83	81	0
42	76	0
77	86	0
98	49	0
44	84	0
85	70	0
87	49	0
79	33	0
44	47	0
3	62	0
54	80	0
74	11	0
69	29	0
79	81	0
65	42	0
11	86	0
20	89	0
62	41	0
84	22	0
85	50	0
99	2	0
80	97	0
52	23	1
57	40	0
34	78	0
97	19	0
67	51	0
30	77	0
19	98	0
26	73	0
11	89	0
31	12	1
62	64	0
45	31	0
45	75	0
40	49	0
68	77	0
74	11	0
15	88	0
92	53	0
22	22	0
10	81	0
70	59	0
69	43	0
45	61	0
91	47	0
89	54	0
79	53	0
53	10	1
58	69	0
82	45	0
5	31	0
99	79	0
52	46	0
41	81	0
9	78	0
25	89	0
33	59	0
92	28	0
57	95	0
6	97	0
99	68	0
54	32	1
75	21	0
25	18	0
33	36	0
75	10	0
17	71	0
83	52	0
91	38	0
0	7	0
2	35	0
71	15	0
42	79	0
96	87	0
3	12	0
49	92	0
81	31	0
39	9	1
98	80	0
43	59	0
67	74	0
22	32	0
96	37	0
87	69	0
19	71	0
20	85	0
2	51	1
28	72	0
22	96	0
78	12	0
29	60	0
13	87	0
39	34	0
50	17	1
45	64	0
66	44	0
45	7	1
34	76	0
98	22	0
6	29	0
77	49	0
85	26	0
51	56	0
29	22	0
43	9	0
16	93	0
43	82	0
24	64	0
20	20	0
19	78	0
23	74	0
69	57	0
94	41	0
35	61	0
83	99	0
44	31	0
58	72	0
40	82	0
16	88	0
90	41	0
43	59	0
5	20	0
88	51	0
65	50	0
89	23	0
90	19	0
73	33	0
58	87	0
45	42	0
64	45	0
60	30	0
38	0	0
34	95	0
59	65	0
89	29	0
62	97	0
84	57	0
78	48	0
36	80	0
33	75	0
84	29	0
53	44	0
70	2	0
96	99	0
80	82	0
51	78	0
72	29	0
88	78	0
20	80	0
60	27	0
18	97	0
39	61	0
84	62	0
65	10	1
95	94	0
86	11	0
97	93	0
59	10	0
69	21	0
77	53	0
69	31	0
9	84	0
57	96	0
67	80	0
3	23	0
10	85	0
17	76	0
41	14	1
42	38	0
4	45	1
81	42	0
46	13	1
1	62	0
27	85	0
61	92	0
95	43	0
2	69	0
67	45	0
28	90	0
82	53	0
73	41	0
26	53	0
83	38	0
77	41	0
63	64	0
11	60	1
53	46	0
2	84	0
3	9	0
81	72	0
18	63	0
17	8	0
4	93	0
22	71	0
99	42	0
69	82	0
84	61	0
98	85	0
50	54	0
59	35	0
3	77	0
54	59	0
37	52	1
64	37	0
87	21	0
