99	66	0
23	10	0
59	97	0
5	5	0
94	44	0
96	97	0
42	78	0
56	24	1
74	56	0
2	89	0
1	8	0
18	96	0
98	37	0
64	76	0
39	31	0
85	71	0
97	26	0
58	97	0
38	75	0
83	65	0
51	17	0
26	82	0
59	24	1
82	67	0
82	79	0
82	79	0
7	23	0
47	38	0
85	22	0
84	69	0
9	75	0
33	94	0
83	11	0
63	94	0
35	8	1
54	71	0
80	74	0
97	67	0
64	58	0
99	33	0
13	69	0
65	3	1
91	65	0
18	74	0
54	0	0
9	75	0
32	91	0
26	65	1
86	52	0
45	36	0
34	13	0
95	86	0
90	97	0
89	16	0
31	82	0
97	12	0
15	14	0
75	89	0
1	91	0
86	7	0
23	68	0
64	90	0
43	60	1
11	25	0
72	79	0
84	31	0
21	94	0
47	99	0
70	32	0
32	96	0
45	94	0
15	14	0
98	15	0
80	24	0
49	75	0
90	31	0
76	62	0
58	12	1
63	35	0
4	98	0
73	8	0
51	79	0
59	31	1
85	6	0
90	64	0
1	61	0
72	89	0
3	78	0
35	97	0
99	60	0
82	28	0
35	71	0
73	4	0
62	49	0
12	73	0
36	3	0
70	69	0
55	30	0
4	99	0
96	29	0
42	77	0
80	71	0
91	1	0
64	84	0
64	82	0
4	25	0
59	88	0
91	85	0
81	51	0
23	87	0
67	35	0
79	2	0
96	61	0
89	30	0
98	51	0
24	49	0
54	64	0
9	20	0
46	33	0
88	64	0
50	81	0
61	75	0
59	14	1
45	36	0
64	73	0
46	58	0
41	96	0
78	41	0
61	68	0
55	75	0
92	54	0
24	13	0
46	35	0
18	17	0
16	77	0
28	55	1
77	46	0
52	36	1
87	8	0
27	84	0
54	24	1
26	37	0
68	76	0
26	68	1
59	62	0
44	75	0
42	5	0
49	14	1
39	90	0
28	68	1
73	78	0
94	61	0
22	95	0
87	72	0
31	55	0
18	73	0
52	73	0
18	37	0
75	81	0
92	83	0
45	68	0
83	50	0
56	52	0
57	20	1
66	17	0
45	58	1
54	19	1
28	64	1
93	32	0
30	96	0
28	61	1
69	87	0
44	49	1
29	24	0
43	79	0
51	13	0
94	99	0
31	84	0
98	7	0
23	79	0
98	31	0
56	97	0
73	80	0
64	60	0
28	52	0
11	66	0
59	3	0
68	92	0
99	51	0
42	89	0
67	73	0
86	17	0
56	78	0
36	81	0
33	84	0
24	18	0
66	22	0
82	52	0
56	46	0
75	67	0
67	27	0
20	96	0
56	64	0
89	36	0
75	42	0
48	5	0
5	41	1
93	26	0
77	85	0
70	93	0
76	61	0
93	28	0
95	19	0
0	34	1
89	75	0
39	96	0
72	85	0
43	94	0
36	39	0
92	31	0
23	99	0
88	21	0
22	48	0
27	85	0
52	14	1
25	97	0
73	90	0
79	80	0
93	59	0
91	53	0
25	90	0
49	78	0
80	12	0
81	57	0
47	5	0
34	31	0
40	56	1
73	38	0
26	59	0
40	45	0
23	73	0
74	95	0
93	57	0
54	72	0
95	3	0
91	41	0
63	8	1
93	46	0
66	53	0
68	78	0
2	35	1
41	67	0
74	25	0
10	81	0
31	62	0
9	91	0
91	60	0
42	7	1
82	66	0
90	9	0
96	80	0
26	0	0
33	91	0
25	67	0
61	90	0
42	29	0
77	14	0
91	8	0
93	17	0
48	52	1
75	25	0
79	56	0
3	1	0
2	60	1
29	96	0
24	73	0
56	96	0
37	68	0
86	45	0
65	8	1
50	87	0
58	62	0
95	88	0
61	39	0
67	90	0
80	17	0
23	11	0
50	2	0
50	22	1
31	22	0
93	52	0
77	12	0
21	45	0
20	23	0
40	50	1
50	35	0
91	71	0
94	63	0
69	29	0
90	7	0
69	6	0
78	13	0
45	40	1
39	19	0
11	71	0
83	91	0
47	87	0
3	99	0
31	48	0
49	36	0
76	38	0
62	51	0
80	77	0
82	82	0
69	30	0
68	81	0
72	7	0
88	49	0
77	52	0
61	53	0
94	75	0
75	18	0
94	17	0
17	44	0
66	96	0
59	70	0
81	21	0
16	74	0
96	41	0
59	97	0
94	29	0
64	24	0
36	58	0
56	48	0
34	69	1
61	84	0
72	32	0
77	72	0
18	87	0
96	95	0
2	81	0
99	0	0
89	26	0
43	74	0
49	53	0
65	45	0
19	93	0
71	36	0
97	59	0
44	28	0
35	90	0
33	9	0
41	41	1
53	90	0
36	91	0
39	82	0
15	73	0
13	22	0
71	3	0
74	34	0
95	10	0
81	98	0
31	66	1
29	23	0
70	9	0
58	40	0
65	99	0
2	22	0
45	90	0
91	42	0
26	81	0
76	2	0
42	63	0
63	25	0
55	11	1
85	16	0
87	45	0
16	86	0
71	13	0
81	99	0
31	94	0
88	68	0
9	33	0
62	97	0
64	42	0
12	77	0
64	24	0
84	45	0
79	45	0
77	64	0
17	51	0
92	55	0
21	99	0
90	58	0
18	97	0
87	86	0
42	17	0
72	75	0
60	96	0
47	38	1
62	99	0
75	52	0
46	51	1
25	61	0
88	9	0
3	74	0
76	56	0
21	95	0
42	52	1
46	68	0
79	31	0
25	57	0
50	33	0
90	53	0
70	21	0
76	82	0
45	98	0
40	47	1
66	98	0
37	90	0
90	88	0
86	75	0
80	8	0
19	0	0
46	35	0
32	57	0
5	79	0
84	82	0
66	78	0
66	52	0
65	16	0
39	66	0
35	72	0
81	57	0
93	1	0
18	70	0
84	7	0
57	54	0
37	41	0
82	94	0
24	76	0
56	94	0
71	18	0
73	18	0
46	60	0
60	84	0
23	96	0
93	22	0
83	15	0
78	25	0
15	65	0
16	97	0
14	84	0
52	33	1
69	87	0
76	92	0
0	35	1
60	54	0
82	91	0
75	56	0
68	66	0
19	94	0
8	79	0
43	26	0
6	23	0
42	39	0
24	50	0
98	35	0
83	48	0
63	10	1
66	42	0
55	52	0
42	23	0
93	74	0
55	79	0
81	50	0
28	56	1
40	98	0
75	54	0
27	7	0
96	47	0
63	90	0
36	29	0
53	57	1
29	98	0
66	97	0
87	68	0
26	85	0
63	41	0
6	76	0
53	56	1
44	72	0
68	54	0
58	73	0
59	89	0
11	49	0
61	53	0
82	46	0
80	61	0
36	75	0
67	89	0
43	30	0
98	23	0
56	46	0
87	6	0
8	77	0
55	95	0
85	74	0
77	68	0
14	92	0
7	68	0
79	88	0
29	28	0
6	85	0
68	99	0
56	65	0
89	67	0
20	88	0
77	49	0
18	3	0
53	98	0
22	90	0
11	12	0
90	57	0
88	24	0
77	28	0
73	15	0
17	15	0
22	54	0
81	28	0
0	76	0
62	73	0
7	43	1
25	75	0
67	44	0
70	95	0
68	37	0
70	84	0
77	52	0
74	84	0
6	83	0
48	49	0
31	75	0
67	55	0
58	46	0
90	45	0
97	99	0
82	92	0
49	59	0
75	55	0
67	65	0
68	4	0
70	76	0
91	76	0
90	10	0
55	80	0
3	98	0
51	45	0
69	35	0
66	29	0
75	23	0
20	79	0
75	22	0
29	65	1
88	19	0
37	62	0
48	35	0
57	91	0
69	77	0
49	85	0
69	87	0
81	62	0
83	45	0
98	62	0
75	97	0
97	44	0
35	65	0
90	88	0
37	71	0
80	83	0
94	47	0
43	89	0
87	73	0
90	53	0
80	29	0
46	47	1
7	63	0
51	73	0
73	20	0
67	31	0
79	88	0
66	49	0
12	85	0
19	88	0
64	42	0
85	24	0
91	47	0
99	2	0
84	94	0
56	36	0
31	77	0
94	27	0
65	46	0
25	77	0
18	97	0
28	73	0
6	86	0
59	56	0
43	27	0
37	79	0
51	49	1
66	75	0
71	10	0
20	85	0
93	47	0
15	22	0
18	76	0
73	69	0
67	46	0
39	57	1
91	51	0
86	52	0
75	52	0
60	67	0
80	51	0
4	30	0
98	82	0
61	50	0
42	85	0
5	77	0
24	90	0
31	56	0
90	23	0
54	92	0
5	96	0
99	63	0
55	29	1
76	18	0
23	14	0
32	31	0
73	7	0
20	74	0
85	54	0
93	34	0
10	4	0
0	38	1
69	12	0
39	84	0
98	84	0
3	8	0
52	89	0
84	36	0
98	78	0
46	62	0
62	72	0
27	38	0
92	40	0
92	65	0
19	77	0
19	80	0
25	69	1
21	89	0
76	12	0
26	60	0
11	84	0
39	34	0
55	22	1
47	63	0
69	47	0
33	71	0
96	22	0
2	31	0
83	44	0
75	23	0
47	50	1
34	24	0
40	7	1
20	88	0
47	80	0
18	66	0
21	24	0
20	79	0
15	83	0
63	58	0
89	42	0
38	56	1
80	94	0
47	24	0
61	76	0
39	74	0
16	91	0
88	38	0
47	57	0
8	15	0
89	53	0
59	48	0
89	27	0
86	28	0
76	35	0
56	89	0
43	34	0
59	43	0
61	31	0
42	5	0
34	99	0
54	65	0
94	39	0
59	96	0
84	52	0
78	48	0
40	83	0
34	76	0
92	26	0
51	53	1
73	6	0
94	99	0
77	83	0
51	85	0
71	22	0
82	78	0
21	76	0
66	23	0
21	98	0
40	60	1
89	62	0
67	11	1
91	86	0
84	7	0
96	94	0
59	12	1
71	25	0
76	60	0
62	23	0
4	84	0
66	98	0
63	77	0
1	26	0
6	94	0
15	73	0
48	41	0
82	39	0
47	12	1
2	60	0
24	90	0
63	96	0
93	43	0
0	69	0
69	45	0
30	89	0
84	44	0
70	43	0
24	60	1
79	40	0
76	45	0
57	71	0
52	47	0
4	82	0
2	4	0
81	69	0
20	60	0
17	7	0
0	92	0
30	73	0
96	41	0
70	85	0
87	60	0
97	82	0
50	54	1
65	30	0
0	76	0
52	64	0
35	43	1
77	37	0
87	21	0
