88	69	0
41	20	0
37	22	0
48	95	0
11	7	0
94	35	0
98	87	0
40	12	0
62	80	0
44	19	0
99	43	0
2	80	0
18	8	0
18	61	0
99	19	0
81	78	0
60	30	0
21	50	0
97	71	0
93	10	0
43	96	0
63	68	0
81	86	0
53	4	0
40	81	0
57	8	0
84	78	0
62	88	0
87	74	0
5	24	0
51	28	0
39	15	0
84	31	0
40	58	0
89	60	0
10	90	0
44	98	0
95	23	0
79	87	0
46	1	0
22	61	0
92	56	0
90	68	0
53	69	0
93	53	0
6	81	0
24	37	0
67	1	0
93	62	0
15	72	0
61	2	0
7	77	0
50	91	0
36	76	0
95	66	0
50	37	0
29	30	0
91	75	0
95	92	0
96	15	0
9	94	0
95	17	0
41	3	0
73	75	0
46	15	0
9	91	0
84	9	0
45	80	0
74	99	0
50	67	0
8	33	0
71	88	0
26	40	0
18	64	0
93	35	0
15	38	0
30	85	0
49	98	0
61	22	0
31	94	0
59	96	0
4	26	0
98	13	0
93	27	0
39	57	0
79	39	0
21	32	0
77	51	0
22	32	1
40	10	0
38	5	0
67	38	0
14	95	0
63	12	0
54	92	0
38	8	0
45	30	0
87	44	0
35	69	0
75	47	0
10	61	0
78	84	0
1	71	0
26	95	0
93	52	0
62	7	0
48	69	0
27	57	0
61	2	0
66	54	0
1	60	0
37	0	0
24	46	0
44	33	0
75	93	0
56	41	0
22	99	0
87	4	0
54	72	0
80	86	0
96	4	0
66	73	0
46	78	0
32	8	0
58	94	0
90	79	0
77	62	0
29	97	0
66	32	0
33	18	0
14	40	0
76	10	0
12	66	0
93	64	0
98	32	0
89	38	0
35	55	0
58	19	0
83	73	0
16	17	0
30	8	0
78	62	0
37	36	0
68	81	0
74	92	0
51	22	0
44	30	0
56	45	0
14	42	0
29	58	0
18	59	0
77	81	0
42	53	0
43	96	0
80	48	0
81	71	0
54	85	0
26	35	1
94	67	0
11	26	0
50	42	0
18	13	0
29	85	0
37	75	0
88	33	0
38	36	0
68	19	0
35	81	0
59	26	0
47	42	0
84	79	0
29	63	0
57	74	0
35	87	0
39	49	0
38	13	0
54	10	0
26	71	0
27	86	0
78	82	0
91	65	0
30	86	0
26	33	1
91	68	0
26	48	0
29	83	0
52	73	0
40	55	0
27	11	0
15	31	0
70	93	0
86	90	0
60	78	0
66	34	0
0	60	0
58	8	0
79	26	0
65	24	0
71	30	0
13	62	0
1	56	0
52	50	0
74	24	0
37	64	0
90	33	0
30	99	0
28	66	0
37	19	0
80	75	0
38	56	0
33	6	0
14	92	0
62	8	0
97	91	0
72	91	0
93	5	0
7	78	0
22	62	0
90	35	0
54	72	0
45	38	0
53	60	0
49	70	0
55	62	0
13	73	0
28	59	0
70	4	0
1	63	0
61	83	0
90	42	0
45	91	0
77	58	0
61	28	0
42	74	0
15	84	0
36	97	0
53	42	0
75	34	0
27	34	1
89	64	0
78	41	0
75	66	0
2	56	0
50	18	0
12	87	0
61	61	0
58	45	0
62	39	0
50	24	0
7	59	0
84	26	0
50	8	0
66	68	0
49	74	0
72	35	0
99	35	0
95	3	0
2	57	0
98	71	0
22	96	0
93	74	0
42	95	0
56	36	0
59	10	0
19	93	0
73	31	0
39	67	0
44	81	0
47	10	0
22	93	0
78	83	0
72	86	0
74	41	0
91	76	0
19	95	0
45	60	0
61	0	0
66	30	0
31	13	0
38	4	0
56	8	0
60	55	0
76	43	0
42	46	0
36	51	0
37	72	0
70	85	0
79	69	0
59	77	0
82	1	0
83	43	0
70	6	0
18	43	0
28	24	0
81	41	0
63	37	0
72	71	0
10	36	0
40	68	0
62	22	0
31	84	0
20	88	0
27	77	0
96	68	0
41	21	0
35	5	0
23	56	0
89	69	0
64	13	0
75	92	0
10	3	0
59	98	0
2	69	0
37	90	0
42	35	0
0	58	0
80	17	0
23	34	1
74	4	0
51	15	0
89	10	0
36	47	0
26	49	0
78	28	0
85	59	0
9	24	0
22	34	1
3	61	0
37	98	0
3	90	0
46	87	0
56	74	0
50	42	0
67	21	0
37	85	0
46	71	0
87	91	0
27	25	0
19	54	0
24	41	0
63	67	0
70	87	0
30	21	0
80	21	0
36	5	0
53	4	0
62	17	0
34	49	0
81	69	0
92	14	0
23	41	0
48	15	0
50	46	0
38	35	0
32	56	0
85	76	0
82	51	0
14	51	0
54	33	0
96	12	0
64	8	0
53	30	0
55	36	0
27	30	0
1	71	0
66	83	0
29	79	0
24	91	0
23	99	0
51	11	0
45	33	0
99	43	0
85	49	0
0	80	0
84	73	0
68	75	0
79	29	0
70	84	0
82	4	0
86	60	0
74	57	0
38	18	0
56	49	0
27	48	0
81	82	0
68	17	0
94	7	0
29	44	0
35	89	0
75	72	0
83	19	0
9	64	0
99	29	0
44	94	0
83	20	0
66	49	0
38	55	0
57	40	0
20	39	0
35	43	0
64	85	0
81	36	0
32	18	0
71	69	0
22	67	0
6	98	0
95	86	0
32	35	0
4	86	0
61	39	0
90	16	0
85	45	0
4	68	0
65	36	0
44	29	0
43	42	0
10	98	0
76	21	0
50	7	0
87	47	0
49	40	0
26	74	0
15	4	0
60	60	0
60	92	0
1	54	0
44	72	0
40	80	0
54	26	0
19	95	0
6	47	0
21	43	0
61	17	0
86	30	0
95	17	0
74	92	0
21	56	0
35	25	0
41	26	0
81	6	0
68	60	0
74	91	0
17	42	0
59	87	0
98	66	0
40	78	0
71	7	0
68	48	0
71	24	0
74	10	0
42	23	0
42	15	0
99	2	0
85	33	0
4	76	0
83	9	0
92	98	0
18	94	0
97	67	0
49	53	0
18	26	0
95	97	0
61	48	0
4	95	0
70	28	0
67	38	0
70	57	0
80	63	0
25	79	0
82	68	0
34	89	0
93	78	0
37	94	0
98	77	0
28	33	0
39	30	0
55	68	0
61	97	0
46	66	0
69	97	0
64	52	0
32	59	0
32	64	0
80	16	0
13	82	0
91	47	0
21	88	0
54	74	0
44	81	0
84	39	0
38	52	0
20	34	1
48	22	0
83	50	0
66	17	0
91	93	0
59	91	0
40	54	0
54	0	0
40	40	0
49	91	0
35	19	0
49	57	0
76	76	0
36	20	0
96	98	0
45	19	0
21	6	0
57	26	0
22	76	0
38	13	0
17	59	0
91	95	0
59	88	0
57	51	0
66	9	0
42	70	0
53	53	0
99	54	0
87	0	0
1	67	0
74	3	0
61	71	0
69	30	0
46	13	0
33	63	0
83	76	0
38	70	0
43	77	0
84	32	0
18	52	0
72	28	0
40	66	0
68	84	0
33	94	0
82	10	0
94	23	0
64	14	0
28	82	0
16	98	0
20	82	0
65	40	0
74	72	0
69	80	0
14	46	0
79	43	0
68	69	0
78	76	0
56	66	0
15	72	0
16	65	0
48	28	0
38	19	0
3	35	0
44	58	0
31	45	0
87	29	0
83	37	0
75	3	0
75	47	0
53	67	0
19	60	0
53	26	0
94	86	0
53	89	0
76	61	0
26	52	0
48	81	0
69	45	0
36	51	0
77	28	0
21	48	0
38	23	0
86	52	0
91	94	0
56	51	0
8	61	0
46	6	0
58	62	0
26	90	0
37	32	0
87	90	0
99	74	0
20	86	0
65	49	0
3	72	0
82	56	0
36	57	0
49	57	0
37	79	0
60	72	0
5	52	0
80	73	0
66	59	0
86	46	0
17	63	0
61	86	0
56	26	0
95	27	0
48	33	0
98	11	0
14	89	0
34	34	0
38	68	0
87	56	0
30	55	0
81	64	0
12	96	0
22	82	0
99	89	0
49	29	0
9	72	0
82	96	0
44	69	0
86	66	0
21	90	0
94	28	0
26	5	0
34	78	0
35	75	0
31	16	0
18	39	0
5	22	0
86	66	0
94	13	0
61	8	0
78	28	0
95	34	0
33	10	0
29	50	0
97	36	0
8	57	0
55	97	0
7	54	0
23	85	0
66	49	0
56	92	0
75	55	0
67	88	0
36	35	0
74	66	0
39	61	0
80	58	0
14	69	0
54	29	0
30	81	0
85	39	0
68	31	0
82	73	0
95	98	0
87	79	0
50	68	0
67	38	0
50	70	0
38	24	0
26	7	0
32	74	0
9	38	0
60	1	0
61	87	0
73	83	0
80	4	0
15	44	0
57	79	0
21	95	0
61	3	0
59	40	0
56	24	0
36	25	0
20	35	1
53	16	0
80	2	0
43	96	0
64	31	0
31	94	0
92	13	0
29	53	0
46	65	0
74	29	0
84	82	0
62	71	0
36	66	0
47	91	0
76	74	0
85	45	0
19	73	0
79	80	0
88	97	0
27	31	1
14	53	0
94	46	0
29	78	0
97	93	0
60	97	0
41	7	0
70	62	0
86	63	0
65	84	0
76	56	0
95	73	0
75	38	0
15	51	0
1	65	0
67	80	0
73	40	0
50	58	0
47	2	0
33	14	0
93	80	0
11	55	0
26	50	0
57	33	0
37	13	0
51	32	0
16	85	0
22	39	1
0	60	0
9	80	0
75	54	0
78	19	0
88	34	0
81	0	0
53	81	0
7	50	0
54	29	0
61	48	0
47	86	0
89	12	0
24	33	1
66	56	0
48	87	0
17	91	0
38	62	0
35	87	0
34	24	0
78	78	0
49	38	0
44	80	0
59	37	0
10	38	0
64	62	0
65	18	0
23	83	0
85	43	0
28	37	0
29	47	0
27	18	0
0	65	0
82	65	0
78	64	0
41	52	0
85	59	0
83	73	0
74	37	0
67	18	0
81	78	0
77	22	0
6	57	0
81	84	0
22	25	0
65	30	0
16	62	0
2	90	0
32	94	0
38	56	0
98	31	0
10	48	0
57	89	0
5	89	0
91	61	0
61	55	0
85	28	0
17	3	0
45	30	0
66	2	0
7	79	0
45	56	0
92	65	0
78	37	0
12	6	0
17	42	0
66	14	0
11	75	0
80	2	0
49	72	0
40	26	0
87	91	0
12	20	0
30	97	0
98	58	0
31	12	0
87	95	0
50	58	0
66	59	0
44	36	0
97	27	0
89	90	0
5	67	0
9	72	0
12	51	0
19	79	0
11	97	0
75	25	0
38	50	0
7	90	0
49	18	0
71	9	0
41	61	0
62	57	0
49	26	0
32	70	0
31	32	0
90	19	0
0	45	0
81	66	0
88	6	0
56	49	0
28	18	0
49	3	0
15	92	0
54	67	0
39	61	0
35	11	0
8	93	0
5	92	0
67	54	0
96	36	0
35	24	0
26	68	0
90	94	0
51	30	0
63	75	0
66	90	0
8	83	0
75	31	0
52	55	0
16	36	0
92	73	0
55	61	0
99	18	0
80	14	0
88	27	0
63	91	0
42	59	0
41	56	0
68	15	0
41	4	0
63	92	0
64	65	0
16	51	0
68	39	0
56	90	0
82	29	0
88	57	0
31	74	0
51	59	0
21	27	0
91	29	0
30	55	0
82	8	0
96	97	0
71	61	0
59	80	0
72	37	0
71	83	0
10	95	0
41	8	0
12	87	0
16	61	0
60	68	0
68	85	0
68	9	0
98	98	0
89	10	0
91	85	0
62	11	0
83	31	0
79	47	0
50	42	0
21	90	0
62	97	0
63	76	0
25	49	0
8	29	0
22	91	0
16	61	0
46	3	0
43	49	0
19	69	0
37	37	0
6	42	0
99	55	0
44	27	0
14	57	0
32	81	0
71	74	0
94	62	0
7	66	0
65	45	0
26	63	0
74	46	0
54	41	0
3	45	0
21	52	0
83	52	0
68	54	0
90	51	0
0	68	0
60	56	0
3	87	0
3	20	0
89	69	0
12	60	0
37	6	0
37	24	0
12	97	0
16	85	0
84	38	0
68	67	0
72	59	0
72	84	0
41	62	0
58	42	0
7	68	0
44	66	0
32	45	0
64	58	0
82	20	0
