96	65	0
51	9	0
37	19	0
39	95	0
3	36	0
89	28	0
87	77	0
10	5	0
46	10	0
73	93	0
42	39	0
80	39	0
1	86	0
21	4	0
14	67	0
97	7	0
94	87	0
63	29	0
30	56	0
99	62	0
91	0	0
42	73	0
76	84	0
78	93	0
68	4	0
27	95	0
57	9	0
77	77	0
72	93	0
98	59	0
1	41	0
28	31	0
40	29	0
80	17	0
42	48	0
93	78	0
11	94	0
67	78	0
92	25	0
81	94	0
45	9	0
26	54	0
71	55	0
98	54	0
59	75	0
96	49	0
19	98	0
38	46	0
55	15	0
85	44	0
17	65	0
59	12	0
33	90	0
55	86	0
25	66	0
94	70	0
49	25	0
36	47	0
86	74	0
95	97	0
91	12	0
15	98	0
92	13	0
51	8	0
91	70	0
40	34	0
22	84	0
84	8	0
32	79	0
82	73	0
64	51	0
21	30	0
88	81	0
30	38	0
12	50	0
88	36	0
19	27	1
16	36	0
39	84	0
61	92	0
70	26	0
48	96	0
62	97	0
0	10	0
13	19	0
93	19	0
96	19	0
37	58	0
79	43	0
23	32	0
75	51	0
39	58	0
34	12	0
36	2	0
70	47	0
23	85	0
55	5	0
49	74	0
43	1	0
37	26	0
92	43	0
50	61	0
64	48	0
17	77	0
66	84	0
8	80	0
46	78	0
86	48	0
67	14	0
53	72	0
7	53	0
57	7	0
51	64	0
12	71	0
45	0	0
29	57	0
19	33	0
84	83	0
41	38	0
2	3	0
24	96	0
82	1	0
69	66	0
14	31	0
80	79	0
95	15	0
60	70	0
56	89	0
32	20	0
62	92	0
21	17	1
72	88	0
62	55	0
35	95	0
75	31	0
39	23	0
21	34	0
81	0	0
13	10	1
5	73	0
92	71	0
90	12	0
86	34	0
41	54	0
63	5	0
87	94	0
4	5	0
39	14	0
13	12	1
80	79	0
35	38	0
94	68	0
83	79	0
52	26	0
50	37	0
67	59	0
4	47	0
26	81	0
13	58	0
83	76	0
54	69	0
45	95	0
83	50	0
69	76	0
52	84	0
27	44	0
89	81	0
2	36	0
34	36	0
25	21	0
18	70	0
33	71	0
99	22	0
43	35	0
76	9	0
36	82	0
72	22	0
57	29	0
77	80	0
23	53	0
61	70	0
33	99	0
37	66	0
42	7	0
67	15	0
30	90	0
17	80	0
72	84	0
92	59	0
18	90	0
29	37	0
90	70	0
24	58	0
40	79	0
35	93	0
54	44	0
32	6	0
20	36	0
80	93	0
89	96	0
61	94	0
78	15	0
2	62	0
65	0	0
62	16	0
66	20	0
85	19	0
28	62	0
7	74	0
60	63	0
72	35	0
29	76	0
88	17	0
55	87	0
33	66	0
30	18	0
83	72	0
32	68	0
40	10	0
5	89	0
82	19	0
98	77	0
84	92	0
85	22	0
2	81	0
18	75	0
94	50	0
51	70	0
36	47	0
45	75	0
59	73	0
56	56	0
6	81	0
35	69	0
62	16	0
5	63	0
67	97	0
66	41	0
34	95	0
87	57	0
39	14	0
41	58	0
11	75	0
39	94	0
58	32	0
69	27	0
9	34	0
89	66	0
70	47	0
81	54	0
8	87	0
58	9	0
13	84	0
64	64	0
56	45	0
71	57	0
57	6	0
16	7	1
5	56	0
77	45	0
48	10	0
72	56	0
50	81	0
61	53	0
91	31	0
92	15	0
6	59	0
89	67	0
24	92	0
91	53	0
35	89	0
55	37	0
48	0	0
16	92	0
70	33	0
45	57	0
44	75	0
48	2	0
22	94	0
75	84	0
84	88	0
60	28	0
93	73	0
9	91	0
39	40	0
60	0	0
61	20	0
37	24	0
45	3	0
55	10	0
55	48	0
73	34	0
37	49	0
24	47	0
53	52	0
69	79	0
90	75	0
57	86	0
78	11	0
99	52	0
79	1	0
12	58	0
27	9	0
91	33	0
45	24	0
74	77	0
6	44	0
52	72	0
57	27	0
24	99	0
34	90	0
30	71	0
91	54	0
40	23	0
40	0	0
25	54	0
89	51	0
75	19	0
76	99	0
14	8	0
64	89	0
13	78	0
45	84	0
34	31	0
3	52	0
82	8	0
22	35	0
81	14	0
41	10	0
16	1	0
80	4	0
31	50	0
11	40	0
88	29	0
95	61	0
8	24	0
27	36	0
4	62	0
32	84	0
16	76	0
5	7	0
38	94	0
46	66	0
37	28	0
62	30	0
46	82	0
38	67	0
91	92	0
37	27	0
15	50	0
30	40	0
55	75	0
79	95	0
53	7	0
73	1	0
34	7	0
46	8	0
61	6	0
22	49	0
76	60	0
66	3	0
25	44	0
63	8	0
51	54	0
48	50	0
27	63	0
77	84	0
63	53	0
16	65	0
57	35	0
24	17	0
95	6	0
49	4	0
69	17	0
53	38	0
21	40	0
14	71	0
71	73	0
13	76	0
31	95	0
26	91	0
50	20	0
31	34	0
85	64	0
60	49	0
6	78	0
77	79	0
61	89	0
24	32	0
70	24	0
66	94	0
72	2	0
97	61	0
76	41	0
34	19	0
39	46	0
36	48	0
88	80	0
12	29	0
75	29	0
86	7	0
13	56	0
31	93	0
69	79	0
85	6	0
4	71	0
94	31	0
50	89	0
4	10	1
74	8	0
64	52	0
43	56	0
57	49	0
28	39	0
51	40	0
74	74	0
72	53	0
42	33	0
72	66	0
22	50	0
26	91	0
84	85	0
42	19	0
0	73	0
69	17	0
85	19	0
70	44	0
15	60	0
61	25	0
30	32	0
53	40	0
5	98	0
62	38	0
57	19	0
92	52	0
45	25	0
34	73	0
32	8	0
82	42	0
10	2	0
62	95	0
2	87	0
37	41	0
54	83	0
57	28	0
19	96	0
18	43	0
20	40	0
60	18	0
97	33	0
84	20	0
84	99	0
25	61	0
18	17	1
34	13	0
33	27	0
85	20	0
53	63	0
78	85	0
25	31	0
66	99	0
85	69	0
40	77	0
77	11	0
69	39	0
84	19	0
70	23	0
43	21	0
36	32	0
98	1	0
66	30	0
1	68	0
90	16	0
92	95	0
8	93	0
85	63	0
42	49	0
24	1	0
93	87	0
79	57	0
27	98	0
66	21	0
76	44	0
92	58	0
84	68	0
28	79	0
78	84	0
32	92	0
86	73	0
38	38	0
28	89	0
99	89	0
33	32	0
27	47	0
63	69	0
63	92	0
51	69	0
44	91	0
64	63	0
35	61	0
33	64	0
81	22	0
14	92	0
89	52	0
19	83	0
42	51	0
46	79	0
78	29	0
25	33	0
15	43	0
62	42	0
92	71	0
63	19	0
84	97	0
68	99	0
35	44	0
59	10	0
29	44	0
21	84	0
35	33	0
54	70	0
67	82	0
34	23	0
76	88	0
49	33	0
37	17	0
63	39	0
23	76	0
42	14	0
4	60	0
92	80	0
67	96	0
52	44	0
80	14	0
39	71	0
41	53	0
98	52	0
95	0	0
0	73	0
70	4	0
83	75	0
72	24	0
33	2	0
36	68	0
78	80	0
37	77	0
51	79	0
79	20	0
13	69	0
59	8	0
45	67	0
63	98	0
31	92	0
89	6	0
91	21	0
61	10	0
34	85	0
14	94	0
5	91	0
79	51	0
73	55	0
79	64	0
13	43	0
87	47	0
66	58	0
83	76	0
69	65	0
23	50	0
17	70	0
37	26	0
48	43	0
3	50	0
56	68	0
44	39	0
93	40	0
76	35	0
76	2	0
74	31	0
52	84	0
22	18	1
17	45	0
64	43	0
93	79	0
71	81	0
94	76	0
26	48	0
51	63	0
61	51	0
30	60	0
85	38	0
21	61	0
44	20	0
94	55	0
73	95	0
54	52	0
23	63	0
39	2	0
69	67	0
30	80	0
44	24	0
75	80	0
88	74	0
20	91	0
50	61	0
13	72	0
72	66	0
38	54	0
51	61	0
39	78	0
63	66	0
28	33	0
15	65	0
90	80	0
78	55	0
99	61	0
33	79	0
59	75	0
67	33	0
20	20	1
84	25	0
38	31	0
99	3	0
17	91	0
31	33	0
30	80	0
89	61	0
19	38	0
99	62	0
14	93	0
13	71	0
29	2	0
97	94	0
30	27	0
1	80	0
74	94	0
36	62	0
79	71	0
30	86	0
98	29	0
32	18	0
37	82	0
29	77	0
33	14	0
23	38	0
12	26	0
89	70	0
93	15	0
53	7	0
66	9	0
89	41	0
31	7	0
38	38	0
97	41	0
12	58	0
45	90	0
1	47	0
20	82	0
75	59	0
46	95	0
67	47	0
72	79	0
35	33	0
79	67	0
35	69	0
88	45	0
6	73	0
58	36	0
37	66	0
72	33	0
54	40	0
98	83	0
92	95	0
84	88	0
21	84	0
20	34	0
57	52	0
49	70	0
37	25	0
22	9	0
37	68	0
8	43	0
63	7	0
67	84	0
88	60	0
95	16	0
10	45	0
10	1	0
76	90	0
4	93	0
52	11	0
55	49	0
71	10	0
17	3	0
46	16	0
19	34	0
46	18	0
60	1	0
38	83	0
56	20	0
28	93	0
72	3	0
28	39	0
52	66	0
67	18	0
90	69	0
67	76	0
40	65	0
52	98	0
80	91	0
6	17	1
86	59	0
17	67	0
82	72	0
58	92	0
16	35	0
19	61	0
95	49	0
32	85	0
95	95	0
65	84	0
46	7	0
47	53	0
80	57	0
56	88	0
73	50	0
95	72	0
81	27	0
15	66	0
5	58	0
70	90	0
76	43	0
56	61	0
57	12	0
33	24	0
71	71	0
23	37	0
11	60	0
36	47	0
56	43	0
30	14	0
59	28	0
8	87	0
23	36	0
12	56	0
8	71	0
73	50	0
29	27	0
60	12	0
92	24	0
79	2	0
53	73	0
3	63	0
64	27	0
49	39	0
22	19	1
71	74	0
77	19	0
47	40	0
49	66	0
47	83	0
18	97	0
32	63	0
40	89	0
28	40	0
76	84	0
44	38	0
27	77	0
8	20	1
55	23	0
5	41	0
59	57	0
65	17	0
28	74	0
81	49	0
54	41	0
51	44	0
40	16	0
0	73	0
68	59	0
73	52	0
45	36	0
80	58	0
85	72	0
78	39	0
65	10	0
84	77	0
90	16	0
7	77	0
65	84	0
31	16	0
55	35	0
9	2	0
15	57	0
7	87	0
32	91	0
21	49	0
93	35	0
15	48	0
56	99	0
12	84	0
96	64	0
55	64	0
89	36	0
18	1	0
58	16	0
45	7	0
6	1	0
13	78	0
59	62	0
83	67	0
75	49	0
16	2	0
28	34	0
67	11	0
3	81	0
73	4	0
43	73	0
55	24	0
74	98	0
12	38	0
1	93	0
96	63	0
36	22	0
87	70	0
60	59	0
75	42	0
42	29	0
94	31	0
85	69	0
16	64	0
0	88	0
25	51	0
3	86	0
8	96	0
88	32	0
34	49	0
3	98	0
54	12	0
60	1	0
40	48	0
25	20	0
65	44	0
38	19	0
25	80	0
32	31	0
72	14	0
0	43	0
88	47	0
86	7	0
67	51	0
32	10	0
47	20	0
11	95	0
59	80	0
38	66	0
13	5	1
37	16	0
2	81	0
3	83	0
69	55	0
87	46	0
44	31	0
29	74	0
25	27	0
97	90	0
62	31	0
46	73	0
65	97	0
22	20	1
6	87	0
65	20	0
57	66	0
32	36	0
99	68	0
34	72	0
99	17	0
79	18	0
98	18	0
88	88	0
44	56	0
25	89	0
86	7	0
32	0	0
65	84	0
64	72	0
19	47	0
67	41	0
66	81	0
86	15	0
92	56	0
21	65	0
53	54	0
24	23	0
89	26	0
48	42	0
70	10	0
91	96	0
85	77	0
51	65	0
70	31	0
61	71	0
5	88	0
37	1	0
9	97	0
15	76	0
63	66	0
78	95	0
89	9	0
97	93	0
78	3	0
19	10	1
84	75	0
68	2	0
98	34	0
74	52	0
54	38	0
17	71	0
60	90	0
56	74	0
11	41	0
6	41	0
41	91	0
6	74	0
43	1	0
40	54	0
15	60	0
42	27	0
5	43	0
95	45	0
56	22	0
3	47	0
24	88	0
72	60	0
0	6	0
93	72	0
27	81	0
58	47	0
34	57	0
93	52	0
62	42	0
2	14	0
14	16	1
2	50	0
23	61	0
86	71	0
66	48	0
99	65	0
1	53	0
62	58	0
15	68	0
0	13	0
71	74	0
30	63	0
44	9	0
26	28	0
7	78	0
36	87	0
6	3	0
73	45	0
67	60	0
81	65	0
75	74	0
43	87	0
36	16	0
5	69	0
12	11	1
48	67	0
37	47	0
56	50	0
82	15	0
