89	66	0
34	1	0
37	37	0
62	95	0
21	8	0
99	43	0
98	87	0
49	10	0
58	74	0
55	23	0
91	52	0
0	86	0
13	0	0
21	81	0
96	22	0
77	77	0
57	37	0
17	57	0
88	61	0
97	7	0
47	92	0
59	68	0
73	89	0
53	9	0
32	75	0
48	14	0
85	71	0
63	88	0
92	76	0
2	28	0
53	15	0
40	22	0
93	31	0
27	55	0
83	67	0
17	89	0
32	97	0
90	24	0
76	85	0
38	4	0
25	66	0
91	63	0
91	72	0
56	65	0
98	47	0
1	79	0
64	4	0
99	65	0
16	71	0
72	12	0
13	76	0
63	94	0
33	74	0
99	74	0
46	40	0
31	23	0
90	81	0
99	99	0
98	6	0
15	98	0
99	14	0
31	7	0
69	76	0
39	5	0
9	97	0
90	7	0
37	81	0
62	92	0
41	61	0
3	33	0
72	91	0
12	63	0
91	30	0
29	84	0
56	98	0
63	36	0
32	98	0
63	97	0
2	20	0
99	7	0
97	24	0
43	65	0
83	36	0
91	59	0
49	15	0
32	3	0
66	50	0
7	96	0
49	4	0
50	79	0
46	0	0
52	41	0
83	40	0
35	61	0
76	48	0
1	57	0
81	87	0
2	85	0
33	96	0
98	58	0
66	12	0
37	72	0
40	68	0
66	5	0
69	51	0
4	67	0
34	9	0
7	41	0
38	43	0
64	78	0
46	46	0
15	99	0
84	11	0
44	84	0
77	67	0
95	7	0
74	92	0
53	75	0
38	20	0
58	97	0
92	69	0
77	63	0
18	98	0
61	32	0
31	15	0
19	44	1
79	10	0
6	54	0
98	64	0
98	19	0
79	41	0
42	48	0
54	5	0
79	70	0
23	15	0
32	25	0
98	59	0
38	36	0
64	78	0
65	81	0
51	30	0
44	44	0
61	37	0
15	42	0
27	45	0
20	54	0
83	91	0
46	59	0
35	97	0
72	43	0
72	68	0
52	73	0
85	65	0
22	19	0
53	53	0
16	12	0
14	73	0
31	65	0
92	36	0
41	47	0
88	10	0
44	84	0
54	27	0
42	51	0
78	76	0
27	69	0
53	69	0
41	84	0
36	48	0
38	14	0
59	15	0
37	88	0
27	64	0
81	78	0
89	63	0
33	94	0
97	76	0
26	46	0
24	74	0
52	70	0
53	53	0
25	16	0
78	84	0
91	77	0
53	62	0
66	33	0
0	50	0
59	0	0
75	50	0
65	21	0
82	20	0
20	51	0
8	51	0
44	53	0
71	27	0
39	63	0
84	27	0
43	94	0
29	73	0
40	24	0
78	82	0
41	55	0
34	8	0
26	82	0
52	6	0
91	84	0
56	92	0
93	5	0
7	80	0
17	66	0
94	27	0
46	83	0
29	33	0
59	71	0
55	63	0
45	64	0
20	75	0
25	60	0
66	0	0
7	63	0
60	81	0
94	40	0
39	87	0
82	62	0
68	20	0
51	66	0
21	85	0
33	99	0
47	31	0
76	37	0
86	56	0
69	41	0
66	66	0
6	45	0
54	17	0
12	91	0
59	51	0
70	37	0
70	24	0
57	10	0
7	50	0
90	19	0
35	12	0
65	67	0
61	80	0
73	40	0
98	39	0
97	3	0
1	43	0
96	77	0
21	98	0
97	80	0
28	96	0
62	31	0
71	25	0
17	81	0
82	24	0
28	65	0
27	74	0
47	2	0
28	97	0
79	91	0
68	86	0
89	52	0
97	70	0
17	97	0
37	74	0
72	2	0
74	45	0
34	23	0
32	1	0
49	11	0
52	54	0
80	42	0
34	52	0
34	47	0
33	69	0
71	89	0
84	63	0
60	82	0
86	2	0
90	40	0
64	9	0
22	42	0
73	42	0
71	52	0
76	68	0
10	39	0
37	64	0
67	16	0
16	88	0
32	83	0
20	71	0
84	67	0
53	19	0
31	1	0
32	52	0
76	73	0
63	11	0
79	92	0
17	2	0
52	97	0
9	73	0
45	99	0
42	35	0
2	53	0
69	34	0
74	8	0
55	11	0
81	9	0
39	58	0
14	57	0
74	24	0
87	62	0
8	7	0
3	68	0
35	93	0
8	87	0
43	97	0
56	70	0
55	45	0
72	6	0
45	84	0
43	65	0
88	97	0
39	29	0
6	53	0
26	45	0
59	45	0
73	81	0
26	23	0
83	29	0
37	7	0
52	7	0
55	17	0
39	43	0
75	67	0
75	9	0
8	45	0
36	11	0
49	59	0
42	36	0
28	49	0
90	77	0
75	52	0
15	46	0
65	33	0
91	6	0
65	9	0
58	22	0
45	41	0
33	32	0
5	76	0
63	83	0
31	72	0
23	97	0
33	84	0
48	10	0
42	41	0
93	47	0
83	45	0
5	63	0
79	73	0
72	79	0
79	26	0
85	90	0
82	1	0
73	57	0
79	66	0
33	27	0
66	46	0
30	41	1
92	76	0
63	6	0
99	22	0
25	52	0
45	92	0
69	72	0
79	16	0
14	65	0
95	29	0
62	94	0
79	23	0
74	35	0
48	51	0
56	41	0
29	51	0
60	88	0
80	32	0
41	25	0
72	80	0
27	59	0
21	99	0
94	97	0
45	34	0
6	93	0
56	47	0
96	8	0
78	32	0
17	72	0
61	45	0
37	29	0
53	44	0
12	99	0
86	22	0
47	8	0
85	40	0
51	46	0
29	85	0
16	7	0
59	54	0
58	91	0
7	50	0
41	87	0
31	83	0
49	27	0
23	82	0
11	38	0
69	11	0
77	26	0
87	1	0
89	90	0
21	67	0
50	19	0
85	7	0
82	57	0
71	87	0
3	28	0
65	92	0
96	58	0
31	83	0
75	0	0
53	59	0
70	28	0
68	8	0
42	22	0
43	15	0
96	7	0
87	38	0
13	92	0
74	11	0
90	94	0
24	89	0
99	65	0
43	49	0
16	26	0
77	97	0
64	38	0
7	97	0
71	32	0
83	42	0
73	43	0
87	68	0
27	60	0
86	60	0
37	90	0
89	76	0
25	91	0
91	81	0
45	34	0
57	64	0
64	95	0
42	68	0
64	98	0
70	53	0
33	58	0
41	64	0
87	7	0
8	89	0
96	53	0
22	86	0
44	74	0
49	75	0
89	43	0
34	51	0
43	19	0
82	60	0
61	14	0
85	93	0
50	92	0
49	46	0
54	16	0
37	40	0
55	89	0
40	22	0
43	63	0
83	70	0
39	10	0
95	94	0
60	7	0
4	12	0
45	33	0
21	71	0
46	0	0
15	70	0
92	83	0
60	82	0
61	44	0
62	6	0
40	68	0
35	54	0
92	56	0
85	6	0
7	71	0
79	2	0
52	73	0
58	29	0
38	15	0
31	62	0
83	79	0
33	72	0
36	81	0
74	33	0
18	47	0
73	31	0
41	62	0
62	94	0
26	97	0
93	9	0
96	28	0
65	14	0
25	81	0
28	94	0
29	84	0
73	47	0
81	76	0
81	90	0
7	38	0
75	41	0
72	79	0
72	60	0
57	75	0
11	78	0
16	67	0
34	17	0
51	17	0
6	38	0
43	48	0
29	50	0
85	32	0
88	41	0
79	9	0
72	49	0
51	54	0
25	52	0
48	27	0
91	81	0
50	98	0
88	61	0
35	65	0
36	92	0
77	55	0
32	55	0
79	27	0
29	46	1
34	12	0
97	51	0
74	98	0
53	50	0
9	49	0
50	5	0
53	57	0
43	89	0
30	25	1
75	89	0
98	58	0
4	84	0
70	43	0
8	58	0
70	53	0
36	65	0
52	53	0
41	82	0
61	67	0
5	61	0
63	64	0
71	46	0
77	54	0
33	69	0
66	80	0
49	6	0
95	20	0
57	36	0
93	5	0
16	80	0
28	39	1
37	77	0
85	65	0
20	50	0
79	73	0
15	93	0
17	80	0
87	85	0
47	32	0
2	65	0
69	96	0
49	65	0
90	66	0
20	99	0
91	34	0
16	9	0
34	74	0
23	85	0
38	11	0
14	44	0
10	20	0
86	70	0
99	17	0
57	11	0
71	34	0
91	22	0
29	9	0
31	67	0
91	30	0
6	63	0
49	88	0
1	54	0
29	77	0
75	55	0
51	99	0
78	51	0
68	89	0
70	65	0
44	53	0
74	73	0
7	81	0
51	36	0
24	83	0
83	50	0
72	27	0
92	70	0
95	94	0
92	85	0
43	74	0
68	39	0
52	61	0
36	21	0
33	15	0
33	72	0
5	47	0
66	11	0
59	77	0
82	76	0
93	5	0
18	49	0
58	83	0
17	88	0
58	9	0
58	36	0
64	23	0
45	23	0
39	16	0
80	8	0
37	99	0
67	18	0
33	99	0
96	18	0
20	46	1
41	62	0
71	34	0
80	97	0
72	69	0
40	68	0
58	93	0
82	65	0
92	46	0
10	59	0
85	79	0
78	95	0
14	68	0
97	41	0
25	68	0
97	84	0
48	97	0
34	17	0
71	69	0
93	50	0
50	74	0
69	77	0
96	66	0
74	41	0
22	58	0
2	61	0
60	79	0
68	29	0
50	48	0
55	7	0
36	24	0
93	73	0
14	58	0
31	39	1
67	29	0
46	3	0
56	17	0
16	90	0
10	59	0
8	79	0
66	47	0
92	21	0
86	36	0
89	2	0
65	88	0
8	57	0
65	33	0
56	52	0
42	86	0
99	19	0
58	58	0
34	83	0
22	89	0
43	70	0
31	93	0
34	8	0
71	75	0
44	20	0
37	73	0
47	43	0
6	38	0
74	64	0
63	13	0
33	82	0
97	52	0
30	51	0
21	31	0
9	69	0
83	58	0
69	61	0
42	46	0
85	65	0
97	68	0
60	40	0
64	20	0
78	62	0
77	29	0
6	47	0
75	84	0
33	27	1
56	34	0
17	69	0
5	86	0
28	91	0
28	55	0
88	22	0
3	53	0
54	91	0
2	91	0
85	60	0
45	32	0
92	33	0
11	17	0
42	34	0
71	11	0
33	78	0
45	54	0
98	60	0
87	35	0
0	1	0
5	39	0
51	17	0
1	49	0
79	9	0
52	80	0
33	28	0
92	87	0
1	13	0
37	98	0
98	44	0
42	1	0
87	95	0
47	62	0
58	61	0
35	31	0
91	32	0
89	86	0
8	60	0
5	76	0
12	49	0
21	77	0
12	87	0
67	24	0
36	57	0
20	90	0
38	19	0
60	17	0
38	61	0
61	48	0
49	11	0
34	71	0
32	28	1
92	17	0
0	34	0
76	43	0
94	16	0
48	47	0
33	22	0
50	3	0
20	98	0
44	69	0
43	65	0
28	11	0
22	94	0
15	83	0
68	45	0
98	36	0
28	31	1
27	70	0
85	96	0
50	25	0
67	73	0
60	93	0
8	91	0
85	36	0
47	59	0
14	24	0
91	71	0
52	53	0
96	14	0
69	9	0
84	24	0
64	91	0
51	52	0
40	39	0
63	23	0
46	10	0
50	91	0
54	78	0
17	56	0
79	36	0
50	93	0
91	29	0
95	60	0
37	83	0
33	62	0
86	31	0
49	48	0
72	13	0
98	98	0
74	74	0
43	78	0
73	41	0
73	87	0
9	73	0
54	16	0
10	95	0
9	63	0
48	67	0
74	80	0
69	11	0
98	91	0
89	8	0
96	94	0
62	7	0
82	30	0
71	66	0
58	32	0
19	78	0
45	89	0
65	82	0
30	43	1
4	34	0
22	87	0
11	74	0
42	13	0
42	47	0
21	58	0
34	46	1
2	50	0
85	44	0
42	24	0
9	64	0
30	87	0
63	93	0
92	48	0
6	65	0
74	35	0
36	67	0
83	46	0
67	32	0
8	49	0
28	55	0
89	43	0
67	57	0
82	55	0
5	67	0
69	47	0
0	83	0
1	3	0
90	69	0
13	63	0
27	2	0
35	26	0
4	99	0
19	81	0
89	39	0
73	69	0
86	59	0
78	77	0
51	66	0
64	36	0
2	73	0
41	67	0
30	59	0
68	46	0
89	11	0
