0	23	1
93	57	0
56	12	0
42	21	0
51	95	0
3	42	0
85	34	0
93	76	0
3	13	0
49	11	0
68	92	0
40	39	0
70	49	0
1	93	0
35	9	0
16	55	0
94	5	0
80	78	0
67	32	0
31	59	0
98	55	0
99	2	0
46	79	0
74	76	0
83	87	0
80	0	0
21	97	0
65	18	0
73	70	0
66	86	0
95	60	0
3	42	0
28	25	0
50	18	0
78	17	0
46	47	0
87	81	0
11	97	0
68	66	0
97	16	0
82	94	0
39	16	0
33	58	0
64	51	0
94	51	0
57	86	0
96	53	0
17	98	0
27	45	0
60	12	0
92	44	0
24	65	0
58	4	0
36	87	0
65	99	0
25	67	0
91	64	0
53	18	0
35	59	0
79	74	0
97	92	0
74	9	0
22	97	0
88	3	0
47	12	0
90	61	0
49	22	0
11	89	0
87	5	0
30	81	0
89	78	0
58	49	0
23	35	0
86	74	0
22	39	0
27	45	0
88	38	0
20	10	0
7	40	0
51	83	0
64	96	0
71	20	0
47	98	0
75	91	0
7	9	0
13	28	0
87	11	0
84	15	0
53	49	0
84	37	0
21	28	0
77	51	0
48	52	0
29	4	0
34	6	0
67	52	0
21	80	0
47	0	0
44	83	0
42	1	0
33	31	0
85	35	0
48	64	0
57	45	0
18	79	0
71	77	0
4	84	0
43	95	0
85	47	0
69	20	0
51	83	0
3	49	0
62	8	0
49	74	0
7	84	0
42	6	0
24	57	0
19	32	0
86	81	0
7	27	0
37	24	0
1	1	0
36	97	0
89	7	0
64	61	0
4	36	0
73	82	0
96	19	0
59	66	0
49	85	0
28	19	0
61	95	0
16	21	0
75	79	0
66	51	0
24	98	0
82	31	0
40	41	0
20	23	0
69	7	0
11	7	0
5	81	0
18	8	0
94	89	0
95	13	0
84	40	0
54	65	0
65	16	0
88	87	0
2	4	0
34	15	0
19	7	0
82	70	0
43	37	0
90	75	0
88	78	0
49	27	0
55	33	0
77	49	0
0	50	0
23	75	0
14	58	0
91	77	0
49	61	0
38	94	0
88	41	0
73	77	0
51	85	0
25	41	0
98	78	0
0	43	0
34	35	0
16	27	0
26	74	0
31	65	0
95	19	0
53	34	0
76	11	0
45	75	0
67	19	0
59	37	0
77	75	0
24	49	0
70	60	0
34	98	0
30	61	0
31	3	0
64	22	0
25	98	0
5	78	0
65	80	0
79	47	0
19	86	0
12	49	0
84	73	0
25	52	0
33	76	0
35	87	0
60	40	0
33	4	0
22	48	0
78	88	0
98	86	0
63	95	0
72	11	0
7	56	0
59	4	0
59	27	0
59	27	0
73	15	0
22	63	0
9	76	0
43	63	0
71	34	0
30	71	0
81	23	0
58	88	0
32	75	0
23	12	0
90	77	0
30	76	0
44	5	0
5	87	0
84	23	0
92	72	0
78	87	0
85	29	0
0	80	0
14	79	0
95	45	0
64	67	0
40	44	0
45	73	0
72	73	0
47	64	0
18	78	0
36	67	0
68	4	0
4	58	0
68	98	0
68	34	0
25	86	0
87	70	0
42	13	0
36	62	0
15	75	0
36	95	0
62	28	0
67	13	0
18	38	0
97	53	0
58	40	0
76	40	0
10	89	0
56	13	0
19	81	0
68	68	0
61	57	0
68	58	0
57	2	0
24	4	0
10	52	0
81	52	0
53	15	0
72	58	0
47	86	0
64	46	0
94	33	0
91	12	0
17	58	0
86	68	0
16	82	0
20	22	0
93	52	0
39	96	0
45	38	0
51	0	0
16	97	0
70	38	0
39	52	0
36	71	0
43	3	0
19	78	0
82	88	0
86	78	0
61	35	0
86	67	0
14	89	0
46	43	0
63	0	0
67	19	0
32	27	0
57	5	0
57	19	0
51	31	0
67	32	0
31	50	0
26	45	0
55	43	0
69	68	0
89	86	0
43	98	0
73	3	0
92	58	0
67	13	0
11	59	0
17	15	0
88	34	0
60	29	0
77	70	0
19	46	0
49	69	0
63	16	0
31	96	0
31	81	0
45	79	0
94	51	0
51	26	0
53	4	0
26	43	0
82	44	0
75	5	0
64	93	0
33	1	0
70	90	0
5	72	0
41	76	0
34	24	0
8	53	0
7	13	0
87	7	0
30	38	0
77	19	0
38	8	0
3	11	0
83	15	0
25	64	0
24	43	0
92	27	0
77	55	0
11	33	0
22	39	0
1	53	0
36	90	0
13	75	0
9	1	0
32	92	0
56	61	0
44	18	0
11	14	0
54	32	0
46	85	0
38	73	0
81	98	0
30	29	0
19	58	0
34	48	0
57	69	0
74	95	0
50	11	0
71	7	0
31	6	0
47	11	0
52	4	0
15	60	0
81	54	0
62	4	0
23	50	0
59	0	0
53	59	0
45	54	0
37	56	0
79	80	0
73	47	0
22	62	0
51	52	0
24	15	0
99	11	0
47	2	0
59	27	0
61	24	0
23	41	0
14	73	0
56	73	0
9	74	0
40	96	0
30	85	0
37	26	0
41	32	0
87	57	0
65	34	0
11	71	0
70	76	0
6	21	1
63	90	0
28	29	0
64	20	0
68	90	0
74	0	0
95	64	0
72	42	0
44	26	0
39	38	0
38	38	0
90	79	0
16	16	0
64	24	0
80	3	0
10	53	0
41	84	0
74	75	0
77	8	0
0	62	0
96	44	0
56	93	0
7	17	0
65	0	0
54	63	0
35	69	0
61	47	0
18	37	0
55	40	0
68	84	0
62	52	0
35	24	0
78	71	0
20	46	0
20	79	0
83	85	0
47	19	0
6	79	0
67	18	0
90	25	0
71	40	0
20	64	0
66	17	0
21	25	0
65	43	0
19	95	0
64	52	0
52	2	0
85	54	0
36	27	0
28	75	0
40	6	0
81	42	0
6	4	0
64	96	0
14	92	0
30	32	0
54	67	0
59	28	0
8	90	0
11	43	0
19	43	0
54	7	0
94	37	0
68	23	0
82	98	0
32	68	0
20	26	0
39	24	0
40	25	0
92	10	0
53	59	0
81	79	0
32	40	0
62	93	0
71	60	0
41	78	0
81	3	0
67	48	0
72	10	0
65	14	0
44	23	0
31	27	0
92	12	0
62	21	0
3	73	0
97	4	0
99	84	0
9	94	0
8	28	1
87	66	0
40	49	0
29	2	0
90	85	0
84	68	0
24	97	0
69	34	0
78	42	0
90	61	0
11	20	0
85	77	0
28	77	0
76	77	0
28	98	0
98	68	0
35	47	0
20	86	0
98	82	0
36	30	0
28	37	0
71	70	0
65	97	0
45	72	0
12	12	0
43	78	0
62	59	0
38	60	0
36	72	0
86	23	0
12	91	0
81	46	0
22	73	0
36	63	0
41	78	0
91	34	0
41	34	0
19	47	0
0	17	0
67	44	0
99	73	0
56	17	0
79	95	0
74	97	0
29	35	0
44	15	0
25	49	0
26	79	0
9	20	1
38	30	0
50	71	0
61	91	0
34	31	0
75	85	0
56	31	0
36	10	0
71	36	0
25	74	0
52	13	0
14	60	0
99	87	0
62	99	0
46	56	0
73	10	0
42	61	0
4	28	1
4	26	1
41	52	0
90	58	0
89	0	0
3	66	0
77	11	0
92	86	0
72	21	0
27	1	0
25	71	0
77	73	0
34	81	0
53	82	0
82	20	0
20	74	0
60	20	0
63	78	0
60	92	0
32	90	0
93	11	0
93	17	0
70	13	0
42	90	0
10	97	0
4	87	0
74	60	0
70	58	0
91	60	0
9	48	0
90	48	0
64	61	0
9	17	0
79	67	0
62	71	0
24	45	0
11	68	0
39	29	0
42	43	0
11	58	0
60	49	0
46	52	0
96	41	0
79	32	0
79	6	0
72	35	0
55	91	0
1	26	1
15	17	0
25	51	0
72	51	0
99	81	0
71	67	0
97	79	0
23	46	0
52	71	0
56	39	0
33	64	0
80	45	0
4	31	0
19	71	0
40	27	0
78	64	0
61	98	0
51	60	0
5	22	1
26	67	0
34	12	0
82	67	0
25	76	0
48	32	0
85	81	0
96	84	0
12	98	0
40	55	0
13	77	0
80	80	0
38	50	0
56	55	0
43	79	0
81	71	0
27	29	0
20	62	0
93	77	0
76	60	0
92	54	0
39	83	0
56	81	0
64	29	0
32	23	0
86	28	0
42	25	0
91	3	0
22	88	0
21	28	0
2	13	0
35	94	0
91	74	0
23	40	0
94	54	0
16	97	0
17	68	0
27	2	0
97	92	0
21	22	0
3	85	0
73	98	0
40	63	0
80	69	0
25	78	0
84	24	0
25	26	0
35	80	0
24	71	0
36	23	0
24	36	0
17	38	0
98	65	0
83	16	0
51	12	0
72	10	0
86	48	0
31	14	0
46	27	0
93	32	0
6	53	0
46	90	0
15	54	0
14	82	0
77	58	0
50	96	0
58	49	0
74	79	0
41	26	0
95	74	0
39	64	0
93	47	0
11	70	0
65	46	0
25	64	0
69	33	0
4	28	1
58	39	0
87	78	0
89	83	0
89	94	0
26	82	0
21	40	0
46	48	0
46	59	0
35	24	0
26	10	0
37	64	0
13	50	0
61	7	0
76	82	0
86	54	0
91	6	0
13	45	0
7	3	0
81	94	0
9	80	0
51	26	0
53	34	0
76	14	0
18	1	0
56	7	0
12	39	0
1	34	0
50	16	0
52	3	0
1	26	1
32	79	0
58	23	0
35	96	0
81	2	0
30	41	0
52	61	0
67	19	0
96	59	0
60	65	0
43	65	0
46	93	0
84	95	0
16	12	0
93	61	0
15	63	0
88	69	0
54	86	0
11	32	0
16	59	0
97	43	0
25	77	0
90	98	0
68	84	0
47	2	0
38	62	0
77	54	0
36	86	0
73	46	0
88	76	0
76	27	0
12	64	0
13	62	0
89	92	0
71	32	0
57	64	0
57	5	0
16	20	0
77	63	0
33	30	0
12	66	0
38	53	0
50	48	0
31	12	0
61	30	0
8	86	0
19	45	0
9	64	0
0	55	0
83	65	0
27	20	0
60	22	0
99	17	0
87	6	0
52	63	0
0	71	0
57	32	0
34	28	0
11	13	0
17	20	0
75	67	0
65	23	0
33	41	0
43	75	0
58	79	0
13	89	0
24	72	0
51	82	0
27	41	0
77	93	0
55	30	0
35	83	0
20	9	0
53	17	0
12	42	0
59	43	0
72	7	0
26	75	0
85	67	0
66	52	0
52	47	0
42	18	0
0	73	0
81	71	0
70	51	0
45	38	0
73	63	0
74	77	0
74	46	0
63	11	0
94	75	0
82	17	0
1	75	0
73	63	0
0	26	1
8	29	1
26	3	0
48	30	0
0	5	0
9	49	0
23	74	0
30	97	0
32	47	0
97	31	0
8	48	0
61	89	0
23	86	0
5	32	1
99	62	0
40	62	0
7	23	1
84	49	0
24	0	0
60	23	0
60	6	0
14	4	0
25	84	0
47	60	0
83	74	0
68	43	0
10	3	0
28	31	0
57	8	0
6	28	1
4	76	0
75	7	0
44	64	0
56	45	0
68	97	0
13	40	0
12	94	0
91	50	0
23	22	0
93	78	0
60	62	0
67	33	0
50	30	0
99	21	0
90	59	0
17	58	0
7	90	0
31	44	0
0	91	0
3	95	0
91	22	0
32	53	0
2	92	0
53	2	0
66	7	0
48	46	0
26	15	0
66	42	0
41	25	0
16	83	0
26	34	0
57	2	0
4	42	0
93	50	0
97	4	0
55	54	0
36	3	0
39	23	0
13	97	0
59	75	0
28	62	0
10	11	0
38	25	0
8	83	0
4	73	0
68	47	0
83	48	0
54	34	0
14	77	0
23	32	0
88	78	0
67	29	0
47	77	0
70	97	0
24	13	0
9	88	0
65	18	0
59	81	0
37	42	0
93	67	0
36	75	0
99	20	0
83	18	0
99	20	0
88	85	0
41	55	0
19	78	0
74	11	0
34	1	0
67	80	0
66	74	0
19	44	0
67	52	0
58	81	0
79	24	0
92	54	0
6	67	0
61	44	0
28	31	0
94	23	0
66	41	0
69	17	0
92	98	0
76	71	0
50	75	0
79	36	0
57	66	0
13	96	0
32	6	0
3	93	0
17	80	0
57	61	0
67	92	0
81	11	0
92	97	0
80	2	0
11	2	0
89	75	0
64	12	0
99	27	0
77	63	0
53	42	0
18	60	0
63	91	0
63	68	0
0	48	0
12	39	0
43	93	0
2	82	0
58	3	0
41	48	0
9	66	0
39	35	0
17	32	0
11	43	0
98	54	0
51	35	0
5	48	0
25	87	0
84	63	0
1	12	0
87	95	0
24	79	0
62	41	0
40	55	0
95	41	0
59	41	0
4	8	0
10	11	0
5	53	0
19	54	0
99	75	0
71	47	0
99	68	0
9	52	0
77	59	0
19	79	0
0	4	0
77	78	0
3	17	0
24	68	0
37	8	0
32	26	0
4	72	0
43	90	0
1	6	0
73	47	0
53	56	0
80	62	0
86	78	0
40	88	0
32	24	0
3	65	0
6	13	0
37	70	0
52	45	0
56	55	0
80	16	0
