91	66	0
38	4	0
37	34	0
63	97	0
19	9	0
99	45	0
94	84	0
49	9	0
61	75	0
54	21	0
87	51	0
1	85	0
14	1	0
21	76	0
96	24	0
79	76	0
56	34	0
18	55	0
88	62	0
99	6	0
48	89	0
58	66	0
75	90	0
54	7	0
29	76	0
48	16	0
84	69	0
64	87	0
89	77	0
4	27	0
51	15	0
40	20	0
93	32	0
26	53	0
86	65	0
13	86	0
37	98	0
90	27	0
74	84	0
40	3	0
25	68	0
93	63	0
96	72	0
54	64	0
98	45	0
0	78	0
61	6	0
96	65	0
15	71	0
70	14	0
11	76	0
60	96	0
34	76	0
98	69	0
48	42	0
28	25	0
91	80	0
99	99	0
96	8	0
14	94	0
99	15	0
28	11	0
75	77	0
39	5	0
12	96	0
90	6	0
35	86	0
62	93	0
42	63	0
5	31	0
73	88	0
8	61	0
94	31	0
29	85	0
57	93	0
62	34	0
32	95	0
62	96	0
3	19	0
99	7	0
97	21	0
41	67	0
83	40	0
90	56	0
49	15	0
32	4	0
67	50	0
9	92	0
52	6	0
53	80	0
48	1	0
50	40	0
84	42	0
32	62	0
74	49	0
3	56	0
81	86	0
0	83	0
33	95	0
99	57	0
63	13	0
40	69	0
35	69	0
63	3	0
69	49	0
4	66	0
33	7	0
12	40	0
37	40	0
64	78	0
47	42	0
12	97	0
85	9	0
44	83	0
79	71	0
95	5	0
72	90	0
53	74	0
36	18	0
56	97	0
92	67	0
72	62	0
20	99	0
59	35	0
31	15	0
19	45	0
78	8	0
3	59	0
96	61	0
98	17	0
81	44	0
42	51	0
53	8	0
78	69	0
21	13	0
34	21	0
96	59	0
37	38	0
61	75	0
68	84	0
53	31	0
43	42	0
58	38	0
17	42	0
28	45	0
19	53	0
84	94	0
44	61	0
34	95	0
73	43	0
71	68	0
51	75	0
86	68	0
23	22	0
54	52	0
18	14	0
15	76	0
35	64	0
91	37	0
41	42	0
83	10	0
42	84	0
53	25	0
44	52	0
76	78	0
25	69	0
54	67	0
36	80	0
33	48	0
40	13	0
60	13	0
40	84	0
30	69	0
80	74	0
86	63	0
29	94	0
95	75	0
26	45	0
22	76	0
52	70	0
50	53	0
23	12	0
78	88	0
90	79	0
55	65	0
63	32	0
1	51	0
57	0	0
78	49	0
62	22	0
83	24	0
19	53	0
7	51	0
44	55	0
71	25	0
37	65	0
84	26	0
38	93	0
31	72	0
41	24	0
77	82	0
43	57	0
32	9	0
23	79	0
54	9	0
92	85	0
58	94	0
92	5	0
6	75	0
20	66	0
97	27	0
46	83	0
33	35	0
57	71	0
56	65	0
43	65	0
18	79	0
27	59	0
63	0	0
7	63	0
61	78	0
92	39	0
41	90	0
84	59	0
66	21	0
49	69	0
18	84	0
36	97	0
48	31	0
76	42	0
88	57	0
72	46	0
68	65	0
9	44	0
53	14	0
9	90	0
59	52	0
69	41	0
69	27	0
58	9	0
7	50	0
87	20	0
39	8	0
64	68	0
57	82	0
75	36	0
98	37	0
96	4	0
2	46	0
95	76	0
21	99	0
97	80	0
26	95	0
62	33	0
70	25	0
16	82	0
81	25	0
32	65	0
32	73	0
45	1	0
29	98	0
77	90	0
68	87	0
88	50	0
95	66	0
14	99	0
40	71	0
70	2	0
72	43	0
34	19	0
37	1	0
46	9	0
53	50	0
79	45	0
37	46	0
33	48	0
34	71	0
74	89	0
83	64	0
59	81	0
86	4	0
87	42	0
67	7	0
19	43	0
71	39	0
70	51	0
75	67	0
12	35	0
36	65	0
66	17	0
17	89	0
32	84	0
21	73	0
83	64	0
53	15	0
28	3	0
32	54	0
79	72	0
63	10	0
78	91	0
19	3	0
50	96	0
11	72	0
45	97	0
47	38	0
0	49	0
72	34	0
75	7	0
57	10	0
80	8	0
37	58	0
15	58	0
71	25	0
89	64	0
9	12	0
5	68	0
31	94	0
8	90	0
43	98	0
58	72	0
54	43	0
71	5	0
47	84	0
44	64	0
86	99	0
38	26	0
7	54	0
25	48	0
61	51	0
74	84	0
30	23	0
83	28	0
36	4	0
53	3	0
57	15	0
37	41	0
74	66	0
78	9	0
11	45	0
37	11	0
51	60	0
45	35	0
27	49	0
87	78	0
76	55	0
16	49	0
61	35	0
90	8	0
63	8	0
57	25	0
49	42	0
36	33	0
6	78	0
62	81	0
29	72	0
22	97	0
33	90	0
50	14	0
40	40	0
94	45	0
85	48	0
0	63	0
80	73	0
72	77	0
77	29	0
84	92	0
82	1	0
74	56	0
81	69	0
31	24	0
64	47	0
28	43	1
92	76	0
69	11	0
99	25	0
25	51	0
43	90	0
72	70	0
80	15	0
13	71	0
90	31	0
60	92	0
81	24	0
75	39	0
47	52	0
56	42	0
30	49	0
63	88	0
78	30	0
42	24	0
70	76	0
28	61	0
18	97	0
92	94	0
42	37	0
3	92	0
57	47	0
93	10	0
76	37	0
17	68	0
60	45	0
38	29	0
52	45	0
12	99	0
86	22	0
49	5	0
84	39	0
53	48	0
29	87	0
20	5	0
61	52	0
55	90	0
9	52	0
43	84	0
33	82	0
52	29	0
20	84	0
12	39	0
65	13	0
78	27	0
84	0	0
88	89	0
20	67	0
52	21	0
85	7	0
84	57	0
72	92	0
4	30	0
63	92	0
94	63	0
31	82	0
77	1	0
53	59	0
70	30	0
70	11	0
43	26	0
38	15	0
98	6	0
90	39	0
6	91	0
79	14	0
88	97	0
23	87	0
95	64	0
42	52	0
15	30	0
77	96	0
65	41	0
7	97	0
68	34	0
79	40	0
77	42	0
88	67	0
27	60	0
84	59	0
36	88	0
90	77	0
26	88	0
94	83	0
44	33	0
55	64	0
65	96	0
41	66	0
67	97	0
66	52	0
31	59	0
40	65	0
85	5	0
9	91	0
95	52	0
21	88	0
47	76	0
48	78	0
91	44	0
35	50	0
44	19	0
82	61	0
61	12	0
86	91	0
54	92	0
48	47	0
52	14	0
39	39	0
53	89	0
37	24	0
45	63	0
79	71	0
35	11	0
96	95	0
59	11	0
4	10	0
45	34	0
22	75	0
46	2	0
16	69	0
91	86	0
60	84	0
62	49	0
59	7	0
43	68	0
36	54	0
95	54	0
88	6	0
7	74	0
76	4	0
52	74	0
60	26	0
38	14	0
30	63	0
83	83	0
31	74	0
37	80	0
77	30	0
20	46	0
69	33	0
42	64	0
61	92	0
29	99	0
92	10	0
92	28	0
64	12	0
28	78	0
29	96	0
30	82	0
74	50	0
81	77	0
82	88	0
6	39	0
73	41	0
72	77	0
73	61	0
56	78	0
10	80	0
17	64	0
35	17	0
48	16	0
3	39	0
42	48	0
30	49	0
85	30	0
87	39	0
75	8	0
75	48	0
50	56	0
26	51	0
53	26	0
92	78	0
52	94	0
84	62	0
34	64	0
33	91	0
79	53	0
32	52	0
78	28	0
28	45	0
33	15	0
92	55	0
74	98	0
50	55	0
4	52	0
47	6	0
55	59	0
44	89	0
30	31	1
73	89	0
97	61	0
9	87	0
66	44	0
5	62	0
72	54	0
35	62	0
53	57	0
39	82	0
62	66	0
3	59	0
62	62	0
70	46	0
75	51	0
31	71	0
63	84	0
53	6	0
94	19	0
57	35	0
93	6	0
15	77	0
31	42	1
37	73	0
82	68	0
22	51	0
78	74	0
17	92	0
15	82	0
85	85	0
48	30	0
1	66	0
72	96	0
50	63	0
93	64	0
20	99	0
92	35	0
16	9	0
33	74	0
21	85	0
37	10	0
14	44	0
11	25	0
84	73	0
99	21	0
57	13	0
70	32	0
91	24	0
34	9	0
33	65	0
92	29	0
7	62	0
50	92	0
1	51	0
28	78	0
74	54	0
49	99	0
77	48	0
68	89	0
26	43	1
70	65	0
45	55	0
74	71	0
8	77	0
53	35	0
26	84	0
84	49	0
74	28	0
88	72	0
93	98	0
90	86	0
43	75	0
68	38	0
54	62	0
36	20	0
32	10	0
38	73	0
3	44	0
67	12	0
58	77	0
85	79	0
88	2	0
14	49	0
59	82	0
17	93	0
57	5	0
54	37	0
64	23	0
48	23	0
43	13	0
82	9	0
34	96	0
66	18	0
32	98	0
98	17	0
23	45	1
43	59	0
71	31	0
80	99	0
71	69	0
40	64	0
61	95	0
78	65	0
92	46	0
12	60	0
85	82	0
80	95	0
13	69	0
99	47	0
27	67	0
98	86	0
48	98	0
33	14	0
70	65	0
93	50	0
53	75	0
69	74	0
94	66	0
73	40	0
18	58	0
2	58	0
63	80	0
69	31	0
48	48	0
56	4	0
35	25	0
95	74	0
14	57	0
31	41	1
69	27	0
47	3	0
56	19	0
16	92	0
10	58	0
7	78	0
67	50	0
94	22	0
86	39	0
89	1	0
61	87	0
9	54	0
61	32	0
54	52	0
42	86	0
98	19	0
57	60	0
36	90	0
19	90	0
42	66	0
30	90	0
35	11	0
68	74	0
49	22	0
38	73	0
49	44	0
4	42	0
74	59	0
62	15	0
29	83	0
94	49	0
27	56	0
19	25	0
7	66	0
84	56	0
74	62	0
46	48	0
87	65	0
93	70	0
63	42	0
64	18	0
80	65	0
77	24	0
6	51	0
78	84	0
32	31	1
62	32	0
16	66	0
4	87	0
28	93	0
35	52	0
85	25	0
4	51	0
48	94	0
3	91	0
86	60	0
47	33	0
88	33	0
13	16	0
43	36	0
73	11	0
26	82	0
48	54	0
98	63	0
88	34	0
0	0	0
4	39	0
55	16	0
3	53	0
82	8	0
55	81	0
30	29	0
91	86	0
2	11	0
37	97	0
96	48	0
40	4	0
86	99	0
47	61	0
57	61	0
36	30	0
92	36	0
89	86	0
7	58	0
7	74	0
17	50	0
18	76	0
16	90	0
63	23	0
35	60	0
16	88	0
40	21	0
64	19	0
39	61	0
60	47	0
48	10	0
34	69	0
34	30	1
90	16	0
3	32	0
80	46	0
93	18	0
52	46	0
32	23	0
50	6	0
21	94	0
44	69	0
47	67	0
23	9	0
22	89	0
13	80	0
72	43	0
91	38	0
30	29	1
28	68	0
86	99	0
48	22	0
70	75	0
60	88	0
7	92	0
80	34	0
48	58	0
15	27	0
91	73	0
54	56	0
94	15	0
72	10	0
82	24	0
65	94	0
54	51	0
40	45	0
66	23	0
47	8	0
57	86	0
56	78	0
14	59	0
77	39	0
54	91	0
93	29	0
93	58	0
38	82	0
35	63	0
84	33	0
45	50	0
76	10	0
95	99	0
77	71	0
43	81	0
74	41	0
71	87	0
11	75	0
52	14	0
9	94	0
12	63	0
50	67	0
73	80	0
67	15	0
99	91	0
86	9	0
93	98	0
65	6	0
85	29	0
73	62	0
55	33	0
17	80	0
45	89	0
64	84	0
27	45	0
6	31	0
22	85	0
12	75	0
43	14	0
43	48	0
22	59	0
34	44	1
3	48	0
86	44	0
41	22	0
6	64	0
29	85	0
65	89	0
91	49	0
7	68	0
69	39	0
35	68	0
77	49	0
60	30	0
8	54	0
26	54	0
87	42	0
69	54	0
81	57	0
3	68	0
70	49	0
3	83	0
1	3	0
92	71	0
11	61	0
28	1	0
34	23	0
6	97	0
21	78	0
88	41	0
72	69	0
87	61	0
77	79	0
52	64	0
65	39	0
6	72	0
43	69	0
28	58	0
71	48	0
89	14	0
