94	63	0
26	0	0
30	31	0
62	98	0
19	3	0
91	41	0
99	92	0
58	15	0
60	76	0
62	27	0
81	52	0
4	89	0
13	8	0
20	87	0
96	25	0
79	77	0
54	41	0
16	61	0
88	53	0
97	14	0
46	97	0
63	66	0
73	78	0
53	4	0
27	76	0
52	18	0
89	74	0
68	91	0
90	78	0
2	36	0
50	12	0
42	23	0
95	27	0
17	58	1
81	65	0
11	87	0
36	94	0
88	19	0
80	83	0
41	8	0
36	66	0
89	70	0
92	72	0
55	64	0
99	49	0
14	84	0
75	4	0
99	63	0
18	71	0
70	10	0
9	74	0
55	84	0
28	71	0
95	68	0
46	37	0
39	31	0
93	86	0
99	91	0
99	6	0
19	99	0
98	14	0
32	3	0
72	89	0
36	1	0
6	95	0
89	14	0
31	81	0
64	94	0
45	60	0
8	31	0
68	82	0
15	53	1
88	29	0
29	88	0
56	98	0
63	29	0
29	93	0
62	97	0
1	15	0
99	9	0
88	18	0
52	72	0
88	35	0
94	59	0
50	18	0
30	11	0
69	52	0
3	94	0
51	0	0
45	67	0
47	9	0
60	29	0
84	33	0
32	65	0
82	47	0
2	60	0
81	93	0
3	91	0
41	93	0
96	52	0
70	13	0
37	71	0
31	59	0
59	4	0
68	54	0
8	65	0
33	1	0
8	48	0
37	49	0
63	80	0
42	39	0
10	91	0
79	29	0
45	82	0
76	65	0
91	8	0
75	93	0
60	69	0
28	22	0
61	93	0
97	76	0
73	58	0
28	95	0
66	32	0
32	18	0
71	7	0
12	57	0
94	75	0
97	25	0
90	49	0
36	52	0
55	1	0
77	62	0
16	24	0
47	26	0
99	57	0
47	32	0
60	80	0
61	80	0
49	26	0
38	38	0
58	35	0
9	52	0
17	44	1
22	59	0
72	88	0
47	60	0
42	95	0
72	39	0
74	64	0
50	65	0
91	64	0
19	20	0
52	54	0
21	13	0
10	76	0
32	63	0
85	40	0
38	47	0
90	0	0
38	84	0
58	28	0
41	42	0
75	79	0
28	70	0
52	66	0
43	89	0
37	52	0
42	14	0
53	16	0
39	93	0
26	65	0
75	81	0
94	64	0
22	98	0
99	73	0
29	50	0
24	73	0
49	72	0
57	55	0
16	23	0
73	87	0
98	77	0
49	64	0
63	29	0
4	44	0
56	8	0
71	52	0
55	17	0
78	21	0
20	50	1
1	48	0
44	54	0
67	31	0
40	67	0
86	24	0
39	96	0
25	61	0
39	19	1
78	84	0
44	53	0
25	10	0
27	78	0
64	7	0
94	86	0
46	92	0
96	2	0
8	68	0
18	69	0
98	34	0
51	88	0
25	50	1
55	75	0
69	65	0
46	62	0
21	75	0
20	53	0
68	1	0
10	56	0
60	80	0
94	49	0
42	86	0
81	64	0
82	22	0
49	73	0
22	77	0
35	99	0
45	28	0
76	31	0
79	43	0
57	43	0
73	69	0
7	45	0
64	25	0
21	98	0
58	65	0
79	43	0
69	29	0
53	6	0
6	45	0
95	21	0
37	22	0
69	73	0
61	89	0
72	44	0
94	34	0
95	12	0
1	35	0
88	74	0
33	96	0
95	78	0
35	98	0
60	33	0
77	35	0
17	89	0
89	23	0
27	59	0
30	74	0
49	12	0
32	93	0
79	88	0
79	81	0
94	53	0
97	61	0
11	90	0
37	74	0
77	7	0
75	47	0
33	19	0
38	1	0
51	26	0
51	52	0
85	49	0
32	55	0
40	48	0
28	80	0
74	87	0
84	57	0
57	77	0
82	8	0
92	41	0
63	10	0
26	42	0
82	44	0
78	51	0
70	71	0
5	39	0
31	66	0
60	22	0
18	92	0
30	80	0
14	79	0
87	77	0
49	14	0
35	1	0
35	53	0
79	71	0
63	5	0
83	94	0
22	0	0
49	91	0
8	67	0
49	90	0
47	35	0
8	48	0
75	33	0
75	10	0
48	14	0
75	14	0
39	63	0
6	52	0
72	18	0
83	59	0
6	7	0
7	63	0
34	96	0
10	84	0
51	97	0
49	68	0
64	42	0
70	5	0
46	81	0
47	71	0
99	88	0
36	24	1
0	55	0
32	46	1
59	47	0
74	77	0
31	32	1
84	26	0
34	3	0
48	0	0
50	18	0
43	33	0
74	60	0
63	16	0
17	53	0
31	11	0
46	59	0
42	37	0
31	42	1
90	74	0
85	58	0
9	49	0
59	34	0
96	10	0
64	13	0
69	23	0
44	41	0
41	36	0
5	71	0
67	83	0
40	75	0
16	99	0
25	76	0
54	12	0
39	38	0
98	36	0
85	43	0
4	62	0
81	63	0
75	83	0
81	26	0
78	87	0
78	1	0
72	71	0
78	61	0
29	33	1
61	51	0
88	73	0
64	9	0
94	17	0
31	49	0
48	94	0
62	73	0
81	15	0
24	69	0
99	25	0
67	96	0
89	18	0
62	27	0
32	58	0
63	37	0
35	53	0
53	87	0
79	37	0
35	18	1
75	86	0
37	54	0
17	95	0
97	96	0
48	30	0
3	92	0
52	49	0
91	9	0
82	38	0
25	65	0
64	56	0
36	21	1
56	51	0
11	97	0
80	26	0
42	7	0
89	51	0
51	46	0
33	90	0
14	8	0
58	60	0
54	98	0
1	46	0
40	80	0
40	83	0
52	27	0
23	82	0
18	29	0
73	1	0
72	15	0
89	4	0
87	91	0
19	68	0
45	21	0
84	0	0
77	57	0
73	93	0
2	26	0
60	96	0
99	66	0
34	79	0
83	5	0
44	60	0
71	20	0
67	9	0
39	19	1
44	16	0
98	8	0
85	38	0
10	91	0
81	11	0
91	91	0
26	96	0
98	74	0
40	46	0
16	28	0
79	96	0
63	46	0
5	85	0
67	37	0
78	37	0
69	39	0
81	69	0
29	67	0
93	65	0
40	93	0
92	72	0
25	97	0
90	86	0
41	36	0
61	66	0
63	99	0
49	62	0
59	94	0
76	54	0
41	46	0
36	56	0
86	1	0
1	86	0
96	58	0
21	85	0
43	67	0
43	83	0
86	42	0
33	52	0
42	23	0
84	55	0
69	12	0
83	97	0
47	94	0
39	56	0
49	13	0
37	44	0
57	99	0
45	16	0
40	66	0
81	78	0
36	11	0
96	91	0
65	4	0
6	5	0
45	35	0
20	70	0
46	3	0
11	72	0
89	81	0
64	84	0
64	40	0
69	0	0
40	61	0
44	63	0
97	56	0
94	2	0
11	75	0
84	4	0
55	70	0
55	27	0
35	9	0
31	63	0
82	86	0
34	68	0
47	80	0
65	33	0
23	52	1
72	33	0
43	56	0
67	94	0
24	98	0
95	17	0
96	19	0
73	14	0
21	65	0
30	97	0
24	90	0
65	42	0
77	81	0
79	94	0
4	37	0
64	39	0
72	82	0
71	60	0
64	81	0
9	86	0
16	79	0
42	20	0
47	16	0
7	35	0
41	43	0
37	43	0
98	30	0
86	40	0
79	9	0
76	43	0
55	56	0
29	44	1
42	26	0
93	79	0
47	93	0
82	56	0
39	69	0
37	89	0
79	55	0
24	51	1
77	23	0
29	14	0
94	49	0
78	93	0
49	48	0
7	48	0
47	12	0
48	52	0
41	83	0
68	91	0
94	60	0
11	79	0
70	50	0
13	64	0
64	48	0
43	70	0
54	52	0
47	75	0
63	74	0
3	64	0
66	66	0
77	49	0
85	55	0
36	69	0
64	86	0
42	12	0
99	21	0
53	47	0
91	3	0
8	85	0
37	82	0
87	66	0
16	48	1
75	72	0
17	92	0
17	80	0
83	85	0
42	24	0
4	71	0
67	98	0
52	62	0
92	69	0
23	98	0
83	40	0
15	1	0
39	71	0
24	80	0
35	17	0
17	55	1
13	18	0
86	65	0
98	19	0
48	12	0
68	40	0
87	11	0
22	7	0
33	64	0
81	32	0
10	63	0
54	81	0
2	48	0
25	74	0
75	59	0
51	99	0
72	52	0
74	80	0
73	58	0
47	55	0
76	75	0
7	80	0
41	40	0
28	81	0
81	48	0
68	30	0
92	51	0
97	98	0
90	89	0
39	71	0
78	46	0
57	55	0
33	22	1
36	20	1
36	64	0
6	42	0
67	4	0
71	76	0
90	81	0
89	6	0
17	48	1
57	80	0
7	93	0
51	10	0
51	27	0
68	24	0
60	22	0
38	20	0
77	11	0
35	89	0
69	20	0
32	95	0
99	20	0
41	64	0
64	35	0
68	99	0
78	69	0
34	78	0
65	98	0
90	64	0
90	43	0
15	64	0
90	82	0
72	93	0
17	58	0
99	47	0
32	73	0
93	86	0
51	92	0
30	15	0
76	73	0
97	50	0
46	85	0
75	74	0
97	56	0
80	40	0
30	55	0
3	58	0
59	81	0
66	26	0
49	43	0
48	10	0
33	23	1
86	79	0
15	50	0
65	28	0
46	10	0
52	22	0
5	87	0
11	55	0
9	77	0
69	43	0
95	23	0
93	24	0
98	0	0
68	94	0
5	56	0
62	21	0
56	50	0
36	83	0
92	26	0
59	53	0
33	85	0
20	94	0
37	66	0
21	98	0
32	8	0
72	71	0
47	17	0
41	75	0
50	44	0
3	43	0
68	65	0
66	18	0
26	90	0
94	53	0
26	46	1
18	30	0
15	68	0
80	61	0
64	57	0
45	42	0
95	61	0
97	65	0
65	47	0
57	12	0
71	63	0
84	37	0
8	41	0
89	79	0
51	36	0
21	74	0
1	83	0
26	98	0
26	60	0
94	25	0
0	54	0
58	89	0
5	87	0
87	64	0
50	30	0
88	28	0
19	20	0
30	33	0
72	12	0
29	72	0
45	56	0
99	58	0
87	37	0
6	0	0
3	46	0
54	19	0
5	43	0
76	8	0
49	72	0
25	29	1
90	88	0
0	10	0
43	99	0
93	40	0
37	2	0
91	88	0
55	62	0
71	64	0
39	42	0
91	35	0
93	76	0
10	65	0
8	77	0
7	43	0
22	68	0
14	88	0
64	17	0
32	57	0
10	92	0
36	15	0
60	10	0
35	65	0
64	44	0
43	7	0
40	79	0
97	21	0
7	26	0
74	44	0
90	23	0
47	44	0
25	25	0
46	3	0
18	90	0
47	67	0
30	59	0
28	17	0
22	96	0
21	76	0
61	45	0
93	49	0
32	75	0
83	94	0
51	27	0
65	69	0
58	92	0
3	88	0
82	40	0
51	53	0
10	22	0
97	68	0
53	54	0
97	21	0
72	14	0
83	28	0
59	98	0
47	46	0
44	37	0
68	26	0
45	1	0
51	92	0
50	75	0
18	46	1
80	31	0
57	91	0
93	45	0
87	56	0
37	77	0
31	67	0
82	29	0
50	39	0
73	7	0
94	92	0
78	77	0
52	69	0
74	46	0
77	92	0
16	78	0
53	16	0
17	99	0
9	57	0
43	57	0
75	84	0
62	16	0
99	93	0
88	15	0
99	98	0
65	8	0
74	24	0
65	60	0
56	32	0
23	87	0
48	87	0
77	81	0
8	35	0
18	78	0
6	76	0
36	9	0
41	47	0
19	53	0
3	45	0
84	44	0
46	21	0
13	65	0
25	85	0
66	98	0
95	45	0
1	71	0
69	46	0
32	74	0
80	53	0
75	30	0
4	51	0
27	56	0
85	41	0
71	55	0
83	50	0
11	66	0
62	52	0
0	87	0
1	6	0
87	65	0
15	67	0
23	9	0
37	25	1
4	96	0
19	82	0
93	41	0
74	78	0
83	59	0
89	81	0
50	66	0
62	42	0
0	66	0
49	62	0
32	64	0
60	49	0
91	22	0
