99	66	0
24	11	0
60	96	0
5	5	0
95	46	0
99	97	0
40	76	0
59	22	1
76	54	0
1	88	0
2	8	0
20	95	0
97	38	0
65	76	0
37	32	0
88	72	0
96	26	0
57	98	0
36	75	0
84	64	0
49	16	0
26	81	0
58	26	1
82	69	0
81	80	0
82	80	0
8	23	0
47	39	0
86	24	0
84	69	0
8	74	0
31	93	0
83	11	0
66	92	0
32	7	1
52	70	0
79	72	0
97	64	0
61	59	0
97	33	0
14	69	0
67	2	1
92	67	0
18	76	0
52	1	0
10	73	0
34	95	0
25	64	1
88	53	0
44	38	0
31	15	0
96	87	0
88	97	0
90	15	0
28	83	0
98	14	0
16	13	0
76	88	0
2	89	0
89	8	0
25	65	0
65	87	0
45	60	1
12	26	0
72	78	0
84	33	0
21	93	0
46	97	0
68	30	0
34	92	0
46	94	0
19	16	0
98	15	0
79	24	0
49	75	0
88	31	0
77	61	0
55	14	1
61	37	0
0	99	0
73	8	0
51	79	0
59	31	1
86	4	0
90	64	0
1	62	0
72	87	0
2	78	0
34	97	0
98	60	0
83	29	0
35	72	0
73	6	0
60	48	0
10	69	0
35	3	0
66	68	0
56	29	0
3	99	0
95	29	0
43	74	0
77	67	0
89	0	0
63	84	0
66	83	0
1	27	0
60	86	0
89	85	0
80	50	0
24	88	0
69	38	0
76	0	0
97	59	0
90	33	0
98	48	0
23	48	0
54	66	0
9	21	0
48	32	0
88	64	0
52	78	0
61	74	0
60	17	1
44	37	0
62	72	0
47	59	0
40	97	0
73	41	0
61	71	0
57	76	0
90	54	0
26	14	0
48	37	0
21	17	0
19	77	0
28	53	1
77	46	0
51	37	1
89	9	0
26	85	0
24	38	0
68	74	0
25	69	1
57	61	0
42	75	0
41	4	0
47	14	1
39	90	0
27	68	1
72	78	0
97	58	0
23	96	0
87	73	0
30	56	0
16	74	0
51	73	0
16	38	0
75	81	0
92	80	0
43	70	0
83	48	0
54	54	0
58	20	1
65	16	0
46	57	1
55	17	1
25	64	1
93	32	0
29	97	0
27	59	1
71	86	0
43	47	1
30	23	0
41	78	0
52	13	0
95	99	0
29	82	0
99	11	0
24	79	0
99	33	0
60	99	0
75	78	0
64	60	0
30	52	0
9	64	0
60	0	0
70	95	0
99	52	0
45	86	0
65	73	0
84	17	0
57	77	0
37	82	0
34	86	0
24	19	0
64	22	0
81	52	0
56	42	0
74	66	0
68	27	0
18	95	0
55	64	0
88	39	0
73	43	0
47	8	0
8	40	1
94	27	0
76	83	0
71	91	0
75	59	0
94	29	0
94	20	0
0	33	1
86	78	0
37	93	0
73	84	0
43	93	0
36	38	0
92	31	0
21	98	0
88	23	0
23	50	0
25	85	0
53	12	1
28	98	0
72	89	0
77	79	0
93	58	0
94	53	0
24	90	0
48	81	0
76	12	0
83	56	0
47	7	0
33	31	0
41	56	1
76	37	0
24	58	0
41	46	0
23	73	0
73	94	0
97	58	0
54	72	0
93	3	0
90	43	0
64	11	1
98	46	0
67	55	0
69	82	0
4	35	1
41	68	0
71	27	0
8	82	0
31	60	0
12	89	0
91	61	0
40	9	1
81	68	0
89	7	0
96	81	0
26	2	0
35	91	0
26	67	0
59	91	0
42	30	0
79	17	0
94	8	0
92	19	0
46	51	1
75	26	0
77	58	0
4	3	0
4	60	1
29	97	0
23	71	0
56	96	0
35	71	0
85	45	0
63	10	1
50	87	0
58	61	0
97	87	0
61	40	0
67	92	0
82	17	0
22	13	0
47	1	0
49	20	1
32	24	0
94	50	0
79	11	0
21	44	0
19	25	0
40	50	1
50	34	0
93	74	0
95	64	0
71	30	0
90	7	0
67	6	0
77	13	0
45	38	1
38	17	0
12	72	0
83	91	0
47	87	0
2	99	0
31	47	0
49	36	0
75	37	0
62	51	0
79	77	0
84	79	0
67	30	0
69	82	0
70	6	0
93	49	0
74	50	0
62	53	0
94	73	0
75	19	0
95	17	0
18	41	0
68	96	0
60	68	0
82	22	0
16	75	0
96	42	0
59	97	0
96	32	0
67	23	0
34	59	0
54	46	0
33	70	1
61	85	0
73	31	0
79	72	0
18	87	0
98	94	0
0	80	0
98	0	0
87	23	0
47	73	0
49	53	0
64	45	0
18	90	0
72	36	0
95	59	0
45	26	0
33	93	0
34	10	0
40	43	1
53	87	0
37	91	0
39	82	0
16	74	0
13	22	0
67	1	0
74	36	0
95	12	0
82	96	0
30	65	1
29	25	0
69	10	0
61	39	0
65	98	0
2	24	0
46	90	0
89	43	0
23	82	0
78	0	0
44	61	1
62	25	0
54	11	1
85	18	0
89	44	0
18	87	0
73	14	0
82	99	0
33	95	0
89	67	0
10	31	0
65	98	0
67	42	0
13	79	0
66	24	0
85	45	0
80	42	0
76	61	0
20	48	0
91	54	0
20	96	0
92	60	0
19	96	0
85	86	0
41	19	0
74	77	0
59	97	0
45	40	1
63	98	0
78	53	0
46	52	1
25	61	1
85	10	0
3	76	0
74	57	0
22	95	0
42	51	1
48	68	0
80	31	0
24	57	0
50	36	0
89	54	0
70	21	0
76	81	0
45	98	0
38	48	1
65	97	0
37	90	0
92	86	0
87	75	0
77	7	0
21	0	0
47	37	0
33	59	0
3	80	0
83	83	0
67	79	0
65	53	0
68	16	0
41	66	0
35	73	0
79	57	0
94	0	0
18	71	0
82	5	0
58	54	0
38	40	0
84	92	0
24	76	0
56	91	0
71	19	0
74	16	0
44	60	0
61	84	0
23	96	0
89	20	0
83	17	0
77	23	0
13	67	0
14	92	0
15	85	0
50	32	1
65	86	0
76	94	0
0	34	1
60	53	0
82	91	0
75	58	0
68	66	0
16	93	0
7	78	0
43	27	0
6	23	0
39	38	0
25	53	0
96	34	0
80	48	0
63	10	1
66	44	0
54	53	0
44	26	0
93	76	0
56	82	0
80	51	0
28	55	1
40	94	0
75	55	0
26	7	0
96	50	0
62	91	0
35	31	0
53	57	1
28	98	0
66	99	0
86	67	0
28	85	0
62	42	0
7	77	0
54	57	1
43	71	0
69	57	0
61	72	0
58	89	0
11	50	0
62	55	0
83	46	0
79	59	0
36	74	0
66	91	0
43	30	0
97	22	0
53	46	0
86	7	0
11	77	0
54	94	0
86	74	0
76	68	0
13	96	0
5	69	0
79	88	0
30	28	0
7	88	0
68	98	0
56	66	0
90	69	0
21	89	0
76	49	0
16	4	0
51	97	0
20	91	0
15	11	0
89	56	0
87	23	0
78	29	0
72	16	0
15	17	0
20	53	0
79	29	0
1	73	0
64	70	0
9	43	1
23	76	0
69	43	0
69	98	0
69	37	0
68	86	0
76	52	0
73	85	0
3	80	0
46	49	0
31	77	0
63	55	0
57	45	0
89	44	0
97	98	0
81	92	0
50	59	0
75	55	0
65	62	0
68	3	0
69	77	0
89	75	0
89	11	0
57	80	0
6	97	0
50	45	0
69	37	0
67	31	0
76	23	0
21	78	0
75	19	0
30	65	1
88	20	0
36	64	0
48	34	0
58	93	0
67	75	0
47	85	0
71	86	0
81	61	0
81	45	0
99	62	0
74	97	0
94	47	0
34	64	0
92	88	0
38	72	0
80	81	0
92	45	0
46	91	0
88	75	0
91	52	0
79	28	0
48	45	1
7	65	0
51	75	0
73	20	0
64	35	0
79	85	0
67	50	0
11	84	0
19	87	0
64	44	0
84	25	0
92	46	0
99	4	0
85	92	0
58	37	0
28	75	0
96	25	0
66	47	0
22	76	0
17	96	0
28	73	0
8	85	0
59	58	0
43	27	0
38	79	0
51	48	1
65	75	0
70	10	0
22	87	0
91	48	0
16	22	0
19	77	0
74	67	0
67	49	0
40	57	1
91	50	0
86	52	0
76	55	0
60	66	0
81	52	0
5	27	0
98	82	0
58	49	0
43	85	0
4	77	0
25	89	0
30	57	0
88	21	0
54	93	0
6	93	0
99	63	0
54	30	1
77	16	0
21	13	0
31	31	0
72	9	0
18	72	0
84	55	0
94	35	0
11	6	0
0	38	1
69	12	0
38	84	0
98	84	0
7	9	0
51	88	0
81	32	0
99	79	0
48	62	0
60	74	0
25	39	0
93	41	0
95	64	0
19	74	0
21	79	0
25	69	1
22	89	0
75	12	0
27	59	0
10	85	0
40	32	0
46	61	0
68	45	0
33	74	0
94	23	0
1	32	0
83	42	0
74	20	0
44	50	1
34	24	0
41	7	1
20	92	0
49	81	0
16	68	0
21	26	0
18	79	0
17	84	0
63	59	0
87	42	0
37	56	1
81	94	0
49	25	0
61	76	0
40	73	0
16	92	0
85	39	0
46	55	0
7	17	0
89	53	0
59	50	0
90	30	0
84	28	0
73	34	0
57	92	0
41	33	0
57	41	0
61	32	0
43	6	0
34	98	0
52	64	0
96	39	0
57	96	0
82	53	0
79	47	0
38	86	0
33	78	0
92	24	0
50	54	1
72	6	0
94	99	0
78	82	0
54	88	0
74	22	0
82	76	0
23	75	0
67	21	0
20	97	0
40	60	1
89	62	0
69	10	1
92	88	0
84	9	0
97	95	0
59	10	1
72	24	0
77	58	0
63	22	0
5	86	0
67	98	0
61	76	0
2	26	0
6	97	0
14	71	0
49	43	0
81	38	0
3	62	1
25	89	0
66	96	0
93	43	0
0	71	0
68	46	0
30	90	0
86	44	0
72	44	0
23	61	1
81	40	0
77	42	0
56	72	0
50	48	0
3	82	0
4	4	0
82	71	0
18	58	0
17	8	0
1	94	0
32	75	0
93	42	0
72	84	0
89	60	0
99	83	0
52	55	1
63	30	0
0	74	0
53	64	0
36	41	1
77	39	0
86	22	0
