89	67	0
52	15	0
43	17	0
53	98	0
4	21	0
94	30	0
99	84	0
42	11	0
76	80	0
43	38	0
79	35	0
4	82	0
20	15	0
19	63	0
97	13	0
96	79	0
64	26	0
30	49	0
97	67	0
92	5	0
43	79	0
70	83	0
71	98	0
75	1	0
41	92	0
56	0	0
76	77	0
71	95	0
97	54	0
5	38	0
39	37	0
44	26	0
89	29	0
42	49	0
86	66	0
14	93	0
60	83	0
95	23	0
81	94	0
54	1	0
20	49	0
77	52	0
95	59	0
59	73	0
97	39	0
9	83	0
28	48	0
60	11	0
92	50	0
15	62	0
60	14	0
29	90	0
49	92	0
32	61	0
97	68	0
38	28	0
43	41	0
79	73	0
96	93	0
83	13	0
11	94	0
93	9	0
47	2	0
78	72	0
44	21	0
19	82	0
77	10	0
36	77	0
85	80	0
64	64	0
14	26	0
78	86	0
27	39	0
15	47	0
90	42	0
11	37	0
40	75	0
50	83	0
74	23	0
43	97	0
61	99	0
2	4	0
8	11	0
95	15	0
99	16	0
33	51	0
84	45	0
21	26	0
78	56	0
30	49	0
31	11	0
39	6	0
66	38	0
15	86	0
73	9	0
50	76	0
41	10	0
44	27	0
96	38	0
41	74	0
76	49	0
22	61	0
74	94	0
5	78	0
44	80	0
87	45	0
59	4	0
44	66	0
14	62	0
53	5	0
65	55	0
15	61	0
42	4	0
41	61	0
26	37	0
91	84	0
54	44	0
0	0	0
30	95	0
80	6	0
67	68	0
15	33	0
85	78	0
92	15	0
67	67	0
56	79	0
30	12	0
56	95	0
75	77	0
77	56	0
35	96	0
66	27	0
35	23	0
22	35	0
86	8	0
4	73	0
94	70	0
94	14	0
86	31	0
40	52	0
54	16	0
86	84	0
5	15	0
36	16	0
84	72	0
31	44	0
90	75	0
79	88	0
59	15	0
44	33	0
53	59	0
9	46	0
29	75	0
15	60	0
77	76	0
39	51	0
50	96	0
80	57	0
73	74	0
49	80	0
21	41	0
87	76	0
6	33	0
39	44	0
19	16	0
19	76	0
39	76	0
95	34	0
32	32	0
78	17	0
37	81	0
59	28	0
52	38	0
77	83	0
27	52	0
71	77	0
36	87	0
31	55	0
34	14	0
63	12	0
36	83	0
17	74	0
73	84	0
89	57	0
17	90	0
21	35	0
98	65	0
29	60	0
24	88	0
46	92	0
46	50	0
35	11	0
18	40	0
71	83	0
81	96	0
58	84	0
73	24	0
7	68	0
56	2	0
74	13	0
65	25	0
75	20	0
26	60	0
3	66	0
54	56	0
81	35	0
33	74	0
92	24	0
45	90	0
29	68	0
33	18	0
74	72	0
27	61	0
39	11	0
7	94	0
67	13	0
97	83	0
85	94	0
94	17	0
0	81	0
14	69	0
93	45	0
50	76	0
36	45	0
53	71	0
54	71	0
45	55	0
6	78	0
29	62	0
67	11	0
0	66	0
70	97	0
75	50	0
42	86	0
91	59	0
46	11	0
43	62	0
21	78	0
41	87	0
57	37	0
64	31	0
21	31	0
97	64	0
73	45	0
84	57	0
6	79	0
56	19	0
14	90	0
66	63	0
56	45	0
59	53	0
54	14	0
3	51	0
78	44	0
53	9	0
76	60	0
46	84	0
70	42	0
97	36	0
98	1	0
1	63	0
83	71	0
18	96	0
98	65	0
45	89	0
62	29	0
45	0	0
20	93	0
71	38	0
40	57	0
45	76	0
47	8	0
23	92	0
67	92	0
87	86	0
68	31	0
87	69	0
8	88	0
51	43	0
51	7	0
67	24	0
32	13	0
31	5	0
50	7	0
56	52	0
69	32	0
33	54	0
30	50	0
47	61	0
73	84	0
86	81	0
63	85	0
86	19	0
87	55	0
81	5	0
13	51	0
29	7	0
84	37	0
62	24	0
74	73	0
4	36	0
50	69	0
53	24	0
29	96	0
35	91	0
20	69	0
96	66	0
40	30	0
39	4	0
28	58	0
88	56	0
74	17	0
76	90	0
24	9	0
66	93	0
10	74	0
46	86	0
37	39	0
1	56	0
77	7	0
21	29	0
90	11	0
40	17	0
12	3	1
87	9	0
35	49	0
16	48	0
87	26	0
94	57	0
3	30	0
30	28	0
0	64	0
35	86	0
15	85	0
2	11	0
41	88	0
52	67	0
48	41	0
64	25	0
45	92	0
37	68	0
92	94	0
45	33	0
17	45	0
24	36	0
59	70	0
88	93	0
48	20	0
88	8	0
32	1	0
57	5	0
57	10	0
20	42	0
77	58	0
66	0	0
14	36	0
49	12	0
57	51	0
47	50	0
23	65	0
84	79	0
77	50	0
19	56	0
46	34	0
97	8	0
54	7	0
61	17	0
57	41	0
26	31	0
5	70	0
68	76	0
17	79	0
37	90	0
23	94	0
54	27	0
42	43	0
90	57	0
70	44	0
7	83	0
77	81	0
58	85	0
15	29	1
73	23	0
56	98	0
73	1	0
89	58	0
84	48	0
38	20	0
42	39	0
33	47	0
89	81	0
9	8	0
76	24	0
95	1	0
13	42	0
31	99	0
68	73	0
88	3	0
5	56	0
98	30	0
45	96	0
72	10	0
62	49	0
45	52	0
43	40	0
32	38	0
49	35	0
73	82	0
78	44	0
39	34	0
79	69	0
24	56	0
14	89	0
87	90	0
39	36	0
2	82	0
63	22	0
89	15	0
79	43	0
12	61	0
64	44	0
34	34	0
50	42	0
2	97	0
70	29	0
52	12	0
84	57	0
43	24	0
28	83	0
21	3	0
78	50	0
12	0	1
75	98	0
6	81	0
38	53	0
49	76	0
55	32	0
21	99	0
18	47	0
27	44	0
60	17	0
93	25	0
84	21	0
88	92	0
20	61	0
28	23	0
28	32	0
80	21	0
53	64	0
71	94	0
18	39	0
70	98	0
88	68	0
34	72	0
71	7	0
71	37	0
84	18	0
74	7	0
42	19	0
43	33	0
97	5	0
77	29	0
1	67	0
90	12	0
97	99	0
7	98	0
87	53	0
56	50	0
27	13	0
94	87	0
67	57	0
16	98	0
68	32	0
84	43	0
86	53	0
83	63	0
27	70	0
76	76	0
39	98	0
78	72	0
26	34	0
29	98	0
96	82	0
31	34	0
28	44	0
68	77	0
59	90	0
45	64	0
58	97	0
57	53	0
39	67	0
33	66	0
82	24	0
20	92	0
83	54	0
27	88	0
41	64	0
42	73	0
84	30	0
30	29	0
21	47	0
52	28	0
92	67	0
72	11	0
85	97	0
71	98	0
38	50	0
64	3	0
28	43	0
38	90	0
39	34	0
52	67	0
65	79	0
29	23	0
79	97	0
44	27	0
29	21	0
66	38	0
29	79	0
42	14	0
4	59	0
90	82	0
60	94	0
50	44	0
79	8	0
44	74	0
41	53	0
97	60	0
85	1	0
2	71	0
74	3	0
70	70	0
74	30	0
37	17	0
30	71	0
84	80	0
29	70	0
54	84	0
76	20	0
11	66	0
67	19	0
42	59	0
62	97	0
30	95	0
88	4	0
92	20	0
60	12	0
39	91	0
14	89	0
8	89	0
72	42	0
68	66	0
77	76	0
15	50	0
80	35	0
71	65	0
88	74	0
58	64	0
19	61	0
21	66	0
38	22	0
41	33	0
2	43	0
49	62	0
42	48	0
95	36	0
77	35	0
72	3	0
83	38	0
55	73	0
18	53	0
60	30	0
87	75	0
61	85	0
95	75	0
19	53	0
61	72	0
67	48	0
27	54	0
86	33	0
17	53	0
43	25	0
82	51	0
83	95	0
57	58	0
18	68	0
46	5	0
58	68	0
28	84	0
43	25	0
78	79	0
93	72	0
20	98	0
51	74	0
9	74	0
74	63	0
32	52	0
46	61	0
38	75	0
61	72	0
23	25	0
15	62	0
94	82	0
77	57	0
98	57	0
26	61	0
51	84	0
63	25	0
92	26	0
41	47	0
96	10	0
16	89	0
26	30	0
33	83	0
91	59	0
22	43	0
88	67	0
18	96	0
9	71	0
19	4	1
90	87	0
39	30	0
2	68	0
76	91	0
49	63	0
82	65	0
28	92	0
99	37	0
25	14	0
38	83	0
31	74	0
36	19	0
26	42	0
1	15	0
81	69	0
90	5	0
61	9	0
73	12	0
96	45	0
30	5	0
34	45	0
99	40	0
7	52	0
56	77	0
1	55	0
16	72	0
77	51	0
45	95	0
77	48	0
71	81	0
33	37	0
75	65	0
41	56	0
84	48	0
15	75	0
50	39	0
32	68	0
74	34	0
57	34	0
99	81	0
99	97	0
89	81	0
28	75	0
18	30	0
58	48	0
47	73	0
31	16	0
23	1	0
36	68	0
10	38	0
63	0	0
70	87	0
76	64	0
93	19	0
8	47	0
69	91	0
5	94	0
54	8	0
64	48	0
68	12	0
37	18	0
26	36	0
42	15	0
75	4	0
42	86	0
54	31	0
30	84	0
77	10	0
33	45	0
51	64	0
74	22	0
90	71	0
62	73	0
34	68	0
53	83	0
79	85	0
85	52	0
15	65	0
78	73	0
64	94	0
18	41	0
19	54	0
96	35	0
34	95	0
99	84	0
72	83	0
52	3	0
56	51	0
90	58	0
63	84	0
82	51	0
98	78	0
82	28	0
11	67	0
1	58	0
69	85	0
77	39	0
51	61	0
57	8	0
35	12	0
78	72	0
29	35	0
14	62	0
45	54	0
53	38	0
37	14	0
54	28	0
14	86	0
25	38	0
6	62	0
13	71	0
75	50	0
17	18	0
60	8	0
98	25	0
80	4	0
53	78	0
9	59	0
62	30	0
46	36	0
64	81	0
90	13	0
36	47	0
57	62	0
49	81	0
18	94	0
34	62	0
43	83	0
23	32	0
77	82	0
48	47	0
35	85	0
60	28	0
13	48	0
60	64	0
60	23	0
28	71	0
80	38	0
50	44	0
50	45	0
31	15	0
8	60	0
80	69	0
75	64	0
40	41	0
85	60	0
85	69	0
75	25	0
61	7	0
85	80	0
83	11	0
5	70	0
74	77	0
33	18	0
66	40	0
14	63	0
11	85	0
34	92	0
26	55	0
92	30	0
20	49	0
55	99	0
19	85	0
97	73	0
54	61	0
82	44	0
21	2	0
51	20	0
59	6	0
3	7	1
9	76	0
61	61	0
80	64	0
69	49	0
15	0	0
26	40	0
66	7	0
4	79	0
77	5	0
43	68	0
46	19	0
74	97	0
3	36	0
14	90	0
99	53	0
31	12	0
99	79	0
60	66	0
74	46	0
55	24	0
89	27	0
89	73	0
10	70	0
0	79	0
24	54	0
11	90	0
0	85	0
80	26	0
39	41	0
0	94	0
51	13	0
64	2	0
36	50	0
68	44	0
44	19	0
28	67	0
27	30	0
81	15	0
16	42	0
87	51	0
93	6	0
62	61	0
26	7	0
51	12	0
13	99	0
56	76	0
36	69	0
38	16	0
3	82	0
5	96	0
66	54	0
94	40	0
42	28	0
33	77	0
23	24	1
99	95	0
52	30	0
58	72	0
65	92	0
4	85	0
67	25	0
56	60	0
25	35	0
97	75	0
46	67	0
99	24	0
74	14	0
85	23	0
79	89	0
46	61	0
37	84	0
83	19	0
28	9	0
62	93	0
71	72	0
17	48	0
70	42	0
74	92	0
89	10	0
97	53	0
25	72	0
62	52	0
23	29	0
91	20	0
36	48	0
61	1	0
97	95	0
81	65	0
49	74	0
75	25	0
73	71	0
9	87	0
45	6	0
10	90	0
6	64	0
68	69	0
68	97	0
75	5	0
91	94	0
81	10	0
80	78	0
61	5	0
86	32	0
84	45	0
54	37	0
14	79	0
54	88	0
61	81	0
21	55	0
4	38	0
38	99	0
11	66	0
43	0	0
32	51	0
11	61	0
42	29	0
5	41	0
96	51	0
51	19	0
9	47	0
28	87	0
76	69	0
1	0	0
88	67	0
15	67	0
61	46	0
29	56	0
94	46	0
54	40	0
0	10	0
4	52	0
21	60	0
96	67	0
68	52	0
99	56	0
5	57	0
68	62	0
12	78	0
3	20	0
84	59	0
29	62	0
38	13	0
39	31	0
9	82	0
32	90	0
4	6	1
81	45	0
76	59	0
78	61	0
74	80	0
40	76	0
47	22	0
2	72	0
48	72	0
41	47	0
57	53	0
84	9	0
