93	64	0
33	2	0
31	35	0
61	98	0
18	4	0
96	41	0
95	91	0
53	12	0
59	71	0
60	22	0
87	50	0
2	87	0
12	1	0
29	86	0
96	24	0
71	79	0
52	38	0
17	59	0
89	52	0
95	10	0
47	94	0
55	65	0
72	84	0
54	9	0
28	77	0
49	15	0
90	70	0
64	90	0
90	81	0
0	32	0
55	15	0
42	21	0
97	29	0
25	54	0
81	63	0
12	87	0
37	93	0
92	20	0
81	85	0
45	7	0
32	66	0
91	66	0
97	74	0
54	62	0
97	49	0
12	79	0
65	3	0
99	67	0
14	71	0
73	9	0
14	79	0
61	89	0
28	75	0
99	71	0
42	39	0
37	26	0
92	89	0
98	96	0
98	4	0
18	98	0
96	10	0
35	4	0
69	78	0
34	2	0
5	91	0
88	13	0
33	80	0
64	94	0
43	61	0
5	28	0
68	85	0
14	56	0
95	28	0
34	83	0
60	99	0
62	34	0
30	95	0
58	93	0
4	18	0
99	12	0
92	19	0
45	70	0
85	38	0
92	59	0
50	14	0
32	10	0
69	50	0
9	97	0
49	3	0
47	75	0
48	4	0
55	31	0
82	36	0
31	60	0
76	45	0
1	60	0
82	94	0
1	88	0
39	99	0
96	57	0
68	14	0
36	71	0
33	64	0
66	4	0
69	50	0
3	65	0
34	2	0
11	39	0
39	43	0
63	79	0
47	37	0
14	94	0
81	21	0
47	81	0
73	67	0
97	11	0
74	94	0
54	78	0
37	17	0
58	99	0
98	74	0
79	63	0
21	91	0
63	27	0
33	17	0
20	43	1
71	12	0
8	60	0
96	70	0
97	23	0
82	47	0
42	49	0
59	4	0
80	68	0
20	19	0
37	29	0
99	61	0
45	36	0
62	82	0
57	80	0
54	25	0
42	42	0
57	39	0
9	45	0
23	45	1
21	54	0
81	89	0
49	60	0
38	98	0
75	40	0
73	64	0
54	70	0
89	63	0
21	20	0
54	54	0
23	12	0
14	70	0
34	63	0
89	35	0
37	44	0
90	6	0
40	89	0
52	26	0
41	48	0
79	77	0
28	70	0
49	67	0
43	84	0
38	49	0
39	14	0
54	17	0
40	86	0
26	63	0
77	82	0
92	64	0
33	98	0
98	74	0
29	49	0
22	69	0
47	75	0
53	52	0
21	17	0
74	88	0
97	77	0
55	70	0
60	31	0
3	43	0
55	2	0
75	51	0
59	23	0
77	18	0
23	48	0
7	47	0
49	49	0
70	27	0
38	66	0
82	26	0
43	97	0
26	70	0
39	26	0
77	83	0
39	53	0
36	9	0
24	83	0
58	5	0
92	84	0
52	91	0
92	2	0
6	75	0
18	64	0
95	30	0
51	87	0
28	44	0
58	70	0
58	65	0
43	59	0
17	74	0
27	57	0
70	1	0
10	59	0
61	80	0
96	47	0
42	91	0
79	62	0
73	23	0
55	65	0
18	83	0
36	99	0
45	30	0
75	29	0
84	53	0
57	42	0
69	64	0
4	39	0
58	25	0
18	92	0
60	56	0
72	40	0
69	27	0
46	5	0
14	47	0
92	23	0
36	14	0
65	71	0
61	81	0
66	43	0
95	38	0
98	5	0
4	39	0
96	75	0
28	97	0
96	76	0
34	95	0
64	30	0
75	31	0
20	86	0
82	24	0
31	60	0
31	77	0
48	5	0
26	98	0
76	87	0
75	86	0
93	46	0
99	67	0
15	94	0
36	72	0
74	7	0
77	50	0
33	18	0
36	1	0
52	23	0
54	49	0
85	45	0
35	52	0
36	48	0
34	69	0
73	90	0
91	59	0
58	81	0
85	8	0
92	40	0
64	16	0
23	36	0
76	42	0
77	49	0
74	71	0
5	39	0
33	63	0
63	15	0
13	89	0
32	84	0
18	77	0
86	73	0
52	17	0
38	0	0
34	55	0
80	76	0
62	9	0
78	92	0
18	0	0
50	98	0
6	67	0
48	92	0
44	36	0
4	54	0
73	36	0
73	14	0
53	19	0
78	8	0
40	62	0
7	54	0
73	24	0
86	62	0
6	7	0
5	63	0
32	93	0
8	87	0
45	94	0
51	65	0
61	43	0
67	3	0
46	81	0
47	69	0
85	94	0
36	29	1
3	53	0
27	46	1
61	48	0
74	74	0
31	30	1
83	27	0
32	7	0
50	9	0
51	19	0
37	40	0
73	66	0
68	12	0
6	44	0
34	12	0
49	64	0
41	31	0
27	44	1
89	79	0
77	54	0
9	45	0
63	39	0
94	7	0
65	11	0
65	26	0
42	41	0
39	34	0
5	77	0
62	81	0
32	75	0
24	99	0
28	82	0
53	11	0
43	40	0
96	42	0
80	48	0
3	58	0
82	68	0
76	80	0
84	29	0
81	84	0
80	8	0
73	60	0
75	61	0
25	31	1
64	49	0
28	48	1
91	77	0
67	6	0
96	24	0
33	49	0
47	96	0
62	76	0
83	17	0
15	68	0
99	32	0
62	94	0
85	22	0
68	29	0
40	56	0
62	36	0
32	53	0
54	84	0
78	31	0
31	22	0
74	87	0
35	56	0
24	95	0
96	99	0
49	34	0
1	93	0
54	49	0
96	12	0
82	35	0
16	68	0
63	49	0
38	24	1
53	48	0
7	97	0
88	26	0
45	9	0
93	45	0
52	43	0
29	90	0
12	6	0
61	61	0
61	96	0
5	47	0
41	83	0
34	84	0
45	28	0
19	84	0
14	33	0
69	4	0
78	21	0
84	2	0
94	92	0
26	69	0
46	21	0
83	5	0
78	57	0
70	90	0
0	20	0
62	90	0
96	61	0
30	83	0
80	0	0
48	61	0
71	22	0
71	11	0
42	25	0
42	15	0
93	8	0
85	36	0
12	91	0
81	12	0
92	94	0
27	94	0
96	68	0
40	47	0
16	26	0
79	97	0
62	43	0
4	93	0
70	33	0
79	37	0
74	47	0
84	67	0
23	63	0
88	59	0
39	94	0
92	76	0
26	95	0
90	84	0
44	34	0
61	66	0
60	97	0
46	65	0
60	99	0
69	55	0
39	51	0
41	60	0
86	4	0
2	91	0
98	54	0
24	87	0
44	69	0
46	82	0
90	43	0
32	54	0
40	16	0
84	55	0
60	15	0
83	98	0
47	91	0
43	50	0
53	15	0
32	42	0
58	93	0
41	19	0
34	71	0
83	73	0
43	9	0
94	90	0
65	6	0
4	6	0
43	37	0
19	67	0
42	0	0
14	75	0
93	80	0
63	80	0
66	42	0
63	3	0
44	63	0
47	57	0
96	54	0
91	11	0
5	68	0
84	8	0
49	71	0
55	30	0
38	10	0
32	62	0
84	84	0
29	71	0
42	79	0
72	33	0
19	48	0
67	36	0
42	57	0
63	95	0
28	99	0
93	14	0
97	19	0
72	13	0
22	79	0
30	95	0
25	89	0
65	41	0
75	83	0
74	92	0
5	36	0
67	35	0
72	80	0
73	59	0
63	76	0
15	86	0
16	72	0
38	17	0
48	16	0
7	35	0
42	48	0
37	50	0
88	30	0
87	40	0
78	11	0
70	50	0
56	53	0
22	48	0
48	27	0
92	81	0
47	98	0
82	55	0
36	66	0
36	95	0
81	57	0
30	51	0
80	24	0
29	38	1
31	12	0
92	53	0
77	92	0
49	46	0
8	45	0
48	10	0
50	54	0
43	87	0
31	27	1
77	86	0
95	58	0
9	85	0
73	47	0
11	59	0
65	50	0
45	69	0
55	49	0
41	78	0
62	65	0
5	60	0
68	61	0
72	44	0
82	55	0
35	63	0
66	84	0
44	6	0
95	21	0
54	46	0
91	5	0
13	86	0
37	81	0
81	64	0
20	49	0
75	73	0
16	91	0
16	81	0
87	87	0
43	30	0
2	66	0
67	99	0
49	67	0
93	65	0
24	97	0
91	34	0
18	2	0
34	69	0
29	84	0
35	12	0
19	52	1
14	17	0
85	69	0
97	11	0
54	8	0
69	40	0
87	17	0
25	5	0
28	66	0
88	34	0
6	61	0
52	85	0
0	51	0
28	78	0
75	59	0
54	98	0
73	52	0
66	81	0
68	57	0
47	50	0
77	75	0
3	79	0
47	36	0
26	78	0
88	47	0
72	28	0
96	59	0
97	97	0
89	88	0
44	73	0
76	40	0
61	59	0
33	25	0
36	15	0
38	66	0
8	43	0
66	7	0
72	77	0
81	83	0
92	3	0
17	45	1
62	83	0
16	91	0
53	12	0
57	32	0
66	23	0
52	22	0
40	18	0
79	11	0
38	99	0
70	19	0
33	94	0
97	19	0
41	60	0
69	42	0
74	99	0
73	71	0
40	73	0
63	96	0
84	64	0
92	46	0
9	63	0
85	80	0
77	94	0
10	61	0
99	41	0
30	68	0
98	87	0
46	89	0
29	13	0
74	67	0
94	55	0
55	76	0
71	76	0
97	63	0
74	37	0
28	60	0
0	58	0
67	80	0
69	30	0
50	42	0
51	12	0
28	27	1
88	79	0
16	60	0
29	42	1
66	28	0
43	0	0
53	23	0
9	87	0
14	59	0
7	78	0
72	48	0
93	20	0
92	35	0
93	3	0
67	93	0
5	57	0
63	29	0
56	47	0
37	86	0
93	23	0
62	58	0
31	85	0
24	91	0
40	69	0
26	93	0
31	4	0
69	74	0
47	18	0
38	72	0
50	45	0
4	42	0
68	62	0
65	16	0
30	84	0
98	55	0
26	50	0
21	36	0
17	69	0
80	59	0
69	60	0
46	48	0
91	71	0
98	69	0
61	44	0
65	17	0
79	61	0
84	33	0
11	47	0
84	80	0
54	35	0
17	71	0
4	87	0
30	94	0
27	58	0
90	21	0
1	51	0
56	89	0
0	89	0
86	63	0
48	33	0
89	31	0
15	21	0
33	39	0
72	15	0
34	78	0
47	51	0
98	63	0
87	34	0
1	1	0
4	44	0
53	13	0
2	48	0
77	9	0
49	77	0
32	34	0
94	92	0
2	10	0
40	93	0
98	45	0
43	1	0
90	90	0
49	65	0
66	63	0
36	36	0
91	35	0
90	84	0
11	61	0
7	75	0
7	44	0
20	75	0
16	82	0
67	20	0
30	56	0
19	91	0
38	12	0
60	17	0
36	64	0
58	48	0
43	10	0
35	72	0
29	24	1
93	18	0
1	34	0
78	41	0
95	20	0
47	49	0
31	21	0
47	1	0
16	95	0
45	69	0
41	63	0
29	13	0
21	99	0
19	80	0
64	44	0
94	37	0
31	30	1
31	71	0
91	99	0
54	25	0
64	68	0
57	87	0
6	92	0
83	39	0
53	59	0
15	27	0
95	66	0
56	52	0
98	17	0
67	8	0
82	25	0
61	92	0
51	44	0
45	40	0
67	27	0
44	2	0
47	87	0
51	76	0
20	55	0
79	32	0
52	88	0
92	37	0
94	54	0
33	79	0
37	62	0
87	26	0
45	47	0
72	10	0
96	96	0
74	75	0
44	73	0
72	42	0
73	92	0
9	79	0
50	13	0
10	96	0
14	62	0
52	63	0
74	80	0
63	16	0
99	89	0
95	14	0
98	96	0
59	6	0
76	25	0
71	66	0
59	38	0
17	80	0
47	87	0
71	82	0
28	40	1
5	30	0
22	85	0
12	75	0
44	14	0
39	50	0
20	53	0
2	49	0
88	44	0
43	22	0
15	67	0
29	81	0
65	95	0
95	39	0
1	69	0
70	37	0
37	70	0
83	50	0
72	39	0
0	48	0
28	53	0
86	40	0
69	57	0
83	47	0
8	65	0
62	53	0
0	84	0
0	0	0
93	64	0
12	62	0
24	4	0
35	25	1
5	97	0
20	78	0
91	45	0
78	77	0
81	60	0
88	83	0
52	66	0
65	37	0
4	73	0
43	69	0
32	63	0
64	43	0
93	12	0
