92	62	0
32	3	0
31	35	0
60	97	0
19	4	0
94	42	0
95	91	0
53	12	0
58	71	0
60	22	0
85	50	0
2	88	0
14	0	0
28	86	0
97	24	0
72	80	0
52	39	0
17	58	0
88	51	0
94	9	0
46	94	0
55	64	0
73	83	0
54	8	0
30	76	0
49	15	0
90	70	0
64	88	0
88	82	0
1	34	0
55	15	0
41	20	0
95	28	0
24	53	0
81	64	0
12	88	0
35	93	0
91	20	0
82	84	0
44	6	0
33	66	0
92	68	0
96	74	0
53	63	0
99	49	0
10	80	0
67	3	0
97	67	0
13	71	0
72	8	0
12	78	0
63	90	0
27	75	0
97	70	0
42	39	0
38	26	0
94	90	0
97	95	0
99	4	0
18	98	0
96	9	0
36	4	0
69	78	0
35	1	0
5	92	0
89	13	0
32	80	0
63	94	0
43	60	0
4	30	0
68	85	0
13	57	0
95	28	0
36	84	0
59	99	0
63	33	0
29	95	0
58	94	0
4	16	0
99	11	0
92	19	0
46	71	0
85	39	0
91	59	0
51	14	0
30	10	0
70	51	0
9	96	0
50	3	0
46	75	0
47	4	0
55	33	0
83	35	0
31	59	0
75	45	0
0	61	0
81	93	0
2	87	0
40	99	0
97	58	0
68	14	0
35	71	0
33	64	0
66	6	0
70	49	0
5	64	0
35	1	0
10	40	0
39	44	0
63	80	0
47	36	0
13	92	0
83	22	0
48	81	0
73	67	0
96	11	0
74	94	0
54	77	0
35	16	0
58	98	0
99	74	0
78	63	0
23	93	0
64	28	0
32	17	0
20	44	1
70	12	0
9	60	0
96	70	0
98	22	0
82	46	0
41	49	0
58	3	0
79	67	0
21	20	0
38	29	0
98	62	0
46	36	0
60	82	0
56	78	0
53	25	0
43	42	0
59	41	0
11	46	0
23	46	1
20	54	0
80	87	0
49	59	0
39	97	0
74	41	0
73	64	0
53	70	0
89	63	0
21	20	0
53	54	0
23	13	0
15	69	0
33	62	0
89	34	0
36	44	0
90	5	0
41	88	0
54	27	0
41	48	0
80	78	0
29	70	0
51	68	0
43	84	0
37	49	0
40	13	0
53	18	0
40	88	0
26	64	0
76	83	0
94	64	0
32	97	0
98	74	0
29	50	0
20	70	0
46	75	0
52	52	0
22	17	0
73	87	0
99	77	0
54	68	0
62	31	0
3	43	0
55	3	0
75	49	0
58	22	0
78	17	0
23	49	0
6	47	0
48	49	0
71	26	0
38	65	0
83	25	0
43	96	0
26	68	0
41	25	0
77	84	0
40	52	0
34	9	0
25	83	0
60	4	0
92	85	0
52	91	0
91	2	0
7	74	0
17	64	0
95	30	0
53	86	0
27	44	1
58	70	0
58	65	0
45	59	0
17	72	0
26	59	0
68	2	0
11	59	0
62	81	0
97	46	0
42	90	0
81	62	0
72	23	0
54	67	0
18	85	0
36	99	0
44	30	0
76	30	0
82	52	0
57	42	0
70	65	0
5	40	0
59	26	0
20	92	0
60	57	0
74	40	0
70	27	0
47	5	0
14	46	0
94	24	0
36	15	0
65	72	0
61	81	0
67	44	0
96	38	0
97	6	0
3	38	0
97	75	0
27	98	0
97	77	0
34	97	0
64	30	0
75	32	0
20	84	0
83	23	0
32	60	0
30	76	0
47	6	0
28	97	0
76	89	0
77	85	0
92	46	0
99	68	0
15	94	0
36	73	0
73	6	0
76	50	0
34	19	0
36	0	0
51	24	0
54	50	0
84	44	0
36	53	0
37	47	0
35	71	0
75	90	0
89	59	0
58	83	0
84	10	0
94	39	0
64	15	0
23	36	0
77	43	0
77	49	0
73	71	0
5	39	0
32	64	0
63	17	0
13	89	0
32	84	0
17	78	0
85	73	0
52	17	0
38	1	0
35	54	0
80	75	0
62	7	0
77	93	0
18	1	0
50	97	0
7	66	0
49	91	0
44	36	0
3	53	0
72	37	0
73	14	0
52	19	0
78	9	0
40	62	0
6	53	0
72	23	0
86	62	0
7	6	0
4	62	0
32	93	0
9	89	0
45	96	0
52	66	0
62	42	0
68	2	0
45	80	0
47	69	0
86	94	0
36	28	1
4	54	0
25	45	1
60	49	0
75	76	0
31	29	1
84	27	0
33	7	0
50	8	0
52	18	0
36	41	0
73	67	0
69	12	0
6	45	0
33	12	0
49	64	0
41	32	0
27	44	1
90	80	0
77	52	0
10	46	0
61	39	0
94	8	0
64	10	0
65	27	0
41	40	0
39	34	0
3	77	0
61	82	0
33	73	0
25	98	0
27	81	0
55	12	0
43	39	0
96	43	0
81	49	0
2	58	0
81	69	0
77	78	0
84	28	0
80	84	0
79	7	0
74	62	0
75	61	0
24	32	1
63	47	0
27	49	1
91	77	0
69	5	0
96	25	0
33	49	0
46	95	0
63	75	0
82	17	0
16	68	0
97	32	0
63	95	0
84	23	0
67	29	0
41	57	0
62	36	0
33	53	0
56	83	0
79	32	0
33	21	0
74	85	0
35	55	0
22	96	0
97	99	0
48	36	0
2	93	0
53	50	0
96	12	0
84	36	0
17	67	0
64	49	0
38	23	1
53	47	0
6	97	0
87	27	0
47	9	0
94	46	0
53	45	0
29	90	0
13	6	0
62	61	0
61	96	0
4	48	0
40	83	0
34	83	0
45	28	0
18	83	0
16	33	0
69	3	0
79	20	0
84	2	0
96	93	0
25	70	0
46	21	0
82	5	0
78	58	0
72	90	0
1	21	0
61	92	0
98	63	0
30	82	0
78	0	0
47	60	0
72	21	0
69	12	0
42	24	0
40	16	0
92	8	0
84	34	0
11	92	0
80	13	0
92	94	0
26	95	0
95	69	0
39	48	0
15	25	0
79	96	0
63	44	0
3	92	0
70	33	0
81	37	0
74	47	0
85	68	0
23	63	0
87	58	0
39	94	0
93	76	0
27	95	0
89	84	0
45	34	0
63	66	0
62	98	0
44	64	0
60	99	0
69	54	0
39	50	0
40	61	0
85	5	0
3	90	0
99	55	0
24	87	0
43	69	0
44	82	0
90	44	0
31	54	0
39	17	0
84	55	0
60	15	0
82	97	0
47	92	0
45	51	0
53	14	0
31	43	0
56	94	0
40	18	0
36	72	0
85	74	0
43	9	0
94	90	0
64	6	0
5	8	0
44	37	0
18	67	0
43	1	0
14	74	0
92	81	0
63	81	0
66	43	0
64	3	0
45	62	0
48	58	0
96	55	0
92	10	0
4	67	0
83	7	0
48	70	0
54	31	0
36	9	0
32	61	0
83	84	0
29	72	0
43	79	0
70	32	0
20	48	0
67	34	0
42	57	0
62	94	0
27	98	0
94	14	0
97	19	0
73	13	0
21	77	0
29	96	0
25	88	0
64	41	0
76	84	0
75	92	0
6	37	0
68	33	0
71	78	0
73	61	0
63	76	0
15	87	0
17	73	0
38	17	0
48	17	0
8	35	0
40	47	0
38	49	0
88	30	0
86	38	0
78	11	0
69	50	0
56	53	0
23	48	0
48	28	0
91	82	0
47	98	0
83	54	0
35	66	0
36	95	0
80	57	0
32	52	0
81	23	0
27	37	1
32	12	0
93	53	0
78	93	0
49	47	0
10	46	0
47	11	0
48	55	0
43	85	0
30	27	1
76	87	0
95	59	0
7	83	0
73	47	0
11	59	0
64	51	0
45	69	0
54	47	0
41	77	0
63	65	0
5	61	0
68	62	0
73	44	0
84	55	0
35	63	0
66	83	0
44	6	0
96	22	0
53	44	0
91	5	0
11	85	0
37	83	0
82	63	0
19	51	0
73	73	0
15	91	0
16	82	0
87	85	0
44	30	0
2	67	0
68	97	0
49	65	0
92	66	0
25	95	0
91	34	0
18	2	0
34	69	0
28	84	0
35	13	0
18	53	1
14	16	0
86	67	0
96	12	0
54	6	0
69	39	0
88	17	0
24	6	0
29	65	0
88	33	0
6	61	0
52	84	0
0	51	0
27	77	0
74	60	0
54	97	0
71	50	0
66	83	0
69	57	0
47	51	0
77	74	0
4	78	0
47	37	0
25	78	0
87	47	0
72	30	0
95	58	0
96	97	0
89	88	0
43	73	0
75	42	0
59	61	0
34	26	0
36	15	0
39	67	0
9	43	0
67	6	0
73	78	0
81	83	0
90	3	0
16	45	1
60	81	0
15	91	0
52	10	0
55	31	0
65	22	0
53	21	0
40	18	0
78	10	0
37	98	0
71	20	0
32	94	0
98	19	0
42	60	0
69	40	0
74	99	0
74	69	0
39	74	0
64	95	0
83	63	0
92	46	0
9	63	0
86	80	0
77	94	0
10	62	0
99	42	0
30	69	0
98	86	0
47	90	0
29	14	0
75	68	0
94	55	0
54	78	0
73	76	0
97	62	0
74	37	0
27	60	0
0	58	0
67	81	0
69	31	0
50	41	0
51	10	0
29	26	1
87	79	0
15	60	0
65	26	0
42	1	0
52	24	0
10	87	0
13	60	0
8	77	0
71	49	0
93	21	0
92	34	0
93	4	0
65	94	0
5	56	0
63	27	0
58	48	0
37	86	0
93	22	0
62	58	0
32	85	0
23	92	0
41	71	0
25	93	0
32	4	0
69	73	0
46	18	0
38	73	0
50	44	0
4	42	0
69	62	0
64	16	0
31	85	0
97	56	0
27	49	0
22	36	0
18	67	0
80	59	0
67	59	0
44	50	0
91	71	0
99	67	0
60	44	0
64	16	0
80	61	0
83	32	0
13	46	0
85	79	0
53	35	0
17	71	0
3	87	0
29	95	0
28	58	0
91	22	0
2	52	0
57	88	0
0	90	0
87	62	0
47	34	0
88	31	0
16	22	0
32	38	0
74	15	0
34	76	0
46	50	0
97	61	0
87	33	0
0	1	0
3	44	0
53	12	0
3	49	0
78	11	0
48	75	0
31	34	0
95	93	0
0	11	0
40	91	0
96	43	0
43	0	0
91	89	0
50	64	0
67	63	0
37	36	0
91	35	0
89	84	0
10	60	0
7	75	0
7	45	0
21	74	0
15	84	0
66	20	0
29	57	0
20	91	0
37	12	0
60	18	0
37	64	0
59	48	0
42	9	0
35	71	0
29	24	1
93	18	0
2	33	0
78	40	0
94	20	0
48	50	0
29	21	0
47	0	0
17	96	0
44	69	0
40	62	0
27	13	0
22	99	0
20	79	0
62	43	0
95	37	0
31	30	1
31	71	0
90	99	0
55	26	0
63	68	0
58	89	0
6	92	0
84	39	0
52	61	0
14	25	0
94	66	0
54	52	0
99	18	0
69	8	0
83	25	0
61	93	0
52	44	0
45	39	0
66	25	0
46	4	0
46	86	0
51	77	0
21	56	0
80	32	0
52	88	0
91	38	0
92	55	0
34	80	0
38	63	0
86	25	0
46	46	0
72	11	0
96	96	0
75	73	0
45	71	0
73	42	0
72	91	0
10	79	0
51	14	0
11	96	0
14	62	0
53	62	0
74	79	0
63	15	0
98	89	0
93	14	0
98	95	0
60	5	0
77	26	0
71	66	0
60	37	0
18	81	0
46	86	0
72	80	0
29	40	1
4	31	0
23	85	0
10	76	0
43	12	0
40	49	0
20	54	0
0	47	0
88	43	0
45	22	0
14	65	0
28	80	0
66	95	0
95	38	0
1	68	0
71	38	0
36	69	0
81	48	0
72	39	0
1	47	0
27	54	0
85	39	0
69	57	0
82	48	0
9	66	0
62	52	0
0	84	0
0	0	0
93	64	0
12	63	0
22	4	0
36	24	1
4	96	0
21	78	0
90	44	0
78	77	0
80	61	0
87	84	0
50	67	0
63	38	0
5	74	0
42	68	0
32	64	0
63	43	0
94	12	0
