3	27	1
91	57	0
53	13	0
44	22	0
52	95	0
3	43	0
85	33	0
89	75	0
1	12	0
48	15	0
69	93	0
41	42	0
68	47	0
5	92	0
32	8	0
15	53	0
93	2	0
82	79	0
64	32	0
28	57	0
96	57	0
97	4	0
46	77	0
74	79	0
83	89	0
81	1	0
18	97	0
64	21	0
73	72	0
65	83	0
95	57	0
5	46	0
30	28	0
49	20	0
78	16	0
46	50	0
86	80	0
11	96	0
64	67	0
96	17	0
85	96	0
43	16	0
32	63	0
64	50	0
93	51	0
56	85	0
97	48	0
16	98	0
26	48	0
59	11	0
92	44	0
26	69	0
62	9	0
36	85	0
67	95	0
23	63	0
93	63	0
47	12	0
34	54	0
78	71	0
97	92	0
76	4	0
21	98	0
90	2	0
45	14	0
88	60	0
47	22	0
13	93	0
86	3	0
35	80	0
89	79	0
55	49	0
24	36	0
83	72	0
18	34	0
29	48	0
86	41	0
18	11	0
8	40	0
51	87	0
66	97	0
68	18	0
49	97	0
73	94	0
8	8	0
13	31	0
86	12	0
87	14	0
55	46	0
85	38	0
22	24	0
77	48	0
49	54	0
32	6	0
33	10	0
66	57	0
26	85	0
48	1	0
43	82	0
43	1	0
36	36	0
84	32	0
48	68	0
62	47	0
17	83	0
70	80	0
2	84	0
47	96	0
87	48	0
66	19	0
54	79	0
1	43	0
61	7	0
50	74	0
7	87	0
37	9	0
24	51	0
16	30	0
85	85	0
7	26	0
41	24	0
1	1	0
35	98	0
92	6	0
65	55	0
3	36	0
72	85	0
90	18	0
60	64	0
53	85	0
31	24	0
65	97	0
17	19	0
77	83	0
68	48	0
24	97	0
76	28	0
44	35	0
17	23	0
64	6	0
9	8	0
9	81	0
16	3	0
98	89	0
97	15	0
81	39	0
52	63	0
64	21	0
85	88	0
0	6	0
36	16	0
18	7	0
83	73	0
44	37	0
88	74	0
85	78	0
51	26	0
56	31	0
79	51	0
2	52	0
26	75	0
18	61	0
92	76	0
50	60	0
40	93	0
96	44	0
69	78	0
49	83	0
25	45	0
99	75	0
3	46	0
36	36	0
19	31	0
28	76	0
33	66	0
94	16	0
52	35	0
75	10	0
45	77	0
66	20	0
60	38	0
74	73	0
25	54	0
67	57	0
30	98	0
32	63	0
31	3	0
62	23	0
24	99	0
5	75	0
64	74	0
80	44	0
18	86	0
16	47	0
89	74	0
26	47	0
36	76	0
33	89	0
58	38	0
32	3	0
22	46	0
77	90	0
96	79	0
65	96	0
71	14	0
10	53	0
62	6	0
56	28	0
56	28	0
73	8	0
26	63	0
17	78	0
44	64	0
67	32	0
28	74	0
84	25	0
58	83	0
33	73	0
25	13	0
93	78	0
30	77	0
46	2	0
5	87	0
81	21	0
95	71	0
84	86	0
85	31	0
0	80	0
16	77	0
99	47	0
62	67	0
43	46	0
44	71	0
72	74	0
44	68	0
19	80	0
35	67	0
71	1	0
3	59	0
68	99	0
66	36	0
25	89	0
89	69	0
45	16	0
40	63	0
16	74	0
33	95	0
67	30	0
68	17	0
22	39	0
98	58	0
61	44	0
73	41	0
10	88	0
55	11	0
21	75	0
69	67	0
63	61	0
69	55	0
60	3	0
21	6	0
4	57	0
83	54	0
56	15	0
73	55	0
45	91	0
59	51	0
93	36	0
94	12	0
19	58	0
91	72	0
13	81	0
18	26	0
94	50	0
38	97	0
46	41	0
50	3	0
20	90	0
71	31	0
36	48	0
33	72	0
43	6	0
20	75	0
87	87	0
85	75	0
58	38	0
80	65	0
16	85	0
48	43	0
64	0	0
65	22	0
33	25	0
54	5	0
55	18	0
51	29	0
73	27	0
34	49	0
27	41	0
56	41	0
68	66	0
86	86	0
45	99	0
73	5	0
94	56	0
67	14	0
11	62	0
18	11	0
88	35	0
63	30	0
79	68	0
16	43	0
54	62	0
61	12	0
34	90	0
30	82	0
49	75	0
96	52	0
46	24	0
52	1	0
26	39	0
76	45	0
72	8	0
67	94	0
28	4	0
67	89	0
7	68	0
41	77	0
35	24	0
5	56	0
7	17	0
83	4	0
28	40	0
74	13	0
38	8	0
3	6	0
79	16	0
25	65	0
28	48	0
94	27	0
78	55	0
12	32	0
22	42	0
3	56	0
39	87	0
13	71	0
13	1	0
31	93	0
54	57	0
42	13	0
14	14	0
52	32	0
49	80	0
35	69	0
80	96	0
29	31	0
22	57	0
33	46	0
56	73	0
78	99	0
49	13	0
68	2	0
31	10	0
48	14	0
55	10	0
16	59	0
83	49	0
64	3	0
22	49	0
60	4	0
56	63	0
44	52	0
40	52	0
79	83	0
75	44	0
21	67	0
52	52	0
22	18	0
96	12	0
43	0	0
59	29	0
59	26	0
24	41	0
16	76	0
57	74	0
14	70	0
38	92	0
32	81	0
38	29	0
39	34	0
89	55	0
63	36	0
14	70	0
74	77	0
7	25	1
63	91	0
30	29	0
66	17	0
68	89	0
73	0	0
90	62	0
73	42	0
43	25	0
39	41	0
37	39	0
92	80	0
13	18	0
65	23	0
81	6	0
13	54	0
43	79	0
75	74	0
72	9	0
5	61	0
94	41	0
57	96	0
4	20	0
67	4	0
52	60	0
36	70	0
62	47	0
17	35	0
53	39	0
68	89	0
60	54	0
37	27	0
79	68	0
24	44	0
19	80	0
81	85	0
47	19	0
5	82	0
67	13	0
91	25	0
68	37	0
19	58	0
64	17	0
24	24	0
65	47	0
16	92	0
69	51	0
48	4	0
82	55	0
37	29	0
29	77	0
42	5	0
80	41	0
10	6	0
61	97	0
15	91	0
28	36	0
55	63	0
58	33	0
11	88	0
10	38	0
23	47	0
57	5	0
91	37	0
66	22	0
84	96	0
30	65	0
20	27	0
40	24	0
37	29	0
90	8	0
51	58	0
80	78	0
31	43	0
60	95	0
69	60	0
44	82	0
75	7	0
70	49	0
76	15	0
66	17	0
46	24	0
32	30	0
93	10	0
62	21	0
5	75	0
92	4	0
98	82	0
9	96	0
10	25	0
86	66	0
42	51	0
30	1	0
89	83	0
81	63	0
27	97	0
67	33	0
77	43	0
91	60	0
11	22	0
85	81	0
26	79	0
76	76	0
30	96	0
97	65	0
30	48	0
21	83	0
99	80	0
37	27	0
25	35	0
71	68	0
62	96	0
43	73	0
11	13	0
43	76	0
60	60	0
38	64	0
34	73	0
83	22	0
15	89	0
82	50	0
21	76	0
38	67	0
43	75	0
92	32	0
45	33	0
18	46	0
0	23	0
68	41	0
98	75	0
55	18	0
79	94	0
75	95	0
29	36	0
47	18	0
20	54	0
25	74	0
7	24	1
34	31	0
49	71	0
60	86	0
34	31	0
74	83	0
57	30	0
38	9	0
69	35	0
23	77	0
46	14	0
10	56	0
95	83	0
59	98	0
50	54	0
79	10	0
42	62	0
4	29	1
4	24	1
43	50	0
90	59	0
91	0	0
1	68	0
77	10	0
90	87	0
70	19	0
31	1	0
25	65	0
72	69	0
38	83	0
50	78	0
81	24	0
20	73	0
59	20	0
66	79	0
62	92	0
32	90	0
94	11	0
90	17	0
67	17	0
43	88	0
9	99	0
4	89	0
76	63	0
73	62	0
95	63	0
9	47	0
88	49	0
66	61	0
9	15	0
79	66	0
63	72	0
23	47	0
12	67	0
40	27	0
42	41	0
15	60	0
61	49	0
46	54	0
93	42	0
81	33	0
78	4	0
68	35	0
54	90	0
3	21	1
13	18	0
21	53	0
77	55	0
97	83	0
74	74	0
98	80	0
22	41	0
52	73	0
57	39	0
36	64	0
81	46	0
1	33	0
23	72	0
42	24	0
79	69	0
65	96	0
52	65	0
6	24	1
28	68	0
28	12	0
80	67	0
27	75	0
52	37	0
87	80	0
99	85	0
10	98	0
39	53	0
13	75	0
79	81	0
37	47	0
59	60	0
44	82	0
79	69	0
26	32	0
18	60	0
85	78	0
73	60	0
89	52	0
44	84	0
56	79	0
65	32	0
33	20	0
85	27	0
43	26	0
87	4	0
19	87	0
18	26	0
2	14	0
38	93	0
95	72	0
24	36	0
93	50	0
17	99	0
18	71	0
25	0	0
98	92	0
25	24	0
8	80	0
72	97	0
43	66	0
84	69	0
23	80	0
83	28	0
22	27	0
37	81	0
28	70	0
31	24	0
26	33	0
22	39	0
97	62	0
84	14	0
52	13	0
76	5	0
90	46	0
36	12	0
52	29	0
91	34	0
8	51	0
43	89	0
12	51	0
14	83	0
80	59	0
54	96	0
55	47	0
76	83	0
42	24	0
94	76	0
39	67	0
94	47	0
10	68	0
61	48	0
23	67	0
71	35	0
6	31	0
60	39	0
87	76	0
85	83	0
89	92	0
24	82	0
19	42	0
48	44	0
44	63	0
36	28	0
22	13	0
37	61	0
11	53	0
60	5	0
74	82	0
82	54	0
90	10	0
13	45	0
7	5	0
80	88	0
10	78	0
50	27	0
56	37	0
74	15	0
17	2	0
56	13	0
13	43	0
1	37	0
49	14	0
51	1	0
3	27	1
33	78	0
63	23	0
35	96	0
82	5	0
35	41	0
54	63	0
69	14	0
93	62	0
58	65	0
45	65	0
46	98	0
83	94	0
18	16	0
93	58	0
14	59	0
86	74	0
56	80	0
15	35	0
18	57	0
99	47	0
28	80	0
91	96	0
68	83	0
47	3	0
38	56	0
82	53	0
36	87	0
70	44	0
88	71	0
73	29	0
11	65	0
15	59	0
90	89	0
73	38	0
58	65	0
56	4	0
12	17	0
79	63	0
33	27	0
13	64	0
38	55	0
53	50	0
35	6	0
61	33	0
4	79	0
18	51	0
11	64	0
3	51	0
84	64	0
23	20	0
54	21	0
98	18	0
85	8	0
50	61	0
0	73	0
60	31	0
31	25	0
11	13	0
17	18	0
76	65	0
67	24	0
35	36	0
43	75	0
56	75	0
13	86	0
29	69	0
52	82	0
26	43	0
78	96	0
54	32	0
39	85	0
22	11	0
53	13	0
9	41	0
60	45	0
70	11	0
31	75	0
85	65	0
65	54	0
49	50	0
43	12	0
2	75	0
78	69	0
66	53	0
49	42	0
73	65	0
71	78	0
71	41	0
65	9	0
94	78	0
81	12	0
1	75	0
74	61	0
1	29	0
5	27	1
27	0	0
50	31	0
1	8	0
7	46	0
23	73	0
31	98	0
35	49	0
98	31	0
5	48	0
59	92	0
25	83	0
5	28	1
99	63	0
38	66	0
8	21	0
86	49	0
24	1	0
61	22	0
60	3	0
15	6	0
24	80	0
44	57	0
85	75	0
68	46	0
12	5	0
33	32	0
51	7	0
9	28	0
3	73	0
74	5	0
41	65	0
52	43	0
69	95	0
17	40	0
12	94	0
91	47	0
25	22	0
92	81	0
58	62	0
67	33	0
49	33	0
96	21	0
89	63	0
20	58	0
14	91	0
30	43	0
2	90	0
4	94	0
87	16	0
37	53	0
3	92	0
52	4	0
66	9	0
46	51	0
25	17	0
67	41	0
40	26	0
10	84	0
26	33	0
59	4	0
7	43	0
96	49	0
99	9	0
52	51	0
34	2	0
41	24	0
19	99	0
61	79	0
25	63	0
8	12	0
44	24	0
6	80	0
0	71	0
68	47	0
77	47	0
54	36	0
13	76	0
22	29	0
85	76	0
65	29	0
50	78	0
65	93	0
27	16	0
11	89	0
67	17	0
61	77	0
38	43	0
95	71	0
33	76	0
99	19	0
83	19	0
98	23	0
82	89	0
42	55	0
24	76	0
73	13	0
38	3	0
65	81	0
63	77	0
18	45	0
65	52	0
61	82	0
77	22	0
92	51	0
7	67	0
60	46	0
23	31	0
93	28	0
67	40	0
68	15	0
92	95	0
76	73	0
52	73	0
78	35	0
60	69	0
14	97	0
30	9	0
6	93	0
17	76	0
54	63	0
64	95	0
79	13	0
91	94	0
78	3	0
10	3	0
87	72	0
67	11	0
97	27	0
79	66	0
52	42	0
15	59	0
62	85	0
64	71	0
2	48	0
11	40	0
43	95	0
3	80	0
54	0	0
46	46	0
8	67	0
35	31	0
15	32	0
12	44	0
99	50	0
52	37	0
4	45	0
27	91	0
87	68	0
1	16	0
84	95	0
28	78	0
63	45	0
40	59	0
96	43	0
63	41	0
2	8	0
9	10	0
3	50	0
15	53	0
95	76	0
74	50	0
97	67	0
11	52	0
77	62	0
20	80	0
0	2	0
74	79	0
4	19	0
26	66	0
36	4	0
29	27	0
6	72	0
44	90	0
1	7	0
66	47	0
53	59	0
80	62	0
83	78	0
41	90	0
35	23	0
7	66	0
3	15	0
37	68	0
48	48	0
60	55	0
82	14	0
