78	66	0
36	32	0
65	98	0
16	14	0
93	35	0
88	92	0
71	41	0
6	76	0
2	7	0
12	94	0
87	41	0
69	79	0
32	30	0
66	74	0
91	51	0
51	93	1
57	67	0
41	29	0
90	80	0
97	85	0
69	77	0
6	24	0
68	71	0
74	31	0
64	83	0
51	66	0
61	83	0
94	51	0
99	32	0
92	71	0
40	0	0
83	33	0
33	14	0
94	68	0
93	70	0
91	22	1
90	10	0
17	30	0
65	73	0
2	87	0
94	11	1
63	96	0
21	34	0
78	73	0
92	39	0
59	95	0
4	19	0
91	15	0
67	37	0
74	12	1
51	42	0
78	39	0
14	96	1
86	71	0
59	93	0
20	63	0
94	54	0
35	37	0
33	9	0
63	60	0
10	92	0
99	26	0
36	69	0
86	61	0
96	7	0
75	93	0
69	79	0
6	22	0
74	81	0
83	67	0
81	44	0
17	97	1
58	36	0
88	43	0
83	36	0
90	42	0
13	61	0
4	14	0
88	63	0
59	99	0
34	82	0
61	91	0
76	43	0
61	67	0
80	78	0
78	79	0
22	16	0
6	7	0
84	59	0
87	0	0
14	46	0
74	76	0
64	79	0
62	78	0
55	8	0
56	96	1
75	86	0
79	51	0
10	88	0
95	86	0
0	94	0
19	54	0
90	86	0
91	75	0
51	79	0
72	46	0
80	37	0
57	65	0
18	56	0
45	21	0
88	85	0
75	4	0
85	38	0
82	95	0
61	75	0
73	75	0
19	26	0
68	98	0
70	63	1
57	92	0
31	79	0
31	38	0
71	53	1
57	46	0
60	82	0
68	39	0
5	99	0
93	33	0
65	21	1
51	27	0
84	20	1
68	68	0
74	96	0
91	71	0
88	11	1
94	25	0
99	82	0
69	76	0
48	83	0
17	76	1
96	9	1
10	49	0
76	73	0
76	73	0
86	54	0
88	58	0
86	68	0
54	15	0
33	22	0
78	62	0
29	74	0
59	85	0
84	74	0
99	44	0
99	31	0
70	62	0
69	98	0
66	11	0
1	93	0
14	99	0
97	59	0
59	70	1
89	74	0
12	17	0
85	8	1
82	9	0
93	27	0
86	21	1
82	32	0
14	17	0
31	77	0
55	96	1
85	35	0
76	99	0
90	77	0
65	33	0
67	83	0
6	6	0
33	10	0
45	26	0
67	40	0
0	56	0
30	13	0
99	86	0
95	54	0
97	11	1
61	0	0
37	7	0
98	85	0
28	75	0
8	95	0
35	33	0
72	51	0
73	70	0
51	73	0
82	79	0
71	33	0
81	77	0
86	33	0
85	67	0
56	35	0
99	73	0
65	10	0
99	11	1
31	57	0
77	90	0
96	41	0
90	44	0
78	91	0
92	42	0
44	48	0
55	97	0
69	83	0
24	75	0
85	86	0
5	94	0
91	13	1
21	98	1
86	29	0
90	61	0
29	3	0
49	93	1
46	54	0
12	16	0
86	48	0
89	8	1
67	91	0
14	22	0
75	31	0
73	78	0
17	32	0
81	42	0
77	0	0
93	66	0
68	19	0
93	93	0
16	33	0
54	98	1
66	53	0
91	40	0
63	46	0
3	56	0
92	70	0
94	64	0
5	84	0
76	87	0
38	16	0
67	52	0
59	97	0
66	94	0
99	44	0
63	10	0
71	41	0
79	31	0
90	55	0
77	33	0
89	73	0
50	89	1
89	99	0
81	97	0
14	9	0
3	84	0
73	83	0
70	91	0
53	18	0
83	57	0
99	1	0
99	80	0
65	81	0
92	22	1
61	77	0
85	22	1
97	3	0
90	33	0
13	44	0
2	96	0
89	88	0
86	93	0
84	87	0
79	60	0
71	78	0
5	88	0
27	25	0
4	12	0
40	43	0
83	41	0
62	61	0
60	2	0
74	82	0
79	76	0
83	48	0
72	60	0
26	22	0
98	42	0
75	97	0
55	39	0
70	80	0
94	68	0
18	53	0
51	71	0
57	79	0
58	85	1
4	49	0
75	79	0
97	43	0
91	70	0
49	91	1
87	27	0
85	7	1
95	69	0
65	71	0
0	96	0
79	93	0
19	22	0
8	94	0
66	74	0
66	64	0
89	91	0
4	81	0
86	55	0
16	3	0
48	90	1
8	84	0
1	15	0
98	55	0
77	28	1
16	20	0
10	35	0
76	37	0
70	79	0
91	75	0
83	40	0
79	74	0
70	87	0
2	71	0
89	66	0
61	24	0
96	41	0
77	86	0
74	72	0
41	80	0
91	62	0
94	9	1
41	73	0
0	99	0
75	37	0
28	33	0
65	85	0
35	72	0
65	95	0
92	52	0
86	35	0
73	67	0
96	82	0
95	44	0
96	95	0
82	69	0
69	34	0
40	85	1
84	74	0
82	68	0
99	31	0
48	64	0
67	30	0
85	90	0
87	59	0
26	83	0
89	36	0
79	43	0
89	38	0
99	83	0
74	49	0
9	81	0
14	99	0
39	31	0
28	71	0
60	9	0
1	94	0
76	46	0
7	15	0
20	58	0
65	68	0
71	77	0
81	47	0
72	44	0
78	64	1
73	46	0
15	41	0
93	76	0
61	93	0
77	16	0
15	93	0
95	54	0
59	26	1
28	20	0
28	33	0
73	50	0
94	34	0
11	6	0
41	2	0
54	60	0
95	87	0
27	8	0
60	12	0
91	82	0
72	61	1
60	87	0
23	53	0
94	46	0
86	61	0
5	89	0
1	99	0
46	31	0
94	31	0
18	31	0
85	38	0
81	17	0
36	29	0
16	98	1
57	86	1
19	37	0
79	41	0
66	91	0
71	40	0
8	11	0
93	54	0
84	39	0
82	19	0
60	30	1
56	98	0
82	39	0
51	98	0
59	52	0
74	46	0
55	94	0
91	49	0
95	98	0
86	87	0
73	71	0
72	23	0
95	43	0
95	98	0
96	98	0
86	22	1
82	67	0
12	98	1
83	94	0
56	74	0
4	17	0
35	92	0
84	33	0
19	96	1
74	31	0
80	45	0
76	50	0
99	52	0
87	33	0
81	23	1
5	77	0
10	13	0
55	81	0
27	69	0
36	1	0
3	87	0
97	39	0
94	89	0
85	49	0
92	89	0
69	58	1
94	44	0
