5	24	1
90	59	0
51	10	0
42	19	0
53	95	0
3	39	0
86	33	0
87	72	0
1	13	0
49	14	0
66	92	0
43	41	0
70	46	0
5	93	0
29	10	0
18	52	0
86	3	0
82	80	0
66	32	0
28	56	0
97	62	0
99	7	0
46	74	0
76	78	0
85	86	0
81	1	0
18	98	0
63	19	0
73	72	0
64	80	0
92	55	0
6	47	0
29	30	0
47	16	0
77	17	0
48	47	0
87	81	0
11	93	0
66	63	0
99	14	0
83	94	0
43	18	0
30	65	0
67	49	0
92	48	0
54	83	0
95	47	0
21	98	0
32	45	0
58	8	0
91	43	0
22	69	0
63	6	0
38	81	0
71	90	0
20	65	0
96	64	0
45	12	0
34	55	0
76	72	0
95	95	0
76	0	0
20	96	0
90	3	0
47	12	0
89	63	0
45	19	0
15	89	0
85	4	0
36	77	0
86	81	0
54	51	0
23	39	0
85	72	0
15	35	0
30	50	0
82	41	0
15	8	0
6	46	0
50	88	0
66	97	0
63	20	0
47	95	0
75	98	0
10	10	0
14	30	0
84	13	0
85	14	0
53	47	0
87	38	0
24	20	0
78	47	0
49	54	0
36	11	0
33	10	0
68	54	0
28	83	0
49	1	0
44	81	0
44	2	0
35	37	0
84	35	0
47	64	0
59	48	0
20	81	0
69	81	0
1	80	0
50	90	0
83	46	0
63	20	0
51	79	0
2	42	0
65	12	0
53	74	0
6	87	0
36	6	0
26	49	0
17	28	0
83	83	0
5	25	0
45	27	0
2	1	0
37	98	0
94	6	0
63	60	0
1	37	0
74	85	0
93	18	0
60	59	0
55	85	0
33	25	0
64	91	0
20	18	0
74	86	0
68	48	0
28	95	0
80	27	0
46	38	0
15	20	0
63	2	0
6	7	0
8	83	0
17	1	0
99	93	0
96	16	0
81	40	0
47	60	0
62	23	0
85	91	0
1	5	0
37	17	0
19	9	0
81	71	0
44	37	0
87	73	0
85	79	0
50	26	0
54	30	0
82	51	0
4	53	0
22	75	0
17	65	0
94	74	0
51	60	0
37	97	0
95	42	0
71	75	0
49	86	0
25	44	0
99	73	0
4	48	0
40	38	0
21	29	0
29	75	0
29	70	0
94	17	0
59	38	0
77	8	0
45	82	0
63	21	0
61	40	0
76	71	0
22	53	0
65	60	0
27	99	0
30	62	0
30	4	0
61	23	0
23	99	0
3	74	0
65	76	0
81	48	0
20	85	0
17	46	0
89	77	0
27	45	0
35	77	0
32	87	0
58	38	0
32	5	0
23	49	0
75	90	0
97	78	0
64	95	0
69	14	0
15	51	0
62	13	0
55	25	0
56	34	0
74	12	0
24	64	0
16	80	0
45	63	0
68	33	0
28	75	0
85	27	0
60	83	0
35	72	0
27	13	0
93	75	0
30	77	0
48	2	0
1	88	0
78	20	0
94	72	0
85	81	0
83	30	0
1	81	0
12	72	0
99	50	0
64	66	0
43	46	0
46	68	0
74	75	0
41	69	0
19	86	0
39	65	0
74	3	0
4	57	0
69	99	0
68	36	0
26	90	0
87	67	0
47	16	0
39	60	0
14	76	0
32	96	0
67	28	0
67	19	0
24	37	0
99	59	0
61	47	0
75	43	0
4	90	0
58	17	0
21	81	0
74	70	0
64	61	0
68	55	0
60	2	0
17	7	0
0	60	0
85	55	0
55	13	0
72	57	0
47	92	0
62	53	0
89	35	0
95	12	0
21	62	0
92	72	0
11	79	0
20	26	0
92	49	0
38	96	0
49	41	0
47	4	0
17	90	0
75	29	0
37	44	0
34	74	0
43	4	0
21	78	0
90	84	0
89	71	0
55	32	0
81	67	0
16	84	0
46	49	0
62	2	0
67	21	0
36	24	0
52	10	0
58	11	0
56	30	0
76	25	0
34	45	0
28	41	0
54	39	0
65	69	0
85	88	0
42	99	0
74	7	0
92	56	0
69	9	0
13	58	0
22	8	0
85	39	0
59	28	0
77	68	0
18	41	0
52	64	0
64	11	0
33	93	0
28	83	0
52	78	0
96	52	0
46	23	0
50	6	0
27	42	0
79	42	0
73	9	0
68	93	0
30	8	0
67	88	0
5	67	0
42	75	0
38	23	0
1	54	0
10	19	0
81	5	0
29	39	0
73	16	0
34	7	0
5	4	0
77	17	0
26	65	0
30	49	0
97	23	0
79	54	0
13	35	0
24	39	0
5	55	0
40	92	0
19	74	0
11	1	0
31	92	0
53	53	0
45	14	0
16	12	0
53	34	0
49	77	0
37	73	0
82	93	0
28	29	0
23	57	0
31	47	0
54	71	0
79	97	0
51	12	0
66	3	0
28	10	0
54	16	0
51	12	0
16	59	0
83	50	0
64	2	0
24	48	0
60	6	0
57	63	0
45	53	0
42	54	0
81	84	0
71	41	0
19	67	0
54	51	0
21	18	0
98	11	0
45	5	0
60	32	0
55	26	0
23	40	0
13	76	0
60	72	0
13	69	0
38	90	0
31	83	0
38	28	0
40	36	0
92	56	0
60	39	0
13	70	0
72	79	0
5	22	0
62	93	0
28	31	0
66	18	0
69	89	0
70	3	0
89	58	0
76	40	0
43	22	0
43	44	0
38	37	0
90	82	0
12	21	0
65	19	0
79	5	0
16	51	0
47	75	0
73	74	0
71	9	0
2	65	0
92	40	0
62	97	0
4	16	0
68	5	0
55	61	0
35	72	0
63	49	0
20	36	0
54	40	0
70	91	0
59	52	0
32	27	0
81	70	0
23	41	0
19	78	0
78	84	0
47	16	0
8	82	0
70	13	0
89	28	0
66	35	0
21	55	0
66	16	0
24	22	0
62	48	0
18	93	0
72	50	0
50	3	0
83	54	0
35	27	0
30	78	0
41	3	0
83	38	0
10	7	0
66	98	0
14	91	0
30	35	0
56	62	0
58	34	0
11	84	0
11	41	0
24	45	0
59	1	0
94	41	0
65	25	0
85	95	0
30	66	0
18	27	0
44	23	0
34	27	0
89	8	0
53	59	0
77	75	0
29	49	0
56	93	0
70	62	0
43	82	0
72	8	0
69	45	0
75	14	0
64	13	0
51	21	0
31	32	0
93	4	0
59	25	0
6	78	0
92	4	0
96	83	0
11	95	0
12	23	0
90	67	0
42	52	0
30	1	0
89	81	0
81	61	0
24	98	0
62	30	0
76	39	0
93	57	0
8	23	0
87	78	0
31	76	0
72	80	0
28	97	0
99	63	0
31	53	0
15	81	0
99	79	0
40	29	0
25	30	0
67	70	0
60	98	0
45	70	0
11	10	0
45	77	0
62	59	0
35	63	0
34	71	0
83	23	0
14	90	0
81	51	0
21	73	0
37	64	0
45	71	0
94	32	0
45	34	0
16	47	0
0	22	0
66	39	0
96	74	0
58	18	0
80	92	0
74	95	0
28	31	0
44	19	0
21	57	0
27	70	0
3	24	0
31	31	0
50	73	0
59	87	0
30	30	0
70	87	0
51	33	0
40	9	0
70	34	0
25	76	0
47	16	0
10	57	0
94	82	0
59	97	0
57	54	0
74	6	0
42	64	0
4	27	0
3	25	0
41	46	0
88	59	0
90	2	0
0	69	0
77	6	0
92	88	0
69	16	0
29	1	0
23	64	0
76	71	0
37	85	0
47	80	0
83	25	0
20	77	0
57	21	0
65	79	0
60	90	0
30	91	0
97	10	0
94	17	0
64	13	0
40	92	0
13	98	0
2	88	0
76	61	0
73	63	0
93	64	0
10	49	0
85	46	0
69	66	0
9	15	0
80	66	0
61	72	0
21	50	0
10	66	0
39	27	0
43	39	0
18	63	0
61	51	0
45	51	0
92	44	0
83	37	0
79	6	0
72	36	0
50	91	0
4	24	1
15	15	0
19	54	0
76	53	0
98	83	0
77	71	0
97	77	0
20	42	0
50	73	0
52	36	0
36	63	0
78	47	0
4	38	0
20	72	0
43	24	0
81	71	0
66	94	0
52	66	0
7	22	1
35	71	0
27	11	0
82	66	0
30	75	0
55	36	0
85	84	0
95	86	0
9	98	0
36	52	0
12	74	0
78	78	0
36	45	0
58	62	0
42	81	0
79	70	0
22	33	0
18	64	0
85	74	0
73	59	0
93	54	0
46	84	0
56	82	0
67	37	0
36	23	0
85	26	0
45	25	0
85	4	0
16	83	0
18	28	0
0	10	0
34	94	0
90	70	0
25	36	0
92	55	0
18	99	0
18	74	0
28	1	0
96	95	0
25	22	0
9	80	0
69	95	0
41	65	0
81	72	0
23	80	0
85	26	0
17	23	0
36	80	0
26	70	0
28	25	0
25	33	0
26	39	0
99	62	0
82	12	0
52	14	0
73	8	0
91	49	0
39	12	0
52	28	0
87	31	0
10	49	0
43	88	0
10	52	0
15	84	0
79	58	0
49	96	0
56	48	0
71	85	0
44	24	0
93	74	0
41	70	0
96	51	0
9	71	0
58	48	0
26	65	0
72	33	0
10	31	0
57	37	0
87	75	0
82	81	0
85	91	0
26	81	0
18	40	0
43	41	0
41	64	0
34	33	0
21	12	0
39	59	0
10	56	0
62	2	0
72	77	0
84	55	0
91	10	0
12	45	0
8	3	0
85	89	0
12	82	0
52	27	0
56	37	0
78	17	0
17	0	0
54	12	0
14	47	0
1	35	0
50	16	0
51	2	0
1	26	0
34	78	0
63	21	0
35	99	0
81	5	0
38	44	0
62	63	0
68	11	0
93	62	0
62	64	0
47	66	0
43	95	0
83	95	0
21	13	0
89	57	0
14	59	0
85	78	0
58	78	0
13	36	0
20	55	0
99	44	0
29	76	0
95	96	0
64	80	0
49	5	0
34	55	0
82	54	0
40	86	0
74	41	0
86	71	0
67	32	0
13	64	0
16	61	0
91	90	0
71	33	0
60	64	0
56	2	0
9	14	0
81	63	0
31	24	0
16	63	0
37	57	0
56	50	0
35	6	0
59	34	0
6	76	0
18	49	0
12	64	0
1	48	0
84	60	0
21	20	0
55	23	0
98	16	0
86	7	0
49	64	0
4	75	0
58	30	0
30	21	0
11	18	0
16	13	0
77	63	0
68	23	0
42	40	0
42	74	0
51	78	0
15	89	0
29	69	0
53	81	0
25	43	0
85	95	0
52	29	0
39	83	0
22	11	0
56	11	0
9	43	0
59	47	0
69	15	0
31	78	0
84	66	0
66	55	0
45	50	0
44	12	0
4	77	0
80	66	0
67	53	0
51	43	0
73	67	0
71	76	0
74	40	0
65	9	0
97	76	0
86	12	0
0	78	0
71	62	0
2	33	0
3	27	0
27	0	0
48	32	0
0	9	0
7	44	0
23	72	0
31	95	0
37	54	0
97	30	0
4	49	0
60	92	0
29	86	0
4	23	0
97	60	0
38	66	0
12	23	0
89	46	0
26	2	0
61	20	0
61	2	0
14	3	0
24	79	0
43	57	0
82	76	0
68	44	0
13	3	0
37	31	0
49	7	0
3	31	0
4	70	0
73	5	0
36	65	0
52	43	0
71	93	0
16	41	0
17	97	0
92	47	0
24	22	0
90	81	0
54	62	0
67	33	0
49	32	0
94	19	0
86	61	0
22	59	0
17	94	0
30	46	0
1	87	0
6	98	0
84	15	0
40	51	0
1	93	0
52	3	0
64	10	0
46	45	0
26	21	0
63	41	0
41	26	0
11	80	0
26	32	0
54	6	0
7	47	0
97	48	0
99	12	0
48	55	0
35	1	0
41	21	0
17	97	0
60	80	0
25	65	0
8	10	0
43	23	0
10	80	0
2	74	0
66	45	0
78	45	0
54	38	0
11	76	0
27	29	0
85	74	0
67	31	0
50	80	0
61	95	0
28	13	0
6	87	0
64	18	0
58	79	0
35	45	0
95	74	0
34	75	0
98	20	0
86	20	0
99	24	0
82	88	0
45	57	0
25	74	0
74	14	0
41	6	0
64	80	0
61	75	0
16	46	0
65	54	0
64	82	0
77	22	0
92	48	0
6	65	0
58	45	0
21	29	0
91	28	0
67	39	0
66	16	0
92	94	0
74	78	0
53	70	0
75	37	0
60	70	0
15	93	0
32	6	0
1	92	0
15	78	0
56	61	0
66	95	0
80	17	0
91	96	0
79	1	0
13	3	0
88	78	0
65	10	0
93	26	0
78	71	0
53	40	0
14	57	0
63	86	0
66	71	0
1	46	0
10	45	0
46	94	0
6	80	0
55	6	0
47	46	0
9	67	0
36	27	0
21	30	0
12	43	0
98	49	0
55	39	0
4	47	0
25	92	0
89	68	0
3	13	0
87	97	0
30	82	0
59	47	0
39	61	0
99	40	0
64	42	0
0	5	0
13	6	0
1	50	0
14	52	0
97	81	0
75	48	0
97	69	0
12	56	0
77	60	0
21	79	0
2	1	0
75	75	0
1	20	0
25	66	0
33	5	0
26	29	0
10	71	0
44	92	0
0	7	0
68	47	0
53	64	0
76	66	0
83	81	0
38	91	0
36	25	0
9	66	0
1	13	0
38	69	0
47	50	0
63	55	0
80	17	0
