85	68	0
46	20	0
38	27	0
45	94	0
10	8	0
98	37	0
99	87	0
38	9	0
64	81	0
46	17	0
96	43	0
5	77	0
18	7	0
19	64	0
98	18	0
83	78	0
59	30	0
22	49	0
95	66	0
94	10	0
43	91	0
60	72	0
81	85	0
51	1	0
42	80	0
58	6	0
85	77	0
64	87	0
83	75	0
3	28	0
56	26	0
38	18	0
85	32	0
38	54	0
89	59	0
8	90	0
41	99	0
95	23	0
76	89	0
49	3	0
25	61	0
91	60	0
93	72	0
52	71	0
94	54	0
5	82	0
23	36	1
66	2	0
92	61	0
17	70	0
64	4	0
6	78	0
49	93	0
36	75	0
94	66	0
51	33	0
26	28	0
88	80	0
99	97	0
99	18	0
10	92	0
93	19	0
40	0	0
72	79	0
46	11	0
6	90	0
84	9	0
45	81	0
72	99	0
52	69	0
6	32	0
71	90	0
27	36	1
14	60	0
89	33	0
15	38	0
28	88	0
49	97	0
64	25	0
31	94	0
61	97	0
2	25	0
97	11	0
91	24	0
39	59	0
76	35	0
19	36	1
79	53	0
27	32	1
43	10	0
38	4	0
65	40	0
17	99	0
61	14	0
57	89	0
38	5	0
45	28	0
86	44	0
35	68	0
74	44	0
9	61	0
76	83	0
1	75	0
27	92	0
96	52	0
60	8	0
45	68	0
26	58	0
60	5	0
67	52	0
1	58	0
33	0	0
21	46	0
41	34	0
72	94	0
56	46	0
22	99	0
85	4	0
54	76	0
82	83	0
97	6	0
65	75	0
49	75	0
33	9	0
57	93	0
94	77	0
76	64	0
25	98	0
67	35	0
34	19	0
14	44	0
76	12	0
16	64	0
92	65	0
98	28	0
86	34	0
36	54	0
59	19	0
84	72	0
17	18	0
32	10	0
78	64	0
38	33	0
70	77	0
70	89	0
53	28	0
42	30	0
55	43	0
15	40	0
30	57	0
18	63	0
76	81	0
42	53	0
41	96	0
79	44	0
82	71	0
56	86	0
28	33	1
95	69	0
14	28	0
49	46	0
22	12	0
28	86	0
38	78	0
86	32	0
38	39	0
72	13	0
41	80	0
56	26	0
47	47	0
80	80	0
28	61	0
55	73	0
35	86	0
38	44	0
38	14	0
53	9	0
26	73	0
25	82	0
76	81	0
94	68	0
30	87	0
28	33	1
93	69	0
30	50	0
26	84	0
53	70	0
40	55	0
27	12	0
14	28	0
73	95	0
88	84	0
60	75	0
68	34	0
5	60	0
56	9	0
78	29	0
65	25	0
71	29	0
14	67	0
1	55	0
55	51	0
76	23	0
37	62	0
93	34	0
34	97	0
25	63	0
39	19	0
80	78	0
34	58	0
30	9	0
16	89	0
59	11	0
93	92	0
71	93	0
95	6	0
5	80	0
22	63	0
90	37	0
55	74	0
44	38	0
56	63	0
48	71	0
51	64	0
15	74	0
26	56	0
70	0	0
3	65	0
62	83	0
89	41	0
42	91	0
78	58	0
63	27	0
46	70	0
19	86	0
40	98	0
50	39	0
74	33	0
24	31	1
87	61	0
76	42	0
71	67	0
3	51	0
51	16	0
10	87	0
60	62	0
57	40	0
65	36	0
51	23	0
6	58	0
83	21	0
46	8	0
70	63	0
48	77	0
73	38	0
97	33	0
94	0	0
2	58	0
98	74	0
21	95	0
92	75	0
38	94	0
57	36	0
56	10	0
19	90	0
71	31	0
42	67	0
40	78	0
47	9	0
29	95	0
82	87	0
67	88	0
76	42	0
90	75	0
20	93	0
46	60	0
64	1	0
68	34	0
33	14	0
36	0	0
55	9	0
59	58	0
77	43	0
42	48	0
35	52	0
35	71	0
70	87	0
83	68	0
59	79	0
87	0	0
83	38	0
66	2	0
22	44	0
28	29	0
76	43	0
62	40	0
70	65	0
10	35	0
40	65	0
61	24	0
26	85	0
22	89	0
27	74	0
96	68	0
45	19	0
36	3	0
24	53	0
87	66	0
58	13	0
77	91	0
9	3	0
55	99	0
1	71	0
38	88	0
40	31	0
3	59	0
83	20	0
23	37	1
73	2	0
49	15	0
88	8	0
38	47	0
23	48	0
77	29	0
85	55	0
11	22	0
27	35	1
6	60	0
34	98	0
1	89	0
46	91	0
57	72	0
51	41	0
64	17	0
39	86	0
44	70	0
86	93	0
24	26	0
14	56	0
24	44	0
61	63	0
70	85	0
34	21	0
79	23	0
38	4	0
54	3	0
59	20	0
36	48	0
80	71	0
90	14	0
22	41	0
50	19	0
52	47	0
44	32	0
34	54	0
81	74	0
81	51	0
14	52	0
56	34	0
96	9	0
63	7	0
50	27	0
51	35	0
31	27	0
1	70	0
66	76	0
28	76	0
24	93	0
25	95	0
56	14	0
43	36	0
99	40	0
83	52	0
0	79	0
84	71	0
72	76	0
77	30	0
73	83	0
83	5	0
86	58	0
74	55	0
40	21	0
59	47	0
28	49	0
83	82	0
68	15	0
94	4	0
28	46	0
34	92	0
73	72	0
82	20	0
10	65	0
96	28	0
38	95	0
84	17	0
68	48	0
38	53	0
55	41	0
23	42	0
32	45	0
61	84	0
82	34	0
36	16	0
70	71	0
23	64	0
12	96	0
92	87	0
33	38	0
3	84	0
58	38	0
87	19	0
84	44	0
6	66	0
63	33	0
47	27	0
44	40	0
7	98	0
76	23	0
53	4	0
86	47	0
51	44	0
25	75	0
14	2	0
58	62	0
60	90	0
3	51	0
45	68	0
39	80	0
53	30	0
19	94	0
5	46	0
20	45	0
62	14	0
88	29	0
92	17	0
76	89	0
22	56	0
34	28	0
41	26	0
79	3	0
69	62	0
74	92	0
17	41	0
59	90	0
99	64	0
40	82	0
69	10	0
67	52	0
68	22	0
76	9	0
45	24	0
45	14	0
97	0	0
83	36	0
6	76	0
82	8	0
90	96	0
18	94	0
98	69	0
49	57	0
16	30	0
93	97	0
59	45	0
5	94	0
69	28	0
72	38	0
70	59	0
82	63	0
26	77	0
83	69	0
35	90	0
96	80	0
35	96	0
97	79	0
28	35	1
39	28	0
52	69	0
65	97	0
45	64	0
71	99	0
66	51	0
32	61	0
32	66	0
80	13	0
12	84	0
92	48	0
23	86	0
52	72	0
45	83	0
86	44	0
37	53	0
21	34	1
48	24	0
86	52	0
66	15	0
86	90	0
57	89	0
42	53	0
56	0	0
40	42	0
50	91	0
32	21	0
51	61	0
73	74	0
36	22	0
96	94	0
45	17	0
20	7	0
57	27	0
23	78	0
41	9	0
19	59	0
90	92	0
62	88	0
59	56	0
63	9	0
41	69	0
49	50	0
99	52	0
89	0	0
5	68	0
76	2	0
58	73	0
68	30	0
44	16	0
35	64	0
81	78	0
34	70	0
42	79	0
85	28	0
22	49	0
66	28	0
43	66	0
65	87	0
32	95	0
83	8	0
99	25	0
68	13	0
28	82	0
18	97	0
18	81	0
68	42	0
76	70	0
71	81	0
13	44	0
79	38	0
69	69	0
79	77	0
58	67	0
13	71	0
15	65	0
50	25	0
38	19	0
2	34	0
44	56	0
32	45	0
84	29	0
81	35	0
74	3	0
75	45	0
53	65	0
20	64	0
53	22	0
91	86	0
51	90	0
74	63	0
29	53	0
43	81	0
68	46	0
35	51	0
82	25	0
23	49	0
35	24	0
89	52	0
92	94	0
55	54	0
2	63	0
48	8	0
57	60	0
24	85	0
40	30	0
82	91	0
99	70	0
17	83	0
67	50	0
6	70	0
83	55	0
32	56	0
51	56	0
36	80	0
58	73	0
4	51	0
81	70	0
66	60	0
86	47	0
16	65	0
63	87	0
54	23	0
95	28	0
51	32	0
98	12	0
10	86	0
31	35	0
35	63	0
84	57	0
28	57	0
81	67	0
15	99	0
20	84	0
97	89	0
50	30	0
9	73	0
81	98	0
41	63	0
86	63	0
20	91	0
92	27	0
26	5	0
35	78	0
35	72	0
34	13	0
13	40	0
4	24	0
84	66	0
95	13	0
58	12	0
82	27	0
95	33	0
34	9	0
32	53	0
96	36	0
8	57	0
51	94	0
6	53	0
24	83	0
67	49	0
53	96	0
76	57	0
70	83	0
40	34	0
78	63	0
38	58	0
84	59	0
12	68	0
53	30	0
30	80	0
82	38	0
71	32	0
81	73	0
96	99	0
86	80	0
54	69	0
68	38	0
46	73	0
41	22	0
32	10	0
29	75	0
4	39	0
60	1	0
60	87	0
75	84	0
82	5	0
14	45	0
54	76	0
16	97	0
63	4	0
60	41	0
57	24	0
39	24	0
19	36	1
50	15	0
80	4	0
43	96	0
69	28	0
30	92	0
92	13	0
29	52	0
47	62	0
70	28	0
86	82	0
62	72	0
39	67	0
51	97	0
74	72	0
84	45	0
15	75	0
81	85	0
85	98	0
26	30	1
16	53	0
95	45	0
29	72	0
99	91	0
60	99	0
39	5	0
70	65	0
88	60	0
62	84	0
75	55	0
93	72	0
73	36	0
13	52	0
3	64	0
67	76	0
75	39	0
51	54	0
50	1	0
31	16	0
93	76	0
14	53	0
27	52	0
58	34	0
37	14	0
53	29	0
21	87	0
1	58	0
15	82	0
75	52	0
77	22	0
88	38	0
80	3	0
54	84	0
11	48	0
52	28	0
60	54	0
46	82	0
90	11	0
25	36	1
65	55	0
45	89	0
17	92	0
36	61	0
34	86	0
37	23	0
76	78	0
47	34	0
45	81	0
59	37	0
13	38	0
62	60	0
65	16	0
21	81	0
86	42	0
27	38	0
29	49	0
23	17	0
1	63	0
79	68	0
78	64	0
39	52	0
84	55	0
80	72	0
73	34	0
66	18	0
79	77	0
78	17	0
8	59	0
80	85	0
25	27	0
66	30	0
14	62	0
0	87	0
33	95	0
36	55	0
99	28	0
4	50	0
58	90	0
7	91	0
88	62	0
58	52	0
84	28	0
14	7	0
44	32	0
70	1	0
11	81	0
48	54	0
95	61	0
77	37	0
8	6	0
12	45	0
67	15	0
10	73	0
80	1	0
49	71	0
39	27	0
86	92	0
14	19	0
29	95	0
94	57	0
30	13	0
89	95	0
49	57	0
66	61	0
40	38	0
98	26	0
91	89	0
4	66	0
8	70	0
8	51	0
20	81	0
13	99	0
71	26	0
39	54	0
10	90	0
44	17	0
71	12	0
40	60	0
62	56	0
49	23	0
33	69	0
32	29	0
90	23	0
3	40	0
76	64	0
86	9	0
57	46	0
29	18	0
47	6	0
13	95	0
54	66	0
41	63	0
35	14	0
9	97	0
2	92	0
66	50	0
95	34	0
31	27	0
25	65	0
88	94	0
49	29	0
63	73	0
64	89	0
10	82	0
75	31	0
52	57	0
14	40	0
90	76	0
55	62	0
96	16	0
77	14	0
89	23	0
65	91	0
44	62	0
42	56	0
67	13	0
44	7	0
64	96	0
66	63	0
17	53	0
71	38	0
53	92	0
86	33	0
89	55	0
33	76	0
50	55	0
23	29	0
85	24	0
32	55	0
84	8	0
98	96	0
73	58	0
59	82	0
72	35	0
69	81	0
11	95	0
35	6	0
11	85	0
17	61	0
58	72	0
72	85	0
67	10	0
96	99	0
89	10	0
93	86	0
59	6	0
82	30	0
79	51	0
52	44	0
24	88	0
62	95	0
63	79	0
26	49	0
7	29	0
22	89	0
11	63	0
46	6	0
40	47	0
20	67	0
41	42	0
6	40	0
98	54	0
44	24	0
16	58	0
32	83	0
67	76	0
94	61	0
6	67	0
64	46	0
23	61	0
76	43	0
54	38	0
2	47	0
24	48	0
84	53	0
70	56	0
90	54	0
2	69	0
60	53	0
5	86	0
6	18	0
92	72	0
14	61	0
36	6	0
40	20	0
13	99	0
16	82	0
85	39	0
67	67	0
74	60	0
73	84	0
39	62	0
56	44	0
7	70	0
41	67	0
33	48	0
65	56	0
78	21	0
