94	65	0
22	13	0
59	95	0
4	1	0
97	43	0
97	99	0
42	65	0
60	24	1
71	54	0
1	91	0
3	11	0
14	92	0
94	37	0
58	80	0
32	33	0
87	80	0
93	27	0
50	99	0
38	75	0
79	68	0
52	15	0
28	80	0
85	69	0
83	76	0
85	88	0
6	30	0
46	36	1
87	19	0
84	66	0
6	74	0
29	93	0
83	13	0
65	92	0
49	73	0
80	73	0
93	61	0
54	57	1
96	36	0
9	76	0
89	71	0
19	69	0
50	6	0
10	76	0
35	91	0
87	53	0
45	37	0
32	19	0
94	85	0
90	92	0
93	19	0
25	78	0
98	8	0
20	14	0
68	87	0
4	83	0
88	2	0
29	65	1
63	87	0
45	60	1
3	24	0
69	81	0
83	33	0
22	89	0
51	95	0
77	30	0
34	90	0
43	91	0
16	15	0
99	18	0
82	27	0
53	78	0
87	32	0
69	58	0
66	37	0
2	96	0
75	0	1
51	81	0
83	4	0
94	62	0
2	59	0
72	93	0
5	75	0
39	90	0
99	59	0
80	29	0
46	67	1
69	9	0
58	48	0
11	65	0
34	6	0
70	72	0
62	25	1
0	96	0
92	31	0
45	73	0
80	70	0
86	3	0
70	87	0
68	80	0
1	28	0
59	77	0
94	82	0
75	49	0
18	91	0
68	40	0
71	1	0
91	59	0
93	31	0
99	42	0
21	48	0
52	65	0
8	28	0
47	30	1
89	66	0
56	74	0
63	66	0
56	20	1
45	38	0
58	67	0
53	59	1
44	96	0
80	37	0
58	68	0
54	73	0
92	55	0
29	13	0
48	42	0
24	17	0
19	70	0
29	55	1
78	48	0
52	44	1
92	8	0
28	92	0
23	38	0
72	76	0
22	68	1
58	65	0
50	76	0
44	10	0
44	91	0
22	69	1
70	75	0
93	51	0
24	90	0
86	77	0
25	54	1
17	72	0
54	66	0
11	38	0
73	78	0
97	74	0
42	74	0
77	46	0
56	61	1
60	10	1
32	59	1
93	34	0
27	93	0
65	79	0
30	29	0
45	78	0
50	21	0
95	91	0
30	81	0
94	12	0
29	77	0
93	34	0
60	95	0
74	75	0
66	62	0
26	44	0
7	59	0
63	4	0
67	96	0
96	58	0
49	91	0
64	81	0
77	15	0
62	76	0
37	76	0
44	91	0
23	18	0
54	22	1
87	53	0
61	43	0
67	64	0
72	32	0
19	98	0
58	62	0
81	41	0
77	36	0
54	16	0
88	29	0
73	75	0
73	98	0
76	61	0
93	28	0
99	16	0
83	81	0
29	89	0
68	83	0
47	96	0
33	41	1
86	37	0
16	97	0
91	21	0
23	48	0
23	85	0
29	99	0
77	87	0
81	74	0
93	59	0
97	54	0
21	90	0
55	80	0
71	11	0
82	52	0
48	5	0
42	34	0
77	38	0
23	61	0
34	54	0
20	72	0
74	94	0
87	56	0
57	70	0
96	0	0
89	43	0
92	45	0
69	56	0
69	82	0
44	65	0
67	20	0
10	89	0
28	62	1
5	89	0
83	61	0
77	71	0
90	12	0
97	84	0
26	3	0
32	97	0
22	65	1
57	98	0
39	33	0
79	21	0
99	3	0
95	28	0
52	54	1
78	29	0
71	59	0
2	8	0
26	99	0
20	74	0
48	91	0
39	69	0
88	43	0
59	85	0
56	54	1
99	86	0
65	39	0
80	90	0
85	19	0
16	6	0
43	0	0
32	25	0
94	44	0
77	16	0
19	48	0
17	26	0
53	37	1
92	81	0
95	60	0
77	30	0
93	5	0
63	1	0
75	12	0
46	33	1
35	15	0
12	71	0
85	91	0
45	93	0
4	98	0
26	40	0
50	44	1
72	42	0
68	58	0
79	75	0
80	76	0
76	29	0
76	86	0
70	2	1
96	46	0
79	48	0
60	51	0
96	68	0
73	19	0
94	15	0
23	45	0
73	98	0
57	64	0
87	22	0
12	80	0
95	36	0
67	97	0
95	26	0
64	20	0
30	56	1
57	45	0
57	83	0
69	28	0
79	77	0
22	87	0
92	89	0
4	80	0
90	5	0
89	21	0
53	74	0
37	55	1
65	44	0
15	95	0
74	34	0
94	56	0
50	38	0
36	84	0
33	11	0
54	91	0
37	84	0
42	78	0
14	66	0
9	24	0
70	1	0
82	34	0
95	11	0
82	99	0
30	26	0
59	8	0
55	45	0
68	92	0
2	18	0
42	89	0
82	43	0
27	89	0
79	5	0
54	58	1
59	22	0
85	20	0
89	47	0
18	89	0
70	19	0
87	99	0
33	97	0
80	63	0
10	33	0
63	99	0
63	40	0
15	79	0
63	28	0
90	50	0
77	45	0
74	60	0
23	43	0
99	59	0
15	97	0
90	52	0
19	94	0
82	79	0
40	18	0
75	69	0
61	95	0
61	94	0
75	50	0
26	58	1
83	6	0
7	77	0
73	47	0
24	97	0
50	61	0
81	32	0
27	60	1
53	39	1
89	51	0
73	23	0
76	78	0
51	94	0
36	50	1
62	96	0
31	95	0
94	81	0
86	76	0
75	7	0
19	4	0
51	38	0
38	65	1
8	77	0
79	85	0
66	82	0
69	50	0
67	18	0
34	64	1
41	70	0
78	52	0
96	0	0
24	70	0
81	9	0
54	67	0
36	36	1
86	82	0
30	73	1
55	90	0
75	19	0
86	13	0
50	63	1
65	89	0
29	96	0
90	11	0
85	9	0
74	21	0
17	62	0
8	86	0
13	87	0
72	86	0
82	96	0
0	33	1
60	55	0
77	95	0
76	63	0
68	65	0
15	88	0
7	72	0
41	24	0
3	19	0
34	36	0
27	52	1
97	37	0
82	49	0
71	45	0
55	52	0
44	25	0
90	78	0
54	74	0
86	51	0
41	91	0
78	51	0
24	6	0
98	45	0
60	93	0
31	33	0
58	54	1
30	93	0
73	97	0
88	69	0
24	83	0
60	35	0
11	79	0
58	60	1
41	75	0
64	62	0
58	70	0
57	86	0
12	47	0
69	61	0
81	44	0
88	61	0
35	74	0
69	94	0
41	29	0
92	21	0
52	49	0
86	13	0
10	79	0
50	93	0
87	72	0
74	66	0
9	90	0
10	72	0
78	89	0
34	24	0
6	88	0
65	96	0
57	67	0
87	68	0
17	94	0
76	44	0
16	4	0
50	98	0
18	93	0
4	12	0
82	54	0
87	25	0
79	28	0
71	18	0
11	16	0
16	49	0
75	31	0
3	73	0
63	73	0
32	80	0
70	50	0
76	94	0
71	44	0
67	87	0
72	54	0
64	83	0
7	77	0
42	48	1
26	82	0
65	60	0
60	46	0
89	40	0
95	97	0
83	86	0
46	60	1
72	52	0
63	59	0
68	6	1
68	79	0
85	78	0
92	6	0
62	80	0
2	92	0
49	49	1
63	31	0
66	26	0
78	21	0
21	80	0
74	20	0
89	19	0
31	57	1
40	32	0
51	98	0
68	74	0
52	81	0
73	89	0
84	58	0
84	42	0
95	65	0
76	98	0
98	43	0
29	64	1
98	86	0
43	80	0
75	79	0
85	44	0
42	91	0
84	70	0
87	49	0
85	29	0
2	70	0
50	74	0
73	17	0
67	33	0
80	82	0
65	51	0
12	87	0
22	94	0
74	42	0
83	27	0
96	47	0
99	1	0
86	93	0
57	36	0
31	75	1
91	18	0
67	48	0
16	74	0
15	97	0
23	74	0
9	85	0
61	52	0
40	24	0
33	69	0
64	81	0
68	14	0
18	83	0
87	50	0
15	17	0
16	71	0
79	65	0
67	54	0
40	55	1
91	55	0
82	61	0
76	62	0
54	59	1
76	52	0
2	28	0
91	84	0
62	51	0
39	85	0
4	78	0
26	85	0
32	56	1
87	17	0
51	97	0
9	98	0
99	55	0
73	17	0
18	15	0
31	25	0
72	8	0
15	68	0
84	62	0
86	37	0
14	7	0
68	9	0
43	87	0
97	81	0
11	8	0
48	84	0
81	35	0
99	80	0
55	69	0
66	77	0
21	38	0
90	43	0
91	70	0
15	79	0
23	78	0
33	63	1
18	90	0
77	10	0
32	57	1
8	93	0
37	40	1
43	56	1
63	42	0
26	65	1
93	21	0
4	24	0
85	36	0
78	15	0
35	26	0
21	89	0
45	82	0
15	68	0
26	29	0
15	76	0
23	89	0
63	56	0
90	44	0
41	56	1
76	92	0
47	37	1
61	70	0
46	66	0
17	97	0
84	44	0
50	50	1
3	10	0
85	63	0
58	47	0
95	29	0
78	29	0
71	34	0
61	94	0
40	38	0
57	45	0
63	35	1
49	9	0
35	95	0
48	61	0
90	32	0
60	97	0
73	51	0
82	47	0
44	89	0
34	80	0
93	23	0
52	59	1
70	3	1
93	98	0
76	84	0
54	88	0
81	20	0
82	67	0
26	78	0
71	23	0
20	95	0
42	62	1
95	58	0
91	88	0
84	10	0
95	93	0
80	21	0
79	53	0
66	23	1
7	85	0
67	92	0
62	77	0
7	21	0
5	98	0
13	73	0
46	42	1
76	26	0
5	61	1
19	97	0
62	98	0
95	45	0
12	73	0
73	44	0
32	93	0
81	46	0
71	46	0
28	60	1
81	43	0
87	42	0
53	71	0
53	42	1
2	85	0
5	3	0
75	73	0
20	57	0
20	8	0
5	99	0
32	73	0
93	47	0
75	85	0
91	62	0
99	85	0
70	33	0
0	77	0
54	60	0
79	40	0
83	24	0
