98	65	0
26	15	0
63	98	0
15	5	0
88	41	0
88	96	0
47	81	0
67	47	0
4	85	0
0	2	0
17	84	0
94	44	0
68	82	0
35	35	0
87	90	0
99	41	0
43	97	0
38	82	0
64	73	0
44	15	0
75	73	0
89	89	0
74	86	0
5	20	0
79	14	0
67	74	0
33	96	0
82	21	0
68	91	0
49	65	0
81	80	0
96	51	0
96	25	0
22	76	1
84	82	0
14	69	1
36	1	0
6	73	0
32	88	0
80	47	0
31	14	0
99	90	0
85	87	0
96	19	0
31	82	1
93	13	0
24	29	0
70	88	0
7	88	0
94	8	0
64	91	0
6	24	0
77	84	0
91	28	0
27	87	0
60	95	0
85	16	0
23	88	0
31	88	1
26	5	0
98	5	0
75	30	0
45	76	0
85	23	0
59	45	0
82	30	0
9	93	0
44	84	0
75	12	1
94	66	0
72	97	0
7	68	0
38	98	0
96	53	0
76	18	0
48	34	0
33	7	0
71	56	0
5	83	0
93	30	0
47	71	0
84	56	0
84	3	0
75	99	0
65	90	0
5	35	0
63	80	0
85	73	0
80	42	0
19	99	0
65	42	0
87	61	0
93	31	0
99	40	0
13	54	0
6	19	0
91	56	0
51	84	0
51	58	1
50	77	0
56	99	0
75	29	0
70	71	0
75	74	0
89	65	0
25	17	0
20	12	0
80	53	0
93	4	0
25	98	0
22	40	0
64	75	0
62	85	0
54	76	0
40	1	0
52	82	0
68	82	0
81	56	0
20	91	0
89	83	0
1	74	0
51	59	1
16	50	0
77	81	0
94	70	0
46	66	0
64	39	0
90	41	0
23	93	0
58	80	0
21	43	0
51	81	0
38	25	0
91	86	0
29	99	0
90	2	0
80	37	0
65	90	0
69	82	0
62	73	0
25	44	0
23	65	0
61	89	0
81	68	0
38	93	0
57	85	0
73	20	0
21	71	1
48	89	0
27	27	0
80	61	0
64	39	0
80	67	0
84	34	0
8	92	0
61	48	0
92	32	0
60	35	0
52	19	0
95	30	0
65	79	0
78	97	0
83	68	0
95	23	0
95	35	0
89	74	0
29	90	0
67	81	0
48	90	0
81	31	0
13	95	0
89	15	0
19	46	0
29	91	0
23	96	0
82	77	0
76	83	0
88	48	0
85	54	0
42	85	0
76	2	1
84	62	0
48	4	0
45	26	0
86	43	0
30	71	0
67	81	0
78	69	0
80	0	0
87	47	0
98	39	0
72	66	0
69	82	0
57	9	0
9	90	0
5	96	0
86	65	0
77	61	0
84	9	0
97	81	0
21	9	0
28	93	0
52	90	0
90	11	0
89	9	0
92	29	0
76	25	0
68	44	0
1	3	0
21	97	0
5	77	1
44	85	0
60	69	1
94	40	0
66	92	0
98	84	0
70	36	0
77	81	0
72	17	0
13	10	0
35	6	0
33	24	0
94	41	0
86	14	0
6	47	0
20	25	0
91	86	0
98	73	0
78	22	0
99	16	0
61	5	0
84	11	0
37	16	0
94	87	0
27	86	0
6	97	0
33	44	0
76	44	0
65	61	0
62	77	0
86	84	0
73	26	0
73	81	0
95	39	0
84	58	0
65	48	0
97	71	0
66	13	0
91	13	0
27	51	0
68	96	0
95	33	0
18	86	1
96	41	0
66	96	0
96	34	0
60	18	0
52	47	0
57	94	0
73	88	0
24	90	0
95	81	0
0	91	0
92	1	0
92	10	0
60	79	0
13	98	0
72	39	0
93	69	0
30	4	0
49	92	0
34	85	1
56	78	0
3	29	0
89	37	0
93	8	0
78	96	0
18	26	0
67	29	0
66	84	0
10	22	0
46	86	0
82	52	0
25	91	0
83	6	0
81	15	0
93	60	0
15	82	0
63	19	0
84	89	0
34	93	0
69	58	0
7	35	0
63	89	0
59	48	0
17	72	1
59	27	1
92	44	0
78	55	0
70	59	0
1	37	0
91	64	0
21	98	0
91	58	0
10	91	0
89	86	0
39	16	0
73	60	0
60	89	0
53	96	0
82	55	0
74	7	0
0	79	0
73	44	0
24	99	0
78	31	0
91	44	0
72	28	0
88	73	0
49	99	0
56	95	0
27	98	0
95	82	0
74	85	0
25	2	0
9	80	0
79	91	0
65	88	0
63	52	1
68	28	0
32	79	1
80	61	0
98	4	0
19	74	1
91	7	0
93	82	0
65	84	0
79	25	0
92	12	0
73	89	0
30	98	0
88	11	0
96	1	0
73	22	0
4	56	0
15	96	0
13	88	0
82	83	0
87	98	0
76	90	0
85	69	0
73	67	0
9	98	0
17	70	1
30	22	0
1	9	0
42	37	0
98	27	0
80	38	0
71	59	0
57	14	0
84	79	0
66	78	0
88	54	0
34	82	1
76	63	0
23	7	0
99	39	0
57	99	0
42	40	0
21	94	0
74	96	0
97	73	0
29	86	1
13	79	0
41	65	0
69	75	0
51	96	0
11	47	0
78	69	0
85	53	0
92	70	0
37	75	0
69	82	0
85	16	0
83	4	0
10	86	0
41	95	0
87	74	0
71	70	0
4	91	0
18	83	0
82	93	0
30	24	0
11	80	0
65	87	0
59	72	0
81	84	0
7	89	0
72	45	0
19	3	0
46	94	0
11	93	0
0	16	0
84	68	0
81	13	0
79	22	0
79	18	1
12	19	0
17	56	0
75	28	0
63	74	0
31	90	1
56	56	0
85	85	0
79	42	0
77	83	0
65	52	1
72	86	0
4	66	0
80	58	0
58	39	0
99	45	0
93	91	0
79	72	0
66	50	1
62	54	0
50	74	0
93	77	0
94	1	0
60	79	0
5	96	0
63	31	0
67	21	0
71	16	0
24	71	1
79	18	1
76	27	0
28	28	0
60	92	0
67	62	0
37	91	0
63	99	0
83	61	0
83	26	0
90	65	0
89	92	0
91	42	0
88	86	0
39	87	0
73	83	0
80	45	0
50	91	0
82	81	0
72	67	0
93	23	0
4	75	1
54	74	0
82	20	0
58	40	0
83	85	0
79	58	0
21	87	0
26	87	0
80	31	0
82	30	0
93	49	0
93	14	0
82	82	0
88	18	0
81	38	0
18	75	1
12	91	0
21	74	1
11	92	0
57	49	1
49	25	0
37	63	0
50	80	0
64	2	0
12	92	0
78	49	0
21	11	0
24	64	0
80	73	0
71	61	0
85	62	0
82	52	0
73	63	0
83	50	0
7	40	0
91	89	0
67	59	0
44	89	0
10	71	0
88	20	0
56	92	0
23	90	0
99	42	0
64	32	0
18	13	0
27	37	0
14	67	1
81	55	0
94	38	0
26	8	0
55	11	0
46	81	0
93	80	0
17	6	0
48	76	0
68	27	0
92	61	0
73	68	0
62	90	0
10	46	0
97	45	0
90	66	0
7	87	0
27	85	1
28	93	0
2	98	0
67	34	0
90	14	0
11	17	0
90	30	0
84	18	0
43	33	0
18	98	0
58	82	0
14	76	0
23	26	0
21	74	1
18	94	0
58	55	0
81	44	0
62	88	0
57	68	1
21	93	0
75	42	0
12	4	0
83	57	0
50	58	1
90	28	0
74	29	0
73	31	0
58	89	0
67	10	1
37	99	0
87	44	0
66	98	0
73	57	0
80	45	0
60	91	0
39	72	1
93	35	0
93	99	0
83	84	0
55	87	0
89	19	0
67	75	0
65	22	0
30	89	1
90	53	0
89	90	0
81	6	0
99	95	0
84	23	0
85	67	0
10	89	0
74	96	0
68	78	0
0	17	0
10	99	0
12	72	1
82	35	0
24	98	0
59	80	0
83	42	0
12	73	1
78	46	0
21	97	0
85	42	0
93	59	0
72	46	0
85	24	0
4	85	0
13	7	0
65	73	0
22	62	0
27	7	0
1	92	0
36	86	1
99	52	0
79	85	0
88	57	0
91	77	0
77	45	0
0	82	0
84	24	0
96	32	0
