94	70	0
46	23	0
47	23	0
46	98	0
8	17	0
91	36	0
92	86	0
40	19	0
71	76	0
35	33	0
90	38	0
2	77	0
10	12	0
28	60	0
99	20	0
90	71	0
62	32	0
25	48	0
96	63	0
92	6	0
48	84	0
61	71	0
76	92	0
62	1	0
41	85	0
59	4	0
82	79	0
68	86	0
96	68	0
3	32	0
48	38	0
43	20	0
88	40	0
47	45	0
90	62	0
16	93	0
57	91	0
94	25	0
78	95	0
49	3	0
20	54	0
81	52	0
86	64	0
51	71	0
90	49	0
12	85	0
24	45	0
61	12	0
89	67	0
16	65	0
63	8	0
22	81	0
52	92	0
36	74	0
96	60	0
42	33	0
39	34	0
84	66	0
98	93	0
82	21	0
6	94	0
92	14	0
48	1	0
77	72	0
42	11	0
13	84	0
79	8	0
43	78	0
80	90	0
55	65	0
5	26	0
77	86	0
28	42	0
19	55	0
82	33	0
14	36	0
41	78	0
39	88	0
62	16	0
39	93	0
59	93	0
0	5	1
10	16	0
98	13	0
93	26	0
35	52	0
80	40	0
23	23	0
80	54	0
27	44	0
38	16	0
43	7	0
70	33	0
14	89	0
64	13	0
57	80	0
44	9	0
51	25	0
90	49	0
33	73	0
78	53	0
15	55	0
74	90	0
10	73	0
37	88	0
91	44	0
57	3	0
46	69	0
18	59	0
59	3	0
60	50	0
11	58	0
45	2	0
36	56	0
37	38	0
92	90	0
48	46	0
3	9	1
21	97	0
79	5	0
61	64	0
21	29	1
82	81	0
99	10	0
61	68	0
54	77	0
31	15	0
55	92	0
89	76	0
81	58	0
37	96	0
67	26	0
42	22	0
16	39	0
83	5	0
8	72	0
96	69	0
98	26	0
89	35	0
35	51	0
59	17	0
84	80	0
10	12	0
46	10	0
82	58	0
30	34	0
74	84	0
79	92	0
48	13	0
41	29	0
53	52	0
5	45	0
23	62	0
11	56	0
81	75	0
40	50	0
42	94	0
77	49	0
71	73	0
50	85	0
22	40	0
92	62	0
7	28	0
41	49	0
17	18	0
29	77	0
36	80	0
92	34	0
33	32	0
81	16	0
40	83	0
59	29	0
50	40	0
78	80	0
29	55	0
61	83	0
38	86	0
38	48	0
34	18	0
63	10	0
31	75	0
23	75	0
75	76	0
91	62	0
14	90	0
27	31	0
94	64	0
29	52	0
32	93	0
58	88	0
39	56	0
30	14	0
18	36	0
66	87	0
83	94	0
59	82	0
73	31	0
6	66	0
58	1	0
80	19	0
69	26	0
69	25	0
22	58	0
0	68	0
47	55	0
76	28	0
36	71	0
99	30	0
39	99	0
28	66	0
34	16	0
78	72	0
39	54	0
32	6	0
9	94	0
63	12	0
97	89	0
77	94	0
93	13	0
0	79	0
14	68	0
93	43	0
49	70	0
44	46	0
53	57	0
55	71	0
52	63	0
17	76	0
35	55	0
65	10	0
0	66	0
66	87	0
81	46	0
40	89	0
83	57	0
54	20	0
46	71	0
20	78	0
33	96	0
55	39	0
68	34	0
31	35	0
96	59	0
78	46	0
71	61	0
10	66	0
52	18	0
6	82	0
68	60	0
57	47	0
63	48	0
54	25	0
0	55	0
83	31	0
56	4	0
73	69	0
49	79	0
74	28	0
98	36	0
89	6	0
2	64	0
91	68	0
26	99	0
93	63	0
45	94	0
66	29	0
49	7	0
22	96	0
70	34	0
41	60	0
46	83	0
52	6	0
17	94	0
76	96	0
81	81	0
77	41	0
91	72	0
19	88	0
45	51	0
57	1	0
60	27	0
23	15	0
38	0	0
56	11	0
53	53	0
78	39	0
35	54	0
31	52	0
39	66	0
70	86	0
82	81	0
56	75	0
81	8	0
84	48	0
80	10	0
21	53	0
33	14	0
80	35	0
68	33	0
73	77	0
10	37	0
45	72	0
53	20	0
28	89	0
27	96	0
21	75	0
95	66	0
41	27	0
38	3	0
27	58	0
87	65	0
67	16	0
83	92	0
12	1	0
65	88	0
8	73	0
47	88	0
36	35	0
0	50	0
83	7	0
23	38	0
84	9	0
55	14	0
86	8	0
35	45	0
19	49	0
78	25	0
89	57	0
5	23	0
29	38	0
9	62	0
39	95	0
16	85	0
4	7	1
41	89	0
59	77	0
49	42	0
68	21	0
37	94	0
43	65	0
93	96	0
32	33	0
18	46	0
23	44	0
55	71	0
78	80	0
39	26	0
88	13	0
32	6	0
62	3	0
57	13	0
26	42	0
80	65	0
73	5	0
13	39	0
40	12	0
50	44	0
43	40	0
24	61	0
89	81	0
75	51	0
13	51	0
56	33	0
91	11	0
55	10	0
63	23	0
56	34	0
24	30	0
6	73	0
66	74	0
19	78	0
29	89	0
18	96	0
52	23	0
40	38	0
92	53	0
77	46	0
6	82	0
83	78	0
68	79	0
75	37	0
71	97	0
79	1	0
83	58	0
73	59	0
36	15	0
43	43	0
32	46	0
84	83	0
1	2	1
68	23	0
88	2	0
22	39	0
37	88	0
67	75	0
86	12	0
4	58	0
96	33	0
41	92	0
79	24	0
67	51	0
42	57	0
52	38	0
26	39	0
43	44	0
75	81	0
84	39	0
43	26	0
73	70	0
24	60	0
12	98	0
91	89	0
31	32	0
1	76	0
63	34	0
95	11	0
80	48	0
4	64	0
68	46	0
42	34	0
47	44	0
5	91	0
72	15	0
49	8	0
92	52	0
52	22	0
24	74	0
24	6	0
70	57	0
62	99	0
0	66	0
46	64	0
41	73	0
54	24	0
25	98	0
14	40	0
26	39	0
63	16	0
82	22	0
95	19	0
86	89	0
22	60	0
33	28	0
36	33	0
80	15	0
63	60	0
74	96	0
19	46	0
69	98	0
92	68	0
38	77	0
64	12	0
66	47	0
80	25	0
73	7	0
44	20	0
41	25	0
93	3	0
84	30	0
0	76	0
84	8	0
94	98	0
1	97	0
93	53	0
49	51	0
18	20	0
98	89	0
63	56	0
11	96	0
66	25	0
76	35	0
78	58	0
81	65	0
28	76	0
82	74	0
43	97	0
82	73	0
11	30	0
37	99	0
93	82	0
34	36	0
31	35	0
57	76	0
57	95	0
44	66	0
63	97	0
60	53	0
35	60	0
27	66	0
83	22	0
15	95	0
87	41	0
28	90	0
50	66	0
44	87	0
88	37	0
37	44	0
23	44	0
52	22	0
85	63	0
65	12	0
93	99	0
69	96	0
45	56	0
60	8	0
28	39	0
41	89	0
36	21	0
46	62	0
67	74	0
26	23	0
89	99	0
42	21	0
26	17	0
63	33	0
18	78	0
36	12	0
7	60	0
88	89	0
56	89	0
61	44	0
78	4	0
39	75	0
42	52	0
96	52	0
90	5	0
7	70	0
74	5	0
65	73	0
80	37	0
39	8	0
33	68	0
83	75	0
34	65	0
48	83	0
79	25	0
16	62	0
75	22	0
39	63	0
69	97	0
33	94	0
82	6	0
89	25	0
66	21	0
31	82	0
18	88	0
13	88	0
67	44	0
76	68	0
67	81	0
12	39	0
74	38	0
63	67	0
85	77	0
53	63	0
17	58	0
25	65	0
44	20	0
44	22	0
0	37	0
46	64	0
41	45	0
81	32	0
73	30	0
74	0	0
73	46	0
55	70	0
24	53	0
56	25	0
93	79	0
61	88	0
91	69	0
21	54	0
56	73	0
71	46	0
34	54	0
73	27	0
19	51	0
38	24	0
77	52	0
92	96	0
56	57	0
10	60	0
48	4	0
56	62	0
31	90	0
35	35	0
89	88	0
94	74	0
16	91	0
61	68	0
7	72	0
79	56	0
35	50	0
49	60	0
30	74	0
61	70	0
11	60	0
88	80	0
73	52	0
96	53	0
22	58	0
58	90	0
53	28	0
97	25	0
44	38	0
95	13	0
19	89	0
33	32	0
38	77	0
89	57	0
24	46	0
85	62	0
8	96	0
13	77	0
97	84	0
47	28	0
0	71	0
75	91	0
51	63	0
85	72	0
18	91	0
99	38	0
35	0	0
33	88	0
36	77	0
41	15	0
25	35	0
10	18	0
86	72	0
97	11	0
61	8	0
72	23	0
99	46	0
38	7	0
25	54	0
99	44	0
11	55	0
58	80	0
3	60	0
24	77	0
69	59	0
50	91	0
74	49	0
70	85	0
32	41	0
72	61	0
39	56	0
82	52	0
19	79	0
51	30	0
24	76	0
81	39	0
60	32	0
95	68	0
91	97	0
89	77	0
41	70	0
12	28	1
54	38	0
57	76	0
31	22	0
26	8	0
36	74	0
18	36	0
64	0	0
68	83	0
74	76	0
89	8	0
8	47	0
60	89	0
10	89	0
53	7	0
68	47	0
65	26	0
35	19	0
29	40	0
42	24	0
74	3	0
39	88	0
59	33	0
35	84	0
85	12	0
30	44	0
43	66	0
76	17	0
81	72	0
59	69	0
38	65	0
46	87	0
78	83	0
82	48	0
22	66	0
77	77	0
74	96	0
26	35	0
12	49	0
99	42	0
28	88	0
99	85	0
70	90	0
46	0	0
63	65	0
89	59	0
66	86	0
82	49	0
88	75	0
81	34	0
11	58	0
5	62	0
69	86	0
74	42	0
57	61	0
56	9	0
31	17	0
87	74	0
24	33	1
12	61	0
37	51	0
56	36	0
41	22	0
52	31	0
19	84	0
31	34	0
9	61	0
17	78	0
67	50	0
14	28	0
69	14	0
92	31	0
78	3	0
56	82	0
7	53	0
58	26	0
52	42	0
52	85	0
92	9	0
27	39	0
56	60	0
47	79	0
13	97	0
35	64	0
39	82	0
31	21	0
75	79	0
45	49	0
40	82	0
63	31	0
12	46	0
61	61	0
64	26	0
33	78	0
80	41	0
42	38	0
44	41	0
30	13	0
3	62	0
72	65	0
80	63	0
42	48	0
86	58	0
79	75	0
69	25	0
59	11	0
79	83	0
80	18	0
3	63	0
77	82	0
38	19	0
68	37	0
23	67	0
13	93	0
34	97	0
27	59	0
95	28	0
21	54	0
52	96	0
14	84	0
97	71	0
54	59	0
82	35	0
19	11	0
55	24	0
62	0	0
4	82	0
54	56	0
87	65	0
70	37	0
12	0	0
18	42	0
71	15	0
18	86	0
77	1	0
47	71	0
34	27	0
82	94	0
6	21	0
24	91	0
98	54	0
33	11	0
93	80	0
52	56	0
72	60	0
45	27	0
91	29	0
92	74	0
9	59	0
0	78	0
14	52	0
7	88	0
7	91	0
77	26	0
41	42	0
6	96	0
52	5	0
69	4	0
36	59	0
71	51	0
48	21	0
31	64	0
25	31	0
88	19	0
6	41	0
93	63	0
91	12	0
59	48	0
26	20	0
53	11	0
13	91	0
50	67	0
41	58	0
38	11	0
9	91	0
2	92	0
64	54	0
87	34	0
35	28	0
27	74	0
96	91	0
50	30	0
59	73	0
68	89	0
4	74	0
76	27	0
53	59	0
18	35	0
93	71	0
46	71	0
98	11	0
81	9	0
85	22	0
71	91	0
44	61	0
38	68	0
81	21	0
38	12	0
71	94	0
66	76	0
25	53	0
68	39	0
68	93	0
79	12	0
92	53	0
25	70	0
53	57	0
24	26	0
86	22	0
32	50	0
66	5	0
90	94	0
73	61	0
56	77	0
79	34	0
77	76	0
11	90	0
38	7	0
10	98	0
3	62	0
66	70	0
73	91	0
75	10	0
87	99	0
83	13	0
85	87	0
66	9	0
83	38	0
77	41	0
55	34	0
15	83	0
59	93	0
57	79	0
20	51	0
9	39	0
29	93	0
10	65	0
39	4	0
35	50	0
16	64	0
39	35	0
5	43	0
91	56	0
54	25	0
7	55	0
25	81	0
78	81	0
1	0	1
90	71	0
15	68	0
60	47	0
30	65	0
86	44	0
60	33	0
6	12	1
3	47	0
21	59	0
90	58	0
72	53	0
90	58	0
2	66	0
77	63	0
1	83	0
3	21	0
95	63	0
22	63	0
45	6	0
37	30	0
8	90	0
25	88	0
79	45	0
65	72	0
72	56	0
76	81	0
43	75	0
46	25	0
3	63	0
48	62	0
37	45	0
67	54	0
82	18	0
