92	68	0
26	16	0
61	96	0
5	1	0
97	44	0
97	94	0
40	70	0
66	47	0
2	88	0
8	8	0
12	95	0
94	39	0
58	83	0
28	32	0
94	83	0
92	32	0
46	99	0
39	77	0
72	71	0
50	14	0
34	80	0
83	70	0
92	77	0
81	93	0
5	28	0
38	34	1
84	18	0
78	64	0
8	72	0
33	90	0
86	15	0
70	92	0
50	71	0
82	77	0
97	55	0
58	58	1
98	38	0
11	76	0
88	70	0
18	69	0
49	5	0
10	78	0
37	88	0
85	47	0
47	38	1
37	17	0
98	88	0
88	91	0
92	21	0
25	79	0
96	6	0
22	19	0
70	83	0
1	88	0
89	2	0
27	70	1
62	90	0
11	29	0
68	79	0
84	29	0
26	88	0
50	94	0
77	29	0
33	92	0
41	88	0
20	11	0
94	13	0
80	30	0
51	80	0
87	31	0
64	50	0
69	33	0
5	99	0
76	0	1
51	86	0
79	0	0
91	63	0
6	64	1
65	90	0
1	74	0
40	90	0
96	57	0
78	28	0
50	69	1
64	12	0
63	44	0
7	64	1
36	7	0
72	68	0
63	28	1
0	95	0
95	31	0
45	71	0
80	65	0
81	1	0
65	87	0
69	83	0
4	31	0
63	71	0
95	76	0
67	45	0
13	92	0
67	38	0
69	1	1
91	59	0
90	32	0
98	41	0
19	51	0
51	64	1
8	27	0
46	31	1
85	67	0
56	75	0
58	64	0
46	42	1
56	65	0
51	56	1
42	93	0
77	35	0
59	73	0
59	76	0
94	55	0
27	12	0
47	42	1
21	14	0
26	74	0
77	49	0
98	4	0
27	96	0
25	41	0
64	68	0
60	73	0
51	74	0
47	8	0
46	94	0
77	85	0
91	55	0
21	95	0
85	78	0
24	53	1
9	75	0
56	64	0
10	42	0
70	76	0
96	72	0
46	69	0
72	44	0
52	66	1
64	7	1
98	33	0
30	92	0
60	81	0
25	33	0
47	80	0
41	22	0
90	94	0
29	84	0
95	9	0
29	78	1
92	39	0
55	96	0
73	79	0
68	64	0
26	42	0
8	63	0
69	7	0
68	96	0
94	59	0
47	91	0
64	83	0
78	18	0
55	72	0
33	82	0
51	85	0
24	16	0
59	24	1
82	53	0
64	43	0
68	59	0
78	29	0
19	96	0
61	59	0
87	42	0
73	34	0
54	19	0
94	27	0
75	82	0
76	97	0
71	64	0
98	25	0
99	19	0
85	80	0
31	90	0
63	86	0
49	96	0
86	38	0
19	99	0
90	23	0
24	49	0
19	90	0
31	99	0
81	81	0
79	68	0
98	59	0
93	60	0
23	86	0
50	81	0
72	11	0
80	52	0
49	6	0
47	35	0
78	37	0
24	65	0
42	53	1
25	74	0
76	87	0
85	57	0
54	72	0
96	2	0
91	39	0
95	44	0
67	60	0
69	86	0
46	62	0
66	19	0
8	91	0
28	65	1
1	90	0
84	62	0
84	72	0
85	12	0
93	86	0
16	2	0
33	99	0
28	70	1
54	99	0
39	27	0
85	15	0
95	2	0
95	28	0
73	32	0
70	52	0
8	3	0
26	97	0
17	75	0
46	88	0
42	76	0
87	45	0
55	84	0
54	56	1
99	84	0
63	38	0
83	89	0
87	20	0
15	6	0
43	2	0
34	23	0
96	44	0
79	10	0
16	46	0
17	23	0
55	37	1
90	80	0
97	62	0
76	33	0
94	10	0
65	8	0
78	13	0
37	14	0
11	67	0
87	89	0
40	87	0
5	98	0
31	43	0
51	46	1
75	46	0
67	59	0
79	78	0
79	74	0
79	24	0
73	83	0
74	4	1
98	48	0
80	57	0
60	52	0
97	65	0
71	17	0
93	21	0
19	47	0
71	99	0
56	67	0
92	23	0
16	85	0
94	43	0
71	90	0
92	28	0
65	16	0
29	56	1
49	42	0
60	84	0
67	30	1
74	78	0
24	94	0
90	87	0
3	84	0
90	1	0
88	19	0
51	70	0
34	62	1
65	48	0
13	98	0
75	33	0
99	60	0
45	42	1
35	86	0
34	9	0
49	86	0
37	85	0
48	77	0
8	63	0
6	24	0
66	2	1
86	38	0
96	9	0
80	99	0
27	29	0
64	11	0
62	39	0
69	88	0
2	18	0
44	85	0
78	41	0
29	87	0
79	5	0
55	18	1
87	14	0
88	51	0
11	88	0
75	16	0
90	98	0
34	96	0
79	65	0
10	36	0
59	97	0
60	42	0
18	72	0
58	25	0
96	50	0
74	46	0
72	58	0
21	43	0
96	55	0
23	97	0
91	53	0
20	93	0
82	80	0
36	22	0
72	71	0
61	90	0
59	96	0
76	53	0
86	7	0
6	78	0
79	48	0
22	95	0
50	63	1
85	31	0
35	62	1
48	41	1
89	52	0
76	21	0
74	73	0
48	95	0
56	92	0
32	98	0
96	77	0
83	77	0
73	6	1
20	4	0
47	44	1
43	60	1
2	79	0
82	87	0
64	82	0
73	49	0
67	21	0
39	65	1
39	75	0
83	48	0
98	9	0
21	70	0
80	7	0
54	69	0
31	38	1
86	87	0
32	78	1
53	92	0
71	25	0
84	11	0
46	66	1
68	87	0
27	99	0
88	12	0
84	9	0
75	26	0
15	56	0
13	87	0
14	88	0
73	89	0
86	95	0
61	55	0
78	97	0
79	60	0
72	62	0
13	93	0
7	72	0
38	26	0
7	15	0
33	39	0
29	49	1
96	32	0
86	42	0
73	53	0
55	54	1
44	21	0
91	77	0
59	74	0
86	52	0
35	87	0
80	57	0
23	12	0
95	45	0
54	93	0
32	43	0
32	96	0
72	97	0
88	67	0
28	83	0
57	24	1
9	70	0
37	75	0
64	62	0
56	74	0
55	88	0
14	49	0
71	61	0
81	43	0
88	64	0
40	74	0
70	94	0
47	27	1
95	19	0
61	49	0
85	11	0
9	82	0
48	97	0
80	77	0
74	69	0
8	89	0
11	72	0
77	89	0
35	28	0
5	87	0
67	95	0
66	69	0
86	72	0
13	93	0
79	47	0
15	10	0
48	96	0
9	94	0
2	16	0
86	54	0
86	19	0
79	31	0
71	17	0
8	17	0
19	54	0
79	30	0
4	68	0
65	72	0
27	86	0
66	55	0
83	93	0
72	40	0
71	80	0
70	52	0
66	81	0
9	70	0
43	53	1
28	82	0
65	60	0
60	43	0
97	39	0
98	98	0
79	88	0
45	58	1
71	49	0
64	56	0
71	1	1
64	86	0
94	78	0
93	0	0
62	79	0
4	91	0
61	30	0
64	21	0
75	17	0
24	75	0
74	21	0
86	19	0
32	54	1
34	30	0
51	99	0
68	68	0
51	83	0
72	94	0
86	56	0
83	38	0
91	70	0
80	99	0
98	39	0
25	67	1
95	90	0
44	84	0
69	82	0
87	46	0
45	89	0
82	81	0
85	50	0
84	28	0
1	69	0
52	71	0
70	16	0
67	34	0
84	84	0
64	52	0
13	88	0
24	93	0
75	38	0
80	30	0
97	57	0
94	1	0
75	92	0
56	35	1
32	74	1
92	17	0
71	42	0
13	74	0
19	98	0
21	77	0
8	92	0
65	48	0
39	30	0
34	70	0
63	83	0
67	13	0
21	83	0
85	51	0
22	20	0
16	72	0
74	63	0
59	57	0
88	54	0
82	62	0
75	65	0
60	56	1
77	55	0
1	29	0
89	87	0
60	53	0
44	87	0
6	74	0
25	84	0
31	50	1
92	19	0
55	98	0
14	97	0
98	51	0
75	20	0
15	14	0
31	21	0
70	5	0
18	69	0
80	59	0
85	38	0
14	0	0
67	11	0
42	88	0
96	82	0
17	13	0
51	81	0
82	35	0
96	79	0
57	69	0
66	81	0
15	42	0
92	40	0
94	73	0
16	82	0
21	75	0
19	88	0
71	4	0
8	94	0
29	46	1
61	40	0
27	65	1
93	18	0
6	23	0
86	34	0
87	14	0
41	26	0
17	90	0
46	85	0
15	72	0
27	31	0
16	73	0
20	92	0
64	64	0
94	49	0
74	95	0
48	40	1
61	69	0
50	69	1
20	97	0
84	41	0
2	1	0
82	61	0
53	46	0
99	28	0
80	31	0
71	30	0
57	99	0
41	36	1
58	42	0
67	27	1
55	8	0
34	96	0
43	57	1
95	34	0
63	99	0
71	50	0
82	47	0
48	90	0
33	83	0
95	25	0
71	8	1
96	99	0
76	83	0
55	84	0
86	15	0
81	71	0
24	81	0
70	28	0
23	97	0
95	58	0
86	87	0
85	7	0
96	95	0
78	19	0
86	58	0
60	20	1
8	87	0
68	93	0
64	79	0
5	23	0
9	96	0
10	69	0
47	43	1
78	27	0
19	98	0
57	95	0
93	44	0
13	74	0
76	42	0
29	91	0
78	47	0
76	53	0
81	44	0
80	35	0
49	66	1
53	48	1
0	85	0
2	0	0
72	72	0
12	59	0
26	6	0
7	94	0
30	74	0
92	48	0
78	88	0
91	59	0
97	84	0
76	43	0
3	81	0
50	60	1
84	37	0
83	26	0
