6	22	1
92	59	0
50	11	0
41	19	0
52	94	0
4	40	0
86	33	0
87	72	0
0	13	0
49	13	0
66	92	0
43	42	0
70	44	0
4	92	0
29	9	0
19	52	0
86	2	0
82	80	0
65	33	0
29	58	0
97	60	0
99	6	0
46	74	0
75	77	0
83	84	0
80	2	0
19	98	0
64	19	0
73	70	0
66	80	0
93	56	0
6	47	0
28	31	0
46	18	0
77	17	0
45	47	0
88	80	0
10	93	0
67	64	0
99	14	0
81	97	0
40	17	0
29	63	0
65	51	0
92	47	0
55	81	0
96	48	0
20	98	0
33	45	0
59	7	0
89	45	0
20	68	0
61	7	0
38	82	0
71	90	0
21	65	0
95	64	0
46	11	0
35	56	0
74	70	0
95	95	0
76	1	0
20	97	0
89	2	0
47	12	0
92	65	0
44	19	0
14	90	0
86	5	0
35	76	0
87	79	0
54	51	0
22	40	0
85	71	0
15	34	0
29	51	0
82	40	0
16	8	0
7	45	0
51	87	0
65	98	0
63	21	0
46	95	0
76	97	0
11	11	0
11	29	0
84	11	0
85	13	0
53	49	0
86	39	0
23	18	0
77	48	0
49	54	0
36	11	0
35	10	0
67	52	0
29	83	0
49	2	0
42	80	0
42	4	0
34	38	0
83	34	0
47	65	0
61	48	0
20	81	0
70	82	0
1	81	0
51	90	0
84	47	0
61	20	0
50	79	0
2	43	0
65	11	0
54	74	0
7	86	0
36	6	0
25	47	0
18	29	0
82	85	0
5	28	0
45	26	0
0	0	0
39	98	0
93	6	0
64	61	0
0	37	0
74	86	0
93	19	0
62	61	0
55	86	0
34	25	0
65	92	0
21	16	0
73	85	0
69	49	0
27	95	0
79	26	0
47	38	0
15	19	0
64	2	0
5	6	0
9	84	0
17	0	0
98	94	0
97	19	0
81	41	0
45	62	0
62	23	0
85	90	0
0	4	0
37	18	0
20	11	0
80	73	0
46	37	0
89	71	0
84	80	0
49	26	0
52	29	0
83	51	0
4	52	0
22	76	0
15	65	0
95	73	0
48	61	0
37	96	0
94	43	0
71	74	0
50	87	0
24	45	0
99	74	0
4	49	0
39	37	0
22	28	0
31	77	0
29	70	0
95	17	0
59	38	0
78	8	0
45	83	0
61	22	0
61	39	0
76	74	0
21	53	0
66	59	0
27	98	0
31	60	0
29	6	0
60	22	0
24	98	0
4	75	0
66	73	0
81	48	0
21	85	0
18	46	0
92	77	0
28	47	0
34	78	0
31	88	0
59	38	0
30	3	0
21	48	0
74	93	0
99	78	0
65	94	0
69	14	0
15	50	0
63	12	0
55	23	0
54	34	0
74	13	0
23	66	0
17	82	0
46	61	0
68	33	0
29	74	0
86	29	0
61	81	0
33	72	0
26	12	0
93	75	0
30	79	0
48	0	0
0	89	0
79	21	0
95	70	0
86	83	0
82	29	0
2	81	0
13	73	0
99	49	0
64	66	0
44	48	0
43	68	0
74	75	0
41	68	0
18	88	0
39	65	0
75	4	0
4	57	0
69	98	0
67	37	0
25	89	0
86	65	0
46	17	0
37	62	0
12	75	0
32	95	0
67	30	0
67	22	0
24	36	0
98	58	0
59	47	0
77	43	0
2	89	0
58	16	0
22	80	0
74	72	0
65	63	0
69	54	0
59	0	0
16	9	0
0	60	0
86	56	0
52	11	0
72	56	0
47	93	0
64	51	0
90	34	0
96	14	0
23	60	0
92	74	0
12	79	0
22	26	0
92	47	0
39	96	0
47	42	0
47	5	0
14	90	0
73	28	0
38	44	0
35	74	0
44	3	0
19	78	0
90	85	0
90	71	0
55	33	0
81	66	0
16	83	0
46	49	0
61	3	0
66	20	0
36	23	0
51	11	0
58	12	0
55	30	0
76	24	0
33	45	0
28	41	0
54	39	0
65	69	0
85	86	0
39	99	0
75	10	0
90	55	0
68	11	0
13	57	0
21	9	0
86	38	0
60	28	0
79	68	0
17	40	0
53	65	0
64	11	0
34	94	0
28	84	0
53	77	0
98	52	0
45	26	0
51	8	0
28	43	0
79	44	0
74	8	0
68	91	0
30	7	0
68	88	0
8	67	0
41	74	0
39	21	0
2	53	0
12	18	0
80	7	0
28	38	0
72	16	0
35	7	0
4	4	0
75	18	0
26	65	0
30	49	0
98	22	0
78	54	0
13	36	0
24	39	0
3	54	0
40	94	0
18	75	0
11	2	0
29	91	0
54	55	0
44	14	0
17	12	0
54	37	0
50	75	0
37	72	0
82	91	0
29	30	0
23	59	0
29	48	0
53	72	0
78	95	0
51	12	0
67	6	0
28	11	0
54	16	0
49	10	0
18	60	0
84	49	0
64	0	0
23	48	0
60	8	0
56	61	0
43	52	0
42	55	0
81	83	0
71	42	0
21	68	0
54	51	0
20	19	0
99	9	0
46	4	0
61	33	0
53	26	0
21	40	0
14	75	0
59	72	0
12	69	0
38	89	0
31	83	0
36	26	0
39	38	0
90	55	0
59	40	0
14	69	0
71	77	0
5	22	0
62	92	0
28	28	0
67	19	0
69	89	0
69	3	0
88	57	0
77	38	0
43	21	0
42	43	0
39	35	0
90	84	0
10	19	0
64	20	0
78	4	0
17	51	0
46	77	0
72	75	0
70	8	0
0	64	0
91	42	0
63	97	0
5	16	0
69	4	0
55	61	0
36	74	0
62	49	0
20	34	0
55	41	0
72	91	0
58	52	0
32	25	0
80	72	0
23	42	0
20	78	0
79	83	0
46	16	0
7	82	0
71	12	0
87	26	0
66	35	0
18	56	0
65	16	0
24	21	0
63	51	0
17	95	0
73	52	0
49	4	0
83	53	0
34	27	0
28	80	0
40	3	0
85	37	0
11	9	0
66	99	0
16	89	0
30	34	0
58	61	0
57	35	0
10	82	0
10	42	0
22	46	0
58	3	0
96	39	0
66	24	0
85	96	0
28	67	0
19	27	0
43	22	0
35	27	0
89	9	0
54	57	0
75	77	0
29	49	0
56	93	0
72	62	0
41	82	0
73	7	0
72	45	0
75	14	0
62	12	0
51	19	0
31	33	0
94	5	0
59	25	0
6	81	0
94	7	0
97	84	0
9	93	0
13	23	0
88	66	0
42	50	0
28	1	0
87	83	0
80	61	0
24	99	0
62	30	0
78	38	0
94	57	0
10	24	0
87	78	0
30	77	0
70	79	0
29	96	0
98	63	0
31	54	0
16	81	0
99	77	0
40	29	0
24	33	0
66	68	0
60	99	0
45	70	0
12	10	0
45	76	0
61	60	0
35	62	0
32	72	0
85	22	0
12	92	0
81	53	0
22	74	0
36	63	0
44	72	0
95	33	0
45	32	0
17	47	0
1	22	0
64	40	0
96	73	0
58	17	0
83	93	0
74	95	0
29	30	0
46	17	0
22	55	0
26	68	0
3	24	0
32	29	0
51	74	0
56	84	0
31	28	0
70	87	0
51	33	0
40	10	0
69	35	0
23	76	0
48	16	0
9	57	0
92	83	0
61	99	0
57	55	0
73	8	0
43	65	0
6	25	0
3	23	0
40	46	0
90	60	0
89	3	0
0	67	0
75	5	0
91	87	0
70	16	0
30	1	0
23	63	0
77	74	0
37	86	0
48	80	0
82	25	0
21	75	0
57	20	0
66	78	0
58	90	0
30	89	0
99	10	0
97	17	0
63	12	0
39	91	0
14	97	0
3	87	0
76	60	0
73	64	0
95	65	0
9	50	0
85	44	0
69	67	0
10	15	0
79	65	0
61	73	0
22	51	0
9	65	0
36	27	0
42	40	0
16	62	0
62	51	0
46	50	0
92	45	0
82	36	0
81	7	0
74	35	0
49	89	0
5	25	1
16	15	0
19	54	0
77	53	0
98	82	0
75	72	0
97	75	0
22	41	0
50	74	0
51	35	0
36	62	0
76	47	0
5	36	0
21	72	0
44	23	0
81	72	0
66	94	0
51	66	0
6	23	1
35	73	0
26	12	0
81	66	0
31	73	0
54	38	0
84	82	0
95	85	0
9	98	0
36	54	0
12	71	0
79	77	0
35	46	0
55	61	0
44	83	0
79	71	0
24	32	0
19	64	0
85	71	0
75	58	0
94	56	0
48	83	0
55	84	0
66	35	0
36	22	0
87	26	0
46	24	0
85	5	0
18	81	0
17	30	0
1	8	0
34	95	0
90	71	0
23	34	0
93	53	0
19	99	0
18	73	0
30	1	0
97	94	0
26	20	0
10	79	0
68	97	0
41	64	0
81	73	0
22	82	0
83	25	0
17	24	0
36	81	0
25	69	0
27	24	0
26	34	0
26	38	0
98	63	0
82	11	0
52	13	0
75	10	0
91	50	0
38	11	0
54	28	0
86	30	0
10	49	0
41	87	0
11	49	0
14	83	0
79	60	0
50	96	0
54	48	0
70	85	0
43	22	0
94	76	0
41	67	0
96	51	0
8	72	0
59	48	0
26	67	0
70	34	0
10	31	0
57	37	0
88	74	0
81	80	0
86	92	0
24	80	0
19	39	0
44	41	0
41	64	0
35	31	0
23	11	0
38	60	0
10	55	0
62	1	0
75	78	0
82	52	0
91	10	0
11	45	0
7	2	0
85	90	0
12	83	0
52	26	0
56	37	0
78	18	0
17	2	0
54	10	0
14	48	0
1	35	0
49	16	0
51	2	0
0	28	0
35	80	0
62	22	0
33	98	0
78	7	0
38	43	0
61	62	0
68	10	0
92	59	0
61	63	0
46	66	0
44	95	0
81	94	0
21	13	0
90	56	0
15	59	0
85	78	0
56	77	0
14	36	0
18	55	0
99	45	0
29	74	0
94	94	0
63	82	0
49	4	0
33	53	0
81	57	0
40	85	0
76	41	0
86	71	0
67	31	0
13	64	0
17	60	0
91	90	0
70	32	0
60	63	0
55	3	0
10	11	0
81	61	0
32	23	0
15	64	0
36	58	0
59	48	0
34	5	0
58	33	0
5	77	0
19	47	0
12	64	0
1	48	0
83	59	0
22	20	0
56	22	0
98	15	0
86	8	0
50	65	0
3	76	0
59	29	0
31	23	0
11	18	0
15	12	0
77	64	0
65	21	0
41	41	0
43	76	0
53	79	0
13	89	0
31	68	0
55	81	0
23	43	0
85	95	0
50	30	0
38	81	0
22	10	0
55	9	0
10	44	0
62	47	0
68	15	0
30	78	0
84	67	0
64	55	0
44	49	0
45	11	0
3	79	0
78	67	0
68	54	0
52	44	0
71	68	0
72	79	0
73	40	0
67	7	0
96	77	0
87	12	0
2	77	0
71	63	0
1	33	0
2	26	0
27	0	0
48	31	0
0	9	0
6	44	0
23	71	0
32	94	0
38	54	0
97	30	0
6	48	0
59	93	0
26	86	0
2	23	0
96	60	0
39	66	0
11	23	0
87	46	0
27	1	0
61	18	0
62	2	0
13	3	0
25	80	0
45	58	0
82	77	0
69	43	0
13	3	0
37	31	0
50	9	0
3	30	0
3	69	0
72	6	0
36	63	0
50	42	0
70	94	0
17	42	0
17	98	0
94	47	0
23	21	0
88	82	0
53	61	0
66	32	0
49	34	0
94	19	0
88	61	0
22	58	0
19	93	0
29	44	0
0	85	0
7	95	0
85	15	0
41	50	0
2	92	0
53	0	0
65	9	0
47	44	0
25	21	0
61	43	0
38	26	0
12	79	0
24	33	0
56	6	0
7	47	0
99	48	0
99	13	0
50	56	0
36	2	0
40	20	0
19	95	0
62	83	0
28	64	0
10	9	0
42	22	0
12	81	0
0	74	0
64	44	0
79	46	0
53	39	0
13	74	0
25	29	0
86	73	0
66	33	0
52	79	0
62	94	0
27	12	0
4	86	0
64	18	0
58	79	0
36	44	0
94	75	0
34	77	0
97	20	0
83	19	0
98	23	0
80	88	0
48	57	0
25	74	0
74	15	0
41	5	0
63	79	0
62	75	0
13	44	0
63	54	0
66	84	0
77	20	0
93	48	0
5	64	0
59	45	0
20	27	0
90	29	0
65	39	0
69	17	0
92	92	0
75	78	0
53	70	0
75	37	0
60	71	0
15	94	0
31	7	0
1	93	0
16	76	0
56	60	0
66	96	0
80	17	0
92	96	0
80	2	0
11	2	0
89	78	0
64	13	0
95	23	0
78	70	0
53	40	0
12	55	0
65	85	0
65	70	0
1	46	0
9	47	0
45	94	0
6	78	0
55	5	0
47	46	0
10	68	0
36	26	0
20	29	0
13	44	0
96	51	0
54	38	0
5	47	0
27	91	0
88	69	0
4	13	0
85	97	0
32	83	0
57	46	0
39	64	0
98	39	0
64	41	0
2	7	0
13	6	0
1	49	0
13	50	0
98	80	0
77	47	0
97	69	0
12	56	0
79	60	0
20	81	0
3	0	0
73	75	0
0	18	0
25	66	0
34	6	0
26	29	0
11	71	0
43	92	0
2	6	0
68	48	0
54	66	0
76	65	0
83	82	0
35	91	0
34	25	0
9	67	0
4	14	0
38	71	0
45	53	0
64	55	0
83	16	0
