94	65	0
22	13	0
60	96	0
4	2	0
97	42	0
97	99	0
41	66	0
60	24	1
71	54	0
1	90	0
3	11	0
15	92	0
94	37	0
57	81	0
32	32	0
87	80	0
93	27	0
50	98	0
38	74	0
79	68	0
52	14	0
28	80	0
85	69	0
83	76	0
85	88	0
6	30	0
47	36	1
87	19	0
83	65	0
5	75	0
29	93	0
83	12	0
65	92	0
48	73	0
79	73	0
93	60	0
54	56	1
97	37	0
9	75	0
90	70	0
20	70	0
50	6	0
10	76	0
36	91	0
87	53	0
45	36	0
31	19	0
95	85	0
91	92	0
92	20	0
25	79	0
97	8	0
19	15	0
68	88	0
5	83	0
89	2	0
28	64	1
64	86	0
45	60	1
2	24	0
69	81	0
83	32	0
23	89	0
51	96	0
76	30	0
34	90	0
44	91	0
16	15	0
99	18	0
81	28	0
53	77	0
88	32	0
69	57	0
65	37	0
1	96	0
75	0	1
51	82	0
83	5	0
94	61	0
2	59	0
71	94	0
4	75	0
38	89	0
99	59	0
80	30	0
46	67	1
70	9	0
58	48	0
10	65	0
34	5	0
69	72	0
62	24	1
0	96	0
93	31	0
46	74	0
79	70	0
86	3	0
69	87	0
69	80	0
1	27	0
59	78	0
94	83	0
74	49	0
18	92	0
68	40	0
71	2	0
92	60	0
92	31	0
99	42	0
21	48	0
52	65	0
7	29	0
48	31	1
89	66	0
56	74	0
63	67	0
57	19	1
46	39	0
58	67	0
52	59	1
44	96	0
80	37	0
58	67	0
54	73	0
92	56	0
29	14	0
47	41	0
25	17	0
18	70	0
28	54	1
78	48	0
51	44	1
92	7	0
27	92	0
22	38	0
73	77	0
23	67	1
59	64	0
49	76	0
43	10	0
44	90	0
22	68	1
70	75	0
94	51	0
24	90	0
87	77	0
26	54	1
17	73	0
54	65	0
11	39	0
73	78	0
97	74	0
41	74	0
77	46	0
55	61	1
61	11	1
31	60	1
93	34	0
26	93	0
66	80	0
30	29	0
44	78	0
49	21	0
94	91	0
29	80	0
94	12	0
29	77	0
93	34	0
60	95	0
74	75	0
66	61	0
27	44	0
7	60	0
62	4	0
68	96	0
96	59	0
49	90	0
63	81	0
78	16	0
62	77	0
38	76	0
44	90	0
23	18	0
55	21	1
87	52	0
62	42	0
67	64	0
72	32	0
19	97	0
58	62	0
81	42	0
77	36	0
54	17	0
87	30	0
74	75	0
73	99	0
77	62	0
94	27	0
99	16	0
83	80	0
29	90	0
69	83	0
46	96	0
34	41	1
87	36	0
15	97	0
90	22	0
24	47	0
23	85	0
29	99	0
78	86	0
81	75	0
93	58	0
97	54	0
21	90	0
54	80	0
71	12	0
81	53	0
49	6	0
41	34	0
77	38	0
22	61	0
35	54	0
20	71	0
75	94	0
86	55	0
56	69	0
95	0	0
90	44	0
92	45	0
69	55	0
70	82	0
45	66	0
68	21	0
9	89	0
28	62	1
6	90	0
83	61	0
78	70	0
90	13	0
97	85	0
27	3	0
32	97	0
22	66	1
56	97	0
40	34	0
79	20	0
98	4	0
94	27	0
52	54	1
79	30	0
71	59	0
2	7	0
26	98	0
19	74	0
47	91	0
39	69	0
87	42	0
59	84	0
56	55	1
98	86	0
64	40	0
80	89	0
86	18	0
17	6	0
43	1	0
32	26	0
94	44	0
78	15	0
19	48	0
16	26	0
52	36	1
92	81	0
95	60	0
77	29	0
94	4	0
63	2	0
74	13	0
46	34	1
34	16	0
11	70	0
85	90	0
45	93	0
4	99	0
25	40	0
51	43	1
73	42	0
68	58	0
80	75	0
81	76	0
76	29	0
76	85	0
70	3	1
97	46	0
78	48	0
61	50	0
96	68	0
73	19	0
95	14	0
23	44	0
73	99	0
56	64	0
87	23	0
13	79	0
96	36	0
66	97	0
95	26	0
64	20	0
29	56	1
56	45	0
58	84	0
69	29	0
79	77	0
23	87	0
93	90	0
4	80	0
90	6	0
89	20	0
53	73	0
38	54	1
66	44	0
15	94	0
73	34	0
94	56	0
51	38	0
37	84	0
34	10	0
54	90	0
37	83	0
43	78	0
15	67	0
10	24	0
70	1	0
81	35	0
96	11	0
81	99	0
29	25	0
59	9	0
55	45	0
68	93	0
2	19	0
42	89	0
82	43	0
27	88	0
79	4	0
53	58	1
59	21	0
84	21	0
88	47	0
18	90	0
71	20	0
86	99	0
33	98	0
80	63	0
10	32	0
63	99	0
64	40	0
15	80	0
63	28	0
90	50	0
78	45	0
74	60	0
23	42	0
99	60	0
15	96	0
90	52	0
19	93	0
81	79	0
40	17	0
76	69	0
61	96	0
61	93	0
75	50	0
26	59	1
83	6	0
6	77	0
73	47	0
23	96	0
50	61	0
80	33	0
26	59	1
52	38	1
89	50	0
73	23	0
77	78	0
51	94	0
37	49	1
63	96	0
30	94	0
94	81	0
85	75	0
75	8	0
19	4	0
51	37	0
38	64	1
7	78	0
79	85	0
66	82	0
69	50	0
67	18	0
35	64	1
42	70	0
78	52	0
97	0	0
24	70	0
81	9	0
55	66	0
35	37	1
86	83	0
29	74	1
54	90	0
75	20	0
86	13	0
50	63	1
64	88	0
28	95	0
91	10	0
85	8	0
73	22	0
17	63	0
7	86	0
12	86	0
73	87	0
82	95	0
0	34	1
60	55	0
76	95	0
76	63	0
67	65	0
15	87	0
7	72	0
42	25	0
4	18	0
34	35	0
27	51	1
97	36	0
82	48	0
71	46	0
56	53	0
45	26	0
90	79	0
54	73	0
86	51	0
41	90	0
79	51	0
25	6	0
97	46	0
59	93	0
31	32	0
58	55	1
31	92	0
73	98	0
88	68	0
25	84	0
60	34	0
11	80	0
59	60	1
41	75	0
64	62	0
58	69	0
56	87	0
12	48	0
68	61	0
82	44	0
89	60	0
35	74	0
68	93	0
41	29	0
93	21	0
52	49	0
86	13	0
11	79	0
51	93	0
87	71	0
73	66	0
8	90	0
10	71	0
79	90	0
34	25	0
7	89	0
66	97	0
56	67	0
87	68	0
18	94	0
75	44	0
17	3	0
49	99	0
18	93	0
4	12	0
83	54	0
86	24	0
78	29	0
71	18	0
10	16	0
16	49	0
76	30	0
2	74	0
64	73	0
32	80	0
71	50	0
76	94	0
70	44	0
68	86	0
73	54	0
65	84	0
7	78	0
43	49	1
27	82	0
65	59	0
61	46	0
89	40	0
94	98	0
84	85	0
46	59	1
72	53	0
64	59	0
68	6	1
67	79	0
84	78	0
91	6	0
62	79	0
1	93	0
49	49	1
62	31	0
66	25	0
78	22	0
20	80	0
73	21	0
90	20	0
31	57	1
41	32	0
51	97	0
68	73	0
52	81	0
73	89	0
85	57	0
84	43	0
96	65	0
75	97	0
98	42	0
30	65	1
98	86	0
42	80	0
76	79	0
84	44	0
41	90	0
84	70	0
88	49	0
84	30	0
2	69	0
50	74	0
73	17	0
66	33	0
81	81	0
66	51	0
12	87	0
22	93	0
73	42	0
83	27	0
96	47	0
99	2	0
87	92	0
57	37	0
30	74	1
92	18	0
67	47	0
16	74	0
15	97	0
23	73	0
9	86	0
61	51	0
41	25	0
33	68	0
64	81	0
68	14	0
18	84	0
88	51	0
15	17	0
16	72	0
79	64	0
67	55	0
40	55	1
92	54	0
82	61	0
76	62	0
53	59	1
76	51	0
1	29	0
92	84	0
62	51	0
40	86	0
4	78	0
27	85	0
31	57	1
87	17	0
50	98	0
9	99	0
99	55	0
73	16	0
18	16	0
31	24	0
72	8	0
15	68	0
83	61	0
86	37	0
14	8	0
68	9	0
44	86	0
97	81	0
10	8	0
49	85	0
81	35	0
99	80	0
54	69	0
67	78	0
21	38	0
90	43	0
92	69	0
15	79	0
22	78	0
33	64	1
18	91	0
77	9	0
32	57	1
8	93	0
37	40	1
43	57	1
63	42	0
27	66	1
94	21	0
4	24	0
86	36	0
77	15	0
35	25	0
21	89	0
45	82	0
16	69	0
25	29	0
15	77	0
23	89	0
64	56	0
91	44	0
41	57	1
75	93	0
47	37	1
62	70	0
45	66	0
18	97	0
84	43	0
49	49	1
3	11	0
86	62	0
58	47	0
94	29	0
79	30	0
71	34	0
61	94	0
39	38	0
57	46	0
63	36	1
49	9	0
34	95	0
47	61	0
90	31	0
59	96	0
72	52	0
81	46	0
44	89	0
34	80	0
93	23	0
53	58	1
69	3	1
92	98	0
76	84	0
55	88	0
81	19	0
82	68	0
25	79	0
71	22	0
20	95	0
42	61	1
95	58	0
90	89	0
85	11	0
96	93	0
80	21	0
79	54	0
65	24	1
8	84	0
68	93	0
62	78	0
7	22	0
6	98	0
13	73	0
47	41	1
76	26	0
5	61	1
20	97	0
61	98	0
95	46	0
12	73	0
73	44	0
32	92	0
81	46	0
70	46	0
29	60	1
80	43	0
88	42	0
52	71	0
52	41	1
2	85	0
5	3	0
74	73	0
20	57	0
19	7	0
5	98	0
33	72	0
92	47	0
76	85	0
90	62	0
99	86	0
69	33	0
0	78	0
55	59	0
79	40	0
84	24	0
