77	65	0
33	32	0
64	98	0
17	13	0
93	37	0
87	93	0
71	42	0
6	76	0
3	7	0
14	95	0
87	41	0
68	79	0
32	31	0
67	75	0
94	51	0
53	95	1
61	68	0
42	30	0
91	77	0
95	84	0
71	78	0
7	25	0
69	71	0
73	32	0
64	85	0
53	68	0
62	82	0
95	48	0
98	30	0
93	70	0
38	1	0
82	33	0
31	15	0
93	70	0
92	71	0
91	22	1
92	10	0
18	32	0
64	76	0
3	86	0
94	12	1
61	97	0
19	30	0
79	74	0
93	37	0
57	94	0
3	18	0
91	13	0
69	38	0
75	12	1
51	40	0
75	35	0
14	97	1
87	70	0
59	91	0
19	62	0
36	90	1
94	55	0
34	37	0
34	7	0
64	61	0
10	95	0
98	29	0
34	69	0
87	62	0
97	7	0
76	94	0
68	79	0
5	22	0
74	80	0
80	67	0
82	41	0
17	97	1
58	35	0
86	43	0
85	36	0
90	40	0
16	59	0
2	14	0
88	62	0
58	99	0
38	82	0
59	91	0
76	40	0
60	69	0
82	78	0
79	78	0
18	15	0
9	11	0
82	59	0
86	1	0
15	48	0
75	74	0
66	77	0
63	77	0
54	8	0
54	95	1
75	87	0
79	53	0
12	88	0
92	85	0
0	93	0
18	52	0
92	88	0
90	74	0
52	78	0
73	45	0
80	36	0
56	66	0
20	55	0
44	22	0
89	87	0
72	4	0
83	40	0
82	96	0
63	76	0
74	74	0
19	26	0
15	75	1
68	99	0
73	63	1
57	90	0
29	82	0
33	36	0
73	52	1
57	47	0
58	82	0
68	39	0
3	97	0
92	34	0
65	22	1
50	28	0
85	18	1
65	68	0
75	94	0
91	71	0
85	8	1
92	26	0
99	80	0
68	75	0
50	84	0
18	74	0
97	10	1
10	48	0
78	73	0
77	73	0
89	52	0
87	55	0
87	68	0
51	12	0
32	23	0
75	60	0
27	73	0
60	85	0
82	72	0
99	42	0
99	31	0
71	62	0
67	98	0
61	9	0
0	93	0
14	99	0
96	59	0
58	69	1
89	75	0
12	17	0
85	7	1
82	7	0
89	27	0
84	22	1
79	32	0
12	16	0
29	76	0
54	91	0
83	38	0
75	95	0
89	76	0
64	33	0
66	83	0
6	3	0
33	7	0
45	25	0
69	38	0
3	54	0
30	13	0
96	85	0
97	54	0
98	12	1
61	1	0
35	10	0
99	86	0
28	74	0
7	95	0
36	33	0
74	50	0
74	68	0
51	69	0
81	79	0
74	31	0
82	76	0
87	35	0
85	69	0
57	35	0
97	72	0
66	12	0
98	10	1
33	58	0
79	91	0
97	41	0
89	44	0
79	92	0
90	40	0
45	45	0
56	96	0
68	83	0
23	77	0
84	85	0
6	94	0
93	12	1
18	98	1
85	30	0
91	62	0
29	1	0
50	92	1
45	55	0
10	16	0
85	48	0
88	7	1
69	91	0
16	24	0
75	28	0
73	79	0
16	32	0
79	38	0
78	1	0
94	68	0
67	16	0
94	93	0
14	35	0
52	96	1
66	55	0
92	37	0
62	46	0
2	57	0
92	73	0
94	62	0
3	85	0
76	86	0
38	19	0
66	50	0
63	97	0
66	94	0
99	48	0
65	10	0
71	39	0
79	33	0
91	57	0
77	34	0
89	72	0
51	88	1
88	99	0
81	97	0
14	8	0
3	85	0
75	83	0
70	92	0
54	19	0
81	54	0
97	2	0
99	84	0
65	80	0
90	21	1
61	77	0
86	24	1
96	5	0
87	31	0
13	47	0
4	97	0
91	85	0
85	92	0
87	86	0
82	60	0
74	77	0
5	90	0
28	23	0
4	11	0
41	44	0
83	40	0
62	63	0
58	1	0
75	81	0
78	80	0
82	46	0
73	58	0
27	21	0
99	43	0
77	96	0
56	40	0
72	81	0
93	67	0
20	56	0
48	71	0
55	79	0
57	88	1
4	49	0
73	79	0
95	42	0
91	68	0
53	93	0
88	29	0
85	8	1
92	71	0
64	72	0
0	95	0
79	94	0
18	24	0
6	93	0
67	73	0
65	64	0
90	90	0
2	80	0
88	55	0
17	2	0
50	90	1
7	82	0
0	15	0
97	53	0
74	25	1
18	21	0
12	35	0
75	40	0
68	77	0
94	80	0
85	36	0
77	75	0
69	90	0
2	71	0
90	67	0
62	23	0
94	41	0
78	85	0
75	70	0
42	80	0
92	65	0
92	7	1
42	73	0
0	96	0
76	36	0
27	32	0
64	83	0
32	75	0
62	96	0
89	52	0
89	36	0
72	66	0
95	81	0
94	45	0
95	97	0
82	66	0
70	33	0
42	83	1
85	79	0
83	70	0
96	31	0
50	63	0
66	31	0
83	92	0
87	58	0
24	81	0
86	36	0
80	44	0
90	40	0
99	86	0
74	47	0
6	81	0
14	99	0
38	33	0
31	72	0
61	10	0
3	93	0
76	45	0
7	13	0
18	57	0
67	69	0
70	75	0
81	48	0
73	41	0
76	65	1
74	46	0
13	40	0
94	75	0
61	95	0
76	16	0
39	95	1
17	90	0
95	55	0
62	29	1
29	19	0
26	33	0
74	49	0
94	33	0
13	3	0
40	0	0
55	60	0
95	86	0
27	8	0
60	11	0
91	81	0
71	61	1
63	88	0
19	50	0
95	44	0
85	60	0
7	90	0
1	97	0
44	28	0
93	31	0
18	29	0
85	34	0
78	16	0
34	26	0
16	95	1
58	88	0
19	37	0
77	43	0
67	87	0
71	40	0
10	11	0
91	55	0
85	37	0
83	22	0
63	31	1
53	97	0
83	38	0
52	99	0
59	54	0
73	49	0
53	91	0
92	48	0
94	99	0
83	87	0
74	74	0
73	22	0
93	45	0
95	99	0
94	96	0
85	22	0
82	67	0
15	97	1
84	94	0
58	72	0
4	18	0
35	93	0
84	32	0
18	96	1
74	32	0
79	47	0
75	50	0
99	53	0
87	33	0
84	23	1
2	79	0
11	11	0
56	80	0
29	66	0
35	2	0
4	86	0
99	41	0
94	88	0
86	50	0
91	89	0
69	57	1
95	43	0
