97	62	0
56	9	0
39	25	0
47	99	0
8	26	0
92	28	0
91	77	0
10	7	1
46	10	0
71	92	0
42	41	0
80	36	0
0	79	0
23	8	0
17	68	0
99	12	0
96	81	0
64	28	0
26	58	0
99	70	0
93	1	0
43	77	0
72	81	0
73	97	0
66	4	0
37	98	0
53	9	0
77	82	0
69	89	0
99	56	0
2	38	0
31	36	0
39	30	0
83	27	0
38	43	0
90	71	0
13	93	0
66	78	0
94	25	0
79	90	0
44	4	0
23	49	0
73	51	0
97	53	0
55	75	0
97	48	0
14	90	0
40	45	0
59	13	0
86	47	0
20	67	0
55	12	0
29	90	0
52	89	0
27	59	0
96	73	0
41	27	0
37	46	0
86	80	0
99	89	0
87	14	0
11	95	0
95	8	0
49	6	0
92	72	0
40	28	0
24	86	0
78	8	0
35	78	0
88	77	0
60	56	0
18	28	0
79	89	0
28	39	0
13	48	0
85	36	0
14	35	0
38	78	0
58	89	0
76	24	0
43	99	0
64	99	0
1	10	0
13	15	0
94	20	0
97	22	0
37	56	0
79	44	0
22	31	0
78	57	0
37	50	0
31	10	0
36	2	0
73	45	0
18	89	0
60	7	0
50	74	0
43	7	0
40	26	0
90	44	0
41	63	0
64	48	0
16	72	0
71	86	0
8	77	0
44	75	0
83	50	0
60	8	0
54	69	0
8	62	0
61	7	0
54	61	0
5	68	0
50	5	0
35	59	0
21	38	0
86	83	0
51	42	0
1	4	0
24	96	0
77	0	0
66	70	0
12	34	0
85	78	0
92	12	0
64	69	0
56	85	0
28	20	0
61	89	0
21	23	1
79	84	0
67	56	0
36	98	0
75	32	0
33	24	0
19	34	0
85	1	0
2	71	0
95	73	0
93	16	0
90	31	0
43	59	0
60	9	0
92	91	0
6	9	0
41	13	0
83	81	0
38	42	0
94	69	0
85	75	0
56	24	0
50	34	0
61	61	0
5	49	0
26	80	0
16	58	0
81	75	0
53	70	0
46	98	0
80	52	0
71	78	0
53	79	0
26	50	0
89	79	0
0	38	0
38	40	0
23	22	0
21	77	0
37	72	0
98	22	0
39	32	0
74	13	0
34	85	0
68	24	0
51	34	0
78	76	0
25	54	0
60	68	0
41	96	0
39	61	0
37	8	0
67	13	0
38	85	0
9	75	0
73	87	0
91	57	0
18	87	0
33	32	0
97	71	0
26	60	0
34	85	0
43	98	0
53	46	0
36	9	0
19	40	0
72	90	0
83	95	0
60	88	0
79	19	0
3	70	0
57	1	0
68	10	0
68	21	0
82	21	0
35	59	0
2	75	0
55	57	0
74	38	0
33	76	0
90	19	0
51	84	0
32	65	0
30	14	0
81	72	0
33	70	0
41	10	0
0	92	0
74	15	0
96	82	0
85	94	0
85	19	0
5	79	0
13	77	0
91	47	0
48	73	0
35	44	0
49	77	0
58	76	0
52	57	0
6	79	0
32	66	0
64	10	0
5	67	0
72	99	0
71	42	0
39	91	0
90	55	0
39	13	0
41	52	0
18	76	0
38	94	0
50	34	0
69	29	0
20	30	0
94	69	0
79	44	0
83	54	0
9	78	0
56	14	0
15	80	0
68	68	0
54	42	0
65	52	0
54	9	0
10	7	1
1	57	0
76	48	0
53	8	0
75	62	0
48	86	0
65	47	0
95	27	0
93	6	0
4	64	0
88	71	0
21	98	0
91	63	0
39	90	0
59	32	0
46	1	0
21	92	0
67	33	0
40	54	0
44	76	0
51	4	0
26	97	0
71	94	0
86	83	0
69	26	0
94	71	0
9	84	0
45	36	0
59	0	0
66	22	0
38	19	0
40	5	0
49	10	0
55	46	0
71	36	0
38	51	0
27	49	0
49	55	0
71	81	0
85	73	0
55	89	0
83	12	0
96	54	0
79	3	0
9	54	0
29	2	0
87	37	0
47	24	0
73	73	0
6	42	0
50	72	0
55	24	0
26	98	0
31	89	0
28	70	0
97	63	0
43	29	0
35	0	0
24	54	0
88	52	0
80	25	0
68	95	0
17	10	0
63	95	0
10	77	0
43	85	0
34	33	0
5	53	0
80	6	0
23	29	0
82	11	0
44	14	0
12	3	0
85	6	0
33	47	0
14	40	0
83	27	0
91	63	0
11	27	0
28	27	0
1	53	0
30	84	0
17	76	0
5	8	0
36	92	0
45	66	0
40	38	0
65	20	0
45	84	0
38	70	0
83	96	0
43	25	0
20	47	0
32	35	0
57	80	0
84	96	0
53	17	0
81	0	0
35	4	0
48	10	0
62	11	0
18	43	0
79	59	0
67	3	0
20	39	0
59	4	0
54	53	0
47	51	0
28	61	0
79	83	0
66	51	0
18	53	0
52	37	0
21	12	1
95	7	0
51	8	0
66	16	0
55	40	0
24	36	0
10	69	0
67	76	0
18	77	0
33	94	0
22	96	0
48	22	0
34	36	0
89	61	0
62	44	0
4	78	0
80	79	0
62	93	0
23	33	0
77	25	0
60	96	0
71	1	0
91	59	0
81	46	0
33	16	0
43	47	0
41	50	0
88	79	0
7	17	0
76	27	0
88	10	0
11	48	0
29	93	0
71	76	0
82	5	0
4	66	0
98	35	0
43	92	0
73	7	0
65	52	0
42	50	0
52	46	0
30	38	0
50	40	0
75	79	0
77	51	0
42	32	0
75	69	0
23	51	0
21	91	0
83	83	0
43	23	0
5	70	0
64	17	0
87	16	0
71	40	0
14	59	0
62	32	0
30	36	0
52	40	0
5	98	0
62	32	0
54	9	0
89	51	0
44	24	0
31	82	0
27	5	0
80	49	0
8	5	0
65	97	0
1	86	0
39	44	0
54	82	0
55	30	0
19	99	0
20	42	0
22	39	0
61	16	0
91	32	0
83	16	0
88	96	0
19	59	0
34	14	0
32	30	0
83	22	0
52	62	0
69	88	0
18	36	0
70	99	0
85	71	0
38	80	0
71	9	0
72	38	0
84	14	0
72	19	0
43	19	0
42	33	0
93	3	0
71	29	0
2	61	0
92	15	0
87	94	0
8	93	0
92	64	0
45	47	0
23	9	0
95	86	0
80	58	0
25	97	0
67	25	0
78	47	0
90	56	0
83	67	0
35	75	0
82	81	0
36	94	0
87	74	0
35	39	0
22	92	0
99	87	0
35	36	0
28	41	0
66	69	0
60	92	0
51	65	0
49	97	0
56	57	0
33	62	0
30	63	0
83	19	0
14	91	0
82	53	0
20	87	0
41	57	0
43	77	0
80	28	0
28	29	0
19	46	0
65	39	0
98	75	0
67	16	0
85	95	0
72	96	0
34	44	0
62	9	0
32	45	0
28	86	0
41	34	0
56	68	0
69	79	0
38	22	0
78	94	0
46	31	0
36	18	0
64	43	0
30	78	0
42	12	0
4	61	0
91	81	0
59	92	0
53	44	0
80	10	0
44	74	0
45	54	0
99	57	0
91	0	0
3	75	0
71	7	0
77	74	0
71	31	0
31	3	0
37	67	0
82	80	0
37	72	0
55	76	0
78	21	0
14	63	0
66	13	0
44	64	0
59	99	0
30	93	0
96	4	0
88	18	0
62	9	0
40	89	0
19	89	0
7	86	0
78	50	0
72	63	0
79	65	0
20	43	0
83	43	0
70	61	0
88	72	0
63	59	0
24	57	0
21	72	0
37	26	0
46	41	0
4	48	0
52	64	0
40	40	0
95	36	0
78	35	0
72	2	0
78	31	0
54	76	0
16	16	1
17	48	0
63	36	0
90	74	0
60	83	0
95	74	0
23	53	0
52	69	0
59	54	0
25	57	0
92	35	0
25	62	0
39	24	0
86	49	0
73	99	0
61	52	0
21	63	0
46	2	0
63	68	0
29	82	0
39	28	0
74	77	0
93	71	0
22	97	0
53	70	0
10	70	0
75	66	0
32	55	0
49	65	0
40	78	0
60	69	0
24	34	0
14	64	0
87	79	0
80	50	0
96	61	0
28	74	0
54	79	0
70	30	0
20	17	1
86	23	0
40	37	0
97	12	0
13	87	0
28	34	0
29	77	0
84	56	0
23	39	0
92	63	0
11	99	0
6	73	0
22	4	0
97	92	0
40	28	0
3	79	0
77	89	0
39	62	0
75	74	0
31	88	0
99	33	0
31	14	0
39	86	0
31	74	0
36	15	0
24	37	0
5	24	0
90	70	0
90	11	0
60	8	0
73	12	0
97	41	0
30	7	0
35	42	0
98	40	0
14	59	0
45	86	0
4	46	0
16	81	0
79	55	0
47	95	0
67	48	0
74	77	0
36	35	0
76	64	0
33	55	0
89	43	0
14	71	0
58	34	0
38	70	0
75	34	0
56	41	0
97	82	0
95	98	0
85	85	0
19	82	0
20	33	0
54	51	0
51	74	0
31	20	0
16	2	0
35	68	0
10	40	0
66	6	0
67	83	0
84	62	0
92	20	0
12	45	0
11	4	1
79	94	0
6	98	0
49	7	0
55	55	0
70	11	0
10	5	1
45	21	0
19	37	0
44	17	0
66	5	0
40	84	0
57	24	0
29	96	0
76	3	0
30	37	0
54	72	0
75	24	0
92	71	0
64	78	0
34	72	0
47	89	0
77	92	0
84	55	0
17	61	0
82	75	0
60	96	0
13	35	0
16	53	0
93	46	0
34	89	0
97	96	0
68	85	0
46	3	0
51	47	0
84	56	0
59	89	0
73	49	0
99	71	0
89	29	0
15	62	0
0	58	0
73	87	0
77	39	0
51	57	0
55	10	0
32	18	0
77	75	0
25	37	0
14	66	0
43	46	0
60	45	0
33	13	0
59	29	0
14	86	0
19	40	0
12	60	0
7	72	0
76	51	0
20	23	0
61	14	0
93	26	0
80	4	0
55	70	0
1	67	0
62	28	0
47	31	0
67	78	0
76	11	0
45	44	0
52	62	0
46	86	0
17	98	0
23	66	0
43	88	0
32	37	0
73	78	0
51	45	0
29	78	0
60	33	0
8	43	0
61	60	0
61	20	0
31	77	0
80	50	0
50	43	0
50	43	0
40	17	0
5	66	0
70	63	0
74	56	0
44	39	0
83	56	0
82	67	0
80	37	0
68	10	0
91	77	0
91	14	0
5	72	0
67	81	0
33	19	0
60	36	0
9	1	1
16	58	0
10	86	0
34	86	0
21	51	0
95	32	0
18	51	0
53	99	0
18	84	0
99	71	0
54	62	0
86	37	0
21	1	0
56	15	0
51	7	0
8	6	0
14	73	0
62	61	0
85	71	0
73	49	0
15	0	0
31	40	0
68	7	0
2	79	0
75	0	0
41	75	0
54	23	0
76	99	0
9	32	0
8	92	0
98	57	0
29	16	0
89	72	0
61	56	0
77	41	0
43	28	0
92	30	0
85	70	0
13	64	0
3	86	0
21	60	0
4	90	0
8	85	0
87	31	0
33	51	0
5	95	0
54	14	0
62	1	0
41	47	0
20	25	1
65	38	0
38	21	0
22	76	0
31	30	0
73	17	0
9	42	0
85	49	0
89	1	0
65	50	0
31	9	0
50	18	0
8	97	0
62	81	0
40	69	0
37	14	0
3	83	0
1	90	0
64	53	0
89	45	0
38	28	0
27	75	0
22	28	0
96	85	0
59	27	0
50	74	0
62	99	0
18	26	1
2	83	0
67	26	0
51	66	0
29	34	0
99	67	0
43	73	0
98	17	0
78	16	0
93	19	0
87	83	0
47	57	0
23	91	0
83	5	0
28	2	0
67	86	0
64	75	0
21	52	0
68	40	0
72	80	0
89	12	0
94	52	0
22	69	0
59	50	0
24	22	0
90	24	0
40	43	0
63	9	0
90	96	0
84	77	0
46	69	0
72	30	0
68	77	0
2	91	0
46	0	0
10	95	0
12	73	0
69	69	0
76	98	0
82	5	0
95	88	0
77	3	0
80	70	0
61	0	0
93	37	0
75	52	0
57	31	0
12	71	0
59	90	0
52	75	0
13	44	0
4	42	0
36	97	0
10	70	0
43	0	0
37	57	0
13	63	0
38	23	0
5	47	0
92	50	0
51	21	0
0	44	0
26	86	0
74	58	0
0	3	0
94	70	0
24	83	0
57	48	0
34	55	0
96	45	0
58	41	0
1	14	0
3	51	0
21	58	0
91	71	0
67	49	0
97	65	0
0	54	0
64	55	0
13	69	0
1	16	0
70	67	0
29	64	0
47	12	0
31	31	0
6	81	0
34	86	0
5	5	0
76	45	0
67	62	0
81	65	0
76	76	0
47	89	0
41	15	0
0	73	0
49	65	0
41	52	0
61	49	0
83	14	0
