98	65	0
54	10	0
36	21	0
42	95	0
6	35	0
89	28	0
86	78	0
10	5	0
51	7	0
74	91	0
42	37	0
78	36	0
1	84	0
20	5	0
16	67	0
94	11	0
94	90	0
61	31	0
28	54	0
99	67	0
90	0	0
43	73	0
73	85	0
80	92	0
65	4	0
31	96	0
56	12	0
75	79	0
70	91	0
99	58	0
1	43	0
29	29	0
39	29	0
78	21	0
40	47	0
89	72	0
12	92	0
68	76	0
93	25	0
81	92	0
45	8	0
27	50	0
70	56	0
99	56	0
54	74	0
99	48	0
16	98	0
37	44	0
56	14	0
85	47	0
18	64	0
59	11	0
35	92	0
53	85	0
25	64	0
94	72	0
48	24	0
38	46	0
83	76	0
96	98	0
91	14	0
15	96	0
93	11	0
51	7	0
94	70	0
40	31	0
20	83	0
84	6	0
30	82	0
86	74	0
61	52	0
22	29	0
84	84	0
31	38	0
14	47	0
85	38	0
22	26	1
15	38	0
37	80	0
58	91	0
73	22	0
46	97	0
66	99	0
1	7	0
13	21	0
94	22	0
99	21	0
37	56	0
81	45	0
19	29	0
75	52	0
40	55	0
33	10	0
33	2	0
71	48	0
23	89	0
57	5	0
50	76	0
42	5	0
37	27	0
93	46	0
47	59	0
62	48	0
19	77	0
72	85	0
9	79	0
44	76	0
84	47	0
65	12	0
54	71	0
4	57	0
56	8	0
53	62	0
7	67	0
47	2	0
31	55	0
20	33	0
84	81	0
48	39	0
3	3	0
22	95	0
81	0	0
69	65	0
16	32	0
83	77	0
90	14	0
62	73	0
54	86	0
31	23	0
65	93	0
23	20	1
73	86	0
65	53	0
37	98	0
75	35	0
38	25	0
22	36	0
80	2	0
12	10	1
4	72	0
97	73	0
92	12	0
90	35	0
43	55	0
61	6	0
93	94	0
5	6	0
40	11	0
81	83	0
38	40	0
96	67	0
83	77	0
53	28	0
49	36	0
66	60	0
2	48	0
24	82	0
14	59	0
80	74	0
57	73	0
46	99	0
81	50	0
69	77	0
53	83	0
26	45	0
87	81	0
0	38	0
34	40	0
24	25	0
19	71	0
37	71	0
98	21	0
42	34	0
77	12	0
36	83	0
69	23	0
52	29	0
77	78	0
25	53	0
63	69	0
35	99	0
38	63	0
36	8	0
66	15	0
33	88	0
14	82	0
70	84	0
91	56	0
18	93	0
30	32	0
94	71	0
26	59	0
37	80	0
38	94	0
54	47	0
33	10	0
18	36	0
78	94	0
88	98	0
62	91	0
77	15	0
4	64	0
63	0	0
62	16	0
66	22	0
83	18	0
28	61	0
5	71	0
61	64	0
74	35	0
30	75	0
86	21	0
56	86	0
33	65	0
27	16	0
84	74	0
33	68	0
40	8	0
2	87	0
77	16	0
96	82	0
83	93	0
86	21	0
2	79	0
17	76	0
96	50	0
49	74	0
36	45	0
46	77	0
58	74	0
53	58	0
6	83	0
35	70	0
63	13	0
3	66	0
68	95	0
67	44	0
35	95	0
88	56	0
42	18	0
41	53	0
12	77	0
40	93	0
55	33	0
69	26	0
11	32	0
85	67	0
72	44	0
81	50	0
9	85	0
57	11	0
14	83	0
64	67	0
55	45	0
68	54	0
57	3	0
13	6	1
4	57	0
76	43	0
50	12	0
74	59	0
48	82	0
63	51	0
93	30	0
93	11	0
4	62	0
88	67	0
22	97	0
92	57	0
38	89	0
58	33	0
45	0	0
20	92	0
69	36	0
43	56	0
42	76	0
52	5	0
23	96	0
72	87	0
86	85	0
63	27	0
94	72	0
8	85	0
40	40	0
58	2	0
64	20	0
34	22	0
44	5	0
55	11	0
56	49	0
73	35	0
36	51	0
23	46	0
52	54	0
72	77	0
90	76	0
57	88	0
81	12	0
99	52	0
78	0	0
9	55	0
32	7	0
90	33	0
48	23	0
75	72	0
7	42	0
47	72	0
54	28	0
24	96	0
34	89	0
28	69	0
93	57	0
45	27	0
37	3	0
25	54	0
93	51	0
77	19	0
75	99	0
16	7	0
62	90	0
8	77	0
44	82	0
34	33	0
3	55	0
82	8	0
20	34	0
82	13	0
44	9	0
15	1	0
81	5	0
30	50	0
13	38	0
88	30	0
93	61	0
10	27	0
27	34	0
2	59	0
32	83	0
12	73	0
4	7	0
34	93	0
46	65	0
39	30	0
61	29	0
48	84	0
40	66	0
87	96	0
39	24	0
18	47	0
31	39	0
54	75	0
79	97	0
53	9	0
76	0	0
35	5	0
45	11	0
61	11	0
19	48	0
77	58	0
66	2	0
24	45	0
63	5	0
50	55	0
45	50	0
28	66	0
79	83	0
64	51	0
20	62	0
60	36	0
21	20	0
96	10	0
48	4	0
68	17	0
55	37	0
21	41	0
16	70	0
67	75	0
12	77	0
35	95	0
23	97	0
50	23	0
32	32	0
88	64	0
58	50	0
7	79	0
78	76	0
62	93	0
23	33	0
69	26	0
64	95	0
72	0	0
97	64	0
76	42	0
31	15	0
39	45	0
36	47	0
90	80	0
11	24	0
75	28	0
87	8	0
13	53	0
28	92	0
70	79	0
85	5	0
5	72	0
97	33	0
45	91	0
3	10	1
79	8	0
62	53	0
40	53	0
55	47	0
28	40	0
50	37	0
72	75	0
73	52	0
44	29	0
73	66	0
25	52	0
24	93	0
84	85	0
43	19	0
1	75	0
66	19	0
83	20	0
70	45	0
16	60	0
62	29	0
27	31	0
53	39	0
2	95	0
61	35	0
54	18	0
91	51	0
45	22	0
33	77	0
32	8	0
82	44	0
6	3	0
62	99	0
5	90	0
39	39	0
53	87	0
55	32	0
18	97	0
19	45	0
24	40	0
58	19	0
95	35	0
82	21	0
87	99	0
22	57	0
14	15	1
35	12	0
35	25	0
84	22	0
50	60	0
76	82	0
20	35	0
66	99	0
86	69	0
39	77	0
73	10	0
72	39	0
84	17	0
68	18	0
46	22	0
37	32	0
97	4	0
67	28	0
2	65	0
94	16	0
89	96	0
9	93	0
86	62	0
45	49	0
24	3	0
94	85	0
80	55	0
27	97	0
65	22	0
77	48	0
93	58	0
82	65	0
28	80	0
76	82	0
34	93	0
86	77	0
34	41	0
24	91	0
99	86	0
32	33	0
24	44	0
64	70	0
62	92	0
50	70	0
47	94	0
60	60	0
34	62	0
33	62	0
82	22	0
15	91	0
86	52	0
19	83	0
43	53	0
46	78	0
84	29	0
23	30	0
19	42	0
61	41	0
95	75	0
64	18	0
84	98	0
71	97	0
40	46	0
56	9	0
31	46	0
21	86	0
37	33	0
56	69	0
69	78	0
35	22	0
78	90	0
51	32	0
38	19	0
66	43	0
22	76	0
41	12	0
6	61	0
90	80	0
62	94	0
54	46	0
82	11	0
42	72	0
40	55	0
97	54	0
92	0	0
0	75	0
71	3	0
82	76	0
71	24	0
33	2	0
35	71	0
79	82	0
36	74	0
52	78	0
76	19	0
15	67	0
63	6	0
44	66	0
64	97	0
31	92	0
89	9	0
91	21	0
59	11	0
33	88	0
15	91	0
6	90	0
80	51	0
73	60	0
79	64	0
18	43	0
84	46	0
68	60	0
84	75	0
70	64	0
26	55	0
16	72	0
37	28	0
47	43	0
4	48	0
55	66	0
44	38	0
94	39	0
77	33	0
73	4	0
75	34	0
52	81	0
22	18	1
16	45	0
65	40	0
92	76	0
65	82	0
97	76	0
24	48	0
52	63	0
63	52	0
29	62	0
87	40	0
23	60	0
43	21	0
89	54	0
73	98	0
55	52	0
21	64	0
42	1	0
67	67	0
29	84	0
46	27	0
73	78	0
90	74	0
21	93	0
52	64	0
14	72	0
74	65	0
38	56	0
47	67	0
42	80	0
61	69	0
28	34	0
16	65	0
88	82	0
78	55	0
95	59	0
35	77	0
58	76	0
69	32	0
21	15	1
84	23	0
41	35	0
96	8	0
13	92	0
34	35	0
29	76	0
89	57	0
19	36	0
97	62	0
14	95	0
12	71	0
25	3	0
98	94	0
35	26	0
0	81	0
75	91	0
37	61	0
79	72	0
33	84	0
99	30	0
32	18	0
37	83	0
30	75	0
34	12	0
26	40	0
9	25	0
92	68	0
92	12	0
55	10	0
71	8	0
94	39	0
34	7	0
40	39	0
98	43	0
12	57	0
43	87	0
2	47	0
14	83	0
72	61	0
50	97	0
66	44	0
72	78	0
36	35	0
77	66	0
35	63	0
87	45	0
8	72	0
57	37	0
35	68	0
74	34	0
57	41	0
98	82	0
92	99	0
85	87	0
20	85	0
20	35	0
53	54	0
52	67	0
34	24	0
20	8	0
34	68	0
11	40	0
62	10	0
62	82	0
88	60	0
94	18	0
9	45	0
11	3	0
77	89	0
6	95	0
51	11	0
55	49	0
71	11	0
13	3	1
47	18	0
18	35	0
45	19	0
59	3	0
38	85	0
57	21	0
30	90	0
72	4	0
28	38	0
52	67	0
73	19	0
90	70	0
64	74	0
40	66	0
52	92	0
78	90	0
5	14	1
86	57	0
14	65	0
79	74	0
61	92	0
14	32	0
20	58	0
94	47	0
34	85	0
98	95	0
64	84	0
49	4	0
46	51	0
83	54	0
56	87	0
76	50	0
95	69	0
85	27	0
11	62	0
3	55	0
68	90	0
78	42	0
52	62	0
56	10	0
34	23	0
73	74	0
24	36	0
15	62	0
40	46	0
59	41	0
34	12	0
56	31	0
9	84	0
21	39	0
12	60	0
8	73	0
77	54	0
27	26	0
61	12	0
91	24	0
81	2	0
54	71	0
1	62	0
66	30	0
48	34	0
72	76	0
77	18	0
46	40	0
52	63	0
47	87	0
19	98	0
30	63	0
42	86	0
31	40	0
77	81	0
45	43	0
26	77	0
56	27	0
7	42	0
60	57	0
67	16	0
28	76	0
83	51	0
53	47	0
52	44	0
41	17	0
4	70	0
68	60	0
75	55	0
45	37	0
81	57	0
84	70	0
80	37	0
66	10	0
87	77	0
91	17	0
6	75	0
68	85	0
32	14	0
59	37	0
8	3	0
18	56	0
12	88	0
33	91	0
22	45	0
94	37	0
16	50	0
55	97	0
16	85	0
97	64	0
52	60	0
86	40	0
20	1	0
58	15	0
47	6	0
5	3	0
14	74	0
60	62	0
85	68	0
72	49	0
17	1	0
31	37	0
69	11	0
2	78	0
75	3	0
44	74	0
55	26	0
73	97	0
13	35	0
2	93	0
99	59	0
34	19	0
87	69	0
62	58	0
75	42	0
41	27	0
93	34	0
84	65	0
13	63	0
2	87	0
21	55	0
2	87	0
9	93	0
91	32	0
33	50	0
2	98	0
52	15	0
61	1	0
39	48	0
24	19	0
64	41	0
38	20	0
28	78	0
31	30	0
72	16	0
6	42	0
87	51	0
89	7	0
64	51	0
32	13	0
44	17	0
9	98	0
59	79	0
39	65	0
14	5	1
39	17	0
6	82	0
3	84	0
71	55	0
91	44	0
43	30	0
25	75	0
25	29	0
99	88	0
59	31	0
45	73	0
68	99	0
20	21	1
2	83	0
69	24	0
54	64	0
31	36	0
96	65	0
39	72	0
98	19	0
78	17	0
97	18	0
88	85	0
42	57	0
24	87	0
88	11	0
31	2	0
64	85	0
63	72	0
19	48	0
64	40	0
68	83	0
89	12	0
93	56	0
20	65	0
55	51	0
25	23	0
89	25	0
46	46	0
69	10	0
91	98	0
84	80	0
49	64	0
71	33	0
66	73	0
3	91	0
43	2	0
10	99	0
11	75	0
62	64	0
77	96	0
86	5	0
97	90	0
81	2	0
22	13	1
83	73	0
65	0	0
97	36	0
72	52	0
57	36	0
14	69	0
59	90	0
55	78	0
13	44	0
5	39	0
39	98	0
9	71	0
42	1	0
40	57	0
13	63	0
41	27	0
7	46	0
95	44	0
57	21	0
1	45	0
24	88	0
72	56	0
0	6	0
93	71	0
26	81	0
59	49	0
35	57	0
94	52	0
63	43	0
0	16	0
4	48	0
23	62	0
90	73	0
67	46	0
99	62	0
2	50	0
58	56	0
19	64	0
2	13	0
73	73	0
28	62	0
46	10	0
28	27	0
7	79	0
37	88	0
3	3	0
76	43	0
67	62	0
81	66	0
77	74	0
47	88	0
36	16	0
3	72	0
10	11	1
47	65	0
38	49	0
56	52	0
84	14	0
