98	68	0
26	17	0
63	99	0
10	9	0
89	38	0
88	97	0
47	78	0
70	46	0
6	84	0
0	2	0
13	87	0
96	44	0
72	76	0
32	38	0
80	91	0
96	43	0
42	96	0
40	80	0
62	72	0
48	17	0
74	73	0
82	94	0
77	87	0
6	23	0
80	15	0
70	74	0
32	95	0
83	24	0
68	89	0
52	63	0
81	80	0
97	50	0
99	23	0
20	74	1
89	80	0
15	74	1
33	0	0
6	75	1
40	86	0
77	45	0
29	11	0
98	87	0
84	88	0
96	17	0
97	14	0
19	33	0
67	87	0
6	85	0
93	3	0
62	94	0
4	25	0
79	84	0
88	28	0
28	86	0
60	98	0
83	20	0
24	88	1
32	87	1
28	7	0
96	1	0
72	32	0
43	80	0
82	24	0
59	47	0
80	27	0
9	95	0
45	77	0
96	67	0
69	97	0
7	65	0
41	91	0
99	51	0
74	19	0
46	37	0
32	8	0
72	57	0
9	80	0
95	27	0
45	68	0
88	57	0
86	0	0
75	98	0
67	89	0
9	31	0
65	80	0
87	71	0
84	43	0
18	97	0
66	40	0
90	56	0
95	28	0
99	40	0
16	54	0
5	17	0
91	53	0
49	85	0
51	58	1
47	79	0
56	94	0
72	30	0
69	67	0
77	76	0
86	65	0
26	14	0
20	14	0
78	52	0
96	0	0
24	98	0
24	42	0
67	73	0
61	84	0
55	78	0
41	1	0
51	83	0
69	80	0
82	55	0
18	91	0
88	81	0
2	74	0
19	48	0
75	84	0
97	74	0
48	67	0
62	42	0
90	41	0
25	91	0
56	77	0
22	45	0
51	80	0
40	24	0
91	85	0
29	99	0
90	4	0
80	39	0
67	89	0
65	84	0
58	73	0
27	40	0
21	67	0
58	90	0
82	68	0
40	92	0
56	91	0
76	17	0
46	88	0
25	25	0
80	63	0
64	41	0
76	69	0
82	36	0
10	91	0
59	50	0
91	35	0
59	35	0
49	21	0
95	29	0
58	77	0
78	98	0
84	69	0
99	28	0
93	34	0
97	69	0
29	88	1
66	80	0
48	89	0
78	28	0
14	89	0
94	12	0
19	45	0
30	92	0
24	92	0
82	76	0
77	80	0
87	49	0
84	49	0
43	88	0
87	60	0
52	3	0
41	23	0
85	43	0
30	72	0
66	82	0
76	71	0
81	3	0
93	50	0
96	34	0
71	62	0
68	86	0
55	10	0
7	90	0
5	95	0
91	63	0
73	58	0
85	12	0
99	79	0
22	9	0
28	95	0
50	95	0
87	5	0
88	6	0
94	30	0
74	28	0
69	43	0
1	5	0
19	93	0
42	88	0
55	69	1
95	42	0
69	94	0
96	86	0
65	36	0
78	78	0
70	17	0
13	8	0
32	7	0
32	25	0
92	40	0
82	21	0
7	45	0
22	25	0
89	81	0
97	73	0
79	21	0
99	10	0
63	1	0
83	17	0
41	19	0
95	87	0
27	85	0
7	95	0
34	40	0
77	41	0
67	64	0
62	80	0
85	87	0
74	27	0
67	82	0
99	38	0
85	60	0
65	50	0
96	69	0
64	17	0
93	12	0
24	48	0
67	96	0
98	35	0
21	88	1
95	40	0
71	94	0
93	34	0
63	17	0
52	49	0
62	91	0
75	90	0
22	92	0
93	87	0
1	97	0
92	0	0
89	14	0
58	83	0
15	95	0
73	38	0
95	64	0
27	3	0
46	93	0
35	83	1
55	77	0
0	26	0
89	34	0
97	6	0
80	94	0
16	23	0
67	32	0
65	80	0
10	25	0
45	88	0
83	53	0
25	87	0
85	5	0
81	15	0
92	65	0
13	82	0
65	20	0
86	89	0
33	96	0
66	60	0
7	31	0
61	85	0
60	46	0
94	43	0
79	55	0
71	55	0
0	35	0
91	64	0
24	96	0
90	57	0
10	95	0
86	86	0
39	19	0
71	60	0
63	90	0
54	98	0
85	54	0
76	1	0
1	79	0
71	43	0
24	99	0
85	30	0
91	42	0
71	29	0
88	75	0
52	97	0
56	98	0
28	97	0
99	82	0
69	82	0
21	4	0
8	81	0
77	85	0
65	88	0
59	56	1
69	32	0
30	80	1
82	64	0
94	5	0
92	7	0
90	84	0
67	82	0
78	25	0
92	11	0
73	89	0
30	99	0
88	11	0
96	0	0
71	26	0
6	59	0
16	97	0
15	92	0
86	84	0
86	98	0
75	93	0
83	68	0
72	70	0
7	98	0
16	71	1
27	20	0
2	6	0
44	41	0
93	28	0
81	40	0
66	60	0
55	14	0
85	82	0
68	79	0
86	58	0
31	82	1
73	63	0
22	7	0
98	42	0
60	97	0
41	40	0
21	93	0
74	96	0
98	72	0
30	81	1
20	78	0
40	69	0
70	75	0
51	98	0
11	48	0
76	68	0
92	53	0
93	67	0
38	75	0
64	84	0
89	14	0
82	6	0
12	83	0
36	98	0
89	72	0
69	74	0
1	88	0
12	80	0
81	95	0
28	27	0
7	79	0
68	88	0
59	69	0
83	82	0
6	88	0
73	47	0
19	2	0
47	90	0
9	95	0
0	18	0
86	63	0
82	13	0
78	22	0
78	17	1
11	20	0
16	58	0
78	30	0
67	75	0
30	89	1
58	55	1
86	81	0
79	47	0
75	83	0
62	53	1
71	84	0
1	65	0
79	57	0
61	34	0
98	44	0
92	87	0
80	68	0
67	53	1
60	55	1
48	77	0
97	78	0
93	3	0
56	77	0
2	94	0
65	27	0
68	18	0
77	18	1
25	69	1
75	19	1
77	23	0
29	30	0
58	94	0
68	60	0
35	91	0
67	99	0
85	63	0
81	29	0
88	71	0
88	91	0
93	41	0
85	89	0
35	88	0
71	77	0
82	47	0
55	91	0
83	84	0
75	67	0
90	24	0
6	75	1
53	73	0
78	20	0
58	41	0
87	85	0
84	56	0
20	86	0
29	89	1
81	29	0
79	30	0
92	45	0
84	10	0
87	80	0
84	17	0
81	36	0
16	76	1
13	87	0
21	71	1
15	96	0
48	29	0
35	62	0
50	82	0
66	4	0
15	91	0
77	49	0
24	12	0
24	59	0
78	70	0
71	59	0
84	65	0
86	48	0
71	65	0
82	51	0
5	44	0
94	85	0
68	59	0
46	95	0
5	73	1
92	21	0
53	93	0
22	91	0
99	44	0
66	30	0
21	9	0
27	36	0
11	68	1
80	54	0
94	38	0
30	8	0
52	11	0
50	77	0
95	81	0
18	6	0
45	79	0
65	30	0
88	63	0
73	68	0
64	88	0
11	45	0
96	46	0
92	63	0
9	87	0
30	88	1
1	97	0
62	35	0
88	18	0
9	16	0
90	29	0
83	20	0
43	35	0
15	96	0
58	84	0
20	74	1
21	26	0
19	76	1
25	99	0
57	56	0
82	45	0
60	83	0
24	92	0
76	43	0
10	1	0
85	61	0
48	59	1
91	26	0
83	28	0
72	31	0
57	91	0
41	99	0
87	42	0
60	99	0
72	61	0
83	44	0
62	93	0
36	71	1
92	39	0
92	99	0
85	86	0
51	85	0
89	18	0
72	77	0
68	26	0
28	90	1
86	53	0
87	93	0
83	8	0
96	96	0
83	25	0
85	67	0
9	85	0
77	98	0
71	79	0
4	14	0
12	99	0
14	74	1
82	34	0
22	96	0
56	76	0
82	38	0
77	48	0
20	98	0
82	41	0
92	58	0
76	43	0
86	30	0
2	87	0
12	7	0
64	72	0
17	59	0
28	5	0
3	91	0
39	80	1
98	54	0
79	90	0
90	54	0
88	76	0
74	44	0
1	80	0
81	23	0
95	36	0
