95	70	0
45	21	0
42	25	0
43	97	0
8	11	0
88	37	0
92	81	0
42	16	0
68	77	0
36	21	0
94	38	0
5	81	0
17	9	0
20	59	0
99	22	0
85	71	0
61	32	0
25	50	0
99	62	0
91	8	0
42	95	0
65	65	0
78	90	0
62	1	0
42	88	0
59	3	0
82	78	0
63	91	0
93	69	0
7	25	0
49	37	0
41	18	0
83	37	0
42	47	0
89	67	0
10	93	0
53	93	0
99	23	0
75	91	0
47	1	0
22	60	0
83	53	0
80	63	0
53	67	0
96	51	0
15	87	0
17	43	0
64	7	0
86	65	0
15	67	0
62	2	0
15	79	0
55	90	0
36	71	0
95	61	0
47	31	0
35	31	0
87	73	0
99	91	0
87	20	0
4	93	0
94	13	0
48	2	0
75	74	0
46	10	0
11	90	0
82	8	0
45	74	0
74	98	0
48	69	0
3	29	0
72	87	0
22	49	0
12	63	0
85	37	0
12	39	0
32	83	0
43	96	0
61	19	0
39	93	0
58	94	0
6	20	0
97	11	0
97	26	0
41	54	0
81	39	0
23	24	0
83	54	0
29	38	0
39	13	0
36	5	0
73	35	0
14	89	0
69	9	0
59	86	0
47	11	0
52	27	0
89	49	0
36	65	0
77	50	0
13	57	0
78	89	0
2	74	0
32	96	0
93	49	0
59	9	0
45	68	0
29	57	0
60	1	0
66	47	0
8	59	0
37	2	0
30	50	0
43	34	0
81	91	0
57	44	0
20	99	0
80	5	0
64	64	0
76	84	0
97	8	0
61	73	0
49	77	0
35	6	0
58	97	0
95	77	0
80	58	0
34	94	0
63	32	0
36	21	0
21	44	0
81	7	0
9	68	0
91	69	0
92	26	0
87	36	0
33	53	0
56	20	0
83	77	0
12	13	0
37	12	0
78	58	0
41	38	0
73	82	0
75	97	0
47	16	0
44	30	0
58	48	0
10	43	0
27	58	0
15	54	0
75	78	0
44	56	0
44	94	0
80	52	0
74	71	0
49	88	0
26	35	0
93	62	0
4	25	0
46	42	0
24	10	0
32	79	0
37	77	0
89	34	0
37	29	0
77	19	0
42	79	0
58	30	0
53	42	0
81	79	0
29	56	0
57	76	0
35	89	0
41	49	0
41	11	0
62	7	0
33	73	0
27	81	0
74	82	0
92	68	0
25	86	0
31	37	0
89	67	0
32	50	0
30	92	0
56	84	0
42	52	0
29	10	0
13	33	0
73	98	0
86	96	0
63	79	0
68	29	0
5	60	0
59	7	0
78	23	0
70	26	0
71	29	0
23	61	0
0	65	0
46	53	0
78	31	0
36	62	0
89	28	0
41	96	0
24	68	0
37	19	0
81	74	0
34	56	0
34	10	0
13	94	0
62	8	0
99	86	0
70	89	0
97	5	0
0	80	0
21	67	0
95	37	0
53	70	0
46	44	0
55	55	0
53	71	0
56	64	0
12	71	0
32	57	0
69	10	0
0	65	0
64	86	0
86	44	0
38	93	0
78	59	0
61	21	0
48	69	0
14	80	0
35	93	0
51	40	0
68	35	0
28	35	0
89	60	0
81	44	0
77	63	0
0	68	0
49	18	0
11	83	0
60	61	0
60	41	0
55	46	0
54	23	0
6	56	0
90	27	0
49	5	0
73	68	0
51	77	0
73	34	0
98	42	0
94	1	0
4	66	0
96	74	0
27	99	0
92	72	0
45	96	0
59	32	0
54	8	0
17	85	0
68	30	0
36	63	0
43	83	0
47	6	0
21	93	0
84	94	0
81	85	0
70	39	0
89	77	0
18	92	0
46	55	0
53	2	0
69	28	0
24	12	0
38	2	0
59	8	0
52	54	0
82	46	0
36	46	0
36	49	0
36	71	0
71	88	0
78	76	0
59	75	0
78	3	0
81	43	0
78	10	0
28	46	0
30	15	0
83	35	0
70	34	0
78	71	0
10	38	0
43	70	0
58	25	0
28	89	0
22	96	0
23	82	0
98	64	0
39	26	0
35	0	0
25	57	0
87	68	0
62	20	0
80	90	0
10	0	0
66	91	0
8	68	0
43	84	0
38	29	0
1	51	0
80	6	0
19	37	0
76	0	0
55	13	0
87	8	0
35	46	0
19	46	0
74	26	0
85	57	0
6	21	0
24	38	0
6	59	0
37	98	0
10	85	0
44	91	0
62	72	0
49	43	0
67	22	0
41	93	0
47	66	0
89	93	0
31	26	0
17	51	0
26	38	0
54	75	0
78	87	0
30	26	0
87	14	0
33	6	0
56	4	0
67	15	0
30	43	0
75	67	0
79	10	0
12	39	0
43	11	0
48	45	0
36	37	0
24	61	0
84	80	0
81	51	0
10	51	0
51	36	0
94	12	0
57	9	0
55	26	0
56	35	0
30	23	0
0	74	0
66	83	0
25	80	0
26	89	0
22	96	0
54	16	0
47	38	0
90	48	0
82	49	0
6	80	0
84	75	0
64	75	0
75	30	0
65	95	0
80	1	0
84	57	0
72	64	0
40	16	0
51	48	0
33	48	0
82	80	0
68	15	0
93	5	0
25	41	0
40	87	0
69	71	0
85	18	0
4	58	0
94	29	0
43	96	0
80	27	0
61	45	0
43	53	0
52	34	0
21	39	0
44	45	0
69	83	0
84	38	0
39	22	0
75	75	0
20	63	0
11	97	0
92	81	0
33	35	0
2	84	0
60	37	0
92	14	0
80	47	0
5	66	0
67	38	0
47	34	0
50	47	0
10	98	0
76	19	0
52	7	0
91	51	0
49	35	0
22	75	0
19	5	0
66	54	0
59	92	0
0	62	0
48	65	0
42	76	0
53	27	0
21	95	0
9	43	0
23	43	0
64	16	0
81	30	0
98	19	0
78	89	0
19	61	0
31	21	0
39	26	0
76	8	0
71	60	0
71	90	0
19	44	0
60	93	0
94	70	0
37	83	0
73	10	0
66	48	0
81	31	0
73	12	0
43	21	0
43	24	0
95	8	0
85	28	0
2	79	0
82	10	0
92	98	0
4	96	0
94	64	0
48	53	0
22	18	0
98	99	0
64	46	0
10	97	0
70	29	0
71	41	0
72	61	0
78	66	0
27	75	0
80	73	0
40	93	0
89	75	0
14	33	1
40	93	0
97	81	0
30	34	0
37	30	0
53	71	0
56	94	0
40	63	0
67	97	0
66	49	0
31	56	0
27	66	0
80	23	0
11	88	0
90	40	0
20	90	0
50	69	0
42	90	0
85	38	0
43	48	0
22	37	0
47	20	0
83	57	0
69	18	0
93	98	0
67	97	0
38	55	0
61	5	0
32	37	0
45	88	0
36	21	0
46	57	0
77	72	0
27	23	0
93	98	0
48	13	0
25	16	0
59	29	0
22	76	0
33	17	0
10	61	0
88	90	0
57	89	0
57	43	0
73	4	0
39	70	0
43	50	0
98	52	0
87	1	0
2	68	0
75	5	0
70	75	0
76	32	0
40	11	0
36	69	0
86	80	0
38	63	0
43	78	0
84	32	0
18	58	0
73	22	0
41	68	0
64	90	0
31	91	0
82	13	0
90	25	0
67	16	0
36	77	0
22	88	0
11	86	0
64	42	0
77	65	0
70	81	0
15	41	0
75	41	0
69	59	0
77	77	0
53	65	0
16	62	0
20	69	0
46	26	0
43	18	0
4	32	0
43	59	0
36	45	0
82	30	0
76	34	0
77	0	0
73	45	0
54	70	0
19	56	0
51	29	0
95	78	0
60	89	0
84	67	0
20	53	0
50	78	0
66	41	0
40	51	0
76	26	0
17	52	0
38	25	0
77	50	0
91	96	0
54	56	0
9	62	0
45	7	0
59	59	0
25	86	0
42	34	0
87	89	0
99	72	0
20	85	0
63	59	0
5	72	0
78	55	0
38	59	0
49	56	0
38	76	0
61	71	0
5	57	0
84	75	0
66	58	0
95	50	0
19	65	0
61	88	0
54	28	0
98	23	0
45	36	0
99	20	0
16	87	0
38	31	0
37	69	0
91	54	0
28	50	0
84	64	0
10	98	0
19	83	0
95	86	0
46	28	0
2	77	0
78	91	0
45	68	0
87	68	0
21	90	0
95	36	0
23	1	0
33	79	0
40	76	0
36	12	0
27	36	0
9	20	0
88	71	0
95	15	0
61	8	0
74	31	0
96	47	0
35	11	0
22	49	0
98	38	0
10	51	0
60	87	0
7	55	0
25	78	0
65	56	0
55	92	0
79	50	0
67	85	0
35	35	0
67	59	0
39	59	0
78	54	0
14	73	0
52	34	0
30	79	0
82	38	0
61	28	0
89	72	0
94	95	0
92	76	0
45	66	0
10	21	1
61	40	0
58	75	0
36	26	0
28	12	0
32	70	0
10	33	0
57	0	0
59	82	0
73	78	0
88	4	0
14	51	0
60	88	0
14	94	0
53	8	0
60	44	0
62	20	0
35	22	0
25	36	0
42	23	0
77	1	0
39	94	0
63	32	0
35	89	0
92	14	0
31	48	0
45	65	0
80	21	0
82	77	0
62	74	0
33	66	0
42	90	0
78	76	0
81	47	0
17	73	0
79	82	0
78	98	0
25	36	0
19	48	0
95	48	0
28	83	0
98	84	0
64	91	0
40	4	0
70	65	0
89	66	0
69	85	0
79	49	0
89	74	0
79	39	0
18	54	0
5	59	0
67	84	0
72	36	0
52	60	0
51	6	0
33	23	0
85	76	0
11	58	0
31	49	0
57	33	0
42	19	0
56	32	0
19	85	0
27	34	1
3	63	0
16	78	0
74	52	0
16	28	1
69	19	0
93	31	0
79	5	0
56	82	0
0	53	0
52	26	0
54	43	0
50	84	0
90	9	0
25	33	0
63	65	0
46	83	0
18	99	0
37	65	0
31	83	0
36	24	0
80	72	0
46	43	0
42	81	0
58	36	0
10	43	0
63	59	0
63	23	0
27	83	0
85	42	0
31	33	0
36	49	0
25	13	0
1	59	0
78	63	0
82	71	0
37	56	0
88	55	0
83	69	0
73	31	0
62	16	0
79	78	0
75	22	0
3	57	0
83	80	0
31	27	0
72	35	0
21	62	0
10	88	0
32	93	0
31	59	0
99	28	0
17	47	0
58	90	0
7	85	0
94	69	0
57	58	0
85	34	0
16	6	0
48	26	0
60	1	0
5	80	0
55	52	0
86	68	0
77	37	0
12	8	0
14	46	0
68	13	0
17	82	0
81	1	0
47	73	0
37	31	0
87	95	0
13	18	0
27	95	0
96	57	0
28	9	0
91	87	0
49	56	0
69	61	0
46	25	0
92	31	0
89	79	0
5	63	0
3	78	0
18	47	0
11	83	0
4	95	0
81	19	0
37	50	0
9	95	0
48	11	0
75	6	0
38	65	0
68	54	0
49	21	0
33	67	0
32	32	0
86	21	0
3	42	0
84	66	0
86	11	0
61	48	0
25	24	0
50	4	0
12	93	0
51	63	0
44	60	0
36	13	0
1	94	0
3	95	0
64	57	0
91	34	0
32	24	0
25	71	0
95	86	0
50	29	0
58	77	0
68	90	0
6	78	0
74	29	0
50	57	0
21	33	0
95	69	0
52	68	0
96	14	0
82	12	0
85	25	0
67	96	0
45	62	0
42	68	0
74	10	0
37	9	0
68	96	0
73	71	0
18	53	0
68	38	0
63	90	0
81	18	0
89	54	0
27	75	0
46	57	0
21	29	0
94	27	0
32	53	0
81	10	0
90	95	0
73	61	0
58	80	0
73	38	0
75	78	0
8	95	0
40	5	0
8	91	0
5	60	0
60	71	0
71	87	0
72	7	0
88	98	0
85	12	0
84	86	0
64	7	0
84	34	0
80	42	0
52	37	0
16	86	0
63	98	0
66	79	0
20	48	0
9	36	0
22	94	0
9	64	0
47	6	0
38	51	0
21	59	0
42	32	0
0	42	0
95	54	0
47	28	0
14	53	0
26	80	0
72	76	0
3	3	1
98	65	0
17	65	0
59	51	0
28	61	0
79	41	0
53	38	0
4	42	0
19	55	0
81	57	0
69	51	0
84	55	0
2	65	0
67	58	0
1	84	0
1	23	0
91	69	0
17	59	0
40	2	0
35	30	0
10	93	0
23	85	0
75	43	0
66	68	0
72	54	0
75	83	0
42	69	0
52	33	0
5	70	0
50	64	0
36	42	0
64	58	0
81	20	0
