85	64	0
47	13	0
36	29	0
57	94	0
9	8	0
93	37	0
95	89	0
40	8	0
62	81	0
44	15	0
90	45	0
6	79	0
18	7	0
22	63	0
95	24	0
80	78	0
57	28	0
21	49	0
90	62	0
95	11	0
50	90	0
61	73	0
82	83	0
52	4	0
37	77	0
57	8	0
85	72	0
62	87	0
84	73	0
4	26	0
56	23	0
36	16	0
87	32	0
33	50	0
88	60	0
4	89	0
37	96	0
95	29	0
75	92	0
46	0	0
24	66	0
94	57	0
93	71	0
54	67	0
95	53	0
5	78	0
21	40	1
66	0	0
93	62	0
19	69	0
63	2	0
12	78	0
55	95	0
40	77	0
99	68	0
49	30	0
25	27	0
93	74	0
98	99	0
99	13	0
14	96	0
94	18	0
39	4	0
77	78	0
42	14	0
7	96	0
80	5	0
42	83	0
74	95	0
50	65	0
7	29	0
65	97	0
28	35	1
13	54	0
87	29	0
21	41	0
25	86	0
54	98	0
61	30	0
30	98	0
63	96	0
1	23	0
98	7	0
92	22	0
37	58	0
76	41	0
20	37	1
80	56	0
48	10	0
39	5	0
68	41	0
16	98	0
58	8	0
51	86	0
42	2	0
44	31	0
86	42	0
38	64	0
75	45	0
11	60	0
78	81	0
2	75	0
28	94	0
97	57	0
61	7	0
44	70	0
35	57	0
61	0	0
68	53	0
4	56	0
29	2	0
20	43	0
41	33	0
65	91	0
57	50	0
17	93	0
85	6	0
52	79	0
79	86	0
98	1	0
66	81	0
50	72	0
27	9	0
58	99	0
98	74	0
72	63	0
23	98	0
64	36	0
34	17	0
16	43	0
75	9	0
6	64	0
96	63	0
99	22	0
85	32	0
36	53	0
53	17	0
83	77	0
20	13	0
32	11	0
79	65	0
42	37	0
64	69	0
68	89	0
50	34	0
44	29	0
58	38	0
14	44	0
27	54	0
22	60	0
76	85	0
46	53	0
31	99	0
76	44	0
77	67	0
54	82	0
33	35	1
95	70	0
13	32	0
53	49	0
16	11	0
25	81	0
36	75	0
88	32	0
42	40	0
75	11	0
41	85	0
55	27	0
47	47	0
76	77	0
26	65	0
49	75	0
34	85	0
36	48	0
44	10	0
54	7	0
31	73	0
27	82	0
82	77	0
92	67	0
25	91	0
28	36	1
95	69	0
31	50	0
26	85	0
56	75	0
38	54	0
26	13	0
11	32	1
71	97	0
90	83	0
58	65	0
77	34	0
4	54	0
58	4	0
77	35	0
65	28	0
70	30	0
18	65	0
1	56	0
53	51	0
78	21	0
40	65	0
93	31	0
32	98	0
24	65	0
39	21	0
79	81	0
35	55	0
35	9	0
20	88	0
54	12	0
95	88	0
66	91	0
94	3	0
7	79	0
23	63	0
89	31	0
55	83	0
48	41	0
57	61	0
47	69	0
49	69	0
23	78	0
30	57	0
68	3	0
0	61	0
59	83	0
91	45	0
42	89	0
80	59	0
63	29	0
45	72	0
24	88	0
39	92	0
55	39	0
73	36	0
23	33	1
87	59	0
71	40	0
67	70	0
9	49	0
50	15	0
7	84	0
67	59	0
65	38	0
66	34	0
54	22	0
6	58	0
87	16	0
42	10	0
65	68	0
52	76	0
70	32	0
96	39	0
93	2	0
3	59	0
99	71	0
24	98	0
91	71	0
36	93	0
55	30	0
61	16	0
18	89	0
68	32	0
44	64	0
33	72	0
44	10	0
31	98	0
80	90	0
69	93	0
76	43	0
89	74	0
23	95	0
45	62	0
64	2	0
69	37	0
31	15	0
35	0	0
56	12	0
51	58	0
77	40	0
33	48	0
38	51	0
37	73	0
72	86	0
82	68	0
55	79	0
87	0	0
82	42	0
66	2	0
19	46	0
27	36	1
73	47	0
66	54	0
64	67	0
12	36	0
42	70	0
58	25	0
24	88	0
27	89	0
27	72	0
95	61	0
49	16	0
36	1	0
32	55	0
82	67	0
61	11	0
72	90	0
11	2	0
53	94	0
0	72	0
38	91	0
42	37	0
0	58	0
84	23	0
23	29	1
74	5	0
48	13	0
89	11	0
33	52	0
18	50	0
74	22	0
86	61	0
8	18	0
22	36	1
6	62	0
34	95	0
2	87	0
47	98	0
54	72	0
53	38	0
61	14	0
41	84	0
44	68	0
80	92	0
30	25	0
9	59	0
29	48	0
64	59	0
70	83	0
30	25	0
81	26	0
36	0	0
47	3	0
59	21	0
31	48	0
78	74	0
86	9	0
21	42	0
52	21	0
52	51	0
40	34	0
33	48	0
80	77	0
75	56	0
17	52	0
58	31	0
97	8	0
59	7	0
50	26	0
51	35	0
34	27	0
0	74	0
59	80	0
27	72	0
22	93	0
30	97	0
58	13	0
39	30	0
97	44	0
87	55	0
1	75	0
81	73	0
71	72	0
76	25	0
77	80	0
80	5	0
78	59	0
73	56	0
40	21	0
60	53	0
25	51	0
89	78	0
73	24	0
98	13	0
31	49	0
38	93	0
71	73	0
84	16	0
14	68	0
91	27	0
42	96	0
79	17	0
72	45	0
41	53	0
54	43	0
29	43	0
33	49	0
57	86	0
81	30	0
36	18	0
67	74	0
26	68	0
14	93	0
89	94	0
33	36	0
6	85	0
63	33	0
86	20	0
83	43	0
8	62	0
62	34	0
46	27	0
44	42	0
7	97	0
81	24	0
55	5	0
90	43	0
49	47	0
23	75	0
18	0	0
59	61	0
53	92	0
9	52	0
42	67	0
38	78	0
52	35	0
15	92	0
5	46	0
21	42	0
59	16	0
91	30	0
91	14	0
77	84	0
19	58	0
25	31	0
45	26	0
85	2	0
67	61	0
78	92	0
16	44	0
63	91	0
96	65	0
34	85	0
72	6	0
61	51	0
68	21	0
79	8	0
46	29	0
44	11	0
99	2	0
81	33	0
11	80	0
81	11	0
91	98	0
24	93	0
96	66	0
46	59	0
11	26	0
89	93	0
59	42	0
4	95	0
68	34	0
69	43	0
73	54	0
83	67	0
26	76	0
84	68	0
33	88	0
99	80	0
36	92	0
99	73	0
32	32	1
39	30	0
60	65	0
68	99	0
47	65	0
72	95	0
68	50	0
33	66	0
37	65	0
82	7	0
10	84	0
94	50	0
23	89	0
51	75	0
43	81	0
89	40	0
36	55	0
25	38	1
45	25	0
83	52	0
65	16	0
91	89	0
57	93	0
44	49	0
54	5	0
36	42	0
52	86	0
34	24	0
48	63	0
73	73	0
41	22	0
99	94	0
48	18	0
19	3	0
55	25	0
23	80	0
38	2	0
17	59	0
92	93	0
60	87	0
61	55	0
61	5	0
42	70	0
48	50	0
98	54	0
86	4	0
3	70	0
76	0	0
56	74	0
62	29	0
44	12	0
34	66	0
87	80	0
34	74	0
40	84	0
81	30	0
23	44	0
65	31	0
41	68	0
63	85	0
32	97	0
87	4	0
96	25	0
70	13	0
25	76	0
21	99	0
23	78	0
68	42	0
83	72	0
74	83	0
17	46	0
79	44	0
67	74	0
82	76	0
58	72	0
21	77	0
16	65	0
50	24	0
38	13	0
3	32	0
42	55	0
30	44	0
86	28	0
79	36	0
70	4	0
80	45	0
50	61	0
21	68	0
51	26	0
89	84	0
49	92	0
76	63	0
27	55	0
37	86	0
74	47	0
28	50	0
78	28	0
24	49	0
37	20	0
88	53	0
89	92	0
53	54	0
9	61	0
50	9	0
62	57	0
30	85	0
38	35	0
80	88	0
91	68	0
18	80	0
71	47	0
7	66	0
82	57	0
29	59	0
53	62	0
35	78	0
54	67	0
5	53	0
77	68	0
66	54	0
85	45	0
21	74	0
61	85	0
57	20	0
94	22	0
50	35	0
98	13	0
12	83	0
36	40	0
33	64	0
82	60	0
25	60	0
82	71	0
16	91	0
18	85	0
93	89	0
44	23	0
8	68	0
76	92	0
45	62	0
85	61	0
24	92	0
93	32	0
27	5	0
34	82	0
28	74	0
31	13	0
13	44	0
3	24	0
81	68	0
98	16	0
58	13	0
75	30	0
87	34	0
32	11	0
35	54	0
95	38	0
7	57	0
54	92	0
8	53	0
29	80	0
67	54	0
53	99	0
78	60	0
71	83	0
35	38	0
73	61	0
41	54	0
78	65	0
11	70	0
53	30	0
31	81	0
84	39	0
76	28	0
84	69	0
94	98	0
84	80	0
51	68	0
69	42	0
48	72	0
41	22	0
32	11	0
36	79	0
2	38	0
61	6	0
60	87	0
83	87	0
86	6	0
14	41	0
54	82	0
15	96	0
58	3	0
57	46	0
58	22	0
41	21	0
16	35	1
51	16	0
80	8	0
42	94	0
67	26	0
29	97	0
94	17	0
28	46	0
43	62	0
65	31	0
79	89	0
69	76	0
41	64	0
55	91	0
73	67	0
84	44	0
13	66	0
82	84	0
82	98	0
16	56	0
92	47	0
28	76	0
94	91	0
55	96	0
45	12	0
75	67	0
89	59	0
56	84	0
74	62	0
92	67	0
71	38	0
16	58	0
2	63	0
66	74	0
73	36	0
53	51	0
48	3	0
35	15	0
93	71	0
9	51	0
27	50	0
62	28	0
41	15	0
56	27	0
18	93	0
5	59	0
20	79	0
72	51	0
81	20	0
90	29	0
90	3	0
59	86	0
10	53	0
53	30	0
59	52	0
49	79	0
92	15	0
26	36	1
61	53	0
43	89	0
17	88	0
39	63	0
26	88	0
36	23	0
77	75	0
44	35	0
45	81	0
56	41	0
10	43	0
61	62	0
62	14	0
24	82	0
91	41	0
23	40	0
24	56	0
21	15	0
0	65	0
80	67	0
72	62	0
43	51	0
79	53	0
88	69	0
69	33	0
66	17	0
81	69	0
81	22	0
8	54	0
76	86	0
27	31	0
62	34	0
10	64	0
0	89	0
37	95	0
36	56	0
96	27	0
6	48	0
56	91	0
7	89	0
87	56	0
52	45	0
85	28	0
12	9	0
45	34	0
72	5	0
19	85	0
54	46	0
96	59	0
86	39	0
8	2	0
16	44	0
61	14	0
7	61	0
84	5	0
50	73	0
38	26	0
91	89	0
15	15	0
29	94	0
95	54	0
29	12	0
88	99	0
46	61	0
67	57	0
42	37	0
92	25	0
91	89	0
5	61	0
9	70	0
11	51	0
23	80	0
17	99	0
68	28	0
37	54	0
12	86	0
45	18	0
70	13	0
37	59	0
63	53	0
50	17	0
31	70	0
36	28	0
86	22	0
6	36	0
77	59	0
91	12	0
57	45	0
35	19	0
47	5	0
12	92	0
48	71	0
42	64	0
35	11	0
15	94	0
8	90	0
69	43	0
94	33	0
35	28	0
31	63	0
88	88	0
47	31	0
62	72	0
64	88	0
8	83	0
77	35	0
51	56	0
11	42	0
94	75	0
51	63	0
91	13	0
78	12	0
88	21	0
67	89	0
53	66	0
44	51	0
65	13	0
44	8	0
59	91	0
65	68	0
18	53	0
75	39	0
48	98	0
88	32	0
89	61	0
35	73	0
48	53	0
22	35	1
85	30	0
40	53	0
81	6	0
94	93	0
71	63	0
56	79	0
73	38	0
69	85	0
16	87	0
42	4	0
11	91	0
12	63	0
56	68	0
80	82	0
64	14	0
98	94	0
93	12	0
97	86	0
63	13	0
80	29	0
73	53	0
52	39	0
16	82	0
57	96	0
66	83	0
32	46	0
10	34	0
19	92	0
14	60	0
43	5	0
37	47	0
16	67	0
40	44	0
1	40	0
98	57	0
43	22	0
16	62	0
32	87	0
65	81	0
90	56	0
4	70	0
62	47	0
23	60	0
72	43	0
55	36	0
3	49	0
24	44	0
84	57	0
66	56	0
85	49	0
5	66	0
62	51	0
3	82	0
4	10	0
89	69	0
10	63	0
30	2	0
38	22	0
13	98	0
19	81	0
91	39	0
62	71	0
77	60	0
77	80	0
43	65	0
57	46	0
5	72	0
46	70	0
35	52	0
66	57	0
77	17	0
