87	67	0
48	13	0
34	30	0
53	95	0
8	11	0
96	38	0
97	90	0
36	5	0
63	82	0
46	15	0
91	44	0
4	77	0
18	6	0
23	62	0
98	23	0
80	78	0
57	31	0
18	48	0
91	65	0
95	11	0
47	90	0
63	75	0
80	86	0
53	2	0
42	81	0
56	9	0
85	73	0
64	86	0
84	73	0
2	27	0
60	22	0
35	15	0
86	33	0
36	52	0
89	64	0
4	91	0
41	99	0
95	26	0
77	92	0
51	1	0
25	66	0
95	56	0
96	73	0
52	66	0
97	53	0
7	79	0
22	38	1
66	0	0
91	62	0
18	70	0
62	2	0
8	77	0
54	97	0
36	77	0
99	69	0
48	33	0
24	27	0
90	75	0
97	97	0
99	15	0
14	96	0
94	17	0
40	2	0
75	76	0
42	11	0
7	92	0
80	6	0
44	81	0
72	95	0
50	64	0
6	30	0
69	94	0
28	36	1
13	54	0
87	31	0
16	40	0
27	85	0
51	98	0
63	29	0
29	97	0
62	98	0
2	23	0
98	9	0
91	21	0
37	59	0
76	40	0
21	37	1
79	53	0
24	36	1
49	10	0
36	5	0
67	38	0
16	98	0
61	13	0
53	87	0
41	5	0
44	30	0
85	41	0
35	62	0
76	44	0
11	61	0
79	81	0
3	74	0
27	92	0
97	57	0
61	8	0
45	70	0
32	57	0
61	3	0
69	52	0
3	55	0
29	1	0
22	44	0
38	33	0
66	93	0
59	50	0
20	95	0
83	6	0
51	77	0
80	81	0
98	1	0
64	81	0
48	72	0
29	10	0
61	96	0
96	74	0
70	64	0
23	98	0
66	35	0
33	21	0
15	46	0
74	10	0
9	63	0
95	65	0
96	25	0
84	34	0
35	54	0
57	19	0
83	73	0
20	13	0
33	11	0
79	66	0
38	34	0
68	71	0
71	87	0
52	32	0
42	28	0
56	38	0
14	42	0
27	54	0
17	59	0
77	82	0
44	54	0
34	98	0
81	46	0
79	69	0
54	84	0
30	33	1
96	69	0
12	32	0
51	45	0
17	12	0
26	84	0
34	77	0
87	33	0
40	39	0
72	11	0
41	82	0
54	28	0
49	48	0
80	76	0
27	65	0
52	74	0
37	87	0
36	46	0
44	13	0
53	10	0
30	72	0
25	82	0
81	79	0
93	68	0
29	93	0
28	33	1
97	69	0
31	53	0
25	87	0
58	77	0
41	54	0
29	12	0
15	33	1
70	95	0
89	84	0
59	67	0
75	34	0
3	56	0
55	8	0
79	33	0
61	27	0
67	30	0
19	66	0
0	55	0
55	50	0
76	25	0
38	64	0
93	29	0
32	94	0
25	66	0
39	18	0
78	78	0
33	57	0
32	8	0
17	91	0
54	11	0
97	84	0
66	90	0
96	5	0
7	82	0
24	64	0
91	33	0
55	78	0
46	39	0
57	61	0
48	70	0
45	65	0
22	75	0
28	56	0
70	0	0
0	61	0
58	84	0
90	45	0
44	89	0
82	59	0
65	29	0
44	69	0
23	85	0
39	91	0
53	39	0
72	35	0
26	34	1
83	58	0
76	41	0
68	69	0
6	50	0
52	13	0
10	85	0
66	61	0
60	37	0
66	36	0
54	26	0
6	59	0
87	16	0
43	11	0
66	66	0
49	76	0
73	34	0
98	38	0
92	1	0
4	60	0
98	74	0
24	97	0
94	68	0
36	91	0
55	33	0
59	13	0
21	91	0
68	30	0
44	68	0
37	74	0
46	6	0
29	98	0
81	88	0
65	92	0
75	45	0
88	75	0
19	95	0
45	60	0
65	1	0
67	37	0
30	15	0
36	1	0
57	11	0
53	57	0
78	40	0
38	50	0
36	48	0
37	72	0
72	86	0
81	66	0
57	80	0
86	2	0
80	41	0
65	1	0
19	48	0
27	33	1
73	46	0
60	48	0
67	65	0
13	34	0
40	68	0
62	27	0
26	88	0
31	91	0
28	74	0
93	60	0
46	17	0
38	0	0
28	55	0
84	65	0
57	11	0
72	92	0
11	3	0
52	97	0
0	72	0
34	89	0
40	35	0
1	61	0
84	21	0
24	33	1
73	5	0
47	12	0
89	10	0
32	51	0
19	50	0
77	24	0
86	58	0
12	20	0
23	33	1
7	62	0
34	95	0
0	87	0
45	98	0
55	72	0
55	37	0
64	16	0
41	83	0
45	68	0
81	94	0
27	24	0
11	56	0
30	48	0
64	62	0
70	85	0
32	25	0
80	24	0
39	1	0
50	1	0
59	23	0
30	45	0
78	75	0
89	7	0
21	43	0
52	19	0
52	50	0
40	34	0
38	53	0
80	77	0
78	52	0
13	50	0
58	32	0
95	7	0
61	6	0
52	25	0
52	37	0
34	26	0
1	75	0
60	79	0
28	72	0
23	94	0
29	96	0
57	15	0
39	33	0
96	41	0
89	53	0
0	75	0
81	71	0
71	74	0
76	25	0
77	81	0
82	5	0
81	60	0
74	52	0
39	22	0
61	54	0
26	51	0
86	77	0
70	20	0
96	10	0
29	47	0
37	89	0
70	72	0
83	15	0
13	68	0
94	27	0
40	93	0
80	19	0
72	43	0
40	53	0
55	38	0
28	41	0
32	47	0
60	86	0
78	33	0
37	16	0
71	72	0
25	68	0
12	95	0
91	91	0
33	36	0
5	83	0
59	32	0
84	20	0
84	44	0
6	64	0
61	34	0
46	26	0
41	42	0
8	98	0
78	23	0
52	6	0
90	45	0
49	45	0
22	74	0
14	2	0
58	62	0
56	88	0
6	53	0
44	67	0
39	78	0
52	34	0
15	95	0
5	45	0
21	42	0
59	15	0
90	29	0
90	14	0
78	86	0
21	59	0
28	28	0
42	26	0
81	0	0
66	63	0
75	95	0
17	40	0
64	93	0
93	66	0
34	82	0
70	6	0
67	51	0
68	21	0
79	11	0
45	30	0
44	11	0
98	2	0
81	36	0
9	78	0
82	10	0
91	99	0
24	93	0
97	65	0
47	57	0
10	27	0
90	92	0
60	41	0
4	96	0
69	34	0
69	41	0
72	56	0
81	64	0
28	72	0
82	71	0
34	88	0
96	78	0
37	94	0
98	77	0
30	30	1
40	29	0
57	68	0
66	99	0
46	66	0
70	96	0
69	50	0
31	64	0
36	68	0
81	8	0
8	84	0
95	51	0
23	86	0
49	71	0
47	84	0
87	42	0
36	55	0
21	35	1
48	27	0
83	54	0
65	16	0
90	88	0
56	95	0
43	50	0
55	4	0
38	42	0
50	86	0
34	23	0
49	61	0
73	74	0
42	21	0
98	92	0
48	19	0
18	5	0
55	25	0
21	79	0
40	4	0
18	57	0
91	92	0
61	88	0
59	56	0
65	8	0
39	70	0
48	50	0
98	53	0
86	3	0
3	71	0
74	3	0
55	73	0
63	27	0
46	11	0
34	66	0
83	81	0
36	73	0
37	79	0
82	27	0
23	46	0
62	29	0
41	66	0
64	86	0
34	97	0
87	4	0
99	22	0
68	12	0
25	79	0
19	96	0
21	82	0
69	39	0
81	70	0
72	81	0
15	44	0
78	43	0
66	72	0
80	72	0
56	69	0
20	75	0
14	64	0
47	22	0
38	15	0
2	31	0
40	53	0
28	44	0
85	27	0
78	36	0
69	3	0
81	42	0
51	63	0
19	68	0
51	25	0
93	84	0
51	92	0
74	64	0
26	57	0
39	84	0
71	46	0
30	49	0
78	27	0
22	48	0
37	22	0
88	54	0
87	93	0
52	57	0
7	62	0
47	9	0
60	61	0
28	85	0
40	32	0
82	89	0
94	71	0
19	78	0
74	49	0
5	66	0
81	60	0
31	58	0
54	61	0
34	78	0
55	69	0
5	51	0
80	70	0
66	56	0
86	50	0
20	69	0
57	84	0
55	20	0
93	25	0
49	32	0
99	12	0
13	86	0
36	38	0
33	62	0
85	61	0
24	58	0
82	73	0
15	92	0
18	84	0
93	90	0
44	24	0
8	68	0
77	95	0
43	61	0
84	61	0
21	92	0
92	29	0
29	5	0
35	80	0
30	72	0
33	16	0
12	41	0
5	25	0
83	67	0
97	14	0
56	12	0
78	29	0
91	32	0
32	11	0
35	53	0
96	38	0
7	56	0
51	94	0
10	56	0
29	82	0
69	52	0
54	98	0
77	59	0
71	83	0
37	33	0
75	63	0
41	57	0
82	62	0
13	67	0
55	31	0
32	76	0
85	38	0
71	27	0
81	67	0
94	99	0
87	80	0
51	71	0
67	40	0
51	72	0
42	21	0
31	14	0
33	77	0
0	37	0
61	6	0
58	88	0
80	86	0
85	7	0
17	40	0
54	82	0
14	97	0
58	2	0
59	48	0
55	20	0
41	22	0
15	34	1
51	16	0
83	5	0
43	95	0
66	27	0
29	96	0
96	13	0
29	49	0
44	64	0
68	28	0
80	87	0
67	73	0
39	67	0
55	92	0
74	67	0
84	44	0
14	70	0
78	85	0
83	99	0
28	31	1
17	58	0
93	45	0
30	75	0
96	90	0
57	98	0
43	10	0
74	66	0
88	59	0
60	85	0
75	58	0
90	70	0
72	37	0
18	55	0
1	66	0
65	75	0
75	37	0
54	53	0
46	4	0
36	18	0
97	72	0
12	51	0
30	53	0
59	31	0
38	14	0
55	29	0
20	92	0
4	57	0
18	82	0
70	51	0
82	20	0
92	31	0
86	2	0
56	86	0
10	52	0
54	27	0
61	52	0
47	79	0
90	14	0
25	37	1
61	54	0
45	87	0
20	89	0
39	64	0
27	86	0
37	23	0
78	79	0
45	35	0
46	80	0
57	40	0
10	42	0
61	60	0
63	14	0
22	82	0
88	42	0
24	40	0
28	53	0
23	15	0
2	64	0
79	67	0
76	62	0
41	52	0
82	53	0
83	68	0
70	33	0
66	17	0
84	72	0
81	23	0
7	57	0
74	87	0
26	30	0
63	30	0
9	60	0
1	87	0
34	94	0
36	56	0
96	29	0
6	48	0
57	91	0
6	89	0
90	57	0
53	48	0
86	27	0
13	8	0
43	33	0
72	2	0
18	84	0
52	50	0
97	60	0
83	41	0
8	6	0
12	43	0
60	11	0
8	67	0
83	5	0
51	73	0
37	29	0
89	90	0
13	19	0
31	91	0
96	55	0
31	12	0
91	99	0
49	57	0
65	58	0
44	36	0
95	28	0
92	91	0
2	62	0
12	70	0
10	50	0
23	81	0
16	97	0
70	27	0
38	53	0
10	90	0
46	16	0
70	13	0
37	57	0
63	55	0
50	18	0
34	69	0
34	26	0
85	23	0
7	38	0
75	61	0
91	8	0
56	45	0
32	18	0
45	6	0
13	93	0
49	68	0
42	62	0
35	12	0
16	95	0
8	90	0
69	46	0
96	35	0
36	29	0
28	62	0
88	93	0
45	32	0
62	70	0
67	90	0
8	83	0
75	35	0
54	56	0
14	43	0
92	76	0
51	62	0
93	12	0
76	11	0
86	21	0
69	91	0
47	66	0
44	53	0
66	16	0
45	8	0
62	95	0
67	66	0
18	54	0
76	36	0
52	93	0
86	35	0
88	63	0
33	74	0
48	53	0
21	35	1
85	27	0
35	52	0
83	7	0
95	91	0
73	62	0
57	81	0
76	38	0
68	85	0
15	89	0
38	4	0
12	88	0
11	59	0
56	70	0
77	82	0
66	12	0
98	99	0
90	13	0
95	88	0
62	10	0
80	29	0
75	53	0
53	41	0
15	82	0
59	97	0
67	79	0
31	48	0
10	33	0
17	90	0
13	62	0
46	7	0
38	48	0
18	66	0
41	43	0
3	39	0
99	55	0
44	20	0
14	61	0
29	86	0
67	80	0
92	56	0
6	68	0
63	44	0
22	61	0
72	44	0
54	34	0
1	50	0
24	44	0
85	55	0
69	57	0
88	50	0
2	66	0
64	53	0
4	82	0
6	14	0
91	68	0
13	64	0
32	4	0
39	20	0
15	97	0
19	84	0
87	40	0
66	66	0
76	64	0
77	81	0
42	63	0
57	42	0
5	73	0
44	66	0
36	49	0
66	57	0
77	18	0
