89	62	0
34	28	0
11	18	0
91	43	0
92	82	0
70	42	0
5	79	0
1	4	0
14	91	0
82	33	0
75	80	0
26	27	0
64	70	0
88	55	0
68	66	0
43	32	0
93	89	0
99	80	0
69	92	0
9	30	0
68	80	0
76	29	0
49	67	0
70	83	0
84	51	0
98	27	0
90	76	0
37	3	0
85	29	0
37	16	0
96	60	0
93	70	0
91	8	0
17	36	0
51	79	1
4	86	0
19	36	0
75	75	0
89	44	0
57	80	1
5	20	0
90	14	0
64	34	1
46	36	0
81	44	0
85	68	0
15	60	0
98	59	0
46	37	0
27	8	0
61	57	0
0	97	0
90	21	0
40	71	0
85	63	0
93	12	0
85	89	0
54	83	1
5	24	0
74	89	0
82	60	0
82	40	0
52	46	0
87	41	0
84	37	0
86	35	0
29	57	0
20	21	0
82	80	0
43	87	0
80	39	0
60	64	0
81	72	0
80	77	0
25	19	0
13	18	0
84	67	0
95	6	0
11	50	0
80	81	0
56	80	1
54	71	1
48	19	0
70	79	0
77	53	0
8	88	0
93	91	0
7	99	1
15	57	0
91	84	0
98	68	0
51	91	1
69	48	0
93	28	0
49	56	0
11	49	0
56	7	0
81	84	0
77	4	0
87	56	0
80	96	0
55	63	0
66	78	1
17	21	0
71	98	0
35	82	0
24	28	0
62	40	0
62	89	1
67	44	0
91	25	0
50	22	0
73	66	0
69	91	0
84	64	0
96	28	0
85	85	0
78	85	0
59	65	0
10	43	0
76	62	0
75	72	0
96	60	0
90	35	0
85	66	0
62	16	0
42	25	0
83	50	0
29	81	0
83	77	0
97	47	0
92	27	0
60	98	1
57	20	0
1	97	1
97	55	0
90	74	0
13	21	0
94	11	0
83	27	0
87	29	0
6	7	0
37	79	0
90	49	0
69	94	0
83	88	0
71	30	1
53	96	0
2	19	0
36	18	0
53	36	0
61	41	0
1	59	0
53	9	0
95	82	0
90	50	0
61	4	0
25	16	0
97	88	0
32	72	0
35	28	0
63	54	0
78	68	0
53	83	1
83	76	0
74	26	0
75	98	0
95	29	0
85	79	0
53	29	0
92	77	0
63	14	0
41	53	0
72	90	0
89	40	0
91	42	0
82	94	0
99	43	0
35	48	0
63	87	1
23	78	0
82	79	0
2	93	0
94	35	0
97	66	0
40	5	0
50	50	0
24	13	0
94	29	0
66	88	1
9	39	0
75	27	0
70	74	0
25	37	0
85	43	0
77	10	0
94	66	0
71	34	0
95	94	0
21	43	0
82	56	0
95	38	0
56	44	0
3	53	0
97	75	0
88	62	0
19	86	0
75	89	0
38	28	0
74	94	0
92	48	0
69	4	0
60	42	0
71	32	1
96	53	0
87	77	0
93	85	0
77	95	0
14	16	0
3	75	0
83	93	0
63	93	1
49	13	0
90	55	0
91	11	0
99	87	0
61	68	0
66	78	0
99	6	0
92	39	0
8	39	0
5	96	1
87	86	0
95	96	0
93	86	0
71	62	0
61	77	0
10	85	0
24	31	0
5	11	0
42	34	0
89	37	0
65	62	1
69	8	0
72	92	0
77	74	0
84	49	0
32	14	0
89	41	0
63	88	1
64	24	0
63	76	1
96	59	0
11	44	0
57	85	1
9	41	0
68	79	0
94	44	0
89	72	0
80	31	0
88	63	0
60	59	1
3	94	1
82	98	0
17	14	0
0	90	0
57	77	1
65	65	1
85	99	0
6	80	0
86	58	0
6	5	0
13	81	0
10	11	0
89	59	0
16	33	0
5	31	0
81	33	0
68	69	0
89	81	0
83	58	0
80	73	0
71	82	0
6	84	0
89	62	0
68	27	0
92	34	0
73	88	0
84	60	0
41	84	0
93	74	0
50	72	0
7	91	1
74	40	0
38	38	0
48	80	0
36	70	0
63	85	1
97	56	0
86	28	0
65	63	0
94	77	0
92	38	0
95	98	0
90	67	0
61	21	0
79	76	0
92	55	0
97	29	0
43	64	0
68	32	1
90	88	0
85	65	0
24	71	0
82	37	0
81	36	0
88	42	0
95	86	0
74	58	0
0	99	0
38	35	0
22	70	0
61	12	0
1	87	0
83	52	0
14	13	0
16	57	0
54	66	0
79	85	0
71	58	0
63	47	0
87	42	0
10	41	0
88	80	0
80	8	0
8	98	1
98	48	0
17	9	0
20	34	0
70	41	0
95	33	0
18	5	0
44	7	0
52	62	0
99	85	0
26	3	0
65	7	0
83	87	0
60	86	0
26	46	0
94	51	0
85	61	0
13	98	1
7	98	0
49	36	0
94	46	0
20	36	0
83	32	0
73	13	0
35	33	0
27	40	0
81	39	0
59	91	1
77	44	0
15	13	0
95	54	0
75	44	0
74	56	0
49	95	0
59	52	0
68	41	0
81	45	0
93	89	0
86	81	0
74	74	0
74	23	0
90	51	0
85	97	0
93	96	0
77	63	0
84	93	0
47	85	1
9	9	0
30	91	0
86	50	0
74	25	0
87	51	0
76	46	0
96	60	0
89	41	0
25	82	0
6	12	0
44	87	0
25	74	0
41	2	0
9	87	0
95	48	0
98	86	0
82	46	0
91	97	0
98	40	0
