91	68	0
47	22	0
46	19	0
44	97	0
8	20	0
94	34	0
95	83	0
42	19	0
67	76	0
36	36	0
88	40	0
5	82	0
14	13	0
26	59	0
98	24	0
92	69	0
63	31	0
24	48	0
96	63	0
92	1	0
46	81	0
65	76	0
77	91	0
64	1	0
40	85	0
64	1	0
78	81	0
66	89	0
98	66	0
4	36	0
46	39	0
42	23	0
89	33	0
47	44	0
86	58	0
16	94	0
57	91	0
97	28	0
78	98	0
52	1	0
20	52	0
79	52	0
87	64	0
54	74	0
95	44	0
14	84	0
24	43	0
61	14	0
87	65	0
14	65	0
63	6	0
25	80	0
53	92	0
35	69	0
95	60	0
42	31	0
40	37	0
79	69	0
94	94	0
82	18	0
9	94	0
90	12	0
47	0	0
78	73	0
42	14	0
14	84	0
81	9	0
42	77	0
79	87	0
55	63	0
9	26	0
78	87	0
28	38	0
19	54	0
85	36	0
10	38	0
40	76	0
41	85	0
68	18	0
39	95	0
59	92	0
2	4	1
7	16	0
98	15	0
96	24	0
37	51	0
83	42	0
23	23	0
80	54	0
28	41	0
39	14	0
41	8	0
74	34	0
14	88	0
67	12	0
54	78	0
41	9	0
48	24	0
92	47	0
32	70	0
79	55	0
17	58	0
73	92	0
10	76	0
43	88	0
87	46	0
58	0	0
48	69	0
17	61	0
58	2	0
60	53	0
14	60	0
47	1	0
37	53	0
38	36	0
90	91	0
50	43	0
3	6	1
24	93	0
75	5	0
62	66	0
21	29	1
81	78	0
97	9	0
63	68	0
53	77	0
28	13	0
54	97	0
86	80	0
77	56	0
33	98	0
66	25	0
43	22	0
15	37	0
83	6	0
6	76	0
97	67	0
97	21	0
88	31	0
36	54	0
60	17	0
87	81	0
9	15	0
43	14	0
86	61	0
34	34	0
77	82	0
84	91	0
49	13	0
43	32	0
55	54	0
5	45	0
23	64	0
13	62	0
78	76	0
39	52	0
44	94	0
79	55	0
73	76	0
49	84	0
22	41	0
91	64	0
2	30	0
41	50	0
21	20	0
26	78	0
39	82	0
89	31	0
34	36	0
82	17	0
40	87	0
61	30	0
50	43	0
79	80	0
30	53	0
65	84	0
37	86	0
32	47	0
36	20	0
62	11	0
33	74	0
22	75	0
76	84	0
91	60	0
9	87	0
27	31	0
97	68	0
28	55	0
30	92	0
57	85	0
36	53	0
28	14	0
19	38	0
67	87	0
78	95	0
57	87	0
75	27	0
3	71	0
55	4	0
79	21	0
68	27	0
67	28	0
23	58	0
0	66	0
51	56	0
74	29	0
35	70	0
97	29	0
39	94	0
27	64	0
37	15	0
76	68	0
36	54	0
33	4	0
9	95	0
65	15	0
95	88	0
82	92	0
91	16	0
5	79	0
11	73	0
93	44	0
53	71	0
43	46	0
53	61	0
59	71	0
48	64	0
13	77	0
32	54	0
70	7	0
1	65	0
66	91	0
81	45	0
42	88	0
85	58	0
53	16	0
49	69	0
20	81	0
33	97	0
54	38	0
72	31	0
29	38	0
99	59	0
79	45	0
73	60	0
10	69	0
56	20	0
5	83	0
68	60	0
53	49	0
65	44	0
52	23	0
0	54	0
83	30	0
53	8	0
72	68	0
44	80	0
72	31	0
95	37	0
95	4	0
2	66	0
92	66	0
26	98	0
96	65	0
45	93	0
64	30	0
51	4	0
22	95	0
67	32	0
39	58	0
44	80	0
52	5	0
22	90	0
75	93	0
85	79	0
74	37	0
89	68	0
17	85	0
47	50	0
57	4	0
65	26	0
24	14	0
37	0	0
52	7	0
52	55	0
80	36	0
36	49	0
32	52	0
39	64	0
70	86	0
88	81	0
61	77	0
82	11	0
78	48	0
80	9	0
19	54	0
32	16	0
83	36	0
68	32	0
70	75	0
11	40	0
46	73	0
53	21	0
27	90	0
30	95	0
21	74	0
98	63	0
43	22	0
38	4	0
27	58	0
86	63	0
68	17	0
81	92	0
10	2	0
65	86	0
7	74	0
50	87	0
39	34	0
1	50	0
82	3	0
24	37	0
82	10	0
55	16	0
88	11	0
36	44	0
20	48	0
80	30	0
90	55	0
1	24	0
28	37	0
5	65	0
35	90	0
15	85	0
1	9	1
40	87	0
60	79	0
49	46	0
70	20	0
44	95	0
41	66	0
91	96	0
35	28	0
16	44	0
22	43	0
55	79	0
79	87	0
39	25	0
86	7	0
28	4	0
62	3	0
61	11	0
22	44	0
79	66	0
72	5	0
17	36	0
42	18	0
51	43	0
44	46	0
20	57	0
90	84	0
76	48	0
12	54	0
57	33	0
91	9	0
57	11	0
63	21	0
52	38	0
24	32	0
8	71	0
68	73	0
15	79	0
30	93	0
21	99	0
52	25	0
42	40	0
94	52	0
78	47	0
7	81	0
81	79	0
64	78	0
79	32	0
67	99	0
78	0	0
82	55	0
76	56	0
34	15	0
41	43	0
35	44	0
86	82	0
2	3	1
69	21	0
88	2	0
18	37	0
39	87	0
67	73	0
85	9	0
3	57	0
98	33	0
45	95	0
78	20	0
63	52	0
46	56	0
48	40	0
27	37	0
44	40	0
73	76	0
83	37	0
45	26	0
74	67	0
25	58	0
13	98	0
90	90	0
30	37	0
0	78	0
66	33	0
97	12	0
81	46	0
7	58	0
62	45	0
40	33	0
45	44	0
2	95	0
68	19	0
50	7	0
89	50	0
52	20	0
28	77	0
23	7	0
70	55	0
66	99	0
3	70	0
46	62	0
44	74	0
54	24	0
27	98	0
13	43	0
28	40	0
62	16	0
84	27	0
94	20	0
85	92	0
22	56	0
31	24	0
34	31	0
84	21	0
61	59	0
75	93	0
20	43	0
70	99	0
92	67	0
37	78	0
66	11	0
64	45	0
77	23	0
73	8	0
48	23	0
41	30	0
91	1	0
84	32	0
2	72	0
84	9	0
94	99	0
0	98	0
92	54	0
51	48	0
20	17	0
98	88	0
62	55	0
11	97	0
61	26	0
81	35	0
79	56	0
83	63	0
27	70	0
78	71	0
39	99	0
81	75	0
14	29	0
39	99	0
92	81	0
38	37	0
30	36	0
57	75	0
58	94	0
44	70	0
60	97	0
57	51	0
34	62	0
27	67	0
86	18	0
15	97	0
88	43	0
29	94	0
49	66	0
42	83	0
86	33	0
34	44	0
23	47	0
50	21	0
92	64	0
66	15	0
93	98	0
71	99	0
41	53	0
61	4	0
32	48	0
38	92	0
35	23	0
46	65	0
67	74	0
29	20	0
88	99	0
42	21	0
23	18	0
65	37	0
19	79	0
36	12	0
7	58	0
88	86	0
56	90	0
60	43	0
77	6	0
42	73	0
44	50	0
95	56	0
88	4	0
7	66	0
78	4	0
68	73	0
77	33	0
37	6	0
32	68	0
86	79	0
32	67	0
49	84	0
79	22	0
15	65	0
72	23	0
42	62	0
68	97	0
33	92	0
86	7	0
93	26	0
67	21	0
31	83	0
14	83	0
13	88	0
69	42	0
68	70	0
69	81	0
11	41	0
75	35	0
64	65	0
84	75	0
51	61	0
19	60	0
24	62	0
42	22	0
45	23	0
0	37	0
43	64	0
38	43	0
86	33	0
72	32	0
74	0	0
78	46	0
56	71	0
24	55	0
57	27	0
92	76	0
61	87	0
90	70	0
17	54	0
55	75	0
72	44	0
31	52	0
76	29	0
21	56	0
38	21	0
76	51	0
89	97	0
57	57	0
12	63	0
49	1	0
53	60	0
33	87	0
39	35	0
85	85	0
92	72	0
16	95	0
65	71	0
6	72	0
78	55	0
33	47	0
47	61	0
27	76	0
59	70	0
15	29	1
8	60	0
90	78	0
74	53	0
99	49	0
20	58	0
58	88	0
55	28	0
98	29	0
44	43	0
97	12	0
20	88	0
31	30	0
39	73	0
86	57	0
21	44	0
86	61	0
10	99	0
17	76	0
95	87	0
41	30	0
0	69	0
78	88	0
52	59	0
81	70	0
18	91	0
98	35	0
32	1	0
33	89	0
35	76	0
41	20	0
24	36	0
5	19	0
82	71	0
99	8	0
61	7	0
71	17	0
97	47	0
34	7	0
23	54	0
98	45	0
9	53	0
56	81	0
3	59	0
25	78	0
68	58	0
49	94	0
76	50	0
70	83	0
36	38	0
70	62	0
42	55	0
80	53	0
17	78	0
50	33	0
28	77	0
82	35	0
60	36	0
97	71	0
94	98	0
88	77	0
42	69	0
13	28	0
54	40	0
52	75	0
27	22	0
24	8	0
36	71	0
18	35	0
63	2	0
69	79	0
70	73	0
91	10	0
7	43	0
64	84	0
10	88	0
59	7	0
69	50	0
67	23	0
37	21	0
30	41	0
36	19	0
74	7	0
41	86	0
56	28	0
32	82	0
82	7	0
33	44	0
44	62	0
76	19	0
86	70	0
64	72	0
34	64	0
48	88	0
76	84	0
85	44	0
20	69	0
76	79	0
68	95	0
23	36	0
18	48	0
97	38	0
26	85	0
95	84	0
72	87	0
49	0	0
59	66	0
92	60	0
64	87	0
83	50	0
91	77	0
85	33	0
10	56	0
5	60	0
68	87	0
74	41	0
53	60	0
58	12	0
32	15	0
84	71	0
23	29	1
14	60	0
38	53	0
53	38	0
38	22	0
50	29	0
15	84	0
30	34	0
11	63	0
17	79	0
68	48	0
17	25	0
69	10	0
93	33	0
78	1	0
57	78	0
6	54	0
61	29	0
50	38	0
53	84	0
93	11	0
33	38	0
56	61	0
48	78	0
14	99	0
37	68	0
38	83	0
29	21	0
76	79	0
40	45	0
39	84	0
63	31	0
10	43	0
63	65	0
63	27	0
30	78	0
75	39	0
46	41	0
45	43	0
32	13	0
6	66	0
76	67	0
79	66	0
42	48	0
85	60	0
80	72	0
67	24	0
58	9	0
79	84	0
82	18	0
4	64	0
78	80	0
39	21	0
70	34	0
22	66	0
13	94	0
36	98	0
28	58	0
96	28	0
20	50	0
55	99	0
13	81	0
96	72	0
55	60	0
85	35	0
23	8	0
48	25	0
64	1	0
7	82	0
55	58	0
85	66	0
74	41	0
14	2	0
20	47	0
69	15	0
15	83	0
83	0	0
47	67	0
37	26	0
81	94	0
6	23	0
22	93	0
99	52	0
30	13	0
88	80	0
56	59	0
73	58	0
43	29	0
89	29	0
93	74	0
8	64	0
1	81	0
17	54	0
5	86	0
8	92	0
78	25	0
39	46	0
5	94	0
47	1	0
70	6	0
38	58	0
72	52	0
48	22	0
31	62	0
25	29	0
83	18	0
11	38	0
86	66	0
92	11	0
59	50	0
22	22	0
52	12	0
15	95	0
53	69	0
40	60	0
43	11	0
8	93	0
2	94	0
67	50	0
91	36	0
37	27	0
32	79	0
98	93	0
51	28	0
58	75	0
69	88	0
0	76	0
70	26	0
56	58	0
16	38	0
97	72	0
45	70	0
99	13	0
80	10	0
83	22	0
77	92	0
44	62	0
35	73	0
81	25	0
37	13	0
70	95	0
67	74	0
21	52	0
70	44	0
66	91	0
77	9	0
92	51	0
25	73	0
60	54	0
27	28	0
82	23	0
32	50	0
63	6	0
91	94	0
74	63	0
55	74	0
82	33	0
78	76	0
8	89	0
37	4	0
14	99	0
3	64	0
66	69	0
75	90	0
73	7	0
90	96	0
83	14	0
80	83	0
65	8	0
79	38	0
78	42	0
56	33	0
14	81	0
58	91	0
55	76	0
19	54	0
13	38	0
31	96	0
6	63	0
41	4	0
34	50	0
16	63	0
40	35	0
8	42	0
91	59	0
53	25	0
7	54	0
25	85	0
80	82	0
2	0	0
92	70	0
15	65	0
57	49	0
32	66	0
89	48	0
58	36	0
0	9	1
0	47	0
24	59	0
93	58	0
74	53	0
95	62	0
0	62	0
76	65	0
2	81	0
6	22	0
94	61	0
22	62	0
46	10	0
39	32	0
8	86	0
27	83	0
79	45	0
68	68	0
70	55	0
77	80	0
41	74	0
47	22	0
4	67	0
46	65	0
36	45	0
63	53	0
86	17	0
