2	28	1
92	59	0
52	10	0
44	21	0
52	97	0
0	42	0
88	32	0
89	73	0
3	12	0
47	15	0
68	95	0
42	42	0
66	47	0
4	94	0
33	8	0
14	52	0
90	2	0
82	80	0
64	32	0
28	56	0
97	57	0
98	6	0
47	74	0
76	78	0
84	87	0
81	2	0
17	96	0
63	20	0
72	71	0
65	82	0
92	56	0
5	48	0
30	27	0
50	20	0
78	15	0
47	48	0
88	80	0
11	94	0
65	64	0
96	16	0
83	95	0
43	16	0
32	65	0
65	50	0
93	48	0
55	83	0
96	48	0
20	98	0
29	45	0
60	7	0
91	42	0
25	68	0
63	9	0
37	84	0
70	94	0
24	64	0
94	63	0
46	10	0
33	52	0
77	71	0
96	91	0
76	1	0
22	99	0
91	4	0
45	15	0
89	61	0
48	20	0
14	93	0
85	3	0
34	79	0
88	81	0
57	48	0
23	38	0
85	72	0
16	34	0
30	49	0
85	42	0
16	9	0
8	44	0
48	87	0
66	97	0
66	18	0
48	97	0
76	97	0
8	9	0
15	32	0
84	13	0
87	14	0
54	46	0
86	37	0
22	24	0
75	48	0
48	54	0
33	8	0
33	10	0
68	55	0
27	84	0
47	0	0
42	83	0
42	0	0
33	36	0
84	34	0
48	67	0
61	46	0
19	82	0
70	79	0
1	83	0
47	93	0
88	48	0
65	21	0
53	80	0
1	42	0
61	11	0
50	75	0
7	86	0
37	8	0
24	50	0
15	29	0
87	83	0
7	24	0
44	26	0
0	1	0
34	97	0
95	5	0
65	59	0
1	37	0
74	86	0
93	19	0
59	63	0
56	83	0
31	23	0
65	96	0
19	18	0
77	83	0
68	48	0
26	96	0
76	27	0
44	35	0
17	24	0
62	5	0
7	7	0
8	81	0
14	2	0
99	91	0
97	16	0
79	40	0
50	63	0
64	21	0
83	90	0
1	4	0
36	15	0
19	7	0
82	74	0
45	38	0
87	74	0
86	79	0
50	26	0
55	33	0
80	49	0
3	52	0
22	77	0
18	64	0
93	75	0
51	59	0
41	94	0
97	44	0
70	78	0
48	84	0
24	46	0
99	75	0
3	45	0
39	37	0
19	30	0
30	75	0
32	68	0
95	16	0
55	36	0
75	8	0
45	80	0
65	20	0
62	38	0
74	73	0
23	54	0
66	59	0
29	98	0
33	63	0
32	3	0
61	24	0
24	99	0
4	74	0
62	74	0
78	45	0
17	84	0
16	48	0
89	73	0
25	46	0
34	77	0
33	88	0
60	39	0
31	4	0
22	49	0
77	89	0
97	79	0
65	97	0
69	13	0
12	51	0
62	7	0
55	25	0
57	30	0
73	11	0
27	62	0
18	78	0
46	62	0
64	30	0
27	76	0
85	24	0
56	83	0
33	73	0
24	13	0
92	76	0
29	77	0
47	0	0
6	89	0
81	21	0
95	70	0
85	84	0
85	33	0
0	80	0
14	74	0
98	49	0
63	65	0
43	44	0
46	68	0
73	75	0
42	68	0
20	81	0
36	65	0
72	1	0
3	58	0
68	98	0
66	35	0
25	89	0
87	68	0
47	16	0
41	63	0
14	76	0
32	95	0
65	29	0
67	17	0
22	39	0
99	60	0
63	46	0
75	43	0
10	88	0
56	13	0
24	76	0
71	69	0
62	60	0
72	55	0
59	2	0
21	7	0
2	59	0
85	55	0
55	12	0
74	57	0
46	91	0
59	53	0
91	34	0
93	13	0
21	60	0
91	72	0
14	80	0
20	26	0
92	49	0
35	95	0
47	40	0
49	2	0
18	89	0
73	31	0
37	47	0
31	71	0
43	6	0
21	78	0
88	86	0
88	72	0
54	35	0
80	67	0
16	83	0
48	45	0
62	0	0
67	23	0
33	23	0
54	7	0
58	15	0
52	29	0
74	25	0
34	48	0
27	42	0
54	41	0
65	67	0
86	87	0
43	98	0
72	6	0
92	56	0
66	12	0
12	61	0
21	11	0
88	36	0
62	30	0
80	69	0
18	42	0
54	62	0
63	11	0
34	93	0
30	83	0
50	77	0
94	53	0
47	23	0
51	0	0
27	40	0
78	45	0
74	8	0
68	94	0
29	7	0
67	87	0
7	66	0
43	76	0
36	24	0
3	57	0
10	16	0
82	5	0
29	39	0
73	15	0
38	7	0
4	5	0
77	17	0
26	66	0
29	47	0
94	25	0
80	55	0
13	33	0
23	40	0
4	56	0
40	89	0
16	73	0
11	1	0
31	94	0
53	56	0
43	14	0
12	13	0
53	32	0
49	79	0
36	70	0
80	97	0
28	31	0
21	57	0
32	46	0
54	72	0
77	98	0
51	11	0
68	4	0
30	10	0
49	14	0
54	12	0
18	58	0
83	49	0
64	3	0
22	49	0
59	3	0
55	64	0
46	54	0
39	55	0
80	82	0
75	43	0
20	67	0
52	52	0
20	20	0
96	9	0
45	3	0
59	30	0
59	26	0
24	40	0
13	73	0
59	70	0
13	71	0
38	92	0
32	83	0
38	28	0
40	32	0
89	55	0
61	39	0
14	68	0
72	77	0
6	25	1
61	91	0
30	29	0
66	19	0
68	90	0
72	2	0
90	61	0
76	43	0
45	23	0
42	42	0
36	40	0
92	80	0
12	20	0
66	22	0
80	6	0
14	52	0
43	77	0
73	74	0
74	11	0
6	60	0
91	41	0
59	95	0
2	16	0
68	6	0
54	62	0
35	72	0
64	49	0
18	36	0
54	39	0
70	90	0
60	54	0
36	24	0
81	69	0
21	42	0
20	78	0
79	83	0
48	18	0
5	82	0
69	12	0
91	27	0
66	37	0
20	56	0
66	16	0
23	24	0
65	47	0
17	91	0
70	51	0
48	3	0
81	54	0
35	29	0
30	78	0
43	6	0
81	39	0
9	5	0
63	97	0
14	92	0
29	37	0
57	63	0
58	31	0
13	87	0
11	40	0
23	47	0
58	3	0
92	38	0
66	23	0
85	94	0
30	65	0
18	27	0
43	22	0
36	28	0
92	6	0
53	58	0
77	75	0
30	46	0
58	94	0
68	60	0
43	82	0
74	6	0
71	46	0
76	16	0
65	15	0
46	24	0
31	29	0
93	8	0
61	22	0
5	76	0
94	3	0
98	82	0
11	96	0
11	24	0
85	64	0
39	51	0
29	3	0
89	82	0
81	62	0
26	99	0
66	33	0
77	43	0
92	58	0
10	21	0
86	79	0
28	78	0
76	78	0
28	95	0
98	65	0
31	49	0
18	81	0
98	80	0
38	27	0
24	34	0
69	70	0
60	96	0
44	73	0
15	12	0
43	76	0
61	57	0
37	64	0
35	71	0
83	22	0
14	89	0
82	52	0
22	75	0
38	66	0
43	74	0
93	35	0
45	33	0
16	48	0
1	23	0
68	40	0
98	74	0
57	18	0
81	93	0
75	95	0
29	34	0
48	18	0
21	56	0
25	74	0
6	24	1
33	31	0
49	74	0
61	87	0
34	30	0
70	85	0
55	30	0
40	8	0
71	35	0
23	76	0
46	15	0
9	56	0
94	83	0
60	98	0
53	56	0
79	8	0
44	63	0
3	29	1
3	24	1
43	48	0
89	61	0
90	2	0
0	68	0
79	8	0
90	89	0
70	18	0
29	0	0
23	66	0
74	70	0
36	84	0
48	78	0
84	24	0
21	75	0
58	20	0
64	79	0
60	90	0
29	92	0
95	13	0
92	17	0
65	15	0
44	90	0
11	97	0
3	89	0
75	61	0
71	64	0
95	63	0
8	49	0
85	48	0
67	63	0
10	14	0
79	67	0
65	71	0
22	47	0
12	67	0
38	27	0
42	41	0
16	62	0
60	50	0
45	51	0
95	41	0
82	34	0
78	4	0
71	36	0
52	92	0
2	22	1
15	16	0
20	55	0
78	54	0
98	81	0
74	72	0
98	79	0
21	42	0
52	72	0
55	38	0
38	65	0
81	47	0
0	34	0
20	70	0
40	23	0
79	70	0
66	95	0
52	64	0
6	24	1
31	68	0
28	11	0
80	68	0
27	75	0
52	36	0
86	80	0
97	85	0
12	99	0
36	52	0
13	75	0
80	81	0
38	47	0
58	62	0
45	82	0
79	69	0
25	34	0
19	62	0
85	77	0
72	61	0
90	51	0
44	84	0
57	80	0
66	33	0
33	20	0
84	29	0
44	26	0
87	3	0
17	85	0
18	28	0
2	12	0
37	96	0
92	69	0
24	35	0
93	52	0
19	98	0
16	72	0
26	0	0
98	93	0
26	23	0
7	79	0
70	97	0
44	66	0
82	69	0
22	82	0
84	30	0
19	25	0
35	80	0
28	71	0
31	23	0
25	32	0
23	40	0
99	63	0
83	15	0
51	16	0
73	7	0
91	48	0
38	14	0
52	28	0
91	32	0
8	49	0
43	89	0
10	51	0
15	86	0
77	59	0
52	97	0
54	47	0
74	84	0
44	24	0
91	75	0
38	68	0
95	48	0
9	70	0
60	49	0
24	67	0
72	37	0
8	30	0
59	38	0
87	76	0
83	81	0
88	89	0
23	81	0
18	42	0
46	44	0
43	65	0
36	30	0
21	12	0
38	60	0
12	52	0
61	3	0
72	80	0
83	56	0
91	9	0
16	45	0
9	6	0
82	89	0
11	80	0
53	27	0
56	37	0
75	16	0
16	1	0
56	13	0
13	43	0
0	35	0
51	17	0
51	1	0
2	27	0
34	78	0
63	21	0
34	98	0
81	6	0
35	43	0
56	61	0
68	12	0
94	62	0
60	64	0
45	67	0
46	99	0
82	94	0
19	15	0
91	59	0
16	59	0
86	76	0
56	81	0
15	36	0
20	57	0
99	45	0
28	80	0
90	96	0
66	83	0
48	4	0
38	56	0
83	54	0
37	87	0
71	42	0
87	71	0
70	29	0
11	65	0
13	61	0
90	89	0
72	34	0
60	64	0
56	5	0
12	16	0
81	61	0
32	25	0
13	65	0
37	56	0
53	50	0
34	7	0
61	33	0
7	80	0
20	48	0
12	64	0
4	50	0
86	63	0
22	21	0
55	22	0
99	18	0
84	8	0
47	63	0
1	74	0
58	29	0
32	23	0
11	14	0
17	18	0
77	63	0
68	23	0
38	38	0
40	75	0
55	77	0
16	86	0
28	70	0
50	81	0
25	45	0
82	96	0
51	31	0
38	83	0
22	12	0
54	11	0
9	41	0
59	48	0
70	13	0
32	76	0
85	66	0
66	54	0
49	50	0
44	13	0
4	77	0
81	68	0
67	53	0
49	42	0
74	66	0
70	78	0
72	40	0
63	9	0
96	75	0
80	11	0
0	77	0
71	61	0
1	32	0
3	26	0
27	0	0
49	30	0
2	9	0
7	44	0
26	72	0
31	98	0
35	51	0
99	32	0
4	50	0
60	92	0
27	84	0
7	27	1
98	62	0
37	65	0
9	21	0
88	47	0
25	2	0
61	22	0
60	3	0
14	7	0
24	79	0
41	58	0
82	77	0
69	45	0
14	3	0
34	30	0
50	8	0
7	30	0
2	72	0
72	5	0
39	65	0
51	43	0
70	94	0
15	42	0
15	95	0
91	47	0
26	21	0
90	79	0
55	63	0
66	32	0
51	34	0
95	21	0
91	63	0
22	57	0
17	91	0
28	44	0
0	88	0
6	96	0
86	16	0
38	51	0
0	94	0
53	2	0
66	8	0
48	51	0
24	16	0
65	40	0
39	28	0
9	80	0
28	32	0
57	5	0
8	44	0
96	47	0
99	11	0
51	54	0
35	2	0
38	22	0
16	97	0
61	80	0
25	66	0
9	10	0
45	22	0
8	77	0
0	73	0
68	46	0
77	45	0
54	37	0
11	76	0
23	32	0
84	75	0
66	30	0
52	78	0
62	93	0
26	13	0
8	89	0
66	19	0
63	80	0
36	43	0
94	70	0
34	75	0
99	20	0
84	18	0
99	25	0
82	90	0
43	54	0
26	76	0
73	14	0
39	5	0
67	82	0
61	76	0
17	45	0
66	53	0
62	81	0
77	21	0
93	50	0
7	67	0
58	44	0
23	31	0
94	30	0
66	37	0
67	14	0
94	94	0
75	75	0
51	70	0
76	35	0
61	70	0
16	96	0
31	8	0
5	93	0
16	76	0
56	64	0
63	96	0
79	15	0
90	93	0
78	1	0
12	1	0
85	74	0
68	11	0
96	28	0
77	69	0
53	42	0
15	57	0
61	84	0
63	70	0
2	47	0
10	42	0
44	94	0
6	81	0
54	4	0
45	45	0
9	66	0
36	29	0
16	31	0
13	44	0
99	50	0
53	38	0
4	46	0
25	93	0
88	67	0
0	14	0
84	95	0
29	79	0
64	46	0
41	59	0
99	42	0
62	42	0
0	7	0
10	8	0
4	51	0
15	51	0
99	78	0
77	50	0
99	69	0
10	54	0
77	61	0
19	77	0
1	1	0
74	79	0
2	21	0
26	67	0
36	4	0
28	27	0
8	72	0
43	90	0
0	8	0
66	48	0
52	60	0
78	61	0
82	78	0
40	90	0
35	23	0
8	63	0
3	14	0
39	67	0
47	50	0
61	56	0
80	16	0
