90	67	0
49	15	0
43	14	0
50	98	0
6	21	0
95	32	0
97	84	0
42	11	0
77	83	0
44	39	0
80	34	0
4	84	0
19	15	0
19	63	0
98	16	0
96	76	0
65	27	0
32	48	0
99	66	0
93	1	0
43	80	0
69	81	0
71	98	0
72	0	0
44	91	0
57	0	0
74	77	0
72	94	0
97	52	0
3	39	0
38	39	0
45	27	0
91	27	0
43	47	0
88	65	0
13	92	0
60	85	0
97	25	0
79	90	0
54	0	0
20	52	0
79	50	0
95	59	0
58	73	0
96	41	0
10	83	0
31	44	0
61	12	0
96	54	0
12	64	0
61	9	0
30	88	0
49	96	0
34	63	0
98	65	0
41	29	0
44	41	0
78	73	0
93	95	0
83	14	0
12	94	0
92	10	0
45	2	0
76	72	0
44	19	0
18	82	0
75	10	0
37	77	0
85	84	0
61	65	0
16	22	0
76	86	0
29	33	0
16	46	0
88	40	0
11	36	0
39	76	0
50	84	0
73	23	0
43	97	0
63	99	0
1	1	0
6	13	0
98	15	0
99	16	0
33	48	0
80	44	0
22	23	0
76	56	0
29	51	0
34	11	0
40	9	0
71	35	0
17	87	0
72	7	0
55	76	0
41	10	0
47	29	0
96	41	0
40	74	0
78	54	0
23	61	0
78	94	0
2	76	0
44	82	0
85	44	0
62	4	0
43	66	0
13	63	0
55	5	0
66	57	0
16	59	0
42	4	0
38	61	0
29	39	0
92	84	0
53	43	0
2	2	0
28	96	0
77	8	0
67	68	0
13	32	0
86	80	0
93	15	0
68	65	0
57	79	0
31	12	0
57	97	0
75	76	0
74	55	0
34	98	0
66	25	0
39	24	0
21	37	0
84	9	0
3	75	0
98	69	0
97	16	0
87	35	0
41	52	0
56	18	0
85	80	0
4	16	0
37	14	0
84	70	0
30	41	0
87	76	0
76	90	0
59	14	0
42	32	0
54	62	0
9	49	0
29	78	0
16	59	0
79	74	0
38	50	0
50	98	0
78	61	0
73	75	0
50	81	0
19	39	0
89	72	0
3	31	0
41	47	0
23	15	0
17	76	0
38	75	0
94	36	0
33	31	0
81	15	0
39	81	0
57	29	0
51	38	0
82	81	0
26	54	0
73	78	0
35	86	0
31	56	0
37	17	0
61	12	0
35	82	0
16	76	0
74	85	0
89	54	0
17	86	0
21	35	0
98	66	0
29	61	0
25	91	0
49	92	0
45	52	0
32	10	0
19	40	0
69	85	0
84	98	0
58	85	0
75	21	0
6	70	0
55	1	0
76	13	0
65	26	0
73	24	0
26	59	0
3	65	0
54	58	0
80	37	0
33	73	0
91	22	0
43	87	0
31	66	0
33	19	0
74	72	0
30	59	0
39	10	0
5	92	0
66	14	0
99	84	0
85	93	0
97	18	0
3	79	0
16	66	0
91	43	0
49	73	0
37	47	0
53	69	0
57	71	0
45	57	0
5	73	0
31	64	0
66	7	0
0	65	0
64	97	0
79	47	0
43	88	0
89	59	0
47	7	0
44	62	0
22	78	0
41	92	0
58	37	0
62	32	0
22	33	0
97	63	0
72	45	0
83	59	0
7	77	0
58	20	0
12	88	0
71	62	0
56	45	0
62	51	0
53	15	0
2	53	0
81	40	0
55	5	0
74	63	0
45	86	0
74	41	0
99	35	0
97	1	0
3	63	0
84	71	0
21	94	0
99	63	0
47	88	0
62	29	0
44	1	0
22	92	0
69	34	0
40	58	0
45	78	0
47	7	0
23	91	0
66	94	0
87	84	0
68	32	0
87	68	0
8	85	0
52	46	0
53	5	0
69	24	0
32	14	0
32	6	0
51	10	0
57	52	0
68	33	0
35	56	0
32	49	0
45	64	0
70	83	0
89	82	0
61	86	0
87	19	0
85	54	0
78	9	0
18	51	0
33	7	0
84	39	0
61	25	0
71	71	0
4	38	0
49	70	0
54	26	0
29	99	0
35	91	0
18	71	0
93	64	0
42	31	0
37	6	0
27	59	0
88	60	0
74	18	0
80	91	0
21	8	0
67	95	0
10	79	0
46	87	0
39	38	0
2	53	0
77	5	0
21	29	0
95	13	0
41	18	0
11	3	1
87	10	0
35	45	0
20	48	0
85	27	0
94	54	0
3	30	0
27	32	0
0	64	0
36	88	0
19	85	0
3	12	0
43	85	0
52	70	0
48	42	0
64	23	0
46	92	0
36	67	0
90	95	0
44	34	0
14	46	0
22	39	0
58	70	0
86	92	0
47	22	0
89	6	0
29	1	0
61	4	0
57	14	0
20	40	0
75	62	0
67	0	0
13	33	0
47	12	0
55	48	0
46	51	0
21	62	0
85	80	0
77	49	0
16	55	0
47	35	0
98	12	0
57	4	0
63	17	0
56	40	0
24	29	0
9	72	0
67	74	0
18	81	0
35	87	0
23	96	0
52	28	0
41	42	0
86	58	0
72	42	0
7	84	0
76	81	0
56	84	0
19	29	1
75	27	0
57	99	0
73	4	0
89	59	0
81	48	0
34	16	0
41	40	0
33	46	0
91	82	0
5	9	0
73	23	0
92	2	0
15	43	0
32	99	0
67	72	0
88	5	0
5	57	0
95	33	0
45	97	0
73	14	0
65	51	0
48	53	0
44	40	0
31	37	0
47	33	0
70	83	0
80	44	0
37	34	0
77	69	0
22	58	0
14	91	0
89	87	0
39	35	0
0	80	0
61	24	0
87	14	0
80	45	0
13	59	0
66	47	0
36	36	0
52	44	0
3	97	0
67	25	0
52	12	0
86	59	0
46	22	0
29	83	0
22	3	0
77	47	0
13	0	1
73	97	0
5	78	0
38	53	0
49	78	0
57	33	0
21	98	0
17	46	0
29	45	0
58	18	0
90	27	0
86	22	0
86	90	0
20	64	0
30	23	0
31	31	0
81	21	0
55	61	0
70	95	0
16	39	0
72	99	0
90	66	0
36	70	0
67	9	0
70	42	0
78	18	0
77	8	0
44	22	0
43	34	0
98	4	0
82	29	0
1	69	0
89	12	0
98	98	0
5	99	0
85	53	0
54	50	0
23	16	0
93	87	0
65	58	0
16	99	0
67	30	0
82	40	0
85	52	0
82	64	0
31	72	0
74	76	0
39	98	0
78	71	0
23	32	0
32	98	0
96	83	0
32	35	0
28	42	0
68	78	0
60	91	0
42	65	0
56	94	0
57	53	0
38	65	0
31	67	0
82	25	0
18	91	0
84	52	0
25	90	0
44	65	0
43	74	0
85	33	0
32	29	0
21	47	0
53	27	0
93	68	0
71	11	0
86	98	0
73	97	0
37	52	0
68	3	0
31	46	0
34	90	0
38	32	0
51	68	0
66	78	0
28	23	0
81	99	0
40	26	0
28	21	0
64	37	0
27	79	0
42	16	0
3	59	0
86	81	0
57	93	0
52	44	0
81	11	0
48	71	0
43	54	0
99	59	0
83	2	0
0	71	0
76	0	0
69	70	0
71	30	0
36	16	0
32	70	0
86	81	0
28	70	0
55	84	0
77	23	0
11	65	0
67	18	0
43	61	0
60	99	0
30	95	0
88	4	0
93	21	0
60	11	0
38	90	0
14	91	0
6	87	0
76	42	0
70	63	0
71	77	0
16	51	0
79	33	0
69	68	0
92	75	0
57	62	0
23	62	0
21	65	0
39	22	0
44	33	0
0	41	0
45	63	0
40	46	0
94	34	0
77	35	0
75	2	0
84	38	0
56	71	0
20	53	0
58	31	0
88	77	0
62	87	0
95	74	0
16	50	0
63	74	0
68	49	0
29	56	0
84	33	0
17	55	0
43	23	0
81	53	0
82	94	0
56	55	0
18	67	0
46	6	0
55	64	0
29	84	0
45	27	0
83	80	0
91	72	0
16	97	0
52	72	0
10	76	0
71	62	0
34	53	0
46	63	0
37	73	0
61	74	0
22	26	1
12	65	0
95	80	0
77	56	0
98	59	0
27	60	0
52	85	0
64	24	0
91	27	0
38	50	0
97	6	0
19	88	0
27	31	0
34	78	0
93	58	0
21	44	0
86	69	0
19	98	0
6	71	0
14	4	1
91	88	0
40	31	0
2	67	0
73	88	0
48	62	0
84	66	0
25	92	0
98	36	0
25	9	0
37	82	0
29	74	0
34	19	0
25	39	0
1	17	0
80	70	0
93	5	0
62	6	0
73	9	0
95	45	0
29	5	0
31	47	0
95	40	0
11	53	0
58	77	0
0	58	0
17	74	0
76	54	0
48	95	0
74	49	0
70	79	0
34	36	0
75	67	0
39	55	0
84	48	0
14	77	0
48	38	0
32	69	0
76	34	0
59	37	0
98	80	0
97	99	0
88	80	0
29	72	0
18	31	0
57	44	0
48	73	0
29	14	0
25	1	0
37	67	0
13	37	0
63	3	0
70	84	0
77	65	0
92	16	0
9	49	0
68	90	0
4	95	0
53	8	0
66	50	0
70	14	0
34	18	0
24	37	0
38	18	0
73	6	0
42	86	0
56	29	0
31	82	0
76	11	0
32	45	0
49	62	0
76	21	0
91	69	0
61	71	0
32	67	0
51	86	0
76	83	0
84	48	0
19	66	0
75	76	0
66	94	0
19	40	0
20	55	0
94	34	0
35	95	0
97	84	0
72	83	0
51	3	0
56	54	0
88	58	0
65	86	0
82	49	0
99	80	0
84	29	0
10	64	0
4	58	0
69	86	0
76	38	0
52	62	0
58	7	0
33	14	0
81	72	0
29	36	0
13	62	0
47	51	0
54	37	0
36	15	0
53	28	0
13	86	0
26	38	0
9	63	0
14	72	0
74	48	0
20	16	0
62	11	0
97	28	0
79	3	0
56	79	0
7	59	0
62	29	0
47	33	0
61	81	0
92	17	0
37	45	0
58	63	0
52	77	0
17	97	0
38	67	0
40	83	0
25	31	0
74	83	0
45	45	0
34	84	0
62	34	0
13	47	0
60	61	0
60	23	0
28	74	0
77	40	0
53	44	0
48	45	0
32	16	0
8	60	0
78	72	0
74	65	0
38	43	0
86	62	0
86	71	0
74	26	0
58	8	0
83	81	0
82	12	0
5	67	0
72	74	0
37	17	0
67	37	0
12	66	0
11	86	0
37	90	0
27	55	0
94	30	0
20	51	0
55	98	0
18	86	0
98	69	0
54	60	0
80	43	0
20	0	0
51	18	0
61	5	0
3	7	1
10	74	0
61	60	0
82	67	0
72	45	0
16	1	0
25	43	0
66	8	0
6	82	0
77	6	0
42	68	0
47	23	0
76	95	0
0	31	0
18	90	0
99	53	0
31	11	0
97	81	0
59	66	0
74	46	0
51	27	0
90	28	0
90	74	0
10	69	0
0	77	0
20	56	0
7	87	0
0	84	0
80	20	0
38	42	0
1	94	0
50	11	0
68	4	0
39	54	0
73	46	0
48	20	0
28	68	0
31	28	0
82	16	0
15	43	0
88	56	0
92	4	0
59	60	0
26	11	0
50	8	0
14	99	0
55	79	0
40	67	0
38	15	0
3	84	0
4	96	0
65	53	0
93	42	0
39	31	0
30	77	0
24	25	1
99	94	0
52	31	0
58	71	0
67	90	0
2	83	0
70	25	0
59	64	0
26	35	0
97	75	0
45	66	0
98	22	0
74	11	0
85	22	0
78	90	0
45	61	0
35	80	0
82	20	0
28	9	0
64	92	0
72	73	0
16	47	0
71	41	0
72	94	0
86	9	0
96	55	0
28	75	0
61	51	0
25	31	0
88	21	0
34	47	0
63	1	0
97	97	0
77	64	0
48	78	0
76	28	0
74	71	0
8	88	0
41	6	0
11	92	0
4	65	0
67	68	0
68	95	0
75	8	0
92	95	0
83	10	0
80	77	0
63	6	0
87	32	0
85	47	0
53	35	0
14	80	0
56	87	0
62	79	0
19	55	0
6	42	0
32	96	0
10	65	0
43	0	0
29	51	0
12	62	0
43	32	0
4	39	0
94	52	0
52	22	0
8	49	0
26	86	0
76	74	0
2	0	0
90	65	0
18	68	0
63	46	0
30	56	0
92	48	0
55	40	0
0	12	0
4	51	0
23	61	0
96	65	0
70	50	0
97	60	0
6	58	0
69	63	0
8	76	0
1	22	0
86	60	0
27	62	0
40	11	0
34	32	0
10	84	0
31	86	0
3	4	1
79	46	0
72	64	0
78	62	0
74	79	0
40	75	0
43	21	0
0	71	0
51	70	0
39	45	0
60	53	0
89	8	0
