95	71	0
28	26	0
62	99	0
14	7	0
88	33	0
84	99	0
43	79	0
69	43	0
2	82	0
1	1	0
20	90	0
94	47	0
70	74	0
31	36	0
79	88	0
97	48	0
45	98	0
38	81	1
66	77	0
42	17	0
76	66	0
82	89	0
82	83	0
2	30	0
75	12	0
73	67	0
27	92	1
86	24	0
70	92	0
49	64	0
74	75	0
99	55	0
97	21	0
19	75	1
90	82	0
35	5	0
3	74	1
40	88	0
77	46	0
28	13	0
99	84	0
83	84	0
95	14	0
97	18	0
21	38	0
60	87	0
8	86	0
90	0	0
66	94	0
5	30	0
76	83	0
93	31	0
28	83	1
58	93	0
82	18	0
28	86	1
24	11	0
93	6	0
76	35	0
44	78	0
76	25	0
53	52	0
82	29	0
12	98	0
44	79	0
95	66	0
72	94	0
3	64	0
49	91	0
94	49	0
69	20	1
46	39	0
31	9	0
69	60	0
8	83	0
95	29	0
42	65	0
88	55	0
91	2	0
75	96	0
76	82	0
6	28	0
66	81	0
84	71	0
79	44	0
20	98	0
69	38	0
88	52	0
92	29	0
99	36	0
18	54	0
3	16	0
99	56	0
53	90	0
43	77	0
55	90	0
70	33	0
71	69	0
79	82	0
83	67	0
24	22	0
18	11	0
80	56	0
95	5	0
26	99	0
24	43	0
70	72	0
60	82	0
54	80	0
41	3	0
51	81	0
63	78	0
81	54	0
21	92	0
88	82	0
0	77	0
17	53	0
77	85	0
90	74	0
48	68	0
61	42	0
84	39	0
29	90	1
52	72	0
26	44	0
56	80	0
42	27	0
92	82	0
29	98	0
87	5	0
79	36	0
66	89	0
65	76	0
60	68	0
21	34	0
21	69	0
56	89	0
80	69	0
43	94	0
55	85	0
74	17	1
42	92	0
24	27	0
76	66	0
59	46	0
72	71	0
76	36	0
12	87	0
56	53	0
93	38	0
65	38	0
49	18	0
87	28	0
63	74	0
76	98	0
83	70	0
93	22	0
99	35	0
99	70	0
27	85	1
69	72	0
53	89	0
77	21	0
12	84	0
93	6	0
18	38	0
32	93	1
27	89	0
81	71	0
73	76	0
91	48	0
85	55	0
45	84	0
91	65	0
56	2	0
44	25	0
82	45	0
32	72	0
64	76	0
75	68	0
82	5	0
94	50	0
98	35	0
69	63	0
70	87	0
57	10	0
4	92	0
8	87	0
94	63	0
72	60	0
79	12	0
97	78	0
21	13	0
31	96	0
49	92	0
89	1	0
86	3	0
99	31	0
79	32	0
72	34	0
5	6	0
17	89	0
46	88	0
50	64	1
91	45	0
69	95	0
98	88	0
68	37	0
74	81	0
75	16	1
10	3	0
31	6	0
34	24	0
80	40	0
80	21	0
7	47	0
25	22	0
89	82	0
92	69	0
80	19	0
98	8	0
66	2	0
83	12	1
34	13	0
98	88	0
24	81	0
3	97	0
36	37	0
72	40	0
67	69	0
61	80	0
88	83	0
68	27	0
75	78	0
99	33	0
87	68	0
68	51	0
93	74	0
63	15	0
95	9	0
28	47	0
67	96	0
99	37	0
25	85	1
99	36	0
73	96	0
94	34	0
64	15	0
50	50	0
58	92	0
74	87	0
20	85	0
93	84	0
1	99	0
91	1	0
92	15	0
57	82	0
15	99	0
81	41	0
91	69	0
28	0	0
49	91	0
40	79	1
56	75	0
1	24	0
91	34	0
98	4	0
75	96	0
13	24	0
76	31	0
68	82	0
12	28	0
46	84	0
82	51	0
27	93	1
84	10	0
82	14	1
93	66	0
9	77	0
62	17	0
85	94	0
35	98	0
67	57	0
3	36	0
62	86	0
59	51	0
94	45	0
73	49	0
72	56	0
5	46	0
91	68	0
25	94	1
88	64	0
8	96	0
80	83	0
35	19	0
71	61	0
66	95	0
55	94	0
91	56	0
71	2	0
3	72	0
67	41	0
28	99	0
90	24	0
94	45	0
74	32	0
85	73	0
43	94	0
59	99	0
27	94	0
97	84	0
71	83	0
18	0	0
6	84	0
78	85	0
59	92	0
60	56	1
69	30	0
83	61	0
99	7	0
86	10	0
93	88	0
65	84	0
83	18	0
87	13	0
71	92	0
30	96	0
82	8	0
97	1	0
76	27	0
8	53	0
12	94	0
19	98	0
89	84	0
86	97	0
84	92	0
84	68	0
75	77	0
8	90	0
29	18	0
6	4	0
43	41	0
93	23	0
81	39	0
66	59	0
58	12	0
85	82	0
67	80	0
83	53	0
76	61	0
23	10	0
97	39	0
66	91	0
45	41	0
20	89	0
73	95	0
95	69	0
18	75	0
37	67	0
68	73	0
48	98	0
10	45	0
80	70	0
93	51	0
88	68	0
33	78	0
60	85	0
90	21	0
84	7	0
12	79	0
35	89	0
94	74	0
75	76	0
0	93	0
9	80	0
78	93	0
31	19	0
4	81	0
69	81	0
60	64	0
84	87	0
5	85	0
75	49	0
16	5	0
56	91	0
5	92	0
2	16	0
90	62	0
83	13	0
78	23	0
14	18	0
14	51	0
72	34	0
66	77	0
33	83	1
62	57	1
88	80	0
83	43	0
75	76	0
75	81	0
0	60	0
84	60	0
65	32	0
92	43	0
90	91	0
81	73	0
68	53	1
56	56	1
43	78	0
96	76	0
92	9	0
50	76	0
1	98	0
68	27	0
67	14	0
80	19	1
74	17	1
78	25	0
28	32	0
57	91	0
62	60	0
35	82	0
67	91	0
90	59	0
87	30	0
83	69	0
87	95	0
91	46	0
86	95	0
34	84	1
74	76	0
78	45	0
47	85	0
88	80	0
82	72	0
93	27	0
53	79	0
79	22	0
60	40	0
88	88	0
90	53	0
19	87	0
31	93	1
86	29	0
74	33	0
96	43	0
86	8	0
96	83	0
82	16	0
80	34	0
12	85	0
19	97	0
51	34	0
30	64	0
50	80	0
63	5	0
13	92	0
77	51	0
16	12	0
19	60	0
74	73	0
72	62	0
83	66	0
84	47	0
73	65	0
87	51	0
6	44	0
95	87	0
65	58	0
48	95	0
7	73	1
91	17	0
48	93	0
21	87	0
97	45	0
65	28	0
21	13	0
29	37	0
10	62	1
82	55	0
95	32	0
22	13	0
47	5	0
52	76	0
99	83	0
13	4	0
45	77	0
63	26	0
88	71	0
71	64	0
65	82	0
11	49	0
97	46	0
89	64	0
1	82	0
31	91	1
0	98	0
53	35	0
91	22	0
8	20	0
91	31	0
79	13	0
45	34	0
14	96	0
60	84	0
20	78	1
26	28	0
27	95	1
57	59	1
79	47	0
64	82	0
20	88	0
71	41	0
7	3	0
82	57	0
86	32	0
80	34	0
70	30	0
54	88	0
36	97	0
81	38	0
59	97	0
70	61	0
83	46	0
63	94	0
90	42	0
94	99	0
84	83	0
52	88	0
91	15	0
76	75	0
64	26	0
27	90	1
87	56	0
85	98	0
85	14	0
96	94	0
85	22	0
77	68	0
10	94	0
80	94	0
75	77	0
6	18	0
13	91	0
9	75	1
86	28	0
25	96	0
57	82	0
82	33	0
80	47	0
19	99	0
84	44	0
91	50	0
75	47	0
86	29	0
0	88	0
14	7	0
62	78	0
11	59	0
27	7	0
6	92	0
99	44	0
82	89	0
90	54	0
85	77	0
73	46	0
3	74	1
76	22	0
97	38	0
