93	64	0
23	13	0
63	96	0
4	3	0
99	45	0
95	99	0
42	65	0
59	22	1
72	51	0
3	89	0
2	10	0
16	94	0
95	38	0
60	81	0
33	34	0
86	79	0
94	26	0
51	98	0
38	73	0
79	70	0
50	16	0
25	80	0
85	67	0
81	76	0
84	88	0
5	29	0
48	36	0
87	18	0
82	64	0
6	74	0
31	96	0
81	12	0
63	91	0
48	72	0
79	72	0
91	58	0
55	57	0
96	36	0
12	72	0
89	71	0
20	71	0
50	7	0
12	77	0
37	93	0
89	54	0
44	35	0
33	21	0
99	84	0
91	93	0
89	18	0
28	82	0
98	10	0
17	15	0
69	88	0
4	83	0
89	5	0
28	63	1
67	83	0
45	60	1
5	25	0
72	79	0
85	32	0
22	90	0
52	94	0
77	29	0
32	90	0
44	91	0
19	16	0
98	17	0
81	28	0
50	77	0
87	34	0
71	60	0
65	39	0
0	97	0
74	3	1
49	81	0
85	3	0
94	60	0
2	57	0
71	93	0
3	75	0
38	89	0
99	59	0
80	28	0
43	67	1
70	8	0
57	51	0
8	66	0
36	3	0
67	70	0
59	24	1
0	97	0
95	30	0
46	77	0
77	67	0
85	4	0
68	86	0
67	81	0
2	27	0
62	81	0
93	85	0
76	47	0
19	91	0
68	39	0
71	0	0
95	58	0
92	33	0
98	43	0
24	49	0
52	64	0
7	27	0
47	31	1
87	67	0
55	75	0
63	68	0
54	21	1
43	38	0
62	66	0
51	60	1
44	99	0
77	38	0
59	68	0
55	74	0
92	55	0
27	12	0
49	40	0
25	17	0
17	70	0
28	51	1
76	47	0
52	43	1
93	7	0
28	93	0
21	38	0
70	75	0
23	69	1
59	65	0
46	76	0
44	7	0
43	89	0
23	68	1
70	77	0
95	53	0
24	88	0
87	73	0
27	56	1
17	73	0
55	67	0
13	37	0
72	78	0
97	74	0
39	74	0
77	45	0
55	59	1
54	25	1
60	12	0
30	60	1
92	32	0
25	93	0
26	66	1
67	83	0
30	29	0
42	76	0
52	21	0
94	95	0
30	78	0
95	15	0
27	79	0
94	37	0
59	97	0
76	76	0
65	61	0
27	45	0
7	57	0
64	4	0
69	96	0
97	59	0
45	91	0
59	80	0
78	16	0
62	79	0
38	76	0
42	90	0
23	16	0
57	24	1
85	50	0
58	43	0
66	68	0
71	31	0
17	97	0
57	63	0
84	42	0
75	36	0
53	14	0
88	30	0
76	78	0
72	96	0
79	60	0
97	27	0
99	18	0
85	80	0
28	91	0
67	83	0
46	94	0
35	41	1
89	37	0
17	96	0
92	23	0
23	45	0
21	85	0
30	97	0
79	89	0
82	77	0
96	59	0
97	53	0
21	90	0
53	78	0
73	12	0
81	51	0
48	4	0
39	35	0
77	39	0
21	60	0
36	51	0
19	69	0
76	95	0
90	55	0
59	71	0
95	1	0
91	46	0
61	10	1
94	45	0
70	54	0
71	82	0
45	65	0
69	23	0
8	84	0
27	62	1
9	88	0
83	61	0
77	70	0
90	11	0
97	87	0
27	6	0
34	96	0
23	69	1
59	98	0
42	35	0
80	20	0
97	5	0
96	27	0
52	55	1
79	30	0
70	59	0
6	6	0
27	98	0
20	72	0
49	92	0
37	67	0
84	43	0
58	87	0
57	57	1
98	87	0
64	41	0
78	88	0
87	18	0
16	8	0
44	0	0
34	25	0
94	45	0
77	13	0
19	47	0
19	26	0
53	37	0
92	78	0
96	60	0
74	29	0
94	3	0
64	4	0
75	15	0
46	34	1
36	15	0
13	69	0
88	91	0
46	93	0
4	98	0
26	42	0
50	44	0
75	43	0
67	56	0
77	74	0
83	74	0
75	29	0
72	84	0
68	3	0
97	46	0
79	49	0
62	50	0
96	67	0
75	19	0
95	13	0
23	43	0
72	97	0
56	65	0
84	23	0
12	76	0
99	38	0
66	99	0
96	27	0
67	21	0
31	56	0
57	42	0
60	82	0
68	31	0
80	77	0
18	87	0
93	91	0
7	77	0
88	3	0
89	19	0
51	72	0
41	54	1
65	44	0
17	94	0
75	38	0
97	56	0
51	38	0
37	87	0
34	9	0
53	90	0
35	84	0
42	78	0
17	67	0
8	24	0
71	1	0
80	35	0
96	9	0
81	99	0
30	23	0
62	9	0
57	44	0
67	93	0
1	17	0
43	89	0
85	43	0
26	88	0
80	2	0
50	58	1
58	19	0
87	19	0
88	45	0
15	87	0
70	20	0
83	99	0
32	98	0
82	64	0
9	30	0
63	97	0
63	39	0
13	80	0
65	31	0
90	46	0
79	48	0
74	61	0
23	44	0
98	59	0
14	96	0
88	51	0
22	95	0
81	78	0
39	16	0
76	71	0
59	97	0
63	95	0
75	51	0
29	60	1
84	6	0
3	76	0
73	48	0
21	94	0
50	61	0
82	34	0
26	60	1
54	38	1
89	53	0
71	23	0
77	80	0
49	94	0
37	50	1
67	96	0
30	92	0
96	82	0
86	76	0
74	8	0
18	3	0
49	34	0
36	63	1
8	77	0
77	83	0
66	82	0
68	51	0
66	17	0
35	62	0
40	70	0
79	53	0
99	0	0
23	73	0
81	10	0
56	64	0
36	38	1
87	83	0
29	74	1
54	88	0
76	20	0
85	11	0
50	58	1
63	88	0
24	96	0
92	12	0
85	11	0
73	24	0
15	64	0
7	89	0
14	87	0
52	27	1
73	86	0
80	96	0
0	35	1
62	56	0
79	96	0
76	62	0
67	65	0
15	87	0
8	74	0
41	27	0
4	18	0
34	34	0
28	51	1
96	37	0
82	46	0
69	47	0
55	51	0
44	27	0
90	78	0
52	74	0
84	50	0
39	92	0
76	50	0
23	8	0
95	48	0
59	94	0
33	32	0
57	54	1
31	94	0
71	99	0
90	67	0
26	82	0
60	35	0
9	82	0
59	59	1
41	75	0
64	61	0
60	69	0
55	87	0
11	49	0
68	61	0
83	45	0
87	61	0
37	75	0
68	93	0
44	27	0
94	22	0
53	49	0
84	11	0
9	78	0
54	92	0
85	71	0
76	68	0
10	91	0
8	71	0
81	88	0
34	27	0
5	88	0
66	99	0
55	67	0
86	67	0
19	93	0
75	43	0
17	5	0
49	98	0
19	92	0
8	11	0
83	54	0
89	24	0
81	30	0
72	17	0
11	16	0
15	51	0
77	32	0
4	73	0
61	70	0
33	79	0
71	51	0
77	96	0
68	40	0
68	86	0
74	54	0
64	85	0
10	76	0
44	51	1
27	83	0
66	59	0
57	47	0
90	43	0
93	98	0
83	86	0
48	59	1
70	52	0
62	61	0
68	3	1
65	80	0
85	75	0
90	7	0
63	78	0
2	91	0
48	48	1
64	30	0
67	24	0
78	22	0
21	80	0
74	22	0
88	21	0
31	55	0
42	31	0
54	95	0
68	75	0
51	82	0
72	87	0
83	59	0
83	43	0
95	66	0
75	96	0
99	43	0
30	65	1
97	87	0
38	78	0
77	78	0
84	45	0
42	92	0
84	69	0
87	50	0
84	28	0
3	68	0
48	73	0
70	17	0
66	35	0
81	83	0
64	49	0
10	87	0
18	91	0
68	43	0
85	28	0
94	46	0
98	3	0
89	92	0
59	36	0
29	75	1
95	17	0
66	47	0
18	74	0
16	96	0
24	72	0
12	85	0
61	53	0
40	26	0
34	69	0
63	80	0
67	12	0
20	86	0
87	49	0
17	21	0
14	72	0
79	64	0
66	52	0
38	56	1
92	51	0
80	56	0
76	61	0
54	61	0
77	49	0
1	26	0
92	81	0
62	50	0
40	83	0
4	79	0
25	84	0
29	57	1
89	16	0
54	98	0
8	96	0
99	55	0
75	16	0
16	16	0
31	27	0
72	6	0
18	66	0
84	60	0
87	38	0
14	9	0
0	39	1
68	11	0
43	88	0
98	82	0
10	8	0
48	86	0
81	35	0
98	80	0
52	68	0
66	77	0
21	37	0
91	43	0
95	68	0
15	78	0
21	77	0
30	67	1
19	90	0
75	9	0
33	58	1
7	91	0
36	38	1
44	54	1
65	41	0
28	68	1
95	22	0
2	24	0
87	37	0
76	14	0
35	25	0
23	88	0
46	84	0
16	71	0
25	29	0
16	78	0
23	87	0
64	58	0
88	43	0
42	55	1
75	92	0
47	33	1
59	70	0
45	64	0
17	97	0
81	39	0
46	51	1
6	11	0
85	60	0
60	47	0
94	29	0
79	31	0
71	33	0
58	91	0
42	36	0
58	44	0
63	33	1
48	8	0
35	96	0
47	63	0
92	32	0
58	96	0
71	53	0
78	45	0
44	89	0
34	80	0
94	23	0
54	58	1
70	2	1
93	98	0
76	85	0
55	89	0
80	17	0
80	67	0
27	79	0
71	21	0
20	95	0
42	61	1
95	58	0
91	88	0
85	11	0
95	92	0
79	22	0
78	55	0
65	23	1
8	85	0
71	95	0
60	77	0
5	24	0
4	96	0
11	73	0
47	43	1
77	28	0
3	59	1
23	98	0
61	96	0
96	45	0
10	71	0
74	44	0
33	91	0
81	47	0
70	45	0
28	57	1
78	41	0
85	40	0
54	71	0
51	44	1
2	87	0
8	3	0
77	76	0
18	56	0
19	8	0
4	98	0
35	72	0
92	47	0
75	83	0
88	62	0
97	84	0
50	60	1
69	32	0
0	77	0
58	61	0
77	37	0
84	22	0
