95	65	0
46	20	0
44	17	0
45	99	0
4	22	0
96	34	0
95	84	0
41	16	0
69	76	0
34	37	0
85	37	0
9	83	0
15	10	0
24	60	0
98	25	0
95	71	0
64	31	0
31	48	0
95	61	0
93	1	0
47	85	0
68	79	0
74	92	0
68	0	0
41	85	0
62	1	0
75	81	0
67	92	0
99	63	0
2	35	0
47	37	0
45	27	0
86	31	0
49	47	0
87	62	0
17	94	0
56	88	0
97	25	0
77	98	0
52	2	0
21	49	0
81	48	0
87	65	0
55	73	0
95	44	0
13	82	0
25	43	0
60	12	0
88	63	0
13	65	0
63	6	0
25	83	0
54	94	0
32	66	0
96	60	0
41	26	0
40	33	0
78	71	0
95	93	0
82	18	0
9	95	0
89	10	0
45	3	0
78	70	0
41	17	0
14	83	0
79	11	0
41	77	0
79	92	0
57	64	0
9	25	0
78	83	0
28	35	0
20	50	0
89	36	0
11	37	0
39	76	0
43	86	0
69	20	0
36	96	0
60	93	0
2	2	1
8	15	0
97	16	0
93	23	0
37	51	0
83	41	0
24	20	0
80	57	0
28	43	0
34	12	0
42	8	0
75	35	0
15	91	0
66	9	0
54	78	0
40	9	0
47	28	0
93	45	0
34	71	0
82	54	0
17	56	0
74	87	0
10	78	0
44	87	0
87	49	0
59	1	0
49	66	0
20	63	0
60	2	0
60	57	0
13	61	0
45	5	0
36	56	0
36	38	0
89	93	0
53	44	0
2	7	1
25	91	0
75	7	0
66	65	0
20	32	1
83	78	0
98	7	0
66	68	0
53	78	0
30	12	0
53	97	0
84	80	0
79	53	0
31	97	0
68	24	0
44	22	0
18	40	0
83	10	0
6	76	0
96	69	0
98	21	0
90	33	0
39	56	0
60	16	0
87	84	0
8	16	0
45	16	0
89	64	0
35	37	0
78	80	0
84	92	0
49	14	0
43	29	0
54	60	0
4	45	0
25	68	0
12	62	0
80	73	0
41	52	0
45	96	0
78	57	0
72	74	0
52	85	0
20	46	0
91	62	0
2	28	0
39	51	0
19	19	0
24	77	0
37	82	0
89	35	0
34	36	0
84	16	0
38	87	0
61	34	0
52	42	0
78	81	0
25	55	0
66	85	0
35	88	0
32	51	0
33	23	0
60	12	0
34	77	0
24	77	0
78	82	0
90	60	0
10	88	0
24	34	0
99	71	0
29	59	0
30	91	0
55	87	0
40	53	0
27	10	0
18	36	0
65	87	0
82	95	0
57	83	0
74	26	0
6	71	0
54	5	0
76	21	0
68	27	0
69	25	0
22	59	0
2	65	0
49	57	0
76	32	0
38	66	0
97	27	0
40	91	0
30	62	0
37	13	0
78	70	0
32	54	0
31	5	0
10	94	0
66	11	0
95	86	0
82	91	0
92	17	0
1	77	0
12	70	0
97	44	0
51	73	0
40	46	0
51	61	0
57	68	0
49	64	0
13	77	0
35	59	0
69	8	0
0	64	0
65	93	0
83	46	0
41	88	0
85	60	0
53	17	0
46	69	0
21	82	0
35	99	0
58	37	0
67	30	0
27	41	0
96	59	0
77	43	0
78	60	0
9	71	0
56	23	0
4	86	0
70	60	0
53	48	0
64	44	0
52	21	0
4	57	0
82	35	0
52	7	0
73	69	0
47	81	0
69	32	0
95	35	0
96	3	0
0	67	0
92	68	0
26	98	0
98	68	0
44	92	0
64	30	0
51	3	0
22	93	0
67	36	0
41	58	0
45	76	0
48	6	0
23	89	0
70	90	0
86	82	0
72	37	0
87	68	0
18	88	0
44	48	0
56	8	0
62	25	0
27	14	0
38	0	0
51	8	0
55	55	0
77	37	0
36	53	0
30	54	0
39	65	0
70	86	0
89	82	0
61	80	0
83	15	0
79	49	0
81	9	0
20	55	0
30	16	0
83	37	0
66	31	0
72	76	0
6	40	0
51	75	0
54	20	0
28	91	0
31	93	0
24	76	0
99	64	0
44	21	0
36	7	0
30	58	0
85	60	0
72	14	0
80	91	0
12	6	0
66	85	0
9	73	0
49	86	0
39	33	0
0	50	0
84	5	0
22	36	0
84	13	0
57	17	0
88	12	0
35	43	0
17	48	0
81	28	0
90	57	0
2	24	0
25	36	0
5	64	0
35	86	0
16	85	0
4	13	1
44	87	0
57	76	0
48	47	0
72	22	0
45	93	0
42	67	0
90	96	0
36	33	0
17	48	0
21	44	0
59	77	0
80	87	0
41	26	0
85	8	0
27	5	0
61	1	0
61	13	0
24	43	0
77	65	0
72	5	0
15	34	0
44	19	0
53	42	0
45	46	0
21	58	0
88	82	0
76	49	0
12	55	0
53	34	0
93	9	0
57	8	0
63	22	0
52	39	0
25	34	0
9	71	0
69	74	0
16	80	0
32	90	0
23	99	0
53	27	0
40	42	0
93	50	0
75	46	0
6	81	0
81	81	0
62	81	0
77	29	0
66	96	0
77	2	0
80	56	0
78	55	0
30	14	0
41	48	0
32	42	0
88	84	0
1	3	1
69	23	0
88	4	0
18	39	0
38	90	0
68	72	0
82	8	0
6	59	0
97	30	0
45	96	0
79	20	0
65	49	0
49	56	0
48	39	0
27	37	0
43	40	0
72	79	0
83	38	0
44	29	0
75	71	0
27	57	0
13	96	0
91	90	0
30	37	0
1	78	0
67	28	0
95	15	0
81	48	0
6	59	0
64	45	0
39	33	0
44	48	0
4	97	0
69	20	0
52	7	0
91	53	0
51	18	0
29	80	0
22	5	0
71	52	0
65	93	0
1	72	0
47	58	0
45	73	0
57	24	0
26	99	0
14	42	0
29	39	0
61	16	0
86	27	0
94	19	0
85	92	0
20	56	0
29	24	0
31	31	0
85	19	0
60	60	0
71	89	0
21	43	0
70	98	0
90	68	0
37	76	0
67	8	0
65	42	0
73	23	0
74	9	0
47	21	0
44	31	0
91	0	0
82	32	0
0	73	0
84	11	0
94	98	0
1	99	0
89	55	0
51	46	0
20	16	0
96	87	0
65	56	0
12	95	0
60	25	0
83	36	0
81	55	0
81	64	0
29	71	0
77	75	0
40	98	0
79	73	0
15	27	0
38	99	0
95	83	0
36	39	0
30	35	0
61	80	0
55	96	0
44	67	0
58	99	0
56	51	0
34	64	0
29	67	0
86	19	0
19	99	0
88	43	0
28	93	0
49	67	0
43	81	0
89	33	0
33	42	0
25	48	0
51	24	0
90	61	0
66	12	0
90	98	0
72	99	0
39	55	0
62	3	0
32	46	0
39	91	0
37	25	0
46	65	0
68	79	0
28	22	0
87	98	0
40	24	0
24	20	0
65	38	0
22	80	0
42	13	0
7	57	0
87	84	0
55	89	0
60	43	0
80	9	0
46	73	0
43	53	0
98	57	0
84	3	0
5	69	0
80	3	0
68	72	0
76	35	0
38	10	0
35	69	0
85	77	0
28	65	0
48	86	0
80	23	0
15	62	0
72	23	0
45	61	0
67	95	0
32	92	0
87	8	0
94	29	0
64	19	0
34	85	0
12	86	0
9	86	0
70	45	0
68	66	0
66	81	0
10	43	0
76	33	0
64	63	0
84	74	0
51	61	0
19	61	0
25	62	0
39	22	0
42	24	0
1	40	0
43	64	0
36	47	0
88	30	0
72	29	0
75	0	0
83	44	0
57	72	0
25	57	0
57	28	0
92	76	0
62	87	0
93	71	0
17	51	0
56	76	0
72	47	0
30	51	0
75	31	0
20	57	0
38	22	0
79	53	0
86	97	0
58	58	0
14	62	0
51	1	0
53	61	0
34	88	0
36	35	0
86	83	0
93	71	0
13	98	0
65	72	0
10	72	0
79	58	0
31	47	0
51	60	0
29	75	0
58	71	0
18	30	1
9	60	0
92	79	0
74	53	0
98	54	0
23	62	0
57	89	0
58	29	0
94	25	0
40	43	0
97	13	0
21	86	0
29	34	0
36	73	0
85	56	0
21	43	0
86	60	0
12	99	0
16	73	0
9	9	1
94	86	0
40	31	0
0	71	0
77	86	0
51	61	0
81	71	0
18	91	0
98	35	0
32	1	0
34	90	0
36	77	0
38	23	0
20	38	0
5	20	0
83	73	0
99	5	0
61	7	0
71	18	0
99	45	0
34	11	0
25	52	0
99	44	0
7	51	0
55	84	0
0	58	0
24	77	0
68	56	0
48	95	0
78	50	0
71	85	0
32	37	0
71	62	0
39	58	0
80	51	0
18	77	0
48	33	0
29	78	0
84	33	0
59	34	0
99	71	0
94	99	0
87	75	0
39	70	0
16	26	0
55	41	0
49	75	0
29	18	0
23	3	0
35	74	0
19	36	0
65	3	0
69	81	0
71	70	0
93	11	0
5	43	0
65	88	0
10	90	0
56	7	0
66	51	0
65	22	0
36	18	0
28	38	0
35	15	0
75	9	0
40	89	0
56	28	0
32	82	0
81	9	0
33	44	0
46	61	0
75	20	0
85	71	0
64	70	0
37	64	0
48	90	0
78	84	0
83	46	0
22	70	0
71	75	0
67	94	0
22	38	0
18	52	0
96	36	0
27	87	0
97	85	0
70	86	0
47	1	0
58	65	0
94	57	0
63	83	0
81	49	0
92	74	0
85	34	0
9	57	0
8	60	0
70	87	0
78	43	0
53	63	0
59	12	0
32	15	0
83	67	0
20	31	1
10	62	0
39	51	0
54	38	0
37	22	0
49	31	0
14	82	0
26	33	0
10	61	0
17	77	0
69	49	0
16	23	0
68	9	0
95	31	0
77	0	0
58	78	0
7	57	0
61	30	0
52	34	0
52	83	0
94	11	0
34	39	0
53	60	0
48	79	0
17	99	0
36	67	0
36	85	0
27	23	0
75	80	0
39	46	0
35	86	0
62	32	0
13	40	0
60	66	0
63	24	0
32	77	0
75	38	0
49	42	0
45	44	0
29	11	0
8	67	0
78	67	0
77	65	0
43	46	0
86	59	0
82	72	0
69	23	0
58	6	0
79	84	0
79	13	0
4	65	0
76	80	0
39	19	0
69	35	0
20	67	0
12	90	0
35	95	0
28	59	0
95	26	0
19	51	0
53	99	0
16	84	0
99	70	0
55	63	0
85	37	0
24	5	0
48	25	0
63	1	0
4	83	0
56	56	0
86	66	0
72	45	0
14	1	0
24	46	0
71	11	0
13	83	0
78	1	0
48	69	0
43	26	0
81	94	0
3	22	0
21	92	0
98	51	0
32	14	0
91	79	0
56	59	0
72	54	0
42	31	0
89	32	0
93	76	0
9	64	0
0	78	0
20	53	0
6	89	0
7	92	0
79	26	0
42	45	0
4	94	0
49	4	0
67	8	0
40	55	0
74	52	0
47	19	0
30	65	0
28	29	0
84	17	0
13	39	0
88	68	0
93	10	0
56	50	0
25	23	0
55	10	0
13	95	0
53	69	0
39	62	0
42	12	0
6	93	0
6	91	0
66	54	0
93	35	0
39	25	0
29	77	0
99	91	0
50	31	0
57	74	0
71	87	0
2	76	0
70	27	0
55	58	0
20	39	0
95	72	0
44	68	0
98	12	0
77	15	0
84	21	0
76	91	0
41	65	0
34	73	0
81	23	0
34	12	0
69	94	0
64	74	0
22	55	0
69	45	0
67	91	0
76	8	0
96	52	0
28	76	0
60	52	0
30	29	0
85	25	0
32	49	0
63	6	0
87	97	0
74	65	0
53	76	0
81	32	0
79	74	0
9	89	0
40	3	0
13	99	0
2	63	0
65	68	0
73	91	0
75	8	0
91	92	0
83	14	0
79	82	0
66	5	0
83	38	0
79	42	0
58	36	0
12	80	0
59	91	0
56	75	0
21	54	0
8	37	0
33	98	0
5	65	0
39	2	0
32	52	0
15	62	0
42	33	0
4	41	0
94	54	0
53	24	0
9	54	0
25	86	0
79	82	0
3	1	0
93	70	0
15	68	0
57	47	0
34	64	0
86	48	0
57	35	0
2	8	0
2	50	0
27	58	0
92	60	0
73	53	0
96	61	0
1	61	0
75	64	0
1	79	0
4	23	0
93	59	0
26	65	0
45	12	0
38	30	0
9	86	0
30	87	0
2	3	1
81	45	0
69	64	0
72	56	0
75	80	0
41	74	0
46	23	0
5	67	0
48	66	0
33	47	0
60	50	0
86	17	0
