99	68	0
22	14	0
61	96	0
2	1	0
93	38	0
97	98	0
44	18	1
43	83	0
59	23	0
82	53	0
5	93	0
0	9	0
20	99	0
98	36	0
66	73	0
41	33	0
83	67	0
95	16	0
55	97	0
41	70	0
80	68	0
52	12	0
24	84	0
52	23	1
88	68	0
84	85	0
83	80	0
10	27	0
56	20	1
50	39	0
84	24	0
79	66	0
13	76	0
31	97	0
83	7	0
61	92	0
33	9	1
49	67	0
81	71	0
95	69	0
61	63	0
98	28	0
15	73	0
64	9	1
95	69	0
19	77	0
56	1	0
8	73	0
39	98	0
32	62	1
84	53	0
53	34	0
35	16	0
98	90	0
91	99	0
91	13	0
32	90	0
96	8	0
22	20	0
76	91	0
2	94	0
82	6	0
23	69	0
66	89	0
40	63	0
12	25	0
73	82	0
89	36	0
20	90	0
48	92	0
67	27	0
28	93	0
50	94	0
19	13	0
96	15	0
77	30	0
55	75	0
86	35	0
84	65	0
56	7	1
68	41	0
0	97	0
72	3	0
48	78	0
57	28	0
82	15	0
35	53	1
88	57	0
2	53	0
76	87	0
6	78	0
32	91	0
97	57	0
73	30	0
32	68	0
33	65	1
77	2	0
70	49	0
15	77	0
32	1	0
64	70	0
47	32	0
6	98	0
96	25	0
40	81	0
81	70	0
89	5	0
61	84	0
64	79	0
6	26	0
60	89	0
97	84	0
82	53	0
22	84	0
72	32	0
81	4	0
98	61	0
86	34	0
94	51	0
31	51	0
58	9	1
56	66	0
10	22	0
52	34	0
85	60	0
51	24	1
49	82	0
61	71	0
63	18	0
48	36	0
53	19	1
60	81	0
47	57	0
41	99	0
75	41	0
63	70	0
56	72	0
92	57	0
26	12	0
43	33	0
16	20	0
15	77	0
29	59	0
77	47	0
54	38	0
91	7	0
29	80	0
55	22	1
27	39	0
67	80	0
25	67	0
59	61	0
45	80	0
41	45	1
39	0	0
55	19	1
43	89	0
25	63	0
73	75	0
92	67	0
24	95	0
86	73	0
28	52	0
22	71	0
50	74	0
50	48	1
17	36	0
76	80	0
95	87	0
45	67	0
74	44	0
4	38	1
68	8	1
59	48	0
56	18	0
70	20	0
12	55	1
41	57	0
52	18	1
33	69	0
97	33	0
28	93	0
23	61	0
73	92	0
50	52	1
23	21	0
40	79	0
53	14	0
94	98	0
31	85	0
97	6	0
19	80	0
99	30	0
56	99	0
69	81	0
62	56	0
26	51	0
14	71	0
60	3	0
65	88	0
98	51	0
39	87	0
68	69	0
87	19	0
54	76	0
36	83	0
35	85	0
25	22	0
67	24	0
81	52	0
51	42	0
75	70	0
73	22	0
23	93	0
55	64	0
90	33	0
75	40	0
50	6	0
0	39	1
90	30	0
77	79	0
66	99	0
78	54	0
97	27	0
88	14	0
2	36	1
86	77	0
31	97	0
88	85	0
42	99	0
40	34	0
85	35	0
25	98	0
85	23	0
19	53	0
29	85	0
48	15	1
24	89	0
76	88	0
80	76	0
93	58	0
95	53	0
24	85	0
42	70	0
86	12	0
87	56	0
42	2	0
35	25	0
40	54	1
78	41	0
25	55	0
36	42	0
26	77	0
79	99	0
94	56	0
57	71	0
93	0	0
95	35	0
62	8	0
92	50	0
69	49	0
66	79	0
2	35	1
43	61	0
74	26	0
12	86	0
28	62	0
8	91	0
93	63	0
44	7	1
80	66	0
82	6	0
99	78	0
24	1	0
41	97	0
24	67	0
60	97	0
40	32	0
79	16	0
88	12	0
58	13	1
92	13	0
53	51	0
75	29	0
77	59	0
8	3	0
0	53	1
31	98	0
22	75	0
54	98	0
43	66	0
82	42	0
67	7	1
48	88	0
49	62	0
97	96	0
6	40	1
61	39	0
65	89	0
80	21	0
26	7	0
48	0	0
49	20	1
28	30	0
91	57	0
73	11	0
20	44	0
16	29	0
37	53	1
42	35	0
95	72	0
89	66	0
64	32	0
86	7	0
71	10	0
73	14	0
49	42	0
41	25	0
9	71	0
82	88	0
47	88	0
5	99	0
35	51	0
54	9	1
54	37	0
80	36	0
69	50	0
79	75	0
83	87	0
74	28	0
70	82	0
72	7	0
77	58	0
72	53	0
63	53	0
93	75	0
72	10	0
87	17	0
19	45	0
64	94	0
59	72	0
75	18	0
16	76	0
94	44	0
59	98	0
98	25	0
60	25	0
34	55	0
55	49	0
30	68	1
60	81	0
78	32	0
82	78	0
20	89	0
93	94	0
42	11	1
1	76	0
45	50	1
97	6	0
89	32	0
42	73	0
57	54	0
70	43	0
18	94	0
73	28	0
88	58	0
45	31	0
38	95	0
27	12	0
42	47	0
54	95	0
1	45	1
37	86	0
37	80	0
14	69	0
13	25	0
73	4	0
77	32	0
98	11	0
83	98	0
29	66	0
30	25	0
75	11	0
57	50	0
69	94	0
2	22	0
47	86	0
92	51	0
29	77	0
73	2	0
41	65	0
62	18	0
61	9	1
82	20	0
89	44	0
7	83	0
74	14	0
82	95	0
31	97	0
86	69	0
43	55	1
9	31	0
63	92	0
71	45	0
6	76	0
64	24	0
91	41	0
76	49	0
72	59	0
20	51	0
97	52	0
18	92	0
98	58	0
18	96	0
86	89	0
41	29	0
72	77	0
56	93	0
49	46	1
59	97	0
80	50	0
45	47	1
25	63	0
85	5	0
4	79	0
80	56	0
21	97	0
46	52	1
44	67	0
80	26	0
24	56	0
52	30	0
90	54	0
71	23	0
81	87	0
43	93	0
36	56	1
40	44	0
66	99	0
58	20	1
39	88	0
87	81	0
86	75	0
75	11	0
23	6	0
40	36	0
30	56	0
37	7	1
0	79	0
84	80	0
63	86	0
66	49	0
70	14	0
37	68	0
36	74	0
87	55	0
89	3	0
14	73	0
78	9	0
57	60	0
55	28	1
37	6	1
38	39	0
83	87	0
26	76	0
56	86	0
71	18	0
77	14	0
50	58	0
59	82	0
23	94	0
94	24	0
80	11	0
81	25	0
13	66	0
18	99	0
11	83	0
60	31	0
74	88	0
75	96	0
3	35	0
66	60	0
75	91	0
77	62	0
68	67	0
23	95	0
12	75	0
43	28	0
9	25	0
46	35	0
32	45	0
96	33	0
85	49	0
64	8	0
61	33	0
57	51	0
40	27	0
92	76	0
54	82	0
81	50	0
32	63	1
37	97	0
81	58	0
57	9	1
28	10	0
96	49	0
65	85	0
42	34	0
50	56	0
32	99	0
61	97	0
88	65	0
25	83	0
63	43	0
0	73	0
57	49	0
45	72	0
68	54	0
54	72	0
61	86	0
7	56	0
57	53	0
84	48	0
83	61	0
38	77	0
73	87	0
46	29	0
96	22	0
53	47	0
94	7	0
5	79	0
55	90	0
88	73	0
73	71	0
17	90	0
7	68	0
76	85	0
37	28	0
8	86	0
71	97	0
51	61	0
85	66	0
20	88	0
72	42	0
21	0	0
51	88	0
20	85	0
9	18	0
90	55	0
89	22	0
75	30	0
77	14	0
21	14	0
23	54	0
78	33	0
1	79	0
59	73	0
1	41	1
24	74	0
66	49	0
64	92	0
68	42	0
73	85	0
75	52	0
76	83	0
5	83	0
51	47	0
29	78	0
73	55	0
60	43	0
93	46	0
99	99	0
81	95	0
51	62	0
75	50	0
66	69	0
66	4	0
67	80	0
85	73	0
88	8	0
58	80	0
4	97	0
50	41	0
69	37	0
64	29	0
69	21	0
21	85	0
75	19	0
32	66	1
88	15	0
40	61	0
47	33	0
57	91	0
67	76	0
48	82	0
71	88	0
83	64	0
84	48	0
96	65	0
80	94	0
99	45	0
35	64	0
83	80	0
40	73	0
77	83	0
99	49	0
45	87	0
87	73	0
87	51	0
81	31	0
42	48	1
2	61	0
49	80	0
75	14	0
69	30	0
80	82	0
66	44	0
12	86	0
20	88	0
65	44	0
88	24	0
84	51	0
98	3	0
82	97	0
53	21	1
58	41	0
34	76	0
97	23	0
69	50	0
29	78	0
18	97	0
26	73	0
7	85	0
61	61	0
45	30	0
44	81	0
41	49	0
69	76	0
76	12	0
20	86	0
91	52	0
20	23	0
9	79	0
72	61	0
70	46	0
42	62	0
92	45	0
88	52	0
76	52	0
55	9	1
56	69	0
84	45	0
4	28	0
98	78	0
56	47	0
43	84	0
8	77	0
24	86	0
31	60	0
87	28	0
58	94	0
7	99	0
99	69	0
55	28	1
77	22	0
23	17	0
31	34	0
72	10	0
15	73	0
85	51	0
93	37	0
3	7	0
0	33	0
71	17	0
39	81	0
99	84	0
3	10	0
48	92	0
82	30	0
38	10	1
98	81	0
43	60	0
66	70	0
24	36	0
93	37	0
90	68	0
19	74	0
19	87	0
29	70	0
24	94	0
76	9	0
23	57	0
12	87	0
40	38	0
49	20	1
45	63	0
68	44	0
48	7	1
35	73	0
96	21	0
7	30	0
78	52	0
84	23	0
50	51	0
29	22	0
44	11	1
17	93	0
43	84	0
23	63	0
19	22	0
21	80	0
19	79	0
69	58	0
90	43	0
36	58	0
82	99	0
45	31	0
61	76	0
41	82	0
16	89	0
91	39	0
44	57	0
7	17	0
88	52	0
62	52	0
90	24	0
89	23	0
76	34	0
58	88	0
44	37	0
61	45	0
60	32	0
41	3	0
37	94	0
58	63	0
91	32	0
60	98	0
85	55	0
78	45	0
40	83	0
36	76	0
87	29	0
52	44	0
69	1	0
97	98	0
78	84	0
51	78	0
72	26	0
88	81	0
19	81	0
60	26	0
17	93	0
40	60	0
87	67	0
68	9	1
93	95	0
83	11	0
93	94	0
62	12	1
70	23	0
74	57	0
66	32	0
9	80	0
58	98	0
67	77	0
2	21	0
7	89	0
11	78	0
43	17	1
43	37	0
8	47	1
79	39	0
45	12	1
2	65	0
27	87	0
60	93	0
99	46	0
3	67	0
68	41	0
26	93	0
81	51	0
73	42	0
29	56	0
85	37	0
78	43	0
62	66	0
52	49	0
1	82	0
2	6	0
76	68	0
20	64	0
18	5	0
2	92	0
26	72	0
96	42	0
70	83	0
86	65	0
99	84	0
50	51	0
60	32	0
2	79	0
55	61	0
38	51	1
69	40	0
86	20	0
