92	67	0
45	22	0
46	19	0
44	97	0
8	21	0
95	35	0
94	82	0
41	19	0
68	76	0
36	37	0
88	39	0
6	83	0
13	14	0
26	60	0
96	24	0
93	70	0
63	33	0
26	48	0
95	63	0
93	0	0
45	82	0
66	77	0
76	92	0
65	1	0
42	85	0
63	1	0
76	80	0
66	90	0
97	65	0
3	36	0
47	39	0
43	24	0
89	33	0
47	45	0
86	59	0
17	94	0
58	91	0
98	28	0
78	99	0
51	3	0
20	51	0
79	52	0
88	63	0
53	73	0
96	44	0
15	86	0
25	45	0
61	13	0
89	65	0
13	65	0
63	6	0
26	80	0
54	92	0
34	70	0
96	58	0
41	30	0
41	36	0
78	71	0
94	94	0
81	18	0
9	95	0
91	11	0
46	1	0
79	72	0
42	16	0
14	83	0
81	9	0
43	78	0
79	88	0
55	63	0
9	26	0
79	86	0
28	38	0
19	53	0
87	36	0
10	37	0
41	76	0
42	87	0
67	19	0
40	93	0
60	93	0
2	2	1
8	16	0
97	16	0
94	23	0
37	49	0
84	41	0
24	22	0
80	53	0
28	40	0
38	15	0
42	7	0
75	34	0
14	89	0
67	11	0
55	79	0
41	9	0
47	26	0
93	48	0
32	70	0
79	56	0
17	57	0
73	91	0
9	77	0
42	88	0
87	48	0
60	0	0
49	69	0
17	63	0
59	3	0
61	54	0
13	60	0
47	3	0
37	53	0
37	37	0
89	92	0
50	43	0
3	7	1
25	92	0
74	7	0
63	67	0
19	29	1
82	79	0
97	8	0
63	67	0
51	78	0
28	12	0
52	96	0
84	82	0
78	55	0
32	99	0
66	24	0
44	24	0
15	38	0
83	6	0
7	77	0
97	68	0
98	21	0
88	31	0
37	54	0
59	17	0
87	80	0
8	16	0
44	14	0
87	61	0
35	34	0
77	82	0
84	91	0
49	12	0
41	32	0
56	56	0
6	44	0
24	64	0
13	63	0
79	76	0
39	51	0
44	94	0
80	55	0
73	75	0
50	83	0
21	42	0
90	64	0
1	30	0
42	52	0
21	20	0
24	78	0
38	82	0
88	32	0
33	36	0
83	16	0
38	86	0
61	30	0
49	43	0
79	81	0
29	53	0
65	85	0
36	86	0
32	48	0
35	21	0
62	11	0
33	75	0
22	74	0
78	85	0
91	60	0
9	86	0
26	33	0
98	67	0
28	55	0
31	91	0
57	85	0
38	54	0
28	14	0
19	37	0
65	87	0
79	96	0
58	87	0
76	26	0
4	71	0
55	6	0
78	21	0
69	28	0
68	28	0
23	58	0
2	65	0
50	56	0
76	30	0
35	70	0
96	27	0
41	92	0
27	64	0
36	15	0
76	69	0
35	54	0
32	5	0
9	95	0
65	15	0
96	87	0
82	92	0
92	17	0
3	78	0
12	71	0
93	43	0
52	73	0
41	45	0
53	61	0
58	71	0
47	65	0
12	78	0
32	55	0
71	7	0
2	65	0
66	90	0
80	46	0
43	88	0
83	59	0
54	15	0
48	69	0
22	81	0
33	96	0
54	38	0
71	32	0
29	38	0
98	59	0
78	45	0
75	60	0
9	70	0
56	20	0
5	85	0
70	59	0
52	49	0
65	43	0
52	22	0
1	54	0
82	32	0
52	8	0
72	69	0
45	82	0
71	30	0
95	37	0
96	3	0
1	66	0
92	67	0
27	99	0
95	64	0
45	92	0
64	30	0
51	3	0
22	95	0
66	32	0
40	57	0
45	80	0
50	5	0
22	91	0
74	92	0
85	81	0
73	37	0
88	68	0
18	85	0
46	48	0
57	6	0
64	25	0
26	14	0
38	1	0
53	7	0
53	55	0
78	37	0
35	51	0
32	52	0
40	65	0
70	86	0
89	80	0
62	77	0
83	12	0
78	48	0
79	11	0
19	54	0
32	17	0
84	37	0
67	34	0
70	76	0
10	39	0
48	73	0
54	22	0
28	90	0
30	94	0
23	74	0
96	64	0
44	22	0
37	4	0
27	58	0
85	61	0
70	16	0
82	91	0
11	2	0
65	86	0
9	74	0
50	86	0
39	33	0
1	50	0
84	3	0
24	37	0
83	10	0
55	17	0
88	12	0
36	44	0
18	48	0
80	30	0
91	55	0
1	25	0
26	37	0
4	63	0
35	89	0
14	84	0
1	10	1
42	88	0
60	79	0
48	46	0
70	21	0
45	93	0
42	67	0
91	95	0
35	30	0
17	44	0
22	44	0
55	80	0
79	86	0
39	25	0
86	9	0
27	5	0
62	3	0
62	11	0
22	44	0
79	65	0
71	5	0
17	34	0
43	18	0
51	43	0
44	47	0
19	56	0
91	84	0
78	48	0
11	55	0
55	33	0
91	10	0
57	9	0
63	21	0
53	38	0
23	33	0
7	71	0
67	73	0
16	78	0
30	93	0
20	97	0
51	26	0
41	39	0
94	51	0
76	46	0
7	82	0
81	79	0
64	79	0
78	32	0
68	99	0
78	0	0
82	57	0
77	56	0
33	15	0
41	44	0
33	43	0
86	83	0
0	1	1
71	21	0
89	3	0
17	37	0
38	88	0
67	74	0
84	9	0
5	58	0
98	32	0
46	95	0
79	20	0
64	51	0
46	56	0
50	41	0
26	35	0
42	41	0
73	78	0
83	37	0
44	26	0
75	68	0
24	58	0
13	98	0
91	90	0
31	38	0
0	79	0
66	31	0
96	11	0
81	47	0
7	57	0
64	45	0
40	33	0
45	46	0
2	94	0
68	20	0
52	8	0
89	50	0
53	19	0
28	77	0
22	7	0
70	55	0
65	98	0
2	70	0
47	61	0
43	74	0
55	24	0
26	99	0
14	41	0
28	38	0
61	15	0
84	25	0
95	21	0
84	92	0
22	54	0
31	24	0
33	30	0
84	21	0
62	59	0
75	92	0
21	44	0
70	99	0
92	66	0
38	76	0
67	11	0
63	46	0
76	22	0
73	8	0
49	23	0
42	30	0
91	1	0
84	34	0
2	73	0
84	9	0
94	99	0
0	98	0
93	54	0
51	47	0
20	17	0
97	88	0
64	55	0
11	96	0
61	25	0
81	33	0
79	55	0
83	63	0
27	70	0
77	71	0
38	99	0
80	77	0
14	30	0
41	98	0
93	80	0
36	37	0
29	36	0
58	76	0
57	95	0
44	70	0
58	97	0
58	50	0
34	63	0
28	67	0
86	18	0
15	99	0
89	43	0
29	94	0
49	66	0
42	82	0
87	34	0
34	43	0
24	47	0
52	22	0
91	64	0
67	16	0
92	97	0
72	99	0
40	53	0
62	3	0
32	48	0
39	91	0
34	24	0
46	66	0
67	76	0
29	21	0
88	99	0
41	23	0
23	19	0
64	37	0
21	80	0
37	14	0
9	57	0
88	87	0
57	90	0
60	42	0
77	6	0
44	72	0
43	52	0
97	55	0
86	3	0
6	66	0
79	5	0
68	72	0
76	35	0
38	8	0
34	68	0
86	78	0
32	67	0
48	84	0
79	23	0
13	64	0
72	23	0
43	62	0
66	96	0
34	92	0
86	9	0
93	27	0
65	22	0
33	84	0
14	84	0
12	86	0
70	42	0
70	69	0
67	80	0
11	41	0
77	35	0
65	65	0
84	74	0
51	62	0
19	59	0
24	62	0
41	22	0
43	22	0
0	37	0
43	64	0
38	44	0
85	32	0
72	33	0
74	0	0
79	45	0
56	70	0
26	57	0
56	27	0
93	77	0
62	88	0
90	70	0
17	52	0
54	77	0
74	46	0
32	52	0
76	30	0
20	56	0
38	21	0
77	53	0
90	98	0
58	58	0
13	63	0
49	1	0
54	60	0
33	89	0
39	35	0
86	85	0
93	72	0
16	95	0
64	72	0
7	73	0
77	56	0
33	45	0
49	62	0
28	76	0
59	70	0
16	30	1
8	59	0
90	78	0
75	54	0
98	49	0
21	59	0
58	89	0
56	27	0
98	28	0
44	42	0
97	13	0
20	87	0
29	32	0
39	73	0
87	56	0
22	44	0
87	62	0
11	99	0
17	76	0
94	86	0
40	30	0
0	69	0
79	88	0
52	58	0
81	70	0
18	91	0
98	35	0
32	1	0
33	89	0
37	76	0
41	21	0
23	37	0
5	20	0
82	72	0
99	8	0
61	7	0
72	17	0
97	47	0
35	7	0
23	53	0
99	46	0
8	53	0
55	82	0
2	58	0
25	77	0
69	57	0
49	94	0
78	50	0
69	83	0
36	37	0
70	62	0
40	56	0
79	51	0
16	78	0
48	31	0
28	78	0
83	37	0
61	35	0
96	71	0
93	99	0
88	76	0
41	70	0
14	28	0
53	40	0
51	75	0
27	21	0
24	6	0
35	72	0
17	35	0
63	3	0
69	80	0
70	73	0
91	10	0
6	44	0
65	85	0
10	89	0
59	8	0
67	51	0
66	23	0
36	21	0
29	39	0
35	17	0
73	7	0
39	88	0
56	27	0
32	82	0
82	8	0
33	44	0
44	62	0
75	19	0
85	70	0
63	71	0
35	64	0
47	88	0
75	83	0
83	46	0
19	69	0
74	78	0
68	94	0
23	38	0
17	49	0
98	37	0
26	84	0
95	85	0
71	88	0
49	2	0
57	67	0
94	59	0
63	85	0
83	49	0
91	77	0
85	33	0
10	56	0
6	59	0
68	88	0
74	41	0
52	61	0
57	12	0
32	15	0
83	72	0
21	30	1
12	61	0
40	52	0
53	39	0
37	23	0
48	29	0
15	84	0
29	33	0
10	63	0
17	78	0
68	50	0
16	25	0
67	12	0
94	34	0
78	2	0
57	77	0
5	55	0
61	30	0
49	37	0
52	83	0
93	10	0
32	38	0
55	60	0
49	78	0
14	98	0
36	68	0
38	84	0
29	21	0
77	78	0
38	46	0
38	85	0
61	32	0
11	42	0
61	64	0
62	26	0
29	76	0
76	37	0
46	41	0
44	44	0
31	12	0
7	68	0
78	66	0
79	65	0
42	48	0
86	59	0
80	71	0
68	23	0
59	7	0
79	83	0
82	16	0
6	64	0
76	81	0
41	20	0
70	35	0
22	67	0
14	93	0
35	98	0
28	59	0
97	26	0
22	51	0
55	98	0
14	81	0
95	72	0
57	60	0
85	34	0
21	7	0
49	25	0
64	0	0
7	82	0
55	58	0
86	66	0
75	43	0
13	0	0
20	47	0
71	14	0
15	82	0
81	0	0
48	68	0
38	26	0
82	94	0
5	23	0
23	92	0
99	52	0
30	13	0
88	80	0
56	58	0
73	56	0
43	30	0
89	31	0
92	75	0
8	64	0
2	79	0
18	54	0
6	88	0
7	92	0
80	26	0
39	45	0
6	93	0
48	0	0
70	7	0
39	59	0
72	51	0
48	21	0
29	63	0
26	28	0
85	17	0
12	40	0
86	65	0
93	11	0
59	51	0
23	22	0
53	11	0
15	94	0
54	70	0
40	60	0
42	12	0
7	95	0
3	94	0
67	50	0
92	34	0
36	26	0
32	78	0
99	92	0
51	29	0
57	74	0
70	90	0
0	75	0
69	27	0
55	56	0
18	38	0
96	71	0
45	71	0
98	11	0
80	11	0
84	21	0
77	93	0
42	64	0
35	75	0
82	24	0
36	13	0
70	94	0
67	74	0
21	53	0
69	44	0
68	91	0
77	8	0
93	52	0
25	74	0
60	53	0
26	27	0
84	23	0
34	49	0
63	7	0
89	93	0
75	65	0
54	74	0
82	33	0
77	75	0
9	87	0
39	3	0
14	99	0
3	62	0
66	69	0
74	90	0
73	8	0
89	95	0
83	13	0
80	83	0
65	6	0
81	38	0
80	41	0
56	33	0
15	80	0
59	91	0
56	76	0
19	55	0
12	38	0
32	97	0
8	64	0
41	3	0
33	51	0
17	64	0
41	35	0
6	41	0
91	58	0
51	24	0
8	53	0
25	86	0
81	82	0
4	2	0
92	70	0
15	66	0
57	50	0
34	65	0
89	49	0
57	36	0
1	8	1
0	48	0
24	59	0
92	60	0
73	55	0
96	62	0
0	62	0
77	64	0
2	81	0
5	23	0
95	59	0
23	63	0
47	10	0
40	31	0
7	86	0
28	84	0
2	1	1
80	44	0
68	66	0
69	56	0
75	81	0
40	74	0
47	23	0
4	67	0
48	66	0
37	46	0
63	52	0
84	17	0
