91	63	0
25	2	0
30	31	0
64	97	0
18	0	0
90	40	0
99	92	0
56	13	0
60	76	0
63	29	0
83	51	0
3	86	0
11	9	0
19	85	0
96	22	0
79	80	0
53	42	0
17	59	1
87	52	0
99	17	0
45	96	0
63	66	0
72	78	0
52	2	0
29	74	0
53	17	0
88	76	0
69	91	0
91	78	0
2	36	0
52	13	0
43	26	0
95	27	0
17	57	1
79	65	0
10	86	0
35	91	0
88	19	0
80	83	0
40	7	0
39	65	0
88	70	0
93	73	0
53	65	0
99	47	0
16	83	0
73	3	0
98	62	0
15	71	0
68	6	0
9	74	0
54	84	0
25	72	0
96	70	0
47	38	0
40	31	0
92	86	0
99	90	0
98	8	0
17	99	0
98	15	0
33	3	0
74	89	0
36	0	0
6	94	0
88	12	0
31	80	0
64	96	0
45	61	0
7	31	0
69	84	0
15	53	1
89	28	0
31	89	0
54	98	0
62	26	0
29	92	0
61	94	0
0	13	0
98	10	0
86	19	0
51	70	0
85	38	0
92	57	0
51	18	0
32	12	0
69	52	0
1	94	0
52	0	0
43	68	0
47	6	0
62	28	0
84	33	0
33	63	0
84	48	0
1	59	0
83	95	0
0	92	0
40	94	0
94	52	0
73	15	0
37	71	0
33	58	0
60	3	0
68	57	0
5	67	0
33	0	0
10	47	0
39	50	0
62	82	0
43	40	0
11	91	0
81	31	0
43	80	0
75	67	0
92	11	0
72	93	0
62	71	0
29	25	0
61	95	0
99	78	0
74	60	0
25	95	0
65	32	0
32	20	0
71	8	0
13	55	0
96	76	0
96	26	0
90	48	0
37	53	0
54	0	0
76	63	0
15	26	0
45	28	0
99	56	0
48	31	0
62	79	0
60	80	0
50	23	0
39	36	0
58	36	0
11	53	0
19	58	0
70	87	0
48	61	0
40	95	0
72	40	0
74	61	0
52	63	0
90	64	0
20	20	0
51	52	0
22	13	0
11	75	0
32	62	0
86	41	0
39	46	0
92	0	0
37	85	0
58	28	0
41	40	0
77	80	0
27	68	0
51	65	0
42	89	0
36	52	0
42	15	0
52	17	0
42	93	0
25	66	0
75	82	0
94	64	0
23	99	0
99	74	0
29	50	0
22	73	0
49	72	0
54	55	0
15	23	0
74	86	0
99	78	0
48	65	0
66	28	0
5	45	0
56	8	0
71	53	0
54	17	0
77	22	0
21	50	1
2	48	0
46	55	0
66	32	0
42	68	0
86	26	0
36	98	0
24	59	0
39	19	1
80	83	0
43	51	0
26	9	0
26	76	0
64	8	0
94	84	0
46	92	0
97	3	0
6	67	0
19	67	0
97	32	0
50	88	0
25	50	1
55	75	0
71	64	0
45	63	0
21	75	0
20	51	0
68	2	0
11	56	0
61	80	0
94	50	0
42	87	0
80	64	0
82	23	0
50	75	0
26	77	0
34	99	0
44	29	0
76	32	0
80	44	0
56	43	0
72	69	0
6	45	0
62	26	0
22	99	0
58	67	0
80	42	0
70	29	0
50	4	0
7	44	0
94	20	0
37	21	1
69	72	0
58	91	0
73	45	0
93	34	0
95	10	0
0	35	0
87	75	0
34	96	0
93	81	0
35	97	0
59	35	0
76	34	0
16	91	0
88	23	0
28	59	0
31	73	0
48	12	0
33	93	0
79	88	0
79	79	0
95	54	0
97	59	0
11	88	0
36	73	0
77	7	0
75	45	0
32	21	0
39	0	0
50	26	0
50	52	0
86	48	0
32	54	0
39	49	0
27	81	0
75	88	0
85	55	0
57	79	0
83	9	0
92	40	0
62	9	0
27	43	1
81	43	0
76	54	0
71	70	0
5	40	0
35	68	0
62	23	0
17	91	0
29	81	0
14	80	0
89	79	0
47	13	0
35	2	0
38	54	0
80	73	0
63	7	0
84	93	0
23	0	0
49	91	0
9	66	0
49	87	0
48	36	0
8	48	0
77	34	0
75	13	0
50	16	0
76	13	0
39	61	0
7	50	0
72	17	0
84	61	0
4	9	0
6	63	0
36	95	0
8	85	0
51	97	0
48	67	0
65	41	0
71	4	0
46	81	0
48	69	0
99	87	0
35	25	1
0	55	0
34	47	1
60	47	0
75	78	0
32	30	1
86	25	0
33	2	0
46	0	0
52	17	0
42	33	0
76	59	0
63	15	0
19	53	0
32	8	0
46	59	0
44	37	0
30	43	1
90	75	0
84	59	0
6	48	0
57	34	0
95	10	0
66	15	0
68	23	0
47	39	0
42	33	0
5	74	0
69	84	0
39	74	0
17	97	0
24	74	0
51	10	0
41	39	0
98	38	0
83	44	0
5	62	0
82	66	0
76	81	0
82	26	0
78	88	0
79	3	0
73	70	0
76	60	0
63	49	0
87	73	0
64	6	0
92	18	0
30	48	0
50	94	0
62	74	0
82	14	0
23	70	0
99	25	0
65	95	0
90	18	0
64	25	0
31	57	0
63	38	0
34	55	0
52	87	0
80	35	0
34	18	1
75	85	0
37	54	0
19	93	0
98	96	0
50	30	0
4	91	0
50	51	0
92	8	0
80	39	0
27	63	0
66	53	0
37	21	1
55	53	0
10	99	0
82	24	0
43	6	0
89	52	0
49	44	0
33	92	0
15	7	0
56	60	0
53	94	0
0	46	0
41	76	0
39	82	0
53	27	0
22	82	0
17	28	0
74	1	0
72	15	0
89	4	0
87	91	0
23	67	0
43	22	0
83	1	0
78	58	0
75	95	0
3	25	0
61	95	0
97	66	0
33	79	0
81	3	0
46	59	0
73	21	0
67	6	0
42	18	1
44	13	0
99	9	0
83	40	0
10	91	0
81	12	0
91	92	0
27	98	0
99	72	0
39	44	0
15	26	0
79	96	0
63	45	0
4	86	0
65	37	0
78	36	0
68	41	0
79	71	0
29	66	0
94	64	0
39	94	0
93	69	0
24	96	0
89	90	0
42	34	0
61	66	0
62	99	0
50	62	0
59	94	0
75	52	0
38	45	0
36	55	0
87	1	0
2	86	0
97	57	0
22	84	0
46	66	0
43	84	0
83	42	0
35	50	0
44	22	0
86	54	0
70	13	0
83	96	0
48	95	0
40	54	0
46	12	0
37	43	0
58	99	0
46	17	0
42	64	0
81	78	0
36	12	0
95	92	0
67	6	0
7	5	0
43	37	0
21	73	0
45	2	0
9	73	0
88	84	0
65	86	0
65	42	0
68	1	0
43	62	0
47	66	0
96	56	0
95	1	0
11	74	0
82	4	0
53	71	0
53	28	0
36	7	0
33	62	0
81	87	0
33	68	0
47	79	0
67	31	0
21	53	1
71	32	0
42	57	0
65	94	0
28	97	0
95	16	0
96	20	0
73	15	0
19	65	0
32	97	0
22	92	0
64	40	0
76	81	0
78	93	0
3	36	0
61	37	0
70	80	0
72	62	0
63	81	0
8	87	0
15	77	0
44	21	0
48	17	0
9	36	0
44	44	0
39	44	0
97	27	0
86	39	0
77	12	0
76	42	0
56	54	0
29	45	1
43	25	0
93	80	0
46	94	0
83	57	0
38	68	0
37	89	0
79	56	0
24	52	1
77	23	0
29	15	0
95	49	0
78	91	0
49	46	0
8	51	0
45	12	0
49	51	0
43	82	0
67	89	0
94	59	0
12	80	0
68	46	0
14	64	0
62	48	0
44	72	0
55	52	0
48	77	0
62	72	0
3	65	0
64	66	0
78	49	0
84	57	0
36	70	0
67	85	0
41	12	0
98	20	0
53	47	0
92	3	0
9	84	0
38	83	0
86	64	0
13	48	1
75	71	0
18	94	0
16	79	0
85	84	0
40	24	0
4	72	0
67	97	0
50	61	0
93	68	0
23	97	0
84	40	0
17	3	0
38	70	0
25	82	0
36	17	0
19	56	1
11	19	0
85	65	0
98	18	0
49	11	0
68	38	0
88	11	0
20	7	0
31	64	0
80	33	0
12	64	0
56	83	0
1	47	0
25	76	0
76	60	0
52	99	0
72	51	0
78	83	0
73	59	0
46	55	0
77	77	0
8	81	0
42	39	0
29	81	0
81	49	0
68	30	0
90	50	0
97	99	0
90	89	0
40	70	0
77	45	0
57	56	0
31	22	1
35	19	1
35	65	0
5	44	0
65	4	0
71	76	0
90	80	0
91	8	0
16	49	1
57	81	0
6	95	0
52	9	0
52	25	0
70	24	0
58	22	0
39	21	0
77	13	0
34	88	0
70	20	0
30	94	0
99	18	0
40	63	0
62	37	0
68	96	0
79	68	0
34	81	0
67	96	0
90	66	0
90	44	0
16	62	0
91	80	0
72	93	0
16	60	0
98	48	0
32	73	0
95	85	0
52	91	0
30	17	0
75	74	0
98	49	0
47	87	0
77	74	0
95	57	0
80	41	0
30	53	0
3	60	0
59	80	0
68	25	0
52	42	0
46	10	0
33	22	1
89	79	0
16	50	0
65	30	0
46	12	0
52	23	0
5	88	0
11	55	0
10	78	0
68	42	0
96	24	0
92	26	0
97	2	0
69	95	0
7	55	0
61	22	0
58	48	0
36	81	0
92	28	0
60	54	0
34	85	0
20	95	0
37	68	0
21	99	0
31	8	0
71	70	0
47	19	0
40	76	0
49	44	0
6	43	0
68	66	0
65	18	0
27	91	0
93	51	0
26	45	1
19	30	0
14	71	0
81	63	0
62	59	0
45	44	0
96	59	0
99	65	0
65	48	0
58	12	0
71	62	0
85	37	0
8	41	0
86	80	0
51	36	0
20	72	0
0	83	0
24	94	0
27	61	0
95	25	0
1	55	0
58	87	0
7	87	0
87	63	0
49	31	0
89	28	0
17	20	0
31	34	0
74	12	0
28	73	0
44	53	0
98	59	0
85	41	0
7	1	0
2	48	0
54	19	0
2	45	0
78	7	0
47	70	0
23	29	1
90	89	0
1	11	0
44	99	0
93	39	0
38	1	0
89	86	0
52	63	0
71	67	0
37	39	0
93	36	0
93	76	0
12	67	0
11	75	0
7	42	0
22	69	0
17	89	0
64	16	0
31	56	0
9	91	0
33	17	0
60	9	0
34	65	0
66	43	0
43	7	0
38	77	0
97	20	0
7	24	0
73	44	0
89	26	0
45	48	0
23	24	0
45	4	0
18	92	0
46	70	0
30	58	0
26	16	0
22	93	0
20	76	0
60	46	0
94	48	0
34	74	0
82	92	0
52	28	0
66	69	0
57	92	0
3	85	0
82	42	0
50	55	0
12	21	0
98	67	0
51	53	0
95	21	0
74	13	0
81	26	0
59	97	0
48	44	0
43	36	0
68	26	0
44	1	0
52	93	0
49	73	0
19	43	1
83	30	0
59	95	0
92	44	0
86	56	0
38	78	0
30	67	0
81	27	0
49	41	0
74	9	0
96	91	0
79	79	0
53	69	0
75	44	0
76	92	0
18	75	0
53	18	0
19	98	0
9	58	0
44	60	0
75	83	0
61	16	0
98	95	0
86	15	0
99	98	0
66	7	0
75	25	0
65	57	0
57	31	0
22	89	0
49	88	0
75	80	0
7	35	0
17	78	0
6	74	0
36	10	0
42	46	0
18	52	0
4	45	0
86	44	0
46	23	0
12	66	0
24	85	0
65	97	0
91	45	0
0	70	0
67	45	0
32	75	0
78	52	0
74	29	0
1	51	0
28	55	0
86	42	0
71	53	0
82	50	0
12	66	0
62	55	0
0	87	0
0	6	0
86	66	0
17	69	0
21	7	0
37	23	1
4	96	0
18	83	0
93	41	0
75	78	0
83	60	0
91	80	0
48	65	0
63	39	0
1	68	0
48	62	0
31	64	0
62	47	0
93	20	0
