94	64	0
53	14	0
37	21	0
52	98	0
6	27	0
97	31	0
94	82	0
6	11	1
47	14	0
73	88	0
42	42	0
82	39	0
2	82	0
24	13	0
16	62	0
98	12	0
96	78	0
63	27	0
27	52	0
94	68	0
91	3	0
44	79	0
69	83	0
76	97	0
69	0	0
42	96	0
51	1	0
78	78	0
68	89	0
91	55	0
3	37	0
33	37	0
43	28	0
85	26	0
38	47	0
91	68	0
12	89	0
59	83	0
96	26	0
80	90	0
49	5	0
22	48	0
78	50	0
99	55	0
61	72	0
97	45	0
8	87	0
38	43	0
54	14	0
91	47	0
23	68	0
59	13	0
30	88	0
52	87	0
32	65	0
97	71	0
40	33	0
35	45	0
80	76	0
97	90	0
86	13	0
11	93	0
95	11	0
46	3	0
84	73	0
41	27	0
23	82	0
72	13	0
36	74	0
88	79	0
60	57	0
17	30	0
77	87	0
28	42	0
14	45	0
89	40	0
13	41	0
35	79	0
57	85	0
78	23	0
45	97	0
64	99	0
0	7	0
12	16	0
94	17	0
97	17	0
36	56	0
79	46	0
22	31	0
78	54	0
34	48	0
32	8	0
35	0	0
70	44	0
16	91	0
62	8	0
49	77	0
44	8	0
38	25	0
87	38	0
37	67	0
68	48	0
14	69	0
70	88	0
6	81	0
47	76	0
83	51	0
62	4	0
48	67	0
8	61	0
56	6	0
56	58	0
12	66	0
43	5	0
40	59	0
24	33	0
88	79	0
51	42	0
0	4	0
26	98	0
80	0	0
67	68	0
13	33	0
82	76	0
92	9	0
65	65	0
54	80	0
32	19	0
60	94	0
80	83	0
73	54	0
35	96	0
72	32	0
34	22	0
22	34	0
82	3	0
0	69	0
97	72	0
99	18	0
91	29	0
42	58	0
62	15	0
87	87	0
4	12	0
38	12	0
85	81	0
38	41	0
91	69	0
80	81	0
56	21	0
47	31	0
56	61	0
6	47	0
28	77	0
19	58	0
82	72	0
49	61	0
46	95	0
80	59	0
74	78	0
55	77	0
20	43	0
90	82	0
0	37	0
41	40	0
21	20	0
18	78	0
39	70	0
96	23	0
33	32	0
74	11	0
33	80	0
65	23	0
53	37	0
78	79	0
24	53	0
67	72	0
40	92	0
36	61	0
36	16	0
64	12	0
38	89	0
10	72	0
73	86	0
89	57	0
19	90	0
27	34	0
98	67	0
26	58	0
26	84	0
49	96	0
49	45	0
35	2	0
18	38	0
71	88	0
82	99	0
60	85	0
74	20	0
3	72	0
60	1	0
76	10	0
68	22	0
80	19	0
29	63	0
0	68	0
51	60	0
80	36	0
32	78	0
90	26	0
50	88	0
28	68	0
31	12	0
75	72	0
29	67	0
41	13	0
6	98	0
74	18	0
98	86	0
85	95	0
86	22	0
6	79	0
12	72	0
95	46	0
51	77	0
33	46	0
54	71	0
58	74	0
50	58	0
8	80	0
28	64	0
64	11	0
6	65	0
75	97	0
75	41	0
41	89	0
93	57	0
41	13	0
42	59	0
23	74	0
35	94	0
54	39	0
67	28	0
20	31	0
95	67	0
76	45	0
84	56	0
3	81	0
61	16	0
19	86	0
68	65	0
52	45	0
57	51	0
54	13	0
1	54	0
79	44	0
48	9	0
80	58	0
46	85	0
68	47	0
99	31	0
92	8	0
1	60	0
87	71	0
19	98	0
97	65	0
45	93	0
57	29	0
46	0	0
22	92	0
68	32	0
38	58	0
45	76	0
47	8	0
27	98	0
70	93	0
85	80	0
70	28	0
91	72	0
7	90	0
46	36	0
59	1	0
70	23	0
37	16	0
40	4	0
55	11	0
53	46	0
68	36	0
39	54	0
27	51	0
53	59	0
70	84	0
83	77	0
58	89	0
88	10	0
91	52	0
80	5	0
14	55	0
28	3	0
82	37	0
55	19	0
75	74	0
4	38	0
50	68	0
50	23	0
29	97	0
33	89	0
24	71	0
97	65	0
37	31	0
39	5	0
27	62	0
91	52	0
81	27	0
68	88	0
17	10	0
66	92	0
8	72	0
43	88	0
40	35	0
2	54	0
75	5	0
25	29	0
86	12	0
38	15	0
10	2	1
82	5	0
32	46	0
11	40	0
81	24	0
94	59	0
5	30	0
32	27	0
1	59	0
28	90	0
16	84	0
5	8	0
35	91	0
46	67	0
47	37	0
64	23	0
44	90	0
35	67	0
89	95	0
45	26	0
19	48	0
30	38	0
56	75	0
82	96	0
49	18	0
85	3	0
33	0	0
51	12	0
60	11	0
18	42	0
83	55	0
65	4	0
19	37	0
52	5	0
55	50	0
47	47	0
24	63	0
81	85	0
68	50	0
20	52	0
57	32	0
18	12	1
97	7	0
53	8	0
65	16	0
59	44	0
26	35	0
7	70	0
69	76	0
17	80	0
29	92	0
23	93	0
48	21	0
41	35	0
93	56	0
67	47	0
10	81	0
83	80	0
57	93	0
19	33	0
75	20	0
57	97	0
72	1	0
91	57	0
81	49	0
36	20	0
44	47	0
36	50	0
90	78	0
7	16	0
72	22	0
89	8	0
15	43	0
29	93	0
70	74	0
81	1	0
3	64	0
99	29	0
45	96	0
76	8	0
59	48	0
46	51	0
49	40	0
36	41	0
50	34	0
75	79	0
79	52	0
36	37	0
81	70	0
22	52	0
17	92	0
86	89	0
35	29	0
1	76	0
68	18	0
90	15	0
76	44	0
16	63	0
63	35	0
31	36	0
54	45	0
5	99	0
65	28	0
51	15	0
84	49	0
47	22	0
33	82	0
28	5	0
79	52	0
10	0	1
72	96	0
1	87	0
33	52	0
52	78	0
56	33	0
20	97	0
16	44	0
26	38	0
60	15	0
91	27	0
84	21	0
86	92	0
20	61	0
36	18	0
32	27	0
78	22	0
52	60	0
76	91	0
21	39	0
75	96	0
87	71	0
35	78	0
77	5	0
73	42	0
80	17	0
70	13	0
43	18	0
43	32	0
93	4	0
77	31	0
2	62	0
90	18	0
91	95	0
8	96	0
93	59	0
50	47	0
22	13	0
91	87	0
77	54	0
24	98	0
67	28	0
80	48	0
87	56	0
83	60	0
29	72	0
85	78	0
39	94	0
86	72	0
35	38	0
25	93	0
97	85	0
30	36	0
32	42	0
70	75	0
62	91	0
51	63	0
55	97	0
53	57	0
39	61	0
32	64	0
82	21	0
15	91	0
80	55	0
23	90	0
45	62	0
42	75	0
86	29	0
27	30	0
20	49	0
57	35	0
95	69	0
68	12	0
89	98	0
71	96	0
35	46	0
62	8	0
32	40	0
31	87	0
46	33	0
57	68	0
69	81	0
34	23	0
81	95	0
44	27	0
36	15	0
66	41	0
33	80	0
42	18	0
6	61	0
86	78	0
56	94	0
53	43	0
82	10	0
47	76	0
43	49	0
95	58	0
89	1	0
3	76	0
72	7	0
70	78	0
72	30	0
36	4	0
36	69	0
80	81	0
32	74	0
52	81	0
73	23	0
14	72	0
65	15	0
43	63	0
60	99	0
29	98	0
91	6	0
90	16	0
64	14	0
44	88	0
12	89	0
4	88	0
75	47	0
72	64	0
81	64	0
22	47	0
82	43	0
68	61	0
87	73	0
62	62	0
21	58	0
27	70	0
37	26	0
45	38	0
3	46	0
53	64	0
38	42	0
90	35	0
82	36	0
67	1	0
80	33	0
53	76	0
15	52	0
56	33	0
92	75	0
63	86	0
97	72	0
19	54	0
52	70	0
63	51	0
26	54	0
90	28	0
20	55	0
36	25	0
88	52	0
80	99	0
59	54	0
21	65	0
44	5	0
64	73	0
31	85	0
44	26	0
76	82	0
94	70	0
20	99	0
54	69	0
13	71	0
73	61	0
32	55	0
46	63	0
36	76	0
61	71	0
23	31	0
14	63	0
87	80	0
81	52	0
99	56	0
26	66	0
57	82	0
67	28	0
89	25	0
40	42	0
95	15	0
13	86	0
26	31	0
30	78	0
84	58	0
20	40	0
94	66	0
13	98	0
7	71	0
19	8	0
92	92	0
35	29	0
3	75	0
75	91	0
45	62	0
84	72	0
30	90	0
98	32	0
28	17	0
37	86	0
32	71	0
36	19	0
22	42	0
1	20	0
87	70	0
89	13	0
58	11	0
73	14	0
95	40	0
28	9	0
32	42	0
97	39	0
11	57	0
48	83	0
1	48	0
16	76	0
81	56	0
46	96	0
71	49	0
75	77	0
37	32	0
74	64	0
37	57	0
84	42	0
10	70	0
59	35	0
35	68	0
74	33	0
58	37	0
98	83	0
99	97	0
85	83	0
22	80	0
21	32	0
60	49	0
49	76	0
34	17	0
19	3	0
36	73	0
9	37	0
65	2	0
68	86	0
79	63	0
91	16	0
14	44	0
10	2	1
75	91	0
4	99	0
48	6	0
61	52	0
71	15	0
12	5	1
42	18	0
22	38	0
44	14	0
67	3	0
44	84	0
57	23	0
33	88	0
73	6	0
31	39	0
51	71	0
73	23	0
91	75	0
62	75	0
35	71	0
47	84	0
76	85	0
84	58	0
19	67	0
80	76	0
58	97	0
14	33	0
21	49	0
92	34	0
31	93	0
98	94	0
68	81	0
47	3	0
53	46	0
85	53	0
55	86	0
82	50	0
95	74	0
84	30	0
16	62	0
2	56	0
73	82	0
78	37	0
49	60	0
53	11	0
31	17	0
78	76	0
25	33	0
9	67	0
47	52	0
59	43	0
36	11	0
58	32	0
18	87	0
19	40	0
10	56	0
10	72	0
76	51	0
17	23	0
62	13	0
97	26	0
79	0	0
57	74	0
9	60	0
64	27	0
48	32	0
65	78	0
83	10	0
42	46	0
50	64	0
49	84	0
19	99	0
27	66	0
43	84	0
27	34	0
76	79	0
52	45	0
32	77	0
64	32	0
8	48	0
60	64	0
61	19	0
32	77	0
79	46	0
53	46	0
53	41	0
39	17	0
4	62	0
74	65	0
75	56	0
42	36	0
83	58	0
84	66	0
75	32	0
70	5	0
95	80	0
87	12	0
6	69	0
70	78	0
35	17	0
63	40	0
14	3	1
15	57	0
11	86	0
32	86	0
27	50	0
94	30	0
23	53	0
53	96	0
19	79	0
98	74	0
51	59	0
84	39	0
21	2	0
53	19	0
53	8	0
6	9	1
12	80	0
63	59	0
84	64	0
71	48	0
16	0	0
27	39	0
68	8	0
0	81	0
70	2	0
43	74	0
50	19	0
77	97	0
9	32	0
9	96	0
99	54	0
30	14	0
92	74	0
62	65	0
75	41	0
51	28	0
92	25	0
87	73	0
15	65	0
2	80	0
24	62	0
6	87	0
5	81	0
83	26	0
33	48	0
1	97	0
51	10	0
59	1	0
39	46	0
22	27	1
68	37	0
41	22	0
24	73	0
32	32	0
78	12	0
10	40	0
81	51	0
90	0	0
64	54	0
26	9	0
51	19	0
11	99	0
58	78	0
36	71	0
36	13	0
1	80	0
0	92	0
65	49	0
91	41	0
38	29	0
28	77	0
23	23	1
95	84	0
55	28	0
49	72	0
62	99	0
20	23	1
1	85	0
68	26	0
55	63	0
25	32	0
97	70	0
42	67	0
98	21	0
72	15	0
93	20	0
84	81	0
46	61	0
31	88	0
84	9	0
22	5	0
67	89	0
68	72	0
19	52	0
71	38	0
75	86	0
88	14	0
96	53	0
21	70	0
59	46	0
25	24	0
91	21	0
38	44	0
62	8	0
93	96	0
85	74	0
44	71	0
76	32	0
73	76	0
1	90	0
47	3	0
9	90	0
9	71	0
69	69	0
73	95	0
80	8	0
96	90	0
82	4	0
80	72	0
60	2	0
88	37	0
81	52	0
55	29	0
10	70	0
58	88	0
57	75	0
19	48	0
3	39	0
35	98	0
10	68	0
44	0	0
37	54	0
14	67	0
41	23	0
5	46	0
93	54	0
51	18	0
0	47	0
27	87	0
74	65	0
0	2	0
95	70	0
19	79	0
57	45	0
34	53	0
93	41	0
55	43	0
0	11	0
1	50	0
21	59	0
94	68	0
67	47	0
99	63	0
1	56	0
61	59	0
13	69	0
2	17	0
80	59	0
25	66	0
44	10	0
34	36	0
9	82	0
33	88	0
3	4	0
81	43	0
70	57	0
82	67	0
74	79	0
43	88	0
43	17	0
0	73	0
46	66	0
42	53	0
57	49	0
86	11	0
