96	64	0
54	14	0
36	20	0
51	98	0
4	28	0
98	31	0
93	83	0
7	10	1
46	14	0
72	87	0
42	43	0
82	37	0
2	81	0
22	11	0
18	64	0
97	13	0
97	80	0
65	25	0
28	54	0
96	68	0
89	3	0
43	79	0
69	84	0
74	98	0
68	1	0
42	97	0
51	2	0
78	81	0
70	89	0
91	55	0
3	39	0
33	36	0
44	28	0
85	26	0
37	46	0
90	70	0
12	91	0
60	81	0
94	26	0
78	89	0
47	4	0
22	46	0
77	49	0
99	54	0
61	73	0
95	46	0
8	86	0
38	44	0
54	16	0
89	48	0
21	69	0
57	15	0
28	89	0
53	88	0
30	63	0
97	71	0
38	33	0
34	46	0
79	77	0
97	91	0
85	15	0
13	93	0
97	12	0
48	1	0
85	73	0
39	27	0
23	83	0
74	11	0
35	74	0
88	79	0
60	60	0
16	30	0
76	87	0
27	40	0
15	46	0
88	41	0
14	41	0
35	79	0
56	84	0
77	22	0
44	98	0
65	99	0
0	7	0
12	15	0
94	19	0
98	18	0
38	55	0
79	48	0
24	34	0
79	54	0
35	48	0
33	8	0
35	1	0
70	43	0
17	90	0
64	6	0
52	77	0
44	8	0
39	25	0
88	38	0
37	64	0
68	47	0
13	70	0
69	88	0
7	80	0
46	76	0
84	49	0
61	5	0
50	66	0
6	60	0
57	7	0
54	58	0
12	68	0
44	3	0
39	59	0
24	34	0
88	79	0
52	42	0
0	4	0
23	99	0
80	0	0
65	68	0
12	32	0
84	77	0
91	10	0
66	65	0
55	82	0
32	18	0
61	94	0
21	23	1
81	83	0
71	53	0
36	95	0
73	32	0
34	21	0
21	34	0
82	1	0
1	69	0
98	72	0
97	16	0
92	28	0
41	58	0
61	13	0
89	90	0
4	12	0
38	13	0
86	79	0
39	41	0
91	71	0
80	79	0
58	21	0
48	31	0
57	60	0
6	48	0
28	79	0
17	57	0
79	71	0
46	62	0
45	95	0
78	60	0
71	78	0
57	79	0
21	44	0
91	80	0
0	34	0
41	39	0
22	20	0
19	77	0
38	70	0
96	22	0
34	33	0
72	13	0
34	81	0
66	23	0
51	36	0
76	79	0
22	52	0
67	73	0
40	92	0
35	61	0
36	15	0
65	13	0
38	88	0
8	72	0
73	86	0
89	57	0
17	90	0
30	32	0
99	68	0
27	60	0
27	84	0
47	97	0
49	45	0
35	2	0
20	39	0
70	90	0
82	99	0
60	85	0
75	21	0
5	70	0
60	2	0
75	9	0
70	20	0
79	20	0
30	62	0
0	68	0
52	60	0
78	36	0
31	77	0
89	24	0
53	87	0
29	66	0
28	11	0
75	71	0
30	68	0
42	13	0
5	98	0
76	18	0
98	85	0
84	96	0
86	21	0
5	78	0
13	72	0
95	46	0
50	75	0
33	47	0
53	73	0
57	75	0
51	58	0
9	80	0
27	64	0
64	10	0
6	66	0
74	98	0
75	41	0
40	90	0
90	58	0
41	16	0
40	57	0
22	74	0
35	93	0
53	37	0
67	28	0
19	30	0
95	67	0
77	45	0
84	56	0
4	81	0
61	17	0
18	85	0
69	67	0
51	44	0
58	52	0
54	13	0
7	10	1
2	55	0
78	44	0
51	9	0
80	58	0
46	86	0
68	47	0
98	29	0
92	9	0
2	60	0
87	70	0
21	97	0
94	64	0
43	94	0
57	30	0
45	0	0
21	92	0
67	32	0
41	56	0
47	77	0
48	8	0
28	98	0
69	94	0
86	79	0
68	29	0
89	73	0
7	88	0
47	38	0
60	2	0
70	23	0
36	17	0
41	4	0
54	10	0
53	46	0
70	35	0
38	53	0
26	49	0
52	59	0
70	84	0
84	78	0
57	90	0
89	9	0
93	51	0
79	3	0
14	55	0
27	2	0
82	38	0
54	21	0
78	71	0
4	38	0
49	69	0
49	23	0
28	98	0
36	90	0
26	71	0
99	66	0
38	30	0
37	5	0
27	60	0
91	55	0
81	26	0
68	89	0
18	11	0
65	94	0
10	73	0
42	89	0
41	35	0
1	55	0
76	4	0
23	28	0
87	13	0
39	16	0
12	3	0
83	5	0
34	48	0
10	40	0
83	24	0
93	59	0
5	30	0
31	26	0
0	58	0
26	90	0
15	82	0
5	9	0
35	92	0
45	66	0
46	37	0
65	22	0
46	88	0
35	66	0
88	96	0
46	26	0
20	49	0
30	37	0
56	78	0
80	96	0
49	18	0
85	1	0
32	0	0
51	11	0
60	10	0
17	42	0
81	55	0
65	3	0
19	38	0
54	7	0
55	51	0
47	48	0
23	62	0
80	84	0
68	50	0
19	52	0
57	32	0
18	12	1
94	7	0
53	8	0
64	16	0
60	42	0
26	35	0
6	71	0
68	75	0
16	79	0
31	91	0
21	93	0
47	22	0
39	34	0
93	58	0
66	48	0
8	80	0
82	78	0
58	93	0
19	32	0
76	20	0
56	96	0
73	3	0
93	59	0
81	48	0
37	18	0
45	48	0
36	49	0
90	78	0
7	16	0
72	23	0
90	8	0
14	44	0
29	92	0
70	74	0
82	0	0
4	62	0
98	29	0
44	95	0
76	9	0
60	48	0
45	51	0
49	40	0
34	40	0
52	35	0
76	78	0
78	52	0
38	36	0
81	69	0
21	53	0
16	92	0
86	87	0
36	29	0
0	75	0
68	18	0
91	15	0
74	44	0
15	62	0
63	35	0
30	36	0
55	45	0
7	99	0
64	28	0
51	14	0
84	50	0
46	21	0
33	82	0
28	5	0
79	51	0
11	2	1
70	96	0
0	86	0
35	51	0
51	77	0
56	31	0
21	97	0
14	44	0
27	39	0
59	14	0
90	29	0
86	22	0
87	94	0
20	60	0
34	16	0
33	29	0
81	23	0
51	61	0
75	92	0
21	39	0
75	95	0
85	72	0
37	78	0
79	5	0
72	42	0
82	17	0
70	12	0
44	17	0
42	31	0
91	5	0
76	29	0
3	63	0
91	19	0
90	95	0
10	95	0
91	61	0
50	48	0
22	13	0
91	86	0
77	54	0
24	99	0
66	27	0
79	49	0
90	53	0
82	61	0
28	74	0
85	79	0
38	92	0
88	73	0
36	39	0
25	93	0
96	85	0
31	37	0
31	43	0
70	74	0
61	91	0
51	65	0
54	96	0
55	58	0
37	63	0
31	63	0
82	19	0
16	90	0
80	57	0
22	92	0
44	63	0
43	76	0
84	26	0
28	30	0
21	48	0
58	37	0
95	71	0
68	12	0
90	98	0
72	98	0
36	47	0
63	7	0
34	40	0
31	85	0
45	33	0
57	68	0
70	81	0
35	20	0
82	94	0
42	27	0
35	14	0
66	43	0
33	80	0
43	17	0
7	62	0
88	77	0
56	94	0
54	43	0
82	11	0
46	74	0
43	50	0
97	59	0
90	0	0
4	76	0
73	8	0
71	79	0
72	30	0
36	4	0
37	69	0
79	79	0
34	72	0
54	80	0
74	22	0
16	71	0
67	14	0
44	63	0
59	99	0
30	98	0
94	5	0
89	15	0
65	12	0
42	87	0
13	88	0
5	85	0
76	47	0
72	66	0
82	61	0
22	46	0
81	42	0
69	60	0
87	73	0
62	63	0
19	59	0
27	72	0
38	27	0
45	38	0
2	47	0
53	63	0
39	43	0
89	34	0
80	36	0
67	0	0
80	33	0
54	77	0
16	51	0
57	33	0
92	72	0
62	87	0
96	73	0
19	56	0
52	71	0
63	51	0
27	54	0
92	28	0
21	58	0
36	26	0
89	50	0
79	99	0
57	53	0
20	64	0
45	5	0
63	71	0
31	85	0
43	25	0
75	81	0
94	69	0
19	99	0
55	69	0
12	71	0
72	61	0
31	55	0
47	64	0
37	78	0
61	69	0
24	31	0
14	62	0
88	79	0
81	50	0
99	57	0
27	68	0
57	81	0
68	30	0
90	26	0
39	42	0
95	17	0
12	88	0
28	31	0
30	78	0
84	56	0
20	39	0
92	68	0
12	98	0
9	73	0
20	10	0
94	91	0
34	28	0
3	77	0
77	90	0
43	61	0
83	74	0
31	89	0
98	32	0
26	17	0
37	85	0
34	71	0
37	18	0
22	41	0
0	21	0
87	72	0
87	14	0
59	9	0
73	14	0
95	40	0
25	8	0
33	43	0
94	41	0
13	57	0
49	84	0
3	49	0
16	75	0
81	53	0
45	96	0
70	51	0
74	76	0
37	32	0
76	63	0
37	58	0
84	43	0
9	71	0
59	34	0
35	66	0
74	32	0
56	38	0
99	83	0
98	95	0
85	85	0
20	79	0
21	33	0
58	50	0
49	75	0
33	18	0
19	4	0
36	73	0
9	38	0
65	4	0
67	86	0
80	63	0
92	17	0
14	45	0
10	1	1
76	92	0
3	98	0
49	5	0
63	52	0
71	14	0
11	4	1
42	17	0
21	36	0
46	16	0
68	4	0
44	84	0
59	22	0
32	91	0
75	5	0
30	39	0
52	70	0
73	24	0
91	74	0
63	76	0
34	73	0
46	85	0
75	88	0
85	59	0
19	65	0
80	78	0
60	97	0
11	34	0
19	48	0
93	37	0
32	92	0
99	94	0
67	82	0
46	2	0
52	46	0
85	55	0
56	87	0
80	50	0
95	73	0
85	30	0
16	61	0
1	56	0
73	84	0
76	37	0
51	61	0
54	10	0
32	15	0
79	74	0
26	35	0
10	65	0
46	49	0
58	43	0
35	12	0
57	31	0
16	86	0
19	41	0
11	56	0
8	71	0
77	53	0
18	20	0
63	12	0
95	25	0
80	2	0
56	74	0
7	62	0
66	27	0
48	31	0
66	79	0
80	10	0
42	46	0
50	62	0
48	83	0
20	98	0
25	69	0
43	86	0
27	36	0
74	81	0
53	46	0
30	76	0
61	32	0
8	48	0
60	62	0
60	19	0
33	78	0
79	48	0
53	48	0
51	40	0
40	17	0
3	62	0
73	66	0
74	58	0
43	37	0
84	58	0
83	67	0
76	33	0
68	5	0
93	80	0
86	12	0
6	68	0
71	78	0
36	18	0
62	41	0
12	1	1
16	56	0
12	86	0
33	86	0
25	47	0
95	32	0
22	54	0
52	98	0
19	80	0
99	72	0
52	60	0
83	39	0
21	3	0
53	19	0
52	8	0
7	8	1
12	78	0
65	59	0
83	64	0
72	48	0
16	3	0
27	38	0
70	7	0
0	81	0
73	4	0
42	74	0
49	22	0
76	97	0
7	33	0
8	93	0
98	55	0
33	15	0
94	74	0
61	63	0
75	41	0
49	28	0
94	25	0
87	73	0
15	65	0
3	82	0
24	61	0
4	86	0
6	81	0
83	27	0
33	49	0
2	98	0
51	11	0
59	0	0
38	47	0
21	26	1
65	38	0
39	23	0
23	74	0
33	32	0
79	12	0
11	39	0
83	52	0
89	1	0
65	52	0
26	10	0
49	18	0
11	99	0
59	78	0
37	70	0
35	14	0
3	81	0
1	93	0
65	50	0
89	41	0
37	30	0
29	77	0
22	25	1
94	83	0
55	27	0
49	72	0
64	98	0
20	24	1
1	85	0
67	26	0
55	63	0
27	32	0
97	71	0
41	68	0
99	18	0
73	16	0
93	19	0
85	83	0
46	59	0
28	88	0
84	7	0
22	5	0
67	89	0
65	72	0
19	51	0
71	37	0
73	86	0
89	13	0
95	52	0
22	72	0
60	47	0
26	23	0
92	22	0
38	43	0
62	9	0
91	99	0
84	74	0
45	71	0
74	31	0
71	75	0
1	91	0
47	3	0
9	91	0
9	71	0
69	69	0
75	97	0
81	8	0
96	88	0
83	5	0
81	70	0
60	1	0
88	36	0
81	52	0
56	28	0
10	69	0
57	88	0
56	74	0
18	48	0
4	40	0
34	97	0
10	67	0
44	1	0
39	56	0
13	67	0
39	26	0
6	46	0
91	51	0
51	16	0
1	46	0
27	88	0
75	65	0
1	1	0
93	69	0
21	80	0
58	45	0
33	51	0
94	41	0
56	42	0
1	12	0
0	50	0
22	59	0
94	70	0
66	48	0
98	60	0
2	55	0
61	58	0
13	67	0
3	17	0
79	59	0
26	66	0
46	11	0
34	34	0
9	81	0
31	87	0
5	4	0
81	46	0
70	59	0
82	66	0
74	79	0
44	86	0
45	16	0
0	74	0
47	66	0
42	54	0
58	49	0
85	11	0
