99	66	0
24	15	0
62	99	0
15	5	0
87	42	0
86	98	0
46	81	0
66	46	0
3	86	0
0	4	0
17	84	0
93	44	0
68	80	0
36	34	0
86	89	0
99	41	0
44	97	0
38	83	0
64	73	0
43	14	0
77	73	0
88	89	0
74	85	0
5	20	0
78	13	0
68	73	0
32	95	0
81	22	0
68	89	0
47	65	0
81	80	0
95	51	0
95	26	0
22	74	1
86	80	0
14	67	1
36	1	0
8	74	0
32	86	0
80	46	0
30	13	0
97	91	0
86	87	0
96	19	0
32	82	1
93	12	0
25	28	0
71	86	0
8	89	0
92	8	0
64	92	0
6	23	0
77	86	0
90	26	0
25	87	0
60	95	0
85	17	0
23	88	0
32	89	1
25	4	0
97	4	0
76	31	0
46	77	0
86	22	0
61	45	0
80	31	0
10	94	0
44	85	0
75	14	1
94	66	0
71	97	0
6	68	0
38	99	0
95	54	0
75	17	0
49	34	0
33	6	0
70	55	0
4	83	0
93	31	0
46	71	0
83	55	0
84	4	0
74	98	0
65	90	0
6	33	0
65	79	0
84	72	0
80	41	0
20	99	0
66	43	0
89	60	0
93	31	0
99	38	0
12	53	0
6	20	0
91	57	0
50	83	0
51	60	1
51	76	0
55	99	0
74	30	0
69	72	0
74	72	0
90	65	0
23	17	0
19	12	0
78	55	0
94	5	0
25	96	0
23	40	0
64	75	0
62	86	0
54	76	0
41	2	0
54	81	0
68	82	0
80	56	0
18	92	0
90	84	0
1	74	0
53	59	1
17	50	0
76	80	0
94	70	0
47	66	0
65	40	0
91	42	0
24	92	0
58	82	0
20	42	0
51	81	0
39	24	0
91	86	0
27	98	0
90	2	0
81	38	0
64	89	0
69	81	0
61	74	0
24	43	0
23	64	0
62	90	0
80	69	0
37	92	0
57	86	0
73	20	0
22	70	1
46	89	0
26	25	0
81	60	0
64	40	0
79	66	0
83	35	0
7	93	0
62	49	0
94	34	0
59	34	0
53	19	0
95	30	0
67	80	0
78	97	0
84	67	0
95	25	0
94	34	0
88	76	0
29	91	0
66	82	0
47	90	0
80	31	0
12	95	0
88	16	0
21	47	0
28	89	0
24	97	0
81	76	0
77	82	0
87	49	0
84	55	0
43	86	0
75	2	1
83	63	0
46	4	0
45	27	0
85	42	0
29	72	0
67	82	0
78	68	0
79	0	0
86	46	0
98	39	0
73	65	0
71	82	0
58	10	0
8	89	0
3	94	0
85	65	0
77	62	0
85	9	0
96	81	0
21	8	0
29	93	0
52	91	0
89	11	0
89	8	0
91	30	0
77	25	0
68	45	0
3	2	0
23	97	0
4	78	1
45	84	0
59	69	1
93	42	0
65	91	0
96	83	0
72	37	0
78	81	0
74	16	0
13	9	0
36	7	0
33	25	0
94	41	0
87	15	0
6	47	0
20	26	0
93	84	0
97	74	0
78	22	0
99	16	0
60	5	0
84	11	0
36	15	0
95	88	0
26	86	0
6	98	0
34	43	0
76	43	0
65	61	0
63	77	0
86	85	0
73	26	0
72	80	0
96	39	0
82	57	0
64	48	0
97	72	0
68	13	0
90	13	0
29	52	0
67	95	0
96	32	0
18	85	1
97	40	0
67	96	0
97	34	0
62	20	0
53	49	0
58	95	0
74	88	0
24	91	0
95	80	0
1	91	0
92	2	0
93	9	0
60	77	0
13	98	0
72	38	0
92	69	0
28	4	0
48	90	0
35	84	1
55	78	0
3	30	0
89	35	0
94	9	0
78	97	0
18	27	0
68	29	0
67	84	0
9	21	0
46	85	0
84	51	0
26	90	0
84	6	0
81	16	0
93	59	0
15	82	0
63	19	0
86	89	0
34	93	0
69	57	0
7	35	0
62	87	0
60	47	0
16	72	1
59	28	1
93	43	0
78	54	0
71	59	0
1	36	0
90	66	0
22	97	0
91	57	0
10	90	0
88	85	0
38	16	0
73	60	0
59	89	0
54	96	0
81	56	0
74	8	0
1	81	0
74	44	0
24	99	0
78	29	0
90	45	0
71	27	0
87	73	0
50	99	0
57	96	0
27	98	0
97	82	0
75	85	0
25	2	0
11	82	0
78	92	0
66	88	0
63	52	1
69	28	0
32	81	1
80	61	0
98	3	0
18	75	1
91	7	0
49	72	1
92	83	0
64	84	0
78	25	0
91	11	0
73	89	0
30	97	0
89	10	0
94	2	0
71	22	0
5	55	0
14	96	0
12	88	0
83	83	0
87	96	0
76	90	0
85	70	0
73	66	0
8	98	0
17	70	1
29	21	0
1	10	0
43	38	0
96	26	0
82	38	0
71	57	0
56	15	0
84	78	0
67	79	0
87	53	0
33	81	1
77	63	0
23	7	0
99	39	0
56	98	0
42	41	0
20	94	0
72	98	0
97	73	0
28	85	1
13	80	0
41	65	0
68	75	0
52	95	0
10	48	0
78	67	0
85	53	0
92	69	0
37	77	0
69	83	0
87	15	0
82	5	0
9	86	0
42	95	0
87	76	0
72	71	0
3	92	0
17	84	0
81	93	0
31	24	0
9	79	0
64	89	0
61	73	0
81	84	0
7	90	0
72	45	0
20	3	0
46	93	0
9	93	0
0	17	0
82	69	0
82	13	0
79	23	0
78	18	1
12	20	0
16	55	0
76	28	0
63	74	0
30	90	0
56	57	0
85	85	0
79	41	0
77	83	0
64	52	1
72	86	0
6	68	0
81	58	0
57	40	0
99	44	0
93	90	0
79	72	0
64	51	1
62	54	0
51	75	0
95	77	0
95	2	0
61	80	0
6	96	0
63	31	0
67	22	0
70	15	0
25	71	1
79	17	0
74	27	0
28	28	0
60	93	0
68	64	0
38	93	0
63	98	0
81	62	0
82	27	0
88	67	0
89	92	0
91	42	0
88	86	0
39	88	0
74	81	0
81	44	0
50	91	0
82	80	0
72	66	0
92	22	0
4	73	1
54	73	0
83	20	0
56	41	0
84	85	0
79	59	0
20	88	0
26	86	0
80	31	0
83	30	0
94	48	0
91	13	0
80	82	0
89	17	0
80	39	0
19	73	1
13	91	0
21	74	1
12	90	0
57	48	1
48	25	0
37	61	0
52	80	0
65	3	0
12	91	0
78	50	0
21	12	0
23	65	0
79	71	0
72	61	0
83	61	0
82	53	0
72	62	0
85	50	0
8	39	0
91	89	0
67	58	0
43	90	0
8	70	0
87	19	0
57	91	0
23	90	0
99	41	0
65	33	0
19	15	0
26	36	0
15	66	0
81	55	0
93	40	0
26	6	0
57	10	0
47	81	0
92	81	0
18	4	0
48	76	0
68	27	0
93	62	0
71	67	0
62	90	0
8	45	0
97	45	0
89	66	0
7	86	0
27	85	1
27	93	0
2	97	0
65	34	0
91	13	0
10	18	0
89	30	0
85	18	0
41	32	0
18	96	0
58	82	0
14	77	0
23	25	0
21	72	1
18	92	0
59	56	0
82	43	0
62	89	0
56	69	1
21	94	0
77	43	0
12	4	0
84	57	0
52	57	1
90	28	0
75	30	0
74	31	0
58	90	0
67	10	1
38	99	0
87	42	0
66	99	0
73	56	0
81	44	0
59	91	0
39	73	1
92	35	0
94	99	0
82	84	0
55	85	0
90	18	0
67	75	0
64	21	0
31	89	1
90	54	0
90	89	0
82	6	0
99	94	0
84	22	0
86	68	0
10	90	0
74	97	0
68	77	0
1	17	0
10	99	0
11	71	0
83	34	0
24	97	0
59	81	0
84	41	0
12	71	1
78	45	0
22	96	0
84	44	0
92	58	0
73	47	0
85	25	0
3	84	0
11	6	0
64	74	0
21	62	0
28	8	0
0	91	0
36	85	1
99	53	0
79	85	0
88	59	0
90	77	0
78	45	0
2	83	0
84	23	0
94	30	0
