92	69	0
45	22	0
45	25	0
40	98	0
7	10	0
88	35	0
90	84	0
41	19	0
71	75	0
34	27	0
93	37	0
0	80	0
18	7	0
26	60	0
99	23	0
88	73	0
67	32	0
25	51	0
98	63	0
89	8	0
44	90	0
66	68	0
76	92	0
65	0	0
39	88	0
59	4	0
83	77	0
67	85	0
93	68	0
6	27	0
49	35	0
42	21	0
84	41	0
45	47	0
91	65	0
12	96	0
51	94	0
97	23	0
74	93	0
48	2	0
21	58	0
82	54	0
84	61	0
52	67	0
95	51	0
9	86	0
19	42	0
63	10	0
86	69	0
17	63	0
64	8	0
20	80	0
51	89	0
36	74	0
94	61	0
46	32	0
39	29	0
83	73	0
97	90	0
86	18	0
4	97	0
94	11	0
47	1	0
75	71	0
41	9	0
10	87	0
80	7	0
47	73	0
78	96	0
52	69	0
4	29	0
74	87	0
24	45	0
14	60	0
82	34	0
10	38	0
38	82	0
45	95	0
61	14	0
39	90	0
61	96	0
3	1	1
12	18	0
99	13	0
94	27	0
38	54	0
80	38	0
22	26	0
84	53	0
31	39	0
43	13	0
40	10	0
70	33	0
17	88	0
67	11	0
59	81	0
44	5	0
56	27	0
90	50	0
35	68	0
76	51	0
16	58	0
73	91	0
8	72	0
33	93	0
91	46	0
57	6	0
47	69	0
25	59	0
59	0	0
63	49	0
9	61	0
41	5	0
33	53	0
42	37	0
85	94	0
54	47	0
3	5	1
18	95	0
81	4	0
65	62	0
78	84	0
99	8	0
61	67	0
52	76	0
30	11	0
56	96	0
92	74	0
78	60	0
38	94	0
62	30	0
35	21	0
15	42	0
82	9	0
9	70	0
92	71	0
96	28	0
88	37	0
31	53	0
58	19	0
83	79	0
10	16	0
37	14	0
79	57	0
38	38	0
73	84	0
79	94	0
48	13	0
43	34	0
52	50	0
9	44	0
25	60	0
11	54	0
77	77	0
40	54	0
41	93	0
81	46	0
70	69	0
46	87	0
21	36	0
92	61	0
3	25	0
45	47	0
22	13	0
31	76	0
37	82	0
94	33	0
35	32	0
82	16	0
44	79	0
56	29	0
56	42	0
82	82	0
30	58	0
57	82	0
37	88	0
39	51	0
35	16	0
59	8	0
33	74	0
24	79	0
76	78	0
90	65	0
16	88	0
29	34	0
94	65	0
32	51	0
34	90	0
56	83	0
40	53	0
29	9	0
16	36	0
71	92	0
84	93	0
61	78	0
70	30	0
7	61	0
55	5	0
77	22	0
71	26	0
70	26	0
24	58	0
0	68	0
44	51	0
74	29	0
35	66	0
92	25	0
36	99	0
26	64	0
35	18	0
80	68	0
36	55	0
30	10	0
10	96	0
62	6	0
99	88	0
73	92	0
97	9	0
2	81	0
16	67	0
96	40	0
52	68	0
44	43	0
56	56	0
52	71	0
55	63	0
15	75	0
34	58	0
65	10	0
0	65	0
65	85	0
83	44	0
40	93	0
78	59	0
61	18	0
46	69	0
16	79	0
33	97	0
51	41	0
66	35	0
32	35	0
92	58	0
80	41	0
73	63	0
8	67	0
47	17	0
10	82	0
64	60	0
58	42	0
58	44	0
52	22	0
0	57	0
87	29	0
52	8	0
74	72	0
50	77	0
75	31	0
97	40	0
91	5	0
3	63	0
94	70	0
24	99	0
94	65	0
41	94	0
66	28	0
52	7	0
23	90	0
68	32	0
37	62	0
42	85	0
48	5	0
21	92	0
81	95	0
80	82	0
73	39	0
92	78	0
22	91	0
47	52	0
54	3	0
64	25	0
23	15	0
39	0	0
59	9	0
55	49	0
79	47	0
34	49	0
33	52	0
38	71	0
70	91	0
80	78	0
58	75	0
79	2	0
82	46	0
78	8	0
24	46	0
32	15	0
81	36	0
70	36	0
80	71	0
13	38	0
41	74	0
60	23	0
29	89	0
22	94	0
21	83	0
98	62	0
40	27	0
38	2	0
26	58	0
91	68	0
66	17	0
84	93	0
12	0	0
70	90	0
10	70	0
41	86	0
35	26	0
0	50	0
82	4	0
17	40	0
79	6	0
55	19	0
82	8	0
36	45	0
18	45	0
76	25	0
91	57	0
6	23	0
25	39	0
10	59	0
37	94	0
10	83	0
42	90	0
63	72	0
48	41	0
67	23	0
35	93	0
42	66	0
90	94	0
30	28	0
18	52	0
25	39	0
51	73	0
83	83	0
31	27	0
88	12	0
31	10	0
58	7	0
62	16	0
26	44	0
79	65	0
75	9	0
15	39	0
42	11	0
51	45	0
40	37	0
24	59	0
88	79	0
80	51	0
13	50	0
53	34	0
94	11	0
57	11	0
58	28	0
59	34	0
26	23	0
0	77	0
65	78	0
24	77	0
28	92	0
19	94	0
55	19	0
46	35	0
92	49	0
79	50	0
6	80	0
88	77	0
64	77	0
77	32	0
69	98	0
83	1	0
84	55	0
72	62	0
39	18	0
44	44	0
32	50	0
81	82	0
67	18	0
93	7	0
20	40	0
39	90	0
65	72	0
86	11	0
3	57	0
93	29	0
43	96	0
80	26	0
63	49	0
42	52	0
54	37	0
21	42	0
44	46	0
70	82	0
82	36	0
41	24	0
72	73	0
24	63	0
6	99	0
93	85	0
33	32	0
1	83	0
63	34	0
92	8	0
77	44	0
5	66	0
70	41	0
45	35	0
49	46	0
8	97	0
75	21	0
54	10	0
94	52	0
49	26	0
20	75	0
21	8	0
69	56	0
62	92	0
0	64	0
48	65	0
40	76	0
55	24	0
23	98	0
8	44	0
25	40	0
65	13	0
83	26	0
97	16	0
81	88	0
21	58	0
28	20	0
40	29	0
78	12	0
66	58	0
71	89	0
22	43	0
63	97	0
94	71	0
39	81	0
69	11	0
70	48	0
81	26	0
71	12	0
43	20	0
41	24	0
94	6	0
81	28	0
2	77	0
82	7	0
94	99	0
4	97	0
96	60	0
48	53	0
21	18	0
96	95	0
66	50	0
7	99	0
65	24	0
72	40	0
74	59	0
80	68	0
26	74	0
85	72	0
41	96	0
87	74	0
16	32	1
38	95	0
96	82	0
33	36	0
34	31	0
56	77	0
56	94	0
39	63	0
64	95	0
63	50	0
29	58	0
27	65	0
82	19	0
12	87	0
86	39	0
24	90	0
50	66	0
41	88	0
90	40	0
40	43	0
23	42	0
48	22	0
80	62	0
72	13	0
89	98	0
69	96	0
41	55	0
61	5	0
31	39	0
42	92	0
34	21	0
45	59	0
74	73	0
27	23	0
88	96	0
47	19	0
26	17	0
66	29	0
19	77	0
32	17	0
8	61	0
84	89	0
58	89	0
59	46	0
75	6	0
39	73	0
42	50	0
95	54	0
89	4	0
6	68	0
78	1	0
68	76	0
80	32	0
39	11	0
33	68	0
81	76	0
36	60	0
44	80	0
82	28	0
18	59	0
76	21	0
44	65	0
67	94	0
34	93	0
83	12	0
85	28	0
67	18	0
33	77	0
21	88	0
11	86	0
68	42	0
77	69	0
66	77	0
16	40	0
76	38	0
68	61	0
82	77	0
51	66	0
17	58	0
21	67	0
48	19	0
43	22	0
4	36	0
45	61	0
38	48	0
80	31	0
74	32	0
77	2	0
70	46	0
51	70	0
21	54	0
53	21	0
96	75	0
58	88	0
83	68	0
20	52	0
49	76	0
66	42	0
40	50	0
77	25	0
18	53	0
38	25	0
78	50	0
89	96	0
57	57	0
11	59	0
46	8	0
60	61	0
24	90	0
36	35	0
87	89	0
98	69	0
17	89	0
66	61	0
4	67	0
78	54	0
36	57	0
47	58	0
33	73	0
56	68	0
6	63	0
87	77	0
72	53	0
96	52	0
21	60	0
59	87	0
55	27	0
99	23	0
45	36	0
96	17	0
18	91	0
38	34	0
38	70	0
89	53	0
26	47	0
82	63	0
7	95	0
19	79	0
99	82	0
47	29	0
1	72	0
79	93	0
48	65	0
87	72	0
17	90	0
99	35	0
30	2	0
32	81	0
35	76	0
35	14	0
27	38	0
11	18	0
85	75	0
94	13	0
59	10	0
70	27	0
95	48	0
33	10	0
23	51	0
99	43	0
10	54	0
60	83	0
6	57	0
21	79	0
66	60	0
53	93	0
74	54	0
68	84	0
34	37	0
68	62	0
41	57	0
80	57	0
16	76	0
57	33	0
27	75	0
82	39	0
59	30	0
90	69	0
94	97	0
89	75	0
46	66	0
12	25	1
56	40	0
55	76	0
34	24	0
29	10	0
33	69	0
14	34	0
59	3	0
66	85	0
73	78	0
87	5	0
13	50	0
58	91	0
11	94	0
54	6	0
64	48	0
64	21	0
36	21	0
30	36	0
41	25	0
74	2	0
40	88	0
62	30	0
37	83	0
89	13	0
33	46	0
45	67	0
77	18	0
82	73	0
60	70	0
35	66	0
45	89	0
79	75	0
81	47	0
17	70	0
82	80	0
78	98	0
26	36	0
14	47	0
98	44	0
28	85	0
99	82	0
64	92	0
44	3	0
65	59	0
91	63	0
72	89	0
79	51	0
88	73	0
80	37	0
16	54	0
5	59	0
68	87	0
72	41	0
53	63	0
53	8	0
33	19	0
85	69	0
24	32	1
9	57	0
33	46	0
60	35	0
44	21	0
54	32	0
17	85	0
30	33	0
7	63	0
16	77	0
74	49	0
12	28	1
71	19	0
94	34	0
81	9	0
57	79	0
4	52	0
52	29	0
53	45	0
51	86	0
90	12	0
27	39	0
58	63	0
45	84	0
15	95	0
38	61	0
36	85	0
34	25	0
76	74	0
42	45	0
41	84	0
60	29	0
13	45	0
62	59	0
62	28	0
30	79	0
81	44	0
35	37	0
42	49	0
26	12	0
0	61	0
76	61	0
83	70	0
39	51	0
87	59	0
79	72	0
74	26	0
64	15	0
77	80	0
76	22	0
2	61	0
78	83	0
36	21	0
71	39	0
25	65	0
15	90	0
33	98	0
26	60	0
99	31	0
18	53	0
59	91	0
10	83	0
96	69	0
58	59	0
86	36	0
17	10	0
48	27	0
59	3	0
4	82	0
56	54	0
86	63	0
73	37	0
13	6	0
13	44	0
66	15	0
20	86	0
78	2	0
45	71	0
37	27	0
88	94	0
10	20	0
26	95	0
96	56	0
32	11	0
91	83	0
53	53	0
70	59	0
49	25	0
91	34	0
91	75	0
8	60	0
2	77	0
18	51	0
6	87	0
6	91	0
80	22	0
40	43	0
7	93	0
51	14	0
75	3	0
33	58	0
71	55	0
53	18	0
32	63	0
30	31	0
87	22	0
5	42	0
89	63	0
90	12	0
61	46	0
26	26	0
50	3	0
10	96	0
53	64	0
45	60	0
38	14	0
6	94	0
2	96	0
63	56	0
90	34	0
34	25	0
26	73	0
94	87	0
50	31	0
59	75	0
66	89	0
7	72	0
70	26	0
55	59	0
22	33	0
92	69	0
49	70	0
97	13	0
82	11	0
87	20	0
70	97	0
45	60	0
38	69	0
77	16	0
37	13	0
68	95	0
70	71	0
21	56	0
67	37	0
70	92	0
82	15	0
91	53	0
22	74	0
46	60	0
21	25	0
91	23	0
31	51	0
73	9	0
90	93	0
74	61	0
57	77	0
76	33	0
75	78	0
7	97	0
40	5	0
7	94	0
7	61	0
63	71	0
71	89	0
74	9	0
89	98	0
79	11	0
85	85	0
65	10	0
83	37	0
79	42	0
55	37	0
16	83	0
58	95	0
59	81	0
20	48	0
9	40	0
31	94	0
12	68	0
41	2	0
38	54	0
19	62	0
42	31	0
1	39	0
95	54	0
51	27	0
11	54	0
26	82	0
75	78	0
3	0	1
95	69	0
13	63	0
57	47	0
28	62	0
82	45	0
57	35	0
4	14	1
4	45	0
21	58	0
84	51	0
70	53	0
86	57	0
0	61	0
70	61	0
0	80	0
1	24	0
92	66	0
25	63	0
44	4	0
34	30	0
9	90	0
25	87	0
75	42	0
64	70	0
71	54	0
72	84	0
42	69	0
52	30	0
3	68	0
48	63	0
39	47	0
65	54	0
81	19	0
