94	70	0
47	22	0
46	23	0
43	98	0
8	12	0
91	37	0
92	86	0
42	19	0
73	74	0
36	29	0
90	38	0
0	79	0
16	10	0
28	57	0
99	24	0
89	72	0
63	33	0
23	49	0
99	63	0
89	5	0
45	86	0
60	73	0
76	93	0
62	0	0
41	87	0
58	3	0
84	79	0
69	86	0
94	70	0
5	28	0
50	35	0
44	20	0
88	39	0
45	47	0
91	62	0
15	94	0
53	90	0
98	25	0
76	94	0
46	1	0
20	56	0
84	52	0
85	61	0
52	68	0
90	48	0
11	85	0
24	45	0
61	12	0
87	71	0
15	65	0
64	9	0
22	80	0
50	89	0
35	74	0
96	62	0
44	32	0
42	30	0
85	69	0
99	92	0
85	21	0
7	96	0
94	12	0
47	2	0
77	73	0
42	9	0
13	86	0
80	10	0
45	76	0
77	94	0
51	67	0
5	28	0
73	86	0
26	44	0
15	57	0
80	32	0
12	37	0
40	78	0
44	92	0
64	16	0
38	93	0
61	94	0
2	5	1
12	19	0
97	14	0
93	26	0
35	51	0
81	38	0
25	25	0
84	55	0
30	40	0
38	16	0
41	8	0
69	35	0
14	89	0
67	12	0
59	82	0
46	7	0
53	27	0
90	50	0
35	71	0
78	50	0
14	57	0
74	90	0
9	74	0
35	88	0
89	47	0
59	4	0
45	70	0
20	61	0
60	0	0
64	51	0
9	62	0
45	2	0
31	52	0
39	37	0
87	93	0
54	47	0
2	5	1
20	93	0
79	5	0
63	63	0
81	82	0
99	9	0
64	69	0
53	76	0
30	12	0
55	94	0
89	76	0
80	59	0
38	94	0
63	29	0
39	22	0
15	41	0
82	8	0
7	71	0
92	70	0
99	27	0
92	35	0
32	51	0
57	16	0
86	80	0
8	13	0
40	12	0
81	59	0
33	35	0
72	82	0
78	94	0
48	14	0
41	32	0
51	53	0
6	47	0
21	60	0
11	56	0
77	75	0
40	51	0
41	92	0
81	46	0
69	72	0
45	88	0
22	36	0
90	62	0
6	25	0
42	45	0
20	15	0
30	77	0
37	81	0
94	33	0
33	33	0
80	17	0
43	82	0
57	26	0
54	41	0
81	79	0
28	57	0
59	83	0
37	88	0
37	47	0
33	19	0
61	11	0
33	72	0
21	79	0
76	77	0
90	63	0
16	91	0
25	31	0
93	63	0
30	53	0
33	89	0
57	86	0
39	54	0
31	12	0
16	33	0
68	89	0
83	92	0
60	80	0
71	30	0
8	60	0
55	3	0
77	20	0
68	27	0
69	24	0
22	61	0
0	68	0
46	54	0
75	28	0
36	66	0
96	25	0
37	99	0
28	65	0
33	19	0
80	69	0
38	53	0
30	9	0
9	95	0
61	8	0
99	87	0
73	92	0
95	10	0
0	82	0
14	65	0
95	41	0
50	66	0
46	46	0
55	54	0
52	71	0
54	64	0
17	73	0
34	55	0
64	10	0
1	64	0
66	87	0
82	43	0
41	90	0
81	59	0
56	20	0
47	69	0
18	77	0
33	97	0
55	43	0
68	35	0
33	36	0
93	57	0
79	43	0
74	62	0
10	66	0
50	17	0
8	83	0
66	60	0
59	43	0
62	45	0
51	24	0
1	57	0
88	29	0
55	7	0
73	69	0
49	77	0
74	28	0
98	37	0
93	2	0
1	61	0
90	67	0
27	99	0
92	65	0
43	94	0
65	27	0
50	6	0
23	93	0
71	32	0
40	63	0
44	82	0
49	5	0
19	92	0
77	96	0
80	82	0
76	36	0
92	75	0
23	88	0
48	52	0
54	3	0
61	27	0
23	15	0
37	1	0
60	8	0
55	49	0
78	44	0
36	52	0
34	53	0
38	66	0
72	88	0
81	77	0
54	74	0
80	5	0
82	46	0
79	9	0
24	50	0
31	17	0
82	35	0
69	36	0
78	74	0
11	38	0
40	73	0
56	24	0
29	88	0
25	96	0
21	81	0
98	64	0
40	26	0
36	2	0
28	56	0
89	66	0
66	16	0
82	92	0
12	2	0
66	89	0
9	70	0
43	85	0
37	32	0
1	49	0
83	6	0
22	39	0
82	9	0
56	18	0
83	10	0
38	46	0
22	49	0
76	24	0
90	56	0
8	24	0
27	36	0
7	60	0
38	95	0
12	86	0
41	91	0
62	73	0
50	41	0
68	22	0
35	95	0
43	68	0
93	96	0
28	30	0
18	48	0
23	41	0
52	72	0
80	81	0
36	27	0
88	13	0
32	8	0
58	5	0
58	15	0
26	43	0
78	67	0
73	7	0
13	40	0
41	9	0
50	43	0
40	36	0
24	57	0
87	80	0
77	51	0
14	51	0
56	35	0
92	11	0
55	11	0
60	23	0
56	34	0
25	26	0
5	76	0
64	75	0
23	77	0
29	90	0
19	95	0
52	22	0
43	35	0
91	51	0
76	49	0
6	82	0
85	78	0
66	78	0
76	35	0
69	96	0
83	0	0
84	55	0
75	60	0
36	18	0
45	45	0
36	47	0
83	84	0
1	5	1
67	19	0
89	4	0
20	39	0
38	89	0
64	75	0
84	10	0
4	58	0
93	29	0
41	95	0
78	23	0
67	48	0
40	53	0
54	39	0
23	39	0
42	46	0
71	81	0
84	39	0
41	23	0
73	73	0
21	62	0
11	98	0
92	87	0
34	32	0
0	81	0
66	36	0
94	10	0
77	49	0
5	65	0
70	44	0
45	34	0
48	47	0
7	95	0
73	18	0
51	9	0
95	53	0
52	22	0
20	74	0
22	8	0
70	59	0
61	97	0
0	64	0
49	65	0
41	76	0
53	24	0
25	96	0
10	43	0
24	39	0
63	15	0
82	25	0
96	19	0
82	89	0
21	58	0
32	23	0
38	31	0
78	14	0
63	59	0
72	90	0
20	47	0
65	98	0
93	68	0
39	79	0
67	13	0
68	47	0
79	26	0
74	9	0
45	20	0
42	25	0
95	3	0
80	28	0
2	77	0
82	7	0
93	99	0
0	96	0
96	56	0
48	53	0
18	21	0
99	93	0
64	53	0
11	94	0
66	25	0
72	37	0
75	60	0
82	66	0
26	74	0
83	74	0
42	95	0
84	72	0
15	31	1
39	95	0
96	83	0
34	37	0
33	33	0
55	75	0
58	96	0
39	64	0
63	96	0
63	51	0
33	59	0
28	65	0
82	20	0
15	89	0
86	38	0
27	89	0
50	65	0
42	87	0
90	38	0
41	43	0
21	43	0
52	21	0
84	62	0
67	12	0
94	97	0
69	96	0
43	53	0
60	5	0
29	40	0
44	91	0
33	22	0
44	58	0
70	73	0
28	21	0
90	96	0
43	20	0
29	19	0
64	35	0
20	75	0
36	14	0
7	61	0
83	89	0
57	89	0
59	40	0
78	5	0
40	76	0
39	49	0
97	53	0
90	3	0
7	70	0
74	3	0
67	74	0
80	35	0
39	10	0
34	68	0
84	77	0
35	61	0
50	80	0
80	26	0
15	59	0
79	21	0
40	63	0
68	96	0
35	92	0
82	9	0
87	27	0
66	19	0
29	78	0
20	86	0
15	87	0
67	42	0
77	68	0
65	79	0
16	41	0
77	36	0
65	62	0
83	78	0
51	64	0
19	55	0
21	63	0
47	18	0
42	21	0
2	35	0
43	64	0
39	47	0
81	30	0
75	29	0
76	0	0
71	45	0
52	70	0
22	52	0
54	22	0
93	76	0
58	88	0
87	68	0
19	52	0
53	75	0
69	44	0
36	52	0
75	25	0
19	53	0
39	24	0
76	49	0
90	98	0
56	59	0
8	60	0
48	8	0
58	64	0
28	88	0
37	37	0
89	90	0
97	69	0
18	92	0
64	65	0
6	71	0
78	57	0
37	53	0
47	61	0
32	73	0
60	72	0
8	61	0
87	79	0
74	52	0
97	53	0
23	58	0
56	90	0
53	27	0
98	26	0
44	38	0
97	15	0
19	92	0
35	32	0
38	72	0
86	55	0
25	48	0
85	64	0
6	96	0
17	80	0
98	81	0
47	30	0
1	72	0
76	92	0
49	66	0
86	75	0
18	90	0
99	35	0
33	0	0
31	84	0
34	77	0
37	15	0
26	36	0
10	18	0
83	73	0
98	10	0
61	8	0
72	28	0
95	48	0
36	9	0
25	53	0
99	41	0
11	54	0
60	81	0
4	60	0
21	78	0
69	60	0
52	93	0
73	53	0
69	86	0
31	42	0
72	64	0
41	54	0
79	54	0
19	78	0
55	32	0
27	75	0
83	37	0
59	30	0
93	67	0
92	95	0
88	75	0
40	67	0
12	26	1
55	38	0
56	77	0
32	24	0
31	9	0
34	72	0
14	38	0
60	2	0
69	83	0
73	79	0
86	7	0
10	49	0
58	90	0
10	91	0
55	6	0
65	49	0
63	22	0
33	18	0
28	40	0
43	25	0
73	3	0
42	87	0
59	31	0
38	83	0
87	12	0
31	47	0
46	65	0
77	18	0
84	74	0
59	70	0
35	63	0
46	89	0
79	78	0
83	50	0
20	67	0
82	77	0
75	98	0
26	35	0
11	48	0
98	41	0
29	87	0
98	85	0
67	91	0
43	1	0
66	60	0
90	60	0
67	89	0
81	51	0
87	72	0
81	35	0
12	55	0
6	61	0
69	86	0
73	42	0
54	60	0
55	7	0
33	18	0
89	71	0
22	31	1
10	60	0
37	46	0
58	36	0
42	22	0
54	30	0
17	87	0
31	31	0
7	61	0
17	78	0
71	52	0
13	28	1
70	16	0
94	33	0
80	7	0
56	79	0
5	50	0
53	27	0
52	41	0
52	87	0
91	8	0
29	39	0
58	63	0
46	80	0
16	97	0
36	64	0
39	81	0
31	25	0
76	75	0
43	48	0
41	84	0
61	32	0
13	49	0
61	60	0
62	28	0
31	79	0
82	42	0
37	39	0
42	44	0
26	12	0
2	58	0
73	62	0
81	66	0
41	52	0
84	57	0
78	74	0
68	26	0
63	12	0
78	82	0
77	20	0
3	59	0
78	82	0
36	19	0
69	39	0
22	66	0
13	92	0
34	98	0
28	57	0
98	30	0
19	54	0
56	95	0
12	83	0
98	70	0
58	58	0
86	35	0
20	12	0
53	29	0
62	4	0
6	82	0
58	55	0
85	65	0
73	37	0
12	1	0
15	42	0
70	16	0
22	85	0
78	0	0
46	74	0
35	26	0
83	96	0
7	21	0
25	93	0
98	55	0
33	11	0
93	83	0
52	54	0
73	59	0
48	25	0
92	31	0
93	76	0
10	59	0
1	77	0
17	49	0
9	88	0
9	92	0
77	22	0
39	41	0
9	95	0
50	8	0
73	5	0
35	57	0
73	53	0
51	18	0
32	63	0
28	32	0
90	21	0
6	42	0
90	63	0
93	11	0
58	47	0
24	24	0
53	8	0
11	93	0
52	64	0
43	60	0
39	14	0
7	92	0
0	92	0
63	51	0
89	33	0
33	25	0
25	74	0
96	91	0
52	31	0
60	74	0
67	89	0
5	72	0
73	24	0
54	57	0
17	34	0
92	67	0
49	71	0
98	14	0
83	10	0
89	23	0
70	97	0
46	62	0
38	70	0
80	19	0
37	13	0
72	93	0
69	75	0
24	54	0
68	38	0
72	94	0
81	12	0
92	55	0
22	73	0
49	59	0
21	25	0
90	20	0
32	49	0
69	9	0
89	93	0
76	61	0
56	77	0
78	36	0
76	76	0
10	92	0
37	8	0
9	96	0
4	60	0
65	70	0
72	90	0
77	8	0
87	99	0
80	11	0
86	87	0
64	8	0
82	36	0
80	41	0
58	36	0
17	83	0
57	95	0
57	78	0
19	51	0
8	40	0
29	95	0
12	68	0
39	6	0
36	52	0
19	60	0
41	33	0
3	42	0
93	54	0
53	28	0
8	53	0
24	81	0
78	79	0
0	0	1
92	69	0
16	66	0
58	44	0
29	63	0
84	45	0
57	34	0
4	11	1
3	44	0
19	59	0
86	54	0
71	53	0
88	58	0
3	64	0
73	61	0
1	85	0
3	24	0
93	65	0
24	61	0
43	4	0
34	32	0
9	90	0
25	87	0
79	44	0
64	71	0
70	54	0
76	84	0
41	71	0
48	29	0
3	66	0
47	62	0
38	48	0
64	54	0
82	20	0
