97	67	0
50	11	0
41	20	0
40	94	0
4	40	0
89	27	0
89	78	0
12	2	0
44	14	0
72	93	0
42	39	0
78	38	0
0	87	0
20	1	0
12	65	0
98	6	0
92	84	0
65	29	0
30	59	0
99	65	0
97	4	0
41	71	0
76	81	0
81	88	0
68	0	0
29	94	0
54	12	0
79	80	0
73	91	0
97	54	0
0	42	0
28	30	0
47	23	0
81	19	0
42	48	0
95	77	0
11	92	0
70	75	0
86	20	0
81	97	0
48	11	0
23	53	0
70	53	0
99	54	0
63	80	0
96	50	0
18	99	0
34	43	0
54	14	0
85	43	0
18	67	0
60	12	0
32	89	0
56	88	0
25	67	0
95	70	0
48	24	0
34	49	0
87	73	0
96	99	0
88	13	0
19	97	0
93	13	0
49	10	0
91	67	0
37	38	0
15	85	0
84	9	0
34	83	0
85	74	0
65	52	0
19	30	0
88	80	0
32	40	0
18	52	0
90	37	0
19	22	1
17	34	0
41	83	0
62	91	0
70	26	0
44	96	0
66	97	0
0	9	0
15	22	0
92	20	0
93	19	0
33	54	0
84	43	0
22	32	0
77	50	0
36	55	0
33	13	0
37	4	0
70	47	0
20	81	0
58	4	0
46	76	0
45	0	0
33	30	0
92	44	0
48	62	0
66	45	0
16	79	0
63	84	0
8	78	0
47	77	0
88	47	0
68	12	0
55	73	0
8	51	0
61	9	0
52	67	0
11	74	0
43	0	0
28	58	0
16	36	0
88	82	0
43	39	0
1	6	0
25	96	0
80	0	0
69	64	0
18	31	0
80	82	0
94	15	0
61	72	0
56	87	0
31	19	0
63	95	0
21	16	0
70	85	0
60	53	0
33	91	0
74	29	0
36	28	0
17	35	0
79	2	0
10	10	1
6	73	0
14	15	1
95	71	0
85	11	0
89	35	0
41	57	0
62	5	0
83	94	0
4	5	0
36	13	0
10	14	1
83	81	0
35	36	0
90	67	0
82	82	0
53	27	0
49	38	0
69	57	0
5	48	0
23	80	0
9	59	0
81	78	0
55	70	0
40	96	0
81	49	0
70	73	0
56	84	0
26	44	0
90	83	0
5	37	0
34	34	0
28	21	0
18	73	0
30	75	0
98	23	0
43	36	0
74	8	0
36	80	0
72	18	0
58	27	0
76	78	0
21	51	0
59	65	0
33	99	0
37	64	0
41	9	0
66	17	0
30	93	0
14	85	0
72	83	0
93	56	0
21	90	0
30	36	0
86	71	0
25	57	0
39	79	0
34	98	0
54	45	0
33	4	0
20	39	0
79	94	0
91	95	0
58	96	0
78	14	0
4	59	0
63	2	0
60	16	0
66	21	0
85	24	0
27	59	0
5	73	0
57	65	0
71	34	0
34	75	0
89	17	0
58	89	0
34	65	0
31	18	0
80	69	0
32	71	0
39	7	0
0	90	0
81	17	0
99	76	0
86	92	0
88	20	0
4	80	0
19	78	0
96	49	0
54	71	0
37	45	0
42	76	0
57	72	0
56	53	0
9	86	0
33	70	0
64	16	0
6	62	0
66	98	0
63	39	0
33	90	0
87	58	0
39	17	0
44	59	0
10	73	0
39	97	0
56	31	0
71	26	0
11	35	0
90	63	0
67	48	0
82	54	0
12	88	0
59	6	0
16	85	0
64	64	0
60	49	0
67	59	0
60	3	0
16	8	0
5	56	0
80	49	0
47	9	0
69	55	0
52	81	0
66	53	0
90	30	0
94	16	0
7	58	0
88	69	0
26	93	0
14	18	1
91	53	0
36	90	0
57	35	0
48	1	0
13	95	0
75	35	0
43	58	0
42	75	0
48	2	0
20	93	0
76	81	0
85	89	0
58	31	0
94	71	0
14	91	0
37	42	0
62	0	0
66	22	0
31	24	0
46	0	0
58	12	0
59	47	0
73	37	0
36	48	0
21	48	0
51	51	0
69	78	0
89	75	0
53	87	0
76	12	0
98	53	0
76	1	0
8	54	0
27	9	0
92	35	0
47	23	0
72	77	0
8	45	0
54	67	0
61	25	0
28	97	0
34	88	0
35	71	0
93	51	0
42	26	0
45	0	0
25	54	0
91	51	0
73	16	0
75	97	0
19	5	0
67	90	0
10	74	0
46	86	0
32	28	0
4	56	0
80	8	0
24	32	0
82	14	0
38	11	0
11	1	0
83	7	0
30	52	0
11	45	0
90	29	0
93	59	0
7	25	0
23	36	0
5	59	0
33	86	0
15	77	0
6	7	0
38	97	0
46	63	0
37	27	0
57	32	0
45	82	0
36	68	0
95	92	0
35	29	0
17	48	0
32	44	0
53	74	0
77	98	0
47	7	0
73	2	0
36	7	0
48	4	0
61	9	0
23	48	0
80	60	0
66	3	0
26	43	0
65	9	0
52	57	0
47	52	0
32	62	0
75	82	0
64	52	0
14	67	0
56	34	0
24	17	0
93	5	0
49	5	0
66	18	0
55	36	0
19	39	0
14	71	0
72	75	0
14	77	0
31	97	0
29	91	0
46	20	0
33	37	0
89	65	0
59	48	0
8	75	0
77	79	0
65	86	0
21	31	0
69	21	0
69	92	0
69	2	0
97	61	0
77	37	0
35	18	0
39	44	0
37	46	0
89	79	0
14	26	0
74	24	0
85	5	0
11	60	0
33	93	0
72	76	0
86	6	0
4	73	0
95	36	0
48	92	0
8	10	1
71	9	0
63	52	0
43	54	0
60	51	0
29	37	0
48	38	0
75	78	0
69	53	0
42	34	0
70	65	0
24	48	0
29	88	0
84	88	0
43	19	0
0	74	0
73	19	0
87	18	0
71	45	0
17	60	0
63	25	0
29	32	0
53	39	0
11	95	0
62	42	0
60	18	0
89	50	0
44	28	0
34	73	0
36	6	0
83	41	0
10	2	0
63	91	0
3	88	0
36	41	0
52	82	0
54	33	0
19	96	0
18	47	0
15	40	0
65	19	0
95	35	0
82	21	0
89	99	0
29	59	0
17	15	1
35	13	0
32	28	0
83	21	0
53	64	0
79	84	0
23	29	0
64	99	0
83	69	0
37	75	0
74	7	0
68	36	0
83	20	0
67	24	0
39	22	0
37	31	0
96	5	0
64	28	0
3	68	0
93	17	0
96	94	0
11	92	0
87	65	0
43	48	0
29	2	0
92	89	0
79	55	0
27	96	0
65	25	0
74	42	0
96	63	0
82	71	0
29	75	0
79	83	0
33	92	0
89	73	0
39	37	0
29	88	0
99	89	0
29	32	0
24	44	0
69	67	0
62	92	0
52	70	0
45	86	0
66	64	0
36	59	0
36	67	0
83	23	0
13	90	0
90	48	0
18	81	0
41	55	0
47	80	0
81	33	0
27	34	0
15	45	0
4	16	1
66	44	0
92	71	0
60	21	0
84	92	0
70	97	0
34	40	0
60	8	0
27	43	0
17	79	0
37	32	0
57	68	0
68	85	0
32	22	0
77	86	0
50	34	0
34	17	0
63	34	0
27	76	0
42	14	0
1	61	0
89	81	0
65	99	0
50	43	0
77	13	0
38	69	0
41	49	0
98	54	0
95	1	0
0	72	0
69	2	0
85	76	0
71	23	0
35	0	0
36	68	0
78	78	0
35	80	0
49	79	0
78	20	0
14	69	0
56	10	0
50	71	0
66	98	0
29	92	0
90	6	0
92	18	0
65	13	0
36	86	0
13	91	0
6	90	0
77	49	0
70	58	0
78	61	0
15	44	0
87	50	0
65	57	0
20	17	1
82	74	0
69	59	0
25	50	0
16	68	0
40	24	0
47	38	0
1	53	0
57	63	0
43	40	0
94	39	0
78	35	0
77	4	0
74	31	0
51	86	0
21	19	1
15	48	0
65	41	0
96	79	0
69	79	0
96	79	0
22	48	0
54	62	0
60	52	0
28	60	0
85	40	0
24	64	0
43	22	0
93	59	0
74	97	0
51	50	0
21	62	0
38	4	0
69	65	0
27	76	0
47	23	0
72	81	0
89	73	0
23	89	0
56	60	0
16	74	0
76	69	0
41	54	0
52	61	0
36	80	0
62	65	0
26	33	0
14	64	0
87	78	0
78	58	0
98	61	0
34	83	0
54	73	0
68	32	0
22	23	1
87	22	0
37	32	0
99	4	0
19	92	0
31	32	0
2	17	1
30	81	0
90	61	0
20	39	0
96	62	0
12	91	0
15	68	0
32	3	0
96	91	0
28	25	0
5	85	0
75	96	0
34	61	0
76	70	0
30	84	0
98	25	0
26	20	0
34	81	0
29	74	0
32	20	0
23	36	0
12	28	0
94	72	0
88	13	0
55	6	0
69	10	0
87	41	0
32	6	0
41	38	0
98	38	0
11	61	0
44	92	0
0	48	0
23	85	0
76	58	0
45	98	0
67	45	0
77	79	0
36	30	0
80	69	0
37	67	0
87	44	0
6	72	0
57	36	0
33	66	0
72	34	0
60	38	0
95	84	0
92	92	0
85	89	0
20	87	0
22	37	0
56	54	0
46	66	0
37	25	0
22	7	0
39	68	0
9	44	0
61	2	0
68	86	0
91	60	0
93	16	0
11	50	0
6	1	0
82	95	0
8	92	0
52	12	0
54	46	0
70	9	0
16	1	0
48	13	0
19	35	0
49	17	0
57	1	0
42	80	0
54	23	0
29	93	0
75	4	0
28	38	0
49	65	0
66	19	0
89	69	0
64	79	0
43	66	0
52	98	0
78	88	0
5	14	1
88	57	0
14	60	0
78	70	0
56	90	0
20	34	0
16	60	0
94	49	0
30	86	0
97	97	0
66	83	0
44	8	0
46	53	0
80	62	0
53	88	0
74	49	0
93	71	0
79	26	0
17	69	0
8	59	0
70	89	0
76	43	0
58	62	0
57	10	0
31	23	0
70	69	0
25	40	0
14	64	0
38	46	0
54	44	0
28	13	0
60	29	0
5	86	0
24	35	0
15	59	0
6	67	0
75	53	0
28	29	0
59	13	0
94	24	0
82	1	0
52	68	0
1	63	0
62	27	0
46	38	0
14	13	1
22	18	1
73	73	0
76	15	0
47	41	0
49	68	0
47	84	0
18	94	0
27	63	0
40	89	0
27	40	0
74	82	0
48	39	0
26	80	0
11	17	1
57	23	0
5	40	0
56	55	0
64	16	0
29	72	0
84	52	0
54	43	0
52	47	0
43	14	0
0	72	0
65	59	0
75	52	0
44	39	0
79	56	0
83	72	0
74	37	0
66	11	0
87	73	0
89	16	0
4	73	0
66	83	0
29	18	0
53	33	0
6	1	0
15	52	0
12	88	0
30	93	0
24	50	0
92	34	0
15	50	0
58	99	0
10	83	0
95	66	0
52	66	0
86	40	0
16	3	0
58	18	0
43	5	0
4	0	0
18	82	0
55	62	0
81	69	0
75	48	0
15	0	0
26	36	0
67	11	0
1	80	0
74	0	0
42	72	0
57	25	0
69	98	0
11	37	0
1	96	0
97	65	0
35	20	0
86	73	0
62	57	0
73	39	0
42	30	0
90	33	0
88	65	0
18	66	0
1	91	0
23	49	0
3	86	0
8	93	0
92	32	0
34	50	0
4	98	0
54	12	0
62	1	0
44	47	0
26	22	0
68	45	0
36	18	0
23	79	0
29	34	0
68	13	0
1	43	0
88	49	0
87	6	0
61	53	0
36	7	0
48	24	0
9	95	0
60	79	0
37	65	0
12	6	1
37	14	0
0	80	0
3	83	0
65	53	0
84	46	0
46	34	0
29	71	0
26	26	0
95	90	0
62	31	0
43	79	0
64	98	0
24	18	0
7	90	0
63	18	0
57	68	0
35	39	0
99	70	0
31	71	0
99	20	0
80	17	0
98	19	0
87	86	0
46	60	0
25	87	0
85	7	0
35	3	0
71	83	0
67	72	0
19	44	0
68	41	0
63	81	0
83	12	0
90	47	0
18	63	0
53	48	0
24	27	0
89	24	0
48	47	0
72	11	0
92	94	0
84	75	0
52	67	0
72	29	0
61	67	0
9	90	0
36	0	0
4	99	0
16	76	0
64	67	0
79	94	0
92	11	0
96	92	0
81	3	0
14	8	1
86	76	0
67	4	0
99	34	0
72	51	0
56	37	0
17	68	0
60	91	0
54	75	0
11	41	0
6	41	0
39	91	0
3	78	0
46	2	0
42	57	0
15	60	0
45	32	0
5	41	0
97	46	0
53	28	0
2	45	0
25	88	0
71	59	0
2	7	0
89	75	0
21	79	0
56	43	0
37	57	0
94	50	0
61	40	0
4	10	0
13	15	1
4	52	0
25	63	0
84	73	0
64	45	0
99	66	0
2	54	0
63	60	0
16	67	0
0	11	0
74	76	0
31	68	0
43	8	0
29	27	0
7	80	0
34	84	0
6	3	0
76	44	0
68	62	0
82	64	0
78	80	0
45	88	0
35	15	0
2	71	0
12	14	1
45	68	0
39	47	0
54	48	0
83	12	0
