91	63	0
25	2	0
31	31	0
64	98	0
18	0	0
90	40	0
99	91	0
56	13	0
60	76	0
64	29	0
82	50	0
4	85	0
11	9	0
20	85	0
95	21	0
79	79	0
53	43	0
18	59	1
86	53	0
99	18	0
45	96	0
63	66	0
73	78	0
52	2	0
29	75	0
53	16	0
88	75	0
69	90	0
92	78	0
3	36	0
52	12	0
44	25	0
96	28	0
17	58	1
78	65	0
10	86	0
36	92	0
87	19	0
79	83	0
39	8	0
39	64	0
88	71	0
93	73	0
52	65	0
99	46	0
17	82	0
73	2	0
99	63	0
15	72	0
67	6	0
9	74	0
53	85	0
25	72	0
95	70	0
47	38	0
41	31	0
92	86	0
98	90	0
98	8	0
17	98	0
99	15	0
33	2	0
75	89	0
37	0	0
5	94	0
88	11	0
32	79	0
63	96	0
44	60	0
8	30	0
69	83	0
15	53	1
89	28	0
30	89	0
55	98	0
62	27	0
28	91	0
61	94	0
0	12	0
99	10	0
86	19	0
51	71	0
85	37	0
93	57	0
50	17	0
32	12	0
70	53	0
1	94	0
52	0	0
43	68	0
48	7	0
62	28	0
84	33	0
33	63	0
83	47	0
2	60	0
84	95	0
0	91	0
40	95	0
94	52	0
74	16	0
36	71	0
33	58	0
60	2	0
69	57	0
6	67	0
34	0	0
11	47	0
39	50	0
63	82	0
43	39	0
10	92	0
80	32	0
44	79	0
76	68	0
92	11	0
73	92	0
62	72	0
28	24	0
61	96	0
99	78	0
74	60	0
26	94	0
65	31	0
31	20	0
70	7	0
13	54	0
96	76	0
96	26	0
90	48	0
37	52	0
54	0	0
76	63	0
15	26	0
45	27	0
99	57	0
49	31	0
62	80	0
60	81	0
49	24	0
38	36	0
58	37	0
11	53	0
19	57	0
69	87	0
47	62	0
39	96	0
72	40	0
74	60	0
52	63	0
90	65	0
21	21	0
51	52	0
21	13	0
12	74	0
32	63	0
87	42	0
39	47	0
92	0	0
37	86	0
58	29	0
41	41	0
76	80	0
26	68	0
51	66	0
42	88	0
36	52	0
42	14	0
52	17	0
41	93	0
26	66	0
76	82	0
93	63	0
22	98	0
99	75	0
29	51	0
21	73	0
48	71	0
55	55	0
14	24	0
74	87	0
99	79	0
48	66	0
67	29	0
4	45	0
57	8	0
70	53	0
54	18	0
78	21	0
21	51	1
3	48	0
45	56	0
66	32	0
42	69	0
86	26	0
36	97	0
24	60	0
39	19	1
79	84	0
43	51	0
26	9	0
25	76	0
64	9	0
94	85	0
45	91	0
97	3	0
6	67	0
18	67	0
97	31	0
50	89	0
25	51	1
55	75	0
70	63	0
46	64	0
20	75	0
20	51	0
68	2	0
11	57	0
60	80	0
94	51	0
42	86	0
80	63	0
81	23	0
51	75	0
26	77	0
34	99	0
43	30	0
76	33	0
80	44	0
55	42	0
71	70	0
6	46	0
61	26	0
21	99	0
57	67	0
80	41	0
70	28	0
50	4	0
8	43	0
94	20	0
38	20	1
68	72	0
58	92	0
73	44	0
92	34	0
95	9	0
0	35	0
87	76	0
34	95	0
92	81	0
36	97	0
59	34	0
76	35	0
15	92	0
87	23	0
27	60	0
31	72	0
49	11	0
33	92	0
80	89	0
78	79	0
95	54	0
96	59	0
11	87	0
36	73	0
77	7	0
75	45	0
33	20	0
39	0	0
50	26	0
49	52	0
86	48	0
32	53	0
38	48	0
28	82	0
75	87	0
84	55	0
58	79	0
83	9	0
91	40	0
62	9	0
28	43	1
82	44	0
75	54	0
71	69	0
5	41	0
36	69	0
63	23	0
17	90	0
30	81	0
14	80	0
89	79	0
47	13	0
35	3	0
39	55	0
80	73	0
64	7	0
85	92	0
23	1	0
50	91	0
9	66	0
50	87	0
47	36	0
8	49	0
77	34	0
74	12	0
49	15	0
77	14	0
40	60	0
8	50	0
72	17	0
85	60	0
4	10	0
6	64	0
36	95	0
7	85	0
50	96	0
49	67	0
64	42	0
72	3	0
46	80	0
48	68	0
98	86	0
35	25	1
0	55	0
34	48	1
61	48	0
75	78	0
31	29	1
86	25	0
33	2	0
46	0	0
52	18	0
41	34	0
77	58	0
63	15	0
19	53	0
31	9	0
45	58	0
44	37	0
30	42	1
91	76	0
83	58	0
6	48	0
58	34	0
95	9	0
66	15	0
68	22	0
47	38	0
42	32	0
4	74	0
69	83	0
39	73	0
17	96	0
25	74	0
51	9	0
41	39	0
97	38	0
83	44	0
6	62	0
81	67	0
76	81	0
82	27	0
78	89	0
79	3	0
73	70	0
76	59	0
63	50	0
88	74	0
64	5	0
92	18	0
31	49	0
50	94	0
62	75	0
83	14	0
22	70	0
99	24	0
65	96	0
91	19	0
64	26	0
31	57	0
64	38	0
33	56	0
52	86	0
80	34	0
35	18	1
75	84	0
37	55	0
19	92	0
98	96	0
49	30	0
4	90	0
51	52	0
93	8	0
80	39	0
28	62	0
66	54	0
37	20	1
55	52	0
10	99	0
83	25	0
43	6	0
89	52	0
49	44	0
33	92	0
15	7	0
57	60	0
53	93	0
1	46	0
41	77	0
39	82	0
54	27	0
21	83	0
18	28	0
75	0	0
71	15	0
89	4	0
88	91	0
23	67	0
44	22	0
83	1	0
78	58	0
76	95	0
2	25	0
61	95	0
96	66	0
33	78	0
81	2	0
47	60	0
73	22	0
66	6	0
42	17	1
44	13	0
98	9	0
83	41	0
11	91	0
81	12	0
92	93	0
27	98	0
99	71	0
40	44	0
14	27	0
78	95	0
63	45	0
5	85	0
65	37	0
78	37	0
67	41	0
79	71	0
29	66	0
95	65	0
39	95	0
94	69	0
24	97	0
89	91	0
42	34	0
61	66	0
61	98	0
50	63	0
60	94	0
75	51	0
37	45	0
36	56	0
88	2	0
2	85	0
96	56	0
21	85	0
46	67	0
42	84	0
82	42	0
34	51	0
45	21	0
86	53	0
69	13	0
83	95	0
48	96	0
39	55	0
47	12	0
36	43	0
58	98	0
46	18	0
43	65	0
82	79	0
36	12	0
95	91	0
68	6	0
8	6	0
43	36	0
21	73	0
44	3	0
9	73	0
88	85	0
65	86	0
64	41	0
69	1	0
43	62	0
47	66	0
96	57	0
95	0	0
11	74	0
82	4	0
52	72	0
54	28	0
35	7	0
34	63	0
81	88	0
32	68	0
46	78	0
67	31	0
21	53	1
71	32	0
43	56	0
65	94	0
27	97	0
96	16	0
95	21	0
74	16	0
19	65	0
32	98	0
22	91	0
65	40	0
77	82	0
78	93	0
4	36	0
62	37	0
70	80	0
72	62	0
62	81	0
9	87	0
14	77	0
44	21	0
48	18	0
8	36	0
44	43	0
39	45	0
97	28	0
86	38	0
76	11	0
76	42	0
55	54	0
28	46	1
44	24	0
93	81	0
46	94	0
83	57	0
38	68	0
37	89	0
78	55	0
23	51	1
77	24	0
29	15	0
96	50	0
78	91	0
49	46	0
8	50	0
44	11	0
50	51	0
44	82	0
66	90	0
94	59	0
13	80	0
68	47	0
14	64	0
63	48	0
45	72	0
54	52	0
48	78	0
62	72	0
2	65	0
64	66	0
78	48	0
84	58	0
36	71	0
66	84	0
41	12	0
99	19	0
54	47	0
93	3	0
8	84	0
38	83	0
86	63	0
13	49	1
75	70	0
19	94	0
15	79	0
85	83	0
39	24	0
3	71	0
67	96	0
50	61	0
94	68	0
23	97	0
83	40	0
16	3	0
39	70	0
24	82	0
36	16	0
18	55	1
11	19	0
86	65	0
98	19	0
49	11	0
69	38	0
87	11	0
20	6	0
31	65	0
79	33	0
11	64	0
55	83	0
0	48	0
25	76	0
77	59	0
51	99	0
72	52	0
78	83	0
74	58	0
46	55	0
76	76	0
8	81	0
43	40	0
28	82	0
81	48	0
67	31	0
90	49	0
96	99	0
90	89	0
40	71	0
76	44	0
58	56	0
31	22	1
35	19	1
35	65	0
6	44	0
65	3	0
72	77	0
90	80	0
90	7	0
16	49	1
58	81	0
6	96	0
53	9	0
52	24	0
70	24	0
58	23	0
39	21	0
78	13	0
33	89	0
70	21	0
31	94	0
99	19	0
39	64	0
62	36	0
67	95	0
79	67	0
34	80	0
66	96	0
91	66	0
90	45	0
15	61	0
92	79	0
71	92	0
16	59	0
98	48	0
31	72	0
95	84	0
52	90	0
30	18	0
76	75	0
97	48	0
47	87	0
76	74	0
94	57	0
80	40	0
30	52	0
3	61	0
59	79	0
69	24	0
53	42	0
46	10	0
33	21	1
88	78	0
16	49	1
65	29	0
46	11	0
51	22	0
5	88	0
11	55	0
10	79	0
67	42	0
95	25	0
93	27	0
98	3	0
70	95	0
8	56	0
62	22	0
59	48	0
36	82	0
92	29	0
61	53	0
34	85	0
21	95	0
37	68	0
20	99	0
30	8	0
72	70	0
46	19	0
40	76	0
49	45	0
6	43	0
69	65	0
65	17	0
27	90	0
93	52	0
26	44	1
18	30	0
15	70	0
81	64	0
61	59	0
44	44	0
95	59	0
99	64	0
66	49	0
59	13	0
70	62	0
85	37	0
7	41	0
87	80	0
50	35	0
20	73	0
0	83	0
24	95	0
27	60	0
95	25	0
0	54	0
57	88	0
7	87	0
88	63	0
48	31	0
88	27	0
17	20	0
31	35	0
75	12	0
28	73	0
43	53	0
98	59	0
86	42	0
6	2	0
2	49	0
53	19	0
3	46	0
78	6	0
48	69	0
23	30	1
90	90	0
0	10	0
44	99	0
93	39	0
38	2	0
89	85	0
51	63	0
71	67	0
38	39	0
93	36	0
92	75	0
11	66	0
11	74	0
8	42	0
22	70	0
16	90	0
63	17	0
30	56	0
9	92	0
32	18	0
59	10	0
34	64	0
65	44	0
44	7	0
38	76	0
96	21	0
7	24	0
72	45	0
89	26	0
44	48	0
24	24	0
46	4	0
19	92	0
46	69	0
29	59	0
26	16	0
22	93	0
21	76	0
61	46	0
94	48	0
35	73	0
82	92	0
51	27	0
66	68	0
57	91	0
2	85	0
82	42	0
50	55	0
11	21	0
98	67	0
51	54	0
95	21	0
75	13	0
82	27	0
58	96	0
47	44	0
44	37	0
68	26	0
43	2	0
51	93	0
48	73	0
18	43	1
83	30	0
60	94	0
92	44	0
85	55	0
37	78	0
31	67	0
81	27	0
50	41	0
74	9	0
96	92	0
79	79	0
54	69	0
75	44	0
75	92	0
17	76	0
52	17	0
19	97	0
8	58	0
44	60	0
75	83	0
60	16	0
99	95	0
86	14	0
99	98	0
65	7	0
75	25	0
66	56	0
57	31	0
21	89	0
48	88	0
75	80	0
6	34	0
17	78	0
7	74	0
36	11	0
42	46	0
18	51	0
3	45	0
85	45	0
46	22	0
13	65	0
24	84	0
64	97	0
92	45	0
1	70	0
67	45	0
31	75	0
77	53	0
74	30	0
1	52	0
28	54	0
85	42	0
72	54	0
82	50	0
11	66	0
61	55	0
0	87	0
1	6	0
86	66	0
18	69	0
21	6	0
36	24	1
5	95	0
19	83	0
92	42	0
74	78	0
82	59	0
91	80	0
47	65	0
63	39	0
2	69	0
48	63	0
32	63	0
63	47	0
93	21	0
