80	68	0
30	29	0
60	96	0
15	12	0
94	44	0
90	91	0
72	44	0
7	82	0
4	9	0
12	91	0
82	41	0
71	80	0
32	31	0
67	72	0
89	51	0
51	97	1
61	70	0
40	35	0
93	86	0
97	82	0
69	81	0
8	23	0
71	72	0
77	26	0
57	82	0
53	65	0
64	83	0
97	51	0
94	30	0
86	70	0
38	0	0
81	34	0
34	14	0
95	71	0
93	73	0
89	26	1
97	8	0
20	34	0
63	78	0
4	89	0
59	97	1
19	33	0
74	76	0
95	39	0
55	88	0
4	21	0
89	14	0
66	35	0
49	47	0
81	41	0
20	99	1
88	73	0
55	97	1
21	58	0
95	58	0
44	36	0
34	10	0
59	54	0
11	89	0
97	21	0
42	68	0
89	59	0
96	7	0
75	92	0
73	77	0
7	23	0
75	81	0
85	66	0
80	38	0
60	41	0
83	44	0
84	38	0
90	40	0
18	60	0
13	13	0
84	68	0
58	95	1
35	82	0
61	95	1
78	49	0
60	67	0
84	74	0
80	78	0
29	13	0
11	9	0
84	59	0
90	3	0
18	48	0
77	80	0
60	77	0
59	81	0
49	6	0
53	97	1
77	87	0
75	50	0
11	84	0
95	92	0
1	97	0
18	60	0
93	88	0
98	73	0
55	82	0
72	49	0
85	36	0
55	62	0
16	53	0
48	20	0
85	84	0
75	1	0
81	41	0
85	96	0
58	72	0
77	79	0
13	22	0
69	98	0
58	98	1
31	81	0
29	38	0
59	41	0
60	79	0
67	39	0
9	99	0
94	29	0
69	27	1
52	32	0
70	67	0
74	95	0
85	69	0
97	26	0
91	82	0
69	74	0
47	82	0
10	70	1
7	46	0
74	71	0
75	75	0
86	56	0
91	56	0
91	68	0
57	16	0
37	29	0
75	57	0
27	80	0
59	91	1
84	77	0
98	48	0
97	28	0
70	63	0
64	96	0
66	14	0
1	91	0
10	95	1
99	61	0
86	79	0
13	20	0
89	11	0
94	21	0
85	18	1
87	29	0
16	17	0
33	78	0
55	93	1
82	42	0
69	97	0
92	79	0
61	38	0
59	81	0
5	5	0
33	15	0
46	28	0
71	39	0
0	56	0
35	10	0
97	82	0
94	50	0
96	8	1
58	1	0
35	7	0
96	85	0
30	74	0
8	95	0
34	35	0
66	49	0
70	69	0
50	71	0
85	75	0
75	31	0
79	79	0
85	34	0
87	72	0
52	33	0
98	67	0
67	11	0
99	11	1
31	56	0
80	93	0
95	45	0
87	46	0
74	89	0
91	40	0
43	53	0
52	96	1
70	84	0
23	77	0
83	88	0
1	91	0
92	18	1
18	99	1
86	28	0
91	63	0
33	2	0
47	91	1
45	51	0
16	16	0
87	42	0
89	7	1
64	89	0
16	26	0
75	32	0
73	76	0
19	35	0
83	46	0
80	6	0
91	68	0
69	20	0
98	92	0
18	35	0
54	98	1
65	54	0
91	40	0
64	48	0
3	54	0
97	70	0
97	61	0
8	83	0
80	87	0
44	19	0
69	54	0
55	93	1
67	94	0
96	41	0
61	13	0
76	47	0
75	32	0
91	59	0
69	30	0
90	74	0
91	94	0
82	97	0
15	8	0
3	81	0
79	88	0
66	94	0
52	14	0
85	57	0
99	3	0
95	81	0
60	79	0
62	74	0
97	3	0
87	31	0
10	44	0
3	97	0
87	91	0
88	89	0
85	87	0
79	62	0
73	78	0
7	86	0
26	27	0
1	15	0
43	39	0
84	41	0
60	59	0
60	4	0
78	83	0
80	75	0
82	46	0
72	61	1
26	16	0
98	40	0
69	92	0
55	32	0
65	79	0
91	68	0
16	55	0
56	75	0
57	82	1
2	45	0
72	79	0
96	44	0
89	65	0
49	89	1
85	27	0
88	6	1
98	68	0
66	69	0
7	90	0
80	92	0
15	26	0
10	87	0
65	73	0
66	62	0
94	92	0
6	83	0
83	54	0
13	0	0
13	86	0
3	18	0
93	59	0
17	26	0
8	36	0
78	32	0
70	76	0
92	80	0
83	39	0
79	79	0
68	85	0
1	75	0
91	63	0
60	24	0
95	37	0
81	86	0
76	69	0
38	84	0
89	69	0
98	13	1
41	74	0
0	98	0
77	39	0
30	31	0
62	83	0
37	71	0
68	95	0
93	52	0
83	29	0
75	66	0
98	79	0
98	46	0
96	98	0
89	70	0
65	27	0
83	75	0
83	61	0
96	25	0
52	66	0
66	32	0
86	91	0
90	64	0
24	80	0
93	37	0
83	38	0
88	41	0
96	82	0
74	50	0
3	82	0
14	98	1
37	28	0
31	66	0
62	9	0
2	93	0
78	46	0
3	13	0
20	54	0
58	64	0
69	77	0
78	53	0
69	44	0
78	68	1
77	48	0
15	38	0
89	81	0
60	92	0
83	17	0
13	90	0
92	57	0
57	25	1
24	17	0
30	34	0
71	46	0
96	36	0
12	1	0
39	3	0
53	56	0
96	84	0
27	4	0
57	2	0
92	83	0
59	85	0
26	51	0
90	49	0
85	62	0
5	89	0
1	96	0
46	34	0
95	34	0
18	33	0
86	37	0
78	11	0
37	33	0
14	98	1
55	80	1
20	36	0
80	41	0
66	91	0
74	43	0
14	12	0
94	52	0
83	43	0
80	20	1
59	96	1
75	40	0
52	92	0
60	53	0
69	46	0
55	95	1
87	46	0
97	94	0
90	87	0
68	73	0
72	27	0
96	43	0
93	99	0
95	93	0
85	23	1
86	68	0
9	99	1
81	96	0
56	79	0
0	15	0
33	92	0
85	36	0
21	94	1
75	29	0
80	42	0
74	46	0
95	58	0
89	35	0
15	76	0
11	12	0
54	86	0
26	71	0
36	5	0
6	84	0
99	44	0
97	84	0
80	49	0
91	88	0
95	47	0
