99	65	0
19	13	0
31	20	1
65	98	0
10	1	0
86	42	0
99	95	0
48	16	0
53	79	0
57	22	0
82	51	0
9	85	0
9	4	0
15	95	0
96	30	0
68	77	0
47	30	0
84	68	0
96	21	0
54	98	0
47	62	0
80	71	0
49	11	0
24	78	0
55	20	0
97	68	0
84	92	0
88	75	0
8	38	0
53	10	0
49	32	0
95	24	0
75	72	0
10	83	0
33	93	0
78	15	0
74	86	0
26	7	0
49	69	0
79	68	0
92	74	0
58	64	0
99	39	0
16	77	0
71	4	0
97	67	0
19	75	0
65	4	0
6	76	0
42	91	0
28	74	0
88	61	0
58	41	0
42	24	0
90	81	0
98	89	0
99	14	0
26	92	0
99	5	0
26	8	0
75	90	0
30	5	0
2	87	0
84	8	0
29	73	0
60	95	0
36	58	0
3	27	0
73	80	0
87	30	0
26	98	0
49	99	0
65	26	0
24	92	0
57	97	0
8	15	0
97	19	0
82	25	0
54	76	0
89	44	0
91	59	0
54	9	0
41	17	1
66	41	0
0	99	0
67	3	0
48	72	0
39	6	0
54	24	0
87	17	0
37	56	0
87	47	0
2	60	0
75	95	0
2	85	0
40	97	0
87	55	0
73	27	0
34	64	0
38	60	0
63	0	0
70	54	0
16	71	0
36	4	0
64	74	0
45	33	0
8	95	0
86	25	0
42	78	0
80	68	0
95	1	0
66	85	0
61	72	0
13	23	0
56	90	0
99	82	0
72	56	0
23	93	0
65	30	0
29	30	1
75	5	0
97	61	0
97	33	0
90	56	0
42	46	0
63	6	0
68	66	0
11	27	0
42	29	0
94	57	0
50	25	0
55	81	0
57	76	0
58	18	0
42	34	0
55	26	0
14	45	1
58	83	0
47	58	0
47	91	0
75	46	0
60	73	0
61	71	0
96	62	0
26	20	0
42	41	0
16	17	0
11	81	0
26	62	0
85	42	0
48	44	0
89	1	0
34	88	0
55	20	0
30	38	0
68	79	0
32	70	0
58	65	0
44	88	0
35	52	0
39	0	0
52	17	0
42	99	0
33	62	0
75	80	0
88	58	0
17	93	0
89	73	0
28	48	0
22	71	0
51	70	0
47	57	0
12	32	0
71	81	0
96	81	0
39	72	0
77	41	0
10	42	0
58	11	0
63	53	0
62	18	0
80	19	0
1	48	0
40	66	0
56	28	0
44	61	0
97	38	0
32	92	0
20	55	0
74	94	0
46	57	0
21	19	0
33	75	0
58	18	0
91	99	0
35	89	0
95	0	0
15	62	1
12	69	0
96	36	0
58	95	0
65	83	0
65	70	0
38	57	0
13	66	0
19	56	1
60	0	0
55	99	0
99	54	0
44	89	0
74	68	0
81	24	0
50	75	0
31	82	0
43	95	0
39	24	0
66	21	0
79	44	0
51	43	0
76	67	0
2	54	0
73	23	0
21	90	0
66	66	0
87	37	0
76	38	0
47	1	0
4	39	0
86	24	0
67	77	0
57	94	0
71	56	0
91	34	0
89	12	0
1	35	0
86	73	0
39	99	0
90	81	0
38	98	0
58	36	0
79	31	0
20	87	0
81	19	0
21	60	0
29	78	0
47	13	0
28	90	0
75	91	0
82	78	0
94	55	0
96	56	0
20	80	0
34	71	0
84	15	0
83	50	0
44	1	0
43	26	0
44	55	0
80	47	0
25	54	0
40	39	0
34	74	0
73	98	0
88	60	0
54	76	0
95	7	0
96	37	0
62	5	0
85	54	0
78	53	0
64	77	0
1	32	0
41	65	0
70	27	0
15	91	0
28	77	0
7	87	0
93	65	0
56	9	1
39	1	0
77	65	0
70	1	0
96	90	0
28	4	0
47	89	0
14	65	0
53	90	0
42	39	0
7	47	1
77	28	0
79	19	0
52	16	0
89	12	0
41	53	0
77	28	0
81	56	0
6	10	0
3	57	0
29	99	0
16	85	0
55	98	0
49	74	0
81	41	0
64	13	0
50	86	0
48	70	0
99	84	0
1	51	0
65	50	0
65	85	0
80	27	0
28	7	0
42	3	0
52	15	0
37	30	0
81	53	0
73	20	0
22	43	0
19	21	0
31	53	0
46	33	0
96	69	0
91	60	0
3	53	1
61	35	0
88	5	0
66	13	0
78	23	0
53	39	0
40	29	0
3	76	0
68	82	0
44	81	0
8	99	0
35	60	0
57	11	0
50	40	0
81	36	0
73	52	0
15	61	1
86	72	0
88	86	0
79	30	0
70	88	0
78	8	0
77	63	0
68	51	0
70	51	0
84	79	0
72	2	0
91	11	0
25	44	0
56	86	0
62	76	0
76	10	0
22	74	0
97	33	0
56	97	0
98	24	0
62	25	0
29	57	0
60	44	0
39	59	0
57	84	0
81	30	0
82	80	0
38	52	1
18	90	0
94	95	0
46	22	0
5	81	0
44	51	0
98	0	0
82	37	0
32	65	0
63	48	0
58	50	0
17	93	0
79	24	0
41	9	1
87	52	0
50	40	0
34	91	0
21	10	0
49	46	0
52	87	0
1	45	0
38	78	0
40	85	0
52	25	0
21	73	0
17	28	0
70	6	0
70	19	0
96	4	0
83	99	0
30	66	0
34	35	0
82	6	0
57	53	0
71	98	0
3	23	0
51	89	0
95	58	0
30	76	0
80	7	0
39	68	0
68	16	0
54	6	0
85	21	0
88	46	0
10	88	0
74	14	0
87	99	0
24	94	0
92	75	0
42	49	0
10	29	0
66	94	0
68	52	0
5	85	0
70	30	0
80	57	0
74	50	0
81	69	0
28	57	0
98	55	0
26	95	0
99	65	0
24	99	0
89	97	0
46	36	0
64	66	0
59	93	0
48	57	0
59	98	0
75	52	0
49	47	0
31	59	0
87	1	0
2	87	0
92	62	0
24	94	0
49	61	0
43	79	0
83	30	0
35	49	0
55	23	0
96	53	0
74	22	0
87	93	0
43	96	0
37	58	0
50	5	1
35	48	0
60	95	0
52	20	0
41	74	0
90	82	0
35	8	1
92	84	0
80	11	0
24	10	0
42	32	0
26	67	0
45	5	0
11	81	0
87	76	0
54	92	0
63	48	0
67	10	0
37	64	0
39	77	0
97	47	0
96	3	0
15	67	0
76	12	0
43	65	0
42	25	0
38	2	0
33	48	0
85	84	0
25	74	0
53	84	0
66	24	0
77	23	0
50	56	0
63	83	0
26	97	0
90	21	0
83	16	0
77	19	0
16	66	0
21	90	0
19	87	0
63	35	0
72	77	0
75	98	0
1	26	0
62	52	0
65	89	0
70	64	0
60	76	0
14	94	0
18	76	0
47	30	0
43	15	1
8	28	0
44	42	0
31	41	0
98	31	0
82	45	0
69	11	0
68	31	0
56	48	0
45	29	0
98	79	0
49	81	0
82	55	0
39	59	0
33	96	0
76	53	0
57	17	0
31	13	0
98	48	0
73	83	0
49	35	0
52	62	0
40	92	0
64	93	0
97	63	0
23	79	0
61	51	0
6	65	0
64	44	0
51	75	0
66	51	0
49	76	0
65	92	0
3	54	0
54	55	0
77	47	0
80	62	0
34	81	0
73	83	0
46	26	0
95	15	0
56	43	0
99	12	0
1	82	0
45	89	0
90	65	0
69	69	0
13	87	0
16	75	0
80	87	0
47	27	0
4	74	0
74	98	0
47	68	0
94	65	0
29	93	0
75	46	0
12	2	0
41	75	0
19	82	0
37	21	1
8	16	0
90	56	0
97	24	0
49	21	0
72	38	0
83	13	0
22	10	0
31	62	0
75	30	0
1	71	0
62	80	0
8	38	0
17	73	0
64	49	0
60	97	0
70	42	0
74	87	0
73	56	0
37	52	1
74	77	0
8	87	0
47	39	0
25	79	0
73	54	0
65	36	0
99	50	0
93	95	0
84	85	0
45	70	0
67	45	0
65	65	0
39	51	1
11	49	1
69	5	0
70	84	0
87	79	0
86	1	0
55	80	0
9	96	0
50	19	0
54	36	0
70	30	0
61	26	0
75	19	0
23	91	0
75	30	0
29	75	0
93	14	0
44	69	0
52	39	0
65	99	0
74	74	0
43	78	0
70	93	0
87	65	0
90	46	0
95	78	0
83	97	0
97	46	0
37	69	0
93	86	0
51	85	0
81	82	0
96	49	0
45	85	0
84	67	0
89	57	0
77	35	0
37	46	0
0	62	0
56	78	0
67	17	0
55	32	0
49	19	1
87	85	0
66	39	0
46	12	1
15	88	0
11	58	1
9	91	0
62	39	0
92	17	0
89	44	0
94	5	0
77	99	0
7	46	1
57	21	0
56	51	0
36	76	0
94	18	0
66	50	0
28	88	0
30	98	0
27	68	0
19	95	0
34	7	1
65	62	0
49	34	0
46	74	0
45	44	0
3	54	1
70	70	0
68	14	0
18	88	0
92	59	0
22	28	0
16	70	0
75	63	0
67	55	0
52	60	0
89	52	0
90	65	0
72	55	0
59	14	0
67	64	0
82	45	0
9	32	0
92	74	0
53	43	0
37	79	0
12	81	0
25	95	0
23	60	0
91	31	0
11	51	1
62	96	0
5	89	0
90	63	0
49	30	0
79	22	0
21	22	0
33	42	0
78	12	0
17	71	0
37	54	1
89	55	0
87	38	0
6	9	0
14	48	1
45	17	1
5	39	0
67	12	0
46	72	0
93	92	0
4	11	0
50	99	0
87	33	0
40	1	0
88	84	0
43	65	0
76	73	0
35	31	0
98	37	0
90	79	0
21	66	0
12	84	0
3	48	0
20	70	0
16	98	0
73	20	0
32	55	0
9	85	0
26	32	0
62	16	0
43	61	0
74	50	0
46	3	0
32	74	0
93	25	0
8	26	0
74	44	0
97	32	0
49	62	0
30	14	0
45	1	0
17	93	0
42	78	0
25	59	0
18	14	0
20	83	0
26	81	0
66	52	0
91	41	0
33	72	0
84	98	0
46	31	0
64	68	0
47	84	0
4	84	0
82	44	0
45	62	0
12	20	0
91	59	0
55	50	0
90	22	0
80	20	0
81	35	0
61	98	0
42	37	0
60	37	0
62	32	0
42	1	0
40	88	0
54	72	0
89	28	0
57	98	0
86	45	0
79	54	0
38	71	0
28	69	0
80	34	0
52	40	0
73	3	0
96	97	0
72	81	0
48	77	0
71	44	0
80	90	0
16	79	0
59	31	0
14	92	0
5	59	1
40	62	0
80	67	0
67	13	0
93	93	0
84	12	0
98	95	0
57	9	0
69	21	0
76	56	0
65	33	0
14	86	0
51	88	0
65	81	0
9	31	0
16	83	0
14	71	0
39	9	0
39	40	0
2	46	0
75	46	0
51	29	0
8	61	0
17	90	0
66	95	0
90	43	0
1	74	0
60	43	0
28	86	0
82	63	0
70	46	0
2	48	1
24	53	0
82	36	0
70	51	0
71	61	0
16	63	0
56	48	0
3	90	0
7	2	0
86	65	0
16	69	0
26	0	0
2	99	0
25	79	0
96	38	0
74	77	0
91	67	0
86	87	0
51	59	0
60	30	0
4	73	0
48	63	0
32	58	0
64	44	0
90	19	0
