94	60	0
28	4	0
28	27	0
63	98	0
14	1	0
86	38	0
97	93	0
50	11	0
59	79	0
60	27	0
81	50	0
8	81	0
13	0	0
18	86	0
97	23	0
75	76	0
52	46	0
17	59	1
91	56	0
96	14	0
46	97	0
60	65	0
74	75	0
50	6	0
27	71	0
58	16	0
95	71	0
73	95	0
93	79	0
6	39	0
54	10	0
49	27	0
99	28	0
15	57	1
78	67	0
16	89	0
36	94	0
83	13	0
78	89	0
38	9	0
39	62	0
86	66	0
95	70	0
50	61	0
96	48	0
14	80	0
68	0	0
99	69	0
14	71	0
68	7	0
6	75	0
50	88	0
30	70	0
94	67	0
53	37	0
38	34	0
87	83	0
94	91	0
98	8	0
19	95	0
98	12	0
29	0	0
74	88	0
33	1	0
5	86	0
85	13	0
33	75	0
64	96	0
39	61	0
6	28	0
67	81	0
12	52	1
87	32	0
26	89	0
50	98	0
64	26	0
27	89	0
55	98	0
0	16	0
95	12	0
79	17	0
49	74	0
87	41	0
94	59	0
56	18	0
34	9	0
67	47	0
3	95	0
57	2	0
44	66	0
44	8	0
55	29	0
82	25	0
38	59	0
89	48	0
9	59	0
83	93	0
0	88	0
46	95	0
86	50	0
71	19	0
36	68	0
32	61	0
61	3	0
72	55	0
11	65	0
32	1	0
15	47	1
38	50	1
63	81	0
43	37	0
9	91	0
78	31	0
39	83	0
73	72	0
91	10	0
72	86	0
68	70	0
24	25	0
63	97	0
97	83	0
72	64	0
23	93	0
65	35	0
31	22	0
71	9	0
15	55	1
97	73	0
96	29	0
88	50	0
39	49	0
53	2	0
66	69	0
12	27	0
45	26	0
98	56	0
49	25	0
59	75	0
57	81	0
50	17	0
40	38	0
58	31	0
8	50	0
17	52	1
65	88	0
46	64	0
44	94	0
72	38	0
72	63	0
57	66	0
95	62	0
23	21	0
46	51	0
15	13	0
16	76	0
27	66	0
82	43	0
40	48	0
90	1	0
36	87	0
54	27	0
36	43	0
76	80	0
27	63	0
51	64	0
42	95	0
35	50	0
38	14	0
56	16	0
38	96	0
28	63	0
78	83	0
92	67	0
22	95	0
95	73	0
29	50	0
23	71	0
52	70	0
51	60	0
12	28	0
76	89	0
99	80	0
43	67	0
71	38	0
2	46	0
56	7	0
71	60	0
55	17	0
79	17	0
19	46	1
1	53	0
41	61	0
64	34	0
47	66	0
87	31	0
34	95	0
25	57	0
41	17	1
81	86	0
44	57	0
26	10	0
22	75	0
64	12	0
98	93	0
43	90	0
99	4	0
9	65	0
17	67	0
99	28	0
50	88	0
59	75	0
69	68	0
45	64	0
20	75	0
18	50	0
60	3	0
15	55	1
60	88	0
96	53	0
43	87	0
80	66	0
84	21	0
56	77	0
25	83	0
37	93	0
43	24	0
73	26	0
80	47	0
55	43	0
72	71	0
2	47	0
64	23	0
19	95	0
65	68	0
80	41	0
62	32	0
48	0	0
4	47	0
91	21	0
35	23	1
70	71	0
60	96	0
76	54	0
93	32	0
92	11	0
2	32	0
86	78	0
34	98	0
90	83	0
36	97	0
60	33	0
75	28	0
17	89	0
83	22	0
21	58	0
31	74	0
49	11	0
31	99	0
80	90	0
79	78	0
92	52	0
95	55	0
14	82	0
37	70	0
84	11	0
75	46	0
37	19	1
37	5	0
46	29	0
49	51	0
82	47	0
28	58	0
42	46	0
32	79	0
74	90	0
85	57	0
58	76	0
84	5	0
91	40	0
61	13	0
30	40	1
84	43	0
71	51	0
66	70	0
3	36	0
34	72	0
59	28	0
15	94	0
30	83	0
11	86	0
91	76	0
47	18	0
40	1	0
37	51	1
75	68	0
66	6	0
87	92	0
30	5	0
53	95	0
13	62	0
52	90	0
47	37	0
7	49	0
75	35	0
78	14	0
47	18	0
79	8	0
40	60	0
11	51	1
74	17	0
78	57	0
3	10	0
7	63	0
36	96	0
14	85	0
46	97	0
48	67	0
72	41	0
68	7	0
45	83	0
45	71	0
99	83	0
1	57	0
67	48	0
72	78	0
85	21	0
32	6	0
42	0	0
52	17	0
42	29	0
79	55	0
62	15	0
17	48	0
27	13	0
37	58	0
44	39	0
90	75	0
83	61	0
4	47	0
54	35	0
90	6	0
66	12	0
70	21	0
54	42	0
42	31	0
2	78	0
70	87	0
39	75	0
10	98	0
24	69	0
56	5	0
48	40	0
95	42	0
86	50	0
12	61	0
81	68	0
76	85	0
85	25	0
78	91	0
77	3	0
72	67	0
76	58	0
63	52	0
84	77	0
66	6	0
92	17	0
33	53	0
53	94	0
66	74	0
83	14	0
25	75	0
96	20	0
60	98	0
89	23	0
61	23	0
34	57	0
63	38	0
36	56	0
49	87	0
80	32	0
34	17	1
82	81	0
41	56	0
17	94	0
94	98	0
49	30	0
1	88	0
52	51	0
96	8	0
82	37	0
30	66	0
65	55	0
60	53	0
17	96	0
83	24	0
38	12	0
87	50	0
48	44	0
37	92	0
19	3	0
55	57	0
51	87	0
3	47	0
41	78	0
42	82	0
53	26	0
20	82	0
15	31	0
75	0	0
70	17	0
96	5	0
86	88	0
25	68	0
40	24	0
81	0	0
73	55	0
74	99	0
3	24	0
55	95	0
93	62	0
32	78	0
83	5	0
45	61	0
76	23	0
64	7	0
43	14	1
42	12	1
99	14	0
83	43	0
11	88	0
79	13	0
90	97	0
23	98	0
99	69	0
43	46	0
14	30	0
76	97	0
59	51	0
4	85	0
67	36	0
76	41	0
68	46	0
79	72	0
32	66	0
92	59	0
35	99	0
94	67	0
23	97	0
91	91	0
41	33	0
60	61	0
60	91	0
47	63	0
60	97	0
77	47	0
41	45	0
33	55	0
89	3	0
2	84	0
96	59	0
18	87	0
45	66	0
42	83	0
81	39	0
34	48	0
50	24	0
86	53	0
69	17	0
84	93	0
47	98	0
40	57	0
49	12	0
38	43	0
55	98	0
47	17	0
45	69	0
85	74	0
36	7	0
90	89	0
72	5	0
12	10	0
42	36	0
20	74	0
43	0	0
9	79	0
89	81	0
62	90	0
62	44	0
68	0	0
38	63	0
41	71	0
95	53	0
99	3	0
10	69	0
83	8	0
50	67	0
51	27	0
35	4	0
35	56	0
84	85	0
30	70	0
48	77	0
63	28	0
73	34	0
49	54	0
65	91	0
29	98	0
99	13	0
92	18	0
70	15	0
12	62	0
29	95	0
23	88	0
62	40	0
75	81	0
75	92	0
7	36	0
55	40	0
67	82	0
74	64	0
63	81	0
13	93	0
18	75	0
41	29	0
48	14	0
9	32	0
43	40	0
38	44	0
98	29	0
83	39	0
72	12	0
74	39	0
60	50	0
26	52	1
45	25	0
95	79	0
46	88	0
85	59	0
34	66	0
38	92	0
79	52	0
24	46	1
76	23	0
31	16	0
97	53	0
73	87	0
45	43	0
8	51	1
43	12	1
51	53	0
40	87	0
65	93	0
97	59	0
14	83	0
64	46	0
11	63	0
64	45	0
42	72	0
58	55	0
45	75	0
63	75	0
3	63	0
60	64	0
77	51	0
85	58	0
33	74	0
69	85	0
45	20	0
94	17	0
50	43	0
95	7	0
5	81	0
42	87	0
87	58	0
8	49	1
74	74	0
15	89	0
15	79	0
82	83	0
42	27	0
0	75	0
69	98	0
52	60	0
94	65	0
22	98	0
82	45	0
12	2	0
40	70	0
20	82	0
35	15	0
7	16	0
88	57	0
99	22	0
50	13	0
73	35	0
82	14	0
20	7	0
34	61	0
79	31	0
8	68	0
55	83	0
0	42	0
21	80	0
71	52	0
53	98	0
71	49	0
77	84	0
76	60	0
43	52	0
79	75	0
6	80	0
41	40	0
25	78	0
83	49	0
69	40	0
91	52	0
96	94	0
88	90	0
44	70	0
73	42	0
60	58	0
28	22	1
28	18	1
37	57	0
5	44	0
68	3	0
68	80	0
91	77	0
87	13	0
55	85	0
1	92	0
53	11	0
51	24	0
71	25	0
56	27	0
33	18	1
80	10	0
31	92	0
71	21	0
33	88	0
97	18	0
42	70	0
63	36	0
66	93	0
78	69	0
42	82	0
69	94	0
89	68	0
89	44	0
16	55	1
93	80	0
73	96	0
14	57	1
98	48	0
37	72	0
95	86	0
54	84	0
32	14	1
79	78	0
96	42	0
50	86	0
79	70	0
92	53	0
76	39	0
31	50	0
1	60	0
61	77	0
64	20	0
54	36	0
46	12	0
90	86	0
14	49	1
66	32	0
43	12	1
45	17	0
10	86	0
11	61	0
6	85	0
68	42	0
96	23	0
97	27	0
99	1	0
75	95	0
4	56	0
60	20	0
57	51	0
33	81	0
97	20	0
60	50	0
38	87	0
26	99	0
35	70	0
17	96	0
32	7	0
69	70	0
47	23	0
43	73	0
49	43	0
8	43	0
70	62	0
66	15	0
27	91	0
98	58	0
23	44	1
16	29	0
17	72	0
78	63	0
62	59	0
49	51	0
96	52	0
98	65	0
70	49	0
57	13	0
72	62	0
85	43	0
11	38	0
89	79	0
54	39	0
22	79	0
5	82	0
28	94	0
24	59	0
96	24	0
2	51	0
58	90	0
8	84	0
89	67	0
46	26	0
85	25	0
17	24	0
33	34	0
72	14	0
24	75	0
39	52	0
95	52	0
88	45	0
6	0	0
3	51	0
49	15	0
2	46	0
75	3	0
47	69	0
26	29	1
90	88	0
1	8	0
45	96	0
92	36	0
36	1	0
92	88	0
48	65	0
71	65	0
37	36	0
98	37	0
95	80	0
14	61	0
13	77	0
0	43	0
22	69	0
14	91	0
69	16	0
27	56	0
9	90	0
28	25	0
58	15	0
34	67	0
69	45	0
47	7	0
36	72	0
97	28	0
3	27	0
74	47	0
88	26	0
44	53	0
26	23	0
45	8	0
18	92	0
48	70	0
31	57	0
23	17	0
16	90	0
23	82	0
60	49	0
91	47	0
34	69	0
82	91	0
50	30	0
68	71	0
48	89	0
3	83	0
83	42	0
47	56	0
12	19	0
98	67	0
51	55	0
94	21	0
84	10	0
83	35	0
59	92	0
47	48	0
49	34	0
66	28	0
40	3	0
47	93	0
47	72	0
15	43	1
87	30	0
60	92	0
91	48	0
84	51	0
39	74	0
30	68	0
80	32	0
53	41	0
72	6	0
99	90	0
75	79	0
47	72	0
71	43	0
71	92	0
12	77	0
54	15	0
22	99	0
7	60	0
47	57	0
78	81	0
61	12	0
97	98	0
88	16	0
98	98	0
62	9	0
73	21	0
66	55	0
55	24	0
19	90	0
53	84	0
76	79	0
7	33	0
11	76	0
13	71	0
38	9	0
39	45	0
16	48	1
1	47	0
81	42	0
46	25	0
13	64	0
20	83	0
57	99	0
88	41	0
2	71	0
66	46	0
26	79	0
80	64	0
72	34	0
6	52	0
25	54	0
84	38	0
70	54	0
84	54	0
11	66	0
60	53	0
2	91	0
3	6	0
86	64	0
20	66	0
18	5	0
0	93	0
20	85	0
92	38	0
72	80	0
85	61	0
86	87	0
53	69	0
63	35	0
6	71	0
48	62	0
35	61	0
61	51	0
95	20	0
