98	65	0
24	19	0
66	98	0
14	4	0
86	39	0
88	97	0
48	79	0
69	44	0
5	85	0
1	0	0
16	86	0
96	45	0
70	78	0
36	36	0
83	90	0
98	43	0
41	94	0
40	84	0
65	75	0
46	16	0
75	73	0
89	91	0
74	87	0
4	21	0
80	14	0
68	74	0
31	95	0
82	21	0
68	89	0
51	66	0
82	81	0
96	51	0
97	25	0
23	76	1
87	84	0
13	73	1
36	2	0
5	73	0
37	90	0
79	46	0
28	12	0
98	89	0
86	86	0
96	19	0
34	86	1
95	14	0
22	30	0
70	88	0
8	87	0
92	7	0
65	94	0
5	24	0
78	84	0
89	29	0
27	88	0
62	96	0
85	16	0
24	87	0
30	89	1
28	4	0
97	4	0
72	32	0
43	75	0
83	23	0
58	47	0
83	30	0
6	93	0
45	82	0
94	66	0
71	97	0
8	66	0
38	96	0
97	52	0
77	17	0
47	34	0
32	6	0
71	56	0
5	83	0
95	28	0
45	70	0
86	58	0
84	1	0
76	99	0
66	88	0
9	34	0
65	79	0
87	72	0
82	41	0
20	98	0
66	44	0
89	61	0
93	28	0
99	40	0
14	56	0
5	18	0
94	54	0
49	87	0
50	58	1
50	78	0
54	98	0
74	30	0
71	70	0
75	75	0
89	66	0
25	14	0
20	14	0
78	50	0
94	3	0
27	97	0
22	41	0
66	76	0
60	85	0
55	79	0
38	0	0
51	83	0
68	81	0
82	55	0
19	90	0
90	82	0
0	72	0
18	47	0
78	82	0
95	74	0
46	67	0
66	41	0
90	42	0
23	93	0
56	80	0
20	44	0
50	80	0
39	25	0
93	85	0
29	99	0
89	1	0
80	36	0
66	90	0
68	82	0
62	71	0
27	42	0
21	65	0
59	89	0
82	68	0
38	92	0
56	86	0
74	20	0
47	88	0
28	26	0
80	62	0
65	41	0
78	68	0
85	35	0
9	91	0
61	48	0
88	32	0
58	34	0
49	19	0
96	31	0
63	76	0
77	97	0
85	70	0
97	26	0
95	34	0
92	72	0
28	89	0
66	81	0
50	89	0
80	28	0
13	93	0
91	15	0
22	48	0
29	92	0
23	93	0
82	77	0
76	82	0
87	49	0
86	50	0
44	85	0
87	61	0
51	2	0
43	24	0
85	42	0
31	70	0
66	81	0
76	68	0
82	1	0
91	49	0
99	37	0
70	64	0
69	86	0
57	8	0
9	90	0
7	94	0
87	65	0
75	58	0
84	11	0
97	81	0
21	10	0
27	93	0
50	92	0
89	10	0
90	7	0
95	30	0
77	26	0
70	41	0
1	4	0
22	98	0
4	76	1
43	86	0
59	69	1
95	42	0
67	93	0
97	85	0
67	34	0
77	80	0
73	17	0
13	10	0
33	7	0
33	25	0
92	39	0
82	18	0
9	46	0
20	24	0
91	82	0
98	73	0
78	24	0
99	14	0
62	3	0
85	15	0
37	16	0
95	89	0
26	87	0
6	97	0
33	42	0
75	43	0
65	63	0
63	78	0
86	85	0
73	24	0
70	80	0
96	39	0
84	57	0
66	47	0
98	72	0
67	14	0
91	11	0
26	51	0
68	99	0
95	34	0
20	87	1
95	42	0
69	95	0
96	33	0
60	17	0
51	48	0
60	95	0
74	88	0
22	91	0
94	84	0
0	94	0
94	2	0
91	11	0
59	79	0
15	97	0
74	38	0
93	66	0
32	2	0
47	92	0
33	86	1
54	79	0
0	29	0
88	36	0
96	6	0
78	96	0
19	24	0
67	30	0
65	81	0
11	23	0
47	88	0
83	52	0
26	91	0
84	5	0
79	16	0
92	63	0
13	80	0
64	17	0
87	90	0
37	93	0
68	59	0
7	33	0
62	90	0
59	47	0
16	74	1
58	30	1
93	44	0
78	54	0
71	59	0
1	38	0
91	64	0
24	98	0
90	56	0
9	92	0
89	86	0
40	17	0
71	60	0
63	90	0
53	98	0
84	54	0
75	5	0
1	81	0
72	45	0
24	99	0
80	31	0
93	43	0
72	27	0
87	75	0
50	98	0
56	99	0
27	94	0
94	83	0
75	84	0
24	3	0
10	78	0
80	89	0
66	90	0
61	53	1
70	30	0
31	77	1
80	62	0
97	3	0
18	76	1
91	6	0
95	84	0
66	83	0
78	22	0
92	10	0
75	89	0
32	98	0
88	10	0
98	1	0
73	23	0
3	59	0
18	96	0
13	90	0
82	82	0
85	98	0
76	89	0
87	68	0
70	69	0
8	99	0
17	71	1
27	19	0
2	10	0
42	38	0
96	28	0
81	40	0
69	57	0
56	13	0
84	79	0
69	80	0
86	57	0
32	79	1
73	62	0
21	6	0
98	42	0
60	99	0
42	40	0
19	94	0
75	97	0
97	76	0
32	86	1
14	79	0
43	67	0
70	75	0
51	98	0
12	46	0
77	68	0
88	52	0
95	68	0
35	74	0
66	82	0
88	18	0
83	4	0
11	84	0
40	98	0
88	73	0
72	71	0
5	91	0
15	81	0
80	94	0
28	24	0
10	79	0
65	86	0
60	71	0
83	82	0
5	88	0
71	45	0
18	4	0
46	94	0
11	94	0
1	17	0
86	66	0
82	13	0
78	22	0
78	17	1
11	18	0
17	58	0
77	30	0
65	74	0
30	91	1
58	56	0
86	83	0
81	45	0
76	82	0
63	53	1
73	86	0
1	67	0
81	57	0
59	37	0
99	42	0
91	88	0
79	70	0
66	49	1
62	52	1
50	75	0
94	77	0
96	1	0
60	78	0
3	96	0
64	30	0
67	22	0
74	16	0
25	69	1
78	17	1
77	26	0
29	27	0
59	94	0
66	62	0
36	91	0
63	99	0
84	60	0
81	27	0
91	70	0
90	91	0
93	41	0
85	84	0
38	89	0
72	81	0
82	47	0
52	90	0
83	83	0
72	66	0
92	24	0
5	75	1
53	73	0
80	20	0
57	41	0
86	85	0
82	56	0
22	85	0
29	87	0
80	31	0
82	30	0
94	48	0
91	14	0
83	81	0
86	17	0
81	36	0
19	77	1
14	88	0
19	74	1
13	93	0
56	49	1
49	27	0
37	63	0
50	81	0
66	4	0
12	91	0
77	50	0
21	11	0
25	62	0
77	72	0
70	60	0
82	63	0
84	51	0
74	62	0
80	51	0
9	40	0
91	88	0
66	59	0
47	92	0
8	72	0
90	21	0
54	93	0
23	89	0
99	46	0
67	30	0
20	10	0
30	34	0
15	66	1
81	52	0
94	37	0
29	7	0
54	11	0
47	78	0
94	82	0
16	6	0
47	75	0
66	30	0
90	64	0
73	70	0
63	88	0
11	47	0
97	45	0
91	66	0
5	85	0
25	85	1
29	92	0
3	99	0
67	36	0
89	15	0
9	19	0
90	29	0
82	19	0
42	32	0
15	98	0
59	83	0
17	77	0
24	25	0
22	76	1
21	95	0
56	57	0
81	43	0
60	88	0
55	67	1
20	93	0
77	44	0
11	5	0
84	59	0
49	59	1
92	26	0
78	28	0
72	31	0
58	91	0
66	12	1
39	99	0
88	43	0
65	98	0
73	56	0
80	44	0
59	90	0
40	71	1
92	37	0
92	99	0
83	87	0
54	87	0
91	18	0
68	76	0
67	23	0
31	88	1
90	51	0
87	93	0
81	7	0
97	96	0
86	24	0
83	69	0
9	87	0
75	98	0
70	80	0
2	15	0
9	99	0
13	71	1
81	34	0
22	98	0
59	79	0
84	41	0
76	45	0
20	97	0
84	44	0
93	58	0
75	43	0
85	25	0
5	85	0
11	8	0
65	75	0
21	60	0
29	5	0
2	90	0
38	84	1
99	52	0
79	86	0
89	55	0
90	77	0
75	45	0
3	83	0
83	23	0
99	35	0
