0	23	1
94	57	0
56	12	0
43	21	0
51	95	0
3	41	0
85	33	0
92	77	0
3	12	0
50	12	0
68	92	0
40	40	0
70	50	0
2	94	0
34	8	0
15	55	0
95	5	0
79	77	0
67	31	0
30	59	0
97	56	0
99	3	0
46	78	0
74	77	0
83	87	0
80	0	0
22	98	0
65	18	0
72	70	0
67	85	0
95	59	0
3	42	0
28	25	0
51	17	0
78	17	0
45	48	0
87	82	0
11	96	0
69	66	0
97	17	0
82	94	0
39	16	0
33	59	0
65	52	0
94	51	0
56	85	0
96	53	0
18	99	0
26	46	0
60	11	0
92	44	0
24	65	0
57	5	0
37	86	0
65	99	0
25	66	0
91	64	0
52	19	0
35	60	0
79	73	0
97	93	0
73	8	0
22	97	0
88	3	0
46	11	0
89	60	0
49	22	0
11	90	0
87	4	0
31	81	0
88	78	0
57	49	0
24	36	0
87	73	0
21	39	0
28	46	0
88	38	0
19	11	0
7	40	0
50	83	0
63	97	0
70	19	0
48	99	0
74	92	0
6	10	0
13	28	0
87	11	0
84	15	0
54	48	0
84	38	0
21	28	0
76	50	0
48	52	0
29	3	0
34	6	0
66	53	0
21	80	0
48	0	0
44	83	0
43	2	0
33	30	0
85	35	0
49	64	0
57	44	0
17	80	0
71	77	0
5	84	0
43	94	0
85	47	0
68	20	0
51	82	0
3	48	0
61	8	0
49	75	0
6	84	0
42	7	0
25	57	0
19	32	0
86	82	0
6	26	0
38	25	0
1	2	0
36	97	0
89	7	0
64	60	0
4	35	0
73	82	0
95	18	0
58	66	0
50	86	0
29	19	0
62	96	0
15	21	0
75	79	0
65	52	0
23	98	0
81	30	0
41	41	0
20	23	0
68	8	0
12	6	0
6	80	0
17	7	0
94	88	0
96	14	0
83	40	0
54	65	0
65	16	0
87	88	0
2	5	0
34	14	0
18	7	0
83	69	0
43	38	0
90	74	0
88	79	0
49	26	0
56	33	0
78	49	0
0	49	0
23	76	0
15	58	0
92	76	0
49	60	0
39	94	0
89	42	0
73	77	0
51	85	0
25	41	0
97	77	0
0	44	0
35	36	0
16	27	0
25	75	0
32	65	0
96	18	0
53	34	0
76	11	0
44	74	0
67	20	0
59	37	0
76	74	0
25	49	0
69	59	0
33	99	0
30	61	0
32	3	0
64	22	0
26	98	0
4	77	0
64	80	0
80	47	0
19	86	0
11	48	0
84	73	0
26	52	0
33	77	0
35	87	0
60	40	0
32	3	0
21	47	0
77	88	0
98	86	0
63	96	0
72	11	0
7	55	0
58	5	0
59	27	0
58	27	0
73	14	0
22	64	0
10	76	0
43	62	0
71	34	0
30	71	0
81	24	0
59	88	0
32	74	0
22	11	0
90	77	0
30	77	0
44	4	0
5	87	0
83	23	0
93	71	0
79	87	0
85	30	0
0	79	0
13	80	0
95	46	0
64	68	0
40	44	0
44	74	0
71	72	0
47	64	0
18	77	0
35	67	0
68	4	0
4	58	0
67	99	0
68	34	0
25	86	0
86	70	0
41	13	0
37	62	0
15	75	0
36	95	0
63	27	0
68	14	0
18	38	0
97	53	0
59	41	0
76	41	0
9	88	0
56	12	0
20	80	0
67	68	0
62	57	0
69	58	0
58	2	0
24	5	0
10	53	0
81	53	0
54	15	0
72	59	0
47	86	0
63	46	0
93	34	0
92	12	0
17	58	0
87	69	0
16	83	0
20	23	0
93	52	0
39	96	0
45	39	0
52	0	0
16	96	0
70	37	0
39	51	0
35	71	0
43	3	0
18	77	0
81	88	0
86	77	0
61	35	0
85	66	0
14	89	0
46	42	0
64	0	0
68	19	0
32	27	0
57	6	0
57	19	0
52	31	0
67	32	0
30	50	0
26	45	0
54	43	0
69	69	0
89	86	0
43	97	0
72	3	0
92	59	0
67	14	0
12	60	0
16	15	0
87	35	0
61	29	0
76	69	0
18	46	0
50	68	0
62	17	0
32	95	0
30	81	0
46	79	0
94	50	0
51	26	0
53	3	0
26	43	0
81	44	0
75	5	0
64	93	0
34	2	0
69	91	0
4	72	0
41	76	0
34	25	0
8	53	0
7	14	0
86	6	0
31	38	0
77	19	0
37	7	0
4	11	0
83	14	0
25	65	0
25	43	0
93	27	0
77	55	0
11	34	0
21	39	0
2	52	0
36	89	0
13	74	0
10	1	0
32	93	0
56	60	0
44	17	0
11	14	0
54	31	0
46	85	0
38	73	0
81	98	0
29	28	0
20	58	0
33	48	0
56	69	0
73	95	0
50	11	0
71	6	0
31	5	0
47	10	0
53	5	0
14	59	0
80	53	0
63	4	0
22	51	0
59	1	0
53	60	0
45	54	0
36	56	0
78	80	0
74	47	0
23	62	0
52	52	0
24	15	0
99	11	0
48	2	0
59	26	0
62	24	0
22	40	0
15	74	0
56	74	0
9	74	0
40	95	0
31	86	0
38	26	0
42	32	0
87	56	0
65	35	0
11	71	0
71	76	0
7	22	1
64	90	0
29	28	0
64	19	0
69	90	0
74	0	0
95	63	0
72	42	0
44	27	0
40	38	0
38	39	0
90	80	0
15	17	0
64	23	0
81	3	0
10	52	0
41	84	0
74	75	0
76	8	0
0	62	0
95	44	0
56	92	0
7	17	0
64	0	0
54	62	0
34	69	0
60	46	0
18	37	0
56	39	0
69	84	0
62	52	0
35	24	0
78	70	0
20	47	0
21	80	0
84	85	0
46	19	0
5	79	0
68	17	0
91	25	0
71	39	0
21	63	0
66	18	0
21	26	0
65	44	0
19	94	0
65	52	0
51	1	0
84	53	0
35	27	0
28	74	0
40	6	0
81	42	0
6	4	0
65	95	0
15	92	0
29	33	0
54	68	0
59	29	0
9	91	0
11	42	0
19	42	0
55	7	0
94	36	0
69	22	0
82	98	0
31	68	0
20	27	0
39	24	0
39	25	0
91	10	0
53	58	0
81	78	0
31	40	0
62	93	0
70	60	0
41	78	0
81	4	0
67	49	0
73	10	0
65	14	0
45	22	0
32	28	0
93	12	0
62	20	0
4	74	0
96	4	0
99	84	0
9	95	0
9	28	1
88	66	0
41	50	0
30	2	0
89	86	0
84	67	0
24	96	0
69	34	0
78	42	0
91	61	0
11	20	0
85	78	0
29	77	0
76	76	0
28	99	0
97	68	0
35	47	0
19	86	0
98	82	0
36	31	0
29	37	0
72	69	0
65	97	0
45	72	0
12	12	0
44	78	0
62	59	0
38	61	0
37	72	0
86	23	0
11	91	0
81	45	0
22	74	0
37	64	0
41	77	0
91	33	0
40	34	0
19	46	0
0	18	0
68	44	0
99	73	0
56	17	0
78	95	0
73	96	0
29	34	0
44	15	0
24	50	0
25	78	0
9	20	1
38	30	0
50	72	0
61	90	0
34	31	0
75	86	0
56	31	0
36	10	0
70	35	0
24	75	0
52	12	0
14	60	0
98	87	0
61	99	0
47	56	0
73	10	0
43	61	0
4	29	1
4	25	1
41	52	0
91	58	0
89	1	0
3	66	0
78	10	0
91	87	0
72	21	0
28	1	0
25	70	0
77	72	0
34	81	0
52	81	0
81	20	0
21	74	0
61	21	0
63	78	0
60	91	0
32	91	0
93	10	0
92	16	0
69	13	0
42	89	0
10	98	0
4	88	0
74	60	0
70	57	0
92	61	0
9	49	0
90	48	0
63	61	0
10	17	0
78	67	0
61	71	0
24	45	0
10	67	0
39	30	0
42	43	0
11	58	0
59	49	0
45	53	0
96	41	0
79	33	0
79	6	0
73	35	0
54	90	0
1	25	1
15	17	0
24	51	0
73	51	0
99	82	0
70	68	0
97	79	0
24	46	0
51	71	0
56	40	0
33	65	0
79	45	0
3	30	0
18	72	0
40	28	0
79	65	0
61	97	0
52	60	0
5	22	1
25	68	0
34	11	0
82	68	0
25	76	0
48	32	0
85	81	0
96	83	0
12	99	0
39	54	0
12	76	0
79	80	0
38	50	0
56	54	0
43	80	0
81	72	0
27	30	0
19	62	0
92	77	0
76	59	0
91	55	0
39	83	0
55	81	0
63	29	0
32	22	0
86	28	0
42	25	0
90	2	0
22	88	0
21	28	0
2	14	0
36	93	0
90	73	0
22	41	0
93	53	0
17	98	0
17	68	0
27	3	0
96	92	0
21	22	0
3	85	0
73	99	0
39	63	0
80	68	0
26	78	0
83	25	0
25	25	0
34	80	0
25	70	0
35	23	0
23	37	0
17	38	0
99	66	0
82	16	0
52	12	0
72	10	0
87	49	0
31	14	0
47	26	0
93	32	0
6	53	0
47	91	0
14	55	0
14	82	0
77	59	0
50	97	0
58	49	0
73	79	0
42	26	0
95	74	0
40	65	0
93	46	0
11	70	0
64	47	0
24	64	0
69	32	0
5	29	1
57	39	0
88	77	0
88	83	0
89	94	0
26	82	0
20	41	0
47	47	0
45	59	0
36	25	0
25	10	0
37	64	0
14	50	0
60	7	0
75	83	0
86	53	0
90	6	0
14	45	0
7	2	0
81	94	0
10	81	0
50	25	0
53	34	0
75	14	0
18	1	0
55	7	0
13	39	0
1	34	0
50	16	0
51	4	0
0	27	1
32	78	0
59	23	0
34	95	0
81	2	0
31	42	0
52	61	0
67	20	0
97	59	0
60	65	0
43	65	0
46	94	0
84	94	0
16	12	0
94	61	0
14	63	0
88	70	0
55	85	0
11	32	0
15	58	0
98	44	0
25	78	0
90	99	0
69	84	0
48	2	0
38	62	0
78	54	0
36	86	0
73	46	0
88	76	0
76	27	0
12	64	0
13	62	0
89	92	0
71	32	0
58	64	0
57	5	0
15	20	0
78	63	0
34	30	0
11	66	0
37	54	0
50	49	0
30	12	0
60	31	0
7	85	0
19	45	0
8	64	0
0	55	0
83	65	0
27	20	0
60	23	0
99	17	0
86	6	0
52	62	0
0	71	0
58	32	0
33	28	0
12	13	0
16	20	0
74	67	0
65	23	0
33	41	0
44	75	0
58	78	0
13	89	0
23	72	0
51	81	0
26	42	0
78	92	0
54	31	0
36	84	0
21	10	0
54	17	0
12	42	0
58	43	0
71	8	0
26	75	0
85	67	0
67	53	0
51	47	0
43	17	0
1	74	0
80	70	0
70	51	0
44	38	0
74	63	0
73	77	0
74	45	0
63	11	0
94	76	0
82	17	0
1	74	0
72	63	0
0	26	1
8	28	1
26	3	0
48	30	0
1	5	0
8	49	0
24	73	0
31	98	0
31	48	0
98	32	0
8	47	0
61	89	0
23	87	0
6	31	1
99	63	0
40	63	0
6	24	1
85	49	0
23	0	0
59	23	0
61	6	0
14	4	0
25	84	0
47	59	0
82	73	0
67	44	0
11	2	0
28	31	0
56	9	0
7	27	1
4	76	0
75	8	0
43	63	0
56	46	0
68	98	0
14	41	0
11	95	0
91	50	0
22	22	0
92	78	0
59	63	0
67	33	0
49	29	0
99	21	0
90	59	0
17	58	0
8	90	0
30	45	0
0	92	0
3	95	0
90	21	0
33	52	0
1	91	0
53	1	0
67	7	0
47	47	0
27	16	0
66	42	0
41	24	0
16	83	0
26	33	0
56	1	0
5	43	0
93	49	0
96	5	0
55	53	0
36	3	0
39	24	0
13	97	0
59	76	0
27	62	0
10	10	0
38	24	0
7	83	0
4	72	0
68	47	0
82	48	0
55	34	0
15	77	0
23	32	0
88	77	0
68	30	0
48	77	0
69	96	0
25	12	0
10	88	0
66	17	0
60	82	0
38	43	0
93	68	0
36	74	0
99	21	0
82	18	0
99	21	0
87	86	0
41	54	0
20	77	0
74	10	0
35	1	0
66	80	0
67	75	0
19	43	0
68	52	0
59	80	0
79	24	0
92	53	0
6	67	0
61	44	0
28	31	0
95	24	0
66	40	0
70	18	0
93	97	0
76	71	0
50	74	0
79	36	0
58	66	0
12	96	0
32	7	0
3	92	0
17	79	0
56	61	0
66	93	0
81	11	0
91	98	0
80	2	0
12	1	0
88	74	0
64	11	0
98	28	0
76	64	0
54	41	0
17	60	0
63	90	0
63	67	0
0	47	0
11	40	0
43	94	0
3	83	0
58	4	0
41	48	0
9	67	0
40	35	0
17	32	0
11	43	0
97	54	0
51	36	0
5	48	0
25	87	0
84	64	0
0	12	0
86	96	0
23	80	0
63	42	0
41	55	0
95	41	0
60	41	0
5	9	0
11	12	0
4	52	0
19	53	0
99	76	0
71	47	0
99	68	0
8	53	0
77	59	0
19	79	0
1	3	0
77	79	0
3	16	0
24	67	0
37	7	0
32	26	0
5	73	0
44	90	0
2	7	0
74	47	0
53	57	0
80	62	0
86	77	0
39	87	0
33	24	0
4	64	0
6	12	0
36	70	0
52	46	0
57	55	0
80	15	0
