6	25	1
91	59	0
51	9	0
43	20	0
52	96	0
2	40	0
85	32	0
88	73	0
2	13	0
49	14	0
67	93	0
43	40	0
69	45	0
5	93	0
30	9	0
17	51	0
87	2	0
83	81	0
65	31	0
28	56	0
97	61	0
98	7	0
46	73	0
76	77	0
85	86	0
81	1	0
18	97	0
64	18	0
73	73	0
64	81	0
91	55	0
6	47	0
30	30	0
47	17	0
78	16	0
48	48	0
87	81	0
10	94	0
66	64	0
99	15	0
83	94	0
43	17	0
30	66	0
66	48	0
92	48	0
53	83	0
96	48	0
21	98	0
32	44	0
57	8	0
91	43	0
22	69	0
64	7	0
37	82	0
71	91	0
21	65	0
96	64	0
44	12	0
34	54	0
76	72	0
94	94	0
76	0	0
20	96	0
91	2	0
47	12	0
88	64	0
45	19	0
15	90	0
85	5	0
36	76	0
87	81	0
55	50	0
23	39	0
85	71	0
14	35	0
30	51	0
82	41	0
15	8	0
6	47	0
49	87	0
67	97	0
64	19	0
47	96	0
75	97	0
10	9	0
14	30	0
83	12	0
85	14	0
53	47	0
88	38	0
23	19	0
78	48	0
49	53	0
35	11	0
33	9	0
68	55	0
27	83	0
50	0	0
44	82	0
43	3	0
34	37	0
84	34	0
46	65	0
59	48	0
20	81	0
70	82	0
1	80	0
50	90	0
84	46	0
64	21	0
50	80	0
2	42	0
64	12	0
53	74	0
6	86	0
36	7	0
26	49	0
16	29	0
83	84	0
6	24	0
45	27	0
1	1	0
37	98	0
94	6	0
64	59	0
1	37	0
73	85	0
93	19	0
60	59	0
55	85	0
34	25	0
65	92	0
20	19	0
75	87	0
68	48	0
28	95	0
80	27	0
46	37	0
15	21	0
63	2	0
5	8	0
9	83	0
18	1	0
99	92	0
96	16	0
80	41	0
48	61	0
62	23	0
85	92	0
0	5	0
37	16	0
20	9	0
81	71	0
45	37	0
86	73	0
86	79	0
50	26	0
54	30	0
81	50	0
4	53	0
23	76	0
18	66	0
93	74	0
51	61	0
38	97	0
94	43	0
71	75	0
48	85	0
25	44	0
99	74	0
5	49	0
39	38	0
20	29	0
30	75	0
29	69	0
93	17	0
59	39	0
77	8	0
46	82	0
62	21	0
62	40	0
75	71	0
22	53	0
64	60	0
26	98	0
31	63	0
30	4	0
62	22	0
24	99	0
3	75	0
66	76	0
81	47	0
21	84	0
18	47	0
88	77	0
27	45	0
36	76	0
31	87	0
59	37	0
31	6	0
23	49	0
75	90	0
98	78	0
64	95	0
68	13	0
15	50	0
62	12	0
56	25	0
57	33	0
73	11	0
25	63	0
16	81	0
46	63	0
67	33	0
28	74	0
85	26	0
59	82	0
34	71	0
26	12	0
93	75	0
31	76	0
47	2	0
2	89	0
79	20	0
95	71	0
85	82	0
83	31	0
1	81	0
11	72	0
98	49	0
65	66	0
43	46	0
46	68	0
73	75	0
41	68	0
18	85	0
39	66	0
73	3	0
3	58	0
69	99	0
67	36	0
26	89	0
88	67	0
47	15	0
40	60	0
14	76	0
32	95	0
66	28	0
67	18	0
24	37	0
98	58	0
61	47	0
75	43	0
5	90	0
58	16	0
21	80	0
73	70	0
64	60	0
69	55	0
60	3	0
18	8	0
0	59	0
84	54	0
54	13	0
73	56	0
47	91	0
62	53	0
89	36	0
94	12	0
21	62	0
92	72	0
10	80	0
19	27	0
92	48	0
39	97	0
49	42	0
47	4	0
18	91	0
75	30	0
36	45	0
35	74	0
42	5	0
20	77	0
91	84	0
89	71	0
56	32	0
80	66	0
15	84	0
46	48	0
63	3	0
68	21	0
36	23	0
52	11	0
58	11	0
56	30	0
76	25	0
35	45	0
29	41	0
55	39	0
65	69	0
85	88	0
41	99	0
74	6	0
92	55	0
68	10	0
13	59	0
22	9	0
86	38	0
60	27	0
77	68	0
17	41	0
53	64	0
63	11	0
33	93	0
29	82	0
52	77	0
96	52	0
47	23	0
50	5	0
27	42	0
79	42	0
72	9	0
69	94	0
29	9	0
68	88	0
6	66	0
41	74	0
38	22	0
0	55	0
9	19	0
82	4	0
28	39	0
73	16	0
35	6	0
5	5	0
77	17	0
26	64	0
30	49	0
96	23	0
80	55	0
12	35	0
23	39	0
4	56	0
41	91	0
19	74	0
10	1	0
31	92	0
53	54	0
44	15	0
16	12	0
52	34	0
48	77	0
36	72	0
81	94	0
27	28	0
24	56	0
32	47	0
54	71	0
79	97	0
50	12	0
67	4	0
29	9	0
53	15	0
51	11	0
17	58	0
82	51	0
64	1	0
23	48	0
60	7	0
56	62	0
44	52	0
41	54	0
81	83	0
72	41	0
20	68	0
53	51	0
21	19	0
99	10	0
45	4	0
61	31	0
56	25	0
22	40	0
14	77	0
61	71	0
13	70	0
38	90	0
31	83	0
38	28	0
40	35	0
93	56	0
59	38	0
14	70	0
72	79	0
5	23	0
62	92	0
28	30	0
67	19	0
69	89	0
70	2	0
89	58	0
76	41	0
43	23	0
42	43	0
37	38	0
91	81	0
13	22	0
64	19	0
79	5	0
16	51	0
46	76	0
74	74	0
71	9	0
2	64	0
92	39	0
62	97	0
5	17	0
68	5	0
56	61	0
36	71	0
63	48	0
20	37	0
55	40	0
71	92	0
60	52	0
32	27	0
82	70	0
23	41	0
19	79	0
78	84	0
47	17	0
8	82	0
70	13	0
89	29	0
65	36	0
21	54	0
65	16	0
24	22	0
63	49	0
17	92	0
71	50	0
50	3	0
83	54	0
34	28	0
30	78	0
41	3	0
82	38	0
10	7	0
65	99	0
15	91	0
29	35	0
57	63	0
58	34	0
12	84	0
12	40	0
23	46	0
58	2	0
94	41	0
66	24	0
85	95	0
30	67	0
18	27	0
44	23	0
35	27	0
89	8	0
52	58	0
77	75	0
28	49	0
56	94	0
70	63	0
43	83	0
72	7	0
70	44	0
75	14	0
64	13	0
51	22	0
30	31	0
94	4	0
59	24	0
5	77	0
92	4	0
96	82	0
12	95	0
11	24	0
89	66	0
42	51	0
31	0	0
88	81	0
82	61	0
24	98	0
63	31	0
76	39	0
92	57	0
7	23	0
87	78	0
31	75	0
72	79	0
28	96	0
99	63	0
31	52	0
15	80	0
99	80	0
39	28	0
25	30	0
68	69	0
60	98	0
45	70	0
11	10	0
45	76	0
61	60	0
36	64	0
34	71	0
83	23	0
14	91	0
81	51	0
21	72	0
37	64	0
45	72	0
95	33	0
46	34	0
15	46	0
0	21	0
66	39	0
97	75	0
57	19	0
80	92	0
74	95	0
28	31	0
45	19	0
21	57	0
27	71	0
4	24	1
31	32	0
50	73	0
60	87	0
31	29	0
71	86	0
52	33	0
40	9	0
71	33	0
25	76	0
47	16	0
10	57	0
94	82	0
60	97	0
57	55	0
74	6	0
41	63	0
4	27	0
3	25	0
41	47	0
88	59	0
89	2	0
0	69	0
77	7	0
92	88	0
68	16	0
28	0	0
24	63	0
76	71	0
37	85	0
48	80	0
83	24	0
20	77	0
56	21	0
66	79	0
60	91	0
29	92	0
97	11	0
93	16	0
63	14	0
41	92	0
13	97	0
2	88	0
76	61	0
74	63	0
93	65	0
9	50	0
85	45	0
69	65	0
10	14	0
80	66	0
62	72	0
21	49	0
11	66	0
39	27	0
43	40	0
19	62	0
61	50	0
45	51	0
92	44	0
83	36	0
78	6	0
71	36	0
49	91	0
4	25	1
16	15	0
19	55	0
77	53	0
98	82	0
76	71	0
96	77	0
20	43	0
51	73	0
52	36	0
36	64	0
78	48	0
3	37	0
20	71	0
42	25	0
81	72	0
67	94	0
53	66	0
6	23	1
35	70	0
26	11	0
81	67	0
29	75	0
54	35	0
85	84	0
94	87	0
9	98	0
36	52	0
13	74	0
79	78	0
37	45	0
58	62	0
41	81	0
79	69	0
23	32	0
19	63	0
86	75	0
73	59	0
94	53	0
46	83	0
55	81	0
66	36	0
35	23	0
85	27	0
45	26	0
85	5	0
17	84	0
18	28	0
0	10	0
34	95	0
91	70	0
25	35	0
92	55	0
17	98	0
17	73	0
27	1	0
97	94	0
24	22	0
9	81	0
69	96	0
41	66	0
82	71	0
22	81	0
84	26	0
18	23	0
36	80	0
27	71	0
28	25	0
24	32	0
27	39	0
99	62	0
81	12	0
51	15	0
73	7	0
91	49	0
39	12	0
53	29	0
87	31	0
9	48	0
43	88	0
10	52	0
15	84	0
79	57	0
49	96	0
56	48	0
72	86	0
43	23	0
93	75	0
41	69	0
95	51	0
8	70	0
59	47	0
26	66	0
71	33	0
10	31	0
58	37	0
86	76	0
83	82	0
85	91	0
26	81	0
18	41	0
44	42	0
41	65	0
35	33	0
21	12	0
40	59	0
10	56	0
62	2	0
72	77	0
83	55	0
91	11	0
13	45	0
7	4	0
84	90	0
12	81	0
52	26	0
56	38	0
78	18	0
16	0	0
55	12	0
13	46	0
0	36	0
51	16	0
51	1	0
0	25	0
34	77	0
62	21	0
35	99	0
80	5	0
38	44	0
61	64	0
68	11	0
93	62	0
62	65	0
47	67	0
42	95	0
83	96	0
22	13	0
89	57	0
15	58	0
85	78	0
58	78	0
13	36	0
21	55	0
98	45	0
29	76	0
95	96	0
65	81	0
49	5	0
35	55	0
82	54	0
39	85	0
73	40	0
87	70	0
68	31	0
12	64	0
16	61	0
90	90	0
71	33	0
61	64	0
57	3	0
9	14	0
80	63	0
31	24	0
15	63	0
36	57	0
56	51	0
35	7	0
58	34	0
5	77	0
18	48	0
12	64	0
1	48	0
84	60	0
21	19	0
55	22	0
99	16	0
86	7	0
50	65	0
4	74	0
58	30	0
30	21	0
12	17	0
17	13	0
76	62	0
69	22	0
42	40	0
42	73	0
51	78	0
15	88	0
30	70	0
52	80	0
24	43	0
84	94	0
52	29	0
38	82	0
22	11	0
56	12	0
9	44	0
60	47	0
70	15	0
31	79	0
84	66	0
67	55	0
46	50	0
44	12	0
5	77	0
81	67	0
67	53	0
50	43	0
74	68	0
71	77	0
74	41	0
64	8	0
96	76	0
86	11	0
0	79	0
70	61	0
2	32	0
3	28	0
27	1	0
48	32	0
0	10	0
7	45	0
23	72	0
32	96	0
37	54	0
98	30	0
5	48	0
59	92	0
29	85	0
5	23	1
98	60	0
38	66	0
12	23	0
88	46	0
25	3	0
61	20	0
61	1	0
14	4	0
24	79	0
42	57	0
82	76	0
68	45	0
14	4	0
36	31	0
49	6	0
3	31	0
3	71	0
72	6	0
36	65	0
53	42	0
71	93	0
16	40	0
17	97	0
91	47	0
24	21	0
91	81	0
55	63	0
68	34	0
48	33	0
93	18	0
87	62	0
21	59	0
18	93	0
30	47	0
1	87	0
6	99	0
84	15	0
41	50	0
1	93	0
52	3	0
65	10	0
46	46	0
26	20	0
63	40	0
40	26	0
11	80	0
26	32	0
55	5	0
8	46	0
97	48	0
99	11	0
47	56	0
35	1	0
41	21	0
17	96	0
60	80	0
25	66	0
8	10	0
44	22	0
10	79	0
2	75	0
67	46	0
78	45	0
54	37	0
11	76	0
27	29	0
85	75	0
66	31	0
49	79	0
61	95	0
27	14	0
6	87	0
63	18	0
59	80	0
36	45	0
95	73	0
35	75	0
97	20	0
87	19	0
99	24	0
81	88	0
45	56	0
25	74	0
74	14	0
41	6	0
64	80	0
61	75	0
15	46	0
66	53	0
64	82	0
78	22	0
92	49	0
6	66	0
59	44	0
21	29	0
92	29	0
68	39	0
66	16	0
93	94	0
73	78	0
53	70	0
76	37	0
61	70	0
15	92	0
33	6	0
1	92	0
16	78	0
55	62	0
66	95	0
80	17	0
91	95	0
80	1	0
13	3	0
88	77	0
66	10	0
94	27	0
78	70	0
54	40	0
15	58	0
62	86	0
65	70	0
1	46	0
9	46	0
46	95	0
5	80	0
55	6	0
46	46	0
10	66	0
37	27	0
20	30	0
13	44	0
98	49	0
54	39	0
3	48	0
25	93	0
88	68	0
3	13	0
87	97	0
30	82	0
60	48	0
39	62	0
99	40	0
63	43	0
0	5	0
13	7	0
2	49	0
13	51	0
98	81	0
74	47	0
98	69	0
12	55	0
78	60	0
21	79	0
2	1	0
74	75	0
2	20	0
26	67	0
33	6	0
26	30	0
9	72	0
44	92	0
0	7	0
67	48	0
54	64	0
76	65	0
83	81	0
39	90	0
36	24	0
8	65	0
1	14	0
38	69	0
47	50	0
63	54	0
80	16	0
