99	67	0
24	12	0
60	96	0
6	4	0
96	48	0
98	97	0
39	75	0
59	22	1
76	54	0
1	86	0
2	10	0
20	95	0
98	37	0
64	76	0
37	34	0
89	73	0
96	28	0
55	98	0
38	76	0
85	64	0
47	15	0
27	81	0
58	28	1
82	67	0
81	79	0
83	81	0
8	25	0
48	38	0
88	23	0
82	68	0
8	74	0
31	92	0
83	12	0
66	90	0
33	8	1
51	70	0
79	71	0
97	65	0
60	59	0
95	32	0
13	69	0
68	1	1
93	66	0
18	75	0
51	1	0
10	74	0
36	95	0
25	63	1
88	53	0
44	38	0
31	13	0
94	88	0
88	97	0
91	16	0
26	83	0
99	14	0
16	12	0
76	89	0
2	89	0
89	6	0
26	64	0
63	86	0
45	59	1
11	28	0
71	77	0
84	32	0
23	93	0
46	97	0
69	32	0
34	91	0
46	94	0
18	15	0
99	16	0
80	22	0
49	76	0
89	31	0
76	60	0
56	14	1
62	36	0
1	99	0
73	7	0
51	79	0
59	30	1
86	4	0
92	62	0
0	62	0
71	88	0
2	78	0
33	95	0
98	59	0
81	28	0
35	70	0
74	6	0
58	48	0
11	68	0
35	4	0
65	70	0
57	29	0
3	99	0
94	28	0
43	74	0
77	66	0
89	1	0
64	83	0
67	83	0
2	26	0
61	84	0
89	85	0
79	49	0
24	89	0
69	37	0
76	0	0
96	61	0
90	34	0
98	47	0
24	48	0
53	66	0
9	19	0
48	31	0
87	64	0
51	77	0
61	72	0
59	18	1
45	36	0
63	72	0
47	59	0
41	96	0
72	42	0
61	70	0
56	76	0
91	54	0
26	14	0
48	37	0
21	17	0
19	78	0
29	54	1
75	45	0
51	39	1
90	10	0
26	84	0
25	38	0
68	75	0
25	68	1
59	62	0
42	74	0
42	3	0
47	13	1
40	91	0
28	69	1
72	79	0
96	60	0
22	95	0
86	71	0
31	58	0
18	75	0
49	72	0
15	37	0
75	81	0
93	81	0
42	72	0
81	48	0
55	55	0
57	21	1
64	16	0
48	56	1
55	16	1
26	65	1
93	32	0
30	97	0
27	59	1
71	85	0
42	49	1
30	24	0
40	78	0
54	14	0
93	99	0
29	81	0
98	11	0
23	79	0
99	33	0
59	99	0
76	79	0
65	61	0
28	50	0
10	63	0
60	0	0
68	96	0
99	53	0
46	87	0
64	75	0
84	16	0
56	76	0
35	81	0
33	88	0
25	18	0
62	22	0
81	52	0
56	41	0
73	66	0
68	28	0
18	94	0
54	63	0
88	40	0
75	42	0
49	7	0
93	27	0
75	81	0
70	91	0
75	60	0
94	29	0
96	21	0
0	34	1
86	79	0
37	92	0
71	83	0
43	93	0
36	39	0
92	32	0
20	99	0
87	22	0
22	50	0
27	84	0
54	11	1
29	99	0
72	88	0
78	78	0
94	59	0
95	54	0
25	91	0
50	81	0
76	12	0
82	55	0
47	5	0
33	32	0
41	57	1
75	36	0
24	58	0
39	47	0
24	71	0
74	95	0
96	58	0
56	73	0
94	3	0
90	41	0
64	11	1
98	46	0
66	54	0
69	82	0
6	36	1
43	67	0
71	26	0
8	82	0
31	61	0
12	89	0
90	62	0
82	68	0
89	8	0
95	80	0
26	1	0
34	92	0
26	67	0
59	91	0
43	31	0
79	17	0
96	9	0
94	18	0
46	52	1
75	26	0
77	59	0
4	4	0
2	60	1
30	97	0
21	73	0
54	95	0
35	71	0
86	44	0
65	12	1
51	87	0
58	62	0
97	87	0
62	40	0
69	91	0
83	16	0
20	14	0
46	1	0
48	21	1
34	24	0
93	50	0
79	11	0
21	44	0
19	26	0
40	49	1
51	34	0
94	75	0
96	63	0
71	31	0
91	7	0
69	6	0
77	14	0
44	39	1
38	16	0
11	71	0
83	92	0
48	89	0
3	99	0
30	48	0
48	36	0
74	38	0
62	51	0
79	76	0
83	77	0
67	29	0
68	83	0
71	5	0
93	49	0
73	49	0
61	52	0
94	72	0
74	20	0
97	17	0
18	42	0
68	96	0
60	68	0
82	23	0
17	75	0
97	41	0
58	98	0
96	31	0
67	23	0
35	61	0
54	47	0
33	69	1
61	84	0
74	31	0
80	72	0
18	87	0
98	93	0
0	80	0
98	0	0
87	25	0
48	72	0
48	54	0
64	46	0
18	89	0
73	35	0
95	58	0
46	27	0
34	93	0
35	9	0
40	42	1
54	89	0
36	90	0
40	82	0
15	74	0
14	24	0
68	1	0
75	34	0
94	12	0
84	95	0
28	65	1
27	26	0
70	11	0
60	39	0
65	98	0
1	23	0
46	88	0
89	43	0
22	82	0
79	0	0
44	62	1
61	25	0
87	17	0
88	44	0
17	88	0
74	14	0
81	99	0
34	94	0
89	67	0
10	32	0
65	99	0
67	41	0
11	79	0
65	23	0
84	45	0
82	44	0
75	59	0
20	49	0
91	55	0
22	94	0
93	59	0
19	96	0
84	84	0
40	19	0
74	76	0
59	98	0
44	40	1
63	99	0
78	54	0
45	52	1
25	61	1
84	12	0
1	77	0
72	55	0
22	95	0
41	51	1
50	66	0
80	30	0
25	58	0
49	38	0
89	55	0
71	22	0
76	81	0
45	97	0
36	49	1
65	98	0
36	92	0
92	86	0
87	76	0
76	9	0
23	1	0
46	36	0
32	60	0
4	80	0
82	82	0
67	79	0
66	53	0
68	17	0
40	68	0
35	74	0
78	57	0
94	0	0
19	71	0
83	7	0
58	54	0
38	39	0
85	92	0
25	77	0
55	91	0
71	19	0
74	16	0
45	61	0
59	86	0
23	96	0
88	20	0
83	17	0
76	23	0
14	66	0
12	93	0
14	84	0
49	32	1
65	85	0
76	94	0
0	33	1
59	54	0
83	90	0
73	58	0
68	65	0
15	92	0
8	77	0
42	27	0
8	22	0
39	37	0
24	52	0
96	34	0
79	48	0
63	9	1
66	43	0
52	53	0
44	26	0
93	75	0
56	81	0
80	50	0
29	56	1
38	92	0
75	54	0
27	7	0
95	49	0
61	92	0
36	30	0
52	59	1
29	97	0
66	97	0
85	68	0
26	84	0
61	43	0
7	79	0
55	56	1
41	73	0
70	56	0
60	72	0
57	89	0
12	48	0
61	56	0
83	45	0
81	59	0
37	74	0
67	91	0
44	30	0
96	22	0
52	45	0
87	8	0
12	77	0
54	95	0
86	74	0
77	68	0
13	95	0
6	70	0
79	88	0
30	29	0
5	88	0
67	97	0
56	66	0
92	69	0
22	90	0
75	48	0
17	4	0
50	96	0
20	91	0
14	11	0
87	57	0
88	22	0
77	28	0
72	15	0
15	16	0
20	52	0
77	28	0
2	72	0
64	69	0
9	42	1
24	77	0
69	44	0
70	99	0
70	37	0
69	87	0
76	51	0
74	84	0
5	81	0
44	49	0
31	78	0
64	55	0
57	46	0
90	44	0
96	98	0
82	91	0
49	58	0
75	54	0
63	60	0
70	4	0
69	78	0
88	75	0
91	11	0
56	80	0
7	99	0
48	44	1
68	37	0
65	30	0
76	22	0
21	79	0
77	19	0
30	65	1
88	20	0
36	63	0
47	34	0
58	94	0
66	74	0
48	85	0
71	85	0
83	62	0
81	44	0
98	62	0
74	97	0
94	45	0
33	64	0
92	88	0
39	73	0
78	80	0
90	44	0
47	92	0
88	75	0
89	51	0
80	26	0
49	44	1
6	67	0
49	75	0
74	20	0
62	33	0
80	85	0
65	49	0
11	85	0
17	88	0
65	43	0
83	26	0
93	46	0
99	4	0
87	91	0
59	37	0
28	75	0
95	23	0
65	46	0
21	77	0
16	96	0
26	72	0
8	86	0
59	57	0
43	28	0
37	79	0
51	48	1
65	76	0
70	11	0
21	87	0
89	49	0
16	20	0
19	77	0
75	68	0
68	48	0
40	57	1
92	50	0
88	52	0
77	56	0
60	67	0
80	53	0
5	27	0
96	83	0
59	50	0
43	86	0
5	76	0
25	89	0
29	57	0
87	23	0
53	94	0
7	93	0
99	61	0
77	17	0
20	14	0
30	30	0
71	9	0
17	72	0
82	55	0
94	35	0
11	4	0
0	37	1
69	13	0
38	83	0
99	82	0
7	9	0
52	86	0
81	32	0
98	78	0
50	60	0
62	75	0
25	38	0
92	41	0
95	65	0
18	73	0
23	79	0
26	69	1
23	88	0
74	11	0
28	60	1
9	85	0
39	32	0
46	61	0
68	46	0
33	73	0
94	24	0
3	33	0
83	40	0
72	19	0
44	50	1
35	23	0
39	8	1
21	92	0
48	81	0
16	69	0
21	26	0
17	78	0
18	86	0
63	59	0
87	41	0
38	57	1
81	93	0
49	25	0
62	75	0
40	71	0
16	91	0
85	38	0
46	53	1
7	17	0
89	53	0
59	51	0
89	30	0
83	29	0
75	34	0
59	92	0
40	33	0
57	42	0
60	31	0
42	6	0
33	98	0
50	65	0
95	39	0
58	97	0
81	53	0
80	47	0
37	88	0
34	79	0
92	26	0
50	53	1
71	6	0
95	99	0
78	82	0
54	89	0
74	24	0
82	75	0
24	76	0
66	20	0
20	97	0
42	59	1
88	62	0
68	10	1
94	88	0
84	9	0
96	95	0
59	10	1
74	25	0
78	57	0
62	20	0
4	85	0
68	98	0
61	76	0
2	26	0
7	95	0
13	71	0
50	42	0
81	36	0
1	61	1
24	89	0
65	96	0
94	42	0
0	73	0
68	46	0
32	89	0
85	43	0
72	45	0
24	61	1
80	39	0
77	43	0
55	72	0
49	48	0
3	81	0
4	4	0
81	70	0
18	58	0
17	8	0
1	94	0
32	74	0
93	41	0
72	85	0
90	62	0
98	83	0
51	57	1
63	30	0
2	72	0
54	63	0
36	40	1
77	38	0
86	22	0
