96	64	0
24	4	0
31	24	1
64	99	0
14	0	0
88	44	0
97	94	0
47	15	0
57	79	0
60	24	0
78	48	0
9	82	0
14	1	0
15	90	0
93	24	0
74	74	0
51	39	0
20	61	1
89	58	0
94	14	0
47	95	0
54	68	0
80	70	0
49	10	0
23	70	0
59	15	0
92	69	0
75	94	0
91	76	0
4	41	0
55	6	0
50	28	0
95	29	0
76	64	0
8	87	0
36	90	0
78	16	0
75	92	0
31	8	0
45	66	0
80	65	0
93	67	0
54	63	0
98	44	0
17	78	0
67	5	0
99	68	0
23	76	0
70	6	0
5	76	0
46	92	0
28	71	0
92	68	0
54	35	0
42	29	0
93	83	0
96	91	0
96	10	0
20	94	0
98	11	0
26	5	0
73	91	0
32	1	0
0	82	0
84	14	0
33	80	0
59	89	0
36	61	0
4	26	0
72	78	0
86	29	0
29	93	0
53	96	0
62	31	0
29	89	0
56	99	0
5	14	0
96	14	0
81	22	0
49	73	0
85	42	0
93	58	0
53	13	0
35	12	1
68	44	0
7	99	0
63	2	0
46	63	0
45	5	0
59	28	0
87	21	0
33	60	0
86	45	0
2	60	0
80	96	0
0	85	0
40	93	0
85	54	0
71	17	0
31	66	0
34	61	0
59	1	0
70	60	0
13	61	0
35	4	0
14	47	1
40	51	1
61	80	0
46	39	0
11	94	0
87	32	0
40	75	0
76	71	0
91	5	0
70	85	0
67	74	0
22	20	0
58	92	0
97	85	0
75	58	0
27	95	0
64	32	0
33	22	1
73	6	0
12	52	1
93	65	0
94	37	0
87	53	0
38	47	0
58	1	0
67	71	0
15	27	0
45	26	0
97	55	0
53	19	0
56	73	0
58	83	0
55	24	0
35	39	0
56	30	0
9	46	1
14	54	1
62	85	0
48	64	0
46	91	0
73	41	0
67	70	0
57	69	0
98	65	0
25	22	0
44	48	0
14	15	0
15	77	0
25	66	0
85	46	0
45	45	0
89	2	0
36	88	0
55	26	0
31	44	0
70	80	0
34	65	0
56	64	0
42	92	0
32	53	0
39	5	0
56	19	0
37	98	0
30	63	0
75	82	0
94	59	0
21	91	0
94	67	0
29	49	0
25	72	0
49	70	0
47	60	0
15	33	0
70	85	0
97	77	0
36	66	0
76	41	0
6	41	0
60	7	0
68	54	0
58	16	0
76	16	0
1	47	0
42	61	0
61	36	0
46	64	0
93	32	0
34	93	0
20	58	0
76	90	0
42	59	0
26	14	0
29	71	0
59	19	0
93	96	0
45	91	0
97	3	0
9	64	0
15	65	0
97	36	0
49	90	0
64	77	0
69	68	0
46	63	0
15	72	0
22	53	1
59	1	0
17	55	1
58	94	0
99	57	0
45	88	0
76	67	0
82	23	0
50	77	0
30	83	0
40	96	0
40	27	0
67	24	0
81	42	0
54	44	0
70	67	0
3	46	0
66	25	0
20	96	0
68	67	0
84	42	0
68	33	0
47	2	0
3	40	0
86	20	0
37	20	1
70	73	0
59	93	0
73	53	0
92	32	0
93	10	0
2	32	0
85	76	0
35	92	0
91	81	0
40	99	0
64	37	0
77	30	0
23	90	0
84	23	0
23	60	0
32	76	0
55	11	0
32	98	0
80	90	0
78	76	0
92	56	0
95	55	0
18	83	0
37	72	0
85	10	0
74	45	0
34	19	1
38	4	0
41	31	0
45	52	0
79	46	0
25	52	0
41	41	0
29	79	0
72	93	0
89	58	0
59	73	0
88	0	0
97	38	0
63	9	0
30	38	1
82	48	0
75	52	0
64	70	0
3	39	0
36	65	0
60	28	0
12	94	0
29	79	0
8	89	0
87	69	0
44	11	0
40	2	0
42	50	1
77	65	0
64	4	0
91	89	0
24	5	0
50	93	0
15	67	0
53	90	0
45	37	0
7	46	1
74	31	0
80	15	0
47	17	0
81	9	0
39	57	0
8	59	1
78	24	0
79	56	0
7	6	0
3	61	0
33	99	0
17	81	0
51	98	0
48	66	0
74	41	0
66	8	0
48	81	0
44	71	0
96	79	0
1	52	0
64	53	0
71	80	0
81	24	0
29	6	0
46	0	0
48	17	0
38	32	0
84	55	0
69	16	0
24	45	0
22	21	0
34	58	0
43	36	0
87	74	0
84	59	0
1	49	0
58	36	0
91	5	0
67	13	0
74	22	0
54	39	0
38	32	0
1	76	0
67	85	0
40	80	0
9	99	0
25	65	0
53	5	0
48	37	0
87	44	0
82	53	0
13	61	0
82	71	0
85	84	0
80	27	0
73	92	0
80	4	0
74	67	0
74	53	0
69	54	0
82	80	0
73	2	0
92	17	0
27	49	0
55	91	0
67	72	0
83	12	0
27	75	0
94	24	0
60	97	0
95	27	0
63	23	0
27	56	0
64	39	0
37	55	0
57	89	0
80	29	0
83	77	0
40	55	0
15	92	0
93	95	0
48	27	0
8	84	0
49	49	0
96	3	0
78	39	0
27	67	0
62	51	0
57	46	0
15	96	0
83	23	0
38	9	0
92	49	0
48	45	0
37	90	0
20	7	0
51	52	0
49	86	0
4	47	0
40	77	0
42	85	0
49	23	0
18	78	0
13	30	0
72	8	0
73	14	0
97	7	0
89	95	0
26	63	0
36	25	0
82	3	0
68	51	0
69	98	0
1	25	0
57	94	0
94	61	0
33	83	0
81	5	0
42	68	0
71	21	0
59	6	0
46	12	1
40	8	1
90	13	0
84	41	0
13	88	0
79	14	0
91	96	0
24	98	0
97	72	0
44	46	0
10	30	0
76	98	0
63	56	0
5	86	0
71	38	0
75	50	0
69	51	0
82	70	0
31	62	0
99	54	0
28	94	0
94	69	0
21	95	0
88	92	0
46	35	0
64	63	0
60	89	0
46	59	0
57	98	0
73	52	0
45	46	0
29	56	0
90	1	0
2	82	0
89	60	0
22	88	0
50	64	0
42	85	0
83	31	0
31	50	0
53	24	0
92	54	0
72	20	0
85	91	0
44	96	0
44	58	0
45	10	0
37	47	0
56	97	0
50	21	0
41	70	0
83	77	0
37	11	0
91	87	0
74	9	0
14	11	0
44	33	0
21	70	0
43	1	0
11	82	0
90	80	0
59	90	0
67	44	0
72	6	0
39	65	0
41	71	0
96	48	0
97	0	0
16	71	0
77	8	0
47	68	0
44	29	0
33	6	0
35	53	0
81	90	0
31	68	0
53	81	0
64	23	0
73	29	0
53	58	0
62	88	0
30	96	0
98	18	0
83	20	0
73	14	0
11	66	0
28	99	0
22	89	0
63	38	0
75	73	0
72	97	0
8	36	0
55	42	0
64	86	0
69	65	0
63	77	0
19	87	0
23	76	0
42	32	0
44	14	1
11	30	0
42	36	0
39	40	0
98	26	0
82	44	0
72	10	0
69	34	0
56	51	0
42	26	0
98	77	0
50	86	0
84	56	0
40	65	0
37	92	0
81	47	0
68	17	0
30	15	0
95	47	0
76	84	0
46	38	0
12	56	1
47	9	1
51	58	0
42	87	0
63	97	0
92	60	0
15	80	0
63	48	0
6	61	0
65	43	0
43	74	0
61	56	0
45	75	0
61	84	0
0	59	0
58	58	0
75	50	0
86	59	0
35	76	0
68	83	0
43	22	0
91	19	0
57	44	0
98	13	0
0	80	0
39	85	0
87	57	0
73	70	0
16	88	0
15	79	0
81	87	0
47	25	0
1	75	0
71	97	0
47	68	0
94	62	0
22	97	0
80	45	0
12	1	0
39	71	0
23	81	0
35	14	1
4	18	0
86	57	0
97	26	0
48	19	0
78	31	0
81	13	0
19	12	0
29	64	0
75	34	0
1	67	0
55	84	0
1	45	0
19	76	0
70	49	0
55	96	0
69	45	0
75	82	0
78	56	0
42	49	1
75	76	0
10	86	0
43	42	0
25	78	0
73	51	0
68	39	0
97	49	0
93	94	0
84	90	0
49	68	0
69	44	0
65	58	0
35	52	0
7	44	1
68	3	0
69	85	0
88	81	0
84	10	0
56	87	0
5	96	0
52	15	0
55	30	0
73	30	0
57	23	0
37	23	1
79	14	0
24	93	0
70	24	0
29	85	0
95	16	0
43	68	0
55	39	0
65	96	0
81	73	0
41	79	0
67	95	0
85	64	0
88	45	0
24	51	1
97	81	0
77	93	0
13	57	1
97	50	0
37	68	0
94	84	0
56	86	0
33	16	1
78	81	0
90	44	0
47	84	0
79	67	0
90	55	0
72	37	0
34	48	0
0	61	0
57	77	0
66	18	0
57	34	0
41	17	0
85	85	0
14	47	1
67	36	0
37	12	1
38	19	0
10	89	0
11	59	0
6	87	0
62	42	0
95	24	0
93	38	0
94	5	0
80	95	0
9	51	1
60	21	0
52	50	0
35	79	0
95	19	0
65	49	0
36	92	0
26	97	0
32	70	0
16	89	0
32	4	0
68	64	0
47	28	0
45	73	0
48	46	0
5	46	0
70	66	0
67	16	0
25	89	0
95	54	0
21	33	0
16	68	0
77	63	0
62	58	0
53	58	0
94	54	0
97	63	0
70	49	0
59	12	0
66	67	0
87	41	0
11	38	0
86	77	0
57	43	0
25	78	0
8	80	0
30	99	0
21	59	0
92	29	0
3	48	0
57	91	0
3	84	0
90	66	0
45	26	0
80	21	0
22	23	0
33	41	0
72	10	0
21	76	0
40	55	0
91	55	0
88	40	0
3	3	0
9	48	1
44	16	1
2	42	0
70	6	0
48	69	0
94	91	0
5	10	0
47	97	0
88	30	0
39	5	0
89	87	0
43	62	0
71	69	0
38	33	0
97	38	0
92	78	0
16	62	0
13	75	0
0	46	0
18	64	0
15	97	0
69	17	0
31	56	0
6	89	0
27	27	0
57	17	0
34	67	0
70	48	0
44	4	0
35	79	0
94	23	0
6	26	0
73	49	0
95	30	0
47	59	0
27	19	0
43	0	0
19	93	0
50	68	0
26	59	0
20	16	0
17	88	0
26	80	0
59	52	0
91	44	0
35	73	0
80	97	0
48	31	0
66	71	0
46	86	0
3	87	0
79	43	0
45	59	0
8	18	0
98	65	0
52	54	0
96	18	0
82	12	0
79	35	0
62	97	0
47	43	0
52	33	0
62	28	0
41	1	0
41	93	0
49	70	0
88	30	0
58	94	0
91	43	0
80	51	0
40	74	0
28	67	0
79	31	0
56	36	0
76	1	0
97	99	0
78	80	0
48	78	0
73	42	0
76	87	0
9	81	0
54	27	0
18	94	0
6	61	0
46	57	0
76	74	0
63	15	0
95	94	0
87	13	0
96	94	0
63	9	0
76	21	0
70	58	0
64	29	0
21	83	0
51	85	0
68	82	0
8	32	0
12	79	0
14	71	0
37	6	0
38	45	0
13	49	1
3	43	0
77	40	0
48	23	0
14	62	0
17	84	0
65	97	0
88	40	0
1	74	0
65	44	0
29	82	0
79	65	0
68	40	0
7	51	1
28	56	0
82	37	0
66	49	0
74	59	0
18	61	0
60	50	0
0	94	0
3	6	0
90	65	0
18	67	0
20	0	0
2	92	0
24	80	0
97	39	0
74	81	0
89	64	0
85	87	0
49	65	0
64	33	0
2	73	0
47	64	0
37	56	0
62	47	0
91	22	0
