87	59	0
34	29	0
57	96	1
11	15	0
93	46	0
92	84	0
72	42	0
8	78	0
0	6	0
15	87	0
77	36	0
75	78	0
28	31	0
64	72	0
90	52	0
67	68	0
42	34	0
91	84	0
98	83	0
70	91	0
3	25	0
67	84	0
75	30	0
57	80	1
48	70	0
65	85	0
86	47	0
96	28	0
88	78	0
37	0	0
80	32	0
32	19	0
98	64	0
90	73	0
89	8	0
18	34	0
58	80	1
7	88	0
61	95	1
21	31	0
72	77	0
93	42	0
53	81	0
7	19	0
89	16	0
63	31	0
49	36	0
75	43	0
84	66	0
16	64	0
97	53	0
47	32	0
33	13	0
61	59	0
2	94	0
92	23	0
41	66	0
86	67	0
95	8	0
81	88	0
58	81	0
8	19	0
70	87	0
84	65	0
84	41	0
62	47	0
85	40	0
82	35	0
85	39	0
30	58	0
16	21	0
85	74	0
44	83	0
58	96	1
80	42	0
61	73	0
83	74	0
83	76	0
25	13	0
9	13	0
85	63	0
95	5	0
14	54	0
78	79	0
52	77	0
59	76	1
52	18	0
69	80	0
77	58	0
10	87	0
96	98	0
6	98	1
17	61	0
92	86	0
93	69	0
55	87	1
65	49	0
95	29	0
49	57	0
15	52	0
57	10	0
80	84	0
72	9	0
84	47	0
79	93	0
54	65	0
63	80	0
17	19	0
77	96	0
34	78	0
24	29	0
62	38	0
61	86	0
64	48	0
13	95	1
94	25	0
51	27	0
70	72	0
70	88	0
82	69	0
96	27	0
86	86	0
73	79	0
57	71	0
13	45	0
72	70	0
73	73	0
91	59	0
89	40	0
90	67	0
59	14	0
41	29	0
82	53	0
32	85	0
84	78	0
99	48	0
96	24	0
71	60	1
61	94	1
62	16	0
2	93	0
97	56	0
94	74	0
15	19	0
92	15	0
84	22	0
83	26	0
11	13	0
36	82	0
91	51	0
69	89	0
86	84	0
73	31	1
52	90	0
3	16	0
38	21	0
49	33	0
62	41	0
0	60	0
44	8	0
92	78	0
94	54	0
63	2	0
30	11	0
97	85	0
28	69	0
7	93	1
35	30	0
60	51	0
79	65	0
56	80	1
84	73	0
76	29	0
78	87	0
90	33	0
91	77	0
50	31	0
98	74	0
58	12	0
37	55	0
78	92	0
88	45	0
91	48	0
85	90	0
92	45	0
32	49	0
70	84	0
21	78	0
81	77	0
3	94	0
88	35	0
95	67	0
39	9	0
47	52	0
18	13	0
93	29	0
66	85	0
12	36	0
80	32	0
75	78	0
21	36	0
80	47	0
80	10	0
99	62	0
70	29	0
99	94	0
18	39	0
76	56	0
89	42	0
60	49	0
2	55	0
96	74	0
95	60	0
16	87	0
75	84	0
44	19	0
68	62	1
77	96	0
94	39	0
65	7	0
60	46	0
71	32	0
94	59	0
63	31	1
87	82	0
95	83	0
79	95	0
12	10	0
3	76	0
77	90	0
62	90	1
49	11	0
87	52	0
91	6	0
98	81	0
61	70	0
65	70	0
99	3	0
87	38	0
9	41	0
8	99	1
86	83	0
98	97	0
90	89	0
72	64	0
62	78	0
15	89	0
24	25	0
2	13	0
38	40	0
85	41	0
65	60	1
69	10	0
76	91	0
75	72	0
82	44	0
30	15	0
92	44	0
65	92	0
57	27	0
66	79	0
96	59	0
7	48	0
53	81	0
51	77	1
4	44	0
64	81	0
93	44	0
93	69	0
83	29	0
93	64	0
65	60	1
10	93	0
80	99	0
16	21	0
6	86	0
59	75	1
64	60	1
89	95	0
3	76	0
83	55	0
12	9	0
14	82	0
8	11	0
91	60	0
15	30	0
8	34	0
84	32	0
68	71	0
95	78	0
86	50	0
79	76	0
74	84	0
0	80	0
90	62	0
62	25	0
93	31	0
70	87	0
79	65	0
42	86	0
93	75	0
44	76	0
3	93	0
73	39	0
32	39	0
52	83	0
38	68	0
59	89	1
96	53	0
84	29	0
68	68	0
96	73	0
91	39	0
98	97	0
89	65	0
62	20	0
83	75	0
87	61	0
97	28	0
49	60	0
69	34	1
91	86	0
87	63	0
24	72	0
86	34	0
81	43	0
85	38	0
99	83	0
77	53	0
0	94	0
18	99	1
38	33	0
24	67	0
61	13	0
2	92	0
85	48	0
13	14	0
21	53	0
55	69	0
79	86	0
72	57	0
66	43	0
85	38	0
14	45	0
92	77	0
62	91	1
78	11	0
12	94	0
95	51	0
21	13	0
24	32	0
72	42	0
96	32	0
16	3	0
42	2	0
59	63	0
96	87	0
27	0	0
62	4	0
90	85	0
56	88	0
26	49	0
94	50	0
84	62	0
12	97	1
10	95	0
51	35	0
92	46	0
18	37	0
84	30	0
79	8	0
33	35	0
25	41	0
82	42	0
58	87	1
80	42	0
17	13	0
95	53	0
76	43	0
65	97	1
75	46	0
54	92	0
56	51	0
70	41	0
48	92	1
82	43	0
94	92	0
90	85	0
70	71	0
73	26	0
93	49	0
89	97	0
94	98	0
82	69	0
85	95	0
49	78	0
4	13	0
29	94	0
84	44	0
77	28	0
88	49	0
76	45	0
95	65	0
87	37	0
23	76	0
7	10	0
42	87	0
27	68	0
44	0	0
10	84	0
97	45	0
93	84	0
82	53	0
96	98	0
94	35	0
