90	68	0
29	15	0
60	98	0
11	3	0
96	48	0
96	96	0
41	73	0
63	45	0
1	89	0
3	10	0
12	90	0
89	48	0
65	82	0
29	32	0
89	81	0
90	36	0
45	93	0
44	74	0
69	76	0
50	9	0
35	80	1
83	71	0
92	85	0
81	99	0
9	20	0
84	21	0
73	68	0
12	63	1
34	92	0
86	16	0
70	89	0
53	73	0
79	78	0
96	49	0
97	31	0
18	76	0
92	71	0
15	64	0
44	4	0
10	75	0
30	89	0
86	48	0
49	33	1
44	17	0
99	97	0
88	91	0
98	16	0
29	76	0
95	9	0
24	19	0
69	87	0
1	83	0
87	0	0
68	92	0
5	29	0
71	75	0
82	30	0
21	88	0
52	98	0
82	23	0
32	91	0
35	87	0
20	11	0
98	11	0
79	34	0
49	80	0
88	21	0
61	44	0
70	33	0
5	98	0
49	88	0
78	2	0
95	67	0
66	88	0
4	74	0
42	89	0
96	58	0
82	24	0
58	11	1
58	38	0
10	67	1
35	8	0
70	61	0
0	89	0
94	26	0
39	74	0
86	59	0
84	0	0
65	91	0
65	83	0
2	30	0
64	75	0
87	71	0
72	50	0
11	98	0
66	40	0
75	5	1
87	61	0
91	30	0
99	39	0
16	51	0
53	72	1
5	20	0
90	61	0
55	79	0
55	58	0
56	73	0
48	98	0
75	30	0
63	75	0
63	80	0
93	54	0
28	15	0
47	37	1
17	11	0
23	83	1
76	48	0
93	0	0
29	95	0
22	47	0
64	71	0
55	78	0
52	77	0
51	4	0
47	88	0
73	89	0
89	55	0
22	93	0
88	80	0
6	75	0
51	62	0
12	41	0
75	78	0
99	66	0
49	72	0
68	42	0
92	34	0
35	94	0
56	78	0
24	38	0
45	78	0
37	23	0
92	90	0
30	89	0
94	5	0
25	78	1
89	34	0
57	97	0
73	81	0
66	71	0
25	41	0
18	64	0
66	0	1
62	94	0
88	65	0
47	91	0
62	84	0
70	16	0
56	72	1
32	79	0
46	91	0
22	17	0
82	57	0
62	44	0
70	59	0
76	35	0
19	97	0
63	54	0
86	41	0
73	31	0
53	20	0
99	29	0
69	82	0
76	95	0
72	66	0
99	23	0
95	25	0
90	82	0
36	98	0
68	89	0
50	98	0
87	32	0
15	95	0
87	26	0
22	44	0
22	91	0
31	99	0
85	79	0
72	74	0
94	54	0
91	58	0
24	81	1
48	82	0
72	2	0
78	55	0
49	1	0
38	29	0
86	42	0
26	67	1
44	60	1
29	72	0
72	91	0
83	56	0
53	66	1
87	1	0
89	42	0
96	42	0
73	65	0
70	81	0
52	62	1
66	14	0
9	87	0
3	94	0
86	65	0
81	65	0
89	5	0
91	85	0
20	2	0
30	97	0
55	96	0
44	32	1
92	15	0
94	6	0
96	25	0
74	27	0
66	49	0
6	1	0
26	97	0
17	74	0
45	81	0
45	73	0
91	41	0
62	91	0
98	88	0
67	33	0
87	87	0
84	17	0
13	6	0
39	2	0
38	30	0
99	41	0
81	10	0
9	48	0
16	23	0
86	82	0
99	67	0
75	29	0
98	10	0
63	1	0
80	13	0
35	16	0
15	68	1
94	91	0
36	87	0
4	99	0
30	39	0
70	44	0
68	60	0
73	75	0
78	76	0
78	29	0
67	82	0
99	42	0
77	55	0
64	50	0
99	68	0
70	21	0
95	21	0
28	47	0
66	98	0
47	70	1
95	28	0
19	85	0
95	42	0
71	93	0
91	32	0
63	21	0
52	46	0
60	88	0
63	24	1
75	77	0
20	92	0
94	81	0
3	84	0
91	6	0
91	16	0
52	75	0
63	48	1
10	97	0
74	38	0
96	61	0
43	43	1
30	81	1
27	14	0
52	90	0
38	83	0
50	77	0
5	67	1
2	22	0
66	0	1
81	36	0
97	8	0
81	96	0
25	25	0
64	12	1
64	37	0
65	88	0
1	12	0
44	86	0
87	44	0
26	85	0
81	8	0
83	19	0
93	57	0
15	86	0
68	12	0
90	96	0
37	98	0
70	64	0
11	39	0
60	91	0
59	41	0
16	70	0
58	28	0
91	50	0
75	46	0
71	60	0
14	42	0
96	60	0
25	98	0
88	54	0
19	92	0
84	79	0
35	21	0
76	64	0
59	86	0
56	96	0
83	50	0
82	9	0
5	77	0
72	42	0
18	97	0
57	55	1
86	28	0
87	51	0
74	17	0
77	70	0
49	95	0
55	94	0
35	98	0
99	78	0
74	83	0
70	3	1
21	1	0
53	42	1
11	75	0
81	93	0
70	85	0
74	50	0
68	28	0
41	73	0
80	54	0
99	8	0
15	69	0
86	1	0
55	68	1
83	86	0
58	89	0
72	23	0
88	13	0
73	86	0
24	99	0
90	14	0
88	3	0
67	24	0
9	54	0
14	88	0
13	87	0
76	86	0
83	98	0
56	53	1
77	94	0
85	60	0
76	61	0
8	90	0
13	79	0
32	23	0
0	20	0
41	37	0
99	29	0
86	36	0
74	54	0
62	58	1
48	18	0
85	82	0
63	81	0
88	49	0
28	87	0
79	60	0
20	11	0
98	45	0
58	98	0
36	44	0
31	99	0
71	95	0
88	69	0
28	86	0
60	28	1
9	69	0
43	67	0
65	65	1
60	76	0
58	86	0
15	47	0
72	63	0
78	44	0
92	66	0
44	75	0
72	85	0
46	30	1
88	12	0
61	52	1
85	11	0
11	82	0
41	99	0
79	74	0
67	72	0
4	89	0
11	76	0
80	95	0
35	28	0
9	84	0
65	97	0
60	73	0
84	82	0
12	89	0
76	51	0
15	12	0
41	97	0
4	99	0
0	16	0
88	60	0
83	18	0
78	32	0
70	19	0
10	16	0
11	49	0
76	24	0
1	65	1
68	71	0
27	89	0
64	57	0
83	89	0
76	42	0
70	84	0
69	50	0
71	81	0
7	69	0
31	78	1
70	65	0
59	42	0
97	37	0
98	96	0
74	85	0
72	54	0
62	57	0
64	86	0
99	78	0
98	0	0
55	81	0
2	94	0
59	36	0
66	22	0
71	17	0
27	71	0
76	24	0
81	18	0
31	28	0
55	96	0
69	60	0
43	83	0
73	95	0
77	55	0
80	38	0
88	67	0
84	95	0
93	42	0
91	91	0
49	89	0
68	79	0
83	46	0
43	94	0
80	81	0
79	58	0
91	24	0
0	75	0
50	75	0
74	14	0
61	38	0
84	83	0
73	52	0
11	87	0
20	95	0
76	39	0
83	31	0
99	51	0
99	6	0
77	91	0
48	34	1
89	11	0
72	38	0
18	74	0
13	96	0
18	76	0
5	86	0
58	53	0
43	24	0
39	66	0
63	78	0
69	5	0
18	85	0
84	53	0
18	20	0
20	70	0
77	64	0
64	56	0
89	56	0
87	57	0
68	65	0
78	55	0
1	29	0
91	85	0
62	45	0
45	86	0
6	71	0
28	82	1
94	20	0
54	96	0
16	91	0
98	47	0
70	20	0
15	14	0
31	29	0
73	4	1
19	64	0
78	60	0
97	37	0
17	1	0
63	7	0
37	88	0
91	79	0
14	9	0
50	84	0
75	34	0
96	72	0
63	63	0
66	89	0
8	39	0
96	43	0
93	69	0
14	76	0
21	75	0
21	91	0
74	8	1
7	97	0
64	43	0
94	18	0
2	14	0
86	32	0
94	13	0
41	29	0
23	95	0
54	82	0
17	73	0
25	25	0
15	72	0
21	91	0
63	63	0
91	49	0
73	91	0
59	70	0
17	99	0
81	39	0
8	1	0
81	57	0
55	53	0
97	24	0
74	26	0
78	32	0
57	95	0
38	38	1
52	43	1
61	8	0
35	99	0
46	56	1
91	35	0
63	98	0
73	54	0
85	44	0
51	90	0
31	79	0
91	35	0
99	99	0
78	82	0
58	82	0
90	14	0
75	74	0
27	79	1
65	25	0
27	96	0
95	52	0
95	86	0
81	8	0
96	98	0
83	26	0
86	62	0
8	87	0
74	92	0
66	79	0
4	21	0
12	95	0
4	71	0
86	29	0
22	93	0
55	89	0
86	45	0
12	70	0
80	40	0
28	92	0
82	48	0
82	54	0
79	49	0
82	30	0
48	64	1
1	86	0
3	3	0
71	68	0
14	60	0
22	3	0
6	91	0
29	70	0
98	50	0
77	86	0
94	59	0
92	78	0
82	47	0
3	78	0
81	36	0
87	31	0
