78	61	0
34	30	0
67	99	0
17	10	0
96	37	0
85	93	0
68	45	0
6	77	0
3	8	0
15	94	0
89	43	0
69	78	0
34	30	0
68	74	0
97	56	0
53	97	1
59	71	0
38	28	0
87	74	0
96	85	0
75	76	0
8	30	0
68	72	0
75	33	0
63	90	0
51	72	0
64	80	0
95	47	0
97	28	0
94	72	0
33	5	0
46	85	1
84	34	0
32	17	0
98	75	0
93	69	0
93	22	1
92	10	0
22	34	0
62	77	0
1	85	0
95	10	1
61	98	0
17	28	0
81	73	0
92	34	0
59	90	0
1	16	0
92	15	0
68	39	0
72	15	1
53	43	0
75	33	0
14	99	1
90	66	0
58	91	0
16	61	0
40	85	1
95	52	0
34	36	0
29	9	0
67	64	0
14	92	0
98	29	0
35	68	0
88	56	0
98	6	0
75	98	0
67	83	0
6	26	0
78	79	0
80	66	0
79	40	0
17	98	1
60	37	0
88	43	0
87	37	0
90	37	0
17	62	0
1	15	0
89	61	0
57	97	0
39	80	0
60	93	0
71	36	0
61	66	0
82	76	0
79	75	0
18	18	0
11	9	0
83	59	0
86	0	0
14	51	0
71	76	0
67	79	0
60	77	0
53	9	0
51	95	1
75	89	0
79	52	0
12	89	0
89	83	0
2	90	0
16	53	0
88	88	0
86	75	0
52	76	0
74	42	0
79	40	0
56	67	0
22	56	0
41	21	0
92	88	0
72	7	0
83	37	0
83	93	0
64	76	0
72	74	0
14	23	0
12	77	1
67	99	0
76	66	1
46	94	1
60	91	0
27	84	0
36	37	0
76	53	1
58	47	0
58	78	0
68	37	0
4	97	0
93	36	0
63	27	0
52	24	0
81	20	1
64	71	0
73	95	0
86	76	0
86	8	1
94	29	0
98	77	0
70	73	0
54	83	0
13	73	0
95	10	1
10	52	0
77	75	0
79	71	0
89	52	0
84	55	0
89	66	0
54	14	0
35	23	0
78	61	0
26	74	0
59	85	0
81	77	0
80	5	1
95	43	0
99	32	0
71	62	0
68	99	0
58	8	0
2	93	0
11	98	0
95	59	0
59	65	1
96	71	0
14	18	0
46	97	1
81	9	1
79	9	0
90	24	0
86	23	0
78	32	0
13	12	0
31	74	0
53	91	0
85	39	0
75	92	0
92	72	0
64	32	0
65	81	0
7	6	0
33	6	0
43	27	0
67	35	0
1	54	0
30	13	0
96	85	0
95	58	0
99	16	0
61	1	0
35	7	0
98	87	0
28	76	0
9	93	0
34	35	0
75	47	0
71	67	0
54	72	0
84	83	0
71	29	0
75	77	0
86	34	0
85	69	0
61	35	0
98	74	0
63	15	0
97	9	1
30	58	0
76	89	0
98	43	0
90	44	0
77	94	0
92	42	0
45	45	0
58	99	0
71	83	0
22	76	0
83	80	0
4	95	0
92	12	1
94	14	1
18	99	1
86	32	0
93	66	0
30	2	0
50	91	1
45	55	0
9	14	0
90	46	0
89	7	1
68	89	0
15	21	0
74	25	0
76	80	0
15	30	0
79	38	0
78	1	0
92	67	0
66	17	0
93	93	0
13	35	0
53	98	0
64	57	0
94	39	0
59	46	0
1	56	0
91	74	0
91	62	0
1	85	0
74	87	0
40	21	0
64	52	0
64	99	0
69	92	0
96	50	0
63	12	0
67	38	0
80	31	0
94	57	0
75	36	0
87	67	0
43	96	1
50	90	1
89	95	0
80	97	0
17	8	0
5	84	0
76	83	0
71	94	0
58	19	0
80	52	0
97	0	0
97	79	0
65	82	0
92	18	1
63	79	0
87	20	1
94	3	0
84	29	0
11	44	0
5	99	0
89	88	0
86	89	0
84	85	0
85	58	0
78	82	0
8	91	0
25	21	0
3	12	0
37	40	0
88	10	1
84	38	0
61	62	0
59	3	0
76	84	0
77	80	0
81	48	0
73	60	0
31	19	0
98	40	0
79	97	0
55	38	0
71	83	0
97	66	0
17	58	0
43	70	0
51	77	0
55	88	1
1	47	0
70	73	0
94	42	0
97	66	0
53	94	0
89	29	0
85	9	0
94	69	0
63	74	0
5	93	0
77	92	0
18	20	0
5	88	0
64	73	0
61	66	0
84	87	0
0	83	0
84	52	0
17	0	0
50	88	1
9	83	0
1	15	0
97	52	0
77	22	1
19	20	0
15	34	0
70	39	0
69	79	0
91	78	0
86	40	0
79	75	0
72	91	0
2	69	0
90	66	0
63	22	0
99	42	0
77	85	0
78	71	0
43	79	0
95	65	0
92	12	1
47	76	0
0	97	0
76	37	0
79	25	1
30	31	0
64	84	0
33	73	0
65	94	0
97	53	0
88	38	0
70	68	0
92	80	0
90	44	0
95	98	0
77	70	0
73	33	0
41	85	1
83	77	0
85	72	0
93	30	0
46	63	0
64	32	0
81	91	0
87	54	0
23	83	0
86	38	0
77	43	0
88	38	0
99	82	0
73	42	0
6	88	0
10	98	0
38	33	0
26	73	0
44	86	1
60	8	0
3	97	0
75	46	0
13	14	0
17	60	0
70	71	0
67	70	0
81	50	0
77	40	0
73	65	0
75	46	0
13	37	0
95	76	0
59	96	0
83	17	0
40	94	1
18	87	0
97	56	0
63	35	0
24	16	0
26	33	0
75	50	0
96	35	0
16	2	0
41	2	0
53	61	0
95	86	0
26	8	0
58	16	0
86	82	0
74	64	1
63	89	0
16	50	0
96	43	0
87	61	0
6	89	0
3	95	0
46	25	0
92	29	0
19	28	0
86	38	0
76	14	0
37	26	0
19	98	0
64	90	0
20	34	0
74	40	0
67	87	0
68	35	0
11	8	0
91	56	0
86	36	0
86	22	0
63	27	1
53	98	0
86	39	0
57	99	0
60	54	0
72	53	0
52	92	0
93	50	0
93	99	0
82	86	0
54	87	1
77	76	0
74	20	0
95	48	0
95	99	0
92	94	0
84	20	0
84	68	0
13	96	1
85	96	0
61	73	0
6	21	0
29	93	0
87	29	0
18	99	0
53	78	1
72	38	0
82	50	0
75	55	0
99	53	0
86	36	0
80	20	1
5	80	0
10	10	0
59	80	0
31	68	0
37	4	0
0	82	0
99	42	0
91	86	0
86	50	0
91	83	0
66	54	1
96	40	0
