93	64	0
35	1	0
34	34	0
58	97	0
19	7	0
96	42	0
95	92	0
51	10	0
56	73	0
60	21	0
86	48	0
3	87	0
13	1	0
28	84	0
98	25	0
74	81	0
52	40	0
20	56	0
86	54	0
98	10	0
46	94	0
57	66	0
70	87	0
53	9	0
28	77	0
47	16	0
90	71	0
66	88	0
90	78	0
1	31	0
55	15	0
41	21	0
93	30	0
25	55	0
81	64	0
16	89	0
34	95	0
92	20	0
79	84	0
44	5	0
32	68	0
90	64	0
96	72	0
53	61	0
96	49	0
11	80	0
64	3	0
99	67	0
14	70	0
74	12	0
17	79	0
63	91	0
27	76	0
99	70	0
43	38	0
33	24	0
91	88	0
97	99	0
99	4	0
16	99	0
97	13	0
31	6	0
71	78	0
35	1	0
7	95	0
88	11	0
36	79	0
62	95	0
43	60	0
5	29	0
69	85	0
14	59	0
96	30	0
32	84	0
63	97	0
67	30	0
31	98	0
58	95	0
5	17	0
98	9	0
92	23	0
46	69	0
80	38	0
91	59	0
51	15	0
31	10	0
64	51	0
11	96	0
48	2	0
48	75	0
45	3	0
58	32	0
82	35	0
31	62	0
74	43	0
1	60	0
80	94	0
3	86	0
36	98	0
95	57	0
67	12	0
39	70	0
37	63	0
67	3	0
69	52	0
6	65	0
34	0	0
10	38	0
37	45	0
64	80	0
43	41	0
15	96	0
81	19	0
42	85	0
74	69	0
97	10	0
73	92	0
51	77	0
40	20	0
59	99	0
97	72	0
76	64	0
21	93	0
63	31	0
34	15	0
20	42	1
73	10	0
7	61	0
96	68	0
97	19	0
81	46	0
41	50	0
60	5	0
79	69	0
24	20	0
39	29	0
99	60	0
41	37	0
62	83	0
60	80	0
52	26	0
41	42	0
60	37	0
11	46	0
27	43	1
20	54	0
83	91	0
48	56	0
39	98	0
77	41	0
74	62	0
54	68	0
89	63	0
23	21	0
54	53	0
21	13	0
15	72	0
36	64	0
87	34	0
37	43	0
88	8	0
40	88	0
54	24	0
41	48	0
77	76	0
29	69	0
50	70	0
42	83	0
39	48	0
36	14	0
56	18	0
39	84	0
25	64	0
78	80	0
92	61	0
33	96	0
97	72	0
27	47	0
23	70	0
47	75	0
52	51	0
24	16	0
74	87	0
92	78	0
55	69	0
60	30	0
4	45	0
59	2	0
73	50	0
60	24	0
77	19	0
24	48	0
5	48	0
47	49	0
72	25	0
37	65	0
81	25	0
43	96	0
25	71	0
40	25	0
78	82	0
41	53	0
37	9	0
25	82	0
57	4	0
91	83	0
52	91	0
92	1	0
5	78	0
17	66	0
95	28	0
49	87	0
27	42	0
59	67	0
55	63	0
42	61	0
19	72	0
26	60	0
69	1	0
9	61	0
61	80	0
95	46	0
40	89	0
82	62	0
72	19	0
51	68	0
19	85	0
35	99	0
47	28	0
75	30	0
86	53	0
61	44	0
67	64	0
5	40	0
55	24	0
17	92	0
61	54	0
74	40	0
69	28	0
51	8	0
13	50	0
89	23	0
35	12	0
65	69	0
61	83	0
68	44	0
92	41	0
98	2	0
4	41	0
97	76	0
27	96	0
98	80	0
31	94	0
63	29	0
75	27	0
17	85	0
82	27	0
30	62	0
28	77	0
47	6	0
28	99	0
75	90	0
72	87	0
91	47	0
98	65	0
13	95	0
35	72	0
72	6	0
74	48	0
33	21	0
35	3	0
53	18	0
52	51	0
83	47	0
34	53	0
33	48	0
35	67	0
74	90	0
89	62	0
61	83	0
84	9	0
90	40	0
64	14	0
24	38	0
77	40	0
74	50	0
76	68	0
10	38	0
33	63	0
65	20	0
14	89	0
35	85	0
19	79	0
87	73	0
51	17	0
34	2	0
34	52	0
81	74	0
64	9	0
79	92	0
15	2	0
51	99	0
7	68	0
48	96	0
44	37	0
4	52	0
72	34	0
72	11	0
54	17	0
78	9	0
40	64	0
10	57	0
71	23	0
86	63	0
5	7	0
5	65	0
33	93	0
9	88	0
43	93	0
53	65	0
58	44	0
69	4	0
45	80	0
46	66	0
85	97	0
36	30	1
5	52	0
25	45	1
62	46	0
74	79	0
29	27	1
82	28	0
31	9	0
51	8	0
51	19	0
36	43	0
75	64	0
72	10	0
6	43	0
37	14	0
49	64	0
39	32	0
27	44	0
89	78	0
77	52	0
12	46	0
63	39	0
93	8	0
64	12	0
60	25	0
42	42	0
37	30	0
6	76	0
62	82	0
29	73	0
25	99	0
28	84	0
52	10	0
42	38	0
95	42	0
79	45	0
6	61	0
82	70	0
74	81	0
83	27	0
83	87	0
81	3	0
73	59	0
76	60	0
29	32	1
64	47	0
30	43	1
91	79	0
69	8	0
95	23	0
33	50	0
45	97	0
65	74	0
84	19	0
13	66	0
99	34	0
61	95	0
82	23	0
69	31	0
43	55	0
59	34	0
32	56	0
58	87	0
81	31	0
35	23	0
72	84	0
31	58	0
25	97	0
97	96	0
49	33	0
3	93	0
53	51	0
97	11	0
80	36	0
18	71	0
64	46	0
37	25	1
53	45	0
9	99	0
88	24	0
46	8	0
93	45	0
53	46	0
28	90	0
16	5	0
58	61	0
58	96	0
7	47	0
38	84	0
33	85	0
45	26	0
22	83	0
12	38	0
68	8	0
78	24	0
83	3	0
93	93	0
26	65	0
47	18	0
83	9	0
78	58	0
66	87	0
1	24	0
64	93	0
95	62	0
32	85	0
76	1	0
51	59	0
73	23	0
67	8	0
41	24	0
45	14	0
96	7	0
87	36	0
13	91	0
80	12	0
90	92	0
24	93	0
94	67	0
45	47	0
15	27	0
76	98	0
63	42	0
5	96	0
69	33	0
80	37	0
72	46	0
85	68	0
23	62	0
86	61	0
39	91	0
90	75	0
26	95	0
92	83	0
45	32	0
60	70	0
59	99	0
45	64	0
59	98	0
69	54	0
39	54	0
41	63	0
86	4	0
3	93	0
97	55	0
24	87	0
46	70	0
47	79	0
88	44	0
32	52	0
40	17	0
86	58	0
59	12	0
84	96	0
49	92	0
46	48	0
54	17	0
32	41	0
56	90	0
41	18	0
37	70	0
86	72	0
41	11	0
96	91	0
67	6	0
6	8	0
43	37	0
18	67	0
43	3	0
12	75	0
92	82	0
64	79	0
65	40	0
62	6	0
46	65	0
44	58	0
92	56	0
89	10	0
5	68	0
83	6	0
51	72	0
54	27	0
40	13	0
32	65	0
85	82	0
32	69	0
42	79	0
75	38	0
16	49	0
69	34	0
42	59	0
64	93	0
25	98	0
94	13	0
98	21	0
70	13	0
23	79	0
29	96	0
28	89	0
70	44	0
75	81	0
79	91	0
5	37	0
71	36	0
72	79	0
71	62	0
64	75	0
13	82	0
18	72	0
35	16	0
48	15	0
8	36	0
42	48	0
34	51	0
88	28	0
88	41	0
77	10	0
71	47	0
55	53	0
22	49	0
46	28	0
90	80	0
50	97	0
83	59	0
35	63	0
36	95	0
79	55	0
31	53	0
79	23	0
28	38	1
31	11	0
92	51	0
75	92	0
52	47	0
7	47	0
47	9	0
51	56	0
42	82	0
30	26	1
78	85	0
95	57	0
8	84	0
73	44	0
9	59	0
66	50	0
43	67	0
54	49	0
40	79	0
61	65	0
4	58	0
68	61	0
70	43	0
80	53	0
36	65	0
65	84	0
43	4	0
94	22	0
55	41	0
93	2	0
14	85	0
36	79	0
83	64	0
21	50	0
77	74	0
14	90	0
13	84	0
84	85	0
46	33	0
1	66	0
66	98	0
48	68	0
94	63	0
23	98	0
90	33	0
18	4	0
35	70	0
27	82	0
33	14	0
17	49	1
14	21	0
86	72	0
98	13	0
55	7	0
73	39	0
90	21	0
26	5	0
29	67	0
88	33	0
5	63	0
50	84	0
2	52	0
29	78	0
75	55	0
53	98	0
75	51	0
66	83	0
69	60	0
44	52	0
74	74	0
4	77	0
49	36	0
24	78	0
86	49	0
74	26	0
95	62	0
97	97	0
92	85	0
43	73	0
77	40	0
58	60	0
34	23	0
37	14	0
34	66	0
8	42	0
66	6	0
67	76	0
78	82	0
92	2	0
16	47	1
62	83	0
17	91	0
56	11	0
58	36	0
66	24	0
51	22	0
43	16	0
80	11	0
38	99	0
70	21	0
34	96	0
99	18	0
14	49	1
42	61	0
70	42	0
79	99	0
73	69	0
42	70	0
63	95	0
84	63	0
89	45	0
10	61	0
86	79	0
78	96	0
12	63	0
97	41	0
29	68	0
99	86	0
50	89	0
28	13	0
73	70	0
93	54	0
54	75	0
71	77	0
92	64	0
74	39	0
27	57	0
0	60	0
68	78	0
68	29	0
50	44	0
50	10	0
30	25	1
92	78	0
16	59	0
29	40	1
66	29	0
45	3	0
52	20	0
11	89	0
12	59	0
7	76	0
69	48	0
92	21	0
90	34	0
91	2	0
64	92	0
5	58	0
62	31	0
54	49	0
37	85	0
95	21	0
63	59	0
30	85	0
22	90	0
38	71	0
29	92	0
27	7	0
69	74	0
47	19	0
40	73	0
49	47	0
5	42	0
71	64	0
63	12	0
33	85	0
98	56	0
25	52	0
19	36	0
15	67	0
80	58	0
70	58	0
45	48	0
91	69	0
99	67	0
58	44	0
67	17	0
80	61	0
81	31	0
10	48	0
84	81	0
53	34	0
17	70	0
5	89	0
31	93	0
27	57	0
90	24	0
0	52	0
55	92	0
0	88	0
85	62	0
46	34	0
90	32	0
14	17	0
35	36	0
70	14	0
35	79	0
46	50	0
96	63	0
89	33	0
3	0	0
3	44	0
54	11	0
3	51	0
76	7	0
52	75	0
31	32	0
93	91	0
1	12	0
39	97	0
97	45	0
42	2	0
90	92	0
49	63	0
64	59	0
35	33	0
92	36	0
91	85	0
12	61	0
8	75	0
9	48	0
20	75	0
15	83	0
65	21	0
32	58	0
20	91	0
35	14	0
64	17	0
36	63	0
61	49	0
45	12	0
31	71	0
32	26	1
93	18	0
1	36	0
76	41	0
92	17	0
46	51	0
33	20	0
49	1	0
18	97	0
45	69	0
43	66	0
27	12	0
20	99	0
19	83	0
64	46	0
94	36	0
29	32	1
31	71	0
91	99	0
55	27	0
66	70	0
56	89	0
10	91	0
84	40	0
52	59	0
12	28	0
93	70	0
54	50	0
99	17	0
65	9	0
84	25	0
60	95	0
49	47	0
45	40	0
66	27	0
46	4	0
49	88	0
53	76	0
19	54	0
79	33	0
54	90	0
92	35	0
93	55	0
35	77	0
36	61	0
88	26	0
46	48	0
72	10	0
95	97	0
72	72	0
44	75	0
70	43	0
75	88	0
9	76	0
50	14	0
9	93	0
12	62	0
50	65	0
74	81	0
66	15	0
99	91	0
94	14	0
97	93	0
61	6	0
78	26	0
71	64	0
60	38	0
19	79	0
48	85	0
68	84	0
28	41	1
7	30	0
21	84	0
8	76	0
41	13	0
41	47	0
18	53	0
0	49	0
89	41	0
42	23	0
11	67	0
32	83	0
64	93	0
97	44	0
3	67	0
72	35	0
39	68	0
83	48	0
69	36	0
1	47	0
27	54	0
90	41	0
67	61	0
81	48	0
6	65	0
65	52	0
1	81	0
1	1	0
92	64	0
14	60	0
27	4	0
31	26	1
4	99	0
19	80	0
91	47	0
77	73	0
83	60	0
85	82	0
49	67	0
65	35	0
5	71	0
43	69	0
30	61	0
66	43	0
91	9	0
