4	25	1
90	56	0
54	13	0
44	22	0
51	94	0
3	42	0
85	35	0
90	75	0
1	13	0
49	15	0
70	96	0
41	41	0
68	48	0
5	93	0
32	8	0
14	54	0
93	2	0
80	79	0
64	31	0
28	57	0
96	57	0
99	4	0
45	78	0
74	78	0
83	88	0
80	1	0
20	97	0
64	19	0
72	71	0
65	85	0
96	57	0
4	46	0
29	26	0
48	20	0
77	18	0
45	52	0
87	83	0
11	96	0
65	65	0
95	18	0
83	96	0
41	18	0
31	62	0
64	51	0
94	52	0
57	86	0
97	49	0
16	99	0
27	46	0
61	11	0
93	43	0
26	68	0
61	8	0
37	85	0
67	96	0
25	63	0
91	63	0
49	14	0
35	56	0
78	72	0
96	93	0
74	5	0
20	98	0
88	3	0
44	14	0
88	60	0
46	22	0
13	93	0
88	3	0
33	81	0
87	79	0
55	49	0
24	37	0
85	73	0
19	35	0
28	48	0
88	41	0
19	10	0
7	38	0
50	85	0
64	98	0
69	19	0
49	99	0
73	96	0
7	9	0
14	31	0
87	12	0
86	14	0
54	46	0
84	36	0
23	23	0
77	50	0
49	54	0
30	7	0
34	8	0
66	56	0
24	84	0
49	2	0
45	82	0
42	1	0
36	34	0
84	32	0
47	67	0
62	47	0
15	84	0
69	79	0
3	84	0
47	96	0
88	48	0
67	19	0
53	81	0
2	44	0
61	6	0
52	75	0
7	85	0
38	8	0
23	52	0
17	31	0
86	85	0
5	24	0
40	26	0
1	0	0
36	97	0
92	7	0
66	56	0
3	35	0
73	85	0
92	19	0
58	65	0
52	87	0
32	24	0
64	97	0
16	19	0
76	82	0
67	49	0
24	98	0
79	29	0
42	37	0
18	25	0
65	5	0
10	7	0
8	81	0
17	3	0
98	89	0
97	14	0
81	39	0
52	62	0
63	20	0
85	89	0
0	6	0
35	13	0
18	8	0
83	72	0
44	37	0
89	75	0
87	80	0
50	28	0
56	33	0
80	50	0
1	52	0
26	75	0
17	59	0
91	74	0
50	58	0
38	92	0
95	42	0
70	78	0
50	85	0
26	45	0
99	75	0
1	44	0
34	36	0
20	30	0
27	74	0
31	64	0
95	18	0
54	34	0
74	9	0
46	77	0
66	21	0
60	38	0
76	73	0
26	53	0
67	57	0
31	98	0
31	66	0
31	3	0
62	23	0
25	99	0
5	76	0
64	74	0
81	43	0
18	87	0
15	46	0
87	74	0
27	47	0
36	75	0
33	91	0
58	38	0
32	3	0
22	46	0
78	89	0
95	80	0
63	94	0
71	14	0
10	54	0
61	6	0
57	28	0
56	28	0
74	7	0
24	62	0
16	77	0
44	61	0
68	32	0
28	75	0
83	26	0
59	84	0
32	74	0
25	14	0
92	79	0
31	77	0
47	3	0
3	86	0
84	20	0
94	71	0
83	87	0
85	30	0
1	79	0
16	77	0
98	47	0
62	68	0
42	45	0
42	71	0
71	74	0
44	65	0
18	77	0
36	66	0
70	1	0
3	59	0
68	99	0
66	35	0
24	90	0
88	68	0
43	15	0
39	64	0
14	75	0
34	94	0
66	29	0
67	16	0
20	40	0
97	57	0
61	44	0
74	39	0
10	87	0
55	11	0
20	75	0
68	65	0
63	60	0
70	56	0
61	3	0
22	6	0
6	56	0
84	53	0
54	17	0
74	56	0
46	90	0
60	48	0
92	36	0
92	12	0
19	57	0
90	71	0
14	82	0
19	25	0
93	49	0
37	97	0
46	42	0
52	1	0
19	92	0
71	33	0
38	49	0
34	72	0
43	4	0
19	75	0
86	88	0
87	74	0
58	37	0
80	65	0
16	86	0
47	43	0
66	0	0
68	22	0
32	26	0
55	5	0
57	16	0
52	28	0
70	29	0
34	48	0
27	43	0
54	42	0
68	68	0
87	85	0
44	98	0
72	5	0
93	56	0
66	14	0
12	63	0
17	11	0
87	35	0
61	29	0
78	69	0
15	44	0
52	62	0
62	12	0
33	91	0
31	82	0
48	77	0
95	50	0
47	25	0
54	2	0
27	41	0
78	45	0
73	8	0
68	93	0
29	4	0
68	90	0
8	69	0
41	78	0
36	23	0
3	54	0
7	16	0
81	4	0
30	41	0
75	14	0
38	8	0
1	6	0
79	16	0
25	65	0
28	47	0
93	27	0
78	53	0
12	35	0
23	39	0
2	57	0
38	87	0
12	71	0
12	0	0
32	92	0
55	58	0
43	13	0
13	13	0
53	32	0
47	80	0
35	70	0
82	96	0
28	30	0
22	59	0
33	45	0
57	70	0
76	98	0
48	12	0
67	2	0
29	11	0
49	12	0
55	9	0
16	57	0
82	50	0
63	3	0
22	50	0
59	3	0
54	61	0
45	51	0
39	54	0
79	80	0
74	44	0
21	64	0
52	52	0
23	16	0
96	12	0
44	0	0
59	30	0
59	27	0
23	42	0
16	74	0
57	72	0
14	71	0
38	94	0
30	82	0
39	28	0
38	34	0
88	57	0
65	35	0
13	71	0
74	77	0
8	26	1
64	91	0
30	30	0
66	18	0
67	87	0
72	1	0
91	61	0
71	41	0
44	25	0
40	39	0
35	37	0
92	79	0
13	18	0
63	25	0
81	4	0
13	53	0
44	80	0
76	75	0
74	8	0
2	60	0
96	42	0
56	94	0
5	21	0
68	3	0
52	59	0
35	70	0
62	48	0
18	34	0
54	38	0
68	87	0
61	53	0
35	26	0
79	69	0
24	45	0
20	81	0
82	85	0
49	19	0
6	80	0
68	14	0
90	24	0
69	36	0
21	61	0
65	19	0
23	23	0
65	48	0
17	94	0
68	52	0
48	3	0
84	56	0
38	28	0
29	77	0
42	3	0
78	43	0
9	5	0
63	96	0
15	91	0
28	33	0
53	63	0
60	32	0
11	90	0
13	38	0
21	47	0
57	6	0
91	34	0
67	21	0
85	97	0
30	67	0
20	28	0
40	25	0
37	28	0
91	9	0
52	59	0
81	79	0
30	41	0
62	94	0
69	60	0
45	80	0
76	6	0
70	49	0
75	14	0
67	17	0
45	24	0
30	31	0
93	10	0
61	21	0
5	75	0
93	4	0
98	83	0
9	96	0
10	27	0
88	66	0
43	50	0
29	2	0
90	84	0
83	65	0
24	96	0
67	34	0
78	42	0
91	61	0
11	22	0
85	83	0
27	78	0
77	73	0
28	98	0
97	65	0
33	49	0
20	85	0
99	82	0
37	28	0
26	35	0
71	69	0
64	94	0
45	74	0
13	14	0
44	76	0
60	61	0
38	64	0
34	72	0
84	22	0
15	89	0
81	48	0
21	75	0
39	66	0
43	75	0
91	32	0
44	32	0
18	46	0
0	20	0
69	42	0
96	77	0
55	18	0
78	94	0
74	96	0
30	36	0
47	17	0
21	52	0
25	75	0
8	23	1
35	31	0
48	71	0
61	86	0
32	32	0
74	83	0
58	32	0
38	9	0
67	35	0
23	75	0
46	13	0
11	56	0
97	84	0
59	99	0
49	54	0
77	9	0
43	62	0
4	29	1
2	24	1
43	50	0
92	60	0
90	0	0
3	67	0
77	11	0
88	88	0
69	20	0
29	1	0
24	66	0
73	70	0
37	83	0
52	81	0
82	21	0
19	75	0
59	22	0
63	79	0
61	93	0
30	90	0
93	12	0
91	17	0
65	16	0
44	88	0
10	97	0
3	89	0
76	63	0
71	60	0
95	64	0
9	48	0
89	50	0
65	61	0
10	16	0
78	66	0
62	73	0
23	48	0
13	65	0
40	27	0
43	41	0
13	59	0
62	51	0
46	56	0
95	42	0
79	33	0
79	5	0
68	35	0
55	91	0
3	22	1
14	18	0
22	53	0
77	54	0
99	83	0
72	74	0
99	79	0
22	43	0
50	73	0
58	40	0
36	64	0
81	45	0
2	31	0
22	72	0
44	25	0
79	67	0
63	96	0
50	64	0
6	23	1
28	66	0
29	11	0
79	67	0
25	76	0
51	36	0
86	80	0
98	84	0
11	99	0
40	53	0
12	75	0
78	80	0
36	46	0
58	58	0
46	82	0
80	70	0
25	30	0
19	60	0
87	78	0
74	60	0
90	53	0
43	84	0
55	81	0
64	31	0
35	21	0
87	29	0
44	25	0
87	4	0
19	85	0
19	27	0
1	15	0
39	94	0
93	72	0
23	39	0
95	50	0
16	99	0
20	70	0
26	0	0
96	93	0
25	24	0
8	81	0
74	98	0
43	64	0
84	69	0
25	79	0
82	28	0
22	27	0
36	79	0
27	68	0
32	22	0
26	34	0
21	39	0
98	63	0
84	15	0
52	12	0
74	7	0
90	48	0
35	13	0
52	30	0
89	33	0
7	52	0
43	90	0
11	53	0
15	82	0
80	58	0
55	95	0
57	46	0
74	82	0
42	23	0
93	74	0
39	68	0
93	48	0
10	69	0
62	46	0
24	66	0
71	33	0
5	29	0
58	38	0
89	77	0
87	84	0
88	92	0
25	80	0
19	41	0
50	45	0
46	61	0
36	27	0
21	13	0
36	61	0
12	53	0
61	6	0
76	83	0
81	53	0
91	8	0
14	45	0
6	4	0
81	90	0
10	78	0
50	25	0
55	36	0
73	16	0
17	2	0
56	11	0
13	41	0
2	36	0
49	15	0
50	3	0
1	28	1
31	79	0
62	23	0
35	95	0
82	5	0
34	41	0
53	65	0
69	17	0
94	62	0
57	65	0
44	65	0
45	99	0
82	95	0
17	15	0
93	59	0
15	60	0
87	72	0
57	82	0
17	33	0
19	58	0
97	44	0
28	79	0
90	97	0
69	82	0
45	2	0
38	57	0
82	54	0
37	87	0
71	46	0
88	72	0
72	28	0
13	65	0
13	58	0
90	89	0
73	36	0
58	64	0
57	5	0
12	18	0
77	62	0
34	28	0
13	67	0
40	54	0
53	52	0
33	7	0
59	33	0
4	79	0
19	49	0
11	64	0
2	51	0
83	62	0
26	21	0
56	22	0
97	18	0
86	6	0
51	61	0
0	73	0
59	30	0
33	25	0
10	13	0
17	20	0
75	64	0
66	24	0
35	37	0
42	74	0
56	75	0
12	87	0
28	71	0
53	81	0
25	44	0
78	96	0
54	31	0
38	85	0
20	9	0
54	14	0
10	42	0
61	44	0
70	12	0
31	75	0
87	66	0
66	55	0
50	50	0
41	13	0
0	74	0
78	70	0
67	51	0
47	41	0
74	64	0
72	78	0
70	40	0
64	10	0
95	76	0
82	13	0
1	76	0
74	62	0
0	29	0
6	27	1
27	1	0
50	32	0
0	7	0
5	48	0
25	72	0
31	99	0
34	49	0
98	31	0
5	47	0
59	92	0
23	82	0
6	29	1
99	61	0
38	66	0
8	23	1
85	50	0
24	0	0
59	22	0
60	4	0
16	6	0
24	81	0
45	57	0
85	74	0
68	45	0
11	4	0
33	32	0
53	7	0
10	27	0
3	74	0
74	8	0
42	63	0
53	42	0
68	96	0
17	41	0
13	94	0
93	46	0
22	22	0
92	80	0
59	62	0
67	33	0
50	33	0
97	21	0
90	64	0
20	57	0
13	90	0
30	43	0
0	89	0
3	95	0
89	18	0
36	52	0
2	93	0
54	2	0
66	7	0
45	50	0
27	16	0
66	43	0
41	24	0
10	85	0
25	33	0
58	3	0
7	43	0
96	51	0
97	8	0
54	53	0
33	2	0
40	26	0
17	96	0
62	78	0
25	62	0
9	12	0
42	23	0
7	80	0
0	71	0
66	48	0
78	47	0
55	34	0
14	76	0
23	30	0
84	76	0
68	28	0
50	78	0
65	94	0
26	14	0
10	90	0
67	18	0
61	79	0
39	44	0
94	69	0
34	73	0
99	19	0
82	19	0
99	24	0
85	89	0
41	56	0
22	75	0
72	12	0
38	1	0
67	80	0
64	77	0
18	44	0
66	52	0
61	80	0
76	23	0
92	52	0
7	68	0
57	48	0
25	30	0
94	26	0
67	40	0
67	15	0
93	96	0
77	73	0
50	74	0
78	36	0
59	67	0
13	98	0
29	8	0
5	92	0
17	78	0
55	62	0
64	96	0
79	12	0
90	95	0
78	2	0
11	3	0
90	73	0
68	11	0
99	27	0
79	66	0
52	42	0
14	59	0
63	86	0
64	69	0
2	47	0
12	41	0
42	95	0
3	80	0
56	1	0
44	45	0
8	66	0
34	29	0
17	32	0
11	43	0
98	51	0
51	36	0
3	48	0
26	90	0
85	68	0
0	13	0
85	95	0
28	78	0
63	43	0
42	58	0
97	43	0
62	43	0
2	9	0
10	11	0
2	52	0
15	53	0
96	77	0
75	50	0
98	67	0
10	53	0
78	62	0
20	81	0
0	3	0
74	78	0
4	18	0
26	66	0
36	5	0
29	27	0
6	71	0
45	89	0
3	7	0
68	46	0
50	58	0
80	62	0
81	79	0
40	90	0
35	22	0
6	67	0
3	12	0
37	69	0
51	46	0
59	55	0
82	14	0
