91	67	0
51	17	0
41	17	0
48	98	0
5	22	0
92	32	0
94	86	0
41	14	0
77	82	0
41	37	0
79	37	0
4	84	0
17	14	0
22	63	0
99	18	0
97	74	0
62	29	0
29	48	0
99	62	0
90	1	0
42	81	0
70	79	0
75	96	0
68	0	0
44	91	0
59	0	0
73	79	0
68	95	0
98	57	0
3	35	0
43	38	0
46	28	0
90	29	0
45	44	0
90	67	0
15	91	0
61	85	0
98	24	0
78	95	0
55	0	0
21	51	0
79	51	0
95	62	0
60	74	0
97	43	0
12	83	0
28	42	0
60	9	0
91	57	0
11	67	0
60	8	0
31	84	0
49	96	0
32	67	0
95	60	0
40	29	0
43	37	0
77	75	0
92	94	0
82	18	0
13	94	0
90	12	0
46	3	0
75	71	0
45	19	0
14	82	0
78	12	0
40	81	0
85	86	0
61	65	0
13	25	0
78	84	0
29	35	0
20	46	0
89	37	0
9	37	0
41	76	0
48	84	0
72	20	0
39	98	0
63	99	0
0	2	0
9	13	0
97	11	0
99	19	0
32	48	0
81	41	0
23	19	0
76	58	0
32	46	0
36	10	0
40	10	0
70	37	0
13	89	0
73	9	0
54	74	0
40	10	0
47	29	0
97	40	0
37	74	0
79	58	0
23	57	0
76	93	0
3	78	0
43	81	0
87	45	0
63	4	0
44	67	0
15	62	0
56	1	0
64	59	0
14	60	0
43	4	0
41	59	0
31	40	0
94	85	0
54	43	0
0	0	0
29	90	0
76	8	0
69	68	0
14	31	0
87	81	0
93	12	0
68	66	0
56	76	0
34	8	0
55	96	0
79	79	0
76	55	0
34	98	0
66	26	0
41	23	0
20	36	0
82	9	0
4	79	0
98	70	0
99	18	0
87	32	0
42	52	0
57	20	0
88	79	0
3	17	0
38	10	0
88	67	0
35	40	0
84	74	0
80	90	0
55	16	0
44	33	0
55	61	0
8	51	0
28	73	0
14	58	0
78	72	0
35	52	0
47	95	0
80	55	0
72	77	0
49	84	0
15	42	0
90	70	0
2	30	0
40	47	0
24	14	0
18	77	0
40	77	0
91	38	0
32	30	0
83	15	0
37	82	0
58	28	0
48	40	0
82	82	0
24	53	0
69	81	0
34	87	0
32	59	0
37	19	0
61	8	0
37	77	0
17	75	0
74	84	0
91	55	0
16	84	0
19	32	0
98	67	0
30	60	0
27	90	0
47	89	0
43	50	0
33	10	0
19	38	0
66	82	0
84	94	0
57	86	0
77	24	0
3	73	0
53	3	0
78	17	0
70	27	0
74	25	0
23	55	0
2	65	0
54	60	0
76	37	0
35	68	0
92	24	0
38	91	0
31	64	0
34	17	0
74	74	0
29	56	0
36	10	0
4	95	0
69	14	0
99	85	0
84	89	0
96	16	0
3	77	0
14	68	0
95	47	0
52	74	0
38	47	0
50	64	0
59	70	0
47	55	0
8	74	0
31	65	0
68	8	0
1	65	0
63	97	0
81	47	0
43	86	0
86	59	0
47	10	0
44	64	0
19	80	0
40	94	0
59	32	0
64	32	0
20	31	0
95	63	0
72	40	0
80	62	0
8	73	0
55	18	0
6	88	0
71	59	0
54	45	0
68	49	0
53	17	0
0	55	0
83	40	0
55	9	0
74	65	0
44	86	0
75	39	0
97	40	0
99	3	0
2	68	0
86	72	0
19	97	0
96	63	0
46	90	0
61	28	0
48	0	0
23	92	0
66	38	0
42	59	0
44	75	0
48	5	0
21	90	0
70	95	0
87	81	0
70	35	0
88	67	0
12	87	0
51	47	0
50	8	0
70	24	0
32	15	0
34	2	0
48	9	0
59	49	0
71	35	0
33	54	0
33	46	0
46	62	0
68	87	0
88	84	0
60	83	0
87	17	0
84	53	0
81	11	0
21	52	0
32	10	0
86	37	0
63	26	0
71	70	0
6	39	0
49	73	0
54	25	0
26	95	0
31	94	0
21	73	0
91	64	0
44	29	0
39	7	0
27	60	0
90	58	0
72	17	0
81	90	0
20	9	0
68	93	0
8	78	0
49	83	0
39	34	0
0	52	0
79	5	0
22	29	0
90	16	0
47	20	0
11	5	1
83	11	0
32	45	0
19	49	0
84	23	0
91	53	0
0	25	0
27	31	0
1	63	0
37	84	0
19	86	0
3	6	0
46	84	0
56	69	0
49	41	0
66	24	0
48	91	0
39	69	0
88	99	0
41	33	0
13	48	0
20	39	0
57	72	0
82	91	0
47	20	0
86	8	0
29	2	0
63	1	0
59	14	0
21	42	0
75	65	0
69	1	0
17	34	0
46	15	0
56	48	0
45	49	0
24	60	0
86	80	0
75	51	0
15	58	0
50	34	0
98	11	0
59	7	0
62	19	0
58	43	0
26	30	0
7	70	0
71	75	0
16	80	0
35	88	0
21	96	0
50	26	0
40	42	0
85	58	0
75	39	0
6	83	0
75	79	0
61	86	0
14	32	1
77	28	0
59	98	0
73	3	0
87	59	0
81	50	0
28	13	0
42	44	0
35	45	0
89	82	0
2	7	0
73	22	0
93	3	0
18	38	0
30	96	0
66	71	0
87	3	0
6	57	0
96	32	0
44	97	0
75	14	0
66	48	0
49	54	0
44	38	0
30	38	0
42	37	0
70	87	0
77	38	0
38	36	0
77	67	0
22	58	0
15	92	0
90	88	0
34	34	0
0	79	0
61	25	0
88	13	0
79	45	0
13	60	0
65	46	0
38	35	0
50	44	0
0	97	0
70	22	0
52	11	0
87	56	0
48	23	0
28	82	0
21	2	0
74	45	0
70	98	0
2	79	0
41	56	0
46	76	0
57	28	0
21	98	0
17	46	0
31	39	0
60	17	0
88	26	0
88	21	0
86	86	0
20	60	0
32	22	0
28	32	0
83	18	0
56	59	0
69	91	0
16	37	0
70	97	0
86	63	0
34	71	0
66	5	0
71	41	0
76	20	0
75	11	0
44	23	0
42	33	0
94	3	0
82	27	0
1	71	0
86	11	0
99	98	0
3	99	0
89	55	0
54	46	0
24	17	0
97	87	0
68	58	0
12	96	0
64	29	0
79	41	0
82	51	0
82	63	0
31	71	0
71	75	0
40	98	0
78	72	0
23	29	0
32	97	0
97	83	0
35	34	0
27	38	0
67	80	0
60	93	0
44	69	0
59	97	0
56	53	0
37	66	0
29	68	0
84	26	0
20	93	0
85	51	0
26	91	0
49	65	0
42	75	0
85	34	0
34	32	0
20	50	0
53	24	0
92	67	0
69	20	0
85	95	0
73	99	0
39	52	0
69	1	0
28	44	0
37	89	0
35	31	0
51	68	0
70	81	0
27	21	0
84	99	0
39	26	0
23	22	0
64	39	0
26	77	0
43	15	0
4	54	0
87	84	0
60	88	0
52	45	0
79	10	0
50	71	0
42	52	0
96	58	0
87	4	0
0	70	0
77	0	0
68	74	0
74	33	0
37	15	0
34	69	0
84	78	0
26	69	0
54	80	0
77	24	0
12	65	0
70	19	0
45	62	0
61	97	0
31	92	0
86	5	0
92	22	0
63	12	0
36	85	0
13	87	0
6	85	0
75	42	0
67	64	0
70	82	0
18	48	0
76	33	0
67	66	0
88	73	0
56	61	0
20	63	0
23	64	0
39	24	0
44	29	0
1	44	0
47	64	0
40	45	0
93	31	0
75	33	0
77	2	0
87	42	0
55	69	0
25	56	0
56	28	0
91	76	0
64	86	0
93	70	0
15	51	0
59	74	0
65	49	0
30	55	0
77	33	0
20	50	0
40	22	0
79	53	0
80	97	0
57	56	0
17	65	0
46	4	0
51	64	0
29	84	0
44	27	0
86	80	0
93	72	0
17	98	0
54	72	0
10	73	0
72	61	0
34	53	0
47	59	0
36	76	0
60	72	0
20	28	1
10	64	0
96	80	0
73	56	0
97	57	0
26	61	0
50	87	0
59	27	0
93	28	0
37	50	0
98	10	0
19	89	0
27	32	0
32	75	0
87	56	0
20	45	0
80	69	0
19	97	0
8	73	0
12	7	1
90	86	0
41	33	0
4	68	0
79	85	0
50	64	0
81	67	0
27	94	0
99	36	0
29	6	0
35	82	0
32	74	0
35	19	0
24	38	0
3	16	0
82	72	0
91	5	0
59	7	0
74	12	0
98	46	0
33	7	0
29	48	0
99	42	0
10	55	0
59	81	0
2	59	0
17	74	0
77	56	0
47	93	0
79	48	0
72	82	0
30	34	0
78	67	0
39	59	0
84	49	0
14	76	0
44	35	0
33	73	0
82	33	0
57	35	0
99	79	0
97	97	0
86	82	0
33	70	0
18	32	0
59	39	0
46	74	0
33	14	0
25	3	0
38	71	0
18	40	0
59	2	0
70	82	0
75	64	0
90	15	0
6	48	0
66	89	0
0	94	0
53	10	0
66	52	0
68	17	0
37	17	0
26	34	0
38	15	0
72	8	0
41	88	0
54	30	0
30	81	0
74	15	0
32	43	0
49	65	0
75	22	0
89	71	0
61	71	0
32	66	0
50	87	0
73	83	0
83	47	0
22	65	0
73	76	0
63	94	0
19	42	0
21	55	0
98	35	0
32	90	0
94	85	0
70	86	0
47	0	0
57	59	0
88	56	0
68	82	0
85	52	0
97	78	0
83	29	0
10	63	0
7	57	0
71	87	0
74	39	0
53	61	0
58	9	0
33	14	0
84	69	0
26	33	0
13	61	0
45	51	0
52	38	0
36	19	0
50	27	0
16	82	0
24	38	0
9	62	0
16	73	0
72	44	0
18	20	0
64	12	0
99	28	0
80	0	0
57	77	0
6	59	0
62	30	0
48	34	0
59	81	0
91	15	0
35	42	0
55	62	0
54	79	0
17	96	0
40	68	0
38	85	0
28	28	0
75	82	0
43	48	0
35	85	0
62	34	0
13	45	0
61	62	0
59	25	0
30	75	0
82	38	0
55	42	0
45	46	0
31	15	0
8	62	0
76	71	0
71	64	0
40	43	0
86	61	0
86	73	0
75	27	0
60	8	0
81	77	0
77	12	0
6	66	0
72	76	0
39	19	0
70	39	0
17	66	0
14	87	0
38	90	0
29	52	0
98	28	0
22	54	0
50	98	0
17	89	0
97	69	0
56	59	0
82	40	0
22	0	0
51	21	0
60	4	0
11	79	0
62	57	0
80	65	0
73	45	0
16	0	0
24	44	0
69	12	0
6	81	0
79	3	0
45	68	0
48	24	0
78	92	0
1	24	0
19	90	0
97	52	0
33	12	0
98	81	0
59	63	0
75	50	0
46	26	0
90	32	0
90	75	0
8	68	0
0	80	0
17	54	0
10	87	0
1	89	0
79	26	0
42	40	0
5	93	0
53	10	0
69	6	0
43	53	0
73	45	0
47	22	0
26	64	0
27	26	0
84	14	0
13	42	0
85	60	0
95	4	0
57	56	0
30	15	0
55	11	0
12	95	0
55	76	0
37	64	0
37	15	0
2	84	0
6	88	0
68	55	0
92	40	0
40	29	0
29	78	0
98	93	0
52	32	0
58	77	0
66	88	0
0	79	0
74	25	0
58	61	0
24	36	0
98	74	0
44	66	0
97	19	0
73	12	0
89	20	0
79	92	0
42	62	0
39	78	0
83	20	0
29	8	0
63	95	0
67	75	0
19	47	0
70	41	0
66	91	0
80	11	0
97	54	0
28	76	0
61	50	0
31	34	0
84	23	0
30	47	0
67	0	0
93	99	0
76	64	0
52	78	0
81	25	0
75	73	0
8	88	0
38	5	0
16	93	0
3	64	0
64	69	0
67	94	0
75	9	0
94	99	0
81	12	0
83	78	0
64	5	0
87	36	0
82	43	0
53	37	0
13	76	0
54	88	0
57	77	0
18	53	0
8	40	0
32	97	0
10	63	0
40	1	0
30	50	0
13	61	0
44	33	0
2	40	0
95	55	0
54	22	0
13	48	0
26	88	0
77	79	0
0	2	0
90	63	0
16	71	0
62	43	0
31	57	0
89	49	0
57	40	0
1	9	0
2	52	0
23	58	0
93	64	0
70	49	0
96	64	0
5	59	0
72	59	0
8	79	0
3	21	0
85	57	0
28	62	0
40	10	0
35	31	0
12	82	0
33	87	0
3	6	1
79	45	0
72	68	0
78	58	0
73	77	0
39	76	0
46	23	0
1	68	0
51	71	0
36	43	0
58	52	0
86	12	0
