98	68	0
24	17	0
63	97	0
11	8	0
87	38	0
88	98	0
49	78	0
70	46	0
6	85	0
1	2	0
14	85	0
97	44	0
71	75	0
32	37	0
81	91	0
96	44	0
42	96	0
41	80	0
63	72	0
46	17	0
73	73	0
84	92	0
75	88	0
6	22	0
81	14	0
71	74	0
30	95	0
81	22	0
68	89	0
52	64	0
81	82	0
98	50	0
99	24	0
21	75	1
89	82	0
14	75	1
35	0	0
5	73	1
40	86	0
76	43	0
28	12	0
99	87	0
84	88	0
96	18	0
96	14	0
20	33	0
68	88	0
6	87	0
94	5	0
63	95	0
5	24	0
79	84	0
87	27	0
26	86	0
61	98	0
83	21	0
24	87	1
31	88	1
28	6	0
97	1	0
72	33	0
44	79	0
81	24	0
58	49	0
82	27	0
9	94	0
46	78	0
95	66	0
70	97	0
7	65	0
39	92	0
99	51	0
74	17	0
46	35	0
32	6	0
71	56	0
8	81	0
95	26	0
46	67	0
88	57	0
84	0	0
76	99	0
68	89	0
10	31	0
66	80	0
86	72	0
85	42	0
18	98	0
67	42	0
89	56	0
95	28	0
98	40	0
16	55	0
6	17	0
92	54	0
48	85	0
52	58	1
47	78	0
55	95	0
74	31	0
69	68	0
76	77	0
87	66	0
24	14	0
20	14	0
78	52	0
95	2	0
25	96	0
22	42	0
66	74	0
60	84	0
54	80	0
40	1	0
52	83	0
69	82	0
81	56	0
17	90	0
89	81	0
3	75	0
18	46	0
76	85	0
95	73	0
48	67	0
62	44	0
89	42	0
23	92	0
55	78	0
22	47	0
51	81	0
41	23	0
93	87	0
29	99	0
88	4	0
80	38	0
68	89	0
66	83	0
58	72	0
26	41	0
21	66	0
59	89	0
81	66	0
39	92	0
54	89	0
76	19	0
46	88	0
26	25	0
80	61	0
63	40	0
77	69	0
83	36	0
12	91	0
60	49	0
91	34	0
59	35	0
50	20	0
96	31	0
60	75	0
76	98	0
85	69	0
99	28	0
93	33	0
96	70	0
28	89	1
64	80	0
49	88	0
79	28	0
14	90	0
93	12	0
20	46	0
30	92	0
25	92	0
83	77	0
77	78	0
87	49	0
86	48	0
44	87	0
86	59	0
53	3	0
40	23	0
85	44	0
31	72	0
66	80	0
77	70	0
80	1	0
91	51	0
97	35	0
71	62	0
68	87	0
55	11	0
8	90	0
5	93	0
91	63	0
74	57	0
84	12	0
99	80	0
22	9	0
28	95	0
49	94	0
88	6	0
89	8	0
94	30	0
75	30	0
69	43	0
2	4	0
20	94	0
4	78	1
44	88	0
56	69	1
94	42	0
68	94	0
96	85	0
67	37	0
77	79	0
72	16	0
13	10	0
31	7	0
32	25	0
92	41	0
82	20	0
6	45	0
22	23	0
90	82	0
97	72	0
78	23	0
98	11	0
63	1	0
85	17	0
39	20	0
96	87	0
25	85	0
5	95	0
35	41	0
76	42	0
67	65	0
63	78	0
87	85	0
73	26	0
68	82	0
99	38	0
83	59	0
66	49	0
96	70	0
65	16	0
92	11	0
26	49	0
67	97	0
97	36	0
21	88	1
94	40	0
71	95	0
93	34	0
62	16	0
51	49	0
61	93	0
74	91	0
21	91	0
94	85	0
0	97	0
92	0	0
90	13	0
58	81	0
14	95	0
74	37	0
95	64	0
27	2	0
46	93	0
35	84	1
54	76	0
0	27	0
87	34	0
97	6	0
81	94	0
17	23	0
68	32	0
65	80	0
11	25	0
45	89	0
82	52	0
26	87	0
84	5	0
80	15	0
92	64	0
13	81	0
64	18	0
88	88	0
33	96	0
67	61	0
7	30	0
62	86	0
59	47	0
93	43	0
78	55	0
71	56	0
0	36	0
90	64	0
24	97	0
91	56	0
9	95	0
87	85	0
38	18	0
72	61	0
62	91	0
54	99	0
85	55	0
76	2	0
2	79	0
70	44	0
24	99	0
84	31	0
93	42	0
71	28	0
87	75	0
54	96	0
55	99	0
28	95	0
98	82	0
70	81	0
22	4	0
10	80	0
78	87	0
66	89	0
59	56	1
69	31	0
30	80	1
80	62	0
92	4	0
92	8	0
90	84	0
66	82	0
79	24	0
92	11	0
73	90	0
32	99	0
87	10	0
96	0	0
72	25	0
5	59	0
17	97	0
13	92	0
86	85	0
86	98	0
77	93	0
84	69	0
74	69	0
7	99	0
16	71	1
27	22	0
3	8	0
43	40	0
95	26	0
82	40	0
68	60	0
56	15	0
85	82	0
68	78	0
85	58	0
31	81	1
73	62	0
21	7	0
99	41	0
58	97	0
41	41	0
21	93	0
74	96	0
97	73	0
30	82	1
19	76	0
40	68	0
72	75	0
51	98	0
12	48	0
75	68	0
91	53	0
92	68	0
39	75	0
64	84	0
88	15	0
80	6	0
12	84	0
36	98	0
89	71	0
70	73	0
2	90	0
13	80	0
81	95	0
29	25	0
8	80	0
68	87	0
59	70	0
84	82	0
4	89	0
72	45	0
19	2	0
47	91	0
11	95	0
1	18	0
85	65	0
82	14	0
77	23	0
77	17	1
10	20	0
17	58	0
77	29	0
65	74	0
29	88	1
59	56	1
87	80	0
80	47	0
75	82	0
63	53	1
71	83	0
0	65	0
78	58	0
60	35	0
98	45	0
92	88	0
80	70	0
66	51	1
59	55	1
48	77	0
97	78	0
94	3	0
57	76	0
0	95	0
64	28	0
68	19	0
77	17	1
26	69	1
76	18	1
77	25	0
29	30	0
59	93	0
67	61	0
36	92	0
66	99	0
84	62	0
83	29	0
88	70	0
87	93	0
94	41	0
84	88	0
34	86	0
72	78	0
82	48	0
55	91	0
83	85	0
76	68	0
92	24	0
5	75	1
54	73	0
79	22	0
56	41	0
85	85	0
83	56	0
21	85	0
28	89	1
82	30	0
80	31	0
92	44	0
85	12	0
85	81	0
83	17	0
81	35	0
17	76	1
12	87	0
19	72	1
15	95	0
50	29	0
36	61	0
50	82	0
67	6	0
14	91	0
76	49	0
22	12	0
25	61	0
77	71	0
70	59	0
82	64	0
86	49	0
71	64	0
81	50	0
5	44	0
95	85	0
68	59	0
47	93	0
5	73	1
92	20	0
54	94	0
22	90	0
99	43	0
65	29	0
20	9	0
27	36	0
12	67	1
81	53	0
94	38	0
29	6	0
53	11	0
50	77	0
94	82	0
17	6	0
46	78	0
64	29	0
90	62	0
72	68	0
65	89	0
11	45	0
96	46	0
92	65	0
9	86	0
30	87	1
1	98	0
63	36	0
89	18	0
8	18	0
90	29	0
82	20	0
43	33	0
14	96	0
58	84	0
18	75	1
21	27	0
19	76	1
25	98	0
57	56	0
82	45	0
58	84	0
24	92	0
75	44	0
10	2	0
83	61	0
50	59	1
91	25	0
82	27	0
73	32	0
56	89	0
40	99	0
87	42	0
61	99	0
71	59	0
84	43	0
62	93	0
38	71	1
92	39	0
91	99	0
84	88	0
52	86	0
90	19	0
70	76	0
68	24	0
29	89	1
88	53	0
87	93	0
83	7	0
97	95	0
83	24	0
85	68	0
10	85	0
75	98	0
70	79	0
3	15	0
11	98	0
15	75	1
80	33	0
20	97	0
55	77	0
82	38	0
77	47	0
20	97	0
83	43	0
92	59	0
75	42	0
85	29	0
2	86	0
11	8	0
63	72	0
19	59	0
27	5	0
2	90	0
39	80	1
99	53	0
78	88	0
90	55	0
89	76	0
74	45	0
2	82	0
82	24	0
97	36	0
