99	66	0
20	13	0
31	19	1
65	98	0
9	1	0
87	43	0
99	96	0
48	16	0
54	79	0
57	22	0
82	52	0
9	86	0
9	4	0
14	95	0
96	31	0
68	76	0
47	30	0
85	69	0
96	20	0
54	98	0
46	62	0
80	70	0
48	10	0
25	79	0
54	20	0
96	67	0
84	93	0
89	75	0
8	37	0
53	11	0
49	31	0
94	23	0
74	72	0
11	82	0
32	93	0
77	16	0
73	85	0
26	8	0
49	68	0
79	67	0
91	74	0
57	65	0
98	39	0
15	76	0
71	4	0
98	67	0
20	75	0
65	3	0
6	75	0
41	92	0
29	75	0
87	60	0
58	40	0
42	23	0
90	81	0
98	89	0
98	15	0
26	92	0
98	6	0
26	7	0
75	90	0
30	4	0
3	88	0
84	8	0
29	72	0
59	95	0
36	57	0
3	28	0
73	79	0
87	29	0
26	98	0
49	98	0
66	26	0
25	91	0
57	97	0
9	16	0
98	19	0
82	24	0
54	75	0
89	44	0
92	59	0
54	9	0
41	18	1
65	41	0
1	98	0
67	3	0
47	72	0
40	5	0
54	23	0
87	18	0
38	57	0
87	48	0
2	60	0
75	94	0
2	85	0
41	97	0
88	54	0
73	28	0
34	64	0
39	60	0
64	0	0
70	53	0
17	72	0
36	4	0
64	74	0
44	33	0
7	94	0
86	26	0
43	78	0
81	68	0
95	2	0
66	85	0
62	72	0
13	22	0
56	90	0
99	82	0
72	56	0
24	92	0
65	30	0
30	30	1
74	4	0
96	62	0
96	33	0
90	55	0
42	46	0
63	6	0
67	66	0
11	27	0
41	30	0
94	56	0
51	25	0
54	80	0
58	75	0
57	18	0
43	35	0
54	25	0
14	44	1
58	83	0
46	57	0
47	91	0
74	46	0
60	73	0
60	72	0
97	61	0
26	20	0
43	42	0
17	17	0
10	80	0
27	63	0
86	43	0
47	44	0
88	2	0
34	88	0
56	20	0
30	38	0
68	79	0
33	69	0
58	65	0
43	87	0
35	51	0
38	0	0
53	16	0
41	99	0
32	62	0
74	81	0
88	59	0
18	94	0
89	73	0
29	49	0
22	72	0
51	71	0
47	56	0
11	32	0
71	81	0
95	82	0
39	72	0
76	41	0
9	43	0
57	12	0
63	53	0
62	19	0
81	19	0
2	47	0
40	65	0
55	27	0
43	61	0
96	37	0
32	92	0
20	56	0
75	94	0
46	57	0
22	18	0
33	75	0
58	18	0
92	99	0
35	89	0
94	0	0
16	62	1
12	70	0
96	36	0
58	96	0
65	83	0
65	70	0
38	56	0
12	66	0
19	57	1
60	0	0
55	98	0
99	54	0
45	90	0
74	69	0
82	24	0
50	75	0
31	82	0
42	94	0
39	24	0
66	21	0
80	45	0
52	44	0
75	67	0
3	54	1
73	23	0
20	89	0
66	66	0
87	37	0
77	37	0
47	1	0
4	39	0
87	25	0
67	78	0
57	95	0
72	55	0
92	34	0
89	12	0
0	34	0
87	72	0
40	99	0
91	82	0
39	98	0
57	35	0
79	32	0
20	87	0
81	18	0
20	61	0
29	78	0
46	13	0
28	91	0
75	91	0
82	78	0
94	56	0
96	55	0
20	81	0
34	71	0
84	14	0
83	50	0
44	2	0
42	26	0
44	56	0
79	47	0
26	54	0
40	39	0
34	75	0
73	98	0
87	60	0
55	76	0
95	7	0
95	36	0
63	4	0
85	54	0
79	53	0
65	77	0
2	33	0
40	66	0
71	26	0
15	91	0
28	77	0
7	87	0
93	64	0
55	9	1
39	1	0
77	66	0
71	1	0
96	89	0
28	4	0
46	89	0
14	65	0
54	90	0
42	39	0
7	46	1
78	28	0
78	19	0
52	15	0
89	13	0
42	53	0
78	29	0
80	56	0
5	10	0
3	58	0
30	99	0
16	84	0
55	97	0
49	74	0
81	40	0
64	13	0
49	86	0
48	69	0
99	84	0
0	51	0
66	51	0
65	86	0
79	27	0
29	8	0
41	2	0
53	15	0
36	31	0
80	53	0
74	21	0
22	44	0
19	21	0
32	53	0
45	33	0
96	69	0
91	59	0
3	52	1
61	35	0
88	4	0
66	13	0
77	22	0
52	39	0
40	28	0
3	76	0
69	82	0
45	82	0
9	98	0
35	61	0
57	11	0
50	41	0
81	36	0
73	53	0
14	62	1
85	71	0
87	85	0
78	31	0
70	87	0
77	9	0
78	62	0
68	51	0
71	50	0
85	78	0
71	2	0
91	11	0
25	45	0
55	86	0
62	75	0
76	10	0
22	74	0
97	33	0
57	97	0
97	24	0
62	26	0
28	57	0
60	44	0
38	58	0
56	83	0
81	30	0
81	79	0
38	52	1
18	89	0
93	94	0
45	23	0
5	82	0
43	51	0
97	0	0
82	38	0
33	65	0
63	49	0
59	49	0
17	92	0
79	24	0
42	8	1
87	53	0
50	40	0
34	90	0
20	10	0
49	46	0
52	88	0
0	44	0
39	78	0
41	84	0
52	24	0
21	74	0
17	27	0
70	7	0
70	19	0
96	3	0
83	98	0
31	66	0
34	35	0
82	7	0
58	52	0
71	98	0
3	22	0
51	88	0
95	59	0
30	77	0
79	7	0
40	68	0
68	17	0
53	7	0
85	21	0
89	46	0
11	88	0
74	14	0
86	99	0
24	95	0
92	76	0
43	50	0
10	29	0
65	93	0
68	53	0
5	84	0
70	29	0
79	57	0
74	51	0
81	68	0
28	56	0
97	55	0
26	95	0
99	64	0
24	98	0
89	96	0
45	35	0
64	66	0
59	92	0
49	57	0
59	98	0
76	52	0
49	48	0
31	59	0
87	1	0
1	87	0
92	62	0
23	95	0
50	60	0
43	78	0
83	30	0
35	49	0
55	24	0
95	54	0
74	22	0
87	93	0
43	96	0
38	58	0
50	4	1
36	48	0
60	94	0
52	21	0
41	73	0
90	83	0
35	9	1
92	83	0
79	12	0
25	11	0
43	33	0
26	67	0
46	6	0
11	81	0
86	75	0
53	91	0
63	47	0
67	10	0
37	63	0
39	78	0
96	46	0
95	3	0
15	68	0
76	12	0
43	65	0
43	26	0
39	2	0
33	48	0
84	83	0
25	74	0
54	83	0
66	25	0
77	23	0
49	56	0
63	83	0
26	96	0
90	21	0
82	16	0
76	20	0
17	67	0
22	90	0
18	86	0
63	34	0
71	78	0
75	99	0
1	26	0
62	51	0
65	89	0
70	63	0
60	76	0
14	94	0
18	75	0
48	30	0
43	16	1
8	27	0
44	43	0
31	41	0
98	31	0
83	44	0
70	11	0
69	32	0
56	48	0
45	29	0
97	79	0
48	81	0
82	55	0
38	58	0
33	96	0
77	52	0
56	18	0
32	13	0
98	49	0
73	84	0
50	36	0
53	61	0
41	93	0
64	92	0
96	62	0
23	78	0
61	50	0
5	66	0
64	44	0
50	75	0
67	51	0
49	77	0
64	92	0
4	55	0
55	55	0
78	46	0
80	63	0
34	82	0
74	82	0
46	25	0
95	15	0
55	44	0
99	12	0
1	82	0
45	90	0
90	66	0
68	70	0
13	87	0
16	75	0
81	88	0
46	27	0
4	74	0
74	99	0
47	68	0
95	64	0
29	94	0
75	46	0
13	2	0
41	74	0
19	81	0
36	20	1
8	17	0
91	56	0
98	24	0
49	20	1
72	37	0
82	13	0
22	11	0
30	63	0
74	30	0
1	72	0
61	80	0
7	37	0
16	72	0
64	49	0
61	96	0
69	41	0
74	87	0
74	57	0
36	52	1
75	76	0
9	88	0
47	39	0
24	79	0
73	53	0
64	35	0
99	49	0
94	95	0
84	84	0
44	71	0
68	45	0
64	65	0
39	50	1
12	50	1
69	5	0
69	84	0
87	79	0
85	1	0
54	79	0
10	97	0
50	20	0
54	36	0
69	31	0
61	26	0
75	18	0
23	91	0
74	29	0
28	75	0
94	13	0
44	68	0
52	40	0
64	99	0
74	73	0
43	78	0
69	93	0
87	65	0
91	46	0
94	78	0
83	98	0
98	46	0
36	69	0
92	86	0
51	84	0
82	81	0
97	49	0
45	85	0
85	67	0
88	57	0
78	35	0
36	45	0
1	62	0
56	77	0
66	18	0
55	33	0
49	19	1
86	85	0
66	40	0
46	11	1
16	87	0
11	57	1
9	90	0
62	38	0
91	16	0
89	45	0
93	4	0
78	99	0
6	46	1
56	22	0
56	51	0
35	76	0
95	18	0
67	50	0
28	88	0
29	98	0
28	68	0
19	96	0
34	6	1
65	62	0
49	33	0
46	75	0
44	44	0
2	54	1
69	71	0
69	14	0
17	89	0
93	58	0
22	28	0
16	71	0
75	63	0
67	54	0
52	59	0
89	51	0
90	65	0
72	56	0
58	14	0
67	63	0
81	44	0
10	32	0
91	74	0
52	42	0
37	79	0
12	81	0
25	96	0
23	61	0
91	31	0
10	50	1
63	96	0
5	90	0
89	64	0
50	31	0
79	21	0
22	22	0
33	41	0
79	12	0
17	72	0
37	53	1
90	56	0
87	37	0
5	9	0
14	48	1
45	18	1
4	39	0
68	12	0
46	71	0
94	91	0
5	10	0
51	98	0
87	33	0
41	1	0
88	84	0
42	65	0
76	73	0
34	31	0
97	37	0
90	79	0
21	67	0
13	84	0
2	48	0
20	71	0
16	99	0
72	20	0
33	55	0
9	84	0
27	32	0
63	16	0
42	60	0
75	50	0
46	3	0
33	74	0
93	26	0
8	26	0
75	44	0
98	32	0
48	62	0
31	13	0
44	2	0
17	92	0
43	77	0
26	60	0
17	14	0
21	84	0
25	80	0
65	53	0
91	41	0
33	72	0
85	97	0
47	32	0
65	69	0
47	85	0
4	83	0
82	43	0
45	62	0
12	20	0
92	58	0
55	50	0
90	22	0
80	19	0
80	34	0
61	97	0
41	37	0
61	37	0
63	32	0
42	2	0
39	88	0
55	72	0
88	28	0
57	98	0
87	45	0
80	54	0
38	70	0
28	70	0
80	34	0
51	39	0
73	3	0
97	97	0
71	81	0
48	78	0
72	44	0
80	90	0
16	79	0
58	30	0
14	92	0
5	59	1
39	63	0
80	67	0
68	14	0
93	92	0
84	12	0
99	94	0
58	9	0
69	22	0
75	56	0
66	33	0
14	86	0
51	88	0
64	81	0
9	31	0
17	84	0
14	71	0
39	10	0
38	41	0
2	45	0
76	46	0
51	29	0
7	61	0
18	89	0
66	94	0
90	43	0
0	73	0
61	43	0
28	86	0
83	62	0
70	46	0
2	47	1
23	53	0
82	36	0
70	50	0
72	60	0
16	62	1
56	48	0
4	91	0
7	1	0
85	66	0
16	70	0
27	0	0
1	98	0
24	80	0
96	38	0
73	77	0
91	67	0
86	87	0
51	59	0
59	31	0
3	72	0
49	64	0
32	57	0
65	44	0
89	20	0
