94	70	0
29	27	0
61	99	0
14	8	0
88	32	0
83	99	0
43	81	0
71	42	0
3	82	0
2	2	0
18	90	0
94	47	0
69	73	0
31	35	0
80	87	0
99	48	0
44	99	0
38	79	1
66	75	0
43	16	0
77	65	0
82	88	0
82	84	0
2	28	0
77	14	0
72	67	0
27	93	1
86	23	0
70	93	0
51	63	0
74	74	0
98	54	0
97	21	0
21	75	1
89	83	0
36	5	0
5	73	1
41	87	0
76	48	0
29	13	0
98	84	0
83	84	0
95	14	0
98	16	0
22	38	0
59	87	0
8	85	0
89	0	0
64	95	0
3	29	0
77	84	0
93	29	0
30	83	1
59	93	0
81	18	0
28	85	1
24	11	0
93	5	0
75	35	0
45	79	0
78	25	0
52	52	0
82	28	0
14	98	0
43	80	0
96	67	0
73	93	0
5	64	0
49	91	0
94	50	0
69	19	1
47	38	0
31	8	0
70	60	0
8	83	0
95	28	0
43	65	0
88	55	0
91	2	0
74	98	0
75	83	0
6	28	0
66	81	0
84	72	0
80	43	0
20	98	0
70	38	0
89	52	0
91	30	0
99	35	0
16	54	0
3	15	0
98	58	0
52	91	0
42	77	0
54	91	0
71	33	0
71	68	0
78	80	0
83	66	0
24	22	0
18	11	0
80	56	0
95	5	0
26	99	0
24	42	0
70	73	0
59	83	0
53	80	0
40	3	0
50	82	0
64	79	0
81	54	0
21	92	0
90	81	0
0	77	0
18	54	0
77	85	0
90	75	0
47	68	0
61	42	0
85	40	0
29	90	1
51	71	0
25	43	0
56	80	0
42	28	0
92	83	0
29	98	0
88	5	0
78	34	0
67	88	0
67	78	0
60	69	0
21	33	0
20	67	0
55	90	0
80	69	0
42	92	0
54	85	0
75	18	1
42	92	0
25	27	0
76	64	0
61	46	0
72	71	0
76	38	0
11	88	0
56	53	0
93	39	0
66	36	0
48	19	0
88	28	0
63	74	0
77	99	0
84	70	0
94	21	0
98	33	0
99	70	0
28	86	1
68	73	0
53	89	0
79	20	0
14	83	0
93	5	0
19	38	0
31	94	1
28	89	0
83	70	0
73	77	0
91	48	0
84	55	0
46	83	0
91	65	0
55	4	0
44	25	0
82	45	0
32	72	0
65	75	0
75	67	0
82	5	0
94	51	0
98	34	0
70	62	0
71	87	0
57	8	0
5	90	0
7	89	0
95	61	0
72	59	0
80	13	0
98	77	0
21	13	0
32	98	0
51	93	0
89	1	0
87	3	0
99	31	0
78	30	0
73	36	0
5	7	0
15	89	0
45	89	0
50	64	1
91	45	0
68	96	0
99	87	0
69	37	0
74	81	0
74	18	1
9	3	0
32	5	0
34	24	0
82	40	0
80	21	0
9	47	0
26	22	0
89	82	0
93	70	0
80	19	0
97	9	0
65	1	0
84	13	1
35	14	0
98	88	0
26	80	0
2	97	0
34	39	0
72	40	0
67	68	0
60	80	0
87	83	0
67	28	0
76	80	0
99	33	0
86	67	0
67	52	0
94	72	0
63	14	0
95	8	0
29	47	0
67	97	0
98	36	0
25	85	1
99	36	0
74	94	0
93	34	0
64	15	0
48	50	0
58	93	0
75	87	0
21	83	0
92	84	0
1	99	0
91	1	0
93	16	0
57	81	0
14	98	0
79	41	0
92	69	0
27	0	0
49	91	0
39	79	1
56	74	0
0	24	0
91	35	0
97	3	0
76	95	0
15	23	0
75	32	0
68	81	0
11	29	0
46	84	0
83	52	0
28	94	1
83	10	0
80	14	1
92	67	0
11	77	0
63	17	0
84	94	0
34	97	0
66	57	0
4	37	0
64	88	0
61	50	0
92	45	0
73	49	0
72	57	0
4	45	0
91	66	0
24	94	1
86	64	0
8	95	0
80	84	0
37	19	0
70	61	0
65	94	0
54	94	0
89	55	0
72	0	0
2	72	0
68	40	0
27	99	0
89	24	0
94	44	0
74	33	0
86	73	0
45	93	0
59	99	0
28	93	0
99	84	0
71	82	0
19	0	0
8	85	0
77	83	0
58	91	0
58	57	1
68	31	0
85	61	0
99	5	0
86	9	0
94	88	0
65	84	0
83	19	0
86	14	0
70	93	0
30	96	0
83	9	0
96	0	0
74	27	0
8	52	0
13	94	0
18	99	0
89	83	0
85	96	0
83	92	0
85	70	0
75	75	0
8	90	0
29	19	0
7	5	0
43	40	0
93	22	0
80	39	0
65	60	0
60	12	0
85	82	0
67	80	0
84	54	0
75	61	0
23	11	0
98	38	0
65	91	0
47	41	0
21	89	0
74	96	0
96	70	0
20	75	0
37	67	0
69	75	0
50	98	0
11	46	0
80	69	0
93	51	0
87	69	0
33	76	0
59	85	0
91	20	0
83	7	0
12	80	0
36	89	0
92	75	0
75	75	0
0	94	0
9	78	0
80	93	0
30	19	0
3	80	0
69	82	0
60	63	0
82	86	0
5	86	0
74	47	0
17	5	0
56	91	0
6	91	0
2	16	0
91	64	0
84	12	0
78	21	0
81	15	1
14	19	0
14	51	0
73	32	0
68	76	0
33	85	1
62	57	1
89	81	0
83	42	0
74	76	0
58	59	1
75	80	0
0	60	0
84	60	0
65	32	0
92	43	0
90	90	0
82	72	0
67	54	1
55	56	1
43	77	0
96	76	0
92	8	0
52	76	0
2	97	0
68	26	0
67	14	0
79	18	1
73	15	1
79	26	0
28	32	0
57	91	0
61	60	0
34	83	0
67	92	0
89	59	0
86	30	0
85	69	0
87	93	0
92	47	0
86	96	0
33	86	0
74	77	0
77	45	0
47	84	0
88	79	0
80	72	0
92	26	0
54	79	0
80	22	0
59	41	0
89	89	0
89	53	0
20	87	0
31	94	1
85	29	0
75	33	0
95	42	0
86	8	0
95	82	0
83	17	0
81	34	0
12	85	0
17	97	0
50	33	0
29	64	0
50	80	0
64	4	0
11	93	0
75	50	0
16	11	0
20	60	0
75	71	0
72	61	0
81	68	0
84	46	0
72	64	0
86	50	0
6	45	0
94	87	0
65	59	0
46	93	0
5	73	1
91	16	0
49	94	0
20	87	0
98	43	0
65	27	0
21	12	0
27	37	0
10	62	1
84	56	0
95	33	0
24	14	0
48	5	0
51	76	0
99	83	0
14	4	0
46	77	0
63	26	0
88	70	0
72	65	0
64	82	0
11	48	0
98	48	0
89	64	0
2	84	0
32	92	1
0	98	0
53	34	0
90	21	0
9	20	0
90	33	0
78	12	0
44	33	0
13	97	0
59	83	0
19	78	1
25	28	0
27	95	1
57	57	1
79	46	0
66	83	0
19	88	0
71	41	0
8	4	0
81	58	0
88	30	0
81	32	0
69	30	0
53	88	0
37	99	0
81	38	0
59	96	0
70	63	0
83	47	0
63	93	0
90	41	0
94	99	0
83	81	0
53	90	0
91	15	0
77	76	0
63	27	0
27	91	1
89	56	0
85	99	0
83	14	0
97	95	0
84	23	0
78	67	0
10	94	0
78	94	0
74	77	0
5	17	0
13	93	0
10	73	1
85	29	0
26	96	0
57	82	0
80	33	0
79	48	0
19	99	0
83	44	0
92	51	0
76	47	0
86	29	0
0	87	0
13	8	0
62	79	0
13	58	0
27	9	0
5	94	0
99	45	0
80	89	0
89	54	0
85	78	0
74	46	0
3	74	0
76	21	0
96	39	0
