91	67	0
49	17	0
43	17	0
47	98	0
5	22	0
93	31	0
95	86	0
42	14	0
76	81	0
41	37	0
79	37	0
4	83	0
17	14	0
22	63	0
98	19	0
96	74	0
64	29	0
28	48	0
99	63	0
91	2	0
42	82	0
71	77	0
73	97	0
67	0	0
46	90	0
60	0	0
73	81	0
67	95	0
99	57	0
3	36	0
44	36	0
47	29	0
89	30	0
47	45	0
91	69	0
16	89	0
59	84	0
99	25	0
78	94	0
53	1	0
21	53	0
78	52	0
94	61	0
58	72	0
97	43	0
12	84	0
29	43	0
61	9	0
91	57	0
12	65	0
62	8	0
31	85	0
50	95	0
32	67	0
96	61	0
41	29	0
43	36	0
77	76	0
92	93	0
83	19	0
12	93	0
88	11	0
44	3	0
76	72	0
44	19	0
13	81	0
78	12	0
40	79	0
83	86	0
61	65	0
13	24	0
78	84	0
30	35	0
21	48	0
88	37	0
11	37	0
41	77	0
47	85	0
73	21	0
39	99	0
64	99	0
2	2	0
9	13	0
97	11	0
99	21	0
34	49	0
81	42	0
24	18	0
76	56	0
31	47	0
34	10	0
40	10	0
70	36	0
12	89	0
72	10	0
53	75	0
41	10	0
48	29	0
97	40	0
36	74	0
79	59	0
23	57	0
75	94	0
3	77	0
42	81	0
87	43	0
62	3	0
45	66	0
16	63	0
55	0	0
64	59	0
14	60	0
44	5	0
40	58	0
31	41	0
93	86	0
55	43	0
0	1	0
31	91	0
74	9	0
68	67	0
14	32	1
87	81	0
94	13	0
68	65	0
55	76	0
34	8	0
55	96	0
81	78	0
78	54	0
33	97	0
67	27	0
42	22	0
19	38	0
82	9	0
3	79	0
98	69	0
98	18	0
88	33	0
41	53	0
56	20	0
90	79	0
4	19	0
40	10	0
88	68	0
33	40	0
84	73	0
82	91	0
53	15	0
43	35	0
55	60	0
7	50	0
27	71	0
13	58	0
76	70	0
35	53	0
47	95	0
81	57	0
72	75	0
50	85	0
15	43	0
91	70	0
2	31	0
42	48	0
24	14	0
16	76	0
39	76	0
91	38	0
33	30	0
83	16	0
37	82	0
58	30	0
48	41	0
83	83	0
23	53	0
69	83	0
34	87	0
33	60	0
36	19	0
60	9	0
37	76	0
17	75	0
73	85	0
90	56	0
15	83	0
19	33	0
97	67	0
31	60	0
29	91	0
49	88	0
42	50	0
33	9	0
18	38	0
66	82	0
83	94	0
56	86	0
78	24	0
2	74	0
51	4	0
79	19	0
70	26	0
76	24	0
23	57	0
3	66	0
55	62	0
76	36	0
34	69	0
94	26	0
39	91	0
32	66	0
34	17	0
75	73	0
30	56	0
34	10	0
6	96	0
68	12	0
99	86	0
85	90	0
94	15	0
3	77	0
12	68	0
95	46	0
52	72	0
38	47	0
52	62	0
59	71	0
47	56	0
9	74	0
31	64	0
69	7	0
1	63	0
62	96	0
83	47	0
44	87	0
86	59	0
47	10	0
44	65	0
19	80	0
38	95	0
61	32	0
64	32	0
21	33	0
96	64	0
73	40	0
80	62	0
8	73	0
55	18	0
5	89	0
71	59	0
55	45	0
69	51	0
53	16	0
1	54	0
83	39	0
54	10	0
75	64	0
45	85	0
75	40	0
96	39	0
99	3	0
2	68	0
87	71	0
21	97	0
95	63	0
45	91	0
61	29	0
49	0	0
23	91	0
67	36	0
41	59	0
44	77	0
48	5	0
23	88	0
71	94	0
87	81	0
69	36	0
88	69	0
12	88	0
50	48	0
52	9	0
69	26	0
32	14	0
35	1	0
48	8	0
60	50	0
71	35	0
34	55	0
33	48	0
45	62	0
69	87	0
87	84	0
58	83	0
87	17	0
84	54	0
81	11	0
22	52	0
31	12	0
87	38	0
62	25	0
70	70	0
7	38	0
49	73	0
54	24	0
25	94	0
32	96	0
20	72	0
91	66	0
44	30	0
40	8	0
25	60	0
91	56	0
71	17	0
80	88	0
19	8	0
69	92	0
10	78	0
48	83	0
40	33	0
1	53	0
79	6	0
22	29	0
90	16	0
47	18	0
11	3	1
82	12	0
31	44	0
18	49	0
83	23	0
91	54	0
0	25	0
26	32	0
1	64	0
38	84	0
19	86	0
3	7	1
46	86	0
57	70	0
49	42	0
66	23	0
47	91	0
39	69	0
88	99	0
40	32	0
15	47	0
20	39	0
57	72	0
81	90	0
47	21	0
86	9	0
30	3	0
63	1	0
59	14	0
21	43	0
74	63	0
69	2	0
18	35	0
45	17	0
57	46	0
45	50	0
24	61	0
86	81	0
74	50	0
15	58	0
50	35	0
97	10	0
58	7	0
61	18	0
58	43	0
25	30	0
7	71	0
71	75	0
16	81	0
36	87	0
21	97	0
50	28	0
41	43	0
86	57	0
76	40	0
7	82	0
75	80	0
62	87	0
16	33	1
75	27	0
60	98	0
73	3	0
87	59	0
80	51	0
30	14	0
42	44	0
35	45	0
89	82	0
2	6	0
72	22	0
94	3	0
18	39	0
30	95	0
66	70	0
87	3	0
5	57	0
98	32	0
43	98	0
77	15	0
66	49	0
48	55	0
45	40	0
29	40	0
43	37	0
70	85	0
76	38	0
38	37	0
77	66	0
23	57	0
16	91	0
91	89	0
34	35	0
1	80	0
63	25	0
89	15	0
80	44	0
14	59	0
66	47	0
39	33	0
48	44	0
1	99	0
69	20	0
50	11	0
88	54	0
49	24	0
27	84	0
20	2	0
73	47	0
70	98	0
1	78	0
41	56	0
47	76	0
56	27	0
20	99	0
16	46	0
31	39	0
59	17	0
87	25	0
89	21	0
86	87	0
19	60	0
31	23	0
30	32	0
83	18	0
56	59	0
70	89	0
16	38	0
70	98	0
86	64	0
35	72	0
68	6	0
70	40	0
76	20	0
75	10	0
44	23	0
44	34	0
94	4	0
81	28	0
1	71	0
87	11	0
99	98	0
2	99	0
89	55	0
55	46	0
22	16	0
96	85	0
68	60	0
12	97	0
64	30	0
80	40	0
80	52	0
80	61	0
32	70	0
72	76	0
41	98	0
79	71	0
21	30	0
33	98	0
96	82	0
34	35	0
27	38	0
66	80	0
58	92	0
43	69	0
59	98	0
55	52	0
37	65	0
29	68	0
84	24	0
20	94	0
86	50	0
26	91	0
50	65	0
44	75	0
84	34	0
34	32	0
21	50	0
53	24	0
92	66	0
69	21	0
87	97	0
73	99	0
37	52	0
68	1	0
30	46	0
37	89	0
36	30	0
50	67	0
69	81	0
27	22	0
83	98	0
38	24	0
23	20	0
63	40	0
28	77	0
45	14	0
6	53	0
87	85	0
58	86	0
53	45	0
79	10	0
50	71	0
42	51	0
98	59	0
88	3	0
1	71	0
78	0	0
69	73	0
75	33	0
37	15	0
34	70	0
84	79	0
25	68	0
53	81	0
77	23	0
12	64	0
70	18	0
45	61	0
60	96	0
32	91	0
86	5	0
91	23	0
62	12	0
34	85	0
13	87	0
5	85	0
73	41	0
67	63	0
70	83	0
18	49	0
75	33	0
66	66	0
87	74	0
56	60	0
19	63	0
24	63	0
40	26	0
46	27	0
1	44	0
47	65	0
40	46	0
95	29	0
76	31	0
78	0	0
86	42	0
54	69	0
23	55	0
57	28	0
89	76	0
64	87	0
94	69	0
16	49	0
58	73	0
65	50	0
30	54	0
76	34	0
20	50	0
39	22	0
80	51	0
82	97	0
57	55	0
17	64	0
48	6	0
50	63	0
29	84	0
44	27	0
86	80	0
93	72	0
17	98	0
55	71	0
10	74	0
73	60	0
34	52	0
49	59	0
36	75	0
61	72	0
18	27	1
9	64	0
96	79	0
72	54	0
96	56	0
27	61	0
50	86	0
58	27	0
94	30	0
36	48	0
98	10	0
19	90	0
27	30	0
32	73	0
86	56	0
20	44	0
81	69	0
18	97	0
9	72	0
12	6	1
90	86	0
42	32	0
4	69	0
80	85	0
50	64	0
81	68	0
26	94	0
99	36	0
31	5	0
35	84	0
33	76	0
34	20	0
24	37	0
3	17	0
82	73	0
92	4	0
60	6	0
73	13	0
98	46	0
33	9	0
29	49	0
99	41	0
8	55	0
59	81	0
3	59	0
17	75	0
76	56	0
48	93	0
80	48	0
72	83	0
28	34	0
79	66	0
39	58	0
84	48	0
14	75	0
46	36	0
32	74	0
82	32	0
59	35	0
99	78	0
97	97	0
86	82	0
32	69	0
17	32	0
59	38	0
45	75	0
34	15	0
25	3	0
38	72	0
18	40	0
60	2	0
70	82	0
74	64	0
90	14	0
5	49	0
65	87	0
1	95	0
54	10	0
66	53	0
68	18	0
37	18	0
24	34	0
39	14	0
72	9	0
40	87	0
55	31	0
29	81	0
74	15	0
32	45	0
49	63	0
76	22	0
90	69	0
61	71	0
34	67	0
50	88	0
74	83	0
82	48	0
22	65	0
74	77	0
63	95	0
18	43	0
22	53	0
99	35	0
33	89	0
96	86	0
70	87	0
47	0	0
58	57	0
90	56	0
68	82	0
85	51	0
95	78	0
82	28	0
10	63	0
7	57	0
70	88	0
75	40	0
53	62	0
58	9	0
31	13	0
85	68	0
25	33	0
13	62	0
44	52	0
53	37	0
38	19	0
48	29	0
14	83	0
23	38	0
9	63	0
15	72	0
73	44	0
18	21	0
64	13	0
98	27	0
80	0	0
57	75	0
5	57	0
62	30	0
50	34	0
59	81	0
93	14	0
33	43	0
54	61	0
54	80	0
18	97	0
39	66	0
38	85	0
28	27	0
75	83	0
43	49	0
33	85	0
62	32	0
13	43	0
61	61	0
59	25	0
29	75	0
82	39	0
55	42	0
46	45	0
31	14	0
9	63	0
77	71	0
73	63	0
41	43	0
85	61	0
86	74	0
74	27	0
60	8	0
79	78	0
76	13	0
6	68	0
73	77	0
39	20	0
70	39	0
17	66	0
15	88	0
39	91	0
29	54	0
99	29	0
20	54	0
50	97	0
17	88	0
99	69	0
56	60	0
82	40	0
21	1	0
51	20	0
59	3	0
11	79	0
62	56	0
82	64	0
72	46	0
16	1	0
24	45	0
70	12	0
7	81	0
78	1	0
46	67	0
47	23	0
78	92	0
3	24	0
19	90	0
97	53	0
33	12	0
98	82	0
58	63	0
75	50	0
46	26	0
89	31	0
92	74	0
6	66	0
1	79	0
19	53	0
10	88	0
1	91	0
80	26	0
43	41	0
5	93	0
54	10	0
69	7	0
44	52	0
74	45	0
47	22	0
26	64	0
27	26	0
84	14	0
13	43	0
85	62	0
93	5	0
58	56	0
28	17	0
54	10	0
12	94	0
54	76	0
38	63	0
38	15	0
4	84	0
6	87	0
69	54	0
92	40	0
41	28	0
28	79	0
97	93	0
52	32	0
58	76	0
65	87	0
0	79	0
74	24	0
57	61	0
23	37	0
97	75	0
44	66	0
97	17	0
74	12	0
88	20	0
79	94	0
42	63	0
38	78	0
82	21	0
29	8	0
63	97	0
67	75	0
18	48	0
71	41	0
66	92	0
81	11	0
97	54	0
28	77	0
59	50	0
32	33	0
84	21	0
31	47	0
67	1	0
92	98	0
76	64	0
53	80	0
80	24	0
75	73	0
8	88	0
38	5	0
14	94	0
3	64	0
64	69	0
68	94	0
75	9	0
94	98	0
82	13	0
81	77	0
64	5	0
85	37	0
83	43	0
52	36	0
12	76	0
55	89	0
56	77	0
17	53	0
7	38	0
33	97	0
11	63	0
41	1	0
30	50	0
13	61	0
44	34	0
0	40	0
96	54	0
53	22	0
12	48	0
26	87	0
77	80	0
1	1	0
91	63	0
15	69	0
62	42	0
32	57	0
90	50	0
57	42	0
1	9	0
2	51	0
23	59	0
91	64	0
71	51	0
96	65	0
5	57	0
73	60	0
8	78	0
3	20	0
86	57	0
27	62	0
39	11	0
36	30	0
11	83	0
32	87	0
2	4	1
81	44	0
70	68	0
76	57	0
73	77	0
39	76	0
45	23	0
2	69	0
52	72	0
37	43	0
59	52	0
87	13	0
