3	26	1
90	57	0
53	13	0
44	23	0
51	94	0
4	42	0
84	34	0
89	75	0
1	13	0
48	14	0
70	95	0
42	41	0
68	47	0
4	93	0
32	8	0
14	54	0
93	2	0
80	78	0
64	32	0
29	57	0
97	58	0
99	4	0
45	77	0
73	78	0
82	89	0
80	2	0
19	97	0
64	19	0
73	70	0
64	84	0
96	57	0
4	46	0
29	26	0
48	20	0
77	17	0
45	51	0
86	82	0
11	96	0
65	66	0
96	18	0
84	96	0
42	18	0
32	62	0
65	50	0
93	51	0
57	85	0
97	49	0
15	98	0
26	47	0
61	12	0
92	44	0
27	68	0
61	8	0
37	85	0
67	96	0
25	62	0
92	64	0
48	14	0
34	56	0
77	71	0
97	93	0
75	4	0
19	99	0
89	2	0
45	14	0
89	60	0
47	22	0
13	93	0
88	2	0
33	81	0
87	79	0
55	49	0
23	36	0
84	72	0
19	35	0
28	48	0
88	41	0
19	10	0
6	39	0
50	86	0
64	98	0
70	18	0
49	99	0
73	96	0
8	8	0
13	30	0
87	12	0
86	14	0
54	46	0
85	37	0
24	22	0
77	50	0
49	54	0
31	6	0
34	9	0
66	57	0
25	84	0
49	2	0
45	82	0
43	1	0
37	34	0
84	32	0
46	68	0
62	47	0
16	84	0
70	80	0
2	84	0
47	96	0
87	48	0
67	19	0
53	81	0
1	44	0
61	6	0
51	75	0
7	86	0
37	8	0
23	51	0
18	30	0
86	85	0
6	24	0
40	26	0
0	0	0
35	98	0
92	7	0
65	55	0
3	36	0
73	85	0
91	19	0
59	66	0
53	87	0
32	24	0
65	96	0
16	19	0
76	83	0
67	49	0
24	98	0
78	28	0
43	36	0
18	24	0
64	5	0
10	8	0
8	82	0
16	3	0
99	89	0
97	14	0
81	38	0
52	62	0
63	20	0
86	89	0
0	7	0
36	14	0
19	8	0
83	72	0
44	37	0
88	75	0
86	79	0
51	27	0
56	32	0
79	50	0
1	52	0
26	74	0
18	60	0
90	74	0
50	59	0
38	92	0
96	43	0
71	78	0
49	84	0
25	44	0
99	76	0
1	45	0
35	36	0
20	30	0
27	75	0
32	65	0
94	17	0
53	34	0
74	9	0
46	76	0
65	20	0
59	37	0
76	73	0
26	53	0
66	56	0
31	97	0
31	65	0
30	3	0
62	22	0
24	99	0
5	76	0
65	73	0
81	44	0
18	87	0
16	46	0
88	74	0
27	46	0
36	76	0
34	90	0
59	38	0
32	4	0
22	47	0
78	90	0
96	80	0
64	95	0
72	15	0
10	53	0
62	5	0
57	27	0
56	28	0
73	7	0
25	62	0
17	76	0
45	62	0
68	31	0
27	75	0
83	25	0
60	83	0
32	74	0
25	14	0
92	79	0
31	77	0
46	3	0
4	86	0
83	21	0
95	72	0
84	86	0
84	30	0
1	80	0
16	77	0
99	46	0
62	69	0
42	46	0
42	71	0
72	73	0
43	66	0
18	78	0
37	67	0
69	1	0
3	59	0
68	99	0
66	34	0
24	89	0
88	69	0
44	15	0
40	64	0
15	75	0
33	94	0
66	29	0
68	16	0
21	39	0
97	57	0
60	43	0
74	40	0
9	88	0
54	12	0
21	76	0
69	66	0
63	61	0
70	55	0
61	2	0
21	6	0
5	55	0
83	54	0
55	16	0
74	55	0
45	91	0
59	49	0
93	35	0
92	12	0
20	57	0
91	72	0
13	81	0
19	26	0
93	50	0
38	96	0
46	41	0
51	2	0
20	91	0
71	32	0
37	48	0
34	73	0
43	5	0
19	74	0
87	88	0
86	75	0
58	37	0
80	66	0
16	86	0
48	43	0
66	0	0
67	22	0
32	26	0
54	5	0
57	16	0
52	29	0
71	29	0
33	49	0
27	42	0
54	42	0
68	67	0
87	86	0
44	98	0
72	6	0
93	56	0
66	14	0
13	63	0
17	11	0
87	35	0
61	30	0
77	68	0
15	43	0
53	61	0
62	12	0
34	91	0
31	83	0
49	77	0
95	50	0
47	25	0
53	1	0
27	40	0
77	45	0
73	8	0
68	93	0
29	4	0
68	89	0
8	69	0
42	78	0
36	23	0
4	55	0
8	16	0
82	5	0
29	41	0
75	13	0
37	8	0
2	6	0
78	16	0
24	65	0
27	48	0
94	26	0
79	53	0
13	34	0
22	40	0
1	57	0
38	87	0
12	72	0
13	0	0
31	92	0
56	58	0
43	13	0
13	13	0
52	32	0
47	79	0
35	69	0
81	97	0
28	31	0
21	58	0
33	46	0
57	71	0
77	99	0
49	13	0
67	1	0
30	10	0
49	13	0
56	10	0
16	57	0
81	50	0
63	3	0
23	49	0
60	3	0
55	62	0
44	52	0
40	54	0
80	81	0
74	45	0
21	65	0
53	51	0
23	16	0
97	12	0
44	0	0
59	29	0
60	26	0
24	42	0
15	75	0
56	73	0
14	70	0
38	93	0
31	82	0
38	29	0
38	33	0
88	56	0
65	35	0
13	71	0
73	76	0
9	26	1
64	91	0
30	30	0
66	18	0
66	88	0
73	2	0
91	61	0
72	41	0
43	25	0
39	40	0
36	38	0
91	79	0
14	18	0
64	24	0
81	4	0
13	54	0
43	80	0
75	74	0
73	9	0
3	61	0
95	42	0
56	94	0
4	21	0
67	3	0
53	59	0
35	70	0
61	47	0
18	34	0
54	38	0
68	88	0
60	54	0
36	27	0
79	69	0
24	45	0
20	80	0
81	86	0
48	19	0
6	80	0
68	13	0
91	25	0
68	36	0
21	60	0
65	19	0
23	23	0
66	48	0
16	93	0
67	52	0
49	4	0
83	55	0
38	28	0
29	77	0
42	4	0
78	42	0
10	5	0
62	97	0
16	92	0
29	34	0
54	62	0
60	32	0
10	89	0
12	38	0
22	47	0
57	6	0
91	35	0
67	22	0
84	96	0
30	67	0
20	27	0
40	24	0
38	28	0
90	9	0
52	60	0
81	78	0
30	42	0
61	94	0
69	61	0
46	81	0
76	6	0
71	49	0
75	15	0
66	16	0
44	24	0
30	31	0
94	10	0
62	21	0
5	74	0
92	3	0
98	83	0
9	96	0
10	26	0
87	65	0
43	50	0
29	2	0
89	83	0
82	64	0
25	96	0
68	33	0
77	43	0
90	60	0
11	21	0
85	82	0
27	78	0
76	74	0
29	97	0
98	65	0
32	48	0
20	85	0
99	81	0
37	28	0
26	35	0
72	70	0
63	95	0
45	74	0
13	13	0
44	76	0
61	61	0
37	65	0
35	72	0
83	22	0
16	90	0
81	49	0
21	76	0
39	67	0
43	75	0
92	31	0
45	32	0
19	46	0
0	21	0
69	42	0
97	76	0
55	19	0
78	95	0
74	96	0
29	36	0
47	18	0
21	53	0
25	75	0
8	24	1
36	31	0
49	71	0
61	86	0
32	33	0
73	83	0
58	32	0
38	10	0
67	35	0
23	75	0
46	12	0
10	56	0
97	84	0
59	99	0
49	54	0
77	9	0
42	62	0
5	29	1
3	24	1
43	50	0
92	61	0
91	0	0
2	67	0
77	11	0
88	87	0
70	20	0
29	1	0
24	66	0
73	69	0
37	84	0
51	80	0
82	22	0
19	74	0
60	21	0
64	79	0
60	93	0
31	90	0
94	12	0
90	16	0
66	16	0
44	88	0
9	98	0
3	88	0
75	64	0
72	60	0
95	64	0
8	47	0
88	49	0
65	61	0
10	16	0
78	66	0
62	72	0
23	48	0
12	66	0
41	27	0
43	41	0
14	60	0
61	50	0
46	55	0
94	43	0
79	34	0
79	6	0
68	36	0
55	91	0
3	22	1
13	19	0
22	53	0
77	54	0
99	83	0
73	73	0
99	79	0
22	42	0
51	74	0
57	39	0
36	64	0
80	45	0
1	32	0
22	72	0
43	24	0
79	67	0
64	96	0
50	64	0
6	23	1
29	67	0
30	11	0
79	66	0
26	76	0
51	36	0
87	80	0
97	84	0
10	99	0
40	53	0
12	74	0
79	80	0
37	46	0
58	59	0
45	82	0
80	69	0
25	30	0
18	59	0
86	79	0
74	60	0
89	52	0
43	84	0
54	80	0
65	31	0
34	20	0
86	29	0
44	26	0
88	4	0
19	86	0
18	27	0
1	15	0
39	93	0
93	73	0
23	38	0
94	50	0
15	99	0
19	70	0
25	0	0
97	92	0
25	24	0
7	81	0
74	98	0
43	65	0
84	70	0
25	79	0
83	28	0
22	27	0
37	80	0
28	68	0
31	22	0
26	34	0
22	38	0
98	62	0
85	14	0
52	13	0
75	6	0
91	48	0
35	13	0
51	29	0
90	33	0
7	52	0
43	90	0
12	52	0
15	83	0
81	58	0
54	96	0
57	46	0
75	82	0
41	24	0
92	75	0
39	67	0
94	47	0
9	69	0
63	47	0
23	67	0
72	34	0
6	30	0
59	38	0
88	78	0
86	85	0
88	93	0
24	80	0
19	42	0
49	44	0
45	62	0
35	28	0
22	14	0
36	61	0
11	54	0
61	6	0
75	82	0
81	53	0
91	9	0
14	44	0
6	4	0
81	90	0
10	78	0
50	25	0
54	36	0
73	16	0
16	1	0
56	11	0
12	42	0
1	37	0
49	14	0
51	3	0
1	27	1
32	79	0
63	23	0
35	95	0
82	6	0
35	41	0
53	65	0
69	16	0
93	61	0
58	65	0
44	65	0
45	99	0
82	95	0
18	15	0
93	58	0
15	59	0
87	73	0
57	82	0
16	34	0
18	58	0
98	45	0
28	80	0
90	97	0
68	83	0
46	2	0
38	56	0
82	53	0
36	88	0
70	46	0
87	71	0
71	28	0
12	64	0
14	58	0
89	89	0
72	37	0
59	65	0
57	5	0
12	18	0
77	62	0
33	28	0
13	66	0
39	55	0
52	51	0
34	6	0
60	32	0
3	79	0
20	49	0
12	64	0
3	51	0
83	63	0
25	20	0
55	21	0
98	17	0
85	6	0
51	62	0
0	73	0
60	30	0
33	25	0
11	13	0
17	19	0
75	64	0
67	25	0
35	36	0
42	74	0
55	75	0
12	87	0
29	70	0
53	82	0
25	43	0
77	96	0
54	32	0
39	84	0
21	10	0
53	13	0
10	41	0
61	45	0
71	12	0
31	75	0
86	65	0
66	54	0
49	50	0
41	12	0
0	74	0
78	71	0
67	52	0
48	42	0
74	65	0
71	77	0
70	41	0
65	10	0
95	76	0
82	12	0
1	75	0
73	61	0
1	29	0
6	27	1
27	0	0
51	32	0
0	7	0
6	47	0
25	72	0
32	98	0
35	49	0
99	31	0
5	47	0
58	91	0
24	82	0
6	29	1
98	61	0
38	65	0
8	22	0
85	50	0
24	0	0
60	22	0
60	4	0
16	5	0
25	81	0
45	58	0
85	74	0
68	45	0
10	4	0
33	31	0
52	7	0
9	27	0
2	74	0
74	7	0
41	64	0
52	42	0
68	95	0
16	41	0
14	93	0
92	47	0
23	22	0
93	81	0
59	61	0
67	33	0
49	32	0
96	21	0
89	64	0
20	58	0
14	91	0
29	42	0
1	89	0
2	95	0
88	18	0
37	53	0
3	93	0
53	3	0
66	8	0
45	51	0
26	16	0
67	42	0
42	25	0
11	86	0
26	34	0
59	3	0
7	43	0
95	50	0
98	8	0
53	52	0
34	3	0
40	26	0
18	97	0
62	78	0
25	63	0
9	11	0
42	24	0
6	79	0
0	70	0
66	48	0
77	47	0
55	35	0
13	75	0
23	30	0
84	76	0
67	28	0
50	78	0
65	93	0
27	15	0
10	90	0
67	18	0
62	78	0
38	44	0
95	69	0
35	74	0
99	18	0
83	20	0
99	23	0
84	89	0
41	55	0
23	75	0
73	12	0
38	2	0
66	80	0
63	78	0
19	43	0
67	52	0
60	81	0
77	24	0
92	51	0
8	68	0
58	47	0
25	30	0
93	27	0
67	39	0
67	14	0
93	95	0
77	72	0
51	73	0
78	36	0
59	67	0
13	97	0
28	8	0
5	92	0
17	77	0
55	62	0
64	96	0
79	12	0
90	94	0
78	2	0
11	4	0
89	72	0
68	11	0
98	26	0
79	66	0
52	42	0
15	59	0
62	86	0
64	70	0
2	48	0
12	41	0
42	94	0
4	80	0
55	2	0
45	45	0
8	65	0
35	30	0
17	32	0
11	43	0
99	52	0
51	36	0
3	47	0
27	90	0
85	67	0
1	14	0
84	95	0
28	77	0
62	44	0
41	59	0
97	43	0
62	43	0
2	8	0
9	10	0
2	51	0
15	54	0
96	77	0
75	49	0
99	67	0
11	54	0
78	62	0
20	80	0
0	3	0
74	78	0
4	17	0
26	66	0
36	5	0
30	28	0
6	71	0
45	89	0
2	7	0
67	46	0
51	58	0
80	62	0
82	79	0
41	90	0
36	23	0
6	67	0
4	13	0
37	69	0
50	46	0
59	56	0
82	15	0
