98	63	0
55	9	0
37	24	0
45	98	0
7	28	0
91	29	0
90	78	0
11	5	1
47	10	0
70	94	0
42	38	0
80	37	0
2	82	0
21	7	0
17	68	0
96	12	0
96	82	0
61	29	0
26	59	0
98	69	0
91	1	0
42	76	0
73	83	0
75	94	0
67	5	0
37	99	0
54	9	0
77	82	0
72	89	0
96	54	0
5	37	0
31	34	0
38	27	0
81	25	0
39	44	0
88	70	0
12	94	0
66	77	0
93	24	0
80	91	0
45	6	0
27	49	0
71	54	0
97	54	0
56	74	0
98	47	0
14	92	0
40	47	0
58	14	0
85	48	0
19	65	0
55	11	0
30	91	0
53	87	0
27	62	0
94	74	0
42	26	0
35	48	0
85	79	0
99	92	0
85	12	0
11	96	0
96	7	0
50	6	0
94	70	0
39	29	0
22	82	0
81	6	0
33	78	0
86	77	0
60	55	0
19	28	0
80	88	0
30	40	0
15	47	0
85	35	0
18	34	0
36	80	0
57	87	0
74	23	0
43	98	0
63	99	0
1	9	0
12	16	0
93	22	0
98	21	0
37	57	0
82	45	0
19	29	0
77	56	0
39	53	0
33	9	0
36	2	0
70	47	0
20	88	0
57	7	0
49	72	0
45	6	0
40	26	0
92	43	0
43	61	0
65	49	0
16	74	0
75	87	0
9	77	0
45	77	0
85	49	0
62	7	0
54	70	0
7	60	0
60	6	0
53	60	0
8	69	0
49	3	0
31	57	0
20	37	0
86	84	0
50	42	0
0	3	0
22	99	0
81	0	0
66	71	0
12	34	0
83	78	0
94	13	0
65	70	0
54	86	0
29	18	0
61	87	0
21	24	1
77	84	0
67	54	0
36	99	0
74	35	0
36	24	0
22	36	0
84	0	0
3	72	0
93	73	0
92	14	0
92	34	0
44	58	0
62	11	0
92	90	0
7	8	0
42	12	0
81	82	0
35	44	0
96	70	0
85	74	0
55	25	0
49	37	0
61	62	0
5	50	0
28	82	0
18	59	0
80	74	0
53	73	0
45	99	0
79	51	0
69	79	0
50	81	0
25	48	0
87	78	0
1	39	0
36	38	0
24	25	0
21	75	0
38	71	0
98	19	0
42	32	0
74	13	0
34	84	0
68	23	0
49	33	0
77	77	0
25	52	0
61	68	0
39	98	0
39	61	0
36	8	0
70	12	0
37	86	0
11	76	0
71	87	0
92	56	0
16	88	0
34	34	0
99	68	0
28	57	0
36	82	0
41	94	0
52	46	0
34	10	0
17	40	0
73	89	0
86	98	0
61	88	0
79	16	0
5	68	0
59	2	0
66	10	0
71	21	0
83	21	0
33	60	0
3	74	0
56	59	0
74	37	0
30	76	0
89	19	0
54	87	0
33	64	0
28	13	0
85	74	0
31	67	0
39	11	0
1	91	0
73	14	0
96	82	0
84	94	0
85	20	0
5	80	0
15	77	0
95	48	0
49	74	0
35	46	0
49	78	0
58	76	0
49	60	0
6	79	0
32	66	0
61	10	0
4	67	0
71	98	0
70	43	0
36	93	0
89	56	0
39	14	0
40	51	0
15	78	0
39	95	0
53	33	0
68	29	0
17	30	0
90	68	0
76	44	0
83	52	0
8	82	0
54	13	0
14	81	0
68	67	0
57	44	0
66	51	0
56	8	0
10	8	1
0	54	0
76	46	0
50	10	0
74	62	0
49	86	0
63	48	0
96	26	0
90	4	0
3	64	0
90	70	0
21	98	0
92	62	0
40	89	0
58	33	0
45	0	0
19	92	0
68	33	0
39	54	0
43	78	0
50	3	0
26	93	0
71	92	0
86	83	0
67	26	0
94	72	0
8	85	0
43	37	0
58	1	0
66	21	0
36	22	0
41	5	0
52	11	0
55	49	0
72	33	0
39	50	0
25	49	0
51	56	0
70	81	0
87	73	0
56	89	0
81	14	0
98	51	0
77	2	0
9	55	0
32	5	0
89	35	0
47	23	0
75	74	0
5	41	0
48	73	0
55	22	0
25	97	0
32	87	0
29	73	0
97	61	0
46	28	0
38	0	0
24	54	0
90	54	0
81	23	0
71	97	0
16	11	0
60	91	0
9	77	0
42	85	0
34	33	0
7	55	0
81	8	0
22	30	0
82	12	0
45	12	0
12	2	0
83	5	0
31	48	0
14	41	0
85	28	0
93	62	0
10	26	0
26	29	0
0	55	0
32	87	0
15	73	0
7	6	0
37	91	0
43	64	0
40	34	0
64	24	0
46	83	0
38	69	0
81	97	0
39	24	0
19	45	0
33	36	0
58	78	0
82	99	0
55	14	0
80	1	0
34	5	0
47	8	0
63	8	0
19	44	0
80	60	0
64	1	0
20	42	0
58	4	0
54	55	0
49	53	0
27	63	0
78	81	0
65	51	0
19	56	0
55	36	0
20	15	1
97	9	0
51	9	0
66	19	0
54	40	0
23	36	0
9	70	0
68	75	0
16	78	0
34	95	0
21	97	0
49	22	0
32	32	0
89	61	0
62	45	0
5	78	0
79	81	0
62	91	0
25	34	0
74	26	0
62	96	0
71	0	0
91	62	0
79	46	0
32	18	0
39	49	0
38	49	0
90	80	0
9	19	0
76	27	0
86	9	0
11	50	0
31	91	0
72	77	0
83	5	0
4	70	0
97	36	0
44	92	0
73	7	0
62	54	0
41	51	0
54	47	0
31	41	0
48	39	0
75	79	0
74	53	0
43	29	0
74	68	0
24	52	0
23	93	0
82	84	0
43	23	0
4	72	0
64	15	0
85	17	0
72	43	0
17	58	0
62	33	0
28	37	0
53	40	0
4	97	0
61	32	0
55	10	0
89	52	0
43	23	0
30	80	0
29	6	0
81	51	0
6	3	0
64	97	0
2	89	0
37	44	0
54	85	0
56	31	0
17	99	0
20	43	0
23	41	0
60	16	0
93	32	0
84	19	0
88	96	0
20	60	0
35	13	0
33	30	0
83	22	0
52	61	0
71	86	0
19	36	0
70	99	0
86	70	0
37	80	0
70	9	0
74	38	0
84	15	0
72	17	0
45	21	0
40	33	0
95	3	0
68	28	0
4	63	0
92	14	0
90	95	0
11	93	0
89	64	0
43	48	0
21	8	0
95	85	0
79	56	0
26	96	0
66	23	0
78	47	0
91	56	0
83	67	0
33	79	0
79	80	0
36	92	0
84	74	0
36	40	0
23	91	0
99	85	0
34	35	0
26	41	0
66	69	0
61	94	0
51	67	0
49	93	0
57	58	0
34	62	0
28	62	0
83	21	0
15	90	0
82	52	0
20	88	0
41	55	0
44	77	0
82	27	0
25	29	0
18	46	0
65	39	0
98	77	0
66	14	0
86	95	0
71	96	0
34	43	0
61	10	0
30	46	0
25	86	0
39	34	0
57	69	0
70	79	0
38	22	0
78	93	0
47	31	0
37	18	0
64	41	0
26	78	0
44	13	0
2	61	0
91	80	0
58	91	0
53	45	0
81	13	0
46	73	0
45	52	0
99	57	0
93	0	0
0	75	0
73	4	0
76	77	0
70	28	0
32	2	0
36	68	0
81	78	0
39	72	0
53	75	0
78	22	0
14	66	0
65	11	0
43	64	0
60	97	0
31	92	0
98	5	0
88	19	0
59	9	0
38	90	0
19	92	0
6	88	0
76	52	0
72	63	0
81	66	0
19	44	0
80	45	0
68	61	0
88	73	0
65	59	0
25	54	0
18	74	0
37	26	0
44	42	0
4	48	0
53	65	0
41	41	0
98	34	0
79	33	0
72	1	0
78	33	0
50	80	0
18	16	1
15	47	0
63	35	0
90	74	0
63	83	0
96	74	0
24	50	0
51	69	0
60	54	0
25	58	0
92	39	0
27	62	0
40	25	0
89	50	0
73	99	0
61	53	0
21	64	0
46	0	0
64	69	0
30	82	0
41	28	0
76	78	0
91	73	0
20	97	0
54	67	0
12	71	0
76	66	0
35	56	0
49	65	0
40	80	0
61	69	0
24	36	0
14	65	0
90	79	0
78	51	0
95	59	0
30	74	0
54	80	0
69	30	0
20	17	1
86	22	0
42	37	0
95	12	0
12	88	0
30	36	0
29	76	0
84	54	0
22	40	0
95	64	0
12	97	0
9	74	0
21	5	0
98	94	0
37	27	0
1	79	0
78	89	0
38	62	0
75	77	0
32	89	0
97	31	0
33	16	0
38	85	0
32	76	0
36	13	0
23	38	0
5	24	0
89	71	0
92	11	0
57	10	0
73	9	0
96	40	0
32	7	0
37	41	0
98	40	0
13	57	0
42	88	0
3	45	0
15	79	0
76	58	0
50	95	0
65	45	0
74	76	0
36	33	0
75	65	0
35	60	0
89	44	0
14	71	0
57	33	0
37	70	0
74	34	0
58	42	0
97	81	0
94	98	0
84	86	0
17	82	0
19	32	0
52	51	0
49	71	0
30	20	0
18	4	0
32	70	0
9	40	0
65	7	0
65	83	0
84	62	0
93	19	0
11	45	0
9	3	1
79	96	0
7	98	0
50	8	0
55	53	0
69	10	0
11	6	1
44	21	0
20	36	0
45	17	0
64	6	0
40	84	0
56	22	0
28	97	0
77	3	0
30	41	0
54	73	0
74	23	0
90	72	0
65	78	0
35	70	0
50	90	0
77	90	0
8	16	1
84	55	0
19	62	0
84	75	0
59	95	0
11	34	0
16	55	0
92	47	0
34	88	0
97	95	0
68	85	0
47	4	0
50	48	0
85	56	0
61	88	0
76	49	0
97	71	0
90	30	0
15	62	0
3	57	0
72	89	0
76	40	0
51	58	0
57	9	0
32	20	0
77	76	0
26	36	0
11	66	0
42	44	0
59	43	0
33	13	0
58	29	0
11	85	0
19	40	0
13	59	0
8	72	0
75	53	0
22	25	0
59	14	0
90	24	0
80	3	0
57	69	0
2	65	0
63	30	0
46	34	0
67	76	0
78	11	0
46	44	0
52	60	0
46	88	0
15	98	0
27	65	0
44	88	0
35	37	0
74	80	0
50	43	0
28	78	0
58	33	0
5	42	0
60	59	0
61	20	0
30	78	0
81	50	0
51	45	0
49	43	0
41	16	0
4	66	0
69	64	0
72	52	0
45	38	0
81	57	0
84	68	0
79	39	0
69	10	0
88	76	0
92	17	0
3	73	0
66	83	0
35	15	0
59	34	0
10	2	1
14	56	0
10	85	0
34	88	0
21	50	0
95	34	0
17	50	0
51	98	0
17	85	0
99	68	0
54	62	0
86	39	0
21	4	0
56	13	0
50	5	0
8	4	0
12	73	0
60	61	0
85	70	0
74	50	0
16	1	0
29	39	0
68	9	0
1	77	0
72	1	0
40	73	0
55	23	0
75	98	0
8	32	0
8	91	0
96	57	0
29	20	0
88	69	0
63	57	0
78	41	0
42	28	0
92	30	0
86	68	0
13	66	0
2	86	0
20	58	0
3	90	0
8	87	0
86	32	0
34	48	0
3	95	0
53	14	0
61	2	0
40	47	0
22	26	1
67	39	0
37	20	0
23	78	0
28	30	0
70	18	0
8	41	0
85	50	0
90	3	0
66	51	0
32	11	0
48	20	0
8	97	0
59	82	0
40	69	0
40	14	0
5	84	0
3	86	0
67	53	0
90	45	0
42	29	0
27	76	0
22	31	0
99	85	0
59	29	0
47	72	0
65	98	0
15	24	1
0	82	0
68	26	0
50	66	0
30	35	0
97	68	0
41	75	0
98	19	0
78	15	0
93	19	0
88	85	0
47	58	0
22	91	0
85	6	0
30	0	0
66	85	0
64	75	0
18	51	0
67	41	0
71	80	0
87	12	0
93	52	0
20	69	0
57	49	0
24	21	0
90	25	0
42	44	0
64	9	0
91	95	0
85	77	0
46	64	0
72	30	0
65	76	0
3	91	0
46	0	0
10	97	0
12	75	0
68	69	0
75	96	0
82	5	0
96	88	0
78	2	0
25	15	1
79	71	0
63	0	0
95	36	0
72	53	0
56	33	0
12	72	0
61	89	0
52	76	0
12	46	0
7	41	0
38	96	0
11	70	0
42	0	0
38	57	0
13	65	0
40	25	0
3	47	0
94	47	0
55	23	0
0	45	0
26	88	0
73	59	0
1	1	0
95	70	0
24	83	0
59	51	0
34	57	0
96	47	0
59	40	0
0	16	0
4	53	0
23	58	0
89	70	0
65	47	0
97	65	0
0	53	0
62	55	0
14	69	0
1	14	0
70	68	0
28	64	0
48	12	0
30	31	0
5	79	0
34	88	0
7	5	0
76	45	0
67	61	0
81	67	0
75	74	0
47	87	0
39	14	0
1	70	0
49	62	0
41	51	0
59	51	0
83	14	0
