94	71	0
30	24	0
60	99	0
14	9	0
87	31	0
83	99	0
42	81	0
69	42	0
4	84	0
2	2	0
18	90	0
95	47	0
71	74	0
31	35	0
82	89	0
99	49	0
43	98	0
40	80	1
66	74	0
45	16	0
77	67	0
83	87	0
83	85	0
3	27	0
77	14	0
73	67	0
27	96	0
86	24	0
70	93	0
49	62	0
75	76	0
99	53	0
97	21	0
19	77	1
89	84	0
14	72	1
34	4	0
6	73	1
40	88	0
75	46	0
30	13	0
99	83	0
86	85	0
96	15	0
96	16	0
22	37	0
58	87	0
8	85	0
91	0	0
63	94	0
5	29	0
77	83	0
92	30	0
30	81	1
58	93	0
82	20	0
28	86	1
26	9	0
94	5	0
75	36	0
44	82	0
80	27	0
53	51	0
80	28	0
12	99	0
43	80	0
95	66	0
73	94	0
5	63	0
48	89	0
97	50	0
70	19	1
48	39	0
32	9	0
71	59	0
6	84	0
95	26	0
41	67	0
89	55	0
90	1	0
75	99	0
74	84	0
7	27	0
66	81	0
85	70	0
80	45	0
20	98	0
70	38	0
91	53	0
90	29	0
98	37	0
15	53	0
3	16	0
97	57	0
50	90	0
42	76	0
55	93	0
71	34	0
71	68	0
79	79	0
85	66	0
26	21	0
19	11	0
80	55	0
96	3	0
24	99	0
23	42	0
69	71	0
60	82	0
55	80	0
40	4	0
49	84	0
63	80	0
83	55	0
21	92	0
90	83	0
1	76	0
19	53	0
77	86	0
91	75	0
48	68	0
62	43	0
86	39	0
28	89	0
54	72	0
25	44	0
55	82	0
40	27	0
91	84	0
29	98	0
89	4	0
80	35	0
68	86	0
66	78	0
61	71	0
22	32	0
22	69	0
57	92	0
81	70	0
43	90	0
53	85	0
73	20	1
43	92	0
25	26	0
76	65	0
61	45	0
73	70	0
77	38	0
12	88	0
57	51	0
93	39	0
65	34	0
50	19	0
90	29	0
62	75	0
77	97	0
85	71	0
96	21	0
99	33	0
99	69	0
29	84	1
66	75	0
54	90	0
79	19	0
16	82	0
93	4	0
21	40	0
30	93	1
28	89	0
81	71	0
71	77	0
91	48	0
84	54	0
46	82	0
91	63	0
55	6	0
43	25	0
81	47	0
30	70	0
66	76	0
76	67	0
82	6	0
95	51	0
99	35	0
70	62	0
72	88	0
58	6	0
7	92	0
6	91	0
95	64	0
72	60	0
82	14	0
99	76	0
19	12	0
33	97	0
53	93	0
90	2	0
86	2	0
99	31	0
78	31	0
71	38	0
6	7	0
15	88	0
47	88	0
50	62	1
89	46	0
68	96	0
99	84	0
69	36	0
75	81	0
74	18	1
9	4	0
29	7	0
32	24	0
82	39	0
80	21	0
8	48	0
27	21	0
89	80	0
94	71	0
80	21	0
98	8	0
64	2	0
83	14	1
37	16	0
98	88	0
27	81	0
3	95	0
36	39	0
73	42	0
65	67	0
61	79	0
88	84	0
67	27	0
73	80	0
99	36	0
85	67	0
67	52	0
94	72	0
63	16	0
94	9	0
29	47	0
68	98	0
99	36	0
24	86	1
98	36	0
75	95	0
94	33	0
63	16	0
50	50	0
60	95	0
76	88	0
19	84	0
91	84	0
0	99	0
91	2	0
93	16	0
57	82	0
12	98	0
78	42	0
93	70	0
27	0	0
49	91	0
40	79	1
55	75	0
1	23	0
90	34	0
98	2	0
76	95	0
17	23	0
74	31	0
68	82	0
9	29	0
44	84	0
81	52	0
26	93	1
83	11	0
79	15	1
90	66	0
12	77	0
64	19	0
83	93	0
33	97	0
64	59	0
5	37	0
65	89	0
61	49	0
92	45	0
76	48	0
73	58	0
4	43	0
91	67	0
26	94	1
86	62	0
8	95	0
81	85	0
38	19	0
70	62	0
66	94	0
54	94	0
88	55	0
72	1	0
0	74	0
70	41	0
28	99	0
90	23	0
92	44	0
73	34	0
84	74	0
44	95	0
58	98	0
26	92	0
99	84	0
71	83	0
19	1	0
8	84	0
77	83	0
59	89	0
61	56	1
68	31	0
82	60	0
98	7	0
85	7	0
93	87	0
65	84	0
82	18	0
86	14	0
69	92	0
31	97	0
82	8	0
95	1	0
74	26	0
7	53	0
12	95	0
16	98	0
88	83	0
85	99	0
82	92	0
85	70	0
74	77	0
7	90	0
19	73	1
29	20	0
6	5	0
43	40	0
92	23	0
79	39	0
66	59	0
59	13	0
84	82	0
68	80	0
85	53	0
73	59	0
23	10	0
98	39	0
67	93	0
47	40	0
22	88	0
73	97	0
97	68	0
30	84	1
21	75	0
39	67	0
71	73	0
50	97	0
11	46	0
80	69	0
92	49	0
87	69	0
33	77	0
62	84	0
92	19	0
82	8	0
11	81	0
35	90	0
91	76	0
74	74	0
0	94	0
11	77	0
79	95	0
32	21	0
3	79	0
69	85	0
59	60	0
83	85	0
5	85	0
74	48	0
18	5	0
57	92	0
6	91	0
1	17	0
89	63	0
85	11	0
77	21	0
81	17	1
13	20	0
14	53	0
72	34	0
67	75	0
34	87	1
60	55	1
87	82	0
84	40	0
74	76	0
59	58	1
77	79	0
0	62	0
84	60	0
63	33	0
93	43	0
88	90	0
82	73	0
69	54	1
56	57	1
45	79	0
97	75	0
92	9	0
52	76	0
3	98	0
66	27	0
66	14	0
77	20	1
72	16	1
80	26	0
29	31	0
57	92	0
62	60	0
37	84	0
66	92	0
88	59	0
86	29	0
83	68	0
88	92	0
93	47	0
88	97	0
31	86	0
77	78	0
78	47	0
49	85	0
88	80	0
79	71	0
94	26	0
53	79	0
78	21	0
58	42	0
87	87	0
90	54	0
21	87	0
31	93	1
85	29	0
76	32	0
94	43	0
85	7	0
94	82	0
84	16	0
81	34	0
12	84	0
16	97	0
51	32	0
30	64	0
49	81	0
64	1	0
11	91	0
76	50	0
16	10	0
20	61	0
75	70	0
72	60	0
81	66	0
84	47	0
70	64	0
85	49	0
6	46	0
94	87	0
66	59	0
48	93	0
4	72	1
90	18	0
49	94	0
21	87	0
98	43	0
65	27	0
20	12	0
27	37	0
12	62	1
82	55	0
95	33	0
26	14	0
47	5	0
52	77	0
98	84	0
14	5	0
46	78	0
63	26	0
89	69	0
75	65	0
63	84	0
12	47	0
99	46	0
90	65	0
4	84	0
32	91	1
0	97	0
54	36	0
88	20	0
7	19	0
88	35	0
79	13	0
47	31	0
14	98	0
60	83	0
18	78	1
27	25	0
25	94	0
55	57	1
79	47	0
65	85	0
18	87	0
70	41	0
8	4	0
79	57	0
49	61	1
86	30	0
80	31	0
68	30	0
54	86	0
37	98	0
80	39	0
59	96	0
71	63	0
83	46	0
61	93	0
91	40	0
94	99	0
84	84	0
53	88	0
91	17	0
78	78	0
63	26	0
27	90	1
87	58	0
84	97	0
84	13	0
97	95	0
83	25	0
81	67	0
11	93	0
77	94	0
74	78	0
6	17	0
14	95	0
10	73	1
86	31	0
25	96	0
55	82	0
81	33	0
77	50	0
17	99	0
84	44	0
90	53	0
76	44	0
89	28	0
0	87	0
14	7	0
62	78	0
14	59	0
28	10	0
5	95	0
99	47	0
79	91	0
91	54	0
86	77	0
74	46	0
1	75	0
77	22	0
95	37	0
