90	68	0
52	15	0
43	17	0
51	99	0
6	21	0
95	31	0
99	85	0
44	12	0
76	81	0
44	38	0
79	34	0
4	82	0
20	14	0
19	63	0
97	14	0
95	79	0
64	26	0
30	49	0
99	67	0
91	3	0
42	79	0
69	83	0
71	99	0
74	1	0
41	91	0
55	0	0
75	77	0
71	95	0
97	54	0
4	39	0
38	36	0
45	27	0
91	29	0
42	47	0
86	65	0
14	93	0
61	84	0
95	22	0
81	93	0
55	1	0
19	49	0
77	52	0
94	57	0
58	74	0
98	40	0
10	82	0
29	47	0
60	11	0
93	51	0
15	64	0
58	12	0
30	90	0
49	93	0
32	61	0
97	68	0
36	28	0
43	40	0
79	73	0
94	92	0
83	13	0
11	93	0
92	9	0
46	1	0
77	72	0
44	21	0
19	82	0
76	9	0
36	76	0
84	81	0
63	65	0
14	25	0
77	87	0
28	38	0
15	46	0
89	41	0
11	36	0
42	77	0
49	83	0
75	23	0
43	97	0
62	98	0
3	4	0
7	12	0
96	15	0
97	17	0
32	49	0
83	45	0
20	24	0
77	56	0
31	50	0
31	11	0
38	7	0
66	37	0
15	86	0
74	8	0
52	76	0
40	10	0
45	26	0
96	39	0
41	75	0
76	49	0
22	60	0
75	94	0
4	77	0
42	81	0
86	44	0
61	4	0
44	66	0
14	61	0
52	4	0
64	54	0
16	59	0
42	4	0
41	59	0
27	36	0
92	84	0
54	43	0
1	1	0
30	95	0
78	6	0
67	68	0
14	33	0
87	78	0
92	15	0
67	66	0
57	79	0
30	12	0
56	96	0
75	76	0
76	55	0
35	97	0
67	26	0
37	24	0
21	35	0
86	7	0
4	74	0
96	69	0
95	15	0
85	32	0
42	53	0
55	15	0
85	82	0
5	15	0
36	16	0
83	71	0
31	43	0
90	75	0
79	88	0
60	14	0
43	33	0
54	59	0
9	47	0
28	77	0
14	59	0
77	76	0
39	50	0
50	96	0
81	57	0
74	75	0
48	81	0
19	39	0
88	74	0
4	33	0
40	43	0
20	16	0
18	76	0
38	74	0
96	34	0
32	32	0
80	17	0
38	81	0
58	30	0
52	39	0
78	82	0
26	52	0
72	78	0
36	87	0
31	56	0
34	14	0
63	13	0
35	83	0
15	76	0
74	83	0
89	55	0
19	90	0
21	35	0
97	65	0
30	60	0
26	89	0
47	92	0
47	51	0
34	11	0
19	40	0
70	83	0
82	96	0
58	85	0
74	23	0
6	66	0
56	3	0
74	13	0
65	26	0
74	22	0
26	58	0
2	65	0
53	56	0
80	37	0
34	73	0
92	23	0
44	89	0
29	69	0
32	17	0
75	72	0
28	61	0
40	10	0
6	92	0
66	13	0
97	83	0
86	95	0
95	19	0
1	79	0
13	68	0
92	44	0
50	75	0
36	46	0
53	70	0
55	71	0
44	55	0
7	76	0
29	61	0
67	10	0
1	67	0
68	97	0
76	50	0
42	86	0
92	58	0
46	10	0
42	61	0
21	77	0
41	89	0
57	38	0
65	30	0
20	32	0
97	62	0
73	44	0
85	57	0
6	78	0
56	20	0
13	90	0
68	62	0
55	45	0
60	52	0
53	13	0
2	52	0
79	43	0
54	8	0
76	61	0
45	85	0
72	41	0
98	36	0
99	1	0
0	64	0
83	73	0
19	95	0
97	65	0
45	89	0
61	28	0
46	0	0
21	93	0
70	37	0
40	58	0
44	75	0
47	8	0
24	91	0
66	93	0
87	85	0
68	33	0
86	70	0
8	88	0
52	43	0
52	6	0
67	24	0
32	13	0
32	5	0
50	6	0
57	51	0
69	34	0
35	55	0
30	49	0
48	62	0
72	83	0
87	82	0
63	86	0
86	18	0
86	53	0
80	7	0
12	51	0
29	8	0
84	38	0
62	24	0
75	72	0
4	37	0
51	69	0
54	26	0
28	96	0
35	92	0
19	69	0
95	65	0
41	30	0
39	6	0
27	57	0
88	57	0
73	17	0
76	91	0
23	8	0
68	93	0
10	76	0
46	86	0
37	39	0
2	55	0
77	6	0
21	29	0
90	11	0
40	16	0
10	3	1
87	9	0
35	48	0
17	48	0
87	26	0
95	56	0
4	31	0
29	28	0
1	64	0
35	87	0
17	85	0
3	12	0
42	87	0
51	68	0
48	41	0
64	25	0
46	91	0
36	66	0
91	95	0
44	34	0
16	45	0
23	37	0
59	70	0
88	93	0
48	20	0
88	8	0
31	1	0
59	3	0
59	12	0
21	42	0
76	59	0
65	0	0
15	35	0
50	13	0
56	50	0
47	51	0
22	65	0
85	79	0
76	51	0
17	57	0
45	36	0
98	9	0
55	7	0
61	16	0
57	42	0
26	30	0
4	70	0
68	75	0
18	81	0
37	90	0
23	93	0
53	28	0
41	43	0
89	57	0
70	43	0
8	82	0
76	82	0
58	85	0
16	28	1
73	24	0
57	96	0
72	2	0
88	60	0
83	47	0
38	19	0
43	40	0
34	47	0
88	82	0
7	8	0
74	22	0
94	2	0
14	42	0
32	99	0
68	73	0
88	2	0
4	56	0
99	30	0
45	97	0
73	11	0
63	50	0
46	51	0
44	39	0
32	38	0
49	33	0
73	84	0
78	42	0
39	32	0
78	70	0
24	57	0
14	90	0
88	90	0
40	37	0
0	82	0
63	23	0
88	14	0
78	44	0
13	60	0
64	45	0
34	34	0
50	42	0
2	98	0
69	28	0
52	11	0
83	57	0
43	22	0
29	83	0
22	3	0
78	48	0
12	0	1
74	97	0
5	80	0
37	52	0
48	77	0
54	33	0
21	99	0
19	45	0
29	44	0
59	18	0
92	26	0
85	22	0
87	92	0
20	62	0
29	24	0
29	32	0
81	20	0
52	63	0
71	94	0
18	39	0
69	98	0
89	68	0
36	71	0
70	8	0
71	38	0
83	20	0
75	7	0
42	20	0
43	32	0
98	5	0
78	30	0
1	67	0
90	11	0
98	98	0
7	99	0
87	52	0
54	51	0
25	14	0
95	87	0
66	56	0
15	98	0
68	32	0
85	43	0
85	52	0
83	63	0
28	72	0
76	77	0
39	99	0
78	71	0
27	33	0
31	97	0
97	82	0
31	34	0
29	44	0
69	78	0
58	89	0
45	64	0
56	97	0
58	51	0
39	66	0
31	66	0
84	25	0
18	91	0
82	54	0
26	89	0
41	63	0
43	73	0
85	31	0
31	29	0
22	48	0
52	28	0
93	69	0
73	11	0
85	96	0
71	99	0
38	51	0
65	3	0
29	45	0
36	90	0
39	34	0
51	67	0
65	80	0
28	22	0
79	97	0
43	28	0
30	21	0
66	39	0
28	80	0
43	15	0
3	58	0
89	82	0
59	92	0
51	43	0
80	9	0
45	73	0
42	54	0
97	59	0
85	2	0
1	70	0
74	3	0
71	70	0
72	30	0
38	17	0
31	70	0
85	80	0
28	69	0
54	84	0
77	20	0
10	66	0
67	18	0
42	59	0
62	98	0
31	94	0
87	3	0
91	20	0
60	13	0
39	90	0
13	90	0
6	89	0
73	41	0
70	66	0
76	76	0
16	51	0
81	33	0
71	65	0
89	75	0
59	63	0
20	62	0
20	65	0
38	23	0
42	33	0
2	41	0
49	64	0
41	47	0
95	36	0
76	35	0
73	4	0
84	39	0
56	71	0
19	53	0
60	30	0
88	76	0
61	86	0
94	76	0
17	52	0
61	72	0
67	48	0
27	55	0
85	33	0
17	54	0
43	24	0
80	51	0
82	94	0
58	57	0
17	68	0
46	6	0
59	68	0
29	84	0
45	25	0
80	80	0
93	71	0
19	98	0
52	72	0
8	76	0
74	63	0
32	50	0
47	61	0
38	75	0
62	72	0
23	25	0
14	63	0
95	83	0
77	55	0
98	58	0
28	62	0
53	86	0
63	25	0
92	26	0
39	47	0
97	10	0
16	89	0
26	30	0
34	81	0
93	60	0
22	43	0
86	68	0
18	97	0
9	72	0
18	4	1
91	87	0
38	30	0
2	69	0
75	90	0
48	62	0
83	65	0
28	93	0
99	38	0
24	13	0
38	82	0
29	73	0
36	20	0
27	43	0
0	15	0
82	69	0
91	4	0
60	10	0
75	10	0
95	45	0
31	6	0
33	46	0
98	39	0
7	53	0
57	76	0
1	57	0
17	71	0
75	52	0
46	94	0
77	50	0
70	81	0
33	38	0
74	66	0
39	57	0
84	46	0
15	74	0
48	41	0
31	68	0
75	34	0
56	35	0
98	80	0
99	98	0
89	79	0
28	73	0
20	31	0
58	48	0
47	73	0
30	14	0
24	1	0
37	69	0
11	37	0
63	1	0
69	85	0
76	64	0
94	18	0
8	47	0
67	92	0
4	93	0
54	8	0
65	49	0
68	13	0
35	18	0
25	36	0
41	15	0
75	4	0
42	87	0
54	30	0
29	83	0
77	12	0
32	45	0
52	64	0
75	21	0
92	71	0
62	72	0
32	67	0
51	84	0
78	84	0
84	50	0
16	65	0
77	73	0
65	94	0
17	40	0
20	54	0
94	36	0
33	94	0
99	84	0
71	82	0
52	3	0
56	53	0
90	59	0
65	84	0
81	51	0
98	79	0
83	28	0
10	66	0
1	59	0
68	85	0
79	37	0
51	61	0
56	9	0
36	14	0
79	72	0
28	37	0
14	63	0
45	52	0
52	39	0
37	13	0
53	28	0
15	86	0
27	37	0
6	61	0
14	71	0
75	49	0
18	17	0
62	8	0
96	26	0
79	3	0
54	78	0
7	59	0
63	30	0
47	35	0
64	81	0
90	14	0
37	47	0
58	64	0
49	81	0
17	95	0
35	64	0
44	82	0
25	31	0
76	82	0
48	45	0
36	84	0
61	29	0
13	47	0
60	63	0
60	22	0
28	73	0
81	40	0
52	45	0
51	45	0
31	15	0
7	59	0
80	71	0
75	64	0
38	41	0
86	60	0
85	68	0
75	26	0
61	7	0
84	80	0
83	12	0
5	69	0
73	77	0
34	17	0
66	39	0
14	63	0
11	85	0
35	92	0
28	54	0
92	30	0
19	49	0
54	98	0
19	84	0
96	71	0
53	59	0
81	43	0
21	1	0
50	19	0
60	8	0
3	7	1
9	76	0
61	62	0
79	65	0
70	48	0
15	1	0
25	42	0
66	7	0
4	81	0
77	5	0
43	67	0
46	21	0
76	96	0
2	35	0
14	91	0
99	52	0
31	11	0
97	81	0
59	66	0
73	47	0
54	23	0
89	27	0
88	72	0
11	69	0
1	80	0
22	56	0
10	89	0
0	83	0
80	25	0
39	43	0
1	93	0
51	12	0
66	2	0
36	51	0
70	46	0
45	19	0
28	67	0
28	28	0
82	16	0
15	43	0
89	53	0
94	5	0
61	61	0
27	8	0
50	10	0
13	98	0
55	78	0
37	69	0
37	17	0
2	82	0
5	96	0
67	54	0
93	41	0
40	29	0
34	78	0
21	25	1
99	94	0
51	31	0
58	70	0
66	93	0
3	85	0
66	25	0
58	61	0
25	36	0
97	75	0
47	67	0
99	23	0
72	14	0
85	22	0
79	88	0
45	60	0
36	82	0
83	18	0
28	9	0
64	93	0
71	72	0
18	48	0
70	41	0
73	92	0
89	9	0
97	54	0
24	73	0
61	52	0
25	28	0
89	19	0
34	47	0
60	0	0
98	96	0
81	64	0
49	75	0
75	25	0
73	72	0
9	86	0
43	5	0
10	91	0
6	63	0
69	69	0
68	96	0
76	7	0
91	95	0
80	11	0
80	77	0
61	5	0
86	33	0
85	47	0
54	36	0
12	80	0
55	88	0
61	82	0
22	55	0
5	40	0
36	99	0
11	67	0
43	0	0
31	51	0
12	62	0
43	30	0
3	41	0
97	50	0
51	20	0
8	47	0
27	87	0
76	69	0
3	0	0
88	67	0
17	68	0
62	44	0
29	55	0
95	46	0
55	39	0
1	10	0
3	52	0
22	60	0
96	66	0
70	51	0
98	56	0
5	57	0
68	63	0
12	78	0
3	20	0
84	60	0
30	62	0
38	13	0
38	32	0
10	83	0
33	89	0
3	6	1
80	46	0
75	60	0
76	61	0
75	80	0
42	76	0
45	23	0
0	70	0
47	72	0
42	47	0
58	55	0
85	8	0
