88	62	0
32	29	0
8	18	0
93	47	0
90	80	0
71	39	0
8	77	0
0	4	0
13	90	0
78	34	0
76	80	0
24	31	0
64	72	0
90	52	0
67	65	0
43	33	0
92	86	0
99	82	0
69	90	0
4	31	0
68	83	0
75	30	0
49	68	0
67	82	0
83	51	0
99	29	0
91	77	0
37	3	0
83	32	0
32	18	0
95	58	0
91	73	0
88	6	0
16	34	0
54	79	1
4	87	0
18	33	0
74	75	0
93	41	0
55	82	1
8	21	0
89	14	0
63	32	1
48	34	0
79	43	0
84	65	0
14	60	0
95	56	0
47	34	0
28	10	0
59	56	0
0	97	0
88	21	0
39	67	0
85	68	0
93	12	0
80	93	0
55	83	1
8	23	0
71	87	0
83	62	0
84	42	0
57	49	0
82	40	0
86	35	0
85	36	0
30	58	0
19	21	0
83	76	0
43	85	0
79	42	0
61	68	0
80	74	0
84	77	0
25	16	0
13	14	0
85	66	0
93	7	0
15	53	0
78	79	0
54	78	1
54	74	1
49	16	0
68	81	0
77	55	0
8	89	0
95	94	0
8	98	1
15	57	0
92	87	0
97	69	0
50	89	1
68	49	0
95	31	0
48	57	0
14	52	0
55	9	0
82	86	0
73	4	0
87	54	0
79	96	0
55	61	0
59	80	1
14	18	0
73	97	0
37	82	0
24	30	0
60	36	0
63	91	1
65	46	0
13	94	1
93	27	0
51	27	0
72	71	0
70	89	0
85	64	0
97	26	0
85	85	0
77	85	0
57	65	0
12	42	0
76	68	0
76	72	0
92	63	0
91	37	0
89	66	0
62	18	0
44	29	0
79	52	0
32	79	0
84	76	0
96	50	0
93	26	0
70	61	1
61	99	1
58	17	0
5	95	1
95	56	0
91	69	0
12	22	0
94	13	0
83	23	0
84	24	0
7	11	0
36	81	0
91	51	0
68	92	0
85	88	0
70	29	1
53	94	0
2	15	0
38	23	0
51	34	0
63	41	0
1	59	0
48	11	0
94	81	0
89	52	0
64	2	0
29	15	0
98	84	0
33	70	0
7	95	1
36	28	0
63	57	0
75	64	0
55	83	1
81	75	0
75	27	0
77	94	0
93	31	0
86	81	0
52	27	0
94	73	0
62	13	0
37	53	0
74	89	0
88	41	0
95	45	0
85	92	0
98	45	0
31	47	0
67	85	0
19	78	0
81	79	0
1	93	0
89	36	0
97	68	0
41	5	0
50	51	0
21	9	0
93	27	0
67	88	0
8	39	0
77	28	0
73	77	0
23	36	0
81	46	0
78	12	0
96	64	0
71	32	0
95	94	0
21	42	0
78	55	0
91	39	0
57	43	0
0	53	0
97	72	0
91	60	0
18	88	0
74	86	0
41	23	0
67	62	1
74	98	0
94	44	0
68	3	0
61	44	0
73	29	0
94	58	0
90	80	0
94	84	0
77	95	0
14	12	0
5	73	0
80	91	0
64	92	1
51	18	0
87	56	0
93	10	0
97	81	0
63	68	0
64	75	0
99	5	0
90	38	0
7	39	0
6	94	1
86	85	0
96	97	0
91	90	0
71	63	0
61	77	0
14	89	0
26	29	0
3	8	0
40	38	0
85	40	0
64	62	1
68	9	0
72	91	0
76	73	0
84	47	0
31	13	0
91	43	0
61	90	1
61	23	0
64	78	0
96	62	0
10	45	0
55	84	1
7	44	0
67	80	0
98	43	0
91	69	0
80	30	0
89	60	0
62	60	1
4	95	1
79	96	0
17	21	0
1	88	0
58	77	1
65	66	1
87	98	0
7	76	0
86	54	0
11	9	0
13	81	0
11	10	0
90	60	0
14	29	0
9	31	0
83	32	0
68	69	0
89	81	0
85	54	0
79	75	0
71	83	0
2	81	0
90	61	0
64	24	0
95	32	0
75	86	0
80	61	0
40	85	0
93	76	0
46	72	0
5	96	1
75	41	0
34	38	0
49	82	0
40	65	0
65	86	1
99	53	0
86	31	0
66	64	0
92	76	0
90	38	0
98	98	0
91	64	0
60	20	0
82	75	0
88	57	0
99	28	0
45	60	0
68	34	1
94	88	0
87	64	0
24	75	0
83	34	0
82	39	0
84	40	0
96	86	0
74	54	0
0	97	0
42	34	0
25	71	0
59	12	0
2	89	0
82	52	0
12	13	0
19	59	0
52	65	0
80	85	0
71	60	0
66	47	0
85	40	0
14	42	0
89	78	0
62	88	1
75	13	0
6	93	0
97	49	0
20	7	0
18	33	0
72	42	0
97	34	0
17	5	0
45	6	0
56	61	0
99	83	0
26	5	0
63	4	0
84	86	0
57	86	0
24	46	0
96	51	0
84	63	0
11	99	1
10	92	0
51	37	0
94	47	0
17	36	0
82	32	0
77	11	0
34	34	0
26	39	0
80	42	0
61	89	1
81	44	0
16	16	0
94	55	0
78	43	0
76	50	0
53	93	0
54	52	0
68	40	0
83	42	0
96	88	0
86	85	0
72	75	0
76	24	0
89	50	0
84	99	0
94	96	0
80	66	0
81	95	0
51	80	1
9	10	0
29	94	0
85	49	0
75	26	0
90	48	0
77	46	0
93	60	0
90	42	0
22	76	0
9	9	0
45	89	0
27	70	0
43	4	0
10	85	0
98	45	0
96	85	0
81	47	0
94	99	0
96	37	0
