91	65	0
34	0	0
34	35	0
60	98	0
17	8	0
98	41	0
96	91	0
49	11	0
56	75	0
56	22	0
88	50	0
2	87	0
12	0	0
27	83	0
97	25	0
74	77	0
54	38	0
18	54	0
86	58	0
97	9	0
47	94	0
58	65	0
70	87	0
53	8	0
30	78	0
46	14	0
89	72	0
66	87	0
89	77	0
0	32	0
55	14	0
42	20	0
92	31	0
25	56	0
83	66	0
16	90	0
30	98	0
91	21	0
78	83	0
43	4	0
29	69	0
89	65	0
95	71	0
53	61	0
96	46	0
8	78	0
64	3	0
99	66	0
16	69	0
73	12	0
15	79	0
64	90	0
30	73	0
99	72	0
43	38	0
34	23	0
90	85	0
98	98	0
98	4	0
16	99	0
99	12	0
32	6	0
70	76	0
35	4	0
6	95	0
88	8	0
34	77	0
62	94	0
43	60	0
4	33	0
69	87	0
15	60	0
95	33	0
29	84	0
59	97	0
66	31	0
30	97	0
60	96	0
5	18	0
98	9	0
94	22	0
46	68	0
82	40	0
90	59	0
50	14	0
32	7	0
67	50	0
11	97	0
48	1	0
49	75	0
44	3	0
56	35	0
81	31	0
30	63	0
76	42	0
4	59	0
79	92	0
0	87	0
36	99	0
93	58	0
68	12	0
38	71	0
38	65	0
64	3	0
66	50	0
5	67	0
33	3	0
10	39	0
36	43	0
62	81	0
42	44	0
15	98	0
82	17	0
43	87	0
75	68	0
99	9	0
75	91	0
50	77	0
39	20	0
61	99	0
95	71	0
77	63	0
19	94	0
63	28	0
30	13	0
19	43	1
75	12	0
9	59	0
97	68	0
97	19	0
79	44	0
42	50	0
58	5	0
79	70	0
22	21	0
37	28	0
99	60	0
37	38	0
62	81	0
61	83	0
48	26	0
41	42	0
58	36	0
11	44	0
28	44	1
18	51	0
82	91	0
48	55	0
39	99	0
76	42	0
75	66	0
54	69	0
89	63	0
21	21	0
56	52	0
18	12	0
14	73	0
35	63	0
90	35	0
38	44	0
89	8	0
41	87	0
54	23	0
42	48	0
77	76	0
29	69	0
53	71	0
40	82	0
40	46	0
37	14	0
58	18	0
39	82	0
26	62	0
77	80	0
88	64	0
33	96	0
96	72	0
25	46	0
24	71	0
50	72	0
51	52	0
24	16	0
76	85	0
92	79	0
54	67	0
58	32	0
3	47	0
59	1	0
74	49	0
62	22	0
78	19	0
23	49	0
3	50	0
46	49	0
69	28	0
38	64	0
82	25	0
45	95	0
27	71	0
42	27	0
80	80	0
41	53	0
37	6	0
24	82	0
57	2	0
91	84	0
52	91	0
92	3	0
7	78	0
18	68	0
94	26	0
47	85	0
27	39	0
59	68	0
53	62	0
43	61	0
18	72	0
23	62	0
69	1	0
10	61	0
62	80	0
95	43	0
41	90	0
82	61	0
72	17	0
51	67	0
18	87	0
33	99	0
47	29	0
73	31	0
85	53	0
64	43	0
67	64	0
6	39	0
56	21	0
15	91	0
58	53	0
74	38	0
69	28	0
52	8	0
13	50	0
90	22	0
34	11	0
66	69	0
59	80	0
70	42	0
93	41	0
96	1	0
2	42	0
96	77	0
24	97	0
94	82	0
30	92	0
64	30	0
75	27	0
16	84	0
81	25	0
31	64	0
26	76	0
47	7	0
27	99	0
74	92	0
71	89	0
90	49	0
97	67	0
16	96	0
34	74	0
71	4	0
75	49	0
32	23	0
33	2	0
53	15	0
53	52	0
81	46	0
36	52	0
35	46	0
36	68	0
71	92	0
86	64	0
60	83	0
82	7	0
90	42	0
64	12	0
21	38	0
76	41	0
76	51	0
75	69	0
12	41	0
35	63	0
65	19	0
16	89	0
34	83	0
20	76	0
87	72	0
52	15	0
31	3	0
33	55	0
81	74	0
62	8	0
76	91	0
15	4	0
49	98	0
8	68	0
47	97	0
42	37	0
1	52	0
72	34	0
72	11	0
53	16	0
83	10	0
40	62	0
11	58	0
71	23	0
86	62	0
6	5	0
2	67	0
34	94	0
8	86	0
42	94	0
52	68	0
57	44	0
69	7	0
46	79	0
43	66	0
84	98	0
33	30	1
6	53	0
25	43	0
63	46	0
75	79	0
30	26	1
81	30	0
31	6	0
49	6	0
52	19	0
37	45	0
76	63	0
73	12	0
9	43	0
39	14	0
49	62	0
38	32	0
26	47	0
91	76	0
76	54	0
14	45	0
63	38	0
92	9	0
62	11	0
61	23	0
44	41	0
35	32	0
4	75	0
62	83	0
27	71	0
25	98	0
30	84	0
54	11	0
42	39	0
97	44	0
79	45	0
4	62	0
83	71	0
72	81	0
82	24	0
83	88	0
83	3	0
72	60	0
78	62	0
31	32	1
65	47	0
29	43	1
91	76	0
68	7	0
98	22	0
30	52	0
42	96	0
67	75	0
82	17	0
13	67	0
98	32	0
61	97	0
83	24	0
70	31	0
44	55	0
58	36	0
33	55	0
58	89	0
82	32	0
37	25	0
71	84	0
28	58	0
24	99	0
97	97	0
48	33	0
3	93	0
52	50	0
98	9	0
77	33	0
15	71	0
64	47	0
36	26	1
54	43	0
11	99	0
88	24	0
48	7	0
92	43	0
52	49	0
26	88	0
19	6	0
57	60	0
55	94	0
8	49	0
36	84	0
32	85	0
48	26	0
24	85	0
11	37	0
66	8	0
75	24	0
82	2	0
92	91	0
25	63	0
48	18	0
84	10	0
80	59	0
67	86	0
0	25	0
65	91	0
96	62	0
33	86	0
76	0	0
53	59	0
73	22	0
67	6	0
42	25	0
45	15	0
98	10	0
86	40	0
13	90	0
77	11	0
91	94	0
24	91	0
96	67	0
43	47	0
15	25	0
80	98	0
64	41	0
6	96	0
69	33	0
81	38	0
71	45	0
87	68	0
25	60	0
86	60	0
36	93	0
90	74	0
28	93	0
90	83	0
44	30	0
59	70	0
60	95	0
43	68	0
59	96	0
72	51	0
36	54	0
40	67	0
87	5	0
3	93	0
99	54	0
23	89	0
46	73	0
48	77	0
87	45	0
33	51	0
41	17	0
86	58	0
60	13	0
85	95	0
50	89	0
47	47	0
54	16	0
33	42	0
55	88	0
42	17	0
39	68	0
86	71	0
41	10	0
96	90	0
67	6	0
5	10	0
44	35	0
19	67	0
43	1	0
11	72	0
92	84	0
63	78	0
64	42	0
61	5	0
44	68	0
41	57	0
91	56	0
89	10	0
6	69	0
81	7	0
52	69	0
56	28	0
38	15	0
33	64	0
84	80	0
35	71	0
41	78	0
74	35	0
16	48	0
71	33	0
43	61	0
64	94	0
25	97	0
93	12	0
98	23	0
71	15	0
23	79	0
30	97	0
27	89	0
69	44	0
77	79	0
78	91	0
4	36	0
71	36	0
72	80	0
73	63	0
61	75	0
13	80	0
18	72	0
35	17	0
51	15	0
9	36	0
44	51	0
33	50	0
85	30	0
89	40	0
77	9	0
71	49	0
53	54	0
21	51	0
46	29	0
88	80	0
50	98	0
85	59	0
35	63	0
37	94	0
81	54	0
30	53	0
79	25	0
29	38	1
28	10	0
94	50	0
77	94	0
53	49	0
7	47	0
46	8	0
53	54	0
43	84	0
29	25	1
79	86	0
94	59	0
7	84	0
71	44	0
10	57	0
68	51	0
39	67	0
52	49	0
40	79	0
63	65	0
5	58	0
69	63	0
70	44	0
81	52	0
36	67	0
65	83	0
45	6	0
92	24	0
56	39	0
95	2	0
14	84	0
37	77	0
83	65	0
19	52	0
79	73	0
15	91	0
14	82	0
83	87	0
47	34	0
1	65	0
68	95	0
50	68	0
94	64	0
23	98	0
90	32	0
18	4	0
34	72	0
26	79	0
33	13	0
17	49	0
13	19	0
85	73	0
99	16	0
54	9	0
71	39	0
89	22	0
26	6	0
29	69	0
88	32	0
4	64	0
52	85	0
3	50	0
30	76	0
77	56	0
55	99	0
74	51	0
64	83	0
68	61	0
46	54	0
76	75	0
6	78	0
50	37	0
25	80	0
86	50	0
73	25	0
96	65	0
97	96	0
91	83	0
42	74	0
72	40	0
57	62	0
34	22	0
35	15	0
34	66	0
6	42	0
64	8	0
63	77	0
80	81	0
93	2	0
15	47	0
61	85	0
18	89	0
56	7	0
58	34	0
65	24	0
49	24	0
40	16	0
79	10	0
38	98	0
71	19	0
34	96	0
99	19	0
17	48	1
43	62	0
70	38	0
79	99	0
72	70	0
40	69	0
64	94	0
84	63	0
91	45	0
11	59	0
86	79	0
78	96	0
12	66	0
98	40	0
30	68	0
98	86	0
49	90	0
28	17	0
72	69	0
91	51	0
54	77	0
68	78	0
92	65	0
74	41	0
26	58	0
0	59	0
67	78	0
70	29	0
53	46	0
52	8	0
33	23	0
93	75	0
17	59	0
31	40	1
67	28	0
43	3	0
54	18	0
12	90	0
11	60	0
5	75	0
69	48	0
91	20	0
88	36	0
90	1	0
64	93	0
7	58	0
63	29	0
56	49	0
39	85	0
96	21	0
61	59	0
30	83	0
21	87	0
41	70	0
30	93	0
30	7	0
71	74	0
43	18	0
40	73	0
48	46	0
4	40	0
74	63	0
64	13	0
33	84	0
99	56	0
26	53	0
20	35	0
15	66	0
81	59	0
71	59	0
43	47	0
91	69	0
99	66	0
57	46	0
68	17	0
79	62	0
80	30	0
9	47	0
81	81	0
53	33	0
14	69	0
3	89	0
28	93	0
28	57	0
89	23	0
2	52	0
54	91	0
4	88	0
84	62	0
48	35	0
90	33	0
17	15	0
36	34	0
69	16	0
33	79	0
46	51	0
95	62	0
90	32	0
4	3	0
2	42	0
53	11	0
2	47	0
77	7	0
54	75	0
29	30	0
90	91	0
2	13	0
38	98	0
96	42	0
40	2	0
89	93	0
51	61	0
64	57	0
35	33	0
93	34	0
90	86	0
12	61	0
7	76	0
10	48	0
19	76	0
16	81	0
66	24	0
34	57	0
19	89	0
36	17	0
65	18	0
35	64	0
62	51	0
45	12	0
34	70	0
35	26	1
93	16	0
0	35	0
75	42	0
93	16	0
45	54	0
33	21	0
51	2	0
19	98	0
45	70	0
43	65	0
27	12	0
22	97	0
18	82	0
66	47	0
95	37	0
28	32	1
28	69	0
92	98	0
55	27	0
69	66	0
56	89	0
10	91	0
85	41	0
52	57	0
15	28	0
90	70	0
53	51	0
99	15	0
67	10	0
83	24	0
62	93	0
51	48	0
44	39	0
65	23	0
46	3	0
49	88	0
55	78	0
19	58	0
80	35	0
51	92	0
89	36	0
92	56	0
37	78	0
34	64	0
89	26	0
47	48	0
70	11	0
97	97	0
72	72	0
45	75	0
69	45	0
74	88	0
8	76	0
49	15	0
11	93	0
11	65	0
49	65	0
73	82	0
68	13	0
98	90	0
94	12	0
97	93	0
63	5	0
80	27	0
69	66	0
60	38	0
21	77	0
46	87	0
68	85	0
26	44	1
8	33	0
21	85	0
8	78	0
40	14	0
41	47	0
17	53	0
1	51	0
90	43	0
43	22	0
12	68	0
33	84	0
62	94	0
94	45	0
5	67	0
75	36	0
37	67	0
83	49	0
68	34	0
4	47	0
26	57	0
91	42	0
67	59	0
81	51	0
7	65	0
68	52	0
2	81	0
1	1	0
90	67	0
10	59	0
25	6	0
34	26	1
3	99	0
17	81	0
89	46	0
77	73	0
84	59	0
84	80	0
50	66	0
63	35	0
5	71	0
41	70	0
31	61	0
66	44	0
88	9	0
