86	63	0
32	29	0
10	16	0
93	45	0
89	81	0
70	40	0
8	78	0
1	5	0
14	91	0
78	32	0
77	81	0
25	31	0
64	71	0
89	54	0
66	67	0
44	31	0
92	87	0
99	82	0
70	92	0
6	33	0
68	82	0
76	29	0
49	69	0
68	83	0
84	51	0
96	28	0
92	75	0
36	4	0
84	31	0
34	16	0
96	59	0
93	71	0
89	8	0
18	33	0
51	79	1
3	87	0
18	35	0
74	75	0
91	42	0
56	81	1
5	21	0
89	13	0
62	32	1
46	34	0
82	44	0
83	66	0
17	60	0
96	56	0
47	35	0
26	9	0
60	58	0
0	98	0
90	21	0
37	69	0
86	66	0
93	12	0
82	91	0
55	82	1
8	23	0
72	87	0
81	61	0
85	40	0
55	47	0
85	40	0
85	37	0
84	36	0
30	57	0
21	23	0
84	78	0
42	85	0
78	41	0
61	67	0
81	72	0
82	79	0
26	16	0
16	17	0
85	67	0
96	7	0
12	50	0
80	81	0
57	79	1
54	72	1
45	17	0
68	80	0
76	52	0
7	88	0
93	94	0
8	98	1
15	58	0
93	84	0
98	68	0
50	89	1
69	49	0
95	30	0
48	54	0
12	51	0
57	8	0
81	85	0
76	5	0
87	56	0
79	98	0
55	62	0
62	79	1
15	20	0
72	99	0
35	81	0
22	30	0
59	38	0
63	90	1
64	45	0
91	28	0
52	24	0
71	69	0
70	90	0
84	63	0
96	28	0
86	86	0
76	86	0
57	65	0
12	43	0
78	67	0
74	73	0
94	62	0
91	36	0
87	65	0
63	18	0
42	28	0
81	50	0
31	80	0
84	76	0
96	49	0
94	27	0
70	60	1
61	98	1
57	18	0
4	96	1
96	57	0
90	70	0
13	21	0
95	11	0
83	24	0
85	27	0
8	9	0
35	80	0
89	50	0
67	93	0
82	89	0
71	30	1
53	94	0
3	14	0
37	20	0
51	36	0
63	42	0
0	59	0
50	9	0
93	81	0
89	51	0
63	2	0
27	16	0
97	87	0
34	71	0
35	28	0
63	56	0
75	68	0
55	82	1
83	73	0
75	27	0
76	97	0
94	31	0
87	78	0
53	26	0
95	76	0
63	14	0
38	53	0
73	89	0
87	40	0
92	45	0
82	93	0
97	46	0
33	48	0
67	86	0
19	78	0
79	80	0
0	91	0
91	36	0
97	69	0
41	6	0
49	52	0
21	11	0
93	29	0
67	86	1
8	39	0
77	31	0
71	77	0
23	36	0
82	45	0
77	13	0
94	65	0
71	33	0
93	93	0
19	43	0
79	56	0
92	38	0
59	44	0
3	52	0
96	73	0
91	59	0
19	87	0
74	87	0
39	27	0
69	62	1
73	94	0
95	44	0
70	3	0
62	42	0
72	30	0
95	55	0
88	79	0
92	85	0
78	95	0
14	15	0
5	75	0
82	92	0
63	90	1
50	18	0
89	56	0
94	11	0
99	83	0
62	67	0
64	75	0
99	6	0
91	38	0
8	39	0
5	94	1
86	86	0
96	96	0
91	88	0
70	65	0
62	76	0
12	86	0
25	31	0
5	10	0
41	37	0
85	39	0
64	62	1
69	9	0
73	91	0
78	73	0
85	50	0
31	14	0
89	42	0
62	89	1
62	22	0
64	77	0
97	60	0
12	44	0
56	82	1
8	43	0
67	79	0
98	45	0
89	70	0
80	30	0
88	61	0
61	60	1
3	92	1
80	96	0
18	18	0
1	88	0
57	77	1
64	66	1
85	98	0
7	77	0
87	56	0
10	9	0
12	81	0
9	11	0
88	61	0
16	28	0
9	30	0
82	34	0
68	71	0
88	81	0
83	53	0
77	74	0
69	83	0
4	83	0
89	61	0
65	26	0
93	34	0
74	88	0
80	61	0
40	87	0
92	74	0
48	72	0
7	93	1
75	39	0
36	37	0
48	81	0
38	68	0
65	86	1
99	55	0
85	30	0
68	66	0
93	76	0
91	38	0
96	99	0
91	65	0
59	22	0
81	75	0
88	57	0
99	28	0
45	62	0
68	33	1
93	88	0
88	63	0
26	75	0
84	38	0
81	39	0
86	41	0
96	85	0
73	55	0
0	98	0
41	33	0
22	70	0
62	10	0
1	87	0
83	53	0
14	12	0
18	58	0
53	64	0
79	86	0
73	62	0
66	47	0
84	39	0
11	40	0
88	78	0
63	88	1
76	11	0
8	96	1
97	49	0
17	9	0
19	34	0
71	41	0
96	34	0
18	5	0
46	8	0
56	59	0
99	84	0
26	4	0
64	5	0
82	86	0
57	87	0
25	48	0
94	50	0
84	63	0
13	99	1
8	94	0
52	36	0
94	47	0
19	37	0
83	32	0
74	11	0
34	33	0
27	39	0
80	41	0
58	90	1
80	44	0
16	14	0
94	54	0
77	41	0
74	50	0
51	93	0
57	52	0
70	42	0
82	43	0
92	87	0
85	84	0
72	75	0
74	24	0
89	51	0
84	98	0
95	96	0
78	65	0
83	96	0
49	83	1
7	9	0
29	94	0
87	50	0
73	26	0
90	50	0
77	48	0
95	61	0
90	41	0
23	77	0
9	10	0
44	88	0
27	72	0
43	3	0
8	84	0
97	47	0
97	86	0
83	48	0
91	99	0
97	39	0
