99	65	0
50	16	0
41	20	0
40	89	0
1	42	0
92	29	0
90	77	0
7	3	0
45	14	0
71	91	0
42	38	0
79	42	0
1	88	0
22	1	0
17	60	0
95	7	0
90	80	0
67	29	0
31	60	0
97	64	0
99	1	0
40	73	0
79	80	0
80	85	0
71	1	0
29	91	0
56	12	0
81	81	0
71	90	0
96	53	0
2	40	0
27	30	0
48	27	0
81	21	0
39	46	0
95	79	0
12	96	0
71	73	0
88	16	0
83	97	0
44	12	0
23	55	0
68	54	0
97	55	0
58	83	0
95	52	0
17	97	0
33	44	0
58	16	0
88	42	0
23	66	0
62	10	0
32	90	0
53	89	0
25	69	0
97	68	0
53	20	0
36	54	0
88	71	0
98	99	0
86	14	0
23	98	0
88	7	0
53	13	0
92	67	0
40	36	0
10	85	0
87	9	0
33	85	0
84	74	0
59	53	0
18	30	0
87	78	0
31	39	0
21	52	0
89	38	0
21	20	1
17	35	0
40	82	0
63	90	0
70	27	0
42	94	0
63	99	0
1	12	0
14	26	0
94	17	0
97	17	0
39	53	0
80	40	0
22	30	0
77	50	0
40	52	0
33	10	0
35	0	0
68	49	0
20	82	0
57	6	0
46	80	0
42	3	0
36	27	0
88	41	0
48	61	0
63	47	0
19	77	0
65	78	0
7	76	0
50	78	0
88	46	0
68	15	0
54	78	0
4	46	0
61	10	0
51	73	0
13	72	0
41	0	0
22	56	0
18	31	0
91	80	0
44	38	0
0	4	0
32	98	0
82	2	0
66	66	0
20	34	0
80	84	0
93	17	0
63	70	0
58	87	0
34	16	0
61	96	0
21	18	0
68	82	0
61	50	0
34	96	0
78	27	0
36	33	0
17	34	0
78	3	0
11	11	1
4	73	0
18	15	1
97	72	0
86	11	0
86	37	0
44	60	0
62	6	0
79	98	0
5	5	0
37	12	0
10	14	1
85	81	0
37	34	0
93	66	0
81	82	0
57	23	0
53	39	0
74	52	0
4	50	0
25	79	0
8	58	0
80	79	0
53	68	0
39	94	0
83	48	0
70	74	0
56	83	0
20	38	0
90	83	0
6	43	0
32	36	0
25	20	0
22	71	0
33	78	0
97	23	0
46	36	0
75	10	0
39	81	0
72	22	0
60	26	0
74	78	0
21	49	0
62	61	0
31	97	0
32	64	0
38	6	0
65	17	0
30	90	0
11	87	0
74	83	0
88	53	0
21	88	0
30	36	0
83	71	0
24	52	0
36	77	0
34	99	0
50	44	0
32	4	0
16	43	0
80	90	0
90	91	0
59	94	0
75	14	0
5	60	0
61	5	0
60	18	0
63	23	0
85	23	0
27	58	0
5	70	0
53	62	0
67	37	0
33	74	0
90	18	0
61	89	0
32	66	0
27	17	0
79	73	0
35	73	0
42	2	0
1	87	0
84	20	0
99	77	0
83	91	0
87	20	0
1	80	0
21	79	0
97	47	0
55	72	0
36	48	0
41	80	0
59	73	0
59	52	0
11	84	0
34	65	0
63	15	0
8	60	0
66	99	0
66	41	0
34	88	0
89	62	0
41	11	0
44	60	0
7	77	0
36	92	0
59	31	0
70	21	0
10	34	0
92	62	0
67	46	0
80	50	0
14	88	0
61	5	0
19	81	0
62	70	0
59	48	0
70	60	0
55	1	0
22	8	0
7	57	0
80	47	0
49	12	0
69	57	0
52	80	0
62	53	0
89	28	0
95	18	0
9	62	0
87	70	0
24	93	0
14	16	1
92	54	0
37	96	0
56	34	0
45	1	0
14	95	0
79	37	0
43	58	0
36	75	0
49	4	0
23	92	0
78	77	0
83	90	0
58	32	0
93	72	0
14	90	0
38	47	0
62	4	0
61	20	0
29	29	0
49	0	0
60	10	0
55	45	0
69	37	0
29	48	0
25	47	0
51	53	0
69	72	0
87	75	0
54	89	0
73	11	0
98	53	0
74	3	0
7	57	0
27	11	0
91	39	0
52	28	0
73	74	0
10	41	0
52	64	0
61	27	0
27	98	0
33	87	0
37	73	0
90	53	0
43	27	0
47	1	0
24	49	0
91	51	0
72	11	0
73	95	0
19	6	0
69	97	0
8	77	0
45	85	0
33	29	0
0	56	0
9	10	1
82	11	0
21	31	0
79	16	0
39	11	0
8	0	0
83	13	0
30	53	0
15	42	0
88	28	0
95	53	0
9	29	0
24	35	0
4	58	0
38	89	0
13	74	0
3	3	0
42	98	0
50	61	0
40	28	0
11	15	1
58	32	0
45	86	0
37	68	0
94	95	0
38	26	0
16	52	0
32	42	0
52	71	0
73	99	0
47	7	0
73	1	0
33	11	0
43	7	0
55	9	0
22	50	0
79	59	0
63	3	0
26	46	0
60	9	0
53	57	0
52	54	0
34	61	0
75	78	0
66	55	0
12	70	0
53	35	0
25	15	0
95	7	0
48	0	0
62	19	0
59	31	0
19	41	0
11	73	0
68	75	0
10	78	0
34	92	0
25	92	0
45	22	0
33	39	0
84	68	0
57	48	0
5	76	0
72	77	0
62	84	0
25	32	0
67	17	0
68	93	0
66	4	0
98	66	0
76	42	0
38	16	0
34	45	0
39	39	0
91	78	0
14	25	0
72	23	0
88	4	0
12	58	0
35	92	0
73	78	0
83	4	0
1	73	0
95	39	0
50	93	0
12	10	1
69	3	0
63	53	0
40	55	0
63	52	0
27	38	0
50	38	0
78	74	0
66	50	0
38	33	0
68	68	0
25	47	0
28	87	0
82	89	0
42	18	0
0	74	0
73	18	0
84	16	0
72	43	0
17	62	0
62	20	0
26	33	0
55	39	0
10	96	0
67	45	0
59	17	0
88	48	0
45	26	0
31	77	0
41	3	0
81	42	0
8	0	0
63	91	0
3	92	0
35	36	0
52	77	0
54	29	0
15	96	0
17	51	0
14	39	0
63	18	0
97	33	0
80	22	0
90	97	0
34	61	0
20	17	1
39	12	0
31	27	0
85	17	0
52	62	0
78	78	0
23	29	0
65	98	0
80	69	0
39	76	0
75	6	0
69	39	0
84	18	0
67	28	0
41	24	0
36	33	0
97	1	0
60	27	0
5	72	0
95	17	0
96	93	0
7	89	0
89	65	0
42	46	0
31	4	0
89	88	0
80	56	0
29	93	0
65	22	0
73	37	0
92	63	0
82	73	0
33	76	0
77	81	0
33	94	0
93	74	0
37	40	0
29	89	0
99	90	0
29	34	0
28	40	0
72	68	0
63	97	0
53	70	0
11	9	1
50	84	0
66	61	0
36	56	0
36	70	0
82	21	0
15	91	0
93	47	0
19	77	0
42	58	0
41	82	0
82	30	0
28	33	0
19	45	0
5	14	1
64	46	0
94	67	0
60	24	0
80	92	0
68	97	0
35	37	0
59	13	0
30	43	0
18	76	0
39	33	0
60	66	0
67	87	0
34	22	0
73	85	0
52	35	0
37	14	0
61	32	0
26	76	0
46	12	0
6	59	0
95	84	0
63	99	0
50	45	0
77	11	0
38	66	0
44	48	0
96	54	0
95	5	0
4	72	0
74	0	0
85	79	0
71	28	0
35	0	0
35	66	0
76	78	0
34	83	0
50	83	0
83	15	0
13	69	0
58	9	0
51	73	0
64	99	0
31	92	0
92	8	0
87	20	0
67	10	0
36	90	0
13	89	0
6	91	0
73	51	0
71	59	0
77	64	0
15	43	0
87	51	0
66	58	0
18	21	1
83	75	0
68	59	0
20	47	0
17	71	0
37	29	0
45	35	0
2	51	0
56	62	0
45	38	0
93	41	0
80	31	0
77	1	0
76	29	0
50	87	0
21	18	0
15	50	0
70	36	0
97	82	0
69	76	0
97	77	0
21	47	0
56	66	0
62	55	0
27	60	0
82	40	0
22	64	0
47	24	0
93	60	0
71	96	0
51	51	0
19	65	0
37	7	0
73	64	0
26	76	0
48	24	0
76	80	0
87	75	0
20	90	0
52	55	0
17	78	0
80	72	0
40	58	0
51	60	0
39	80	0
61	69	0
29	29	0
17	60	0
87	77	0
78	56	0
93	61	0
34	81	0
55	74	0
68	34	0
20	23	0
87	23	0
36	31	0
97	2	0
18	90	0
30	32	0
1	17	1
31	86	0
84	60	0
18	38	0
94	64	0
14	93	0
16	71	0
31	3	0
96	88	0
27	31	0
4	85	0
74	90	0
35	63	0
80	72	0
27	80	0
97	23	0
25	17	0
36	84	0
29	72	0
34	18	0
26	36	0
13	29	0
97	68	0
86	11	0
52	11	0
69	10	0
88	43	0
34	7	0
40	35	0
99	38	0
10	62	0
43	89	0
2	46	0
22	83	0
74	56	0
45	96	0
65	49	0
76	78	0
36	31	0
81	70	0
36	67	0
86	45	0
9	79	0
59	38	0
32	69	0
71	29	0
58	40	0
94	85	0
88	91	0
86	90	0
23	89	0
21	39	0
53	55	0
45	64	0
37	27	0
19	7	0
42	66	0
10	44	0
63	1	0
71	88	0
85	56	0
97	13	0
14	49	0
3	3	0
82	97	0
7	89	0
57	13	0
56	44	0
72	12	0
17	0	0
49	13	0
21	35	0
2	26	1
46	20	0
57	5	0
37	78	0
54	22	0
36	90	0
71	2	0
27	41	0
48	63	0
63	16	0
89	63	0
64	74	0
43	65	0
53	99	0
82	85	0
2	15	1
92	59	0
13	62	0
79	73	0
53	88	0
19	36	0
18	61	0
95	49	0
30	86	0
93	97	0
67	84	0
46	10	0
42	54	0
75	62	0
50	93	0
77	49	0
97	72	0
78	24	0
17	69	0
7	61	0
71	89	0
76	42	0
57	63	0
58	8	0
29	20	0
68	69	0
25	42	0
12	67	0
37	44	0
52	43	0
24	16	0
61	30	0
8	89	0
26	40	0
16	64	0
2	65	0
78	59	0
29	24	0
60	12	0
95	22	0
81	0	0
54	68	0
1	61	0
66	27	0
42	37	0
10	13	1
19	20	1
76	71	0
76	17	0
44	41	0
50	66	0
50	85	0
17	94	0
25	61	0
45	88	0
28	38	0
75	86	0
49	36	0
27	81	0
14	15	1
52	25	0
4	46	0
54	54	0
65	16	0
32	72	0
85	55	0
56	43	0
55	48	0
42	18	0
4	68	0
69	59	0
70	52	0
40	35	0
76	56	0
81	76	0
74	38	0
62	13	0
85	74	0
85	19	0
7	76	0
70	79	0
27	11	0
51	32	0
4	1	0
9	54	0
13	85	0
29	91	0
27	51	0
93	31	0
16	50	0
57	97	0
13	84	0
99	66	0
54	66	0
86	41	0
16	2	0
63	19	0
46	6	0
13	3	0
23	82	0
51	61	0
82	73	0
71	46	0
15	1	0
26	37	0
64	12	0
0	78	0
71	5	0
37	70	0
56	29	0
70	97	0
8	39	0
5	92	0
92	61	0
26	20	0
83	73	0
64	56	0
69	42	0
44	30	0
92	33	0
88	68	0
21	66	0
3	91	0
23	51	0
4	86	0
8	97	0
93	31	0
30	52	0
1	98	0
53	10	0
66	0	0
41	45	0
28	20	0
72	43	0
38	21	0
26	80	0
27	35	0
64	10	0
3	44	0
92	47	0
87	7	0
57	53	0
36	5	0
45	24	0
10	99	0
55	76	0
34	65	0
11	8	1
37	14	0
2	83	0
1	77	0
67	55	0
86	43	0
44	34	0
30	73	0
26	31	0
92	89	0
66	27	0
37	84	0
64	98	0
21	17	0
6	90	0
66	15	0
60	68	0
38	40	0
98	69	0
32	70	0
96	23	0
82	16	0
99	23	0
88	85	0
47	55	0
23	84	0
87	11	0
34	2	0
73	81	0
68	69	0
17	40	0
67	41	0
64	82	0
85	12	0
95	48	0
15	65	0
53	45	0
28	28	0
86	23	0
49	49	0
69	12	0
92	91	0
81	74	0
52	70	0
73	30	0
61	67	0
8	92	0
37	2	0
6	95	0
17	76	0
64	67	0
77	98	0
88	13	0
98	91	0
76	1	0
15	9	1
85	75	0
68	9	0
99	35	0
74	55	0
54	41	0
20	65	0
60	92	0
54	72	0
8	42	0
8	42	0
42	91	0
2	75	0
49	2	0
41	55	0
11	61	0
44	34	0
12	20	1
2	40	0
98	47	0
57	31	0
0	43	0
24	89	0
70	62	0
2	9	0
87	76	0
18	82	0
58	45	0
37	58	0
88	50	0
59	43	0
1	8	0
9	11	1
4	52	0
27	59	0
86	74	0
61	46	0
95	71	0
5	54	0
67	58	0
17	73	0
0	11	0
76	78	0
0	16	1
30	69	0
43	8	0
30	27	0
9	76	0
35	87	0
3	3	0
79	38	0
63	62	0
79	66	0
77	81	0
46	88	0
33	19	0
2	67	0
10	12	1
43	65	0
41	49	0
57	51	0
83	11	0
