91	64	0
50	16	0
44	16	0
47	99	0
5	24	0
92	34	0
96	87	0
44	14	0
76	79	0
40	38	0
80	39	0
5	84	0
20	12	0
23	63	0
99	19	0
97	76	0
64	28	0
29	49	0
98	63	0
90	2	0
41	83	0
72	76	0
72	96	0
67	0	0
46	90	0
61	1	0
75	81	0
67	95	0
99	59	0
2	35	0
43	36	0
47	28	0
89	30	0
48	44	0
91	68	0
17	91	0
57	86	0
99	25	0
77	95	0
51	1	0
22	51	0
80	54	0
94	63	0
56	73	0
95	42	0
12	85	0
29	42	0
62	9	0
90	58	0
11	66	0
62	9	0
31	87	0
50	96	0
31	66	0
96	61	0
42	28	0
44	35	0
77	75	0
93	94	0
81	19	0
11	94	0
87	10	0
44	3	0
75	72	0
44	21	0
12	83	0
78	13	0
42	77	0
84	88	0
60	64	0
14	25	0
77	83	0
31	36	0
23	49	0
90	38	0
11	35	0
41	78	0
48	84	0
72	22	0
41	98	0
63	98	0
2	1	0
6	14	0
99	12	0
99	23	0
33	50	0
81	43	0
24	18	0
78	57	0
33	46	0
33	11	0
41	10	0
69	36	0
12	88	0
72	10	0
51	75	0
42	10	0
48	29	0
96	42	0
37	72	0
79	58	0
23	58	0
76	93	0
5	78	0
44	82	0
88	44	0
63	1	0
48	65	0
16	63	0
55	1	0
65	59	0
16	58	0
46	3	0
40	58	0
31	40	0
92	88	0
54	43	0
1	2	0
30	92	0
74	10	0
67	65	0
15	31	1
85	81	0
92	11	0
69	64	0
55	75	0
34	10	0
55	97	0
82	80	0
80	52	0
34	98	0
66	28	0
42	22	0
19	39	0
80	10	0
4	79	0
98	69	0
97	20	0
88	33	0
40	54	0
57	19	0
89	81	0
5	20	0
42	11	0
89	69	0
35	40	0
82	72	0
84	91	0
53	15	0
44	34	0
55	62	0
7	49	0
25	70	0
12	57	0
78	72	0
37	53	0
47	95	0
80	57	0
73	75	0
50	85	0
17	45	0
91	68	0
0	32	0
43	48	0
25	15	0
17	76	0
38	77	0
91	39	0
33	31	0
83	18	0
36	82	0
59	32	0
47	43	0
83	83	0
24	54	0
68	83	0
34	87	0
32	61	0
35	22	0
58	10	0
35	76	0
18	75	0
73	83	0
91	58	0
17	84	0
19	33	0
98	68	0
31	61	0
29	92	0
49	88	0
41	48	0
32	10	0
20	40	0
66	81	0
81	93	0
55	86	0
78	26	0
1	74	0
51	5	0
79	19	0
69	27	0
76	24	0
22	57	0
2	65	0
54	60	0
77	34	0
33	70	0
94	24	0
38	92	0
31	65	0
35	16	0
76	75	0
31	54	0
34	8	0
9	96	0
70	11	0
99	88	0
82	90	0
94	15	0
2	78	0
12	70	0
97	45	0
53	73	0
37	48	0
53	62	0
60	72	0
46	56	0
8	74	0
33	64	0
70	6	0
0	63	0
63	97	0
84	46	0
46	87	0
87	59	0
47	11	0
44	66	0
20	79	0
36	96	0
63	32	0
65	31	0
21	34	0
96	62	0
73	41	0
80	62	0
8	72	0
56	21	0
5	89	0
71	60	0
53	46	0
69	49	0
53	16	0
2	56	0
81	39	0
53	10	0
75	64	0
45	84	0
73	37	0
97	38	0
98	6	0
0	67	0
87	72	0
22	97	0
97	65	0
44	92	0
60	28	0
51	1	0
21	92	0
66	36	0
40	58	0
44	77	0
49	5	0
24	86	0
71	92	0
86	81	0
69	34	0
87	70	0
14	87	0
49	47	0
51	9	0
70	26	0
32	14	0
35	0	0
49	7	0
59	51	0
71	36	0
35	56	0
33	51	0
45	62	0
70	85	0
90	85	0
58	84	0
86	20	0
83	53	0
80	13	0
21	52	0
31	13	0
85	40	0
64	27	0
71	71	0
8	40	0
49	74	0
54	24	0
26	94	0
33	95	0
20	71	0
94	65	0
45	28	0
39	8	0
24	60	0
91	57	0
74	16	0
78	87	0
17	8	0
70	91	0
10	77	0
47	83	0
41	33	0
1	52	0
78	5	0
23	28	0
90	16	0
47	18	0
83	13	0
30	44	0
17	49	0
84	23	0
93	55	0
1	25	0
24	32	0
3	62	0
36	84	0
19	87	0
2	5	1
46	87	0
56	70	0
49	43	0
67	24	0
47	92	0
39	70	0
88	97	0
39	33	0
15	47	0
20	39	0
58	70	0
80	88	0
44	20	0
88	8	0
29	0	0
62	0	0
60	15	0
21	42	0
74	64	0
69	1	0
16	34	0
46	16	0
56	46	0
44	48	0
22	60	0
86	82	0
73	49	0
16	59	0
50	35	0
97	10	0
58	9	0
61	20	0
58	42	0
25	31	0
8	74	0
72	74	0
17	82	0
36	87	0
23	97	0
50	29	0
39	45	0
88	56	0
74	41	0
6	82	0
73	78	0
61	85	0
17	33	1
73	28	0
62	98	0
73	2	0
84	58	0
78	52	0
29	16	0
42	43	0
35	44	0
90	80	0
2	8	1
71	23	0
94	2	0
15	41	0
32	95	0
66	71	0
87	3	0
4	59	0
97	33	0
44	96	0
77	15	0
67	50	0
48	52	0
45	41	0
28	42	0
42	38	0
73	83	0
77	38	0
39	38	0
76	69	0
21	57	0
16	92	0
92	90	0
32	36	0
0	80	0
63	25	0
90	15	0
80	43	0
13	59	0
66	48	0
38	32	0
48	45	0
2	99	0
71	20	0
50	11	0
88	55	0
49	23	0
25	84	0
21	4	0
72	47	0
71	98	0
0	78	0
41	56	0
46	74	0
57	27	0
21	97	0
18	48	0
29	38	0
61	17	0
86	26	0
88	21	0
85	88	0
21	61	0
30	23	0
30	33	0
85	19	0
58	61	0
68	89	0
17	39	0
70	97	0
88	62	0
38	72	0
70	7	0
69	40	0
75	19	0
76	9	0
43	23	0
42	34	0
94	2	0
83	30	0
2	71	0
86	10	0
97	98	0
1	99	0
89	56	0
55	45	0
23	15	0
95	85	0
68	59	0
11	96	0
65	29	0
80	38	0
81	53	0
80	61	0
30	70	0
72	76	0
40	99	0
80	71	0
23	31	0
35	99	0
96	82	0
37	34	0
27	38	0
64	80	0
58	93	0
43	68	0
60	98	0
56	51	0
37	63	0
28	68	0
85	23	0
20	96	0
87	49	0
24	92	0
50	65	0
46	76	0
86	35	0
34	34	0
21	49	0
53	26	0
93	66	0
69	20	0
89	97	0
72	98	0
37	54	0
65	2	0
30	46	0
38	89	0
38	28	0
50	66	0
69	82	0
25	22	0
84	98	0
39	23	0
25	21	0
65	40	0
26	76	0
47	13	0
7	54	0
89	85	0
57	87	0
54	44	0
80	11	0
49	71	0
44	52	0
98	59	0
88	1	0
0	72	0
77	0	0
69	74	0
74	32	0
37	14	0
33	71	0
84	79	0
26	68	0
52	82	0
79	23	0
13	65	0
68	18	0
46	61	0
61	95	0
33	89	0
85	5	0
91	25	0
64	13	0
33	86	0
13	89	0
5	87	0
74	40	0
67	63	0
71	82	0
16	48	0
75	34	0
66	63	0
86	75	0
55	60	0
20	61	0
26	62	0
39	23	0
45	27	0
0	44	0
46	65	0
39	46	0
95	29	0
74	32	0
78	0	0
87	45	0
54	68	0
21	53	0
58	27	0
91	76	0
63	88	0
94	69	0
16	47	0
57	74	0
66	49	0
32	53	0
75	34	0
19	53	0
38	22	0
79	52	0
83	98	0
59	55	0
16	64	0
47	5	0
49	61	0
30	84	0
41	28	0
86	83	0
93	73	0
16	97	0
56	71	0
10	75	0
73	60	0
33	50	0
48	60	0
35	75	0
64	71	0
19	29	1
8	63	0
96	79	0
73	53	0
96	57	0
25	61	0
51	86	0
59	27	0
96	30	0
35	47	0
98	9	0
16	88	0
27	29	0
33	74	0
87	57	0
20	45	0
81	68	0
20	98	0
11	72	0
11	8	1
89	85	0
41	31	0
3	70	0
79	86	0
49	62	0
81	68	0
24	92	0
99	35	0
29	4	0
38	84	0
34	76	0
33	21	0
22	37	0
3	16	0
82	73	0
94	4	0
60	6	0
72	13	0
99	48	0
33	8	0
28	50	0
99	43	0
7	53	0
57	84	0
3	61	0
18	77	0
74	55	0
49	95	0
79	47	0
72	83	0
28	33	0
77	65	0
42	57	0
83	48	0
16	75	0
46	34	0
34	74	0
84	32	0
60	36	0
98	76	0
96	97	0
84	80	0
32	68	0
18	30	0
58	40	0
45	76	0
34	16	0
23	1	0
37	74	0
18	40	0
61	3	0
71	81	0
74	64	0
92	15	0
6	49	0
64	88	0
0	93	0
56	11	0
67	52	0
66	19	0
35	19	0
25	34	0
37	14	0
72	7	0
40	87	0
57	31	0
30	80	0
77	15	0
32	44	0
49	63	0
76	21	0
91	70	0
60	72	0
33	68	0
51	88	0
74	84	0
83	48	0
22	66	0
74	74	0
62	95	0
17	44	0
23	53	0
98	34	0
32	87	0
97	86	0
70	86	0
46	0	0
58	58	0
90	56	0
68	84	0
84	51	0
96	78	0
81	30	0
12	63	0
6	57	0
69	87	0
75	41	0
55	62	0
57	9	0
30	14	0
85	69	0
25	32	0
11	62	0
42	51	0
54	37	0
38	18	0
48	31	0
14	85	0
23	39	0
8	63	0
15	73	0
71	45	0
18	21	0
64	12	0
98	29	0
79	0	0
57	77	0
4	57	0
61	29	0
50	34	0
57	80	0
94	14	0
33	43	0
55	61	0
54	80	0
19	97	0
39	67	0
37	85	0
26	25	0
75	81	0
43	48	0
32	85	0
62	29	0
14	41	0
60	60	0
60	24	0
31	73	0
82	40	0
54	43	0
45	46	0
31	13	0
8	63	0
75	71	0
73	66	0
42	43	0
86	60	0
85	73	0
73	27	0
62	8	0
77	79	0
76	13	0
6	67	0
75	77	0
39	20	0
72	39	0
19	65	0
14	88	0
38	92	0
29	55	0
96	28	0
19	54	0
49	99	0
18	86	0
99	70	0
56	62	0
83	38	0
22	2	0
51	21	0
59	2	0
11	80	0
64	58	0
83	64	0
72	47	0
15	2	0
23	46	0
71	12	0
8	81	0
76	0	0
47	66	0
48	23	0
78	94	0
4	22	0
21	89	0
96	53	0
33	13	0
97	83	0
60	65	0
74	52	0
43	28	0
89	31	0
93	75	0
7	67	0
0	80	0
20	53	0
9	88	0
2	88	0
81	26	0
44	41	0
5	94	0
53	9	0
69	7	0
43	52	0
75	47	0
47	22	0
26	62	0
28	28	0
84	13	0
11	40	0
88	62	0
93	4	0
58	54	0
28	16	0
56	11	0
12	93	0
54	74	0
39	62	0
38	16	0
2	87	0
7	87	0
69	54	0
94	39	0
41	27	0
30	78	0
99	94	0
53	31	0
58	75	0
66	86	0
1	78	0
74	25	0
56	61	0
23	36	0
96	75	0
45	67	0
98	16	0
73	14	0
88	21	0
78	94	0
43	64	0
37	79	0
82	22	0
29	7	0
63	96	0
68	76	0
19	49	0
72	42	0
67	92	0
80	10	0
97	53	0
30	76	0
60	50	0
33	31	0
85	21	0
31	48	0
68	0	0
91	97	0
77	66	0
52	79	0
81	24	0
77	75	0
8	88	0
39	5	0
16	92	0
2	65	0
66	68	0
69	92	0
75	9	0
93	96	0
83	11	0
82	78	0
65	5	0
86	35	0
83	44	0
53	36	0
12	76	0
58	88	0
57	76	0
16	52	0
8	37	0
33	98	0
11	65	0
41	1	0
30	52	0
12	62	0
42	33	0
0	41	0
96	52	0
51	22	0
10	50	0
26	85	0
77	80	0
0	2	0
90	63	0
16	68	0
61	44	0
31	60	0
91	49	0
58	41	0
0	8	0
0	49	0
23	60	0
90	64	0
74	51	0
95	64	0
6	56	0
73	60	0
8	79	0
5	21	0
88	57	0
27	63	0
40	12	0
35	29	0
11	84	0
33	89	0
4	3	1
82	45	0
72	68	0
76	57	0
76	76	0
39	76	0
45	23	0
4	68	0
53	69	0
37	45	0
61	52	0
86	15	0
