92	63	0
47	18	0
42	16	0
45	99	0
6	25	0
96	34	0
95	87	0
41	17	0
70	80	0
34	36	0
81	39	0
5	84	0
16	10	0
23	61	0
99	23	0
97	74	0
65	29	0
34	49	0
98	61	0
93	1	0
43	83	0
70	78	0
74	94	0
70	1	0
44	87	0
62	0	0
76	82	0
68	94	0
99	62	0
2	35	0
46	40	0
46	26	0
85	29	0
48	46	0
89	63	0
15	90	0
59	89	0
97	24	0
78	97	0
54	2	0
21	48	0
79	51	0
91	65	0
56	74	0
96	42	0
15	84	0
28	43	0
61	9	0
89	60	0
14	67	0
62	7	0
29	83	0
49	95	0
32	67	0
97	62	0
40	26	0
42	31	0
77	73	0
97	98	0
79	17	0
11	98	0
88	9	0
41	4	0
77	69	0
42	17	0
13	82	0
80	11	0
44	77	0
82	93	0
60	66	0
12	24	0
79	83	0
30	38	0
23	48	0
88	35	0
8	33	0
40	77	0
45	85	0
69	19	0
41	98	0
60	96	0
3	2	0
7	17	0
96	13	0
96	27	0
36	50	0
85	39	0
22	19	0
79	57	0
31	45	0
34	10	0
43	7	0
72	36	0
12	87	0
71	8	0
52	78	0
41	10	0
46	31	0
93	44	0
32	72	0
80	56	0
18	55	0
73	90	0
8	78	0
41	81	0
88	47	0
62	2	0
50	69	0
17	66	0
55	0	0
59	56	0
13	60	0
46	6	0
39	54	0
35	37	0
93	90	0
53	45	0
4	3	1
26	91	0
76	6	0
64	64	0
19	32	1
84	77	0
94	9	0
69	67	0
54	76	0
31	12	0
54	99	0
81	82	0
82	53	0
33	96	0
67	29	0
43	23	0
18	42	0
84	10	0
5	77	0
96	70	0
99	21	0
88	31	0
40	57	0
60	16	0
86	83	0
8	17	0
44	16	0
91	68	0
34	38	0
80	75	0
85	90	0
51	17	0
45	29	0
56	62	0
6	45	0
24	70	0
12	60	0
79	73	0
39	50	0
45	96	0
78	60	0
71	76	0
52	85	0
18	47	0
90	65	0
1	30	0
41	51	0
25	16	0
23	78	0
36	78	0
91	35	0
33	33	0
86	17	0
35	85	0
59	32	0
47	45	0
78	81	0
24	56	0
64	84	0
35	87	0
33	57	0
34	24	0
59	12	0
37	76	0
19	79	0
77	81	0
90	57	0
12	86	0
19	36	0
98	69	0
27	62	0
30	90	0
54	87	0
41	50	0
29	12	0
19	42	0
68	85	0
81	93	0
55	85	0
74	27	0
2	73	0
52	3	0
80	21	0
69	28	0
74	25	0
23	59	0
1	66	0
52	59	0
75	32	0
35	69	0
96	26	0
39	90	0
31	63	0
37	14	0
79	74	0
30	55	0
33	4	0
9	95	0
69	11	0
98	85	0
80	89	0
93	16	0
2	78	0
13	72	0
98	45	0
52	71	0
40	47	0
50	62	0
55	72	0
49	61	0
9	77	0
34	64	0
70	7	0
0	66	0
65	93	0
83	47	0
40	89	0
86	60	0
51	13	0
48	68	0
22	82	0
33	98	0
60	33	0
68	28	0
21	38	0
95	62	0
78	42	0
77	63	0
8	71	0
56	20	0
4	87	0
71	62	0
52	47	0
66	46	0
53	18	0
4	58	0
83	35	0
49	8	0
76	66	0
47	82	0
69	33	0
96	34	0
95	5	0
0	69	0
89	71	0
23	95	0
99	67	0
45	92	0
65	28	0
54	0	0
21	94	0
69	38	0
40	59	0
42	79	0
49	5	0
23	89	0
71	91	0
86	79	0
75	35	0
88	71	0
16	88	0
44	49	0
52	10	0
65	25	0
28	14	0
36	1	0
48	6	0
57	56	0
74	35	0
33	53	0
33	53	0
43	64	0
70	88	0
91	85	0
59	80	0
82	15	0
81	52	0
81	12	0
23	53	0
29	16	0
85	38	0
66	30	0
75	76	0
6	41	0
51	75	0
52	21	0
28	93	0
34	93	0
22	73	0
94	65	0
44	23	0
37	9	0
24	59	0
87	59	0
70	18	0
77	91	0
11	7	0
68	88	0
7	77	0
49	85	0
41	32	0
0	51	0
80	5	0
24	35	0
87	14	0
54	13	0
84	12	0
33	43	0
17	48	0
84	24	0
91	59	0
2	22	0
21	33	0
5	64	0
35	84	0
16	87	0
2	8	1
45	85	0
54	76	0
48	44	0
70	26	0
48	95	0
41	68	0
91	96	0
39	32	0
18	48	0
22	40	0
59	74	0
81	88	0
40	25	0
87	7	0
26	2	0
66	2	0
61	14	0
22	41	0
76	63	0
73	2	0
12	35	0
45	18	0
55	43	0
45	48	0
24	56	0
87	83	0
73	49	0
15	57	0
53	34	0
95	9	0
57	7	0
63	20	0
53	39	0
27	32	0
9	73	0
71	76	0
15	79	0
34	87	0
22	99	0
51	27	0
39	45	0
92	51	0
75	46	0
3	83	0
77	78	0
62	82	0
14	32	1
76	27	0
65	97	0
75	0	0
82	58	0
81	52	0
29	15	0
40	45	0
34	40	0
89	80	0
1	5	1
68	22	0
91	2	0
19	37	0
31	92	0
64	74	0
84	4	0
4	60	0
96	32	0
46	97	0
77	19	0
66	48	0
50	53	0
48	42	0
29	40	0
40	35	0
72	80	0
81	39	0
42	32	0
76	72	0
25	58	0
17	92	0
92	90	0
29	34	0
0	82	0
65	26	0
92	16	0
81	44	0
9	57	0
65	46	0
38	35	0
45	45	0
1	99	0
70	18	0
50	9	0
89	54	0
50	19	0
26	80	0
21	5	0
72	49	0
68	94	0
3	76	0
45	55	0
45	71	0
56	24	0
22	99	0
15	47	0
29	39	0
61	18	0
85	25	0
91	18	0
86	92	0
23	60	0
31	25	0
32	31	0
86	17	0
60	60	0
71	89	0
19	41	0
72	96	0
86	65	0
36	75	0
69	9	0
67	39	0
75	23	0
73	8	0
47	21	0
44	31	0
93	1	0
81	33	0
0	71	0
86	12	0
92	99	0
1	98	0
87	54	0
52	45	0
22	16	0
95	85	0
68	58	0
12	99	0
63	24	0
82	37	0
81	55	0
78	62	0
30	70	0
74	78	0
42	96	0
83	72	0
16	27	0
38	98	0
93	83	0
36	37	0
29	35	0
63	80	0
59	95	0
43	68	0
58	98	0
57	50	0
36	66	0
30	68	0
87	20	0
20	99	0
85	46	0
27	93	0
52	66	0
44	77	0
87	35	0
34	39	0
23	51	0
52	25	0
92	63	0
66	14	0
87	99	0
72	99	0
38	55	0
61	3	0
31	42	0
39	90	0
39	24	0
50	66	0
70	80	0
26	23	0
89	98	0
40	25	0
25	20	0
65	39	0
22	78	0
47	14	0
4	56	0
87	83	0
57	87	0
57	46	0
82	11	0
46	73	0
45	54	0
99	59	0
86	5	0
5	70	0
79	1	0
72	72	0
76	34	0
38	15	0
34	69	0
84	78	0
27	63	0
50	83	0
78	25	0
12	58	0
68	20	0
44	60	0
65	95	0
34	92	0
89	7	0
93	29	0
63	15	0
34	86	0
12	88	0
7	87	0
71	43	0
69	62	0
69	80	0
13	45	0
72	32	0
65	64	0
87	77	0
53	60	0
22	60	0
28	62	0
39	24	0
45	21	0
0	43	0
42	67	0
37	45	0
92	31	0
74	32	0
75	0	0
87	44	0
57	70	0
22	56	0
58	27	0
92	78	0
63	89	0
93	69	0
18	50	0
58	71	0
71	45	0
30	51	0
76	33	0
19	56	0
40	22	0
80	51	0
85	97	0
57	56	0
16	61	0
49	5	0
53	59	0
30	86	0
37	32	0
84	83	0
92	72	0
16	98	0
62	73	0
13	71	0
77	57	0
33	49	0
48	65	0
34	75	0
61	73	0
18	28	1
10	63	0
93	79	0
71	55	0
96	56	0
23	63	0
53	89	0
56	28	0
93	26	0
39	44	0
98	11	0
21	88	0
28	32	0
35	74	0
85	56	0
20	42	0
82	62	0
16	98	0
13	71	0
12	12	1
93	85	0
39	31	0
2	69	0
77	89	0
53	65	0
82	70	0
21	91	0
99	34	0
30	1	0
36	87	0
34	77	0
37	21	0
20	38	0
6	17	0
81	73	0
95	5	0
58	4	0
70	16	0
99	46	0
34	11	0
26	51	0
97	42	0
6	52	0
58	81	0
0	61	0
23	76	0
70	56	0
48	94	0
81	49	0
70	85	0
29	37	0
75	63	0
42	58	0
78	51	0
17	76	0
47	34	0
30	79	0
82	31	0
59	35	0
98	72	0
93	99	0
88	78	0
36	67	0
15	25	0
57	39	0
46	75	0
32	16	0
25	2	0
35	73	0
18	37	0
64	3	0
69	81	0
74	65	0
94	13	0
6	47	0
65	87	0
6	93	0
55	8	0
69	53	0
62	21	0
34	19	0
25	37	0
35	15	0
73	9	0
38	87	0
55	30	0
34	81	0
77	13	0
32	43	0
47	61	0
74	20	0
88	70	0
64	70	0
36	66	0
49	90	0
76	83	0
85	46	0
24	69	0
74	76	0
65	94	0
18	42	0
19	51	0
97	35	0
30	87	0
97	88	0
72	87	0
46	1	0
57	61	0
94	57	0
65	84	0
82	51	0
92	77	0
83	31	0
7	62	0
8	59	0
72	85	0
76	43	0
54	62	0
56	11	0
32	14	0
86	66	0
21	30	0
10	60	0
41	50	0
53	39	0
38	22	0
46	32	0
15	86	0
24	35	0
6	59	0
14	77	0
70	47	0
18	23	0
64	11	0
97	30	0
79	0	0
55	79	0
9	57	0
60	30	0
51	35	0
57	83	0
93	12	0
33	38	0
54	62	0
50	79	0
19	99	0
39	71	0
37	85	0
27	25	0
76	81	0
38	46	0
33	86	0
64	29	0
12	40	0
59	63	0
63	21	0
29	78	0
78	38	0
50	42	0
46	46	0
31	10	0
7	66	0
77	67	0
75	65	0
40	47	0
88	59	0
80	74	0
70	25	0
61	6	0
77	81	0
79	13	0
7	66	0
76	81	0
40	21	0
71	38	0
21	69	0
13	87	0
34	93	0
28	56	0
95	26	0
18	51	0
51	98	0
17	86	0
99	71	0
56	61	0
85	37	0
24	3	0
48	26	0
61	2	0
9	82	0
59	58	0
85	65	0
72	47	0
18	0	0
23	43	0
72	13	0
8	84	0
79	3	0
49	67	0
47	28	0
82	94	0
2	23	0
19	91	0
98	52	0
34	14	0
94	82	0
58	63	0
71	51	0
41	31	0
90	31	0
95	78	0
7	67	0
0	79	0
19	54	0
8	87	0
6	90	0
78	25	0
45	44	0
4	94	0
51	7	0
69	5	0
41	53	0
75	53	0
48	20	0
30	59	0
28	30	0
82	16	0
12	39	0
89	63	0
93	6	0
55	53	0
28	19	0
58	11	0
13	94	0
56	74	0
38	62	0
37	16	0
3	92	0
4	87	0
66	54	0
96	38	0
39	27	0
27	77	0
98	93	0
50	31	0
56	75	0
70	89	0
2	78	0
70	24	0
54	58	0
20	38	0
97	74	0
47	66	0
97	14	0
75	14	0
84	22	0
76	93	0
45	68	0
35	78	0
82	24	0
34	9	0
67	95	0
66	74	0
18	54	0
70	44	0
67	95	0
80	9	0
97	52	0
31	76	0
60	51	0
31	30	0
84	22	0
34	49	0
66	3	0
88	98	0
75	65	0
53	76	0
79	29	0
76	76	0
9	87	0
41	3	0
14	97	0
1	64	0
67	66	0
72	93	0
74	5	0
94	95	0
84	10	0
80	83	0
67	3	0
83	33	0
83	40	0
57	37	0
11	80	0
62	89	0
56	72	0
17	56	0
9	37	0
32	99	0
7	62	0
42	6	0
32	51	0
14	63	0
43	35	0
1	44	0
94	52	0
52	22	0
9	52	0
26	85	0
77	81	0
0	1	0
90	66	0
18	69	0
59	44	0
33	64	0
87	52	0
56	37	0
0	8	0
1	48	0
26	57	0
92	60	0
72	52	0
96	64	0
6	55	0
75	63	0
4	79	0
4	23	0
89	58	0
27	66	0
44	13	0
38	31	0
10	85	0
30	89	0
2	1	1
81	47	0
70	66	0
74	57	0
78	76	0
40	74	0
45	25	0
5	68	0
51	67	0
36	46	0
59	51	0
86	17	0
