96	65	0
25	17	0
62	99	0
15	4	0
88	40	0
87	99	0
45	78	0
67	46	0
2	85	0
0	5	0
16	87	0
94	46	0
66	81	0
33	34	0
86	88	0
97	42	0
46	97	0
38	84	0
65	74	0
44	12	0
78	74	0
90	89	0
74	85	0
6	19	0
80	13	0
68	74	0
34	97	0
80	22	0
65	88	0
48	66	0
78	80	0
98	51	0
96	25	0
19	73	1
89	80	0
15	66	1
39	1	0
8	72	0
34	84	0
81	48	0
31	14	0
97	92	0
86	88	0
97	19	0
30	81	1
93	11	0
25	29	0
69	88	0
5	87	0
90	7	0
65	92	0
6	21	0
75	83	0
88	27	0
24	86	0
60	96	0
83	16	0
26	87	0
32	89	1
24	6	0
94	4	0
77	32	0
47	78	0
86	23	0
61	45	0
78	35	0
9	98	0
47	87	0
75	12	1
91	64	0
72	97	0
5	69	0
40	98	0
97	57	0
76	17	0
53	11	1
48	33	0
33	5	0
72	57	0
3	83	0
90	27	0
48	68	0
84	53	0
83	4	0
72	95	0
64	90	0
7	32	0
65	78	0
86	72	0
76	42	0
19	99	0
67	44	0
90	61	0
94	29	0
98	40	0
10	51	0
7	21	0
91	57	0
50	82	0
51	61	1
53	76	0
56	99	0
73	34	0
70	71	0
72	74	0
88	64	0
26	15	0
17	12	0
20	83	1
77	53	0
93	5	0
24	96	0
22	40	0
64	73	0
60	87	0
56	74	0
43	0	0
55	82	0
71	83	0
80	56	0
18	92	0
89	81	0
1	74	0
52	58	1
18	49	0
74	79	0
95	69	0
48	68	0
67	40	0
91	37	0
23	89	0
54	80	0
23	43	0
48	80	0
39	23	0
90	87	0
28	96	0
93	4	0
79	38	0
64	91	0
71	81	0
62	75	0
23	42	0
22	64	0
60	90	0
81	67	0
40	90	0
56	86	0
71	19	0
23	69	1
45	92	0
28	26	0
80	60	0
66	42	0
77	67	0
84	37	0
10	92	0
61	49	0
90	36	0
60	35	0
52	18	0
95	29	0
67	80	0
80	97	0
84	66	0
94	25	0
96	32	0
89	77	0
31	93	0
68	84	0
48	93	0
79	32	0
12	96	0
88	15	0
23	45	0
27	88	0
23	97	0
82	76	0
74	80	0
87	52	0
84	58	0
46	87	0
73	1	1
84	63	0
48	6	0
46	28	0
86	41	0
28	72	0
67	82	0
76	66	0
75	1	0
86	48	0
95	39	0
77	65	0
70	84	0
57	70	1
57	13	0
6	87	0
0	91	0
83	66	0
75	66	0
87	7	0
96	83	0
21	6	0
29	90	0
53	92	0
89	9	0
89	9	0
93	29	0
76	24	0
66	46	0
2	3	0
23	98	0
2	78	1
45	86	0
57	69	0
93	42	0
64	87	0
95	82	0
72	38	0
82	80	0
76	17	0
13	10	0
37	7	0
34	25	0
94	39	0
83	15	0
9	49	0
22	24	0
93	85	0
96	75	0
75	23	0
98	15	0
60	7	0
84	14	0
36	14	0
96	88	0
28	87	0
8	96	0
35	41	0
75	44	0
62	60	0
64	78	0
85	84	0
75	24	0
73	80	0
97	39	0
83	56	0
63	48	0
95	71	0
66	16	0
90	13	0
27	52	0
67	97	0
94	30	0
20	85	0
99	42	0
68	97	0
95	34	0
60	19	0
55	50	0
57	96	0
73	87	0
24	91	0
94	81	0
2	90	0
94	2	0
93	11	0
59	76	0
12	95	0
74	39	0
93	66	0
28	7	0
50	92	0
32	85	1
55	77	0
5	31	0
87	34	0
92	10	0
78	98	0
17	28	0
69	30	0
66	86	0
5	20	0
47	84	0
84	49	0
26	92	0
84	9	0
80	17	0
92	60	0
15	82	0
64	19	0
90	90	0
33	94	0
67	58	0
9	37	0
63	89	0
60	45	0
16	70	1
61	27	1
93	42	0
76	52	0
71	57	0
0	38	0
90	65	0
20	98	0
92	55	0
7	91	0
87	87	0
39	18	0
75	59	0
58	91	0
55	96	0
82	54	0
74	12	0
0	82	0
72	41	0
26	98	0
80	28	0
89	45	0
72	26	0
85	73	0
51	99	0
57	95	0
27	99	0
97	84	0
73	87	0
26	0	0
10	81	0
77	92	0
69	91	0
63	51	0
69	27	0
34	80	1
79	60	0
99	3	0
17	75	1
91	3	0
50	69	1
90	82	0
64	84	0
79	24	0
91	11	0
74	90	0
29	99	0
92	11	0
93	2	0
71	21	0
6	54	0
13	96	0
13	86	0
83	84	0
87	93	0
76	90	0
85	68	0
74	65	0
8	99	0
16	74	1
28	18	0
1	9	0
45	39	0
97	25	0
81	37	0
71	58	0
53	16	0
87	79	0
65	78	0
86	53	0
33	84	1
76	62	0
22	8	0
97	38	0
55	98	0
41	41	0
23	92	0
72	94	0
96	74	0
30	84	1
12	77	0
42	64	0
66	77	0
54	95	0
12	47	0
79	65	0
83	53	0
89	68	0
39	76	0
68	79	0
89	16	0
83	6	0
12	84	0
45	95	0
85	75	0
70	71	0
6	92	0
16	83	0
79	95	0
28	25	0
8	82	0
66	89	0
59	72	0
80	82	0
7	92	0
72	47	0
20	4	0
46	92	0
9	94	0
0	16	0
82	67	0
82	14	0
78	24	0
76	15	1
13	22	0
15	55	0
74	29	0
64	72	0
28	91	0
56	56	0
86	87	0
81	39	0
74	83	0
64	52	1
72	86	0
7	67	0
79	59	0
54	40	0
98	42	0
96	89	0
79	74	0
62	53	0
63	54	0
51	74	0
96	79	0
96	3	0
60	79	0
6	98	0
62	32	0
68	22	0
69	16	0
27	71	1
77	20	0
74	27	0
27	26	0
60	93	0
68	64	0
40	90	0
63	99	0
80	63	0
82	27	0
86	68	0
91	97	0
90	43	0
89	85	0
39	87	0
73	79	0
78	47	0
46	91	0
81	81	0
73	67	0
92	24	0
2	71	1
54	74	0
82	19	0
60	39	0
85	86	0
75	58	0
18	86	0
24	88	0
79	31	0
83	32	0
96	46	0
93	11	0
81	83	0
90	17	0
81	39	0
18	71	1
13	92	0
20	77	1
11	92	0
57	50	1
48	27	0
38	63	0
54	79	0
66	2	0
14	88	0
81	50	0
22	13	0
23	64	0
79	71	0
72	60	0
83	61	0
81	53	0
69	61	0
82	51	0
9	39	0
93	89	0
70	57	0
47	88	0
8	70	0
88	19	0
55	93	0
20	90	0
99	42	0
64	32	0
20	18	0
25	33	0
15	64	0
78	55	0
95	40	0
28	7	0
57	9	0
46	83	0
91	81	0
20	5	0
49	78	0
67	27	0
91	62	0
72	66	0
64	90	0
6	44	0
96	43	0
93	68	0
7	84	0
25	81	1
26	96	0
5	98	0
65	36	0
88	15	0
6	17	0
86	29	0
85	20	0
41	33	0
20	97	0
58	83	0
12	78	0
21	25	0
20	73	1
19	94	0
62	56	0
83	44	0
63	90	0
56	67	1
22	93	0
77	42	0
12	3	0
84	58	0
53	56	1
92	30	0
74	27	0
74	32	0
57	91	0
64	9	1
38	99	0
85	43	0
67	99	0
77	56	0
84	46	0
60	92	0
40	74	1
92	34	0
96	98	0
82	84	0
57	87	0
89	19	0
69	77	0
65	20	0
30	89	0
90	52	0
94	89	0
83	7	0
98	96	0
83	20	0
86	69	0
8	91	0
75	98	0
67	77	0
0	15	0
12	99	0
11	69	0
85	29	0
26	96	0
59	81	0
84	43	0
12	68	1
79	46	0
23	97	0
85	46	0
93	59	0
73	48	0
85	24	0
2	84	0
11	5	0
64	74	0
21	63	0
27	10	0
3	91	0
36	84	1
97	52	0
80	81	0
89	61	0
90	78	0
77	47	0
3	83	0
84	23	0
94	31	0
