90	62	0
34	28	0
12	17	0
92	43	0
93	82	0
70	43	0
5	79	0
1	3	0
14	91	0
81	33	0
75	80	0
26	28	0
64	71	0
89	56	0
67	66	0
44	31	0
93	89	0
98	80	0
68	91	0
8	31	0
67	79	0
77	29	0
50	67	0
69	84	0
83	52	0
98	27	0
91	76	0
36	3	0
86	30	0
37	15	0
96	60	0
94	69	0
90	7	0
17	35	0
51	79	1
5	85	0
18	36	0
75	75	0
90	44	0
56	81	1
5	20	0
90	13	0
63	33	1
45	35	0
81	45	0
85	67	0
15	59	0
97	58	0
46	37	0
28	8	0
60	58	0
0	97	0
89	21	0
41	71	0
85	63	0
93	11	0
86	90	0
54	83	1
5	24	0
73	88	0
82	59	0
82	40	0
52	45	0
86	41	0
85	37	0
85	36	0
29	57	0
19	21	0
82	79	0
42	86	0
79	39	0
61	65	0
80	72	0
80	76	0
25	18	0
13	18	0
84	68	0
95	5	0
11	50	0
80	82	0
56	79	1
54	72	1
48	20	0
70	79	0
77	53	0
9	88	0
94	92	0
7	99	1
15	57	0
91	84	0
99	67	0
51	91	1
70	49	0
93	29	0
49	56	0
11	49	0
57	8	0
81	84	0
76	3	0
87	55	0
80	96	0
55	63	0
65	78	1
17	22	0
72	97	0
35	82	0
23	29	0
62	40	0
62	90	1
67	44	0
90	26	0
50	22	0
73	66	0
69	90	0
84	65	0
96	27	0
85	84	0
77	85	0
59	66	0
11	42	0
76	63	0
75	73	0
95	60	0
91	36	0
86	66	0
62	16	0
42	26	0
83	50	0
29	80	0
83	77	0
98	47	0
93	26	0
60	97	1
56	21	0
1	98	1
96	56	0
90	73	0
14	20	0
94	11	0
84	26	0
86	28	0
7	8	0
37	79	0
89	49	0
68	94	0
84	89	0
71	30	1
54	96	0
2	18	0
37	18	0
53	35	0
62	40	0
1	58	0
52	8	0
94	82	0
91	51	0
62	4	0
25	15	0
98	87	0
32	72	0
35	28	0
63	54	0
77	69	0
53	83	1
82	76	0
74	26	0
75	98	0
95	29	0
85	79	0
53	29	0
93	77	0
63	15	0
41	52	0
72	89	0
89	40	0
92	43	0
83	94	0
99	43	0
35	47	0
63	87	1
22	78	0
81	79	0
1	92	0
94	36	0
97	67	0
40	4	0
49	49	0
23	13	0
95	29	0
67	88	1
9	39	0
75	28	0
70	75	0
24	37	0
85	43	0
78	11	0
94	65	0
72	34	0
94	94	0
21	43	0
82	56	0
94	38	0
56	45	0
2	53	0
97	74	0
88	61	0
18	86	0
74	88	0
38	28	0
74	93	0
92	47	0
69	3	0
60	42	0
71	31	1
95	54	0
86	78	0
93	85	0
77	95	0
14	16	0
3	74	0
83	93	0
64	92	1
49	14	0
90	55	0
91	11	0
98	86	0
61	68	0
67	77	0
99	6	0
92	39	0
8	39	0
6	96	1
88	86	0
95	95	0
92	86	0
71	63	0
60	76	0
11	85	0
25	30	0
4	11	0
41	35	0
88	38	0
66	63	1
69	7	0
72	91	0
78	74	0
85	49	0
32	13	0
89	41	0
62	89	1
63	24	0
62	77	1
97	59	0
12	44	0
58	84	1
10	41	0
69	79	0
95	44	0
90	71	0
80	31	0
88	62	0
60	59	1
3	94	1
81	97	0
17	15	0
0	89	0
56	77	1
64	65	1
85	99	0
6	80	0
86	58	0
6	4	0
12	81	0
10	11	0
89	60	0
17	32	0
6	31	0
80	33	0
69	70	0
89	81	0
82	57	0
79	73	0
70	81	0
6	84	0
90	61	0
67	28	0
92	34	0
73	88	0
83	61	0
41	85	0
93	75	0
50	73	0
6	92	1
73	40	0
37	37	0
49	80	0
37	71	0
62	84	1
97	56	0
86	28	0
64	63	0
94	77	0
92	38	0
95	98	0
90	67	0
62	20	0
80	76	0
91	55	0
98	29	0
44	64	0
68	33	1
90	88	0
86	65	0
25	72	0
83	36	0
82	35	0
88	42	0
95	86	0
74	58	0
0	99	0
39	34	0
22	70	0
61	11	0
0	87	0
83	52	0
13	13	0
16	57	0
54	66	0
78	85	0
72	59	0
63	46	0
86	42	0
10	40	0
88	80	0
63	88	1
79	8	0
8	99	1
97	48	0
16	9	0
21	33	0
71	41	0
96	32	0
18	5	0
44	7	0
53	61	0
99	84	0
26	4	0
66	6	0
82	87	0
59	86	0
25	46	0
94	52	0
85	61	0
13	98	1
7	97	0
50	35	0
94	47	0
21	36	0
82	31	0
73	12	0
35	32	0
27	40	0
81	40	0
59	91	1
77	43	0
15	14	0
95	54	0
74	44	0
73	55	0
49	95	0
59	52	0
67	41	0
82	44	0
93	88	0
86	82	0
74	75	0
74	23	0
90	52	0
85	97	0
93	96	0
76	64	0
83	93	0
48	85	1
9	8	0
29	91	0
86	50	0
74	26	0
87	51	0
76	46	0
95	60	0
89	41	0
25	81	0
6	12	0
44	87	0
25	73	0
41	3	0
8	87	0
96	47	0
98	86	0
82	45	0
91	96	0
98	39	0
