99	66	0
24	10	0
60	96	0
6	5	0
94	46	0
98	97	0
41	77	0
59	22	1
77	53	0
2	88	0
3	8	0
19	95	0
97	38	0
65	76	0
37	33	0
87	73	0
95	26	0
57	99	0
36	76	0
85	65	0
50	16	0
26	81	0
58	26	1
82	68	0
81	79	0
82	79	0
8	24	0
47	39	0
86	23	0
83	69	0
8	75	0
31	93	0
84	10	0
66	92	0
33	7	1
52	70	0
79	72	0
98	65	0
62	58	0
97	34	0
13	68	0
66	1	1
92	67	0
17	76	0
52	1	0
10	73	0
34	94	0
25	64	1
88	53	0
44	37	0
31	14	0
96	86	0
89	98	0
89	16	0
29	83	0
98	13	0
16	13	0
75	88	0
2	90	0
88	8	0
25	65	0
64	88	0
45	61	1
12	27	0
72	78	0
84	32	0
21	92	0
47	98	0
69	30	0
33	93	0
46	94	0
18	15	0
98	15	0
79	25	0
49	74	0
88	30	0
77	61	0
54	14	1
61	37	0
1	98	0
73	8	0
51	80	0
59	31	1
86	4	0
91	64	0
2	62	0
72	88	0
2	77	0
34	98	0
98	60	0
82	29	0
35	72	0
74	6	0
60	47	0
10	70	0
34	4	0
67	68	0
56	30	0
4	99	0
96	28	0
42	75	0
78	68	0
88	0	0
63	84	0
65	83	0
2	26	0
60	87	0
89	85	0
80	51	0
23	88	0
68	37	0
77	1	0
96	59	0
90	32	0
98	49	0
24	48	0
54	66	0
8	21	0
47	32	0
87	64	0
51	77	0
62	75	0
60	16	1
44	36	0
63	73	0
47	59	0
40	98	0
74	41	0
62	70	0
57	76	0
90	54	0
26	14	0
47	36	0
20	16	0
19	78	0
28	54	1
77	47	0
51	37	1
88	8	0
26	86	0
24	38	0
67	74	0
25	70	1
57	62	0
43	75	0
41	4	0
48	14	1
39	90	0
27	68	1
72	79	0
96	57	0
24	96	0
87	74	0
30	56	0
17	75	0
51	72	0
16	38	0
75	82	0
92	81	0
44	70	0
82	49	0
54	54	0
57	21	1
65	16	0
47	58	1
56	18	1
25	64	1
93	32	0
29	98	0
28	59	1
71	86	0
44	48	1
29	22	0
42	79	0
53	14	0
95	99	0
30	83	0
99	10	0
23	78	0
99	32	0
59	98	0
74	78	0
64	60	0
30	53	0
10	64	0
60	0	0
69	94	0
99	51	0
45	87	0
65	72	0
85	18	0
57	77	0
36	82	0
35	86	0
25	18	0
64	22	0
80	52	0
57	43	0
74	66	0
69	28	0
19	96	0
55	63	0
87	38	0
73	42	0
46	8	0
7	40	1
94	27	0
76	84	0
70	91	0
74	60	0
95	28	0
94	20	0
1	33	1
87	77	0
37	93	0
72	84	0
43	93	0
36	38	0
93	32	0
21	98	0
88	23	0
24	49	0
26	85	0
52	12	1
27	98	0
72	89	0
78	79	0
93	59	0
93	53	0
24	90	0
47	80	0
77	11	0
83	57	0
46	7	0
33	31	0
42	56	1
75	37	0
24	58	0
40	45	0
23	73	0
73	95	0
96	58	0
54	72	0
93	3	0
90	42	0
64	10	1
97	46	0
67	55	0
69	81	0
3	35	1
41	68	0
72	27	0
8	82	0
31	61	0
11	89	0
91	60	0
40	10	1
82	68	0
90	7	0
96	81	0
27	2	0
34	90	0
26	67	0
60	92	0
42	30	0
79	17	0
93	8	0
91	19	0
47	50	1
74	26	0
77	57	0
5	2	0
3	60	1
30	97	0
23	70	0
56	97	0
34	70	0
85	45	0
63	10	1
50	87	0
58	61	0
97	88	0
62	41	0
66	91	0
82	18	0
22	12	0
48	1	0
49	21	1
32	24	0
94	50	0
79	11	0
20	45	0
19	24	0
40	50	1
50	35	0
93	74	0
95	64	0
71	29	0
90	6	0
68	6	0
77	12	0
44	39	1
39	17	0
11	72	0
82	92	0
47	86	0
1	99	0
31	47	0
49	37	0
74	38	0
63	50	0
79	78	0
83	79	0
68	30	0
68	81	0
71	6	0
92	49	0
75	51	0
62	53	0
94	73	0
75	19	0
94	18	0
18	42	0
67	96	0
61	69	0
82	22	0
15	75	0
96	41	0
60	97	0
95	32	0
67	24	0
35	59	0
54	46	0
33	69	1
60	85	0
72	31	0
78	72	0
19	86	0
98	94	0
0	80	0
99	1	0
87	23	0
46	72	0
50	53	0
64	45	0
18	90	0
73	36	0
95	58	0
45	27	0
34	92	0
34	11	0
40	42	1
53	88	0
37	91	0
38	81	0
16	73	0
12	22	0
68	1	0
74	36	0
96	12	0
82	97	0
29	65	1
30	25	0
69	10	0
60	39	0
65	99	0
1	23	0
46	91	0
89	43	0
24	83	0
77	0	0
45	62	1
62	24	0
54	11	1
85	18	0
88	44	0
18	87	0
73	14	0
81	98	0
32	96	0
89	67	0
10	32	0
64	98	0
66	42	0
13	78	0
65	25	0
85	45	0
79	43	0
76	62	0
21	49	0
91	54	0
21	97	0
92	60	0
19	97	0
86	86	0
41	18	0
74	76	0
59	97	0
46	40	1
63	99	0
77	52	0
46	52	1
26	61	0
86	10	0
3	76	0
75	56	0
21	95	0
41	51	1
47	68	0
79	32	0
24	56	0
50	35	0
90	54	0
69	22	0
76	81	0
45	99	0
38	48	1
66	97	0
37	91	0
92	86	0
87	76	0
78	7	0
21	0	0
47	36	0
33	58	0
4	80	0
83	83	0
66	79	0
66	53	0
68	17	0
40	66	0
35	72	0
78	57	0
94	0	0
18	71	0
83	6	0
58	55	0
37	40	0
83	93	0
23	76	0
56	91	0
70	19	0
73	16	0
44	60	0
61	83	0
23	96	0
90	19	0
83	16	0
77	23	0
13	66	0
15	93	0
16	85	0
51	33	1
66	85	0
76	93	0
0	34	1
61	53	0
82	90	0
76	58	0
68	66	0
17	92	0
6	79	0
43	27	0
6	24	0
39	39	0
24	52	0
97	34	0
80	48	0
64	11	1
66	44	0
55	52	0
43	25	0
92	75	0
56	81	0
80	51	0
27	55	1
41	95	0
76	55	0
26	7	0
96	50	0
62	91	0
34	30	0
54	57	1
27	99	0
66	98	0
86	68	0
28	84	0
62	41	0
6	77	0
54	57	1
43	72	0
69	56	0
60	73	0
58	89	0
10	50	0
61	54	0
84	46	0
79	58	0
36	74	0
66	91	0
44	30	0
97	21	0
54	46	0
87	8	0
10	78	0
54	94	0
87	73	0
75	69	0
14	96	0
6	70	0
79	87	0
29	27	0
7	87	0
68	99	0
55	66	0
90	68	0
20	88	0
76	49	0
16	4	0
51	97	0
21	92	0
14	10	0
89	56	0
87	24	0
78	29	0
73	15	0
16	16	0
20	53	0
78	28	0
1	74	0
65	70	0
9	44	1
24	76	0
68	43	0
69	98	0
69	38	0
68	85	0
75	52	0
74	85	0
4	81	0
46	49	0
31	76	0
64	56	0
58	45	0
88	45	0
97	98	0
80	92	0
49	58	0
75	55	0
66	63	0
68	3	0
69	77	0
90	75	0
89	10	0
58	81	0
6	97	0
51	45	0
69	36	0
66	30	0
75	23	0
20	79	0
76	20	0
29	65	1
88	20	0
37	63	0
48	35	0
59	92	0
68	75	0
48	85	0
70	85	0
82	61	0
82	45	0
99	63	0
74	97	0
93	47	0
35	65	0
93	89	0
38	72	0
80	82	0
92	45	0
46	90	0
87	76	0
90	52	0
79	28	0
47	46	1
6	64	0
51	75	0
74	21	0
64	34	0
79	86	0
67	49	0
12	84	0
19	87	0
64	43	0
84	25	0
91	47	0
98	3	0
86	93	0
57	37	0
29	76	0
95	26	0
66	47	0
22	76	0
18	96	0
28	74	0
8	85	0
60	58	0
43	28	0
38	80	0
51	49	1
66	76	0
71	11	0
21	87	0
91	48	0
16	23	0
20	78	0
74	66	0
67	48	0
39	57	1
92	50	0
86	52	0
76	54	0
59	65	0
81	52	0
5	28	0
98	83	0
58	49	0
42	84	0
3	77	0
25	90	0
30	57	0
88	22	0
53	93	0
6	94	0
99	63	0
54	29	1
77	17	0
20	14	0
30	32	0
72	9	0
19	72	0
85	54	0
94	34	0
12	6	0
0	38	1
69	13	0
38	84	0
97	84	0
6	9	0
50	89	0
82	33	0
99	79	0
47	63	0
61	74	0
26	39	0
92	41	0
94	64	0
20	73	0
20	79	0
26	69	1
21	89	0
75	11	0
27	60	0
10	85	0
40	32	0
46	62	0
68	45	0
34	73	0
95	23	0
1	33	0
82	42	0
74	21	0
45	50	1
34	25	0
41	7	1
21	91	0
48	82	0
17	67	0
21	27	0
19	78	0
17	84	0
63	58	0
87	41	0
38	56	1
81	94	0
48	24	0
61	76	0
40	74	0
16	93	0
86	39	0
46	55	0
7	17	0
88	53	0
60	50	0
90	29	0
85	27	0
74	34	0
58	91	0
42	34	0
58	41	0
61	32	0
43	5	0
35	98	0
52	65	0
96	39	0
58	97	0
82	53	0
78	47	0
39	86	0
32	78	0
91	25	0
50	54	1
72	6	0
95	99	0
77	82	0
54	87	0
73	22	0
81	75	0
22	75	0
68	21	0
20	97	0
39	59	1
89	61	0
68	11	1
91	87	0
85	9	0
96	95	0
60	11	1
72	25	0
76	59	0
63	22	0
5	86	0
66	99	0
61	77	0
1	26	0
6	96	0
13	71	0
48	42	0
81	38	0
2	61	1
25	90	0
65	95	0
93	42	0
0	70	0
67	45	0
29	91	0
86	45	0
72	45	0
24	61	1
80	40	0
76	43	0
57	71	0
50	47	0
2	83	0
4	3	0
83	71	0
19	58	0
16	8	0
2	95	0
32	75	0
93	42	0
72	85	0
88	59	0
99	82	0
52	55	1
62	31	0
0	74	0
54	63	0
35	41	1
76	38	0
86	21	0
