90	69	0
30	15	0
60	97	0
10	2	0
97	49	0
97	94	0
43	72	0
62	47	0
1	89	0
2	9	0
11	91	0
92	48	0
61	81	0
30	32	0
93	84	0
93	36	0
45	96	0
41	72	0
69	75	0
49	7	0
32	78	1
83	70	0
93	80	0
81	99	0
7	25	0
42	34	1
81	21	0
74	69	0
9	66	1
33	90	0
86	17	0
69	87	0
51	74	0
79	76	0
94	51	0
63	59	1
97	33	0
17	73	0
90	70	0
18	66	0
48	2	0
12	78	0
36	89	0
87	46	0
45	34	1
39	18	0
99	92	0
86	92	0
95	16	0
27	78	0
95	7	0
24	19	0
70	86	0
0	86	0
88	1	0
68	92	0
8	31	0
73	75	0
85	27	0
24	89	0
51	96	0
85	25	0
32	92	0
37	90	0
19	13	0
99	14	0
80	30	0
51	80	0
89	25	0
62	47	0
70	36	0
6	93	0
52	86	0
77	2	0
90	65	0
2	65	1
64	88	0
2	74	0
41	91	0
95	59	0
82	26	0
60	11	0
59	43	0
10	66	1
36	10	0
73	58	0
1	92	0
97	27	0
42	70	0
84	63	0
83	2	0
69	89	0
66	82	0
3	30	0
65	73	0
89	74	0
70	44	0
12	97	0
69	39	0
75	3	1
91	60	0
93	30	0
98	40	0
18	53	0
54	72	1
5	21	0
89	62	0
59	78	0
54	59	0
46	41	1
58	68	0
47	95	0
74	34	0
60	74	0
61	78	0
96	56	0
29	9	0
48	38	1
19	12	0
26	79	0
78	48	0
93	1	0
28	97	0
23	45	0
59	71	0
60	75	0
50	75	0
50	7	0
50	91	0
77	87	0
89	55	0
22	96	0
87	81	0
8	73	0
52	61	0
12	40	0
73	78	0
98	68	0
48	68	0
72	46	0
64	9	1
94	36	0
29	94	0
62	78	0
20	35	0
46	80	0
40	24	0
93	92	0
27	86	0
94	7	0
26	81	1
90	36	0
57	95	0
72	81	0
66	70	0
26	42	0
13	65	0
70	7	1
64	93	0
89	65	0
46	89	0
63	84	0
72	16	0
55	71	1
32	82	0
51	89	0
21	18	0
81	59	0
61	40	0
71	61	0
78	33	0
17	98	0
66	60	0
87	42	0
72	32	0
54	19	0
97	31	0
71	84	0
76	94	0
71	64	0
96	26	0
94	21	0
90	83	0
37	93	0
65	86	0
50	99	0
89	35	0
14	99	0
88	28	0
21	45	0
20	91	0
31	97	0
82	76	0
75	72	0
94	56	0
94	59	0
24	80	1
53	80	0
75	8	0
79	53	0
48	3	0
39	31	0
83	38	0
22	67	1
44	58	1
27	72	0
74	90	0
83	56	0
53	68	1
91	0	0
91	39	0
96	42	0
72	60	0
68	84	0
48	63	0
68	16	0
9	89	0
1	93	0
86	62	0
80	70	0
84	8	0
92	84	0
19	2	0
34	99	0
57	99	0
43	29	1
89	14	0
95	1	0
97	24	0
75	27	0
65	52	0
5	6	0
28	99	0
18	76	0
47	85	0
43	73	0
90	41	0
54	90	0
99	84	0
66	32	0
85	87	0
86	20	0
15	4	0
40	1	0
36	28	0
98	44	0
80	9	0
9	50	0
14	24	0
52	34	1
89	84	0
96	65	0
74	32	0
96	13	0
66	4	0
82	16	0
38	13	0
12	68	1
94	92	0
37	86	0
6	99	0
29	44	0
48	46	1
70	47	0
70	60	0
75	75	0
76	76	0
80	26	0
67	82	0
70	5	1
98	47	0
78	53	0
62	53	0
97	67	0
73	16	0
91	20	0
24	49	0
68	99	0
48	65	1
97	24	0
17	84	0
92	43	0
70	92	0
89	30	0
61	17	0
26	58	1
55	45	0
60	82	0
62	25	1
73	84	0
24	91	0
95	82	0
1	83	0
88	5	0
89	18	0
52	70	0
64	50	0
16	96	0
74	34	0
93	62	0
46	43	1
28	82	0
31	12	0
53	88	0
34	86	0
50	76	0
7	67	1
2	19	0
66	0	1
83	39	0
99	8	0
78	97	0
21	30	0
63	9	1
65	38	0
66	87	0
3	13	0
42	84	0
80	44	0
27	86	0
80	4	0
54	16	1
85	18	0
89	52	0
13	86	0
69	14	0
90	99	0
34	99	0
71	65	0
8	36	0
61	93	0
60	41	0
17	69	0
58	28	0
91	49	0
73	46	0
72	56	0
14	43	0
96	57	0
26	98	0
87	54	0
18	93	0
83	83	0
35	19	0
71	65	0
55	82	0
59	96	0
79	50	0
84	9	0
5	77	0
77	43	0
22	98	0
51	59	1
86	28	0
88	51	0
72	18	0
75	71	0
49	95	0
57	91	0
32	99	0
96	77	0
75	81	0
71	4	1
25	0	0
50	44	1
3	78	0
80	88	0
66	81	0
75	46	0
68	24	0
42	64	1
41	76	0
81	52	0
98	8	0
18	72	0
83	4	0
57	66	0
83	85	0
56	91	0
71	24	0
86	10	0
67	83	0
24	95	0
87	14	0
88	4	0
68	25	0
13	55	0
13	85	0
13	89	0
72	84	0
81	98	0
58	55	1
78	96	0
82	61	0
75	61	0
11	92	0
13	76	0
35	24	0
1	16	0
37	37	0
28	48	1
98	30	0
88	38	0
74	53	0
61	58	1
49	20	0
88	81	0
63	76	0
87	52	0
29	86	0
80	59	0
19	12	0
96	42	0
54	98	0
32	43	0
32	99	0
72	96	0
89	70	0
27	84	0
58	26	1
9	72	0
40	69	0
65	59	0
57	78	0
58	89	0
19	49	0
72	63	0
78	48	0
89	67	0
40	72	0
72	88	0
49	30	1
92	14	0
62	52	1
83	12	0
8	84	0
43	97	0
81	75	0
68	71	0
6	88	0
14	72	0
81	94	0
35	28	0
8	87	0
64	99	0
62	71	0
87	79	0
15	91	0
78	46	0
16	11	0
46	96	0
2	97	0
1	17	0
87	58	0
87	19	0
78	33	0
69	19	0
11	13	0
12	49	0
80	24	0
2	67	1
66	76	0
30	90	0
65	56	0
84	91	0
80	40	0
72	81	0
70	51	0
71	81	0
10	71	0
30	82	1
65	62	0
60	46	0
98	40	0
96	97	0
77	87	0
73	52	0
62	53	0
67	85	0
98	76	0
99	0	0
54	81	0
0	92	0
60	34	0
64	22	0
74	15	0
21	71	0
75	24	0
82	22	0
32	58	1
32	30	0
52	99	0
69	63	0
44	85	0
71	92	0
80	55	0
82	36	0
88	65	0
78	98	0
99	40	0
92	89	0
48	88	0
69	80	0
87	43	0
41	91	0
83	82	0
79	53	0
89	28	0
2	72	0
49	73	0
76	16	0
58	34	0
85	80	0
69	51	0
13	87	0
20	98	0
76	40	0
82	31	0
98	53	0
98	3	0
77	90	0
50	35	1
89	14	0
71	39	0
14	71	0
16	96	0
20	80	0
7	89	0
64	49	0
45	27	0
39	64	0
64	82	0
69	9	0
20	86	0
86	54	0
20	16	0
21	71	0
76	62	0
64	57	0
88	55	0
84	61	0
70	63	0
62	49	1
72	56	0
0	31	0
90	83	0
61	49	0
45	84	0
3	72	0
27	82	0
94	21	0
55	96	0
16	90	0
99	47	0
72	17	0
14	13	0
31	26	0
72	4	1
18	65	0
78	63	0
92	33	0
13	1	0
66	12	0
41	90	0
93	81	0
16	10	0
54	82	0
77	34	0
97	77	0
57	63	0
67	87	0
14	43	0
94	41	0
93	68	0
13	80	0
24	74	0
18	90	0
73	7	1
8	95	0
27	49	1
61	44	0
96	17	0
4	15	0
88	36	0
94	12	0
39	28	0
22	94	0
49	81	0
18	75	0
27	26	0
15	71	0
19	91	0
63	66	0
93	52	0
72	90	0
59	67	0
53	67	1
20	99	0
81	39	0
6	0	0
79	58	0
53	51	0
98	23	0
78	28	0
75	34	0
57	97	0
39	38	1
50	44	0
60	9	0
37	99	0
44	56	1
94	34	0
64	99	0
72	49	0
84	48	0
50	91	0
33	76	0
89	32	0
96	96	0
75	83	0
57	85	0
86	14	0
76	74	0
26	79	1
65	22	0
27	97	0
93	56	0
93	87	0
82	8	0
98	95	0
82	24	0
88	62	0
11	86	0
73	90	0
66	82	0
4	20	0
14	96	0
7	73	0
81	24	0
20	98	0
58	91	0
85	47	0
12	70	0
77	44	0
28	91	0
77	49	0
79	54	0
81	49	0
84	33	0
47	65	1
4	85	0
2	3	0
69	70	0
14	60	0
23	6	0
8	90	0
30	70	0
94	48	0
78	88	0
91	58	0
93	76	0
81	44	0
6	80	0
48	60	1
85	36	0
88	32	0
