90	68	0
50	15	0
43	15	0
51	99	0
5	21	0
96	31	0
98	84	0
42	11	0
77	82	0
44	39	0
81	34	0
5	84	0
20	15	0
18	63	0
98	16	0
97	76	0
64	27	0
32	48	0
98	65	0
92	2	0
43	80	0
70	80	0
71	99	0
72	1	0
43	91	0
58	0	0
74	77	0
72	94	0
97	52	0
2	39	0
39	38	0
45	26	0
91	27	0
43	46	0
87	66	0
12	92	0
60	85	0
96	24	0
79	91	0
54	0	0
20	51	0
78	50	0
94	60	0
57	72	0
97	40	0
9	83	0
30	44	0
60	11	0
95	54	0
13	64	0
60	10	0
31	88	0
50	95	0
33	63	0
98	66	0
41	29	0
44	42	0
79	72	0
93	95	0
82	15	0
13	94	0
92	10	0
46	2	0
76	71	0
44	18	0
18	82	0
76	10	0
37	76	0
85	83	0
61	64	0
15	23	0
76	86	0
29	33	0
17	47	0
88	40	0
12	37	0
40	77	0
50	85	0
74	22	0
43	96	0
63	99	0
2	1	0
6	13	0
97	15	0
98	16	0
33	47	0
81	44	0
21	22	0
77	56	0
29	50	0
34	11	0
39	8	0
70	35	0
16	87	0
72	7	0
55	76	0
41	11	0
47	29	0
95	40	0
40	74	0
78	53	0
22	62	0
77	94	0
2	77	0
44	82	0
85	44	0
62	4	0
44	66	0
13	62	0
54	5	0
65	56	0
16	58	0
42	4	0
39	61	0
29	38	0
93	84	0
53	42	0
1	2	0
29	96	0
78	8	0
68	69	0
12	33	0
86	79	0
94	16	0
67	65	0
57	78	0
31	12	0
57	97	0
75	76	0
75	55	0
34	99	0
66	25	0
39	24	0
20	36	0
84	9	0
4	75	0
98	69	0
97	17	0
87	35	0
42	53	0
57	18	0
86	81	0
4	15	0
36	15	0
84	70	0
29	42	0
88	77	0
77	90	0
59	15	0
43	32	0
55	62	0
8	49	0
29	78	0
15	60	0
78	75	0
38	50	0
50	98	0
78	60	0
73	75	0
49	82	0
18	38	0
88	71	0
4	32	0
41	46	0
22	14	0
16	76	0
38	75	0
95	36	0
32	31	0
81	16	0
39	81	0
57	29	0
52	38	0
81	80	0
25	53	0
72	78	0
35	87	0
30	57	0
36	16	0
62	11	0
34	81	0
16	76	0
74	86	0
90	55	0
18	87	0
20	35	0
98	66	0
30	60	0
26	91	0
49	93	0
45	52	0
32	9	0
19	40	0
70	84	0
83	99	0
58	86	0
75	21	0
7	69	0
56	2	0
75	13	0
65	26	0
73	23	0
25	59	0
2	66	0
53	57	0
79	37	0
33	73	0
90	22	0
44	88	0
31	66	0
32	18	0
74	73	0
29	59	0
40	10	0
4	92	0
65	14	0
99	84	0
85	94	0
97	18	0
2	79	0
15	67	0
90	44	0
49	74	0
38	47	0
53	69	0
57	70	0
45	57	0
5	74	0
31	64	0
66	8	0
1	66	0
65	98	0
78	47	0
44	87	0
89	59	0
48	8	0
44	61	0
23	78	0
41	92	0
58	38	0
62	32	0
21	34	0
97	64	0
71	46	0
83	58	0
7	77	0
58	20	0
12	88	0
71	62	0
56	44	0
61	51	0
53	16	0
2	52	0
80	40	0
55	5	0
74	62	0
46	86	0
74	41	0
99	36	0
96	1	0
3	64	0
84	72	0
21	94	0
98	63	0
47	89	0
61	29	0
44	0	0
22	91	0
70	35	0
41	59	0
45	78	0
48	8	0
22	90	0
66	94	0
87	84	0
68	33	0
86	68	0
8	86	0
52	46	0
53	5	0
69	25	0
32	15	0
31	5	0
50	9	0
57	51	0
68	33	0
35	57	0
31	48	0
46	64	0
71	83	0
89	81	0
61	86	0
87	20	0
85	55	0
79	8	0
17	52	0
32	8	0
83	38	0
61	25	0
72	72	0
5	37	0
50	71	0
53	27	0
29	98	0
35	92	0
18	70	0
93	65	0
42	31	0
37	6	0
27	59	0
88	60	0
74	18	0
79	91	0
22	8	0
67	96	0
10	78	0
46	87	0
38	38	0
2	53	0
77	5	0
21	29	0
94	12	0
42	17	0
10	3	1
88	10	0
34	46	0
19	47	0
86	27	0
94	54	0
3	29	0
28	31	0
0	63	0
36	89	0
19	85	0
4	11	0
44	85	0
52	69	0
48	42	0
64	22	0
46	92	0
37	67	0
89	95	0
43	34	0
14	47	0
23	40	0
57	70	0
86	93	0
46	22	0
88	6	0
28	1	0
62	4	0
58	14	0
20	41	0
75	61	0
66	1	0
14	32	0
48	11	0
56	49	0
46	51	0
21	62	0
86	80	0
78	49	0
17	55	0
46	35	0
97	12	0
56	4	0
62	16	0
57	41	0
24	29	0
9	72	0
66	74	0
18	82	0
34	87	0
23	95	0
51	28	0
41	42	0
86	58	0
71	42	0
6	84	0
76	82	0
56	84	0
20	28	1
74	27	0
56	99	0
72	5	0
89	60	0
82	47	0
34	17	0
41	40	0
34	45	0
90	82	0
6	9	0
73	22	0
92	3	0
14	43	0
32	99	0
67	72	0
88	4	0
6	57	0
96	32	0
44	96	0
72	13	0
65	51	0
47	53	0
43	40	0
31	37	0
48	33	0
70	83	0
80	43	0
37	34	0
76	70	0
23	57	0
15	91	0
89	87	0
39	36	0
0	80	0
61	24	0
87	14	0
79	46	0
13	59	0
65	47	0
36	36	0
52	43	0
3	97	0
68	26	0
52	12	0
86	59	0
45	22	0
28	83	0
22	3	0
78	47	0
12	1	1
73	98	0
5	79	0
37	53	0
49	79	0
56	32	0
21	98	0
17	46	0
28	46	0
58	18	0
90	26	0
87	22	0
86	89	0
19	64	0
30	23	0
30	32	0
82	20	0
55	61	0
69	95	0
17	39	0
71	99	0
89	67	0
36	71	0
67	9	0
70	41	0
79	18	0
77	9	0
44	21	0
43	35	0
99	4	0
81	28	0
1	69	0
88	12	0
99	98	0
4	99	0
85	52	0
54	50	0
24	17	0
94	87	0
65	57	0
15	99	0
67	31	0
83	41	0
84	51	0
82	64	0
30	72	0
75	76	0
40	99	0
78	71	0
24	32	0
32	98	0
96	83	0
31	35	0
29	42	0
68	77	0
60	91	0
43	64	0
57	95	0
57	54	0
38	65	0
31	66	0
83	26	0
17	91	0
84	52	0
26	89	0
43	64	0
43	73	0
85	32	0
32	30	0
21	48	0
52	27	0
93	68	0
72	10	0
85	98	0
73	96	0
38	51	0
67	3	0
30	47	0
34	91	0
39	33	0
51	68	0
67	78	0
27	23	0
80	99	0
39	26	0
28	21	0
64	37	0
27	79	0
42	16	0
3	58	0
86	81	0
57	92	0
53	44	0
81	11	0
49	71	0
43	55	0
98	58	0
83	2	0
0	70	0
75	0	0
69	71	0
71	30	0
36	17	0
32	71	0
86	80	0
27	70	0
56	84	0
78	22	0
10	66	0
67	18	0
42	61	0
60	99	0
31	94	0
87	4	0
93	21	0
59	12	0
39	90	0
15	91	0
6	87	0
75	41	0
70	63	0
72	77	0
16	52	0
79	33	0
69	67	0
91	75	0
58	62	0
22	61	0
20	65	0
39	22	0
43	34	0
0	41	0
46	64	0
41	46	0
95	34	0
77	36	0
75	3	0
83	38	0
56	72	0
20	52	0
58	30	0
88	76	0
62	86	0
94	75	0
16	51	0
63	74	0
67	50	0
29	56	0
84	33	0
17	56	0
43	23	0
82	52	0
81	94	0
55	56	0
18	67	0
46	7	0
56	65	0
28	83	0
44	26	0
82	80	0
91	72	0
16	97	0
52	72	0
9	75	0
71	62	0
34	53	0
46	64	0
38	74	0
62	73	0
23	25	1
13	65	0
95	80	0
78	55	0
97	59	0
27	60	0
53	85	0
64	23	0
90	26	0
38	50	0
97	7	0
18	88	0
27	31	0
33	79	0
94	59	0
22	43	0
86	68	0
20	98	0
7	72	0
15	4	1
91	88	0
40	31	0
1	68	0
72	88	0
48	61	0
83	65	0
25	93	0
98	36	0
26	9	0
36	81	0
30	74	0
34	19	0
26	40	0
1	17	0
79	71	0
92	6	0
62	7	0
72	10	0
95	45	0
30	5	0
31	47	0
95	40	0
10	53	0
58	76	0
0	58	0
17	74	0
75	53	0
48	95	0
74	50	0
70	78	0
34	36	0
75	67	0
40	55	0
85	47	0
14	76	0
48	38	0
32	69	0
75	35	0
58	37	0
99	81	0
97	99	0
88	80	0
29	73	0
19	31	0
57	44	0
48	73	0
30	13	0
24	2	0
37	67	0
12	38	0
63	3	0
69	83	0
76	65	0
93	15	0
8	50	0
67	90	0
5	94	0
54	9	0
67	51	0
69	13	0
34	19	0
25	37	0
38	17	0
74	6	0
42	87	0
55	29	0
30	81	0
76	10	0
31	44	0
50	62	0
75	21	0
92	68	0
62	71	0
32	67	0
52	86	0
76	83	0
84	48	0
18	65	0
76	76	0
65	93	0
19	41	0
19	56	0
93	35	0
34	94	0
97	85	0
72	82	0
50	3	0
56	54	0
88	58	0
65	85	0
83	49	0
99	81	0
83	28	0
11	64	0
3	58	0
68	86	0
76	38	0
53	61	0
57	8	0
34	13	0
81	71	0
29	36	0
13	62	0
46	51	0
54	37	0
37	15	0
54	29	0
13	85	0
26	38	0
8	62	0
15	73	0
73	48	0
19	17	0
62	10	0
97	27	0
79	2	0
56	79	0
8	58	0
63	29	0
47	33	0
62	81	0
91	16	0
37	45	0
57	63	0
51	78	0
16	96	0
37	66	0
41	83	0
26	31	0
75	83	0
45	45	0
34	84	0
61	34	0
13	47	0
60	62	0
60	24	0
28	74	0
78	40	0
54	44	0
48	46	0
31	17	0
8	60	0
79	73	0
74	64	0
38	42	0
86	61	0
86	70	0
75	26	0
59	9	0
82	81	0
81	12	0
5	68	0
72	74	0
36	18	0
67	37	0
13	66	0
10	85	0
36	91	0
27	55	0
94	30	0
20	51	0
54	98	0
19	86	0
98	70	0
53	59	0
81	44	0
19	0	0
52	17	0
60	5	0
4	7	1
10	75	0
60	61	0
81	67	0
71	46	0
15	1	0
25	42	0
66	7	0
7	82	0
77	6	0
42	67	0
47	22	0
76	95	0
1	32	0
17	90	0
99	53	0
32	11	0
96	82	0
58	66	0
73	46	0
52	26	0
91	28	0
90	74	0
11	69	0
1	77	0
21	56	0
7	87	0
0	85	0
81	20	0
38	43	0
1	94	0
51	12	0
69	3	0
38	54	0
73	46	0
47	19	0
28	67	0
31	29	0
83	17	0
15	43	0
89	55	0
92	4	0
60	60	0
26	10	0
51	8	0
14	98	0
54	79	0
39	68	0
38	15	0
3	84	0
5	95	0
66	54	0
93	41	0
39	30	0
31	77	0
24	25	1
99	94	0
52	31	0
58	70	0
66	90	0
2	82	0
69	24	0
58	64	0
27	35	0
97	75	0
45	66	0
98	22	0
75	11	0
84	22	0
79	89	0
46	61	0
36	80	0
81	19	0
28	9	0
63	93	0
71	72	0
17	48	0
71	41	0
72	93	0
87	9	0
95	55	0
28	75	0
61	51	0
26	30	0
89	20	0
34	48	0
62	1	0
97	97	0
78	65	0
48	77	0
76	27	0
74	72	0
8	88	0
40	5	0
10	91	0
4	65	0
67	68	0
69	95	0
74	8	0
91	94	0
82	9	0
80	77	0
63	7	0
86	32	0
84	47	0
53	35	0
14	80	0
55	88	0
62	79	0
20	56	0
5	42	0
32	97	0
10	65	0
42	0	0
28	51	0
13	63	0
44	31	0
4	38	0
95	52	0
53	22	0
7	49	0
26	86	0
76	73	0
1	0	0
89	66	0
18	67	0
63	46	0
29	56	0
92	47	0
55	40	0
0	12	0
3	51	0
22	61	0
97	66	0
70	50	0
97	59	0
7	58	0
69	64	0
9	75	0
2	21	0
85	61	0
28	61	0
39	11	0
35	32	0
11	83	0
32	87	0
3	4	1
79	47	0
73	63	0
78	61	0
75	78	0
40	76	0
43	21	0
0	70	0
50	71	0
39	45	0
60	53	0
89	8	0
