81	66	0
31	30	0
59	96	1
16	11	0
93	45	0
91	88	0
71	42	0
6	81	0
1	8	0
13	89	0
80	37	0
71	79	0
33	33	0
64	74	0
88	52	0
63	70	0
40	36	0
92	85	0
98	82	0
72	84	0
6	24	0
75	74	0
79	28	0
57	81	1
49	68	0
63	82	0
95	52	0
95	30	0
84	74	0
39	0	0
80	30	0
32	15	0
97	69	0
92	72	0
95	7	0
23	38	0
63	77	0
5	87	0
56	97	1
17	32	0
70	77	0
94	41	0
56	85	0
0	22	0
89	12	0
65	32	0
50	42	0
79	40	0
86	72	0
55	99	1
19	58	0
95	54	0
45	35	0
35	9	0
59	58	0
9	87	0
96	18	0
42	66	0
87	59	0
97	6	0
72	91	0
70	77	0
9	22	0
71	84	0
87	66	0
79	41	0
57	43	0
82	45	0
83	38	0
90	38	0
20	59	0
16	18	0
85	69	0
57	96	1
37	82	0
57	94	1
80	50	0
60	64	0
82	75	0
80	74	0
30	13	0
14	13	0
84	63	0
91	4	0
19	51	0
75	79	0
60	77	0
60	82	0
49	12	0
76	87	0
76	54	0
10	87	0
94	95	0
3	95	0
15	63	0
96	88	0
99	73	0
54	85	0
71	51	0
89	34	0
53	58	0
15	52	0
54	18	0
88	86	0
75	3	0
81	41	0
84	95	0
59	71	0
76	76	0
11	22	0
73	93	0
57	99	1
31	80	0
27	36	0
61	37	0
64	80	0
68	38	0
9	97	1
91	28	0
69	29	1
53	26	0
68	66	0
68	95	0
87	71	0
98	26	0
91	86	0
72	77	0
49	77	0
11	72	1
11	48	0
72	72	0
75	74	0
87	57	0
93	53	0
89	68	0
57	16	0
36	29	0
77	57	0
29	81	0
61	91	1
82	76	0
99	48	0
98	29	0
72	59	0
62	96	0
66	15	0
4	94	0
6	98	1
98	62	0
86	78	0
14	19	0
92	15	0
93	19	0
84	20	1
85	32	0
12	15	0
32	77	0
56	90	1
85	42	0
68	94	0
91	80	0
67	35	0
56	85	0
2	6	0
31	14	0
47	30	0
70	40	0
2	57	0
39	9	0
95	78	0
97	51	0
95	9	1
59	0	0
35	7	0
97	84	0
27	72	0
8	97	1
37	33	0
66	53	0
73	67	0
53	73	0
80	73	0
76	31	0
78	79	0
86	35	0
90	73	0
50	33	0
96	69	0
65	9	0
97	10	1
33	58	0
78	94	0
91	45	0
87	46	0
75	87	0
89	39	0
43	53	0
51	95	1
73	89	0
23	76	0
85	85	0
1	93	0
88	33	0
93	61	0
37	6	0
45	48	0
18	17	0
92	38	0
63	85	0
16	25	0
77	32	0
74	78	0
20	35	0
83	44	0
82	6	0
94	68	0
65	23	0
98	90	0
21	35	0
54	99	1
70	54	0
88	41	0
61	51	0
5	54	0
99	71	0
97	59	0
15	83	0
75	85	0
43	16	0
71	59	0
54	96	1
69	93	0
95	41	0
60	13	0
72	46	0
74	31	0
90	58	0
69	31	1
90	75	0
94	91	0
80	97	0
13	10	0
4	80	0
81	89	0
63	93	0
53	14	0
82	53	0
98	3	0
93	81	0
57	74	0
60	73	0
97	5	0
86	34	0
8	46	0
1	94	0
88	88	0
92	91	0
86	91	0
81	61	0
73	79	0
10	85	0
28	29	0
3	17	0
43	35	0
83	43	0
58	58	0
64	6	0
76	87	0
78	72	0
83	45	0
70	60	1
28	15	0
97	46	0
71	90	0
58	32	0
63	82	0
89	67	0
12	55	0
55	78	0
53	80	1
2	45	0
71	78	0
97	44	0
91	66	0
45	90	1
88	32	0
93	6	1
99	67	0
66	71	0
5	95	0
84	93	0
12	22	0
11	87	0
64	71	0
65	60	0
94	96	0
2	81	0
80	56	0
14	3	0
13	90	0
8	16	0
92	55	0
13	24	0
9	35	0
82	30	0
70	75	0
93	80	0
85	46	0
82	78	0
67	83	0
3	77	0
97	64	0
62	28	0
96	33	0
75	85	0
75	73	0
38	85	0
93	75	0
37	75	0
2	97	0
75	42	0
31	34	0
60	88	0
35	69	0
64	95	0
91	55	0
84	29	0
70	67	0
99	79	0
95	48	0
97	98	0
89	71	0
66	22	0
80	77	0
82	62	0
97	29	0
48	66	0
66	33	0
88	90	0
89	64	0
25	77	0
90	35	0
84	40	0
88	40	0
97	81	0
79	52	0
3	84	0
16	96	1
35	28	0
27	70	0
63	8	0
3	93	0
80	43	0
6	12	0
17	55	0
60	66	0
70	79	0
77	49	0
69	42	0
78	71	1
78	45	0
14	38	0
91	79	0
61	92	0
83	15	0
11	87	0
96	53	0
57	24	1
24	15	0
30	37	0
70	48	0
96	37	0
15	1	0
39	0	0
55	61	0
97	86	0
28	4	0
57	1	0
89	80	0
61	83	0
22	52	0
89	48	0
84	63	0
8	91	0
2	98	0
47	36	0
99	37	0
19	30	0
86	36	0
80	10	0
35	33	0
13	99	1
58	81	1
21	38	0
81	39	0
65	92	0
80	42	0
11	12	0
93	55	0
82	45	0
81	22	1
58	98	1
76	44	0
52	95	0
60	51	0
74	44	0
49	94	1
88	46	0
98	95	0
89	88	0
72	73	0
73	28	0
97	45	0
95	96	0
95	94	0
84	25	1
84	68	0
81	95	0
54	77	0
0	16	0
33	92	0
84	33	0
16	93	1
79	28	0
80	46	0
73	49	0
95	59	0
89	38	0
12	76	0
11	8	0
53	84	0
28	71	0
36	3	0
6	79	0
96	43	0
94	85	0
81	48	0
92	90	0
99	41	0
