91	71	0
42	20	0
40	25	0
46	96	0
13	5	0
92	31	0
93	83	0
41	15	0
68	81	0
44	20	0
98	41	0
6	80	0
19	5	0
19	60	0
99	16	0
81	76	0
58	29	0
22	50	0
97	68	0
92	8	0
46	97	0
66	64	0
82	89	0
54	2	0
43	82	0
52	5	0
82	79	0
61	91	0
91	74	0
4	24	0
52	32	0
39	20	0
88	35	0
39	52	0
86	63	0
11	94	0
52	98	0
97	24	0
78	89	0
43	3	0
21	57	0
90	57	0
88	67	0
53	68	0
96	53	0
12	84	0
18	40	0
67	2	0
89	65	0
18	72	0
59	2	0
8	76	0
54	88	0
34	76	0
97	62	0
48	38	0
30	32	0
87	73	0
95	87	0
92	18	0
9	90	0
96	16	0
39	2	0
72	75	0
47	12	0
7	89	0
83	8	0
45	75	0
74	99	0
50	67	0
7	28	0
69	90	0
25	42	0
16	67	0
91	31	0
15	39	0
33	87	0
45	97	0
62	20	0
31	93	0
56	97	0
4	23	0
98	13	0
94	28	0
41	52	0
81	35	0
20	29	0
83	51	0
25	35	1
41	14	0
38	7	0
68	38	0
11	92	0
65	10	0
56	90	0
40	11	0
48	27	0
88	45	0
35	66	0
78	47	0
9	59	0
78	87	0
0	72	0
30	96	0
94	52	0
60	8	0
43	67	0
31	57	0
63	0	0
65	49	0
5	59	0
39	4	0
27	46	0
43	33	0
77	92	0
56	44	0
20	98	0
84	4	0
57	69	0
79	87	0
98	5	0
66	74	0
48	76	0
32	8	0
58	97	0
90	74	0
80	57	0
33	94	0
66	33	0
35	20	0
15	44	0
77	9	0
9	68	0
91	66	0
99	30	0
89	39	0
34	56	0
60	18	0
88	76	0
16	19	0
36	8	0
81	61	0
37	34	0
70	78	0
73	92	0
46	17	0
43	30	0
58	44	0
13	42	0
30	59	0
16	55	0
77	77	0
44	53	0
45	95	0
83	46	0
80	69	0
53	86	0
22	34	0
93	63	0
10	25	0
48	42	0
19	9	0
31	83	0
41	78	0
90	33	0
37	33	0
74	21	0
40	81	0
58	25	0
51	43	0
84	80	0
29	59	0
56	73	0
33	87	0
43	48	0
39	11	0
57	6	0
28	74	0
29	83	0
74	81	0
91	62	0
28	86	0
26	35	1
93	65	0
28	48	0
30	87	0
54	80	0
43	51	0
27	11	0
17	32	0
74	94	0
85	91	0
63	79	0
67	30	0
0	60	0
61	6	0
76	24	0
69	25	0
70	31	0
15	61	0
1	64	0
51	51	0
75	27	0
36	59	0
85	32	0
35	97	0
28	67	0
38	19	0
77	76	0
35	58	0
35	8	0
12	90	0
61	11	0
94	89	0
70	88	0
93	2	0
3	81	0
21	61	0
93	37	0
56	74	0
46	38	0
59	59	0
48	71	0
58	61	0
16	74	0
30	57	0
69	9	0
0	64	0
63	82	0
88	45	0
45	92	0
74	59	0
66	26	0
45	72	0
16	83	0
35	95	0
51	40	0
71	32	0
25	36	1
88	64	0
77	40	0
75	65	0
1	63	0
50	14	0
10	87	0
59	62	0
61	44	0
57	42	0
54	22	0
7	57	0
89	26	0
51	5	0
71	69	0
50	76	0
70	37	0
99	37	0
96	1	0
2	61	0
94	73	0
25	99	0
93	70	0
44	95	0
58	34	0
56	10	0
19	91	0
69	30	0
36	67	0
44	84	0
48	11	0
23	99	0
82	88	0
79	83	0
72	37	0
91	79	0
16	94	0
45	58	0
60	2	0
68	30	0
32	13	0
37	2	0
55	8	0
53	53	0
76	44	0
42	48	0
37	51	0
35	70	0
70	87	0
79	69	0
60	77	0
80	3	0
82	44	0
75	7	0
23	43	0
26	19	0
81	39	0
67	36	0
74	68	0
10	38	0
41	68	0
59	23	0
30	85	0
22	90	0
22	82	0
99	70	0
37	28	0
35	3	0
26	57	0
86	67	0
64	19	0
81	89	0
11	2	0
64	98	0
4	69	0
37	89	0
43	27	0
3	58	0
78	13	0
21	35	0
73	3	0
52	13	0
94	10	0
37	46	0
26	46	0
78	26	0
86	60	0
7	25	0
23	34	0
6	62	0
37	95	0
6	91	0
48	85	0
57	73	0
52	41	0
67	23	0
40	87	0
48	69	0
87	93	0
29	27	0
21	51	0
26	40	0
60	75	0
72	87	0
30	25	0
80	21	0
38	5	0
54	1	0
65	16	0
36	49	0
80	68	0
87	12	0
18	36	0
47	13	0
51	45	0
39	38	0
28	57	0
86	81	0
79	54	0
14	54	0
54	32	0
95	17	0
62	9	0
55	29	0
57	35	0
34	28	0
3	69	0
68	85	0
26	76	0
26	90	0
24	98	0
53	11	0
46	35	0
94	47	0
82	50	0
4	76	0
87	71	0
69	76	0
80	31	0
69	88	0
82	3	0
86	59	0
74	58	0
39	17	0
50	49	0
34	47	0
80	81	0
68	20	0
95	7	0
29	42	0
39	88	0
76	73	0
85	17	0
5	61	0
99	28	0
42	93	0
80	23	0
67	52	0
38	56	0
56	36	0
22	37	0
37	47	0
67	87	0
83	34	0
35	20	0
73	68	0
22	65	0
8	99	0
94	86	0
31	35	0
1	85	0
59	36	0
89	17	0
83	45	0
3	67	0
64	33	0
43	33	0
45	45	0
6	98	0
75	20	0
54	9	0
90	49	0
48	38	0
24	76	0
16	5	0
61	57	0
60	91	0
1	57	0
46	70	0
43	79	0
56	24	0
22	94	0
9	42	0
21	43	0
63	13	0
85	33	0
94	18	0
76	90	0
21	59	0
31	25	0
39	27	0
78	10	0
67	57	0
74	90	0
19	38	0
61	91	0
94	70	0
37	77	0
75	7	0
66	49	0
75	25	0
75	12	0
44	19	0
45	18	0
97	6	0
84	34	0
1	75	0
85	13	0
88	99	0
13	94	0
93	63	0
46	54	0
20	26	0
97	99	0
65	48	0
6	95	0
70	29	0
67	40	0
66	61	0
77	66	0
26	76	0
83	73	0
35	91	0
92	77	0
13	25	1
38	94	0
99	77	0
30	33	0
39	29	0
54	67	0
58	96	0
45	60	0
67	95	0
65	50	0
28	56	0
30	63	0
82	16	0
9	81	0
91	41	0
19	89	0
53	72	0
41	84	0
84	42	0
39	48	0
20	34	0
48	21	0
81	52	0
68	14	0
92	97	0
61	92	0
39	54	0
56	2	0
34	37	0
50	87	0
34	19	0
48	59	0
75	72	0
34	23	0
93	99	0
48	18	0
23	7	0
57	21	0
26	75	0
35	13	0
16	60	0
94	92	0
61	88	0
60	49	0
72	8	0
42	72	0
49	52	0
99	53	0
89	5	0
0	67	0
76	5	0
63	73	0
75	28	0
44	12	0
33	65	0
84	78	0
37	65	0
40	79	0
84	37	0
20	54	0
73	27	0
41	68	0
66	85	0
31	94	0
82	13	0
93	25	0
62	14	0
29	79	0
17	93	0
17	86	0
66	39	0
77	69	0
68	81	0
12	48	0
77	43	0
69	68	0
79	73	0
56	66	0
13	68	0
17	65	0
46	27	0
40	18	0
3	35	0
43	59	0
33	47	0
86	31	0
78	38	0
76	1	0
75	45	0
53	69	0
22	60	0
51	27	0
97	85	0
56	89	0
81	65	0
25	54	0
46	80	0
67	43	0
33	53	0
76	26	0
16	49	0
40	23	0
84	51	0
91	94	0
53	53	0
12	63	0
46	4	0
60	60	0
25	90	0
36	31	0
86	88	0
98	76	0
23	85	0
63	56	0
2	73	0
80	55	0
39	57	0
52	59	0
33	78	0
58	72	0
5	55	0
82	76	0
66	58	0
89	48	0
19	63	0
58	90	0
55	29	0
98	25	0
47	33	0
97	15	0
15	87	0
34	35	0
39	67	0
91	55	0
31	50	0
83	64	0
11	95	0
21	83	0
99	88	0
47	27	0
4	77	0
80	95	0
46	69	0
89	65	0
18	91	0
93	34	0
23	3	0
34	79	0
38	76	0
34	14	0
18	42	0
6	21	0
85	72	0
96	12	0
63	10	0
78	29	0
96	38	0
33	10	0
25	51	0
99	36	0
6	56	0
60	95	0
11	58	0
27	81	0
65	51	0
57	93	0
78	53	0
70	88	0
38	35	0
72	66	0
38	64	0
78	57	0
14	73	0
51	29	0
27	82	0
85	38	0
66	30	0
89	76	0
96	97	0
91	76	0
43	65	0
63	40	0
56	73	0
32	22	0
25	8	0
34	71	0
9	32	0
58	0	0
57	85	0
73	80	0
83	3	0
12	47	0
55	82	0
17	93	0
57	7	0
61	37	0
57	20	0
40	25	0
22	34	0
49	20	0
77	2	0
39	94	0
61	30	0
33	91	0
88	15	0
29	51	0
46	64	0
74	28	0
83	78	0
61	69	0
35	64	0
46	88	0
78	74	0
84	46	0
18	73	0
80	79	0
83	97	0
25	33	1
14	51	0
95	47	0
29	81	0
97	85	0
58	94	0
41	6	0
70	64	0
86	63	0
68	84	0
78	55	0
91	74	0
76	39	0
17	53	0
0	61	0
70	86	0
73	40	0
51	61	0
49	6	0
32	20	0
90	77	0
8	59	0
25	53	0
58	31	0
39	14	0
54	29	0
18	86	0
24	35	1
2	63	0
12	83	0
79	52	0
10	27	1
77	20	0
89	34	0
82	5	0
51	83	0
6	54	0
54	28	0
60	47	0
50	86	0
90	13	0
24	32	1
63	58	0
46	86	0
17	96	0
38	65	0
35	86	0
36	24	0
80	77	0
47	38	0
45	82	0
57	37	0
11	41	0
64	60	0
66	21	0
24	81	0
86	44	0
31	35	0
31	45	0
28	15	0
1	65	0
83	67	0
81	65	0
42	53	0
89	63	0
82	71	0
75	33	0
65	15	0
80	78	0
77	22	0
0	58	0
80	79	0
24	26	0
70	33	0
19	63	0
1	89	0
31	92	0
35	58	0
99	33	0
12	47	0
58	93	0
6	88	0
92	64	0
61	54	0
85	31	0
15	2	0
48	27	0
64	2	0
7	77	0
48	55	0
89	68	0
77	37	0
11	6	0
13	43	0
69	17	0
14	78	0
81	1	0
46	74	0
37	27	0
87	96	0
11	22	0
28	99	0
96	54	0
30	7	0
87	90	0
49	54	0
66	56	0
43	33	0
99	31	0
90	85	0
8	66	0
9	73	0
14	49	0
12	83	0
8	98	0
80	22	0
35	50	0
7	92	0
47	14	0
71	12	0
36	62	0
64	57	0
50	23	0
32	69	0
29	33	0
88	17	0
0	44	0
82	66	0
88	9	0
56	48	0
25	19	0
49	3	0
15	91	0
52	63	0
41	60	0
33	13	0
7	94	0
1	92	0
68	54	0
92	36	0
32	24	0
24	70	0
92	92	0
52	29	0
63	76	0
66	91	0
7	80	0
73	31	0
51	53	0
20	35	0
96	71	0
55	66	0
99	17	0
78	12	0
89	23	0
62	93	0
45	63	0
40	58	0
70	11	0
40	8	0
66	94	0
69	67	0
18	51	0
70	40	0
60	92	0
79	21	0
90	53	0
29	73	0
51	60	0
21	28	0
92	29	0
28	57	0
83	8	0
92	97	0
69	62	0
56	81	0
68	37	0
70	83	0
7	97	0
39	6	0
8	91	0
11	63	0
55	72	0
70	87	0
70	8	0
94	97	0
90	11	0
90	88	0
61	9	0
84	31	0
78	44	0
50	38	0
18	87	0
64	99	0
68	76	0
23	49	0
10	31	0
23	95	0
12	64	0
43	2	0
39	51	0
20	65	0
38	33	0
8	42	0
99	57	0
44	28	0
14	58	0
32	77	0
76	74	0
95	64	0
11	65	0
64	50	0
24	62	0
78	46	0
50	40	0
6	44	0
20	55	0
80	54	0
68	55	0
85	54	0
4	66	0
62	55	0
5	88	0
2	18	0
89	70	0
13	61	0
36	4	0
39	26	0
14	96	0
18	82	0
82	43	0
67	66	0
76	57	0
74	83	0
42	64	0
58	40	0
3	68	0
44	66	0
32	42	0
62	59	0
77	20	0
