94	64	0
25	14	0
61	96	0
6	4	0
98	44	0
97	97	0
41	66	0
62	24	1
73	50	0
2	88	0
1	7	0
15	98	0
96	38	0
61	80	0
34	32	0
88	78	0
93	25	0
52	97	0
37	75	0
81	69	0
50	16	0
24	80	0
83	70	0
79	76	0
84	88	0
2	29	0
49	35	0
90	21	0
82	66	0
6	73	0
32	97	0
81	10	0
63	91	0
51	72	0
79	70	0
90	60	0
54	57	0
96	35	0
13	72	0
92	71	0
23	74	0
51	5	0
10	74	0
36	94	0
91	54	0
46	34	0
34	18	0
98	86	0
89	96	0
91	19	0
27	81	0
99	12	0
15	14	0
71	92	0
3	85	0
91	5	0
28	63	1
67	85	0
46	60	1
4	27	0
73	77	0
87	33	0
22	90	0
51	96	0
74	32	0
34	89	0
45	91	0
18	16	0
98	17	0
80	27	0
51	76	0
89	33	0
70	58	0
62	38	0
0	97	0
70	5	0
50	81	0
55	29	1
84	6	0
93	60	0
0	56	0
71	93	0
1	74	0
37	91	0
97	61	0
81	27	0
39	68	1
71	7	0
57	50	0
11	64	0
35	1	0
66	74	0
60	26	1
1	98	0
93	31	0
47	74	0
75	67	0
91	3	0
64	85	0
65	81	0
3	26	0
64	82	0
93	86	0
77	49	0
21	92	0
69	38	0
73	0	0
94	56	0
93	32	0
99	45	0
24	47	0
54	63	0
7	25	0
46	30	0
89	66	0
56	74	0
65	66	0
56	21	1
41	35	0
61	67	0
49	60	1
43	97	0
75	38	0
61	68	0
53	73	0
91	56	0
25	12	0
50	38	0
25	19	0
16	72	0
30	49	1
76	43	0
51	41	1
93	7	0
25	89	0
21	37	0
69	75	0
24	70	1
59	63	0
43	77	0
43	6	0
41	89	0
25	68	1
72	78	0
96	53	0
25	90	0
88	72	0
28	56	1
18	74	0
53	68	0
13	37	0
74	80	0
96	78	0
39	77	0
76	46	0
55	58	1
55	24	1
63	12	0
43	52	1
29	63	1
93	31	0
25	96	0
27	64	1
67	83	0
29	26	0
41	76	0
54	18	0
97	95	0
28	75	0
96	12	0
27	75	0
93	35	0
59	97	0
75	78	0
64	60	0
26	44	0
6	58	0
62	0	0
69	95	0
97	56	0
44	90	0
60	79	0
77	16	0
59	79	0
40	74	0
42	88	0
23	18	0
57	23	1
82	51	0
58	42	0
67	68	0
69	31	0
17	97	0
55	63	0
86	43	0
77	39	0
54	12	0
89	29	0
75	77	0
70	95	0
79	60	0
95	24	0
98	16	0
86	81	0
31	90	0
69	84	0
47	94	0
34	38	1
89	36	0
16	98	0
89	23	0
23	43	0
22	85	0
28	99	0
79	86	0
81	78	0
94	61	0
94	55	0
23	89	0
54	76	0
76	14	0
83	50	0
48	5	0
35	31	0
76	40	0
20	62	0
35	50	0
19	70	0
75	94	0
95	57	0
59	71	0
97	5	0
90	48	0
61	8	1
96	44	0
68	54	0
71	80	0
45	67	0
67	24	0
9	85	0
28	62	1
12	88	0
85	60	0
77	69	0
90	12	0
99	86	0
27	4	0
34	94	0
23	68	1
60	95	0
46	33	0
81	19	0
96	8	0
95	27	0
51	52	1
77	26	0
73	59	0
6	7	0
26	98	0
22	72	0
50	91	0
36	69	0
84	43	0
67	10	1
59	87	0
58	58	0
97	84	0
64	41	0
73	88	0
88	18	0
15	10	0
43	0	0
47	26	1
34	24	0
95	44	0
77	11	0
19	47	0
18	31	0
52	37	0
93	77	0
98	60	0
72	29	0
92	4	0
64	5	0
75	15	0
44	36	1
35	17	0
10	70	0
87	94	0
49	94	0
5	98	0
29	45	0
50	44	0
76	42	0
67	54	0
76	73	0
83	75	0
74	29	0
72	84	0
65	5	0
94	48	0
76	46	0
60	51	0
95	70	0
75	17	0
97	13	0
23	43	0
72	98	0
57	65	0
82	22	0
12	75	0
97	40	0
62	99	0
96	29	0
67	22	0
32	55	0
59	46	0
62	84	0
70	30	0
82	76	0
18	87	0
96	94	0
6	76	0
89	3	0
88	22	0
52	72	0
41	54	1
64	45	0
15	92	0
76	35	0
96	57	0
48	36	0
36	90	0
34	9	0
39	39	1
55	90	0
35	84	0
42	77	0
14	70	0
11	22	0
71	1	0
80	35	0
96	9	0
82	98	0
28	57	1
27	26	0
65	12	0
59	42	0
69	94	0
0	19	0
40	89	0
85	46	0
25	86	0
80	2	0
49	59	1
58	21	0
86	19	0
89	45	0
17	86	0
71	18	0
83	97	0
33	97	0
85	63	0
11	29	0
64	98	0
65	42	0
10	80	0
65	29	0
90	45	0
79	47	0
75	61	0
21	47	0
98	56	0
17	93	0
89	50	0
21	93	0
81	79	0
40	16	0
79	71	0
59	95	0
65	95	0
77	52	0
29	59	1
83	7	0
1	77	0
72	50	0
22	96	0
50	63	0
81	35	0
26	58	1
54	39	1
89	55	0
71	22	0
78	82	0
49	95	0
40	52	1
66	97	0
29	92	0
96	83	0
87	73	0
75	6	0
20	5	0
48	37	0
35	60	1
9	77	0
78	82	0
67	82	0
71	48	0
67	20	0
37	62	0
40	70	0
78	54	0
97	1	0
21	72	0
80	10	0
56	63	0
39	38	0
86	86	0
29	73	0
54	90	0
77	19	0
83	11	0
49	61	1
61	87	0
26	95	0
91	14	0
87	12	0
74	22	0
15	64	0
11	89	0
12	87	0
50	28	1
68	87	0
76	95	0
0	34	1
64	56	0
82	95	0
73	62	0
68	65	0
15	87	0
6	73	0
40	29	0
7	19	0
34	35	0
26	52	0
98	37	0
80	46	0
68	8	1
68	45	0
53	51	0
45	28	0
92	78	0
55	75	0
82	48	0
40	90	0
73	51	0
22	10	0
93	47	0
60	92	0
33	30	0
56	58	1
30	94	0
66	99	0
87	68	0
25	82	0
59	35	0
9	82	0
57	56	1
43	73	0
66	59	0
63	71	0
56	86	0
12	50	0
65	60	0
80	42	0
84	60	0
36	74	0
66	88	0
44	30	0
97	24	0
50	46	0
87	12	0
11	79	0
55	91	0
84	71	0
76	68	0
13	91	0
7	70	0
79	88	0
34	28	0
8	88	0
67	99	0
52	68	0
88	67	0
22	92	0
76	43	0
17	4	0
48	96	0
21	91	0
10	10	0
83	55	0
90	25	0
79	29	0
70	19	0
13	17	0
14	53	0
78	30	0
4	72	0
63	69	0
32	79	0
70	46	0
76	95	0
67	37	0
66	88	0
75	52	0
65	84	0
9	73	0
43	50	1
27	80	0
66	57	0
58	47	0
90	42	0
95	99	0
81	85	0
47	58	1
72	53	0
62	60	0
70	4	1
67	77	0
88	76	0
89	8	0
60	78	0
1	94	0
47	45	1
65	33	0
67	26	0
78	21	0
22	82	0
75	21	0
88	20	0
30	55	0
45	33	0
57	92	0
67	73	0
51	82	0
70	88	0
82	58	0
82	45	0
96	62	0
76	96	0
95	44	0
30	62	1
95	88	0
39	78	0
77	75	0
85	46	0
43	90	0
84	71	0
87	48	0
83	27	0
5	67	0
49	75	0
69	17	0
64	35	0
82	84	0
62	46	0
10	88	0
18	89	0
69	44	0
83	25	0
94	45	0
98	3	0
87	92	0
59	38	0
29	72	1
98	18	0
62	44	0
19	74	0
18	98	0
26	72	0
10	85	0
62	55	0
41	25	0
35	73	0
52	47	1
63	76	0
68	13	0
22	87	0
87	49	0
17	21	0
15	73	0
78	65	0
70	49	0
39	55	1
93	51	0
85	53	0
77	59	0
56	63	0
78	50	0
0	27	0
93	81	0
62	49	0
41	83	0
2	79	0
25	85	0
28	57	0
89	18	0
56	99	0
6	96	0
98	58	0
76	18	0
17	16	0
28	28	0
74	6	0
19	68	0
83	59	0
89	39	0
13	9	0
0	37	1
69	9	0
43	87	0
99	82	0
8	7	0
49	90	0
81	34	0
98	81	0
53	66	0
66	78	0
21	37	0
93	43	0
94	68	0
14	79	0
21	78	0
29	68	1
20	88	0
74	13	0
33	59	1
10	88	0
35	35	0
44	57	1
67	44	0
30	69	1
95	22	0
4	26	0
84	40	0
77	16	0
47	48	1
35	26	0
23	91	0
47	82	0
17	71	0
23	26	0
17	77	0
20	88	0
64	56	0
87	44	0
42	55	1
76	92	0
47	29	1
59	69	0
43	67	0
16	96	0
83	35	0
47	52	1
5	13	0
85	60	0
62	48	0
92	26	0
81	29	0
72	33	0
56	89	0
41	34	0
58	44	0
61	33	1
44	9	0
36	94	0
48	64	0
94	35	0
58	97	0
73	53	0
80	45	0
44	89	0
33	80	0
94	24	0
53	56	1
70	4	0
94	98	0
77	82	0
54	89	0
78	19	0
83	68	0
24	80	0
70	23	0
21	96	0
43	61	1
94	57	0
89	88	0
83	10	0
96	91	0
77	23	0
80	54	0
65	21	1
4	85	0
69	95	0
62	78	0
3	26	0
5	94	0
12	69	0
48	46	1
80	33	0
6	61	1
24	96	0
63	95	0
96	44	0
7	73	0
75	45	0
33	90	0
82	47	0
71	45	0
27	59	1
78	41	0
82	40	0
55	72	0
48	45	1
3	85	0
6	0	0
77	74	0
16	56	0
18	9	0
4	98	0
33	73	0
93	46	0
73	84	0
88	64	0
98	84	0
49	58	1
67	33	0
0	74	0
56	63	0
77	38	0
86	22	0
