93	63	0
39	8	0
35	35	0
64	99	0
20	10	0
95	39	0
95	86	0
44	9	0
61	77	0
50	24	0
84	46	0
0	83	0
14	0	0
22	76	0
94	24	0
79	73	0
54	37	0
20	55	0
88	61	0
96	8	0
48	91	0
57	67	0
78	88	0
57	7	0
33	81	0
49	14	0
85	70	0
63	86	0
88	80	0
0	29	0
52	18	0
40	22	0
91	32	0
25	49	0
87	64	0
10	86	0
40	98	0
89	31	0
69	90	0
41	5	0
23	71	0
92	59	0
91	69	0
54	65	0
96	46	0
0	81	0
63	7	0
99	66	0
14	69	0
70	13	0
16	77	0
59	97	0
35	77	0
93	70	0
51	36	0
30	23	0
95	77	0
98	99	0
94	5	0
15	95	0
99	15	0
29	10	0
74	74	0
37	6	0
19	99	0
84	4	0
38	88	0
66	94	0
42	67	0
2	33	0
70	87	0
7	59	0
93	33	0
33	87	0
59	97	0
60	28	0
29	96	0
60	92	0
5	20	0
99	4	0
96	17	0
44	62	0
83	41	0
84	51	0
53	10	0
36	5	0
69	51	0
11	97	0
54	6	0
53	87	0
40	0	0
48	37	0
80	41	0
34	61	0
74	50	0
4	59	0
76	83	0
4	80	0
29	97	0
94	58	0
63	15	0
42	66	0
38	67	0
66	3	0
71	51	0
1	62	0
28	5	0
13	37	0
39	39	0
65	83	0
47	41	0
9	97	0
84	8	0
48	82	0
76	76	0
98	0	0
68	88	0
52	69	0
36	16	0
51	96	0
96	67	0
71	61	0
29	95	0
62	31	0
30	12	0
21	44	0
79	6	0
8	58	0
90	56	0
97	19	0
82	41	0
41	51	0
49	15	0
80	69	0
20	12	0
33	21	0
96	60	0
38	35	0
61	71	0
69	86	0
48	34	0
44	44	0
58	37	0
18	42	0
29	48	0
19	58	0
84	93	0
41	61	0
34	97	0
71	42	0
76	65	0
50	76	0
90	70	0
21	24	0
54	54	0
16	14	0
17	79	0
35	66	0
87	34	0
42	42	0
80	13	0
42	85	0
52	25	0
47	49	0
75	76	0
25	72	0
48	70	0
40	82	0
34	49	0
35	11	0
57	17	0
40	81	0
25	71	0
79	70	0
91	61	0
33	95	0
93	71	0
27	46	0
20	79	0
54	68	0
44	51	0
23	13	0
76	90	0
85	80	0
55	63	0
66	34	0
1	52	0
58	0	0
79	46	0
63	23	0
78	28	0
21	57	0
12	50	0
44	53	0
75	25	0
35	68	0
83	25	0
35	95	0
26	73	0
40	25	0
80	78	0
43	59	0
31	8	0
21	80	0
56	11	0
97	83	0
60	93	0
91	1	0
7	73	0
21	64	0
98	27	0
48	81	0
38	35	0
54	70	0
53	64	0
46	64	0
17	78	0
28	55	0
68	1	0
5	60	0
61	81	0
91	37	0
35	91	0
80	62	0
62	23	0
48	67	0
21	84	0
37	98	0
48	32	0
75	40	0
85	59	0
72	47	0
66	64	0
5	42	0
50	12	0
6	91	0
58	52	0
69	41	0
64	31	0
54	9	0
9	52	0
85	22	0
39	7	0
62	63	0
57	81	0
73	33	0
99	38	0
95	6	0
4	50	0
95	78	0
16	98	0
95	80	0
26	94	0
63	35	0
69	22	0
15	80	0
78	30	0
33	72	0
34	78	0
45	0	0
32	94	0
77	91	0
69	85	0
86	45	0
92	66	0
17	99	0
42	69	0
66	7	0
70	41	0
34	20	0
37	3	0
47	11	0
54	54	0
77	46	0
36	48	0
33	48	0
35	74	0
73	86	0
83	64	0
61	79	0
84	3	0
84	42	0
69	2	0
20	42	0
69	38	0
70	56	0
75	72	0
12	35	0
38	67	0
64	18	0
18	88	0
31	86	0
23	71	0
85	65	0
48	16	0
32	1	0
33	54	0
75	69	0
60	9	0
76	89	0
15	3	0
50	96	0
6	71	0
40	99	0
45	37	0
2	54	0
75	30	0
76	6	0
56	14	0
87	12	0
41	57	0
12	55	0
72	24	0
87	65	0
13	10	0
0	67	0
30	94	0
10	91	0
45	99	0
58	72	0
51	47	0
67	7	0
47	84	0
42	60	0
80	97	0
36	26	0
6	59	0
27	49	0
63	54	0
68	83	0
29	24	0
78	26	0
36	2	0
54	3	0
58	16	0
39	42	0
72	66	0
79	9	0
12	48	0
43	15	0
53	61	0
42	36	0
27	48	0
88	74	0
75	56	0
13	49	0
59	35	0
94	9	0
64	4	0
57	27	0
48	42	0
36	31	0
7	78	0
58	84	0
26	73	0
21	94	0
33	94	0
52	13	0
43	39	0
97	46	0
87	50	0
0	65	0
80	72	0
69	76	0
79	28	0
83	89	0
87	5	0
73	57	0
85	69	0
34	22	0
63	43	0
27	46	0
94	77	0
70	12	0
99	23	0
29	51	0
38	91	0
69	67	0
83	15	0
15	76	0
90	29	0
58	95	0
81	21	0
75	37	0
45	48	0
53	39	0
31	38	1
29	50	0
60	87	0
77	24	0
42	26	0
74	76	0
29	65	0
15	97	0
93	94	0
41	38	0
5	92	0
53	41	0
91	15	0
78	40	0
18	66	0
61	48	0
40	31	0
48	45	0
14	99	0
86	21	0
52	2	0
87	43	0
49	47	0
27	83	0
19	4	0
60	54	0
53	86	0
11	50	0
41	79	0
38	81	0
51	31	0
22	85	0
10	41	0
26	40	1
63	10	0
79	26	0
85	3	0
84	87	0
24	68	0
30	30	1
49	26	0
81	6	0
81	60	0
74	93	0
5	36	0
61	91	0
92	58	0
29	85	0
72	0	0
55	55	0
66	26	0
71	12	0
44	27	0
38	15	0
98	2	0
90	36	0
6	89	0
81	13	0
89	99	0
21	87	0
93	62	0
45	54	0
13	26	0
79	96	0
64	42	0
3	99	0
66	38	0
77	37	0
79	43	0
90	70	0
24	66	0
82	64	0
37	87	0
91	81	0
28	88	0
93	83	0
41	31	0
58	62	0
66	94	0
40	66	0
73	98	0
70	45	0
29	58	0
37	66	0
85	4	0
7	88	0
94	52	0
19	82	0
47	78	0
45	80	0
93	46	0
40	50	0
45	22	0
82	62	0
62	11	0
85	89	0
60	89	0
48	47	0
51	11	0
38	37	0
51	86	0
35	24	0
43	65	0
79	72	0
36	15	0
96	94	0
57	11	0
4	12	0
49	34	0
19	79	0
43	2	0
12	68	0
92	86	0
62	88	0
58	47	0
55	9	0
45	67	0
41	54	0
98	51	0
89	5	0
6	70	0
72	5	0
51	75	0
63	28	0
39	14	0
32	64	0
86	84	0
32	75	0
38	80	0
76	30	0
18	48	0
69	33	0
39	66	0
64	87	0
28	99	0
88	11	0
95	30	0
69	14	0
26	78	0
30	99	0
28	84	0
76	49	0
82	78	0
77	91	0
8	40	0
76	41	0
73	74	0
74	63	0
62	77	0
8	82	0
16	63	0
37	21	0
43	15	0
0	40	0
45	52	0
30	47	0
83	33	0
84	43	0
73	5	0
72	48	0
50	63	0
24	52	0
53	27	0
90	75	0
50	92	0
82	64	0
34	64	0
33	90	0
79	55	0
30	52	0
76	29	0
24	48	0
34	14	0
91	55	0
73	94	0
53	55	0
7	55	0
53	5	0
57	59	0
40	87	0
34	28	0
74	93	0
95	63	0
11	84	0
68	47	0
6	63	0
74	59	0
35	62	0
51	59	0
39	79	0
63	63	0
5	59	0
68	61	0
68	46	0
75	51	0
30	72	0
65	86	0
54	6	0
97	20	0
57	32	0
93	10	0
14	79	0
30	43	1
35	66	0
84	65	0
25	55	0
76	72	0
19	92	0
14	84	0
83	83	0
47	28	0
1	68	0
70	94	0
52	66	0
91	61	0
20	94	0
95	38	0
21	7	0
34	75	0
20	86	0
33	10	0
16	44	0
10	28	0
82	71	0
97	20	0
58	12	0
74	32	0
90	23	0
30	7	0
29	65	0
98	34	0
4	62	0
47	94	0
0	54	0
25	81	0
72	54	0
48	98	0
78	50	0
66	85	0
29	43	1
69	61	0
44	55	0
75	67	0
3	79	0
56	34	0
28	85	0
86	48	0
74	26	0
91	75	0
96	98	0
88	87	0
46	74	0
70	39	0
49	61	0
38	17	0
30	10	0
38	75	0
4	40	0
67	10	0
60	75	0
88	81	0
88	3	0
14	45	0
56	83	0
17	92	0
60	5	0
54	38	0
61	22	0
44	27	0
44	17	0
84	8	0
40	98	0
68	20	0
33	97	0
98	14	0
24	42	1
43	63	0
73	28	0
81	99	0
71	72	0
43	64	0
63	96	0
76	64	0
92	46	0
9	60	0
84	86	0
84	95	0
11	66	0
94	44	0
27	68	0
98	86	0
47	97	0
39	14	0
71	69	0
91	54	0
55	75	0
70	71	0
95	65	0
70	38	0
16	59	0
5	65	0
62	79	0
70	36	0
46	47	0
54	3	0
33	25	0
98	72	0
19	56	0
30	43	0
67	24	0
46	3	0
57	25	0
20	94	0
7	59	0
8	76	0
69	50	0
88	24	0
91	38	0
97	0	0
61	90	0
11	54	0
63	29	0
54	53	0
46	87	0
98	13	0
60	59	0
40	89	0
18	91	0
43	65	0
29	89	0
36	12	0
75	73	0
52	23	0
36	75	0
50	42	0
5	45	0
75	59	0
63	16	0
28	88	0
97	51	0
23	37	1
24	54	0
21	20	0
5	69	0
84	61	0
73	64	0
45	50	0
79	63	0
98	69	0
65	38	0
62	19	0
79	65	0
77	23	0
5	50	0
74	84	0
29	31	1
59	32	0
16	66	0
4	85	0
32	94	0
37	53	0
90	25	0
3	48	0
53	90	0
3	88	0
87	58	0
50	32	0
82	31	0
13	17	0
43	34	0
72	7	0
26	81	0
52	49	0
98	65	0
86	38	0
3	3	0
5	43	0
55	16	0
5	53	0
78	6	0
55	76	0
30	24	0
91	89	0
5	14	0
32	97	0
94	50	0
40	8	0
89	98	0
45	57	0
60	63	0
35	31	0
93	33	0
90	89	0
7	58	0
4	71	0
18	50	0
21	77	0
19	90	0
60	25	0
34	59	0
12	92	0
37	22	0
64	19	0
36	64	0
61	49	0
51	14	0
34	71	0
37	32	0
90	15	0
2	32	0
84	48	0
94	19	0
50	47	0
32	21	0
48	5	0
21	93	0
45	69	0
47	65	0
25	13	0
18	91	0
10	85	0
67	47	0
92	35	0
28	28	0
27	66	0
86	97	0
49	25	0
67	74	0
58	84	0
7	87	0
79	34	0
47	61	0
15	32	0
87	78	0
50	53	0
98	14	0
76	12	0
80	22	0
68	95	0
56	55	0
42	49	0
60	22	0
45	5	0
56	88	0
53	77	0
14	64	0
77	39	0
53	92	0
90	32	0
89	58	0
35	82	0
41	60	0
83	34	0
44	51	0
79	6	0
96	96	0
75	75	0
44	81	0
76	41	0
69	88	0
11	77	0
48	11	0
13	94	0
13	63	0
50	66	0
73	81	0
67	12	0
97	92	0
91	8	0
94	99	0
66	7	0
82	30	0
76	58	0
52	37	0
15	84	0
50	93	0
62	80	0
27	47	0
10	33	0
24	88	0
13	69	0
41	14	0
42	45	0
20	58	0
33	42	1
0	47	0
91	52	0
38	24	0
10	65	0
28	83	0
64	86	0
91	50	0
5	71	0
65	42	0
30	64	0
80	52	0
61	30	0
7	56	0
28	48	0
83	46	0
63	50	0
82	55	0
2	69	0
69	53	0
3	77	0
1	1	0
89	71	0
11	58	0
28	0	0
32	26	0
9	98	0
22	77	0
91	40	0
70	71	0
84	60	0
76	80	0
48	66	0
59	39	0
6	71	0
42	68	0
32	60	0
74	52	0
87	9	0
