91	68	0
23	17	0
61	99	0
15	5	0
97	47	0
96	98	0
40	74	0
65	45	0
0	91	0
0	8	0
13	91	0
92	51	0
66	83	0
28	31	0
90	85	0
93	41	0
46	92	0
45	80	0
68	73	0
47	10	0
37	79	1
80	72	0
94	87	0
78	95	0
9	22	0
88	19	0
71	68	0
11	70	1
32	93	0
85	15	0
66	91	0
52	70	0
76	77	0
98	51	0
99	27	0
21	75	0
92	73	0
15	65	0
41	3	0
9	75	0
30	87	0
88	47	0
39	18	0
98	94	0
87	91	0
98	15	0
29	80	1
98	12	0
23	22	0
72	89	0
1	86	0
88	0	0
66	88	0
6	22	0
75	75	0
87	32	0
25	85	0
57	95	0
83	20	0
31	87	0
35	88	0
23	10	0
98	12	0
78	33	0
47	82	0
88	22	0
60	42	0
74	33	0
4	99	0
49	92	0
72	7	1
95	67	0
73	89	0
4	75	0
40	92	0
98	57	0
82	25	0
60	9	1
57	32	0
10	70	1
37	7	0
71	60	0
0	91	0
92	25	0
41	68	0
84	57	0
84	0	0
67	93	0
63	84	0
3	32	0
66	78	0
87	71	0
75	48	0
14	97	0
68	41	0
89	62	0
92	27	0
98	34	0
16	53	0
4	18	0
91	64	0
52	80	0
55	61	0
54	74	0
54	98	0
73	33	0
62	72	0
66	81	0
93	58	0
24	17	0
46	36	1
16	13	0
21	84	1
76	51	0
93	1	0
27	94	0
24	45	0
64	74	0
54	80	0
51	77	0
50	2	0
47	87	0
75	86	0
86	56	0
22	89	0
85	82	0
5	75	0
49	63	1
12	42	0
75	79	0
97	65	0
48	72	0
70	40	0
91	34	0
34	94	0
58	77	0
25	41	0
47	78	0
40	22	0
87	91	0
30	96	0
94	6	0
21	79	1
81	36	0
59	94	0
74	80	0
65	71	0
27	38	0
21	65	0
64	4	1
62	96	0
85	65	0
44	93	0
63	84	0
74	19	0
61	67	1
27	76	1
46	92	0
25	20	0
81	60	0
62	46	0
71	57	0
77	38	0
17	94	0
65	56	0
86	39	0
68	33	0
53	15	0
98	32	0
65	82	0
77	95	0
74	65	0
98	21	0
98	25	0
88	81	0
33	94	0
68	86	0
48	97	0
83	35	0
15	95	0
86	24	0
23	44	0
22	89	0
27	99	0
87	81	0
69	75	0
90	55	0
91	58	0
20	80	1
45	86	0
73	1	1
84	57	0
48	4	0
37	29	0
89	40	0
27	65	1
48	58	1
27	74	0
69	90	0
82	59	0
53	64	1
82	2	0
89	44	0
93	45	0
74	61	0
68	81	0
52	64	1
65	14	0
7	88	0
3	93	0
84	65	0
83	63	0
93	6	0
95	87	0
22	5	0
28	95	0
57	99	0
46	34	1
91	16	0
96	8	0
98	25	0
75	28	0
66	49	0
4	3	0
25	95	0
12	71	0
46	80	0
45	74	0
90	42	0
59	90	0
99	86	0
69	36	0
85	83	0
80	18	0
16	5	0
44	6	0
37	28	0
99	43	0
87	14	0
13	48	0
17	23	0
87	83	0
97	66	0
74	24	0
99	12	0
63	2	0
79	18	0
38	15	0
17	71	1
94	94	0
31	85	0
4	93	0
33	40	0
72	44	0
69	60	0
72	75	0
81	80	0
76	25	0
68	81	0
96	41	0
80	56	0
65	49	0
99	68	0
69	20	0
94	19	0
29	50	0
67	97	0
49	68	1
90	29	0
19	88	0
98	39	0
73	95	0
95	35	0
62	20	0
52	47	0
61	89	0
59	22	1
73	79	0
23	93	0
90	80	0
4	85	0
90	3	0
90	13	0
51	72	0
61	49	1
5	96	0
74	38	0
95	61	0
32	82	1
25	14	0
51	95	0
35	85	0
50	76	0
2	73	1
1	25	0
83	32	0
98	9	0
78	94	0
24	22	0
65	11	1
68	33	0
66	89	0
0	12	0
44	86	0
83	49	0
28	88	0
80	6	0
81	20	0
92	57	0
15	85	0
67	11	0
90	96	0
35	96	0
69	62	0
6	39	0
58	88	0
61	43	0
17	70	1
59	25	1
92	48	0
76	48	0
73	60	0
10	38	0
96	60	0
24	99	0
89	53	0
16	97	0
86	82	0
35	20	0
75	64	0
61	85	0
57	95	0
84	50	0
80	13	0
2	75	0
71	42	0
21	97	0
85	26	0
91	48	0
76	19	0
81	73	0
50	99	0
54	95	0
32	96	0
97	79	0
74	81	0
76	7	1
20	0	0
11	78	0
83	97	0
68	85	0
72	52	0
66	27	0
37	73	0
81	54	0
99	8	0
16	72	1
90	2	0
56	65	1
85	83	0
59	89	0
75	24	0
87	11	0
73	87	0
23	98	0
91	18	0
95	0	0
66	21	0
7	55	0
14	89	0
9	85	0
78	85	0
87	99	0
56	53	1
76	96	0
84	61	0
74	63	0
8	88	0
17	78	0
34	25	0
0	17	0
40	37	0
96	27	0
84	37	0
75	54	0
61	57	1
49	19	0
85	85	0
60	84	0
89	52	0
33	85	0
80	62	0
20	9	0
98	43	0
57	97	0
35	44	0
30	96	0
71	96	0
91	71	0
28	88	0
62	25	1
12	74	0
48	65	0
61	66	1
60	76	0
57	91	0
13	47	0
74	65	0
83	46	0
91	70	0
41	72	0
67	83	0
85	13	0
58	52	1
82	11	0
10	84	0
45	96	0
81	75	0
66	71	0
8	90	0
15	75	0
81	97	0
33	24	0
11	83	0
63	93	0
59	72	0
83	85	0
11	91	0
76	52	0
17	5	0
46	98	0
3	99	0
3	19	0
83	61	0
85	16	0
80	30	0
75	18	0
11	18	0
16	51	0
75	28	0
0	70	1
68	67	0
28	90	0
62	60	0
83	90	0
79	43	0
71	84	0
67	54	0
75	79	0
9	68	0
34	80	1
72	62	0
58	45	0
99	36	0
98	95	0
75	81	0
70	54	0
63	54	0
62	82	0
98	80	0
99	1	0
55	79	0
5	95	0
57	34	0
65	22	0
71	15	0
29	71	0
77	27	0
83	21	0
31	28	0
57	98	0
73	64	0
44	87	0
70	97	0
75	58	0
81	36	0
88	69	0
84	94	0
93	42	0
87	90	0
46	89	0
70	74	0
83	47	0
40	91	0
80	79	0
76	61	0
90	24	0
1	73	0
51	77	0
78	18	0
62	37	0
84	86	0
76	55	0
14	86	0
20	97	0
79	41	0
81	32	0
98	51	0
97	5	0
79	90	0
48	38	1
86	16	0
74	36	0
19	77	0
12	96	0
19	74	0
5	87	0
57	52	1
41	23	0
40	65	0
58	81	0
68	3	0
18	89	0
83	54	0
20	15	0
22	67	0
79	65	0
63	60	0
88	59	0
84	54	0
66	68	0
78	50	0
3	32	0
96	87	0
63	49	0
44	88	0
7	68	0
30	81	1
93	19	0
52	93	0
18	89	0
99	45	0
68	20	0
14	13	0
26	29	0
69	3	1
20	66	0
77	60	0
97	40	0
19	3	0
60	7	0
41	85	0
90	81	0
18	5	0
48	79	0
75	31	0
99	68	0
64	61	0
69	87	0
7	42	0
97	44	0
93	67	0
11	76	0
24	78	1
23	96	0
75	6	1
6	98	0
62	42	0
91	17	0
10	15	0
86	32	0
89	15	0
41	31	0
20	93	0
55	87	0
18	77	0
27	23	0
17	74	0
24	93	0
64	61	0
92	51	0
74	89	0
54	70	1
20	97	0
81	39	0
8	1	0
83	56	0
51	56	0
95	27	0
73	26	0
75	34	0
54	95	0
35	33	1
50	39	1
65	10	1
35	99	0
49	53	1
91	38	0
65	99	0
75	53	0
84	45	0
52	87	0
33	76	0
90	36	0
99	97	0
80	83	0
57	81	0
88	13	0
70	72	0
25	78	1
65	27	0
30	92	0
94	55	0
99	87	0
84	8	0
97	96	0
80	24	0
88	65	0
8	92	0
76	95	0
66	78	0
1	17	0
12	97	0
7	73	0
86	27	0
25	97	0
62	88	0
86	43	0
14	69	1
81	43	0
27	96	0
81	47	0
86	53	0
77	49	0
81	30	0
2	83	0
6	5	0
69	72	0
16	61	0
23	1	0
3	90	0
31	75	0
99	49	0
78	88	0
94	60	0
93	78	0
81	46	0
3	82	0
80	31	0
87	30	0
