96	65	0
50	9	0
38	18	0
40	95	0
2	36	0
89	29	0
88	79	0
11	5	0
46	11	0
72	93	0
42	40	0
78	39	0
1	85	0
22	2	0
14	66	0
98	6	0
92	87	0
64	28	0
29	58	0
97	64	0
92	1	0
42	72	0
75	84	0
78	93	0
67	3	0
28	94	0
56	9	0
76	77	0
73	93	0
98	59	0
0	40	0
28	33	0
42	28	0
82	18	0
42	47	0
93	78	0
12	94	0
67	80	0
90	25	0
82	94	0
46	9	0
24	53	0
70	55	0
99	54	0
60	76	0
97	49	0
18	98	0
37	44	0
54	15	0
85	44	0
16	66	0
59	11	0
34	89	0
53	86	0
27	65	0
96	70	0
49	23	0
36	48	0
87	73	0
96	98	0
90	12	0
16	98	0
93	13	0
51	9	0
91	70	0
39	35	0
20	86	0
84	10	0
32	80	0
82	74	0
65	52	0
20	29	0
87	79	0
29	38	0
13	49	0
89	36	0
17	27	1
16	36	0
40	84	0
61	93	0
69	27	0
47	97	0
63	96	0
0	9	0
13	20	0
93	19	0
95	19	0
35	58	0
80	43	0
22	31	0
76	50	0
38	57	0
33	13	0
36	3	0
70	48	0
22	85	0
56	6	0
48	74	0
44	1	0
37	27	0
92	43	0
50	62	0
65	48	0
18	78	0
64	84	0
9	80	0
45	77	0
87	50	0
66	12	0
53	72	0
8	52	0
58	7	0
51	64	0
13	71	0
45	0	0
29	58	0
18	33	0
86	83	0
40	37	0
2	3	0
24	96	0
81	2	0
68	66	0
16	31	0
79	78	0
95	15	0
62	70	0
57	88	0
31	19	0
63	92	0
21	17	1
72	87	0
62	55	0
36	94	0
76	30	0
40	23	0
19	34	0
80	0	0
12	10	1
5	72	0
11	18	1
93	70	0
89	14	0
88	35	0
41	54	0
62	4	0
87	96	0
5	6	0
38	14	0
13	13	1
80	79	0
36	38	0
94	67	0
84	79	0
52	26	0
50	39	0
68	59	0
6	47	0
25	80	0
13	57	0
84	77	0
55	70	0
44	96	0
83	49	0
69	75	0
54	85	0
27	45	0
89	82	0
3	38	0
35	37	0
25	21	0
17	71	0
33	70	0
98	22	0
43	34	0
76	8	0
36	81	0
71	22	0
58	29	0
78	79	0
23	51	0
62	68	0
33	99	0
37	65	0
41	7	0
67	17	0
32	90	0
16	80	0
71	83	0
92	60	0
18	90	0
30	38	0
88	71	0
24	59	0
40	81	0
34	95	0
54	43	0
32	6	0
22	37	0
82	94	0
89	96	0
60	94	0
79	16	0
2	61	0
66	0	0
62	16	0
65	21	0
85	20	0
29	62	0
7	74	0
60	63	0
72	36	0
28	76	0
89	17	0
55	87	0
33	67	0
31	18	0
82	72	0
32	69	0
41	9	0
3	89	0
83	19	0
99	77	0
85	91	0
86	21	0
3	80	0
18	76	0
94	50	0
51	71	0
36	46	0
43	76	0
57	72	0
55	54	0
7	83	0
35	69	0
63	15	0
4	62	0
67	98	0
64	41	0
34	93	0
87	58	0
39	14	0
42	59	0
11	76	0
38	94	0
57	32	0
70	27	0
9	33	0
89	66	0
70	46	0
82	54	0
9	86	0
57	8	0
13	83	0
64	64	0
56	45	0
70	57	0
58	6	0
17	7	1
5	56	0
76	46	0
47	9	0
70	56	0
51	83	0
62	54	0
91	32	0
91	15	0
7	60	0
90	67	0
25	92	0
92	54	0
35	89	0
55	36	0
48	0	0
15	92	0
71	33	0
45	58	0
43	75	0
48	1	0
21	93	0
74	84	0
84	87	0
59	28	0
93	72	0
9	90	0
37	41	0
61	0	0
62	20	0
35	23	0
47	1	0
56	11	0
56	48	0
73	35	0
36	48	0
23	46	0
52	51	0
69	79	0
90	76	0
56	87	0
78	9	0
99	53	0
79	1	0
10	58	0
25	9	0
91	34	0
45	24	0
74	78	0
5	45	0
51	71	0
58	26	0
25	98	0
35	91	0
31	71	0
92	54	0
39	24	0
40	0	0
24	53	0
89	50	0
75	18	0
75	98	0
16	6	0
66	89	0
11	79	0
46	84	0
33	30	0
3	53	0
81	8	0
23	35	0
81	12	0
40	10	0
15	0	0
80	5	0
30	52	0
12	40	0
87	29	0
93	59	0
8	25	0
27	37	0
4	61	0
32	84	0
15	75	0
5	5	0
38	95	0
45	66	0
38	28	0
60	31	0
45	82	0
38	66	0
91	92	0
37	28	0
16	49	0
32	41	0
56	75	0
78	95	0
51	7	0
71	1	0
35	6	0
45	9	0
61	7	0
23	48	0
77	61	0
66	4	0
26	44	0
64	8	0
50	56	0
47	50	0
29	62	0
77	82	0
64	54	0
15	65	0
58	35	0
22	17	0
94	6	0
48	4	0
68	16	0
54	37	0
20	39	0
13	71	0
70	73	0
11	75	0
31	96	0
26	91	0
49	21	0
32	34	0
86	63	0
60	49	0
6	77	0
77	79	0
62	89	0
25	33	0
70	23	0
68	94	0
71	1	0
97	62	0
77	39	0
35	19	0
39	46	0
37	50	0
88	79	0
12	27	0
77	29	0
86	7	0
14	57	0
31	92	0
70	79	0
86	5	0
4	71	0
95	33	0
49	90	0
4	10	1
74	8	0
64	52	0
42	56	0
57	49	0
29	38	0
52	38	0
74	75	0
71	54	0
42	33	0
73	65	0
22	49	0
27	91	0
85	86	0
43	20	0
0	73	0
70	18	0
86	19	0
71	45	0
16	59	0
62	23	0
30	33	0
54	40	0
7	98	0
62	38	0
57	18	0
91	52	0
45	24	0
34	72	0
34	8	0
82	43	0
9	1	0
63	95	0
2	87	0
37	40	0
53	83	0
56	29	0
20	96	0
19	45	0
21	40	0
61	17	0
97	33	0
84	21	0
85	99	0
25	60	0
17	16	1
34	14	0
33	26	0
84	20	0
53	64	0
79	85	0
25	31	0
65	99	0
84	69	0
39	76	0
77	10	0
69	37	0
83	19	0
69	22	0
42	20	0
36	32	0
98	2	0
65	30	0
2	68	0
92	16	0
91	94	0
9	95	0
87	64	0
42	50	0
24	0	0
92	89	0
79	55	0
26	99	0
66	22	0
77	44	0
93	58	0
83	70	0
29	77	0
78	84	0
32	93	0
87	72	0
39	39	0
26	89	0
99	89	0
33	30	0
27	47	0
63	68	0
62	91	0
52	70	0
44	90	0
66	63	0
35	61	0
33	63	0
81	24	0
13	94	0
89	50	0
18	83	0
42	51	0
47	77	0
79	29	0
27	34	0
16	45	0
64	43	0
92	72	0
63	20	0
84	95	0
68	99	0
35	44	0
57	9	0
29	44	0
21	84	0
36	32	0
55	72	0
68	83	0
35	23	0
76	87	0
48	33	0
36	17	0
63	39	0
23	75	0
41	12	0
3	59	0
91	81	0
67	96	0
51	44	0
79	14	0
38	71	0
41	52	0
97	53	0
97	2	0
0	73	0
69	3	0
84	73	0
70	23	0
33	2	0
35	70	0
76	79	0
37	78	0
49	80	0
78	19	0
13	69	0
58	9	0
45	68	0
64	99	0
30	92	0
90	5	0
93	21	0
62	12	0
33	83	0
14	95	0
5	90	0
78	50	0
72	55	0
78	64	0
13	44	0
87	47	0
66	59	0
83	77	0
68	66	0
22	50	0
17	69	0
37	26	0
47	41	0
5	50	0
56	67	0
43	39	0
92	40	0
75	35	0
76	2	0
75	30	0
52	84	0
23	19	1
15	46	0
63	42	0
93	78	0
71	81	0
94	77	0
25	49	0
50	64	0
61	52	0
31	59	0
84	38	0
20	62	0
46	21	0
93	57	0
73	96	0
53	51	0
22	62	0
39	1	0
69	68	0
30	82	0
44	25	0
75	80	0
87	73	0
20	90	0
52	62	0
14	72	0
71	67	0
37	55	0
51	62	0
39	79	0
63	65	0
28	33	0
15	64	0
88	80	0
78	57	0
98	61	0
34	79	0
58	74	0
67	33	0
20	20	1
84	25	0
36	31	0
99	3	0
16	91	0
33	34	0
29	81	0
91	60	0
19	40	0
98	63	0
14	93	0
12	70	0
31	3	0
98	93	0
30	27	0
2	82	0
75	94	0
36	63	0
77	71	0
29	85	0
99	27	0
32	18	0
37	83	0
29	75	0
32	14	0
23	37	0
12	27	0
89	70	0
91	14	0
53	7	0
67	9	0
90	41	0
32	8	0
39	39	0
96	42	0
11	60	0
46	89	0
0	47	0
20	83	0
77	60	0
46	96	0
68	46	0
72	81	0
36	32	0
79	68	0
36	68	0
87	45	0
6	74	0
59	35	0
36	67	0
74	33	0
55	40	0
98	82	0
92	96	0
83	87	0
20	85	0
20	34	0
58	51	0
48	70	0
38	25	0
22	11	0
38	68	0
8	41	0
62	5	0
67	85	0
90	61	0
96	16	0
9	45	0
9	2	0
77	91	0
5	93	0
52	11	0
55	49	0
71	11	0
17	2	0
47	14	0
20	34	0
46	17	0
59	0	0
38	82	0
55	21	0
26	92	0
73	3	0
27	37	0
51	66	0
67	18	0
90	67	0
65	77	0
42	67	0
51	97	0
80	90	0
6	16	1
87	59	0
16	67	0
81	70	0
60	91	0
18	35	0
18	60	0
95	48	0
33	85	0
94	94	0
65	84	0
46	7	0
46	54	0
81	58	0
56	90	0
74	49	0
96	71	0
81	26	0
15	66	0
5	57	0
69	89	0
77	42	0
56	61	0
58	12	0
33	25	0
70	70	0
23	39	0
12	61	0
38	47	0
54	43	0
29	14	0
60	30	0
8	87	0
24	37	0
11	56	0
8	72	0
74	50	0
29	27	0
59	11	0
92	23	0
81	0	0
53	72	0
5	63	0
63	26	0
48	40	0
21	18	1
70	75	0
79	18	0
47	41	0
49	68	0
48	83	0
18	97	0
31	64	0
41	90	0
29	39	0
75	84	0
44	38	0
26	76	0
9	19	1
57	23	0
6	40	0
57	57	0
63	17	0
27	73	0
81	50	0
54	42	0
50	45	0
41	17	0
0	73	0
68	59	0
73	53	0
45	38	0
79	57	0
84	71	0
76	39	0
65	10	0
85	75	0
91	16	0
7	75	0
64	84	0
30	17	0
55	34	0
10	1	0
15	56	0
7	86	0
32	91	0
21	49	0
94	35	0
17	48	0
58	99	0
13	84	0
94	65	0
53	65	0
88	37	0
17	1	0
58	16	0
45	6	0
5	1	0
13	80	0
58	64	0
83	67	0
74	48	0
16	1	0
30	34	0
65	10	0
3	82	0
73	2	0
45	74	0
56	25	0
73	99	0
11	38	0
1	93	0
96	62	0
37	22	0
86	68	0
60	57	0
74	42	0
41	29	0
93	32	0
86	68	0
18	65	0
0	88	0
25	50	0
3	86	0
8	96	0
90	33	0
36	51	0
2	99	0
53	14	0
61	1	0
41	47	0
25	22	0
66	44	0
38	20	0
25	79	0
31	32	0
72	12	0
2	41	0
87	49	0
87	7	0
65	52	0
32	9	0
47	22	0
12	95	0
60	81	0
37	67	0
13	5	1
35	17	0
1	82	0
2	84	0
68	56	0
87	45	0
44	31	0
31	73	0
25	27	0
96	90	0
63	32	0
45	75	0
65	97	0
23	19	1
6	87	0
65	19	0
58	66	0
31	38	0
99	68	0
35	72	0
99	18	0
78	17	0
98	20	0
88	89	0
44	57	0
26	90	0
86	8	0
31	1	0
66	82	0
65	72	0
20	46	0
67	40	0
67	82	0
85	15	0
94	54	0
20	66	0
51	55	0
25	23	0
88	27	0
47	44	0
70	9	0
91	96	0
86	77	0
50	66	0
71	30	0
61	71	0
5	88	0
37	2	0
8	98	0
15	76	0
63	66	0
78	95	0
89	11	0
97	91	0
80	4	0
17	10	1
85	75	0
67	3	0
97	36	0
74	52	0
54	38	0
17	70	0
60	90	0
54	76	0
11	41	0
7	41	0
41	90	0
7	74	0
43	3	0
40	54	0
15	60	0
43	29	0
4	42	0
97	44	0
56	23	0
3	48	0
25	87	0
73	60	0
0	5	0
93	72	0
26	82	0
58	45	0
34	59	0
94	52	0
62	42	0
2	13	0
14	16	1
2	49	0
23	62	0
85	71	0
66	46	0
99	65	0
2	52	0
63	59	0
15	67	0
0	15	0
73	75	0
30	63	0
43	8	0
26	28	0
7	79	0
35	87	0
7	3	0
74	46	0
67	61	0
82	66	0
76	76	0
43	88	0
36	16	0
5	70	0
13	12	1
48	68	0
36	47	0
56	48	0
82	14	0
