1	22	1
93	60	0
53	13	0
44	22	0
51	94	0
3	42	0
85	35	0
95	72	0
7	10	0
47	11	0
68	88	0
44	39	0
71	47	0
3	92	0
31	9	0
17	56	0
94	3	0
82	78	0
67	33	0
33	60	0
99	54	0
97	0	0
46	78	0
71	78	0
81	89	0
78	2	0
22	96	0
63	17	0
74	70	0
67	87	0
96	57	0
1	43	0
30	25	0
49	16	0
78	17	0
50	48	0
88	78	0
11	97	0
70	69	0
94	19	0
83	94	0
42	15	0
32	58	0
65	58	0
94	54	0
57	86	0
95	49	0
17	97	0
26	45	0
64	11	0
92	45	0
26	66	0
61	4	0
32	84	0
64	97	0
26	67	0
91	65	0
51	14	0
38	59	0
78	76	0
99	89	0
77	11	0
25	95	0
88	5	0
52	14	0
90	63	0
46	23	0
12	88	0
87	5	0
31	81	0
88	76	0
59	50	0
22	33	0
93	74	0
22	37	0
26	45	0
85	39	0
22	12	0
10	38	0
46	83	0
68	97	0
68	22	0
46	99	0
73	92	0
5	12	0
11	27	0
91	12	0
87	15	0
53	49	0
87	37	0
22	33	0
77	52	0
48	52	0
33	8	0
32	8	0
68	49	0
20	79	0
51	0	0
46	80	0
41	2	0
33	27	0
87	35	0
49	64	0
57	46	0
18	79	0
70	75	0
2	82	0
41	94	0
85	47	0
67	18	0
54	81	0
4	49	0
63	7	0
50	73	0
4	82	0
45	6	0
23	56	0
19	33	0
89	81	0
7	32	1
37	23	0
1	0	0
37	95	0
90	7	0
61	60	0
9	34	0
72	80	0
95	20	0
61	61	0
49	83	0
30	19	0
62	94	0
13	16	0
74	80	0
64	54	0
26	95	0
84	34	0
38	38	0
19	21	0
70	9	0
12	6	0
1	80	0
14	9	0
95	86	0
95	13	0
83	41	0
53	62	0
63	12	0
86	86	0
3	4	0
36	14	0
17	2	0
83	71	0
40	38	0
91	72	0
87	80	0
53	29	0
55	36	0
76	52	0
1	49	0
27	74	0
14	58	0
92	77	0
46	62	0
37	93	0
89	42	0
70	74	0
57	83	0
22	38	0
99	77	0
4	43	0
31	34	0
16	24	0
23	75	0
29	65	0
95	23	0
52	31	0
78	11	0
42	79	0
66	21	0
57	38	0
75	75	0
24	48	0
70	61	0
35	98	0
33	62	0
28	2	0
69	24	0
23	96	0
7	81	0
65	80	0
81	50	0
18	84	0
13	49	0
84	71	0
24	53	0
30	75	0
38	85	0
57	38	0
32	2	0
19	46	0
78	85	0
92	87	0
60	93	0
71	12	0
10	55	0
62	9	0
63	24	0
58	24	0
73	15	0
25	62	0
7	76	0
47	62	0
69	37	0
30	72	0
80	24	0
57	89	0
33	73	0
22	13	0
89	77	0
32	79	0
45	5	0
2	86	0
83	24	0
91	74	0
77	87	0
85	27	0
4	79	0
19	81	0
93	44	0
64	71	0
37	46	0
43	76	0
71	71	0
48	65	0
19	77	0
38	65	0
66	7	0
5	56	0
67	96	0
65	40	0
24	87	0
86	68	0
39	13	0
36	60	0
13	76	0
39	94	0
64	26	0
69	15	0
19	39	0
97	57	0
62	43	0
74	43	0
12	93	0
54	13	0
20	79	0
66	67	0
60	56	0
68	58	0
59	4	0
25	6	0
9	52	0
83	52	0
52	14	0
75	56	0
44	85	0
62	45	0
95	30	0
90	12	0
16	59	0
83	67	0
21	84	0
18	20	0
97	53	0
39	95	0
47	38	0
52	1	0
14	98	0
70	37	0
40	55	0
34	72	0
46	4	0
18	80	0
82	85	0
87	75	0
61	33	0
89	70	0
15	88	0
43	41	0
64	0	0
71	18	0
33	26	0
55	4	0
54	15	0
51	35	0
63	31	0
31	49	0
23	49	0
58	44	0
70	70	0
91	89	0
42	99	0
73	7	0
91	56	0
70	11	0
13	56	0
16	14	0
90	36	0
58	30	0
75	72	0
17	45	0
49	68	0
60	21	0
32	95	0
30	81	0
44	74	0
95	48	0
50	27	0
52	4	0
26	46	0
86	49	0
74	3	0
65	92	0
28	0	0
64	88	0
5	75	0
40	77	0
32	27	0
9	53	0
9	13	0
86	12	0
28	35	0
79	17	0
40	7	0
3	10	0
84	13	0
24	67	0
24	42	0
93	25	0
81	54	0
11	33	0
25	41	0
0	48	0
36	87	0
14	76	0
8	4	0
34	91	0
52	63	0
40	16	0
9	13	0
53	30	0
45	86	0
40	70	0
86	97	0
30	29	0
19	56	0
32	46	0
57	69	0
72	97	0
50	11	0
71	9	0
29	7	0
45	12	0
52	1	0
17	59	0
79	57	0
65	3	0
26	50	0
60	0	0
55	59	0
44	59	0
33	60	0
80	84	0
71	47	0
24	63	0
52	48	0
21	15	0
99	12	0
49	2	0
61	27	0
57	26	0
18	43	0
10	70	0
59	73	0
8	77	0
39	99	0
28	84	0
38	28	0
41	34	0
91	60	0
63	33	0
13	70	0
72	76	0
5	21	1
64	88	0
29	29	0
64	20	0
73	92	0
73	1	0
96	64	0
74	46	0
41	28	0
36	40	0
36	40	0
91	76	0
14	18	0
66	23	0
80	5	0
10	50	0
40	82	0
74	77	0
79	9	0
1	61	0
92	45	0
57	96	0
8	15	0
67	0	0
55	60	0
39	63	0
60	48	0
20	36	0
55	40	0
70	83	0
59	53	0
39	28	0
74	71	0
21	45	0
20	80	0
78	83	0
46	18	0
5	76	0
72	18	0
87	26	0
70	42	0
16	62	0
70	18	0
24	27	0
63	44	0
18	99	0
67	51	0
54	4	0
84	54	0
37	30	0
28	73	0
43	10	0
79	40	0
4	4	0
61	98	0
14	94	0
28	34	0
53	66	0
59	26	0
9	94	0
13	46	0
18	40	0
54	8	0
95	36	0
69	22	0
85	99	0
33	67	0
23	26	0
37	21	0
43	25	0
94	12	0
55	57	0
80	78	0
31	40	0
63	97	0
73	59	0
41	75	0
79	2	0
71	47	0
75	11	0
64	18	0
43	21	0
30	29	0
94	8	0
62	25	0
1	74	0
95	3	0
96	87	0
8	93	0
5	28	1
88	65	0
40	46	0
35	1	0
90	84	0
80	64	0
26	98	0
70	34	0
77	39	0
91	61	0
8	21	1
86	75	0
33	78	0
76	75	0
25	99	0
97	68	0
35	46	0
21	86	0
99	84	0
36	34	0
31	35	0
72	69	0
65	97	0
46	74	0
14	12	0
44	80	0
61	63	0
37	61	0
35	74	0
84	21	0
14	94	0
81	48	0
23	78	0
38	65	0
40	77	0
92	33	0
35	31	0
20	53	0
4	18	0
70	42	0
96	71	0
56	20	0
78	92	0
73	95	0
32	35	0
45	16	0
24	49	0
27	78	0
9	19	1
37	31	0
50	70	0
63	91	0
33	30	0
74	86	0
52	31	0
36	11	0
69	39	0
23	72	0
50	13	0
14	56	0
98	85	0
58	96	0
44	55	0
75	7	0
47	65	0
5	25	1
6	22	1
44	48	0
94	58	0
91	0	0
4	65	0
75	7	0
86	88	0
72	24	0
33	2	0
27	71	0
82	74	0
32	81	0
52	82	0
84	20	0
19	75	0
60	19	0
59	77	0
60	95	0
36	89	0
96	11	0
93	18	0
68	14	0
41	92	0
12	94	0
0	86	0
78	60	0
74	59	0
89	65	0
9	46	0
86	47	0
61	58	0
8	16	0
78	69	0
65	70	0
21	43	0
11	69	0
43	28	0
40	41	0
11	60	0
62	49	0
48	50	0
97	40	0
75	33	0
80	2	0
75	39	0
48	88	0
0	29	1
17	15	0
24	46	0
71	47	0
98	83	0
71	72	0
97	78	0
22	46	0
53	71	0
56	39	0
31	64	0
79	43	0
6	28	0
21	69	0
41	27	0
76	64	0
64	98	0
48	55	0
11	19	1
26	63	0
33	9	0
86	65	0
25	77	0
47	33	0
87	82	0
96	85	0
12	97	0
41	52	0
15	79	0
78	79	0
38	51	0
54	56	0
45	79	0
73	71	0
27	30	0
18	64	0
93	75	0
78	60	0
92	56	0
35	82	0
58	82	0
64	30	0
28	25	0
88	29	0
42	26	0
94	2	0
21	87	0
24	25	0
2	12	0
36	99	0
92	68	0
21	39	0
96	53	0
17	99	0
15	68	0
28	2	0
97	93	0
20	24	0
7	85	0
69	97	0
41	60	0
79	70	0
23	80	0
89	26	0
26	23	0
36	81	0
26	71	0
36	22	0
23	39	0
17	34	0
94	68	0
84	17	0
51	12	0
72	8	0
86	49	0
34	14	0
47	26	0
92	33	0
9	53	0
46	86	0
13	51	0
16	81	0
74	55	0
44	95	0
60	48	0
71	79	0
40	29	0
93	75	0
37	64	0
91	44	0
12	71	0
68	47	0
23	62	0
71	31	0
4	28	1
61	37	0
84	74	0
89	88	0
89	97	0
24	87	0
19	43	0
47	50	0
46	62	0
33	26	0
26	9	0
37	61	0
9	50	0
61	3	0
73	83	0
86	55	0
94	6	0
10	50	0
6	0	0
77	97	0
8	80	0
51	29	0
53	33	0
77	14	0
20	1	0
51	7	0
13	39	0
0	35	0
53	14	0
51	3	0
0	25	1
28	81	0
57	22	0
35	97	0
80	0	0
29	41	0
53	65	0
66	18	0
95	60	0
58	70	0
44	63	0
49	94	0
82	93	0
19	15	0
94	61	0
18	63	0
87	66	0
55	88	0
14	35	0
19	59	0
97	40	0
26	77	0
89	98	0
68	82	0
44	4	0
38	61	0
77	55	0
38	88	0
74	44	0
91	74	0
74	27	0
10	63	0
12	65	0
88	94	0
70	33	0
61	64	0
58	6	0
17	22	0
76	67	0
32	33	0
14	63	0
33	51	0
48	47	0
33	12	0
60	31	0
5	86	0
20	42	0
10	58	0
3	51	0
79	62	0
25	21	0
58	20	0
98	19	0
86	7	0
54	65	0
0	75	0
57	30	0
36	27	0
13	12	0
17	19	0
76	67	0
68	23	0
35	41	0
44	75	0
59	79	0
14	91	0
23	66	0
47	80	0
27	41	0
79	94	0
54	29	0
35	82	0
17	6	0
53	18	0
15	44	0
60	47	0
73	10	0
25	76	0
85	66	0
66	55	0
49	44	0
41	21	0
1	67	0
82	68	0
74	54	0
48	36	0
72	64	0
74	76	0
73	45	0
63	7	0
92	74	0
84	19	0
0	74	0
74	64	0
1	29	1
9	26	1
26	2	0
46	29	0
0	1	0
10	52	0
22	78	0
30	96	0
32	48	0
96	29	0
9	49	0
58	91	0
20	87	0
6	29	1
99	60	0
40	60	0
5	20	1
85	47	0
27	1	0
62	23	0
57	4	0
14	3	0
25	86	0
45	58	0
81	74	0
66	44	0
11	1	0
28	30	0
55	6	0
7	27	1
7	75	0
76	6	0
41	68	0
56	41	0
66	98	0
16	42	0
11	96	0
89	48	0
23	20	0
91	79	0
57	60	0
65	38	0
50	30	0
99	24	0
86	62	0
14	56	0
0	91	0
33	44	0
4	89	0
3	99	0
91	24	0
27	50	0
1	96	0
55	4	0
65	7	0
45	48	0
28	19	0
66	43	0
42	25	0
17	82	0
24	31	0
58	4	0
7	41	0
92	50	0
93	4	0
57	57	0
35	0	0
41	26	0
11	98	0
58	74	0
26	64	0
13	8	0
38	23	0
8	87	0
2	74	0
72	50	0
87	48	0
54	33	0
12	79	0
22	31	0
89	80	0
69	28	0
49	76	0
67	96	0
23	16	0
11	86	0
66	15	0
56	77	0
35	41	0
92	65	0
34	77	0
98	21	0
85	19	0
99	18	0
86	85	0
43	55	0
19	78	0
79	10	0
35	1	0
65	78	0
66	75	0
20	47	0
65	56	0
61	80	0
76	23	0
92	46	0
10	65	0
61	44	0
27	31	0
90	25	0
66	40	0
66	18	0
92	99	0
78	72	0
50	72	0
78	40	0
56	66	0
7	98	0
36	4	0
5	94	0
17	81	0
59	63	0
69	90	0
80	10	0
94	99	0
78	1	0
12	4	0
95	76	0
63	11	0
98	32	0
78	61	0
48	43	0
18	62	0
62	93	0
65	70	0
0	46	0
10	40	0
41	94	0
0	84	0
58	3	0
42	47	0
9	68	0
41	35	0
15	31	0
8	46	0
97	55	0
51	35	0
1	50	0
26	87	0
82	63	0
0	12	0
85	90	0
25	81	0
64	42	0
40	55	0
93	45	0
58	42	0
5	7	0
7	14	0
4	54	0
20	58	0
99	76	0
67	50	0
95	65	0
10	55	0
75	60	0
22	78	0
3	5	0
76	78	0
5	17	0
25	69	0
37	8	0
28	23	0
3	73	0
37	91	0
3	4	0
75	43	0
56	57	0
82	66	0
88	76	0
42	88	0
33	28	0
5	64	0
3	13	0
38	68	0
53	48	0
57	53	0
79	17	0
