98	65	0
24	18	0
65	98	0
14	4	0
87	40	0
87	97	0
47	80	0
68	44	0
4	85	0
0	1	0
17	86	0
96	45	0
70	79	0
37	37	0
84	90	0
99	43	0
41	95	0
39	83	0
66	75	0
46	16	0
74	74	0
89	90	0
75	87	0
4	21	0
79	14	0
68	73	0
32	95	0
83	22	0
68	89	0
51	65	0
81	80	0
95	51	0
97	25	0
22	76	1
86	84	0
13	72	1
37	1	0
4	73	0
36	89	0
79	47	0
29	13	0
98	88	0
86	86	0
96	19	0
33	85	1
95	14	0
23	29	0
71	87	0
8	87	0
92	7	0
65	93	0
5	24	0
79	83	0
89	28	0
27	89	0
62	96	0
86	15	0
23	86	0
30	89	1
27	4	0
98	5	0
72	31	0
44	75	0
84	23	0
58	46	0
82	30	0
6	93	0
45	83	0
94	66	0
71	96	0
8	66	0
38	96	0
98	52	0
77	16	0
48	35	0
32	7	0
71	56	0
5	82	0
95	29	0
46	70	0
86	58	0
83	1	0
75	99	0
65	89	0
8	34	0
64	79	0
87	72	0
83	41	0
19	99	0
65	43	0
89	61	0
93	27	0
99	39	0
14	57	0
6	18	0
94	55	0
49	86	0
50	58	1
50	78	0
55	99	0
75	29	0
72	71	0
74	76	0
89	66	0
25	15	0
20	13	0
78	50	0
95	4	0
27	98	0
22	41	0
65	76	0
61	85	0
54	79	0
39	1	0
51	84	0
67	81	0
82	55	0
20	89	0
91	82	0
1	72	0
18	47	0
77	81	0
96	73	0
46	67	0
65	41	0
90	41	0
22	94	0
56	79	0
21	44	0
49	79	0
38	24	0
93	85	0
30	99	0
90	0	0
80	35	0
65	91	0
68	83	0
63	71	0
26	42	0
22	65	0
59	88	0
82	67	0
38	91	0
57	86	0
74	20	0
47	87	0
27	26	0
81	62	0
65	40	0
79	68	0
85	35	0
8	91	0
62	49	0
89	32	0
58	34	0
49	20	0
96	31	0
63	77	0
78	96	0
84	69	0
97	25	0
95	34	0
91	73	0
28	89	0
66	81	0
49	89	0
80	29	0
14	94	0
91	16	0
21	48	0
30	92	0
24	94	0
82	76	0
77	82	0
86	48	0
87	51	0
44	84	0
86	61	0
51	3	0
43	24	0
85	42	0
31	71	0
66	80	0
77	69	0
81	1	0
90	49	0
99	37	0
71	65	0
69	85	0
57	7	0
10	90	0
6	94	0
87	65	0
75	58	0
84	10	0
97	81	0
21	9	0
28	93	0
51	91	0
90	10	0
90	8	0
94	30	0
76	25	0
70	41	0
0	4	0
22	98	0
4	76	1
43	85	0
58	70	1
95	42	0
67	92	0
97	85	0
68	34	0
76	80	0
73	17	0
13	10	0
33	7	0
32	25	0
92	40	0
83	18	0
8	46	0
21	25	0
92	83	0
99	73	0
79	24	0
99	14	0
62	4	0
85	14	0
37	16	0
95	88	0
27	86	0
5	96	0
33	42	0
76	43	0
65	63	0
63	78	0
86	85	0
72	25	0
71	80	0
97	38	0
84	57	0
66	47	0
99	72	0
68	14	0
90	12	0
27	50	0
68	99	0
96	34	0
20	86	1
95	42	0
69	96	0
95	33	0
61	17	0
51	48	0
59	95	0
75	89	0
22	90	0
94	83	0
0	94	0
94	1	0
91	12	0
60	80	0
15	97	0
73	38	0
93	67	0
32	2	0
48	93	0
34	85	1
55	78	0
1	29	0
88	37	0
95	6	0
78	96	0
18	24	0
66	31	0
66	82	0
11	22	0
47	88	0
83	52	0
26	92	0
84	6	0
80	16	0
92	63	0
13	81	0
64	18	0
86	90	0
37	93	0
68	58	0
7	34	0
61	90	0
59	47	0
16	74	1
58	29	1
92	44	0
78	55	0
72	59	0
1	37	0
91	65	0
24	98	0
90	57	0
9	92	0
90	86	0
40	17	0
72	59	0
63	91	0
52	97	0
84	54	0
75	5	0
1	80	0
73	45	0
24	99	0
79	31	0
93	44	0
71	26	0
87	75	0
49	99	0
57	98	0
27	94	0
94	82	0
74	84	0
24	2	0
9	78	0
79	89	0
66	89	0
61	52	1
69	29	0
31	78	1
79	63	0
97	4	0
19	75	1
91	6	0
96	83	0
66	83	0
78	23	0
92	11	0
75	89	0
32	99	0
88	10	0
98	1	0
73	22	0
3	59	0
18	96	0
14	90	0
82	81	0
86	98	0
77	89	0
86	68	0
71	69	0
9	99	0
17	71	1
28	19	0
2	10	0
42	39	0
97	29	0
81	39	0
69	57	0
56	14	0
84	78	0
69	80	0
86	56	0
33	79	1
73	63	0
21	5	0
98	41	0
59	99	0
42	40	0
20	94	0
75	97	0
98	75	0
32	85	1
13	79	0
43	66	0
70	76	0
51	97	0
13	46	0
77	69	0
87	52	0
94	68	0
35	73	0
67	83	0
87	17	0
83	4	0
10	85	0
40	98	0
88	73	0
73	70	0
5	92	0
16	81	0
80	94	0
29	24	0
10	78	0
65	86	0
60	72	0
83	82	0
5	89	0
71	45	0
18	4	0
47	95	0
11	93	0
1	18	0
85	66	0
83	13	0
78	22	0
78	17	1
11	18	0
17	57	0
77	30	0
64	73	0
29	91	1
57	56	0
86	83	0
80	44	0
77	82	0
63	53	1
73	86	0
1	68	0
81	58	0
58	37	0
99	43	0
91	89	0
80	71	0
66	50	1
62	53	0
50	75	0
94	77	0
95	0	0
60	77	0
3	96	0
63	30	0
68	22	0
74	15	0
24	70	1
79	17	1
76	27	0
30	27	0
59	93	0
66	63	0
36	91	0
63	99	0
83	61	0
81	26	0
92	69	0
91	92	0
93	40	0
86	84	0
37	89	0
72	80	0
82	46	0
51	90	0
83	83	0
73	67	0
92	24	0
5	75	1
54	73	0
80	20	0
56	40	0
86	85	0
82	57	0
21	86	0
28	87	0
81	31	0
82	30	0
94	47	0
92	15	0
84	81	0
86	17	0
82	36	0
18	76	1
15	89	0
20	74	1
12	92	0
56	49	1
50	27	0
36	62	0
51	81	0
66	5	0
12	92	0
78	50	0
20	11	0
26	63	0
78	73	0
69	61	0
82	63	0
83	51	0
74	61	0
81	50	0
9	40	0
91	89	0
67	58	0
47	91	0
9	72	0
89	22	0
55	93	0
23	89	0
99	45	0
67	31	0
20	10	0
29	35	0
16	66	1
82	53	0
95	37	0
28	7	0
55	12	0
47	77	0
95	81	0
17	6	0
47	76	0
67	29	0
91	64	0
74	69	0
64	89	0
11	47	0
96	45	0
92	66	0
5	86	0
25	85	1
30	92	0
2	99	0
67	35	0
90	15	0
9	18	0
90	29	0
82	19	0
41	32	0
16	99	0
59	83	0
16	76	0
24	25	0
23	75	1
20	94	0
57	57	0
82	44	0
61	87	0
54	68	1
19	93	0
76	43	0
11	5	0
84	59	0
50	58	1
91	26	0
77	29	0
72	32	0
59	90	0
66	12	1
40	99	0
89	43	0
66	99	0
73	57	0
80	44	0
59	90	0
40	71	1
91	36	0
93	99	0
83	87	0
54	86	0
90	18	0
68	76	0
66	22	0
30	89	1
90	52	0
88	94	0
81	7	0
98	96	0
86	24	0
83	68	0
9	87	0
74	97	0
70	80	0
2	16	0
9	99	0
13	70	1
82	33	0
22	99	0
59	79	0
84	42	0
77	46	0
20	97	0
85	45	0
94	59	0
75	44	0
85	25	0
6	86	0
10	8	0
64	75	0
22	59	0
29	4	0
1	91	0
37	85	1
99	53	0
79	86	0
89	54	0
90	76	0
75	46	0
2	83	0
84	23	0
99	34	0
