99	65	0
20	15	0
65	98	0
9	2	0
85	39	0
99	96	0
43	13	1
49	82	0
55	23	0
79	49	0
5	87	0
6	7	0
14	90	0
96	30	0
68	75	0
43	31	0
85	70	0
95	16	0
58	95	0
47	68	0
78	69	0
48	8	0
26	82	0
53	19	0
93	70	0
79	89	0
85	74	0
8	35	0
54	12	1
52	33	0
86	23	0
80	72	0
10	78	0
30	92	0
80	8	0
74	89	0
25	10	0
47	72	0
85	70	0
96	71	0
56	65	0
98	36	0
18	72	0
65	3	0
99	63	0
20	76	0
61	4	0
5	74	0
37	99	0
29	70	0
92	58	0
59	37	0
40	20	0
96	81	0
97	93	0
95	13	0
29	91	0
94	10	0
25	13	0
77	90	0
33	8	1
0	91	0
83	13	0
25	67	0
63	90	0
35	57	0
5	27	0
74	82	0
89	29	0
25	94	0
43	98	0
66	27	0
27	89	0
52	94	0
11	14	0
99	19	0
81	24	0
52	77	0
89	40	0
85	60	0
55	8	0
44	18	1
69	37	0
0	97	0
72	1	0
42	76	0
42	7	1
54	21	0
88	17	0
39	55	1
86	51	0
1	59	0
77	89	0
2	81	0
41	99	0
90	53	0
73	29	0
33	61	0
36	61	0
64	2	0
68	55	0
19	74	0
34	3	0
61	70	0
44	32	0
4	92	0
88	28	0
42	77	0
80	70	0
96	0	0
66	86	0
64	74	0
8	24	0
58	92	0
99	81	0
73	52	0
24	91	0
62	31	0
78	4	0
94	65	0
93	36	0
89	56	0
40	45	0
62	10	0
61	66	0
9	28	0
43	32	0
90	57	0
51	25	1
53	76	0
58	76	0
59	22	0
45	34	0
52	26	0
56	83	0
49	58	0
42	94	0
74	40	0
62	71	0
56	69	0
97	58	0
30	18	0
43	40	0
14	21	0
14	80	0
29	61	0
83	41	0
49	45	0
88	0	0
37	86	0
56	20	0
29	37	0
66	84	0
33	69	0
59	62	0
45	85	0
43	49	0
35	4	0
56	19	0
40	97	0
28	63	0
75	78	0
93	63	0
16	92	0
91	73	0
30	49	0
23	69	0
52	73	0
47	56	0
17	30	0
72	84	0
97	88	0
43	75	0
75	43	0
5	44	0
58	13	1
65	51	0
60	16	0
78	20	0
3	48	1
38	63	0
53	22	0
39	61	0
94	34	0
34	89	0
18	58	0
78	92	0
49	56	0
20	20	0
37	76	0
51	15	0
92	98	0
34	91	0
94	0	0
15	57	1
18	75	0
94	36	0
55	96	0
68	84	0
64	66	0
33	56	0
11	68	0
60	0	0
53	92	0
99	56	0
41	91	0
74	70	0
83	26	0
48	76	0
30	78	0
39	92	0
38	23	0
67	24	0
84	54	0
52	43	0
76	67	0
0	56	1
76	22	0
22	91	0
63	67	0
89	37	0
74	37	0
45	1	0
3	40	0
85	29	0
72	77	0
59	98	0
72	59	0
98	29	0
90	9	0
4	35	0
89	71	0
37	99	0
89	85	0
40	99	0
56	31	0
82	31	0
22	89	0
80	24	0
20	62	0
27	84	0
49	14	0
24	90	0
75	87	0
85	76	0
95	57	0
98	56	0
21	80	0
35	69	0
81	7	0
84	53	0
42	0	0
37	25	0
44	56	0
79	45	0
23	56	0
36	39	0
29	80	0
74	95	0
91	54	0
57	73	0
97	7	0
98	34	0
62	4	0
88	52	0
81	51	0
60	80	0
1	36	0
42	63	0
68	24	0
15	87	0
28	73	0
6	87	0
89	64	0
55	11	1
39	3	0
80	64	0
77	1	0
98	85	0
28	1	0
43	88	0
14	67	0
54	95	0
41	39	0
79	25	0
80	18	0
56	14	0
93	12	0
47	51	0
80	26	0
76	56	0
8	10	0
2	59	0
33	98	0
20	82	0
54	94	0
46	73	0
81	43	0
62	5	0
51	87	0
51	66	0
98	88	0
0	46	1
68	47	0
66	85	0
81	23	0
25	4	0
46	1	0
51	17	0
36	33	0
80	54	0
72	19	0
20	44	0
18	28	0
31	56	0
43	36	0
98	69	0
90	60	0
6	53	1
65	33	0
86	7	0
68	11	0
74	23	0
52	40	0
40	26	0
5	74	0
73	85	0
42	88	0
9	99	0
32	59	0
56	14	1
53	40	0
83	34	0
74	54	0
12	59	1
84	69	0
83	86	0
82	34	0
72	89	0
76	12	0
76	59	0
70	51	0
68	52	0
90	75	0
73	5	0
88	12	0
25	43	0
56	91	0
62	72	0
74	11	0
24	78	0
95	40	0
56	99	0
96	25	0
63	24	0
29	59	0
61	41	0
34	62	0
59	78	0
79	27	0
82	81	0
40	55	1
19	93	0
95	92	0
44	16	1
4	80	0
42	54	0
99	2	0
86	37	0
37	69	0
59	51	0
63	50	0
19	96	0
81	25	0
41	9	1
91	55	0
51	39	0
41	90	0
24	11	0
51	46	0
51	90	0
1	45	1
41	78	0
43	84	0
50	18	1
18	70	0
15	28	0
68	9	0
69	27	0
99	6	0
82	95	0
32	64	0
34	26	0
76	4	0
59	51	0
66	96	0
1	28	0
54	89	0
91	57	0
26	75	0
77	5	0
37	66	0
65	17	0
56	11	0
81	17	0
91	42	0
5	86	0
72	10	0
86	99	0
26	98	0
94	77	0
44	55	1
9	27	0
63	99	0
68	46	0
2	86	0
69	29	0
80	52	0
75	51	0
73	60	0
25	54	0
98	49	0
24	92	0
99	64	0
25	98	0
89	91	0
48	34	0
66	66	0
58	93	0
46	53	0
61	98	0
77	52	0
47	50	0
32	60	0
91	1	0
0	84	0
90	58	0
20	95	0
47	51	0
40	75	0
80	28	0
34	46	0
57	23	0
96	55	0
74	19	0
82	90	0
45	99	0
36	56	0
47	6	1
38	47	0
58	96	0
54	24	0
45	80	0
90	85	0
41	9	1
89	81	0
80	13	0
21	8	0
41	32	0
30	60	0
46	5	1
9	78	0
85	76	0
60	87	0
64	54	0
67	10	0
38	63	0
37	76	0
92	47	0
91	6	0
16	69	0
74	11	0
48	63	0
48	21	0
46	2	0
32	45	0
85	84	0
25	72	0
58	83	0
65	21	0
77	16	0
53	55	0
64	85	0
24	99	0
93	28	0
83	12	0
77	21	0
14	70	0
18	95	0
15	81	0
60	36	0
73	82	0
77	97	0
0	30	0
64	53	0
67	90	0
72	60	0
61	76	0
15	90	0
17	77	0
49	31	0
6	24	0
44	41	0
32	40	0
98	32	0
79	47	0
66	12	0
70	28	0
57	49	0
41	26	0
98	77	0
46	78	0
82	51	0
39	57	0
36	97	0
78	51	0
59	11	1
32	14	0
99	48	0
68	83	0
47	40	0
57	57	0
34	96	0
64	95	0
93	64	0
18	79	0
66	50	0
2	69	0
61	50	0
48	71	0
67	53	0
53	77	0
62	89	0
5	57	0
57	51	0
78	47	0
78	62	0
37	82	0
76	78	0
45	29	0
96	15	0
53	43	0
98	12	0
1	82	0
47	91	0
91	65	0
67	67	0
11	88	0
16	73	0
78	86	0
42	25	0
4	78	0
74	97	0
49	64	0
92	62	0
24	91	0
71	43	0
16	0	0
41	77	0
19	83	0
6	17	0
95	56	0
97	22	0
50	18	1
72	31	0
79	12	0
19	13	0
32	60	0
74	30	0
2	74	0
61	77	0
6	44	0
19	77	0
63	49	0
64	96	0
70	44	0
77	87	0
73	53	0
34	53	1
74	79	0
8	87	0
46	43	0
26	82	0
80	54	0
60	39	0
95	45	0
94	94	0
80	86	0
49	70	0
71	46	0
67	70	0
37	55	1
66	3	0
67	82	0
84	73	0
81	1	0
58	79	0
6	96	0
51	24	1
49	38	0
69	34	0
63	31	0
73	21	0
22	92	0
75	29	0
29	72	0
87	17	0
46	65	0
46	38	0
62	94	0
75	73	0
46	77	0
73	93	0
86	66	0
91	49	0
95	73	0
81	98	0
99	43	0
38	66	0
90	86	0
51	83	0
83	83	0
97	50	0
45	87	0
92	68	0
82	52	0
80	35	0
36	46	0
7	61	0
56	78	0
70	19	0
65	31	0
47	24	1
85	84	0
65	41	0
47	12	1
14	89	0
11	55	1
12	89	0
60	38	0
90	14	0
90	51	0
98	6	0
79	96	0
50	23	1
51	47	0
33	75	0
96	18	0
65	51	0
29	80	0
29	98	0
24	74	0
12	93	0
34	9	1
66	65	0
45	29	0
48	75	0
43	44	0
1	51	1
66	75	0
71	15	0
19	87	0
93	54	0
23	25	0
11	77	0
72	62	0
69	56	0
50	64	0
94	53	0
88	63	0
75	56	0
56	9	0
60	68	0
84	48	0
3	35	0
97	76	0
53	44	0
40	78	0
9	81	0
22	94	0
24	64	0
93	32	0
15	53	1
60	96	0
5	91	0
92	63	0
55	29	0
75	20	0
25	23	0
33	39	0
76	9	0
17	73	0
40	55	1
88	54	0
89	38	0
2	11	0
3	35	0
71	15	0
44	76	0
97	90	0
0	10	0
52	99	0
83	34	0
42	8	1
91	84	0
39	61	0
78	72	0
30	32	0
99	38	0
88	76	0
20	69	0
16	86	0
0	43	1
23	71	0
16	97	0
70	18	0
29	58	0
8	84	0
30	30	0
57	17	0
42	60	0
70	49	0
45	9	1
30	74	0
90	28	0
6	25	0
76	51	0
93	31	0
53	66	0
28	19	0
42	4	0
17	92	0
43	79	0
23	63	0
21	19	0
23	82	0
24	80	0
67	54	0
96	40	0
32	71	0
81	99	0
51	31	0
66	69	0
46	86	0
7	85	0
83	44	0
40	61	0
14	22	0
94	56	0
57	47	0
94	17	0
85	21	0
79	35	0
57	95	0
44	40	0
65	40	0
60	32	0
41	3	0
39	90	0
60	70	0
91	25	0
60	99	0
86	51	0
79	46	0
35	75	0
26	71	0
80	30	0
50	42	0
76	0	0
97	94	0
71	79	0
50	79	0
72	41	0
82	88	0
16	81	0
60	30	0
15	91	0
9	58	1
39	63	0
82	66	0
63	15	0
93	97	0
86	11	0
96	93	0
59	8	0
66	22	0
76	52	0
65	30	0
9	84	0
54	88	0
65	81	0
7	31	0
17	84	0
18	70	0
45	9	0
35	40	0
0	49	1
81	42	0
52	23	0
6	62	0
17	87	0
65	93	0
93	42	0
0	73	0
61	42	0
28	89	0
80	59	0
68	42	0
23	52	0
86	35	0
76	48	0
70	60	0
10	60	1
56	45	0
9	91	0
3	2	0
84	67	0
19	70	0
25	5	0
2	95	0
23	79	0
98	37	0
70	83	0
86	62	0
85	86	0
53	58	0
61	35	0
3	76	0
49	62	0
37	56	0
65	42	0
85	24	0
