99	65	0
25	16	0
64	99	0
15	5	0
87	41	0
87	96	0
47	81	0
67	46	0
3	85	0
0	2	0
17	84	0
95	43	0
69	81	0
36	35	0
86	89	0
99	41	0
42	96	0
38	82	0
64	74	0
44	16	0
74	73	0
89	89	0
74	87	0
5	20	0
79	13	0
68	74	0
33	95	0
82	21	0
69	90	0
49	65	0
81	79	0
96	51	0
97	25	0
23	77	1
85	83	0
13	70	1
37	1	0
5	73	0
33	88	0
80	48	0
30	14	0
99	91	0
85	86	0
96	19	0
32	83	1
93	14	0
23	28	0
70	87	0
7	87	0
93	7	0
64	91	0
5	24	0
78	84	0
91	29	0
27	87	0
61	95	0
86	16	0
23	88	0
31	88	1
26	6	0
98	6	0
74	31	0
45	75	0
85	24	0
58	46	0
82	31	0
8	93	0
44	84	0
74	12	1
94	65	0
73	97	0
7	68	0
37	97	0
96	52	0
76	18	0
47	34	0
33	7	0
71	56	0
5	83	0
94	30	0
47	71	0
85	57	0
85	2	0
76	99	0
65	90	0
6	34	0
64	80	0
86	73	0
81	41	0
19	99	0
64	42	0
88	60	0
94	30	0
99	40	0
14	55	0
6	19	0
92	55	0
51	84	0
51	57	1
50	76	0
56	99	0
75	29	0
70	71	0
76	75	0
90	65	0
26	16	0
21	13	0
80	53	0
93	5	0
26	97	0
21	41	0
64	75	0
61	86	0
54	77	0
40	1	0
51	83	0
68	81	0
81	57	0
20	91	0
90	83	0
1	73	0
16	49	0
76	82	0
95	71	0
46	66	0
65	40	0
89	41	0
22	94	0
58	81	0
21	43	0
51	80	0
38	24	0
92	86	0
29	98	0
89	1	0
80	37	0
64	91	0
69	82	0
63	72	0
25	44	0
23	65	0
61	88	0
82	68	0
37	93	0
57	85	0
73	19	0
21	72	1
47	88	0
27	26	0
81	61	0
65	40	0
79	68	0
84	33	0
8	92	0
61	47	0
91	33	0
61	34	0
52	19	0
96	29	0
65	79	0
78	97	0
83	69	0
94	23	0
95	35	0
90	74	0
30	90	0
66	81	0
49	90	0
80	31	0
12	95	0
89	16	0
19	47	0
29	92	0
24	95	0
83	77	0
77	82	0
87	49	0
85	53	0
43	85	0
75	3	1
85	61	0
49	4	0
45	25	0
85	43	0
30	72	0
66	80	0
78	69	0
81	0	0
88	47	0
98	39	0
72	66	0
69	82	0
57	8	0
9	90	0
5	95	0
86	64	0
77	60	0
84	9	0
98	81	0
20	9	0
27	92	0
52	90	0
91	11	0
89	8	0
91	28	0
76	25	0
69	44	0
1	3	0
21	97	0
4	76	1
44	84	0
59	69	1
94	41	0
66	92	0
97	85	0
69	35	0
77	81	0
72	17	0
13	11	0
35	6	0
33	25	0
94	41	0
85	15	0
7	47	0
21	25	0
92	85	0
98	72	0
79	22	0
99	15	0
62	5	0
83	12	0
36	16	0
94	87	0
26	86	0
6	96	0
33	43	0
76	43	0
65	61	0
62	78	0
87	84	0
74	27	0
73	81	0
95	39	0
84	58	0
66	48	0
97	71	0
66	13	0
90	13	0
26	50	0
67	97	0
95	33	0
18	87	1
96	42	0
67	97	0
95	35	0
61	17	0
52	48	0
58	95	0
74	89	0
23	89	0
94	81	0
0	92	0
92	1	0
91	11	0
61	79	0
13	97	0
73	39	0
93	69	0
30	4	0
48	91	0
34	85	1
55	78	0
2	30	0
89	36	0
93	7	0
78	95	0
18	25	0
67	30	0
66	83	0
10	22	0
46	87	0
82	52	0
25	92	0
83	6	0
80	15	0
92	61	0
16	82	0
64	18	0
85	89	0
35	93	0
69	58	0
7	34	0
62	90	0
59	47	0
17	73	1
59	28	1
92	43	0
79	55	0
70	58	0
2	37	0
91	64	0
22	98	0
91	57	0
9	90	0
90	86	0
38	16	0
72	60	0
61	90	0
54	97	0
82	55	0
74	6	0
0	80	0
73	44	0
24	99	0
79	30	0
92	44	0
72	29	0
89	74	0
50	99	0
56	96	0
26	97	0
95	82	0
74	85	0
24	2	0
10	79	0
79	91	0
65	89	0
63	53	1
68	28	0
31	79	1
79	62	0
98	4	0
18	75	1
91	7	0
94	82	0
65	83	0
78	24	0
92	12	0
73	89	0
30	99	0
88	10	0
97	2	0
73	22	0
5	57	0
16	95	0
14	89	0
82	83	0
87	99	0
75	90	0
86	68	0
73	68	0
9	99	0
17	70	1
30	21	0
1	9	0
43	38	0
99	28	0
81	38	0
71	58	0
56	14	0
84	79	0
67	78	0
88	54	0
33	81	1
75	63	0
23	6	0
99	38	0
57	99	0
41	40	0
21	94	0
74	97	0
96	74	0
30	86	1
12	78	0
42	65	0
69	75	0
51	97	0
12	47	0
77	69	0
86	53	0
93	70	0
36	74	0
69	83	0
85	17	0
83	4	0
11	86	0
42	96	0
87	73	0
72	70	0
4	91	0
18	83	0
82	92	0
29	24	0
11	80	0
66	86	0
59	72	0
82	83	0
6	89	0
72	46	0
19	3	0
47	95	0
11	94	0
0	17	0
85	67	0
82	14	0
78	22	0
78	17	1
13	18	0
17	57	0
75	29	0
64	74	0
31	91	1
57	56	0
85	85	0
78	43	0
77	84	0
65	52	1
73	85	0
3	67	0
80	57	0
58	39	0
99	45	0
92	91	0
79	71	0
66	50	1
62	54	0
49	74	0
94	76	0
95	2	0
60	79	0
5	96	0
63	30	0
67	22	0
72	15	0
23	71	1
79	17	1
76	27	0
29	28	0
59	93	0
67	61	0
36	91	0
63	99	0
82	61	0
83	26	0
90	66	0
89	92	0
91	41	0
88	85	0
38	86	0
74	82	0
80	44	0
50	91	0
83	81	0
72	68	0
92	24	0
5	75	1
54	74	0
82	20	0
58	40	0
83	84	0
80	58	0
21	86	0
26	86	0
80	31	0
82	30	0
94	48	0
93	13	0
82	82	0
87	18	0
81	37	0
19	74	1
13	91	0
21	75	1
11	91	0
57	48	1
48	24	0
37	63	0
50	80	0
63	2	0
11	92	0
78	50	0
20	11	0
23	65	0
80	73	0
70	61	0
84	62	0
82	52	0
73	63	0
82	49	0
8	41	0
90	88	0
68	58	0
44	89	0
9	70	0
88	20	0
55	92	0
23	90	0
98	43	0
65	33	0
18	13	0
28	37	0
15	66	1
81	54	0
94	38	0
25	7	0
54	12	0
47	80	0
94	81	0
18	6	0
48	76	0
68	27	0
92	61	0
73	68	0
62	90	0
10	47	0
98	45	0
91	65	0
7	87	0
26	85	1
29	92	0
3	98	0
67	34	0
90	14	0
11	17	0
90	30	0
84	19	0
43	32	0
17	98	0
58	82	0
15	76	0
24	26	0
22	75	1
18	95	0
58	55	0
81	44	0
62	88	0
56	68	1
20	93	0
75	42	0
12	5	0
84	58	0
50	59	1
91	27	0
74	30	0
73	31	0
58	89	0
67	10	1
37	99	0
88	43	0
67	99	0
74	58	0
79	44	0
61	91	0
40	71	1
92	34	0
94	98	0
82	84	0
55	87	0
89	19	0
67	76	0
65	21	0
30	88	1
90	52	0
89	91	0
81	7	0
99	95	0
83	24	0
84	67	0
10	88	0
74	96	0
67	79	0
0	16	0
10	99	0
13	72	1
82	34	0
24	97	0
60	80	0
84	42	0
12	73	1
77	45	0
21	98	0
85	43	0
93	59	0
72	45	0
86	24	0
4	84	0
12	7	0
65	73	0
22	61	0
27	6	0
0	92	0
36	86	1
99	51	0
78	86	0
89	56	0
90	77	0
76	46	0
1	81	0
83	24	0
96	33	0
