86	65	0
47	13	0
37	30	0
56	95	0
9	9	0
93	38	0
96	90	0
38	8	0
62	82	0
43	15	0
90	45	0
5	77	0
18	7	0
22	61	0
95	22	0
80	78	0
59	29	0
20	48	0
91	64	0
95	12	0
49	91	0
60	75	0
82	82	0
54	4	0
38	78	0
58	8	0
86	72	0
61	87	0
85	71	0
5	26	0
56	23	0
37	16	0
87	31	0
34	50	0
88	61	0
3	91	0
39	98	0
94	29	0
73	92	0
48	0	0
25	66	0
94	57	0
92	71	0
52	66	0
95	53	0
5	79	0
21	40	1
66	1	0
93	63	0
20	70	0
62	1	0
11	78	0
54	96	0
40	76	0
99	70	0
48	31	0
25	28	0
94	75	0
98	99	0
99	14	0
14	96	0
95	18	0
39	4	0
77	78	0
42	15	0
8	95	0
79	6	0
43	82	0
72	94	0
51	65	0
5	28	0
66	96	0
28	33	1
13	54	0
89	29	0
19	40	0
24	87	0
53	97	0
62	29	0
31	97	0
62	97	0
1	23	0
99	8	0
92	22	0
37	58	0
76	40	0
21	36	1
79	56	0
47	11	0
38	6	0
68	39	0
16	99	0
58	10	0
50	88	0
43	3	0
44	31	0
85	42	0
36	63	0
74	43	0
12	60	0
80	82	0
1	74	0
27	94	0
98	57	0
62	8	0
43	71	0
35	55	0
59	0	0
69	53	0
3	55	0
29	1	0
20	44	0
41	34	0
65	90	0
56	50	0
18	93	0
85	6	0
52	78	0
80	85	0
99	1	0
64	81	0
50	72	0
28	9	0
59	98	0
96	74	0
72	63	0
23	97	0
63	35	0
34	17	0
17	44	0
74	10	0
7	63	0
96	64	0
98	22	0
85	32	0
36	53	0
54	17	0
84	75	0
20	13	0
33	11	0
80	65	0
41	35	0
66	69	0
70	89	0
50	34	0
44	29	0
58	38	0
15	43	0
27	54	0
21	59	0
76	83	0
44	52	0
31	98	0
77	43	0
77	67	0
55	83	0
33	35	1
94	71	0
11	31	0
52	48	0
16	11	0
26	81	0
35	76	0
88	33	0
43	39	0
75	12	0
40	83	0
54	28	0
47	47	0
76	77	0
27	66	0
48	73	0
35	84	0
36	46	0
44	11	0
55	8	0
30	73	0
27	82	0
82	77	0
94	69	0
26	91	0
30	35	1
94	69	0
29	50	0
26	85	0
57	75	0
39	54	0
27	11	0
13	33	1
70	97	0
88	83	0
59	64	0
77	34	0
4	54	0
56	3	0
79	34	0
64	28	0
69	29	0
17	66	0
0	56	0
52	51	0
78	22	0
38	64	0
93	31	0
33	97	0
23	64	0
39	21	0
79	80	0
35	56	0
34	10	0
19	89	0
54	13	0
96	86	0
64	91	0
93	3	0
8	78	0
23	62	0
90	31	0
54	82	0
48	40	0
59	61	0
48	70	0
48	68	0
23	77	0
30	57	0
69	1	0
0	61	0
59	84	0
91	44	0
43	88	0
82	60	0
64	30	0
44	71	0
22	87	0
39	92	0
55	38	0
73	36	0
24	34	1
85	59	0
73	42	0
67	71	0
9	50	0
50	15	0
8	84	0
66	60	0
63	36	0
66	35	0
53	23	0
5	58	0
88	14	0
44	9	0
65	68	0
52	76	0
72	32	0
96	38	0
94	1	0
3	59	0
98	71	0
25	99	0
93	69	0
37	92	0
55	31	0
59	17	0
19	91	0
68	31	0
43	64	0
35	72	0
44	9	0
29	97	0
80	90	0
68	93	0
76	44	0
88	73	0
21	95	0
45	61	0
64	4	0
69	37	0
31	15	0
35	0	0
55	12	0
52	58	0
78	39	0
34	48	0
38	50	0
37	73	0
72	85	0
83	67	0
56	78	0
87	0	0
81	41	0
65	1	0
20	47	0
27	34	1
72	47	0
65	53	0
65	65	0
12	36	0
42	68	0
57	26	0
24	87	0
27	90	0
27	72	0
95	62	0
49	17	0
37	0	0
30	54	0
83	67	0
59	11	0
73	90	0
10	2	0
54	95	0
0	72	0
36	92	0
40	36	0
1	57	0
85	22	0
24	30	1
75	6	0
47	14	0
89	11	0
33	52	0
17	49	0
75	21	0
87	61	0
10	19	0
23	36	1
7	63	0
34	97	0
1	86	0
46	97	0
54	73	0
53	37	0
62	14	0
43	83	0
42	69	0
81	92	0
29	25	0
9	58	0
29	48	0
64	59	0
69	84	0
32	26	0
80	25	0
36	1	0
47	1	0
59	22	0
31	47	0
76	75	0
87	8	0
21	44	0
53	22	0
52	50	0
39	34	0
33	50	0
79	75	0
75	54	0
16	51	0
59	31	0
97	9	0
58	6	0
52	25	0
51	35	0
34	26	0
0	75	0
60	80	0
26	71	0
22	93	0
30	98	0
58	13	0
39	32	0
96	44	0
88	57	0
0	75	0
80	72	0
71	73	0
76	25	0
78	81	0
80	5	0
79	59	0
73	55	0
39	21	0
61	53	0
25	51	0
88	77	0
73	22	0
99	12	0
30	49	0
38	92	0
71	73	0
83	15	0
14	67	0
90	27	0
41	96	0
80	19	0
74	44	0
41	52	0
53	42	0
28	43	0
33	49	0
57	87	0
80	30	0
36	17	0
69	73	0
26	68	0
13	94	0
90	92	0
34	37	0
8	84	0
63	32	0
85	20	0
84	43	0
8	61	0
62	34	0
47	26	0
43	43	0
7	98	0
79	24	0
54	6	0
89	42	0
49	46	0
22	74	0
16	0	0
60	61	0
54	91	0
9	52	0
43	67	0
38	77	0
52	36	0
14	92	0
5	45	0
20	42	0
58	16	0
92	28	0
89	14	0
77	85	0
19	58	0
26	30	0
43	27	0
83	2	0
68	62	0
77	93	0
17	43	0
65	91	0
95	67	0
34	85	0
72	6	0
62	52	0
70	20	0
79	10	0
46	30	0
44	10	0
99	1	0
81	34	0
11	80	0
81	10	0
92	99	0
23	93	0
98	65	0
46	59	0
11	27	0
87	93	0
57	42	0
4	96	0
69	33	0
70	43	0
73	56	0
82	67	0
27	75	0
83	69	0
32	88	0
99	79	0
36	92	0
99	73	0
32	32	1
40	30	0
60	66	0
66	98	0
46	67	0
71	96	0
68	48	0
33	65	0
39	67	0
81	8	0
9	83	0
95	50	0
23	87	0
49	75	0
44	83	0
89	41	0
36	55	0
23	38	1
45	26	0
82	51	0
64	16	0
91	89	0
57	94	0
43	49	0
54	5	0
37	42	0
51	86	0
33	25	0
47	62	0
71	72	0
41	23	0
97	94	0
47	18	0
18	4	0
55	24	0
23	80	0
40	2	0
19	57	0
92	93	0
59	85	0
59	55	0
63	7	0
40	70	0
48	50	0
99	54	0
86	4	0
2	71	0
75	0	0
55	74	0
63	30	0
43	12	0
33	66	0
85	80	0
36	74	0
41	82	0
80	31	0
23	45	0
65	29	0
41	67	0
62	86	0
33	96	0
87	4	0
97	23	0
69	13	0
24	77	0
19	98	0
22	79	0
70	41	0
83	72	0
74	82	0
15	46	0
80	45	0
66	72	0
81	74	0
58	70	0
22	76	0
16	65	0
48	23	0
38	15	0
2	32	0
41	56	0
31	44	0
86	27	0
79	37	0
70	4	0
80	45	0
51	62	0
22	69	0
52	25	0
91	85	0
49	93	0
75	63	0
26	55	0
37	85	0
74	46	0
28	49	0
80	27	0
22	48	0
37	19	0
89	54	0
89	93	0
54	55	0
9	62	0
49	8	0
60	58	0
29	86	0
37	33	0
81	88	0
92	70	0
18	80	0
71	47	0
8	67	0
82	57	0
30	60	0
53	62	0
33	80	0
54	67	0
4	53	0
77	68	0
65	55	0
86	47	0
21	73	0
60	85	0
55	20	0
94	23	0
49	35	0
99	12	0
11	84	0
37	40	0
32	65	0
82	61	0
25	60	0
82	70	0
16	92	0
17	85	0
93	90	0
43	23	0
7	67	0
76	92	0
45	63	0
86	61	0
25	92	0
93	31	0
28	4	0
34	82	0
28	75	0
31	14	0
13	43	0
5	24	0
81	67	0
98	17	0
57	12	0
76	29	0
88	34	0
32	12	0
35	54	0
95	38	0
7	57	0
52	91	0
10	54	0
30	80	0
69	54	0
53	99	0
78	59	0
70	83	0
36	37	0
74	61	0
41	55	0
79	64	0
11	69	0
54	30	0
30	79	0
85	39	0
75	28	0
82	69	0
93	99	0
84	80	0
50	68	0
68	42	0
48	72	0
42	21	0
33	11	0
35	79	0
1	37	0
61	5	0
59	86	0
82	87	0
86	5	0
14	41	0
53	83	0
15	95	0
58	3	0
58	47	0
59	21	0
41	21	0
16	35	1
49	17	0
79	7	0
41	94	0
66	26	0
29	96	0
95	16	0
29	46	0
43	62	0
66	30	0
78	90	0
69	75	0
39	64	0
53	90	0
75	67	0
83	43	0
13	66	0
80	85	0
82	98	0
17	57	0
92	46	0
28	75	0
94	92	0
56	97	0
45	11	0
75	66	0
87	60	0
58	85	0
74	61	0
91	68	0
72	38	0
16	56	0
3	64	0
65	73	0
73	37	0
53	53	0
49	3	0
35	16	0
94	70	0
9	52	0
27	51	0
60	29	0
40	14	0
57	27	0
19	93	0
3	60	0
20	80	0
73	49	0
82	20	0
91	30	0
89	3	0
59	87	0
10	52	0
54	28	0
59	51	0
48	81	0
91	14	0
25	36	1
61	54	0
43	88	0
18	89	0
39	64	0
27	88	0
37	23	0
76	76	0
46	36	0
45	82	0
57	41	0
11	42	0
61	62	0
61	13	0
25	82	0
89	41	0
22	41	0
24	55	0
21	16	0
1	65	0
79	68	0
73	62	0
43	51	0
79	52	0
86	67	0
71	33	0
66	17	0
81	70	0
81	23	0
7	55	0
76	87	0
27	30	0
64	32	0
10	62	0
0	87	0
36	94	0
37	55	0
95	27	0
7	49	0
56	91	0
7	89	0
88	56	0
52	46	0
85	28	0
14	9	0
45	35	0
73	4	0
19	86	0
54	46	0
97	59	0
85	39	0
7	2	0
16	45	0
61	13	0
7	63	0
84	4	0
50	73	0
36	27	0
90	89	0
13	15	0
28	94	0
95	56	0
29	13	0
88	98	0
47	61	0
67	58	0
42	37	0
92	26	0
90	89	0
5	62	0
11	72	0
11	51	0
23	81	0
16	98	0
69	27	0
35	53	0
11	88	0
45	17	0
70	13	0
36	59	0
64	54	0
51	17	0
31	72	0
37	27	0
86	23	0
6	36	0
77	61	0
92	12	0
57	46	0
34	19	0
46	4	0
12	92	0
48	71	0
41	65	0
36	11	0
16	94	0
8	90	0
69	43	0
94	33	0
35	28	0
31	63	0
88	89	0
47	32	0
63	71	0
65	89	0
8	83	0
76	37	0
52	57	0
12	42	0
93	75	0
51	63	0
92	13	0
77	12	0
88	21	0
67	90	0
51	65	0
45	50	0
65	14	0
44	8	0
60	93	0
67	68	0
19	53	0
76	37	0
50	97	0
87	32	0
89	60	0
34	73	0
48	54	0
23	36	1
86	29	0
40	53	0
81	4	0
94	92	0
71	62	0
56	80	0
73	36	0
68	85	0
16	88	0
40	3	0
10	90	0
10	62	0
56	67	0
78	81	0
64	14	0
99	95	0
91	11	0
96	87	0
62	12	0
81	30	0
75	53	0
51	41	0
17	82	0
58	96	0
66	82	0
30	46	0
10	34	0
19	90	0
13	61	0
44	6	0
38	47	0
16	67	0
40	44	0
1	41	0
99	56	0
44	21	0
16	63	0
32	86	0
67	81	0
91	55	0
6	70	0
61	47	0
23	60	0
73	44	0
56	35	0
2	50	0
24	45	0
84	57	0
66	56	0
85	49	0
4	67	0
64	51	0
3	81	0
3	11	0
88	68	0
11	62	0
30	3	0
39	22	0
13	98	0
19	82	0
91	38	0
63	69	0
76	61	0
76	81	0
43	64	0
57	45	0
5	73	0
44	69	0
35	51	0
67	57	0
76	18	0
