91	70	0
47	21	0
45	23	0
44	99	0
8	17	0
93	35	0
93	84	0
42	18	0
70	75	0
32	33	0
90	37	0
1	80	0
11	13	0
27	59	0
97	23	0
91	70	0
63	29	0
24	49	0
95	61	0
94	2	0
47	80	0
60	73	0
77	92	0
62	2	0
43	84	0
63	1	0
81	81	0
68	86	0
97	68	0
2	32	0
47	40	0
44	22	0
90	37	0
46	42	0
89	59	0
14	93	0
56	92	0
96	26	0
78	95	0
49	0	0
20	52	0
80	54	0
88	63	0
52	74	0
93	48	0
14	85	0
23	46	0
62	13	0
88	65	0
15	65	0
63	6	0
23	83	0
53	93	0
36	72	0
98	58	0
43	31	0
40	34	0
81	71	0
94	94	0
81	20	0
7	93	0
93	12	0
47	1	0
76	71	0
41	14	0
15	85	0
78	8	0
43	79	0
81	88	0
54	64	0
8	25	0
78	87	0
28	39	0
18	56	0
83	35	0
13	38	0
41	77	0
40	90	0
66	16	0
38	92	0
57	92	0
0	6	1
8	17	0
97	15	0
95	25	0
34	52	0
83	42	0
23	21	0
80	54	0
30	44	0
38	16	0
42	9	0
73	33	0
14	89	0
65	13	0
55	80	0
45	11	0
52	23	0
91	46	0
33	70	0
78	54	0
15	56	0
73	91	0
9	72	0
38	87	0
88	47	0
57	2	0
46	69	0
17	62	0
58	1	0
60	50	0
12	59	0
48	1	0
38	56	0
39	36	0
89	92	0
48	45	0
2	8	1
24	95	0
78	6	0
62	65	0
20	28	1
81	79	0
99	8	0
62	67	0
57	78	0
31	14	0
56	94	0
87	77	0
79	57	0
37	97	0
66	25	0
42	20	0
15	37	0
84	5	0
7	73	0
98	68	0
97	24	0
90	32	0
36	54	0
60	17	0
87	81	0
7	15	0
44	11	0
84	60	0
30	35	0
74	83	0
82	93	0
49	12	0
44	29	0
54	53	0
5	47	0
24	64	0
12	61	0
79	76	0
41	50	0
43	94	0
79	53	0
70	76	0
50	83	0
21	41	0
92	62	0
5	29	0
43	49	0
19	20	0
28	75	0
38	82	0
90	31	0
35	35	0
83	17	0
40	82	0
59	29	0
51	41	0
79	81	0
31	52	0
63	84	0
38	87	0
35	47	0
34	20	0
63	10	0
34	75	0
22	73	0
75	81	0
93	62	0
12	88	0
26	32	0
96	66	0
30	52	0
34	90	0
57	86	0
39	55	0
28	13	0
21	35	0
67	87	0
81	96	0
58	85	0
75	28	0
6	70	0
57	4	0
78	21	0
67	26	0
68	26	0
21	59	0
1	68	0
48	57	0
75	29	0
38	72	0
96	28	0
39	97	0
27	65	0
36	16	0
78	68	0
37	54	0
32	3	0
9	95	0
62	15	0
96	88	0
79	95	0
94	15	0
3	78	0
12	69	0
92	43	0
52	70	0
43	46	0
53	57	0
57	72	0
50	63	0
15	77	0
34	53	0
69	8	0
1	67	0
64	88	0
81	45	0
42	89	0
85	57	0
52	20	0
47	70	0
22	78	0
33	96	0
57	37	0
71	32	0
30	36	0
96	58	0
79	44	0
70	60	0
8	67	0
55	19	0
5	84	0
66	60	0
53	47	0
64	44	0
52	22	0
0	54	0
84	30	0
54	8	0
73	68	0
46	81	0
73	30	0
96	37	0
92	6	0
2	66	0
91	65	0
26	97	0
93	63	0
46	92	0
66	29	0
50	6	0
22	97	0
68	34	0
40	59	0
44	80	0
52	6	0
19	91	0
77	94	0
83	78	0
76	41	0
88	67	0
19	85	0
47	50	0
58	1	0
63	27	0
25	14	0
37	0	0
53	9	0
53	56	0
81	39	0
35	52	0
32	55	0
38	64	0
70	84	0
83	84	0
58	78	0
81	11	0
80	46	0
82	9	0
19	54	0
33	16	0
82	36	0
68	34	0
72	78	0
9	38	0
47	72	0
55	19	0
28	90	0
31	95	0
24	74	0
99	61	0
42	24	0
37	4	0
26	56	0
88	63	0
67	17	0
83	91	0
13	3	0
63	87	0
7	74	0
50	91	0
37	37	0
0	49	0
83	6	0
22	36	0
83	9	0
53	14	0
86	10	0
34	43	0
18	48	0
80	28	0
89	56	0
1	25	0
29	37	0
7	63	0
37	92	0
15	86	0
1	7	1
40	90	0
60	79	0
47	43	0
71	21	0
40	95	0
43	64	0
92	96	0
33	30	0
17	46	0
26	44	0
56	76	0
79	83	0
41	27	0
87	12	0
28	5	0
61	2	0
61	12	0
26	43	0
80	66	0
72	5	0
15	39	0
43	13	0
49	44	0
44	45	0
23	59	0
87	80	0
75	50	0
12	52	0
58	34	0
91	9	0
57	12	0
61	22	0
53	36	0
25	29	0
8	72	0
66	73	0
17	77	0
30	91	0
18	99	0
52	23	0
43	37	0
92	52	0
77	44	0
7	84	0
82	79	0
69	80	0
78	34	0
69	99	0
78	0	0
81	57	0
74	58	0
34	15	0
41	43	0
34	42	0
86	84	0
0	2	1
70	22	0
89	3	0
20	38	0
40	88	0
67	75	0
85	10	0
4	56	0
98	32	0
43	94	0
78	22	0
64	52	0
43	57	0
48	38	0
28	40	0
44	41	0
74	78	0
84	38	0
42	26	0
74	67	0
24	57	0
12	99	0
88	90	0
30	34	0
0	77	0
66	34	0
96	11	0
80	45	0
6	61	0
67	48	0
40	33	0
46	46	0
4	93	0
71	15	0
52	9	0
91	51	0
50	24	0
26	77	0
22	7	0
69	56	0
63	99	0
2	69	0
47	64	0
43	73	0
54	25	0
25	96	0
14	42	0
27	37	0
63	15	0
83	25	0
93	20	0
84	91	0
22	58	0
32	27	0
33	32	0
84	19	0
62	60	0
75	93	0
18	42	0
70	99	0
92	67	0
36	78	0
65	10	0
67	47	0
77	24	0
71	7	0
47	21	0
41	27	0
92	4	0
85	30	0
2	75	0
85	11	0
94	98	0
3	96	0
92	52	0
51	50	0
17	19	0
98	89	0
62	57	0
10	97	0
62	23	0
79	35	0
79	58	0
81	63	0
27	72	0
80	74	0
40	97	0
81	74	0
12	29	0
40	99	0
93	82	0
35	35	0
30	35	0
55	75	0
58	95	0
43	69	0
62	96	0
58	54	0
34	62	0
28	66	0
85	18	0
15	96	0
90	40	0
28	92	0
48	66	0
41	84	0
88	36	0
35	44	0
23	45	0
53	20	0
89	63	0
67	13	0
91	99	0
69	97	0
45	55	0
59	6	0
29	44	0
38	91	0
36	24	0
46	63	0
65	72	0
27	23	0
89	99	0
43	21	0
24	17	0
65	34	0
18	78	0
36	13	0
8	57	0
90	87	0
57	89	0
60	42	0
80	6	0
40	73	0
44	51	0
96	54	0
88	4	0
6	67	0
79	4	0
65	72	0
80	35	0
37	8	0
31	69	0
86	78	0
33	67	0
48	83	0
78	23	0
16	61	0
73	24	0
40	62	0
68	98	0
33	93	0
83	6	0
91	26	0
68	21	0
31	81	0
19	86	0
14	88	0
67	43	0
73	69	0
69	81	0
10	39	0
74	36	0
64	66	0
82	76	0
54	62	0
19	59	0
25	66	0
44	21	0
45	22	0
2	36	0
47	64	0
38	45	0
83	33	0
71	29	0
75	0	0
76	45	0
55	67	0
23	56	0
60	25	0
92	77	0
61	86	0
91	68	0
17	55	0
58	74	0
70	44	0
33	52	0
76	29	0
21	53	0
39	22	0
76	54	0
91	97	0
56	57	0
13	62	0
47	2	0
53	62	0
30	87	0
36	33	0
88	88	0
93	71	0
16	94	0
64	70	0
6	71	0
80	56	0
33	50	0
46	62	0
28	76	0
60	69	0
14	29	1
10	63	0
90	81	0
74	50	0
97	52	0
21	58	0
59	88	0
54	29	0
99	26	0
44	41	0
96	15	0
18	89	0
32	30	0
41	76	0
88	56	0
21	43	0
86	61	0
8	98	0
15	77	0
97	86	0
45	30	0
1	69	0
76	88	0
53	61	0
81	68	0
17	92	0
97	36	0
34	1	0
33	88	0
35	76	0
40	16	0
25	35	0
8	17	0
85	71	0
96	9	0
61	9	0
70	19	0
98	47	0
35	7	0
25	54	0
99	45	0
9	54	0
55	80	0
3	60	0
26	77	0
69	59	0
50	90	0
75	47	0
69	85	0
35	39	0
73	62	0
42	54	0
81	50	0
20	78	0
51	33	0
25	77	0
81	37	0
59	35	0
96	69	0
91	97	0
86	78	0
43	70	0
14	28	0
55	40	0
54	74	0
28	22	0
25	8	0
34	74	0
19	34	0
63	2	0
70	77	0
71	76	0
90	10	0
9	44	0
63	86	0
10	88	0
56	8	0
68	49	0
65	24	0
35	19	0
30	40	0
37	22	0
73	6	0
38	87	0
58	29	0
34	80	0
82	10	0
31	44	0
43	63	0
76	17	0
85	70	0
60	71	0
35	65	0
48	90	0
76	83	0
82	46	0
21	66	0
76	76	0
71	94	0
24	36	0
15	50	0
99	39	0
26	90	0
96	84	0
72	89	0
50	1	0
63	67	0
91	59	0
65	87	0
83	48	0
90	76	0
82	35	0
10	59	0
5	62	0
69	85	0
74	43	0
55	62	0
58	12	0
30	18	0
86	72	0
23	30	1
11	61	0
38	53	0
53	38	0
40	22	0
53	30	0
20	83	0
30	35	0
8	63	0
16	79	0
66	48	0
16	26	0
68	13	0
91	34	0
79	4	0
56	81	0
5	55	0
58	27	0
54	41	0
53	82	0
91	9	0
30	38	0
58	60	0
46	80	0
13	99	0
36	64	0
38	83	0
31	21	0
75	80	0
43	46	0
39	82	0
61	31	0
11	46	0
65	63	0
63	28	0
30	78	0
77	39	0
41	40	0
43	42	0
32	15	0
5	65	0
73	67	0
77	66	0
39	48	0
85	58	0
80	73	0
68	26	0
61	11	0
78	83	0
82	17	0
3	63	0
77	82	0
39	20	0
70	35	0
23	66	0
15	95	0
34	98	0
28	58	0
95	28	0
19	53	0
55	99	0
11	82	0
98	71	0
54	61	0
84	34	0
21	8	0
50	25	0
64	1	0
5	82	0
54	57	0
87	66	0
72	40	0
12	0	0
21	45	0
70	15	0
16	85	0
81	0	0
48	70	0
33	24	0
82	94	0
7	21	0
23	94	0
99	53	0
33	13	0
90	80	0
54	56	0
72	58	0
42	28	0
93	27	0
92	75	0
7	61	0
0	79	0
15	53	0
6	89	0
8	90	0
79	24	0
40	45	0
5	95	0
48	2	0
68	6	0
37	57	0
70	52	0
45	20	0
33	63	0
27	31	0
85	18	0
8	38	0
91	66	0
90	12	0
62	49	0
25	24	0
54	11	0
14	95	0
50	69	0
39	60	0
41	10	0
8	92	0
2	93	0
66	53	0
90	35	0
35	29	0
30	77	0
99	90	0
50	27	0
60	74	0
70	90	0
1	76	0
74	26	0
55	59	0
17	36	0
96	70	0
45	69	0
98	12	0
82	10	0
84	20	0
74	91	0
44	62	0
36	71	0
80	25	0
38	11	0
70	95	0
68	75	0
23	53	0
69	42	0
67	91	0
78	10	0
94	51	0
25	73	0
56	57	0
27	26	0
84	22	0
32	51	0
64	3	0
90	92	0
73	62	0
57	76	0
81	36	0
78	76	0
9	90	0
39	6	0
11	99	0
3	61	0
65	70	0
76	89	0
74	9	0
88	96	0
84	13	0
81	84	0
64	9	0
80	35	0
77	42	0
56	34	0
17	83	0
61	92	0
57	77	0
21	54	0
12	37	0
31	95	0
9	64	0
41	3	0
33	50	0
16	63	0
37	36	0
6	44	0
92	58	0
53	27	0
7	55	0
24	83	0
79	82	0
1	0	0
92	69	0
13	67	0
58	48	0
32	65	0
90	46	0
59	36	0
3	10	1
1	46	0
20	58	0
90	57	0
73	53	0
92	61	0
2	63	0
78	63	0
4	80	0
6	23	0
95	60	0
20	62	0
43	8	0
38	33	0
7	87	0
26	85	0
77	44	0
66	70	0
70	56	0
78	80	0
43	76	0
45	24	0
4	63	0
45	63	0
36	45	0
66	54	0
84	19	0
