98	68	0
19	15	0
63	96	0
5	3	0
93	38	0
97	98	0
43	17	1
47	82	0
56	25	0
81	53	0
4	90	0
5	9	0
14	97	0
97	35	0
73	74	0
41	33	0
84	70	0
95	16	0
57	96	0
42	70	0
81	67	0
48	10	0
25	85	0
53	19	0
87	68	0
80	90	0
84	77	0
13	33	0
56	20	1
54	37	0
85	26	0
78	66	0
12	74	0
31	95	0
82	10	0
65	91	0
31	11	0
50	68	0
81	72	0
97	73	0
59	65	0
98	33	0
14	74	0
67	10	0
98	68	0
20	74	0
56	1	0
9	73	0
41	99	0
34	64	0
89	54	0
53	36	0
39	17	0
99	88	0
90	95	0
93	14	0
29	89	0
97	7	0
24	18	0
77	94	0
32	7	1
3	89	0
84	7	0
22	69	0
67	91	0
35	59	0
9	27	0
71	84	0
89	34	0
24	94	0
47	95	0
68	27	0
29	91	0
52	95	0
15	13	0
98	17	0
78	29	0
54	75	0
86	36	0
87	60	0
55	6	0
67	42	0
2	99	0
69	6	0
43	75	0
43	3	1
58	25	0
87	13	0
38	54	1
86	58	0
1	52	0
77	85	0
1	80	0
35	94	0
98	57	0
73	29	0
33	68	0
34	62	1
74	1	0
68	51	0
14	77	0
31	0	0
65	68	0
43	33	0
6	99	0
94	27	0
39	83	0
79	71	0
91	5	0
61	84	0
63	75	0
5	28	0
60	92	0
95	84	0
82	53	0
23	86	0
68	31	0
80	5	0
97	59	0
87	38	0
93	51	0
34	46	0
61	14	1
59	66	0
9	27	0
49	31	0
85	54	0
51	24	1
48	80	0
58	75	0
62	21	0
50	37	0
52	23	1
60	80	0
49	57	0
44	95	0
74	42	0
65	68	0
54	71	0
92	56	0
28	15	0
41	39	0
17	16	0
18	82	0
30	60	0
76	43	0
54	38	0
86	1	0
32	81	0
52	23	1
31	37	0
67	85	0
27	66	0
58	62	0
44	85	0
43	49	1
36	1	0
59	17	0
40	95	0
23	61	0
74	79	0
93	62	0
21	97	0
90	72	0
31	50	0
23	77	0
51	74	0
47	49	1
17	34	0
74	82	0
97	88	0
45	72	0
79	42	0
4	41	1
64	9	1
62	46	0
56	16	0
74	19	0
8	51	1
37	57	0
53	13	0
34	66	0
93	32	0
29	94	0
20	63	0
77	93	0
48	50	1
21	21	0
38	81	0
53	16	0
95	97	0
35	91	0
96	0	0
19	75	0
98	30	0
56	97	0
71	86	0
61	58	0
25	52	0
15	70	0
56	2	0
58	86	0
97	52	0
38	88	0
66	72	0
88	23	0
51	73	0
32	80	0
36	85	0
30	19	0
67	25	0
79	49	0
52	38	0
74	70	0
2	56	1
73	19	0
21	89	0
62	59	0
86	34	0
78	36	0
47	2	0
5	38	1
87	29	0
73	78	0
62	98	0
75	56	0
98	29	0
87	11	0
3	37	0
87	72	0
34	98	0
85	83	0
42	99	0
47	36	0
84	37	0
25	97	0
88	21	0
19	56	0
28	84	0
49	14	0
23	87	0
76	88	0
87	74	0
91	60	0
99	53	0
17	85	0
43	70	0
87	11	0
88	53	0
41	0	0
35	24	0
41	55	0
78	41	0
25	55	0
37	40	0
28	74	0
76	98	0
97	56	0
58	73	0
97	7	0
96	30	0
63	6	0
91	48	0
76	50	0
60	80	0
4	35	0
42	57	0
71	26	0
13	86	0
31	63	0
8	92	0
91	63	0
41	7	1
82	66	0
80	3	0
98	82	0
21	2	0
41	97	0
22	66	0
59	98	0
41	31	0
80	17	0
85	11	0
57	12	1
91	14	0
50	50	0
74	27	0
77	58	0
9	5	0
1	56	1
29	97	0
22	77	0
54	98	0
45	70	0
77	40	0
63	2	0
48	86	0
48	62	0
97	95	0
2	42	1
57	41	0
66	89	0
79	21	0
25	6	0
51	1	0
51	15	0
33	32	0
86	55	0
72	16	0
19	42	0
14	30	0
34	51	0
41	35	0
95	68	0
88	63	0
2	49	1
64	33	0
84	5	0
71	11	0
74	16	0
51	41	0
40	29	0
7	72	0
78	83	0
40	91	0
8	95	0
32	55	0
54	11	1
53	37	0
84	38	0
73	53	0
82	74	0
83	85	0
78	34	0
70	84	0
75	8	0
76	58	0
71	54	0
65	54	0
95	75	0
77	9	0
90	16	0
21	45	0
58	93	0
61	71	0
74	14	0
20	77	0
98	40	0
55	99	0
98	24	0
60	25	0
33	57	0
60	45	0
32	62	0
59	79	0
77	28	0
80	79	0
21	90	0
94	96	0
47	12	1
6	78	0
44	49	1
95	0	0
86	32	0
39	74	0
53	53	0
66	43	0
20	96	0
74	27	0
90	57	0
49	31	0
41	90	0
26	9	0
45	44	0
50	92	0
3	43	1
36	86	0
41	83	0
49	20	1
18	68	0
12	27	0
76	7	0
75	33	0
99	11	0
78	98	0
31	65	0
33	27	0
78	9	0
57	47	0
69	96	0
2	26	0
49	86	0
95	54	0
30	77	0
73	0	0
42	66	0
64	18	0
55	11	1
84	21	0
91	41	0
6	85	0
73	10	0
83	98	0
30	99	0
85	71	0
48	51	1
13	30	0
64	94	0
69	45	0
6	77	0
71	26	0
91	44	0
72	50	0
73	60	0
19	51	0
97	46	0
22	90	0
95	64	0
21	99	0
87	92	0
41	30	0
70	76	0
57	93	0
47	51	0
62	95	0
80	48	0
44	49	0
27	62	0
87	3	0
4	86	0
83	57	0
22	94	0
46	52	0
43	68	0
78	26	0
28	56	0
54	29	0
91	53	0
73	23	0
82	89	0
41	90	0
37	56	1
40	41	0
63	99	0
55	21	1
40	86	0
88	82	0
87	75	0
75	9	0
22	11	0
39	38	0
35	57	0
40	6	1
7	79	0
86	79	0
61	88	0
66	51	0
67	13	0
39	67	0
36	77	0
91	50	0
89	4	0
17	70	0
74	6	0
52	60	0
50	27	1
41	9	1
36	43	0
85	88	0
25	75	0
58	86	0
69	18	0
75	11	0
50	57	0
61	84	0
20	97	0
94	23	0
81	9	0
79	25	0
12	68	0
13	99	0
13	80	0
58	35	0
71	83	0
77	96	0
3	31	0
62	56	0
72	89	0
74	60	0
66	65	0
21	98	0
9	77	0
44	27	0
6	25	0
45	37	0
32	43	0
95	33	0
82	50	0
61	7	0
65	31	0
56	49	0
39	23	0
89	79	0
56	76	0
82	50	0
31	65	0
41	97	0
77	57	0
54	11	1
30	12	0
97	51	0
65	88	0
45	32	0
49	57	0
31	97	0
65	98	0
91	67	0
24	80	0
67	51	0
4	73	0
57	52	0
45	76	0
63	53	0
55	76	0
61	88	0
7	58	0
56	52	0
79	48	0
80	61	0
37	78	0
74	86	0
46	29	0
99	21	0
53	44	0
98	12	0
7	79	0
54	88	0
91	71	0
70	69	0
17	91	0
10	68	0
80	83	0
43	26	0
6	82	0
72	99	0
50	63	0
88	64	0
21	89	0
74	41	0
20	0	0
46	87	0
20	81	0
11	19	0
89	54	0
93	19	0
50	20	1
73	33	0
75	13	0
22	14	0
25	55	0
77	29	0
1	78	0
60	75	0
5	39	0
24	77	0
62	52	0
63	95	0
67	43	0
75	87	0
75	56	0
72	82	0
3	85	0
51	46	0
27	79	0
78	51	0
55	44	0
95	45	0
99	93	0
81	93	0
50	64	0
75	51	0
70	71	0
37	55	1
66	5	0
65	83	0
86	75	0
89	5	0
58	78	0
1	98	0
49	25	1
52	40	0
72	36	0
67	29	0
72	21	0
19	87	0
74	26	0
32	68	0
91	16	0
41	62	0
46	33	0
59	89	0
71	77	0
46	80	0
74	95	0
81	60	0
85	48	0
96	72	0
80	96	0
98	43	0
33	66	0
82	80	0
45	76	0
78	88	0
96	49	0
45	83	0
88	68	0
86	51	0
80	33	0
42	45	0
4	63	0
57	79	0
75	8	0
67	26	0
81	81	0
63	42	0
11	85	0
20	92	0
60	38	0
87	18	0
85	52	0
98	5	0
79	98	0
53	26	1
56	41	0
34	76	0
96	18	0
70	49	0
30	77	0
23	97	0
28	73	0
11	88	0
32	12	1
63	65	0
45	34	0
44	74	0
40	47	0
66	74	0
75	10	0
14	89	0
93	55	0
21	21	0
15	80	0
69	58	0
69	44	0
45	61	0
91	49	0
88	54	0
78	55	0
53	12	1
57	68	0
83	44	0
3	33	0
98	77	0
52	47	0
41	80	0
6	75	0
25	89	0
31	63	0
92	27	0
59	95	0
7	95	0
96	66	0
54	30	1
75	20	0
27	19	0
35	39	0
76	7	0
16	73	0
84	54	0
92	38	0
1	7	0
2	36	0
72	14	0
44	77	0
96	87	0
3	10	0
50	91	0
81	33	0
41	11	1
95	78	0
43	60	0
70	75	0
24	33	0
97	38	0
87	71	0
20	69	0
19	85	0
1	49	1
26	74	0
22	98	0
77	12	0
31	58	0
10	87	0
36	35	0
49	15	1
44	62	0
66	43	0
46	6	1
33	77	0
98	26	0
7	27	0
75	51	0
86	26	0
53	58	0
30	20	0
43	10	0
17	94	0
42	81	0
26	61	0
23	20	0
20	80	0
24	75	0
70	56	0
94	43	0
35	65	0
81	99	0
47	31	0
60	71	0
41	82	0
15	87	0
88	42	0
43	60	0
6	22	0
89	50	0
66	50	0
90	24	0
88	21	0
72	34	0
58	91	0
45	39	0
63	43	0
59	29	0
38	2	0
34	94	0
58	68	0
89	29	0
63	99	0
85	58	0
77	46	0
35	80	0
32	76	0
81	27	0
52	43	0
70	0	0
96	97	0
77	78	0
51	79	0
73	29	0
86	79	0
19	78	0
60	30	0
17	97	0
35	63	0
86	62	0
65	11	0
96	96	0
86	8	0
98	93	0
57	9	0
67	20	0
77	52	0
69	30	0
9	85	0
57	93	0
66	80	0
4	23	0
10	85	0
17	74	0
44	11	1
40	39	0
6	47	1
82	42	0
48	15	1
3	62	0
24	84	0
62	93	0
93	44	0
3	73	0
66	41	0
27	91	0
83	55	0
75	41	0
26	53	0
84	39	0
75	42	0
64	63	0
9	58	1
54	47	0
3	85	0
4	8	0
83	71	0
16	66	0
19	6	0
4	92	0
22	71	0
99	41	0
68	83	0
83	63	0
94	83	0
50	55	0
59	36	0
1	75	0
53	58	0
36	53	0
64	37	0
87	23	0
