99	67	0
22	11	0
58	97	0
3	3	0
93	44	0
98	96	0
41	78	0
57	23	1
75	58	0
0	89	0
0	8	0
19	95	0
97	37	0
63	76	0
38	30	0
83	70	0
95	24	0
60	97	0
38	74	0
84	65	0
49	16	0
27	84	0
59	23	1
84	66	0
82	79	0
82	80	0
8	24	0
47	39	0
84	22	0
85	68	0
10	76	0
32	94	0
82	10	0
64	94	0
35	9	1
52	73	0
79	74	0
96	66	0
64	57	0
99	33	0
13	69	0
66	3	1
92	66	0
16	75	0
55	1	0
9	74	0
33	92	0
26	66	1
88	53	0
46	35	0
34	12	0
96	85	0
90	98	0
89	16	0
32	83	0
98	10	0
15	15	0
75	89	0
0	90	0
84	7	0
24	67	0
65	90	0
43	60	1
12	24	0
73	77	0
84	33	0
22	94	0
48	99	0
70	33	0
31	98	0
47	94	0
16	13	0
97	16	0
80	24	0
51	75	0
89	32	0
77	62	0
58	11	1
64	36	0
5	99	0
71	6	0
51	78	0
61	32	1
86	5	0
90	63	0
0	60	0
72	89	0
4	78	0
35	97	0
97	60	0
82	29	0
36	70	0
73	5	0
62	49	0
11	74	0
35	2	0
69	70	0
54	31	0
4	98	0
97	29	0
41	77	0
79	69	0
90	1	0
64	85	0
65	81	0
5	24	0
60	86	0
92	85	0
81	52	0
22	88	0
67	36	0
79	2	0
97	61	0
89	30	0
99	50	0
24	50	0
53	65	0
10	21	0
46	33	0
87	64	0
50	80	0
63	76	0
61	14	1
46	36	0
63	71	0
47	59	0
41	97	0
77	39	0
62	69	0
54	75	0
93	53	0
25	12	0
46	34	0
19	18	0
16	78	0
28	56	0
78	47	0
52	35	1
87	8	0
27	84	0
53	26	1
25	38	0
68	77	0
26	68	1
60	63	0
44	74	0
42	5	0
49	13	1
41	91	0
29	68	1
74	77	0
94	62	0
22	95	0
87	71	0
32	55	0
19	72	0
52	72	0
19	37	0
74	82	0
93	83	0
44	67	0
84	49	0
56	50	0
56	19	1
67	16	0
45	57	1
53	20	1
29	65	1
93	33	0
30	95	0
27	61	1
69	88	0
45	50	1
27	24	0
42	78	0
51	13	0
94	98	0
32	84	0
99	5	0
22	78	0
97	30	0
57	98	0
73	81	0
64	59	0
28	52	0
10	66	0
58	4	0
67	92	0
99	52	0
42	88	0
67	73	0
85	15	0
55	78	0
36	81	0
31	83	0
25	17	0
66	22	0
82	52	0
55	46	0
76	65	0
67	27	0
20	96	0
56	64	0
89	38	0
74	42	0
50	5	0
6	40	1
92	27	0
76	85	0
68	92	0
75	61	0
94	29	0
95	19	0
0	34	1
88	76	0
39	97	0
73	85	0
42	95	0
36	39	0
91	31	0
24	99	0
90	21	0
23	49	0
28	85	0
53	14	1
24	97	0
73	90	0
79	80	0
92	59	0
92	53	0
26	88	0
49	79	0
79	11	0
81	56	0
47	5	0
34	30	0
39	57	1
74	38	0
25	60	0
39	46	0
21	72	0
75	96	0
93	57	0
56	71	0
94	3	0
91	40	0
62	8	1
91	45	0
65	53	0
68	78	0
1	34	1
41	66	0
74	26	0
9	81	0
30	61	0
8	91	0
91	61	0
42	7	1
80	66	0
90	8	0
96	79	0
28	0	0
34	92	0
24	67	0
61	89	0
43	29	0
76	13	0
91	10	0
92	17	0
50	51	1
75	24	0
79	56	0
5	1	0
2	58	1
30	96	0
23	74	0
55	96	0
39	69	0
86	44	0
64	6	1
50	88	0
57	61	0
95	89	0
59	40	0
66	90	0
80	16	0
23	11	0
49	2	0
51	22	1
31	23	0
94	53	0
78	12	0
21	46	0
19	25	0
38	49	1
50	36	0
92	72	0
95	64	0
70	30	0
90	8	0
69	6	0
78	13	0
46	41	0
39	20	0
10	71	0
83	89	0
47	88	0
3	99	0
31	48	0
50	36	0
76	37	0
64	52	0
80	77	0
81	82	0
71	30	0
68	81	0
72	7	0
88	49	0
77	52	0
61	52	0
92	76	0
73	19	0
93	18	0
17	43	0
66	96	0
60	70	0
81	20	0
17	74	0
94	41	0
61	97	0
94	28	0
62	23	0
37	58	0
57	48	0
32	70	1
60	82	0
73	32	0
78	74	0
18	87	0
94	95	0
3	80	0
99	1	0
88	27	0
43	72	0
51	52	0
66	44	0
20	93	0
70	35	0
96	59	0
44	30	0
36	90	0
34	9	0
41	42	1
52	89	0
38	90	0
39	82	0
15	74	0
12	21	0
70	3	0
74	35	0
95	10	0
81	97	0
32	66	1
31	24	0
70	9	0
58	41	0
66	99	0
2	23	0
46	90	0
91	43	0
26	81	0
77	2	0
41	62	0
63	24	0
55	11	1
87	18	0
85	45	0
14	86	0
72	13	0
83	98	0
31	95	0
88	67	0
9	32	0
64	97	0
64	43	0
13	78	0
65	24	0
86	44	0
79	44	0
77	63	0
15	51	0
93	55	0
20	98	0
92	57	0
20	95	0
87	86	0
42	18	0
72	74	0
60	95	0
47	40	1
61	99	0
76	50	0
47	50	1
23	62	0
88	8	0
2	75	0
78	55	0
21	93	0
42	51	1
45	67	0
80	32	0
25	55	0
51	33	0
90	53	0
70	21	0
77	84	0
46	97	0
40	48	1
65	99	0
61	19	1
38	89	0
90	89	0
86	75	0
79	7	0
21	0	0
45	33	0
31	57	0
4	80	0
85	83	0
65	79	0
66	51	0
65	17	0
40	66	0
33	72	0
80	57	0
93	0	0
18	70	0
83	7	0
58	54	0
36	42	0
83	94	0
22	76	0
56	93	0
73	19	0
73	17	0
45	59	0
59	82	0
23	96	0
92	21	0
82	15	0
77	26	0
14	65	0
18	95	0
15	84	0
52	35	1
70	88	0
75	93	0
1	34	1
60	56	0
82	91	0
74	56	0
67	67	0
20	94	0
8	77	0
43	26	0
6	23	0
42	39	0
24	49	0
99	35	0
83	48	0
63	9	1
66	41	0
57	51	0
42	23	0
92	76	0
55	80	0
81	48	0
28	55	1
39	96	0
74	52	0
26	7	0
97	46	0
64	88	0
36	29	0
51	57	1
29	97	0
66	98	0
87	69	0
26	84	0
64	42	0
6	75	0
53	54	1
46	72	0
67	54	0
58	73	0
60	90	0
12	48	0
61	54	0
82	47	0
80	62	0
36	75	0
67	88	0
45	30	0
96	22	0
56	46	0
87	6	0
7	78	0
54	94	0
86	74	0
77	68	0
15	93	0
5	67	0
79	89	0
31	27	0
7	84	0
69	99	0
57	64	0
88	65	0
20	88	0
78	50	0
17	4	0
52	97	0
24	89	0
12	12	0
89	57	0
89	26	0
75	27	0
74	14	0
17	16	0
24	55	0
80	29	0
0	76	0
62	73	0
6	43	1
24	75	0
68	45	0
69	94	0
68	39	0
71	85	0
78	51	0
73	84	0
4	84	0
48	47	0
31	75	0
66	55	0
56	46	0
89	46	0
96	99	0
83	91	0
51	59	0
76	56	0
67	66	0
68	5	0
70	78	0
91	76	0
90	10	0
55	79	0
3	99	0
51	44	0
68	36	0
66	30	0
74	23	0
21	80	0
75	22	0
28	64	1
88	18	0
38	62	0
49	34	0
57	91	0
69	76	0
48	84	0
69	89	0
83	63	0
82	44	0
97	64	0
75	95	0
95	44	0
37	66	0
90	86	0
39	71	0
79	81	0
95	48	0
43	89	0
86	74	0
89	52	0
80	30	0
46	47	1
7	64	0
51	73	0
72	20	0
67	30	0
79	87	0
67	48	0
12	83	0
19	88	0
65	41	0
85	25	0
89	48	0
98	2	0
83	94	0
56	37	0
33	77	0
93	25	0
65	46	0
25	76	0
19	99	0
28	73	0
7	86	0
59	56	0
43	27	0
39	79	0
52	51	1
67	76	0
71	9	0
21	84	0
92	47	0
16	21	0
18	75	0
72	68	0
66	47	0
40	57	1
92	49	0
85	51	0
76	52	0
60	67	0
81	50	0
4	31	0
99	81	0
60	50	0
42	84	0
6	76	0
23	91	0
32	55	0
91	22	0
55	92	0
3	95	0
98	64	0
57	29	1
76	17	0
22	14	0
33	31	0
74	6	0
19	75	0
86	53	0
93	34	0
10	4	0
0	39	1
69	12	0
40	83	0
97	83	0
3	8	0
51	88	0
85	36	0
98	79	0
45	61	0
62	71	0
28	36	0
94	39	0
90	65	0
21	78	0
19	81	0
26	70	1
22	87	0
74	11	0
26	58	0
11	84	0
39	33	0
54	21	1
47	64	0
69	48	0
32	71	0
95	21	0
3	29	0
83	45	0
75	23	0
47	52	1
33	23	0
41	7	1
21	88	0
47	79	0
16	65	0
20	23	0
21	79	0
16	82	0
64	59	0
89	43	0
39	56	1
80	94	0
46	24	0
62	76	0
41	74	0
18	91	0
88	38	0
47	56	0
9	16	0
89	54	0
58	49	0
89	26	0
86	28	0
76	35	0
55	90	0
42	34	0
60	42	0
63	31	0
42	4	0
33	99	0
54	64	0
93	40	0
59	95	0
84	52	0
78	48	0
38	85	0
34	76	0
91	26	0
53	53	1
74	4	0
92	99	0
76	84	0
50	85	0
69	22	0
84	77	0
21	75	0
65	24	0
23	97	0
42	60	1
90	63	0
67	11	1
90	87	0
83	8	0
96	94	0
59	12	1
70	26	0
75	60	0
63	24	0
5	85	0
66	99	0
63	77	0
2	26	0
6	94	0
15	73	0
47	17	1
47	40	0
82	40	0
47	12	1
2	60	0
25	91	0
63	96	0
95	44	0
1	69	0
71	44	0
29	90	0
84	44	0
69	43	0
24	59	1
79	39	0
76	45	0
59	70	0
52	48	0
4	82	0
1	5	0
82	68	0
19	60	0
16	7	0
0	92	0
29	72	0
96	40	0
70	86	0
85	59	0
96	82	0
50	54	1
66	31	0
2	75	0
52	63	0
36	45	1
76	38	0
87	22	0
