99	67	0
23	6	0
30	24	1
62	99	0
10	1	0
89	41	0
97	93	0
47	12	0
55	80	0
58	26	0
80	49	0
9	83	0
10	2	0
12	92	0
93	29	0
72	75	0
49	35	0
89	62	0
96	18	0
49	97	0
52	63	0
80	72	0
46	9	0
21	73	0
55	21	0
94	69	0
81	94	0
90	75	0
5	37	0
51	10	0
51	29	0
96	25	0
72	68	0
10	85	0
36	91	0
77	16	0
74	90	0
28	9	0
46	68	0
80	70	0
94	71	0
56	61	0
98	42	0
17	78	0
65	5	0
97	67	0
22	73	0
66	8	0
3	78	0
42	91	0
27	72	0
89	63	0
55	39	0
44	28	0
87	85	0
98	89	0
99	13	0
24	94	0
98	11	0
24	4	0
72	93	0
32	4	0
2	85	0
87	12	0
32	79	0
57	92	0
36	59	0
5	23	0
74	79	0
85	30	0
29	98	0
47	98	0
64	32	0
30	90	0
58	97	0
4	16	0
97	14	0
81	24	0
51	75	0
85	45	0
91	59	0
55	11	0
38	14	1
67	41	0
2	97	0
66	0	0
47	68	0
42	5	0
55	25	0
86	18	0
33	59	0
90	47	0
1	58	0
77	92	0
3	86	0
38	92	0
84	53	0
73	19	0
32	63	0
34	59	0
62	2	0
72	58	0
13	64	0
38	2	0
11	48	1
37	52	1
60	77	0
44	34	0
10	98	0
89	30	0
42	78	0
74	71	0
92	7	0
64	84	0
65	71	0
20	22	0
59	91	0
99	84	0
73	57	0
22	93	0
65	32	0
34	27	1
73	7	0
99	64	0
96	35	0
86	53	0
43	47	0
60	4	0
69	70	0
13	25	0
43	30	0
96	56	0
50	25	0
55	76	0
55	80	0
54	21	0
40	35	0
54	26	0
12	49	1
12	54	1
57	81	0
51	61	0
48	91	0
71	44	0
61	75	0
63	68	0
96	63	0
24	21	0
43	46	0
15	16	0
14	76	0
27	66	0
83	46	0
45	45	0
92	2	0
36	89	0
53	19	0
33	42	0
72	79	0
35	65	0
55	67	0
40	93	0
37	55	0
42	4	0
57	17	0
41	97	0
32	62	0
75	82	0
92	58	0
17	90	0
92	70	0
31	49	0
27	72	0
50	70	0
45	61	0
16	32	0
71	84	0
97	80	0
38	66	0
78	39	0
8	42	0
60	12	0
67	52	0
64	17	0
78	18	0
2	49	0
42	63	0
58	33	0
43	66	0
94	34	0
35	90	0
21	58	0
74	92	0
45	58	0
23	15	0
33	75	0
59	20	0
92	94	0
41	89	0
94	1	0
12	62	0
11	67	0
96	36	0
49	92	0
63	83	0
67	65	0
45	62	0
12	74	0
22	54	1
58	0	0
20	55	1
57	99	0
99	55	0
42	90	0
71	70	0
84	24	0
47	78	0
28	83	0
46	92	0
39	24	0
66	19	0
82	45	0
51	45	0
72	67	0
0	51	0
68	22	0
20	96	0
69	68	0
87	39	0
73	32	0
45	0	0
2	39	0
87	21	0
69	78	0
56	90	0
70	52	0
92	31	0
88	14	0
0	34	0
84	71	0
38	94	0
87	80	0
43	97	0
62	33	0
77	30	0
28	94	0
79	23	0
18	63	0
27	73	0
52	15	0
30	97	0
79	93	0
80	78	0
93	55	0
97	56	0
21	83	0
34	70	0
84	14	0
79	48	0
36	22	1
40	0	0
45	31	0
46	56	0
80	44	0
23	49	0
40	41	0
31	75	0
73	96	0
90	58	0
57	74	0
92	5	0
98	38	0
63	5	0
87	50	0
78	52	0
64	71	0
1	38	0
37	63	0
64	29	0
13	90	0
29	80	0
6	86	0
90	70	0
50	12	1
39	2	0
39	55	1
77	67	0
64	2	0
93	87	0
23	0	0
49	92	0
12	66	0
55	91	0
43	38	0
7	47	1
77	28	0
77	15	0
51	16	0
83	7	0
41	57	0
7	58	1
77	23	0
79	55	0
10	5	0
1	57	0
31	97	0
20	81	0
54	99	0
48	67	0
78	42	0
65	10	0
53	81	0
45	70	0
97	83	0
2	53	0
63	51	0
66	81	0
79	24	0
31	3	0
45	0	0
50	17	0
37	29	0
82	51	0
69	19	0
22	44	0
18	24	0
30	56	0
44	37	0
89	70	0
87	65	0
0	47	0
66	37	0
88	2	0
69	13	0
76	21	0
53	37	0
39	31	0
0	74	0
65	86	0
40	80	0
11	98	0
29	62	0
55	10	0
49	38	0
85	40	0
75	52	0
13	60	1
83	71	0
81	84	0
77	32	0
73	90	0
78	5	0
74	65	0
72	53	0
69	53	0
80	79	0
76	1	0
91	15	0
27	46	0
55	87	0
64	73	0
80	14	0
27	72	0
94	31	0
60	99	0
95	26	0
64	22	0
24	58	0
67	42	0
39	59	0
57	87	0
80	27	0
81	76	0
38	53	0
13	95	0
94	96	0
46	26	0
8	85	0
48	51	0
96	2	0
79	39	0
28	69	0
61	51	0
59	51	0
17	96	0
83	23	0
40	12	1
88	50	0
50	44	0
37	92	0
21	10	0
50	50	0
50	85	0
2	46	0
40	76	0
37	85	0
49	26	0
19	75	0
15	30	0
71	11	0
75	13	0
96	6	0
88	94	0
26	63	0
33	30	0
82	3	0
65	53	0
70	99	0
3	24	0
54	93	0
97	58	0
33	80	0
79	4	0
40	67	0
68	21	0
55	11	0
40	10	1
87	18	0
85	43	0
12	89	0
77	15	0
90	97	0
23	92	0
98	72	0
44	46	0
11	27	0
71	94	0
66	53	0
5	86	0
72	37	0
77	48	0
70	54	0
77	69	0
29	59	0
98	55	0
29	96	0
94	69	0
21	98	0
90	95	0
48	34	0
61	61	0
57	91	0
47	57	0
59	99	0
74	51	0
49	47	0
32	56	0
86	1	0
7	84	0
89	62	0
25	95	0
51	61	0
43	82	0
87	33	0
33	50	0
53	24	0
94	54	0
71	24	0
86	90	0
40	97	0
42	58	0
48	11	1
35	47	0
59	97	0
50	22	0
42	74	0
86	83	0
35	13	1
93	84	0
76	7	0
17	9	0
45	33	0
21	71	0
43	2	0
11	82	0
89	77	0
55	92	0
70	43	0
68	7	0
39	65	0
39	70	0
96	46	0
99	3	0
13	72	0
77	8	0
47	66	0
42	29	0
36	4	0
36	53	0
81	85	0
30	68	0
55	82	0
64	19	0
72	27	0
50	56	0
64	85	0
32	97	0
99	18	0
83	19	0
79	15	0
13	67	0
27	97	0
19	90	0
65	40	0
73	76	0
72	98	0
2	32	0
59	47	0
64	90	0
69	64	0
62	76	0
18	91	0
21	73	0
46	33	0
45	18	1
9	32	0
41	41	0
35	39	0
95	24	0
79	44	0
70	7	0
66	32	0
58	51	0
44	30	0
98	77	0
48	81	0
82	58	0
37	61	0
37	93	0
80	53	0
60	20	0
31	17	0
98	49	0
75	85	0
48	40	0
12	59	1
47	10	1
53	61	0
43	90	0
61	97	0
97	59	0
19	80	0
63	50	0
7	67	0
63	44	0
48	75	0
62	52	0
48	76	0
65	84	0
0	56	0
54	58	0
76	48	0
85	60	0
33	79	0
70	81	0
42	24	0
93	18	0
56	41	0
99	8	0
0	81	0
42	83	0
88	55	0
72	67	0
14	89	0
17	77	0
78	87	0
48	24	0
6	74	0
75	99	0
47	66	0
95	65	0
28	97	0
80	43	0
13	0	0
39	75	0
20	79	0
34	13	1
5	17	0
91	56	0
97	27	0
49	21	0
77	38	0
84	14	0
21	12	0
30	63	0
76	31	0
3	68	0
59	84	0
4	42	0
17	78	0
70	47	0
56	97	0
70	44	0
77	82	0
74	58	0
39	49	1
77	82	0
13	87	0
44	43	0
22	75	0
70	48	0
64	37	0
99	49	0
94	95	0
85	89	0
49	66	0
71	45	0
62	60	0
36	50	0
10	49	1
71	3	0
68	85	0
84	77	0
83	6	0
54	86	0
5	97	0
48	17	0
55	33	0
71	32	0
58	22	0
34	20	1
75	20	0
21	95	0
70	25	0
27	78	0
96	15	0
42	67	0
54	39	0
66	96	0
77	75	0
39	79	0
67	92	0
88	63	0
90	43	0
28	53	1
99	74	0
81	96	0
99	49	0
36	70	0
96	85	0
55	87	0
75	84	0
92	46	0
49	84	0
81	66	0
89	57	0
75	35	0
35	50	0
1	58	0
56	79	0
67	16	0
56	35	0
47	20	1
88	84	0
68	36	0
36	11	1
45	17	1
15	86	0
13	57	1
7	91	0
62	41	0
96	21	0
89	40	0
95	7	0
80	97	0
10	48	1
60	21	0
53	49	0
38	77	0
97	20	0
64	48	0
33	91	0
28	97	0
30	68	0
19	92	0
32	2	0
69	61	0
48	32	0
46	73	0
46	44	0
5	47	1
70	66	0
71	17	0
24	91	0
95	57	0
23	30	0
17	69	0
74	64	0
63	60	0
52	63	0
91	56	0
91	64	0
72	53	0
59	13	0
64	66	0
82	44	0
10	38	0
91	77	0
56	42	0
31	75	0
9	81	0
30	99	0
22	57	0
92	27	0
9	48	0
58	91	0
1	86	0
89	65	0
47	27	0
77	18	0
21	21	0
36	37	0
74	9	0
17	74	0
39	52	0
90	57	0
89	39	0
4	7	0
11	49	1
46	18	1
6	39	0
72	7	0
47	71	0
91	93	0
4	13	0
47	99	0
89	29	0
40	3	0
90	88	0
41	66	0
72	71	0
37	35	0
98	37	0
89	75	0
20	60	0
15	79	0
4	46	0
21	68	0
15	99	0
74	16	0
32	55	0
6	86	0
28	28	0
60	17	0
37	65	0
72	51	0
43	4	0
33	77	0
95	21	0
7	27	0
72	46	0
97	29	0
50	61	0
28	12	0
45	1	0
20	94	0
47	75	0
25	62	0
21	18	0
21	87	0
27	80	0
67	54	0
88	42	0
37	71	0
80	98	0
52	32	0
66	70	0
48	88	0
2	85	0
82	43	0
43	60	0
7	18	0
95	61	0
54	52	0
94	18	0
79	16	0
81	32	0
61	98	0
46	43	0
54	36	0
60	29	0
42	0	0
42	90	0
53	70	0
89	29	0
60	98	0
86	41	0
79	55	0
37	71	0
25	67	0
80	33	0
55	39	0
74	0	0
99	97	0
74	78	0
44	75	0
71	40	0
80	89	0
14	81	0
59	29	0
16	95	0
4	61	0
43	59	0
76	72	0
65	13	0
94	95	0
85	8	0
98	92	0
64	12	0
73	20	0
77	57	0
65	31	0
20	83	0
48	86	0
64	84	0
5	33	0
14	79	0
14	69	0
38	9	0
33	39	0
3	43	0
76	43	0
48	25	0
10	63	0
18	87	0
64	93	0
90	41	0
2	76	0
62	43	0
33	83	0
75	67	0
71	43	0
7	50	1
28	55	0
82	37	0
73	49	0
74	58	0
17	62	0
61	46	0
3	90	0
6	4	0
86	68	0
17	67	0
23	0	0
3	92	0
23	77	0
99	40	0
74	80	0
85	67	0
83	88	0
48	62	0
63	31	0
1	73	0
47	64	0
35	57	0
62	46	0
93	22	0
