82	62	0
34	28	0
65	94	0
15	7	0
93	38	0
80	90	0
43	79	1
72	45	0
2	82	0
4	3	0
14	95	0
92	44	0
70	75	0
37	40	0
71	83	0
98	52	0
52	94	0
61	73	0
35	25	0
84	72	0
91	88	0
78	80	0
4	32	0
67	69	0
76	35	0
64	89	0
53	69	0
66	77	0
95	47	0
94	24	0
94	72	0
38	2	0
43	94	1
73	31	0
32	17	0
95	77	0
83	76	0
96	20	0
96	14	0
21	35	0
58	78	0
6	90	0
94	11	0
58	95	0
19	27	0
82	80	0
87	27	0
55	94	0
8	16	0
97	15	0
71	39	0
45	85	1
69	23	0
53	45	0
75	33	0
9	95	0
49	83	1
90	62	0
64	90	0
11	63	0
46	86	1
93	55	0
40	38	0
27	7	0
70	62	0
8	87	0
99	34	0
44	68	0
90	55	0
99	9	0
75	99	0
69	84	0
6	28	0
69	81	0
87	63	0
81	40	0
17	96	0
54	39	0
89	48	0
88	39	0
91	34	0
20	59	0
4	12	0
97	62	0
57	95	0
42	76	0
58	96	0
69	36	0
65	67	0
80	71	0
84	74	0
17	21	0
14	8	0
85	56	0
87	0	0
27	91	1
12	51	0
72	81	0
62	80	0
60	82	0
50	7	0
45	92	0
68	86	0
76	53	0
13	90	0
96	82	0
2	82	0
14	50	0
82	90	0
86	74	0
50	72	0
70	42	0
80	36	0
49	69	0
20	49	0
44	79	1
37	25	0
93	84	0
35	98	1
74	7	0
79	35	0
75	93	0
61	81	0
67	68	0
18	22	0
12	78	0
62	95	0
71	64	0
44	97	1
53	94	0
31	86	0
32	38	0
72	64	0
57	47	0
66	73	0
70	33	0
2	95	0
69	59	1
94	35	0
62	36	0
47	21	0
79	21	0
63	70	0
74	95	0
86	72	0
92	19	0
98	35	0
97	71	0
65	71	0
58	89	0
69	15	1
15	71	0
91	11	0
8	47	0
32	87	1
81	79	0
78	76	0
97	52	0
84	53	0
48	79	1
92	64	0
51	11	0
45	22	0
79	57	0
26	78	0
62	81	0
76	72	0
80	8	1
94	49	0
95	32	0
72	53	0
63	94	0
55	9	0
3	93	0
7	91	0
98	59	0
68	58	0
84	17	1
94	69	0
19	17	0
43	95	1
85	3	0
76	5	0
96	25	0
84	29	0
76	32	0
11	10	0
26	77	0
52	90	0
80	43	0
74	95	0
97	75	0
69	37	0
67	86	0
8	6	0
38	13	0
40	26	0
72	34	0
78	15	1
0	56	0
33	19	0
97	81	0
95	66	0
98	12	0
64	2	0
35	4	0
98	96	0
27	87	0
8	96	0
40	38	0
78	41	0
70	70	0
58	68	0
82	84	0
71	34	0
73	75	0
85	29	0
87	69	0
65	43	0
98	77	0
62	21	0
96	5	0
29	49	0
73	86	0
98	41	0
95	43	0
72	99	0
93	40	0
66	15	1
44	49	0
58	96	0
68	83	0
17	80	0
81	84	0
7	95	0
95	5	0
89	14	1
49	80	1
11	97	0
88	39	0
92	71	0
26	0	0
46	95	0
47	63	0
7	14	0
86	40	0
91	11	0
67	91	0
15	19	0
76	30	0
71	78	0
10	27	0
47	88	1
77	44	0
85	3	0
89	68	0
66	18	0
93	96	0
33	93	1
64	62	1
8	36	0
59	92	0
64	56	0
96	43	0
64	42	0
66	55	1
2	54	0
92	74	0
91	69	0
2	88	0
79	87	0
40	24	0
66	59	0
63	98	0
59	91	0
99	52	0
65	9	0
67	39	0
31	96	1
81	28	0
96	56	0
78	37	0
86	70	0
45	97	1
52	98	0
86	96	0
77	88	0
12	4	0
4	85	0
82	89	0
60	97	0
68	21	0
85	55	0
90	0	0
92	9	1
92	79	0
64	82	0
91	16	0
86	12	1
67	81	0
45	98	1
93	15	0
98	4	0
78	33	0
4	45	0
9	91	0
20	98	1
85	88	0
85	92	0
81	86	0
87	63	0
81	80	0
10	93	0
23	20	0
2	6	0
35	37	0
84	13	1
83	32	0
63	65	0
63	2	0
85	85	0
84	82	0
84	46	0
72	64	0
30	9	0
98	39	0
72	96	0
54	31	0
25	95	1
72	85	0
97	63	0
20	59	0
43	65	0
57	77	0
48	92	0
1	46	0
76	74	0
97	45	0
94	69	0
38	84	1
58	88	0
86	26	0
82	7	0
12	76	1
35	81	1
97	68	0
67	70	0
5	98	0
11	75	1
77	86	0
20	20	0
4	81	0
63	76	0
65	70	0
81	87	0
5	89	0
78	56	0
17	0	0
51	84	0
7	91	0
5	17	0
98	57	0
76	20	0
19	21	0
15	37	0
69	39	0
67	75	0
93	72	0
85	44	0
78	81	0
73	86	0
1	61	0
82	62	0
66	25	0
97	43	0
83	89	0
83	75	0
51	75	0
94	74	0
99	10	0
51	72	0
2	97	0
77	36	0
62	24	1
80	23	1
31	31	0
60	85	0
55	48	1
38	71	0
65	92	0
88	50	0
92	36	0
74	64	0
93	85	0
89	50	0
90	96	0
82	71	0
77	38	0
44	90	0
89	77	0
84	75	0
96	32	0
43	67	0
81	23	1
55	36	0
86	88	0
88	59	0
26	85	0
77	35	0
71	38	0
92	42	0
83	14	1
93	84	0
82	13	1
72	39	0
3	84	0
11	99	0
44	29	0
21	70	0
48	87	1
66	5	0
0	94	0
73	44	0
14	13	0
17	64	0
60	66	0
73	70	0
75	58	0
77	46	0
72	67	0
89	46	0
13	42	0
94	86	0
48	97	0
86	26	0
43	99	1
19	90	0
93	57	0
61	31	0
23	20	0
31	32	0
80	50	0
95	26	0
21	1	0
43	1	0
54	69	0
96	82	0
23	6	0
44	77	1
56	21	0
89	80	0
71	64	0
62	87	0
13	47	0
98	49	0
90	65	0
0	86	0
0	90	0
55	30	0
95	26	0
11	28	0
89	40	0
78	10	0
39	29	0
20	94	0
58	87	0
19	31	0
77	42	0
63	84	0
21	95	1
65	33	0
8	1	0
86	55	0
88	33	0
85	34	0
63	19	0
55	93	0
43	93	1
83	33	0
56	99	0
67	65	0
75	51	0
55	92	0
90	47	0
95	97	0
88	89	0
45	85	1
86	9	1
80	77	0
74	17	0
95	52	0
90	96	0
88	17	1
86	97	0
90	20	0
82	68	0
9	94	0
84	96	0
72	78	0
9	20	0
20	94	0
88	24	0
19	95	0
49	81	1
80	40	0
75	53	0
21	94	1
80	50	0
95	55	0
84	35	0
85	27	0
0	87	0
17	10	0
54	80	0
24	64	0
35	9	0
1	85	0
93	45	0
89	84	0
86	47	0
89	80	0
72	52	0
89	14	1
99	38	0
