93	61	0
40	7	0
30	33	0
65	99	0
16	9	0
98	40	0
94	88	0
40	8	0
60	81	0
52	21	0
84	44	0
0	77	0
17	0	0
22	71	0
98	24	0
79	74	0
55	32	0
18	56	0
88	59	0
98	11	0
50	91	0
59	69	0
80	88	0
57	5	0
34	80	0
53	11	0
82	73	0
65	86	0
91	84	0
1	26	0
49	18	0
39	21	0
90	26	0
28	53	0
85	64	0
4	92	0
39	99	0
87	30	0
73	87	0
44	2	0
23	72	0
94	59	0
92	68	0
55	67	0
96	47	0
5	81	0
61	4	0
98	68	0
12	69	0
64	8	0
13	79	0
58	96	0
35	75	0
97	73	0
51	31	0
27	23	0
95	78	0
97	99	0
93	4	0
14	96	0
98	18	0
36	9	0
74	76	0
40	6	0
16	96	0
87	9	0
41	86	0
69	92	0
46	65	0
0	34	0
68	90	0
8	58	0
94	30	0
33	41	1
32	85	0
54	93	0
62	29	0
33	94	0
59	95	0
2	20	0
99	3	0
95	16	0
43	60	0
80	42	0
84	56	0
47	11	0
37	3	0
71	45	0
11	95	0
57	5	0
54	87	0
39	0	0
47	35	0
82	41	0
35	65	0
73	50	0
11	60	0
76	82	0
3	80	0
29	99	0
94	60	0
63	13	0
40	65	0
38	68	0
64	3	0
74	52	0
0	59	0
29	3	0
12	37	0
41	36	0
67	86	0
49	46	0
13	98	0
83	6	0
50	78	0
78	81	0
95	2	0
67	80	0
51	69	0
36	8	0
53	96	0
98	68	0
68	62	0
26	98	0
62	38	0
33	14	0
20	43	0
78	5	0
6	58	0
94	58	0
97	21	0
78	39	0
40	53	0
50	14	0
81	69	0
20	12	0
32	15	0
90	58	0
42	34	0
64	71	0
67	91	0
48	31	0
42	39	0
55	39	0
13	46	0
30	51	0
23	53	0
82	89	0
46	60	0
29	97	0
73	43	0
75	62	0
54	77	0
92	72	0
19	26	0
55	52	0
13	16	0
25	81	0
32	66	0
88	29	0
44	41	0
76	11	0
42	82	0
49	28	0
48	45	0
75	75	0
25	64	0
51	77	0
37	82	0
33	49	0
39	12	0
55	12	0
38	77	0
19	75	0
78	75	0
92	65	0
29	93	0
92	73	0
26	50	0
19	84	0
56	66	0
37	53	0
20	13	0
8	29	1
77	92	0
85	80	0
55	63	0
66	38	0
3	50	0
58	3	0
80	41	0
61	25	0
77	30	0
19	62	0
10	46	0
45	49	0
77	20	0
41	64	0
89	30	0
32	93	0
28	65	0
36	24	0
84	81	0
38	58	0
34	7	0
21	84	0
58	15	0
99	84	0
60	91	0
93	0	0
4	72	0
23	58	0
96	29	0
47	81	0
42	33	0
53	70	0
51	67	0
48	63	0
18	80	0
27	54	0
66	2	0
3	64	0
62	78	0
93	40	0
42	88	0
80	61	0
63	28	0
52	66	0
27	87	0
35	96	0
51	32	0
75	37	0
83	62	0
67	43	0
69	67	0
5	42	0
48	16	0
8	91	0
61	54	0
68	36	0
68	28	0
55	6	0
9	54	0
86	20	0
40	8	0
67	66	0
57	77	0
70	32	0
99	37	0
98	7	0
2	53	0
95	78	0
20	97	0
91	77	0
31	97	0
61	30	0
64	22	0
19	84	0
76	35	0
37	70	0
39	74	0
44	5	0
34	94	0
82	93	0
69	89	0
81	46	0
93	68	0
16	91	0
43	63	0
66	3	0
67	39	0
33	22	0
39	4	0
50	11	0
50	59	0
79	40	0
33	47	0
37	49	0
35	73	0
75	87	0
83	68	0
58	77	0
83	0	0
85	44	0
68	0	0
18	47	0
26	34	1
70	41	0
71	53	0
69	70	0
17	35	0
37	68	0
59	18	0
18	86	0
29	88	0
27	69	0
86	68	0
46	17	0
37	0	0
32	53	0
76	70	0
62	9	0
74	88	0
13	0	0
50	98	0
6	71	0
37	97	0
44	41	0
2	54	0
80	25	0
77	6	0
56	14	0
88	15	0
38	58	0
8	56	0
71	21	0
89	63	0
13	12	0
0	64	0
28	96	0
1	93	0
47	99	0
54	72	0
53	40	0
62	11	0
44	86	0
44	62	0
80	99	0
31	32	0
11	52	0
26	45	0
63	56	0
70	81	0
26	25	0
77	28	0
36	3	0
53	1	0
61	17	0
35	42	0
74	67	0
79	9	0
14	42	0
47	16	0
53	53	0
41	38	0
34	48	0
88	78	0
76	58	0
12	47	0
54	35	0
99	8	0
58	8	0
54	28	0
48	40	0
41	32	0
7	78	0
57	81	0
22	76	0
17	96	0
27	98	0
57	12	0
40	36	0
97	45	0
84	53	0
1	69	0
80	72	0
67	70	0
79	28	0
84	87	0
85	8	0
75	56	0
81	63	0
36	20	0
62	48	0
28	51	0
89	77	0
72	14	0
95	20	0
29	50	0
40	93	0
69	63	0
86	14	0
17	74	0
91	24	0
51	99	0
82	23	0
74	39	0
43	50	0
55	40	0
29	39	1
35	51	0
61	83	0
82	25	0
38	21	0
74	80	0
33	66	0
12	97	0
88	99	0
39	38	0
1	88	0
57	34	0
94	18	0
82	40	0
15	62	0
64	46	0
44	30	0
49	42	0
11	95	0
84	20	0
53	3	0
86	40	0
50	44	0
26	84	0
22	4	0
58	58	0
56	92	0
12	51	0
42	73	0
36	79	0
51	35	0
19	84	0
7	47	0
23	42	1
62	10	0
84	32	0
94	4	0
84	87	0
21	70	0
26	30	1
46	24	0
85	1	0
77	60	0
77	91	0
8	46	0
62	92	0
94	60	0
33	86	0
71	5	0
56	52	0
61	25	0
74	13	0
47	29	0
40	13	0
95	1	0
86	30	0
9	83	0
85	15	0
94	98	0
21	90	0
95	62	0
49	52	0
8	26	0
79	95	0
64	48	0
0	99	0
68	42	0
73	35	0
78	50	0
87	68	0
23	74	0
87	64	0
35	84	0
96	82	0
31	88	0
93	82	0
37	29	0
57	67	0
63	96	0
46	64	0
73	94	0
68	47	0
32	65	0
35	65	0
86	5	0
8	89	0
94	50	0
18	82	0
50	72	0
46	80	0
90	43	0
38	51	0
50	27	0
80	58	0
65	7	0
87	88	0
66	93	0
46	46	0
47	8	0
38	40	0
56	83	0
36	23	0
46	63	0
81	71	0
38	18	0
99	95	0
56	11	0
9	11	0
49	25	0
19	79	0
40	0	0
12	64	0
91	90	0
60	85	0
60	51	0
59	5	0
43	69	0
45	51	0
95	55	0
87	4	0
8	70	0
76	1	0
55	75	0
64	30	0
36	15	0
36	65	0
86	83	0
26	78	0
41	84	0
78	29	0
17	49	0
63	33	0
39	69	0
62	86	0
32	98	0
88	8	0
97	32	0
72	17	0
25	79	0
27	98	0
28	82	0
75	45	0
81	80	0
80	90	0
10	41	0
74	42	0
73	74	0
76	67	0
63	81	0
17	83	0
14	67	0
40	26	0
39	16	0
1	40	0
47	54	0
26	45	0
80	32	0
84	40	0
76	4	0
73	49	0
50	64	0
20	60	0
53	28	0
88	78	0
51	92	0
77	64	0
34	60	0
35	88	0
78	52	0
29	50	0
79	30	0
21	49	0
30	15	0
87	54	0
74	94	0
56	57	0
7	59	0
50	5	0
63	57	0
34	86	0
37	29	0
78	92	0
94	62	0
15	85	0
65	45	0
8	66	0
78	57	0
35	61	0
49	59	0
37	80	0
61	66	0
6	55	0
73	60	0
67	50	0
76	46	0
24	75	0
66	84	0
55	7	0
95	21	0
54	34	0
97	11	0
9	77	0
35	42	0
35	69	0
84	68	0
27	57	0
76	73	0
19	94	0
15	87	0
91	86	0
46	28	0
1	68	0
73	99	0
49	65	0
87	58	0
23	96	0
93	33	0
19	9	0
34	80	0
22	83	0
27	10	0
13	45	0
12	26	0
79	69	0
96	18	0
53	15	0
73	32	0
91	28	0
31	8	0
30	63	0
96	33	0
3	60	0
48	93	0
1	55	0
25	81	0
68	48	0
53	95	0
77	48	0
65	84	0
31	40	1
70	59	0
42	54	0
72	61	0
1	76	0
58	34	0
27	85	0
85	43	0
73	26	0
90	76	0
90	93	0
86	83	0
51	73	0
69	40	0
52	65	0
40	21	0
30	10	0
35	74	0
3	41	0
66	9	0
60	82	0
83	82	0
85	5	0
11	45	0
57	83	0
22	93	0
62	3	0
56	42	0
60	24	0
45	23	0
47	19	0
83	8	0
40	98	0
65	22	0
28	97	0
95	16	0
23	48	0
46	62	0
73	26	0
78	93	0
69	70	0
43	64	0
57	95	0
71	68	0
87	50	0
9	60	0
85	85	0
81	98	0
15	66	0
96	47	0
28	69	0
99	82	0
50	96	0
39	14	0
70	67	0
90	58	0
57	81	0
71	66	0
91	67	0
68	35	0
20	55	0
6	60	0
62	73	0
68	36	0
53	47	0
48	1	0
30	23	0
97	74	0
17	59	0
30	46	0
61	24	0
47	6	0
55	26	0
20	98	0
16	59	0
13	81	0
70	50	0
84	26	0
90	34	0
93	1	0
62	91	0
9	51	0
58	28	0
54	50	0
48	81	0
95	14	0
62	57	0
42	92	0
17	89	0
40	65	0
25	90	0
35	17	0
72	77	0
51	27	0
36	80	0
54	39	0
8	46	0
70	59	0
66	13	0
25	84	0
97	48	0
19	38	1
23	57	0
20	19	0
5	67	0
78	62	0
71	60	0
40	52	0
81	60	0
91	69	0
64	38	0
61	21	0
80	66	0
77	22	0
7	50	0
74	87	0
29	34	1
58	34	0
14	62	0
1	83	0
35	95	0
37	52	0
90	26	0
2	45	0
60	90	0
4	90	0
85	56	0
47	35	0
85	30	0
11	15	0
46	35	0
72	4	0
24	85	0
50	47	0
99	63	0
87	36	0
6	1	0
4	42	0
51	18	0
8	56	0
83	8	0
52	71	0
35	26	0
90	94	0
8	18	0
31	95	0
94	52	0
35	10	0
87	99	0
49	58	0
59	61	0
36	36	0
92	32	0
94	85	0
7	61	0
4	74	0
17	47	0
24	78	0
18	94	0
62	26	0
35	59	0
11	89	0
40	22	0
69	19	0
36	66	0
59	47	0
50	13	0
34	73	0
32	34	0
91	19	0
5	35	0
79	52	0
94	20	0
51	46	0
37	21	0
50	6	0
20	91	0
46	66	0
47	61	0
32	13	0
24	88	0
9	86	0
67	46	0
96	36	0
30	27	0
28	68	0
86	93	0
48	25	0
66	75	0
57	83	0
6	82	0
75	36	0
51	60	0
18	39	0
92	77	0
52	59	0
93	17	0
77	13	0
85	22	0
69	97	0
54	60	0
38	53	0
62	25	0
45	7	0
55	89	0
56	72	0
17	58	0
78	39	0
47	94	0
89	32	0
87	56	0
30	80	0
40	56	0
80	33	0
43	52	0
86	5	0
98	99	0
75	74	0
47	82	0
75	39	0
69	89	0
13	78	0
44	7	0
10	94	0
12	63	0
46	68	0
73	78	0
62	14	0
96	92	0
92	9	0
94	92	0
62	8	0
84	27	0
72	59	0
54	35	0
12	87	0
57	94	0
67	83	0
28	47	0
8	32	0
24	88	0
11	65	0
41	12	0
40	45	0
20	60	0
34	39	0
1	46	0
92	56	0
42	24	0
13	62	0
30	81	0
62	87	0
90	51	0
0	77	0
65	40	0
30	61	0
77	52	0
63	30	0
9	56	0
20	48	0
83	49	0
63	48	0
83	54	0
0	66	0
63	53	0
7	78	0
5	6	0
87	69	0
11	59	0
33	2	0
34	21	0
10	99	0
21	79	0
91	43	0
70	71	0
82	62	0
75	83	0
49	64	0
61	44	0
8	72	0
42	70	0
32	54	0
69	53	0
85	10	0
