92	67	0
25	17	0
61	97	0
5	1	0
96	46	0
97	94	0
41	72	0
65	45	0
1	90	0
7	8	0
11	93	0
93	41	0
60	83	0
29	32	0
94	84	0
92	32	0
45	98	0
38	76	0
73	73	0
50	15	0
32	78	1
84	69	0
93	78	0
81	93	0
4	27	0
38	34	1
85	19	0
77	65	0
7	71	0
34	91	0
85	17	0
69	90	0
51	72	0
81	78	0
98	54	0
57	57	1
99	37	0
12	76	0
87	70	0
18	68	0
49	3	0
11	78	0
37	88	0
86	48	0
47	37	1
39	17	0
99	88	0
89	91	0
93	20	0
26	80	0
95	7	0
24	19	0
70	85	0
2	88	0
90	1	0
27	70	1
62	89	0
10	29	0
69	79	0
84	29	0
26	87	0
50	92	0
77	30	0
33	91	0
40	88	0
19	10	0
95	12	0
80	28	0
53	81	0
87	30	0
65	49	0
70	33	0
5	99	0
78	0	1
51	85	0
80	1	0
91	63	0
7	64	1
63	89	0
0	75	0
41	90	0
97	57	0
79	26	0
49	68	1
65	13	0
64	44	0
6	65	1
36	7	0
71	68	0
61	29	1
0	93	0
97	32	0
44	71	0
81	63	0
81	1	0
66	86	0
67	85	0
5	32	0
64	71	0
93	77	0
66	44	0
13	94	0
67	38	0
69	3	1
90	60	0
91	31	0
98	43	0
19	51	0
52	65	1
8	26	0
47	32	1
85	66	0
57	76	0
58	62	0
45	44	1
56	64	0
51	56	1
42	95	0
77	35	0
58	74	0
61	77	0
95	55	0
27	13	0
47	41	1
21	14	0
26	74	0
76	47	0
99	6	0
27	97	0
24	42	0
63	69	0
60	73	0
50	73	0
47	8	0
45	94	0
78	86	0
90	55	0
21	96	0
87	76	0
24	53	1
8	76	0
55	63	0
10	42	0
71	76	0
97	72	0
46	69	0
73	45	0
53	67	1
62	7	1
98	33	0
30	91	0
60	80	0
24	33	0
46	80	0
40	24	0
89	95	0
30	84	0
96	9	0
29	77	1
91	38	0
55	96	0
74	77	0
67	65	0
27	40	0
8	64	0
70	8	0
68	95	0
92	60	0
47	91	0
63	83	0
78	17	0
55	71	0
32	82	0
51	86	0
23	15	0
60	22	1
82	55	0
64	42	0
69	59	0
77	30	0
20	96	0
60	59	0
87	42	0
72	35	0
54	19	0
95	28	0
75	80	0
77	97	0
73	64	0
99	23	0
99	18	0
85	81	0
32	90	0
63	85	0
50	96	0
85	38	0
19	99	0
90	22	0
25	50	0
20	89	0
31	99	0
81	81	0
78	67	0
99	59	0
92	60	0
22	85	0
50	81	0
72	11	0
80	51	0
49	5	0
46	34	0
78	38	0
25	66	0
41	52	1
25	74	0
76	86	0
85	57	0
55	72	0
97	0	0
91	39	0
95	43	0
68	59	0
71	87	0
46	61	0
66	18	0
7	92	0
28	66	1
0	91	0
84	64	0
84	72	0
85	13	0
93	86	0
17	4	0
32	99	0
54	98	0
40	26	0
86	14	0
94	1	0
95	28	0
73	31	0
70	53	0
10	4	0
28	98	0
16	77	0
47	88	0
43	75	0
87	45	0
55	86	0
54	56	1
99	83	0
63	38	0
82	89	0
86	19	0
15	7	0
42	1	0
33	23	0
95	43	0
79	10	0
17	48	0
18	23	0
55	37	1
89	82	0
96	61	0
74	33	0
95	9	0
64	6	0
78	13	0
36	15	0
10	68	0
88	90	0
40	87	0
5	97	0
30	43	0
50	44	1
74	48	0
67	59	0
78	76	0
79	74	0
79	24	0
73	83	0
72	4	1
98	48	0
79	57	0
60	53	0
98	66	0
72	16	0
93	20	0
21	46	0
70	98	0
54	67	0
93	23	0
16	85	0
94	43	0
71	91	0
90	28	0
64	16	0
28	57	1
50	44	0
59	85	0
66	29	1
74	79	0
23	93	0
92	87	0
3	85	0
90	3	0
87	20	0
52	70	0
36	62	1
65	49	0
14	99	0
75	34	0
98	60	0
46	41	1
34	85	0
33	9	0
49	86	0
38	85	0
47	76	0
8	63	0
6	23	0
67	1	1
85	38	0
98	10	0
79	99	0
25	30	0
66	12	0
63	38	0
68	86	0
2	19	0
44	86	0
78	40	0
27	87	0
78	5	0
56	16	1
88	13	0
88	51	0
12	87	0
73	15	0
90	97	0
34	98	0
78	66	0
8	35	0
60	97	0
60	41	0
17	71	0
60	27	0
95	48	0
74	47	0
71	58	0
20	43	0
96	56	0
22	96	0
90	53	0
20	92	0
81	79	0
37	22	0
71	71	0
61	89	0
57	96	0
76	54	0
86	8	0
6	77	0
80	46	0
22	95	0
49	63	1
87	32	0
33	62	1
88	51	0
74	21	0
73	73	0
47	94	0
57	93	0
32	99	0
95	77	0
82	78	0
73	7	1
20	4	0
48	44	1
42	60	1
3	80	0
81	86	0
65	80	0
73	49	0
67	22	0
38	65	1
41	76	0
82	50	0
99	9	0
22	69	0
80	6	0
54	71	0
31	38	1
85	87	0
32	78	1
54	91	0
69	25	0
85	10	0
68	87	0
27	98	0
88	13	0
84	8	0
74	26	0
15	57	0
13	88	0
12	87	0
74	89	0
87	97	0
61	55	0
77	96	0
80	60	0
73	62	0
13	93	0
7	73	0
37	25	0
6	16	0
32	38	0
29	47	1
95	32	0
87	43	0
73	54	0
57	54	1
45	21	0
89	76	0
60	74	0
85	51	0
35	87	0
81	57	0
24	12	0
95	44	0
55	94	0
33	43	0
30	97	0
71	98	0
86	68	0
26	84	0
56	24	1
10	68	0
38	74	0
65	60	0
56	75	0
56	89	0
12	50	0
72	61	0
81	45	0
88	65	0
40	73	0
68	94	0
48	28	1
94	18	0
63	48	0
86	13	0
9	84	0
48	97	0
81	77	0
73	69	0
7	90	0
9	72	0
79	89	0
34	28	0
6	87	0
65	95	0
66	68	0
86	73	0
12	93	0
79	46	0
16	11	0
48	96	0
9	95	0
0	17	0
86	55	0
87	20	0
79	31	0
71	17	0
8	17	0
18	54	0
80	29	0
4	69	0
65	73	0
27	84	0
67	55	0
82	94	0
72	40	0
71	82	0
70	53	0
65	83	0
9	70	0
43	53	1
27	82	0
65	61	0
59	42	0
96	38	0
97	98	0
79	88	0
44	59	1
71	48	0
63	55	0
70	1	1
64	86	0
95	79	0
95	1	0
61	79	0
4	92	0
62	31	0
63	21	0
76	16	0
23	73	0
73	21	0
87	19	0
32	53	1
33	31	0
50	99	0
68	68	0
49	83	0
73	94	0
84	54	0
82	37	0
89	70	0
79	99	0
98	40	0
26	66	1
95	89	0
44	84	0
69	82	0
88	46	0
45	89	0
80	83	0
85	50	0
82	28	0
1	68	0
52	72	0
71	17	0
66	34	0
86	83	0
64	51	0
11	87	0
23	94	0
75	39	0
80	30	0
96	57	0
95	2	0
76	94	0
55	34	1
34	72	1
92	18	0
71	43	0
13	74	0
19	99	0
20	78	0
8	92	0
64	47	0
40	30	0
35	69	0
63	84	0
67	13	0
21	84	0
86	51	0
23	21	0
16	72	0
74	62	0
59	57	0
90	54	0
82	60	0
74	64	0
59	55	1
76	55	0
1	29	0
90	87	0
59	54	0
44	87	0
5	73	0
27	84	0
31	51	1
93	18	0
53	96	0
13	96	0
98	50	0
76	18	0
17	13	0
31	21	0
70	4	0
16	68	0
79	59	0
87	38	0
15	0	0
68	12	0
42	87	0
96	80	0
16	13	0
51	82	0
82	36	0
97	79	0
57	69	0
66	83	0
14	41	0
93	38	0
94	74	0
15	81	0
21	76	0
18	87	0
71	3	0
7	95	0
29	46	1
60	40	0
93	16	0
5	22	0
86	33	0
88	14	0
42	24	0
18	90	0
47	83	0
14	72	0
27	31	0
14	71	0
20	93	0
65	65	0
92	49	0
74	94	0
48	41	1
60	70	0
51	69	1
21	96	0
83	43	0
3	2	0
82	61	0
53	45	0
98	28	0
79	31	0
72	31	0
56	99	0
43	37	1
57	43	0
55	8	0
34	96	0
44	56	1
94	36	0
63	99	0
72	51	0
83	47	0
49	89	0
32	84	0
95	26	0
70	9	1
96	99	0
77	83	0
56	82	0
88	13	0
81	70	0
25	80	0
71	26	0
22	96	0
95	58	0
87	86	0
85	9	0
96	95	0
80	19	0
85	59	0
60	20	1
10	87	0
69	93	0
63	79	0
4	24	0
9	95	0
11	71	0
45	43	1
79	27	0
18	99	0
58	94	0
91	46	0
15	74	0
76	43	0
30	90	0
77	47	0
77	54	0
81	44	0
79	35	0
51	66	1
0	85	0
2	2	0
72	73	0
11	58	0
26	7	0
5	92	0
30	73	0
93	46	0
79	89	0
92	59	0
98	82	0
78	42	0
4	82	0
50	60	1
84	37	0
84	27	0
