92	62	0
30	4	0
31	36	0
62	99	0
21	4	0
96	41	0
98	92	0
55	15	0
57	71	0
63	23	0
82	50	0
2	87	0
12	2	0
25	88	0
98	24	0
74	77	0
57	38	0
16	58	0
90	51	0
93	12	0
46	96	0
59	65	0
73	81	0
54	6	0
30	76	0
49	15	0
88	70	0
63	88	0
91	83	0
2	37	0
52	11	0
43	22	0
96	28	0
19	53	0
82	63	0
13	88	0
38	95	0
90	22	0
81	84	0
43	10	0
37	66	0
88	67	0
99	75	0
51	61	0
99	49	0
10	82	0
69	4	0
98	65	0
11	70	0
71	10	0
11	77	0
61	90	0
30	76	0
98	71	0
45	38	0
40	28	0
95	87	0
98	92	0
99	6	0
18	93	0
97	10	0
34	4	0
69	80	0
34	1	0
2	94	0
87	12	0
32	80	0
64	94	0
44	58	0
5	27	0
68	87	0
15	56	0
95	29	0
35	86	0
58	98	0
62	33	0
30	98	0
58	95	0
2	16	0
99	13	0
87	19	0
51	73	0
86	38	0
91	61	0
49	15	0
27	10	0
68	49	0
5	96	0
47	0	0
46	70	0
44	5	0
57	30	0
81	37	0
31	62	0
75	47	0
3	63	0
81	93	0
0	86	0
37	98	0
95	56	0
68	15	0
33	69	0
33	63	0
64	1	0
70	51	0
3	66	0
34	1	0
11	43	0
38	47	0
61	79	0
47	37	0
9	94	0
80	23	0
47	82	0
72	68	0
92	10	0
73	91	0
56	76	0
33	21	0
60	97	0
99	74	0
78	61	0
25	96	0
64	30	0
31	17	0
21	47	1
73	13	0
12	58	0
94	71	0
99	23	0
82	43	0
38	51	0
59	1	0
78	65	0
23	20	0
43	28	0
97	59	0
45	38	0
58	81	0
60	81	0
53	25	0
41	42	0
60	41	0
15	48	0
21	45	1
24	56	0
76	86	0
49	58	0
40	99	0
73	41	0
71	64	0
52	70	0
89	65	0
19	19	0
53	55	0
22	12	0
15	70	0
32	64	0
88	36	0
37	44	0
89	3	0
42	90	0
56	24	0
43	47	0
80	78	0
28	71	0
50	64	0
41	86	0
36	54	0
42	10	0
53	18	0
43	87	0
24	66	0
76	81	0
96	66	0
30	99	0
99	75	0
30	51	0
23	71	0
48	76	0
55	54	0
23	21	0
72	87	0
99	73	0
53	67	0
62	29	0
5	42	0
55	5	0
72	50	0
59	20	0
80	20	0
21	49	0
5	47	0
49	52	0
70	28	0
37	68	0
81	24	0
41	96	0
25	64	0
37	24	0
81	83	0
38	51	0
27	10	0
25	82	0
61	3	0
91	85	0
48	91	0
92	4	0
8	72	0
18	65	0
98	33	0
55	85	0
27	48	1
56	70	0
61	65	0
45	57	0
20	73	0
24	59	0
68	3	0
8	60	0
62	80	0
97	46	0
41	90	0
82	62	0
74	22	0
52	69	0
17	83	0
34	97	0
45	28	0
76	34	0
81	51	0
59	41	0
73	68	0
5	40	0
58	27	0
18	94	0
60	62	0
77	43	0
71	26	0
50	6	0
10	48	0
94	24	0
33	20	0
68	70	0
61	85	0
70	42	0
93	36	0
99	11	0
3	38	0
95	75	0
29	96	0
96	79	0
34	96	0
62	32	0
76	31	0
22	87	0
81	21	0
33	58	0
28	75	0
48	8	0
31	96	0
76	90	0
78	85	0
96	47	0
98	67	0
13	90	0
35	74	0
74	7	0
77	53	0
34	17	0
38	1	0
51	25	0
54	50	0
81	47	0
34	51	0
38	48	0
34	72	0
72	88	0
88	58	0
58	82	0
82	11	0
94	36	0
64	13	0
24	40	0
77	45	0
80	49	0
74	70	0
7	39	0
30	64	0
60	21	0
15	89	0
32	84	0
18	79	0
85	73	0
51	17	0
35	1	0
33	54	0
79	74	0
64	5	0
80	93	0
20	0	0
50	94	0
8	66	0
51	91	0
43	36	0
6	52	0
73	34	0
72	13	0
50	17	0
76	12	0
39	62	0
7	55	0
70	19	0
84	64	0
5	7	0
6	64	0
33	95	0
8	86	0
48	94	0
51	66	0
63	43	0
68	3	0
47	81	0
46	69	0
89	89	0
37	26	1
2	55	0
28	44	1
59	52	0
74	76	0
31	30	1
83	27	0
35	4	0
52	6	0
51	18	0
38	39	0
73	64	0
70	11	0
7	46	0
31	10	0
46	62	0
43	33	0
28	44	1
90	76	0
79	54	0
10	48	0
63	35	0
96	8	0
63	10	0
66	25	0
45	39	0
35	34	0
3	75	0
62	82	0
37	74	0
22	96	0
25	78	0
53	12	0
42	41	0
99	42	0
81	50	0
4	61	0
80	69	0
79	79	0
85	26	0
79	86	0
79	6	0
75	64	0
75	62	0
27	31	1
58	48	0
31	44	1
90	73	0
68	4	0
97	22	0
32	47	0
46	95	0
61	78	0
81	15	0
19	68	0
96	29	0
66	97	0
86	19	0
65	26	0
37	59	0
60	37	0
34	50	0
55	85	0
79	33	0
36	20	0
74	83	0
34	56	0
20	99	0
99	97	0
50	37	0
3	92	0
52	51	0
95	11	0
83	38	0
21	69	0
67	50	0
38	20	1
54	48	0
7	97	0
85	24	0
45	9	0
93	45	0
53	47	0
29	91	0
11	3	0
62	59	0
57	97	0
3	47	0
38	80	0
37	81	0
46	25	0
17	82	0
17	29	0
69	5	0
76	18	0
85	2	0
95	88	0
24	67	0
49	21	0
84	3	0
76	57	0
72	93	0
2	23	0
62	95	0
98	64	0
31	80	0
78	0	0
44	59	0
68	19	0
67	12	0
41	20	0
41	14	0
97	11	0
84	35	0
9	92	0
81	14	0
94	97	0
25	97	0
94	69	0
39	51	0
15	26	0
78	98	0
64	44	0
2	90	0
67	36	0
81	36	0
73	42	0
82	66	0
27	66	0
89	64	0
39	94	0
92	74	0
29	94	0
89	85	0
45	34	0
62	64	0
63	98	0
44	65	0
60	98	0
70	52	0
40	48	0
39	62	0
86	4	0
1	87	0
99	56	0
24	85	0
45	68	0
44	81	0
89	45	0
31	54	0
39	18	0
83	56	0
62	16	0
82	99	0
43	91	0
43	54	0
49	16	0
33	43	0
56	97	0
44	19	0
35	70	0
84	75	0
38	10	0
97	89	0
65	5	0
3	11	0
43	37	0
22	70	0
41	0	0
14	73	0
91	80	0
61	81	0
66	40	0
64	2	0
45	62	0
44	60	0
96	55	0
94	7	0
6	68	0
82	4	0
51	72	0
57	28	0
36	9	0
31	63	0
84	87	0
33	72	0
45	83	0
69	31	0
23	46	1
69	35	0
41	58	0
63	95	0
28	99	0
97	12	0
97	15	0
74	11	0
23	74	0
28	96	0
26	87	0
63	40	0
75	81	0
75	89	0
4	36	0
68	37	0
73	78	0
73	61	0
66	76	0
13	87	0
15	74	0
39	18	0
50	18	0
10	37	0
44	47	0
38	48	0
89	30	0
87	40	0
80	12	0
71	48	0
56	53	0
27	47	1
45	27	0
93	80	0
45	97	0
84	55	0
38	66	0
37	94	0
77	57	0
27	51	0
75	24	0
24	37	1
31	10	0
90	53	0
77	93	0
49	45	0
12	48	0
47	11	0
50	57	0
41	85	0
29	25	1
73	88	0
96	58	0
10	81	0
72	47	0
12	60	0
64	48	0
42	72	0
53	51	0
43	77	0
64	68	0
4	63	0
65	61	0
74	45	0
83	55	0
37	63	0
66	81	0
43	9	0
95	22	0
55	45	0
93	5	0
11	85	0
36	81	0
85	62	0
19	49	0
73	76	0
13	91	0
18	82	0
87	86	0
45	26	0
1	67	0
66	99	0
49	63	0
89	65	0
24	95	0
88	33	0
17	0	0
38	70	0
25	83	0
36	13	0
16	53	1
15	19	0
85	67	0
97	14	0
53	8	0
68	41	0
92	16	0
22	9	0
30	63	0
85	32	0
5	62	0
57	81	0
0	51	0
28	78	0
75	60	0
54	95	0
71	49	0
68	84	0
69	55	0
49	52	0
77	75	0
7	78	0
45	38	0
23	77	0
85	50	0
72	30	0
92	57	0
96	97	0
89	90	0
40	71	0
78	43	0
58	60	0
34	26	0
35	13	0
35	66	0
8	41	0
70	8	0
74	77	0
84	86	0
87	0	0
15	46	1
57	81	0
10	94	0
49	9	0
57	30	0
63	22	0
55	20	0
39	19	0
76	11	0
35	97	0
71	19	0
30	94	0
97	22	0
40	63	0
68	39	0
72	99	0
74	68	0
38	74	0
66	95	0
83	62	0
91	46	0
12	65	0
87	79	0
77	93	0
12	60	0
98	43	0
29	69	0
98	87	0
47	89	0
29	12	0
76	69	0
95	53	0
52	80	0
74	76	0
98	62	0
75	38	0
28	57	0
1	64	0
62	80	0
67	31	0
51	42	0
53	9	0
32	26	1
88	79	0
16	55	0
64	25	0
42	5	0
53	21	0
10	86	0
13	57	0
9	78	0
73	48	0
93	21	0
93	30	0
94	4	0
65	96	0
6	59	0
63	26	0
59	49	0
38	83	0
92	26	0
62	57	0
32	82	0
21	87	0
38	69	0
24	97	0
33	5	0
68	73	0
45	17	0
39	74	0
52	44	0
2	43	0
69	63	0
64	16	0
30	85	0
94	56	0
28	49	0
21	34	0
14	69	0
81	56	0
66	59	0
45	49	0
93	68	0
99	67	0
65	46	0
64	16	0
79	64	0
82	34	0
10	47	0
86	83	0
52	34	0
15	69	0
2	84	0
30	96	0
24	58	0
93	22	0
0	52	0
59	90	0
2	86	0
84	63	0
49	35	0
85	26	0
16	19	0
32	34	0
72	15	0
30	74	0
47	47	0
99	63	0
86	34	0
4	0	0
3	43	0
54	15	0
5	46	0
76	9	0
48	73	0
29	33	0
94	92	0
1	11	0
42	94	0
95	44	0
39	5	0
89	89	0
52	61	0
66	64	0
38	40	0
89	37	0
88	82	0
10	62	0
7	76	0
7	43	0
23	70	0
13	85	0
66	19	0
30	59	0
17	90	0
33	13	0
56	16	0
38	64	0
62	45	0
44	10	0
35	72	0
26	24	1
97	19	0
4	29	0
79	40	0
94	23	0
48	49	0
27	21	0
46	0	0
15	91	0
45	66	0
37	57	0
29	14	0
18	96	0
22	81	0
62	44	0
94	38	0
31	72	0
89	99	0
52	25	0
63	69	0
60	89	0
3	90	0
85	40	0
54	59	0
14	22	0
95	68	0
53	50	0
98	18	0
70	11	0
86	29	0
61	95	0
51	43	0
46	39	0
66	26	0
46	5	0
45	85	0
52	75	0
23	53	0
82	31	0
52	91	0
93	39	0
92	55	0
35	77	0
36	65	0
82	28	0
47	46	0
70	9	0
96	95	0
77	76	0
45	73	0
73	43	0
74	92	0
13	79	0
51	17	0
13	99	0
12	59	0
49	61	0
74	78	0
61	16	0
99	91	0
91	12	0
97	97	0
63	7	0
76	25	0
68	65	0
60	33	0
20	84	0
46	87	0
72	79	0
30	38	1
9	34	0
19	82	0
8	78	0
37	14	0
40	49	0
19	57	0
0	47	0
88	46	0
48	21	0
13	63	0
30	82	0
65	94	0
95	40	0
1	68	0
68	41	0
34	73	0
80	49	0
73	35	0
3	49	0
26	54	0
82	40	0
70	59	0
84	49	0
8	65	0
63	52	0
2	83	0
1	1	0
91	62	0
15	64	0
24	5	0
38	23	1
4	94	0
18	78	0
90	41	0
76	82	0
83	60	0
88	83	0
50	67	0
64	40	0
3	71	0
45	67	0
30	63	0
64	43	0
95	17	0
