95	63	0
54	14	0
36	20	0
51	97	0
5	28	0
98	32	0
94	82	0
7	10	1
47	14	0
74	87	0
42	43	0
82	38	0
2	81	0
23	12	0
16	63	0
98	13	0
96	79	0
64	27	0
28	53	0
95	68	0
91	2	0
45	79	0
69	84	0
75	98	0
69	0	0
42	96	0
50	1	0
78	79	0
69	88	0
91	56	0
3	38	0
33	36	0
42	28	0
84	25	0
38	46	0
91	69	0
12	90	0
60	82	0
96	26	0
79	90	0
49	4	0
21	47	0
78	50	0
99	54	0
60	72	0
97	45	0
9	87	0
38	43	0
54	14	0
90	48	0
23	68	0
59	13	0
29	88	0
52	87	0
31	64	0
98	71	0
39	33	0
34	45	0
80	77	0
96	89	0
85	13	0
12	93	0
96	12	0
47	3	0
85	72	0
40	27	0
23	82	0
73	12	0
36	74	0
88	79	0
59	58	0
17	29	0
77	87	0
27	42	0
14	45	0
88	41	0
14	41	0
35	78	0
56	84	0
77	23	0
45	98	0
65	99	0
0	8	0
12	15	0
95	18	0
98	18	0
36	55	0
78	47	0
23	32	0
78	54	0
35	49	0
33	8	0
36	1	0
69	43	0
16	91	0
62	7	0
50	77	0
44	9	0
38	24	0
87	39	0
38	66	0
68	48	0
13	69	0
70	89	0
6	81	0
46	76	0
83	50	0
62	5	0
48	66	0
8	62	0
57	6	0
56	59	0
11	66	0
43	4	0
39	60	0
24	33	0
87	79	0
52	43	0
0	4	0
25	97	0
79	0	0
67	68	0
13	33	0
83	77	0
92	10	0
66	66	0
54	81	0
31	18	0
61	95	0
23	23	1
80	83	0
72	55	0
36	95	0
71	33	0
34	22	0
22	35	0
81	3	0
0	69	0
97	72	0
98	17	0
91	28	0
41	58	0
63	14	0
87	88	0
4	12	0
37	13	0
86	81	0
38	40	0
91	70	0
80	80	0
57	21	0
47	30	0
56	60	0
6	47	0
29	78	0
19	57	0
81	71	0
48	62	0
45	95	0
80	58	0
73	78	0
55	77	0
19	44	0
90	81	0
0	36	0
41	40	0
21	21	0
19	77	0
39	69	0
96	22	0
33	32	0
74	12	0
34	81	0
66	23	0
52	37	0
78	79	0
23	53	0
67	72	0
40	92	0
35	62	0
36	16	0
65	13	0
38	88	0
10	72	0
73	86	0
89	57	0
19	90	0
28	33	0
99	67	0
27	58	0
27	85	0
48	95	0
49	44	0
34	3	0
18	38	0
71	89	0
82	98	0
61	85	0
75	20	0
3	72	0
60	2	0
76	10	0
68	22	0
80	20	0
30	62	0
0	68	0
52	61	0
79	36	0
32	78	0
89	25	0
51	88	0
29	67	0
30	11	0
75	72	0
30	68	0
42	13	0
5	98	0
75	19	0
99	86	0
85	94	0
85	22	0
5	79	0
12	71	0
95	46	0
51	77	0
33	47	0
53	72	0
58	74	0
50	57	0
8	79	0
28	64	0
65	11	0
6	65	0
75	98	0
74	41	0
41	89	0
92	58	0
40	14	0
42	58	0
23	74	0
35	93	0
54	39	0
67	28	0
20	31	0
95	68	0
76	44	0
83	56	0
3	81	0
61	15	0
19	87	0
68	66	0
51	45	0
57	52	0
53	12	0
2	55	0
78	44	0
49	9	0
80	58	0
46	85	0
68	47	0
99	30	0
93	8	0
1	60	0
87	70	0
20	99	0
96	64	0
44	93	0
56	29	0
45	0	0
21	92	0
67	31	0
39	57	0
46	76	0
48	9	0
26	98	0
69	93	0
85	81	0
69	28	0
90	72	0
6	89	0
46	37	0
60	1	0
69	23	0
37	17	0
40	3	0
55	10	0
53	46	0
69	36	0
38	54	0
27	50	0
52	58	0
69	85	0
84	78	0
57	88	0
89	9	0
92	52	0
79	4	0
15	56	0
28	3	0
82	38	0
55	20	0
76	73	0
5	37	0
50	69	0
49	23	0
28	98	0
34	90	0
25	70	0
98	66	0
37	30	0
38	5	0
27	61	0
91	53	0
81	26	0
67	89	0
17	10	0
66	92	0
8	73	0
43	88	0
40	36	0
1	54	0
75	5	0
25	30	0
86	12	0
38	15	0
11	1	1
83	5	0
33	46	0
11	40	0
81	25	0
94	58	0
6	29	0
31	27	0
1	59	0
28	90	0
15	83	0
5	8	0
36	90	0
46	66	0
47	37	0
64	23	0
45	89	0
35	67	0
89	96	0
45	26	0
20	49	0
30	38	0
56	76	0
82	97	0
48	18	0
86	2	0
33	0	0
50	13	0
59	10	0
19	42	0
82	55	0
65	4	0
19	38	0
53	6	0
54	50	0
47	47	0
23	63	0
82	84	0
68	50	0
20	52	0
57	32	0
18	12	1
96	7	0
53	7	0
64	17	0
59	43	0
25	35	0
7	71	0
68	76	0
16	79	0
30	91	0
22	93	0
48	21	0
40	34	0
93	56	0
67	47	0
9	80	0
84	79	0
58	92	0
19	33	0
74	20	0
57	97	0
72	2	0
92	58	0
81	48	0
37	20	0
45	48	0
36	49	0
91	78	0
8	17	0
73	23	0
89	8	0
14	44	0
30	93	0
70	74	0
81	2	0
3	64	0
98	29	0
45	95	0
76	8	0
59	47	0
46	51	0
48	40	0
35	40	0
51	35	0
75	78	0
79	52	0
37	37	0
81	70	0
22	52	0
18	93	0
86	88	0
36	29	0
1	76	0
68	19	0
91	15	0
75	44	0
15	62	0
64	35	0
30	37	0
54	44	0
6	99	0
65	28	0
51	15	0
84	50	0
47	21	0
34	83	0
28	5	0
80	51	0
10	0	1
72	97	0
1	87	0
33	51	0
52	78	0
56	32	0
20	98	0
15	44	0
27	38	0
60	15	0
90	28	0
84	21	0
87	93	0
20	60	0
36	18	0
31	27	0
79	23	0
52	61	0
76	90	0
21	39	0
75	96	0
86	72	0
36	78	0
78	5	0
73	42	0
81	17	0
70	13	0
44	17	0
43	32	0
93	3	0
77	30	0
2	62	0
90	18	0
90	95	0
9	96	0
92	59	0
50	48	0
22	13	0
90	87	0
77	54	0
24	99	0
67	28	0
80	48	0
88	55	0
82	61	0
28	72	0
85	77	0
38	93	0
86	73	0
34	39	0
26	92	0
97	86	0
31	37	0
32	42	0
69	75	0
63	91	0
51	64	0
55	96	0
54	58	0
39	62	0
31	63	0
81	21	0
15	91	0
81	56	0
23	91	0
45	62	0
42	76	0
85	28	0
28	30	0
21	49	0
58	35	0
95	69	0
68	13	0
89	98	0
71	97	0
35	46	0
63	8	0
32	40	0
32	86	0
47	33	0
57	67	0
70	80	0
34	22	0
82	96	0
43	26	0
36	14	0
66	41	0
33	80	0
42	18	0
6	61	0
87	79	0
56	94	0
53	43	0
82	11	0
47	75	0
43	49	0
95	58	0
90	0	0
4	76	0
72	7	0
70	79	0
72	29	0
37	3	0
37	69	0
80	80	0
32	73	0
53	81	0
74	24	0
15	71	0
66	15	0
43	63	0
60	99	0
30	98	0
92	6	0
89	15	0
64	13	0
44	88	0
13	89	0
4	87	0
75	46	0
72	64	0
82	63	0
23	47	0
82	43	0
68	60	0
87	74	0
62	62	0
20	58	0
28	70	0
38	27	0
45	39	0
2	46	0
53	64	0
38	43	0
90	35	0
81	36	0
67	0	0
80	34	0
53	76	0
15	51	0
57	32	0
93	74	0
63	87	0
96	73	0
19	55	0
52	70	0
62	51	0
26	54	0
91	28	0
20	56	0
36	25	0
88	51	0
79	99	0
58	55	0
20	65	0
44	5	0
64	72	0
32	85	0
43	26	0
75	82	0
95	69	0
20	99	0
54	69	0
13	71	0
72	61	0
32	56	0
45	64	0
36	77	0
61	70	0
24	31	0
13	63	0
87	80	0
80	51	0
99	57	0
26	67	0
56	83	0
66	29	0
89	26	0
40	43	0
95	16	0
12	86	0
27	31	0
30	78	0
85	58	0
19	39	0
94	66	0
12	97	0
8	71	0
19	8	0
93	91	0
34	29	0
4	76	0
76	92	0
44	62	0
83	72	0
31	90	0
97	33	0
27	17	0
36	86	0
32	71	0
36	18	0
21	42	0
1	19	0
88	71	0
88	13	0
59	11	0
74	14	0
96	41	0
27	8	0
32	42	0
96	39	0
12	57	0
49	84	0
1	49	0
15	76	0
80	55	0
46	95	0
71	50	0
75	77	0
38	32	0
75	64	0
37	58	0
84	42	0
10	71	0
59	34	0
36	67	0
74	34	0
57	38	0
98	83	0
99	97	0
85	83	0
22	80	0
21	33	0
59	50	0
49	76	0
33	17	0
18	4	0
37	73	0
9	37	0
65	2	0
68	86	0
79	62	0
92	17	0
15	45	0
11	2	1
75	92	0
4	99	0
48	7	0
61	52	0
72	15	0
12	6	1
42	18	0
21	37	0
45	15	0
67	3	0
45	85	0
58	23	0
33	89	0
74	6	0
32	39	0
51	71	0
72	24	0
91	74	0
62	75	0
35	72	0
46	84	0
75	86	0
85	58	0
19	66	0
79	77	0
59	97	0
13	34	0
21	48	0
92	35	0
31	93	0
98	93	0
68	81	0
47	3	0
52	46	0
86	53	0
55	87	0
81	50	0
94	74	0
83	30	0
16	62	0
1	56	0
72	83	0
77	36	0
49	61	0
54	11	0
31	17	0
78	76	0
25	34	0
9	66	0
48	51	0
58	43	0
35	11	0
58	32	0
17	86	0
19	40	0
10	56	0
10	71	0
76	51	0
18	22	0
62	13	0
97	25	0
80	1	0
56	74	0
9	60	0
65	26	0
47	31	0
65	79	0
82	11	0
42	47	0
49	64	0
49	83	0
20	98	0
26	67	0
43	85	0
28	35	0
76	79	0
52	46	0
31	76	0
63	32	0
7	48	0
60	64	0
61	20	0
33	77	0
78	47	0
53	47	0
53	40	0
39	16	0
3	62	0
74	66	0
74	57	0
42	36	0
83	58	0
84	67	0
75	32	0
69	5	0
94	79	0
86	12	0
6	68	0
69	77	0
35	17	0
62	40	0
13	2	1
15	57	0
12	86	0
33	87	0
27	49	0
94	31	0
23	54	0
53	96	0
19	79	0
98	73	0
51	60	0
84	39	0
20	2	0
53	19	0
52	7	0
6	9	1
11	79	0
63	60	0
84	64	0
71	49	0
16	1	0
26	38	0
69	7	0
0	81	0
71	3	0
42	74	0
50	20	0
76	98	0
9	33	0
8	95	0
98	54	0
31	14	0
93	74	0
62	65	0
75	41	0
50	28	0
93	26	0
88	73	0
15	65	0
2	80	0
24	62	0
6	87	0
5	81	0
83	26	0
32	48	0
1	98	0
51	10	0
58	0	0
39	47	0
22	27	1
67	37	0
40	22	0
24	74	0
31	32	0
79	13	0
10	39	0
81	52	0
90	0	0
64	54	0
25	10	0
51	19	0
11	99	0
58	78	0
37	71	0
35	14	0
2	81	0
1	93	0
65	50	0
91	40	0
38	30	0
29	76	0
23	24	1
94	84	0
55	27	0
48	72	0
62	99	0
20	24	1
1	86	0
67	27	0
55	63	0
26	32	0
96	70	0
42	68	0
99	20	0
72	16	0
93	20	0
84	82	0
45	60	0
30	88	0
83	8	0
23	5	0
66	90	0
67	72	0
20	52	0
72	38	0
74	86	0
88	14	0
96	52	0
22	70	0
59	46	0
25	23	0
91	21	0
38	44	0
61	9	0
92	97	0
86	74	0
43	72	0
76	32	0
73	76	0
0	91	0
47	3	0
9	90	0
9	71	0
69	69	0
73	96	0
81	8	0
97	89	0
82	4	0
80	72	0
60	1	0
88	36	0
81	52	0
56	29	0
10	70	0
57	89	0
57	75	0
19	48	0
4	39	0
35	98	0
11	68	0
43	0	0
38	54	0
14	67	0
40	24	0
4	45	0
92	53	0
51	18	0
1	46	0
26	88	0
75	65	0
0	2	0
94	70	0
19	79	0
58	45	0
34	52	0
94	41	0
56	42	0
0	11	0
0	50	0
21	59	0
94	69	0
67	47	0
99	62	0
2	55	0
62	59	0
13	68	0
2	18	0
80	59	0
25	66	0
44	10	0
34	35	0
9	81	0
32	88	0
4	3	0
81	44	0
70	57	0
81	66	0
74	80	0
44	87	0
44	16	0
0	73	0
46	66	0
42	53	0
57	48	0
85	11	0
