99	67	0
23	11	0
60	95	0
7	3	0
95	47	0
99	97	0
40	74	0
60	23	1
75	54	0
1	86	0
1	9	0
21	95	0
98	36	0
64	76	0
37	34	0
90	74	0
96	28	0
54	98	0
38	75	0
84	65	0
47	14	0
26	81	0
58	28	1
83	68	0
81	79	0
83	80	0
8	26	0
49	37	0
89	23	0
83	69	0
8	75	0
31	92	0
83	12	0
67	90	0
32	8	1
51	71	0
79	70	0
96	64	0
59	60	0
94	32	0
13	69	0
68	1	1
92	67	0
18	75	0
52	0	0
10	75	0
35	94	0
24	62	1
89	53	0
44	38	0
30	14	0
94	88	0
87	96	0
90	15	0
26	82	0
99	14	0
16	12	0
75	90	0
2	89	0
89	5	0
26	64	0
62	86	0
46	59	1
11	27	0
70	77	0
84	32	0
24	92	0
45	97	0
69	32	0
34	92	0
46	93	0
18	16	0
99	15	0
80	23	0
49	77	0
89	30	0
76	60	0
56	13	1
62	37	0
0	99	0
74	7	0
51	80	0
60	31	1
85	5	0
91	63	0
0	63	0
70	88	0
1	77	0
32	95	0
99	59	0
80	28	0
36	70	0
74	6	0
57	49	0
11	67	0
35	3	0
66	69	0
57	29	0
4	99	0
95	29	0
43	75	0
77	66	0
89	1	0
65	82	0
67	82	0
1	26	0
62	84	0
90	84	0
79	49	0
23	89	0
70	38	0
77	0	0
96	60	0
90	34	0
98	46	0
24	48	0
53	66	0
9	19	0
48	31	0
87	64	0
52	77	0
61	71	0
59	18	1
45	36	0
64	71	0
47	59	0
42	96	0
71	42	0
61	70	0
56	76	0
91	54	0
25	15	0
48	37	0
22	16	0
19	79	0
29	53	1
75	44	0
51	39	1
90	9	0
25	85	0
25	38	0
67	75	0
24	69	1
60	62	0
43	75	0
42	2	0
46	13	1
40	91	0
27	70	1
72	78	0
96	60	0
22	95	0
86	71	0
30	59	0
17	76	0
50	72	0
16	37	0
74	81	0
94	82	0
42	73	0
81	48	0
54	56	0
56	21	1
64	16	0
47	56	1
55	16	1
26	66	1
92	32	0
29	96	0
27	60	1
71	84	0
43	48	1
30	24	0
41	78	0
54	14	0
93	99	0
29	80	0
98	10	0
23	79	0
99	33	0
59	98	0
77	79	0
65	61	0
28	50	0
10	62	0
59	1	0
67	95	0
99	52	0
46	88	0
65	75	0
84	17	0
57	77	0
36	81	0
34	87	0
25	18	0
63	22	0
82	52	0
57	42	0
73	66	0
68	28	0
18	95	0
54	64	0
87	40	0
74	43	0
50	7	0
94	27	0
75	80	0
71	91	0
75	60	0
93	30	0
97	20	0
0	34	1
86	78	0
36	93	0
71	83	0
43	94	0
35	40	0
91	32	0
20	99	0
88	23	0
22	49	0
27	84	0
54	11	1
28	98	0
73	89	0
78	78	0
93	59	0
95	55	0
24	90	0
50	81	0
76	13	0
83	55	0
46	5	0
32	33	0
41	58	1
75	35	0
23	59	0
39	48	0
23	70	0
74	95	0
96	57	0
55	73	0
94	2	0
89	40	0
64	11	1
98	47	0
66	53	0
70	82	0
5	37	1
43	67	0
71	27	0
8	81	0
32	62	0
12	89	0
89	61	0
82	68	0
89	7	0
96	81	0
26	2	0
34	92	0
26	67	0
58	92	0
43	31	0
79	17	0
97	8	0
95	18	0
47	51	1
75	26	0
77	60	0
4	5	0
2	60	1
29	98	0
22	72	0
54	94	0
34	71	0
85	45	0
65	12	1
52	87	0
57	62	0
97	87	0
62	39	0
70	91	0
83	15	0
19	14	0
46	1	0
49	21	1
34	24	0
94	49	0
79	12	0
20	43	0
20	27	0
40	50	1
51	35	0
94	76	0
96	63	0
71	32	0
92	6	0
68	5	0
78	13	0
45	38	1
39	16	0
11	71	0
84	93	0
48	89	0
2	98	0
30	47	0
48	36	0
73	38	0
61	51	0
78	76	0
83	76	0
68	29	0
68	82	0
71	6	0
94	50	0
72	50	0
61	52	0
95	72	0
74	20	0
98	17	0
19	43	0
68	96	0
60	69	0
83	23	0
17	75	0
97	40	0
58	98	0
97	31	0
67	23	0
34	62	0
54	48	0
33	69	1
60	83	0
75	32	0
81	73	0
18	87	0
97	93	0
0	79	0
97	0	0
86	25	0
47	72	0
48	54	0
63	46	0
17	88	0
73	35	0
96	58	0
46	28	0
34	94	0
35	9	0
40	42	1
55	89	0
36	90	0
39	82	0
15	74	0
15	24	0
69	0	0
75	34	0
94	12	0
85	96	0
29	65	1
28	26	0
71	11	0
60	39	0
65	99	0
1	23	0
45	89	0
90	43	0
22	82	0
80	0	0
44	62	1
61	25	0
87	17	0
89	45	0
16	89	0
74	15	0
80	99	0
33	95	0
89	66	0
10	31	0
65	99	0
68	42	0
11	79	0
65	23	0
84	46	0
81	45	0
74	58	0
21	50	0
91	56	0
21	93	0
93	59	0
19	96	0
84	84	0
41	18	0
74	76	0
59	98	0
45	40	1
64	98	0
79	53	0
46	52	1
26	60	1
84	13	0
1	77	0
72	55	0
22	96	0
41	52	1
51	65	0
80	30	0
25	59	0
49	39	0
88	56	0
72	23	0
76	82	0
46	97	0
37	50	1
64	99	0
35	91	0
92	87	0
88	76	0
76	9	0
23	0	0
47	37	0
33	61	0
5	81	0
82	83	0
67	80	0
65	54	0
67	17	0
40	68	0
36	74	0
78	57	0
94	0	0
19	72	0
83	7	0
58	54	0
37	39	0
85	92	0
26	76	0
56	92	0
71	19	0
75	16	0
46	61	0
58	86	0
23	97	0
88	20	0
84	16	0
76	23	0
13	66	0
13	92	0
14	85	0
49	32	1
64	86	0
75	94	0
1	32	1
60	53	0
83	91	0
73	59	0
69	66	0
15	92	0
8	77	0
41	28	0
8	21	0
38	37	0
23	52	0
97	34	0
79	47	0
63	9	1
65	44	0
53	53	0
43	26	0
92	76	0
57	80	0
79	49	0
29	57	1
39	92	0
75	54	0
27	7	0
95	48	0
62	93	0
36	30	0
53	58	1
29	97	0
65	97	0
85	67	0
27	83	0
62	42	0
7	80	0
56	55	1
40	74	0
70	56	0
60	71	0
57	89	0
11	47	0
61	57	0
83	44	0
81	60	0
36	74	0
66	90	0
45	31	0
96	22	0
52	45	0
87	8	0
12	77	0
53	94	0
85	74	0
76	68	0
13	94	0
6	70	0
78	88	0
31	29	0
5	88	0
68	98	0
55	66	0
91	69	0
21	89	0
75	47	0
17	3	0
50	97	0
20	91	0
14	12	0
86	58	0
88	21	0
77	28	0
71	15	0
14	15	0
19	53	0
76	27	0
3	71	0
65	69	0
9	42	1
23	78	0
69	45	0
69	99	0
71	36	0
69	86	0
75	51	0
74	84	0
5	81	0
43	50	0
30	77	0
65	56	0
57	47	0
89	44	0
97	97	0
82	90	0
49	59	0
76	53	0
63	60	0
70	5	0
69	78	0
88	74	0
90	10	0
56	80	0
7	99	0
47	43	1
67	37	0
65	30	0
76	22	0
20	80	0
76	19	0
30	65	1
88	20	0
36	62	0
47	35	0
59	94	0
65	75	0
48	84	0
71	85	0
83	61	0
82	45	0
98	62	0
74	96	0
94	45	0
33	65	0
92	89	0
39	73	0
78	80	0
90	44	0
46	92	0
89	76	0
89	50	0
81	25	0
48	44	1
6	67	0
50	74	0
73	20	0
61	34	0
80	85	0
65	48	0
12	84	0
17	88	0
66	42	0
84	26	0
92	45	0
98	3	0
87	91	0
58	37	0
29	75	0
96	22	0
64	47	0
22	77	0
16	96	0
26	71	0
7	86	0
59	56	0
42	28	0
37	79	0
51	47	1
65	76	0
69	11	0
22	87	0
89	49	0
17	20	0
19	77	0
75	68	0
68	47	0
39	57	1
91	50	0
87	51	0
77	57	0
59	68	0
80	52	0
6	27	0
97	84	0
59	51	0
43	86	0
6	76	0
26	88	0
29	57	0
87	23	0
53	94	0
8	93	0
99	62	0
78	17	0
19	13	0
30	30	0
71	9	0
17	73	0
82	55	0
94	35	0
11	3	0
0	37	1
69	14	0
39	83	0
99	82	0
7	8	0
52	86	0
81	32	0
97	79	0
50	61	0
62	76	0
24	39	0
92	40	0
94	65	0
17	73	0
23	78	0
26	68	1
23	88	0
73	12	0
29	59	1
8	85	0
38	33	0
46	60	0
68	46	0
33	72	0
94	24	0
4	33	0
84	41	0
72	18	0
44	51	1
35	24	0
39	8	1
21	91	0
47	82	0
15	69	0
22	27	0
17	78	0
18	86	0
62	60	0
87	42	0
38	57	1
80	93	0
49	26	0
62	74	0
41	70	0
16	91	0
84	37	0
45	52	1
8	16	0
89	54	0
60	51	0
90	29	0
83	29	0
76	34	0
58	91	0
41	32	0
58	42	0
59	31	0
42	7	0
34	98	0
49	64	0
94	39	0
57	97	0
80	52	0
79	46	0
38	88	0
35	78	0
93	26	0
50	54	1
71	6	0
95	99	0
77	81	0
54	90	0
74	23	0
83	74	0
24	76	0
66	20	0
19	97	0
43	59	1
88	61	0
69	10	1
93	89	0
85	9	0
96	95	0
59	9	1
75	24	0
78	56	0
63	20	0
3	85	0
67	98	0
60	76	0
3	25	0
6	95	0
14	71	0
49	41	0
81	35	0
0	60	1
24	89	0
65	97	0
95	42	0
0	73	0
69	47	0
32	89	0
85	43	0
71	46	0
24	60	1
81	40	0
78	43	0
55	72	0
50	48	0
4	82	0
3	5	0
82	70	0
19	58	0
16	9	0
1	95	0
32	74	0
93	42	0
71	85	0
91	63	0
98	84	0
51	56	1
64	31	0
1	73	0
55	64	0
35	40	1
78	37	0
86	23	0
