83	67	0
31	28	0
57	96	1
15	11	0
93	43	0
90	90	0
71	42	0
6	81	0
0	7	0
16	89	0
79	37	0
73	76	0
33	33	0
64	74	0
89	53	0
64	69	0
40	37	0
93	84	0
98	82	0
74	86	0
6	24	0
73	74	0
78	30	0
56	79	1
49	69	0
65	82	0
94	54	0
95	30	0
86	77	0
39	0	0
78	30	0
32	17	0
97	69	0
89	72	0
94	8	0
24	40	0
64	79	0
5	87	0
57	97	1
19	32	0
70	75	0
94	41	0
54	84	0
0	21	0
88	12	0
64	33	0
49	41	0
79	40	0
84	70	0
55	98	1
19	58	0
97	54	0
45	35	0
36	7	0
60	58	0
8	89	0
95	18	0
41	67	0
87	60	0
97	6	0
72	90	0
69	77	0
11	21	0
70	84	0
88	66	0
80	42	0
57	43	0
82	46	0
83	38	0
91	38	0
20	61	0
14	19	0
85	71	0
58	95	1
37	82	0
56	95	1
80	50	0
60	64	0
82	75	0
79	74	0
31	13	0
13	15	0
82	65	0
92	3	0
18	51	0
77	79	0
59	76	0
61	82	0
50	12	0
75	88	0
75	55	0
10	85	0
92	97	0
4	95	0
14	62	0
95	87	0
98	73	0
52	85	0
70	51	0
90	33	0
54	57	0
16	54	0
56	18	0
87	86	0
75	5	0
83	42	0
82	94	0
60	70	0
76	78	0
13	21	0
72	93	0
58	99	1
31	81	0
29	34	0
59	37	0
63	80	0
68	39	0
11	99	1
93	30	0
71	28	1
52	25	0
70	67	0
68	93	0
88	69	0
99	26	0
91	86	0
72	78	0
51	78	0
10	72	1
12	48	0
71	71	0
73	75	0
86	58	0
91	51	0
89	68	0
58	18	0
36	31	0
76	56	0
29	80	0
61	90	1
85	76	0
99	49	0
96	27	0
71	60	1
59	97	0
67	17	0
2	93	0
7	98	1
96	61	0
88	77	0
15	20	0
91	13	0
91	19	0
84	20	1
86	32	0
11	15	0
34	78	0
57	93	1
88	43	0
68	93	0
92	81	0
67	35	0
56	87	0
1	7	0
32	13	0
47	31	0
69	41	0
1	57	0
39	7	0
93	78	0
97	52	0
96	9	1
59	0	0
37	8	0
98	85	0
27	72	0
9	96	1
36	33	0
64	52	0
74	66	0
54	74	0
79	73	0
74	31	0
76	79	0
86	35	0
90	74	0
50	34	0
97	70	0
64	9	0
35	58	0
77	95	0
91	45	0
86	46	0
76	86	0
90	40	0
40	54	0
52	93	1
73	90	0
23	75	0
85	83	0
0	93	0
88	34	0
93	62	0
37	6	0
46	50	0
17	18	0
93	36	0
61	86	0
17	25	0
77	33	0
73	77	0
19	36	0
83	43	0
82	7	0
95	67	0
65	23	0
98	90	0
21	35	0
54	99	1
72	55	0
88	41	0
63	53	0
5	55	0
98	70	0
97	59	0
16	83	0
73	85	0
43	15	0
71	60	1
54	97	1
69	94	0
96	42	0
59	11	0
72	44	0
74	32	0
90	59	0
69	33	1
92	77	0
93	88	0
82	95	0
13	12	0
4	79	0
83	89	0
63	92	0
53	15	0
82	50	0
98	3	0
95	82	0
56	74	0
61	73	0
97	5	0
85	36	0
9	45	0
2	95	0
88	88	0
93	94	0
86	92	0
81	61	0
72	80	0
11	86	0
27	27	0
1	17	0
45	36	0
82	41	0
57	57	0
64	5	0
78	88	0
77	73	0
83	45	0
70	60	1
26	15	0
97	46	0
69	91	0
58	33	0
62	81	0
91	66	0
11	57	0
54	77	0
54	80	1
1	44	0
70	78	0
96	43	0
91	66	0
46	91	1
89	32	0
92	7	1
98	67	0
66	71	0
6	96	0
84	93	0
13	22	0
11	88	0
64	72	0
66	60	0
93	97	0
1	81	0
79	56	0
12	3	0
12	89	0
8	16	0
91	55	0
13	25	0
7	36	0
82	30	0
70	77	0
93	78	0
84	47	0
82	79	0
67	82	0
3	79	0
98	64	0
61	29	0
95	33	0
76	87	0
75	73	0
39	86	0
93	76	0
37	76	0
2	96	0
74	43	0
31	34	0
62	90	0
34	71	0
64	95	0
90	54	0
85	27	0
69	68	0
99	79	0
93	49	0
96	97	0
89	70	0
67	23	0
80	79	0
81	65	0
97	29	0
47	65	0
66	32	0
86	89	0
88	64	0
23	76	0
90	34	0
85	41	0
86	40	0
98	81	0
79	53	0
1	85	0
17	97	1
34	29	0
26	68	0
64	8	0
2	96	0
80	44	0
9	12	0
17	54	0
58	66	0
70	80	0
78	51	0
68	42	0
79	70	1
77	44	0
13	39	0
92	79	0
58	93	0
81	16	0
12	86	0
98	51	0
55	25	1
24	15	0
28	37	0
69	47	0
96	36	0
15	1	0
40	0	0
54	63	0
95	85	0
28	3	0
56	0	0
88	82	0
59	81	0
23	53	0
90	47	0
85	64	0
8	92	0
3	98	0
46	37	0
97	38	0
19	32	0
84	35	0
81	11	0
36	32	0
14	99	1
56	82	1
22	39	0
82	38	0
65	92	0
79	41	0
11	12	0
90	54	0
80	45	0
80	22	1
59	99	1
77	43	0
52	96	0
60	50	0
72	44	0
49	94	1
88	48	0
99	94	0
88	88	0
71	71	0
75	29	0
96	46	0
92	95	0
93	94	0
84	25	1
84	67	0
82	94	0
54	77	0
0	17	0
32	92	0
86	34	0
14	94	1
79	27	0
81	47	0
74	50	0
94	60	0
90	37	0
12	77	0
10	7	0
52	83	0
29	73	0
36	3	0
6	78	0
95	42	0
93	82	0
80	50	0
93	92	0
99	40	0
