96	69	0
27	22	0
63	98	0
13	8	0
88	35	0
86	98	0
47	79	0
71	46	0
8	84	0
1	0	0
15	89	0
98	46	0
73	76	0
30	38	0
82	92	0
97	42	0
42	95	0
41	82	1
62	73	0
45	18	0
76	72	0
83	90	0
78	87	0
6	24	0
81	13	0
72	73	0
30	94	0
84	22	0
68	92	0
49	62	0
78	83	0
99	52	0
98	22	0
20	75	1
86	81	0
14	73	1
34	1	0
7	75	1
42	86	0
77	47	0
28	10	0
99	85	0
83	87	0
94	17	0
99	15	0
17	33	0
64	86	0
6	83	0
91	2	0
60	97	0
5	28	0
82	85	0
89	29	0
30	85	0
57	95	0
85	19	0
25	86	1
33	92	1
28	9	0
94	2	0
76	31	0
44	83	0
83	24	0
58	50	0
82	27	0
12	95	0
44	79	0
95	67	0
70	99	0
8	63	0
45	92	0
97	50	0
73	20	0
47	36	0
31	9	0
71	57	0
7	81	0
95	26	0
42	68	0
87	57	0
87	1	0
78	99	0
72	86	0
8	33	0
68	79	0
85	72	0
80	42	0
19	98	0
66	41	0
90	56	0
93	28	0
98	42	0
13	54	0
5	18	0
94	54	0
53	86	0
48	60	1
46	78	0
58	91	0
73	31	0
70	67	0
77	75	0
82	65	0
25	18	0
17	12	0
78	54	0
96	0	0
24	96	0
27	38	0
69	73	0
59	82	0
53	77	0
38	1	0
49	83	0
68	80	0
81	56	0
18	91	0
89	85	0
3	74	0
19	48	0
77	84	0
94	75	0
48	69	0
61	42	0
87	41	0
24	91	0
55	75	0
24	46	0
51	82	0
40	27	0
91	85	0
27	99	0
90	5	0
79	37	0
68	87	0
68	83	0
59	73	0
28	37	0
21	68	0
60	93	0
84	68	0
40	92	0
54	89	0
74	16	0
44	93	0
29	22	0
81	63	0
63	43	0
75	70	0
81	34	0
11	90	0
58	50	0
93	36	0
59	37	0
49	23	0
93	31	0
59	77	0
75	99	0
86	69	0
97	23	0
95	35	0
99	68	0
30	88	1
67	79	0
50	91	0
78	23	0
14	88	0
94	10	0
19	45	0
27	91	1
23	93	0
83	75	0
77	78	0
88	49	0
87	50	0
42	87	0
90	61	0
53	3	0
39	24	0
84	42	0
32	71	0
64	79	0
74	68	0
82	6	0
95	49	0
99	31	0
70	62	0
70	87	0
57	9	0
8	92	0
5	91	0
94	63	0
70	60	0
85	10	0
98	78	0
19	11	0
29	95	0
53	93	0
90	4	0
87	2	0
98	32	0
75	30	0
70	43	0
2	6	0
17	90	0
44	89	0
52	66	1
92	44	0
69	94	0
96	86	0
68	38	0
76	80	0
73	19	1
11	8	0
31	9	0
33	25	0
89	38	0
84	20	0
8	48	0
23	24	0
91	81	0
95	71	0
79	19	0
99	12	0
63	2	0
80	16	0
38	18	0
99	88	0
24	85	0
2	96	0
36	38	0
76	40	0
66	64	0
61	79	0
86	87	0
72	26	0
71	81	0
99	40	0
84	63	0
67	50	0
95	72	0
63	17	0
94	9	0
27	49	0
68	99	0
98	33	0
24	87	1
98	38	0
73	94	0
98	33	0
66	17	0
53	50	0
61	90	0
73	89	0
21	91	0
94	87	0
2	97	0
91	3	0
90	14	0
58	81	0
14	98	0
78	40	0
95	68	0
26	1	0
48	93	0
38	82	1
55	75	0
1	28	0
89	33	0
99	4	0
80	96	0
16	22	0
68	33	0
65	79	0
9	28	0
43	87	0
82	50	0
23	90	1
86	6	0
81	14	0
92	63	0
12	82	0
67	20	0
86	91	0
31	95	0
66	60	0
7	33	0
62	85	0
60	48	0
92	43	0
77	51	0
75	55	0
2	37	0
90	66	0
26	95	0
90	58	0
9	96	0
83	87	0
35	19	0
73	63	0
63	90	0
54	96	0
84	55	0
75	1	0
1	76	0
71	44	0
25	98	0
87	31	0
92	43	0
72	31	0
85	73	0
48	95	0
60	97	0
28	97	0
97	83	0
69	84	0
20	2	0
7	84	0
78	82	0
63	90	0
57	56	1
70	33	0
28	81	1
82	63	0
95	6	0
86	8	0
92	85	0
68	83	0
79	22	0
88	13	0
71	90	0
31	98	0
85	9	0
96	0	0
72	27	0
9	59	0
13	99	0
15	94	0
86	83	0
85	99	0
76	94	0
85	68	0
75	73	0
7	95	0
17	71	1
27	18	0
4	8	0
45	39	0
93	27	0
80	39	0
66	61	0
55	16	0
86	81	0
65	78	0
85	58	0
34	79	1
74	63	0
23	7	0
97	43	0
63	95	0
45	40	0
19	92	0
73	96	0
98	72	0
31	83	1
20	78	0
39	68	0
70	72	0
52	99	0
10	46	0
78	69	0
90	51	0
90	67	0
33	76	0
66	82	0
90	14	0
82	10	0
10	86	0
36	97	0
89	74	0
72	71	0
1	91	0
14	78	0
79	95	0
29	25	0
4	80	0
70	89	0
58	67	0
81	82	0
6	85	0
75	48	0
18	5	0
50	90	0
8	93	0
2	15	0
88	64	0
87	14	0
77	23	0
79	15	1
9	20	0
14	58	0
76	33	0
68	74	0
29	88	1
57	54	1
89	78	0
80	45	0
75	81	0
60	53	1
73	82	0
0	63	0
83	58	0
63	33	0
95	46	0
91	91	0
81	70	0
68	56	1
61	53	1
44	80	0
98	73	0
92	4	0
53	76	0
3	96	0
66	27	0
66	15	0
77	17	1
27	65	1
72	15	1
80	25	0
29	31	0
57	95	0
66	59	0
36	89	0
68	97	0
86	62	0
84	29	0
87	70	0
87	93	0
94	46	0
86	90	0
33	88	0
70	76	0
81	47	0
51	90	0
85	88	0
75	69	0
93	25	0
51	74	0
80	22	0
58	41	0
87	87	0
85	58	0
17	89	0
30	89	1
81	29	0
81	28	0
91	44	0
84	10	0
90	83	0
84	16	0
81	38	0
11	87	0
20	71	1
17	94	0
50	29	0
33	62	0
51	84	0
66	1	0
11	94	0
80	49	0
20	9	0
25	59	0
77	68	0
71	61	0
84	63	0
84	47	0
70	64	0
81	52	0
5	44	0
98	84	0
70	60	0
49	94	0
5	73	1
91	19	0
50	95	0
24	90	0
97	42	0
68	32	0
22	10	0
27	36	0
10	66	1
81	53	0
95	36	0
28	11	0
51	10	0
49	78	0
97	83	0
17	5	0
46	81	0
65	30	0
90	65	0
74	68	0
64	87	0
11	47	0
97	44	0
89	64	0
8	87	0
29	89	1
0	97	0
57	36	0
87	21	0
9	18	0
91	32	0
80	19	0
44	34	0
14	99	0
59	84	0
18	75	1
23	26	0
24	96	0
57	54	1
84	44	0
61	83	0
20	90	0
72	40	0
8	1	0
86	58	0
49	61	1
87	26	0
80	28	0
69	27	0
56	86	0
38	99	0
84	40	0
60	98	0
72	63	0
82	43	0
61	92	0
90	38	0
92	96	0
86	84	0
55	86	0
89	18	0
75	76	0
66	27	0
26	89	1
86	55	0
85	93	0
82	11	0
99	97	0
81	26	0
82	66	0
11	89	0
79	99	0
72	79	0
7	15	0
15	98	0
12	73	1
84	32	0
23	95	0
54	80	0
80	40	0
76	46	0
18	98	0
82	41	0
92	60	0
77	43	0
89	31	0
5	91	0
11	6	0
63	74	0
15	58	0
28	7	0
1	95	0
98	50	0
81	91	0
88	55	0
86	80	0
75	45	0
2	78	0
81	23	0
96	39	0
