91	66	0
50	12	0
44	15	0
51	99	0
6	23	0
95	33	0
98	83	0
45	12	0
76	82	0
43	35	0
82	36	0
3	85	0
22	13	0
20	64	0
99	13	0
96	79	0
66	24	0
31	50	0
96	69	0
94	5	0
44	78	0
70	83	0
73	99	0
74	1	0
40	93	0
56	0	0
75	78	0
70	95	0
97	57	0
6	37	0
37	39	0
44	26	0
87	29	0
42	48	0
87	68	0
14	91	0
58	84	0
95	27	0
77	92	0
52	1	0
20	49	0
79	52	0
96	58	0
57	72	0
99	41	0
9	83	0
29	49	0
56	12	0
90	49	0
16	63	0
59	15	0
28	90	0
49	89	0
31	62	0
95	68	0
39	27	0
42	47	0
81	73	0
99	90	0
83	14	0
10	91	0
95	8	0
46	3	0
79	75	0
44	20	0
20	81	0
77	11	0
38	77	0
86	81	0
64	65	0
15	28	0
78	88	0
25	40	0
14	44	0
91	41	0
8	38	0
38	75	0
50	82	0
74	25	0
42	99	0
64	99	0
4	5	0
9	11	0
95	18	0
99	15	0
33	52	0
82	45	0
22	27	0
80	58	0
30	49	0
33	13	0
36	4	0
68	40	0
16	88	0
73	10	0
50	74	0
42	10	0
42	26	0
92	37	0
39	74	0
75	48	0
18	62	0
72	94	0
4	77	0
45	80	0
87	44	0
58	6	0
43	68	0
14	63	0
57	6	0
64	58	0
16	61	0
40	5	0
39	64	0
27	36	0
91	80	0
55	45	0
0	2	0
29	94	0
80	7	0
70	66	0
14	33	0
85	81	0
95	13	0
67	67	0
54	82	0
29	13	0
55	96	0
76	77	0
77	52	0
35	98	0
67	28	0
33	23	0
25	36	0
85	5	0
4	73	0
96	72	0
98	12	0
86	30	0
43	55	0
57	17	0
88	86	0
5	13	0
36	15	0
85	78	0
35	44	0
88	75	0
80	85	0
56	19	0
45	31	0
53	60	0
10	47	0
28	75	0
17	60	0
80	76	0
40	52	0
48	97	0
79	56	0
74	76	0
50	81	0
20	43	0
86	78	0
3	33	0
40	46	0
20	15	0
18	77	0
39	76	0
95	34	0
31	30	0
79	14	0
37	79	0
59	29	0
52	36	0
78	86	0
28	53	0
71	75	0
38	89	0
32	56	0
36	15	0
65	14	0
38	87	0
16	74	0
72	85	0
87	54	0
17	91	0
22	32	0
98	64	0
29	58	0
23	88	0
46	94	0
48	50	0
34	8	0
18	40	0
73	84	0
83	94	0
59	86	0
73	22	0
6	69	0
58	1	0
73	11	0
65	23	0
78	20	0
24	60	0
3	67	0
52	58	0
78	33	0
31	73	0
90	25	0
46	90	0
33	66	0
29	15	0
75	75	0
28	62	0
39	12	0
8	93	0
69	14	0
97	82	0
86	92	0
92	20	0
0	82	0
15	72	0
95	45	0
50	77	0
36	46	0
53	71	0
54	71	0
46	55	0
6	78	0
28	61	0
67	11	0
1	67	0
73	99	0
74	46	0
41	87	0
90	58	0
45	13	0
41	64	0
23	80	0
38	88	0
57	36	0
65	31	0
20	30	0
98	63	0
75	46	0
86	55	0
7	79	0
59	18	0
14	88	0
70	64	0
55	45	0
57	53	0
56	16	0
3	50	0
82	43	0
53	7	0
78	60	0
50	87	0
69	45	0
95	38	0
96	3	0
0	62	0
82	71	0
17	99	0
97	65	0
44	86	0
62	32	0
44	0	0
23	93	0
71	35	0
38	57	0
47	79	0
47	10	0
22	95	0
71	92	0
89	81	0
68	29	0
89	70	0
6	88	0
50	41	0
51	5	0
67	24	0
31	13	0
35	3	0
53	7	0
54	51	0
72	34	0
34	55	0
28	48	0
49	60	0
71	82	0
86	82	0
60	83	0
88	16	0
89	56	0
80	4	0
12	53	0
27	6	0
87	37	0
61	23	0
75	73	0
2	38	0
46	71	0
52	27	0
28	96	0
32	92	0
21	70	0
96	66	0
39	30	0
38	4	0
28	58	0
87	55	0
73	23	0
73	89	0
24	12	0
66	91	0
9	73	0
46	84	0
36	38	0
2	57	0
76	8	0
23	30	0
89	13	0
40	15	0
10	4	1
88	7	0
35	48	0
16	48	0
85	27	0
96	58	0
4	30	0
32	28	0
4	63	0
33	86	0
16	86	0
2	10	0
40	86	0
50	69	0
47	38	0
64	26	0
43	91	0
35	67	0
90	94	0
46	33	0
18	47	0
27	38	0
58	70	0
83	94	0
49	20	0
86	6	0
32	2	0
56	6	0
59	10	0
22	43	0
80	57	0
67	2	0
14	36	0
51	10	0
56	51	0
49	50	0
23	67	0
84	84	0
75	54	0
18	52	0
48	34	0
20	6	1
97	8	0
53	7	0
62	18	0
56	44	0
25	33	0
4	70	0
69	76	0
18	80	0
34	92	0
23	95	0
52	27	0
40	43	0
92	57	0
70	45	0
9	83	0
79	80	0
59	88	0
16	29	1
75	18	0
56	97	0
72	3	0
89	59	0
86	48	0
40	20	0
43	40	0
33	48	0
89	78	0
8	10	0
76	24	0
94	2	0
15	41	0
31	99	0
71	74	0
86	2	0
2	59	0
96	33	0
47	97	0
72	9	0
62	50	0
45	51	0
43	41	0
31	37	0
50	37	0
72	83	0
77	44	0
37	34	0
79	72	0
22	55	0
15	90	0
85	91	0
39	34	0
2	80	0
64	20	0
90	13	0
79	41	0
14	59	0
65	42	0
35	35	0
53	41	0
3	98	0
70	27	0
55	13	0
85	54	0
44	25	0
29	83	0
22	4	0
80	50	0
10	1	1
74	97	0
4	83	0
37	54	0
52	75	0
56	31	0
21	99	0
18	44	0
27	43	0
60	14	0
91	26	0
83	22	0
86	91	0
19	63	0
31	18	0
28	30	0
78	22	0
54	63	0
74	97	0
21	40	0
71	99	0
88	69	0
33	72	0
75	6	0
72	40	0
82	18	0
73	9	0
42	18	0
41	35	0
97	2	0
78	29	0
0	68	0
87	14	0
97	98	0
8	97	0
89	54	0
55	49	0
28	13	0
92	85	0
67	57	0
18	99	0
70	33	0
81	44	0
84	54	0
85	65	0
27	70	0
77	74	0
41	93	0
80	73	0
28	34	0
28	98	0
98	81	0
31	34	0
30	42	0
69	75	0
60	89	0
46	62	0
58	99	0
58	53	0
39	65	0
34	65	0
80	23	0
21	91	0
84	54	0
26	91	0
40	63	0
40	72	0
86	29	0
28	27	0
21	49	0
54	30	0
94	68	0
70	11	0
87	98	0
71	95	0
38	50	0
64	5	0
28	44	0
39	89	0
40	32	0
52	67	0
64	80	0
33	21	0
80	97	0
45	24	0
32	18	0
67	36	0
30	81	0
41	16	0
5	60	0
89	81	0
61	95	0
51	44	0
84	10	0
46	76	0
39	52	0
95	60	0
85	0	0
6	72	0
71	3	0
70	72	0
74	31	0
37	13	0
29	72	0
85	81	0
29	72	0
55	84	0
74	19	0
12	67	0
66	18	0
44	60	0
61	97	0
32	95	0
88	6	0
91	19	0
60	12	0
40	90	0
11	89	0
8	90	0
72	44	0
68	63	0
79	71	0
14	49	0
82	37	0
71	65	0
87	74	0
56	64	0
18	60	0
24	66	0
35	24	0
44	31	0
2	43	0
51	63	0
41	47	0
95	36	0
81	38	0
73	5	0
79	36	0
56	72	0
14	51	0
59	30	0
89	76	0
61	83	0
93	73	0
19	55	0
57	71	0
66	47	0
25	53	0
89	32	0
18	52	0
40	24	0
83	47	0
79	95	0
60	55	0
18	67	0
44	6	0
57	72	0
32	86	0
43	26	0
78	79	0
95	72	0
19	96	0
52	75	0
9	74	0
74	60	0
31	50	0
49	62	0
35	77	0
63	73	0
25	27	0
16	60	0
91	82	0
80	55	0
97	56	0
25	60	0
54	85	0
64	26	0
90	27	0
41	45	0
96	11	0
17	88	0
28	31	0
32	83	0
90	56	0
23	43	0
91	66	0
18	96	0
8	73	0
21	6	1
89	88	0
38	28	0
3	71	0
76	92	0
46	63	0
85	66	0
29	92	0
98	37	0
28	14	0
34	83	0
31	70	0
37	19	0
23	42	0
3	15	0
82	69	0
92	7	0
58	9	0
75	13	0
94	45	0
30	8	0
38	46	0
96	42	0
7	54	0
54	81	0
0	51	0
14	73	0
79	56	0
48	95	0
74	49	0
72	83	0
33	34	0
75	63	0
39	56	0
84	46	0
15	74	0
53	38	0
32	69	0
72	34	0
55	35	0
99	81	0
98	96	0
88	80	0
27	75	0
16	32	0
58	49	0
46	75	0
33	16	0
22	0	0
34	71	0
10	39	0
63	2	0
70	86	0
77	66	0
93	20	0
10	46	0
69	91	0
5	95	0
53	9	0
62	50	0
69	15	0
41	19	0
23	35	0
44	16	0
73	2	0
44	86	0
54	32	0
29	87	0
77	8	0
31	46	0
52	66	0
74	21	0
90	74	0
60	76	0
34	68	0
51	86	0
80	87	0
83	54	0
16	69	0
77	72	0
64	95	0
15	39	0
19	51	0
95	33	0
32	93	0
97	85	0
70	82	0
50	1	0
56	46	0
92	56	0
62	85	0
82	52	0
96	76	0
81	29	0
12	67	0
0	55	0
71	84	0
77	39	0
50	62	0
60	9	0
34	12	0
78	74	0
28	34	0
13	62	0
44	52	0
53	39	0
35	13	0
53	30	0
14	86	0
24	41	0
8	60	0
12	72	0
77	52	0
17	18	0
60	7	0
97	22	0
81	4	0
54	78	0
10	59	0
60	28	0
44	33	0
63	81	0
88	13	0
38	48	0
54	62	0
50	81	0
20	94	0
32	64	0
43	86	0
25	33	0
78	84	0
48	49	0
37	83	0
60	29	0
12	50	0
60	64	0
60	25	0
28	70	0
78	40	0
52	45	0
47	43	0
34	16	0
6	61	0
79	64	0
72	60	0
41	40	0
86	61	0
86	71	0
77	26	0
59	6	0
89	79	0
83	11	0
2	69	0
71	75	0
32	17	0
64	38	0
15	6	1
14	66	0
12	86	0
36	90	0
27	52	0
94	31	0
20	53	0
54	99	0
20	82	0
98	72	0
55	62	0
84	41	0
18	2	0
52	22	0
58	10	0
5	7	1
13	79	0
62	61	0
85	62	0
69	49	0
15	0	0
29	41	0
66	9	0
5	80	0
78	4	0
44	69	0
46	21	0
75	99	0
8	37	0
14	91	0
99	55	0
30	11	0
97	77	0
60	64	0
74	47	0
54	28	0
90	26	0
90	74	0
13	69	0
1	81	0
21	55	0
11	89	0
0	83	0
81	24	0
39	44	0
0	94	0
49	10	0
60	4	0
35	49	0
69	44	0
45	17	0
26	68	0
29	30	0
81	14	0
14	41	0
86	52	0
90	6	0
65	60	0
26	10	0
52	14	0
12	99	0
59	80	0
36	71	0
36	16	0
4	81	0
3	92	0
64	56	0
92	38	0
41	30	0
33	78	0
25	22	1
99	93	0
54	29	0
57	73	0
62	94	0
6	85	0
67	25	0
56	61	0
24	36	0
95	71	0
44	68	0
99	23	0
73	16	0
90	22	0
77	87	0
46	60	0
34	84	0
82	19	0
26	7	0
61	91	0
75	72	0
19	50	0
70	41	0
75	88	0
86	10	0
94	54	0
25	72	0
60	50	0
22	29	0
89	18	0
38	47	0
60	1	0
94	94	0
82	69	0
48	74	0
77	29	0
76	74	0
7	88	0
46	6	0
12	89	0
8	67	0
68	68	0
67	98	0
77	5	0
92	94	0
82	8	0
79	75	0
59	5	0
86	34	0
82	48	0
54	32	0
15	77	0
52	87	0
61	81	0
17	54	0
2	38	0
37	99	0
8	68	0
45	1	0
34	51	0
12	59	0
42	28	0
1	43	0
96	51	0
53	18	0
9	45	0
26	85	0
76	68	0
1	1	0
88	68	0
16	70	0
60	47	0
30	60	0
94	45	0
53	39	0
1	10	0
3	51	0
19	62	0
96	68	0
70	51	0
99	60	0
5	54	0
67	59	0
12	76	0
0	18	0
85	56	0
27	61	0
39	13	0
36	30	0
8	81	0
33	89	0
3	6	0
80	43	0
77	58	0
78	61	0
75	79	0
39	82	0
49	20	0
0	72	0
48	70	0
42	46	0
57	53	0
85	10	0
