92	69	0
27	14	0
59	99	0
9	3	0
96	48	0
99	95	0
41	74	0
65	47	0
0	88	0
4	9	0
11	93	0
92	46	0
61	80	0
32	32	0
92	85	0
93	36	0
44	97	0
40	73	0
72	74	0
50	10	0
29	80	1
82	69	0
96	79	0
81	98	0
5	28	0
40	34	1
83	18	0
75	68	0
6	69	0
32	90	0
84	16	0
68	88	0
49	73	0
82	75	0
96	55	0
58	57	1
97	36	0
17	74	0
87	71	0
18	68	0
49	3	0
13	78	0
40	91	0
86	46	0
43	37	1
39	16	0
98	90	0
88	93	0
94	15	0
26	82	0
92	8	0
23	19	0
70	85	0
1	88	0
88	2	0
64	92	0
10	29	0
70	77	0
84	28	0
26	89	0
50	94	0
80	30	0
31	93	0
38	90	0
19	12	0
97	12	0
78	30	0
51	79	0
88	24	0
67	46	0
69	35	0
7	94	0
81	0	1
50	84	0
81	2	0
91	63	0
4	65	1
64	87	0
0	75	0
39	91	0
97	62	0
79	26	0
62	14	0
59	43	0
9	65	1
36	11	0
74	61	0
1	95	0
97	27	0
45	70	0
83	63	0
82	0	0
69	85	0
68	85	0
2	29	0
65	72	0
90	75	0
67	44	0
12	95	0
67	36	0
73	3	1
90	58	0
89	31	0
97	40	0
21	52	0
53	68	1
6	25	0
43	30	1
87	62	0
61	75	0
54	61	0
47	40	1
58	65	0
44	92	0
75	33	0
62	73	0
60	75	0
97	54	0
30	13	0
49	41	1
21	9	0
27	76	0
77	50	0
97	1	0
28	97	0
19	43	0
61	71	0
62	75	0
51	73	0
50	8	0
47	91	0
80	88	0
87	54	0
21	96	0
90	80	0
9	74	0
54	62	0
12	41	0
74	78	0
98	71	0
49	68	0
73	46	0
55	67	1
63	8	1
92	37	0
27	92	0
60	79	0
22	32	0
43	80	0
39	21	0
88	95	0
27	85	0
93	8	0
26	80	1
89	36	0
56	94	0
71	78	0
66	68	0
25	39	0
12	64	0
70	8	1
65	93	0
91	62	0
46	88	0
63	82	0
74	17	0
54	71	0
32	82	0
51	89	0
24	17	0
80	57	0
62	39	0
72	62	0
79	32	0
19	99	0
66	62	0
86	41	0
75	31	0
57	22	0
98	29	0
73	82	0
76	94	0
71	65	0
96	23	0
97	17	0
88	83	0
34	90	0
64	87	0
50	97	0
87	36	0
15	99	0
88	26	0
26	48	0
20	89	0
31	99	0
84	77	0
76	70	0
95	56	0
95	59	0
25	81	0
52	84	0
74	8	0
77	51	0
49	4	0
44	33	0
81	37	0
24	67	1
44	55	1
26	72	0
74	88	0
85	59	0
52	69	0
94	1	0
90	39	0
98	42	0
73	58	0
70	84	0
45	64	0
67	15	0
9	89	0
0	94	0
86	62	0
82	69	0
86	11	0
93	84	0
17	3	0
35	98	0
55	99	0
41	30	0
90	13	0
93	0	0
98	28	0
73	30	0
69	52	0
7	5	0
27	99	0
17	76	0
47	85	0
43	72	0
89	43	0
55	88	0
53	57	1
97	84	0
65	34	0
83	88	0
85	20	0
15	3	0
38	2	0
33	26	0
98	44	0
80	9	0
12	51	0
15	24	0
52	36	1
89	83	0
96	63	0
74	32	0
93	9	0
64	3	0
77	13	0
39	13	0
8	68	0
91	94	0
39	85	0
6	99	0
30	42	0
45	44	1
69	49	0
70	60	0
75	76	0
75	74	0
80	26	0
69	86	0
71	3	1
97	47	0
78	57	0
61	56	0
96	68	0
73	14	0
93	20	0
22	49	0
69	99	0
52	68	1
96	25	0
17	84	0
93	41	0
71	92	0
91	28	0
62	16	0
29	59	1
54	43	0
61	87	0
62	26	1
70	81	0
26	91	0
94	84	0
1	84	0
89	4	0
87	18	0
51	69	0
65	51	0
15	96	0
77	33	0
96	60	0
46	42	1
28	82	0
33	9	0
51	86	0
38	84	0
48	76	0
9	66	1
3	21	0
66	0	1
83	35	0
98	8	0
79	98	0
20	29	0
63	11	0
66	39	0
67	85	0
5	14	0
43	85	0
76	44	0
31	86	0
78	5	0
57	15	1
85	16	0
89	52	0
16	84	0
71	17	0
91	99	0
35	99	0
75	65	0
8	33	0
59	95	0
62	41	0
16	68	0
59	28	0
92	50	0
74	47	0
72	59	0
16	46	0
95	55	0
25	96	0
87	54	0
20	92	0
80	80	0
36	21	0
69	68	0
57	87	0
59	93	0
76	52	0
86	4	0
8	77	0
79	45	0
22	99	0
52	60	1
84	32	0
87	52	0
74	19	0
73	73	0
46	95	0
58	94	0
34	99	0
98	75	0
78	81	0
71	4	1
22	3	0
51	46	1
3	82	0
79	88	0
64	79	0
74	48	0
66	23	0
40	63	1
42	75	0
79	52	0
99	6	0
21	70	0
82	5	0
57	68	0
34	40	1
86	84	0
34	80	1
55	89	0
69	25	0
87	14	0
68	80	0
28	96	0
85	14	0
86	7	0
69	27	0
15	56	0
12	86	0
12	88	0
75	87	0
84	99	0
63	55	0
78	96	0
82	62	0
75	60	0
13	92	0
10	76	0
39	27	0
3	16	0
33	39	0
28	49	1
98	31	0
87	41	0
72	55	0
60	55	1
49	18	0
87	79	0
60	73	0
88	53	0
29	86	0
79	58	0
23	11	0
98	42	0
56	99	0
33	44	0
29	99	0
71	98	0
88	69	0
28	86	0
57	24	1
11	70	0
39	71	0
67	62	0
57	77	0
56	90	0
14	47	0
74	60	0
79	46	0
90	65	0
41	72	0
71	90	0
49	28	1
93	16	0
61	50	0
83	12	0
11	82	0
47	98	0
80	78	0
71	71	0
7	90	0
13	73	0
81	91	0
36	29	0
8	86	0
64	97	0
64	69	0
88	77	0
12	91	0
78	46	0
15	11	0
47	95	0
5	97	0
4	15	0
85	59	0
87	18	0
77	32	0
74	18	0
11	12	0
14	50	0
82	28	0
4	65	1
66	76	0
26	87	0
66	56	0
84	95	0
76	41	0
71	81	0
69	51	0
69	81	0
11	70	0
28	80	0
62	60	0
62	45	0
98	38	0
94	98	0
75	86	0
73	49	0
62	54	0
66	84	0
97	77	0
98	0	0
56	80	0
1	91	0
62	35	0
65	22	0
74	16	0
19	73	0
75	25	0
85	17	0
32	56	1
33	30	0
49	98	0
67	65	0
45	84	0
69	92	0
80	56	0
82	36	0
87	66	0
78	97	0
97	40	0
93	89	0
47	86	0
69	77	0
89	46	0
43	89	0
81	84	0
81	52	0
86	28	0
2	72	0
49	71	0
75	18	0
60	33	0
82	82	0
65	50	0
12	87	0
20	97	0
76	39	0
80	31	0
96	54	0
96	3	0
77	92	0
51	36	1
92	17	0
70	41	0
14	72	0
16	98	0
21	76	0
9	90	0
63	50	0
44	29	0
39	67	0
64	82	0
67	11	0
21	86	0
86	53	0
21	19	0
18	69	0
75	59	0
63	58	0
88	55	0
83	62	0
72	65	0
59	52	1
73	54	0
1	30	0
90	84	0
59	51	0
43	83	0
5	71	0
25	84	0
32	51	1
94	19	0
57	96	0
15	90	0
96	49	0
73	18	0
16	12	0
30	24	0
72	5	1
17	68	0
77	60	0
90	35	0
14	0	0
67	12	0
40	89	0
94	78	0
18	13	0
53	83	0
81	37	0
96	78	0
60	67	0
68	85	0
15	42	0
93	39	0
94	71	0
16	79	0
23	77	0
17	89	0
73	7	1
6	96	0
27	47	1
62	41	0
94	18	0
4	18	0
85	36	0
91	16	0
39	27	0
20	93	0
47	82	0
16	71	0
27	28	0
16	71	0
19	92	0
63	66	0
89	51	0
71	93	0
59	68	0
50	67	1
21	98	0
81	41	0
3	2	0
81	60	0
52	48	0
98	25	0
81	30	0
73	33	0
55	96	0
39	39	1
52	44	0
55	9	0
37	98	0
43	55	1
93	34	0
62	99	0
71	51	0
83	47	0
51	92	0
33	81	0
93	30	0
72	8	1
95	99	0
77	85	0
54	81	0
89	14	0
78	71	0
25	79	0
64	26	0
26	98	0
93	56	0
89	86	0
84	10	0
99	96	0
84	20	0
89	62	0
12	88	0
70	90	0
66	81	0
3	19	0
10	98	0
8	74	0
78	29	0
22	98	0
57	92	0
88	47	0
12	70	0
76	46	0
28	89	0
79	49	0
80	54	0
80	48	0
80	34	0
51	67	1
4	87	0
2	2	0
70	69	0
13	58	0
25	7	0
6	90	0
30	71	0
94	48	0
78	89	0
91	59	0
97	77	0
77	42	0
5	82	0
51	59	1
86	36	0
86	30	0
