91	71	0
44	22	0
40	26	0
43	97	0
11	7	0
90	32	0
90	80	0
45	15	0
67	80	0
43	23	0
99	40	0
6	80	0
21	7	0
20	59	0
99	17	0
84	72	0
58	33	0
26	52	0
99	64	0
91	7	0
46	97	0
68	64	0
80	90	0
58	0	0
42	82	0
55	6	0
78	79	0
60	90	0
92	72	0
7	22	0
51	35	0
42	20	0
86	37	0
41	48	0
88	66	0
12	96	0
52	96	0
97	22	0
76	90	0
48	1	0
21	59	0
85	56	0
86	65	0
54	70	0
94	54	0
14	84	0
17	39	0
67	4	0
86	65	0
17	70	0
59	0	0
10	78	0
54	91	0
35	76	0
99	62	0
49	37	0
33	32	0
87	71	0
97	88	0
93	18	0
8	90	0
96	11	0
44	3	0
75	74	0
47	13	0
7	91	0
85	5	0
46	74	0
73	97	0
49	68	0
5	29	0
71	87	0
25	44	0
14	64	0
90	33	0
14	38	0
30	84	0
42	95	0
62	20	0
35	93	0
54	93	0
4	22	0
99	11	0
97	27	0
44	51	0
78	36	0
24	26	0
85	54	0
27	34	0
40	15	0
37	4	0
69	37	0
12	90	0
69	9	0
59	87	0
43	13	0
51	29	0
91	44	0
35	64	0
77	48	0
10	57	0
78	87	0
0	76	0
30	97	0
94	50	0
60	9	0
45	71	0
29	60	0
61	1	0
64	47	0
7	61	0
36	3	0
29	50	0
42	35	0
76	93	0
58	43	0
19	99	0
81	4	0
60	68	0
80	87	0
97	3	0
62	74	0
48	77	0
36	7	0
56	96	0
93	78	0
81	55	0
34	94	0
64	33	0
35	19	0
19	43	0
79	6	0
8	69	0
90	68	0
94	27	0
88	36	0
34	54	0
57	19	0
82	76	0
14	17	0
38	10	0
78	61	0
37	35	0
72	83	0
73	91	0
47	15	0
42	31	0
57	46	0
13	45	0
27	59	0
16	54	0
74	81	0
45	55	0
45	95	0
83	51	0
76	72	0
54	86	0
24	34	0
96	64	0
6	25	0
48	45	0
21	9	0
29	79	0
41	80	0
89	35	0
37	30	0
72	20	0
42	82	0
56	28	0
53	45	0
83	79	0
28	57	0
56	72	0
32	87	0
43	49	0
43	11	0
59	7	0
29	73	0
30	81	0
78	82	0
93	65	0
25	85	0
29	36	0
89	63	0
31	49	0
30	88	0
54	83	0
42	51	0
29	6	0
16	35	0
72	96	0
84	94	0
64	82	0
67	31	0
3	62	0
60	5	0
76	25	0
70	22	0
71	31	0
17	59	0
1	67	0
49	49	0
76	30	0
36	62	0
88	29	0
37	98	0
25	67	0
39	22	0
81	76	0
36	57	0
36	8	0
14	90	0
62	9	0
99	85	0
71	89	0
94	5	0
1	80	0
20	63	0
94	35	0
54	73	0
45	39	0
54	58	0
50	72	0
56	62	0
17	73	0
30	58	0
69	8	0
1	64	0
63	82	0
84	43	0
41	91	0
77	56	0
63	24	0
45	72	0
13	80	0
34	95	0
54	42	0
70	33	0
24	37	0
88	62	0
79	43	0
76	64	0
1	63	0
49	16	0
11	82	0
62	61	0
62	44	0
54	46	0
52	22	0
6	55	0
88	26	0
49	5	0
69	68	0
52	78	0
71	35	0
98	40	0
95	1	0
1	63	0
97	75	0
27	98	0
94	70	0
42	95	0
57	34	0
55	10	0
19	90	0
70	31	0
38	65	0
45	83	0
48	8	0
25	95	0
82	90	0
79	84	0
69	37	0
89	77	0
14	96	0
46	55	0
57	0	0
68	28	0
29	13	0
37	2	0
58	10	0
52	54	0
79	43	0
39	47	0
38	50	0
36	69	0
73	88	0
78	74	0
60	77	0
79	2	0
83	42	0
78	9	0
26	41	0
25	16	0
80	34	0
68	37	0
78	69	0
10	39	0
42	66	0
56	24	0
28	85	0
23	93	0
23	79	0
98	67	0
41	27	0
34	2	0
26	56	0
87	67	0
64	21	0
80	92	0
12	0	0
65	97	0
5	70	0
36	86	0
40	28	0
3	56	0
79	10	0
19	35	0
75	1	0
51	10	0
88	8	0
36	46	0
24	46	0
75	26	0
87	59	0
7	25	0
25	34	0
4	62	0
36	96	0
6	88	0
46	88	0
58	71	0
51	43	0
66	24	0
39	87	0
49	71	0
85	93	0
30	29	0
18	53	0
28	39	0
59	76	0
73	87	0
26	23	0
85	17	0
32	5	0
54	4	0
64	14	0
35	47	0
79	66	0
81	8	0
17	37	0
46	10	0
50	47	0
38	38	0
26	60	0
85	81	0
79	51	0
13	52	0
52	35	0
96	14	0
60	8	0
52	27	0
56	34	0
28	25	0
2	72	0
68	83	0
24	77	0
27	90	0
22	97	0
53	11	0
44	38	0
90	47	0
84	51	0
8	78	0
87	72	0
65	73	0
80	31	0
68	91	0
82	4	0
85	60	0
73	60	0
37	16	0
52	49	0
34	47	0
84	79	0
68	17	0
94	7	0
27	42	0
39	89	0
71	74	0
87	15	0
4	62	0
96	28	0
43	93	0
77	24	0
64	48	0
39	57	0
53	36	0
20	38	0
41	46	0
66	83	0
86	33	0
34	23	0
74	73	0
20	65	0
10	97	0
95	84	0
35	36	0
2	84	0
62	37	0
89	17	0
82	44	0
4	69	0
66	37	0
46	32	0
47	47	0
9	96	0
76	17	0
55	8	0
89	51	0
47	37	0
24	74	0
17	4	0
65	59	0
60	93	0
0	56	0
47	70	0
45	78	0
53	26	0
23	93	0
10	43	0
19	43	0
65	12	0
84	31	0
93	21	0
77	87	0
21	59	0
29	23	0
43	25	0
79	9	0
70	57	0
71	88	0
19	41	0
60	92	0
95	70	0
36	79	0
74	6	0
64	45	0
77	29	0
74	10	0
41	18	0
44	20	0
96	8	0
85	32	0
0	78	0
83	14	0
89	98	0
8	96	0
95	64	0
49	54	0
19	23	0
97	99	0
64	48	0
10	99	0
69	31	0
67	40	0
65	61	0
79	65	0
27	74	0
79	73	0
37	91	0
94	76	0
14	29	1
39	95	0
99	80	0
31	33	0
37	30	0
56	68	0
56	93	0
45	60	0
68	97	0
64	50	0
27	59	0
29	63	0
79	19	0
8	85	0
93	42	0
15	86	0
51	71	0
42	87	0
85	38	0
43	52	0
22	37	0
48	21	0
81	55	0
70	16	0
94	96	0
62	93	0
40	54	0
58	2	0
34	37	0
50	86	0
36	19	0
47	57	0
77	72	0
30	23	0
94	98	0
46	16	0
26	11	0
58	26	0
24	76	0
33	16	0
12	61	0
88	89	0
60	87	0
59	46	0
74	5	0
40	71	0
45	51	0
98	50	0
90	3	0
0	68	0
77	5	0
68	72	0
76	29	0
42	15	0
34	69	0
83	80	0
40	63	0
41	77	0
82	31	0
17	56	0
76	22	0
40	68	0
66	86	0
29	93	0
81	12	0
94	23	0
66	14	0
32	78	0
20	90	0
15	86	0
65	40	0
74	68	0
70	80	0
14	45	0
76	42	0
69	63	0
77	74	0
56	64	0
14	65	0
18	66	0
44	26	0
42	20	0
7	32	0
44	57	0
33	46	0
85	30	0
74	35	0
77	2	0
73	49	0
53	71	0
20	56	0
50	30	0
95	81	0
57	91	0
83	63	0
24	54	0
49	79	0
65	44	0
35	50	0
76	26	0
16	47	0
41	24	0
81	52	0
92	96	0
56	55	0
11	62	0
46	5	0
62	60	0
22	87	0
38	32	0
86	89	0
99	76	0
21	84	0
61	61	0
5	75	0
78	55	0
39	57	0
48	55	0
34	77	0
61	74	0
4	56	0
83	75	0
65	60	0
92	50	0
23	62	0
61	91	0
54	27	0
98	24	0
48	35	0
99	16	0
14	89	0
36	34	0
38	69	0
90	55	0
29	50	0
83	62	0
12	97	0
17	85	0
95	86	0
49	30	0
3	78	0
79	94	0
44	68	0
90	69	0
19	93	0
94	31	0
25	3	0
33	82	0
39	75	0
34	14	0
23	39	0
6	23	0
87	72	0
97	13	0
63	8	0
75	30	0
97	42	0
35	12	0
23	49	0
99	34	0
8	56	0
62	93	0
7	55	0
26	80	0
66	56	0
56	93	0
80	50	0
65	86	0
38	33	0
72	63	0
40	61	0
82	54	0
16	71	0
50	29	0
31	80	0
84	38	0
65	28	0
93	72	0
96	97	0
94	73	0
43	65	0
10	21	1
60	38	0
57	72	0
35	24	0
27	10	0
34	72	0
10	33	0
58	3	0
57	86	0
73	77	0
87	4	0
14	49	0
58	84	0
14	93	0
57	7	0
61	41	0
59	20	0
35	22	0
23	35	0
46	23	0
77	1	0
38	96	0
62	33	0
32	90	0
89	16	0
30	52	0
45	64	0
76	25	0
81	78	0
60	72	0
34	64	0
43	91	0
78	77	0
85	43	0
19	72	0
82	83	0
81	97	0
25	35	0
16	50	0
94	49	0
27	82	0
99	85	0
65	95	0
39	5	0
72	63	0
87	64	0
69	86	0
80	52	0
91	76	0
76	41	0
19	54	0
3	59	0
66	85	0
73	38	0
51	60	0
53	4	0
32	21	0
89	75	0
8	60	0
26	53	0
60	31	0
41	17	0
56	32	0
19	88	0
26	34	1
3	63	0
12	80	0
78	51	0
14	25	1
74	19	0
92	34	0
82	7	0
53	80	0
3	54	0
54	27	0
56	46	0
50	87	0
87	12	0
23	32	0
64	62	0
43	85	0
19	97	0
38	64	0
30	85	0
35	25	0
80	74	0
44	42	0
44	81	0
58	37	0
10	44	0
68	61	0
67	22	0
27	79	0
87	41	0
32	34	0
33	46	0
27	14	0
0	63	0
80	66	0
82	67	0
40	55	0
92	60	0
80	73	0
75	30	0
60	14	0
82	76	0
77	21	0
0	58	0
83	79	0
27	26	0
69	35	0
21	64	0
4	90	0
34	92	0
32	59	0
98	33	0
14	49	0
57	92	0
8	85	0
93	67	0
60	56	0
87	33	0
18	1	0
48	29	0
60	3	0
4	79	0
50	54	0
88	65	0
76	38	0
12	9	0
11	46	0
68	15	0
15	79	0
79	1	0
47	76	0
36	30	0
87	97	0
11	18	0
27	98	0
99	58	0
31	6	0
89	90	0
51	55	0
68	58	0
45	31	0
95	33	0
89	79	0
5	62	0
7	74	0
15	49	0
9	83	0
5	99	0
80	20	0
37	48	0
7	91	0
48	10	0
74	7	0
38	64	0
68	56	0
51	21	0
32	68	0
31	31	0
90	19	0
0	44	0
85	66	0
90	9	0
59	48	0
25	20	0
48	5	0
12	90	0
50	66	0
44	59	0
33	12	0
5	92	0
2	92	0
62	57	0
92	35	0
29	25	0
26	69	0
93	89	0
51	29	0
59	79	0
66	91	0
5	78	0
72	28	0
50	55	0
21	35	0
95	70	0
53	68	0
96	14	0
78	14	0
88	24	0
63	95	0
45	65	0
40	61	0
73	11	0
40	7	0
68	93	0
67	70	0
20	54	0
67	42	0
62	93	0
81	20	0
87	54	0
28	72	0
50	59	0
21	32	0
92	31	0
29	56	0
82	7	0
92	96	0
70	59	0
59	78	0
71	39	0
70	79	0
6	96	0
39	5	0
7	90	0
10	62	0
58	73	0
69	87	0
71	8	0
92	96	0
90	11	0
87	88	0
64	11	0
81	35	0
80	44	0
53	38	0
21	85	0
64	98	0
67	79	0
23	46	0
9	32	0
23	94	0
9	62	0
43	5	0
39	49	0
21	63	0
39	33	0
4	44	0
99	56	0
43	29	0
15	55	0
30	74	0
76	76	0
2	3	1
96	65	0
15	64	0
60	50	0
27	61	0
76	41	0
51	37	0
6	41	0
19	56	0
79	56	0
67	55	0
86	55	0
2	68	0
64	57	0
1	83	0
1	20	0
86	72	0
16	60	0
37	5	0
38	31	0
14	92	0
22	82	0
78	39	0
67	68	0
74	57	0
77	84	0
44	68	0
53	36	0
3	71	0
48	66	0
35	44	0
63	56	0
79	21	0
