96	67	0
22	17	0
65	99	0
14	5	0
87	43	0
89	97	0
44	78	0
64	47	0
2	89	0
0	8	0
15	86	0
96	45	0
65	81	0
30	32	0
88	89	0
94	43	0
46	95	0
40	84	0
69	73	0
44	10	0
78	74	0
91	90	0
75	90	0
10	17	0
82	16	0
70	75	0
9	67	1
35	92	0
79	19	0
66	88	0
49	67	0
76	78	0
97	51	0
96	27	0
19	74	0
91	77	0
13	66	1
38	1	0
8	74	0
35	84	0
81	48	0
32	16	0
97	92	0
88	91	0
99	20	0
31	79	1
95	8	0
25	26	0
69	86	0
1	86	0
92	7	0
65	90	0
5	21	0
74	81	0
91	31	0
25	85	0
61	95	0
84	18	0
25	89	0
32	87	1
25	10	0
95	8	0
78	32	0
49	77	0
86	20	0
63	44	0
77	36	0
9	99	0
48	86	0
75	15	1
90	66	0
71	96	0
4	69	0
41	93	0
97	56	0
78	20	0
53	12	1
52	33	0
34	5	0
71	54	0
2	86	0
93	26	0
47	67	0
83	53	0
85	2	0
68	98	0
65	90	0
7	30	0
65	77	0
85	71	0
74	44	0
19	97	0
67	44	0
92	60	0
91	27	0
99	38	0
12	50	0
3	21	0
92	59	0
50	83	0
51	60	1
58	77	0
56	99	0
73	36	0
67	74	0
71	75	0
87	61	0
24	14	0
15	13	0
20	82	1
80	51	0
94	6	0
22	96	0
21	42	0
65	72	0
61	82	0
58	73	0
43	1	0
54	84	0
73	83	0
78	55	0
19	91	0
89	84	0
3	72	0
52	58	1
20	47	0
75	80	0
97	69	0
45	66	0
67	42	0
91	36	0
24	89	0
55	83	0
22	42	0
49	79	0
39	25	0
90	89	0
28	99	0
94	4	0
78	40	0
63	92	0
69	80	0
62	75	0
26	41	0
24	61	0
59	90	0
81	68	0
42	90	0
57	85	0
70	19	0
66	70	1
25	69	1
46	89	0
27	23	0
80	57	0
64	42	0
75	65	0
85	37	0
10	93	0
62	51	0
90	38	0
61	35	0
53	15	0
95	28	0
67	80	0
78	94	0
81	67	0
93	27	0
94	32	0
89	76	0
29	91	0
70	84	0
47	95	0
78	35	0
12	97	0
89	17	0
22	45	0
25	90	0
20	96	0
82	75	0
73	79	0
87	52	0
85	59	0
46	87	0
75	2	1
82	61	0
49	4	0
44	29	0
85	43	0
29	71	0
68	83	0
76	64	0
73	0	0
85	47	0
92	42	0
74	66	0
70	83	0
55	70	1
60	11	0
6	87	0
2	90	0
85	66	0
77	63	0
89	8	0
96	84	0
19	6	0
28	90	0
56	96	0
89	10	0
90	9	0
96	29	0
78	27	0
65	48	0
4	2	0
22	96	0
6	76	1
47	84	0
57	68	0
92	42	0
62	87	0
96	83	0
73	37	0
84	82	0
74	17	0
15	12	0
38	6	0
32	25	0
92	41	0
84	11	0
9	47	0
20	22	0
91	82	0
97	75	0
73	19	0
99	12	0
59	5	0
82	15	0
36	13	0
95	88	0
31	87	0
10	99	0
33	44	0
76	44	0
63	57	0
65	78	0
84	83	0
77	24	0
71	82	0
95	39	0
82	56	0
64	47	0
95	70	0
67	16	0
89	13	0
29	51	0
67	95	0
93	32	0
17	86	0
96	43	0
72	96	0
93	34	0
59	19	0
52	45	0
57	95	0
73	88	0
26	91	0
93	78	0
2	90	0
93	2	0
92	9	0
58	75	0
64	54	1
8	93	0
74	40	0
95	64	0
33	78	1
30	8	0
52	91	0
33	83	0
53	77	0
5	31	0
87	35	0
94	13	0
76	98	0
20	28	0
63	1	1
71	28	0
66	88	0
2	19	0
47	85	0
82	49	0
27	92	0
83	11	0
83	18	0
93	58	0
17	83	0
63	17	0
90	88	0
33	94	0
68	57	0
8	37	0
61	88	0
61	44	0
18	69	1
60	23	1
90	44	0
75	52	0
73	57	0
2	37	0
90	66	0
21	98	0
89	55	0
11	94	0
87	85	0
37	19	0
76	60	0
57	92	0
56	98	0
81	54	0
77	9	0
0	81	0
71	40	0
26	99	0
79	27	0
90	46	0
72	25	0
86	71	0
52	99	0
56	95	0
28	98	0
96	83	0
72	85	0
22	0	0
11	81	0
79	93	0
72	90	0
65	52	0
67	26	0
33	80	1
79	60	0
98	4	0
15	74	1
90	2	0
51	67	1
88	83	0
63	84	0
77	24	0
91	12	0
72	88	0
27	99	0
90	13	0
93	1	0
69	24	0
8	54	0
14	94	0
14	87	0
80	87	0
87	95	0
56	52	1
73	92	0
88	68	0
73	63	0
8	99	0
14	75	1
30	20	0
0	12	0
44	40	0
97	27	0
82	39	0
69	55	0
52	14	0
85	80	0
65	81	0
85	52	0
36	82	1
76	64	0
21	8	0
98	39	0
57	98	0
40	41	0
26	91	0
73	95	0
95	73	0
32	86	1
14	77	0
41	65	0
56	62	1
66	78	0
53	93	0
11	48	0
78	66	0
84	52	0
89	70	0
41	76	0
66	80	0
88	17	0
86	10	0
12	83	0
45	95	0
83	74	0
71	71	0
10	92	0
16	83	0
80	98	0
28	24	0
9	83	0
65	89	0
62	71	0
79	83	0
10	92	0
71	49	0
22	5	0
45	95	0
7	94	0
3	19	0
81	65	0
84	13	0
79	26	0
75	17	0
12	20	0
15	54	0
74	27	0
64	71	0
27	93	0
59	58	0
87	87	0
83	39	0
73	82	0
65	55	0
71	85	0
6	66	0
77	60	0
55	42	0
95	41	0
99	90	0
79	75	0
64	50	0
61	54	0
51	75	0
98	78	0
96	0	0
60	79	0
5	99	0
62	33	0
67	21	0
68	16	0
25	70	1
76	24	0
77	23	0
27	27	0
56	94	0
67	63	0
41	90	0
65	98	0
81	64	0
82	29	0
85	68	0
91	97	0
90	44	0
88	83	0
41	88	0
73	79	0
77	47	0
45	91	0
81	79	0
73	68	0
93	23	0
2	71	1
54	75	0
84	21	0
60	38	0
85	87	0
75	59	0
18	86	0
26	89	0
79	32	0
82	29	0
97	49	0
94	9	0
80	84	0
88	16	0
80	37	0
20	72	1
12	93	0
21	77	1
9	89	0
56	50	1
47	26	0
38	63	0
54	80	0
66	0	0
15	87	0
81	48	0
22	14	0
23	63	0
81	68	0
69	62	0
83	61	0
81	54	0
70	64	0
82	49	0
9	37	0
96	87	0
71	55	0
47	88	0
8	71	0
33	79	1
89	20	0
58	92	0
21	90	0
99	44	0
67	32	0
18	19	0
23	31	0
14	65	0
77	55	0
94	38	0
26	6	0
57	8	0
45	85	0
90	81	0
18	5	0
50	76	0
67	27	0
92	63	0
70	67	0
65	89	0
8	43	0
97	46	0
92	66	0
8	83	0
24	79	1
27	95	0
6	97	0
63	37	0
88	17	0
6	18	0
87	29	0
85	20	0
43	31	0
20	97	0
56	84	0
12	78	0
23	23	0
19	73	1
20	93	0
61	54	0
87	47	0
67	89	0
54	69	1
23	93	0
79	41	0
10	3	0
82	57	0
52	58	1
91	31	0
74	25	0
73	32	0
57	93	0
46	37	1
65	9	1
38	99	0
86	42	0
66	98	0
77	56	0
87	46	0
61	93	0
41	75	1
94	35	0
99	98	0
80	86	0
57	85	0
90	17	0
70	77	0
66	22	0
31	90	0
93	53	0
94	90	0
81	7	0
99	99	0
82	24	0
91	67	0
8	91	0
72	97	0
67	78	0
0	15	0
13	98	0
7	71	0
87	28	0
27	96	0
60	83	0
82	44	0
12	66	1
78	43	0
23	99	0
84	45	0
92	57	0
72	49	0
83	23	0
3	83	0
11	5	0
63	71	0
20	61	0
25	7	0
4	88	0
34	80	1
96	53	0
80	83	0
89	58	0
88	80	0
77	48	0
2	82	0
83	24	0
93	31	0
