91	67	0
30	14	0
60	99	0
11	2	0
97	49	0
95	97	0
42	74	0
65	44	0
1	89	0
3	9	0
12	92	0
88	48	0
64	84	0
30	32	0
91	81	0
90	35	0
44	93	0
43	74	0
68	77	0
51	8	0
35	80	1
84	71	0
91	84	0
80	99	0
7	22	0
85	20	0
73	69	0
10	63	1
34	92	0
85	16	0
72	87	0
53	73	0
80	79	0
95	49	0
98	30	0
19	75	0
93	70	0
17	65	0
46	5	0
10	75	0
31	89	0
86	47	0
47	34	1
43	17	0
99	96	0
88	91	0
97	15	0
29	76	0
94	9	0
25	20	0
70	86	0
0	84	0
86	0	0
68	92	0
5	28	0
71	75	0
83	30	0
21	88	0
54	97	0
82	24	0
31	91	0
35	87	0
21	12	0
99	11	0
80	34	0
49	80	0
87	22	0
61	45	0
70	33	0
6	96	0
49	89	0
78	3	0
94	66	0
4	62	1
64	87	0
3	75	0
41	89	0
97	57	0
83	25	0
59	9	1
59	40	0
11	68	1
35	9	0
71	61	0
1	90	0
93	28	0
40	72	0
85	61	0
84	1	0
65	90	0
65	83	0
2	29	0
64	75	0
89	71	0
71	48	0
10	98	0
67	40	0
75	5	1
87	60	0
91	29	0
99	39	0
16	50	0
52	72	1
6	20	0
90	62	0
56	78	0
55	60	0
45	42	1
56	73	0
48	97	0
75	31	0
61	76	0
61	80	0
93	53	0
28	14	0
46	36	1
19	12	0
24	81	1
77	46	0
92	1	0
29	95	0
22	45	0
63	71	0
57	78	0
50	76	0
51	5	0
48	88	0
73	89	0
89	56	0
21	94	0
89	79	0
7	75	0
53	62	0
11	41	0
74	77	0
99	67	0
49	71	0
67	43	0
92	34	0
35	95	0
58	77	0
23	37	0
45	77	0
39	23	0
92	90	0
29	89	0
94	5	0
24	80	1
89	35	0
57	98	0
73	80	0
67	72	0
25	41	0
17	65	0
66	2	1
60	93	0
88	64	0
48	91	0
62	85	0
70	17	0
55	72	1
33	79	0
48	91	0
22	17	0
82	57	0
62	45	0
71	60	0
76	35	0
18	96	0
64	54	0
86	42	0
73	30	0
54	20	0
98	29	0
70	82	0
76	95	0
71	65	0
98	24	0
94	23	0
89	83	0
35	98	0
67	88	0
50	98	0
89	32	0
14	97	0
87	28	0
21	45	0
21	91	0
31	98	0
83	78	0
73	74	0
95	54	0
90	58	0
24	81	1
50	82	0
73	3	0
78	55	0
48	2	0
39	30	0
85	41	0
26	66	1
43	58	1
29	72	0
74	91	0
84	54	0
53	66	1
87	0	0
89	41	0
97	42	0
73	64	0
69	80	0
52	64	1
67	13	0
9	87	0
5	94	0
85	64	0
81	65	0
88	7	0
91	85	0
21	2	0
32	98	0
55	96	0
44	31	1
93	15	0
94	6	0
97	26	0
74	27	0
64	49	0
7	0	0
25	96	0
17	76	0
45	83	0
44	72	0
92	40	0
61	91	0
98	88	0
66	34	0
86	88	0
84	17	0
13	5	0
39	1	0
36	30	0
99	42	0
82	10	0
9	50	0
16	21	0
86	81	0
99	65	0
74	30	0
97	11	0
64	2	0
79	13	0
36	15	0
14	68	1
94	91	0
36	87	0
5	99	0
30	40	0
69	44	0
70	58	0
74	76	0
79	77	0
79	28	0
66	83	0
99	43	0
78	55	0
64	50	0
99	69	0
69	21	0
95	21	0
28	49	0
66	99	0
47	69	1
95	27	0
20	84	0
94	43	0
71	93	0
89	31	0
62	20	0
53	45	0
59	87	0
62	23	1
74	79	0
21	91	0
94	81	0
2	83	0
91	5	0
91	16	0
52	73	0
62	49	1
10	97	0
74	38	0
97	62	0
45	43	1
29	80	1
28	12	0
52	88	0
37	83	0
51	78	0
5	68	1
0	21	0
66	0	1
80	36	0
97	8	0
80	96	0
24	26	0
62	12	1
64	37	0
65	90	0
0	13	0
44	85	0
87	43	0
26	85	0
82	8	0
53	17	1
84	20	0
92	55	0
15	86	0
68	13	0
90	96	0
35	99	0
69	65	0
11	38	0
59	90	0
60	42	0
16	70	0
58	29	0
93	48	0
76	46	0
71	60	0
12	43	0
98	61	0
25	98	0
88	56	0
18	92	0
84	79	0
34	20	0
74	64	0
59	85	0
57	96	0
83	49	0
83	9	0
6	77	0
73	42	0
17	98	0
57	55	1
85	27	0
87	53	0
74	19	0
77	71	0
48	94	0
55	94	0
35	97	0
98	76	0
75	83	0
71	2	1
20	1	0
52	43	1
10	75	0
80	93	0
70	84	0
75	49	0
68	27	0
41	74	0
81	54	0
98	8	0
14	69	0
86	2	0
56	67	0
83	86	0
59	89	0
71	24	0
88	11	0
74	86	0
24	99	0
88	14	0
89	3	0
68	24	0
10	55	0
14	87	0
13	87	0
76	85	0
82	98	0
57	53	1
75	93	0
85	60	0
76	61	0
8	90	0
12	78	0
33	23	0
2	20	0
41	38	0
98	28	0
85	35	0
73	54	0
61	58	1
50	19	0
84	82	0
63	80	0
89	50	0
28	87	0
80	60	0
20	10	0
97	46	0
59	98	0
36	43	0
31	99	0
72	94	0
88	68	0
28	86	0
60	27	1
8	69	0
43	68	0
65	64	1
59	76	0
59	86	0
15	46	0
72	62	0
78	45	0
91	68	0
44	75	0
72	84	0
46	31	1
88	14	0
61	50	1
86	12	0
10	84	0
40	99	0
80	73	0
66	71	0
5	90	0
12	74	0
80	96	0
36	28	0
10	85	0
64	97	0
60	74	0
86	83	0
12	91	0
76	50	0
14	12	0
41	97	0
5	98	0
1	16	0
87	60	0
84	18	0
77	33	0
71	18	0
9	15	0
10	50	0
78	25	0
2	65	1
68	72	0
28	89	0
64	57	0
85	90	0
78	43	0
70	83	0
69	49	0
71	82	0
7	68	0
30	78	1
69	64	0
58	44	0
97	39	0
97	95	0
75	86	0
73	54	0
62	56	0
65	86	0
99	78	0
99	2	0
55	82	0
2	93	0
59	34	0
67	22	0
71	17	0
26	70	0
77	26	0
81	19	0
31	28	0
55	96	0
68	61	0
42	84	0
73	95	0
77	55	0
80	37	0
88	65	0
82	95	0
94	41	0
91	92	0
49	88	0
69	78	0
85	46	0
42	96	0
80	80	0
79	58	0
91	26	0
1	75	0
49	76	0
74	15	0
60	38	0
83	83	0
73	51	0
12	88	0
19	94	0
75	38	0
84	30	0
98	50	0
99	5	0
77	92	0
47	35	1
89	12	0
70	38	0
16	73	0
13	95	0
19	76	0
6	86	0
59	52	0
43	26	0
39	65	0
62	79	0
69	6	0
18	85	0
84	55	0
18	19	0
20	70	0
77	62	0
64	55	0
88	55	0
87	57	0
68	65	0
77	55	0
0	29	0
90	86	0
62	46	0
44	87	0
5	70	0
27	82	1
94	20	0
55	97	0
14	90	0
98	48	0
70	20	0
14	15	0
31	27	0
74	5	1
20	64	0
78	60	0
96	35	0
16	0	0
63	8	0
36	87	0
90	80	0
13	9	0
51	84	0
74	34	0
96	72	0
61	62	0
65	89	0
9	40	0
98	42	0
93	69	0
14	77	0
23	74	0
21	91	0
75	9	1
6	96	0
64	43	0
93	17	0
4	13	0
86	34	0
95	13	0
40	29	0
24	96	0
53	82	0
19	74	0
26	24	0
16	72	0
21	91	0
63	63	0
91	49	0
72	91	0
60	69	0
55	68	1
18	99	0
80	38	0
7	0	0
82	55	0
54	52	0
98	24	0
76	27	0
78	33	0
55	96	0
38	38	1
52	43	1
62	9	0
37	99	0
47	58	1
91	37	0
62	99	0
73	53	0
85	44	0
52	89	0
33	77	0
90	34	0
98	97	0
77	83	0
58	84	0
90	15	0
75	73	0
26	79	1
63	24	0
27	98	0
94	53	0
94	87	0
82	10	0
97	96	0
82	26	0
88	62	0
8	87	0
73	91	0
67	80	0
2	20	0
12	94	0
4	73	0
84	28	0
22	95	0
54	91	0
85	45	0
11	70	0
79	40	0
28	91	0
81	47	0
81	55	0
79	49	0
83	31	0
48	63	1
1	86	0
4	2	0
71	67	0
15	59	0
22	4	0
7	90	0
29	71	0
97	49	0
76	86	0
93	58	0
93	79	0
82	47	0
2	78	0
50	63	1
83	35	0
86	30	0
