85	66	0
36	25	0
59	97	1
15	13	0
93	43	0
90	89	0
67	43	0
3	80	0
0	7	0
14	89	0
79	37	0
72	77	0
32	35	0
63	75	0
90	51	0
64	71	0
42	34	0
92	86	0
99	83	0
73	89	0
8	24	0
71	77	0
75	31	0
57	79	1
50	70	0
64	82	0
94	54	0
96	28	0
89	78	0
39	0	0
79	31	0
29	18	0
97	66	0
90	71	0
89	8	0
22	38	0
60	79	0
6	87	0
62	96	1
20	31	0
70	75	0
93	44	0
53	85	0
4	22	0
87	14	0
64	31	0
53	38	0
78	40	0
82	68	0
53	99	1
17	61	0
99	55	0
45	34	0
33	6	0
57	58	0
6	87	0
96	19	0
44	67	0
90	62	0
99	8	0
76	91	0
65	76	0
8	22	0
69	81	0
88	64	0
78	43	0
58	45	0
83	44	0
83	34	0
91	39	0
21	56	0
13	21	0
88	71	0
56	97	1
36	82	0
54	97	1
83	48	0
61	64	0
82	77	0
77	73	0
28	11	0
11	16	0
85	66	0
93	3	0
13	51	0
78	79	0
58	78	0
62	80	0
49	13	0
77	85	0
76	57	0
9	88	0
93	96	0
5	99	0
16	62	0
92	87	0
95	71	0
54	85	0
66	53	0
92	33	0
57	56	0
15	54	0
55	17	0
85	86	0
73	6	0
83	45	0
83	93	0
55	70	0
70	80	0
14	20	0
75	95	0
60	98	1
33	80	0
30	35	0
56	35	0
64	82	0
67	40	0
13	95	1
95	27	0
51	26	0
73	67	0
71	93	0
86	65	0
97	23	0
92	87	0
73	79	0
55	78	0
11	72	1
12	48	0
70	69	0
71	75	0
87	58	0
91	49	0
92	66	0
59	16	0
38	32	0
76	56	0
28	82	0
59	92	1
85	76	0
99	49	0
95	27	0
70	60	1
57	95	1
65	16	0
2	94	0
4	97	1
97	60	0
90	78	0
16	20	0
90	15	0
90	22	0
86	20	1
85	31	0
13	13	0
32	82	0
56	95	1
89	47	0
71	94	0
91	82	0
71	36	0
55	88	0
0	9	0
33	13	0
54	30	0
67	39	0
0	57	0
41	7	0
94	77	0
95	52	0
59	0	0
35	6	0
97	86	0
28	71	0
7	94	1
32	32	0
64	50	0
75	67	0
54	77	0
82	78	0
75	31	0
76	82	0
87	33	0
91	76	0
48	33	0
98	72	0
65	12	0
35	60	0
78	92	0
89	46	0
84	44	0
76	86	0
89	42	0
38	54	0
52	93	1
73	88	0
22	71	0
86	82	0
0	93	0
85	37	0
95	64	0
38	5	0
46	51	0
16	15	0
90	37	0
60	86	0
15	25	0
77	37	0
75	78	0
20	36	0
81	45	0
81	7	0
97	68	0
69	24	0
96	92	0
21	35	0
75	56	0
87	41	0
65	54	0
2	55	0
96	72	0
96	61	0
15	84	0
72	84	0
43	13	0
69	58	1
53	98	1
75	95	0
95	40	0
59	9	0
69	42	0
75	30	0
93	59	0
69	33	1
91	75	0
94	84	0
80	96	0
12	12	0
4	75	0
80	91	0
63	92	0
51	13	0
81	52	0
94	8	0
95	79	0
57	70	0
63	72	0
98	5	0
85	37	0
8	43	0
2	98	0
87	85	0
95	97	0
88	91	0
77	65	0
67	81	0
9	85	0
27	23	0
4	16	0
43	41	0
83	42	0
58	57	0
65	5	0
79	88	0
79	74	0
80	45	0
73	60	1
29	17	0
96	47	0
69	92	0
59	33	0
61	82	0
91	63	0
9	54	0
51	79	0
56	79	1
1	42	0
69	79	0
97	43	0
92	69	0
45	92	1
89	30	0
99	66	0
65	66	0
5	94	0
82	93	0
16	20	0
13	85	0
63	75	0
65	61	0
90	98	0
4	81	0
82	57	0
11	4	0
11	88	0
9	13	0
90	58	0
13	23	0
3	33	0
80	30	0
67	74	0
94	78	0
81	49	0
78	76	0
70	82	0
3	77	0
95	63	0
62	26	0
92	34	0
74	87	0
77	69	0
41	84	0
95	75	0
37	74	0
3	96	0
76	41	0
31	38	0
59	87	0
35	71	0
61	92	0
92	51	0
86	28	0
69	72	0
98	78	0
91	50	0
95	98	0
90	68	0
70	24	0
77	79	0
83	66	0
99	27	0
49	61	0
66	31	0
88	88	0
86	65	0
24	77	0
89	35	0
85	43	0
88	39	0
97	79	0
77	51	0
1	87	0
17	99	1
39	30	0
26	69	0
63	8	0
4	91	0
80	45	0
11	12	0
17	51	0
62	67	0
71	82	0
75	55	0
68	39	0
78	40	0
13	40	0
88	77	0
59	92	1
82	16	0
11	85	0
98	53	0
24	15	0
25	34	0
68	48	0
95	34	0
17	2	0
41	1	0
52	64	0
95	85	0
25	1	0
58	0	0
87	81	0
56	84	0
22	53	0
96	47	0
83	64	0
9	95	1
4	93	0
45	35	0
96	38	0
19	32	0
84	30	0
76	10	0
34	32	0
55	81	1
22	39	0
81	38	0
61	91	0
80	40	0
13	10	0
92	54	0
79	45	0
82	24	1
61	97	1
75	45	0
48	98	0
55	49	0
70	42	0
45	91	1
86	47	0
97	94	0
90	84	0
72	70	0
76	30	0
94	45	0
88	96	0
96	98	0
80	25	1
84	69	0
82	94	0
51	78	0
0	15	0
29	93	0
88	37	0
76	30	0
84	48	0
73	51	0
93	64	0
88	37	0
13	76	0
13	7	0
50	83	0
28	73	0
39	1	0
5	81	0
92	45	0
92	83	0
83	51	0
93	93	0
98	37	0
