87	61	0
31	28	0
59	94	1
8	14	0
92	46	0
89	82	0
73	39	0
6	77	0
1	6	0
13	88	0
77	35	0
75	79	0
27	32	0
64	69	0
91	49	0
67	67	0
43	35	0
92	85	0
99	84	0
68	91	0
3	27	0
69	84	0
76	30	0
56	75	1
47	69	0
66	82	0
85	49	0
98	29	0
89	77	0
37	3	0
81	32	0
34	18	0
97	63	0
92	73	0
88	6	0
18	35	0
55	81	1
6	86	0
18	33	0
72	77	0
93	40	0
53	81	0
8	20	0
89	17	0
62	30	1
51	35	0
75	42	0
85	67	0
14	59	0
95	54	0
46	34	0
31	12	0
60	60	0
0	95	0
90	23	0
37	68	0
85	69	0
95	11	0
80	92	0
54	83	1
9	21	0
72	87	0
81	65	0
83	40	0
60	51	0
83	40	0
84	36	0
85	38	0
30	60	0
17	20	0
83	74	0
44	84	0
79	44	0
60	69	0
82	75	0
82	76	0
24	13	0
10	13	0
84	65	0
95	6	0
15	54	0
77	78	0
53	78	1
55	76	1
47	15	0
71	80	0
78	55	0
10	89	0
96	94	0
6	98	1
14	59	0
91	87	0
94	70	0
52	89	1
67	51	0
96	30	0
49	56	0
15	52	0
54	9	0
82	86	0
73	6	0
83	51	0
79	95	0
57	62	0
59	78	0
14	18	0
77	95	0
38	80	0
23	29	0
61	37	0
63	89	1
65	49	0
12	95	1
93	27	0
50	25	0
70	72	0
71	88	0
82	66	0
96	27	0
85	85	0
75	83	0
57	67	0
14	42	0
71	69	0
74	72	0
92	62	0
90	37	0
90	66	0
63	14	0
44	32	0
77	54	0
32	83	0
84	75	0
99	49	0
92	24	0
69	61	1
62	97	1
59	17	0
5	93	1
96	56	0
93	72	0
12	22	0
92	14	0
84	21	0
83	26	0
9	11	0
36	82	0
93	52	0
67	91	0
85	87	0
71	28	1
52	93	0
3	15	0
37	22	0
51	33	0
62	41	0
1	59	0
46	10	0
92	79	0
91	54	0
65	0	0
29	15	0
99	85	0
31	70	0
5	95	1
37	29	0
62	54	0
77	61	0
55	82	1
82	73	0
74	29	0
78	91	0
92	32	0
88	80	0
52	28	0
95	74	0
61	12	0
36	55	0
77	93	0
89	43	0
94	47	0
85	92	0
96	44	0
32	49	0
65	83	0
19	79	0
80	77	0
0	96	0
90	35	0
96	67	0
40	5	0
47	52	0
20	9	0
95	27	0
66	85	0
10	39	0
78	32	0
73	77	0
22	36	0
81	46	0
79	11	0
98	63	0
70	31	0
96	95	0
17	41	0
77	56	0
88	41	0
57	45	0
0	54	0
97	76	0
93	60	0
16	88	0
75	86	0
42	21	0
66	61	1
76	96	0
94	42	0
67	5	0
62	45	0
70	32	0
92	60	0
64	28	1
87	81	0
94	83	0
79	95	0
13	11	0
3	73	0
78	89	0
64	93	1
51	16	0
86	54	0
90	8	0
99	81	0
62	70	0
63	73	0
99	3	0
87	37	0
7	38	0
6	97	1
85	83	0
98	97	0
89	89	0
71	65	0
62	78	0
16	90	0
25	27	0
3	10	0
40	38	0
86	38	0
65	63	1
67	11	0
74	90	0
75	74	0
83	44	0
30	14	0
92	46	0
64	92	1
59	26	0
63	80	0
96	60	0
11	44	0
54	83	0
5	45	0
67	82	0
96	42	0
90	69	0
82	30	0
90	62	0
66	62	1
8	95	0
79	97	0
18	20	0
4	88	0
60	78	1
66	64	1
88	98	0
6	76	0
87	55	0
11	7	0
13	81	0
11	9	0
89	59	0
14	29	0
8	35	0
83	31	0
67	69	0
94	82	0
84	54	0
78	76	0
71	83	0
0	80	0
90	60	0
63	24	0
93	35	0
74	86	0
78	61	0
41	85	0
94	77	0
46	74	0
5	92	0
73	41	0
33	40	0
52	82	0
39	66	0
64	88	1
97	51	0
86	30	0
67	66	0
94	75	0
89	39	0
99	98	0
91	65	0
62	21	0
83	74	0
88	59	0
99	27	0
45	60	0
68	35	1
92	87	0
87	65	0
26	75	0
82	34	0
82	41	0
87	41	0
97	84	0
74	55	0
1	98	0
42	34	0
25	70	0
61	12	0
2	93	0
84	50	0
14	14	0
20	57	0
52	66	0
79	85	0
74	59	0
66	47	0
84	41	0
15	43	0
90	79	0
61	90	1
78	12	0
9	92	0
96	51	0
19	8	0
20	33	0
73	41	0
95	34	0
17	4	0
42	5	0
58	61	0
97	84	0
27	2	0
65	2	0
86	86	0
55	84	0
26	48	0
96	50	0
85	64	0
13	98	1
10	92	0
51	38	0
93	48	0
16	36	0
84	30	0
77	8	0
34	36	0
26	40	0
81	42	0
59	87	1
79	43	0
20	15	0
94	53	0
77	42	0
75	49	0
54	91	0
54	53	0
69	39	0
82	43	0
93	89	0
87	84	0
73	71	0
75	24	0
91	48	0
87	99	0
94	97	0
81	66	0
84	94	0
53	78	1
8	10	0
28	96	0
84	49	0
74	27	0
89	48	0
78	47	0
93	61	0
89	40	0
20	76	0
8	9	0
44	88	0
27	69	0
41	3	0
9	84	0
99	45	0
93	84	0
81	49	0
96	99	0
95	37	0
