94	61	0
39	9	0
34	34	0
65	98	0
19	10	0
96	36	0
94	86	0
44	9	0
60	78	0
52	24	0
84	44	0
0	81	0
14	1	0
21	75	0
97	25	0
76	74	0
52	36	0
19	56	0
88	60	0
95	8	0
49	93	0
59	69	0
79	88	0
57	5	0
32	82	0
52	13	0
87	70	0
64	85	0
88	79	0
2	30	0
52	18	0
40	21	0
92	30	0
25	48	0
84	63	0
6	87	0
41	97	0
87	31	0
72	89	0
41	6	0
20	72	0
92	60	0
91	68	0
55	65	0
95	47	0
1	82	0
62	7	0
99	68	0
14	68	0
69	12	0
16	74	0
57	96	0
35	78	0
95	70	0
51	34	0
29	23	0
93	79	0
98	99	0
93	4	0
16	94	0
99	14	0
33	10	0
75	75	0
37	4	0
16	99	0
83	6	0
39	87	0
67	92	0
42	67	0
1	34	0
72	89	0
7	60	0
93	31	0
29	40	1
32	87	0
58	95	0
62	28	0
31	94	0
59	92	0
4	21	0
98	6	0
96	18	0
46	61	0
84	42	0
83	54	0
51	10	0
39	6	0
70	50	0
10	97	0
53	6	0
54	88	0
39	0	0
48	39	0
80	42	0
36	65	0
74	50	0
4	60	0
75	84	0
4	77	0
29	99	0
93	59	0
63	14	0
42	66	0
40	69	0
67	2	0
72	50	0
0	60	0
28	3	0
14	35	0
41	38	0
68	83	0
48	41	0
11	95	0
83	7	0
47	80	0
76	77	0
98	0	0
67	84	0
52	69	0
37	15	0
53	96	0
98	67	0
69	59	0
29	97	0
63	33	0
32	12	0
21	44	0
80	6	0
9	58	0
91	56	0
95	20	0
80	39	0
41	50	0
50	14	0
79	69	0
20	12	0
33	18	0
95	58	0
38	33	0
61	73	0
67	88	0
49	35	0
42	43	0
58	36	0
16	45	0
29	51	0
21	57	0
83	91	0
43	61	0
32	97	0
73	43	0
75	65	0
54	77	0
91	72	0
22	24	0
54	54	0
14	14	0
20	79	0
36	65	0
87	35	0
41	42	0
80	13	0
45	84	0
51	26	0
48	47	0
75	75	0
27	72	0
47	70	0
40	81	0
32	46	0
38	14	0
55	15	0
38	83	0
22	71	0
80	72	0
91	62	0
31	93	0
91	72	0
25	47	0
21	81	0
55	69	0
42	53	0
22	12	0
75	90	0
84	78	0
55	64	0
65	35	0
1	49	0
58	0	0
76	47	0
63	23	0
77	27	0
21	59	0
11	49	0
43	53	0
74	23	0
37	67	0
86	28	0
35	96	0
24	69	0
36	23	0
80	78	0
42	58	0
33	8	0
19	83	0
56	11	0
99	83	0
61	94	0
93	0	0
6	71	0
25	63	0
97	29	0
46	80	0
38	36	0
56	68	0
55	62	0
49	65	0
17	76	0
27	57	0
69	1	0
5	62	0
60	79	0
91	37	0
38	90	0
82	63	0
61	25	0
48	67	0
24	82	0
34	99	0
49	34	0
77	40	0
87	61	0
68	47	0
67	63	0
4	40	0
52	14	0
8	89	0
57	53	0
69	43	0
66	32	0
54	8	0
10	53	0
86	20	0
37	8	0
66	64	0
56	79	0
72	33	0
98	38	0
96	9	0
3	51	0
94	79	0
18	98	0
93	80	0
29	96	0
62	34	0
69	23	0
17	80	0
76	34	0
34	72	0
34	77	0
44	1	0
31	92	0
76	92	0
69	87	0
83	46	0
93	67	0
16	99	0
43	67	0
65	4	0
69	42	0
35	20	0
38	2	0
49	12	0
52	55	0
77	44	0
37	48	0
35	48	0
36	74	0
73	85	0
83	66	0
60	78	0
86	3	0
85	42	0
69	0	0
19	43	0
68	40	0
69	55	0
73	72	0
15	36	0
38	69	0
63	18	0
16	88	0
29	85	0
24	70	0
85	66	0
50	19	0
33	1	0
30	53	0
77	69	0
61	9	0
76	88	0
14	2	0
48	98	0
5	69	0
40	98	0
45	39	0
3	54	0
74	31	0
77	5	0
57	14	0
88	11	0
40	59	0
8	57	0
71	24	0
89	66	0
14	14	0
0	66	0
27	96	0
6	90	0
46	96	0
58	72	0
51	44	0
67	6	0
45	86	0
43	63	0
81	99	0
36	30	0
8	57	0
27	49	0
62	54	0
68	80	0
28	25	0
78	29	0
37	2	0
51	3	0
59	16	0
37	43	0
74	67	0
78	9	0
12	47	0
47	15	0
54	59	0
42	36	0
28	47	0
88	76	0
77	57	0
15	46	0
57	36	0
94	8	0
63	6	0
55	28	0
47	43	0
40	28	0
7	79	0
56	81	0
23	72	0
19	96	0
32	94	0
54	13	0
41	39	0
98	48	0
86	51	0
2	65	0
81	72	0
68	76	0
77	27	0
83	88	0
85	5	0
77	56	0
84	68	0
34	23	0
65	43	0
29	48	0
93	78	0
71	12	0
96	22	0
29	51	0
38	93	0
69	64	0
85	13	0
15	75	0
91	27	0
55	97	0
81	20	0
75	38	0
47	46	0
53	41	0
32	38	1
30	50	0
61	86	0
77	25	0
42	23	0
72	76	0
30	66	0
13	95	0
92	97	0
39	37	0
3	90	0
53	41	0
90	19	0
80	42	0
19	62	0
62	49	0
40	30	0
50	43	0
11	97	0
86	21	0
51	1	0
85	43	0
48	47	0
29	85	0
18	3	0
60	57	0
54	87	0
10	52	0
41	79	0
38	79	0
52	33	0
21	85	0
9	45	0
24	41	1
63	11	0
80	28	0
88	4	0
84	86	0
23	70	0
29	29	1
50	28	0
83	3	0
79	61	0
75	93	0
5	41	0
64	92	0
92	58	0
28	86	0
70	2	0
56	53	0
64	26	0
72	12	0
48	25	0
40	15	0
98	4	0
90	34	0
7	88	0
81	13	0
90	97	0
20	85	0
93	61	0
46	51	0
10	27	0
79	96	0
64	43	0
2	99	0
69	36	0
74	38	0
79	45	0
89	68	0
21	68	0
83	65	0
35	87	0
94	81	0
29	86	0
92	83	0
40	29	0
58	64	0
66	96	0
44	67	0
72	96	0
70	45	0
28	62	0
37	66	0
86	4	0
6	87	0
93	52	0
20	82	0
49	74	0
43	84	0
91	43	0
39	50	0
49	24	0
80	63	0
62	10	0
85	90	0
61	91	0
51	47	0
52	10	0
39	37	0
53	85	0
35	22	0
44	63	0
79	73	0
34	17	0
96	94	0
56	10	0
5	7	0
48	31	0
20	80	0
39	3	0
11	67	0
92	86	0
63	87	0
59	48	0
58	5	0
47	69	0
44	54	0
98	52	0
88	3	0
6	70	0
73	4	0
53	75	0
61	26	0
41	16	0
33	65	0
88	85	0
28	80	0
39	80	0
77	30	0
18	49	0
69	33	0
41	66	0
64	86	0
32	98	0
90	10	0
94	29	0
72	18	0
24	76	0
28	97	0
29	83	0
73	49	0
82	81	0
79	90	0
9	39	0
75	43	0
71	76	0
75	64	0
62	79	0
11	80	0
15	63	0
37	23	0
41	13	0
0	39	0
46	53	0
31	48	0
82	33	0
82	42	0
74	8	0
75	47	0
51	63	0
24	54	0
50	27	0
89	77	0
53	94	0
84	67	0
34	63	0
35	89	0
80	58	0
28	50	0
77	28	0
25	48	0
34	14	0
89	56	0
73	96	0
53	54	0
6	57	0
50	5	0
60	59	0
38	88	0
36	29	0
77	93	0
96	64	0
10	83	0
67	46	0
8	62	0
74	59	0
37	61	0
50	57	0
41	81	0
62	63	0
3	57	0
69	60	0
70	47	0
74	49	0
31	74	0
66	87	0
55	7	0
95	20	0
58	33	0
95	11	0
11	78	0
31	42	1
34	67	0
81	66	0
26	55	0
76	73	0
19	93	0
12	87	0
87	83	0
45	30	0
0	68	0
71	94	0
51	67	0
90	60	0
20	94	0
95	33	0
22	9	0
34	78	0
21	84	0
31	9	0
16	45	0
10	25	0
81	71	0
98	19	0
58	12	0
71	31	0
91	27	0
31	4	0
31	66	0
99	34	0
6	60	0
48	93	0
0	55	0
24	81	0
71	52	0
51	99	0
77	49	0
67	87	0
30	41	1
69	59	0
40	56	0
75	64	0
2	78	0
55	34	0
25	85	0
86	49	0
75	27	0
92	76	0
94	95	0
87	86	0
47	74	0
70	37	0
51	61	0
37	17	0
29	9	0
39	75	0
6	41	0
66	9	0
62	79	0
85	84	0
89	3	0
13	42	0
58	81	0
18	93	0
63	3	0
55	40	0
59	21	0
45	25	0
45	19	0
83	8	0
41	98	0
68	19	0
30	98	0
97	14	0
25	42	0
43	63	0
74	28	0
81	97	0
71	70	0
42	64	0
61	96	0
75	67	0
91	48	0
9	60	0
85	87	0
84	98	0
12	64	0
94	43	0
28	67	0
99	83	0
50	97	0
38	12	0
73	70	0
91	58	0
56	78	0
71	68	0
94	67	0
68	37	0
16	58	0
4	64	0
63	77	0
69	36	0
50	46	0
50	3	0
32	23	0
97	75	0
18	60	0
32	45	0
67	24	0
45	4	0
58	25	0
19	95	0
9	60	0
11	78	0
73	52	0
88	26	0
90	37	0
97	1	0
60	91	0
10	55	0
63	33	0
55	52	0
48	86	0
96	14	0
60	61	0
39	87	0
20	92	0
43	66	0
30	89	0
36	14	0
72	72	0
48	23	0
36	76	0
51	42	0
4	45	0
74	59	0
64	15	0
30	88	0
98	48	0
22	37	1
23	55	0
21	21	0
6	68	0
82	61	0
72	64	0
45	51	0
80	59	0
94	69	0
64	37	0
63	19	0
80	68	0
78	24	0
3	50	0
75	86	0
28	33	1
59	31	0
15	64	0
3	86	0
35	95	0
38	54	0
88	25	0
5	49	0
57	92	0
0	89	0
85	56	0
49	35	0
85	30	0
11	14	0
44	34	0
75	8	0
26	81	0
52	52	0
98	65	0
84	38	0
4	5	0
6	44	0
52	16	0
3	54	0
80	8	0
53	75	0
29	25	0
92	92	0
5	14	0
30	98	0
95	49	0
40	8	0
89	98	0
48	58	0
61	63	0
33	31	0
93	33	0
91	88	0
8	60	0
3	72	0
20	47	0
22	78	0
18	93	0
61	24	0
31	61	0
11	89	0
39	22	0
64	20	0
34	61	0
60	48	0
50	15	0
33	74	0
36	34	0
91	14	0
3	31	0
82	50	0
92	21	0
51	48	0
34	21	0
48	6	0
22	91	0
47	69	0
46	64	0
27	13	0
19	91	0
11	86	0
67	45	0
93	37	0
30	31	0
27	69	0
85	96	0
51	25	0
69	77	0
56	85	0
6	85	0
78	37	0
49	61	0
17	35	0
87	78	0
53	55	0
95	15	0
77	14	0
82	22	0
68	95	0
57	58	0
41	51	0
60	23	0
43	7	0
56	88	0
54	77	0
13	62	0
78	39	0
53	93	0
91	33	0
88	59	0
36	82	0
40	61	0
81	33	0
43	49	0
81	5	0
96	96	0
74	75	0
46	82	0
76	40	0
67	88	0
12	76	0
47	11	0
13	91	0
12	60	0
46	66	0
75	81	0
65	13	0
96	94	0
92	8	0
93	96	0
66	9	0
83	28	0
75	59	0
52	37	0
13	85	0
53	93	0
64	80	0
27	46	0
10	33	0
23	91	0
13	68	0
40	13	0
43	45	0
20	58	0
33	43	1
1	44	0
89	53	0
41	23	0
10	65	0
30	82	0
63	86	0
91	50	0
4	72	0
65	42	0
29	61	0
80	53	0
63	28	0
10	56	0
27	49	0
82	46	0
63	49	0
83	55	0
0	65	0
67	54	0
4	76	0
4	2	0
88	71	0
13	60	0
29	1	0
30	24	0
6	98	0
23	78	0
88	43	0
71	68	0
85	58	0
73	80	0
50	66	0
60	41	0
8	74	0
41	70	0
32	59	0
73	52	0
87	10	0
