90	68	0
51	18	0
41	16	0
49	98	0
6	21	0
92	31	0
96	86	0
40	15	0
76	83	0
41	38	0
78	36	0
5	84	0
16	15	0
20	61	0
99	18	0
96	73	0
62	29	0
30	48	0
99	62	0
90	0	0
43	81	0
69	81	0
73	96	0
68	0	0
43	92	0
57	0	0
75	78	0
69	94	0
98	57	0
3	36	0
42	38	0
45	28	0
91	28	0
45	44	0
90	66	0
14	92	0
59	84	0
97	24	0
80	93	0
55	0	0
22	53	0
80	52	0
96	62	0
59	74	0
98	43	0
12	82	0
30	42	0
61	10	0
91	56	0
12	67	0
61	9	0
30	86	0
49	95	0
33	66	0
96	61	0
40	28	0
43	37	0
77	75	0
93	95	0
83	17	0
14	95	0
91	13	0
45	3	0
74	73	0
45	19	0
14	81	0
79	11	0
40	80	0
85	85	0
63	65	0
14	24	0
77	83	0
30	35	0
19	46	0
89	37	0
11	36	0
41	76	0
49	82	0
71	21	0
40	98	0
63	99	0
0	3	0
10	13	0
97	12	0
99	18	0
33	48	0
82	41	0
24	20	0
77	58	0
31	47	0
37	11	0
40	10	0
72	36	0
13	89	0
72	8	0
54	74	0
39	10	0
46	28	0
96	40	0
37	73	0
79	58	0
23	58	0
76	92	0
4	78	0
44	82	0
86	44	0
63	4	0
44	67	0
15	62	0
56	2	0
66	60	0
13	61	0
45	5	0
42	60	0
30	39	0
94	85	0
54	43	0
0	0	0
30	92	0
77	8	0
68	67	0
14	32	0
88	82	0
93	12	0
69	66	0
57	76	0
33	8	0
55	96	0
77	79	0
75	55	0
34	98	0
68	26	0
41	23	0
20	36	0
82	10	0
3	77	0
98	72	0
99	17	0
86	32	0
40	53	0
56	19	0
86	78	0
4	16	0
37	11	0
88	68	0
34	41	0
83	75	0
79	89	0
57	15	0
45	31	0
55	63	0
9	50	0
28	73	0
14	58	0
79	72	0
36	51	0
48	96	0
78	56	0
70	75	0
49	83	0
16	41	0
89	71	0
4	31	0
41	45	0
25	14	0
17	75	0
42	78	0
93	38	0
31	31	0
85	16	0
37	81	0
59	28	0
48	40	0
83	83	0
23	53	0
71	80	0
34	87	0
30	57	0
37	19	0
62	6	0
36	77	0
17	77	0
73	85	0
91	54	0
14	84	0
20	32	0
98	67	0
29	61	0
27	91	0
47	88	0
41	51	0
34	11	0
19	39	0
68	83	0
83	96	0
57	86	0
77	23	0
5	72	0
54	2	0
78	16	0
68	28	0
73	25	0
23	56	0
3	65	0
53	60	0
78	35	0
34	70	0
91	26	0
38	91	0
33	64	0
35	16	0
73	73	0
29	55	0
37	10	0
5	95	0
68	14	0
99	87	0
84	90	0
97	15	0
2	78	0
14	68	0
93	46	0
53	74	0
39	47	0
50	65	0
57	71	0
47	56	0
8	75	0
31	64	0
68	6	0
0	66	0
62	97	0
82	47	0
43	87	0
86	59	0
47	10	0
44	65	0
19	80	0
38	93	0
60	32	0
63	33	0
21	31	0
96	63	0
72	42	0
79	61	0
7	74	0
56	18	0
5	88	0
72	61	0
55	45	0
67	49	0
55	16	0
1	55	0
82	41	0
55	7	0
73	65	0
43	86	0
75	40	0
96	38	0
99	5	0
2	68	0
85	73	0
18	96	0
97	64	0
47	90	0
61	29	0
47	0	0
23	94	0
68	37	0
41	59	0
44	76	0
49	5	0
20	90	0
68	94	0
87	82	0
69	33	0
87	68	0
13	88	0
51	48	0
50	6	0
69	25	0
32	14	0
35	3	0
48	10	0
58	49	0
71	36	0
33	54	0
33	47	0
45	62	0
67	85	0
88	82	0
59	83	0
89	17	0
84	53	0
81	10	0
22	52	0
33	10	0
85	36	0
61	26	0
70	70	0
5	38	0
49	74	0
53	26	0
27	95	0
33	94	0
20	71	0
92	63	0
44	30	0
39	8	0
27	58	0
91	59	0
72	16	0
80	90	0
21	10	0
68	92	0
8	77	0
47	85	0
41	36	0
0	53	0
78	4	0
21	29	0
89	16	0
46	21	0
12	3	1
83	13	0
34	46	0
19	48	0
82	24	0
91	54	0
1	26	0
27	32	0
0	64	0
36	85	0
18	86	0
4	8	0
45	85	0
55	69	0
49	42	0
66	24	0
48	91	0
40	69	0
88	97	0
41	34	0
13	47	0
21	40	0
56	73	0
83	91	0
46	20	0
87	7	0
29	2	0
63	1	0
57	13	0
20	43	0
76	64	0
69	2	0
16	33	0
46	14	0
55	48	0
44	49	0
24	60	0
85	80	0
76	50	0
14	58	0
48	35	0
97	10	0
59	6	0
63	18	0
58	42	0
26	29	0
7	70	0
70	73	0
17	79	0
35	88	0
22	97	0
50	26	0
42	41	0
86	58	0
75	41	0
7	84	0
75	81	0
60	87	0
15	32	1
77	27	0
59	98	0
73	3	0
86	60	0
79	49	0
29	13	0
40	43	0
36	45	0
87	83	0
3	8	0
72	23	0
93	3	0
17	39	0
30	97	0
67	72	0
87	3	0
6	57	0
96	32	0
44	96	0
75	13	0
66	47	0
51	55	0
45	38	0
31	37	0
43	37	0
70	87	0
79	39	0
38	35	0
76	68	0
23	59	0
15	93	0
90	86	0
34	36	0
0	79	0
63	25	0
90	15	0
80	45	0
14	60	0
66	45	0
38	36	0
50	45	0
1	96	0
70	24	0
53	11	0
85	57	0
47	24	0
27	82	0
20	2	0
76	46	0
13	0	1
71	98	0
2	77	0
40	57	0
46	76	0
55	29	0
21	96	0
16	45	0
32	40	0
59	18	0
88	27	0
87	22	0
84	87	0
19	60	0
32	23	0
29	32	0
82	18	0
56	59	0
69	90	0
16	35	0
70	98	0
86	63	0
34	71	0
65	5	0
70	41	0
77	20	0
76	10	0
43	23	0
42	34	0
95	4	0
80	27	0
1	71	0
87	12	0
99	97	0
3	99	0
87	56	0
52	47	0
25	17	0
97	89	0
66	57	0
13	97	0
65	30	0
79	43	0
83	51	0
83	63	0
30	72	0
71	75	0
41	97	0
78	72	0
23	29	0
32	99	0
97	82	0
35	35	0
27	40	0
66	79	0
60	92	0
44	68	0
59	95	0
56	53	0
36	66	0
29	69	0
84	26	0
20	93	0
85	51	0
26	90	0
49	64	0
42	77	0
84	35	0
33	32	0
21	51	0
53	25	0
92	66	0
70	18	0
85	96	0
74	99	0
39	51	0
68	0	0
27	44	0
37	89	0
36	31	0
52	69	0
68	79	0
27	22	0
83	99	0
38	26	0
25	21	0
63	39	0
26	78	0
44	14	0
2	55	0
87	82	0
60	89	0
53	46	0
78	11	0
49	70	0
42	51	0
97	59	0
86	5	0
0	70	0
76	0	0
68	73	0
74	33	0
37	16	0
34	71	0
84	77	0
26	70	0
56	80	0
76	24	0
10	64	0
69	18	0
45	62	0
62	99	0
30	93	0
87	5	0
94	21	0
64	12	0
36	87	0
13	89	0
7	86	0
74	40	0
68	65	0
69	82	0
18	50	0
77	34	0
67	67	0
89	72	0
55	61	0
20	62	0
24	65	0
38	23	0
42	28	0
0	42	0
48	64	0
41	46	0
95	32	0
75	33	0
76	2	0
86	41	0
54	68	0
25	56	0
57	30	0
91	75	0
63	87	0
94	71	0
14	50	0
61	75	0
66	49	0
32	55	0
79	34	0
18	52	0
41	22	0
78	54	0
81	95	0
56	55	0
18	66	0
46	5	0
52	64	0
29	85	0
43	27	0
86	80	0
93	72	0
17	99	0
54	73	0
11	75	0
71	59	0
34	53	0
46	60	0
35	76	0
61	71	0
20	27	1
10	64	0
96	78	0
73	57	0
96	57	0
28	61	0
52	87	0
61	27	0
93	28	0
37	49	0
98	9	0
18	90	0
28	31	0
32	75	0
89	58	0
20	47	0
82	68	0
20	96	0
8	72	0
12	5	1
91	87	0
42	31	0
4	68	0
78	86	0
50	64	0
82	66	0
27	95	0
99	37	0
27	7	0
37	81	0
31	73	0
35	19	0
24	37	0
3	15	0
82	71	0
91	5	0
60	6	0
74	12	0
97	46	0
31	6	0
30	48	0
99	41	0
11	55	0
59	80	0
2	58	0
17	74	0
77	55	0
47	93	0
78	48	0
72	80	0
31	35	0
77	68	0
38	58	0
83	48	0
13	75	0
45	36	0
33	71	0
82	33	0
57	34	0
98	80	0
97	96	0
88	81	0
32	68	0
18	32	0
57	40	0
47	74	0
31	13	0
25	3	0
39	70	0
18	38	0
57	2	0
70	82	0
75	65	0
91	17	0
6	48	0
67	88	0
1	92	0
54	8	0
66	52	0
69	16	0
37	16	0
25	35	0
40	17	0
72	7	0
41	87	0
54	29	0
31	80	0
73	14	0
32	44	0
49	64	0
75	23	0
89	71	0
62	70	0
33	65	0
50	85	0
74	84	0
82	46	0
21	64	0
74	76	0
63	94	0
18	44	0
21	57	0
97	35	0
33	91	0
94	85	0
70	86	0
47	0	0
58	59	0
88	56	0
67	84	0
86	51	0
98	78	0
83	29	0
11	62	0
6	58	0
71	88	0
76	40	0
51	61	0
57	9	0
33	13	0
82	70	0
28	33	0
13	61	0
46	51	0
53	38	0
35	18	0
49	25	0
15	82	0
24	39	0
9	61	0
15	71	0
72	44	0
16	18	0
63	11	0
98	27	0
80	1	0
56	77	0
7	58	0
62	30	0
48	33	0
61	82	0
90	15	0
36	44	0
57	63	0
55	79	0
16	97	0
40	67	0
39	85	0
28	29	0
74	82	0
44	47	0
34	86	0
63	34	0
14	46	0
60	63	0
58	25	0
30	74	0
81	38	0
55	42	0
44	46	0
31	14	0
10	60	0
76	69	0
71	65	0
40	42	0
88	62	0
85	72	0
74	27	0
59	7	0
80	78	0
78	13	0
6	67	0
71	76	0
38	19	0
68	38	0
15	67	0
14	87	0
39	90	0
28	51	0
97	28	0
20	53	0
51	98	0
18	89	0
99	69	0
56	59	0
83	41	0
22	0	0
51	21	0
59	4	0
12	78	0
62	57	0
82	64	0
72	45	0
16	0	0
25	43	0
69	12	0
6	82	0
79	3	0
44	68	0
49	23	0
78	92	0
0	26	0
18	91	0
98	52	0
34	14	0
98	81	0
58	64	0
75	50	0
46	26	0
90	31	0
91	74	0
7	68	0
0	80	0
19	55	0
10	86	0
1	88	0
79	25	0
42	41	0
3	92	0
53	8	0
69	5	0
42	53	0
72	44	0
49	21	0
25	65	0
26	24	0
84	14	0
15	42	0
87	60	0
95	2	0
58	58	0
31	15	0
53	10	0
13	96	0
56	77	0
38	64	0
38	14	0
2	84	0
7	89	0
67	56	0
91	40	0
38	27	0
28	76	0
24	28	1
98	93	0
52	33	0
58	76	0
66	89	0
1	81	0
75	26	0
59	62	0
23	36	0
99	75	0
45	67	0
98	21	0
74	12	0
88	21	0
79	92	0
42	63	0
39	79	0
81	22	0
29	7	0
62	94	0
68	74	0
19	47	0
71	41	0
68	91	0
80	13	0
96	53	0
29	76	0
60	52	0
31	33	0
85	22	0
31	47	0
65	0	0
93	99	0
76	65	0
51	78	0
81	25	0
76	73	0
7	87	0
39	6	0
17	91	0
2	65	0
64	71	0
68	93	0
75	9	0
94	98	0
82	13	0
83	77	0
64	4	0
89	34	0
81	44	0
52	38	0
12	77	0
54	89	0
58	77	0
19	53	0
7	41	0
31	97	0
9	64	0
39	1	0
28	50	0
14	62	0
43	33	0
2	41	0
93	54	0
52	21	0
12	48	0
27	86	0
76	79	0
0	1	0
90	65	0
16	70	0
63	44	0
32	57	0
88	49	0
56	40	0
0	11	0
4	52	0
23	59	0
94	64	0
70	48	0
96	63	0
5	58	0
71	60	0
7	78	0
2	22	0
85	59	0
28	62	0
39	11	0
35	30	0
13	82	0
32	87	0
3	6	1
79	46	0
73	67	0
77	59	0
75	79	0
39	76	0
46	22	0
1	68	0
50	70	0
37	43	0
59	52	0
85	10	0
