93	60	0
27	4	0
29	30	0
66	99	0
18	1	0
86	41	0
98	95	0
51	12	0
60	76	0
61	28	0
84	51	0
4	84	0
11	7	0
20	86	0
96	23	0
77	79	0
52	44	0
19	60	1
85	53	0
99	14	0
45	99	0
64	68	0
76	74	0
51	5	0
28	73	0
55	18	0
92	74	0
70	91	0
93	77	0
5	36	0
51	10	0
45	26	0
97	29	0
16	56	1
78	65	0
11	86	0
36	91	0
86	20	0
78	85	0
38	8	0
40	64	0
89	70	0
92	72	0
55	63	0
98	50	0
16	80	0
72	2	0
97	66	0
17	74	0
68	8	0
7	74	0
54	85	0
27	73	0
95	70	0
50	36	0
42	31	0
90	87	0
96	90	0
97	7	0
19	97	0
98	12	0
33	0	0
75	90	0
36	1	0
4	93	0
90	9	0
30	79	0
64	96	0
41	61	0
8	27	0
66	83	0
13	56	1
89	26	0
29	87	0
52	97	0
61	29	0
28	89	0
59	95	0
1	13	0
96	11	0
83	19	0
51	69	0
84	40	0
94	57	0
54	19	0
33	12	0
71	51	0
0	94	0
56	1	0
44	67	0
48	8	0
57	30	0
82	28	0
36	59	0
88	46	0
6	60	0
85	96	0
1	90	0
42	99	0
91	51	0
73	18	0
38	69	0
31	61	0
60	1	0
72	54	0
7	65	0
33	0	0
11	47	0
37	49	0
61	81	0
43	38	0
10	94	0
76	32	0
43	82	0
73	71	0
90	10	0
72	93	0
64	75	0
28	23	0
61	95	0
98	79	0
74	60	0
24	94	0
66	35	0
30	19	0
72	7	0
14	54	1
99	76	0
97	25	0
86	50	0
39	49	0
54	0	0
73	62	0
16	23	0
43	26	0
99	58	0
48	25	0
62	78	0
59	82	0
49	22	0
38	37	0
60	36	0
11	53	0
18	57	0
68	88	0
42	60	0
40	95	0
72	38	0
76	61	0
54	62	0
92	64	0
21	23	0
52	50	0
22	14	0
14	74	0
31	63	0
85	44	0
40	47	0
92	2	0
36	86	0
55	31	0
38	41	0
77	81	0
27	68	0
51	65	0
40	88	0
34	49	0
41	11	0
54	17	0
38	93	0
27	67	0
75	82	0
93	61	0
21	99	0
98	75	0
32	51	0
24	74	0
50	70	0
53	56	0
12	25	0
76	88	0
98	78	0
47	65	0
68	32	0
3	46	0
57	6	0
70	57	0
55	17	0
76	21	0
23	49	1
3	49	0
45	59	0
65	34	0
42	67	0
87	29	0
34	96	0
25	59	0
41	17	1
83	82	0
44	51	0
26	10	0
22	76	0
64	10	0
96	88	0
44	91	0
99	2	0
9	65	0
16	67	0
99	30	0
51	87	0
25	49	1
57	77	0
70	62	0
47	63	0
18	76	0
18	49	0
66	3	0
12	56	0
60	85	0
96	53	0
41	85	0
82	65	0
82	23	0
51	76	0
25	80	0
34	95	0
45	30	0
74	33	0
78	43	0
55	42	0
71	70	0
4	48	0
62	23	0
20	97	0
59	69	0
78	41	0
69	29	0
48	3	0
6	45	0
93	22	0
36	19	1
69	72	0
56	96	0
75	46	0
91	34	0
93	14	0
1	33	0
87	75	0
35	96	0
90	82	0
34	97	0
62	34	0
77	31	0
17	91	0
87	21	0
24	56	0
33	71	0
48	10	0
32	94	0
80	90	0
77	79	0
94	52	0
97	59	0
12	86	0
35	70	0
80	8	0
77	44	0
33	21	0
37	0	0
49	24	0
48	54	0
85	50	0
29	57	0
41	45	0
32	84	0
75	87	0
86	57	0
57	80	0
85	6	0
90	39	0
65	8	0
29	42	1
82	42	0
75	52	0
70	70	0
2	39	0
35	68	0
62	23	0
16	92	0
31	82	0
14	81	0
89	78	0
47	15	0
38	2	0
40	55	0
77	71	0
62	7	0
86	91	0
27	2	0
52	93	0
13	64	0
51	92	0
45	38	0
5	50	0
75	36	0
75	11	0
45	17	0
77	13	0
38	59	0
8	52	0
73	20	0
83	59	0
6	9	0
6	62	0
36	95	0
10	86	0
48	93	0
48	66	0
64	42	0
70	3	0
47	83	0
47	69	0
98	85	0
1	57	0
65	50	0
76	77	0
86	23	0
31	3	0
43	0	0
53	18	0
44	35	0
80	58	0
62	13	0
18	51	0
30	8	0
43	55	0
44	38	0
31	40	1
89	75	0
84	59	0
3	47	0
55	32	0
93	11	0
64	15	0
71	23	0
51	39	0
44	32	0
3	79	0
69	86	0
38	73	0
15	98	0
27	73	0
52	10	0
43	40	0
99	42	0
83	47	0
10	65	0
81	69	0
76	84	0
81	26	0
77	89	0
78	7	0
71	67	0
74	58	0
63	52	0
86	75	0
63	6	0
92	15	0
34	50	0
49	94	0
64	77	0
81	13	0
23	71	0
98	24	0
62	97	0
92	21	0
62	25	0
31	53	0
61	38	0
32	54	0
52	85	0
79	33	0
35	19	1
76	83	0
35	57	0
18	93	0
94	99	0
50	31	0
4	88	0
50	52	0
93	11	0
83	34	0
29	61	0
65	54	0
58	54	0
13	95	0
84	26	0
40	8	0
86	53	0
49	43	0
35	92	0
17	7	0
53	56	0
51	89	0
0	45	0
42	77	0
42	80	0
55	29	0
22	82	0
18	27	0
73	0	0
70	14	0
91	5	0
87	93	0
23	66	0
45	23	0
82	0	0
74	58	0
74	96	0
4	29	0
61	95	0
96	64	0
33	77	0
85	0	0
46	59	0
72	21	0
65	4	0
44	17	1
44	16	0
98	12	0
83	39	0
10	90	0
80	14	0
91	92	0
25	99	0
99	72	0
42	43	0
13	29	0
76	98	0
62	45	0
3	87	0
64	36	0
76	40	0
66	44	0
78	73	0
29	69	0
94	64	0
37	96	0
95	70	0
24	96	0
88	92	0
42	32	0
64	67	0
59	97	0
47	65	0
63	94	0
77	49	0
40	46	0
36	58	0
91	3	0
1	85	0
98	58	0
20	88	0
44	64	0
41	83	0
83	40	0
35	51	0
48	23	0
84	51	0
71	16	0
85	95	0
50	95	0
42	57	0
46	12	0
35	43	0
57	97	0
45	19	0
45	65	0
86	78	0
33	11	0
92	90	0
70	7	0
8	7	0
47	37	0
22	72	0
40	1	0
9	77	0
89	83	0
66	86	0
62	40	0
68	0	0
43	63	0
44	68	0
98	57	0
97	1	0
9	71	0
84	5	0
50	71	0
56	28	0
33	8	0
35	60	0
83	88	0
32	69	0
43	78	0
66	31	0
19	53	1
71	30	0
44	54	0
64	92	0
28	98	0
94	12	0
93	18	0
75	16	0
14	61	0
33	95	0
23	91	0
66	39	0
77	79	0
76	90	0
7	34	0
60	39	0
71	81	0
73	63	0
62	83	0
9	88	0
16	75	0
44	23	0
46	16	0
7	38	0
44	42	0
38	44	0
99	30	0
84	37	0
75	13	0
74	38	0
59	52	0
28	48	1
45	25	0
93	80	0
43	89	0
86	59	0
36	65	0
37	88	0
77	56	0
21	52	1
76	23	0
33	17	0
97	51	0
77	90	0
48	44	0
9	53	0
45	14	0
49	53	0
43	81	0
67	90	0
96	56	0
13	81	0
65	46	0
12	61	0
60	46	0
44	73	0
57	52	0
44	76	0
62	74	0
2	64	0
65	65	0
79	50	0
85	58	0
35	70	0
64	85	0
42	14	0
98	17	0
50	47	0
97	6	0
7	85	0
41	85	0
86	63	0
12	48	1
74	71	0
19	92	0
14	79	0
86	84	0
41	23	0
2	72	0
70	97	0
49	58	0
95	66	0
23	97	0
85	41	0
14	0	0
39	71	0
23	84	0
36	16	0
12	14	0
87	64	0
98	22	0
49	12	0
72	37	0
84	13	0
19	8	0
32	64	0
77	33	0
14	64	0
56	82	0
0	47	0
24	77	0
77	56	0
52	94	0
73	51	0
78	84	0
76	59	0
46	52	0
78	76	0
5	84	0
42	39	0
29	81	0
80	48	0
69	34	0
92	51	0
99	98	0
90	90	0
41	72	0
76	43	0
61	58	0
30	22	1
33	19	1
37	61	0
4	43	0
67	2	0
70	78	0
92	79	0
90	9	0
58	79	0
3	97	0
52	9	0
52	26	0
69	22	0
57	26	0
37	19	0
79	14	0
30	89	0
68	22	0
32	92	0
98	15	0
40	67	0
64	37	0
67	96	0
78	68	0
34	81	0
66	96	0
90	68	0
90	42	0
16	58	0
90	79	0
72	93	0
16	59	1
97	48	0
32	69	0
94	84	0
51	89	0
33	19	1
78	75	0
98	47	0
50	90	0
76	71	0
95	54	0
78	41	0
29	51	0
3	57	0
61	81	0
69	27	0
53	38	0
44	12	0
35	22	1
88	79	0
14	50	1
64	30	0
48	11	0
47	20	0
6	86	0
10	58	0
9	79	0
69	41	0
96	26	0
94	28	0
98	0	0
71	91	0
4	56	0
60	22	0
60	49	0
34	81	0
92	27	0
61	50	0
35	86	0
23	97	0
35	69	0
19	98	0
29	7	0
74	71	0
48	22	0
41	74	0
49	45	0
6	43	0
68	65	0
66	17	0
26	93	0
94	55	0
25	42	1
18	30	0
17	73	0
79	64	0
61	58	0
46	48	0
98	56	0
99	69	0
65	50	0
58	11	0
71	62	0
86	38	0
9	40	0
86	80	0
48	37	0
21	76	0
0	82	0
25	94	0
26	59	0
94	23	0
0	54	0
56	88	0
5	87	0
88	67	0
49	31	0
89	26	0
18	22	0
33	35	0
75	17	0
27	75	0
44	53	0
99	55	0
85	44	0
6	1	0
4	50	0
51	17	0
0	47	0
79	7	0
49	69	0
21	31	1
90	89	0
1	11	0
43	98	0
92	38	0
36	1	0
89	85	0
49	66	0
71	67	0
38	38	0
94	36	0
94	78	0
12	65	0
13	74	0
5	41	0
24	69	0
19	93	0
64	17	0
28	57	0
8	92	0
30	24	0
60	11	0
30	64	0
66	42	0
45	7	0
38	76	0
97	24	0
5	26	0
74	45	0
87	25	0
41	51	0
25	23	0
45	3	0
21	92	0
46	70	0
29	59	0
23	17	0
19	92	0
17	78	0
60	47	0
92	46	0
33	73	0
83	90	0
52	28	0
65	70	0
52	90	0
3	84	0
84	41	0
48	52	0
13	19	0
98	67	0
51	52	0
93	20	0
77	13	0
82	31	0
59	94	0
46	45	0
47	35	0
69	27	0
42	1	0
49	91	0
44	75	0
18	41	1
84	29	0
58	94	0
91	44	0
85	55	0
37	76	0
32	69	0
79	28	0
49	41	0
73	11	0
97	91	0
77	80	0
50	70	0
74	43	0
75	92	0
16	78	0
53	17	0
19	97	0
9	59	0
44	58	0
76	81	0
63	13	0
96	96	0
87	16	0
99	99	0
63	8	0
76	23	0
66	55	0
54	28	0
20	85	0
47	87	0
76	80	0
9	33	0
14	79	0
9	75	0
38	10	0
40	46	0
17	48	1
2	44	0
83	45	0
45	21	0
15	63	0
22	85	0
62	98	0
91	44	0
1	70	0
63	45	0
32	74	0
77	58	0
75	30	0
2	49	0
29	53	0
84	40	0
74	54	0
83	50	0
9	65	0
56	53	0
0	89	0
0	6	0
83	64	0
18	68	0
20	5	0
3	97	0
19	84	0
96	41	0
77	79	0
84	59	0
89	79	0
45	70	0
65	37	0
5	69	0
51	62	0
34	61	0
63	50	0
93	20	0
