94	65	0
48	18	0
43	16	0
46	98	0
5	22	0
96	33	0
93	84	0
42	15	0
68	77	0
33	37	0
83	38	0
7	82	0
15	10	0
26	60	0
99	25	0
95	72	0
66	31	0
32	50	0
97	61	0
94	3	0
44	84	0
67	78	0
75	92	0
70	0	0
42	86	0
61	2	0
75	81	0
66	93	0
96	62	0
0	35	0
46	39	0
47	27	0
84	30	0
51	47	0
88	62	0
16	93	0
57	88	0
98	25	0
76	99	0
54	3	0
22	48	0
81	50	0
88	66	0
54	73	0
95	43	0
15	83	0
26	44	0
61	10	0
89	61	0
14	65	0
63	7	0
27	84	0
52	96	0
35	66	0
96	62	0
41	26	0
40	32	0
79	73	0
95	95	0
82	19	0
9	95	0
89	10	0
44	4	0
77	71	0
42	17	0
13	83	0
79	11	0
41	77	0
79	94	0
58	66	0
11	26	0
79	81	0
26	36	0
21	49	0
90	36	0
10	35	0
40	76	0
44	86	0
70	19	0
37	97	0
61	93	0
3	2	0
7	14	0
97	14	0
94	24	0
37	51	0
83	41	0
23	18	0
79	57	0
30	44	0
34	11	0
42	8	0
75	35	0
15	90	0
66	8	0
53	78	0
40	6	0
48	30	0
94	45	0
33	72	0
82	56	0
17	55	0
73	88	0
8	78	0
43	85	0
88	50	0
58	0	0
49	68	0
21	65	0
59	0	0
59	57	0
13	62	0
46	6	0
38	53	0
35	38	0
91	91	0
53	44	0
3	4	1
27	89	0
76	6	0
64	65	0
22	31	1
84	78	0
97	9	0
69	66	0
54	76	0
30	13	0
53	98	0
82	81	0
80	53	0
32	98	0
67	27	0
43	22	0
19	40	0
85	10	0
4	76	0
96	67	0
99	21	0
88	32	0
40	57	0
59	16	0
86	85	0
7	16	0
47	14	0
90	66	0
36	38	0
77	78	0
85	90	0
50	14	0
44	30	0
55	62	0
5	45	0
25	70	0
11	61	0
80	73	0
41	50	0
45	96	0
78	59	0
72	75	0
52	85	0
19	45	0
89	64	0
3	30	0
41	51	0
22	18	0
23	76	0
36	81	0
90	37	0
35	34	0
84	16	0
35	86	0
60	34	0
50	44	0
78	80	0
24	55	0
66	85	0
35	87	0
32	52	0
32	23	0
60	11	0
34	78	0
23	78	0
80	82	0
88	58	0
11	86	0
21	36	0
99	71	0
28	60	0
31	93	0
56	86	0
41	52	0
28	10	0
18	38	0
67	86	0
81	94	0
56	83	0
73	25	0
5	73	0
54	5	0
78	23	0
68	27	0
70	24	0
21	58	0
0	64	0
52	58	0
75	32	0
37	65	0
96	26	0
41	89	0
30	62	0
34	13	0
79	72	0
31	53	0
31	3	0
9	94	0
67	11	0
97	87	0
81	88	0
94	15	0
0	79	0
11	71	0
99	45	0
51	73	0
40	46	0
52	62	0
56	70	0
49	62	0
12	77	0
36	62	0
69	6	0
1	66	0
65	93	0
83	47	0
41	90	0
86	61	0
52	15	0
46	69	0
22	82	0
36	99	0
57	35	0
67	29	0
24	39	0
97	60	0
76	42	0
78	61	0
8	71	0
55	23	0
4	87	0
70	61	0
54	49	0
64	45	0
52	20	0
3	57	0
83	35	0
50	7	0
75	69	0
47	81	0
68	32	0
95	34	0
95	3	0
0	68	0
91	68	0
24	97	0
99	67	0
44	93	0
66	29	0
53	0	0
23	93	0
67	37	0
42	59	0
44	77	0
46	6	0
22	89	0
71	90	0
87	81	0
72	37	0
89	70	0
17	88	0
45	49	0
54	9	0
64	25	0
27	14	0
37	1	0
51	8	0
57	55	0
76	37	0
35	54	0
31	53	0
42	64	0
71	87	0
89	83	0
61	79	0
81	15	0
81	50	0
80	11	0
21	54	0
28	15	0
83	36	0
66	32	0
73	75	0
7	41	0
49	75	0
54	21	0
29	91	0
31	93	0
22	74	0
96	65	0
44	21	0
37	8	0
27	58	0
88	58	0
71	16	0
79	91	0
12	7	0
67	86	0
8	74	0
49	87	0
41	33	0
1	49	0
82	5	0
22	35	0
84	13	0
56	15	0
85	11	0
34	44	0
17	48	0
83	25	0
90	58	0
2	24	0
22	35	0
5	64	0
34	86	0
17	87	0
2	12	1
45	87	0
55	75	0
49	45	0
72	24	0
45	93	0
40	68	0
90	95	0
38	33	0
14	47	0
21	44	0
59	74	0
81	87	0
39	25	0
85	9	0
27	4	0
63	1	0
59	14	0
24	43	0
77	64	0
74	3	0
12	33	0
43	19	0
54	41	0
44	47	0
20	58	0
88	81	0
76	48	0
12	55	0
50	33	0
95	8	0
56	7	0
62	21	0
53	40	0
25	34	0
10	73	0
69	73	0
15	80	0
31	90	0
22	99	0
53	25	0
39	43	0
91	51	0
72	44	0
6	82	0
79	80	0
60	82	0
76	29	0
66	96	0
78	2	0
81	58	0
80	55	0
30	13	0
41	47	0
33	39	0
89	83	0
1	4	1
69	24	0
91	2	0
19	38	0
35	91	0
65	73	0
83	8	0
5	61	0
97	30	0
47	94	0
77	20	0
66	48	0
49	56	0
49	40	0
27	38	0
43	39	0
71	80	0
83	39	0
43	30	0
75	70	0
27	57	0
15	93	0
91	92	0
27	36	0
0	79	0
66	28	0
94	15	0
80	48	0
6	58	0
64	45	0
39	35	0
44	48	0
2	99	0
69	19	0
50	8	0
89	54	0
51	19	0
28	80	0
23	7	0
72	51	0
66	93	0
3	75	0
44	58	0
45	73	0
56	25	0
25	98	0
14	43	0
28	38	0
60	17	0
85	27	0
92	18	0
87	92	0
21	58	0
30	25	0
32	31	0
86	18	0
61	60	0
71	90	0
21	41	0
70	97	0
89	67	0
36	77	0
66	9	0
66	40	0
74	23	0
75	8	0
47	21	0
43	31	0
91	0	0
81	33	0
0	74	0
86	11	0
93	99	0
0	99	0
88	54	0
51	45	0
21	17	0
94	86	0
66	58	0
13	94	0
61	24	0
81	35	0
82	55	0
81	64	0
30	71	0
76	76	0
40	98	0
81	74	0
16	27	0
38	98	0
94	82	0
37	38	0
31	35	0
61	81	0
55	96	0
44	67	0
59	99	0
55	48	0
35	64	0
28	66	0
87	19	0
20	98	0
86	44	0
27	92	0
51	68	0
43	81	0
88	34	0
33	41	0
23	50	0
52	24	0
92	62	0
65	12	0
90	98	0
72	99	0
40	56	0
62	3	0
31	44	0
39	90	0
38	23	0
48	63	0
69	79	0
28	23	0
87	99	0
39	24	0
26	18	0
65	38	0
23	78	0
43	15	0
6	57	0
87	85	0
54	89	0
59	43	0
81	9	0
47	72	0
45	54	0
98	59	0
83	4	0
5	70	0
79	1	0
70	71	0
75	34	0
37	12	0
35	68	0
84	78	0
29	65	0
48	86	0
79	23	0
12	61	0
70	23	0
44	62	0
67	96	0
33	93	0
87	7	0
94	29	0
63	17	0
35	87	0
13	88	0
8	89	0
71	45	0
68	63	0
68	80	0
11	43	0
74	32	0
61	65	0
85	75	0
52	61	0
21	60	0
26	61	0
39	22	0
45	23	0
0	41	0
42	65	0
36	47	0
89	32	0
74	29	0
77	0	0
85	44	0
57	71	0
23	57	0
58	28	0
92	79	0
61	90	0
93	70	0
18	51	0
56	74	0
70	47	0
30	51	0
74	30	0
20	58	0
40	23	0
80	51	0
86	97	0
58	57	0
14	60	0
50	3	0
53	60	0
32	88	0
35	37	0
84	84	0
91	71	0
15	97	0
65	72	0
11	73	0
80	56	0
32	48	0
49	60	0
32	76	0
57	71	0
19	30	1
10	61	0
93	79	0
72	53	0
96	55	0
24	62	0
55	88	0
57	29	0
94	24	0
39	41	0
96	14	0
22	87	0
30	33	0
35	75	0
85	56	0
22	43	0
84	60	0
13	98	0
16	70	0
9	10	1
94	87	0
38	31	0
2	70	0
76	86	0
52	63	0
82	71	0
19	92	0
98	34	0
30	1	0
35	88	0
34	77	0
37	22	0
19	39	0
7	21	0
82	73	0
99	5	0
59	8	0
71	17	0
99	45	0
34	12	0
26	53	0
98	44	0
7	52	0
57	83	0
0	59	0
24	77	0
69	56	0
47	94	0
79	49	0
71	84	0
29	39	0
72	62	0
41	59	0
80	51	0
15	78	0
47	34	0
30	77	0
85	34	0
58	34	0
99	71	0
93	98	0
88	76	0
38	68	0
15	27	0
55	42	0
47	75	0
32	17	0
23	2	0
34	72	0
20	36	0
65	2	0
69	80	0
73	68	0
94	12	0
6	45	0
66	87	0
8	91	0
56	6	0
68	52	0
63	22	0
35	18	0
27	37	0
36	15	0
75	8	0
39	88	0
56	30	0
32	83	0
80	10	0
32	45	0
46	61	0
75	19	0
86	70	0
64	71	0
36	65	0
48	91	0
77	83	0
84	46	0
22	69	0
73	78	0
66	96	0
21	39	0
20	52	0
97	36	0
30	87	0
97	85	0
70	86	0
46	1	0
59	63	0
94	58	0
64	83	0
81	50	0
92	75	0
86	33	0
9	59	0
8	58	0
71	86	0
77	42	0
55	62	0
59	13	0
31	14	0
84	66	0
19	32	1
11	60	0
40	50	0
54	38	0
39	23	0
49	32	0
13	84	0
25	36	0
8	59	0
17	77	0
69	49	0
18	24	0
68	9	0
96	31	0
77	0	0
56	77	0
9	57	0
59	30	0
52	34	0
54	85	0
92	12	0
35	38	0
53	60	0
48	79	0
18	99	0
37	69	0
35	85	0
28	24	0
75	81	0
38	47	0
36	85	0
63	31	0
12	39	0
61	65	0
62	24	0
31	77	0
76	36	0
50	42	0
45	44	0
28	10	0
9	65	0
78	66	0
76	67	0
42	46	0
86	59	0
82	73	0
68	22	0
59	7	0
80	83	0
81	12	0
4	65	0
77	81	0
42	20	0
70	37	0
22	68	0
12	89	0
34	94	0
28	58	0
94	25	0
17	50	0
51	98	0
15	85	0
99	68	0
55	63	0
84	37	0
24	5	0
48	26	0
62	0	0
6	83	0
58	58	0
86	65	0
73	46	0
16	0	0
23	44	0
71	11	0
10	83	0
78	3	0
46	67	0
45	26	0
80	94	0
3	21	0
21	91	0
99	52	0
32	15	0
91	78	0
58	60	0
72	53	0
42	33	0
90	33	0
95	77	0
6	64	0
0	78	0
21	54	0
5	88	0
8	91	0
79	24	0
44	45	0
5	94	0
48	5	0
68	6	0
39	55	0
75	52	0
48	19	0
31	63	0
29	30	0
84	16	0
13	39	0
90	66	0
92	8	0
55	51	0
25	22	0
57	10	0
14	94	0
54	72	0
39	63	0
40	15	0
4	92	0
6	91	0
66	54	0
95	37	0
40	26	0
29	78	0
97	92	0
50	30	0
57	74	0
70	87	0
3	78	0
70	26	0
54	58	0
20	39	0
96	71	0
45	67	0
97	13	0
78	13	0
83	21	0
75	92	0
42	65	0
34	75	0
81	25	0
34	11	0
69	94	0
66	73	0
20	55	0
70	45	0
65	92	0
77	9	0
97	52	0
30	75	0
59	52	0
30	29	0
85	24	0
34	49	0
63	5	0
88	96	0
73	65	0
53	77	0
82	30	0
78	73	0
7	89	0
41	5	0
15	97	0
1	64	0
65	67	0
74	90	0
73	7	0
94	93	0
83	12	0
79	83	0
66	4	0
83	37	0
80	42	0
56	35	0
11	82	0
60	89	0
57	74	0
20	55	0
6	39	0
33	99	0
6	63	0
39	4	0
32	51	0
16	61	0
41	34	0
4	41	0
93	53	0
53	23	0
8	52	0
24	86	0
80	82	0
3	1	0
93	69	0
18	68	0
56	46	0
34	64	0
86	50	0
58	38	0
1	10	0
2	50	0
25	60	0
92	61	0
74	52	0
97	63	0
3	59	0
74	65	0
3	79	0
4	24	0
93	60	0
25	65	0
44	13	0
35	31	0
9	85	0
31	89	0
2	3	1
82	47	0
70	65	0
72	56	0
76	79	0
41	75	0
47	23	0
5	67	0
49	64	0
35	47	0
62	49	0
88	19	0
