91	65	0
50	16	0
44	16	0
47	99	0
5	23	0
92	34	0
96	87	0
44	15	0
76	78	0
40	38	0
80	39	0
5	84	0
19	12	0
23	63	0
99	20	0
98	76	0
65	28	0
30	49	0
97	62	0
90	2	0
41	84	0
71	76	0
71	96	0
67	1	0
46	89	0
61	1	0
76	81	0
66	94	0
98	59	0
1	35	0
42	37	0
46	28	0
89	29	0
47	44	0
91	68	0
17	92	0
57	86	0
99	25	0
77	96	0
51	1	0
21	51	0
80	54	0
94	62	0
57	73	0
95	42	0
12	85	0
29	41	0
61	9	0
90	57	0
11	66	0
62	9	0
30	87	0
50	96	0
31	66	0
96	62	0
42	27	0
43	35	0
78	74	0
94	95	0
81	18	0
10	94	0
87	10	0
43	4	0
75	71	0
43	21	0
12	82	0
78	13	0
41	78	0
84	89	0
59	64	0
13	25	0
77	84	0
31	35	0
23	49	0
89	37	0
11	34	0
40	78	0
48	85	0
71	22	0
42	97	0
62	98	0
3	2	0
6	14	0
99	13	0
99	24	0
33	51	0
82	43	0
23	18	0
78	56	0
32	47	0
33	11	0
42	10	0
68	35	0
12	88	0
73	10	0
51	75	0
41	11	0
48	30	0
96	42	0
36	71	0
78	58	0
22	57	0
75	92	0
6	77	0
43	81	0
88	44	0
62	1	0
48	66	0
15	63	0
55	1	0
64	58	0
16	59	0
46	3	0
41	58	0
31	39	0
93	88	0
53	44	0
0	2	0
30	92	0
74	9	0
66	65	0
16	31	1
85	81	0
93	11	0
69	65	0
56	75	0
33	9	0
55	97	0
81	81	0
80	52	0
34	99	0
65	28	0
42	22	0
19	39	0
81	10	0
4	79	0
98	68	0
97	20	0
87	33	0
40	55	0
57	19	0
88	80	0
6	21	0
42	12	0
89	69	0
35	39	0
82	71	0
85	91	0
52	16	0
44	33	0
55	63	0
7	50	0
25	69	0
11	57	0
79	72	0
37	52	0
46	95	0
79	57	0
72	76	0
50	85	0
17	44	0
90	67	0
0	32	0
43	48	0
25	15	0
18	76	0
37	76	0
92	39	0
32	31	0
83	17	0
37	82	0
59	31	0
46	43	0
82	83	0
25	54	0
67	83	0
33	87	0
33	60	0
35	22	0
58	10	0
35	76	0
18	75	0
74	83	0
91	58	0
16	83	0
19	34	0
97	68	0
30	61	0
29	92	0
50	89	0
41	48	0
32	11	0
21	40	0
66	82	0
82	92	0
55	85	0
77	26	0
2	74	0
52	5	0
79	19	0
70	28	0
76	23	0
23	57	0
2	66	0
55	59	0
76	34	0
33	71	0
94	24	0
37	92	0
32	65	0
36	16	0
77	74	0
32	55	0
33	8	0
8	97	0
69	12	0
99	88	0
82	90	0
94	15	0
1	79	0
13	70	0
97	44	0
53	73	0
38	48	0
53	61	0
59	72	0
46	57	0
8	75	0
32	65	0
71	6	0
1	64	0
64	97	0
85	46	0
46	88	0
88	60	0
47	12	0
45	67	0
20	80	0
35	97	0
63	32	0
66	30	0
21	34	0
96	61	0
74	42	0
80	63	0
9	72	0
56	21	0
6	89	0
71	61	0
52	46	0
68	49	0
53	16	0
2	57	0
82	38	0
52	9	0
75	63	0
46	83	0
72	38	0
98	38	0
97	6	0
0	68	0
87	72	0
21	96	0
96	65	0
44	92	0
60	28	0
52	2	0
21	93	0
67	36	0
39	57	0
44	77	0
50	5	0
24	87	0
71	92	0
85	82	0
70	33	0
87	70	0
14	87	0
49	47	0
51	9	0
69	26	0
32	14	0
35	0	0
48	7	0
58	50	0
71	35	0
35	55	0
34	52	0
45	62	0
70	86	0
91	84	0
59	83	0
85	19	0
83	53	0
79	12	0
20	53	0
31	14	0
86	40	0
63	28	0
72	72	0
7	41	0
49	73	0
53	24	0
26	94	0
33	94	0
20	71	0
94	66	0
44	28	0
39	9	0
24	59	0
92	56	0
73	16	0
79	87	0
16	9	0
70	90	0
10	77	0
47	84	0
41	33	0
2	51	0
78	5	0
23	28	0
90	15	0
48	18	0
83	14	0
31	44	0
17	49	0
84	23	0
93	56	0
1	24	0
23	33	0
3	63	0
36	84	0
20	87	0
3	6	1
45	86	0
55	71	0
48	44	0
67	24	0
47	92	0
39	70	0
88	96	0
39	34	0
15	47	0
20	40	0
57	69	0
79	88	0
44	21	0
87	9	0
29	1	0
62	0	0
60	15	0
21	42	0
75	63	0
69	1	0
15	35	0
46	16	0
55	46	0
43	48	0
23	59	0
86	82	0
72	48	0
17	58	0
50	34	0
96	10	0
57	10	0
61	21	0
58	41	0
25	31	0
9	74	0
73	74	0
16	81	0
36	86	0
22	98	0
50	29	0
38	45	0
89	55	0
74	41	0
6	81	0
73	77	0
61	84	0
17	33	1
74	28	0
63	98	0
74	2	0
83	57	0
77	51	0
29	17	0
42	44	0
35	44	0
91	79	0
2	7	1
70	22	0
93	2	0
15	42	0
32	94	0
66	72	0
86	3	0
3	59	0
98	34	0
44	95	0
77	15	0
67	50	0
47	52	0
45	40	0
28	41	0
43	37	0
73	82	0
78	39	0
40	37	0
76	70	0
21	57	0
16	93	0
92	89	0
32	37	0
0	80	0
62	24	0
90	15	0
81	43	0
13	60	0
66	48	0
39	33	0
48	45	0
1	99	0
70	19	0
50	12	0
88	56	0
50	23	0
25	83	0
20	4	0
72	47	0
71	99	0
0	79	0
41	56	0
45	73	0
58	27	0
20	96	0
18	48	0
30	39	0
61	17	0
87	26	0
88	20	0
84	89	0
20	60	0
29	22	0
30	34	0
86	19	0
59	61	0
69	89	0
16	40	0
70	97	0
88	62	0
39	72	0
69	7	0
69	39	0
76	19	0
76	9	0
44	22	0
42	33	0
94	1	0
83	31	0
2	71	0
87	10	0
97	97	0
1	99	0
89	56	0
56	45	0
24	16	0
95	85	0
69	60	0
11	96	0
66	30	0
80	38	0
80	54	0
81	62	0
29	70	0
71	77	0
40	99	0
81	71	0
22	31	0
34	98	0
96	82	0
37	35	0
26	37	0
65	80	0
58	93	0
43	68	0
60	98	0
55	51	0
37	64	0
28	68	0
85	23	0
19	97	0
87	50	0
24	92	0
51	66	0
46	76	0
87	35	0
34	35	0
22	50	0
53	26	0
93	67	0
68	19	0
89	98	0
71	99	0
37	53	0
64	1	0
31	45	0
37	89	0
39	27	0
50	66	0
69	82	0
24	23	0
84	97	0
39	23	0
25	22	0
65	41	0
25	76	0
48	13	0
7	54	0
89	85	0
57	86	0
55	44	0
81	11	0
50	70	0
44	53	0
99	59	0
87	1	0
0	72	0
77	0	0
68	74	0
73	32	0
37	14	0
33	70	0
84	78	0
26	67	0
52	82	0
78	24	0
12	64	0
68	18	0
45	60	0
61	96	0
33	90	0
86	5	0
92	24	0
64	14	0
33	87	0
13	89	0
5	86	0
74	40	0
67	62	0
70	83	0
17	48	0
74	33	0
65	63	0
86	76	0
55	60	0
19	61	0
26	63	0
39	24	0
45	26	0
0	43	0
46	64	0
39	47	0
94	30	0
74	32	0
77	0	0
88	44	0
53	69	0
21	53	0
59	27	0
92	77	0
63	88	0
94	69	0
16	47	0
57	74	0
66	49	0
32	52	0
76	33	0
18	53	0
38	22	0
79	52	0
83	98	0
59	54	0
16	63	0
48	5	0
48	62	0
31	84	0
41	27	0
85	82	0
92	73	0
15	98	0
56	72	0
10	75	0
73	61	0
32	49	0
48	61	0
35	75	0
64	71	0
19	30	1
8	62	0
95	79	0
72	54	0
96	57	0
24	62	0
52	86	0
59	27	0
95	29	0
36	46	0
97	8	0
17	88	0
27	29	0
33	74	0
87	57	0
20	45	0
82	67	0
20	98	0
12	72	0
11	7	1
89	85	0
41	31	0
2	69	0
79	87	0
50	61	0
82	69	0
23	91	0
99	35	0
29	3	0
38	83	0
33	76	0
33	22	0
22	38	0
4	17	0
81	74	0
93	4	0
60	5	0
72	14	0
99	47	0
32	8	0
29	50	0
99	43	0
8	53	0
57	83	0
2	61	0
19	77	0
74	55	0
48	95	0
79	48	0
71	84	0
28	33	0
76	65	0
43	57	0
83	48	0
15	75	0
46	34	0
34	75	0
84	32	0
60	37	0
99	77	0
97	98	0
85	79	0
33	68	0
18	29	0
58	39	0
45	76	0
34	17	0
23	1	0
37	73	0
18	40	0
62	3	0
71	82	0
74	64	0
92	15	0
7	48	0
64	88	0
0	94	0
56	11	0
66	53	0
65	19	0
34	19	0
25	34	0
38	15	0
72	6	0
41	87	0
56	31	0
30	80	0
78	14	0
31	43	0
48	63	0
76	20	0
90	70	0
61	72	0
33	68	0
50	88	0
75	84	0
83	49	0
23	66	0
74	73	0
62	95	0
18	45	0
22	53	0
98	34	0
31	87	0
97	86	0
70	85	0
46	0	0
59	58	0
90	57	0
68	84	0
83	52	0
97	79	0
81	31	0
11	64	0
6	57	0
69	86	0
75	41	0
55	62	0
56	9	0
30	14	0
85	69	0
24	32	0
10	62	0
43	52	0
54	38	0
38	19	0
47	31	0
15	85	0
23	38	0
8	62	0
15	73	0
71	46	0
18	21	0
65	12	0
97	29	0
79	1	0
57	76	0
4	58	0
61	30	0
50	33	0
56	79	0
94	14	0
33	42	0
56	61	0
53	80	0
19	97	0
39	67	0
36	84	0
27	25	0
74	81	0
42	48	0
32	85	0
63	28	0
14	41	0
60	61	0
61	24	0
30	74	0
82	39	0
54	43	0
46	46	0
30	12	0
9	64	0
75	70	0
73	65	0
42	43	0
86	59	0
84	73	0
72	27	0
63	8	0
77	80	0
76	12	0
7	67	0
74	78	0
40	20	0
73	38	0
19	65	0
13	87	0
38	92	0
28	54	0
96	27	0
19	54	0
50	99	0
17	86	0
99	70	0
56	62	0
82	39	0
22	3	0
51	22	0
59	3	0
10	80	0
64	58	0
84	64	0
73	47	0
15	2	0
23	46	0
71	12	0
8	81	0
77	0	0
48	65	0
48	24	0
79	94	0
4	22	0
21	89	0
97	54	0
34	13	0
96	84	0
59	65	0
73	52	0
42	28	0
89	31	0
92	75	0
7	66	0
1	80	0
20	54	0
8	89	0
2	88	0
80	26	0
45	42	0
5	94	0
52	9	0
68	6	0
42	53	0
75	48	0
48	21	0
26	61	0
29	28	0
84	14	0
10	41	0
87	63	0
93	4	0
57	53	0
28	16	0
56	10	0
13	93	0
55	73	0
39	63	0
39	17	0
3	86	0
7	88	0
68	54	0
94	38	0
41	27	0
30	78	0
99	94	0
54	30	0
57	76	0
67	86	0
0	78	0
73	25	0
56	60	0
23	35	0
96	75	0
45	67	0
97	16	0
74	13	0
87	21	0
77	93	0
42	64	0
37	79	0
82	21	0
30	7	0
63	96	0
68	75	0
19	50	0
73	42	0
67	92	0
80	11	0
97	54	0
31	77	0
60	51	0
32	30	0
85	21	0
31	47	0
68	1	0
90	97	0
77	65	0
53	79	0
81	25	0
77	75	0
8	88	0
39	6	0
16	93	0
2	65	0
65	69	0
70	92	0
75	9	0
93	97	0
83	10	0
82	79	0
65	4	0
85	34	0
84	45	0
54	35	0
11	77	0
59	89	0
56	76	0
16	52	0
9	37	0
33	99	0
11	64	0
42	1	0
30	52	0
13	63	0
42	33	0
0	42	0
95	52	0
52	23	0
11	50	0
26	84	0
77	80	0
1	2	0
90	64	0
16	67	0
61	43	0
31	61	0
91	49	0
58	41	0
1	9	0
1	49	0
23	60	0
91	63	0
74	51	0
95	65	0
7	56	0
73	61	0
7	79	0
5	22	0
88	58	0
27	64	0
40	12	0
36	28	0
10	84	0
33	90	0
4	3	1
83	44	0
73	67	0
75	58	0
76	77	0
39	75	0
46	22	0
3	67	0
54	69	0
37	45	0
62	52	0
86	14	0
