92	62	0
52	15	0
44	21	0
46	88	0
0	43	0
87	31	0
96	79	0
12	6	0
45	12	0
67	89	0
45	38	0
76	46	0
4	91	0
27	6	0
18	55	0
96	4	0
84	80	0
66	29	0
30	65	0
96	61	0
97	2	0
38	75	0
70	78	0
79	84	0
76	1	0
21	92	0
58	17	0
75	75	0
68	91	0
96	58	0
1	42	0
30	31	0
42	20	0
80	20	0
46	50	0
86	75	0
6	92	0
66	68	0
92	15	0
85	96	0
43	16	0
25	59	0
67	53	0
99	61	0
59	87	0
93	50	0
20	99	0
32	44	0
59	13	0
91	45	0
24	64	0
58	7	0
34	84	0
62	94	0
31	67	0
95	72	0
55	19	0
39	59	0
86	74	0
99	93	0
78	9	0
23	96	0
90	4	0
50	12	0
92	66	0
42	24	0
16	88	0
92	6	0
33	81	0
87	72	0
60	51	0
22	30	0
94	78	0
23	40	0
27	50	0
91	37	0
25	15	0
15	40	0
39	81	0
60	96	0
72	26	0
44	96	0
71	92	0
5	6	0
14	29	0
94	14	0
93	15	0
50	49	0
84	38	0
22	30	0
76	49	0
46	47	0
26	10	0
31	2	0
72	50	0
23	82	0
55	0	0
45	83	0
38	2	0
34	27	0
86	42	0
51	62	0
57	47	0
20	77	0
70	75	0
0	82	0
49	92	0
83	48	0
70	20	0
51	79	0
2	55	0
62	8	0
52	70	0
6	79	0
51	1	0
25	55	0
20	30	0
94	78	0
10	29	1
42	26	0
3	0	0
37	95	0
87	1	0
61	64	0
12	38	0
78	78	0
96	17	0
65	65	0
52	85	0
31	20	0
60	97	0
16	15	0
72	79	0
65	50	0
27	94	0
78	32	0
40	33	0
21	24	0
71	7	0
10	7	0
0	76	0
13	12	0
94	80	0
93	9	0
86	40	0
50	59	0
65	8	0
88	88	0
5	2	0
37	19	0
13	10	0
81	76	0
36	40	0
89	75	0
82	80	0
55	29	0
58	35	0
75	56	0
3	48	0
29	75	0
14	57	0
87	77	0
46	60	0
34	95	0
86	44	0
73	70	0
60	84	0
21	36	0
95	79	0
4	48	0
30	34	0
19	23	0
24	75	0
29	69	0
99	21	0
47	32	0
75	8	0
42	82	0
69	23	0
56	33	0
77	74	0
24	50	0
67	60	0
36	97	0
31	66	0
27	4	0
69	22	0
21	95	0
5	88	0
64	82	0
83	48	0
20	86	0
23	46	0
82	71	0
22	51	0
33	75	0
36	88	0
55	41	0
31	2	0
19	43	0
77	89	0
91	85	0
61	95	0
69	15	0
9	55	0
62	8	0
58	23	0
60	26	0
78	19	0
30	64	0
3	74	0
50	68	0
63	38	0
32	68	0
86	22	0
59	87	0
37	75	0
22	14	0
87	80	0
32	75	0
43	0	0
3	85	0
83	20	0
95	72	0
77	86	0
84	24	0
1	79	0
23	85	0
96	48	0
58	69	0
34	45	0
42	77	0
72	67	0
49	59	0
13	80	0
35	65	0
66	5	0
10	59	0
65	97	0
69	42	0
28	83	0
90	66	0
40	10	0
39	60	0
6	70	0
38	93	0
58	28	0
74	17	0
18	38	0
91	61	0
63	40	0
79	48	0
13	91	0
58	13	0
19	81	0
65	69	0
61	57	0
68	59	0
58	2	0
24	13	0
9	55	0
76	49	0
51	12	0
67	54	0
46	86	0
63	53	0
90	28	0
95	11	0
17	61	0
84	66	0
20	89	0
15	14	0
96	54	0
38	96	0
49	36	0
48	2	0
10	97	0
74	40	0
44	56	0
36	77	0
42	7	0
17	83	0
82	82	0
84	76	0
59	33	0
88	71	0
14	89	0
39	43	0
67	2	0
72	21	0
29	26	0
53	5	0
61	13	0
54	38	0
66	36	0
27	50	0
21	49	0
56	47	0
72	72	0
85	82	0
45	98	0
75	13	0
96	57	0
73	8	0
13	54	0
20	12	0
91	38	0
55	31	0
73	75	0
14	46	0
49	63	0
62	23	0
30	96	0
27	91	0
38	75	0
96	48	0
44	23	0
48	1	0
29	43	0
90	54	0
71	6	0
65	95	0
26	2	0
69	91	0
6	79	0
45	78	0
31	24	0
4	51	0
14	15	1
84	11	0
19	32	0
80	19	0
40	6	0
10	5	0
82	15	0
26	66	0
25	44	0
90	30	0
90	47	0
11	37	0
24	38	0
4	52	0
31	90	0
12	75	0
2	10	0
35	94	0
51	69	0
46	19	0
10	16	1
56	32	0
42	84	0
38	69	0
89	98	0
33	30	0
18	56	0
36	45	0
54	68	0
77	97	0
45	13	0
69	2	0
29	11	0
44	8	0
58	0	0
19	56	0
75	58	0
63	0	0
26	47	0
62	3	0
55	57	0
48	53	0
34	58	0
79	81	0
69	51	0
17	69	0
54	38	0
19	16	0
98	8	0
43	2	0
63	22	0
53	30	0
18	42	0
8	72	0
61	71	0
11	82	0
37	99	0
27	88	0
39	21	0
41	39	0
88	66	0
56	36	0
9	70	0
77	82	0
4	19	1
64	85	0
29	32	0
68	21	0
71	91	0
68	7	0
96	62	0
76	43	0
40	23	0
35	41	0
37	40	0
88	76	0
16	20	0
70	20	0
83	6	0
9	53	0
34	85	0
78	75	0
79	1	0
3	66	0
93	45	0
58	96	0
10	13	0
69	3	0
59	60	0
37	58	0
57	49	0
23	35	0
47	40	0
75	81	0
64	52	0
40	29	0
70	72	0
23	48	0
22	81	0
77	87	0
44	15	0
1	80	0
74	18	0
83	21	0
71	44	0
18	63	0
68	17	0
20	26	0
57	45	0
13	95	0
68	49	0
54	8	0
88	51	0
42	26	0
28	75	0
45	1	0
78	35	0
6	2	0
62	92	0
8	90	0
29	37	0
52	73	0
57	31	0
11	96	0
13	48	0
17	39	0
55	16	0
95	36	0
75	21	0
88	98	0
32	62	0
18	23	0
39	18	0
42	29	0
91	13	0
57	61	0
81	78	0
30	35	0
64	96	0
74	56	0
39	78	0
78	1	0
71	41	0
80	15	0
65	21	0
43	24	0
30	32	0
96	7	0
64	23	0
6	73	0
97	6	0
95	85	0
5	94	0
8	30	1
92	66	0
43	49	0
37	2	0
93	85	0
82	59	0
22	99	0
67	27	0
74	38	0
90	61	0
9	20	1
85	72	0
33	80	0
77	79	0
29	98	0
93	71	0
31	46	0
23	86	0
97	86	0
32	31	0
31	35	0
70	72	0
70	95	0
50	74	0
14	12	1
47	79	0
62	61	0
38	58	0
34	72	0
88	20	0
12	92	0
83	49	0
25	76	0
38	62	0
47	80	0
89	32	0
28	31	0
21	50	0
4	15	0
62	40	0
99	70	0
58	22	0
79	90	0
70	93	0
31	39	0
49	16	0
28	47	0
18	77	0
33	29	0
53	68	0
68	95	0
33	28	0
75	85	0
53	33	0
39	12	0
69	37	0
24	75	0
47	11	0
7	59	0
96	83	0
57	98	0
45	56	0
76	12	0
47	68	0
46	57	0
95	57	0
92	1	0
2	68	0
74	5	0
84	80	0
68	29	0
34	0	0
28	68	0
78	77	0
33	86	0
54	76	0
84	16	0
14	76	0
57	17	0
56	73	0
63	94	0
30	92	0
96	10	0
91	18	0
69	8	0
42	92	0
11	88	0
0	89	0
77	57	0
75	65	0
82	64	0
10	44	0
84	50	0
63	51	0
8	21	0
79	68	0
66	62	0
16	44	0
16	66	0
39	26	0
42	39	0
11	58	0
58	56	0
45	47	0
98	42	0
76	32	0
80	4	0
77	36	0
44	90	0
17	17	0
25	47	0
71	44	0
99	86	0
72	73	0
99	74	0
20	48	0
55	76	0
56	46	0
28	62	0
83	40	0
9	28	1
22	63	0
39	23	0
79	65	0
71	98	0
50	55	0
25	59	0
36	5	0
85	67	0
22	77	0
50	30	0
86	79	0
92	78	0
17	89	0
44	58	0
15	79	0
77	78	0
40	56	0
54	60	0
37	82	0
72	70	0
31	31	0
18	65	0
93	78	0
76	59	0
99	63	0
34	82	0
56	79	0
69	29	0
27	25	0
89	26	0
39	30	0
97	0	0
19	84	0
20	21	0
2	17	0
38	98	0
89	68	0
21	41	0
93	59	0
15	97	0
15	64	0
34	0	0
93	90	0
24	25	0
1	84	0
72	99	0
39	60	0
78	65	0
22	78	0
92	24	0
25	25	0
33	80	0
30	76	0
40	17	0
22	40	0
13	33	0
99	71	0
90	13	0
51	11	0
72	8	0
90	48	0
27	8	0
44	28	0
95	36	0
8	55	0
48	87	0
11	55	0
17	80	0
73	56	0
47	94	0
65	51	0
74	83	0
34	25	0
89	69	0
35	65	0
91	44	0
11	76	0
67	43	0
27	67	0
71	31	0
5	27	1
62	38	0
90	80	0
86	88	0
85	95	0
28	84	0
20	45	0
45	50	0
49	63	0
39	30	0
25	10	0
37	62	0
7	47	0
66	0	0
75	84	0
89	54	0
97	7	0
11	50	0
5	2	0
79	95	0
5	83	0
51	20	0
56	34	0
76	12	0
20	2	0
51	15	0
19	39	0
5	34	1
56	14	0
54	6	0
4	24	1
29	83	0
55	20	0
31	98	0
78	0	0
31	44	0
50	65	0
67	18	0
90	61	0
62	71	0
43	62	0
53	98	0
84	90	0
14	13	0
96	56	0
15	62	0
84	68	0
56	84	0
16	36	0
13	59	0
99	46	0
27	81	0
94	96	0
67	84	0
42	10	0
43	61	0
73	56	0
43	90	0
82	50	0
95	74	0
76	26	0
11	63	0
6	64	0
82	95	0
70	36	0
57	64	0
58	7	0
20	20	0
69	69	0
33	38	0
15	61	0
31	50	0
50	50	0
35	12	0
60	29	0
4	89	0
25	45	0
11	59	0
5	59	0
81	58	0
26	20	0
65	19	0
94	24	0
81	0	0
58	66	0
1	70	0
60	27	0
35	33	0
13	14	1
15	17	0
76	70	0
68	20	0
40	43	0
48	78	0
53	82	0
14	95	0
19	63	0
49	84	0
28	40	0
78	96	0
52	40	0
32	79	0
14	8	0
57	21	0
7	46	0
59	51	0
70	14	0
29	74	0
85	63	0
57	52	0
53	44	0
42	23	0
0	67	0
76	67	0
74	52	0
42	32	0
75	63	0
74	72	0
74	44	0
61	11	0
90	75	0
83	25	0
3	73	0
69	69	0
7	27	1
12	28	1
26	2	0
46	27	0
6	2	0
12	52	0
17	81	0
33	92	0
28	45	0
99	32	0
9	48	0
59	96	0
16	84	0
99	67	0
46	64	0
4	23	1
83	42	0
24	2	0
61	21	0
54	7	0
15	2	0
26	84	0
49	61	0
86	74	0
65	44	0
16	8	0
27	29	0
55	8	0
9	25	1
2	73	0
73	3	0
41	70	0
58	31	0
69	98	0
11	39	0
11	90	0
91	50	0
25	19	0
89	76	0
64	57	0
65	37	0
47	31	0
95	27	0
87	61	0
12	58	0
3	92	0
32	53	0
2	88	0
7	92	0
91	23	0
29	49	0
2	97	0
55	7	0
66	4	0
44	50	0
23	20	0
66	44	0
40	22	0
19	79	0
22	34	0
56	7	0
8	39	0
95	51	0
90	4	0
57	52	0
34	1	0
42	27	0
12	94	0
57	75	0
31	66	0
15	4	0
39	22	0
9	86	0
0	78	0
68	51	0
89	43	0
53	38	0
16	80	0
23	33	0
92	81	0
67	26	0
43	77	0
63	96	0
18	12	0
8	88	0
68	16	0
55	75	0
33	38	0
94	69	0
31	75	0
93	26	0
85	15	0
98	16	0
81	86	0
43	59	0
17	85	0
81	13	0
37	6	0
67	80	0
67	73	0
18	42	0
68	46	0
62	77	0
80	21	0
94	46	0
10	67	0
60	43	0
27	31	0
91	27	0
61	42	0
68	16	0
91	93	0
78	69	0
52	70	0
77	36	0
58	71	0
4	95	0
37	3	0
6	96	0
19	78	0
66	64	0
72	94	0
85	12	0
96	97	0
79	0	0
8	7	0
92	74	0
67	9	0
98	35	0
73	61	0
51	46	0
16	65	0
65	93	0
59	74	0
1	45	0
6	44	0
37	95	0
0	81	0
59	6	0
38	46	0
13	68	0
39	34	0
14	25	1
2	43	0
96	55	0
55	31	0
3	46	0
25	90	0
77	62	0
1	7	0
89	88	0
22	83	0
63	50	0
40	54	0
88	41	0
61	38	0
0	7	0
10	10	0
3	53	0
23	57	0
97	75	0
60	46	0
97	68	0
11	55	0
78	58	0
20	79	0
2	2	0
74	80	0
0	16	1
27	70	0
37	10	0
29	23	0
6	73	0
31	92	0
5	4	0
76	36	0
56	61	0
80	65	0
84	81	0
42	88	0
31	27	0
2	65	0
9	11	0
36	70	0
48	47	0
53	52	0
82	15	0
