93	61	0
56	14	0
44	22	0
49	89	0
0	43	0
87	32	0
96	75	0
9	10	0
46	12	0
64	89	0
44	37	0
72	44	0
1	94	0
31	9	0
17	56	0
98	4	0
83	82	0
70	30	0
32	59	0
97	55	0
99	1	0
42	77	0
71	80	0
83	89	0
75	2	0
22	95	0
63	17	0
74	73	0
71	88	0
95	61	0
5	43	0
31	25	0
47	16	0
81	17	0
50	49	0
87	77	0
10	97	0
70	67	0
91	19	0
81	96	0
40	15	0
32	60	0
66	57	0
99	59	0
57	85	0
93	48	0
20	99	0
29	43	0
60	12	0
93	45	0
27	63	0
60	6	0
32	82	0
68	99	0
28	66	0
92	69	0
52	15	0
39	57	0
81	77	0
98	87	0
76	11	0
24	93	0
91	3	0
50	12	0
92	65	0
47	24	0
11	86	0
90	6	0
33	82	0
86	75	0
58	52	0
21	32	0
92	76	0
25	37	0
26	47	0
86	38	0
24	13	0
10	36	0
45	83	0
66	99	0
71	24	0
45	97	0
71	93	0
5	9	0
14	30	0
92	11	0
90	12	0
51	49	0
84	35	0
22	33	0
77	50	0
47	53	0
32	9	0
33	5	0
69	52	0
22	81	0
50	1	0
46	86	0
40	2	0
34	24	0
87	36	0
50	62	0
55	46	0
19	77	0
71	75	0
0	82	0
42	95	0
83	48	0
65	19	0
52	79	0
2	50	0
66	6	0
51	73	0
5	83	0
46	4	0
20	54	0
18	31	0
92	81	0
8	31	1
38	28	0
4	3	0
35	95	0
89	5	0
64	58	0
11	37	0
73	77	0
96	20	0
64	58	0
50	83	0
31	18	0
61	94	0
14	15	0
74	82	0
63	53	0
26	93	0
80	32	0
38	35	0
18	21	0
71	7	0
11	6	0
0	79	0
12	9	0
93	82	0
94	11	0
83	40	0
55	59	0
66	12	0
87	89	0
3	5	0
36	16	0
17	7	0
80	74	0
37	37	0
89	73	0
84	80	0
52	28	0
58	38	0
73	52	0
1	49	0
25	75	0
16	58	0
90	77	0
46	60	0
36	93	0
88	44	0
69	70	0
58	83	0
20	38	0
99	78	0
5	43	0
31	34	0
14	21	0
21	74	0
30	68	0
94	24	0
52	32	0
76	8	0
41	79	0
69	24	0
57	37	0
73	73	0
24	47	0
68	61	0
34	97	0
31	65	0
27	2	0
69	24	0
23	96	0
6	84	0
65	81	0
81	46	0
20	85	0
17	49	0
85	69	0
24	54	0
34	74	0
38	87	0
56	41	0
33	0	0
18	46	0
75	87	0
91	85	0
61	93	0
70	12	0
6	55	0
62	10	0
60	23	0
58	22	0
75	18	0
28	60	0
3	75	0
48	67	0
66	39	0
30	70	0
82	21	0
56	88	0
34	74	0
22	13	0
85	79	0
31	81	0
45	4	0
2	87	0
83	21	0
93	74	0
77	85	0
86	29	0
3	79	0
20	84	0
93	45	0
61	71	0
36	42	0
44	78	0
73	70	0
48	63	0
17	77	0
37	65	0
64	4	0
7	57	0
68	95	0
65	40	0
26	84	0
89	64	0
39	10	0
37	61	0
9	73	0
40	91	0
61	29	0
73	15	0
18	36	0
93	59	0
62	42	0
76	43	0
16	92	0
56	13	0
19	80	0
66	67	0
63	55	0
69	58	0
58	4	0
25	9	0
11	49	0
79	50	0
51	13	0
74	57	0
45	84	0
61	48	0
93	28	0
92	12	0
14	59	0
85	67	0
21	86	0
15	18	0
99	53	0
38	96	0
47	37	0
52	2	0
14	98	0
67	40	0
39	55	0
34	76	0
42	5	0
17	82	0
79	84	0
84	75	0
61	31	0
88	71	0
14	89	0
44	41	0
66	0	0
69	16	0
32	25	0
55	6	0
55	18	0
53	35	0
67	34	0
28	49	0
22	48	0
57	44	0
71	70	0
89	86	0
43	98	0
74	8	0
94	57	0
69	10	0
12	52	0
15	13	0
90	38	0
56	29	0
76	75	0
16	44	0
51	67	0
60	22	0
31	95	0
32	86	0
40	77	0
98	47	0
47	26	0
48	1	0
29	45	0
87	49	0
72	3	0
64	92	0
28	3	0
66	90	0
5	76	0
43	76	0
30	24	0
6	50	0
10	15	0
84	8	0
25	35	0
79	20	0
39	4	0
4	10	0
85	13	0
24	66	0
25	42	0
91	28	0
86	53	0
10	34	0
21	39	0
0	51	0
36	89	0
14	79	0
5	4	0
34	92	0
51	63	0
44	17	0
9	16	0
53	29	0
46	87	0
39	72	0
87	99	0
31	29	0
18	56	0
34	44	0
57	70	0
72	99	0
48	11	0
71	6	0
29	6	0
43	10	0
53	3	0
19	57	0
79	58	0
66	0	0
29	46	0
62	2	0
55	59	0
45	58	0
35	61	0
81	82	0
70	49	0
21	67	0
52	43	0
22	15	0
98	10	0
45	4	0
63	26	0
56	25	0
17	42	0
10	70	0
62	74	0
10	79	0
40	97	0
28	85	0
39	24	0
40	38	0
89	63	0
61	33	0
12	68	0
71	79	0
5	21	1
64	85	0
27	29	0
66	19	0
72	92	0
70	2	0
96	63	0
75	43	0
41	29	0
34	39	0
34	37	0
90	74	0
15	23	0
67	24	0
84	6	0
9	50	0
41	85	0
73	77	0
78	5	0
0	61	0
95	45	0
57	99	0
9	16	0
67	3	0
56	57	0
37	62	0
59	47	0
19	38	0
52	38	0
72	81	0
61	54	0
39	32	0
72	70	0
23	44	0
19	79	0
77	83	0
44	18	0
4	78	0
71	19	0
85	25	0
69	44	0
16	61	0
68	18	0
21	27	0
61	46	0
17	98	0
67	51	0
54	6	0
85	51	0
37	28	0
27	72	0
41	8	0
79	40	0
3	3	0
60	98	0
16	93	0
27	33	0
50	68	0
56	26	0
8	93	0
12	47	0
16	41	0
55	11	0
95	36	0
73	24	0
87	99	0
32	65	0
19	26	0
37	20	0
44	24	0
94	10	0
55	59	0
79	78	0
32	42	0
62	96	0
76	58	0
42	77	0
81	1	0
70	47	0
78	11	0
65	16	0
42	21	0
32	30	0
94	8	0
62	24	0
3	76	0
96	3	0
94	88	0
7	91	0
8	29	1
87	66	0
42	49	0
34	6	0
92	85	0
79	61	0
23	97	0
71	30	0
77	37	0
90	60	0
10	19	1
85	73	0
31	78	0
78	75	0
26	99	0
97	69	0
34	45	0
21	82	0
95	83	0
35	32	0
30	36	0
68	69	0
65	97	0
44	73	0
14	14	0
45	80	0
62	63	0
39	60	0
32	74	0
87	20	0
12	95	0
81	48	0
26	77	0
37	64	0
42	78	0
89	35	0
30	29	0
23	52	0
2	18	0
68	41	0
97	70	0
59	21	0
79	91	0
73	95	0
30	38	0
48	15	0
27	48	0
22	76	0
5	23	1
34	31	0
50	69	0
66	92	0
34	30	0
72	88	0
52	31	0
37	11	0
69	39	0
25	73	0
53	10	0
12	57	0
99	85	0
62	98	0
42	55	0
76	9	0
48	65	0
6	21	1
5	22	1
46	50	0
97	56	0
90	0	0
5	64	0
74	6	0
85	86	0
69	27	0
33	2	0
28	67	0
82	74	0
34	81	0
53	80	0
84	20	0
17	75	0
57	16	0
59	73	0
61	96	0
34	90	0
99	13	0
93	17	0
68	13	0
41	91	0
12	93	0
1	88	0
75	59	0
77	59	0
86	66	0
10	47	0
88	47	0
61	54	0
9	17	0
80	69	0
66	66	0
19	44	0
10	68	0
41	27	0
38	40	0
9	60	0
61	52	0
45	48	0
94	40	0
73	32	0
82	0	0
73	38	0
48	88	0
2	32	1
17	16	0
21	48	0
72	48	0
98	81	0
72	74	0
98	76	0
21	44	0
54	72	0
56	41	0
31	64	0
78	43	0
6	28	1
19	68	0
39	25	0
78	64	0
66	97	0
49	55	0
12	17	1
23	62	0
34	7	0
86	63	0
22	79	0
49	33	0
86	83	0
96	82	0
11	96	0
44	53	0
13	79	0
75	79	0
40	54	0
54	60	0
42	79	0
76	68	0
28	31	0
17	64	0
93	77	0
75	61	0
92	60	0
32	81	0
60	81	0
65	27	0
27	25	0
87	26	0
41	30	0
95	2	0
22	85	0
22	23	0
3	14	0
36	98	0
90	67	0
23	39	0
95	54	0
15	99	0
16	67	0
31	0	0
96	95	0
20	26	0
3	87	0
68	99	0
39	59	0
79	69	0
23	78	0
90	29	0
23	26	0
37	80	0
28	72	0
36	22	0
21	41	0
16	33	0
94	69	0
85	17	0
47	13	0
71	7	0
89	49	0
32	13	0
45	29	0
92	33	0
8	54	0
45	86	0
12	52	0
18	80	0
75	57	0
45	95	0
62	49	0
71	80	0
37	27	0
92	74	0
34	64	0
91	42	0
11	73	0
68	45	0
25	63	0
70	32	0
2	28	1
63	37	0
87	76	0
87	88	0
88	97	0
24	83	0
20	43	0
45	50	0
44	64	0
37	29	0
25	10	0
36	60	0
10	53	0
61	3	0
72	84	0
87	52	0
95	3	0
9	52	0
7	0	0
77	98	0
9	81	0
51	23	0
54	33	0
77	13	0
23	1	0
50	8	0
14	40	0
2	34	0
52	15	0
50	6	0
1	23	1
30	82	0
55	24	0
35	95	0
81	0	0
31	42	0
53	63	0
67	20	0
91	58	0
62	69	0
45	63	0
50	95	0
82	94	0
17	14	0
94	57	0
18	63	0
84	66	0
55	86	0
15	34	0
18	58	0
99	39	0
25	79	0
93	98	0
69	83	0
45	8	0
40	62	0
79	56	0
38	89	0
78	48	0
92	74	0
75	24	0
9	62	0
11	65	0
87	94	0
69	36	0
63	66	0
60	6	0
16	22	0
74	69	0
32	33	0
13	63	0
32	51	0
49	49	0
33	14	0
58	30	0
7	87	0
20	44	0
10	58	0
7	52	0
79	60	0
26	21	0
61	19	0
96	20	0
84	4	0
56	64	0
1	72	0
57	30	0
36	27	0
15	10	0
19	17	0
76	71	0
68	23	0
35	42	0
46	76	0
58	79	0
12	91	0
21	69	0
46	81	0
27	39	0
76	94	0
53	32	0
35	79	0
15	5	0
52	16	0
13	45	0
58	49	0
74	11	0
26	75	0
83	65	0
61	50	0
48	43	0
41	25	0
4	65	0
79	66	0
75	53	0
47	34	0
74	64	0
74	74	0
76	43	0
64	8	0
92	76	0
83	20	0
1	72	0
73	64	0
3	27	1
13	27	1
26	0	0
46	27	0
0	2	0
10	54	0
19	80	0
30	93	0
33	48	0
96	29	0
12	46	0
58	92	0
19	87	0
4	31	1
99	60	0
40	58	0
6	20	1
82	47	0
25	4	0
60	21	0
57	3	0
12	2	0
26	86	0
47	59	0
84	74	0
66	44	0
15	1	0
27	30	0
59	9	0
8	27	1
7	74	0
76	8	0
38	67	0
54	39	0
64	99	0
14	41	0
11	94	0
89	48	0
23	21	0
93	78	0
59	59	0
68	39	0
49	32	0
96	27	0
87	58	0
15	58	0
1	92	0
33	48	0
1	89	0
5	98	0
91	23	0
28	52	0
2	98	0
52	5	0
63	4	0
45	47	0
26	16	0
65	42	0
42	26	0
19	80	0
23	32	0
61	6	0
9	42	0
92	48	0
91	4	0
58	56	0
35	1	0
42	27	0
13	96	0
59	75	0
27	65	0
15	8	0
38	26	0
8	86	0
0	78	0
72	52	0
88	47	0
54	34	0
13	78	0
22	33	0
92	82	0
68	27	0
47	76	0
64	95	0
20	15	0
10	86	0
66	16	0
53	77	0
33	40	0
93	65	0
34	76	0
95	22	0
86	18	0
99	19	0
86	83	0
42	54	0
18	82	0
81	11	0
36	1	0
65	78	0
66	76	0
23	45	0
66	51	0
59	80	0
77	20	0
91	48	0
11	66	0
62	44	0
27	34	0
90	27	0
64	41	0
68	16	0
89	97	0
80	72	0
50	71	0
79	39	0
56	64	0
6	97	0
37	3	0
6	93	0
17	78	0
62	62	0
72	92	0
80	11	0
94	97	0
76	2	0
10	6	0
93	76	0
65	8	0
96	33	0
74	60	0
49	44	0
17	65	0
65	92	0
63	71	0
1	45	0
6	43	0
38	94	0
2	87	0
59	6	0
39	48	0
9	69	0
39	34	0
13	28	0
3	44	0
98	54	0
52	32	0
1	50	0
24	89	0
78	61	0
1	10	0
86	89	0
24	80	0
65	46	0
39	53	0
94	43	0
56	42	0
4	6	0
9	12	0
1	52	0
22	59	0
97	75	0
65	53	0
96	67	0
10	52	0
76	58	0
18	78	0
1	3	0
74	79	0
5	19	0
26	71	0
38	11	0
28	23	0
3	76	0
36	92	0
3	6	0
73	43	0
59	59	0
83	63	0
85	78	0
42	88	0
33	29	0
5	62	0
6	14	0
39	67	0
51	48	0
55	50	0
80	18	0
