99	66	0
54	8	0
36	23	0
42	95	0
7	32	0
91	27	0
87	77	0
11	5	1
49	11	0
71	92	0
42	35	0
77	35	0
1	85	0
20	5	0
18	68	0
95	10	0
94	87	0
62	30	0
27	55	0
98	66	0
88	1	0
41	75	0
74	84	0
78	92	0
65	5	0
34	97	0
55	11	0
75	80	0
69	92	0
97	57	0
2	40	0
32	30	0
40	27	0
79	22	0
40	44	0
89	72	0
13	90	0
66	79	0
92	24	0
81	91	0
45	6	0
28	50	0
70	57	0
98	56	0
56	74	0
99	48	0
14	96	0
40	46	0
55	14	0
86	48	0
15	65	0
57	10	0
33	90	0
54	86	0
24	61	0
96	72	0
46	25	0
39	45	0
84	78	0
98	95	0
90	13	0
11	96	0
96	9	0
52	6	0
94	70	0
40	28	0
20	84	0
87	5	0
31	80	0
87	75	0
62	51	0
21	28	0
84	85	0
31	40	0
13	49	0
85	37	0
22	26	1
17	38	0
35	79	0
57	90	0
73	22	0
45	97	0
66	97	0
3	6	0
14	18	0
94	22	0
99	21	0
37	56	0
83	46	0
18	29	0
75	53	0
40	55	0
32	10	0
33	2	0
71	47	0
23	90	0
57	5	0
50	75	0
42	5	0
38	28	0
93	43	0
46	61	0
63	48	0
17	75	0
73	85	0
10	80	0
45	78	0
85	48	0
64	10	0
55	71	0
4	61	0
56	7	0
55	63	0
7	69	0
49	2	0
29	55	0
20	34	0
86	81	0
49	38	0
2	1	0
21	99	0
81	0	0
68	69	0
16	33	0
83	76	0
92	12	0
62	71	0
55	85	0
31	21	0
63	91	0
21	22	1
75	86	0
67	53	0
39	96	0
74	35	0
39	25	0
21	38	0
80	4	0
5	71	0
95	73	0
92	12	0
92	33	0
43	56	0
61	8	0
92	91	0
6	7	0
38	13	0
82	84	0
36	43	0
98	70	0
80	76	0
53	25	0
50	37	0
64	60	0
2	50	0
27	81	0
16	60	0
82	77	0
57	74	0
46	98	0
79	52	0
69	79	0
50	81	0
25	45	0
86	79	0
1	39	0
38	38	0
26	25	0
20	73	0
39	69	0
99	19	0
42	35	0
77	11	0
36	83	0
68	22	0
48	32	0
77	78	0
26	53	0
60	68	0
37	99	0
37	62	0
36	7	0
68	14	0
34	89	0
12	79	0
70	84	0
92	56	0
16	92	0
31	32	0
98	70	0
27	57	0
38	82	0
39	94	0
53	46	0
35	10	0
16	36	0
76	91	0
87	99	0
60	88	0
79	15	0
4	66	0
60	1	0
65	14	0
70	20	0
82	21	0
29	58	0
6	71	0
60	64	0
74	36	0
31	74	0
89	18	0
54	87	0
35	65	0
30	16	0
85	72	0
32	66	0
39	8	0
2	88	0
74	16	0
95	82	0
84	91	0
85	22	0
3	78	0
18	78	0
95	48	0
48	75	0
36	44	0
46	76	0
59	75	0
49	59	0
5	82	0
32	67	0
63	12	0
4	67	0
71	95	0
68	42	0
35	92	0
90	56	0
39	19	0
40	56	0
12	76	0
42	92	0
51	32	0
69	29	0
15	31	0
88	67	0
74	42	0
81	50	0
11	83	0
55	11	0
14	83	0
66	64	0
56	46	0
65	56	0
58	8	0
12	7	1
2	55	0
75	44	0
50	12	0
75	61	0
47	83	0
64	51	0
96	28	0
93	8	0
4	63	0
87	67	0
20	97	0
90	60	0
38	89	0
57	32	0
46	0	0
18	93	0
68	35	0
40	56	0
44	77	0
53	1	0
24	95	0
72	92	0
88	83	0
64	26	0
95	74	0
8	85	0
43	40	0
58	2	0
64	21	0
34	21	0
41	6	0
53	11	0
54	49	0
71	33	0
38	50	0
25	46	0
54	54	0
71	78	0
88	76	0
58	88	0
81	10	0
99	50	0
77	0	0
9	55	0
32	7	0
89	32	0
49	21	0
74	72	0
8	41	0
46	72	0
54	25	0
27	95	0
34	90	0
26	72	0
94	60	0
46	28	0
38	3	0
25	55	0
91	52	0
80	19	0
73	96	0
14	7	0
63	90	0
10	76	0
42	83	0
34	32	0
5	54	0
82	9	0
19	34	0
80	13	0
45	10	0
14	4	0
81	5	0
32	48	0
14	42	0
85	31	0
93	65	0
10	27	0
27	33	0
1	59	0
32	83	0
13	74	0
5	6	0
35	92	0
44	66	0
39	33	0
63	27	0
48	84	0
41	68	0
84	99	0
37	25	0
17	45	0
32	37	0
56	75	0
79	98	0
53	10	0
79	1	0
34	3	0
44	10	0
62	10	0
18	47	0
79	61	0
65	2	0
23	43	0
60	4	0
51	54	0
48	51	0
27	64	0
81	84	0
64	51	0
20	61	0
57	36	0
24	17	0
98	8	0
49	7	0
68	17	0
57	38	0
21	39	0
14	69	0
69	75	0
13	76	0
37	94	0
23	98	0
47	23	0
32	32	0
87	60	0
57	48	0
6	78	0
80	78	0
60	93	0
25	34	0
70	27	0
63	95	0
72	0	0
94	64	0
78	44	0
32	17	0
38	49	0
39	49	0
92	80	0
12	22	0
75	26	0
87	8	0
14	52	0
31	91	0
72	79	0
83	6	0
4	72	0
96	33	0
45	93	0
3	10	1
76	7	0
64	53	0
42	52	0
54	47	0
28	39	0
50	38	0
73	78	0
73	53	0
43	28	0
73	66	0
24	52	0
25	93	0
84	83	0
44	22	0
2	73	0
64	16	0
81	19	0
72	44	0
17	61	0
61	30	0
29	34	0
56	40	0
4	99	0
63	34	0
56	16	0
92	52	0
45	22	0
30	77	0
31	8	0
82	48	0
5	3	0
63	97	0
2	90	0
37	41	0
54	86	0
55	34	0
19	99	0
21	43	0
23	40	0
58	18	0
95	35	0
83	20	0
86	96	0
20	59	0
35	10	0
34	27	0
83	22	0
51	61	0
73	84	0
18	36	0
67	99	0
84	70	0
39	80	0
72	8	0
73	38	0
84	16	0
69	17	0
47	21	0
38	33	0
96	2	0
65	27	0
1	64	0
93	14	0
90	97	0
8	94	0
87	62	0
46	47	0
25	5	0
92	85	0
79	54	0
29	94	0
65	22	0
76	48	0
93	59	0
82	64	0
30	81	0
77	81	0
34	94	0
87	77	0
35	40	0
24	91	0
98	85	0
35	35	0
26	44	0
64	68	0
64	94	0
51	69	0
47	95	0
60	60	0
33	63	0
29	63	0
83	22	0
15	91	0
84	51	0
21	83	0
41	55	0
46	79	0
82	28	0
27	29	0
18	45	0
64	39	0
95	75	0
65	18	0
84	97	0
72	98	0
37	45	0
60	9	0
31	45	0
22	86	0
38	35	0
57	69	0
70	77	0
35	22	0
80	91	0
47	32	0
37	17	0
67	43	0
24	77	0
43	12	0
6	61	0
90	82	0
62	93	0
52	45	0
84	11	0
44	71	0
43	54	0
96	55	0
92	0	0
2	75	0
73	3	0
78	78	0
70	24	0
34	2	0
38	71	0
80	81	0
37	71	0
54	76	0
77	21	0
14	67	0
64	6	0
45	65	0
62	97	0
31	90	0
94	7	0
91	21	0
59	9	0
37	88	0
16	92	0
5	88	0
79	52	0
72	63	0
79	64	0
19	44	0
82	46	0
66	61	0
85	72	0
68	63	0
24	56	0
16	71	0
36	28	0
45	42	0
5	47	0
56	66	0
41	39	0
94	37	0
79	32	0
74	3	0
76	31	0
52	81	0
22	17	1
13	46	0
65	39	0
93	76	0
64	83	0
96	73	0
26	49	0
54	66	0
61	53	0
28	61	0
90	38	0
25	61	0
43	23	0
87	55	0
72	97	0
59	52	0
19	64	0
43	0	0
66	68	0
30	82	0
44	27	0
75	77	0
91	75	0
20	97	0
54	67	0
13	73	0
74	65	0
38	56	0
47	66	0
41	78	0
61	70	0
27	34	0
15	65	0
90	83	0
77	53	0
96	57	0
32	75	0
58	78	0
71	30	0
21	15	1
84	23	0
40	36	0
98	10	0
13	90	0
32	36	0
29	77	0
88	56	0
20	39	0
95	63	0
14	97	0
10	71	0
23	4	0
99	93	0
38	26	0
0	81	0
76	87	0
38	59	0
75	73	0
31	84	0
99	27	0
30	16	0
39	85	0
31	74	0
35	12	0
23	38	0
8	24	0
94	70	0
93	11	0
54	12	0
72	9	0
95	40	0
34	9	0
40	41	0
98	43	0
14	55	0
42	87	0
2	46	0
15	82	0
73	60	0
50	97	0
66	44	0
72	77	0
35	37	0
74	65	0
38	62	0
88	44	0
9	72	0
56	35	0
37	70	0
74	33	0
57	41	0
95	83	0
94	97	0
85	88	0
20	83	0
19	33	0
53	53	0
51	69	0
33	21	0
19	9	0
33	67	0
12	41	0
63	8	0
64	83	0
85	59	0
93	20	0
8	45	0
12	4	1
79	90	0
5	98	0
52	7	0
57	51	0
69	10	0
10	7	1
47	19	0
17	35	0
44	18	0
61	4	0
40	86	0
56	21	0
28	93	0
75	2	0
28	38	0
52	70	0
72	22	0
89	72	0
65	78	0
40	67	0
50	91	0
76	91	0
8	14	1
85	59	0
16	63	0
80	76	0
60	94	0
12	30	0
19	57	0
93	47	0
35	86	0
98	97	0
65	83	0
48	5	0
48	52	0
84	56	0
60	87	0
75	49	0
97	71	0
87	28	0
12	62	0
3	56	0
70	90	0
77	43	0
51	62	0
56	8	0
33	23	0
75	76	0
24	36	0
13	65	0
42	48	0
57	41	0
34	11	0
58	27	0
11	84	0
19	40	0
11	59	0
8	73	0
76	53	0
24	26	0
61	13	0
92	25	0
81	2	0
55	70	0
3	62	0
66	28	0
48	34	0
69	78	0
75	16	0
47	42	0
52	63	0
47	88	0
14	98	0
29	63	0
44	88	0
34	38	0
74	81	0
47	41	0
29	78	0
55	28	0
8	41	0
60	59	0
64	18	0
28	77	0
82	50	0
52	48	0
52	44	0
41	17	0
3	67	0
69	62	0
74	55	0
43	37	0
81	58	0
83	68	0
79	38	0
66	9	0
85	75	0
91	17	0
4	75	0
68	86	0
33	15	0
58	35	0
9	2	0
18	56	0
13	86	0
35	90	0
23	50	0
95	34	0
18	50	0
53	99	0
17	86	0
99	65	0
54	62	0
86	40	0
21	1	0
57	15	0
49	4	0
7	3	0
13	75	0
59	61	0
85	69	0
75	48	0
17	0	0
30	37	0
68	10	0
1	75	0
74	0	0
43	73	0
54	25	0
74	98	0
10	32	0
5	93	0
98	59	0
31	20	0
87	70	0
62	56	0
78	40	0
41	27	0
94	34	0
85	66	0
13	66	0
3	86	0
22	57	0
3	87	0
10	91	0
90	31	0
33	49	0
4	98	0
53	14	0
60	2	0
38	46	0
21	21	1
64	40	0
36	19	0
26	80	0
30	29	0
73	17	0
8	40	0
87	52	0
88	5	0
64	53	0
32	11	0
46	18	0
10	97	0
58	79	0
41	67	0
16	5	1
39	14	0
6	84	0
2	86	0
68	55	0
89	43	0
43	31	0
26	76	0
25	29	0
99	86	0
60	30	0
48	72	0
67	99	0
18	22	1
3	84	0
68	25	0
52	64	0
30	37	0
97	66	0
39	72	0
96	20	0
79	16	0
95	19	0
86	84	0
44	60	0
24	87	0
85	7	0
30	3	0
64	85	0
61	73	0
19	50	0
66	40	0
70	80	0
88	14	0
94	56	0
19	65	0
56	51	0
26	23	0
88	24	0
45	47	0
68	8	0
90	96	0
86	80	0
48	64	0
74	34	0
68	74	0
3	90	0
44	0	0
9	99	0
11	73	0
65	66	0
77	97	0
84	6	0
97	90	0
80	0	0
24	13	1
82	72	0
64	1	0
96	35	0
72	53	0
57	37	0
14	69	0
62	89	0
53	76	0
13	46	0
6	40	0
36	97	0
11	71	0
41	1	0
38	57	0
14	63	0
39	24	0
3	47	0
92	45	0
58	23	0
0	46	0
25	88	0
73	58	0
1	6	0
93	71	0
24	82	0
60	51	0
35	57	0
93	48	0
59	42	0
0	17	0
3	50	0
23	60	0
90	70	0
67	46	0
98	63	0
2	52	0
60	55	0
16	66	0
0	13	0
71	71	0
28	64	0
46	12	0
29	29	0
5	78	0
37	90	0
4	4	0
77	43	0
66	62	0
80	70	0
76	74	0
47	86	0
38	13	0
1	73	0
12	10	1
49	64	0
41	51	0
58	50	0
82	13	0
