98	66	0
24	18	0
64	98	0
14	5	0
87	40	0
87	97	0
46	81	0
68	45	0
3	85	0
0	1	0
17	86	0
95	44	0
69	80	0
37	36	0
84	89	0
99	42	0
41	96	0
39	83	0
66	74	0
45	16	0
73	74	0
89	90	0
75	88	0
4	21	0
78	14	0
68	74	0
33	95	0
82	21	0
69	89	0
51	66	0
80	80	0
95	51	0
97	24	0
23	75	1
86	83	0
14	71	1
37	1	0
4	74	0
35	88	0
78	48	0
29	12	0
99	89	0
86	87	0
96	20	0
33	84	1
95	14	0
22	29	0
71	87	0
8	86	0
91	8	0
65	92	0
5	24	0
79	84	0
90	28	0
27	88	0
62	96	0
86	16	0
24	87	0
30	88	1
27	5	0
98	6	0
73	32	0
44	76	0
85	23	0
57	47	0
82	31	0
6	93	0
45	83	0
75	11	1
95	66	0
72	96	0
8	66	0
37	97	0
98	52	0
77	16	0
47	34	0
33	6	0
71	55	0
5	82	0
94	29	0
47	71	0
87	58	0
83	2	0
76	98	0
65	88	0
7	35	0
64	78	0
87	72	0
82	41	0
19	99	0
66	43	0
89	60	0
94	28	0
99	39	0
15	56	0
6	18	0
93	55	0
50	85	0
50	57	1
50	77	0
55	98	0
75	29	0
72	71	0
75	75	0
88	65	0
26	15	0
20	13	0
78	51	0
95	4	0
27	97	0
21	42	0
65	75	0
61	85	0
54	79	0
39	0	0
51	84	0
68	82	0
82	55	0
21	90	0
91	83	0
2	72	0
17	48	0
76	82	0
95	72	0
46	67	0
65	41	0
89	40	0
23	94	0
56	80	0
22	44	0
50	79	0
39	24	0
93	86	0
30	99	0
89	0	0
80	36	0
65	92	0
67	82	0
63	71	0
26	43	0
22	64	0
60	88	0
83	68	0
37	92	0
57	86	0
73	20	0
48	87	0
27	25	0
81	61	0
65	40	0
79	68	0
85	34	0
9	92	0
62	48	0
90	32	0
59	33	0
50	21	0
96	31	0
63	78	0
79	97	0
83	69	0
96	25	0
96	34	0
90	74	0
29	89	0
66	81	0
49	90	0
80	29	0
13	95	0
90	16	0
20	48	0
31	93	0
24	95	0
82	77	0
77	83	0
86	47	0
87	52	0
44	84	0
76	2	1
85	61	0
50	2	0
44	25	0
85	43	0
32	72	0
66	81	0
78	69	0
82	0	0
90	49	0
99	38	0
71	65	0
69	84	0
56	8	0
11	90	0
6	95	0
86	65	0
75	59	0
84	10	0
98	81	0
20	10	0
28	92	0
52	91	0
89	11	0
91	8	0
93	30	0
76	25	0
69	42	0
0	4	0
21	97	0
5	77	1
43	84	0
58	69	1
95	42	0
68	92	0
96	86	0
69	35	0
76	80	0
73	18	0
12	10	0
34	7	0
32	26	0
93	41	0
83	17	0
8	47	0
22	25	0
92	83	0
99	72	0
79	23	0
99	14	0
63	4	0
84	13	0
37	17	0
94	88	0
27	85	0
6	96	0
33	41	0
76	43	0
65	63	0
63	78	0
87	85	0
73	25	0
71	81	0
96	39	0
84	58	0
66	47	0
98	72	0
67	13	0
89	12	0
27	49	0
68	98	0
95	34	0
20	86	1
96	42	0
68	97	0
94	34	0
61	16	0
52	47	0
58	94	0
74	89	0
22	90	0
94	82	0
0	93	0
93	1	0
91	12	0
61	79	0
14	97	0
72	39	0
93	68	0
31	2	0
48	92	0
34	85	1
55	77	0
0	30	0
88	36	0
94	7	0
77	95	0
19	24	0
67	30	0
65	82	0
11	22	0
47	88	0
83	53	0
26	92	0
83	6	0
80	17	0
92	62	0
14	82	0
64	18	0
86	90	0
36	93	0
68	58	0
7	34	0
61	91	0
59	47	0
17	74	1
58	28	1
92	43	0
79	55	0
71	59	0
2	37	0
91	65	0
24	98	0
90	56	0
8	91	0
90	86	0
39	16	0
72	59	0
62	90	0
53	97	0
83	55	0
75	5	0
1	80	0
73	44	0
25	99	0
80	31	0
93	44	0
72	27	0
88	75	0
49	99	0
56	97	0
27	95	0
95	83	0
73	84	0
23	2	0
9	79	0
80	89	0
66	89	0
62	52	1
69	29	0
32	78	1
79	63	0
97	4	0
19	76	1
92	5	0
96	83	0
66	83	0
79	23	0
92	12	0
75	88	0
32	99	0
88	10	0
99	0	0
74	21	0
4	58	0
18	95	0
14	90	0
82	81	0
87	99	0
77	89	0
87	69	0
72	69	0
10	99	0
17	71	1
29	20	0
1	10	0
43	39	0
98	28	0
82	39	0
70	57	0
56	15	0
84	79	0
68	79	0
86	56	0
33	80	1
74	62	0
21	5	0
98	40	0
58	99	0
41	40	0
21	94	0
75	97	0
97	74	0
32	84	1
13	79	0
43	66	0
69	75	0
51	97	0
14	46	0
77	69	0
86	52	0
93	69	0
35	73	0
67	83	0
86	16	0
84	3	0
11	86	0
40	97	0
89	72	0
73	70	0
5	92	0
16	81	0
81	93	0
30	24	0
11	79	0
65	87	0
59	72	0
82	83	0
6	90	0
71	46	0
18	4	0
48	95	0
10	94	0
1	18	0
85	67	0
83	13	0
78	21	0
78	17	1
12	18	0
17	57	0
76	29	0
64	74	0
30	91	1
58	57	0
86	83	0
80	43	0
78	83	0
63	53	1
73	85	0
2	68	0
81	57	0
58	37	0
99	43	0
91	89	0
79	72	0
65	50	1
62	54	0
50	75	0
94	76	0
94	0	0
60	77	0
4	95	0
63	30	0
67	23	0
74	15	0
23	71	1
78	16	1
76	27	0
29	28	0
60	93	0
66	63	0
36	92	0
63	99	0
82	61	0
82	26	0
92	68	0
91	91	0
92	41	0
87	85	0
38	88	0
72	80	0
81	46	0
51	90	0
83	83	0
73	68	0
91	24	0
5	74	1
55	74	0
81	20	0
57	39	0
85	85	0
81	58	0
21	86	0
27	87	0
80	31	0
82	30	0
94	48	0
93	14	0
83	81	0
87	18	0
82	37	0
19	76	1
14	90	0
20	74	1
11	91	0
57	49	1
50	26	0
37	62	0
50	80	0
65	4	0
11	92	0
77	50	0
20	11	0
25	64	0
79	74	0
69	61	0
82	62	0
82	51	0
74	61	0
82	49	0
9	41	0
91	88	0
68	58	0
46	90	0
10	72	0
89	22	0
55	92	0
24	89	0
99	45	0
66	32	0
19	11	0
29	36	0
15	66	1
82	52	0
94	38	0
27	7	0
55	12	0
47	78	0
95	82	0
17	5	0
47	75	0
67	29	0
90	63	0
74	69	0
64	90	0
11	46	0
97	45	0
91	65	0
6	85	0
25	84	1
30	92	0
3	98	0
67	35	0
90	15	0
10	17	0
90	29	0
83	19	0
42	33	0
17	99	0
59	83	0
15	77	0
24	26	0
23	74	1
19	95	0
57	57	0
82	44	0
61	87	0
55	68	1
19	92	0
76	43	0
12	5	0
85	58	0
50	58	1
91	26	0
76	29	0
73	31	0
58	89	0
66	11	1
39	99	0
89	42	0
66	99	0
73	57	0
79	45	0
59	90	0
39	71	1
92	35	0
93	98	0
82	86	0
55	87	0
89	19	0
68	76	0
66	22	0
31	89	1
90	51	0
89	93	0
81	7	0
98	97	0
85	24	0
84	68	0
10	88	0
75	96	0
69	80	0
1	16	0
9	99	0
12	71	1
81	33	0
23	99	0
59	79	0
84	42	0
78	46	0
20	98	0
84	44	0
94	59	0
74	45	0
86	24	0
6	85	0
10	8	0
64	75	0
22	60	0
28	5	0
0	91	0
37	86	1
99	53	0
79	86	0
89	55	0
90	76	0
75	46	0
2	82	0
84	24	0
98	34	0
