91	70	0
46	22	0
46	22	0
44	98	0
9	18	0
94	35	0
94	84	0
42	18	0
70	75	0
33	34	0
89	37	0
2	80	0
12	13	0
27	58	0
97	24	0
92	70	0
64	30	0
23	48	0
96	61	0
94	1	0
46	80	0
61	73	0
76	92	0
63	2	0
42	84	0
63	1	0
80	82	0
68	87	0
97	69	0
2	33	0
47	39	0
44	22	0
90	36	0
46	42	0
88	59	0
14	93	0
56	92	0
96	26	0
79	96	0
49	0	0
20	52	0
80	54	0
87	63	0
52	75	0
94	48	0
14	85	0
23	45	0
63	13	0
87	65	0
15	65	0
63	6	0
23	82	0
54	93	0
37	72	0
98	59	0
42	31	0
39	35	0
80	71	0
94	93	0
80	20	0
7	94	0
92	11	0
47	1	0
77	71	0
41	14	0
15	85	0
78	8	0
43	79	0
80	88	0
54	63	0
8	26	0
77	88	0
28	39	0
19	55	0
84	34	0
13	38	0
41	76	0
40	89	0
67	15	0
39	93	0
58	92	0
0	6	1
7	17	0
97	15	0
95	25	0
34	52	0
82	43	0
24	22	0
80	55	0
29	43	0
38	16	0
43	10	0
74	34	0
15	88	0
65	12	0
54	79	0
44	10	0
51	23	0
91	46	0
34	70	0
79	54	0
15	56	0
74	92	0
10	73	0
39	88	0
88	46	0
57	2	0
46	68	0
16	62	0
58	2	0
61	50	0
13	60	0
47	0	0
38	55	0
38	36	0
89	92	0
49	44	0
2	8	1
25	96	0
77	6	0
61	66	0
19	29	1
81	78	0
99	8	0
63	66	0
56	77	0
32	14	0
56	95	0
87	78	0
79	58	0
36	98	0
65	25	0
43	21	0
15	37	0
84	5	0
6	74	0
97	69	0
97	23	0
89	31	0
35	54	0
59	16	0
87	81	0
7	15	0
43	12	0
85	60	0
31	35	0
74	83	0
82	92	0
49	11	0
45	29	0
55	53	0
5	48	0
23	65	0
12	60	0
78	77	0
40	51	0
43	94	0
78	54	0
71	76	0
50	84	0
21	42	0
92	62	0
5	29	0
42	49	0
20	20	0
28	76	0
39	83	0
90	31	0
34	34	0
84	18	0
41	82	0
59	30	0
50	40	0
79	81	0
32	51	0
63	84	0
38	86	0
34	48	0
35	20	0
63	10	0
33	74	0
22	73	0
76	82	0
92	62	0
11	87	0
27	31	0
97	66	0
29	52	0
34	89	0
57	87	0
39	55	0
28	14	0
20	36	0
66	86	0
81	96	0
58	85	0
75	27	0
6	69	0
58	4	0
78	21	0
67	26	0
67	27	0
20	58	0
1	67	0
48	57	0
75	28	0
37	72	0
97	27	0
39	96	0
27	64	0
36	17	0
78	68	0
36	54	0
33	3	0
8	94	0
62	15	0
95	88	0
78	94	0
94	16	0
4	78	0
11	70	0
91	42	0
52	70	0
42	47	0
53	58	0
58	72	0
50	62	0
14	76	0
34	53	0
70	8	0
2	67	0
64	89	0
80	44	0
43	88	0
85	57	0
53	19	0
46	69	0
21	78	0
32	97	0
56	36	0
72	32	0
29	36	0
96	57	0
79	44	0
69	60	0
8	68	0
55	20	0
6	83	0
67	60	0
54	48	0
65	45	0
52	23	0
0	53	0
84	30	0
54	7	0
73	69	0
45	81	0
72	31	0
96	36	0
91	5	0
2	66	0
92	65	0
27	98	0
94	63	0
45	92	0
66	29	0
50	5	0
22	97	0
68	34	0
39	60	0
44	80	0
52	6	0
20	91	0
76	94	0
83	78	0
76	40	0
89	67	0
19	85	0
46	50	0
57	2	0
64	27	0
26	15	0
37	0	0
53	9	0
53	55	0
80	38	0
36	51	0
31	55	0
38	63	0
69	84	0
84	84	0
58	79	0
81	10	0
80	45	0
81	8	0
19	54	0
33	16	0
83	35	0
69	34	0
71	77	0
9	39	0
47	72	0
55	18	0
28	90	0
30	94	0
24	74	0
98	61	0
42	24	0
36	4	0
26	57	0
88	63	0
67	18	0
82	91	0
12	4	0
64	87	0
7	74	0
49	91	0
38	36	0
0	50	0
84	6	0
23	35	0
82	8	0
53	14	0
86	11	0
35	43	0
17	49	0
79	28	0
89	56	0
0	25	0
29	36	0
7	62	0
37	91	0
16	86	0
1	7	1
40	90	0
60	79	0
47	44	0
71	20	0
41	95	0
42	64	0
92	97	0
34	29	0
17	46	0
26	44	0
57	76	0
80	84	0
41	27	0
86	11	0
29	5	0
62	2	0
62	11	0
26	44	0
80	65	0
73	6	0
15	38	0
43	14	0
50	44	0
44	45	0
22	58	0
88	81	0
75	51	0
13	52	0
58	34	0
90	9	0
58	12	0
61	23	0
53	37	0
24	29	0
8	71	0
67	74	0
17	76	0
30	91	0
19	99	0
52	23	0
42	38	0
92	51	0
77	44	0
8	83	0
82	79	0
68	79	0
79	33	0
68	99	0
78	0	0
81	57	0
73	58	0
34	16	0
41	43	0
33	42	0
86	84	0
0	1	1
70	21	0
89	2	0
19	38	0
40	88	0
68	76	0
84	10	0
4	56	0
99	32	0
44	94	0
79	23	0
64	51	0
43	56	0
48	39	0
27	39	0
44	41	0
74	78	0
85	37	0
41	25	0
74	67	0
25	57	0
13	98	0
88	90	0
29	34	0
0	77	0
67	33	0
96	11	0
80	44	0
5	61	0
67	48	0
41	33	0
45	45	0
3	94	0
70	15	0
52	8	0
90	52	0
50	23	0
27	78	0
22	7	0
69	57	0
64	99	0
2	69	0
47	63	0
42	73	0
53	25	0
25	95	0
14	42	0
28	38	0
62	16	0
83	26	0
94	21	0
84	91	0
22	59	0
32	26	0
33	32	0
85	20	0
63	60	0
75	92	0
18	42	0
71	99	0
92	67	0
36	78	0
65	11	0
67	47	0
77	24	0
72	8	0
48	21	0
42	27	0
92	3	0
85	31	0
1	74	0
85	11	0
93	98	0
2	96	0
91	52	0
51	49	0
17	19	0
98	89	0
62	57	0
9	97	0
62	24	0
79	35	0
79	59	0
81	63	0
27	72	0
79	74	0
40	97	0
81	75	0
13	29	0
40	99	0
93	81	0
36	36	0
29	36	0
55	75	0
57	96	0
44	70	0
62	97	0
58	53	0
34	62	0
27	67	0
86	19	0
16	96	0
90	41	0
28	93	0
49	66	0
41	83	0
87	35	0
35	45	0
24	46	0
52	20	0
90	63	0
67	14	0
92	98	0
70	97	0
45	54	0
59	6	0
29	44	0
38	91	0
36	23	0
46	63	0
65	72	0
27	23	0
88	99	0
43	21	0
25	18	0
65	35	0
18	78	0
36	12	0
8	58	0
90	86	0
57	89	0
60	41	0
80	6	0
41	73	0
45	50	0
97	55	0
89	4	0
7	68	0
79	4	0
66	73	0
79	34	0
37	8	0
31	68	0
86	79	0
33	66	0
48	82	0
78	23	0
16	62	0
73	23	0
41	62	0
67	98	0
33	92	0
83	6	0
92	26	0
68	21	0
31	82	0
18	85	0
14	89	0
66	44	0
72	70	0
68	81	0
11	40	0
74	36	0
64	66	0
82	75	0
53	62	0
19	58	0
25	65	0
44	22	0
46	23	0
2	36	0
46	64	0
38	44	0
83	34	0
71	29	0
74	0	0
77	45	0
56	68	0
24	55	0
60	26	0
91	76	0
61	85	0
90	69	0
17	55	0
57	73	0
69	44	0
32	53	0
75	29	0
21	54	0
39	22	0
77	53	0
92	96	0
57	57	0
13	63	0
48	2	0
53	62	0
31	87	0
37	32	0
88	88	0
92	71	0
16	95	0
64	69	0
6	71	0
79	56	0
33	49	0
46	62	0
28	75	0
59	70	0
14	29	1
9	63	0
89	80	0
74	50	0
96	52	0
21	57	0
59	87	0
55	28	0
99	27	0
44	41	0
96	14	0
18	88	0
32	29	0
41	75	0
88	56	0
21	44	0
86	61	0
9	99	0
16	77	0
98	85	0
44	31	0
0	69	0
75	89	0
52	61	0
80	69	0
17	93	0
97	36	0
33	2	0
32	89	0
35	77	0
40	17	0
25	35	0
7	17	0
85	70	0
96	9	0
60	8	0
71	19	0
98	46	0
35	8	0
26	53	0
99	44	0
8	55	0
55	80	0
4	61	0
26	77	0
69	59	0
50	91	0
74	48	0
69	85	0
35	39	0
73	62	0
42	54	0
81	51	0
20	77	0
50	32	0
25	77	0
82	36	0
58	36	0
95	69	0
92	97	0
85	79	0
42	69	0
13	28	0
56	41	0
54	74	0
29	21	0
26	8	0
35	73	0
18	35	0
63	3	0
70	77	0
72	75	0
90	10	0
8	44	0
63	85	0
10	88	0
57	9	0
68	49	0
65	23	0
36	20	0
30	40	0
37	22	0
73	5	0
39	87	0
57	29	0
34	81	0
83	10	0
31	44	0
42	62	0
75	17	0
85	69	0
61	72	0
35	66	0
49	91	0
76	83	0
83	46	0
21	67	0
76	76	0
71	95	0
24	36	0
16	50	0
99	38	0
26	89	0
96	84	0
71	88	0
50	2	0
63	68	0
90	58	0
64	86	0
82	48	0
89	77	0
82	36	0
10	58	0
5	61	0
68	86	0
73	43	0
55	62	0
57	12	0
30	18	0
85	72	0
22	30	1
11	61	0
39	52	0
53	37	0
39	22	0
52	30	0
19	84	0
30	35	0
7	63	0
15	78	0
66	48	0
17	26	0
68	14	0
90	34	0
79	3	0
56	80	0
6	54	0
59	28	0
54	41	0
52	83	0
91	9	0
30	37	0
58	61	0
47	79	0
12	99	0
36	64	0
38	82	0
30	21	0
75	80	0
44	46	0
39	82	0
62	30	0
11	46	0
65	64	0
63	27	0
29	78	0
77	39	0
42	39	0
44	42	0
33	14	0
6	66	0
74	66	0
77	67	0
39	48	0
84	58	0
81	73	0
68	26	0
61	11	0
79	82	0
81	18	0
4	63	0
77	81	0
39	20	0
69	34	0
23	66	0
14	94	0
35	98	0
29	58	0
95	28	0
18	53	0
55	99	0
12	81	0
98	71	0
54	62	0
85	33	0
21	8	0
50	26	0
63	2	0
5	82	0
54	58	0
86	66	0
73	40	0
12	1	0
21	45	0
70	15	0
15	86	0
82	1	0
47	70	0
33	25	0
83	93	0
7	21	0
24	94	0
99	52	0
33	13	0
89	79	0
55	56	0
72	59	0
42	28	0
93	28	0
92	74	0
7	61	0
0	79	0
15	54	0
5	89	0
8	91	0
79	24	0
40	44	0
5	94	0
47	2	0
69	5	0
38	57	0
70	52	0
44	21	0
33	62	0
26	30	0
86	18	0
9	37	0
90	65	0
89	12	0
61	49	0
25	24	0
53	12	0
14	95	0
50	69	0
40	60	0
41	11	0
7	92	0
2	93	0
66	53	0
91	35	0
35	28	0
31	77	0
99	91	0
51	26	0
60	74	0
70	90	0
0	75	0
74	26	0
54	58	0
17	35	0
96	71	0
44	69	0
98	13	0
82	9	0
85	20	0
74	90	0
45	62	0
35	72	0
80	24	0
38	12	0
70	95	0
68	76	0
23	52	0
69	42	0
67	91	0
78	10	0
93	50	0
26	74	0
57	57	0
27	26	0
83	22	0
33	51	0
64	3	0
90	93	0
73	62	0
57	75	0
81	36	0
77	76	0
9	90	0
39	5	0
12	99	0
2	62	0
66	69	0
76	89	0
74	10	0
88	97	0
84	13	0
81	85	0
65	9	0
80	36	0
77	41	0
57	33	0
17	82	0
60	92	0
57	77	0
20	53	0
12	36	0
30	95	0
9	64	0
41	4	0
32	50	0
17	64	0
38	36	0
6	43	0
92	58	0
52	28	0
6	55	0
24	84	0
78	81	0
1	0	0
91	70	0
14	67	0
58	48	0
32	66	0
90	47	0
58	36	0
2	9	1
1	47	0
21	59	0
90	58	0
73	52	0
92	60	0
1	63	0
78	63	0
3	79	0
6	22	0
95	60	0
21	61	0
42	8	0
38	33	0
8	86	0
27	85	0
77	44	0
67	69	0
70	56	0
77	80	0
43	76	0
45	23	0
3	64	0
45	63	0
36	44	0
66	54	0
83	19	0
