99	66	0
24	15	0
63	98	0
16	5	0
87	41	0
86	98	0
45	80	0
67	46	0
3	86	0
0	5	0
17	84	0
93	45	0
67	79	0
36	34	0
86	89	0
99	41	0
44	97	0
38	84	0
64	73	0
43	14	0
77	72	0
88	88	0
73	86	0
6	19	0
78	13	0
68	73	0
32	96	0
80	22	0
67	89	0
47	64	0
80	81	0
95	51	0
95	26	0
22	75	1
87	80	0
13	67	1
36	1	0
7	74	0
32	85	0
81	47	0
31	13	0
97	90	0
86	86	0
96	18	0
32	82	1
93	13	0
25	27	0
70	86	0
8	88	0
92	7	0
64	92	0
5	23	0
77	86	0
90	26	0
25	87	0
61	96	0
85	17	0
24	88	0
32	90	1
26	4	0
97	3	0
75	31	0
46	76	0
86	21	0
61	45	0
80	31	0
10	95	0
45	85	0
75	13	1
94	66	0
72	98	0
7	68	0
39	99	0
95	55	0
76	18	0
49	33	0
34	6	0
70	55	0
4	82	0
93	30	0
46	70	0
84	54	0
85	3	0
75	97	0
65	89	0
6	33	0
64	78	0
84	71	0
79	41	0
19	99	0
66	43	0
90	60	0
92	30	0
99	38	0
11	53	0
6	20	0
91	56	0
50	83	0
52	61	1
52	75	0
55	99	0
73	31	0
69	72	0
74	72	0
90	64	0
23	17	0
19	11	0
79	55	0
94	6	0
24	96	0
23	41	0
64	74	0
61	86	0
55	76	0
41	1	0
54	82	0
69	83	0
79	56	0
18	92	0
90	83	0
2	74	0
52	59	1
18	50	0
75	80	0
95	69	0
48	66	0
65	40	0
90	41	0
23	91	0
57	81	0
20	42	0
51	81	0
40	24	0
90	87	0
28	98	0
90	3	0
80	39	0
64	90	0
70	80	0
62	74	0
24	43	0
22	64	0
61	90	0
80	70	0
38	92	0
57	87	0
72	19	0
22	70	1
45	89	0
27	25	0
81	60	0
65	41	0
78	66	0
84	36	0
8	94	0
62	49	0
93	33	0
59	35	0
52	18	0
94	30	0
67	80	0
79	97	0
84	68	0
96	25	0
95	33	0
87	76	0
30	91	0
67	83	0
46	91	0
80	31	0
12	94	0
87	16	0
22	47	0
28	89	0
23	97	0
82	76	0
78	81	0
87	49	0
84	56	0
44	85	0
74	1	1
83	63	0
47	4	0
46	28	0
85	42	0
30	72	0
67	83	0
78	68	0
78	1	0
85	46	0
97	40	0
74	64	0
71	81	0
59	11	0
8	89	0
2	94	0
85	65	0
76	63	0
85	8	0
97	81	0
20	7	0
30	92	0
53	91	0
89	10	0
90	9	0
90	30	0
77	24	0
69	44	0
3	2	0
23	96	0
4	79	1
45	85	0
58	69	1
93	41	0
65	90	0
96	83	0
72	37	0
79	81	0
74	16	0
13	10	0
37	6	0
33	25	0
94	40	0
87	14	0
7	47	0
20	26	0
92	85	0
97	75	0
77	23	0
98	17	0
61	6	0
85	11	0
35	15	0
96	88	0
27	85	0
6	98	0
35	43	0
75	44	0
64	61	0
64	76	0
86	85	0
72	26	0
71	80	0
97	40	0
82	58	0
64	47	0
96	72	0
67	14	0
91	14	0
28	52	0
67	96	0
96	31	0
18	84	1
98	39	0
67	96	0
96	35	0
61	19	0
54	48	0
57	95	0
74	88	0
24	90	0
94	81	0
1	90	0
92	3	0
93	10	0
60	77	0
12	97	0
73	39	0
92	68	0
28	5	0
49	91	0
35	84	1
55	77	0
4	31	0
89	35	0
94	10	0
79	98	0
18	27	0
69	29	0
67	85	0
8	21	0
46	85	0
84	50	0
25	91	0
84	6	0
81	16	0
93	58	0
14	82	0
64	19	0
86	89	0
33	93	0
69	57	0
8	36	0
63	88	0
59	47	0
16	72	1
60	28	1
93	43	0
77	53	0
71	59	0
1	36	0
89	67	0
21	97	0
91	56	0
9	90	0
88	86	0
38	17	0
74	60	0
58	89	0
53	97	0
82	56	0
74	9	0
1	82	0
74	44	0
24	99	0
77	29	0
90	44	0
71	27	0
87	74	0
51	98	0
57	96	0
27	99	0
97	83	0
74	85	0
25	1	0
10	82	0
78	92	0
67	88	0
63	53	1
69	27	0
32	81	1
80	61	0
99	3	0
17	75	1
92	6	0
48	72	1
92	82	0
64	83	0
78	25	0
91	12	0
73	90	0
29	98	0
89	10	0
94	3	0
71	22	0
5	54	0
15	95	0
13	88	0
82	82	0
88	96	0
76	90	0
85	69	0
73	66	0
7	98	0
17	71	1
29	21	0
1	10	0
44	39	0
95	26	0
82	37	0
71	58	0
55	15	0
85	78	0
66	79	0
86	54	0
32	82	1
76	62	0
23	8	0
99	38	0
55	97	0
41	41	0
21	93	0
72	97	0
97	74	0
29	84	1
13	80	0
41	65	0
68	76	0
53	95	0
10	49	0
78	67	0
85	53	0
92	69	0
38	76	0
69	83	0
87	15	0
82	6	0
10	87	0
43	95	0
87	76	0
71	71	0
4	93	0
17	84	0
80	94	0
30	24	0
8	80	0
65	89	0
61	73	0
81	83	0
7	90	0
72	45	0
21	2	0
47	93	0
10	93	0
0	16	0
82	69	0
83	13	0
80	23	0
78	17	1
11	21	0
16	56	0
76	28	0
64	73	0
30	90	0
57	56	0
85	85	0
80	41	0
77	82	0
64	52	1
72	85	0
7	68	0
81	59	0
57	41	0
99	45	0
94	91	0
79	72	0
65	52	1
62	54	0
51	75	0
95	76	0
95	1	0
61	79	0
6	96	0
62	31	0
68	22	0
70	14	0
25	70	1
80	17	0
74	26	0
28	28	0
60	93	0
68	64	0
38	93	0
63	98	0
81	63	0
81	27	0
87	67	0
89	93	0
91	42	0
88	86	0
40	87	0
74	81	0
80	45	0
49	91	0
81	80	0
72	67	0
92	23	0
3	72	1
53	73	0
83	21	0
56	41	0
85	86	0
78	60	0
19	87	0
25	86	0
81	31	0
83	31	0
95	47	0
91	13	0
79	82	0
89	17	0
80	38	0
19	72	1
13	90	0
21	75	1
12	90	0
56	49	1
49	25	0
38	61	0
53	79	0
64	2	0
13	90	0
78	51	0
22	12	0
23	65	0
79	72	0
72	61	0
82	60	0
82	54	0
73	62	0
84	51	0
8	40	0
90	89	0
68	58	0
44	89	0
9	70	0
87	18	0
56	91	0
23	89	0
99	41	0
64	33	0
19	16	0
26	36	0
15	65	0
80	55	0
93	41	0
26	6	0
58	10	0
47	81	0
91	81	0
18	5	0
49	77	0
68	27	0
93	61	0
71	67	0
63	90	0
7	44	0
98	44	0
90	67	0
7	87	0
26	84	1
27	93	0
3	97	0
65	35	0
90	14	0
9	18	0
88	30	0
85	19	0
40	32	0
19	97	0
57	82	0
14	77	0
22	25	0
22	73	1
18	93	0
60	56	0
83	42	0
63	90	0
55	70	1
22	94	0
77	43	0
11	4	0
85	57	0
52	57	1
90	28	0
75	29	0
75	32	0
58	91	0
66	9	1
38	99	0
87	43	0
66	99	0
73	56	0
81	45	0
60	92	0
40	74	1
93	34	0
95	99	0
81	84	0
55	86	0
89	19	0
68	75	0
64	21	0
31	89	1
90	53	0
90	90	0
82	7	0
99	93	0
85	21	0
86	68	0
10	90	0
74	98	0
67	77	0
0	16	0
9	99	0
11	71	0
84	33	0
24	97	0
59	81	0
83	41	0
11	70	1
79	45	0
23	96	0
84	43	0
93	59	0
74	47	0
86	24	0
2	83	0
10	5	0
64	74	0
22	62	0
28	8	0
0	91	0
35	85	1
99	52	0
78	84	0
88	60	0
91	77	0
78	46	0
2	82	0
85	24	0
95	30	0
