92	61	0
41	8	0
30	33	0
65	99	0
16	11	0
97	39	0
94	89	0
40	7	0
61	81	0
50	19	0
84	45	0
0	77	0
17	0	0
22	71	0
97	24	0
77	72	0
55	30	0
18	55	0
89	60	0
99	10	0
51	91	0
60	69	0
79	87	0
60	4	0
35	81	0
53	12	0
83	72	0
64	84	0
91	82	0
1	27	0
49	18	0
39	20	0
91	29	0
29	52	0
85	63	0
4	91	0
41	99	0
89	30	0
71	90	0
45	3	0
22	73	0
95	59	0
91	67	0
55	67	0
96	47	0
5	81	0
61	2	0
97	67	0
12	70	0
62	9	0
14	80	0
58	94	0
35	75	0
97	71	0
52	32	0
27	23	0
96	78	0
96	97	0
94	3	0
15	95	0
97	18	0
35	9	0
74	77	0
42	7	0
15	97	0
86	10	0
41	87	0
70	91	0
46	64	0
0	34	0
68	91	0
9	57	0
94	30	0
32	40	1
33	85	0
56	93	0
62	29	0
34	95	0
59	96	0
2	20	0
99	6	0
95	17	0
43	58	0
82	40	0
85	58	0
48	11	0
34	5	0
70	45	0
12	95	0
57	6	0
53	88	0
38	0	0
46	33	0
81	43	0
35	66	0
73	47	0
11	60	0
76	83	0
4	79	0
30	99	0
94	59	0
65	14	0
38	68	0
38	67	0
63	2	0
73	52	0
0	60	0
28	1	0
12	38	0
41	35	0
68	86	0
51	46	0
13	98	0
85	5	0
48	79	0
76	79	0
96	1	0
67	82	0
50	70	0
36	7	0
54	96	0
99	69	0
69	62	0
26	97	0
61	40	0
34	16	0
17	44	0
80	4	0
5	59	0
94	57	0
98	22	0
79	38	0
37	52	0
49	12	0
81	71	0
20	14	0
32	14	0
90	58	0
42	35	0
64	72	0
66	90	0
48	32	0
45	39	0
56	39	0
13	44	0
29	51	0
24	55	0
81	87	0
48	60	0
28	97	0
73	45	0
74	62	0
54	77	0
92	73	0
19	26	0
54	50	0
14	14	0
25	81	0
32	67	0
87	30	0
44	40	0
76	10	0
42	85	0
48	27	0
49	47	0
74	74	0
26	64	0
51	77	0
37	84	0
33	48	0
39	10	0
54	11	0
38	75	0
21	76	0
79	75	0
90	65	0
29	92	0
92	72	0
27	51	0
19	86	0
55	66	0
35	51	0
21	12	0
9	28	1
76	93	0
86	82	0
57	61	0
67	40	0
3	51	0
58	5	0
80	39	0
61	25	0
74	29	0
18	61	0
9	46	0
45	49	0
78	18	0
42	64	0
91	30	0
32	94	0
27	67	0
37	24	0
85	80	0
38	55	0
33	9	0
22	85	0
59	16	0
99	84	0
61	90	0
93	0	0
3	74	0
23	58	0
94	31	0
48	81	0
44	33	0
52	68	0
50	67	0
48	63	0
18	78	0
27	55	0
66	4	0
2	64	0
61	79	0
94	40	0
42	89	0
81	60	0
63	28	0
52	67	0
25	87	0
36	96	0
53	34	0
76	37	0
82	61	0
65	41	0
68	68	0
5	41	0
48	16	0
8	90	0
62	54	0
70	37	0
68	27	0
53	8	0
9	55	0
85	18	0
40	8	0
68	66	0
57	75	0
72	32	0
97	37	0
97	9	0
3	53	0
95	78	0
21	99	0
91	75	0
31	98	0
61	29	0
61	22	0
18	84	0
77	36	0
37	70	0
38	73	0
43	6	0
34	95	0
82	92	0
70	92	0
83	43	0
93	69	0
16	90	0
45	65	0
66	5	0
69	37	0
34	22	0
37	6	0
49	13	0
50	58	0
78	41	0
31	47	0
37	50	0
36	74	0
75	87	0
81	69	0
57	77	0
83	0	0
84	44	0
68	0	0
18	47	0
28	34	1
70	43	0
71	54	0
67	70	0
17	35	0
36	69	0
58	19	0
19	87	0
30	88	0
28	69	0
89	67	0
47	15	0
37	0	0
31	53	0
78	68	0
64	8	0
74	89	0
16	0	0
51	99	0
4	70	0
38	95	0
46	41	0
2	53	0
78	25	0
77	6	0
57	14	0
85	16	0
37	55	0
11	56	0
72	24	0
89	65	0
12	11	0
1	63	0
27	97	0
1	90	0
48	98	0
51	73	0
53	41	0
61	12	0
41	86	0
44	62	0
80	98	0
30	31	0
10	53	0
25	44	0
62	56	0
70	80	0
28	25	0
77	28	0
36	3	0
53	1	0
60	16	0
33	42	0
74	68	0
81	9	0
13	42	0
50	16	0
51	53	0
42	38	0
34	49	0
87	76	0
76	57	0
13	47	0
54	35	0
98	8	0
58	6	0
53	29	0
48	41	0
40	32	0
6	79	0
57	81	0
22	75	0
17	94	0
27	99	0
59	12	0
39	36	0
95	46	0
86	54	0
0	69	0
79	73	0
66	70	0
78	28	0
84	86	0
86	9	0
77	56	0
80	63	0
34	20	0
62	50	0
26	51	0
90	78	0
72	15	0
95	18	0
31	48	0
42	92	0
70	64	0
88	13	0
15	72	0
90	23	0
50	99	0
82	24	0
74	40	0
42	53	0
56	39	0
30	38	1
34	52	0
59	84	0
82	24	0
39	22	0
73	79	0
30	66	0
14	99	0
87	98	0
39	36	0
2	89	0
59	35	0
92	18	0
85	41	0
14	61	0
61	44	0
45	29	0
48	44	0
12	95	0
85	19	0
54	2	0
87	39	0
49	44	0
27	84	0
22	3	0
58	59	0
54	89	0
13	51	0
42	73	0
35	80	0
54	37	0
18	86	0
5	47	0
22	44	1
63	9	0
85	33	0
92	3	0
83	87	0
20	70	0
26	32	1
46	24	0
84	0	0
78	61	0
77	91	0
7	44	0
63	93	0
94	60	0
33	87	0
72	6	0
57	53	0
60	27	0
74	13	0
46	28	0
41	13	0
95	2	0
86	29	0
9	83	0
84	16	0
93	99	0
22	89	0
96	61	0
49	52	0
9	26	0
81	96	0
65	46	0
0	99	0
69	41	0
75	34	0
76	50	0
87	67	0
24	74	0
87	65	0
33	84	0
97	82	0
30	89	0
96	82	0
37	27	0
58	67	0
64	96	0
44	64	0
73	95	0
68	47	0
32	66	0
37	65	0
84	4	0
7	87	0
93	51	0
17	82	0
50	71	0
46	79	0
89	44	0
37	53	0
48	28	0
80	59	0
67	8	0
87	90	0
65	93	0
46	47	0
47	7	0
39	40	0
57	84	0
35	24	0
46	65	0
80	72	0
39	17	0
99	95	0
55	12	0
11	12	0
51	22	0
19	77	0
41	0	0
12	62	0
92	93	0
57	86	0
60	53	0
59	4	0
43	69	0
45	50	0
95	57	0
86	2	0
7	71	0
75	2	0
56	73	0
64	31	0
38	13	0
38	65	0
85	84	0
25	76	0
41	84	0
78	30	0
20	50	0
64	34	0
39	68	0
61	87	0
34	97	0
87	10	0
98	29	0
73	17	0
27	79	0
28	98	0
27	81	0
76	44	0
81	80	0
80	89	0
11	41	0
75	40	0
71	74	0
77	69	0
62	81	0
17	82	0
16	67	0
41	24	0
38	15	0
0	39	0
47	55	0
28	46	0
81	30	0
84	38	0
74	2	0
75	47	0
51	63	0
22	62	0
55	27	0
89	78	0
51	92	0
76	65	0
34	58	0
34	87	0
78	52	0
27	50	0
80	30	0
22	49	0
31	15	0
90	53	0
76	94	0
56	55	0
8	58	0
51	5	0
63	56	0
34	84	0
34	29	0
78	92	0
96	61	0
16	83	0
65	44	0
8	65	0
79	57	0
33	61	0
48	59	0
36	79	0
61	65	0
4	56	0
73	59	0
68	50	0
76	45	0
23	74	0
68	83	0
54	8	0
94	20	0
52	34	0
98	12	0
9	78	0
34	43	0
38	70	0
84	67	0
27	58	0
77	73	0
18	92	0
13	86	0
90	88	0
45	29	0
0	67	0
74	98	0
47	66	0
86	57	0
23	97	0
93	32	0
22	8	0
35	79	0
22	81	0
27	9	0
14	45	0
12	25	0
78	70	0
97	17	0
55	16	0
72	34	0
88	29	0
31	7	0
32	63	0
97	34	0
4	61	0
48	92	0
2	54	0
27	82	0
68	50	0
53	95	0
79	46	0
66	84	0
31	41	1
70	60	0
43	54	0
72	60	0
3	74	0
56	33	0
29	85	0
83	44	0
73	25	0
91	74	0
90	95	0
84	82	0
51	74	0
68	39	0
52	66	0
40	22	0
32	11	0
35	75	0
0	42	0
65	9	0
60	84	0
84	84	0
83	5	0
10	44	0
56	82	0
22	92	0
62	4	0
57	43	0
59	22	0
46	22	0
47	20	0
84	7	0
40	99	0
64	25	0
28	99	0
97	15	0
23	48	0
45	62	0
71	25	0
78	95	0
69	72	0
42	64	0
57	95	0
71	69	0
89	50	0
9	58	0
84	86	0
83	95	0
16	65	0
93	48	0
30	70	0
98	84	0
51	94	0
40	16	0
71	68	0
89	57	0
57	81	0
71	67	0
90	68	0
67	33	0
18	55	0
6	59	0
62	72	0
68	36	0
52	47	0
50	1	0
29	22	0
96	74	0
17	57	0
28	46	0
59	25	0
45	7	0
54	26	0
21	99	0
13	58	0
15	82	0
71	51	0
83	26	0
90	34	0
92	2	0
63	90	0
10	52	0
58	28	0
54	49	0
47	79	0
95	14	0
62	59	0
44	93	0
17	90	0
41	64	0
25	90	0
35	16	0
73	77	0
51	27	0
36	81	0
54	39	0
8	46	0
68	60	0
66	13	0
27	84	0
96	46	0
22	40	1
21	56	0
18	20	0
5	67	0
79	63	0
72	62	0
40	54	0
81	58	0
92	68	0
66	39	0
63	22	0
81	66	0
77	22	0
6	49	0
75	86	0
29	34	0
57	34	0
12	63	0
2	84	0
35	93	0
38	52	0
90	26	0
1	45	0
60	91	0
4	91	0
86	58	0
49	37	0
86	30	0
13	14	0
46	36	0
73	6	0
25	85	0
50	46	0
98	62	0
87	37	0
6	3	0
6	42	0
53	17	0
7	55	0
82	7	0
51	71	0
35	24	0
90	94	0
10	19	0
31	95	0
94	54	0
34	10	0
87	98	0
48	57	0
60	63	0
35	37	0
95	31	0
96	86	0
7	61	0
4	73	0
19	47	0
22	79	0
20	93	0
62	27	0
34	59	0
13	91	0
40	21	0
70	20	0
36	64	0
60	48	0
51	14	0
34	73	0
34	34	0
89	18	0
4	35	0
78	52	0
93	20	0
50	44	0
38	23	0
48	4	0
18	90	0
45	65	0
48	60	0
34	13	0
25	88	0
8	86	0
69	46	0
96	35	0
30	26	0
28	66	0
86	92	0
47	28	0
67	74	0
57	83	0
7	82	0
75	36	0
49	61	0
17	39	0
91	76	0
52	58	0
96	17	0
77	13	0
87	23	0
70	96	0
54	60	0
40	53	0
63	26	0
45	7	0
56	88	0
57	72	0
19	55	0
77	38	0
47	93	0
89	32	0
89	58	0
29	80	0
41	55	0
23	37	1
79	32	0
43	52	0
86	5	0
99	98	0
73	74	0
48	82	0
75	39	0
71	88	0
11	79	0
44	6	0
11	92	0
12	62	0
47	68	0
75	76	0
64	14	0
98	90	0
92	8	0
94	93	0
63	9	0
85	28	0
72	61	0
55	36	0
11	89	0
57	94	0
68	85	0
27	47	0
11	33	0
25	89	0
12	63	0
41	13	0
42	44	0
21	62	0
34	40	0
1	43	0
93	56	0
43	23	0
15	64	0
30	81	0
62	85	0
88	51	0
2	78	0
63	40	0
28	60	0
76	51	0
64	29	0
6	55	0
21	47	0
81	49	0
63	51	0
84	53	0
0	66	0
62	52	0
8	78	0
3	5	0
87	71	0
13	58	0
34	1	0
33	24	0
11	96	0
18	80	0
90	41	0
69	72	0
80	63	0
73	84	0
51	65	0
60	45	0
7	72	0
44	72	0
33	53	0
70	54	0
86	11	0
