94	71	0
47	24	0
48	21	0
46	98	0
7	16	0
92	37	0
92	87	0
41	20	0
71	76	0
35	32	0
90	38	0
1	76	0
12	13	0
28	60	0
98	22	0
90	72	0
63	31	0
23	47	0
97	63	0
90	6	0
47	84	0
61	71	0
75	94	0
63	0	0
41	87	0
59	4	0
83	81	0
68	85	0
97	68	0
4	30	0
49	37	0
45	18	0
89	39	0
47	46	0
90	63	0
17	93	0
56	92	0
96	23	0
77	94	0
48	3	0
18	56	0
81	52	0
84	64	0
52	71	0
89	48	0
12	86	0
23	44	0
61	11	0
89	68	0
16	65	0
62	8	0
23	80	0
51	92	0
36	75	0
95	61	0
43	32	0
40	32	0
84	66	0
99	91	0
82	20	0
6	94	0
93	14	0
48	0	0
78	72	0
42	9	0
12	85	0
77	8	0
45	78	0
78	91	0
54	65	0
3	27	0
75	85	0
28	42	0
18	57	0
82	33	0
13	35	0
41	79	0
40	88	0
63	15	0
38	93	0
59	94	0
2	6	1
10	16	0
97	13	0
93	25	0
35	52	0
79	40	0
24	23	0
80	56	0
28	42	0
37	17	0
43	6	0
70	34	0
14	90	0
64	13	0
57	80	0
46	10	0
51	25	0
90	51	0
34	73	0
79	51	0
14	55	0
74	91	0
10	74	0
37	88	0
90	45	0
57	3	0
47	69	0
19	59	0
60	2	0
62	52	0
10	59	0
45	4	0
35	56	0
37	38	0
91	91	0
50	47	0
2	9	1
22	96	0
79	6	0
61	65	0
21	28	1
81	81	0
99	9	0
62	69	0
54	75	0
31	15	0
55	93	0
89	76	0
81	58	0
37	95	0
66	26	0
41	22	0
14	41	0
84	6	0
7	72	0
94	70	0
98	26	0
88	34	0
34	50	0
58	16	0
85	80	0
10	12	0
44	11	0
81	59	0
30	34	0
73	82	0
79	92	0
48	14	0
40	27	0
52	52	0
7	46	0
22	60	0
11	55	0
80	75	0
40	50	0
43	93	0
78	48	0
71	73	0
49	86	0
23	40	0
92	62	0
7	26	0
41	48	0
17	16	0
29	77	0
37	79	0
91	33	0
33	32	0
83	16	0
40	82	0
58	27	0
52	41	0
80	79	0
27	56	0
59	83	0
36	86	0
38	46	0
34	18	0
63	9	0
31	74	0
22	75	0
74	77	0
91	62	0
14	90	0
27	29	0
95	64	0
29	52	0
32	92	0
58	87	0
40	55	0
30	14	0
18	36	0
67	87	0
84	94	0
60	81	0
74	32	0
6	64	0
58	2	0
79	18	0
70	28	0
69	25	0
22	57	0
0	67	0
47	53	0
76	28	0
35	69	0
98	28	0
37	98	0
28	66	0
33	17	0
77	71	0
38	53	0
31	8	0
8	94	0
64	10	0
99	89	0
77	94	0
95	13	0
0	79	0
15	67	0
95	41	0
50	69	0
44	45	0
53	56	0
53	71	0
53	64	0
18	76	0
35	54	0
65	11	0
0	65	0
67	86	0
82	45	0
40	89	0
82	59	0
55	19	0
46	71	0
21	79	0
33	95	0
54	41	0
69	35	0
32	37	0
96	58	0
79	45	0
69	61	0
9	66	0
50	18	0
6	82	0
68	60	0
57	47	0
63	46	0
53	26	0
1	55	0
84	31	0
55	3	0
73	69	0
49	77	0
74	28	0
99	37	0
90	5	0
0	63	0
91	67	0
25	99	0
94	62	0
44	94	0
65	28	0
51	8	0
22	94	0
70	34	0
42	61	0
46	83	0
51	8	0
18	93	0
76	95	0
82	82	0
77	40	0
92	73	0
19	87	0
46	52	0
55	3	0
60	28	0
23	16	0
39	2	0
56	9	0
54	51	0
78	41	0
34	54	0
31	52	0
39	66	0
72	86	0
82	80	0
54	75	0
82	7	0
84	47	0
80	11	0
23	52	0
32	15	0
78	34	0
67	33	0
74	76	0
11	38	0
43	72	0
52	22	0
29	88	0
27	96	0
21	77	0
95	64	0
40	28	0
39	4	0
26	57	0
89	66	0
66	15	0
82	92	0
13	1	0
65	88	0
9	71	0
47	86	0
35	33	0
1	50	0
83	7	0
22	38	0
85	8	0
56	14	0
86	10	0
37	45	0
18	49	0
77	24	0
89	57	0
6	23	0
29	37	0
9	62	0
38	94	0
15	86	0
5	6	1
41	90	0
60	76	0
49	44	0
68	21	0
37	96	0
42	67	0
93	96	0
31	32	0
17	48	0
22	44	0
54	72	0
79	79	0
39	26	0
87	12	0
33	6	0
61	3	0
58	15	0
25	43	0
80	66	0
74	4	0
13	40	0
39	10	0
50	44	0
43	39	0
23	59	0
89	81	0
76	52	0
14	51	0
57	34	0
90	12	0
55	10	0
62	24	0
58	33	0
24	28	0
7	74	0
67	74	0
20	77	0
29	91	0
18	96	0
52	23	0
42	36	0
93	51	0
78	46	0
6	82	0
83	78	0
69	80	0
76	36	0
71	97	0
81	0	0
83	57	0
74	60	0
36	16	0
43	43	0
34	47	0
84	84	0
2	3	1
67	21	0
89	2	0
22	40	0
37	87	0
65	74	0
85	11	0
5	57	0
95	32	0
41	93	0
77	23	0
67	51	0
41	56	0
52	40	0
26	39	0
42	45	0
73	82	0
83	39	0
42	27	0
74	71	0
22	61	0
12	98	0
92	89	0
32	32	0
1	78	0
64	35	0
96	10	0
79	48	0
5	64	0
69	46	0
43	33	0
49	44	0
5	93	0
72	15	0
49	8	0
94	53	0
53	21	0
24	75	0
23	6	0
70	58	0
64	98	0
0	67	0
46	63	0
42	75	0
55	23	0
25	99	0
12	40	0
24	40	0
64	15	0
81	21	0
95	19	0
86	90	0
22	58	0
34	27	0
37	33	0
80	13	0
64	59	0
73	94	0
19	46	0
68	98	0
92	67	0
37	77	0
66	11	0
66	46	0
80	24	0
74	9	0
43	20	0
41	25	0
93	4	0
85	28	0
0	74	0
84	7	0
94	99	0
0	98	0
95	54	0
50	52	0
18	19	0
98	91	0
64	56	0
11	95	0
67	24	0
75	36	0
77	57	0
83	65	0
27	74	0
81	74	0
42	97	0
81	73	0
12	29	0
37	98	0
94	82	0
33	37	0
30	33	0
56	76	0
56	94	0
42	64	0
64	97	0
62	52	0
35	60	0
27	67	0
82	20	0
16	93	0
87	40	0
28	90	0
49	66	0
45	87	0
87	38	0
37	44	0
22	44	0
52	22	0
87	62	0
65	12	0
95	99	0
68	97	0
44	57	0
60	6	0
28	40	0
41	90	0
36	21	0
46	61	0
69	73	0
26	22	0
90	99	0
42	21	0
26	18	0
63	34	0
19	77	0
37	13	0
7	61	0
87	90	0
55	91	0
63	42	0
79	5	0
39	76	0
40	52	0
96	53	0
89	5	0
7	71	0
75	6	0
64	73	0
79	38	0
39	8	0
34	67	0
84	76	0
34	64	0
48	82	0
78	25	0
16	62	0
76	22	0
40	63	0
69	96	0
33	93	0
83	7	0
90	26	0
66	20	0
31	80	0
19	87	0
12	89	0
67	44	0
76	70	0
68	80	0
13	38	0
75	37	0
64	66	0
85	75	0
53	62	0
18	57	0
25	64	0
45	20	0
42	21	0
1	36	0
45	65	0
40	47	0
81	31	0
75	29	0
74	0	0
73	47	0
55	72	0
23	53	0
55	24	0
91	78	0
60	88	0
90	70	0
21	53	0
56	73	0
72	45	0
34	55	0
74	27	0
17	50	0
38	24	0
75	52	0
91	98	0
57	58	0
10	59	0
48	4	0
56	60	0
30	89	0
35	36	0
90	88	0
94	73	0
16	91	0
60	66	0
6	72	0
79	56	0
36	51	0
49	59	0
29	72	0
60	72	0
10	60	0
89	80	0
74	53	0
97	53	0
23	58	0
58	91	0
52	29	0
97	25	0
45	38	0
96	13	0
18	91	0
33	32	0
37	76	0
89	55	0
22	46	0
86	63	0
7	95	0
13	78	0
97	84	0
45	30	0
1	71	0
76	93	0
50	63	0
85	72	0
17	92	0
98	38	0
35	0	0
33	89	0
35	77	0
39	15	0
26	35	0
11	20	0
86	71	0
99	11	0
60	7	0
72	24	0
98	46	0
39	7	0
26	53	0
99	44	0
11	55	0
57	80	0
2	60	0
24	76	0
69	61	0
52	91	0
75	50	0
69	85	0
31	42	0
71	61	0
39	55	0
80	52	0
18	79	0
52	31	0
25	76	0
83	38	0
58	32	0
96	69	0
90	97	0
89	78	0
41	69	0
12	29	1
55	37	0
57	77	0
32	22	0
27	9	0
36	73	0
17	36	0
63	0	0
68	83	0
73	77	0
89	9	0
9	47	0
60	88	0
10	89	0
54	5	0
67	47	0
64	24	0
34	19	0
28	41	0
42	23	0
74	4	0
40	88	0
59	32	0
35	83	0
85	12	0
29	44	0
44	65	0
76	16	0
82	74	0
61	71	0
37	64	0
46	88	0
79	81	0
83	48	0
21	67	0
77	76	0
74	95	0
24	34	0
11	49	0
98	41	0
27	88	0
99	84	0
69	91	0
45	0	0
63	64	0
89	58	0
67	87	0
81	49	0
88	74	0
82	34	0
12	57	0
4	64	0
68	88	0
74	42	0
56	62	0
56	7	0
31	16	0
88	74	0
25	33	1
10	60	0
38	49	0
56	37	0
39	21	0
53	31	0
18	84	0
31	34	0
8	62	0
18	78	0
68	50	0
13	28	1
68	14	0
94	32	0
79	3	0
55	81	0
7	52	0
57	26	0
52	42	0
52	85	0
91	9	0
28	39	0
56	61	0
45	81	0
13	99	0
34	64	0
39	83	0
31	22	0
75	79	0
45	49	0
40	82	0
63	31	0
12	47	0
61	61	0
64	27	0
32	79	0
79	41	0
41	38	0
45	41	0
30	12	0
2	61	0
70	66	0
79	64	0
41	49	0
87	57	0
78	75	0
69	25	0
61	10	0
79	83	0
80	19	0
3	63	0
77	83	0
38	19	0
68	38	0
24	67	0
15	93	0
34	96	0
28	58	0
94	29	0
20	53	0
53	97	0
13	82	0
96	70	0
56	59	0
84	36	0
20	12	0
55	26	0
63	2	0
4	81	0
54	56	0
87	65	0
70	37	0
12	0	0
17	40	0
70	16	0
18	85	0
77	2	0
46	72	0
34	25	0
83	94	0
7	22	0
24	92	0
98	55	0
32	12	0
93	82	0
53	56	0
72	61	0
44	26	0
91	30	0
92	74	0
10	57	0
0	77	0
15	50	0
6	88	0
7	91	0
78	24	0
40	42	0
7	96	0
52	5	0
71	4	0
34	59	0
73	50	0
46	20	0
32	65	0
27	32	0
88	20	0
7	41	0
91	63	0
91	13	0
58	48	0
25	20	0
54	10	0
11	92	0
51	66	0
42	59	0
39	12	0
8	91	0
3	93	0
64	53	0
88	34	0
35	26	0
26	73	0
95	91	0
51	29	0
59	73	0
68	87	0
4	73	0
75	26	0
54	59	0
18	34	0
93	70	0
48	71	0
97	12	0
82	10	0
86	21	0
71	93	0
45	61	0
37	68	0
80	19	0
37	12	0
71	94	0
68	75	0
23	53	0
67	39	0
69	93	0
79	13	0
93	53	0
26	72	0
52	59	0
24	24	0
87	21	0
31	49	0
68	6	0
90	94	0
74	60	0
55	77	0
79	36	0
77	76	0
11	90	0
38	7	0
11	98	0
2	63	0
67	70	0
73	92	0
76	10	0
87	98	0
82	12	0
85	88	0
66	7	0
84	38	0
77	41	0
55	34	0
16	83	0
59	94	0
57	79	0
20	52	0
9	38	0
30	94	0
10	64	0
41	5	0
35	51	0
16	64	0
39	34	0
5	42	0
92	55	0
54	25	0
7	54	0
24	82	0
79	81	0
1	0	1
90	70	0
15	68	0
60	46	0
30	64	0
85	45	0
60	34	0
5	12	1
3	45	0
22	58	0
89	58	0
72	52	0
90	60	0
2	65	0
76	62	0
2	83	0
2	23	0
96	65	0
23	62	0
45	5	0
36	31	0
8	91	0
26	89	0
77	46	0
66	72	0
71	56	0
75	81	0
41	74	0
47	25	0
4	63	0
48	61	0
39	46	0
66	55	0
81	19	0
