97	65	0
25	6	0
30	25	1
64	99	0
12	1	0
89	43	0
96	95	0
46	14	0
56	80	0
59	24	0
77	50	0
8	82	0
12	3	0
14	89	0
93	26	0
72	75	0
49	36	0
89	61	0
97	14	0
46	98	0
53	64	0
81	70	0
46	8	0
19	71	0
58	19	0
94	69	0
76	92	0
90	76	0
5	41	0
51	8	0
51	29	0
95	27	0
76	66	0
8	86	0
36	91	0
76	16	0
75	92	0
30	10	0
44	67	0
82	68	0
95	70	0
55	61	0
99	44	0
18	79	0
67	4	0
98	66	0
23	76	0
67	5	0
4	77	0
43	91	0
28	70	0
91	66	0
56	36	0
43	27	0
92	84	0
98	90	0
97	12	0
20	94	0
99	12	0
26	5	0
74	92	0
34	1	0
2	85	0
85	13	0
32	79	0
59	91	0
37	59	0
6	26	0
74	81	0
87	29	0
30	95	0
50	95	0
63	32	0
30	89	0
57	99	0
2	16	0
95	13	0
82	24	0
49	75	0
84	44	0
92	57	0
53	13	0
37	13	1
67	44	0
5	98	0
64	2	0
44	65	0
43	5	0
58	28	0
86	20	0
35	60	0
88	44	0
0	60	0
79	96	0
1	86	0
41	92	0
86	54	0
72	19	0
32	67	0
34	58	0
59	0	0
71	58	0
13	63	0
34	3	0
13	48	1
37	51	1
60	77	0
45	36	0
11	96	0
86	30	0
42	76	0
75	72	0
92	6	0
66	86	0
66	73	0
20	19	0
61	90	0
99	83	0
76	58	0
27	94	0
63	32	0
33	25	1
73	6	0
12	54	1
96	66	0
97	35	0
85	53	0
39	46	0
60	3	0
67	71	0
16	28	0
42	28	0
98	55	0
52	21	0
55	74	0
57	82	0
55	21	0
37	38	0
53	28	0
12	48	1
15	54	1
62	83	0
48	61	0
46	91	0
74	42	0
65	72	0
61	67	0
97	64	0
25	24	0
45	48	0
14	16	0
15	77	0
25	68	0
82	47	0
46	44	0
90	3	0
36	91	0
53	21	0
32	44	0
72	78	0
34	65	0
58	67	0
42	93	0
33	54	0
43	6	0
56	18	0
38	96	0
30	65	0
76	82	0
93	56	0
20	90	0
96	69	0
29	49	0
26	73	0
51	70	0
45	61	0
15	34	0
69	85	0
96	79	0
37	68	0
77	41	0
7	41	0
60	9	0
67	54	0
59	16	0
76	17	0
1	48	0
43	61	0
61	35	0
45	64	0
94	33	0
33	91	0
22	59	0
75	89	0
45	57	0
23	14	0
31	71	0
59	18	0
93	96	0
42	90	0
94	2	0
12	63	0
14	67	0
95	36	0
50	92	0
63	79	0
69	67	0
46	62	0
13	73	0
22	54	1
57	0	0
17	55	1
56	94	0
99	54	0
47	88	0
74	70	0
85	21	0
49	79	0
29	83	0
43	94	0
39	25	0
67	23	0
82	44	0
53	44	0
70	68	0
0	48	0
66	26	0
20	96	0
67	71	0
85	40	0
71	32	0
47	0	0
2	40	0
85	24	0
70	75	0
57	91	0
71	52	0
92	29	0
91	10	0
3	33	0
85	74	0
35	94	0
89	80	0
42	99	0
63	34	0
79	31	0
25	91	0
80	23	0
21	62	0
30	76	0
53	13	0
32	97	0
77	90	0
78	78	0
92	54	0
95	55	0
19	83	0
36	71	0
83	14	0
75	47	0
35	21	1
39	2	0
42	32	0
46	54	0
81	45	0
26	52	0
40	41	0
31	77	0
71	93	0
90	58	0
58	75	0
90	1	0
96	38	0
63	7	0
82	49	0
77	51	0
63	70	0
4	40	0
35	66	0
61	30	0
11	92	0
31	80	0
7	88	0
89	67	0
45	10	1
39	1	0
42	51	1
78	65	0
65	2	0
90	87	0
26	3	0
50	93	0
15	68	0
55	91	0
44	37	0
6	44	1
75	30	0
78	14	0
48	16	0
83	8	0
42	56	0
8	59	1
79	24	0
77	55	0
7	6	0
4	57	0
30	98	0
17	80	0
53	98	0
48	68	0
75	41	0
66	9	0
49	82	0
46	68	0
97	82	0
0	53	0
65	52	0
69	81	0
79	23	0
30	7	0
46	0	0
49	16	0
38	29	0
83	53	0
69	16	0
23	45	0
20	22	0
31	58	0
43	36	0
88	73	0
87	61	0
1	47	0
60	36	0
88	5	0
68	14	0
77	22	0
52	38	0
41	30	0
0	75	0
68	83	0
40	82	0
11	99	0
26	62	0
54	7	0
50	37	0
87	45	0
79	56	0
15	60	0
82	73	0
83	84	0
78	30	0
71	88	0
80	4	0
75	67	0
74	51	0
71	54	0
81	80	0
74	0	0
92	15	0
27	48	0
53	90	0
66	70	0
82	13	0
25	73	0
93	28	0
59	98	0
96	28	0
64	21	0
25	57	0
65	40	0
39	58	0
57	90	0
79	29	0
82	77	0
40	55	0
14	93	0
96	95	0
46	27	0
8	83	0
49	51	0
94	0	0
79	39	0
27	64	0
62	51	0
57	47	0
18	98	0
83	22	0
38	11	0
92	50	0
49	43	0
38	88	0
20	10	0
49	51	0
50	86	0
4	47	0
39	78	0
39	86	0
49	24	0
17	75	0
14	31	0
73	10	0
72	13	0
95	5	0
89	96	0
27	62	0
33	29	0
83	2	0
67	52	0
70	99	0
3	26	0
55	94	0
94	62	0
35	82	0
79	4	0
42	68	0
69	20	0
57	7	0
41	9	1
89	15	0
84	40	0
11	86	0
78	12	0
92	97	0
21	96	0
97	72	0
45	48	0
9	28	0
74	98	0
65	55	0
5	86	0
71	39	0
77	50	0
69	52	0
79	69	0
30	60	0
99	53	0
29	97	0
96	69	0
21	97	0
88	93	0
47	34	0
61	62	0
59	91	0
45	60	0
59	99	0
75	52	0
46	46	0
29	56	0
89	1	0
5	81	0
89	63	0
24	92	0
53	63	0
42	85	0
85	31	0
32	51	0
53	23	0
93	57	0
74	20	0
85	91	0
42	96	0
44	58	0
46	10	0
35	47	0
58	97	0
50	22	0
43	72	0
85	78	0
36	13	1
89	87	0
75	9	0
17	10	0
44	34	0
21	72	0
44	2	0
11	82	0
90	79	0
59	90	0
69	43	0
71	6	0
39	65	0
39	72	0
95	47	0
99	1	0
16	71	0
75	7	0
47	66	0
42	28	0
33	6	0
36	53	0
82	87	0
30	68	0
53	81	0
65	23	0
73	29	0
52	58	0
63	87	0
31	99	0
99	17	0
84	20	0
75	14	0
13	67	0
28	98	0
21	89	0
67	40	0
75	76	0
71	99	0
5	34	0
57	46	0
64	89	0
67	65	0
60	76	0
19	90	0
20	76	0
43	32	0
45	17	1
12	29	0
41	37	0
36	38	0
99	25	0
83	43	0
73	8	0
68	34	0
57	51	0
42	26	0
97	77	0
50	82	0
84	58	0
39	64	0
38	91	0
82	51	0
65	18	0
30	19	0
96	49	0
75	84	0
47	40	0
11	56	1
46	10	1
49	59	0
40	89	0
62	97	0
94	61	0
17	79	0
63	46	0
7	64	0
64	44	0
45	73	0
62	54	0
47	75	0
64	84	0
0	59	0
56	57	0
75	48	0
86	60	0
36	78	0
71	84	0
43	24	0
92	17	0
57	43	0
99	10	0
1	82	0
41	87	0
88	56	0
74	69	0
13	88	0
16	79	0
78	87	0
49	24	0
5	74	0
73	99	0
48	66	0
95	62	0
24	97	0
82	44	0
12	0	0
41	72	0
23	82	0
36	13	1
4	18	0
89	57	0
97	25	0
50	22	0
76	32	0
83	14	0
18	12	0
29	65	0
76	33	0
1	68	0
57	82	0
3	43	0
17	74	0
71	46	0
56	98	0
71	47	0
75	80	0
74	57	0
41	47	1
76	80	0
11	86	0
44	42	0
23	76	0
71	49	0
66	38	0
97	47	0
94	93	0
84	89	0
48	66	0
68	44	0
63	60	0
36	54	0
8	45	1
68	2	0
68	87	0
84	78	0
84	9	0
56	89	0
7	98	0
51	17	0
55	33	0
73	31	0
58	22	0
37	22	1
79	17	0
22	93	0
71	24	0
30	82	0
96	17	0
43	67	0
52	39	0
66	96	0
80	73	0
39	78	0
70	93	0
85	66	0
88	44	0
27	50	1
99	77	0
78	93	0
13	58	1
99	51	0
35	70	0
94	84	0
55	86	0
34	18	1
77	79	0
91	44	0
46	85	0
79	67	0
89	55	0
74	36	0
36	49	0
1	60	0
57	79	0
67	15	0
57	35	0
44	16	0
85	85	0
15	46	1
67	35	0
37	12	1
40	19	0
14	89	0
12	58	0
7	89	0
62	41	0
94	24	0
92	38	0
95	5	0
80	95	0
9	49	1
61	22	0
51	51	0
36	81	0
96	20	0
64	49	0
37	91	0
26	96	0
30	69	0
17	90	0
32	3	0
67	63	0
47	30	0
47	73	0
47	44	0
8	46	0
71	66	0
67	16	0
25	89	0
95	55	0
20	31	0
15	71	0
75	64	0
61	58	0
53	60	0
90	55	0
92	62	0
72	49	0
60	12	0
65	64	0
83	43	0
9	37	0
87	77	0
56	43	0
28	77	0
9	79	0
30	98	0
20	56	0
92	29	0
6	50	0
57	91	0
3	82	0
91	66	0
45	25	0
77	19	0
22	23	0
34	40	0
73	8	0
18	74	0
41	54	0
92	57	0
88	38	0
5	5	0
10	49	1
45	18	1
4	41	0
71	4	0
49	69	0
91	91	0
3	14	0
48	98	0
87	30	0
38	5	0
92	89	0
44	65	0
71	69	0
39	32	0
97	38	0
91	77	0
16	60	0
13	77	0
1	47	0
20	65	0
15	98	0
71	18	0
31	55	0
5	87	0
27	29	0
58	17	0
33	64	0
71	50	0
43	4	0
34	79	0
93	20	0
6	25	0
71	48	0
95	30	0
47	60	0
28	15	0
42	0	0
19	90	0
46	73	0
24	59	0
20	18	0
18	88	0
25	81	0
63	52	0
90	44	0
38	71	0
80	97	0
49	32	0
64	71	0
46	86	0
2	85	0
80	42	0
44	60	0
7	21	0
94	65	0
52	52	0
96	17	0
81	13	0
81	34	0
61	96	0
45	44	0
52	34	0
61	30	0
41	1	0
41	91	0
51	69	0
89	27	0
58	94	0
89	42	0
80	53	0
39	73	0
24	66	0
78	30	0
56	37	0
77	2	0
99	99	0
77	81	0
47	79	0
72	40	0
79	86	0
10	80	0
56	27	0
18	94	0
3	62	0
43	56	0
75	73	0
67	13	0
94	94	0
86	11	0
95	92	0
64	9	0
74	21	0
72	57	0
64	31	0
21	83	0
52	85	0
64	85	0
5	32	0
13	81	0
14	71	0
37	6	0
36	44	0
13	48	1
3	42	0
78	41	0
48	24	0
13	62	0
16	84	0
65	95	0
89	41	0
1	76	0
64	45	0
31	83	0
78	67	0
69	41	0
8	50	1
29	56	0
80	37	0
68	48	0
75	57	0
17	62	0
60	47	0
2	92	0
5	4	0
90	66	0
18	67	0
20	1	0
3	92	0
23	79	0
99	40	0
73	81	0
89	65	0
84	86	0
48	63	0
63	31	0
1	73	0
47	63	0
36	55	0
62	45	0
90	21	0
