83	63	0
37	26	0
58	97	1
15	13	0
90	45	0
90	86	0
71	43	0
9	79	0
0	5	0
13	87	0
77	34	0
77	74	0
29	31	0
63	73	0
93	52	0
64	70	0
38	35	0
91	84	0
98	82	0
69	89	0
6	23	0
69	81	0
74	32	0
58	78	1
51	68	0
63	81	0
90	50	0
98	27	0
89	79	0
38	0	0
83	31	0
32	21	0
98	67	0
93	75	0
87	8	0
18	34	0
58	81	0
10	90	0
63	97	1
21	33	0
72	74	0
93	44	0
53	80	0
5	22	0
83	15	0
64	30	0
49	39	0
78	39	0
82	67	0
54	99	1
16	61	0
99	56	0
46	32	0
35	11	0
60	58	0
2	91	0
94	21	0
43	63	0
85	65	0
97	7	0
79	89	0
65	78	0
8	22	0
73	85	0
85	62	0
81	42	0
61	47	0
82	42	0
87	34	0
89	40	0
25	59	0
16	23	0
86	72	0
55	98	1
39	80	0
56	96	1
79	44	0
57	68	0
82	75	0
81	75	0
25	13	0
9	13	0
84	64	0
91	4	0
12	52	0
77	80	0
55	79	0
58	79	1
51	18	0
72	82	0
76	58	0
11	88	0
95	99	0
5	95	1
16	59	0
92	87	0
90	70	0
58	86	0
67	51	0
94	33	0
55	58	0
15	54	0
55	17	0
85	89	0
72	6	0
82	46	0
80	92	0
52	69	0
65	79	0
16	19	0
75	96	0
61	97	1
33	79	0
28	31	0
59	36	0
63	84	0
66	43	0
12	94	1
93	26	0
52	25	0
72	74	0
70	88	0
87	69	0
97	25	0
89	87	0
73	79	0
59	71	0
14	48	0
72	68	0
72	77	0
90	61	0
91	43	0
90	65	0
60	17	0
40	31	0
80	53	0
32	85	0
85	75	0
97	46	0
94	27	0
72	60	1
60	94	1
62	17	0
1	93	0
94	56	0
88	80	0
14	18	0
94	16	0
90	24	0
83	28	0
14	13	0
32	82	0
91	48	0
70	94	0
86	85	0
70	33	0
50	90	0
1	12	0
38	16	0
48	29	0
63	42	0
1	57	0
43	7	0
95	77	0
97	52	0
62	3	0
31	9	0
96	86	0
29	66	0
9	96	1
32	30	0
63	49	0
78	62	0
53	78	0
85	77	0
77	29	0
79	84	0
85	32	0
90	75	0
48	32	0
98	75	0
60	12	0
36	57	0
78	91	0
90	49	0
90	48	0
81	88	0
89	47	0
33	53	0
53	90	1
71	85	0
23	76	0
81	78	0
2	93	0
86	31	0
94	67	0
38	7	0
49	52	0
18	16	0
91	33	0
67	82	0
15	28	0
77	35	0
74	79	0
19	36	0
82	46	0
82	9	0
99	63	0
70	27	0
96	94	0
18	38	0
76	54	0
88	41	0
61	52	0
3	57	0
97	75	0
96	57	0
15	85	0
75	83	0
44	17	0
66	59	1
50	99	1
78	94	0
94	39	0
64	7	0
64	45	0
71	30	0
93	56	0
66	33	1
89	83	0
94	82	0
80	94	0
14	9	0
6	74	0
78	93	0
63	92	0
47	9	0
85	51	0
92	8	0
97	78	0
59	72	0
66	70	0
99	6	0
86	37	0
12	42	0
4	99	1
86	85	0
96	99	0
92	90	0
74	66	0
64	82	0
10	88	0
26	23	0
0	13	0
40	41	0
83	41	0
61	55	0
65	11	0
79	92	0
78	74	0
80	41	0
71	61	1
31	14	0
94	45	0
65	90	0
60	31	0
62	82	0
94	58	0
8	50	0
50	82	0
53	76	1
3	43	0
66	79	0
96	44	0
90	68	0
87	30	0
96	63	0
65	62	0
8	93	0
80	96	0
15	21	0
10	85	0
61	77	0
65	60	1
87	99	0
5	81	0
81	54	0
13	6	0
13	83	0
6	11	0
89	60	0
16	25	0
7	33	0
82	33	0
69	72	0
96	78	0
84	49	0
79	75	0
75	84	0
2	78	0
94	63	0
60	28	0
94	34	0
74	90	0
76	68	0
42	90	0
94	74	0
41	75	0
3	94	0
74	40	0
32	40	0
56	83	0
36	66	0
61	94	1
92	53	0
83	30	0
68	68	0
98	77	0
91	45	0
97	99	0
91	66	0
64	21	0
79	78	0
83	62	0
98	28	0
49	61	0
69	32	1
90	87	0
83	61	0
23	72	0
92	34	0
87	42	0
85	40	0
99	82	0
77	53	0
0	91	0
19	98	1
38	30	0
25	70	0
61	11	0
1	89	0
81	47	0
13	15	0
18	53	0
60	66	0
75	84	0
73	56	0
67	41	0
81	42	0
16	41	0
91	79	0
58	88	1
81	13	0
11	88	0
98	53	0
20	15	0
24	35	0
71	46	0
95	34	0
15	1	0
39	0	0
54	63	0
95	88	0
27	4	0
59	2	0
89	83	0
55	86	0
25	51	0
95	46	0
83	63	0
9	97	1
9	90	0
49	33	0
95	45	0
21	34	0
81	31	0
77	10	0
33	32	0
26	39	0
84	41	0
61	92	1
82	43	0
15	12	0
94	54	0
75	46	0
85	24	1
63	96	1
75	46	0
53	94	0
56	51	0
70	40	0
44	92	1
84	46	0
95	90	0
89	83	0
69	74	0
73	28	0
93	49	0
88	96	0
96	99	0
80	70	0
83	94	0
50	76	0
2	13	0
29	93	0
83	40	0
75	29	0
90	49	0
75	48	0
96	65	0
86	36	0
17	74	0
9	7	0
46	87	0
27	71	0
40	1	0
2	80	0
94	44	0
92	84	0
85	52	0
95	97	0
96	37	0
