96	70	0
28	25	0
59	99	0
14	8	0
86	32	0
84	98	0
43	80	0
69	45	0
3	83	0
1	0	0
17	90	0
98	48	0
71	74	0
32	35	0
82	91	0
98	46	0
43	97	0
40	79	1
65	74	0
45	16	0
77	67	0
83	87	0
81	88	0
4	26	0
79	11	0
74	70	0
30	98	0
84	24	0
68	92	0
50	63	0
78	78	0
98	54	0
98	22	0
19	74	1
87	83	0
12	73	1
35	4	0
6	72	1
39	87	0
74	45	0
30	13	0
99	82	0
85	86	0
97	15	0
96	16	0
20	37	0
62	86	0
7	84	0
90	0	0
62	96	0
2	28	0
79	85	0
92	31	0
30	82	1
57	92	0
83	20	0
26	85	1
26	7	0
96	4	0
75	36	0
45	82	0
82	27	0
54	51	0
81	27	0
12	97	0
44	80	0
96	66	0
72	97	0
7	62	0
48	90	0
96	51	0
73	19	1
47	38	0
33	7	0
71	58	0
8	83	0
94	26	0
42	69	0
89	55	0
87	0	0
76	99	0
74	85	0
7	27	0
66	81	0
84	71	0
79	46	0
21	97	0
70	38	0
93	54	0
91	28	0
97	38	0
15	55	0
3	14	0
97	55	0
51	89	0
49	62	1
42	78	0
55	92	0
72	33	0
73	67	0
80	76	0
83	64	0
27	20	0
17	13	0
79	55	0
97	3	0
24	98	0
24	43	0
70	71	0
60	84	0
54	80	0
41	5	0
48	85	0
65	79	0
82	56	0
20	92	0
89	84	0
2	76	0
20	51	0
77	85	0
92	75	0
48	66	0
62	43	0
86	39	0
28	90	0
58	73	0
23	42	0
56	84	0
38	26	0
90	85	0
30	99	0
91	2	0
78	36	0
68	87	0
68	80	0
62	73	0
25	34	0
22	69	0
59	92	0
81	69	0
42	90	0
53	86	0
72	17	0
41	92	0
27	24	0
78	64	0
62	44	0
73	68	0
78	38	0
12	90	0
57	51	0
92	38	0
63	35	0
50	19	0
91	30	0
62	77	0
78	95	0
87	72	0
94	22	0
98	33	0
99	72	0
30	85	1
67	77	0
54	91	0
80	20	0
17	85	0
94	5	0
21	44	0
28	92	1
26	91	0
82	72	0
73	80	0
90	50	0
83	52	0
45	81	0
90	62	0
55	4	0
41	27	0
81	45	0
32	70	0
65	78	0
77	68	0
81	4	0
95	51	0
99	36	0
71	62	0
72	86	0
58	6	0
8	92	0
6	93	0
96	65	0
73	58	0
84	13	0
98	76	0
20	12	0
31	96	0
53	93	0
91	3	0
86	3	0
99	33	0
77	29	0
71	41	0
5	6	0
17	88	0
45	88	0
50	64	1
91	48	0
69	93	0
98	83	0
70	35	0
75	81	0
73	20	1
9	5	0
29	4	0
33	24	0
83	39	0
83	21	0
8	48	0
26	21	0
89	79	0
92	69	0
80	19	0
97	8	0
64	0	0
83	13	1
36	17	0
98	89	0
26	83	0
2	95	0
35	37	0
74	43	0
66	66	0
61	81	0
86	85	0
68	26	0
72	82	0
99	35	0
85	67	0
66	50	0
95	71	0
63	15	0
94	9	0
29	46	0
67	98	0
99	36	0
25	86	1
98	37	0
73	96	0
98	32	0
64	16	0
51	50	0
58	93	0
77	88	0
18	86	0
92	86	0
0	97	0
92	3	0
93	17	0
57	82	0
13	99	0
80	41	0
93	68	0
27	1	0
48	91	0
40	78	1
56	74	0
0	22	0
92	32	0
98	3	0
77	94	0
16	22	0
72	31	0
70	80	0
10	27	0
42	86	0
82	53	0
26	92	1
85	10	0
81	14	1
90	66	0
13	78	0
65	20	0
85	92	0
32	95	0
63	60	0
6	35	0
63	89	0
60	50	0
93	45	0
78	49	0
72	57	0
4	40	0
90	69	0
26	93	0
87	61	0
8	97	0
81	86	0
39	18	0
71	65	0
64	91	0
53	95	0
86	55	0
73	0	0
1	73	0
69	41	0
27	99	0
88	24	0
90	43	0
72	32	0
85	74	0
45	97	0
58	97	0
28	95	0
98	83	0
71	84	0
20	3	0
8	83	0
77	83	0
58	91	0
61	56	1
67	30	0
82	62	0
96	8	0
88	8	0
92	86	0
66	82	0
82	19	0
89	12	0
70	91	0
32	98	0
82	9	0
96	1	0
74	25	0
7	56	0
14	95	0
17	96	0
90	83	0
85	98	0
80	92	0
85	68	0
76	76	0
8	92	0
17	75	1
31	19	0
6	5	0
43	40	0
92	25	0
80	39	0
65	61	0
58	12	0
85	81	0
67	77	0
86	56	0
75	60	0
24	9	0
97	41	0
66	93	0
46	38	0
19	87	0
70	97	0
97	68	0
30	85	1
23	76	0
40	68	0
70	72	0
51	99	0
11	48	0
81	70	0
92	48	0
88	67	0
33	77	0
64	83	0
91	17	0
80	8	0
9	83	0
35	92	0
91	77	0
74	73	0
0	96	0
13	76	0
81	96	0
34	22	0
5	79	0
69	86	0
59	64	0
83	83	0
4	86	0
74	48	0
19	3	0
57	92	0
7	92	0
2	14	0
90	62	0
86	11	0
76	22	0
82	16	1
12	20	0
14	55	0
70	34	0
65	75	0
31	88	1
59	57	1
86	81	0
83	42	0
74	77	0
59	56	1
74	82	0
2	64	0
83	60	0
61	34	0
95	43	0
88	91	0
82	72	0
67	56	1
57	58	1
45	78	0
98	74	0
91	10	0
51	79	0
1	99	0
66	29	0
66	14	0
78	19	1
27	64	1
73	16	1
80	25	0
27	29	0
58	93	0
62	60	0
36	86	0
69	93	0
87	61	0
84	27	0
82	68	0
89	92	0
93	48	0
86	94	0
32	86	0
74	78	0
81	46	0
50	86	0
87	84	0
76	70	0
95	27	0
54	75	0
79	21	0
58	42	0
90	88	0
88	54	0
22	88	0
31	91	1
86	29	0
77	33	0
93	43	0
85	8	0
95	82	0
86	16	0
81	36	0
11	83	0
15	98	0
50	32	0
30	63	0
50	84	0
63	0	0
10	90	0
77	51	0
19	9	0
20	62	0
76	69	0
71	61	0
81	64	0
84	45	0
69	63	0
84	50	0
6	44	0
96	86	0
68	60	0
46	93	0
3	70	1
90	17	0
50	94	0
22	87	0
99	44	0
67	29	0
21	11	0
28	36	0
12	62	1
80	54	0
93	34	0
27	13	0
48	8	0
50	76	0
98	83	0
14	5	0
46	77	0
65	28	0
89	67	0
72	65	0
62	84	0
14	48	0
99	45	0
91	65	0
3	85	0
32	90	1
0	97	0
55	37	0
88	20	0
9	20	0
89	33	0
77	14	0
47	31	0
13	99	0
60	85	0
17	78	1
28	24	0
25	94	0
55	58	1
81	46	0
64	84	0
18	90	0
71	41	0
9	3	0
83	57	0
49	60	1
87	29	0
80	29	0
67	29	0
54	87	0
37	97	0
83	40	0
61	96	0
70	62	0
83	43	0
61	94	0
89	38	0
94	97	0
83	84	0
53	87	0
89	15	0
76	79	0
62	28	0
29	90	1
89	56	0
86	95	0
85	12	0
99	95	0
83	25	0
82	66	0
14	93	0
78	94	0
71	78	0
7	15	0
15	97	0
10	72	1
85	30	0
25	95	0
51	82	0
80	37	0
76	49	0
17	98	0
83	43	0
90	56	0
75	45	0
89	29	0
3	87	0
12	7	0
63	77	0
16	60	0
30	8	0
3	94	0
98	47	0
80	92	0
92	54	0
86	79	0
75	46	0
2	76	0
76	23	0
97	37	0
