94	70	0
45	21	0
43	27	0
42	95	0
9	10	0
89	37	0
92	79	0
43	16	0
68	77	0
37	22	0
96	40	0
6	80	0
18	11	0
21	59	0
99	21	0
86	71	0
59	32	0
26	51	0
99	62	0
90	7	0
41	97	0
65	65	0
78	90	0
60	1	0
42	87	0
58	3	0
81	78	0
61	90	0
95	69	0
7	24	0
49	36	0
42	18	0
83	37	0
41	47	0
90	67	0
12	94	0
52	93	0
99	23	0
75	91	0
46	2	0
21	60	0
85	53	0
81	63	0
53	68	0
96	51	0
14	86	0
17	41	0
63	6	0
85	65	0
15	68	0
60	2	0
13	79	0
54	90	0
35	71	0
95	63	0
46	33	0
35	32	0
89	72	0
99	90	0
88	19	0
5	93	0
94	12	0
48	2	0
75	74	0
46	11	0
11	91	0
83	7	0
45	74	0
74	97	0
48	68	0
3	29	0
72	87	0
21	48	0
12	62	0
87	38	0
11	39	0
30	83	0
44	95	0
60	20	0
37	92	0
56	93	0
5	21	0
98	11	0
97	26	0
41	52	0
80	38	0
23	25	0
84	55	0
29	38	0
38	14	0
36	5	0
73	34	0
13	87	0
70	9	0
58	87	0
46	11	0
51	29	0
88	48	0
35	66	0
77	49	0
11	58	0
78	89	0
0	74	0
31	96	0
93	50	0
61	8	0
46	68	0
29	58	0
60	2	0
65	47	0
7	57	0
38	2	0
28	49	0
43	34	0
80	90	0
57	44	0
19	98	0
79	6	0
64	65	0
76	85	0
97	7	0
59	73	0
49	77	0
35	5	0
57	97	0
95	78	0
80	57	0
33	94	0
64	31	0
34	21	0
20	44	0
82	7	0
9	69	0
90	69	0
94	25	0
86	38	0
32	54	0
55	19	0
83	77	0
12	14	0
39	11	0
77	57	0
42	37	0
73	82	0
75	95	0
46	17	0
44	30	0
56	47	0
11	44	0
28	59	0
15	54	0
75	79	0
43	55	0
45	94	0
80	51	0
75	71	0
50	88	0
25	35	0
93	61	0
6	26	0
46	42	0
23	9	0
31	78	0
37	78	0
87	34	0
36	30	0
77	18	0
43	79	0
58	30	0
54	42	0
83	77	0
29	55	0
57	76	0
34	89	0
43	48	0
41	10	0
62	6	0
33	72	0
29	81	0
75	83	0
91	68	0
26	87	0
31	37	0
89	68	0
31	49	0
28	91	0
57	84	0
41	52	0
29	8	0
14	33	0
73	99	0
84	95	0
64	78	0
69	29	0
4	62	0
58	6	0
79	22	0
69	26	0
70	30	0
21	60	0
0	64	0
46	51	0
77	30	0
35	62	0
88	29	0
40	96	0
25	68	0
36	18	0
81	74	0
36	55	0
36	9	0
13	94	0
61	9	0
98	84	0
70	88	0
96	4	0
0	80	0
21	65	0
96	37	0
54	70	0
47	42	0
55	56	0
53	70	0
55	62	0
14	70	0
31	57	0
69	9	0
1	65	0
65	85	0
86	43	0
39	92	0
78	59	0
61	21	0
47	71	0
13	82	0
35	92	0
53	39	0
68	34	0
27	36	0
89	60	0
81	43	0
78	63	0
0	68	0
48	18	0
10	83	0
61	61	0
59	41	0
53	45	0
52	23	0
7	56	0
88	27	0
50	5	0
73	68	0
52	76	0
73	35	0
98	40	0
93	0	0
3	65	0
95	75	0
29	99	0
93	70	0
44	96	0
57	33	0
55	8	0
17	86	0
69	30	0
36	63	0
44	83	0
49	7	0
22	93	0
85	93	0
80	85	0
70	38	0
89	77	0
17	93	0
44	55	0
54	1	0
68	29	0
25	12	0
38	2	0
59	9	0
51	53	0
82	45	0
36	45	0
36	50	0
36	70	0
72	89	0
78	75	0
59	76	0
78	3	0
81	43	0
78	9	0
28	45	0
30	16	0
82	33	0
70	34	0
77	71	0
10	38	0
44	70	0
58	25	0
28	88	0
22	95	0
21	81	0
98	63	0
39	28	0
33	1	0
24	57	0
86	69	0
62	20	0
79	90	0
10	2	0
64	92	0
8	70	0
42	84	0
37	30	0
2	52	0
80	8	0
18	35	0
74	1	0
53	12	0
86	8	0
37	44	0
19	47	0
75	27	0
86	58	0
6	23	0
26	37	0
6	61	0
35	97	0
9	85	0
44	91	0
60	71	0
48	43	0
66	22	0
41	91	0
48	68	0
89	93	0
30	27	0
16	52	0
25	37	0
54	75	0
79	88	0
29	25	0
86	14	0
32	7	0
57	3	0
67	14	0
31	44	0
77	68	0
78	9	0
14	37	0
43	10	0
48	46	0
36	36	0
25	60	0
83	80	0
81	51	0
10	50	0
51	37	0
95	12	0
58	9	0
53	25	0
56	35	0
29	23	0
0	74	0
66	82	0
25	79	0
25	90	0
21	94	0
56	15	0
47	38	0
91	49	0
81	50	0
7	80	0
85	75	0
63	75	0
75	30	0
66	93	0
81	3	0
84	58	0
73	63	0
40	16	0
50	47	0
35	48	0
83	80	0
68	14	0
94	6	0
25	41	0
42	87	0
69	71	0
84	17	0
3	58	0
95	28	0
44	95	0
79	25	0
62	45	0
43	54	0
51	34	0
20	39	0
42	45	0
68	82	0
84	37	0
39	23	0
75	74	0
20	63	0
10	97	0
91	82	0
33	35	0
2	86	0
60	37	0
91	13	0
81	45	0
5	67	0
69	40	0
47	34	0
51	47	0
12	99	0
75	18	0
53	8	0
91	49	0
47	36	0
22	75	0
18	6	0
66	56	0
60	93	0
0	60	0
48	65	0
43	76	0
54	27	0
21	93	0
9	43	0
22	44	0
64	15	0
82	30	0
97	19	0
77	87	0
20	62	0
33	20	0
40	25	0
76	8	0
72	58	0
71	90	0
18	43	0
60	93	0
96	69	0
37	82	0
73	9	0
66	48	0
81	31	0
73	12	0
43	21	0
43	22	0
95	8	0
87	28	0
3	79	0
82	11	0
90	98	0
5	97	0
96	64	0
49	55	0
21	19	0
98	98	0
63	47	0
12	97	0
72	29	0
69	40	0
70	62	0
79	65	0
29	73	0
80	73	0
39	92	0
90	75	0
14	32	1
40	94	0
97	81	0
29	34	0
38	31	0
54	69	0
56	93	0
41	62	0
66	98	0
65	48	0
32	57	0
26	66	0
80	23	0
10	90	0
89	40	0
18	90	0
50	70	0
43	90	0
85	36	0
43	49	0
23	36	0
46	21	0
81	58	0
69	17	0
92	98	0
66	95	0
39	54	0
61	4	0
33	38	0
47	89	0
36	21	0
47	57	0
75	72	0
28	24	0
93	97	0
46	13	0
26	15	0
59	27	0
22	77	0
33	18	0
10	61	0
87	90	0
56	90	0
59	45	0
72	5	0
38	70	0
42	52	0
97	51	0
88	0	0
0	68	0
75	4	0
70	75	0
76	32	0
40	13	0
37	69	0
85	79	0
38	64	0
41	78	0
82	31	0
18	56	0
73	21	0
40	68	0
65	88	0
33	90	0
82	12	0
90	25	0
67	15	0
36	76	0
23	88	0
12	85	0
64	41	0
76	65	0
69	81	0
15	42	0
76	40	0
69	60	0
77	77	0
53	64	0
15	63	0
19	67	0
47	28	0
42	19	0
4	32	0
44	59	0
35	46	0
84	29	0
76	34	0
76	0	0
72	45	0
56	69	0
20	55	0
52	28	0
95	78	0
60	89	0
83	65	0
20	53	0
48	79	0
67	42	0
39	49	0
74	24	0
18	50	0
39	26	0
78	49	0
91	97	0
55	54	0
9	62	0
44	7	0
58	58	0
24	87	0
41	33	0
88	89	0
99	73	0
20	84	0
62	58	0
5	72	0
78	55	0
39	59	0
49	55	0
38	76	0
60	73	0
4	57	0
84	75	0
65	59	0
95	49	0
20	64	0
61	87	0
55	28	0
96	23	0
45	36	0
99	20	0
17	86	0
39	32	0
38	69	0
92	55	0
28	51	0
83	63	0
10	98	0
20	83	0
95	87	0
46	29	0
4	77	0
77	92	0
45	68	0
89	70	0
21	91	0
96	35	0
24	0	0
33	80	0
39	76	0
37	13	0
26	37	0
9	20	0
86	71	0
95	14	0
62	7	0
73	31	0
95	48	0
36	11	0
21	48	0
98	36	0
9	52	0
60	89	0
6	56	0
25	78	0
65	57	0
55	93	0
81	51	0
68	85	0
34	34	0
68	60	0
38	58	0
78	54	0
14	72	0
51	33	0
32	79	0
82	38	0
61	28	0
90	72	0
94	95	0
92	77	0
44	66	0
10	21	1
61	38	0
57	74	0
36	25	0
28	10	0
32	71	0
12	33	0
56	1	0
59	82	0
73	77	0
88	4	0
14	51	0
58	86	0
15	93	0
54	9	0
61	43	0
61	20	0
34	22	0
25	36	0
41	22	0
77	2	0
39	94	0
62	33	0
35	88	0
92	13	0
30	50	0
45	66	0
79	22	0
81	79	0
63	74	0
32	66	0
43	91	0
79	77	0
81	46	0
16	73	0
79	84	0
80	96	0
26	35	0
19	48	0
97	48	0
26	83	0
97	85	0
62	92	0
40	5	0
70	65	0
88	66	0
70	86	0
79	50	0
90	73	0
77	40	0
18	54	0
4	59	0
67	84	0
74	36	0
53	59	0
50	7	0
33	22	0
87	76	0
11	59	0
31	50	0
58	31	0
41	19	0
56	34	0
18	84	0
29	34	1
3	63	0
16	78	0
76	52	0
15	28	1
71	19	0
93	32	0
79	5	0
56	80	0
0	54	0
54	26	0
55	44	0
51	83	0
89	9	0
24	32	0
63	63	0
46	85	0
18	99	0
37	65	0
31	83	0
35	24	0
81	72	0
45	43	0
43	81	0
57	37	0
9	44	0
64	58	0
65	23	0
27	81	0
84	42	0
32	33	0
35	50	0
25	13	0
1	59	0
79	64	0
82	69	0
37	55	0
89	55	0
83	69	0
74	33	0
60	15	0
80	79	0
75	21	0
5	57	0
83	79	0
31	26	0
72	37	0
20	62	0
9	89	0
33	94	0
32	59	0
99	27	0
16	45	0
57	91	0
6	85	0
92	69	0
56	56	0
87	33	0
17	6	0
49	26	0
58	2	0
5	78	0
53	53	0
86	69	0
76	36	0
13	9	0
13	46	0
69	13	0
17	82	0
80	0	0
48	73	0
38	31	0
88	95	0
14	19	0
26	95	0
97	57	0
28	9	0
91	88	0
50	57	0
68	61	0
45	27	0
93	32	0
90	81	0
5	62	0
4	78	0
19	48	0
12	84	0
4	96	0
81	18	0
37	48	0
10	94	0
47	11	0
74	6	0
40	66	0
67	55	0
50	22	0
34	66	0
31	32	0
87	22	0
1	43	0
83	66	0
88	10	0
60	46	0
27	23	0
50	3	0
11	93	0
50	62	0
44	58	0
36	14	0
2	94	0
3	95	0
63	58	0
90	35	0
32	24	0
25	71	0
95	87	0
51	29	0
58	78	0
67	91	0
6	77	0
74	29	0
49	57	0
21	33	0
95	70	0
53	68	0
95	15	0
82	11	0
86	25	0
66	96	0
44	63	0
41	66	0
73	10	0
38	8	0
68	94	0
71	72	0
19	52	0
69	38	0
62	90	0
81	17	0
89	53	0
27	73	0
46	58	0
20	28	0
93	27	0
31	54	0
81	11	0
91	97	0
73	60	0
58	79	0
74	39	0
74	78	0
8	96	0
39	5	0
7	90	0
6	61	0
60	69	0
69	87	0
72	8	0
89	98	0
87	13	0
83	86	0
66	8	0
83	33	0
80	43	0
53	38	0
17	87	0
63	99	0
65	80	0
21	47	0
8	35	0
22	94	0
10	63	0
46	6	0
38	52	0
20	61	0
42	32	0
0	44	0
97	53	0
46	30	0
15	52	0
26	79	0
72	77	0
2	3	1
98	65	0
15	64	0
58	51	0
29	61	0
78	42	0
52	37	0
5	41	0
18	54	0
80	56	0
67	53	0
84	55	0
1	65	0
67	58	0
2	82	0
0	21	0
89	69	0
16	58	0
40	3	0
35	31	0
10	93	0
24	85	0
77	41	0
66	68	0
73	55	0
77	84	0
43	69	0
52	35	0
6	69	0
49	65	0
35	42	0
63	57	0
80	18	0
