99	67	0
21	10	0
32	22	1
63	99	0
12	0	0
88	42	0
98	93	0
49	12	0
54	79	0
57	23	0
81	51	0
10	87	0
7	1	0
15	93	0
94	28	0
69	78	0
48	33	0
87	67	0
96	18	0
53	95	0
49	62	0
79	71	0
47	11	0
20	76	0
55	19	0
97	68	0
83	93	0
89	74	0
6	37	0
52	9	0
49	30	0
94	24	0
75	70	0
11	81	0
36	92	0
76	18	0
74	87	0
28	7	0
48	69	0
79	70	0
94	72	0
58	62	0
97	40	0
16	78	0
71	4	0
97	66	0
20	75	0
65	4	0
5	77	0
42	91	0
27	73	0
88	61	0
58	42	0
42	26	0
89	83	0
98	89	0
99	12	0
28	92	0
99	10	0
25	7	0
76	91	0
30	4	0
3	86	0
86	8	0
30	75	0
60	93	0
36	59	0
4	24	0
74	78	0
87	29	0
26	99	0
49	99	0
64	28	0
26	89	0
57	98	0
6	19	0
98	18	0
81	25	0
54	75	0
87	45	0
90	57	0
57	9	0
40	16	1
65	41	0
0	98	0
66	0	0
46	71	0
41	8	0
53	23	0
86	18	0
35	58	0
87	47	0
2	57	0
74	93	0
3	87	0
40	95	0
87	53	0
73	23	0
34	64	0
35	60	0
61	1	0
69	53	0
14	69	0
37	3	0
11	50	1
64	75	0
44	32	0
10	98	0
85	27	0
43	75	0
78	68	0
93	5	0
66	87	0
62	73	0
16	22	0
58	88	0
99	80	0
73	57	0
22	94	0
64	32	0
31	30	1
73	4	0
99	62	0
99	34	0
86	54	0
42	47	0
61	5	0
68	69	0
12	27	0
43	31	0
96	56	0
51	27	0
56	78	0
55	75	0
57	22	0
40	35	0
56	23	0
13	45	1
56	83	0
47	57	0
47	90	0
74	46	0
59	73	0
62	71	0
98	65	0
26	21	0
41	43	0
17	17	0
12	80	0
27	65	0
85	44	0
46	46	0
91	3	0
36	88	0
54	21	0
32	40	0
68	79	0
33	69	0
56	63	0
45	90	0
35	53	0
40	0	0
53	17	0
39	98	0
32	61	0
75	81	0
89	58	0
15	94	0
91	72	0
29	48	0
23	70	0
50	71	0
47	58	0
12	33	0
72	82	0
97	81	0
38	71	0
77	40	0
9	42	0
59	13	0
65	52	0
63	18	0
81	18	0
0	49	0
43	65	0
57	28	0
43	63	0
98	36	0
34	92	0
19	54	0
76	93	0
44	58	0
23	18	0
35	75	0
58	18	0
90	98	0
37	88	0
95	0	0
13	60	1
12	67	0
95	35	0
54	95	0
65	82	0
65	66	0
39	59	0
15	68	0
22	57	1
60	0	0
55	98	0
97	55	0
44	90	0
72	68	0
82	26	0
48	76	0
30	83	0
44	95	0
41	23	0
66	22	0
81	46	0
54	45	0
74	69	0
0	53	0
70	25	0
20	93	0
68	65	0
88	35	0
73	37	0
46	0	0
5	41	0
87	23	0
68	76	0
57	93	0
68	54	0
88	31	0
90	10	0
2	36	0
87	72	0
40	99	0
89	79	0
42	99	0
61	35	0
79	32	0
22	89	0
78	19	0
19	61	0
27	75	0
50	13	0
27	92	0
76	90	0
82	78	0
91	55	0
96	53	0
22	81	0
33	69	0
83	13	0
82	48	0
42	0	0
42	27	0
45	54	0
79	47	0
24	51	0
42	40	0
32	74	0
75	98	0
91	59	0
57	75	0
93	5	0
98	37	0
63	4	0
83	53	0
78	51	0
64	75	0
0	34	0
42	65	0
68	29	0
17	90	0
28	78	0
8	86	0
91	67	0
55	11	1
36	2	0
39	52	1
78	69	0
69	1	0
93	87	0
27	3	0
49	90	0
15	66	0
54	91	0
43	36	0
8	46	1
76	28	0
79	19	0
51	15	0
88	9	0
42	55	0
4	54	1
77	26	0
79	54	0
6	7	0
2	58	0
30	99	0
16	85	0
53	98	0
48	71	0
80	45	0
65	11	0
51	84	0
45	70	0
96	84	0
1	52	0
65	50	0
66	84	0
81	25	0
30	5	0
42	3	0
51	18	0
38	31	0
82	54	0
73	21	0
23	43	0
19	22	0
30	54	0
46	33	0
95	69	0
90	61	0
1	51	0
63	36	0
89	6	0
67	14	0
77	23	0
52	40	0
39	29	0
1	76	0
68	85	0
44	81	0
8	99	0
34	61	0
57	11	0
50	41	0
81	37	0
75	52	0
15	61	1
82	71	0
85	86	0
78	32	0
71	89	0
76	6	0
76	65	0
70	51	0
70	55	0
84	79	0
73	1	0
90	13	0
23	45	0
56	85	0
62	74	0
78	11	0
23	71	0
95	33	0
56	97	0
96	26	0
63	25	0
27	57	0
62	41	0
38	58	0
56	85	0
80	28	0
85	79	0
38	51	1
16	92	0
94	96	0
45	22	0
5	80	0
45	52	0
95	3	0
80	36	0
30	66	0
62	49	0
59	50	0
17	92	0
82	23	0
41	11	1
87	53	0
48	41	0
35	94	0
21	11	0
49	48	0
51	86	0
1	45	0
39	77	0
37	84	0
48	26	0
21	75	0
15	27	0
72	9	0
73	16	0
97	3	0
86	96	0
27	65	0
34	34	0
81	5	0
60	56	0
72	98	0
3	25	0
52	89	0
97	58	0
33	77	0
80	4	0
40	69	0
66	19	0
54	6	0
87	19	0
88	44	0
11	85	0
76	17	0
88	99	0
23	94	0
92	73	0
43	46	0
11	29	0
68	94	0
67	50	0
6	85	0
73	33	0
79	53	0
73	51	0
81	70	0
28	58	0
99	51	0
28	95	0
95	68	0
22	97	0
91	98	0
47	35	0
63	64	0
58	91	0
46	56	0
61	98	0
75	52	0
49	46	0
30	58	0
87	1	0
3	87	0
94	63	0
26	94	0
48	64	0
43	80	0
83	32	0
31	51	0
54	25	0
95	52	0
72	23	0
86	93	0
42	96	0
37	58	0
51	6	1
32	49	0
60	92	0
49	21	0
42	72	0
88	83	0
36	10	1
93	86	0
79	10	0
21	7	0
44	32	0
26	68	0
46	3	0
11	81	0
87	77	0
53	91	0
66	48	0
65	8	0
36	65	0
39	76	0
99	48	0
97	2	0
16	67	0
77	11	0
45	65	0
41	27	0
39	2	0
33	47	0
82	85	0
26	71	0
52	84	0
67	23	0
74	25	0
48	56	0
63	84	0
27	95	0
94	18	0
83	18	0
77	16	0
18	67	0
21	90	0
19	87	0
63	37	0
74	79	0
72	99	0
0	30	0
62	50	0
64	91	0
69	63	0
61	76	0
15	94	0
20	75	0
45	31	0
44	14	1
8	31	0
42	42	0
32	41	0
96	27	0
81	44	0
69	11	0
68	30	0
59	50	0
45	30	0
97	77	0
49	80	0
81	55	0
36	61	0
34	93	0
77	54	0
57	18	0
31	15	0
99	50	0
73	84	0
48	36	0
44	10	1
50	61	0
40	93	0
62	93	0
96	61	0
23	79	0
62	51	0
6	67	0
64	45	0
51	74	0
64	52	0
50	76	0
63	89	0
2	56	0
54	55	0
78	46	0
81	62	0
36	78	0
72	84	0
44	26	0
93	16	0
54	44	0
98	9	0
0	81	0
45	87	0
87	63	0
71	68	0
12	85	0
16	75	0
78	86	0
46	27	0
6	75	0
76	98	0
44	68	0
95	65	0
30	94	0
76	45	0
14	4	0
40	73	0
21	81	0
37	19	1
7	15	0
92	56	0
97	25	0
50	21	0
74	38	0
83	14	0
24	12	0
31	64	0
74	31	0
0	69	0
59	81	0
5	41	0
14	76	0
67	46	0
60	99	0
70	42	0
74	84	0
75	56	0
37	49	1
75	78	0
10	87	0
44	38	0
22	77	0
74	50	0
64	36	0
99	50	0
91	94	0
85	88	0
46	70	0
68	46	0
62	65	0
36	50	0
9	48	1
69	2	0
67	83	0
86	78	0
84	2	0
56	81	0
9	97	0
49	19	0
53	35	0
68	27	0
59	26	0
76	22	0
23	92	0
74	29	0
28	77	0
96	16	0
44	69	0
51	39	0
64	99	0
73	74	0
42	78	0
68	93	0
88	65	0
91	45	0
96	76	0
83	95	0
98	49	0
37	69	0
94	87	0
51	87	0
79	83	0
96	48	0
48	83	0
83	64	0
87	53	0
76	33	0
37	48	0
2	59	0
59	80	0
67	18	0
54	33	0
47	18	1
87	84	0
66	38	0
35	12	1
47	13	1
15	88	0
11	57	1
10	92	0
61	41	0
92	18	0
89	43	0
96	5	0
77	97	0
10	48	1
58	21	0
54	50	0
35	74	0
95	18	0
64	48	0
29	90	0
31	96	0
26	66	0
21	93	0
32	5	0
67	62	0
48	31	0
46	70	0
45	43	0
5	54	1
70	68	0
69	16	0
19	87	0
93	58	0
22	29	0
17	71	0
76	62	0
66	57	0
52	58	0
92	53	0
90	66	0
72	54	0
57	12	0
67	66	0
79	45	0
10	32	0
90	76	0
54	41	0
36	75	0
10	81	0
26	96	0
23	59	0
92	30	0
8	50	1
61	94	0
3	88	0
91	62	0
49	28	0
78	20	0
21	22	0
35	40	0
77	11	0
16	71	0
39	53	1
87	55	0
88	37	0
4	9	0
12	47	1
46	16	1
6	40	0
68	11	0
48	70	0
92	93	0
4	13	0
48	98	0
86	33	0
40	3	0
88	86	0
41	65	0
76	73	0
35	32	0
98	38	0
91	79	0
21	65	0
14	84	0
3	47	0
21	68	0
14	99	0
72	17	0
31	54	0
8	85	0
26	31	0
61	19	0
41	62	0
75	53	0
46	3	0
34	74	0
94	27	0
7	26	0
72	46	0
99	33	0
48	62	0
29	12	0
45	0	0
19	93	0
43	77	0
23	60	0
17	15	0
21	83	0
26	82	0
67	52	0
89	40	0
35	69	0
84	99	0
48	31	0
64	69	0
46	84	0
2	84	0
84	44	0
43	62	0
10	17	0
93	60	0
54	52	0
89	21	0
80	18	0
81	34	0
60	99	0
44	39	0
58	37	0
61	33	0
41	1	0
42	88	0
53	72	0
88	30	0
57	98	0
88	42	0
79	55	0
39	69	0
26	68	0
80	34	0
53	38	0
74	3	0
96	99	0
73	78	0
44	77	0
69	43	0
82	87	0
15	78	0
56	32	0
14	94	0
7	57	1
42	61	0
77	71	0
66	11	0
93	92	0
85	8	0
98	93	0
60	10	0
70	22	0
76	56	0
65	31	0
15	85	0
50	88	0
65	81	0
7	33	0
16	82	0
15	70	0
38	10	0
37	37	0
1	44	0
76	45	0
51	28	0
8	62	0
15	89	0
65	94	0
93	43	0
0	74	0
62	42	0
30	84	0
78	63	0
68	47	0
5	48	1
26	54	0
84	36	0
71	51	0
70	60	0
15	65	0
59	48	0
5	90	0
6	5	0
86	65	0
18	69	0
25	0	0
3	98	0
24	78	0
98	37	0
76	80	0
89	66	0
83	88	0
52	60	0
62	30	0
0	72	0
47	64	0
32	58	0
63	46	0
92	19	0
