86	68	0
49	15	0
36	29	0
52	96	0
7	10	0
97	38	0
97	89	0
37	7	0
64	81	0
45	15	0
93	45	0
4	75	0
19	6	0
24	63	0
98	24	0
80	80	0
56	31	0
19	49	0
92	67	0
95	9	0
46	92	0
61	74	0
80	85	0
55	2	0
43	80	0
57	7	0
87	75	0
61	86	0
83	75	0
1	27	0
61	23	0
34	16	0
86	32	0
36	52	0
90	62	0
5	91	0
41	97	0
95	24	0
77	93	0
52	2	0
27	65	0
95	57	0
96	73	0
52	66	0
96	54	0
6	81	0
22	37	1
65	1	0
90	62	0
18	69	0
63	3	0
8	79	0
53	95	0
37	74	0
99	67	0
48	32	0
24	26	0
90	77	0
97	96	0
99	16	0
12	95	0
94	17	0
40	1	0
74	78	0
42	11	0
6	93	0
81	5	0
44	82	0
72	96	0
51	64	0
6	28	0
68	94	0
26	36	1
13	54	0
87	32	0
15	40	0
27	88	0
53	97	0
64	28	0
30	94	0
63	99	0
1	24	0
99	8	0
92	23	0
38	59	0
77	39	0
19	36	1
80	55	0
24	34	1
48	9	0
37	4	0
65	38	0
16	98	0
62	14	0
54	88	0
41	6	0
45	28	0
87	40	0
36	64	0
75	45	0
11	62	0
77	80	0
2	74	0
27	92	0
96	58	0
59	7	0
45	69	0
30	56	0
61	4	0
69	52	0
3	56	0
31	3	0
22	44	0
38	34	0
67	93	0
58	48	0
20	96	0
84	6	0
52	76	0
80	82	0
99	4	0
63	79	0
49	74	0
29	9	0
59	95	0
95	73	0
69	65	0
24	97	0
68	37	0
32	19	0
15	45	0
75	12	0
9	64	0
95	63	0
96	25	0
85	34	0
34	54	0
58	19	0
82	73	0
18	14	0
31	12	0
80	66	0
38	33	0
69	72	0
71	85	0
52	31	0
44	30	0
56	40	0
16	43	0
28	52	0
18	61	0
76	82	0
44	54	0
35	99	0
82	48	0
79	71	0
55	83	0
29	34	1
96	68	0
13	31	0
51	47	0
18	13	0
25	85	0
34	79	0
86	35	0
38	37	0
71	12	0
41	81	0
53	28	0
48	50	0
79	77	0
28	63	0
54	74	0
37	88	0
36	46	0
43	12	0
53	10	0
29	73	0
25	83	0
81	79	0
92	67	0
29	90	0
28	34	1
97	71	0
30	51	0
25	86	0
58	76	0
40	53	0
28	12	0
12	32	0
70	95	0
89	83	0
60	68	0
74	35	0
5	58	0
54	9	0
78	31	0
61	28	0
68	29	0
20	67	0
1	56	0
54	50	0
77	28	0
37	65	0
92	30	0
33	94	0
26	63	0
39	20	0
79	78	0
34	55	0
31	8	0
17	90	0
55	10	0
95	87	0
67	91	0
96	7	0
6	81	0
24	65	0
91	34	0
53	77	0
46	39	0
56	61	0
48	71	0
45	65	0
22	75	0
30	55	0
70	0	0
0	61	0
60	85	0
89	45	0
44	90	0
82	60	0
64	28	0
44	69	0
21	85	0
40	94	0
53	38	0
72	34	0
25	33	1
83	59	0
76	41	0
71	70	0
6	50	0
53	12	0
10	85	0
65	62	0
59	37	0
68	35	0
52	26	0
7	56	0
86	18	0
46	9	0
66	67	0
48	75	0
75	35	0
99	35	0
90	0	0
4	59	0
98	75	0
23	96	0
94	69	0
39	90	0
56	34	0
57	12	0
20	90	0
69	31	0
44	68	0
39	75	0
48	5	0
28	97	0
81	88	0
63	90	0
75	45	0
88	76	0
18	96	0
45	60	0
67	3	0
68	38	0
30	15	0
35	0	0
58	10	0
54	58	0
79	40	0
41	48	0
37	50	0
37	73	0
71	86	0
82	67	0
57	81	0
87	2	0
79	41	0
66	2	0
21	47	0
30	32	1
73	45	0
61	46	0
68	66	0
13	33	0
40	67	0
62	27	0
25	88	0
29	91	0
27	73	0
95	62	0
48	17	0
36	0	0
26	55	0
85	65	0
56	11	0
73	93	0
13	3	0
52	98	0
0	70	0
33	88	0
40	34	0
1	61	0
85	20	0
24	34	1
73	4	0
46	13	0
90	11	0
34	48	0
20	50	0
77	26	0
87	59	0
13	20	0
24	33	1
5	62	0
34	94	0
0	89	0
45	95	0
55	73	0
57	37	0
62	16	0
42	83	0
45	69	0
83	92	0
26	24	0
10	55	0
31	47	0
62	63	0
71	84	0
34	23	0
79	22	0
40	0	0
52	1	0
59	22	0
32	44	0
77	75	0
90	10	0
22	42	0
52	18	0
52	50	0
43	33	0
37	52	0
79	75	0
78	53	0
15	51	0
58	31	0
96	7	0
62	5	0
54	25	0
54	36	0
34	27	0
0	73	0
60	80	0
30	73	0
24	94	0
27	95	0
59	18	0
39	33	0
96	42	0
87	52	0
0	77	0
82	72	0
72	73	0
76	26	0
76	81	0
82	8	0
83	60	0
72	53	0
40	22	0
60	53	0
26	50	0
86	78	0
69	20	0
97	10	0
29	46	0
37	90	0
70	74	0
82	16	0
13	68	0
95	26	0
39	94	0
81	18	0
70	44	0
37	53	0
56	36	0
27	41	0
31	48	0
61	84	0
79	34	0
37	16	0
70	71	0
23	67	0
12	93	0
91	90	0
34	37	0
3	82	0
58	32	0
84	19	0
85	45	0
7	64	0
61	32	0
45	24	0
41	41	0
8	98	0
76	24	0
52	6	0
89	44	0
49	45	0
21	73	0
13	0	0
59	64	0
56	90	0
5	53	0
44	67	0
40	80	0
51	35	0
16	95	0
5	46	0
21	43	0
61	14	0
90	28	0
91	15	0
80	87	0
23	58	0
28	28	0
39	26	0
82	2	0
68	62	0
76	94	0
18	42	0
63	93	0
94	66	0
33	83	0
70	7	0
68	53	0
67	21	0
76	10	0
45	27	0
44	13	0
99	2	0
82	37	0
7	77	0
83	9	0
91	99	0
23	93	0
98	66	0
48	58	0
9	26	0
89	92	0
60	42	0
4	95	0
68	35	0
69	41	0
71	59	0
82	64	0
28	71	0
83	71	0
33	90	0
98	78	0
38	92	0
96	79	0
29	33	1
40	30	0
56	67	0
66	99	0
44	67	0
69	96	0
68	50	0
32	63	0
33	67	0
80	9	0
9	84	0
95	53	0
24	86	0
49	72	0
46	84	0
87	42	0
36	56	0
20	33	1
48	25	0
84	54	0
67	14	0
89	89	0
57	94	0
42	51	0
56	3	0
38	42	0
50	84	0
33	23	0
49	60	0
74	74	0
41	23	0
99	92	0
47	18	0
18	5	0
55	26	0
20	79	0
39	6	0
19	57	0
92	93	0
61	86	0
60	56	0
65	10	0
39	69	0
47	49	0
98	53	0
88	5	0
3	70	0
74	1	0
55	74	0
62	30	0
45	13	0
35	67	0
83	80	0
36	72	0
36	77	0
82	27	0
25	47	0
63	29	0
44	66	0
64	87	0
33	94	0
84	6	0
99	24	0
68	12	0
27	77	0
17	96	0
20	83	0
69	41	0
80	70	0
71	82	0
15	44	0
80	42	0
68	72	0
79	72	0
55	68	0
19	73	0
15	62	0
46	22	0
40	15	0
2	32	0
40	54	0
28	44	0
85	27	0
79	35	0
71	4	0
80	44	0
51	63	0
18	67	0
51	24	0
93	84	0
50	91	0
71	64	0
27	57	0
41	85	0
70	46	0
31	49	0
80	26	0
21	49	0
39	22	0
89	54	0
88	93	0
53	55	0
6	64	0
47	10	0
60	60	0
27	84	0
41	31	0
83	89	0
94	71	0
18	80	0
72	49	0
5	69	0
83	59	0
33	57	0
53	60	0
33	78	0
55	69	0
5	49	0
80	69	0
65	57	0
85	50	0
21	70	0
59	87	0
55	21	0
94	27	0
52	32	0
99	12	0
12	86	0
35	37	0
33	62	0
86	61	0
24	58	0
83	70	0
16	94	0
20	84	0
94	92	0
46	25	0
9	70	0
77	98	0
42	63	0
85	61	0
21	93	0
93	27	0
31	7	0
34	80	0
32	72	0
32	14	0
12	40	0
5	25	0
84	67	0
97	12	0
57	12	0
79	29	0
92	30	0
33	13	0
33	53	0
96	36	0
9	56	0
53	92	0
9	55	0
29	82	0
68	51	0
53	97	0
78	57	0
72	83	0
37	34	0
74	62	0
39	58	0
83	64	0
13	67	0
55	32	0
32	77	0
83	39	0
71	30	0
80	66	0
96	97	0
88	79	0
51	71	0
68	39	0
51	74	0
42	21	0
31	14	0
32	77	0
0	38	0
62	4	0
57	87	0
77	89	0
82	6	0
19	40	0
54	81	0
13	98	0
59	4	0
59	47	0
55	21	0
41	22	0
15	35	1
48	15	0
83	6	0
42	96	0
66	27	0
29	95	0
95	11	0
31	49	0
43	64	0
67	28	0
81	88	0
66	74	0
40	66	0
54	93	0
73	69	0
85	43	0
13	71	0
79	85	0
82	97	0
28	30	1
15	56	0
96	46	0
29	74	0
97	88	0
59	98	0
43	9	0
71	66	0
88	58	0
60	83	0
74	57	0
91	70	0
71	36	0
17	56	0
1	66	0
66	77	0
76	38	0
53	53	0
46	2	0
36	17	0
96	73	0
11	52	0
30	52	0
58	30	0
38	15	0
54	28	0
20	92	0
5	56	0
17	82	0
70	51	0
82	21	0
91	34	0
86	2	0
55	87	0
9	50	0
52	28	0
61	52	0
47	80	0
92	12	0
24	35	1
62	55	0
45	89	0
18	89	0
39	62	0
29	84	0
35	23	0
78	78	0
45	34	0
45	80	0
57	39	0
10	39	0
59	60	0
64	14	0
21	84	0
89	42	0
24	39	0
29	51	0
23	17	0
1	63	0
80	68	0
75	63	0
40	54	0
82	52	0
81	68	0
71	33	0
66	17	0
82	73	0
79	22	0
7	59	0
75	86	0
25	30	0
64	31	0
10	60	0
0	87	0
34	94	0
36	56	0
96	30	0
4	48	0
56	93	0
4	89	0
90	59	0
55	49	0
85	27	0
12	8	0
44	32	0
70	2	0
17	85	0
53	49	0
98	62	0
83	40	0
7	6	0
12	43	0
61	12	0
7	66	0
82	4	0
49	71	0
35	27	0
87	90	0
13	17	0
30	91	0
95	56	0
30	12	0
90	99	0
49	58	0
63	61	0
44	36	0
95	29	0
90	91	0
3	64	0
12	73	0
9	51	0
22	82	0
16	97	0
71	28	0
40	53	0
9	89	0
46	17	0
69	13	0
38	58	0
63	57	0
50	19	0
34	69	0
34	28	0
87	24	0
5	41	0
75	62	0
90	7	0
56	44	0
29	17	0
46	8	0
13	95	0
51	67	0
41	62	0
35	14	0
14	95	0
5	87	0
68	46	0
96	36	0
35	28	0
28	63	0
89	94	0
47	30	0
63	71	0
67	89	0
9	83	0
76	36	0
54	57	0
14	41	0
90	75	0
52	62	0
95	12	0
77	11	0
86	22	0
67	92	0
48	67	0
44	52	0
67	13	0
46	9	0
61	95	0
66	65	0
19	53	0
75	36	0
52	93	0
86	34	0
88	61	0
33	75	0
50	53	0
22	33	1
86	28	0
35	55	0
83	7	0
94	91	0
74	61	0
57	81	0
76	37	0
70	84	0
13	92	0
37	3	0
12	86	0
13	58	0
56	71	0
75	82	0
65	11	0
99	99	0
91	11	0
95	89	0
62	11	0
81	30	0
75	52	0
53	43	0
17	82	0
59	95	0
67	81	0
31	49	0
9	32	0
18	89	0
13	63	0
46	6	0
39	46	0
19	68	0
44	42	0
4	39	0
99	56	0
46	19	0
14	61	0
29	85	0
66	78	0
91	57	0
5	69	0
63	43	0
21	62	0
74	42	0
54	34	0
1	52	0
24	47	0
86	56	0
70	56	0
88	51	0
3	67	0
64	53	0
4	83	0
4	14	0
89	69	0
13	62	0
33	6	0
36	19	0
15	98	0
18	84	0
86	40	0
66	66	0
76	62	0
77	82	0
42	64	0
56	43	0
6	72	0
43	67	0
34	48	0
65	55	0
78	18	0
