90	71	0
42	19	0
39	25	0
46	96	0
11	4	0
92	32	0
93	84	0
40	14	0
66	81	0
46	20	0
99	41	0
4	79	0
18	6	0
17	60	0
99	18	0
81	76	0
58	30	0
21	51	0
97	68	0
92	8	0
45	97	0
66	65	0
82	88	0
54	1	0
41	82	0
53	6	0
81	79	0
60	92	0
90	75	0
5	25	0
51	31	0
40	18	0
89	33	0
39	53	0
86	62	0
11	93	0
52	98	0
96	25	0
78	88	0
44	1	0
22	57	0
91	58	0
87	68	0
52	68	0
94	52	0
12	84	0
19	40	0
68	3	0
89	64	0
18	71	0
60	1	0
9	77	0
55	89	0
35	75	0
98	64	0
48	39	0
29	31	0
88	74	0
96	88	0
93	17	0
10	92	0
96	16	0
41	1	0
72	75	0
47	12	0
7	90	0
84	6	0
44	76	0
75	99	0
49	66	0
7	28	0
69	90	0
25	43	0
17	68	0
92	32	0
16	39	0
32	86	0
46	96	0
61	21	0
31	94	0
57	96	0
5	23	0
99	14	0
95	27	0
39	52	0
80	36	0
19	29	0
82	52	0
25	34	1
41	13	0
38	7	0
69	37	0
11	94	0
65	9	0
56	90	0
39	11	0
48	27	0
87	46	0
36	67	0
77	46	0
8	59	0
78	87	0
0	71	0
30	95	0
93	52	0
60	6	0
44	67	0
32	58	0
63	0	0
65	49	0
4	60	0
37	4	0
26	47	0
44	32	0
77	93	0
57	43	0
20	99	0
85	4	0
57	68	0
80	89	0
97	5	0
67	72	0
48	77	0
32	9	0
59	95	0
90	75	0
79	57	0
32	94	0
65	33	0
34	21	0
16	43	0
78	10	0
10	67	0
91	66	0
98	31	0
88	38	0
34	55	0
59	18	0
86	75	0
17	19	0
34	7	0
81	62	0
37	35	0
69	80	0
72	93	0
47	18	0
42	30	0
57	44	0
12	44	0
29	58	0
17	56	0
78	77	0
44	53	0
45	95	0
83	48	0
79	69	0
53	86	0
21	33	0
92	63	0
9	24	0
48	42	0
18	10	0
31	83	0
40	77	0
89	34	0
37	33	0
73	20	0
39	81	0
58	25	0
51	44	0
84	79	0
28	59	0
58	72	0
32	88	0
43	48	0
40	10	0
56	8	0
27	76	0
28	85	0
74	82	0
90	62	0
28	86	0
26	34	1
93	66	0
28	47	0
29	86	0
54	79	0
41	51	0
27	10	0
16	31	0
73	95	0
85	90	0
62	79	0
67	31	0
0	60	0
59	5	0
76	25	0
69	25	0
69	31	0
14	62	0
1	62	0
52	52	0
76	28	0
38	60	0
85	32	0
33	98	0
28	68	0
37	19	0
76	76	0
37	58	0
34	8	0
13	89	0
61	10	0
94	88	0
71	89	0
92	3	0
3	79	0
20	62	0
92	37	0
55	73	0
46	38	0
57	58	0
50	70	0
59	62	0
15	73	0
31	58	0
70	9	0
1	64	0
63	83	0
89	45	0
46	92	0
75	58	0
66	27	0
45	73	0
15	84	0
34	95	0
51	38	0
72	32	0
25	34	1
89	63	0
77	40	0
74	65	0
1	61	0
49	12	0
8	89	0
60	63	0
60	45	0
58	41	0
54	23	0
6	57	0
88	25	0
50	6	0
70	68	0
51	75	0
70	36	0
99	36	0
97	3	0
2	59	0
94	72	0
24	97	0
94	70	0
44	95	0
59	34	0
56	10	0
20	92	0
69	30	0
36	66	0
44	83	0
48	10	0
23	98	0
81	88	0
78	85	0
73	38	0
91	79	0
15	96	0
45	58	0
60	1	0
68	28	0
33	12	0
36	4	0
57	8	0
53	53	0
75	44	0
42	49	0
36	51	0
34	70	0
71	85	0
78	69	0
61	77	0
79	2	0
84	44	0
75	5	0
22	44	0
26	20	0
81	40	0
65	36	0
73	67	0
9	38	0
41	69	0
61	23	0
31	85	0
20	88	0
23	81	0
99	70	0
38	27	0
36	3	0
24	57	0
86	68	0
66	19	0
80	89	0
10	2	0
63	98	0
3	69	0
36	89	0
44	29	0
1	59	0
78	14	0
23	36	0
74	2	0
50	14	0
92	11	0
37	44	0
25	47	0
79	27	0
87	61	0
7	25	0
24	33	0
5	62	0
39	96	0
6	90	0
47	85	0
57	73	0
51	41	0
69	24	0
39	87	0
48	69	0
87	92	0
27	27	0
21	51	0
25	39	0
59	73	0
72	87	0
30	25	0
80	20	0
36	5	0
55	1	0
65	17	0
35	48	0
81	68	0
88	13	0
19	36	0
47	12	0
52	46	0
38	37	0
28	56	0
86	80	0
79	55	0
13	52	0
55	32	0
95	15	0
62	8	0
54	30	0
56	37	0
33	29	0
5	69	0
68	83	0
27	78	0
26	90	0
24	98	0
53	10	0
47	35	0
96	47	0
83	49	0
2	77	0
87	72	0
68	77	0
78	30	0
69	87	0
80	3	0
86	59	0
74	57	0
39	16	0
50	49	0
33	48	0
81	81	0
67	19	0
95	5	0
30	41	0
39	89	0
74	72	0
85	16	0
7	62	0
98	27	0
43	93	0
79	22	0
67	51	0
37	55	0
57	36	0
21	38	0
36	48	0
66	87	0
83	33	0
34	20	0
73	67	0
22	65	0
7	99	0
94	87	0
30	35	0
1	86	0
59	37	0
89	18	0
83	45	0
2	68	0
63	34	0
43	34	0
44	44	0
8	97	0
74	20	0
55	7	0
90	48	0
47	38	0
25	76	0
15	4	0
59	58	0
60	92	0
0	58	0
45	70	0
42	81	0
55	25	0
22	96	0
10	43	0
22	45	0
64	13	0
85	32	0
93	16	0
75	90	0
21	59	0
31	25	0
40	28	0
78	8	0
66	58	0
74	91	0
17	39	0
62	89	0
94	69	0
37	77	0
73	6	0
66	49	0
74	24	0
74	12	0
43	20	0
44	17	0
98	5	0
84	34	0
0	76	0
85	12	0
88	99	0
14	93	0
94	63	0
48	55	0
19	27	0
98	99	0
64	48	0
7	93	0
71	29	0
67	39	0
67	60	0
79	65	0
26	77	0
82	71	0
36	89	0
91	76	0
12	25	1
37	95	0
99	77	0
29	33	0
38	29	0
55	67	0
58	96	0
46	61	0
68	95	0
65	51	0
30	57	0
31	64	0
81	16	0
9	80	0
91	41	0
19	89	0
54	72	0
40	83	0
84	41	0
40	50	0
20	34	0
48	22	0
82	51	0
69	16	0
91	96	0
62	92	0
39	53	0
56	2	0
35	39	0
51	87	0
32	20	0
47	58	0
75	72	0
34	23	0
94	99	0
48	19	0
24	7	0
56	21	0
26	76	0
34	12	0
14	61	0
92	91	0
60	88	0
61	51	0
71	7	0
43	72	0
49	52	0
99	54	0
90	3	0
0	68	0
74	6	0
63	72	0
73	29	0
44	11	0
33	65	0
85	77	0
37	66	0
39	79	0
82	35	0
20	54	0
72	27	0
41	67	0
67	84	0
32	94	0
81	12	0
92	25	0
62	12	0
29	78	0
16	94	0
17	86	0
66	40	0
75	70	0
68	82	0
13	48	0
77	41	0
69	68	0
77	74	0
54	65	0
14	68	0
18	65	0
46	27	0
40	18	0
3	35	0
44	60	0
32	49	0
88	30	0
79	38	0
77	1	0
74	47	0
54	68	0
21	60	0
52	28	0
96	86	0
55	88	0
79	63	0
25	53	0
44	80	0
69	44	0
34	53	0
77	25	0
16	48	0
39	23	0
84	51	0
90	94	0
54	53	0
11	62	0
45	5	0
60	60	0
26	91	0
36	30	0
87	89	0
99	75	0
21	84	0
62	55	0
2	73	0
81	53	0
38	58	0
52	60	0
33	79	0
59	73	0
5	54	0
82	75	0
67	60	0
89	47	0
19	62	0
59	89	0
54	28	0
98	25	0
47	34	0
96	14	0
14	87	0
34	34	0
38	66	0
91	56	0
33	52	0
84	64	0
12	96	0
21	84	0
99	88	0
48	28	0
5	75	0
81	95	0
47	70	0
88	65	0
19	89	0
92	32	0
25	3	0
34	78	0
37	75	0
35	13	0
18	42	0
7	22	0
86	72	0
96	13	0
62	10	0
79	30	0
97	37	0
32	10	0
25	52	0
98	36	0
6	57	0
58	96	0
10	59	0
28	82	0
65	49	0
56	93	0
77	55	0
70	88	0
37	36	0
73	66	0
38	64	0
78	57	0
15	73	0
52	29	0
28	82	0
85	38	0
66	31	0
89	75	0
96	97	0
89	77	0
45	65	0
65	40	0
57	71	0
33	21	0
24	8	0
35	70	0
9	33	0
60	0	0
58	84	0
73	81	0
82	5	0
13	45	0
56	81	0
19	95	0
58	7	0
62	38	0
55	21	0
39	26	0
21	32	0
49	19	0
77	1	0
38	94	0
62	29	0
32	91	0
88	15	0
28	51	0
47	63	0
72	29	0
84	80	0
61	70	0
34	63	0
47	89	0
77	74	0
85	45	0
18	75	0
80	79	0
83	98	0
26	33	1
14	51	0
96	48	0
27	81	0
97	86	0
59	95	0
40	6	0
70	63	0
85	64	0
68	86	0
79	55	0
92	73	0
75	39	0
16	52	0
2	62	0
69	86	0
72	40	0
50	60	0
48	5	0
31	20	0
89	78	0
8	57	0
25	54	0
59	33	0
39	14	0
54	31	0
17	85	0
23	36	1
3	64	0
12	84	0
79	52	0
79	20	0
88	33	0
81	3	0
50	83	0
6	53	0
54	26	0
60	47	0
49	86	0
89	13	0
24	32	1
63	56	0
47	86	0
18	96	0
37	63	0
34	87	0
35	25	0
81	77	0
48	37	0
45	83	0
58	37	0
11	41	0
64	61	0
66	23	0
23	81	0
86	42	0
30	35	0
32	45	0
29	15	0
0	65	0
82	67	0
79	63	0
43	51	0
89	62	0
83	71	0
73	34	0
66	15	0
81	79	0
76	22	0
2	58	0
79	80	0
24	25	0
70	33	0
19	64	0
2	88	0
30	93	0
37	57	0
98	32	0
12	47	0
59	91	0
6	88	0
92	64	0
60	54	0
86	31	0
15	3	0
47	28	0
63	2	0
7	77	0
47	55	0
89	68	0
77	37	0
9	7	0
15	42	0
68	18	0
15	77	0
80	1	0
46	73	0
37	28	0
85	96	0
12	23	0
28	99	0
98	54	0
32	6	0
86	91	0
50	55	0
67	56	0
43	33	0
99	30	0
92	86	0
8	65	0
9	74	0
14	49	0
14	82	0
8	99	0
80	24	0
34	50	0
7	90	0
47	16	0
71	12	0
38	62	0
64	57	0
49	24	0
33	70	0
29	31	0
86	17	0
0	44	0
81	65	0
88	10	0
58	48	0
26	18	0
49	4	0
14	92	0
53	64	0
41	59	0
34	14	0
9	93	0
0	92	0
69	55	0
93	36	0
33	25	0
23	69	0
91	93	0
52	29	0
61	75	0
66	89	0
6	81	0
74	29	0
50	53	0
20	37	0
97	72	0
56	66	0
99	15	0
79	11	0
91	23	0
63	93	0
46	62	0
40	57	0
70	12	0
40	7	0
65	94	0
67	65	0
17	51	0
69	40	0
59	92	0
80	23	0
91	54	0
28	74	0
50	60	0
21	28	0
91	30	0
29	57	0
83	8	0
92	97	0
69	62	0
57	81	0
69	36	0
70	82	0
7	98	0
40	6	0
7	90	0
12	63	0
54	71	0
69	87	0
71	7	0
96	97	0
90	11	0
90	87	0
61	9	0
83	31	0
77	44	0
49	39	0
17	87	0
63	98	0
66	76	0
22	51	0
9	29	0
22	94	0
11	63	0
43	1	0
39	51	0
19	66	0
38	34	0
8	41	0
98	55	0
45	28	0
13	57	0
32	76	0
75	75	0
96	65	0
11	65	0
65	48	0
24	63	0
78	45	0
51	41	0
5	45	0
21	55	0
80	52	0
66	55	0
86	54	0
4	67	0
63	54	0
4	87	0
0	19	0
89	68	0
12	61	0
36	4	0
38	24	0
14	98	0
20	83	0
81	42	0
66	65	0
74	56	0
75	84	0
41	63	0
58	40	0
4	68	0
43	66	0
31	42	0
63	58	0
78	20	0
