89	66	0
34	1	0
38	38	0
63	96	0
22	8	0
99	42	0
97	87	0
49	10	0
58	73	0
54	22	0
90	51	0
1	86	0
13	0	0
21	80	0
96	22	0
77	78	0
58	37	0
17	57	0
88	61	0
97	7	0
47	91	0
58	68	0
74	89	0
53	9	0
31	74	0
48	14	0
85	70	0
64	88	0
91	76	0
2	28	0
53	16	0
41	22	0
93	31	0
27	55	0
83	67	0
17	89	0
32	98	0
90	24	0
75	84	0
39	4	0
26	67	0
91	64	0
92	72	0
56	66	0
99	46	0
0	79	0
64	5	0
99	66	0
15	72	0
72	12	0
13	76	0
63	94	0
33	74	0
99	75	0
46	40	0
30	23	0
91	81	0
99	99	0
97	7	0
15	98	0
98	14	0
30	7	0
69	76	0
38	5	0
9	97	0
90	7	0
36	81	0
62	93	0
42	61	0
4	33	0
71	91	0
11	64	0
91	31	0
30	85	0
56	97	0
63	37	0
33	97	0
63	97	0
2	20	0
99	6	0
96	24	0
43	66	0
83	35	0
91	58	0
49	15	0
32	2	0
67	49	0
7	95	0
49	3	0
49	80	0
46	0	0
52	42	0
82	41	0
35	61	0
76	48	0
1	56	0
81	88	0
2	85	0
33	96	0
99	58	0
65	11	0
37	72	0
40	68	0
67	5	0
70	51	0
3	67	0
34	8	0
8	41	0
38	43	0
65	78	0
47	46	0
15	99	0
85	10	0
44	84	0
77	68	0
95	6	0
73	92	0
53	76	0
38	20	0
57	98	0
92	69	0
76	64	0
18	98	0
60	33	0
30	15	0
19	44	1
78	10	0
5	55	0
98	63	0
99	20	0
79	42	0
42	49	0
53	5	0
79	70	0
24	15	0
32	24	0
97	59	0
39	36	0
65	77	0
66	81	0
51	31	0
44	43	0
61	38	0
15	42	0
27	45	0
20	54	0
82	91	0
46	58	0
35	96	0
71	43	0
73	68	0
52	73	0
84	66	0
23	18	0
53	53	0
16	12	0
14	74	0
31	65	0
92	36	0
42	46	0
87	9	0
44	83	0
55	27	0
42	52	0
78	76	0
26	69	0
53	70	0
42	84	0
37	47	0
39	15	0
59	15	0
38	88	0
27	65	0
82	77	0
88	62	0
33	94	0
98	76	0
26	46	0
24	74	0
52	71	0
53	52	0
25	17	0
78	84	0
90	77	0
53	63	0
65	33	0
1	50	0
59	0	0
76	50	0
65	21	0
82	20	0
20	51	0
7	51	0
44	52	0
71	28	0
38	63	0
85	27	0
43	93	0
29	73	0
40	25	0
78	82	0
41	56	0
33	8	0
25	82	0
52	7	0
92	84	0
55	93	0
92	5	0
7	80	0
18	66	0
94	28	0
47	83	0
29	33	0
59	71	0
54	64	0
46	64	0
21	75	0
25	60	0
66	0	0
8	62	0
59	80	0
93	40	0
39	87	0
81	61	0
67	20	0
51	66	0
20	86	0
34	99	0
47	31	0
76	37	0
86	55	0
70	42	0
66	66	0
6	45	0
55	17	0
11	92	0
58	50	0
69	36	0
70	25	0
57	11	0
6	50	0
89	20	0
36	11	0
65	66	0
61	81	0
73	40	0
97	40	0
98	3	0
1	43	0
96	76	0
21	98	0
97	81	0
28	97	0
63	31	0
72	25	0
16	81	0
81	23	0
29	66	0
28	75	0
47	2	0
28	98	0
78	91	0
69	87	0
89	52	0
97	69	0
17	96	0
36	74	0
71	1	0
73	46	0
34	24	0
33	1	0
48	10	0
52	53	0
80	43	0
34	51	0
34	47	0
32	69	0
72	90	0
84	63	0
60	82	0
86	2	0
89	39	0
65	9	0
23	42	0
73	42	0
72	51	0
75	68	0
9	38	0
37	65	0
68	16	0
15	88	0
32	82	0
21	70	0
84	66	0
53	19	0
32	0	0
33	53	0
77	73	0
62	12	0
78	91	0
18	1	0
51	97	0
9	74	0
46	99	0
43	34	0
2	53	0
69	35	0
74	8	0
56	10	0
81	9	0
38	58	0
14	56	0
74	24	0
88	62	0
8	8	0
2	69	0
34	93	0
7	88	0
42	97	0
56	70	0
54	44	0
71	6	0
45	83	0
42	65	0
88	98	0
38	30	0
6	53	0
26	45	0
59	45	0
73	81	0
27	23	0
83	28	0
36	6	0
52	7	0
55	17	0
38	42	0
74	67	0
76	10	0
7	45	0
35	12	0
48	59	0
43	35	0
29	48	0
90	77	0
76	52	0
16	46	0
64	32	0
92	5	0
65	10	0
58	22	0
45	41	0
34	32	0
5	76	0
62	82	0
30	72	0
22	97	0
34	85	0
48	11	0
41	41	0
93	46	0
83	46	0
4	63	0
80	74	0
73	78	0
79	25	0
85	89	0
82	2	0
73	57	0
79	66	0
33	27	0
66	46	0
30	40	1
91	76	0
63	7	0
98	23	0
25	51	0
45	93	0
70	72	0
79	16	0
14	66	0
94	29	0
61	93	0
80	23	0
74	35	0
48	51	0
57	42	0
29	51	0
60	89	0
79	32	0
41	25	0
73	80	0
28	59	0
20	99	0
93	97	0
45	35	0
6	92	0
56	47	0
96	9	0
77	33	0
16	73	0
60	45	0
37	29	0
53	45	0
13	99	0
86	23	0
47	8	0
84	40	0
52	46	0
29	86	0
17	6	0
60	53	0
58	91	0
7	49	0
41	86	0
31	82	0
50	27	0
22	81	0
11	38	0
68	12	0
77	27	0
86	1	0
88	90	0
21	67	0
50	19	0
84	6	0
82	58	0
71	88	0
3	27	0
65	92	0
97	58	0
31	83	0
74	1	0
52	58	0
70	29	0
68	9	0
43	22	0
44	14	0
95	6	0
86	38	0
12	91	0
75	11	0
91	94	0
24	88	0
98	64	0
42	49	0
16	27	0
76	96	0
64	39	0
6	97	0
71	32	0
83	42	0
73	42	0
87	67	0
27	59	0
85	59	0
36	91	0
88	77	0
26	91	0
90	82	0
45	34	0
57	65	0
63	96	0
41	67	0
64	98	0
71	52	0
32	58	0
42	64	0
87	7	0
9	90	0
95	52	0
22	86	0
44	74	0
48	75	0
89	43	0
35	52	0
43	19	0
82	61	0
60	13	0
85	93	0
49	91	0
48	45	0
55	16	0
38	40	0
55	90	0
39	23	0
44	62	0
83	70	0
40	9	0
94	93	0
60	8	0
4	11	0
45	32	0
22	71	0
46	0	0
16	71	0
92	84	0
59	83	0
62	45	0
62	7	0
39	69	0
35	55	0
93	55	0
85	6	0
7	72	0
78	2	0
53	73	0
58	29	0
38	15	0
31	61	0
83	79	0
33	72	0
36	81	0
73	33	0
19	47	0
72	30	0
41	63	0
62	94	0
27	98	0
93	9	0
96	28	0
64	14	0
24	80	0
29	94	0
30	83	0
72	48	0
80	77	0
81	90	0
7	37	0
76	41	0
72	78	0
72	61	0
58	76	0
11	78	0
16	66	0
34	17	0
51	16	0
6	38	0
43	48	0
29	50	0
84	33	0
88	40	0
78	8	0
73	49	0
52	54	0
26	53	0
49	26	0
92	80	0
51	97	0
87	62	0
34	65	0
35	92	0
77	54	0
33	55	0
79	28	0
29	45	1
34	12	0
96	51	0
74	97	0
53	51	0
8	50	0
50	5	0
52	57	0
42	90	0
29	26	1
74	89	0
98	57	0
5	85	0
69	44	0
7	59	0
70	53	0
35	64	0
52	54	0
40	82	0
61	67	0
6	60	0
63	63	0
70	46	0
77	55	0
33	69	0
65	80	0
49	7	0
95	20	0
57	36	0
93	4	0
15	80	0
28	40	1
36	77	0
85	66	0
20	51	0
79	73	0
14	92	0
16	80	0
86	85	0
48	32	0
1	65	0
69	95	0
49	64	0
91	67	0
20	99	0
91	34	0
17	9	0
34	73	0
24	85	0
38	12	0
15	43	0
10	20	0
85	70	0
99	17	0
56	11	0
72	34	0
91	23	0
30	8	0
30	66	0
91	30	0
6	63	0
49	88	0
1	54	0
30	77	0
74	54	0
51	98	0
79	51	0
69	88	0
70	65	0
44	53	0
73	73	0
6	80	0
52	36	0
24	83	0
84	49	0
72	28	0
92	71	0
96	94	0
92	86	0
43	75	0
68	39	0
53	61	0
36	21	0
34	15	0
33	72	0
4	47	0
67	10	0
59	77	0
83	77	0
92	5	0
17	48	0
59	83	0
17	89	0
59	8	0
57	36	0
63	23	0
46	23	0
38	15	0
80	9	0
37	98	0
66	18	0
33	98	0
96	18	0
20	46	1
41	62	0
71	33	0
80	98	0
72	68	0
39	68	0
58	93	0
81	64	0
91	45	0
11	60	0
85	79	0
78	95	0
14	69	0
98	42	0
24	69	0
98	85	0
48	97	0
34	17	0
70	70	0
93	50	0
50	75	0
70	77	0
95	66	0
74	41	0
23	59	0
1	60	0
61	79	0
67	30	0
49	48	0
55	6	0
36	24	0
94	73	0
13	58	0
31	40	1
68	28	0
46	2	0
56	18	0
16	90	0
10	59	0
8	79	0
65	47	0
93	21	0
86	37	0
89	3	0
65	87	0
8	57	0
66	32	0
55	52	0
42	86	0
99	19	0
58	59	0
34	83	0
22	88	0
44	71	0
31	93	0
35	8	0
71	74	0
44	21	0
38	73	0
47	43	0
6	39	0
75	64	0
63	13	0
32	82	0
97	51	0
29	52	0
22	31	0
9	68	0
83	57	0
69	61	0
42	46	0
86	64	0
97	68	0
61	41	0
64	21	0
79	61	0
77	29	0
6	48	0
75	83	0
34	28	1
57	33	0
16	69	0
6	86	0
28	91	0
29	55	0
88	22	0
3	52	0
54	91	0
3	90	0
85	59	0
44	33	0
91	33	0
11	17	0
42	35	0
72	12	0
32	79	0
45	55	0
99	60	0
88	35	0
0	1	0
5	39	0
52	17	0
0	50	0
80	10	0
53	79	0
33	27	0
92	88	0
1	13	0
37	99	0
98	45	0
41	0	0
87	94	0
47	61	0
57	61	0
36	31	0
91	32	0
88	86	0
8	60	0
6	76	0
12	49	0
20	78	0
13	87	0
67	24	0
36	57	0
19	90	0
38	19	0
61	18	0
37	61	0
61	49	0
48	11	0
35	71	0
32	28	1
93	16	0
0	33	0
77	44	0
95	15	0
49	47	0
32	21	0
50	4	0
21	98	0
43	68	0
44	65	0
28	11	0
22	93	0
15	82	0
69	45	0
97	35	0
29	31	1
27	69	0
85	95	0
51	26	0
67	73	0
60	92	0
9	91	0
84	36	0
47	59	0
15	25	0
91	72	0
53	54	0
97	14	0
69	9	0
85	24	0
64	90	0
50	53	0
40	39	0
64	23	0
46	10	0
51	91	0
53	79	0
17	57	0
79	35	0
51	92	0
92	30	0
95	61	0
38	83	0
33	62	0
87	31	0
49	48	0
73	13	0
97	99	0
75	74	0
42	78	0
72	41	0
73	88	0
10	73	0
54	15	0
11	95	0
9	63	0
47	67	0
74	79	0
68	11	0
98	91	0
88	8	0
95	95	0
63	8	0
83	30	0
71	66	0
58	32	0
19	79	0
44	89	0
64	82	0
29	43	1
3	33	0
21	87	0
10	75	0
42	14	0
43	47	0
20	58	0
33	46	1
1	50	0
85	45	0
42	23	0
9	63	0
30	86	0
63	93	0
92	48	0
5	65	0
73	34	0
37	67	0
82	47	0
66	32	0
8	49	0
27	55	0
88	43	0
68	58	0
83	56	0
6	67	0
70	47	0
1	83	0
2	4	0
90	69	0
13	62	0
28	1	0
34	25	0
4	99	0
20	80	0
88	40	0
73	69	0
86	59	0
79	77	0
51	66	0
64	36	0
2	72	0
40	67	0
30	59	0
67	47	0
89	11	0
