99	65	0
54	10	0
35	22	0
42	96	0
7	34	0
89	27	0
87	78	0
11	4	0
51	8	0
74	90	0
42	36	0
77	35	0
2	84	0
20	4	0
16	68	0
94	11	0
94	89	0
61	32	0
27	54	0
99	67	0
91	0	0
42	73	0
73	85	0
79	93	0
66	4	0
32	96	0
57	13	0
76	78	0
69	91	0
98	57	0
1	42	0
30	29	0
38	29	0
77	21	0
41	47	0
89	71	0
12	91	0
67	76	0
94	25	0
82	92	0
44	7	0
28	51	0
70	56	0
99	56	0
55	75	0
99	48	0
16	98	0
38	44	0
56	13	0
85	48	0
17	65	0
59	12	0
34	92	0
53	85	0
25	63	0
94	71	0
48	25	0
38	46	0
83	77	0
97	98	0
90	14	0
15	96	0
92	11	0
51	7	0
93	70	0
41	31	0
19	83	0
85	6	0
30	82	0
85	74	0
62	52	0
22	29	0
85	83	0
31	38	0
13	47	0
86	37	0
21	27	1
15	38	0
36	79	0
58	91	0
74	23	0
46	97	0
66	99	0
1	7	0
13	20	0
94	22	0
99	21	0
37	56	0
82	44	0
18	29	0
75	52	0
40	56	0
33	10	0
34	2	0
70	47	0
24	89	0
58	4	0
50	75	0
42	5	0
38	28	0
93	46	0
46	60	0
62	49	0
18	77	0
71	85	0
9	79	0
45	77	0
84	47	0
64	12	0
55	70	0
5	58	0
56	7	0
54	62	0
6	67	0
48	2	0
31	55	0
19	33	0
85	81	0
48	39	0
2	4	0
21	96	0
81	0	0
69	66	0
17	32	0
83	76	0
90	13	0
62	73	0
55	86	0
31	22	0
64	93	0
23	21	1
74	85	0
66	53	0
38	98	0
75	35	0
37	25	0
21	36	0
80	3	0
12	9	1
4	71	0
96	72	0
92	11	0
91	34	0
42	54	0
61	6	0
92	94	0
6	7	0
39	11	0
82	84	0
37	41	0
95	67	0
82	76	0
53	27	0
48	36	0
65	60	0
2	49	0
24	83	0
14	58	0
81	75	0
57	74	0
47	99	0
80	51	0
68	77	0
52	83	0
26	46	0
86	80	0
0	37	0
35	39	0
24	25	0
18	72	0
38	71	0
97	20	0
42	33	0
77	12	0
36	83	0
69	22	0
51	29	0
77	78	0
25	53	0
62	69	0
36	99	0
37	63	0
36	9	0
67	15	0
32	89	0
13	81	0
70	84	0
91	57	0
18	92	0
30	32	0
95	71	0
25	59	0
38	81	0
37	94	0
53	47	0
33	10	0
18	36	0
77	93	0
88	98	0
62	90	0
78	15	0
4	65	0
62	0	0
63	15	0
67	21	0
84	19	0
28	60	0
5	71	0
61	64	0
75	34	0
30	76	0
86	20	0
56	86	0
33	65	0
28	15	0
85	73	0
33	67	0
40	8	0
3	87	0
76	17	0
97	81	0
83	93	0
85	21	0
2	79	0
18	77	0
97	49	0
49	74	0
36	44	0
47	76	0
57	75	0
52	58	0
6	84	0
34	69	0
62	13	0
3	66	0
68	95	0
67	43	0
35	94	0
88	57	0
41	19	0
40	54	0
11	77	0
40	93	0
55	32	0
69	27	0
12	31	0
86	68	0
72	44	0
82	49	0
9	85	0
56	11	0
15	84	0
64	66	0
55	46	0
67	55	0
58	4	0
12	7	1
4	57	0
75	43	0
50	12	0
75	59	0
49	83	0
64	52	0
94	29	0
92	10	0
4	62	0
87	66	0
22	96	0
91	57	0
37	89	0
59	33	0
45	0	0
21	92	0
69	35	0
42	56	0
42	75	0
52	5	0
24	96	0
71	88	0
86	84	0
64	27	0
95	72	0
8	85	0
41	39	0
59	2	0
64	20	0
35	22	0
45	5	0
55	11	0
56	48	0
72	35	0
37	50	0
24	45	0
52	55	0
72	78	0
89	76	0
58	88	0
81	12	0
99	52	0
77	0	0
8	55	0
33	7	0
89	33	0
49	23	0
75	72	0
8	41	0
47	72	0
54	28	0
23	97	0
35	89	0
27	70	0
93	57	0
44	27	0
37	4	0
24	54	0
92	51	0
77	19	0
74	98	0
16	8	0
62	90	0
9	77	0
44	82	0
34	33	0
4	54	0
83	9	0
20	34	0
83	14	0
45	9	0
15	2	0
82	6	0
31	50	0
14	38	0
87	31	0
93	62	0
11	27	0
26	34	0
3	58	0
33	84	0
11	74	0
3	7	0
33	93	0
46	65	0
39	30	0
62	28	0
47	85	0
41	66	0
86	96	0
39	25	0
17	46	0
31	39	0
55	74	0
78	97	0
52	9	0
77	0	0
36	5	0
45	11	0
61	11	0
18	47	0
78	59	0
67	1	0
23	44	0
63	5	0
50	55	0
45	50	0
27	66	0
80	83	0
65	51	0
19	61	0
59	35	0
22	20	0
96	10	0
49	4	0
67	18	0
56	38	0
22	41	0
15	70	0
68	76	0
12	77	0
36	94	0
24	97	0
50	23	0
32	32	0
89	63	0
58	49	0
7	79	0
79	76	0
62	92	0
23	33	0
68	26	0
63	94	0
73	0	0
96	63	0
75	43	0
32	15	0
39	46	0
37	47	0
90	80	0
11	23	0
75	29	0
88	9	0
13	52	0
29	92	0
70	80	0
85	5	0
4	73	0
96	32	0
46	92	0
4	11	1
78	8	0
62	53	0
41	52	0
54	47	0
28	40	0
50	38	0
72	74	0
74	53	0
44	29	0
73	66	0
25	53	0
23	92	0
84	85	0
44	19	0
2	74	0
65	18	0
82	20	0
71	45	0
16	60	0
61	29	0
27	32	0
53	40	0
1	96	0
62	36	0
55	18	0
91	50	0
45	22	0
32	77	0
31	9	0
83	44	0
5	4	0
62	98	0
4	89	0
38	39	0
53	86	0
54	32	0
19	98	0
19	44	0
24	40	0
58	19	0
94	36	0
83	21	0
87	99	0
21	57	0
14	15	1
35	11	0
35	25	0
84	21	0
50	61	0
75	82	0
20	35	0
66	99	0
85	70	0
39	78	0
73	9	0
72	38	0
84	17	0
68	19	0
46	22	0
37	33	0
97	3	0
66	28	0
1	64	0
93	16	0
90	97	0
10	93	0
85	61	0
46	48	0
25	3	0
94	85	0
79	55	0
26	98	0
65	21	0
78	48	0
92	58	0
83	66	0
28	81	0
77	82	0
34	93	0
86	76	0
33	40	0
24	91	0
99	86	0
32	33	0
25	45	0
63	69	0
62	93	0
50	70	0
46	95	0
59	61	0
34	62	0
32	62	0
82	23	0
16	91	0
86	52	0
19	83	0
42	53	0
46	79	0
83	28	0
23	29	0
19	43	0
62	41	0
96	75	0
64	19	0
84	99	0
71	98	0
39	46	0
57	8	0
32	46	0
21	86	0
37	33	0
57	69	0
70	79	0
35	21	0
79	89	0
51	31	0
38	18	0
66	43	0
23	77	0
42	12	0
6	61	0
90	81	0
61	93	0
53	46	0
83	10	0
42	71	0
40	56	0
97	54	0
92	1	0
0	75	0
72	3	0
81	77	0
71	23	0
33	3	0
35	71	0
80	81	0
36	73	0
53	78	0
75	19	0
15	68	0
64	5	0
44	66	0
63	97	0
32	92	0
90	10	0
92	21	0
59	10	0
34	88	0
15	90	0
5	90	0
79	51	0
72	61	0
80	65	0
18	42	0
84	45	0
69	60	0
84	75	0
70	64	0
25	55	0
17	72	0
36	29	0
47	43	0
5	48	0
56	65	0
44	37	0
94	39	0
78	33	0
73	4	0
74	34	0
52	81	0
21	17	1
15	45	0
65	39	0
93	75	0
65	81	0
96	75	0
25	49	0
52	64	0
63	52	0
29	61	0
88	39	0
24	59	0
43	22	0
88	55	0
72	98	0
56	53	0
20	63	0
42	1	0
68	67	0
28	84	0
45	27	0
74	78	0
91	73	0
21	94	0
53	65	0
15	73	0
73	64	0
39	56	0
46	66	0
43	79	0
62	69	0
29	34	0
16	66	0
88	82	0
78	55	0
95	59	0
34	76	0
58	76	0
70	31	0
21	15	1
84	23	0
40	35	0
96	8	0
12	91	0
34	36	0
29	77	0
89	57	0
19	37	0
98	62	0
14	95	0
12	71	0
26	3	0
98	93	0
35	26	0
0	80	0
75	90	0
37	61	0
78	73	0
32	85	0
99	29	0
32	18	0
37	84	0
31	74	0
33	12	0
25	40	0
8	26	0
93	69	0
92	12	0
55	11	0
71	8	0
94	39	0
33	8	0
40	39	0
98	43	0
12	57	0
42	86	0
2	47	0
15	83	0
72	61	0
50	98	0
65	44	0
73	78	0
36	34	0
77	65	0
36	63	0
88	45	0
8	72	0
57	36	0
35	68	0
73	33	0
58	42	0
97	82	0
93	99	0
84	88	0
21	85	0
20	34	0
54	53	0
52	67	0
34	24	0
20	8	0
34	69	0
12	40	0
62	10	0
63	82	0
87	59	0
94	18	0
8	45	0
10	3	0
77	89	0
7	95	0
51	10	0
55	50	0
70	10	0
13	3	1
47	18	0
18	35	0
44	19	0
60	2	0
39	86	0
56	21	0
30	89	0
73	3	0
27	39	0
53	68	0
73	19	0
90	70	0
64	75	0
39	66	0
52	93	0
77	91	0
6	13	1
86	58	0
14	65	0
79	75	0
61	92	0
13	32	0
20	58	0
94	48	0
34	84	0
98	96	0
64	84	0
48	4	0
46	51	0
83	55	0
57	86	0
77	50	0
95	70	0
85	26	0
12	61	0
3	55	0
68	90	0
78	43	0
52	62	0
56	10	0
34	22	0
73	75	0
24	36	0
15	63	0
41	46	0
59	40	0
34	12	0
56	30	0
10	85	0
20	40	0
11	59	0
8	73	0
77	53	0
26	26	0
61	13	0
91	24	0
81	2	0
54	70	0
1	62	0
66	31	0
48	35	0
71	77	0
77	17	0
47	41	0
51	62	0
46	88	0
18	97	0
29	62	0
43	87	0
31	39	0
77	81	0
45	42	0
27	78	0
56	26	0
7	42	0
61	57	0
67	16	0
28	77	0
82	52	0
52	48	0
52	45	0
42	18	0
4	69	0
68	60	0
75	55	0
45	37	0
82	56	0
84	70	0
79	38	0
66	9	0
87	78	0
91	17	0
6	75	0
68	85	0
32	15	0
59	37	0
7	3	0
19	56	0
13	88	0
33	91	0
22	46	0
93	38	0
17	49	0
55	98	0
16	86	0
97	64	0
51	61	0
86	39	0
19	1	0
57	15	0
47	5	0
6	3	0
14	74	0
60	63	0
85	67	0
72	49	0
16	1	0
30	37	0
69	11	0
1	78	0
75	2	0
44	75	0
55	26	0
74	98	0
12	35	0
3	93	0
98	58	0
34	20	0
87	70	0
61	58	0
75	42	0
42	27	0
93	34	0
85	64	0
12	63	0
3	86	0
22	55	0
2	87	0
9	93	0
91	32	0
32	49	0
3	99	0
52	14	0
60	2	0
40	47	0
23	20	1
64	41	0
37	21	0
28	79	0
30	30	0
73	16	0
7	42	0
88	51	0
90	7	0
63	51	0
32	12	0
45	18	0
9	98	0
58	79	0
39	66	0
13	6	1
40	16	0
6	83	0
3	85	0
71	55	0
91	43	0
43	29	0
25	75	0
25	30	0
99	88	0
59	31	0
45	73	0
67	99	0
20	21	1
2	83	0
69	25	0
53	63	0
31	37	0
97	65	0
39	72	0
99	19	0
79	17	0
96	17	0
88	84	0
42	57	0
23	87	0
88	11	0
30	1	0
64	86	0
62	73	0
19	47	0
64	39	0
68	82	0
89	13	0
93	56	0
20	65	0
56	51	0
25	23	0
88	25	0
46	46	0
68	9	0
91	98	0
85	79	0
48	64	0
72	33	0
67	73	0
4	91	0
43	2	0
9	99	0
10	74	0
63	65	0
77	96	0
85	5	0
96	90	0
80	2	0
22	14	1
82	72	0
66	0	0
98	36	0
72	52	0
58	37	0
14	69	0
59	90	0
55	77	0
14	44	0
5	39	0
38	99	0
9	70	0
42	1	0
40	57	0
13	63	0
40	26	0
6	47	0
94	44	0
58	21	0
1	46	0
24	89	0
72	56	0
1	5	0
92	70	0
27	82	0
59	49	0
35	57	0
93	51	0
62	42	0
0	15	0
4	48	0
23	62	0
91	73	0
66	47	0
98	63	0
3	50	0
58	56	0
19	64	0
1	13	0
72	74	0
27	62	0
46	11	0
28	27	0
8	79	0
38	88	0
3	3	0
76	42	0
67	62	0
81	67	0
78	74	0
46	89	0
36	15	0
2	72	0
11	11	1
47	66	0
38	50	0
57	51	0
84	13	0
