85	63	0
45	11	0
36	29	0
56	95	0
9	8	0
94	38	0
95	88	0
40	7	0
63	82	0
45	15	0
89	46	0
4	79	0
16	5	0
21	64	0
95	24	0
79	77	0
57	29	0
19	50	0
88	63	0
96	12	0
51	91	0
61	71	0
81	82	0
53	4	0
35	79	0
56	10	0
84	74	0
61	85	0
84	73	0
4	25	0
57	21	0
37	15	0
86	33	0
32	49	0
87	59	0
4	88	0
36	97	0
93	29	0
75	91	0
47	0	0
25	66	0
95	56	0
92	70	0
56	68	0
98	51	0
4	80	0
20	39	1
64	0	0
92	63	0
18	70	0
63	4	0
14	77	0
56	93	0
41	76	0
97	68	0
49	31	0
25	26	0
94	74	0
97	99	0
99	11	0
14	95	0
94	17	0
38	4	0
76	78	0
41	14	0
7	98	0
80	7	0
41	84	0
75	95	0
49	66	0
5	29	0
67	95	0
27	36	1
13	56	0
89	30	0
22	41	1
25	86	0
53	98	0
62	29	0
30	98	0
61	98	0
1	21	0
97	8	0
91	22	0
39	59	0
78	41	0
21	38	1
80	57	0
50	11	0
38	7	0
69	43	0
16	98	0
57	8	0
52	87	0
43	2	0
47	31	0
85	43	0
37	65	0
76	45	0
10	60	0
77	82	0
2	74	0
28	94	0
97	59	0
62	7	0
43	69	0
34	60	0
62	1	0
67	52	0
4	57	0
31	2	0
20	44	0
41	32	0
66	91	0
57	50	0
17	93	0
87	5	0
52	79	0
79	86	0
98	1	0
66	82	0
51	69	0
28	8	0
58	99	0
99	72	0
69	64	0
22	97	0
64	36	0
35	16	0
16	46	0
76	8	0
8	64	0
95	62	0
98	25	0
85	32	0
37	53	0
52	15	0
82	75	0
19	14	0
33	9	0
81	64	0
40	36	0
65	69	0
67	90	0
51	32	0
45	30	0
58	40	0
15	45	0
28	51	0
21	57	0
78	86	0
45	53	0
29	99	0
77	43	0
75	65	0
54	80	0
32	35	1
95	71	0
15	32	0
52	51	0
16	10	0
25	81	0
35	74	0
87	32	0
44	40	0
75	10	0
41	87	0
54	26	0
47	48	0
77	76	0
26	65	0
49	75	0
34	85	0
35	46	0
45	11	0
54	6	0
32	73	0
26	82	0
80	77	0
90	69	0
24	89	0
95	69	0
31	51	0
25	85	0
55	72	0
37	54	0
25	14	0
10	32	1
72	97	0
90	83	0
58	66	0
77	34	0
1	53	0
58	2	0
78	37	0
64	28	0
70	30	0
17	65	0
3	56	0
53	52	0
77	21	0
41	64	0
92	29	0
33	97	0
25	66	0
39	22	0
81	83	0
37	56	0
36	9	0
22	85	0
54	14	0
95	86	0
64	91	0
91	4	0
6	80	0
25	62	0
90	28	0
54	82	0
48	41	0
55	61	0
47	70	0
50	69	0
22	78	0
30	57	0
67	4	0
0	59	0
59	82	0
92	44	0
43	90	0
78	60	0
61	29	0
47	70	0
24	88	0
40	92	0
54	39	0
73	37	0
87	58	0
73	38	0
66	69	0
10	47	0
49	16	0
7	82	0
65	59	0
66	38	0
66	32	0
53	21	0
7	59	0
87	15	0
40	11	0
66	67	0
53	75	0
71	30	0
95	37	0
94	4	0
5	59	0
97	72	0
22	98	0
91	71	0
37	93	0
55	29	0
61	16	0
18	88	0
69	32	0
45	65	0
34	72	0
43	8	0
30	98	0
82	88	0
69	91	0
77	41	0
90	73	0
23	96	0
43	64	0
65	4	0
69	35	0
31	14	0
35	1	0
53	13	0
52	60	0
77	42	0
34	46	0
39	50	0
38	73	0
73	87	0
79	67	0
56	79	0
85	0	0
81	41	0
65	2	0
19	46	0
28	37	1
74	44	0
65	54	0
66	66	0
12	35	0
41	71	0
58	23	0
26	89	0
28	90	0
27	71	0
93	62	0
48	14	0
36	2	0
31	53	0
81	68	0
61	13	0
72	89	0
12	5	0
51	93	0
0	71	0
37	92	0
43	37	0
0	59	0
86	24	0
25	30	1
73	5	0
47	13	0
89	12	0
34	52	0
16	52	0
75	23	0
85	61	0
10	17	0
21	37	1
6	62	0
33	95	0
2	84	0
47	97	0
54	72	0
52	37	0
59	14	0
39	86	0
41	68	0
79	92	0
30	26	0
10	59	0
28	48	0
62	57	0
70	82	0
28	24	0
82	25	0
37	0	0
48	2	0
60	18	0
32	47	0
76	72	0
87	8	0
19	41	0
53	22	0
52	51	0
40	34	0
31	49	0
81	77	0
74	58	0
14	51	0
56	30	0
96	8	0
58	9	0
52	28	0
52	37	0
36	27	0
0	73	0
59	82	0
28	74	0
22	95	0
31	99	0
58	13	0
38	30	0
97	46	0
87	57	0
3	75	0
82	73	0
71	72	0
78	25	0
75	82	0
80	5	0
79	61	0
76	59	0
40	21	0
61	54	0
24	50	0
89	78	0
72	23	0
97	14	0
30	48	0
38	92	0
70	72	0
84	16	0
14	67	0
92	26	0
45	95	0
80	18	0
70	46	0
42	54	0
55	42	0
29	43	0
34	48	0
58	87	0
80	31	0
35	21	0
68	74	0
25	68	0
11	96	0
89	94	0
35	37	0
5	85	0
62	32	0
86	19	0
84	41	0
8	62	0
61	33	0
46	27	0
44	42	0
8	97	0
82	24	0
54	4	0
90	42	0
47	48	0
24	76	0
17	0	0
57	61	0
53	92	0
8	53	0
42	68	0
36	77	0
54	36	0
16	90	0
3	49	0
22	41	1
58	15	0
89	30	0
91	14	0
76	84	0
17	58	0
24	34	0
43	25	0
84	1	0
68	61	0
77	91	0
14	45	0
64	90	0
98	65	0
33	87	0
72	6	0
61	52	0
67	23	0
78	11	0
44	27	0
44	12	0
99	4	0
81	33	0
10	81	0
79	10	0
89	98	0
26	92	0
96	66	0
46	59	0
12	25	0
91	91	0
62	41	0
2	96	0
67	37	0
70	42	0
72	54	0
82	67	0
27	76	0
86	68	0
32	89	0
99	80	0
35	92	0
98	74	0
30	32	1
39	29	0
60	66	0
65	98	0
46	65	0
73	96	0
68	50	0
34	67	0
38	66	0
82	7	0
11	84	0
93	50	0
22	89	0
51	76	0
43	81	0
89	39	0
36	54	0
24	38	1
46	26	0
83	52	0
66	14	0
90	89	0
58	93	0
42	51	0
52	6	0
38	41	0
53	86	0
34	23	0
49	64	0
74	72	0
40	21	0
97	94	0
47	17	0
21	3	0
55	24	0
23	79	0
35	1	0
17	59	0
91	91	0
59	86	0
62	56	0
59	4	0
42	70	0
46	50	0
97	54	0
87	4	0
4	69	0
76	1	0
56	73	0
64	31	0
45	11	0
36	67	0
89	79	0
32	74	0
41	84	0
80	28	0
22	47	0
63	32	0
41	67	0
63	83	0
33	99	0
85	4	0
97	24	0
69	13	0
25	75	0
22	99	0
23	79	0
68	42	0
83	72	0
73	84	0
15	46	0
78	43	0
68	73	0
82	77	0
58	73	0
19	77	0
17	65	0
49	25	0
37	11	0
4	34	0
40	56	0
31	44	0
84	29	0
81	37	0
68	3	0
81	45	0
52	59	0
21	68	0
52	28	0
88	85	0
49	93	0
77	62	0
28	55	0
39	87	0
74	48	0
27	49	0
77	31	0
24	50	0
38	19	0
90	53	0
87	93	0
54	54	0
12	60	0
52	8	0
62	57	0
31	83	0
39	33	0
82	88	0
92	68	0
17	82	0
71	47	0
9	65	0
81	56	0
29	58	0
52	61	0
35	79	0
55	66	0
5	54	0
75	65	0
65	56	0
84	44	0
23	75	0
59	85	0
55	19	0
94	23	0
49	34	0
99	14	0
11	81	0
38	38	0
33	66	0
83	61	0
24	60	0
81	72	0
16	92	0
19	85	0
93	90	0
44	22	0
8	68	0
76	93	0
44	63	0
83	60	0
25	91	0
94	32	0
27	5	0
33	83	0
29	75	0
31	13	0
13	45	0
6	25	0
80	70	0
99	16	0
58	13	0
77	28	0
87	33	0
33	12	0
36	55	0
95	38	0
9	57	0
55	92	0
8	54	0
29	81	0
68	55	0
52	98	0
78	57	0
69	84	0
35	37	0
74	61	0
41	54	0
79	65	0
10	69	0
53	28	0
32	82	0
82	39	0
76	27	0
84	72	0
93	97	0
83	81	0
51	69	0
68	42	0
50	70	0
40	20	0
32	10	0
36	78	0
3	40	0
62	6	0
61	89	0
83	88	0
85	6	0
14	41	0
56	83	0
15	96	0
58	5	0
58	47	0
58	21	0
43	21	0
15	35	1
52	16	0
80	7	0
42	95	0
69	28	0
27	96	0
94	16	0
27	45	0
46	64	0
65	30	0
79	90	0
68	76	0
42	64	0
54	91	0
73	67	0
84	44	0
12	66	0
82	83	0
82	98	0
16	58	0
92	47	0
29	76	0
93	90	0
55	94	0
46	13	0
76	68	0
88	58	0
56	83	0
74	64	0
92	69	0
71	36	0
18	57	0
1	62	0
66	74	0
74	35	0
53	51	0
47	3	0
33	17	0
94	69	0
10	52	0
24	49	0
60	29	0
43	15	0
57	28	0
18	93	0
6	58	0
18	80	0
73	52	0
79	21	0
90	30	0
90	3	0
60	86	0
10	54	0
53	30	0
58	51	0
48	79	0
91	16	0
60	53	0
43	90	0
19	90	0
38	62	0
26	90	0
37	21	0
78	76	0
46	36	0
43	80	0
55	40	0
8	42	0
62	61	0
63	14	0
24	83	0
92	39	0
23	40	0
23	54	0
22	14	0
0	67	0
79	70	0
72	63	0
45	53	0
80	53	0
89	67	0
67	33	0
66	18	0
82	69	0
80	23	0
7	54	0
77	87	0
28	33	0
61	33	0
10	63	0
0	88	0
38	94	0
36	56	0
96	26	0
6	46	0
57	91	0
8	91	0
87	57	0
51	44	0
85	30	0
14	9	0
46	34	0
72	5	0
20	86	0
54	46	0
97	59	0
85	37	0
8	4	0
15	45	0
61	15	0
6	59	0
83	6	0
52	72	0
37	27	0
91	90	0
14	15	0
29	91	0
96	54	0
28	13	0
89	99	0
47	62	0
66	59	0
41	36	0
91	26	0
92	91	0
5	60	0
9	69	0
11	51	0
21	82	0
18	99	0
65	29	0
36	53	0
12	87	0
47	18	0
69	13	0
37	60	0
62	52	0
50	17	0
33	72	0
35	28	0
87	22	0
4	36	0
76	58	0
93	12	0
56	45	0
35	18	0
48	5	0
13	91	0
47	72	0
43	65	0
36	11	0
14	93	0
8	88	0
68	45	0
95	34	0
34	29	0
31	61	0
88	89	0
50	30	0
64	70	0
64	87	0
9	84	0
77	38	0
51	57	0
10	42	0
94	76	0
51	64	0
91	13	0
77	14	0
89	20	0
67	90	0
54	66	0
44	51	0
65	16	0
43	9	0
58	92	0
65	67	0
16	54	0
74	38	0
47	97	0
90	30	0
91	60	0
34	76	0
48	53	0
22	34	1
83	27	0
41	52	0
82	5	0
93	95	0
70	64	0
55	79	0
70	37	0
67	88	0
15	86	0
42	6	0
12	91	0
14	61	0
55	67	0
79	81	0
65	13	0
99	95	0
92	10	0
99	86	0
64	14	0
79	29	0
74	54	0
52	38	0
15	82	0
56	95	0
67	82	0
34	46	0
11	34	0
18	93	0
15	61	0
42	7	0
39	46	0
16	67	0
40	42	0
0	41	0
98	59	0
43	23	0
16	62	0
31	85	0
64	81	0
90	55	0
3	70	0
62	47	0
23	60	0
74	44	0
54	35	0
4	49	0
26	44	0
86	57	0
67	56	0
84	48	0
4	67	0
62	53	0
2	82	0
4	8	0
89	70	0
11	63	0
30	0	0
36	19	0
13	98	0
19	81	0
92	38	0
61	72	0
78	60	0
78	80	0
43	64	0
57	46	0
5	73	0
44	72	0
37	54	0
65	56	0
78	17	0
