91	67	0
27	14	0
60	94	0
5	0	0
95	42	0
97	96	0
41	68	0
68	48	0
0	90	0
6	8	0
13	93	0
93	37	0
55	82	0
29	32	0
90	83	0
93	33	0
49	99	0
39	76	0
72	69	0
50	17	0
33	79	0
81	70	0
89	75	0
82	93	0
5	28	0
40	36	1
83	17	0
79	64	0
8	72	0
33	90	0
84	14	0
70	91	0
50	71	0
82	77	0
96	56	0
57	56	1
99	36	0
11	76	0
88	72	0
18	70	0
51	8	0
10	78	0
38	87	0
85	47	0
47	39	1
36	18	0
97	86	0
90	92	0
92	18	0
25	79	0
97	7	0
21	18	0
70	83	0
3	89	0
88	0	0
28	68	1
60	91	0
8	28	0
68	82	0
84	29	0
25	86	0
51	93	0
79	31	0
33	92	0
41	91	0
21	12	0
94	16	0
81	29	0
53	78	0
87	32	0
64	52	0
69	34	0
4	99	0
75	0	1
52	86	0
80	1	0
92	65	0
6	63	1
66	89	0
0	76	0
39	90	0
94	57	0
75	31	0
51	68	1
65	13	0
62	44	0
6	63	1
36	6	0
70	68	0
61	28	1
0	94	0
94	32	0
44	71	0
81	68	0
81	3	0
67	88	0
68	81	0
5	30	0
61	71	0
97	78	0
68	47	0
14	92	0
66	38	0
68	3	1
92	59	0
91	32	0
99	40	0
19	48	0
52	63	1
10	26	0
47	30	1
84	67	0
56	74	0
58	63	0
47	42	1
58	66	0
52	56	1
42	93	0
77	36	0
58	72	0
58	76	0
93	56	0
30	10	0
47	42	1
22	15	0
28	72	0
77	48	0
98	4	0
25	95	0
23	38	0
66	70	0
58	72	0
51	71	0
47	9	0
48	92	0
74	82	0
93	52	0
22	96	0
85	78	0
25	55	1
10	75	0
56	64	0
11	42	0
71	76	0
95	72	0
46	68	0
74	45	0
54	63	1
62	6	1
96	33	0
29	91	0
63	78	0
26	30	0
47	81	0
42	23	0
90	95	0
29	84	0
96	9	0
30	77	0
94	38	0
55	95	0
72	79	0
66	64	0
26	42	0
9	62	0
67	8	0
67	96	0
95	56	0
47	90	0
64	81	0
75	15	0
57	74	0
34	84	0
51	87	0
25	18	0
58	23	1
85	54	0
63	46	0
70	60	0
75	28	0
19	99	0
60	60	0
86	43	0
73	33	0
54	21	0
92	28	0
77	81	0
77	97	0
72	62	0
96	25	0
99	16	0
85	79	0
29	92	0
62	86	0
48	95	0
36	42	1
85	38	0
19	99	0
90	21	0
22	49	0
18	90	0
33	97	0
83	80	0
83	70	0
98	60	0
93	61	0
22	86	0
51	82	0
71	12	0
83	50	0
49	4	0
45	34	0
76	38	0
26	63	0
41	54	0
26	73	0
74	89	0
86	58	0
54	71	0
96	1	0
89	41	0
95	45	0
70	58	0
67	86	0
47	63	0
64	20	0
8	91	0
27	66	1
1	91	0
82	63	0
84	72	0
85	12	0
95	83	0
16	0	0
33	98	0
27	68	1
53	99	0
39	29	0
84	15	0
93	0	0
94	31	0
72	32	0
69	54	0
6	3	0
25	97	0
18	77	0
45	91	0
41	72	0
86	44	0
57	83	0
54	56	1
98	85	0
64	40	0
83	89	0
86	19	0
16	6	0
43	1	0
35	23	0
93	45	0
77	9	0
17	47	0
15	22	0
55	37	1
94	81	0
97	62	0
76	33	0
94	10	0
64	5	0
78	13	0
36	14	0
13	67	0
86	90	0
39	86	0
4	98	0
31	44	0
51	45	1
72	45	0
67	57	0
80	79	0
80	74	0
80	21	0
73	85	0
74	2	1
96	47	0
80	57	0
61	53	0
96	68	0
72	18	0
91	20	0
20	45	0
72	97	0
59	68	0
92	24	0
16	82	0
96	43	0
72	91	0
92	28	0
66	17	0
29	56	1
50	43	0
61	81	0
67	29	1
75	78	0
20	93	0
91	87	0
3	84	0
89	0	0
86	21	0
52	72	0
32	61	1
65	48	0
12	97	0
75	31	0
98	59	0
45	42	1
37	86	0
36	9	0
49	87	0
38	86	0
47	77	0
11	65	0
6	24	0
67	2	1
84	36	0
97	11	0
80	99	0
30	28	0
63	11	0
59	38	0
70	89	0
0	21	0
42	85	0
79	42	0
29	88	0
80	6	0
54	18	1
86	16	0
90	50	0
11	88	0
76	14	0
89	99	0
35	95	0
77	65	0
9	37	0
58	96	0
59	41	0
17	73	0
59	24	0
95	53	0
75	45	0
72	60	0
20	44	0
97	57	0
23	98	0
90	54	0
20	92	0
83	78	0
40	20	0
72	70	0
63	90	0
58	95	0
76	54	0
84	6	0
3	78	0
78	48	0
22	95	0
51	64	1
83	31	0
33	62	1
49	42	1
89	56	0
78	21	0
74	75	0
47	94	0
58	94	0
31	98	0
93	78	0
82	77	0
72	5	0
20	4	0
47	44	1
41	61	1
3	80	0
80	88	0
64	83	0
71	48	0
68	20	0
39	65	1
40	78	0
83	49	0
99	7	0
20	70	0
80	5	0
54	69	0
32	36	1
88	86	0
31	77	1
53	90	0
72	24	0
86	12	0
45	64	1
68	87	0
28	99	0
88	12	0
85	7	0
73	23	0
16	56	0
13	87	0
10	89	0
72	88	0
87	97	0
62	54	0
79	98	0
79	60	0
70	62	0
13	93	0
7	72	0
38	27	0
7	15	0
34	39	0
28	49	1
97	33	0
84	41	0
72	52	0
54	54	1
44	20	0
92	77	0
58	73	0
85	53	0
35	86	0
81	54	0
23	11	0
98	46	0
54	93	0
30	41	0
33	95	0
75	96	0
89	69	0
26	81	0
58	24	0
12	73	0
38	76	0
66	64	0
56	74	0
55	87	0
16	48	0
70	62	0
82	42	0
90	64	0
38	73	0
71	94	0
46	26	1
96	20	0
61	47	0
88	11	0
7	82	0
48	97	0
82	76	0
72	69	0
6	90	0
11	74	0
75	90	0
37	26	0
4	88	0
67	95	0
65	67	0
86	71	0
11	93	0
79	46	0
17	9	0
50	96	0
10	94	0
2	14	0
85	55	0
83	21	0
78	32	0
71	16	0
8	15	0
18	55	0
77	31	0
5	68	0
65	72	0
27	83	0
64	56	0
80	93	0
72	41	0
69	80	0
71	53	0
67	80	0
10	70	0
42	53	1
29	85	0
64	61	0
58	42	0
95	40	0
99	98	0
81	87	0
46	60	1
70	48	0
65	57	0
71	2	1
65	85	0
91	78	0
94	0	0
61	77	0
7	92	0
48	53	1
62	31	0
64	22	0
75	19	0
24	77	0
72	22	0
85	19	0
34	53	1
33	32	0
50	97	0
66	69	0
49	83	0
72	93	0
87	57	0
83	41	0
91	69	0
80	98	0
97	41	0
26	67	1
96	90	0
46	83	0
72	82	0
88	45	0
43	90	0
82	79	0
83	49	0
84	28	0
3	69	0
50	73	0
69	17	0
68	34	0
83	83	0
63	54	0
13	90	0
23	92	0
75	40	0
82	29	0
99	56	0
93	3	0
76	93	0
55	34	1
33	73	1
92	18	0
71	44	0
15	75	0
19	97	0
20	75	0
8	90	0
65	48	0
39	30	0
34	70	0
61	83	0
65	12	0
20	85	0
83	50	0
21	19	0
15	71	0
75	62	0
62	57	0
88	54	0
79	62	0
74	65	0
59	55	1
76	54	0
1	29	0
92	86	0
59	53	0
43	88	0
7	74	0
24	86	0
31	49	1
91	20	0
55	96	0
12	97	0
97	53	0
75	20	0
15	15	0
29	20	0
68	4	0
18	70	0
82	62	0
85	36	0
14	0	0
66	13	0
42	89	0
94	81	0
17	11	0
50	83	0
82	35	0
96	78	0
55	70	0
65	79	0
17	41	0
89	41	0
93	72	0
15	83	0
22	77	0
18	88	0
72	3	0
32	57	1
7	95	0
31	44	1
44	59	1
61	41	0
25	67	1
96	18	0
6	24	0
85	34	0
86	14	0
42	27	0
16	90	0
46	84	0
12	70	0
27	30	0
17	73	0
23	90	0
64	62	0
94	47	0
74	96	0
49	38	1
61	71	0
50	69	1
22	98	0
85	41	0
53	48	1
2	2	0
82	61	0
52	47	0
97	31	0
81	32	0
71	33	0
57	99	0
41	35	0
57	42	0
68	28	1
54	10	0
34	97	0
45	59	1
93	31	0
63	99	0
72	53	0
85	46	0
46	89	0
33	84	0
94	25	0
73	7	1
92	98	0
74	84	0
55	85	0
87	15	0
79	71	0
25	82	0
71	28	0
22	95	0
95	59	0
86	89	0
85	7	0
97	96	0
76	19	0
88	58	0
61	19	1
8	85	0
69	92	0
62	80	0
6	23	0
9	98	0
10	72	0
48	44	1
77	26	0
18	99	0
57	96	0
92	46	0
13	74	0
75	42	0
29	93	0
79	43	0
75	50	0
79	45	0
82	36	0
49	66	1
54	47	1
0	86	0
5	2	0
72	71	0
13	57	0
25	6	0
8	96	0
29	74	0
93	49	0
77	87	0
93	62	0
96	86	0
78	41	0
5	80	0
51	62	1
82	35	0
86	27	0
