93	61	0
52	15	0
44	21	0
46	87	0
0	43	0
87	31	0
96	79	0
11	6	0
45	12	0
67	89	0
45	37	0
77	45	0
3	91	0
27	7	0
18	55	0
96	3	0
84	81	0
66	29	0
30	64	0
95	60	0
97	2	0
38	76	0
71	78	0
80	84	0
76	0	0
21	91	0
57	17	0
75	74	0
68	90	0
97	59	0
2	43	0
31	30	0
43	20	0
80	20	0
47	50	0
87	75	0
5	93	0
66	68	0
92	15	0
84	96	0
43	16	0
26	60	0
68	53	0
99	61	0
59	86	0
94	50	0
20	99	0
31	44	0
59	14	0
92	45	0
23	64	0
58	6	0
34	83	0
62	94	0
31	66	0
94	73	0
54	19	0
39	59	0
86	74	0
99	93	0
78	8	0
23	96	0
91	4	0
50	12	0
93	65	0
43	25	0
15	87	0
92	7	0
33	82	0
87	71	0
60	51	0
23	31	0
95	78	0
24	40	0
27	49	0
90	37	0
24	15	0
15	40	0
39	81	0
61	97	0
71	25	0
45	96	0
71	93	0
6	7	0
15	30	0
93	15	0
92	16	0
50	49	0
84	38	0
22	31	0
77	50	0
45	48	0
27	10	0
32	3	0
72	50	0
22	82	0
55	1	0
45	83	0
37	1	0
34	26	0
86	43	0
51	62	0
58	46	0
21	77	0
70	76	0
0	82	0
49	93	0
84	48	0
71	19	0
51	79	0
2	54	0
63	9	0
51	71	0
6	80	0
51	2	0
25	55	0
20	31	0
94	79	0
10	29	1
42	26	0
4	0	0
36	95	0
88	0	0
60	64	0
12	38	0
77	78	0
95	18	0
65	64	0
53	84	0
30	20	0
61	97	0
16	14	0
73	80	0
65	49	0
27	93	0
78	32	0
39	33	0
21	23	0
71	8	0
9	7	0
0	75	0
12	11	0
93	81	0
93	9	0
86	40	0
50	60	0
66	9	0
87	88	0
4	2	0
38	18	0
13	9	0
80	75	0
36	40	0
89	75	0
83	80	0
55	28	0
58	34	0
74	56	0
4	49	0
28	76	0
14	58	0
88	77	0
45	61	0
34	95	0
86	44	0
73	71	0
61	84	0
22	37	0
96	79	0
5	47	0
30	34	0
18	22	0
25	74	0
28	69	0
99	20	0
48	32	0
76	8	0
42	81	0
70	23	0
56	34	0
76	73	0
24	49	0
67	60	0
36	98	0
32	67	0
27	4	0
68	22	0
20	94	0
5	88	0
64	83	0
82	47	0
19	86	0
23	46	0
81	71	0
21	51	0
33	75	0
36	88	0
55	41	0
31	2	0
20	43	0
76	89	0
91	86	0
60	95	0
70	14	0
9	55	0
63	8	0
58	23	0
61	26	0
78	20	0
29	63	0
2	74	0
50	68	0
64	38	0
32	68	0
86	22	0
59	87	0
36	75	0
21	13	0
88	81	0
31	76	0
43	1	0
3	85	0
83	21	0
96	72	0
77	86	0
84	24	0
2	80	0
24	85	0
95	47	0
58	70	0
34	45	0
42	76	0
72	68	0
49	60	0
14	79	0
35	65	0
65	5	0
9	58	0
65	97	0
69	41	0
27	82	0
89	66	0
40	10	0
38	59	0
6	71	0
38	92	0
58	27	0
74	18	0
18	38	0
92	61	0
64	39	0
79	47	0
14	91	0
57	13	0
19	80	0
65	69	0
62	57	0
68	60	0
58	2	0
24	12	0
9	55	0
75	50	0
52	13	0
67	55	0
45	86	0
64	53	0
90	28	0
94	10	0
17	61	0
84	66	0
20	89	0
15	15	0
96	54	0
38	96	0
49	37	0
48	3	0
11	97	0
73	40	0
44	56	0
35	76	0
42	6	0
16	84	0
81	81	0
83	76	0
59	34	0
88	71	0
14	88	0
39	42	0
66	2	0
71	21	0
29	25	0
53	6	0
60	13	0
54	37	0
66	37	0
26	50	0
22	50	0
56	46	0
72	73	0
85	82	0
45	99	0
74	13	0
95	58	0
73	8	0
12	53	0
21	11	0
91	38	0
55	31	0
74	75	0
14	47	0
49	64	0
63	23	0
31	96	0
27	91	0
38	75	0
96	48	0
43	23	0
49	1	0
29	43	0
91	54	0
71	6	0
64	95	0
25	2	0
69	91	0
7	80	0
45	78	0
30	23	0
5	51	0
13	15	1
84	10	0
19	31	0
80	19	0
40	5	0
10	6	0
83	15	0
26	66	0
26	44	0
90	30	0
90	48	0
10	37	0
24	38	0
3	53	0
31	90	0
12	75	0
1	9	0
36	93	0
51	68	0
45	18	0
11	15	1
57	32	0
42	85	0
38	70	0
88	99	0
33	29	0
17	57	0
35	46	0
54	67	0
77	97	0
44	14	0
68	2	0
28	11	0
43	8	0
57	1	0
19	56	0
74	58	0
63	1	0
25	47	0
62	4	0
55	57	0
48	54	0
34	58	0
79	81	0
68	50	0
16	69	0
54	39	0
19	17	0
98	8	0
43	2	0
64	23	0
53	29	0
18	42	0
8	72	0
61	70	0
11	82	0
37	99	0
28	87	0
39	20	0
40	38	0
87	65	0
56	36	0
10	69	0
76	82	0
3	18	1
65	86	0
28	32	0
67	20	0
72	91	0
68	7	0
96	62	0
75	42	0
39	24	0
35	41	0
37	40	0
88	75	0
15	20	0
71	20	0
83	5	0
9	54	0
35	86	0
78	76	0
79	1	0
3	66	0
93	45	0
59	97	0
10	13	0
69	2	0
60	59	0
38	58	0
58	48	0
23	36	0
47	40	0
76	80	0
64	52	0
39	29	0
70	72	0
22	48	0
21	81	0
78	86	0
44	15	0
2	80	0
75	18	0
83	21	0
71	44	0
18	63	0
69	16	0
20	26	0
57	45	0
13	96	0
67	49	0
54	8	0
87	51	0
42	27	0
27	74	0
45	2	0
78	35	0
6	3	0
62	92	0
8	90	0
28	36	0
53	72	0
56	32	0
10	96	0
13	49	0
17	39	0
55	17	0
95	37	0
74	21	0
88	98	0
32	63	0
17	24	0
40	19	0
43	29	0
92	14	0
56	60	0
80	79	0
31	36	0
65	96	0
74	56	0
39	77	0
77	1	0
72	41	0
79	15	0
65	21	0
44	23	0
31	33	0
96	7	0
63	23	0
5	74	0
97	5	0
95	85	0
5	94	0
8	30	1
91	65	0
43	48	0
36	2	0
92	85	0
81	59	0
23	99	0
66	28	0
74	37	0
90	61	0
9	20	1
86	72	0
32	79	0
77	78	0
28	99	0
94	70	0
31	45	0
24	86	0
96	86	0
32	32	0
31	34	0
69	73	0
69	96	0
49	74	0
14	12	1
47	80	0
61	61	0
38	58	0
33	72	0
88	21	0
12	93	0
84	49	0
24	75	0
38	62	0
46	79	0
88	33	0
27	31	0
22	50	0
4	15	0
63	40	0
99	70	0
59	22	0
80	91	0
70	93	0
31	40	0
49	16	0
28	46	0
18	78	0
33	29	0
52	69	0
69	95	0
33	28	0
74	85	0
53	34	0
39	12	0
70	37	0
23	75	0
47	10	0
7	59	0
96	83	0
58	98	0
44	55	0
76	12	0
47	68	0
45	57	0
94	58	0
92	0	0
2	68	0
74	5	0
85	81	0
69	28	0
34	0	0
27	67	0
78	76	0
33	85	0
55	77	0
85	16	0
15	76	0
57	16	0
56	74	0
64	94	0
30	92	0
95	11	0
91	18	0
69	9	0
43	92	0
11	89	0
0	89	0
78	57	0
76	64	0
83	65	0
9	43	0
83	49	0
64	50	0
8	21	0
80	69	0
67	63	0
15	44	0
15	65	0
38	26	0
41	38	0
11	58	0
58	56	0
45	47	0
98	42	0
76	32	0
79	3	0
76	36	0
45	91	0
16	16	0
25	46	0
71	44	0
99	86	0
72	72	0
99	73	0
20	48	0
54	75	0
55	45	0
28	62	0
82	40	0
8	28	1
21	64	0
38	22	0
79	65	0
71	98	0
50	55	0
26	59	0
35	5	0
86	66	0
21	78	0
51	31	0
85	80	0
92	79	0
16	90	0
44	57	0
14	78	0
77	79	0
40	55	0
54	60	0
38	82	0
73	69	0
32	31	0
18	65	0
93	77	0
76	59	0
99	62	0
34	82	0
57	80	0
68	29	0
27	24	0
88	27	0
39	30	0
97	1	0
19	84	0
20	21	0
2	16	0
37	97	0
90	68	0
21	41	0
93	59	0
14	97	0
16	64	0
33	0	0
94	91	0
24	24	0
2	85	0
72	99	0
39	60	0
79	65	0
21	77	0
91	24	0
26	25	0
34	81	0
29	75	0
40	18	0
21	39	0
14	32	0
99	71	0
90	14	0
51	12	0
73	8	0
91	49	0
28	9	0
45	29	0
94	36	0
7	54	0
47	88	0
10	54	0
18	80	0
72	56	0
47	95	0
65	51	0
74	82	0
34	25	0
90	70	0
34	66	0
91	44	0
12	76	0
67	43	0
28	66	0
70	30	0
4	27	1
62	38	0
89	79	0
86	88	0
84	94	0
27	83	0
20	45	0
45	50	0
48	64	0
39	31	0
26	9	0
38	62	0
7	48	0
65	0	0
75	85	0
88	53	0
97	6	0
11	51	0
6	1	0
79	96	0
5	83	0
52	21	0
56	33	0
76	13	0
20	2	0
52	15	0
18	39	0
4	34	1
55	13	0
54	6	0
4	24	1
29	83	0
55	20	0
31	98	0
79	0	0
32	45	0
50	64	0
66	18	0
90	61	0
62	71	0
44	62	0
53	99	0
84	91	0
13	13	0
95	55	0
16	62	0
84	68	0
56	83	0
16	37	0
14	60	0
98	45	0
27	80	0
93	97	0
67	84	0
42	10	0
44	61	0
73	56	0
42	90	0
81	50	0
94	74	0
77	25	0
12	63	0
7	65	0
83	95	0
69	37	0
57	63	0
58	7	0
20	21	0
68	69	0
33	38	0
16	62	0
31	50	0
50	49	0
35	11	0
61	29	0
5	89	0
25	44	0
12	58	0
5	58	0
81	59	0
25	19	0
64	19	0
95	24	0
80	0	0
58	65	0
1	69	0
59	27	0
35	33	0
14	14	1
16	17	0
75	69	0
69	21	0
39	44	0
48	78	0
53	83	0
13	95	0
19	64	0
49	84	0
27	39	0
78	96	0
53	39	0
31	78	0
14	8	0
57	20	0
8	47	0
59	52	0
70	13	0
29	74	0
85	62	0
57	52	0
52	43	0
43	23	0
0	67	0
77	67	0
74	53	0
41	31	0
76	64	0
74	71	0
74	45	0
61	12	0
91	75	0
82	24	0
3	72	0
70	69	0
7	27	1
13	27	1
25	1	0
45	27	0
7	2	0
12	52	0
17	80	0
32	92	0
28	45	0
98	32	0
10	48	0
59	95	0
15	84	0
99	66	0
45	63	0
4	22	1
83	42	0
24	2	0
60	21	0
53	7	0
15	2	0
26	84	0
49	61	0
86	74	0
65	44	0
16	9	0
27	28	0
56	7	0
9	26	1
2	73	0
72	4	0
41	70	0
58	31	0
69	98	0
12	38	0
11	91	0
91	51	0
25	18	0
90	77	0
64	57	0
65	37	0
47	31	0
96	26	0
87	61	0
12	58	0
2	93	0
32	52	0
1	88	0
7	91	0
92	23	0
30	49	0
2	98	0
56	7	0
65	5	0
45	50	0
24	20	0
65	45	0
40	23	0
19	79	0
23	33	0
55	6	0
7	39	0
94	51	0
90	3	0
57	52	0
35	1	0
41	27	0
12	93	0
58	74	0
32	66	0
16	3	0
39	23	0
9	87	0
0	77	0
69	51	0
90	43	0
53	37	0
15	80	0
23	32	0
91	82	0
67	25	0
44	76	0
63	95	0
17	12	0
8	87	0
69	16	0
55	75	0
33	38	0
94	69	0
31	76	0
94	27	0
85	15	0
98	16	0
81	86	0
43	58	0
17	85	0
82	14	0
38	6	0
66	80	0
66	74	0
18	41	0
67	46	0
62	77	0
80	22	0
94	47	0
11	67	0
60	42	0
26	31	0
91	27	0
62	41	0
68	16	0
90	94	0
79	70	0
52	70	0
77	37	0
57	70	0
5	96	0
36	3	0
6	95	0
18	79	0
66	63	0
73	94	0
84	11	0
95	98	0
78	0	0
9	8	0
93	74	0
67	8	0
98	34	0
74	61	0
50	45	0
17	65	0
64	93	0
60	74	0
0	45	0
7	45	0
37	96	0
0	82	0
59	6	0
38	47	0
13	69	0
40	34	0
14	25	1
2	42	0
96	54	0
54	32	0
3	45	0
25	90	0
78	62	0
1	6	0
89	89	0
21	83	0
62	49	0
41	53	0
89	42	0
61	38	0
1	7	0
10	10	0
2	53	0
23	58	0
97	75	0
61	46	0
96	68	0
12	54	0
78	58	0
19	78	0
1	2	0
74	79	0
0	16	1
28	71	0
37	10	0
29	23	0
7	74	0
31	92	0
5	4	0
76	37	0
56	61	0
81	64	0
84	81	0
42	88	0
30	27	0
2	65	0
9	11	0
37	69	0
47	48	0
54	51	0
82	15	0
