96	67	0
21	18	0
65	97	0
12	4	0
87	44	0
91	99	0
43	79	0
64	47	0
0	89	0
1	8	0
15	87	0
95	47	0
67	81	0
29	31	0
88	88	0
95	43	0
46	95	0
42	81	0
68	74	0
43	10	0
78	75	0
92	88	0
75	91	0
9	19	0
82	16	0
69	74	0
11	68	1
34	92	0
79	19	0
65	89	0
50	69	0
76	77	0
97	51	0
96	26	0
19	75	0
92	78	0
13	65	0
38	1	0
9	74	0
36	87	0
82	48	0
32	18	0
96	92	0
87	93	0
98	19	0
31	78	1
96	9	0
24	26	0
71	84	0
3	86	0
92	7	0
65	92	0
6	23	0
74	80	0
88	32	0
24	84	0
58	97	0
82	18	0
26	87	0
34	85	1
26	11	0
96	6	0
80	33	0
49	78	0
85	21	0
64	46	0
77	36	0
8	99	0
46	86	0
74	13	1
91	68	0
70	97	0
3	69	0
41	92	0
99	55	0
80	19	0
52	13	1
53	33	0
36	5	0
72	54	0
2	87	0
93	26	0
47	67	0
82	52	0
85	1	0
70	96	0
63	89	0
8	31	0
63	77	0
84	69	0
72	44	0
20	97	0
68	42	0
92	61	0
92	28	0
98	38	0
12	51	0
0	19	0
92	60	0
51	83	0
53	59	1
55	75	0
56	98	0
75	37	0
66	74	0
69	75	0
87	62	0
26	14	0
16	11	0
20	82	1
79	51	0
94	4	0
25	99	0
23	41	0
65	72	0
60	80	0
56	74	0
45	1	0
53	85	0
73	84	0
80	56	0
18	92	0
87	83	0
4	72	0
53	59	1
19	47	0
74	80	0
97	70	0
42	66	0
68	40	0
92	36	0
24	90	0
55	81	0
24	43	0
48	77	0
38	25	0
92	90	0
29	98	0
93	3	0
80	40	0
62	92	0
71	79	0
61	73	0
25	41	0
25	60	0
59	92	0
80	68	0
42	92	0
57	84	0
71	19	0
65	68	1
24	70	1
48	88	0
26	22	0
80	58	0
63	42	0
74	67	0
84	38	0
10	94	0
64	53	0
89	38	0
62	33	0
55	15	0
95	29	0
67	81	0
79	94	0
82	68	0
95	25	0
94	31	0
90	77	0
29	91	0
70	86	0
49	96	0
78	33	0
12	97	0
88	16	0
23	45	0
25	90	0
21	97	0
83	76	0
72	79	0
87	53	0
86	60	0
22	80	1
47	88	0
74	2	1
82	61	0
50	4	0
43	30	0
86	43	0
28	74	0
68	86	0
78	63	0
56	58	1
75	0	0
86	45	0
93	44	0
76	65	0
71	82	0
56	70	1
60	12	0
5	88	0
3	89	0
85	65	0
78	66	0
90	8	0
97	81	0
19	6	0
28	90	0
56	96	0
52	34	1
91	12	0
91	8	0
96	29	0
79	28	0
64	49	0
2	2	0
23	96	0
7	76	1
48	84	0
55	70	0
93	42	0
61	88	0
96	83	0
71	36	0
84	83	0
75	18	0
16	11	0
37	7	0
31	25	0
92	41	0
82	12	0
10	48	0
21	20	0
88	82	0
95	73	0
71	19	0
97	14	0
62	4	0
81	15	0
36	13	0
16	72	1
95	88	0
32	86	0
9	99	0
33	43	0
76	46	0
65	58	0
67	76	0
84	84	0
78	23	0
70	82	0
95	40	0
81	56	0
65	48	0
94	70	0
66	17	0
90	15	0
29	50	0
67	95	0
92	30	0
18	87	0
96	42	0
72	97	0
93	33	0
60	19	0
54	44	0
59	95	0
75	88	0
28	90	0
92	77	0
3	90	0
93	3	0
92	10	0
55	76	0
63	55	1
5	93	0
71	40	0
96	65	0
33	79	1
29	8	0
51	91	0
33	83	0
53	76	0
4	29	0
86	36	0
96	13	0
76	96	0
20	28	0
64	3	1
71	28	0
66	89	0
1	17	0
48	84	0
82	50	0
28	92	0
84	9	0
82	18	0
94	58	0
15	82	0
64	18	0
90	89	0
35	95	0
67	57	0
7	38	0
62	88	0
61	42	0
20	71	1
59	25	1
90	45	0
76	53	0
72	57	0
3	36	0
91	64	0
21	97	0
91	55	0
11	94	0
86	85	0
36	18	0
77	61	0
56	93	0
57	97	0
81	54	0
76	8	0
1	79	0
72	40	0
24	99	0
79	26	0
90	47	0
72	25	0
85	70	0
52	99	0
56	97	0
30	99	0
96	83	0
73	84	0
22	0	0
12	81	0
79	91	0
72	90	0
65	53	0
64	29	0
34	77	1
81	60	0
99	4	0
15	75	1
89	2	0
52	64	1
89	81	0
62	84	0
74	24	0
89	12	0
72	90	0
25	99	0
90	14	0
95	1	0
69	22	0
8	52	0
15	95	0
15	88	0
79	88	0
86	95	0
57	52	1
74	95	0
88	67	0
74	64	0
8	99	0
15	74	0
31	22	0
0	12	0
43	40	0
97	27	0
82	39	0
69	55	0
51	15	0
84	81	0
65	82	0
86	50	0
35	84	1
76	63	0
21	8	0
96	39	0
58	98	0
37	41	0
29	91	0
71	93	0
96	74	0
33	87	0
15	78	0
42	65	0
56	63	1
65	78	0
53	95	0
10	46	0
76	65	0
84	49	0
90	71	0
41	75	0
68	81	0
87	15	0
56	51	1
88	8	0
11	83	0
44	95	0
83	76	0
70	72	0
9	90	0
15	83	0
80	98	0
29	23	0
9	81	0
65	88	0
60	72	0
79	83	0
10	93	0
70	50	0
21	6	0
44	96	0
7	94	0
2	18	0
81	64	0
85	13	0
79	27	0
75	18	0
12	21	0
14	56	0
74	28	0
63	71	0
27	92	0
61	57	0
89	87	0
82	40	0
74	80	0
65	55	0
74	84	0
7	67	0
35	76	1
75	60	0
54	41	0
97	40	0
97	93	0
80	76	0
66	51	0
63	54	0
51	75	0
99	79	0
96	2	0
60	80	0
4	98	0
60	36	0
66	22	0
68	16	0
27	70	1
76	24	0
78	24	0
28	25	0
57	94	0
69	63	0
42	90	0
68	98	0
79	62	0
82	29	0
85	66	0
90	97	0
90	44	0
89	82	0
40	87	0
73	79	0
78	47	0
44	88	0
81	79	0
71	66	0
94	21	0
2	74	1
56	74	0
81	20	0
60	36	0
84	85	0
75	59	0
16	86	0
24	87	0
79	33	0
82	28	0
95	47	0
94	10	0
80	82	0
88	15	0
79	36	0
21	70	1
12	93	0
21	74	1
9	88	0
54	50	1
47	26	0
36	64	0
56	83	0
65	1	0
15	88	0
83	51	0
23	16	0
21	63	0
80	68	0
68	63	0
81	62	0
83	54	0
71	62	0
81	49	0
10	39	0
95	85	0
70	55	0
46	87	0
7	69	0
30	79	1
91	20	0
59	89	0
21	90	0
99	44	0
66	30	0
18	18	0
23	32	0
15	66	0
78	55	0
93	37	0
24	3	0
57	7	0
44	85	0
89	81	0
17	6	0
49	77	0
69	27	0
95	64	0
68	67	0
64	88	0
8	43	0
99	46	0
90	66	0
8	82	0
24	77	1
25	98	0
6	97	0
63	39	0
89	16	0
8	17	0
86	30	0
86	19	0
42	30	0
19	97	0
55	85	0
13	78	0
23	21	0
19	74	1
20	93	0
63	55	0
89	46	0
67	86	0
54	70	1
22	94	0
78	43	0
9	0	0
82	58	0
50	58	0
92	31	0
72	25	0
74	34	0
56	94	0
45	37	1
66	7	1
37	99	0
84	41	0
68	98	0
77	56	0
85	44	0
60	93	0
39	75	1
94	36	0
98	98	0
80	84	0
57	85	0
90	17	0
70	77	0
24	77	1
64	21	0
31	93	0
93	53	0
94	91	0
80	5	0
98	98	0
80	25	0
91	66	0
9	92	0
72	98	0
67	78	0
2	15	0
14	98	0
6	72	0
88	30	0
28	98	0
58	84	0
83	45	0
12	66	1
78	43	0
24	99	0
82	46	0
90	56	0
72	50	0
82	25	0
3	83	0
10	5	0
63	71	0
19	62	0
23	5	0
5	89	0
32	80	1
95	52	0
81	84	0
92	58	0
90	80	0
77	47	0
1	83	0
83	26	0
92	30	0
