92	65	0
33	0	0
35	36	0
62	98	0
17	8	0
99	40	0
98	88	0
50	10	0
56	77	0
57	22	0
89	51	0
3	86	0
13	0	0
25	82	0
94	25	0
75	77	0
54	38	0
17	55	0
88	58	0
95	9	0
47	94	0
59	67	0
70	87	0
52	6	0
31	78	0
48	14	0
87	72	0
65	89	0
89	76	0
0	32	0
53	15	0
40	19	0
92	31	0
25	55	0
82	67	0
15	89	0
32	96	0
91	21	0
77	85	0
43	6	0
29	68	0
88	66	0
94	70	0
54	62	0
99	46	0
7	80	0
65	2	0
98	65	0
15	68	0
73	13	0
14	78	0
64	91	0
32	72	0
98	73	0
44	38	0
32	24	0
89	84	0
97	98	0
98	6	0
18	97	0
99	12	0
32	5	0
70	76	0
36	5	0
8	95	0
89	9	0
34	78	0
64	92	0
41	60	0
3	32	0
70	88	0
14	61	0
95	30	0
28	85	0
57	96	0
65	33	0
32	98	0
61	97	0
4	20	0
97	8	0
93	24	0
47	68	0
83	39	0
91	57	0
48	16	0
33	7	0
67	50	0
10	98	0
49	2	0
50	76	0
44	2	0
56	34	0
81	34	0
32	63	0
76	43	0
4	58	0
79	92	0
0	87	0
36	98	0
94	57	0
67	12	0
38	72	0
39	64	0
66	4	0
67	50	0
4	66	0
32	6	0
9	39	0
35	43	0
62	79	0
44	44	0
13	98	0
80	15	0
43	89	0
76	67	0
99	8	0
74	90	0
50	77	0
39	21	0
61	97	0
93	71	0
78	64	0
19	94	0
64	28	0
31	13	0
18	43	1
75	11	0
10	58	0
97	67	0
97	18	0
78	43	0
41	47	0
59	5	0
79	70	0
22	19	0
35	28	0
99	60	0
39	39	0
62	80	0
62	83	0
47	26	0
43	44	0
61	36	0
12	45	0
28	45	1
19	53	0
81	91	0
47	58	0
36	99	0
75	44	0
77	66	0
54	69	0
87	63	0
21	21	0
57	51	0
16	11	0
14	73	0
34	64	0
92	36	0
39	45	0
88	10	0
43	88	0
54	24	0
41	48	0
78	76	0
29	71	0
53	69	0
41	83	0
39	46	0
36	15	0
60	17	0
39	84	0
25	63	0
78	79	0
90	63	0
33	97	0
95	71	0
24	46	0
24	73	0
51	72	0
52	52	0
26	16	0
78	84	0
93	77	0
53	65	0
60	34	0
0	48	0
58	3	0
77	51	0
63	23	0
78	20	0
23	49	0
3	51	0
44	51	0
69	27	0
36	63	0
82	25	0
45	94	0
28	70	0
41	26	0
80	79	0
42	55	0
36	6	0
25	82	0
56	4	0
90	84	0
53	92	0
92	4	0
8	77	0
17	68	0
94	26	0
47	84	0
27	37	0
60	69	0
55	61	0
43	62	0
18	71	0
24	59	0
69	0	0
11	60	0
62	80	0
95	42	0
39	89	0
81	62	0
71	17	0
50	66	0
20	86	0
34	99	0
46	30	0
72	34	0
84	55	0
66	43	0
67	64	0
7	38	0
55	18	0
14	89	0
58	53	0
71	37	0
69	28	0
53	9	0
13	50	0
90	21	0
35	11	0
63	68	0
60	79	0
69	44	0
94	40	0
96	1	0
2	44	0
97	77	0
24	98	0
95	82	0
29	93	0
63	29	0
73	28	0
16	84	0
80	26	0
33	65	0
24	77	0
47	7	0
28	99	0
74	92	0
72	87	0
88	49	0
97	69	0
18	96	0
34	74	0
72	3	0
74	46	0
31	25	0
33	2	0
52	13	0
53	54	0
81	47	0
34	51	0
34	45	0
37	68	0
72	90	0
89	63	0
60	82	0
83	6	0
89	43	0
65	11	0
19	37	0
75	39	0
76	52	0
74	68	0
11	41	0
36	63	0
66	18	0
17	89	0
32	83	0
22	75	0
84	70	0
52	15	0
32	3	0
32	54	0
81	75	0
61	8	0
77	93	0
17	3	0
50	97	0
7	71	0
45	97	0
43	38	0
2	52	0
70	35	0
73	11	0
53	13	0
83	10	0
42	59	0
11	58	0
70	24	0
85	62	0
5	8	0
3	67	0
34	93	0
9	87	0
42	96	0
55	68	0
58	43	0
71	5	0
46	80	0
43	65	0
84	99	0
35	31	0
8	54	0
24	45	0
62	46	0
72	80	0
30	24	0
81	31	0
31	5	0
50	6	0
53	18	0
38	46	0
78	64	0
72	12	0
9	44	0
37	15	0
49	61	0
38	33	0
28	48	0
91	76	0
76	55	0
14	45	0
64	36	0
91	7	0
60	11	0
60	22	0
42	40	0
32	33	0
4	75	0
65	84	0
27	70	0
26	98	0
31	85	0
51	9	0
41	40	0
96	44	0
82	46	0
5	62	0
81	70	0
72	81	0
81	24	0
85	89	0
83	2	0
72	61	0
80	62	0
34	30	1
67	48	0
28	42	1
92	77	0
68	6	0
97	20	0
30	51	0
44	95	0
68	77	0
82	17	0
14	66	0
98	32	0
62	95	0
83	23	0
73	32	0
45	54	0
57	37	0
31	53	0
57	89	0
83	32	0
37	27	0
73	83	0
26	59	0
24	99	0
96	95	0
48	34	0
3	92	0
54	50	0
98	9	0
76	33	0
17	72	0
62	45	0
35	27	0
54	42	0
11	97	0
88	23	0
47	10	0
90	43	0
51	48	0
27	88	0
19	7	0
59	58	0
55	93	0
6	50	0
38	83	0
31	84	0
49	27	0
26	85	0
12	37	0
67	7	0
73	24	0
84	1	0
91	91	0
24	64	0
49	17	0
84	10	0
82	58	0
67	87	0
2	27	0
64	92	0
95	63	0
31	85	0
74	0	0
54	60	0
70	24	0
67	8	0
43	24	0
43	14	0
98	9	0
87	41	0
14	91	0
76	11	0
90	95	0
23	91	0
98	66	0
44	47	0
14	25	0
79	99	0
64	40	0
6	95	0
69	33	0
81	40	0
73	45	0
85	68	0
23	59	0
88	61	0
35	94	0
89	76	0
30	92	0
92	83	0
46	31	0
59	69	0
60	94	0
42	69	0
59	96	0
71	51	0
35	56	0
42	66	0
89	5	0
6	91	0
99	52	0
24	87	0
46	73	0
48	76	0
86	45	0
34	53	0
44	19	0
86	58	0
62	14	0
85	93	0
49	91	0
48	45	0
54	17	0
33	41	0
53	89	0
43	18	0
38	66	0
85	69	0
41	10	0
96	92	0
66	5	0
4	13	0
45	35	0
19	67	0
43	3	0
13	72	0
93	83	0
63	77	0
63	43	0
61	5	0
44	68	0
40	56	0
91	57	0
87	9	0
6	70	0
81	7	0
51	72	0
55	28	0
37	17	0
30	63	0
83	78	0
33	71	0
39	80	0
73	35	0
15	47	0
71	33	0
42	60	0
64	92	0
27	99	0
92	11	0
99	24	0
70	13	0
23	80	0
29	99	0
27	88	0
71	45	0
77	78	0
78	90	0
6	37	0
70	39	0
72	79	0
73	63	0
61	76	0
13	79	0
18	71	0
34	17	0
52	17	0
9	37	0
43	52	0
32	50	0
86	31	0
88	41	0
79	8	0
71	48	0
50	53	0
23	51	0
47	30	0
89	80	0
51	97	0
84	58	0
37	62	0
36	93	0
80	55	0
29	53	0
80	23	0
28	41	1
29	11	0
95	52	0
75	95	0
54	49	0
7	48	0
47	8	0
53	56	0
41	85	0
31	26	1
80	87	0
95	59	0
6	82	0
70	43	0
10	55	0
69	51	0
39	66	0
52	51	0
39	80	0
64	67	0
4	57	0
69	63	0
69	45	0
82	52	0
37	68	0
65	83	0
46	6	0
92	23	0
56	41	0
92	3	0
14	84	0
30	42	1
37	78	0
84	66	0
21	50	0
79	73	0
14	94	0
14	82	0
84	88	0
48	34	0
0	65	0
70	97	0
49	66	0
93	64	0
23	98	0
92	34	0
16	7	0
36	73	0
26	80	0
33	14	0
15	48	0
12	20	0
84	72	0
99	17	0
56	10	0
72	39	0
89	21	0
26	6	0
30	68	0
87	31	0
4	66	0
52	85	0
1	52	0
28	79	0
76	56	0
55	98	0
75	51	0
64	83	0
67	63	0
46	53	0
76	75	0
6	79	0
52	37	0
25	81	0
85	50	0
73	27	0
96	67	0
98	95	0
90	84	0
43	75	0
71	37	0
56	62	0
32	23	0
32	15	0
32	69	0
6	44	0
66	8	0
62	77	0
81	81	0
94	3	0
17	48	0
60	85	0
19	89	0
55	7	0
59	36	0
64	24	0
51	23	0
40	15	0
77	8	0
36	97	0
72	19	0
34	97	0
99	19	0
18	46	1
42	61	0
69	38	0
80	99	0
74	69	0
39	69	0
62	96	0
84	62	0
92	46	0
13	58	0
87	77	0
79	96	0
14	67	0
98	41	0
28	67	0
97	83	0
48	91	0
29	19	0
73	70	0
91	51	0
53	76	0
69	79	0
94	64	0
72	42	0
25	58	0
0	59	0
64	79	0
71	29	0
53	47	0
52	7	0
35	24	0
93	74	0
17	58	0
31	40	1
66	29	0
44	3	0
54	18	0
12	90	0
11	61	0
8	75	0
68	48	0
92	20	0
86	35	0
92	2	0
64	92	0
7	57	0
64	30	0
54	49	0
40	84	0
97	21	0
61	58	0
29	84	0
19	88	0
42	69	0
30	93	0
29	7	0
69	74	0
45	20	0
39	74	0
46	44	0
5	40	0
74	63	0
66	13	0
33	84	0
98	55	0
26	52	0
19	33	0
15	67	0
80	60	0
71	58	0
43	47	0
90	67	0
98	65	0
58	46	0
67	18	0
78	64	0
78	29	0
9	47	0
82	82	0
53	35	0
14	69	0
4	89	0
30	93	0
28	56	0
89	23	0
2	52	0
55	92	0
3	88	0
84	63	0
46	36	0
90	33	0
15	15	0
38	34	0
71	16	0
32	79	0
47	51	0
96	63	0
89	33	0
5	2	0
0	42	0
53	12	0
0	49	0
77	5	0
55	75	0
30	30	0
90	89	0
1	13	0
39	98	0
96	43	0
40	3	0
89	93	0
50	61	0
64	59	0
33	35	0
93	34	0
90	87	0
10	61	0
7	75	0
9	49	0
20	75	0
14	82	0
65	25	0
34	58	0
20	88	0
37	19	0
63	17	0
37	64	0
61	49	0
47	11	0
35	70	0
34	27	1
93	16	0
0	35	0
76	41	0
94	14	0
46	53	0
33	21	0
50	2	0
19	97	0
44	69	0
43	66	0
26	13	0
22	97	0
15	79	0
67	47	0
94	36	0
27	33	1
27	69	0
90	99	0
55	27	0
68	69	0
58	90	0
10	91	0
86	40	0
51	57	0
15	27	0
90	69	0
52	51	0
98	14	0
67	10	0
84	25	0
62	92	0
51	48	0
43	41	0
65	23	0
45	4	0
49	87	0
52	76	0
19	58	0
79	35	0
53	93	0
88	34	0
92	55	0
36	80	0
34	64	0
89	26	0
49	48	0
69	12	0
98	97	0
72	72	0
46	76	0
70	45	0
73	88	0
9	74	0
50	15	0
10	93	0
9	64	0
50	65	0
73	82	0
69	13	0
98	91	0
93	10	0
97	93	0
62	5	0
81	28	0
70	65	0
60	36	0
20	78	0
44	86	0
67	85	0
29	44	1
8	32	0
21	85	0
9	78	0
42	15	0
40	49	0
17	55	0
37	49	1
0	52	0
90	44	0
45	22	0
11	66	0
34	84	0
62	93	0
95	46	0
6	66	0
74	34	0
38	69	0
83	47	0
68	32	0
6	49	0
27	54	0
91	41	0
66	57	0
81	51	0
8	65	0
68	51	0
3	81	0
2	1	0
88	68	0
8	60	0
27	4	0
36	27	0
3	98	0
17	79	0
90	45	0
76	72	0
85	58	0
82	78	0
50	67	0
62	37	0
5	71	0
42	69	0
32	58	0
69	45	0
88	9	0
