91	66	0
49	11	0
44	15	0
52	99	0
6	23	0
95	33	0
97	83	0
45	11	0
75	83	0
43	35	0
83	37	0
3	86	0
22	12	0
21	64	0
99	13	0
96	80	0
65	23	0
30	50	0
96	68	0
94	6	0
44	78	0
71	84	0
72	99	0
73	1	0
39	92	0
56	0	0
76	79	0
71	94	0
97	57	0
6	38	0
38	39	0
44	27	0
86	28	0
42	49	0
87	67	0
14	91	0
59	83	0
95	26	0
78	93	0
51	0	0
19	48	0
78	52	0
96	59	0
57	72	0
98	42	0
10	84	0
28	48	0
55	12	0
90	49	0
17	64	0
59	15	0
28	90	0
50	88	0
32	62	0
95	67	0
39	27	0
41	48	0
80	74	0
99	90	0
83	14	0
9	92	0
95	7	0
46	3	0
79	76	0
43	21	0
20	81	0
77	10	0
37	77	0
86	81	0
64	64	0
15	27	0
78	87	0
25	41	0
13	44	0
90	41	0
8	38	0
38	74	0
51	82	0
74	25	0
43	99	0
64	99	0
4	5	0
10	10	0
95	19	0
99	14	0
34	52	0
83	45	0
22	26	0
80	57	0
30	49	0
33	12	0
36	5	0
68	39	0
16	88	0
72	9	0
49	74	0
41	11	0
42	27	0
93	38	0
39	74	0
74	48	0
17	63	0
72	95	0
4	77	0
45	79	0
87	45	0
59	5	0
43	68	0
14	62	0
56	5	0
64	57	0
16	61	0
41	4	0
40	65	0
27	35	0
91	80	0
54	44	0
0	2	0
29	95	0
79	6	0
69	66	0
14	33	0
85	81	0
94	13	0
68	68	0
54	82	0
28	14	0
55	96	0
77	77	0
78	53	0
35	97	0
68	29	0
34	22	0
25	36	0
85	6	0
4	73	0
96	72	0
97	11	0
87	30	0
44	56	0
57	18	0
87	86	0
6	13	0
37	14	0
85	79	0
34	44	0
88	75	0
79	85	0
56	19	0
45	32	0
52	60	0
9	47	0
28	75	0
18	60	0
80	75	0
40	53	0
49	97	0
80	55	0
75	75	0
51	82	0
21	44	0
85	78	0
3	32	0
41	45	0
20	15	0
17	77	0
39	76	0
96	33	0
31	30	0
80	14	0
37	78	0
60	28	0
51	36	0
77	85	0
27	53	0
71	75	0
39	89	0
33	56	0
37	14	0
64	14	0
37	86	0
16	74	0
71	85	0
88	54	0
16	91	0
22	32	0
98	65	0
29	58	0
23	87	0
46	95	0
49	50	0
33	8	0
18	39	0
73	85	0
83	94	0
60	87	0
73	22	0
7	68	0
58	1	0
74	11	0
65	23	0
79	20	0
24	59	0
3	68	0
52	59	0
79	33	0
30	74	0
89	25	0
46	90	0
33	66	0
28	15	0
75	74	0
29	62	0
40	12	0
8	93	0
69	13	0
98	82	0
86	91	0
91	21	0
0	82	0
15	72	0
95	46	0
50	77	0
36	46	0
53	71	0
54	72	0
45	55	0
6	78	0
28	61	0
68	10	0
0	68	0
73	98	0
74	46	0
42	87	0
89	59	0
46	14	0
41	63	0
22	81	0
39	88	0
57	36	0
64	31	0
21	30	0
98	64	0
74	47	0
86	55	0
7	79	0
60	18	0
14	87	0
70	65	0
56	44	0
58	53	0
55	16	0
4	51	0
82	44	0
54	6	0
78	61	0
50	87	0
68	46	0
96	38	0
96	3	0
1	61	0
82	71	0
18	99	0
97	65	0
45	87	0
62	32	0
45	0	0
22	92	0
71	35	0
39	58	0
46	79	0
46	10	0
22	96	0
71	91	0
88	80	0
68	29	0
90	71	0
5	88	0
50	41	0
51	5	0
67	23	0
32	13	0
35	3	0
54	7	0
54	51	0
71	34	0
34	56	0
28	48	0
50	61	0
72	82	0
86	83	0
60	84	0
89	16	0
90	56	0
79	4	0
12	52	0
27	6	0
87	38	0
60	23	0
74	72	0
2	38	0
47	71	0
51	26	0
27	97	0
32	92	0
22	70	0
96	67	0
38	29	0
38	4	0
27	57	0
88	54	0
74	23	0
73	88	0
24	13	0
66	91	0
9	73	0
46	84	0
36	38	0
2	57	0
76	8	0
23	31	0
89	13	0
41	16	0
10	5	1
87	7	0
36	49	0
17	48	0
85	27	0
95	59	0
4	30	0
33	27	0
5	64	0
33	86	0
16	86	0
3	9	0
40	87	0
50	69	0
48	37	0
63	26	0
42	91	0
35	67	0
89	95	0
46	32	0
18	46	0
28	38	0
59	71	0
83	93	0
50	19	0
87	5	0
32	2	0
56	6	0
59	10	0
22	43	0
81	57	0
68	3	0
15	35	0
52	10	0
55	52	0
48	51	0
23	67	0
85	85	0
74	53	0
18	53	0
49	33	0
20	6	1
97	7	0
52	7	0
62	18	0
56	43	0
26	33	0
5	70	0
68	76	0
18	79	0
35	92	0
24	94	0
51	27	0
40	43	0
92	56	0
70	45	0
9	82	0
80	81	0
58	89	0
17	30	1
75	17	0
56	97	0
73	3	0
88	60	0
87	49	0
41	20	0
42	41	0
33	47	0
89	77	0
8	10	0
76	24	0
93	3	0
16	42	0
30	99	0
70	73	0
85	3	0
2	58	0
96	33	0
47	97	0
72	9	0
62	50	0
45	52	0
42	41	0
32	37	0
49	36	0
73	83	0
76	45	0
37	34	0
80	72	0
23	56	0
16	91	0
85	90	0
40	34	0
1	79	0
65	19	0
89	12	0
79	42	0
15	60	0
65	42	0
35	36	0
52	41	0
4	98	0
70	28	0
56	13	0
85	55	0
43	25	0
29	84	0
22	4	0
80	50	0
9	1	1
73	97	0
4	84	0
37	55	0
52	76	0
57	31	0
20	98	0
18	44	0
27	43	0
59	15	0
92	27	0
84	21	0
85	92	0
19	62	0
31	19	0
29	31	0
78	22	0
54	62	0
74	97	0
21	40	0
70	99	0
89	69	0
33	72	0
75	6	0
73	39	0
83	17	0
72	9	0
43	17	0
42	36	0
96	1	0
78	29	0
0	68	0
86	15	0
97	99	0
8	96	0
90	54	0
55	49	0
27	13	0
92	84	0
67	56	0
18	98	0
69	34	0
80	45	0
84	54	0
85	64	0
28	69	0
78	75	0
40	93	0
80	72	0
29	34	0
29	98	0
98	82	0
32	33	0
29	42	0
68	75	0
60	89	0
47	61	0
58	98	0
59	54	0
39	65	0
34	65	0
80	22	0
20	91	0
84	54	0
25	90	0
40	64	0
41	72	0
87	30	0
28	28	0
21	50	0
55	31	0
95	69	0
69	11	0
88	97	0
71	95	0
39	49	0
63	5	0
28	44	0
39	89	0
41	33	0
52	67	0
64	79	0
34	21	0
80	97	0
46	25	0
32	17	0
67	37	0
30	81	0
40	16	0
5	59	0
89	80	0
60	96	0
51	43	0
84	10	0
45	76	0
39	52	0
94	59	0
85	0	0
5	72	0
71	3	0
71	73	0
74	32	0
36	12	0
29	73	0
85	81	0
30	72	0
54	83	0
74	19	0
12	67	0
66	18	0
45	60	0
60	97	0
32	95	0
88	7	0
92	18	0
60	13	0
40	91	0
11	88	0
7	90	0
73	45	0
69	63	0
80	71	0
15	49	0
82	36	0
71	65	0
87	74	0
57	64	0
17	60	0
24	66	0
34	23	0
44	31	0
2	43	0
50	62	0
41	46	0
95	35	0
81	38	0
72	4	0
78	36	0
56	72	0
15	52	0
59	29	0
89	77	0
62	82	0
94	74	0
19	55	0
57	71	0
66	47	0
26	52	0
89	32	0
18	53	0
39	24	0
84	48	0
79	95	0
61	55	0
17	67	0
44	6	0
58	72	0
31	87	0
43	27	0
79	80	0
95	72	0
20	96	0
52	75	0
10	74	0
74	60	0
31	50	0
49	61	0
36	76	0
62	73	0
25	28	0
16	61	0
92	82	0
80	54	0
98	56	0
25	60	0
53	86	0
63	27	0
91	27	0
42	45	0
96	12	0
17	87	0
27	31	0
32	83	0
90	55	0
23	42	0
91	67	0
19	95	0
7	73	0
21	6	1
89	87	0
38	27	0
4	71	0
76	93	0
47	62	0
84	67	0
28	93	0
98	37	0
29	14	0
34	83	0
31	69	0
37	19	0
23	43	0
3	16	0
81	70	0
93	8	0
58	8	0
75	13	0
95	44	0
29	8	0
38	46	0
96	42	0
8	55	0
54	81	0
0	51	0
15	73	0
78	55	0
48	95	0
73	49	0
73	82	0
33	33	0
76	63	0
38	56	0
84	46	0
14	73	0
52	37	0
33	69	0
71	33	0
56	34	0
99	81	0
98	97	0
88	80	0
26	76	0
16	31	0
57	50	0
46	75	0
32	16	0
22	0	0
34	71	0
10	39	0
63	3	0
70	85	0
77	66	0
92	20	0
9	45	0
70	90	0
5	94	0
54	9	0
62	50	0
70	14	0
41	19	0
22	35	0
44	16	0
73	2	0
44	87	0
54	32	0
29	87	0
77	8	0
31	45	0
52	67	0
74	21	0
91	74	0
59	76	0
34	68	0
51	86	0
79	88	0
84	54	0
16	69	0
77	72	0
63	95	0
16	38	0
19	52	0
95	33	0
32	92	0
97	86	0
69	81	0
49	2	0
56	46	0
92	56	0
61	84	0
82	51	0
95	77	0
82	29	0
11	66	0
1	55	0
70	84	0
77	39	0
49	62	0
59	9	0
33	13	0
78	74	0
28	33	0
13	61	0
43	51	0
53	38	0
35	13	0
52	30	0
13	86	0
24	40	0
8	61	0
11	72	0
76	52	0
17	18	0
60	8	0
98	22	0
82	3	0
54	79	0
10	58	0
60	27	0
44	33	0
64	82	0
88	12	0
37	49	0
53	62	0
51	80	0
19	93	0
31	63	0
42	86	0
25	32	0
79	85	0
48	50	0
38	83	0
60	29	0
12	50	0
61	64	0
59	25	0
29	70	0
79	39	0
51	45	0
46	44	0
34	16	0
6	61	0
78	64	0
73	60	0
42	40	0
85	61	0
85	70	0
78	27	0
60	6	0
90	78	0
82	10	0
2	69	0
70	76	0
32	18	0
63	39	0
16	5	1
13	65	0
12	86	0
37	90	0
27	53	0
94	31	0
20	53	0
54	99	0
19	82	0
98	73	0
54	62	0
85	41	0
18	3	0
53	22	0
58	10	0
5	6	1
13	79	0
61	61	0
86	61	0
69	50	0
16	0	0
30	41	0
66	9	0
4	81	0
77	4	0
44	70	0
46	22	0
75	99	0
7	37	0
13	90	0
99	56	0
30	11	0
97	76	0
60	64	0
74	48	0
53	28	0
90	27	0
89	74	0
13	70	0
0	81	0
20	55	0
11	90	0
0	83	0
82	23	0
38	45	0
0	94	0
48	11	0
61	3	0
36	49	0
69	43	0
46	18	0
27	68	0
30	30	0
82	14	0
14	40	0
86	52	0
90	6	0
65	60	0
27	10	0
51	15	0
12	99	0
59	80	0
36	70	0
37	16	0
3	81	0
3	92	0
64	55	0
92	37	0
41	29	0
33	77	0
25	23	1
98	92	0
55	29	0
56	73	0
63	94	0
6	84	0
67	26	0
57	61	0
24	36	0
96	71	0
45	69	0
99	23	0
72	16	0
91	22	0
78	86	0
46	61	0
34	84	0
82	18	0
26	7	0
60	92	0
74	72	0
18	49	0
71	42	0
76	88	0
87	10	0
94	54	0
24	73	0
60	50	0
22	28	0
88	18	0
38	47	0
59	1	0
95	94	0
81	70	0
47	74	0
76	29	0
76	74	0
7	87	0
46	7	0
12	89	0
7	67	0
69	67	0
68	97	0
78	6	0
93	94	0
81	7	0
78	76	0
60	5	0
86	33	0
82	49	0
54	32	0
14	76	0
53	87	0
61	81	0
17	53	0
2	39	0
37	98	0
8	67	0
45	0	0
33	52	0
12	59	0
41	28	0
1	44	0
96	51	0
53	18	0
9	46	0
27	85	0
75	68	0
1	0	0
89	69	0
17	70	0
60	46	0
31	61	0
95	46	0
53	40	0
0	10	0
3	52	0
19	62	0
96	68	0
69	50	0
98	59	0
4	53	0
67	58	0
11	75	0
0	18	0
85	55	0
27	61	0
40	13	0
36	31	0
8	80	0
33	89	0
3	6	0
80	43	0
76	57	0
79	61	0
75	80	0
40	83	0
48	20	0
0	73	0
49	70	0
43	47	0
56	54	0
85	9	0
