83	67	0
32	29	0
59	96	1
15	11	0
92	43	0
90	90	0
69	44	0
4	80	0
0	6	0
15	89	0
79	38	0
73	77	0
34	33	0
65	74	0
90	52	0
64	71	0
41	36	0
93	83	0
99	81	0
74	88	0
7	24	0
73	74	0
77	31	0
56	78	1
50	70	0
66	84	0
95	53	0
95	30	0
87	76	0
41	1	0
78	29	0
32	18	0
96	67	0
89	72	0
92	9	0
25	38	0
63	80	0
4	86	0
60	96	1
19	32	0
72	75	0
92	43	0
52	85	0
2	23	0
87	12	0
65	32	0
51	41	0
80	39	0
84	69	0
54	99	1
17	60	0
98	55	0
45	35	0
35	7	0
59	59	0
7	88	0
95	17	0
41	67	0
88	60	0
96	8	0
73	88	0
68	77	0
9	22	0
71	84	0
88	64	0
80	43	0
57	44	0
83	45	0
84	37	0
91	39	0
22	59	0
15	19	0
87	70	0
57	95	1
37	83	0
55	96	1
81	51	0
59	65	0
82	76	0
79	73	0
30	13	0
12	15	0
84	66	0
91	4	0
16	50	0
77	80	0
59	77	0
60	82	0
49	14	0
77	86	0
76	54	0
9	85	0
92	97	0
4	96	0
14	61	0
95	87	0
98	72	0
53	84	0
68	52	0
91	33	0
55	57	0
15	54	0
56	17	0
86	88	0
75	5	0
83	42	0
84	92	0
59	69	0
74	80	0
16	23	0
73	94	0
59	99	1
30	82	0
30	35	0
56	36	0
63	81	0
67	41	0
12	97	1
92	28	0
51	25	0
70	66	0
69	94	0
88	67	0
97	25	0
91	87	0
73	77	0
51	76	0
11	72	1
11	49	0
73	71	0
73	75	0
87	58	0
93	51	0
90	67	0
59	15	0
39	32	0
75	58	0
30	81	0
59	91	1
84	76	0
98	49	0
95	27	0
68	60	1
58	96	0
65	16	0
2	93	0
6	96	1
97	61	0
88	75	0
13	20	0
92	15	0
91	21	0
85	20	1
85	30	0
13	14	0
33	79	0
57	94	1
88	44	0
69	92	0
91	81	0
69	35	0
56	86	0
0	7	0
33	14	0
50	30	0
70	38	0
1	55	0
40	5	0
94	78	0
95	52	0
95	11	1
61	0	0
36	6	0
98	84	0
27	72	0
8	96	1
34	32	0
64	51	0
76	67	0
54	76	0
81	75	0
74	30	0
75	82	0
86	34	0
91	75	0
48	34	0
97	71	0
63	10	0
36	60	0
77	94	0
92	47	0
85	44	0
77	86	0
91	40	0
38	54	0
51	93	1
71	89	0
22	72	0
85	82	0
0	91	0
86	34	0
94	62	0
38	7	0
45	49	0
17	17	0
91	35	0
60	87	0
17	26	0
78	35	0
74	78	0
21	37	0
82	44	0
82	5	0
94	67	0
66	23	0
98	90	0
22	36	0
74	56	0
87	40	0
62	54	0
3	55	0
98	71	0
96	59	0
15	84	0
72	86	0
44	16	0
72	59	1
56	97	1
71	95	0
95	42	0
60	9	0
71	43	0
75	33	0
90	58	0
68	31	1
90	78	0
93	86	0
82	96	0
11	12	0
2	79	0
82	90	0
64	92	0
53	14	0
81	51	0
97	5	0
94	80	0
57	73	0
60	73	0
98	4	0
86	36	0
9	45	0
2	96	0
88	88	0
95	94	0
88	93	0
79	63	0
71	81	0
11	84	0
27	25	0
3	16	0
44	38	0
82	41	0
57	56	0
63	6	0
77	88	0
78	74	0
82	46	0
70	60	1
29	15	0
96	46	0
69	92	0
59	33	0
62	83	0
92	65	0
8	57	0
52	78	0
55	80	1
0	44	0
71	79	0
98	41	0
91	66	0
46	92	1
89	32	0
91	6	1
99	67	0
64	71	0
6	94	0
83	92	0
15	22	0
12	86	0
65	73	0
65	61	0
92	97	0
0	81	0
81	56	0
11	2	0
10	89	0
8	15	0
91	56	0
13	25	0
4	36	0
79	31	0
69	76	0
93	78	0
84	47	0
81	79	0
69	83	0
4	79	0
97	63	0
62	26	0
95	35	0
75	87	0
75	73	0
40	86	0
93	76	0
37	74	0
2	97	0
75	41	0
30	36	0
61	88	0
34	71	0
65	95	0
89	53	0
85	28	0
69	69	0
99	79	0
92	48	0
96	97	0
89	69	0
67	24	0
79	79	0
82	66	0
97	28	0
49	64	0
66	31	0
85	88	0
86	63	0
25	76	0
87	36	0
86	41	0
85	40	0
99	80	0
79	52	0
0	87	0
18	98	1
35	28	0
25	68	0
65	8	0
4	94	0
80	44	0
8	11	0
16	52	0
60	67	0
69	81	0
76	53	0
69	41	0
78	71	1
77	43	0
12	39	0
92	78	0
57	93	1
83	16	0
12	85	0
98	50	0
55	23	1
24	14	0
25	36	0
68	48	0
97	34	0
15	2	0
40	1	0
54	63	0
95	85	0
27	1	0
56	0	0
87	82	0
58	82	0
23	51	0
91	47	0
83	65	0
11	95	0
4	95	0
45	34	0
97	38	0
20	32	0
85	33	0
80	9	0
35	35	0
55	81	1
22	39	0
82	39	0
63	93	0
79	40	0
13	10	0
90	54	0
81	43	0
83	24	1
60	97	1
76	44	0
51	96	0
58	50	0
71	43	0
47	92	1
86	47	0
98	94	0
90	86	0
70	71	0
76	29	0
94	46	0
90	97	0
93	96	0
81	25	1
84	67	0
83	94	0
54	78	0
0	17	0
31	92	0
86	35	0
79	28	0
81	48	0
74	49	0
93	62	0
90	37	0
14	77	0
9	7	0
50	83	0
28	73	0
37	2	0
7	79	0
93	44	0
93	81	0
81	50	0
94	93	0
99	39	0
