0	22	1
95	60	0
55	13	0
45	22	0
50	92	0
2	44	0
87	33	0
94	73	0
7	12	0
46	14	0
66	89	0
44	38	0
71	46	0
1	93	0
31	10	0
16	55	0
97	3	0
82	80	0
68	32	0
33	58	0
99	54	0
97	0	0
43	79	0
71	79	0
82	89	0
77	2	0
21	95	0
63	15	0
73	72	0
69	89	0
96	59	0
3	42	0
30	25	0
46	16	0
79	16	0
51	48	0
86	78	0
11	98	0
70	68	0
94	18	0
81	96	0
42	15	0
34	60	0
65	59	0
97	57	0
57	85	0
93	48	0
17	98	0
27	45	0
62	12	0
92	44	0
26	66	0
61	5	0
33	85	0
65	98	0
28	69	0
92	66	0
50	14	0
37	57	0
79	76	0
99	88	0
75	12	0
24	95	0
90	3	0
51	12	0
89	63	0
45	23	0
11	87	0
88	6	0
31	81	0
88	76	0
60	49	0
21	33	0
95	75	0
23	36	0
27	45	0
86	38	0
23	13	0
10	39	0
45	83	0
68	98	0
69	21	0
47	99	0
73	94	0
5	10	0
12	29	0
90	12	0
88	15	0
51	49	0
86	34	0
22	33	0
77	51	0
48	53	0
34	7	0
33	7	0
68	50	0
22	79	0
50	1	0
45	82	0
41	2	0
33	26	0
89	35	0
51	64	0
56	46	0
19	80	0
70	75	0
0	80	0
42	94	0
84	46	0
66	18	0
53	81	0
4	48	0
64	5	0
51	74	0
4	80	0
45	4	0
21	56	0
19	31	0
91	80	0
9	31	1
37	26	0
2	2	0
37	96	0
89	7	0
60	59	0
9	35	0
73	79	0
96	19	0
62	59	0
49	82	0
31	19	0
62	92	0
14	15	0
73	82	0
65	55	0
27	93	0
82	34	0
40	37	0
20	21	0
69	8	0
10	6	0
1	79	0
13	9	0
92	85	0
96	11	0
82	38	0
54	61	0
65	12	0
86	86	0
4	3	0
37	16	0
17	4	0
83	72	0
38	37	0
91	71	0
86	81	0
52	29	0
55	36	0
75	52	0
0	49	0
26	75	0
14	58	0
91	76	0
46	60	0
36	92	0
89	44	0
71	72	0
59	82	0
22	38	0
99	77	0
3	43	0
31	33	0
17	23	0
22	75	0
28	67	0
93	24	0
53	31	0
77	9	0
41	78	0
67	21	0
56	36	0
73	74	0
23	48	0
69	60	0
33	97	0
30	62	0
29	2	0
69	23	0
22	96	0
8	81	0
64	79	0
79	48	0
17	84	0
16	50	0
84	69	0
24	54	0
31	75	0
37	85	0
56	39	0
32	2	0
19	45	0
77	85	0
91	86	0
60	92	0
70	13	0
8	56	0
62	9	0
61	23	0
58	23	0
74	16	0
27	62	0
5	76	0
49	64	0
68	39	0
29	70	0
79	22	0
56	90	0
33	74	0
22	13	0
87	79	0
32	79	0
46	5	0
3	84	0
84	23	0
92	74	0
76	87	0
85	29	0
3	78	0
19	83	0
92	45	0
62	72	0
38	45	0
43	77	0
71	69	0
48	66	0
18	78	0
37	64	0
66	5	0
5	58	0
67	96	0
67	40	0
24	85	0
87	66	0
39	11	0
38	60	0
12	74	0
41	91	0
64	28	0
72	16	0
19	37	0
95	58	0
63	43	0
75	45	0
14	93	0
55	13	0
19	80	0
66	68	0
62	55	0
69	59	0
57	3	0
26	9	0
10	52	0
81	51	0
51	14	0
74	56	0
45	84	0
61	47	0
95	29	0
91	11	0
14	59	0
84	67	0
22	84	0
17	18	0
98	52	0
39	96	0
47	36	0
52	1	0
15	99	0
67	38	0
39	56	0
33	74	0
45	3	0
18	81	0
81	85	0
85	76	0
62	32	0
89	71	0
15	88	0
44	41	0
64	1	0
69	17	0
33	26	0
56	4	0
54	16	0
51	36	0
63	32	0
29	50	0
22	48	0
57	43	0
70	70	0
90	89	0
43	97	0
73	9	0
92	56	0
69	10	0
14	54	0
15	13	0
90	37	0
57	30	0
75	72	0
17	45	0
51	67	0
59	21	0
31	94	0
31	83	0
43	75	0
95	47	0
49	27	0
50	2	0
27	45	0
87	49	0
72	3	0
65	92	0
27	0	0
66	90	0
5	75	0
41	77	0
30	25	0
7	52	0
10	15	0
85	11	0
26	35	0
80	18	0
39	6	0
3	10	0
86	14	0
25	66	0
24	42	0
91	26	0
83	54	0
12	34	0
24	39	0
0	50	0
37	87	0
15	79	0
7	5	0
34	92	0
52	61	0
43	18	0
10	15	0
51	30	0
47	86	0
40	71	0
87	98	0
31	30	0
19	57	0
31	44	0
57	69	0
73	98	0
50	10	0
71	8	0
29	7	0
44	10	0
52	1	0
18	59	0
79	57	0
66	2	0
27	48	0
60	1	0
56	58	0
43	58	0
34	60	0
80	83	0
72	49	0
23	65	0
52	45	0
21	16	0
98	9	0
46	2	0
62	26	0
55	26	0
17	43	0
11	70	0
59	74	0
8	78	0
40	99	0
28	84	0
39	26	0
40	36	0
90	60	0
63	34	0
11	69	0
72	76	0
5	22	1
64	88	0
28	30	0
66	19	0
73	92	0
74	1	0
95	64	0
74	46	0
40	29	0
36	39	0
34	37	0
90	75	0
15	21	0
65	23	0
82	5	0
9	49	0
42	83	0
74	75	0
80	7	0
0	60	0
94	45	0
56	97	0
10	14	0
68	0	0
56	59	0
38	62	0
62	47	0
19	38	0
54	40	0
71	81	0
60	53	0
40	31	0
73	71	0
20	44	0
20	78	0
77	82	0
47	17	0
4	77	0
72	19	0
86	25	0
70	40	0
15	61	0
70	19	0
22	28	0
62	44	0
16	99	0
67	50	0
54	5	0
84	54	0
36	29	0
29	72	0
41	10	0
80	40	0
2	5	0
59	98	0
15	93	0
29	34	0
50	67	0
59	28	0
9	95	0
12	46	0
17	41	0
54	10	0
94	36	0
70	24	0
87	99	0
33	67	0
21	26	0
36	21	0
44	27	0
94	11	0
57	57	0
81	79	0
31	41	0
61	97	0
75	59	0
43	75	0
81	0	0
71	48	0
76	11	0
64	18	0
42	19	0
29	28	0
93	7	0
61	25	0
2	76	0
96	3	0
95	90	0
6	92	0
6	30	1
90	65	0
42	48	0
35	3	0
90	84	0
80	62	0
26	97	0
71	32	0
78	39	0
90	59	0
8	21	1
84	74	0
34	78	0
78	75	0
26	99	0
98	69	0
34	46	0
21	85	0
97	83	0
37	33	0
31	35	0
69	68	0
66	97	0
45	74	0
14	13	0
44	79	0
61	65	0
37	61	0
34	75	0
86	20	0
12	96	0
81	47	0
24	78	0
37	65	0
39	76	0
91	34	0
33	31	0
20	53	0
3	19	0
71	41	0
96	71	0
56	19	0
79	90	0
72	95	0
31	36	0
46	17	0
26	49	0
24	76	0
7	21	1
36	32	0
49	69	0
66	91	0
34	29	0
74	88	0
53	32	0
35	12	0
69	39	0
23	72	0
51	11	0
12	56	0
99	86	0
59	97	0
44	55	0
75	7	0
47	65	0
5	23	1
4	22	1
44	48	0
96	57	0
90	0	0
6	64	0
74	5	0
86	86	0
72	25	0
33	3	0
28	69	0
82	73	0
33	82	0
52	82	0
83	20	0
17	75	0
60	17	0
60	76	0
60	94	0
36	88	0
98	11	0
94	18	0
69	14	0
42	92	0
12	92	0
0	88	0
75	61	0
77	57	0
88	66	0
8	48	0
87	47	0
62	57	0
8	16	0
80	67	0
66	68	0
20	43	0
9	69	0
43	29	0
40	40	0
10	61	0
61	49	0
47	50	0
95	41	0
73	32	0
81	0	0
76	38	0
50	87	0
0	30	1
16	15	0
21	47	0
70	46	0
99	83	0
73	73	0
99	78	0
22	45	0
55	72	0
57	40	0
31	63	0
78	43	0
7	28	1
21	70	0
41	25	0
77	64	0
65	98	0
50	54	0
11	18	1
25	63	0
34	8	0
86	64	0
23	76	0
46	33	0
85	83	0
97	84	0
11	97	0
43	52	0
14	77	0
76	77	0
38	52	0
53	58	0
43	79	0
75	69	0
27	31	0
18	65	0
92	77	0
77	61	0
92	58	0
35	81	0
61	81	0
66	28	0
28	25	0
88	29	0
41	28	0
93	2	0
21	87	0
24	25	0
3	12	0
38	99	0
92	66	0
22	39	0
96	54	0
17	99	0
16	67	0
29	0	0
99	94	0
20	24	0
5	85	0
69	99	0
41	60	0
80	71	0
23	79	0
90	28	0
24	25	0
37	79	0
26	74	0
35	23	0
23	40	0
15	34	0
95	66	0
85	17	0
50	13	0
72	7	0
87	50	0
32	13	0
46	27	0
92	33	0
6	54	0
46	88	0
14	52	0
17	83	0
74	57	0
44	96	0
62	50	0
71	80	0
40	27	0
94	74	0
34	65	0
91	43	0
13	71	0
68	46	0
24	60	0
71	31	0
4	26	1
62	37	0
86	75	0
89	86	0
88	97	0
21	84	0
21	43	0
45	51	0
44	63	0
35	27	0
24	10	0
36	60	0
8	51	0
62	4	0
73	83	0
86	52	0
94	4	0
8	52	0
5	0	0
78	96	0
7	79	0
50	26	0
53	33	0
76	13	0
22	0	0
49	8	0
13	40	0
0	36	0
53	15	0
49	4	0
0	26	1
28	82	0
56	24	0
35	96	0
80	0	0
31	41	0
53	65	0
68	20	0
93	60	0
60	68	0
43	64	0
47	95	0
83	94	0
19	13	0
93	59	0
20	62	0
86	66	0
55	89	0
15	34	0
19	57	0
97	39	0
26	77	0
91	98	0
68	80	0
45	5	0
38	62	0
78	55	0
38	88	0
75	46	0
92	75	0
74	27	0
11	62	0
11	65	0
88	93	0
69	34	0
61	65	0
60	6	0
17	21	0
75	67	0
33	33	0
14	64	0
33	51	0
50	47	0
33	13	0
60	30	0
7	85	0
18	42	0
9	59	0
5	50	0
80	61	0
26	20	0
61	20	0
98	19	0
85	5	0
54	65	0
1	75	0
56	30	0
34	28	0
15	12	0
17	18	0
77	68	0
67	24	0
35	41	0
45	75	0
57	80	0
14	91	0
21	67	0
47	82	0
28	41	0
79	95	0
53	31	0
34	80	0
15	5	0
53	18	0
14	44	0
60	48	0
73	9	0
27	75	0
83	65	0
63	52	0
48	45	0
41	22	0
3	66	0
82	68	0
74	54	0
47	38	0
71	63	0
73	75	0
74	43	0
63	9	0
91	76	0
83	19	0
0	72	0
75	63	0
2	29	1
11	26	1
27	2	0
48	29	0
0	1	0
10	53	0
21	79	0
29	96	0
31	47	0
96	30	0
11	48	0
57	90	0
21	88	0
5	30	1
98	59	0
40	59	0
6	20	1
83	46	0
28	2	0
61	21	0
57	1	0
13	3	0
25	86	0
46	58	0
83	73	0
65	44	0
11	1	0
28	30	0
56	7	0
7	28	1
8	74	0
76	6	0
40	67	0
55	39	0
66	98	0
17	42	0
11	96	0
88	48	0
23	20	0
91	79	0
58	59	0
68	39	0
50	30	0
99	25	0
86	60	0
15	56	0
0	92	0
32	46	0
2	88	0
5	98	0
91	25	0
28	52	0
2	96	0
54	5	0
66	5	0
46	47	0
28	17	0
65	43	0
41	25	0
17	82	0
22	31	0
59	3	0
8	42	0
93	50	0
91	4	0
57	57	0
36	0	0
42	25	0
10	97	0
58	75	0
25	66	0
14	10	0
38	23	0
7	87	0
0	75	0
73	51	0
88	49	0
54	33	0
12	79	0
21	31	0
89	80	0
67	29	0
49	76	0
67	96	0
22	15	0
11	86	0
65	15	0
55	77	0
33	41	0
91	65	0
36	77	0
97	21	0
86	19	0
99	18	0
85	84	0
42	54	0
19	79	0
80	9	0
33	0	0
65	78	0
65	74	0
22	46	0
66	55	0
59	79	0
75	22	0
92	47	0
11	64	0
60	45	0
26	32	0
90	25	0
66	42	0
68	19	0
91	99	0
79	71	0
48	71	0
79	39	0
56	66	0
6	99	0
36	5	0
5	95	0
15	79	0
60	62	0
69	92	0
79	9	0
94	98	0
78	0	0
11	5	0
92	76	0
63	9	0
98	33	0
77	61	0
49	43	0
19	64	0
63	93	0
63	71	0
0	45	0
8	43	0
39	94	0
1	84	0
58	4	0
40	47	0
8	67	0
39	34	0
14	29	0
7	45	0
97	56	0
52	34	0
0	49	0
26	88	0
81	63	0
0	10	0
85	90	0
24	82	0
64	44	0
40	55	0
93	44	0
58	41	0
3	7	0
7	13	0
4	53	0
21	60	0
99	75	0
65	51	0
95	65	0
8	54	0
75	59	0
19	78	0
1	4	0
75	77	0
5	18	0
26	70	0
38	11	0
28	23	0
4	74	0
37	90	0
2	4	0
73	42	0
58	58	0
84	65	0
86	77	0
41	90	0
32	27	0
5	61	0
5	14	0
39	68	0
52	49	0
57	52	0
78	16	0
