94	64	0
50	17	0
42	21	0
45	89	0
3	43	0
87	31	0
97	79	0
8	6	0
44	15	0
70	92	0
45	38	0
76	43	0
2	90	0
25	2	0
18	58	0
96	4	0
87	79	0
67	29	0
29	65	0
96	62	0
98	2	0
40	72	0
70	79	0
79	81	0
75	0	0
25	94	0
56	13	0
77	76	0
67	92	0
97	56	0
0	41	0
29	31	0
45	22	0
82	19	0
44	51	0
90	72	0
6	91	0
65	71	0
92	14	0
83	97	0
41	16	0
26	56	0
68	54	0
96	58	0
60	88	0
95	50	0
18	98	0
34	44	0
60	13	0
90	42	0
22	64	0
59	10	0
34	88	0
59	92	0
28	64	0
98	69	0
56	20	0
38	60	0
88	74	0
99	94	0
80	12	0
23	94	0
88	3	0
52	9	0
91	67	0
40	29	0
14	86	0
90	8	0
33	81	0
90	73	0
58	52	0
22	28	0
94	78	0
23	43	0
28	51	0
90	36	0
25	17	0
16	42	0
39	83	0
61	97	0
71	23	0
41	95	0
66	96	0
5	8	0
16	26	0
94	12	0
94	14	0
46	50	0
81	41	0
18	30	0
76	51	0
45	51	0
29	10	0
30	4	0
70	48	0
23	83	0
55	1	0
45	82	0
40	1	0
33	32	0
85	42	0
49	63	0
60	47	0
22	78	0
66	74	0
6	78	0
51	89	0
87	49	0
69	17	0
55	78	0
0	53	0
62	9	0
52	71	0
8	76	0
48	0	0
26	54	0
21	31	0
92	80	0
9	29	1
45	28	0
5	2	0
35	97	0
89	5	0
62	64	0
15	38	0
78	75	0
94	15	0
65	68	0
55	86	0
34	18	0
58	99	0
19	17	0
74	82	0
66	51	0
30	93	0
74	32	0
40	33	0
18	25	0
76	4	0
10	5	0
1	78	0
15	12	1
96	81	0
91	7	0
85	41	0
48	56	0
65	9	0
84	93	0
6	2	0
38	16	0
12	11	0
80	77	0
39	40	0
88	75	0
85	83	0
55	27	0
55	36	0
73	54	0
5	50	0
25	77	0
15	57	0
83	77	0
50	62	0
36	93	0
88	48	0
71	70	0
60	83	0
17	36	0
94	78	0
5	47	0
34	33	0
21	23	0
23	76	0
31	72	0
98	22	0
49	33	0
77	8	0
41	80	0
70	21	0
57	29	0
79	74	0
18	46	0
66	60	0
33	98	0
30	61	0
31	3	0
70	23	0
22	96	0
5	86	0
68	83	0
83	47	0
22	88	0
25	41	0
81	75	0
25	50	0
32	75	0
33	92	0
54	38	0
32	3	0
19	43	0
78	90	0
93	89	0
61	94	0
70	15	0
10	58	0
61	6	0
60	23	0
63	26	0
82	21	0
29	59	0
1	74	0
51	67	0
65	36	0
34	68	0
85	25	0
60	85	0
33	72	0
20	15	0
85	79	0
31	75	0
42	3	0
1	86	0
82	18	0
95	70	0
75	89	0
83	25	0
0	78	0
22	85	0
97	50	0
62	70	0
35	45	0
43	78	0
69	69	0
53	57	0
10	81	0
34	65	0
66	8	0
9	57	0
64	96	0
71	44	0
30	84	0
92	67	0
42	9	0
37	59	0
5	70	0
39	91	0
56	32	0
73	19	0
16	37	0
91	60	0
63	41	0
79	50	0
11	92	0
57	14	0
22	77	0
60	71	0
60	57	0
69	58	0
55	0	0
27	14	0
10	58	0
74	48	0
52	9	0
64	58	0
44	87	0
61	53	0
91	27	0
99	12	0
16	64	0
82	65	0
21	91	0
14	15	1
93	56	0
41	95	0
51	35	0
50	1	0
11	97	0
72	36	0
43	58	0
39	76	0
42	1	0
18	86	0
83	81	0
83	81	0
57	32	0
89	68	0
13	90	0
40	43	0
69	1	0
70	18	0
27	29	0
55	4	0
59	13	0
52	37	0
67	37	0
27	50	0
21	47	0
56	50	0
70	74	0
86	82	0
50	93	0
71	14	0
99	56	0
71	6	0
12	54	0
22	13	0
91	40	0
53	31	0
72	73	0
13	45	0
51	62	0
58	26	0
29	93	0
31	90	0
38	75	0
94	49	0
45	25	0
49	0	0
28	44	0
87	56	0
73	9	0
66	96	0
22	4	0
70	92	0
11	77	0
42	77	0
31	24	0
5	53	0
18	15	1
86	12	0
22	34	0
79	17	0
41	6	0
10	5	0
83	15	0
27	61	0
21	44	0
87	30	0
93	53	0
12	33	0
21	34	0
3	54	0
34	90	0
13	71	0
1	8	0
38	92	0
55	66	0
43	23	0
9	17	1
57	31	0
44	86	0
38	71	0
91	96	0
32	30	0
17	57	0
37	44	0
57	68	0
75	98	0
44	11	0
70	0	0
29	11	0
43	7	0
58	1	0
20	55	0
77	58	0
63	3	0
25	47	0
57	2	0
53	57	0
52	54	0
36	57	0
78	81	0
67	54	0
17	68	0
53	37	0
22	14	0
98	7	0
44	2	0
64	24	0
56	28	0
16	40	0
11	75	0
64	73	0
12	81	0
34	97	0
25	86	0
40	23	0
38	38	0
88	65	0
56	39	0
8	71	0
75	80	0
63	85	0
28	32	0
70	20	0
69	90	0
68	7	0
99	62	0
74	44	0
37	19	0
35	44	0
39	41	0
89	75	0
18	20	0
69	19	0
85	8	0
12	52	0
34	86	0
75	75	0
80	1	0
2	68	0
90	44	0
58	94	0
11	14	0
70	3	0
57	59	0
36	56	0
60	48	0
25	35	0
50	37	0
75	82	0
67	51	0
41	31	0
72	72	0
24	51	0
24	81	0
79	89	0
44	14	0
1	77	0
75	19	0
85	19	0
70	45	0
15	64	0
67	21	0
18	31	0
56	42	0
11	95	0
68	48	0
53	13	0
89	50	0
42	23	0
27	75	0
43	0	0
81	36	0
4	4	0
63	92	0
4	93	0
31	36	0
52	76	0
54	27	0
9	97	0
11	48	0
16	38	0
54	19	0
97	33	0
75	18	0
89	97	0
34	61	0
18	20	0
42	14	0
42	27	0
91	13	0
55	65	0
81	78	0
34	35	0
62	95	0
75	60	0
40	75	0
77	0	0
70	44	0
82	11	0
66	20	0
41	24	0
34	32	0
98	4	0
63	21	0
2	69	0
96	11	0
99	85	0
7	92	0
7	29	1
90	68	0
44	49	0
31	3	0
91	84	0
81	57	0
24	98	0
67	25	0
75	38	0
92	63	0
11	20	1
83	69	0
31	78	0
76	79	0
29	97	0
93	73	0
34	46	0
26	86	0
96	85	0
28	32	0
29	38	0
72	72	0
67	98	0
52	74	0
14	11	1
50	82	0
65	62	0
38	57	0
35	71	0
90	20	0
15	91	0
85	50	0
25	77	0
39	61	0
47	85	0
86	31	0
32	33	0
21	50	0
4	19	1
60	41	0
99	70	0
59	22	0
78	92	0
72	92	0
33	39	0
53	17	0
28	47	0
19	78	0
35	32	0
56	68	0
69	95	0
32	28	0
75	83	0
49	34	0
37	13	0
66	36	0
21	74	0
47	13	0
7	58	0
96	82	0
60	98	0
45	50	0
79	9	0
45	67	0
46	55	0
95	59	0
90	2	0
1	68	0
75	5	0
83	80	0
69	29	0
33	0	0
30	69	0
80	76	0
35	86	0
55	79	0
82	15	0
14	74	0
57	14	0
58	70	0
63	97	0
28	93	0
94	10	0
93	21	0
70	5	0
40	90	0
10	91	0
0	89	0
73	57	0
76	63	0
79	64	0
11	45	0
87	51	0
66	53	0
10	18	1
78	71	0
67	62	0
17	46	0
17	69	0
41	28	0
39	40	0
9	57	0
58	58	0
48	47	0
97	44	0
76	34	0
79	1	0
76	32	0
46	88	0
20	16	0
23	51	0
70	44	0
99	87	0
72	73	0
98	77	0
20	47	0
59	72	0
61	49	0
25	61	0
84	39	0
9	28	1
25	61	0
40	24	0
82	59	0
71	95	0
53	55	0
25	60	0
37	5	0
82	66	0
25	76	0
49	26	0
89	82	0
92	77	0
15	90	0
45	58	0
12	77	0
75	79	0
43	56	0
53	61	0
38	83	0
70	70	0
31	30	0
20	67	0
91	77	0
76	59	0
97	61	0
33	81	0
53	79	0
66	31	0
25	24	0
89	26	0
38	32	0
99	1	0
16	83	0
21	23	0
1	19	1
35	96	0
86	66	0
21	39	0
93	59	0
18	95	0
17	66	0
32	3	0
95	87	0
23	26	0
1	84	0
72	96	0
39	60	0
81	70	0
24	80	0
93	23	0
25	23	0
32	82	0
27	76	0
38	16	0
23	42	0
11	36	0
98	68	0
87	11	0
52	12	0
71	8	0
85	46	0
27	6	0
44	29	0
99	35	0
9	57	0
45	89	0
8	51	0
17	78	0
74	56	0
49	95	0
68	50	0
74	80	0
38	26	0
88	71	0
32	67	0
89	45	0
10	78	0
66	44	0
30	73	0
71	33	0
60	40	0
91	82	0
85	88	0
85	92	0
25	86	0
21	41	0
47	53	0
47	63	0
38	29	0
23	8	0
40	66	0
11	48	0
65	1	0
76	85	0
90	52	0
98	11	0
14	50	0
6	2	0
78	97	0
3	82	0
50	18	0
51	36	0
72	11	0
22	3	0
49	14	0
17	37	0
5	31	1
51	15	0
55	6	0
34	84	0
53	19	0
29	97	0
76	1	0
30	44	0
49	63	0
65	15	0
93	59	0
63	72	0
49	63	0
51	98	0
81	87	0
12	12	0
92	55	0
14	65	0
84	70	0
55	87	0
18	35	0
13	65	0
98	48	0
25	84	0
94	93	0
64	87	0
45	13	0
44	58	0
75	56	0
44	90	0
78	50	0
97	76	0
77	25	0
13	62	0
6	67	0
76	96	0
68	38	0
56	63	0
58	7	0
21	19	0
70	70	0
31	37	0
17	64	0
33	49	0
53	46	0
32	13	0
57	30	0
6	87	0
25	43	0
11	58	0
3	61	0
82	57	0
28	22	0
63	16	0
93	23	0
84	1	0
55	68	0
3	63	0
59	26	0
37	35	0
14	15	1
16	19	0
73	72	0
71	16	0
40	43	0
50	77	0
54	81	0
15	97	0
21	62	0
49	90	0
30	40	0
78	90	0
48	41	0
28	78	0
15	9	0
57	23	0
9	45	0
59	53	0
70	15	0
29	72	0
84	60	0
56	50	0
50	45	0
40	22	0
2	69	0
76	65	0
72	52	0
40	33	0
74	59	0
76	71	0
77	43	0
60	11	0
88	76	0
86	23	0
5	77	0
72	71	0
25	4	0
47	27	0
7	0	0
12	51	0
15	83	0
34	89	0
28	51	0
97	31	0
8	50	0
52	99	0
19	86	0
97	65	0
47	63	0
83	39	0
23	1	0
60	21	0
53	7	0
15	2	0
26	86	0
50	64	0
82	75	0
68	43	0
17	5	0
25	32	0
56	10	0
11	21	1
1	78	0
71	0	0
39	73	0
57	29	0
70	98	0
13	38	0
8	88	0
91	53	0
27	18	0
87	73	0
64	53	0
69	40	0
46	29	0
94	29	0
86	65	0
13	60	0
5	92	0
27	51	0
2	89	0
6	95	0
94	23	0
32	48	0
2	97	0
54	10	0
66	0	0
42	50	0
22	18	0
66	40	0
38	22	0
18	83	0
23	34	0
57	10	0
6	39	0
92	49	0
90	4	0
60	51	0
35	5	0
42	24	0
10	95	0
56	77	0
30	65	0
13	4	0
35	20	0
8	84	0
1	80	0
65	53	0
89	44	0
52	36	0
15	78	0
23	33	0
92	82	0
68	29	0
43	80	0
65	94	0
22	16	0
5	90	0
65	15	0
56	76	0
34	40	0
95	71	0
30	74	0
95	25	0
84	18	0
98	17	0
80	86	0
44	57	0
15	82	0
81	14	0
36	7	0
70	83	0
66	73	0
18	42	0
70	43	0
63	78	0
82	16	0
94	45	0
15	66	0
56	46	0
29	28	0
89	23	0
62	44	0
70	14	0
90	92	0
82	71	0
52	67	0
78	33	0
57	72	0
6	93	0
33	1	0
9	95	0
19	78	0
65	63	0
72	94	0
88	11	0
96	93	0
77	1	0
6	6	0
90	73	0
68	11	0
98	35	0
72	59	0
52	46	0
19	63	0
66	91	0
58	74	0
3	41	0
6	45	0
37	94	0
1	78	0
54	7	0
38	47	0
14	67	0
41	36	0
14	24	1
6	41	0
97	54	0
56	28	0
3	46	0
25	89	0
75	65	0
2	3	0
88	84	0
20	83	0
63	48	0
42	56	0
90	42	0
61	40	0
2	7	0
12	11	0
6	53	0
23	58	0
93	77	0
62	47	0
94	70	0
9	55	0
74	58	0
17	77	0
0	5	0
75	78	0
0	15	1
30	70	0
42	5	0
28	22	0
7	75	0
34	91	0
5	3	0
76	34	0
60	61	0
78	63	0
81	83	0
44	86	0
31	29	0
2	66	0
8	10	0
38	70	0
43	46	0
53	53	0
84	15	0
