5	24	1
91	60	0
47	12	0
41	19	0
54	94	0
6	40	0
87	33	0
86	72	0
1	13	0
49	13	0
66	93	0
44	42	0
70	45	0
3	91	0
28	9	0
20	53	0
85	3	0
83	79	0
64	34	0
29	56	0
97	61	0
97	6	0
48	75	0
76	74	0
84	84	0
82	1	0
18	99	0
63	17	0
73	71	0
65	80	0
95	57	0
7	46	0
27	33	0
46	18	0
76	16	0
46	47	0
88	79	0
10	95	0
68	63	0
99	15	0
81	97	0
41	17	0
29	64	0
66	50	0
92	46	0
54	81	0
95	48	0
21	99	0
34	43	0
60	8	0
89	45	0
21	70	0
61	8	0
38	81	0
72	91	0
20	63	0
97	66	0
45	11	0
35	55	0
73	70	0
94	95	0
75	2	0
21	96	0
89	2	0
47	13	0
90	63	0
45	20	0
15	90	0
85	4	0
35	77	0
90	77	0
56	51	0
22	41	0
83	72	0
14	35	0
27	51	0
82	40	0
16	7	0
6	47	0
51	86	0
66	99	0
63	21	0
46	96	0
77	98	0
10	11	0
11	29	0
87	10	0
85	16	0
54	49	0
83	39	0
23	17	0
77	48	0
50	53	0
34	12	0
33	8	0
65	52	0
26	84	0
50	3	0
42	82	0
42	3	0
36	39	0
82	35	0
47	64	0
62	49	0
22	82	0
69	84	0
1	82	0
53	89	0
82	48	0
61	20	0
51	79	0
2	44	0
67	12	0
53	72	0
9	84	0
35	6	0
25	47	0
17	30	0
80	86	0
3	30	0
43	24	0
0	0	0
39	96	0
94	8	0
64	60	0
0	37	0
74	85	0
94	18	0
65	60	0
57	86	0
33	24	0
63	93	0
20	17	0
73	85	0
68	48	0
28	96	0
80	25	0
47	37	0
14	19	0
64	3	0
5	5	0
9	86	0
19	0	0
99	96	0
98	21	0
81	41	0
44	63	0
63	25	0
85	90	0
1	3	0
38	18	0
19	11	0
77	76	0
45	37	0
90	72	0
83	79	0
49	27	0
53	28	0
83	53	0
3	52	0
23	75	0
18	66	0
96	74	0
48	61	0
37	96	0
94	42	0
70	74	0
51	86	0
25	46	0
98	75	0
3	49	0
37	36	0
22	29	0
34	77	0
29	72	0
93	18	0
60	38	0
78	8	0
46	84	0
62	23	0
60	41	0
75	76	0
19	53	0
65	57	0
28	99	0
32	59	0
27	6	0
59	23	0
27	99	0
5	73	0
67	73	0
83	48	0
20	85	0
20	46	0
92	79	0
29	48	0
34	79	0
31	87	0
59	38	0
30	2	0
19	48	0
73	91	0
99	76	0
65	93	0
71	11	0
15	52	0
64	11	0
55	22	0
55	35	0
74	12	0
23	68	0
19	79	0
46	62	0
68	36	0
30	72	0
87	28	0
60	81	0
35	73	0
25	12	0
94	74	0
31	80	0
47	0	0
0	89	0
79	20	0
93	72	0
87	82	0
84	30	0
2	81	0
12	73	0
99	50	0
65	65	0
46	48	0
42	69	0
74	73	0
41	67	0
20	90	0
36	65	0
75	3	0
3	58	0
71	98	0
67	37	0
26	90	0
88	65	0
47	17	0
36	63	0
15	76	0
33	97	0
65	31	0
68	23	0
23	37	0
97	58	0
59	45	0
77	42	0
2	90	0
60	17	0
24	80	0
74	73	0
65	63	0
68	55	0
60	0	0
13	9	0
0	61	0
85	58	0
53	10	0
71	55	0
45	93	0
65	52	0
89	33	0
95	14	0
21	59	0
93	75	0
14	78	0
22	25	0
91	46	0
39	97	0
46	42	0
47	5	0
15	90	0
72	28	0
37	43	0
34	76	0
42	5	0
19	79	0
89	86	0
90	70	0
55	33	0
80	66	0
16	84	0
46	49	0
62	3	0
67	19	0
37	22	0
50	10	0
56	12	0
56	30	0
76	24	0
33	46	0
27	41	0
55	38	0
67	68	0
85	85	0
39	99	0
76	12	0
90	53	0
67	12	0
15	58	0
23	8	0
85	37	0
60	25	0
79	69	0
16	42	0
53	66	0
62	11	0
35	93	0
29	85	0
52	79	0
97	52	0
45	24	0
51	8	0
30	44	0
79	45	0
74	7	0
69	90	0
29	7	0
66	88	0
8	67	0
42	73	0
39	21	0
3	53	0
11	17	0
80	7	0
29	39	0
72	18	0
35	8	0
2	4	0
76	18	0
26	65	0
30	50	0
97	23	0
77	54	0
13	35	0
23	40	0
3	54	0
42	92	0
20	76	0
11	2	0
27	92	0
52	56	0
45	14	0
19	14	0
56	37	0
50	75	0
38	72	0
82	90	0
30	31	0
23	61	0
29	49	0
51	71	0
78	96	0
50	11	0
67	6	0
29	9	0
53	16	0
50	10	0
17	60	0
82	50	0
65	0	0
23	49	0
58	7	0
56	62	0
43	52	0
43	56	0
79	83	0
72	41	0
20	66	0
52	54	0
19	19	0
98	9	0
48	5	0
61	33	0
55	26	0
19	40	0
14	76	0
60	73	0
11	69	0
38	89	0
31	84	0
36	24	0
40	37	0
91	54	0
60	40	0
12	69	0
71	77	0
5	22	0
63	92	0
26	26	0
67	19	0
72	88	0
68	2	0
89	58	0
76	39	0
44	21	0
42	41	0
37	36	0
91	83	0
10	21	0
64	20	0
79	4	0
15	52	0
46	78	0
72	74	0
72	7	0
1	65	0
92	41	0
62	96	0
5	14	0
70	3	0
53	63	0
37	73	0
62	48	0
23	34	0
54	40	0
73	90	0
59	54	0
34	24	0
80	75	0
21	43	0
20	78	0
79	84	0
46	16	0
5	83	0
72	14	0
87	25	0
66	35	0
17	57	0
64	16	0
22	20	0
65	52	0
19	95	0
73	52	0
50	4	0
84	53	0
32	26	0
30	79	0
42	4	0
86	37	0
12	9	0
65	98	0
16	90	0
31	37	0
58	62	0
56	33	0
9	82	0
9	40	0
22	46	0
59	3	0
95	40	0
65	24	0
86	94	0
28	68	0
19	26	0
44	25	0
36	29	0
89	10	0
53	59	0
73	78	0
29	51	0
57	94	0
72	63	0
41	85	0
73	5	0
72	46	0
76	15	0
63	12	0
53	19	0
31	34	0
95	6	0
60	25	0
8	79	0
92	5	0
98	84	0
8	93	0
11	25	0
90	66	0
44	50	0
26	0	0
88	82	0
81	60	0
25	99	0
63	29	0
77	37	0
93	56	0
10	23	0
88	78	0
29	78	0
70	77	0
28	97	0
97	64	0
32	55	0
15	81	0
99	78	0
37	28	0
23	32	0
66	68	0
60	98	0
47	69	0
10	11	0
46	76	0
60	61	0
35	60	0
31	72	0
88	23	0
10	95	0
79	53	0
22	75	0
34	62	0
45	73	0
96	33	0
44	30	0
15	49	0
1	23	0
63	40	0
96	76	0
56	18	0
83	93	0
74	94	0
29	29	0
46	17	0
21	57	0
27	69	0
1	25	0
32	31	0
50	75	0
55	83	0
32	27	0
69	87	0
52	32	0
39	9	0
67	35	0
23	76	0
48	15	0
8	57	0
91	82	0
61	99	0
58	55	0
73	8	0
42	62	0
7	24	0
4	23	0
41	46	0
89	60	0
91	3	0
0	70	0
75	6	0
90	88	0
69	16	0
31	0	0
23	63	0
75	75	0
35	85	0
50	79	0
80	25	0
22	74	0
56	21	0
66	78	0
57	90	0
31	91	0
98	9	0
95	14	0
65	11	0
38	90	0
14	95	0
5	88	0
76	61	0
73	67	0
94	65	0
9	49	0
83	44	0
69	68	0
8	17	0
80	64	0
61	72	0
21	52	0
11	63	0
36	26	0
41	41	0
17	64	0
63	50	0
48	49	0
92	46	0
82	37	0
83	7	0
75	35	0
49	89	0
5	22	0
16	16	0
18	52	0
76	52	0
97	81	0
74	74	0
95	76	0
22	41	0
50	74	0
50	38	0
38	63	0
77	46	0
6	37	0
21	71	0
46	22	0
80	72	0
64	95	0
51	67	0
5	24	1
35	73	0
24	13	0
84	66	0
30	73	0
53	38	0
84	82	0
94	86	0
7	98	0
36	52	0
14	71	0
80	75	0
36	45	0
55	61	0
45	86	0
79	73	0
22	32	0
17	61	0
85	71	0
75	59	0
95	56	0
50	85	0
55	85	0
66	35	0
36	21	0
88	25	0
45	27	0
87	6	0
17	81	0
17	30	0
1	9	0
35	96	0
91	74	0
25	37	0
94	54	0
18	98	0
16	74	0
32	0	0
95	91	0
26	19	0
9	78	0
68	97	0
40	63	0
79	73	0
21	81	0
84	22	0
17	25	0
37	82	0
23	69	0
27	23	0
27	33	0
27	39	0
99	60	0
82	13	0
54	13	0
75	8	0
91	49	0
37	13	0
56	26	0
86	31	0
8	49	0
42	87	0
10	49	0
14	82	0
78	58	0
52	97	0
56	47	0
69	87	0
44	22	0
95	74	0
42	67	0
94	52	0
8	71	0
58	47	0
26	67	0
69	32	0
9	28	0
57	37	0
87	74	0
81	81	0
84	94	0
24	78	0
19	40	0
45	42	0
39	63	0
35	32	0
23	11	0
38	62	0
9	57	0
62	3	0
76	78	0
83	52	0
91	9	0
11	45	0
8	3	0
85	91	0
14	84	0
51	25	0
54	35	0
79	18	0
18	0	0
56	10	0
13	48	0
2	36	0
49	17	0
51	2	0
0	29	0
32	80	0
63	24	0
34	98	0
78	5	0
40	46	0
60	62	0
68	9	0
92	60	0
61	64	0
47	66	0
43	93	0
82	94	0
22	11	0
88	57	0
15	58	0
85	78	0
56	77	0
16	37	0
18	55	0
99	45	0
28	75	0
93	95	0
65	81	0
48	4	0
32	51	0
82	57	0
42	85	0
76	40	0
87	72	0
67	31	0
12	64	0
16	62	0
91	90	0
72	33	0
60	62	0
55	1	0
10	11	0
81	62	0
31	22	0
17	62	0
35	57	0
60	48	0
34	5	0
58	34	0
6	79	0
19	46	0
11	64	0
3	51	0
85	58	0
23	22	0
58	21	0
97	14	0
89	8	0
49	64	0
3	77	0
57	28	0
32	25	0
9	19	0
15	14	0
78	64	0
66	21	0
41	40	0
45	75	0
52	80	0
14	88	0
30	67	0
54	84	0
23	44	0
86	94	0
50	29	0
37	80	0
21	10	0
54	10	0
10	46	0
63	45	0
66	15	0
30	76	0
84	67	0
63	55	0
44	49	0
44	13	0
2	80	0
79	68	0
67	54	0
54	43	0
72	69	0
71	81	0
73	39	0
66	6	0
99	78	0
88	10	0
3	76	0
72	64	0
0	32	0
2	26	0
27	1	0
48	33	0
1	9	0
6	44	0
21	71	0
29	94	0
38	53	0
95	30	0
5	47	0
60	93	0
27	86	0
1	22	0
96	60	0
38	68	0
12	24	0
88	45	0
27	0	0
60	16	0
62	1	0
14	4	0
25	81	0
47	55	0
81	76	0
69	44	0
13	2	0
35	32	0
51	9	0
5	31	0
2	68	0
72	6	0
35	62	0
51	43	0
71	94	0
18	43	0
15	98	0
94	48	0
24	22	0
88	82	0
52	59	0
64	32	0
49	35	0
96	20	0
89	62	0
22	57	0
19	92	0
29	45	0
0	85	0
6	94	0
84	13	0
41	51	0
0	91	0
54	1	0
66	7	0
45	43	0
25	20	0
60	42	0
38	25	0
12	77	0
23	31	0
56	4	0
7	48	0
99	48	0
99	13	0
53	55	0
38	3	0
40	18	0
19	98	0
63	84	0
28	66	0
10	11	0
41	22	0
11	81	0
0	72	0
62	42	0
78	44	0
53	37	0
14	74	0
24	27	0
86	73	0
65	33	0
52	78	0
60	95	0
28	12	0
3	87	0
64	19	0
59	78	0
35	44	0
93	74	0
35	76	0
94	19	0
82	21	0
97	23	0
81	88	0
50	55	0
24	75	0
73	17	0
40	6	0
64	78	0
63	77	0
13	45	0
62	55	0
65	84	0
78	20	0
95	47	0
4	62	0
60	44	0
18	26	0
91	29	0
67	39	0
70	16	0
91	93	0
75	79	0
52	69	0
75	37	0
60	70	0
17	93	0
30	7	0
0	90	0
17	77	0
57	59	0
66	95	0
81	19	0
90	97	0
82	3	0
10	2	0
87	80	0
64	13	0
95	25	0
78	69	0
54	38	0
9	54	0
67	84	0
66	69	0
1	44	0
9	49	0
44	93	0
5	79	0
55	6	0
49	45	0
9	69	0
36	26	0
19	29	0
14	44	0
97	51	0
52	37	0
4	48	0
27	89	0
88	70	0
5	13	0
86	96	0
32	81	0
58	48	0
40	65	0
99	39	0
67	40	0
2	7	0
14	5	0
0	49	0
14	51	0
96	81	0
77	49	0
99	70	0
15	57	0
80	59	0
19	83	0
5	0	0
73	75	0
1	18	0
23	66	0
33	5	0
29	27	0
8	70	0
45	90	0
2	7	0
67	46	0
55	67	0
75	66	0
82	81	0
34	91	0
35	27	0
10	65	0
4	15	0
39	71	0
46	52	0
64	55	0
86	15	0
