79	61	0
32	30	0
66	98	0
15	7	0
95	39	0
83	95	0
69	43	0
4	78	0
4	7	0
13	94	0
91	43	0
66	75	0
33	33	0
68	77	0
96	57	0
50	95	1
60	73	0
39	30	0
84	73	0
96	86	0
74	75	0
9	29	0
68	73	0
75	33	0
64	92	0
51	73	0
67	80	0
96	47	0
98	25	0
92	74	0
34	1	0
44	88	1
83	33	0
32	17	0
96	74	0
90	70	0
91	20	1
92	13	0
20	36	0
61	78	0
2	87	0
95	11	1
58	95	0
19	29	0
81	73	0
90	36	0
55	95	0
3	14	0
94	17	0
70	41	0
72	17	1
53	44	0
72	32	0
15	99	0
89	66	0
61	92	0
16	61	0
41	83	1
96	54	0
35	35	0
29	8	0
69	62	0
12	91	0
99	32	0
40	66	0
87	56	0
98	4	0
76	96	0
70	85	0
6	27	0
77	79	0
81	65	0
77	39	0
19	99	1
60	39	0
85	43	0
88	36	0
88	36	0
18	59	0
4	14	0
90	59	0
57	97	0
40	77	0
58	93	0
70	35	0
61	67	0
83	76	0
77	77	0
19	18	0
13	10	0
84	61	0
89	2	0
14	52	0
72	78	0
63	80	0
58	76	0
55	6	0
50	95	1
73	91	0
76	52	0
14	90	0
91	84	0
5	89	0
16	54	0
87	88	0
87	75	0
51	77	0
74	42	0
81	39	0
52	67	0
23	54	0
42	20	0
92	90	0
73	5	0
82	37	0
84	96	0
61	78	0
73	73	0
12	25	0
13	77	1
66	99	0
73	63	1
46	91	1
59	93	0
27	84	0
39	37	0
75	54	1
57	46	0
57	79	0
69	35	0
1	95	0
94	36	0
64	26	0
51	21	0
80	19	1
65	69	0
73	94	0
84	74	0
88	9	1
96	29	0
95	77	0
68	71	0
54	81	0
15	72	0
95	7	1
9	51	0
77	76	0
78	71	0
91	53	0
84	55	0
93	67	0
55	12	0
38	25	0
76	62	0
24	75	0
57	83	0
81	75	0
79	5	1
93	47	0
98	32	0
73	59	0
67	99	0
61	10	0
2	93	0
10	97	0
94	59	0
59	61	1
94	71	0
15	18	0
47	98	1
80	8	1
79	9	0
90	23	0
86	23	0
81	31	0
14	11	0
32	76	0
57	92	0
84	40	0
75	95	0
90	71	0
63	31	0
63	80	0
5	8	0
32	8	0
43	27	0
65	34	0
3	55	0
31	13	0
96	83	0
96	59	0
99	13	0
61	0	0
37	9	0
98	86	0
27	76	0
10	92	0
35	35	0
75	46	0
74	69	0
56	74	0
85	85	0
71	30	0
75	77	0
86	33	0
87	69	0
61	38	0
99	76	0
62	15	0
97	9	0
30	58	0
78	90	0
98	46	0
90	45	0
73	95	0
92	40	0
45	45	0
56	99	0
71	84	0
23	78	0
83	80	0
5	95	0
91	12	1
92	14	1
44	84	1
18	98	1
88	33	0
93	65	0
32	3	0
48	91	1
43	58	0
10	13	0
88	44	0
88	9	1
69	90	0
17	22	0
75	26	0
72	78	0
15	28	0
76	38	0
81	3	0
95	68	0
67	15	0
95	92	0
12	37	0
56	96	0
64	55	0
93	40	0
60	45	0
73	56	1
3	54	0
91	75	0
92	61	0
4	87	0
75	86	0
40	20	0
65	53	0
64	98	0
67	90	0
97	52	0
63	13	0
67	40	0
79	32	0
92	58	0
77	38	0
87	68	0
44	97	1
50	91	1
89	97	0
80	95	0
15	9	0
4	83	0
74	83	0
71	97	0
58	18	0
82	52	0
93	1	0
90	14	1
94	78	0
66	79	0
90	18	1
64	79	0
87	18	1
95	5	0
85	28	0
10	43	0
7	96	0
15	99	1
88	89	0
86	91	0
83	85	0
85	59	0
77	86	0
8	90	0
26	23	0
2	11	0
35	40	0
88	12	1
84	38	0
62	65	0
57	4	0
77	84	0
82	81	0
80	50	0
74	62	0
33	20	0
98	38	0
77	95	0
55	38	0
70	85	0
99	62	0
17	56	0
43	72	0
52	78	0
51	84	1
1	47	0
71	73	0
93	44	0
94	66	0
54	91	0
88	25	0
85	11	0
95	67	0
63	72	0
5	95	0
80	90	0
21	20	0
7	84	0
65	72	0
61	67	0
81	85	0
0	84	0
82	53	0
15	0	0
48	85	1
8	83	0
0	16	0
98	51	0
75	20	1
17	19	0
16	33	0
69	38	0
67	79	0
90	78	0
87	42	0
80	75	0
73	90	0
2	68	0
88	64	0
65	23	0
99	43	0
77	85	0
80	70	0
44	76	0
96	67	0
94	10	1
49	78	0
0	98	0
74	33	0
80	24	1
30	32	0
63	84	0
33	71	0
64	92	0
95	52	0
88	35	0
70	69	0
92	81	0
92	43	0
96	97	0
78	70	0
70	36	0
44	88	1
82	76	0
86	71	0
94	30	0
45	65	0
63	32	0
81	90	0
86	51	0
24	85	0
83	36	0
78	44	0
89	41	0
99	83	0
72	42	0
3	86	0
10	97	0
39	33	0
26	71	0
45	87	1
63	7	0
1	95	0
75	47	0
13	15	0
17	61	0
69	72	0
69	69	0
80	51	0
77	41	0
74	67	0
79	46	0
15	38	0
97	79	0
56	96	0
83	18	0
40	95	1
19	89	0
95	58	0
62	35	0
25	17	0
26	31	0
78	49	0
99	31	0
17	1	0
43	1	0
51	63	0
94	83	0
27	7	0
40	83	1
58	16	0
85	83	0
73	64	1
62	91	0
15	48	0
99	47	0
85	62	0
7	90	0
1	93	0
49	26	0
92	27	0
18	28	0
89	40	0
73	12	0
41	27	0
19	95	0
63	85	0
21	34	0
72	39	0
67	87	0
13	94	1
69	36	0
10	6	0
92	54	0
86	37	0
85	23	0
59	27	1
52	95	0
86	37	0
58	97	0
60	56	0
72	53	0
51	92	0
93	52	0
93	99	0
84	87	0
54	87	1
80	79	0
73	19	0
95	48	0
93	98	0
94	96	0
85	20	0
84	67	0
14	96	1
85	98	0
62	72	0
5	19	0
28	92	0
88	28	0
17	97	0
53	79	1
71	37	0
77	50	0
76	55	0
98	56	0
82	38	0
80	19	1
6	83	0
13	13	0
59	80	0
28	68	0
36	4	0
2	81	0
96	42	0
93	85	0
87	49	0
89	83	0
69	53	1
85	17	1
96	39	0
