99	67	0
24	6	0
31	23	1
63	98	0
12	0	0
88	41	0
96	93	0
48	13	0
55	79	0
56	24	0
81	48	0
10	84	0
8	0	0
12	91	0
93	27	0
70	77	0
50	32	0
89	64	0
96	17	0
50	96	0
50	65	0
80	71	0
48	11	0
21	74	0
55	21	0
95	71	0
82	94	0
90	74	0
4	36	0
53	11	0
51	29	0
97	25	0
73	68	0
11	82	0
35	91	0
76	16	0
75	89	0
28	6	0
47	68	0
79	70	0
94	71	0
57	62	0
97	41	0
17	77	0
68	4	0
98	68	0
22	74	0
66	6	0
2	78	0
43	92	0
28	71	0
89	62	0
58	41	0
42	28	0
89	83	0
96	88	0
99	12	0
24	94	0
99	12	0
24	6	0
75	90	0
32	5	0
3	87	0
87	11	0
29	78	0
57	91	0
37	58	0
6	26	0
74	78	0
86	31	0
27	99	0
46	99	0
64	33	0
28	88	0
58	97	0
5	17	0
99	14	0
81	26	0
51	74	0
85	45	0
93	60	0
56	9	0
40	14	1
63	41	0
1	95	0
65	0	0
46	70	0
41	6	0
54	23	0
87	18	0
35	59	0
88	49	0
2	57	0
76	92	0
3	86	0
38	94	0
85	54	0
73	21	0
34	62	0
31	59	0
62	1	0
72	57	0
12	65	0
38	3	0
11	50	1
61	76	0
46	33	0
9	99	0
87	29	0
42	77	0
76	69	0
93	6	0
66	83	0
63	73	0
17	22	0
61	90	0
98	84	0
74	58	0
22	93	0
64	31	0
33	29	1
71	7	0
99	64	0
97	37	0
86	53	0
42	48	0
62	4	0
70	70	0
14	24	0
44	29	0
97	56	0
50	27	0
54	74	0
55	77	0
56	20	0
39	34	0
56	25	0
9	47	1
11	56	1
58	80	0
49	62	0
48	92	0
73	46	0
61	72	0
63	69	0
98	64	0
25	23	0
42	43	0
17	15	0
12	80	0
25	67	0
81	45	0
43	45	0
91	2	0
36	88	0
52	21	0
32	41	0
71	80	0
34	68	0
55	67	0
44	91	0
36	55	0
41	1	0
54	17	0
40	98	0
32	63	0
74	82	0
90	59	0
15	91	0
91	71	0
32	48	0
25	71	0
50	70	0
47	60	0
15	32	0
72	83	0
98	81	0
38	67	0
79	39	0
9	43	0
61	12	0
64	49	0
62	17	0
80	18	0
0	48	0
41	64	0
58	31	0
43	65	0
95	33	0
35	90	0
22	57	0
75	92	0
42	58	0
25	16	0
34	76	0
57	18	0
90	95	0
40	88	0
96	0	0
11	60	1
9	67	0
97	35	0
50	94	0
64	84	0
67	66	0
43	60	0
13	71	0
21	54	1
59	1	0
57	98	0
95	55	0
43	92	0
73	67	0
83	25	0
47	77	0
28	82	0
45	94	0
39	23	0
67	20	0
81	46	0
54	45	0
74	67	0
0	52	0
70	24	0
23	96	0
71	66	0
89	37	0
73	35	0
47	0	0
3	39	0
89	21	0
69	78	0
57	92	0
69	55	0
90	33	0
91	12	0
0	36	0
85	72	0
40	94	0
90	80	0
42	98	0
60	34	0
77	31	0
26	93	0
78	22	0
17	61	0
29	73	0
53	14	0
29	96	0
78	92	0
82	78	0
93	54	0
96	56	0
23	83	0
33	71	0
84	14	0
80	48	0
37	22	1
42	1	0
46	30	0
46	54	0
80	45	0
21	48	0
39	40	0
33	74	0
73	96	0
91	59	0
58	73	0
92	4	0
98	39	0
63	3	0
86	52	0
79	51	0
64	73	0
1	37	0
39	63	0
67	29	0
15	90	0
28	80	0
6	87	0
89	69	0
53	12	1
39	2	0
38	53	1
77	69	0
65	1	0
92	85	0
23	0	0
50	91	0
13	68	0
54	93	0
44	37	0
8	47	1
78	26	0
77	13	0
52	16	0
86	7	0
43	56	0
5	56	1
78	24	0
79	55	0
8	5	0
1	57	0
32	99	0
20	81	0
54	99	0
50	68	0
78	43	0
66	11	0
53	83	0
45	70	0
97	84	0
0	51	0
65	50	0
66	82	0
80	23	0
32	4	0
44	0	0
51	17	0
37	30	0
81	51	0
71	20	0
21	45	0
18	24	0
30	54	0
45	34	0
91	71	0
87	64	0
0	49	0
66	37	0
88	4	0
68	14	0
79	21	0
53	38	0
38	31	0
0	73	0
68	85	0
40	83	0
9	99	0
31	63	0
55	12	0
49	38	0
83	39	0
74	51	0
15	60	1
82	70	0
82	84	0
77	30	0
73	88	0
80	7	0
76	64	0
73	53	0
69	53	0
81	78	0
72	0	0
90	15	0
26	46	0
55	86	0
65	73	0
79	14	0
25	73	0
95	31	0
59	99	0
97	26	0
63	22	0
24	58	0
64	43	0
39	59	0
55	86	0
81	27	0
81	79	0
37	52	1
14	96	0
95	97	0
45	23	0
8	82	0
46	53	0
98	2	0
78	37	0
29	69	0
61	50	0
60	50	0
19	95	0
84	23	0
42	13	1
87	50	0
50	42	0
37	93	0
22	10	0
51	48	0
51	85	0
1	45	0
39	77	0
37	87	0
47	27	0
20	72	0
13	29	0
72	10	0
75	14	0
95	4	0
86	94	0
27	63	0
34	31	0
82	5	0
62	54	0
68	98	0
3	24	0
53	93	0
95	58	0
34	78	0
78	4	0
40	68	0
66	19	0
56	8	0
87	19	0
87	42	0
13	88	0
76	16	0
89	98	0
24	93	0
96	73	0
44	45	0
11	28	0
70	94	0
67	52	0
6	86	0
72	36	0
78	50	0
72	54	0
78	70	0
29	58	0
98	53	0
30	94	0
95	68	0
22	97	0
88	97	0
49	32	0
61	63	0
58	91	0
46	57	0
60	98	0
76	52	0
48	47	0
31	57	0
87	0	0
4	85	0
91	64	0
25	96	0
50	64	0
43	82	0
86	34	0
33	50	0
55	24	0
93	53	0
71	23	0
85	91	0
39	96	0
42	58	0
50	8	1
33	48	0
59	94	0
52	21	0
43	73	0
88	84	0
37	11	1
94	83	0
77	8	0
18	9	0
45	32	0
22	70	0
43	1	0
10	83	0
90	78	0
54	93	0
67	45	0
66	7	0
37	63	0
38	72	0
96	46	0
99	3	0
14	69	0
78	10	0
46	67	0
42	28	0
37	4	0
35	51	0
80	83	0
27	70	0
55	84	0
67	22	0
72	27	0
50	56	0
63	85	0
29	97	0
98	17	0
83	19	0
77	13	0
14	68	0
26	94	0
19	90	0
65	36	0
73	75	0
71	98	0
1	32	0
60	47	0
64	88	0
70	64	0
61	75	0
18	93	0
20	73	0
46	32	0
44	17	1
10	31	0
40	39	0
36	39	0
96	25	0
79	44	0
70	8	0
67	29	0
58	51	0
45	28	0
98	75	0
48	81	0
82	56	0
37	61	0
37	93	0
78	55	0
57	22	0
33	17	0
98	51	0
74	85	0
48	40	0
11	60	1
45	9	1
52	63	0
43	93	0
61	96	0
96	59	0
20	80	0
64	47	0
8	66	0
63	45	0
49	74	0
62	51	0
49	76	0
67	86	0
2	58	0
55	56	0
78	45	0
84	60	0
35	78	0
70	82	0
43	25	0
92	17	0
58	40	0
98	7	0
1	80	0
43	83	0
87	59	0
71	66	0
14	89	0
17	75	0
78	87	0
48	26	0
7	74	0
77	99	0
48	68	0
93	65	0
27	95	0
79	44	0
13	1	0
42	75	0
21	79	0
37	16	1
5	16	0
91	58	0
98	27	0
51	21	0
76	38	0
84	15	0
22	10	0
30	62	0
73	29	0
0	68	0
57	82	0
6	42	0
16	77	0
67	46	0
57	97	0
68	45	0
74	81	0
76	57	0
38	51	1
77	80	0
12	90	0
43	41	0
22	76	0
71	47	0
63	38	0
99	49	0
91	95	0
85	88	0
48	67	0
70	44	0
62	64	0
35	50	0
9	50	1
69	2	0
70	84	0
85	78	0
85	5	0
55	83	0
6	98	0
47	16	0
55	32	0
69	29	0
59	23	0
35	19	1
75	19	0
23	95	0
72	26	0
30	77	0
94	16	0
43	68	0
54	40	0
66	98	0
75	72	0
39	78	0
66	90	0
86	63	0
90	45	0
99	74	0
82	94	0
98	50	0
36	70	0
97	86	0
54	86	0
76	83	0
91	48	0
49	83	0
85	66	0
90	57	0
75	33	0
36	51	0
2	57	0
58	81	0
66	19	0
54	34	0
47	20	1
87	84	0
68	38	0
37	10	1
45	16	1
16	87	0
15	56	1
9	93	0
61	40	0
94	20	0
90	41	0
95	8	0
80	96	0
9	48	1
61	19	0
55	50	0
38	76	0
97	21	0
63	48	0
30	91	0
30	95	0
29	68	0
21	94	0
32	3	0
69	63	0
47	32	0
46	71	0
48	42	0
6	49	1
70	68	0
70	16	0
23	89	0
96	57	0
24	30	0
17	67	0
76	63	0
66	59	0
53	60	0
91	55	0
90	64	0
72	52	0
60	14	0
64	67	0
80	44	0
9	36	0
90	76	0
54	43	0
34	75	0
9	81	0
26	99	0
22	58	0
92	29	0
8	48	0
58	92	0
2	86	0
90	62	0
46	27	0
77	17	0
22	22	0
33	37	0
76	10	0
18	74	0
37	53	1
89	57	0
88	38	0
4	8	0
10	48	1
45	16	1
5	40	0
72	8	0
49	70	0
92	95	0
3	12	0
48	98	0
88	30	0
41	4	0
90	87	0
41	64	0
74	72	0
37	35	0
99	38	0
91	75	0
21	62	0
13	81	0
4	47	0
21	68	0
14	98	0
73	16	0
30	54	0
7	88	0
27	28	0
60	18	0
38	64	0
74	52	0
44	1	0
32	75	0
93	25	0
10	26	0
72	47	0
97	30	0
48	61	0
25	12	0
43	0	0
19	95	0
45	77	0
24	62	0
20	16	0
21	86	0
26	81	0
69	53	0
88	40	0
37	71	0
82	99	0
48	32	0
65	70	0
47	85	0
3	86	0
83	44	0
43	59	0
9	17	0
94	61	0
53	52	0
91	21	0
78	17	0
80	33	0
61	98	0
46	41	0
56	35	0
59	30	0
41	0	0
45	90	0
52	71	0
88	31	0
60	98	0
87	41	0
79	55	0
37	70	0
25	67	0
79	33	0
55	38	0
75	1	0
98	98	0
73	78	0
43	78	0
69	41	0
81	87	0
13	80	0
58	28	0
16	95	0
5	60	0
44	60	0
75	71	0
64	12	0
94	94	0
85	9	0
99	91	0
63	14	0
71	22	0
76	57	0
68	32	0
20	82	0
51	87	0
64	81	0
8	34	0
16	80	0
16	68	0
37	9	0
35	39	0
3	44	0
75	44	0
49	26	0
9	63	0
16	88	0
67	93	0
93	41	0
0	76	0
63	43	0
32	84	0
74	65	0
68	45	0
5	47	1
28	56	0
81	38	0
70	48	0
71	60	0
17	62	0
59	47	0
5	90	0
7	4	0
87	67	0
18	71	0
23	0	0
1	95	0
22	78	0
99	39	0
74	80	0
87	67	0
83	89	0
49	61	0
64	30	0
0	73	0
48	64	0
33	57	0
64	47	0
94	21	0
