97	66	0
51	14	0
43	20	0
40	92	0
3	42	0
93	26	0
89	78	0
10	2	0
44	13	0
71	92	0
40	40	0
78	40	0
0	88	0
22	1	0
15	62	0
99	6	0
93	82	0
66	28	0
31	60	0
99	64	0
96	3	0
39	69	0
78	80	0
80	87	0
69	1	0
29	93	0
55	10	0
80	81	0
73	91	0
95	54	0
2	42	0
28	31	0
49	24	0
80	21	0
42	47	0
96	78	0
11	93	0
68	73	0
87	16	0
83	98	0
45	11	0
25	55	0
69	54	0
97	57	0
62	80	0
95	49	0
16	99	0
34	41	0
55	14	0
87	44	0
21	68	0
63	13	0
33	90	0
54	89	0
23	68	0
95	70	0
50	23	0
34	50	0
88	73	0
99	98	0
88	13	0
22	97	0
91	10	0
51	13	0
90	65	0
39	39	0
12	84	0
85	10	0
37	86	0
85	74	0
64	53	0
20	29	0
89	79	0
31	40	0
21	52	0
89	38	0
21	19	1
17	36	0
41	82	0
61	91	0
71	26	0
43	94	0
65	98	0
0	9	0
13	24	0
92	18	0
95	18	0
34	54	0
83	41	0
21	31	0
76	51	0
37	54	0
34	11	0
36	4	0
68	48	0
20	80	0
56	3	0
44	77	0
44	1	0
33	28	0
91	42	0
49	60	0
65	46	0
18	80	0
63	82	0
8	80	0
47	75	0
86	48	0
68	12	0
55	74	0
7	49	0
60	10	0
50	70	0
9	75	0
41	2	0
24	59	0
17	36	0
89	80	0
44	39	0
0	5	0
28	97	0
82	3	0
69	65	0
17	35	0
80	84	0
92	14	0
61	71	0
55	86	0
34	18	0
62	95	0
19	15	0
68	84	0
62	52	0
34	92	0
77	28	0
37	31	0
18	35	0
81	4	0
12	10	1
4	73	0
14	14	1
94	71	0
86	11	0
89	35	0
44	59	0
62	3	0
82	96	0
3	7	0
37	13	0
11	16	1
84	82	0
38	36	0
92	67	0
83	82	0
54	24	0
53	38	0
71	57	0
6	48	0
24	81	0
9	57	0
79	79	0
54	67	0
41	95	0
81	49	0
73	72	0
55	86	0
24	42	0
88	83	0
6	40	0
32	35	0
24	21	0
20	73	0
32	75	0
98	24	0
45	37	0
76	9	0
39	82	0
72	19	0
60	25	0
74	75	0
22	47	0
59	63	0
33	97	0
33	66	0
40	8	0
67	17	0
29	90	0
15	85	0
72	84	0
90	56	0
20	88	0
31	37	0
83	71	0
26	54	0
39	77	0
33	99	0
54	47	0
34	4	0
18	39	0
79	93	0
89	92	0
58	95	0
75	12	0
3	60	0
60	5	0
58	15	0
64	20	0
85	26	0
26	59	0
5	71	0
53	65	0
69	37	0
32	73	0
91	16	0
62	89	0
35	64	0
30	18	0
80	68	0
32	71	0
39	4	0
1	89	0
80	17	0
98	76	0
85	92	0
88	20	0
1	80	0
20	78	0
95	48	0
55	73	0
36	47	0
42	79	0
60	70	0
57	52	0
9	85	0
35	67	0
63	17	0
8	59	0
67	99	0
62	38	0
33	89	0
88	59	0
39	14	0
43	60	0
7	74	0
39	95	0
58	31	0
71	25	0
11	37	0
91	62	0
67	46	0
80	53	0
10	88	0
62	7	0
18	83	0
62	68	0
61	47	0
69	61	0
58	1	0
19	8	0
5	58	0
78	49	0
47	12	0
69	55	0
51	80	0
64	53	0
90	29	0
94	18	0
9	58	0
87	69	0
26	94	0
13	19	1
92	55	0
36	92	0
56	34	0
49	0	0
14	95	0
75	36	0
42	58	0
39	76	0
47	5	0
21	92	0
77	77	0
84	91	0
56	31	0
94	73	0
12	90	0
39	46	0
63	3	0
64	22	0
32	27	0
48	0	0
60	12	0
57	46	0
71	35	0
32	49	0
23	46	0
52	51	0
70	77	0
87	76	0
53	86	0
74	14	0
99	55	0
74	0	0
6	56	0
26	10	0
93	37	0
48	26	0
73	75	0
8	44	0
52	64	0
60	25	0
27	98	0
33	90	0
35	72	0
91	51	0
45	26	0
45	0	0
25	51	0
91	52	0
71	13	0
75	97	0
19	5	0
68	92	0
8	75	0
44	87	0
32	29	0
0	56	0
82	9	0
21	32	0
80	14	0
37	12	0
9	1	0
84	8	0
31	53	0
11	44	0
89	30	0
94	54	0
6	28	0
22	35	0
6	58	0
34	89	0
15	74	0
6	6	0
39	95	0
48	63	0
38	27	0
11	12	1
57	31	0
44	82	0
37	67	0
94	94	0
34	27	0
17	51	0
31	41	0
52	71	0
75	99	0
47	7	0
71	1	0
35	9	0
43	3	0
56	10	0
24	47	0
80	58	0
65	2	0
26	45	0
65	10	0
53	58	0
50	53	0
34	62	0
75	81	0
66	52	0
15	68	0
54	33	0
23	18	0
95	7	0
47	2	0
64	21	0
57	33	0
18	40	0
14	72	0
70	74	0
14	77	0
31	94	0
27	91	0
46	22	0
31	37	0
85	67	0
59	47	0
7	76	0
75	78	0
63	86	0
19	31	0
68	18	0
67	91	0
69	3	0
99	62	0
78	36	0
37	18	0
37	45	0
40	43	0
90	79	0
13	24	0
72	26	0
86	4	0
11	62	0
35	93	0
72	75	0
83	5	0
1	75	0
95	38	0
49	92	0
12	9	1
69	4	0
63	53	0
41	55	0
59	50	0
28	36	0
49	38	0
77	74	0
65	51	0
40	34	0
71	66	0
27	49	0
29	89	0
83	89	0
43	17	0
0	73	0
71	19	0
85	18	0
71	45	0
17	59	0
63	24	0
29	32	0
54	39	0
10	96	0
65	44	0
62	14	0
89	51	0
46	29	0
35	75	0
39	4	0
83	42	0
9	0	0
62	91	0
3	90	0
35	39	0
51	80	0
54	31	0
20	98	0
20	48	0
15	40	0
65	17	0
96	36	0
82	21	0
90	98	0
31	59	0
21	15	1
36	13	0
33	26	0
82	19	0
53	65	0
80	81	0
24	28	0
66	98	0
83	67	0
37	74	0
76	6	0
68	38	0
84	21	0
68	27	0
38	24	0
37	33	0
95	4	0
62	28	0
4	69	0
93	18	0
97	94	0
9	93	0
91	63	0
42	47	0
31	3	0
90	86	0
81	57	0
30	95	0
66	23	0
74	39	0
94	65	0
82	71	0
30	75	0
79	82	0
32	93	0
92	74	0
37	36	0
29	89	0
99	89	0
30	34	0
25	41	0
71	66	0
62	94	0
49	69	0
48	86	0
65	60	0
36	58	0
38	68	0
81	20	0
13	89	0
95	50	0
16	79	0
40	56	0
45	82	0
84	31	0
28	34	0
17	47	0
4	14	1
66	44	0
92	68	0
60	23	0
84	95	0
70	95	0
36	39	0
59	11	0
29	42	0
17	78	0
38	32	0
58	65	0
69	85	0
31	20	0
73	87	0
51	34	0
37	15	0
60	31	0
25	76	0
42	14	0
4	60	0
92	84	0
63	99	0
49	43	0
77	13	0
40	69	0
44	49	0
98	54	0
95	3	0
3	72	0
70	3	0
85	80	0
71	26	0
36	1	0
37	67	0
78	78	0
34	81	0
50	81	0
79	17	0
15	71	0
57	9	0
50	70	0
66	98	0
30	92	0
92	6	0
89	19	0
65	13	0
38	87	0
13	90	0
3	88	0
77	47	0
72	56	0
80	63	0
14	43	0
88	51	0
67	56	0
17	17	1
81	76	0
67	60	0
22	49	0
15	71	0
39	25	0
44	37	0
0	54	0
57	64	0
42	39	0
93	38	0
79	35	0
77	2	0
74	30	0
52	85	0
21	20	1
15	48	0
65	38	0
95	79	0
69	77	0
98	79	0
22	49	0
56	64	0
60	54	0
29	60	0
84	40	0
25	63	0
46	23	0
92	59	0
74	97	0
51	49	0
22	63	0
39	5	0
71	64	0
27	77	0
47	24	0
75	81	0
88	74	0
22	92	0
53	57	0
19	75	0
78	72	0
40	58	0
52	60	0
37	78	0
60	66	0
28	31	0
17	62	0
87	79	0
77	57	0
95	61	0
34	83	0
54	72	0
68	33	0
20	20	1
87	22	0
37	31	0
99	3	0
19	92	0
32	32	0
1	16	1
32	83	0
87	63	0
19	39	0
96	62	0
14	93	0
15	70	0
32	2	0
95	89	0
28	29	0
5	86	0
74	93	0
33	61	0
79	73	0
30	81	0
99	24	0
25	19	0
37	81	0
29	75	0
34	19	0
24	37	0
12	28	0
95	71	0
88	12	0
54	8	0
69	12	0
89	42	0
32	8	0
39	34	0
99	38	0
10	61	0
44	91	0
1	49	0
22	84	0
74	56	0
46	97	0
67	44	0
76	78	0
36	31	0
79	70	0
36	65	0
85	43	0
6	75	0
58	38	0
32	68	0
71	30	0
61	43	0
96	86	0
92	92	0
84	88	0
20	89	0
21	38	0
56	55	0
45	67	0
38	26	0
18	5	0
41	68	0
11	45	0
60	1	0
70	87	0
89	61	0
95	14	0
13	51	0
4	1	0
82	96	0
6	91	0
56	11	0
56	44	0
72	10	0
18	0	0
50	11	0
21	36	0
48	18	0
57	0	0
38	76	0
53	21	0
33	92	0
74	3	0
27	38	0
49	64	0
67	17	0
88	65	0
65	76	0
44	67	0
52	96	0
79	87	0
4	15	1
89	59	0
13	61	0
78	72	0
58	88	0
21	35	0
17	63	0
93	51	0
30	85	0
95	99	0
68	83	0
45	10	0
44	52	0
77	60	0
53	91	0
77	51	0
94	71	0
78	25	0
17	68	0
8	58	0
71	88	0
74	42	0
55	64	0
59	8	0
32	21	0
70	69	0
26	42	0
15	66	0
36	46	0
52	43	0
26	12	0
58	31	0
4	87	0
24	38	0
15	60	0
3	67	0
74	56	0
28	27	0
59	12	0
94	22	0
79	2	0
52	67	0
0	63	0
63	27	0
45	36	0
15	12	1
20	18	1
75	71	0
77	16	0
46	38	0
50	66	0
45	83	0
18	92	0
27	62	0
42	87	0
27	41	0
75	83	0
51	39	0
26	78	0
13	17	1
56	27	0
4	41	0
54	55	0
64	16	0
29	72	0
85	54	0
54	45	0
54	45	0
42	15	0
2	70	0
67	59	0
71	51	0
43	39	0
80	55	0
83	75	0
74	39	0
65	11	0
85	75	0
85	19	0
5	73	0
68	80	0
27	15	0
50	31	0
5	1	0
12	52	0
11	87	0
30	92	0
26	52	0
92	31	0
16	49	0
59	98	0
10	85	0
95	66	0
53	67	0
88	40	0
16	3	0
62	17	0
44	4	0
8	3	0
21	80	0
53	63	0
81	68	0
75	47	0
13	0	0
27	35	0
65	12	0
0	78	0
73	3	0
40	71	0
56	27	0
69	97	0
10	37	0
5	95	0
95	62	0
32	19	0
87	74	0
63	57	0
70	42	0
44	31	0
90	33	0
89	66	0
18	66	0
2	91	0
21	50	0
4	86	0
7	96	0
92	30	0
33	52	0
3	98	0
52	12	0
64	1	0
43	46	0
27	21	0
70	44	0
37	19	0
24	79	0
27	36	0
66	12	0
3	47	0
89	49	0
86	5	0
58	52	0
37	5	0
49	25	0
9	99	0
59	77	0
37	68	0
13	7	1
38	15	0
0	80	0
2	80	0
67	54	0
87	44	0
45	34	0
31	72	0
26	30	0
94	89	0
63	30	0
41	82	0
61	98	0
22	18	0
8	93	0
64	18	0
59	69	0
38	38	0
98	71	0
31	73	0
97	21	0
81	18	0
98	21	0
89	86	0
48	59	0
22	85	0
86	9	0
35	1	0
73	83	0
69	70	0
18	42	0
68	42	0
62	83	0
82	12	0
93	49	0
16	64	0
54	48	0
26	28	0
88	25	0
49	47	0
70	11	0
91	91	0
83	75	0
52	68	0
72	26	0
61	68	0
10	91	0
38	0	0
6	96	0
15	75	0
64	67	0
79	96	0
91	10	0
96	91	0
78	3	0
14	9	1
87	75	0
67	5	0
99	35	0
71	51	0
54	38	0
17	67	0
59	90	0
56	72	0
10	43	0
8	42	0
39	91	0
3	76	0
46	4	0
40	55	0
14	59	0
44	34	0
1	40	0
97	46	0
54	29	0
0	43	0
24	91	0
71	61	0
2	6	0
86	76	0
18	80	0
55	45	0
36	59	0
91	48	0
62	42	0
4	8	0
12	12	1
5	52	0
26	61	0
84	74	0
65	46	0
98	67	0
3	53	0
63	60	0
16	69	0
0	12	0
75	76	0
1	13	1
30	69	0
42	7	0
30	27	0
9	80	0
33	83	0
4	1	0
76	40	0
65	62	0
82	67	0
76	78	0
45	88	0
34	17	0
2	67	0
13	13	1
45	67	0
40	49	0
55	51	0
83	12	0
