93	63	0
33	3	0
31	35	0
60	97	0
18	5	0
95	41	0
95	91	0
53	12	0
59	71	0
60	22	0
86	49	0
1	88	0
13	0	0
29	85	0
96	23	0
71	79	0
52	38	0
18	59	0
88	51	0
95	10	0
46	94	0
56	64	0
72	84	0
54	8	0
29	76	0
50	14	0
90	70	0
64	89	0
89	82	0
0	33	0
54	15	0
41	21	0
96	28	0
25	54	0
81	64	0
12	88	0
36	92	0
92	21	0
81	85	0
45	7	0
32	67	0
92	67	0
97	74	0
54	63	0
98	49	0
11	79	0
66	3	0
98	67	0
13	71	0
72	9	0
13	79	0
62	90	0
27	75	0
98	71	0
42	40	0
38	26	0
93	89	0
98	95	0
99	4	0
18	97	0
97	10	0
35	4	0
69	79	0
34	2	0
5	92	0
88	13	0
32	80	0
64	94	0
43	61	0
5	29	0
68	85	0
14	56	0
96	29	0
35	83	0
60	98	0
63	34	0
29	95	0
58	94	0
4	17	0
99	12	0
92	19	0
46	70	0
85	39	0
91	59	0
51	15	0
31	10	0
70	51	0
9	96	0
49	3	0
46	75	0
47	4	0
55	32	0
83	35	0
31	60	0
75	46	0
0	60	0
82	93	0
1	87	0
40	99	0
96	57	0
68	14	0
35	70	0
33	63	0
66	5	0
69	49	0
4	64	0
34	1	0
11	39	0
39	43	0
63	79	0
47	37	0
13	93	0
82	22	0
48	80	0
73	67	0
96	11	0
74	95	0
54	77	0
36	16	0
57	98	0
98	73	0
79	63	0
22	92	0
64	28	0
33	17	0
21	44	1
71	12	0
8	60	0
96	70	0
97	22	0
82	47	0
42	49	0
58	4	0
79	68	0
21	20	0
38	29	0
98	61	0
45	35	0
61	82	0
57	79	0
53	25	0
42	42	0
58	40	0
10	46	0
23	46	1
21	54	0
81	88	0
49	60	0
38	97	0
75	41	0
73	65	0
53	69	0
89	63	0
20	20	0
54	54	0
23	12	0
14	69	0
33	63	0
89	34	0
37	44	0
90	5	0
41	88	0
53	26	0
41	48	0
79	78	0
28	70	0
50	68	0
44	84	0
37	49	0
39	14	0
53	18	0
40	87	0
26	63	0
77	82	0
93	65	0
33	98	0
98	75	0
30	49	0
21	69	0
47	75	0
53	52	0
22	17	0
74	87	0
98	76	0
54	69	0
61	31	0
3	44	0
55	3	0
74	50	0
58	23	0
77	18	0
23	49	0
7	48	0
48	50	0
70	27	0
39	65	0
82	25	0
44	96	0
26	69	0
40	26	0
77	84	0
39	53	0
35	9	0
24	84	0
59	4	0
93	85	0
52	91	0
92	2	0
6	74	0
18	64	0
95	29	0
52	86	0
28	44	0
59	70	0
58	65	0
44	59	0
17	73	0
26	58	0
69	2	0
10	59	0
61	81	0
96	46	0
43	91	0
80	61	0
73	23	0
54	66	0
19	84	0
36	99	0
44	29	0
76	29	0
83	52	0
58	42	0
69	64	0
4	39	0
59	26	0
19	91	0
59	57	0
73	40	0
69	28	0
46	5	0
14	46	0
93	24	0
35	14	0
65	71	0
61	81	0
67	43	0
95	38	0
97	5	0
3	39	0
96	75	0
28	97	0
96	76	0
34	96	0
64	30	0
74	32	0
19	85	0
82	23	0
32	60	0
31	77	0
47	5	0
27	97	0
76	88	0
76	86	0
92	46	0
99	68	0
15	94	0
36	72	0
74	7	0
76	50	0
34	18	0
36	0	0
52	23	0
54	50	0
84	45	0
36	53	0
37	47	0
35	70	0
74	91	0
90	59	0
57	82	0
85	9	0
93	39	0
64	16	0
23	36	0
76	43	0
78	49	0
73	71	0
4	39	0
33	63	0
62	16	0
12	90	0
32	84	0
18	77	0
86	74	0
53	16	0
38	0	0
35	55	0
79	75	0
62	8	0
78	92	0
18	1	0
50	97	0
6	67	0
49	92	0
44	36	0
4	53	0
72	37	0
72	14	0
53	19	0
78	8	0
40	62	0
7	54	0
73	23	0
86	62	0
6	6	0
4	62	0
32	93	0
9	88	0
45	95	0
52	65	0
61	42	0
67	2	0
46	80	0
48	70	0
86	93	0
36	28	1
4	54	0
26	46	1
60	48	0
74	75	0
30	30	1
84	27	0
33	7	0
50	9	0
51	19	0
36	40	0
73	67	0
69	11	0
7	45	0
34	12	0
50	63	0
40	31	0
28	44	1
90	79	0
76	53	0
9	45	0
62	39	0
94	7	0
65	11	0
64	27	0
42	40	0
39	34	0
4	77	0
61	82	0
32	74	0
25	99	0
27	81	0
54	12	0
42	39	0
95	42	0
81	49	0
2	57	0
81	68	0
76	79	0
85	28	0
81	85	0
80	7	0
74	61	0
75	62	0
25	32	1
63	48	0
28	49	1
92	77	0
68	6	0
96	24	0
33	49	0
46	96	0
62	75	0
82	17	0
15	68	0
98	32	0
63	94	0
85	22	0
68	28	0
41	57	0
62	36	0
33	52	0
55	84	0
78	32	0
32	22	0
75	86	0
35	55	0
23	96	0
96	99	0
49	35	0
2	92	0
53	50	0
97	12	0
83	36	0
16	68	0
64	48	0
38	23	1
53	48	0
7	98	0
88	26	0
46	8	0
93	45	0
53	44	0
30	91	0
13	6	0
62	62	0
61	96	0
4	47	0
41	84	0
35	84	0
46	28	0
19	83	0
15	32	0
69	3	0
78	21	0
84	2	0
95	93	0
26	70	0
46	21	0
83	5	0
78	57	0
71	90	0
1	21	0
62	91	0
97	62	0
31	82	0
79	0	0
48	60	0
72	21	0
70	11	0
42	24	0
41	16	0
92	7	0
84	35	0
12	91	0
81	12	0
92	93	0
27	95	0
96	68	0
39	48	0
16	25	0
79	96	0
62	44	0
3	93	0
70	33	0
80	37	0
74	48	0
85	67	0
22	63	0
87	59	0
39	94	0
93	76	0
26	96	0
89	84	0
44	33	0
62	66	0
61	97	0
45	65	0
60	98	0
69	55	0
40	50	0
40	60	0
86	4	0
3	91	0
99	54	0
23	88	0
44	69	0
45	82	0
90	44	0
31	54	0
39	17	0
84	56	0
61	15	0
82	98	0
46	92	0
44	50	0
53	14	0
31	42	0
57	93	0
40	18	0
35	71	0
84	74	0
42	9	0
95	90	0
65	5	0
5	7	0
43	38	0
18	66	0
43	0	0
14	74	0
92	81	0
63	80	0
66	43	0
64	3	0
45	63	0
48	58	0
96	55	0
92	10	0
5	68	0
84	8	0
48	70	0
54	31	0
37	9	0
31	62	0
83	85	0
30	72	0
43	79	0
71	33	0
20	48	0
67	35	0
42	57	0
62	94	0
27	98	0
94	13	0
96	19	0
72	13	0
21	78	0
30	96	0
26	89	0
64	41	0
75	83	0
75	92	0
5	36	0
68	34	0
71	79	0
73	60	0
63	76	0
15	86	0
16	73	0
38	17	0
47	16	0
7	35	0
41	48	0
37	49	0
88	31	0
87	39	0
78	10	0
70	50	0
57	53	0
23	48	0
48	27	0
91	82	0
47	98	0
82	55	0
36	66	0
36	95	0
81	56	0
31	52	0
81	24	0
28	38	1
31	12	0
93	53	0
78	92	0
49	46	0
9	46	0
47	10	0
49	54	0
43	86	0
30	27	1
76	87	0
94	58	0
8	84	0
73	47	0
12	59	0
65	51	0
45	69	0
55	48	0
41	77	0
62	65	0
5	60	0
68	61	0
73	45	0
83	55	0
35	63	0
66	83	0
44	6	0
96	22	0
54	45	0
92	4	0
12	86	0
37	82	0
82	64	0
20	50	0
74	73	0
15	90	0
15	82	0
87	86	0
43	30	0
2	66	0
67	98	0
49	66	0
92	66	0
24	96	0
90	34	0
17	2	0
34	69	0
29	84	0
35	12	0
18	53	1
14	16	0
86	68	0
96	12	0
54	7	0
69	39	0
87	17	0
25	6	0
28	66	0
89	34	0
7	61	0
53	85	0
0	52	0
27	77	0
75	59	0
54	97	0
72	51	0
66	82	0
68	56	0
47	50	0
77	74	0
4	78	0
47	37	0
26	78	0
87	47	0
72	29	0
96	58	0
97	97	0
89	88	0
44	73	0
76	41	0
60	60	0
33	26	0
36	15	0
38	66	0
8	44	0
67	6	0
73	78	0
81	82	0
91	2	0
17	45	1
61	82	0
16	91	0
53	11	0
56	32	0
66	22	0
52	22	0
41	19	0
78	10	0
37	98	0
71	19	0
33	94	0
98	19	0
42	59	0
69	41	0
74	99	0
73	70	0
39	74	0
64	95	0
84	64	0
92	46	0
9	64	0
86	80	0
77	95	0
10	61	0
99	41	0
29	69	0
98	87	0
46	90	0
29	14	0
75	67	0
93	54	0
55	77	0
72	76	0
98	63	0
75	37	0
27	60	0
0	58	0
67	81	0
68	31	0
50	42	0
50	11	0
28	27	1
88	79	0
16	60	0
66	27	0
42	1	0
53	23	0
9	86	0
14	60	0
8	77	0
72	48	0
92	21	0
92	35	0
93	4	0
66	93	0
6	56	0
63	28	0
57	47	0
36	85	0
93	23	0
62	58	0
32	85	0
24	92	0
41	70	0
26	93	0
31	5	0
70	73	0
46	18	0
38	73	0
49	44	0
4	43	0
68	62	0
65	16	0
30	84	0
97	56	0
27	49	0
21	36	0
17	68	0
80	59	0
68	60	0
45	49	0
90	70	0
98	68	0
61	44	0
64	16	0
80	61	0
84	32	0
12	47	0
84	79	0
53	35	0
17	71	0
4	87	0
29	94	0
28	58	0
91	22	0
2	51	0
56	89	0
0	90	0
86	62	0
47	34	0
89	31	0
16	21	0
33	39	0
73	14	0
34	77	0
47	50	0
97	62	0
87	33	0
0	1	0
3	44	0
54	12	0
2	48	0
77	10	0
48	76	0
31	34	0
95	93	0
1	11	0
40	92	0
97	44	0
42	1	0
91	89	0
49	64	0
66	63	0
36	36	0
92	35	0
90	85	0
11	60	0
7	74	0
7	45	0
20	75	0
16	83	0
67	20	0
30	56	0
19	90	0
37	12	0
60	18	0
36	64	0
59	48	0
42	10	0
34	71	0
28	24	1
93	18	0
1	33	0
78	40	0
94	20	0
48	50	0
30	21	0
47	1	0
16	96	0
44	70	0
41	63	0
28	13	0
21	99	0
19	80	0
63	44	0
94	36	0
31	30	1
31	72	0
91	99	0
54	26	0
63	68	0
58	88	0
5	92	0
84	39	0
52	60	0
15	26	0
94	67	0
55	52	0
99	18	0
68	7	0
83	25	0
61	92	0
51	44	0
45	39	0
67	26	0
45	3	0
47	87	0
50	76	0
20	56	0
79	32	0
52	88	0
92	37	0
93	55	0
34	79	0
37	63	0
86	26	0
46	47	0
73	10	0
96	96	0
75	74	0
44	72	0
73	41	0
72	92	0
10	80	0
51	14	0
10	96	0
14	62	0
53	63	0
74	80	0
62	16	0
99	89	0
94	14	0
98	96	0
59	5	0
76	26	0
71	66	0
60	37	0
18	81	0
47	87	0
72	81	0
28	40	1
4	31	0
23	85	0
11	75	0
43	13	0
39	50	0
20	53	0
1	48	0
88	44	0
44	22	0
15	66	0
28	81	0
65	96	0
94	39	0
1	68	0
70	37	0
37	69	0
82	49	0
72	39	0
1	47	0
27	53	0
85	40	0
68	57	0
82	48	0
9	65	0
61	53	0
0	84	0
0	0	0
93	63	0
12	63	0
23	3	0
36	24	1
4	97	0
20	78	0
91	45	0
78	76	0
80	61	0
87	83	0
51	66	0
64	38	0
4	73	0
43	69	0
32	63	0
64	44	0
94	11	0
