93	64	0
26	0	0
29	31	0
63	98	0
19	2	0
91	40	0
99	93	0
58	14	0
60	76	0
63	27	0
82	52	0
3	88	0
13	8	0
20	86	0
96	24	0
79	78	0
53	41	0
16	60	0
88	53	0
98	15	0
45	97	0
62	67	0
74	78	0
54	3	0
27	75	0
52	18	0
88	75	0
69	90	0
89	79	0
2	36	0
51	12	0
41	24	0
94	28	0
17	59	1
81	64	0
11	87	0
35	93	0
87	19	0
79	82	0
40	7	0
37	66	0
88	69	0
92	72	0
54	65	0
99	49	0
14	83	0
74	4	0
99	63	0
17	71	0
69	9	0
8	74	0
54	84	0
28	70	0
96	68	0
46	38	0
39	31	0
94	86	0
99	91	0
98	7	0
19	99	0
99	15	0
32	3	0
72	90	0
36	0	0
7	95	0
89	13	0
31	80	0
64	94	0
46	59	0
7	31	0
68	83	0
15	52	1
87	29	0
29	88	0
56	97	0
62	28	0
29	93	0
62	96	0
1	14	0
98	9	0
87	18	0
51	71	0
87	36	0
93	58	0
51	18	0
31	11	0
69	52	0
2	94	0
51	0	0
45	67	0
47	9	0
60	28	0
83	34	0
33	64	0
82	47	0
2	59	0
82	93	0
2	90	0
40	93	0
95	52	0
70	13	0
37	71	0
32	58	0
59	4	0
68	55	0
8	65	0
33	1	0
9	47	0
38	50	0
63	80	0
43	40	0
11	91	0
78	28	0
44	83	0
76	66	0
91	9	0
74	94	0
61	69	0
28	23	0
61	94	0
98	77	0
74	58	0
27	95	0
66	32	0
33	18	0
71	7	0
13	56	0
95	75	0
97	25	0
89	49	0
37	53	0
54	0	0
78	62	0
16	24	0
46	27	0
99	56	0
47	33	0
61	79	0
61	80	0
49	26	0
38	37	0
59	35	0
10	53	0
21	60	0
72	88	0
47	61	0
41	96	0
72	39	0
74	63	0
51	65	0
90	64	0
18	20	0
52	54	0
22	14	0
9	76	0
31	63	0
86	40	0
38	47	0
91	0	0
37	84	0
58	27	0
41	42	0
75	78	0
28	70	0
52	66	0
42	89	0
36	53	0
41	15	0
52	16	0
40	92	0
25	65	0
75	82	0
94	65	0
23	99	0
99	73	0
29	51	0
24	73	0
49	72	0
57	56	0
16	24	0
74	86	0
98	78	0
49	64	0
63	28	0
4	44	0
56	9	0
70	52	0
56	16	0
79	22	0
19	50	1
1	49	0
44	54	0
66	31	0
40	68	0
86	25	0
38	97	0
25	60	0
40	20	1
77	83	0
44	52	0
26	10	0
27	78	0
64	8	0
94	85	0
47	92	0
96	2	0
7	67	0
19	68	0
98	34	0
51	88	0
24	49	1
56	74	0
70	65	0
47	62	0
21	75	0
20	53	0
68	1	0
10	55	0
60	79	0
94	49	0
42	86	0
81	64	0
82	23	0
49	74	0
23	76	0
35	99	0
45	28	0
76	32	0
79	44	0
57	42	0
73	69	0
6	46	0
64	24	0
22	98	0
59	66	0
78	43	0
70	30	0
52	6	0
6	45	0
95	21	0
36	22	1
68	72	0
61	90	0
73	44	0
93	34	0
95	11	0
0	36	0
87	75	0
33	95	0
94	78	0
34	99	0
60	33	0
77	34	0
16	90	0
88	22	0
28	59	0
31	73	0
49	13	0
32	93	0
79	89	0
79	80	0
93	53	0
97	60	0
11	90	0
37	74	0
76	7	0
75	46	0
32	19	0
38	1	0
50	26	0
50	52	0
85	49	0
32	55	0
40	47	0
28	81	0
74	88	0
84	57	0
57	77	0
82	9	0
92	42	0
63	10	0
26	43	0
82	44	0
77	52	0
71	72	0
4	40	0
32	66	0
61	21	0
18	92	0
30	79	0
15	80	0
87	77	0
49	14	0
35	1	0
36	54	0
79	72	0
63	5	0
83	93	0
22	0	0
50	91	0
9	66	0
49	89	0
46	35	0
8	47	0
76	34	0
75	11	0
49	14	0
75	14	0
38	63	0
6	52	0
73	18	0
83	59	0
5	8	0
7	62	0
35	96	0
9	84	0
50	97	0
49	67	0
63	42	0
71	5	0
46	82	0
46	71	0
99	88	0
35	24	1
0	55	0
33	47	1
59	47	0
74	77	0
31	31	1
85	27	0
34	3	0
48	0	0
51	18	0
44	33	0
75	60	0
64	15	0
16	53	0
32	10	0
47	58	0
42	36	0
31	43	1
90	74	0
85	58	0
8	49	0
58	33	0
96	10	0
64	14	0
68	23	0
45	40	0
42	35	0
5	71	0
68	83	0
39	75	0
17	99	0
25	75	0
53	11	0
40	39	0
98	37	0
85	44	0
5	63	0
81	63	0
76	82	0
81	26	0
78	88	0
78	2	0
72	71	0
78	61	0
28	33	1
62	50	0
88	72	0
64	9	0
93	17	0
31	49	0
49	95	0
62	72	0
82	15	0
24	70	0
99	25	0
67	95	0
88	17	0
63	26	0
32	58	0
62	37	0
35	53	0
53	87	0
79	36	0
36	18	1
75	86	0
37	53	0
18	94	0
98	96	0
48	30	0
3	91	0
51	49	0
90	8	0
81	39	0
26	65	0
64	55	0
36	21	1
56	52	0
11	98	0
80	26	0
42	7	0
89	50	0
51	46	0
33	90	0
15	8	0
57	60	0
54	97	0
1	47	0
40	79	0
40	83	0
52	27	0
23	81	0
18	29	0
74	1	0
72	15	0
88	5	0
88	91	0
20	69	0
45	21	0
84	1	0
78	56	0
74	93	0
2	25	0
60	96	0
98	66	0
34	79	0
83	4	0
44	61	0
71	21	0
67	8	0
39	18	1
44	15	0
99	8	0
85	39	0
10	91	0
82	12	0
91	92	0
27	97	0
98	73	0
39	45	0
15	27	0
80	96	0
63	46	0
4	86	0
67	38	0
77	36	0
68	40	0
81	70	0
29	67	0
93	65	0
41	94	0
92	71	0
24	96	0
90	87	0
42	35	0
61	66	0
62	99	0
49	62	0
59	94	0
76	53	0
40	46	0
36	56	0
86	1	0
1	87	0
96	57	0
21	85	0
44	66	0
43	82	0
86	43	0
34	51	0
42	22	0
85	56	0
69	12	0
83	97	0
47	95	0
39	55	0
49	13	0
37	45	0
57	99	0
46	16	0
40	65	0
81	78	0
36	12	0
97	91	0
66	5	0
6	5	0
44	36	0
21	71	0
46	2	0
11	72	0
89	82	0
65	85	0
63	41	0
69	1	0
41	61	0
44	64	0
97	56	0
95	1	0
11	76	0
84	4	0
54	70	0
54	27	0
35	9	0
32	63	0
83	87	0
34	68	0
47	79	0
66	32	0
22	52	1
72	33	0
43	56	0
66	94	0
25	98	0
95	16	0
96	19	0
74	14	0
20	65	0
31	97	0
23	89	0
65	41	0
77	81	0
79	94	0
3	37	0
63	38	0
71	81	0
70	60	0
63	81	0
10	87	0
16	78	0
41	21	0
48	15	0
8	36	0
42	44	0
38	44	0
98	30	0
86	40	0
79	10	0
76	43	0
55	55	0
28	43	1
42	26	0
93	80	0
46	94	0
83	56	0
38	69	0
37	89	0
79	56	0
24	52	1
77	24	0
30	13	0
93	49	0
78	93	0
50	48	0
7	48	0
46	11	0
48	52	0
41	83	0
68	91	0
94	59	0
11	79	0
70	49	0
14	64	0
64	49	0
42	70	0
54	53	0
47	76	0
63	73	0
2	64	0
66	66	0
77	48	0
84	55	0
36	70	0
64	86	0
42	11	0
99	21	0
53	47	0
92	3	0
9	84	0
37	82	0
87	66	0
15	49	1
74	72	0
18	93	0
17	81	0
84	84	0
42	24	0
3	72	0
68	98	0
52	62	0
92	69	0
24	97	0
84	41	0
16	1	0
38	71	0
25	80	0
36	16	0
17	54	1
12	19	0
86	65	0
99	18	0
47	11	0
68	40	0
88	10	0
21	8	0
33	64	0
81	32	0
10	63	0
54	81	0
1	47	0
24	73	0
76	60	0
51	99	0
71	51	0
75	81	0
74	58	0
47	56	0
76	76	0
8	80	0
41	40	0
27	81	0
80	49	0
69	30	0
92	51	0
97	99	0
90	89	0
39	71	0
77	46	0
58	55	0
32	22	1
35	19	1
36	64	0
6	43	0
66	4	0
70	75	0
89	80	0
89	6	0
17	47	1
56	81	0
6	94	0
51	9	0
52	27	0
69	23	0
60	22	0
39	20	0
77	12	0
34	88	0
69	21	0
31	94	0
99	19	0
41	64	0
63	35	0
67	98	0
79	68	0
34	79	0
65	98	0
90	65	0
90	43	0
16	63	0
91	81	0
71	94	0
16	59	0
99	48	0
32	74	0
93	85	0
51	91	0
30	15	0
75	73	0
97	49	0
46	86	0
76	74	0
96	56	0
80	40	0
30	56	0
3	59	0
59	81	0
67	27	0
50	42	0
47	9	0
33	22	1
87	79	0
15	50	0
65	29	0
46	11	0
52	22	0
6	87	0
12	56	0
9	77	0
69	42	0
95	23	0
93	25	0
98	1	0
68	95	0
4	55	0
61	22	0
57	49	0
37	82	0
91	27	0
59	53	0
34	85	0
20	94	0
37	67	0
21	98	0
32	8	0
71	71	0
47	18	0
40	76	0
49	45	0
4	43	0
67	65	0
66	17	0
26	90	0
94	52	0
26	46	1
19	31	0
15	69	0
81	61	0
64	57	0
46	43	0
95	60	0
98	64	0
65	47	0
57	13	0
72	64	0
84	38	0
9	41	0
88	79	0
51	36	0
20	73	0
1	83	0
27	97	0
26	59	0
94	24	0
0	55	0
59	88	0
5	86	0
87	64	0
49	30	0
89	28	0
18	20	0
31	34	0
73	12	0
29	71	0
44	55	0
99	58	0
87	38	0
6	0	0
2	47	0
54	20	0
4	44	0
76	8	0
48	71	0
25	29	1
90	87	0
1	9	0
44	98	0
92	40	0
36	3	0
91	87	0
54	62	0
71	65	0
39	41	0
92	36	0
94	76	0
10	66	0
9	77	0
7	42	0
22	68	0
15	89	0
63	18	0
31	57	0
9	92	0
35	15	0
60	10	0
34	66	0
65	43	0
43	8	0
40	79	0
98	21	0
7	25	0
74	43	0
90	24	0
46	45	0
25	25	0
45	3	0
19	91	0
46	67	0
30	59	0
27	16	0
22	96	0
20	76	0
60	46	0
93	49	0
33	74	0
84	93	0
52	27	0
66	69	0
57	92	0
4	88	0
82	40	0
50	54	0
11	22	0
97	67	0
53	54	0
96	21	0
72	15	0
83	28	0
59	99	0
48	45	0
43	37	0
68	26	0
45	2	0
51	91	0
49	74	0
18	46	1
80	32	0
58	92	0
93	46	0
86	56	0
38	78	0
30	67	0
82	28	0
50	38	0
73	7	0
94	92	0
78	78	0
53	70	0
75	45	0
77	91	0
16	77	0
52	17	0
18	99	0
10	56	0
43	58	0
74	84	0
62	16	0
99	94	0
88	16	0
99	97	0
66	8	0
74	23	0
65	60	0
57	33	0
22	87	0
48	88	0
77	81	0
9	34	0
17	78	0
6	76	0
37	9	0
41	46	0
20	53	0
3	46	0
84	43	0
46	22	0
13	65	0
25	85	0
66	97	0
94	46	0
1	70	0
68	45	0
33	73	0
79	53	0
75	30	0
4	51	0
27	56	0
86	41	0
72	55	0
83	50	0
10	65	0
62	53	0
1	87	0
1	6	0
87	64	0
14	67	0
22	9	0
37	24	1
4	97	0
18	83	0
92	40	0
75	78	0
83	58	0
89	82	0
49	65	0
62	41	0
0	66	0
49	62	0
32	64	0
60	49	0
91	21	0
