92	65	0
50	17	0
41	16	0
46	99	0
6	23	0
96	33	0
95	87	0
42	16	0
73	81	0
36	35	0
81	39	0
5	83	0
17	10	0
24	63	0
98	21	0
97	74	0
65	29	0
33	48	0
96	60	0
91	2	0
42	84	0
70	77	0
73	94	0
69	0	0
44	88	0
60	1	0
75	81	0
66	95	0
99	62	0
0	34	0
47	38	0
46	29	0
86	28	0
47	45	0
90	63	0
17	91	0
59	88	0
98	24	0
77	96	0
53	2	0
21	50	0
80	51	0
92	64	0
56	75	0
94	43	0
15	85	0
29	42	0
61	9	0
89	58	0
14	67	0
61	7	0
29	84	0
50	95	0
33	67	0
96	61	0
40	25	0
43	33	0
79	74	0
95	95	0
79	19	0
10	96	0
89	8	0
42	4	0
77	69	0
44	18	0
12	82	0
79	11	0
42	78	0
84	91	0
61	67	0
14	23	0
77	84	0
30	37	0
23	49	0
87	36	0
9	32	0
40	79	0
47	84	0
69	21	0
43	98	0
61	98	0
2	0	0
7	15	0
96	15	0
99	26	0
35	50	0
83	40	0
22	19	0
78	56	0
32	44	0
33	10	0
42	8	0
71	36	0
12	86	0
72	10	0
51	77	0
42	9	0
47	32	0
93	42	0
33	71	0
79	56	0
18	57	0
75	92	0
7	75	0
42	80	0
89	45	0
62	2	0
49	67	0
18	64	0
56	0	0
59	57	0
15	59	0
47	5	0
40	56	0
33	37	0
91	90	0
53	45	0
3	2	1
28	93	0
75	6	0
65	64	0
17	32	1
85	79	0
95	10	0
69	66	0
54	75	0
32	11	0
54	98	0
79	80	0
81	54	0
34	96	0
67	29	0
41	22	0
19	43	0
83	11	0
5	77	0
97	69	0
99	23	0
88	31	0
39	55	0
59	18	0
86	81	0
7	17	0
44	14	0
90	69	0
33	40	0
81	73	0
87	89	0
50	18	0
43	31	0
56	61	0
7	47	0
24	72	0
11	59	0
78	73	0
38	52	0
45	96	0
78	58	0
73	75	0
53	86	0
17	45	0
92	66	0
1	32	0
42	48	0
24	15	0
21	77	0
38	78	0
92	38	0
30	32	0
84	18	0
37	84	0
60	30	0
46	45	0
79	82	0
23	55	0
66	84	0
34	86	0
35	58	0
34	22	0
60	11	0
35	75	0
21	78	0
77	82	0
92	59	0
14	85	0
20	36	0
98	68	0
27	64	0
30	92	0
53	88	0
42	49	0
32	10	0
17	41	0
67	84	0
81	93	0
55	85	0
75	25	0
2	74	0
53	4	0
80	20	0
70	29	0
76	23	0
24	60	0
2	66	0
53	59	0
77	31	0
34	71	0
93	28	0
39	92	0
32	64	0
38	14	0
78	73	0
31	55	0
33	4	0
9	97	0
70	10	0
98	85	0
80	91	0
93	15	0
2	77	0
12	70	0
97	44	0
52	72	0
39	48	0
51	62	0
57	73	0
48	61	0
10	77	0
34	64	0
72	5	0
0	67	0
64	95	0
86	46	0
42	87	0
88	62	0
50	13	0
47	67	0
22	82	0
34	97	0
60	32	0
66	29	0
21	36	0
95	61	0
76	41	0
76	64	0
8	70	0
56	20	0
4	88	0
70	65	0
52	48	0
67	46	0
53	17	0
6	57	0
83	35	0
49	10	0
75	63	0
49	82	0
67	35	0
96	36	0
95	4	0
0	68	0
89	71	0
21	94	0
96	65	0
44	92	0
63	29	0
56	2	0
22	95	0
68	37	0
40	61	0
44	79	0
48	4	0
23	87	0
71	92	0
86	80	0
74	37	0
87	70	0
15	88	0
46	47	0
53	9	0
67	24	0
30	14	0
35	2	0
49	6	0
56	54	0
72	35	0
32	55	0
34	53	0
43	65	0
73	88	0
92	83	0
60	82	0
81	17	0
81	52	0
79	12	0
22	54	0
31	15	0
86	37	0
64	31	0
75	75	0
6	41	0
50	73	0
53	23	0
30	93	0
35	93	0
22	73	0
93	65	0
43	25	0
39	8	0
23	58	0
90	59	0
71	17	0
78	89	0
11	8	0
69	90	0
8	77	0
49	84	0
40	32	0
0	52	0
80	6	0
25	32	0
87	13	0
53	15	0
83	12	0
31	44	0
16	49	0
84	23	0
91	57	0
3	22	0
21	33	0
4	65	0
36	84	0
16	87	0
1	8	1
45	85	0
55	75	0
49	44	0
70	27	0
49	93	0
40	68	0
90	97	0
40	33	0
17	47	0
21	39	0
57	72	0
80	90	0
41	22	0
87	7	0
27	1	0
64	2	0
60	13	0
23	42	0
75	64	0
72	0	0
14	36	0
47	19	0
55	43	0
46	48	0
25	57	0
87	82	0
73	50	0
17	58	0
53	34	0
96	8	0
57	9	0
62	21	0
54	41	0
27	31	0
9	72	0
73	76	0
15	79	0
36	86	0
20	99	0
50	28	0
40	46	0
92	50	0
73	44	0
5	83	0
76	77	0
63	81	0
14	31	1
76	29	0
63	97	0
74	0	0
83	57	0
80	52	0
30	16	0
40	45	0
35	41	0
90	79	0
1	5	1
69	20	0
93	0	0
18	39	0
33	91	0
64	74	0
83	4	0
3	60	0
96	32	0
45	96	0
77	17	0
67	50	0
50	55	0
46	41	0
29	41	0
41	36	0
71	81	0
80	39	0
41	35	0
77	72	0
25	59	0
18	93	0
92	92	0
31	35	0
2	82	0
63	26	0
92	16	0
82	42	0
9	58	0
65	46	0
38	35	0
46	45	0
2	97	0
70	18	0
50	9	0
89	54	0
49	20	0
26	79	0
20	4	0
72	49	0
70	97	0
2	76	0
45	53	0
46	71	0
56	26	0
22	99	0
16	47	0
30	39	0
61	17	0
85	25	0
90	17	0
85	90	0
24	61	0
30	25	0
31	32	0
84	17	0
61	60	0
71	90	0
17	41	0
71	98	0
89	65	0
37	74	0
69	10	0
66	39	0
77	23	0
74	6	0
47	22	0
44	33	0
93	0	0
81	32	0
1	71	0
87	12	0
93	99	0
2	98	0
88	56	0
54	46	0
23	17	0
95	85	0
68	59	0
11	98	0
64	27	0
82	37	0
82	55	0
77	62	0
30	69	0
74	76	0
42	97	0
84	70	0
19	29	0
36	99	0
93	81	0
38	36	0
27	35	0
64	78	0
59	96	0
43	69	0
59	99	0
55	52	0
38	65	0
31	69	0
88	22	0
20	98	0
86	48	0
25	93	0
52	64	0
46	77	0
86	35	0
35	38	0
22	50	0
51	25	0
91	64	0
67	15	0
88	98	0
72	99	0
38	56	0
62	1	0
31	45	0
39	91	0
38	25	0
49	67	0
70	81	0
24	23	0
87	99	0
39	25	0
25	21	0
66	39	0
25	76	0
47	14	0
5	56	0
87	83	0
57	86	0
57	47	0
82	11	0
48	72	0
45	54	0
99	59	0
87	4	0
3	71	0
77	1	0
70	72	0
75	35	0
38	15	0
33	71	0
83	79	0
26	65	0
52	83	0
77	25	0
12	61	0
69	19	0
46	58	0
64	96	0
32	91	0
89	6	0
92	28	0
63	15	0
33	86	0
13	89	0
7	87	0
73	43	0
69	62	0
70	81	0
13	46	0
72	32	0
66	63	0
85	77	0
54	59	0
22	60	0
29	63	0
39	22	0
44	24	0
1	44	0
44	67	0
38	45	0
92	32	0
76	34	0
75	1	0
86	45	0
54	70	0
22	55	0
57	27	0
92	79	0
61	88	0
94	69	0
17	49	0
59	72	0
68	47	0
30	53	0
76	33	0
20	55	0
40	22	0
79	51	0
84	99	0
59	55	0
16	61	0
50	4	0
52	60	0
29	87	0
39	29	0
85	82	0
92	71	0
18	98	0
59	73	0
12	71	0
75	58	0
33	48	0
46	63	0
36	74	0
64	72	0
19	30	1
9	63	0
94	79	0
71	54	0
96	57	0
22	65	0
52	89	0
58	26	0
92	26	0
36	45	0
97	9	0
19	89	0
27	32	0
35	71	0
86	57	0
19	43	0
81	65	0
16	98	0
12	71	0
13	10	1
91	87	0
38	30	0
1	69	0
78	89	0
52	64	0
81	71	0
22	91	0
98	35	0
29	0	0
37	86	0
35	76	0
36	20	0
21	40	0
6	17	0
82	74	0
95	3	0
59	5	0
70	15	0
99	46	0
34	10	0
27	49	0
97	42	0
8	54	0
57	83	0
0	61	0
21	78	0
72	55	0
49	95	0
81	48	0
70	85	0
28	36	0
75	65	0
43	57	0
80	50	0
16	77	0
47	33	0
32	76	0
84	32	0
60	35	0
98	73	0
94	99	0
88	78	0
35	69	0
18	26	0
57	41	0
45	77	0
33	17	0
25	2	0
36	75	0
19	38	0
62	4	0
69	82	0
74	66	0
93	14	0
7	47	0
67	88	0
5	95	0
54	10	0
68	51	0
62	21	0
34	19	0
24	36	0
34	15	0
73	8	0
39	87	0
55	31	0
32	81	0
78	15	0
31	44	0
47	63	0
75	18	0
87	70	0
62	71	0
35	67	0
51	89	0
76	84	0
85	48	0
25	67	0
74	74	0
63	94	0
19	42	0
20	53	0
97	34	0
30	86	0
97	88	0
69	84	0
44	2	0
58	60	0
92	57	0
67	85	0
83	51	0
94	76	0
83	30	0
8	62	0
7	58	0
72	86	0
76	43	0
55	62	0
56	9	0
31	16	0
84	68	0
22	31	0
11	59	0
42	50	0
54	39	0
39	19	0
46	33	0
14	86	0
23	36	0
9	60	0
14	76	0
71	47	0
18	22	0
62	11	0
97	29	0
79	1	0
56	78	0
8	57	0
59	30	0
51	34	0
57	81	0
92	14	0
35	39	0
54	62	0
52	78	0
19	99	0
39	71	0
37	84	0
27	24	0
75	82	0
41	47	0
33	85	0
63	30	0
13	41	0
58	62	0
65	21	0
30	76	0
80	39	0
52	42	0
46	45	0
30	12	0
7	65	0
76	68	0
75	64	0
41	46	0
88	60	0
82	73	0
71	27	0
62	9	0
75	80	0
76	14	0
7	66	0
74	80	0
40	20	0
70	37	0
20	69	0
13	87	0
35	92	0
28	54	0
97	28	0
19	52	0
51	98	0
17	86	0
99	72	0
56	62	0
84	38	0
23	3	0
49	23	0
62	1	0
9	81	0
62	58	0
82	66	0
74	44	0
18	1	0
24	44	0
73	12	0
6	82	0
78	3	0
49	67	0
46	27	0
81	95	0
3	22	0
19	91	0
98	54	0
32	16	0
96	84	0
59	64	0
71	52	0
42	29	0
90	30	0
93	79	0
7	66	0
1	79	0
20	54	0
9	88	0
5	90	0
79	25	0
45	42	0
5	94	0
51	7	0
70	5	0
40	53	0
74	51	0
47	20	0
27	59	0
29	29	0
84	15	0
11	41	0
89	64	0
92	6	0
54	53	0
27	19	0
58	12	0
15	94	0
56	75	0
39	61	0
38	16	0
2	89	0
5	89	0
67	53	0
96	39	0
41	26	0
26	79	0
99	93	0
52	29	0
57	73	0
69	88	0
2	78	0
71	24	0
56	59	0
21	37	0
97	75	0
46	65	0
98	13	0
75	14	0
84	22	0
76	93	0
44	66	0
35	77	0
81	23	0
32	7	0
67	95	0
66	75	0
19	54	0
70	44	0
68	94	0
79	9	0
97	53	0
31	76	0
57	51	0
32	29	0
84	21	0
33	51	0
66	2	0
89	98	0
76	65	0
52	74	0
81	28	0
77	74	0
9	88	0
40	4	0
15	95	0
0	64	0
66	66	0
72	94	0
76	5	0
96	97	0
84	9	0
80	82	0
66	3	0
84	33	0
84	42	0
58	36	0
11	80	0
60	90	0
55	73	0
17	55	0
10	39	0
31	98	0
8	62	0
41	7	0
33	52	0
15	61	0
45	34	0
1	45	0
96	52	0
51	22	0
10	51	0
26	85	0
78	81	0
0	1	0
90	67	0
16	68	0
60	43	0
33	62	0
89	51	0
56	39	0
0	8	0
0	50	0
24	59	0
90	60	0
73	52	0
96	63	0
6	55	0
76	63	0
6	78	0
4	23	0
89	57	0
27	65	0
42	11	0
38	30	0
9	84	0
30	89	0
3	2	1
81	45	0
71	66	0
75	57	0
78	75	0
40	74	0
44	25	0
4	67	0
53	68	0
35	47	0
61	49	0
85	17	0
