91	65	0
38	6	0
35	35	0
63	99	0
20	8	0
99	39	0
93	85	0
48	8	0
61	74	0
51	21	0
87	50	0
0	84	0
13	2	0
22	77	0
94	25	0
79	76	0
55	35	0
19	53	0
90	60	0
99	8	0
49	90	0
56	67	0
77	89	0
56	8	0
30	77	0
50	15	0
85	68	0
63	86	0
89	81	0
2	28	0
50	18	0
41	22	0
91	31	0
27	50	0
83	64	0
10	86	0
39	96	0
91	29	0
70	87	0
40	6	0
21	69	0
93	60	0
94	71	0
53	62	0
96	44	0
1	80	0
63	6	0
99	66	0
14	71	0
69	16	0
12	79	0
59	96	0
34	77	0
97	70	0
48	42	0
30	25	0
92	81	0
98	98	0
95	5	0
13	94	0
99	17	0
30	9	0
77	76	0
39	6	0
16	98	0
87	5	0
36	85	0
65	93	0
42	66	0
6	31	0
71	86	0
10	59	0
92	33	0
29	87	0
58	95	0
62	32	0
31	95	0
62	94	0
2	21	0
99	5	0
98	18	0
43	62	0
82	41	0
87	52	0
51	12	0
35	5	0
65	52	0
13	94	0
54	6	0
55	83	0
43	2	0
48	39	0
81	40	0
31	62	0
73	51	0
1	59	0
80	83	0
1	84	0
32	95	0
97	58	0
66	14	0
41	68	0
35	67	0
63	0	0
69	51	0
1	66	0
31	5	0
13	41	0
39	41	0
64	80	0
45	45	0
12	95	0
84	11	0
46	83	0
77	75	0
96	2	0
70	90	0
53	70	0
34	17	0
55	98	0
94	66	0
73	64	0
23	97	0
62	34	0
29	13	0
19	46	0
79	7	0
5	60	0
93	59	0
97	16	0
79	43	0
42	51	0
50	13	0
78	69	0
20	10	0
31	23	0
97	57	0
35	36	0
62	75	0
67	81	0
49	33	0
47	43	0
57	39	0
18	42	0
30	47	0
17	56	0
84	94	0
44	60	0
33	98	0
72	41	0
76	67	0
51	76	0
88	68	0
23	23	0
52	53	0
19	14	0
17	78	0
34	65	0
89	37	0
43	44	0
81	10	0
42	86	0
52	26	0
47	51	0
74	78	0
27	69	0
51	71	0
36	81	0
33	50	0
38	12	0
58	17	0
41	83	0
30	71	0
79	73	0
89	62	0
30	95	0
94	74	0
27	46	0
19	76	0
53	71	0
45	52	0
23	12	0
76	88	0
87	80	0
53	64	0
66	35	0
2	51	0
59	1	0
78	49	0
62	22	0
80	25	0
19	59	0
12	49	0
44	55	0
73	27	0
38	66	0
83	26	0
36	95	0
28	74	0
40	23	0
81	79	0
44	59	0
34	6	0
21	80	0
55	10	0
94	85	0
63	94	0
93	3	0
4	74	0
18	66	0
98	27	0
48	81	0
36	34	0
54	69	0
53	63	0
45	64	0
18	81	0
28	58	0
68	0	0
5	60	0
62	82	0
92	39	0
39	92	0
82	63	0
61	23	0
50	66	0
18	83	0
38	98	0
51	31	0
75	42	0
88	59	0
71	46	0
65	65	0
8	44	0
52	13	0
6	89	0
59	54	0
65	43	0
67	31	0
58	9	0
6	50	0
85	21	0
41	7	0
66	63	0
57	82	0
76	36	0
98	38	0
98	5	0
2	47	0
95	79	0
18	98	0
95	78	0
26	95	0
65	34	0
71	22	0
17	82	0
79	28	0
33	69	0
33	75	0
46	0	0
32	95	0
79	90	0
67	85	0
85	47	0
92	65	0
16	99	0
42	68	0
69	5	0
71	39	0
33	18	0
37	0	0
47	9	0
53	53	0
79	47	0
37	46	0
34	49	0
35	72	0
74	87	0
83	66	0
60	80	0
85	4	0
88	43	0
67	5	0
18	42	0
69	39	0
70	54	0
72	68	0
12	37	0
37	65	0
65	19	0
18	89	0
33	87	0
21	72	0
84	62	0
49	15	0
29	3	0
34	54	0
76	70	0
63	8	0
77	91	0
16	3	0
49	97	0
7	71	0
42	99	0
47	38	0
1	53	0
70	30	0
74	8	0
58	10	0
84	12	0
40	58	0
14	58	0
72	24	0
90	68	0
12	12	0
3	67	0
30	94	0
8	89	0
46	98	0
59	72	0
54	45	0
70	6	0
48	84	0
42	60	0
84	97	0
39	26	0
6	57	0
26	46	0
61	55	0
71	83	0
29	25	0
78	29	0
37	4	0
55	3	0
56	15	0
37	43	0
73	65	0
80	9	0
13	46	0
41	14	0
51	61	0
43	35	0
27	50	0
87	76	0
74	56	0
12	50	0
60	35	0
92	9	0
63	7	0
58	27	0
48	44	0
35	33	0
8	78	0
62	83	0
27	73	0
23	94	0
33	92	0
53	17	0
41	38	0
95	46	0
85	49	0
0	64	0
81	71	0
70	75	0
77	30	0
83	89	0
85	0	0
72	58	0
84	71	0
35	25	0
64	46	0
27	46	0
91	78	0
68	9	0
99	25	0
27	53	0
41	88	0
70	69	0
80	16	0
15	75	0
90	32	0
59	94	0
81	25	0
76	38	0
46	49	0
56	41	0
28	37	1
30	50	0
62	88	0
80	29	0
40	26	0
74	77	0
31	60	0
15	99	0
92	95	0
44	37	0
5	92	0
55	46	0
92	11	0
76	39	0
16	67	0
59	48	0
40	30	0
50	44	0
16	99	0
86	21	0
51	3	0
85	40	0
52	47	0
29	86	0
20	5	0
60	55	0
53	89	0
8	50	0
42	81	0
36	82	0
51	29	0
23	85	0
10	42	0
62	11	0
76	26	0
83	2	0
87	89	0
20	68	0
31	31	1
50	24	0
83	5	0
82	60	0
74	94	0
6	32	0
60	92	0
95	60	0
30	84	0
76	2	0
56	58	0
69	28	0
70	10	0
42	25	0
40	15	0
97	6	0
91	39	0
5	88	0
79	12	0
91	97	0
22	86	0
94	63	0
43	53	0
15	28	0
79	98	0
64	42	0
3	96	0
67	37	0
78	39	0
77	42	0
91	68	0
24	62	0
83	60	0
37	87	0
89	80	0
28	89	0
93	82	0
45	31	0
56	62	0
66	94	0
41	70	0
69	96	0
67	48	0
31	60	0
40	66	0
87	5	0
9	90	0
92	52	0
18	85	0
47	77	0
47	79	0
93	46	0
39	50	0
46	20	0
81	62	0
62	12	0
86	90	0
60	90	0
49	46	0
51	14	0
38	37	0
52	87	0
35	24	0
43	65	0
78	70	0
35	12	0
97	94	0
58	11	0
6	12	0
48	33	0
20	78	0
44	0	0
15	68	0
91	85	0
62	86	0
61	48	0
57	9	0
44	69	0
38	54	0
98	52	0
88	5	0
4	73	0
77	3	0
50	74	0
61	27	0
39	15	0
32	64	0
87	83	0
32	74	0
37	83	0
76	31	0
19	46	0
67	30	0
43	63	0
65	91	0
30	98	0
91	12	0
94	30	0
68	12	0
29	77	0
32	99	0
30	84	0
75	49	0
82	78	0
78	91	0
7	39	0
75	43	0
72	77	0
76	63	0
58	76	0
9	82	0
14	64	0
36	19	0
45	14	0
0	40	0
44	51	0
28	49	0
84	32	0
86	43	0
73	6	0
74	49	0
50	61	0
22	52	0
54	28	0
91	76	0
52	93	0
82	63	0
35	63	0
33	92	0
79	55	0
30	51	0
76	27	0
26	47	0
35	13	0
92	59	0
76	96	0
52	56	0
4	53	0
48	4	0
56	59	0
40	89	0
32	27	0
75	93	0
97	61	0
10	85	0
65	44	0
7	62	0
73	58	0
35	61	0
52	57	0
41	81	0
64	65	0
4	60	0
63	62	0
70	45	0
75	51	0
31	72	0
63	83	0
54	6	0
98	21	0
57	35	0
93	8	0
14	79	0
29	42	1
35	68	0
82	68	0
26	51	0
77	73	0
19	92	0
13	83	0
83	83	0
47	27	0
4	69	0
69	96	0
50	62	0
93	61	0
19	96	0
94	37	0
16	10	0
35	75	0
21	84	0
35	11	0
14	45	0
9	28	0
81	72	0
98	21	0
58	11	0
71	30	0
92	23	0
31	9	0
32	64	0
95	31	0
5	64	0
49	92	0
0	53	0
26	79	0
73	54	0
49	98	0
80	50	0
66	86	0
29	42	1
70	64	0
44	56	0
72	68	0
7	77	0
54	33	0
26	84	0
83	49	0
74	27	0
90	70	0
95	98	0
87	87	0
43	74	0
69	39	0
50	63	0
36	18	0
32	9	0
39	75	0
6	41	0
68	12	0
61	78	0
88	81	0
89	3	0
16	51	0
57	84	0
16	90	0
58	6	0
52	39	0
60	21	0
47	24	0
43	15	0
82	9	0
37	95	0
67	18	0
32	95	0
98	16	0
24	44	1
44	60	0
72	29	0
81	99	0
70	69	0
40	65	0
62	94	0
78	64	0
94	46	0
9	60	0
82	84	0
81	94	0
14	67	0
97	46	0
28	68	0
99	86	0
48	97	0
39	12	0
70	68	0
92	50	0
51	74	0
68	73	0
95	67	0
71	39	0
15	58	0
4	60	0
62	79	0
69	34	0
45	49	0
56	3	0
35	25	0
96	74	0
15	56	0
30	43	1
69	27	0
47	3	0
56	22	0
18	93	0
10	58	0
6	76	0
69	51	0
92	25	0
88	40	0
91	1	0
61	87	0
10	56	0
63	30	0
55	53	0
45	87	0
99	15	0
58	56	0
39	91	0
19	92	0
43	65	0
30	89	0
33	10	0
75	75	0
52	23	0
37	74	0
50	41	0
3	43	0
73	61	0
62	16	0
28	84	0
95	51	0
26	55	0
18	21	0
8	69	0
82	59	0
71	64	0
45	47	0
82	63	0
96	68	0
66	38	0
66	16	0
80	66	0
77	23	0
7	50	0
76	84	0
31	31	1
60	31	0
17	68	0
4	86	0
28	94	0
36	53	0
87	23	0
5	51	0
55	92	0
2	90	0
86	58	0
50	32	0
84	32	0
12	18	0
43	33	0
73	7	0
28	81	0
49	50	0
98	64	0
89	36	0
1	1	0
5	42	0
56	14	0
5	51	0
78	7	0
56	77	0
31	27	0
91	86	0
2	12	0
36	98	0
94	51	0
38	4	0
87	96	0
46	58	0
57	66	0
35	31	0
91	38	0
87	90	0
9	61	0
6	70	0
19	51	0
20	77	0
16	90	0
63	24	0
34	60	0
13	90	0
38	24	0
65	21	0
38	63	0
63	45	0
47	13	0
36	70	0
35	31	0
90	14	0
0	31	0
82	48	0
95	19	0
50	48	0
32	22	0
50	3	0
24	96	0
41	69	0
46	68	0
24	12	0
20	88	0
11	81	0
71	44	0
93	35	0
29	28	1
28	67	0
87	99	0
50	21	0
70	74	0
58	84	0
10	89	0
80	34	0
46	60	0
16	28	0
90	76	0
55	54	0
99	13	0
73	11	0
78	23	0
66	93	0
55	54	0
43	47	0
63	22	0
47	9	0
57	88	0
54	78	0
12	63	0
75	38	0
55	91	0
90	31	0
91	57	0
38	83	0
39	59	0
80	33	0
44	50	0
78	10	0
96	98	0
76	72	0
44	80	0
73	42	0
71	88	0
12	78	0
52	13	0
12	95	0
11	62	0
50	67	0
71	82	0
68	13	0
97	91	0
89	6	0
90	98	0
67	7	0
83	28	0
77	59	0
51	34	0
17	83	0
47	91	0
61	81	0
27	47	0
10	33	0
22	88	0
12	71	0
43	13	0
43	48	0
22	56	0
33	44	1
0	48	0
87	47	0
41	24	0
8	63	0
27	84	0
62	86	0
88	50	0
8	71	0
69	39	0
32	67	0
78	49	0
61	28	0
8	56	0
26	52	0
85	46	0
65	51	0
84	56	0
2	68	0
69	51	0
4	80	0
1	1	0
91	72	0
11	59	0
26	2	0
34	25	0
7	96	0
21	79	0
88	38	0
69	71	0
86	61	0
78	78	0
51	66	0
61	40	0
8	73	0
44	67	0
30	57	0
72	50	0
86	10	0
