99	67	0
19	16	0
64	95	0
6	3	0
95	37	0
97	99	0
44	17	1
45	82	0
57	23	0
81	53	0
5	92	0
3	9	0
15	98	0
99	34	0
70	73	0
40	33	0
83	69	0
95	17	0
56	97	0
43	70	0
83	67	0
50	11	0
25	86	0
52	21	0
88	67	0
81	90	0
85	78	0
12	33	0
57	19	1
51	37	0
87	27	0
78	67	0
12	75	0
31	97	0
83	9	0
63	92	0
31	10	0
50	69	0
82	72	0
96	72	0
59	63	0
99	32	0
15	74	0
66	10	0
97	70	0
19	75	0
54	2	0
9	73	0
42	98	0
34	63	1
86	53	0
51	36	0
38	16	0
99	89	0
91	96	0
93	15	0
27	90	0
98	7	0
25	18	0
75	95	0
33	8	1
3	91	0
84	6	0
22	70	0
65	90	0
38	61	0
11	28	0
70	82	0
90	37	0
23	94	0
48	96	0
66	27	0
29	91	0
53	93	0
15	13	0
97	16	0
78	30	0
53	77	0
86	36	0
85	63	0
56	6	0
67	44	0
0	99	0
69	7	0
44	75	0
43	0	1
57	25	0
83	15	0
37	54	1
87	58	0
2	52	0
76	86	0
2	80	0
34	95	0
97	57	0
74	30	0
34	70	0
33	63	1
75	2	0
69	53	0
13	78	0
33	0	0
64	69	0
44	33	0
6	99	0
94	27	0
37	82	0
80	69	0
89	4	0
60	82	0
63	78	0
4	26	0
60	94	0
96	83	0
84	54	0
23	85	0
68	32	0
80	6	0
98	59	0
87	37	0
92	50	0
34	46	0
59	13	1
59	68	0
8	29	0
51	30	0
86	56	0
53	22	1
49	80	0
58	73	0
63	22	0
48	38	0
53	22	1
58	80	0
49	58	0
44	98	0
76	42	0
63	69	0
55	71	0
93	56	0
27	16	0
43	35	0
17	15	0
18	82	0
30	62	0
78	46	0
55	38	0
89	2	0
30	80	0
52	26	1
29	38	0
66	83	0
26	65	0
59	62	0
47	83	0
44	47	1
38	0	0
59	16	0
42	91	0
23	61	0
74	78	0
92	63	0
22	96	0
88	72	0
31	51	0
22	73	0
49	75	0
49	47	1
17	35	0
76	82	0
99	88	0
46	71	0
78	40	0
4	41	1
65	8	1
59	47	0
57	17	0
73	19	0
10	54	1
39	56	0
54	12	0
33	65	0
94	33	0
31	93	0
22	60	0
76	94	0
49	50	1
21	22	0
38	81	0
54	16	0
97	98	0
34	89	0
95	1	0
19	78	0
98	32	0
55	98	0
70	86	0
62	56	0
27	51	0
15	71	0
56	2	0
60	87	0
97	51	0
40	87	0
67	70	0
86	21	0
52	75	0
31	82	0
36	85	0
28	20	0
65	24	0
79	49	0
52	39	0
76	71	0
3	56	1
73	20	0
20	90	0
60	61	0
88	33	0
76	36	0
48	4	0
2	38	1
88	30	0
75	78	0
62	98	0
74	55	0
98	28	0
87	11	0
3	36	0
89	72	0
34	98	0
85	82	0
44	99	0
44	32	0
86	35	0
25	95	0
88	21	0
18	58	0
29	87	0
49	15	1
24	86	0
76	87	0
86	77	0
92	61	0
99	51	0
19	85	0
45	70	0
87	11	0
88	52	0
42	2	0
35	24	0
40	55	0
77	41	0
27	55	0
38	40	0
26	74	0
77	98	0
96	59	0
58	72	0
94	5	0
95	32	0
62	8	0
90	49	0
73	50	0
63	80	0
2	37	0
44	60	0
73	26	0
12	86	0
30	62	0
8	93	0
92	64	0
42	6	1
79	66	0
81	2	0
98	81	0
22	1	0
41	98	0
22	67	0
58	98	0
39	30	0
81	16	0
84	8	0
55	13	1
90	15	0
51	50	0
76	25	0
76	60	0
8	6	0
0	56	1
29	98	0
22	78	0
57	97	0
44	68	0
80	41	0
63	2	0
46	87	0
49	62	0
97	95	0
5	41	1
58	40	0
64	89	0
79	19	0
25	7	0
48	1	0
51	16	0
32	30	0
89	58	0
74	16	0
20	42	0
15	29	0
34	51	0
42	37	0
93	71	0
87	65	0
4	51	1
65	32	0
84	6	0
71	13	0
72	15	0
51	41	0
44	29	0
8	73	0
80	82	0
42	89	0
7	97	0
33	57	0
54	11	1
53	36	0
81	37	0
73	50	0
82	76	0
83	86	0
78	32	0
69	83	0
74	9	0
73	58	0
70	53	0
65	52	0
93	74	0
75	10	0
89	16	0
20	43	0
59	95	0
61	71	0
72	15	0
19	77	0
98	41	0
58	98	0
99	24	0
62	24	0
34	56	0
58	47	0
32	63	1
60	77	0
77	29	0
80	78	0
20	90	0
94	94	0
45	11	1
5	77	0
45	50	1
95	1	0
88	32	0
40	75	0
55	55	0
67	44	0
20	95	0
73	27	0
88	57	0
47	31	0
39	92	0
27	8	0
45	42	0
49	91	0
2	44	1
35	88	0
40	82	0
52	19	1
17	68	0
12	27	0
76	6	0
74	32	0
99	12	0
80	96	0
28	66	0
32	27	0
77	10	0
58	48	0
69	97	0
1	23	0
49	87	0
93	54	0
28	77	0
72	0	0
44	66	0
63	19	0
55	11	1
84	19	0
90	43	0
6	87	0
72	12	0
82	96	0
31	99	0
86	72	0
49	53	1
15	31	0
64	95	0
71	46	0
4	76	0
69	26	0
89	42	0
72	49	0
71	60	0
21	50	0
96	48	0
21	90	0
99	62	0
22	99	0
86	90	0
41	30	0
72	76	0
56	92	0
47	50	1
62	96	0
81	49	0
45	50	0
25	62	0
85	3	0
2	85	0
80	55	0
21	94	0
46	53	0
44	69	0
78	27	0
26	56	0
51	29	0
89	53	0
72	22	0
81	90	0
40	92	0
36	55	1
40	42	0
64	99	0
55	20	1
40	88	0
87	82	0
88	75	0
74	10	0
20	10	0
39	39	0
35	58	0
39	5	1
4	79	0
86	80	0
61	87	0
65	51	0
66	14	0
37	65	0
36	76	0
90	51	0
89	4	0
18	71	0
75	7	0
52	60	0
52	28	1
39	10	1
38	41	0
86	87	0
25	73	0
57	88	0
71	17	0
76	12	0
50	57	0
61	82	0
20	97	0
95	23	0
80	9	0
79	24	0
11	68	0
15	98	0
14	81	0
59	34	0
73	85	0
76	95	0
2	34	0
63	55	0
73	89	0
75	59	0
65	66	0
23	99	0
9	77	0
44	27	0
7	25	0
45	36	0
32	44	0
94	32	0
82	49	0
62	8	0
67	32	0
55	50	0
39	25	0
91	78	0
57	75	0
83	51	0
31	66	0
43	97	0
79	58	0
55	9	1
30	14	0
99	50	0
66	86	0
43	34	0
49	58	0
32	98	0
63	97	0
89	67	0
25	81	0
64	47	0
6	72	0
57	52	0
46	76	0
64	53	0
53	74	0
59	89	0
9	56	0
57	52	0
80	48	0
79	60	0
37	79	0
73	85	0
46	28	0
98	22	0
54	46	0
96	9	0
7	80	0
56	88	0
91	70	0
71	70	0
17	91	0
7	70	0
77	82	0
42	28	0
6	83	0
72	99	0
50	64	0
88	66	0
21	88	0
75	42	0
20	0	0
48	87	0
21	81	0
13	18	0
90	55	0
92	21	0
51	21	1
75	31	0
76	13	0
20	14	0
25	56	0
77	30	0
0	78	0
60	74	0
4	39	1
23	76	0
63	51	0
63	92	0
68	44	0
75	87	0
74	54	0
72	81	0
4	83	0
52	45	0
26	80	0
75	52	0
56	43	0
96	44	0
99	94	0
80	93	0
49	62	0
75	51	0
69	70	0
38	56	1
66	4	0
65	81	0
86	74	0
89	5	0
60	79	0
4	97	0
50	25	1
51	42	0
70	36	0
66	29	0
70	20	0
19	87	0
75	24	0
33	65	0
90	15	0
39	61	0
47	33	0
59	90	0
69	76	0
46	80	0
73	92	0
82	61	0
87	46	0
98	70	0
81	96	0
98	44	0
32	64	0
84	81	0
42	75	0
76	87	0
97	49	0
44	84	0
86	70	0
87	50	0
79	33	0
43	47	0
3	62	0
55	81	0
75	10	0
69	28	0
79	81	0
64	41	0
12	86	0
21	89	0
62	40	0
84	21	0
85	49	0
99	2	0
80	97	0
53	23	1
57	41	0
35	78	0
97	19	0
67	50	0
31	77	0
20	97	0
27	73	0
11	89	0
31	12	1
63	65	0
46	32	0
46	74	0
40	48	0
68	76	0
73	10	0
14	88	0
92	54	0
22	23	0
11	81	0
70	58	0
70	43	0
45	61	0
91	47	0
89	54	0
78	54	0
53	10	1
58	68	0
83	45	0
5	31	0
99	79	0
51	47	0
41	81	0
8	78	0
26	89	0
32	60	0
91	28	0
56	95	0
5	97	0
98	68	0
55	31	1
76	22	0
25	18	0
34	37	0
74	10	0
16	71	0
84	53	0
92	38	0
0	7	0
3	35	0
71	15	0
42	79	0
96	88	0
2	12	0
49	93	0
81	31	0
40	10	1
97	80	0
43	60	0
67	74	0
22	32	0
97	36	0
87	70	0
20	71	0
19	86	0
2	51	1
27	72	0
23	97	0
77	12	0
30	59	0
12	87	0
38	34	0
49	16	1
45	63	0
65	44	0
46	7	1
34	77	0
98	23	0
6	29	0
77	50	0
85	26	0
52	56	0
29	21	0
44	8	0
16	94	0
43	82	0
25	63	0
21	19	0
19	78	0
24	75	0
69	56	0
94	42	0
35	62	0
82	99	0
44	30	0
58	71	0
41	82	0
16	87	0
89	41	0
43	58	0
6	20	0
88	50	0
66	49	0
88	23	0
90	20	0
73	34	0
59	87	0
44	41	0
63	44	0
60	31	0
38	0	0
34	94	0
59	66	0
88	29	0
62	98	0
83	56	0
77	48	0
35	80	0
33	74	0
83	30	0
52	44	0
71	2	0
96	98	0
79	81	0
51	79	0
73	29	0
88	77	0
19	80	0
61	28	0
17	97	0
39	61	0
84	63	0
64	11	1
96	94	0
85	11	0
97	92	0
59	10	0
68	21	0
78	53	0
68	30	0
9	85	0
56	96	0
66	80	0
3	24	0
10	85	0
17	75	0
42	14	1
42	37	0
4	45	1
82	43	0
46	13	1
1	62	0
27	85	0
61	93	0
94	42	0
1	69	0
66	45	0
28	90	0
83	53	0
73	41	0
26	54	0
82	38	0
77	41	0
62	63	0
10	60	1
54	45	0
3	84	0
3	8	0
82	71	0
17	63	0
18	7	0
4	93	0
23	71	0
98	42	0
69	81	0
83	62	0
98	84	0
51	55	0
59	36	0
3	76	0
54	59	0
37	53	1
64	38	0
87	22	0
