86	65	0
48	13	0
37	31	0
55	95	0
8	9	0
93	39	0
96	90	0
37	7	0
62	81	0
43	16	0
90	44	0
5	77	0
18	7	0
21	61	0
95	22	0
81	79	0
59	29	0
20	49	0
91	64	0
95	12	0
49	91	0
60	75	0
82	82	0
54	3	0
39	79	0
58	9	0
85	73	0
62	87	0
85	71	0
4	27	0
56	23	0
36	16	0
86	32	0
35	50	0
88	62	0
2	91	0
39	97	0
95	28	0
74	93	0
49	0	0
25	65	0
94	57	0
93	72	0
53	66	0
95	53	0
5	79	0
21	41	1
66	1	0
92	63	0
19	70	0
62	1	0
10	77	0
54	97	0
41	76	0
99	69	0
48	31	0
24	27	0
94	75	0
97	99	0
99	15	0
14	95	0
95	17	0
39	3	0
76	78	0
42	14	0
8	94	0
78	6	0
43	83	0
72	95	0
51	65	0
5	29	0
66	97	0
27	34	1
14	54	0
89	30	0
18	40	0
24	87	0
54	98	0
62	29	0
31	98	0
62	98	0
2	24	0
99	8	0
92	22	0
36	57	0
76	40	0
22	36	1
79	55	0
48	11	0
37	5	0
67	38	0
15	98	0
58	11	0
51	88	0
42	4	0
45	30	0
85	42	0
37	63	0
75	42	0
12	60	0
81	81	0
1	73	0
28	93	0
98	56	0
62	9	0
43	70	0
34	56	0
60	0	0
68	52	0
3	54	0
29	0	0
21	43	0
40	33	0
65	90	0
56	51	0
18	93	0
84	5	0
53	79	0
80	84	0
99	2	0
64	81	0
50	71	0
29	10	0
60	98	0
95	75	0
71	62	0
23	97	0
64	35	0
34	17	0
17	44	0
74	10	0
8	64	0
95	64	0
98	22	0
85	32	0
35	54	0
55	17	0
83	75	0
20	13	0
34	12	0
80	66	0
41	35	0
67	70	0
70	88	0
50	34	0
43	30	0
58	38	0
14	44	0
28	53	0
20	59	0
77	84	0
43	53	0
30	98	0
78	43	0
77	68	0
54	84	0
32	35	1
94	70	0
11	30	0
53	47	0
16	12	0
25	82	0
35	76	0
88	33	0
43	38	0
74	12	0
41	82	0
55	27	0
47	47	0
77	77	0
28	65	0
49	72	0
36	84	0
35	46	0
43	11	0
55	9	0
29	73	0
27	82	0
81	77	0
94	70	0
27	91	0
30	34	1
94	70	0
29	50	0
26	86	0
57	75	0
40	54	0
28	11	0
13	34	1
69	97	0
87	83	0
59	65	0
76	35	0
4	55	0
56	4	0
80	34	0
64	28	0
68	30	0
16	67	0
0	56	0
53	52	0
79	22	0
38	63	0
92	31	0
33	97	0
24	64	0
39	20	0
78	79	0
35	56	0
34	10	0
19	88	0
53	13	0
96	87	0
65	90	0
93	3	0
8	78	0
22	62	0
90	31	0
55	81	0
47	39	0
58	61	0
48	70	0
47	67	0
23	77	0
31	58	0
69	1	0
0	61	0
59	83	0
92	44	0
42	89	0
82	59	0
65	30	0
44	71	0
22	87	0
39	92	0
55	38	0
73	36	0
24	34	1
85	58	0
73	41	0
67	71	0
8	51	0
51	14	0
9	84	0
67	61	0
62	37	0
66	35	0
54	23	0
5	58	0
88	14	0
45	9	0
65	68	0
51	76	0
73	31	0
97	38	0
94	0	0
3	59	0
98	72	0
24	98	0
93	69	0
36	92	0
55	32	0
59	16	0
18	92	0
67	30	0
43	65	0
35	73	0
45	8	0
29	98	0
79	90	0
68	93	0
75	44	0
88	73	0
21	96	0
45	61	0
64	3	0
69	38	0
31	15	0
36	1	0
55	12	0
52	58	0
78	38	0
35	49	0
38	49	0
36	73	0
71	86	0
82	66	0
57	79	0
87	0	0
80	40	0
65	1	0
21	47	0
27	34	1
71	47	0
65	52	0
65	66	0
13	36	0
42	68	0
58	27	0
24	87	0
28	90	0
26	72	0
94	62	0
48	17	0
37	0	0
30	54	0
83	67	0
59	11	0
73	90	0
11	2	0
53	96	0
1	72	0
36	92	0
41	36	0
0	58	0
85	22	0
25	30	1
74	6	0
48	13	0
89	11	0
32	52	0
17	49	0
76	21	0
87	60	0
9	20	0
23	35	1
7	63	0
34	96	0
0	86	0
46	98	0
54	72	0
53	37	0
63	15	0
42	84	0
42	68	0
82	92	0
28	25	0
10	57	0
29	48	0
63	59	0
68	85	0
32	25	0
80	26	0
37	2	0
47	1	0
59	21	0
31	47	0
77	74	0
87	8	0
21	44	0
53	22	0
51	50	0
40	34	0
34	49	0
79	74	0
75	54	0
15	50	0
58	31	0
98	10	0
59	5	0
52	25	0
51	35	0
33	25	0
0	75	0
60	80	0
26	71	0
21	94	0
29	97	0
58	13	0
38	32	0
97	44	0
88	56	0
0	76	0
81	72	0
71	73	0
75	26	0
77	81	0
81	5	0
79	60	0
73	54	0
39	21	0
61	53	0
25	51	0
88	77	0
72	22	0
99	12	0
30	48	0
37	92	0
71	74	0
82	16	0
14	68	0
91	27	0
40	95	0
80	19	0
73	43	0
41	52	0
53	41	0
27	43	0
33	49	0
57	87	0
80	31	0
35	17	0
70	73	0
27	68	0
12	94	0
90	91	0
33	37	0
8	85	0
62	32	0
86	19	0
83	43	0
9	61	0
61	35	0
47	27	0
43	43	0
8	98	0
79	24	0
54	6	0
90	42	0
49	45	0
22	75	0
16	0	0
60	60	0
53	90	0
9	52	0
43	66	0
38	78	0
52	35	0
14	93	0
4	44	0
19	43	0
58	16	0
92	28	0
89	14	0
78	85	0
20	58	0
27	29	0
42	27	0
83	2	0
68	62	0
76	94	0
17	44	0
64	92	0
96	68	0
35	84	0
72	6	0
63	52	0
69	21	0
78	9	0
46	30	0
45	10	0
98	0	0
81	34	0
10	80	0
81	9	0
92	99	0
24	94	0
97	65	0
46	60	0
11	27	0
88	93	0
57	42	0
4	97	0
68	34	0
71	42	0
73	56	0
81	67	0
26	74	0
84	68	0
32	88	0
99	80	0
35	91	0
99	74	0
32	31	1
40	29	0
60	67	0
66	99	0
47	68	0
70	96	0
68	48	0
33	66	0
39	67	0
80	8	0
9	84	0
95	51	0
23	87	0
48	74	0
45	82	0
89	41	0
37	55	0
23	38	1
46	26	0
82	52	0
64	15	0
91	89	0
58	95	0
43	49	0
55	4	0
38	42	0
52	85	0
34	25	0
47	63	0
70	72	0
40	22	0
96	94	0
48	19	0
17	3	0
56	25	0
23	81	0
39	2	0
19	57	0
92	92	0
60	85	0
58	55	0
63	7	0
40	70	0
48	50	0
98	54	0
87	3	0
2	70	0
74	0	0
56	75	0
63	30	0
44	11	0
33	67	0
84	80	0
36	73	0
41	81	0
79	31	0
23	45	0
64	30	0
41	68	0
61	85	0
32	97	0
87	3	0
97	23	0
68	12	0
23	78	0
20	98	0
21	80	0
69	41	0
82	72	0
74	83	0
15	46	0
80	44	0
65	73	0
81	74	0
58	69	0
21	76	0
16	64	0
47	23	0
37	15	0
2	32	0
40	56	0
30	44	0
86	26	0
80	37	0
70	5	0
80	45	0
51	63	0
22	69	0
51	25	0
92	85	0
49	94	0
75	63	0
27	55	0
37	85	0
74	46	0
27	50	0
79	27	0
22	48	0
36	20	0
89	53	0
89	92	0
53	56	0
9	62	0
48	8	0
60	58	0
29	85	0
37	32	0
81	88	0
92	70	0
18	79	0
71	47	0
8	68	0
82	57	0
30	60	0
54	61	0
34	80	0
53	68	0
5	53	0
77	69	0
65	55	0
85	48	0
21	73	0
60	84	0
55	21	0
94	23	0
50	34	0
99	12	0
12	84	0
37	39	0
31	64	0
82	61	0
25	60	0
81	71	0
16	92	0
17	85	0
93	89	0
43	23	0
7	67	0
77	92	0
44	63	0
85	62	0
24	93	0
93	30	0
28	5	0
34	82	0
28	74	0
32	15	0
14	42	0
6	23	0
81	67	0
97	17	0
58	12	0
77	29	0
87	33	0
32	11	0
35	54	0
95	38	0
8	56	0
52	92	0
11	54	0
29	81	0
70	53	0
53	99	0
78	59	0
71	84	0
36	37	0
74	62	0
41	54	0
80	64	0
12	69	0
54	30	0
30	78	0
86	40	0
74	28	0
83	69	0
93	99	0
85	80	0
50	68	0
67	42	0
48	71	0
43	22	0
32	11	0
34	79	0
0	37	0
61	6	0
59	85	0
81	87	0
86	6	0
14	40	0
54	82	0
15	95	0
58	3	0
58	47	0
58	21	0
42	21	0
16	34	1
50	18	0
80	7	0
41	93	0
66	26	0
29	97	0
95	16	0
29	46	0
44	62	0
67	30	0
78	90	0
68	74	0
40	65	0
53	91	0
75	67	0
83	42	0
13	67	0
80	86	0
81	99	0
28	31	1
17	57	0
93	47	0
28	75	0
95	91	0
55	97	0
44	12	0
75	67	0
88	60	0
58	86	0
74	61	0
90	69	0
73	37	0
17	56	0
3	64	0
65	74	0
74	37	0
53	53	0
50	3	0
36	17	0
95	70	0
10	51	0
27	51	0
59	29	0
40	14	0
56	27	0
20	92	0
3	59	0
20	81	0
72	50	0
81	21	0
92	29	0
89	3	0
58	86	0
10	52	0
53	27	0
59	52	0
48	81	0
91	15	0
25	37	1
62	54	0
43	87	0
18	89	0
39	64	0
26	87	0
36	23	0
76	77	0
45	35	0
45	83	0
56	40	0
11	41	0
61	62	0
61	13	0
25	83	0
90	42	0
22	41	0
25	54	0
21	15	0
1	65	0
79	67	0
74	63	0
42	51	0
80	52	0
86	67	0
70	33	0
66	18	0
81	71	0
81	23	0
8	56	0
76	88	0
27	29	0
63	32	0
10	62	0
0	88	0
35	94	0
36	55	0
94	28	0
6	48	0
57	91	0
6	90	0
89	56	0
52	46	0
86	27	0
14	10	0
45	34	0
73	4	0
18	86	0
55	46	0
97	59	0
85	40	0
7	3	0
16	45	0
61	12	0
7	64	0
84	4	0
50	74	0
36	27	0
89	89	0
13	16	0
29	93	0
95	55	0
28	13	0
89	98	0
47	61	0
66	58	0
42	36	0
93	27	0
90	89	0
6	61	0
11	73	0
11	51	0
22	81	0
16	98	0
70	28	0
36	53	0
11	88	0
46	16	0
70	14	0
37	59	0
63	54	0
51	18	0
32	72	0
37	27	0
87	24	0
6	36	0
77	61	0
93	11	0
56	46	0
34	20	0
47	4	0
12	91	0
48	70	0
42	64	0
35	11	0
17	94	0
9	89	0
68	43	0
95	34	0
36	28	0
30	63	0
88	90	0
47	33	0
62	71	0
65	90	0
8	84	0
76	36	0
52	57	0
12	42	0
92	76	0
51	64	0
92	12	0
77	11	0
87	21	0
66	91	0
51	65	0
45	51	0
66	14	0
45	7	0
59	93	0
67	67	0
20	54	0
76	37	0
50	96	0
87	33	0
89	59	0
34	73	0
48	54	0
23	35	1
85	28	0
39	53	0
81	4	0
93	92	0
72	63	0
57	81	0
74	36	0
67	85	0
16	89	0
39	3	0
9	90	0
10	62	0
55	67	0
78	81	0
65	15	0
98	96	0
91	11	0
95	88	0
62	11	0
80	29	0
75	54	0
52	42	0
17	82	0
58	96	0
66	81	0
31	47	0
9	33	0
18	89	0
13	61	0
45	5	0
39	48	0
16	67	0
40	43	0
1	41	0
99	55	0
44	22	0
16	63	0
31	87	0
68	81	0
90	55	0
7	70	0
62	47	0
24	59	0
73	43	0
56	35	0
3	50	0
23	45	0
85	58	0
65	56	0
86	49	0
4	68	0
64	52	0
4	82	0
4	11	0
87	67	0
12	63	0
29	4	0
40	22	0
13	97	0
19	81	0
90	38	0
64	69	0
77	61	0
77	82	0
43	64	0
57	44	0
6	73	0
44	69	0
36	52	0
66	56	0
76	17	0
