99	66	0
23	10	0
59	96	0
9	2	0
97	48	0
98	96	0
39	71	0
60	22	1
75	53	0
3	88	0
1	8	0
19	95	0
99	37	0
63	76	0
36	34	0
90	73	0
94	27	0
55	97	0
40	76	0
84	67	0
49	16	0
26	82	0
59	30	1
86	69	0
79	78	0
83	80	0
6	26	0
49	37	0
89	22	0
83	69	0
8	74	0
31	93	0
82	14	0
65	92	0
33	7	1
49	72	0
78	69	0
94	64	0
58	60	0
94	34	0
11	70	0
70	1	1
93	65	0
18	75	0
50	1	0
10	74	0
36	96	0
23	61	1
90	53	0
46	37	0
30	15	0
93	88	0
86	95	0
89	15	0
27	84	0
98	14	0
16	13	0
74	90	0
1	88	0
90	4	0
27	63	0
61	86	0
46	59	1
10	29	0
72	76	0
86	33	0
25	92	0
48	98	0
69	30	0
34	91	0
47	92	0
18	17	0
98	17	0
78	22	0
49	78	0
89	31	0
75	60	0
55	14	1
63	37	0
0	99	0
73	7	0
51	79	0
60	30	1
85	4	0
92	62	0
0	62	0
68	91	0
1	76	0
34	93	0
99	61	0
79	29	0
35	71	0
73	7	0
55	49	0
9	67	0
35	1	0
65	71	0
58	30	0
5	97	0
93	30	0
42	75	0
77	64	0
90	2	0
62	82	0
65	80	0
2	27	0
63	83	0
90	84	0
79	49	0
22	90	0
69	36	0
77	0	0
95	58	0
91	33	0
98	45	0
24	47	0
52	66	0
9	21	0
48	32	0
89	65	0
51	76	0
63	72	0
59	20	1
44	36	0
63	70	0
49	58	0
42	96	0
72	41	0
62	69	0
57	76	0
91	54	0
25	16	0
47	38	0
23	16	0
19	78	0
28	53	1
75	43	0
51	40	1
90	9	0
25	87	0
24	38	0
69	77	0
24	69	1
62	61	0
43	75	0
42	3	0
45	13	1
41	91	0
27	69	1
72	78	0
98	58	0
23	92	0
87	69	0
30	57	0
16	76	0
51	73	0
15	37	0
73	80	0
93	81	0
41	75	0
80	48	0
52	55	0
55	24	1
65	16	0
46	55	1
54	15	1
29	67	1
92	32	0
28	97	0
28	61	1
70	84	0
29	25	0
40	77	0
53	14	0
95	99	0
30	78	0
98	12	0
23	77	0
98	33	0
58	99	0
78	78	0
64	61	0
27	48	0
9	60	0
60	1	0
68	95	0
99	51	0
45	88	0
63	75	0
83	17	0
58	80	0
36	78	0
36	87	0
22	19	0
62	24	0
82	50	0
56	41	0
72	67	0
68	29	0
18	96	0
52	62	0
86	39	0
74	42	0
52	8	0
92	25	0
77	79	0
71	93	0
77	60	0
94	29	0
97	19	0
0	34	1
85	79	0
35	93	0
71	83	0
44	96	0
34	41	1
92	31	0
19	99	0
86	22	0
22	47	0
29	84	0
53	12	1
29	99	0
75	89	0
80	78	0
95	60	0
95	54	0
25	90	0
51	80	0
76	14	0
81	53	0
47	3	0
33	33	0
41	57	1
76	37	0
23	58	0
37	48	0
23	70	0
74	95	0
94	56	0
57	72	0
95	3	0
91	42	0
65	10	1
99	47	0
67	54	0
70	81	0
5	37	1
45	68	0
71	24	0
7	83	0
32	62	0
11	89	0
87	60	0
80	67	0
88	7	0
97	82	0
27	0	0
34	93	0
26	68	1
58	94	0
42	31	0
79	16	0
99	9	0
94	21	0
48	51	1
76	24	0
75	59	0
6	7	0
30	99	0
22	72	0
55	94	0
34	71	0
84	46	0
66	11	1
54	88	0
60	62	0
97	88	0
62	40	0
70	91	0
84	17	0
16	15	0
44	1	0
47	22	1
32	23	0
95	48	0
77	11	0
19	44	0
19	27	0
40	51	1
51	34	0
94	76	0
98	61	0
71	32	0
92	6	0
67	7	0
76	15	0
46	39	1
39	18	0
9	71	0
85	93	0
47	91	0
1	96	0
28	47	0
50	37	0
73	39	0
62	51	0
77	74	0
80	76	0
68	29	0
67	84	0
69	5	0
93	48	0
71	50	0
60	53	0
95	72	0
76	19	0
98	16	0
19	43	0
70	97	0
59	70	0
82	24	0
15	75	0
98	41	0
57	99	0
96	31	0
67	22	0
34	60	0
56	46	0
34	70	1
63	82	0
75	33	0
82	73	0
18	87	0
97	92	0
1	77	0
94	0	0
87	24	0
48	73	0
45	54	0
64	45	0
16	89	0
74	36	0
97	57	0
46	31	0
34	92	0
34	9	0
39	41	1
56	90	0
36	89	0
40	80	0
16	72	0
14	23	0
70	0	0
76	33	0
96	12	0
84	98	0
29	62	1
28	25	0
70	10	0
59	39	0
66	99	0
2	22	0
45	89	0
90	42	0
23	83	0
80	1	0
44	59	1
60	25	0
88	19	0
90	45	0
17	88	0
74	16	0
80	99	0
34	95	0
88	64	0
11	30	0
65	99	0
67	42	0
11	80	0
65	23	0
85	46	0
81	46	0
74	61	0
21	49	0
94	55	0
20	92	0
93	58	0
19	95	0
83	82	0
39	19	0
75	74	0
60	96	0
43	40	1
64	95	0
78	52	0
45	52	1
27	62	1
84	13	0
1	78	0
72	52	0
22	98	0
41	51	1
52	65	0
81	32	0
24	61	0
52	40	1
89	55	0
73	24	0
77	82	0
46	96	0
39	50	1
63	99	0
35	92	0
92	87	0
89	77	0
76	10	0
23	0	0
48	37	0
32	62	0
5	80	0
81	83	0
67	81	0
66	53	0
66	18	0
39	66	0
37	74	0
77	57	0
95	1	0
18	74	0
81	7	0
58	56	0
38	40	0
85	90	0
27	76	0
56	92	0
72	22	0
77	14	0
46	59	1
59	88	0
25	95	0
89	18	0
84	14	0
77	21	0
13	68	0
12	94	0
14	84	0
49	32	1
65	85	0
74	94	0
0	33	1
61	52	0
81	91	0
73	58	0
68	64	0
12	89	0
8	79	0
39	30	0
7	20	0
38	38	0
23	50	0
95	35	0
77	48	0
63	10	1
66	44	0
55	53	0
43	27	0
93	77	0
58	79	0
79	49	0
30	55	1
39	92	0
74	55	0
25	7	0
93	46	0
63	94	0
35	31	0
54	57	1
29	95	0
64	99	0
86	66	0
26	84	0
61	40	0
8	80	0
58	54	1
39	72	0
71	56	0
62	72	0
57	88	0
12	48	0
60	58	0
83	44	0
82	60	0
37	73	0
68	88	0
45	32	0
97	20	0
51	46	0
87	7	0
10	77	0
55	93	0
87	73	0
77	69	0
13	93	0
8	72	0
78	89	0
32	29	0
4	89	0
70	99	0
55	66	0
91	70	0
20	91	0
76	47	0
17	3	0
50	97	0
19	91	0
12	13	0
86	56	0
88	20	0
79	28	0
71	16	0
15	15	0
17	54	0
77	27	0
4	72	0
66	70	0
9	42	1
23	78	0
71	45	0
71	97	0
71	36	0
67	88	0
77	52	0
71	83	0
7	80	0
43	47	0
31	77	0
64	55	0
56	48	0
88	44	0
98	98	0
82	87	0
48	61	0
77	54	0
63	62	0
72	5	0
70	80	0
87	75	0
90	9	0
56	79	0
6	99	0
47	45	1
67	38	0
66	32	0
77	22	0
21	80	0
74	20	0
33	63	1
89	20	0
35	61	0
46	34	0
58	92	0
67	75	0
50	82	0
72	86	0
84	63	0
79	44	0
99	62	0
73	97	0
94	45	0
33	64	0
94	90	0
38	73	0
76	79	0
88	44	0
46	93	0
87	74	0
89	50	0
81	26	0
48	44	1
6	68	0
50	74	0
73	20	0
61	37	0
80	83	0
63	47	0
12	85	0
17	88	0
68	42	0
84	23	0
91	46	0
98	4	0
88	91	0
59	38	0
29	73	0
96	22	0
61	48	0
22	77	0
14	96	0
24	70	0
8	84	0
59	54	0
41	27	0
37	77	0
50	47	1
62	75	0
69	11	0
21	87	0
88	48	0
16	20	0
19	75	0
76	68	0
67	47	0
39	55	1
91	51	0
86	51	0
77	58	0
58	66	0
80	54	0
5	28	0
98	82	0
61	51	0
42	85	0
6	78	0
24	87	0
27	57	0
89	22	0
54	95	0
8	94	0
97	62	0
78	18	0
19	13	0
30	29	0
73	10	0
18	71	0
82	57	0
94	37	0
11	4	0
0	39	1
69	13	0
41	84	0
99	83	0
5	9	0
51	86	0
82	34	0
98	78	0
52	62	0
62	75	0
21	38	0
92	39	0
95	67	0
17	73	0
22	79	0
27	71	1
23	90	0
75	13	0
29	61	1
8	87	0
37	33	0
47	58	1
67	45	0
34	70	1
92	24	0
5	31	0
85	41	0
73	15	0
44	50	1
36	25	0
41	9	1
22	90	0
49	83	0
14	69	0
21	26	0
17	77	0
19	86	0
62	60	0
87	43	0
40	56	1
79	93	0
48	28	0
61	73	0
41	70	0
15	91	0
85	35	0
46	53	1
8	16	0
88	57	0
63	51	0
91	26	0
82	30	0
76	32	0
55	92	0
41	32	0
59	43	0
60	30	1
41	7	0
34	98	0
49	64	0
94	39	0
59	98	0
78	53	0
79	46	0
40	89	0
35	81	0
94	26	0
51	55	1
70	5	0
96	97	0
76	81	0
53	90	0
74	21	0
82	74	0
24	77	0
64	21	0
18	95	0
41	58	1
89	61	0
67	11	1
93	90	0
82	8	0
95	94	0
60	10	1
75	24	0
77	54	0
63	21	0
4	84	0
67	98	0
60	79	0
4	28	0
7	94	0
15	71	0
49	42	0
81	36	0
2	60	1
24	90	0
65	98	0
96	44	0
1	73	0
69	45	0
32	92	0
84	43	0
72	47	0
26	60	1
81	40	0
78	42	0
54	73	0
50	47	1
1	83	0
4	3	0
81	73	0
17	58	0
16	9	0
0	95	0
33	75	0
93	43	0
71	85	0
90	63	0
99	81	0
50	58	1
63	31	0
1	73	0
55	64	0
36	39	1
79	37	0
87	23	0
