97	67	0
49	9	0
40	19	0
42	95	0
3	37	0
89	29	0
88	77	0
11	5	0
45	11	0
71	94	0
42	41	0
77	40	0
2	86	0
21	0	0
14	66	0
97	5	0
92	86	0
63	29	0
30	59	0
98	63	0
94	2	0
42	72	0
76	82	0
79	91	0
68	1	0
29	97	0
54	12	0
77	78	0
74	93	0
96	58	0
1	42	0
29	33	0
44	27	0
81	17	0
42	47	0
95	79	0
12	94	0
69	77	0
88	23	0
82	96	0
47	10	0
24	52	0
71	52	0
99	54	0
61	78	0
98	50	0
18	99	0
36	44	0
54	16	0
83	42	0
18	67	0
60	10	0
33	88	0
53	87	0
28	65	0
97	71	0
49	23	0
36	49	0
86	74	0
95	98	0
89	11	0
17	98	0
93	14	0
52	11	0
92	67	0
39	36	0
19	86	0
85	11	0
34	82	0
83	74	0
66	53	0
19	30	0
87	79	0
31	39	0
16	49	0
92	37	0
18	26	1
16	36	0
40	82	0
60	92	0
67	27	0
47	96	0
65	96	0
1	9	0
12	22	0
93	19	0
93	20	0
35	57	0
82	42	0
23	31	0
78	49	0
36	58	0
33	13	0
35	5	0
69	48	0
22	84	0
55	7	0
47	75	0
46	0	0
36	28	0
93	45	0
48	62	0
65	47	0
16	79	0
63	84	0
9	81	0
46	77	0
87	48	0
66	12	0
53	74	0
8	52	0
59	9	0
53	67	0
12	73	0
44	0	0
29	59	0
15	33	0
88	82	0
41	37	0
1	5	0
26	95	0
81	1	0
69	64	0
18	31	0
80	80	0
95	15	0
60	69	0
57	86	0
31	18	0
62	95	0
22	18	1
72	86	0
61	55	0
33	93	0
76	29	0
38	23	0
18	36	0
80	0	0
13	12	1
4	73	0
11	16	1
93	70	0
87	13	0
90	37	0
41	57	0
62	4	0
86	96	0
4	6	0
37	14	0
11	13	1
82	80	0
36	36	0
92	66	0
84	79	0
53	26	0
50	38	0
69	57	0
7	48	0
25	79	0
10	59	0
82	79	0
56	70	0
42	95	0
84	50	0
69	73	0
56	84	0
26	45	0
90	83	0
2	37	0
35	37	0
26	20	0
17	70	0
30	72	0
96	22	0
42	35	0
76	9	0
36	79	0
71	20	0
57	30	0
76	78	0
21	49	0
61	67	0
33	99	0
38	66	0
43	7	0
67	17	0
31	91	0
17	81	0
71	84	0
93	59	0
18	88	0
30	37	0
86	70	0
25	60	0
39	81	0
36	96	0
52	45	0
34	6	0
23	38	0
80	96	0
89	95	0
58	96	0
77	14	0
3	61	0
65	0	0
61	17	0
66	23	0
85	22	0
28	59	0
7	73	0
60	65	0
71	36	0
30	76	0
89	16	0
58	87	0
34	67	0
30	18	0
82	69	0
32	72	0
41	8	0
1	90	0
82	20	0
98	74	0
85	92	0
86	21	0
3	80	0
20	77	0
94	49	0
51	70	0
38	46	0
43	74	0
58	71	0
57	54	0
8	83	0
34	69	0
63	15	0
3	62	0
67	98	0
64	40	0
34	92	0
88	59	0
40	15	0
42	59	0
10	75	0
39	96	0
56	34	0
69	27	0
10	36	0
89	65	0
71	47	0
81	54	0
11	87	0
57	9	0
14	83	0
64	64	0
59	46	0
70	57	0
58	5	0
17	7	1
3	55	0
78	48	0
45	10	0
69	54	0
51	81	0
64	54	0
90	33	0
93	16	0
8	59	0
90	67	0
25	91	0
91	54	0
35	90	0
56	35	0
47	2	0
16	93	0
74	33	0
44	58	0
42	75	0
47	0	0
20	93	0
76	83	0
84	87	0
58	29	0
94	71	0
11	91	0
38	41	0
60	0	0
64	20	0
34	24	0
46	0	0
56	12	0
57	47	0
74	34	0
36	47	0
21	47	0
52	50	0
69	79	0
89	75	0
56	86	0
77	10	0
99	52	0
79	1	0
9	56	0
26	9	0
92	34	0
47	24	0
75	76	0
7	45	0
54	71	0
59	25	0
25	98	0
33	89	0
33	71	0
91	54	0
42	25	0
42	0	0
25	53	0
89	50	0
73	17	0
75	97	0
17	5	0
66	90	0
10	77	0
46	85	0
32	30	0
3	55	0
80	8	0
23	33	0
80	13	0
38	12	0
14	1	0
82	6	0
30	53	0
13	42	0
89	29	0
92	58	0
9	24	0
25	37	0
5	60	0
33	84	0
15	76	0
6	6	0
37	96	0
44	65	0
36	28	0
60	32	0
44	79	0
37	68	0
92	92	0
37	28	0
17	49	0
31	42	0
54	77	0
78	97	0
50	8	0
72	2	0
34	8	0
46	9	0
60	6	0
23	49	0
78	60	0
68	4	0
27	44	0
65	11	0
50	57	0
47	51	0
29	63	0
76	83	0
64	52	0
15	65	0
58	34	0
22	17	0
93	4	0
50	4	0
67	17	0
55	37	0
20	39	0
11	69	0
71	74	0
12	75	0
30	98	0
28	92	0
49	22	0
32	34	0
88	65	0
61	48	0
8	76	0
76	77	0
65	89	0
23	34	0
69	22	0
68	91	0
71	3	0
97	62	0
78	39	0
34	18	0
40	46	0
37	48	0
88	79	0
11	27	0
76	26	0
85	5	0
13	58	0
33	90	0
72	77	0
87	6	0
3	72	0
95	36	0
48	90	0
5	9	1
73	9	0
63	51	0
43	55	0
58	49	0
29	36	0
49	38	0
74	75	0
70	53	0
42	34	0
72	64	0
23	49	0
29	90	0
87	85	0
45	19	0
0	75	0
70	17	0
87	19	0
70	45	0
17	59	0
63	23	0
29	34	0
53	42	0
8	98	0
62	40	0
59	18	0
89	53	0
43	26	0
32	73	0
37	7	0
82	42	0
10	2	0
63	93	0
3	87	0
37	42	0
52	84	0
55	30	0
21	95	0
20	47	0
18	39	0
61	20	0
96	32	0
84	20	0
87	98	0
26	59	0
15	14	1
33	14	0
35	28	0
84	20	0
54	65	0
78	84	0
25	31	0
65	97	0
83	70	0
38	75	0
76	11	0
70	36	0
83	19	0
68	23	0
42	21	0
38	31	0
97	4	0
64	27	0
1	67	0
90	16	0
92	93	0
10	92	0
89	63	0
45	49	0
27	0	0
92	90	0
80	54	0
27	99	0
65	22	0
76	43	0
94	61	0
82	71	0
30	76	0
77	82	0
31	92	0
88	71	0
39	38	0
27	88	0
99	89	0
31	30	0
25	46	0
65	67	0
61	92	0
53	69	0
42	89	0
65	62	0
34	60	0
33	64	0
83	23	0
13	93	0
91	50	0
17	83	0
42	54	0
47	78	0
81	31	0
26	34	0
15	45	0
65	43	0
92	70	0
63	21	0
84	93	0
70	99	0
34	42	0
57	9	0
28	44	0
18	82	0
38	31	0
55	69	0
68	83	0
34	24	0
75	87	0
51	32	0
34	16	0
63	38	0
25	74	0
41	14	0
1	60	0
90	82	0
66	98	0
52	45	0
79	14	0
37	72	0
41	52	0
98	54	0
97	1	0
0	72	0
69	4	0
84	74	0
70	23	0
35	1	0
35	68	0
76	79	0
36	80	0
49	79	0
77	19	0
15	70	0
58	10	0
47	68	0
65	99	0
30	92	0
90	4	0
92	21	0
64	14	0
35	82	0
12	93	0
5	89	0
79	49	0
71	56	0
78	64	0
13	45	0
88	47	0
66	58	0
18	17	1
82	77	0
70	63	0
23	49	0
16	68	0
37	26	0
47	39	0
3	52	0
55	66	0
43	39	0
93	39	0
77	36	0
77	3	0
75	31	0
51	85	0
21	18	1
15	46	0
64	41	0
93	78	0
70	81	0
93	76	0
24	49	0
52	64	0
59	52	0
30	60	0
85	39	0
22	62	0
43	23	0
95	57	0
73	96	0
52	50	0
21	63	0
39	2	0
70	68	0
29	80	0
45	26	0
73	81	0
89	71	0
23	90	0
53	61	0
13	72	0
72	67	0
38	54	0
52	62	0
37	79	0
63	65	0
27	33	0
13	63	0
89	79	0
78	57	0
98	61	0
34	79	0
56	73	0
67	34	0
20	20	1
86	25	0
37	30	0
99	3	0
18	91	0
31	33	0
29	80	0
91	62	0
20	38	0
97	64	0
14	92	0
14	70	0
31	4	0
98	92	0
30	26	0
4	82	0
75	96	0
35	62	0
78	71	0
31	84	0
97	26	0
30	19	0
36	81	0
29	73	0
35	17	0
22	36	0
11	26	0
92	72	0
90	14	0
55	6	0
67	8	0
89	41	0
32	7	0
41	38	0
96	40	0
11	62	0
44	90	0
0	49	0
22	84	0
77	59	0
47	97	0
67	48	0
74	80	0
36	32	0
80	68	0
37	66	0
86	44	0
6	76	0
59	35	0
34	67	0
73	35	0
57	39	0
97	83	0
91	93	0
84	88	0
21	86	0
19	36	0
56	51	0
48	68	0
36	24	0
21	10	0
39	68	0
9	42	0
62	3	0
67	85	0
91	61	0
94	17	0
10	46	0
7	1	0
78	92	0
8	92	0
53	14	0
54	48	0
71	10	0
18	1	0
46	13	0
20	34	0
47	17	0
58	0	0
39	82	0
55	20	0
26	93	0
75	2	0
26	36	0
51	66	0
65	18	0
90	67	0
62	78	0
44	67	0
50	98	0
78	89	0
6	14	1
88	58	0
16	64	0
81	72	0
59	91	0
17	35	0
18	61	0
95	47	0
31	87	0
95	94	0
65	84	0
45	9	0
46	53	0
79	59	0
53	90	0
74	49	0
95	72	0
81	26	0
16	66	0
5	58	0
69	89	0
78	41	0
57	61	0
57	11	0
32	26	0
69	70	0
24	38	0
13	63	0
37	47	0
54	44	0
29	13	0
59	29	0
7	86	0
25	36	0
12	57	0
6	70	0
76	50	0
31	27	0
59	13	0
95	26	0
80	0	0
52	69	0
4	63	0
63	27	0
46	39	0
22	18	1
72	76	0
77	16	0
45	41	0
49	69	0
48	81	0
20	95	0
29	63	0
40	90	0
30	40	0
76	83	0
44	38	0
26	78	0
9	18	1
58	22	0
6	39	0
58	56	0
62	16	0
28	73	0
81	49	0
54	43	0
51	45	0
43	16	0
1	72	0
67	59	0
75	52	0
44	38	0
80	56	0
84	71	0
76	37	0
67	12	0
84	74	0
91	16	0
6	75	0
65	82	0
29	18	0
55	36	0
8	0	0
16	53	0
8	88	0
31	92	0
21	49	0
94	34	0
17	49	0
59	99	0
11	84	0
94	65	0
52	65	0
88	39	0
16	2	0
56	17	0
45	6	0
5	1	0
14	81	0
56	64	0
84	68	0
73	47	0
16	1	0
28	34	0
65	10	0
4	81	0
73	2	0
42	72	0
56	23	0
70	98	0
11	38	0
2	93	0
98	64	0
38	21	0
85	69	0
62	58	0
74	43	0
42	28	0
92	33	0
87	67	0
19	64	0
0	88	0
23	49	0
4	87	0
7	97	0
90	33	0
35	51	0
1	99	0
54	13	0
62	0	0
43	49	0
26	22	0
68	46	0
37	21	0
24	79	0
29	32	0
71	12	0
1	41	0
89	47	0
87	7	0
65	53	0
33	7	0
47	21	0
11	94	0
62	81	0
39	66	0
12	5	1
35	15	0
0	80	0
2	84	0
67	54	0
87	44	0
46	32	0
28	72	0
25	27	0
95	90	0
63	31	0
43	77	0
65	97	0
22	18	0
5	89	0
64	18	0
58	66	0
33	37	0
98	70	0
33	74	0
98	19	0
80	17	0
98	21	0
89	87	0
45	60	0
25	89	0
87	7	0
34	1	0
66	81	0
67	72	0
20	45	0
68	39	0
65	82	0
85	13	0
94	52	0
19	65	0
52	53	0
24	24	0
89	28	0
47	45	0
70	10	0
92	94	0
85	76	0
52	67	0
73	29	0
63	70	0
6	87	0
38	2	0
7	98	0
16	77	0
62	69	0
77	96	0
91	11	0
97	91	0
80	3	0
16	9	1
87	77	0
66	4	0
98	36	0
74	50	0
55	37	0
16	71	0
60	90	0
53	76	0
10	40	0
7	42	0
38	90	0
5	76	0
45	4	0
41	56	0
14	61	0
43	30	0
5	42	0
96	45	0
54	23	0
3	47	0
27	87	0
73	60	0
2	5	0
92	72	0
23	80	0
57	44	0
35	58	0
96	50	0
61	41	0
2	13	0
13	15	1
4	51	0
25	61	0
83	70	0
66	45	0
97	64	0
3	51	0
63	58	0
15	68	0
1	15	0
71	76	0
30	64	0
40	8	0
27	28	0
8	77	0
34	86	0
5	3	0
76	46	0
66	62	0
82	66	0
78	77	0
44	88	0
36	14	0
4	69	0
12	14	1
46	66	0
36	47	0
55	47	0
83	13	0
