86	61	0
45	12	0
33	30	0
58	96	0
12	9	0
92	37	0
94	90	0
41	4	0
63	84	0
48	16	0
86	44	0
0	80	0
17	7	0
18	65	0
99	22	0
81	77	0
59	29	0
20	50	0
89	61	0
96	13	0
50	92	0
60	70	0
77	83	0
56	2	0
35	83	0
55	7	0
82	74	0
63	82	0
86	78	0
2	23	0
55	19	0
41	17	0
89	34	0
30	52	0
85	61	0
5	87	0
38	98	0
93	28	0
74	91	0
48	0	0
23	70	0
91	58	0
92	71	0
54	70	0
99	49	0
8	81	0
22	38	1
66	0	0
97	65	0
16	69	0
64	6	0
12	78	0
56	94	0
36	75	0
98	70	0
49	30	0
28	25	0
93	77	0
95	97	0
96	10	0
17	97	0
98	17	0
37	9	0
75	75	0
40	10	0
10	98	0
82	6	0
40	86	0
71	95	0
48	64	0
1	32	0
66	94	0
25	32	1
13	55	0
93	32	0
25	41	1
26	89	0
52	98	0
63	29	0
30	97	0
57	99	0
0	21	0
99	8	0
93	17	0
38	61	0
80	42	0
23	38	1
79	57	0
52	10	0
38	7	0
71	45	0
15	96	0
56	6	0
56	83	0
42	3	0
48	31	0
85	44	0
38	66	0
73	44	0
9	62	0
76	83	0
2	78	0
33	97	0
97	57	0
62	9	0
45	68	0
34	66	0
63	3	0
72	50	0
2	59	0
31	1	0
16	41	0
40	31	0
68	88	0
54	51	0
16	92	0
86	7	0
48	78	0
79	81	0
97	3	0
67	83	0
53	68	0
30	7	0
56	97	0
99	73	0
68	64	0
26	98	0
62	36	0
35	15	0
17	46	0
77	8	0
7	63	0
95	61	0
97	22	0
83	37	0
37	52	0
51	14	0
83	74	0
18	15	0
32	13	0
85	63	0
44	40	0
67	71	0
64	94	0
50	33	0
48	34	0
59	38	0
15	43	0
32	55	0
26	55	0
78	85	0
43	55	0
28	98	0
74	42	0
73	66	0
54	81	0
92	70	0
18	28	0
53	53	0
14	10	0
24	83	0
32	73	0
87	34	0
42	38	0
78	11	0
42	84	0
52	24	0
50	44	0
72	76	0
28	67	0
49	76	0
32	83	0
32	46	0
44	12	0
53	6	0
32	72	0
24	82	0
76	75	0
92	67	0
26	90	0
92	68	0
28	55	0
27	84	0
56	70	0
35	55	0
24	12	0
8	28	1
74	96	0
91	81	0
55	63	0
76	34	0
2	51	0
58	7	0
78	37	0
63	26	0
73	28	0
17	64	0
9	52	0
51	53	0
77	20	0
43	60	0
91	27	0
34	95	0
24	65	0
36	21	0
80	80	0
36	57	0
35	9	0
19	82	0
55	12	0
96	84	0
63	90	0
94	2	0
8	75	0
24	64	0
94	29	0
52	81	0
46	35	0
55	63	0
49	70	0
49	67	0
21	76	0
26	58	0
66	2	0
1	59	0
59	77	0
93	42	0
43	89	0
77	63	0
62	31	0
49	71	0
25	86	0
40	94	0
53	37	0
76	38	0
85	60	0
71	37	0
64	66	0
11	45	0
48	17	0
6	85	0
67	55	0
68	40	0
66	26	0
54	20	0
8	57	0
86	16	0
38	10	0
65	66	0
54	74	0
71	33	0
99	36	0
94	9	0
7	57	0
99	73	0
21	99	0
90	73	0
34	95	0
55	30	0
63	18	0
18	87	0
72	33	0
43	67	0
35	69	0
43	10	0
32	97	0
81	90	0
72	91	0
81	45	0
93	72	0
25	92	0
41	66	0
62	7	0
71	38	0
32	16	0
36	0	0
51	15	0
50	59	0
73	42	0
34	48	0
39	51	0
35	72	0
73	87	0
81	67	0
58	78	0
80	0	0
84	41	0
64	2	0
20	46	0
28	36	1
75	43	0
69	52	0
66	66	0
13	34	0
38	70	0
58	20	0
23	86	0
30	91	0
29	70	0
94	64	0
46	13	0
36	3	0
32	55	0
76	69	0
62	11	0
75	90	0
12	6	0
54	98	0
3	68	0
37	91	0
44	36	0
1	56	0
83	25	0
24	30	1
75	3	0
51	12	0
87	15	0
37	55	0
15	53	0
73	22	0
86	58	0
6	18	0
1	67	0
30	94	0
3	85	0
48	97	0
57	74	0
52	37	0
62	10	0
43	85	0
42	66	0
81	94	0
31	29	0
6	56	0
29	48	0
64	56	0
71	82	0
27	21	0
79	27	0
38	1	0
47	2	0
59	18	0
32	43	0
78	71	0
86	10	0
18	40	0
53	19	0
52	53	0
44	35	0
33	52	0
84	77	0
72	61	0
11	51	0
54	29	0
97	8	0
56	9	0
54	29	0
50	37	0
42	28	0
1	72	0
62	82	0
28	74	0
20	90	0
27	98	0
58	12	0
37	34	0
95	47	0
87	57	0
1	74	0
81	70	0
69	71	0
80	25	0
77	82	0
80	7	0
78	62	0
80	64	0
38	23	0
63	54	0
24	49	0
90	81	0
71	20	0
95	15	0
31	49	0
40	93	0
69	68	0
87	11	0
12	67	0
96	27	0
49	97	0
79	19	0
70	45	0
42	53	0
58	40	0
26	41	1
34	48	0
58	87	0
83	29	0
36	23	0
71	74	0
29	68	0
8	98	0
87	95	0
38	35	0
1	86	0
61	30	0
90	21	0
82	42	0
9	62	0
61	36	0
47	29	0
42	43	0
13	97	0
82	22	0
55	4	0
87	44	0
47	49	0
26	77	0
16	3	0
56	59	0
51	92	0
10	52	0
41	71	0
35	75	0
55	38	0
18	88	0
4	49	0
21	43	1
59	15	0
90	29	0
95	8	0
78	83	0
18	62	0
26	35	1
46	25	0
86	0	0
71	61	0
78	90	0
10	46	0
67	90	0
96	62	0
34	89	0
72	3	0
62	51	0
66	25	0
75	11	0
46	31	0
42	13	0
97	3	0
85	33	0
9	82	0
83	13	0
92	98	0
24	92	0
95	64	0
45	54	0
9	24	0
89	91	0
62	45	0
3	98	0
67	38	0
75	36	0
73	55	0
82	66	0
28	74	0
86	65	0
33	87	0
97	81	0
34	91	0
99	77	0
27	32	1
37	27	0
60	65	0
62	96	0
44	65	0
72	97	0
68	50	0
32	64	0
38	66	0
84	8	0
7	86	0
93	53	0
19	87	0
52	72	0
44	80	0
88	42	0
40	51	0
46	27	0
85	53	0
66	12	0
89	88	0
61	89	0
44	53	0
52	6	0
37	39	0
56	84	0
37	27	0
44	64	0
77	71	0
37	17	0
99	93	0
50	16	0
20	6	0
55	21	0
20	76	0
38	2	0
14	60	0
90	94	0
56	83	0
64	54	0
60	1	0
40	69	0
44	47	0
96	58	0
85	6	0
5	67	0
76	1	0
56	75	0
62	31	0
42	13	0
38	67	0
88	83	0
31	76	0
38	84	0
79	27	0
20	49	0
63	34	0
42	68	0
62	82	0
34	97	0
86	6	0
96	25	0
71	19	0
27	74	0
24	98	0
27	76	0
67	40	0
84	74	0
79	86	0
12	47	0
76	42	0
71	74	0
77	74	0
57	77	0
19	78	0
16	67	0
45	25	0
35	14	0
3	36	0
42	57	0
28	45	0
84	29	0
84	38	0
73	2	0
78	47	0
52	60	0
19	62	0
54	28	0
89	85	0
50	96	0
77	64	0
31	57	0
36	86	0
76	49	0
25	47	0
79	29	0
21	51	0
38	17	0
90	51	0
85	91	0
53	55	0
13	61	0
54	8	0
59	52	0
33	83	0
37	30	0
83	90	0
94	67	0
16	81	0
63	46	0
7	67	0
80	56	0
30	58	0
50	60	0
35	78	0
59	64	0
4	56	0
75	61	0
66	54	0
80	47	0
22	76	0
62	85	0
55	15	0
93	17	0
52	32	0
99	10	0
8	81	0
36	40	0
35	68	0
86	64	0
23	55	0
79	71	0
18	97	0
15	87	0
92	91	0
49	26	0
10	66	0
78	92	0
46	67	0
83	58	0
24	91	0
95	32	0
27	6	0
31	81	0
26	81	0
27	11	0
18	46	0
11	26	0
77	69	0
98	20	0
56	11	0
75	28	0
89	31	0
31	8	0
36	55	0
95	38	0
8	59	0
53	93	0
8	56	0
32	83	0
66	53	0
53	98	0
79	52	0
69	86	0
32	39	0
73	60	0
42	55	0
74	65	0
8	71	0
55	28	0
29	84	0
83	39	0
74	26	0
86	74	0
96	94	0
84	81	0
51	68	0
69	41	0
52	74	0
39	20	0
34	7	0
37	79	0
0	39	0
63	7	0
58	89	0
87	83	0
81	6	0
14	41	0
60	83	0
17	96	0
61	6	0
57	44	0
60	19	0
44	22	0
16	35	1
49	18	0
81	10	0
39	98	0
70	29	0
27	99	0
94	19	0
21	46	0
42	65	0
69	28	0
78	91	0
68	71	0
45	62	0
57	92	0
72	69	0
84	48	0
13	63	0
82	83	0
82	98	0
17	61	0
93	49	0
31	73	0
97	87	0
52	92	0
40	16	0
73	68	0
89	60	0
58	81	0
73	62	0
93	67	0
68	36	0
19	57	0
3	62	0
64	74	0
71	36	0
53	48	0
48	1	0
32	21	0
96	72	0
14	56	0
26	49	0
62	27	0
42	12	0
57	26	0
19	96	0
10	57	0
21	78	0
72	51	0
80	22	0
91	32	0
94	0	0
59	88	0
9	53	0
54	30	0
56	53	0
47	79	0
93	17	0
59	57	0
44	86	0
20	90	0
40	60	0
28	91	0
35	16	0
74	76	0
46	34	0
40	80	0
56	40	0
9	45	0
64	62	0
66	13	0
24	83	0
92	45	0
22	41	1
23	54	0
21	15	0
3	66	0
78	65	0
74	65	0
44	54	0
81	56	0
85	68	0
63	37	0
66	25	0
81	70	0
80	22	0
0	49	0
74	87	0
30	33	0
62	35	0
8	64	0
1	87	0
36	91	0
35	53	0
94	25	0
4	49	0
60	93	0
6	89	0
87	60	0
48	42	0
83	24	0
11	9	0
49	32	0
72	3	0
22	85	0
52	44	0
97	62	0
88	35	0
11	0	0
9	45	0
61	16	0
6	56	0
82	5	0
51	71	0
41	27	0
90	94	0
10	18	0
30	91	0
95	54	0
30	13	0
91	98	0
47	59	0
63	61	0
40	34	0
90	30	0
93	91	0
6	59	0
4	71	0
14	51	0
19	82	0
22	95	0
63	28	0
36	54	0
13	89	0
43	21	0
69	15	0
36	62	0
61	48	0
50	13	0
35	72	0
37	32	0
88	21	0
4	33	0
77	56	0
92	15	0
53	41	0
36	19	0
48	4	0
16	90	0
46	70	0
46	63	0
37	10	0
18	91	0
7	84	0
67	47	0
95	34	0
30	28	0
29	61	0
86	91	0
52	29	0
67	73	0
59	84	0
7	79	0
76	35	0
47	58	0
11	41	0
96	75	0
51	63	0
92	16	0
75	18	0
89	21	0
67	93	0
54	63	0
47	48	0
65	20	0
41	6	0
60	91	0
62	67	0
17	57	0
72	35	0
47	94	0
93	32	0
89	62	0
31	78	0
46	55	0
26	35	1
84	30	0
39	52	0
84	3	0
96	95	0
68	67	0
52	81	0
75	38	0
68	88	0
14	84	0
40	6	0
11	93	0
14	64	0
51	67	0
75	78	0
65	15	0
96	94	0
91	10	0
97	90	0
63	12	0
81	28	0
72	59	0
52	39	0
11	83	0
56	96	0
70	86	0
34	48	0
9	33	0
21	93	0
15	64	0
41	9	0
42	46	0
19	65	0
34	41	0
0	43	0
94	58	0
44	23	0
17	63	0
28	82	0
65	79	0
90	55	0
4	74	0
64	46	0
23	60	0
78	47	0
59	31	0
2	53	0
25	47	0
81	55	0
66	54	0
84	54	0
4	67	0
62	54	0
5	80	0
3	8	0
86	73	0
14	60	0
29	1	0
35	19	0
11	95	0
18	80	0
93	39	0
64	72	0
77	61	0
78	82	0
47	63	0
59	41	0
4	70	0
46	70	0
33	52	0
68	60	0
79	15	0
