0	23	1
93	57	0
55	13	0
42	23	0
52	94	0
4	40	0
84	35	0
92	75	0
3	14	0
48	11	0
69	90	0
41	39	0
71	49	0
3	94	0
34	9	0
17	55	0
93	5	0
81	78	0
67	34	0
31	58	0
98	56	0
99	0	0
46	79	0
73	76	0
83	89	0
80	0	0
21	97	0
65	18	0
74	71	0
66	86	0
95	60	0
2	43	0
29	25	0
50	16	0
77	17	0
48	48	0
89	80	0
11	97	0
67	67	0
96	16	0
82	94	0
39	16	0
33	57	0
63	52	0
94	52	0
58	86	0
96	52	0
16	97	0
28	44	0
62	10	0
93	45	0
24	66	0
59	4	0
37	87	0
66	99	0
25	68	0
91	65	0
54	17	0
35	61	0
78	72	0
96	90	0
74	10	0
21	97	0
88	3	0
49	12	0
90	61	0
47	21	0
10	87	0
87	5	0
29	81	0
90	78	0
58	50	0
24	34	0
87	75	0
22	39	0
27	45	0
86	39	0
20	10	0
6	39	0
51	85	0
65	96	0
71	19	0
46	99	0
75	92	0
7	9	0
13	27	0
88	12	0
85	15	0
54	50	0
85	35	0
22	29	0
77	50	0
48	51	0
29	6	0
34	7	0
68	52	0
20	80	0
47	2	0
44	82	0
43	2	0
32	30	0
86	33	0
47	63	0
59	45	0
20	78	0
71	77	0
5	85	0
44	95	0
86	48	0
69	18	0
51	82	0
2	49	0
64	7	0
51	73	0
7	83	0
41	5	0
25	57	0
19	32	0
86	82	0
6	28	0
37	25	0
0	1	0
37	96	0
89	7	0
63	62	0
5	35	0
71	83	0
96	20	0
59	68	0
49	84	0
28	20	0
62	96	0
15	20	0
75	79	0
66	52	0
23	97	0
81	32	0
41	41	0
20	23	0
67	7	0
11	6	0
3	80	0
18	8	0
95	87	0
94	13	0
83	42	0
54	65	0
65	15	0
88	87	0
3	5	0
36	15	0
19	5	0
81	71	0
43	35	0
91	73	0
88	79	0
48	27	0
56	35	0
77	50	0
0	50	0
25	76	0
13	58	0
90	79	0
47	60	0
38	94	0
89	42	0
71	76	0
52	86	0
23	41	0
98	78	0
2	42	0
33	33	0
15	27	0
25	73	0
30	65	0
95	20	0
52	35	0
77	11	0
43	76	0
66	20	0
59	36	0
77	74	0
24	49	0
69	60	0
36	99	0
28	61	0
30	4	0
65	23	0
23	97	0
4	78	0
65	79	0
80	48	0
21	86	0
11	49	0
85	71	0
24	53	0
32	74	0
35	85	0
60	38	0
34	3	0
20	48	0
79	87	0
96	87	0
63	95	0
72	10	0
8	57	0
58	5	0
58	26	0
58	26	0
71	14	0
23	63	0
9	76	0
43	63	0
70	33	0
30	71	0
79	22	0
57	88	0
32	76	0
24	14	0
89	78	0
29	76	0
44	5	0
5	86	0
83	23	0
92	72	0
78	87	0
85	29	0
1	80	0
15	80	0
93	45	0
63	68	0
39	44	0
44	74	0
72	73	0
47	65	0
17	79	0
36	66	0
69	5	0
4	58	0
68	97	0
68	35	0
24	86	0
87	70	0
43	14	0
36	61	0
14	75	0
37	94	0
63	28	0
67	13	0
17	38	0
97	55	0
60	41	0
76	40	0
10	90	0
54	14	0
18	80	0
67	68	0
61	56	0
69	59	0
57	1	0
24	6	0
9	52	0
83	53	0
52	13	0
74	60	0
47	87	0
65	46	0
93	32	0
91	13	0
16	60	0
84	69	0
17	83	0
20	22	0
93	52	0
40	95	0
46	37	0
50	1	0
16	96	0
71	38	0
39	54	0
36	71	0
42	3	0
19	79	0
82	87	0
87	77	0
59	35	0
86	66	0
15	89	0
45	42	0
63	1	0
67	20	0
32	27	0
58	6	0
56	18	0
52	33	0
67	31	0
31	49	0
27	47	0
54	45	0
69	66	0
88	87	0
42	99	0
74	3	0
91	59	0
67	13	0
12	58	0
17	14	0
87	36	0
59	30	0
77	72	0
18	46	0
50	69	0
61	17	0
30	95	0
30	83	0
45	78	0
93	49	0
51	26	0
53	4	0
27	41	0
83	46	0
75	4	0
65	93	0
32	1	0
68	90	0
5	72	0
40	76	0
33	26	0
7	53	0
7	13	0
88	9	0
29	37	0
77	19	0
39	7	0
1	11	0
84	14	0
25	64	0
24	42	0
93	28	0
78	56	0
11	31	0
23	40	0
0	51	0
37	89	0
13	74	0
9	3	0
34	92	0
54	63	0
43	16	0
10	15	0
53	31	0
48	85	0
37	72	0
82	99	0
30	29	0
18	58	0
34	48	0
56	69	0
75	95	0
48	12	0
72	7	0
33	8	0
47	12	0
51	4	0
13	60	0
81	56	0
63	3	0
23	51	0
60	0	0
54	59	0
46	54	0
37	57	0
80	81	0
73	48	0
23	62	0
51	50	0
22	15	0
99	12	0
45	3	0
60	27	0
60	25	0
21	42	0
14	72	0
56	74	0
9	74	0
39	96	0
28	86	0
38	26	0
40	32	0
89	57	0
65	34	0
12	71	0
71	76	0
6	22	1
65	88	0
28	29	0
65	18	0
70	90	0
75	0	0
95	62	0
71	43	0
44	25	0
40	37	0
37	38	0
89	80	0
15	18	0
64	23	0
79	3	0
10	52	0
42	83	0
73	75	0
77	9	0
1	63	0
96	44	0
57	93	0
7	15	0
65	1	0
55	61	0
36	67	0
61	47	0
18	38	0
55	41	0
70	84	0
62	51	0
35	24	0
79	73	0
19	46	0
21	79	0
83	86	0
47	19	0
5	78	0
69	18	0
89	26	0
71	39	0
19	64	0
67	18	0
22	25	0
63	44	0
20	97	0
64	52	0
54	2	0
85	54	0
36	28	0
28	75	0
39	8	0
81	40	0
6	4	0
62	95	0
15	92	0
30	33	0
53	67	0
58	28	0
9	90	0
11	43	0
19	44	0
54	7	0
94	37	0
68	23	0
84	98	0
32	69	0
20	24	0
39	25	0
40	24	0
94	12	0
53	58	0
82	79	0
31	40	0
63	93	0
73	60	0
42	79	0
80	3	0
69	46	0
74	10	0
65	15	0
44	23	0
30	28	0
92	10	0
61	22	0
4	74	0
96	3	0
98	85	0
9	94	0
7	30	1
87	67	0
41	49	0
30	3	0
89	86	0
83	67	0
25	97	0
70	34	0
77	41	0
90	61	0
12	21	0
84	77	0
29	78	0
77	77	0
27	98	0
97	68	0
36	47	0
21	88	0
98	82	0
36	30	0
29	35	0
71	70	0
65	97	0
45	73	0
12	13	0
43	79	0
62	60	0
38	61	0
37	72	0
85	23	0
13	93	0
81	47	0
23	74	0
36	64	0
39	78	0
90	33	0
39	33	0
20	48	0
0	16	0
67	44	0
99	72	0
56	16	0
79	95	0
73	96	0
29	36	0
43	17	0
23	48	0
26	79	0
10	21	1
38	30	0
48	72	0
63	91	0
33	31	0
75	86	0
55	32	0
35	10	0
71	37	0
23	74	0
51	13	0
14	59	0
99	88	0
61	98	0
45	56	0
74	10	0
43	62	0
4	28	1
5	26	1
41	51	0
90	58	0
90	0	0
4	65	0
77	11	0
91	88	0
71	21	0
28	1	0
26	71	0
77	73	0
35	79	0
52	82	0
81	19	0
21	74	0
61	20	0
61	78	0
61	94	0
33	89	0
94	11	0
92	18	0
70	12	0
42	90	0
11	97	0
2	86	0
74	60	0
70	59	0
91	61	0
9	48	0
88	48	0
64	61	0
9	17	0
78	66	0
64	70	0
23	44	0
11	68	0
39	29	0
41	42	0
11	58	0
60	49	0
46	52	0
97	40	0
79	31	0
78	5	0
72	36	0
54	90	0
0	27	1
16	17	0
26	51	0
72	50	0
99	83	0
73	69	0
97	79	0
22	46	0
53	72	0
55	39	0
32	65	0
79	45	0
3	29	0
20	69	0
40	27	0
76	62	0
61	97	0
49	60	0
7	21	1
27	67	0
33	12	0
82	66	0
25	76	0
48	33	0
86	82	0
97	82	0
12	98	0
39	54	0
14	78	0
79	79	0
38	51	0
57	56	0
43	79	0
80	71	0
26	28	0
21	63	0
92	76	0
78	60	0
92	55	0
38	82	0
57	83	0
62	28	0
31	23	0
86	27	0
41	26	0
91	2	0
21	87	0
22	28	0
2	13	0
35	93	0
91	72	0
23	39	0
96	53	0
16	97	0
17	68	0
27	2	0
98	94	0
20	22	0
3	86	0
73	99	0
41	62	0
80	70	0
24	78	0
85	23	0
25	25	0
35	81	0
25	72	0
36	23	0
24	38	0
17	38	0
98	67	0
83	14	0
49	12	0
71	10	0
85	47	0
32	14	0
47	26	0
94	34	0
7	53	0
46	88	0
15	53	0
14	82	0
76	58	0
49	95	0
59	49	0
72	79	0
39	26	0
94	73	0
37	64	0
94	46	0
11	69	0
65	47	0
25	63	0
71	33	0
6	28	1
58	38	0
87	77	0
88	85	0
90	94	0
25	83	0
20	40	0
46	49	0
45	60	0
35	25	0
26	12	0
37	62	0
13	51	0
60	7	0
76	81	0
84	53	0
92	4	0
11	45	0
7	2	0
81	94	0
9	81	0
51	26	0
54	33	0
75	13	0
19	3	0
54	7	0
12	38	0
0	33	0
51	16	0
51	4	0
1	27	1
30	79	0
57	25	0
36	96	0
81	1	0
31	39	0
51	62	0
67	19	0
96	59	0
60	66	0
43	65	0
46	93	0
84	93	0
17	12	0
94	62	0
15	62	0
88	69	0
56	87	0
12	32	0
16	59	0
98	43	0
24	76	0
90	99	0
68	85	0
45	3	0
39	63	0
77	55	0
36	87	0
74	47	0
89	75	0
75	28	0
12	64	0
11	64	0
90	92	0
71	31	0
58	64	0
57	4	0
16	22	0
76	64	0
32	29	0
14	65	0
37	52	0
49	49	0
32	12	0
60	31	0
8	86	0
19	46	0
10	64	0
0	54	0
82	65	0
26	22	0
59	22	0
98	17	0
86	6	0
51	63	0
0	70	0
57	32	0
33	28	0
12	13	0
17	20	0
76	67	0
67	24	0
34	40	0
44	76	0
58	78	0
13	87	0
23	70	0
51	81	0
27	42	0
77	93	0
57	31	0
35	82	0
19	8	0
52	16	0
13	41	0
61	44	0
73	8	0
27	76	0
87	66	0
65	52	0
52	47	0
42	17	0
0	72	0
81	70	0
70	50	0
45	38	0
73	63	0
75	77	0
74	46	0
64	10	0
93	75	0
84	17	0
1	76	0
73	62	0
0	27	1
8	29	1
26	3	0
48	29	0
0	6	0
8	49	0
23	75	0
30	98	0
32	48	0
95	32	0
8	48	0
61	90	0
23	86	0
5	31	1
99	61	0
39	61	0
6	21	1
83	49	0
24	1	0
61	25	0
58	6	0
15	4	0
25	84	0
48	59	0
82	75	0
66	43	0
11	2	0
27	30	0
56	8	0
6	29	1
5	76	0
75	6	0
44	65	0
56	44	0
67	97	0
12	40	0
11	96	0
91	49	0
23	21	0
93	78	0
61	62	0
67	34	0
51	31	0
99	22	0
89	61	0
16	58	0
6	90	0
32	45	0
2	91	0
4	96	0
92	23	0
31	53	0
1	93	0
52	2	0
65	7	0
48	46	0
26	17	0
65	43	0
41	26	0
17	84	0
25	32	0
57	2	0
5	42	0
93	49	0
96	4	0
57	55	0
35	3	0
40	24	0
14	98	0
59	75	0
28	61	0
11	11	0
38	23	0
8	84	0
4	73	0
68	48	0
83	48	0
54	33	0
15	78	0
21	30	0
88	78	0
67	30	0
47	76	0
69	97	0
22	15	0
9	87	0
66	18	0
59	80	0
35	41	0
92	66	0
36	76	0
99	19	0
83	18	0
99	19	0
89	84	0
42	56	0
19	77	0
73	11	0
34	0	0
68	78	0
65	74	0
19	45	0
68	54	0
58	82	0
78	22	0
91	53	0
6	67	0
60	45	0
28	30	0
94	24	0
66	42	0
69	17	0
92	98	0
77	71	0
51	74	0
78	36	0
57	65	0
12	98	0
32	7	0
4	94	0
18	81	0
58	61	0
66	92	0
80	10	0
92	99	0
78	3	0
11	2	0
89	75	0
62	13	0
99	29	0
77	64	0
51	41	0
19	58	0
62	92	0
63	68	0
1	46	0
12	39	0
42	94	0
3	82	0
58	2	0
41	49	0
10	65	0
39	34	0
16	32	0
11	42	0
98	55	0
52	34	0
5	48	0
26	87	0
83	63	0
2	11	0
88	93	0
25	79	0
62	43	0
39	54	0
94	41	0
60	42	0
5	9	0
10	13	0
4	55	0
18	56	0
99	75	0
70	48	0
99	67	0
9	53	0
78	58	0
20	80	0
1	3	0
78	78	0
2	17	0
25	67	0
38	8	0
32	25	0
5	73	0
41	89	0
2	7	0
73	46	0
55	56	0
80	64	0
88	78	0
39	87	0
31	24	0
3	66	0
5	12	0
36	70	0
53	47	0
55	54	0
81	16	0
