98	67	0
50	10	0
40	18	0
41	94	0
3	38	0
88	29	0
88	77	0
11	4	0
46	12	0
71	94	0
42	40	0
77	40	0
1	87	0
21	0	0
15	65	0
97	5	0
92	85	0
64	29	0
29	59	0
99	63	0
95	1	0
41	72	0
75	82	0
79	91	0
67	0	0
29	96	0
53	13	0
78	79	0
74	93	0
96	58	0
0	42	0
29	32	0
45	26	0
81	18	0
43	47	0
95	79	0
12	93	0
70	77	0
87	23	0
81	97	0
46	11	0
24	52	0
70	53	0
99	55	0
61	78	0
98	49	0
18	99	0
36	44	0
53	16	0
84	43	0
17	68	0
60	10	0
33	88	0
52	87	0
27	66	0
97	71	0
48	23	0
35	50	0
86	75	0
96	99	0
90	11	0
17	98	0
94	14	0
52	11	0
92	66	0
39	36	0
18	86	0
84	10	0
34	83	0
83	75	0
66	53	0
20	30	0
88	80	0
30	38	0
16	50	0
92	37	0
17	25	1
17	35	0
40	82	0
61	91	0
68	26	0
48	95	0
65	97	0
1	10	0
12	23	0
92	18	0
93	19	0
35	56	0
83	42	0
22	32	0
79	48	0
36	57	0
32	13	0
35	4	0
68	48	0
22	83	0
56	6	0
48	76	0
45	0	0
35	28	0
92	44	0
48	62	0
65	46	0
17	80	0
62	84	0
9	80	0
46	76	0
88	47	0
67	13	0
54	74	0
7	52	0
60	9	0
54	68	0
12	73	0
45	1	0
29	59	0
15	34	0
88	83	0
41	37	0
1	5	0
25	95	0
81	0	0
70	63	0
18	30	0
80	80	0
94	16	0
59	68	0
56	86	0
31	18	0
62	95	0
22	18	0
71	86	0
61	54	0
33	93	0
75	29	0
38	24	0
18	36	0
79	0	0
12	11	1
5	73	0
12	16	1
93	71	0
87	13	0
90	37	0
41	58	0
61	5	0
85	96	0
4	7	0
37	14	0
11	14	1
82	81	0
36	36	0
91	66	0
83	79	0
53	26	0
51	38	0
69	57	0
7	48	0
24	79	0
9	59	0
82	78	0
57	70	0
42	95	0
84	50	0
68	73	0
56	83	0
26	44	0
91	83	0
1	38	0
34	36	0
26	21	0
17	71	0
30	73	0
96	22	0
42	36	0
76	8	0
36	80	0
72	20	0
57	29	0
75	78	0
21	49	0
61	66	0
33	98	0
38	65	0
42	7	0
68	17	0
31	92	0
16	81	0
71	83	0
94	58	0
18	88	0
30	38	0
86	69	0
24	59	0
38	82	0
36	96	0
52	45	0
34	5	0
23	37	0
81	96	0
90	96	0
58	95	0
77	14	0
4	60	0
65	0	0
60	17	0
66	23	0
86	23	0
28	59	0
6	73	0
59	65	0
72	35	0
31	75	0
89	17	0
59	87	0
35	66	0
31	18	0
81	68	0
32	72	0
40	7	0
1	90	0
83	20	0
99	75	0
84	91	0
86	21	0
3	80	0
21	77	0
94	48	0
51	70	0
38	45	0
43	75	0
58	70	0
58	54	0
8	83	0
33	68	0
62	15	0
4	63	0
66	98	0
64	39	0
33	91	0
88	59	0
39	16	0
43	59	0
10	74	0
40	97	0
57	33	0
69	27	0
10	36	0
90	64	0
70	47	0
81	55	0
12	87	0
56	9	0
15	84	0
64	64	0
59	47	0
69	58	0
58	4	0
16	8	1
4	56	0
78	48	0
46	9	0
70	55	0
50	81	0
65	54	0
89	33	0
94	16	0
7	59	0
90	67	0
25	91	0
91	53	0
35	91	0
56	35	0
48	2	0
16	94	0
73	34	0
43	59	0
42	76	0
47	0	0
20	93	0
76	83	0
84	87	0
57	29	0
94	71	0
12	91	0
37	41	0
60	0	0
64	21	0
33	24	0
47	0	0
57	12	0
58	47	0
73	35	0
35	47	0
20	48	0
51	49	0
70	78	0
89	75	0
55	86	0
77	10	0
99	51	0
78	2	0
10	55	0
26	9	0
92	35	0
47	24	0
75	76	0
7	45	0
53	70	0
59	26	0
25	97	0
32	88	0
34	71	0
92	53	0
42	24	0
43	0	0
25	53	0
90	50	0
73	16	0
74	97	0
18	5	0
65	89	0
10	76	0
46	85	0
32	31	0
3	54	0
80	8	0
23	32	0
80	13	0
38	11	0
15	1	0
83	7	0
29	52	0
13	43	0
90	28	0
92	59	0
9	25	0
24	36	0
6	60	0
34	85	0
15	77	0
5	6	0
37	96	0
43	64	0
37	28	0
60	32	0
45	80	0
37	68	0
93	92	0
36	28	0
17	49	0
32	42	0
53	77	0
78	97	0
50	8	0
72	3	0
35	8	0
47	8	0
61	7	0
23	48	0
78	59	0
68	3	0
28	43	0
65	10	0
51	58	0
48	50	0
30	63	0
75	82	0
64	52	0
16	66	0
59	33	0
22	18	0
94	4	0
50	4	0
68	17	0
56	36	0
20	38	0
12	69	0
72	74	0
13	74	0
31	98	0
27	92	0
48	22	0
32	35	0
88	65	0
60	49	0
8	76	0
76	78	0
66	88	0
22	33	0
69	22	0
68	91	0
70	3	0
97	62	0
78	39	0
35	19	0
41	46	0
37	48	0
88	79	0
12	27	0
76	25	0
86	5	0
12	58	0
33	91	0
73	77	0
87	6	0
3	72	0
95	36	0
48	91	0
5	9	1
72	10	0
64	51	0
43	55	0
58	49	0
28	37	0
49	39	0
75	75	0
69	52	0
42	33	0
71	64	0
23	49	0
29	90	0
88	86	0
45	19	0
0	74	0
70	17	0
87	18	0
71	44	0
17	60	0
64	23	0
30	34	0
53	42	0
8	97	0
61	39	0
59	18	0
89	52	0
43	27	0
33	73	0
37	6	0
82	41	0
11	3	0
63	93	0
3	87	0
36	42	0
52	83	0
55	31	0
20	96	0
19	46	0
17	39	0
62	19	0
95	32	0
84	20	0
88	98	0
26	59	0
15	13	1
34	14	0
35	27	0
84	20	0
54	65	0
79	85	0
25	31	0
65	97	0
83	70	0
39	76	0
77	10	0
70	35	0
84	20	0
69	23	0
41	22	0
37	31	0
96	4	0
64	27	0
1	66	0
90	16	0
92	94	0
11	92	0
90	62	0
45	50	0
27	1	0
92	89	0
80	54	0
26	99	0
64	23	0
75	43	0
94	62	0
82	71	0
29	75	0
78	83	0
32	92	0
89	70	0
39	37	0
27	88	0
99	90	0
30	31	0
24	46	0
66	66	0
61	93	0
53	70	0
42	88	0
65	63	0
35	60	0
34	65	0
84	23	0
13	93	0
90	49	0
18	82	0
43	54	0
48	79	0
80	32	0
27	35	0
14	44	0
7	16	1
64	43	0
92	69	0
63	20	0
85	93	0
70	99	0
34	42	0
58	9	0
27	43	0
18	83	0
37	32	0
55	69	0
69	84	0
33	24	0
75	87	0
51	33	0
35	16	0
63	38	0
24	75	0
41	14	0
1	60	0
89	81	0
66	99	0
51	44	0
79	15	0
38	72	0
41	51	0
97	54	0
97	1	0
0	73	0
70	3	0
85	74	0
70	24	0
35	2	0
35	68	0
77	78	0
36	81	0
48	79	0
77	18	0
15	69	0
58	10	0
48	69	0
65	98	0
29	91	0
90	3	0
93	20	0
65	14	0
36	83	0
13	93	0
4	89	0
79	49	0
71	57	0
78	63	0
13	45	0
88	48	0
65	57	0
18	17	1
82	76	0
69	63	0
23	49	0
16	67	0
38	26	0
47	39	0
3	53	0
55	66	0
42	39	0
93	39	0
77	37	0
77	4	0
74	31	0
51	85	0
20	17	1
15	46	0
65	41	0
94	79	0
70	80	0
94	76	0
24	50	0
52	64	0
59	52	0
29	61	0
85	39	0
23	62	0
42	23	0
95	57	0
74	96	0
51	51	0
22	63	0
38	1	0
71	67	0
28	79	0
46	25	0
72	81	0
89	72	0
22	89	0
54	61	0
14	73	0
73	67	0
39	54	0
53	62	0
37	78	0
64	65	0
27	34	0
13	63	0
88	79	0
78	58	0
97	60	0
34	79	0
56	73	0
67	33	0
21	20	1
86	25	0
36	30	0
99	3	0
18	92	0
32	32	0
1	18	1
29	80	0
91	63	0
21	37	0
98	63	0
13	92	0
15	70	0
32	5	0
97	92	0
30	27	0
3	83	0
75	97	0
35	62	0
78	71	0
31	84	0
97	27	0
30	19	0
36	80	0
30	72	0
34	18	0
22	36	0
12	27	0
93	71	0
89	14	0
54	6	0
66	8	0
89	41	0
31	6	0
41	39	0
96	40	0
11	63	0
44	91	0
0	49	0
21	84	0
76	58	0
46	97	0
67	48	0
75	80	0
36	31	0
80	67	0
36	66	0
85	43	0
5	75	0
59	35	0
34	68	0
72	35	0
58	38	0
96	82	0
90	93	0
85	88	0
21	87	0
20	36	0
55	51	0
48	67	0
36	24	0
21	10	0
40	68	0
9	42	0
62	2	0
68	84	0
91	61	0
94	17	0
9	46	0
7	1	0
79	93	0
8	92	0
53	14	0
53	48	0
70	9	0
17	0	0
46	13	0
21	34	0
48	18	0
57	0	0
40	81	0
54	20	0
26	93	0
74	3	0
26	37	0
51	66	0
66	19	0
89	68	0
62	77	0
43	67	0
50	98	0
78	89	0
5	14	1
88	57	0
16	63	0
81	71	0
58	91	0
17	34	0
17	60	0
95	46	0
30	86	0
96	95	0
66	84	0
44	9	0
46	54	0
79	60	0
53	90	0
75	49	0
94	72	0
81	26	0
17	67	0
6	58	0
69	88	0
77	41	0
57	61	0
58	11	0
31	25	0
68	70	0
24	38	0
13	63	0
37	47	0
53	44	0
29	14	0
59	29	0
7	86	0
25	36	0
13	58	0
6	70	0
76	50	0
31	27	0
58	14	0
95	27	0
80	0	0
51	68	0
3	62	0
64	27	0
46	39	0
22	18	1
71	76	0
77	16	0
46	41	0
49	69	0
48	82	0
19	94	0
28	64	0
40	91	0
31	40	0
76	83	0
45	38	0
27	79	0
9	18	1
58	23	0
5	39	0
57	55	0
63	17	0
29	72	0
81	50	0
54	42	0
52	44	0
42	16	0
0	72	0
66	59	0
74	52	0
44	37	0
80	55	0
83	72	0
76	36	0
67	12	0
85	74	0
90	15	0
6	75	0
66	81	0
29	18	0
55	35	0
8	1	0
16	53	0
8	88	0
31	92	0
22	49	0
94	34	0
16	49	0
58	99	0
10	83	0
94	65	0
52	66	0
87	40	0
17	2	0
56	17	0
45	5	0
5	0	0
14	81	0
56	64	0
83	69	0
73	48	0
16	0	0
28	35	0
65	11	0
3	81	0
72	2	0
43	72	0
56	24	0
70	98	0
11	38	0
2	94	0
99	64	0
37	21	0
85	70	0
61	58	0
75	42	0
42	28	0
91	33	0
87	67	0
19	64	0
1	88	0
23	49	0
5	87	0
7	96	0
89	33	0
36	51	0
2	99	0
54	12	0
62	0	0
42	49	0
26	23	0
68	45	0
37	20	0
23	80	0
29	32	0
70	13	0
0	42	0
90	46	0
87	8	0
64	53	0
34	7	0
46	22	0
10	93	0
62	81	0
38	66	0
12	5	1
36	15	0
0	79	0
2	83	0
67	54	0
87	43	0
45	33	0
28	71	0
24	27	0
94	90	0
63	32	0
43	78	0
65	97	0
23	18	0
6	90	0
64	17	0
58	67	0
34	37	0
98	71	0
32	73	0
99	20	0
80	17	0
97	20	0
88	87	0
45	61	0
25	88	0
87	8	0
34	0	0
67	82	0
67	72	0
20	44	0
68	40	0
65	81	0
84	14	0
93	51	0
19	64	0
52	52	0
24	25	0
89	27	0
46	45	0
70	10	0
92	94	0
84	76	0
51	67	0
73	28	0
63	69	0
6	88	0
37	2	0
7	99	0
17	77	0
63	69	0
78	96	0
91	10	0
97	91	0
81	3	0
16	9	1
86	77	0
66	3	0
98	35	0
74	50	0
55	37	0
17	70	0
59	90	0
54	76	0
10	41	0
7	41	0
38	89	0
4	77	0
45	4	0
41	56	0
14	61	0
44	31	0
5	42	0
96	44	0
53	24	0
3	46	0
26	87	0
72	61	0
3	5	0
91	73	0
23	81	0
56	44	0
36	57	0
95	51	0
62	41	0
3	12	0
13	16	1
3	50	0
24	60	0
82	69	0
66	45	0
97	65	0
2	52	0
62	59	0
16	68	0
1	15	0
71	75	0
30	65	0
40	7	0
28	28	0
9	77	0
33	86	0
6	3	0
76	46	0
66	62	0
83	65	0
79	78	0
44	88	0
36	14	0
4	69	0
13	14	1
46	66	0
35	47	0
54	47	0
83	13	0
