99	65	0
50	16	0
41	21	0
40	87	0
1	42	0
91	30	0
93	77	0
6	4	0
42	13	0
70	92	0
42	36	0
79	43	0
3	89	0
24	4	0
15	61	0
97	4	0
91	79	0
66	28	0
30	62	0
96	63	0
97	2	0
42	72	0
79	82	0
80	83	0
71	1	0
26	91	0
55	10	0
81	78	0
70	88	0
94	52	0
2	39	0
26	28	0
46	27	0
82	21	0
37	48	0
95	76	0
10	95	0
73	73	0
87	15	0
84	96	0
41	10	0
26	53	0
69	55	0
99	55	0
58	81	0
95	52	0
16	98	0
35	43	0
59	17	0
89	41	0
22	62	0
60	12	0
32	88	0
53	87	0
26	71	0
98	69	0
51	22	0
35	56	0
89	70	0
99	97	0
83	14	0
23	96	0
91	5	0
54	14	0
93	67	0
40	36	0
13	83	0
88	7	0
34	83	0
86	73	0
58	50	0
20	31	0
88	77	0
26	40	0
24	50	0
88	39	0
19	20	1
18	34	0
39	82	0
65	94	0
70	28	0
42	94	0
65	99	0
3	11	0
15	26	0
93	14	0
96	16	0
42	57	0
80	42	0
21	28	0
75	51	0
40	52	0
32	11	0
34	0	0
70	49	0
23	80	0
56	4	0
46	81	0
39	4	0
36	29	0
86	41	0
47	64	0
63	50	0
19	75	0
67	76	0
9	76	0
50	82	0
88	48	0
68	13	0
52	79	0
7	48	0
62	11	0
54	72	0
13	70	0
42	1	0
20	57	0
18	33	0
92	83	0
44	37	0
1	4	0
33	97	0
83	2	0
66	65	0
21	37	0
78	83	0
95	17	0
65	69	0
57	89	0
33	17	0
62	96	0
23	18	0
68	81	0
61	51	0
32	96	0
79	28	0
37	34	0
17	30	0
76	2	0
12	11	1
3	74	0
16	14	1
98	71	0
85	9	0
86	40	0
47	60	0
63	5	0
79	96	0
6	6	0
36	13	0
12	13	1
87	81	0
36	33	0
91	69	0
83	84	0
59	25	0
51	37	0
75	53	0
4	50	0
25	81	0
11	58	0
82	80	0
54	65	0
37	97	0
83	49	0
70	72	0
57	81	0
20	40	0
91	82	0
5	44	0
31	36	0
23	19	0
25	72	0
32	77	0
98	25	0
46	34	0
74	11	0
40	80	0
71	22	0
59	27	0
75	77	0
20	49	0
65	59	0
32	98	0
33	64	0
35	4	0
68	18	0
26	93	0
11	83	0
73	82	0
87	52	0
21	86	0
29	34	0
81	73	0
25	51	0
35	75	0
35	98	0
51	41	0
35	3	0
16	43	0
78	91	0
91	89	0
57	93	0
73	15	0
4	62	0
61	3	0
60	16	0
64	24	0
85	22	0
25	58	0
5	70	0
51	61	0
68	37	0
33	74	0
90	21	0
61	89	0
29	69	0
27	15	0
80	73	0
36	73	0
42	4	0
0	88	0
86	19	0
98	77	0
83	91	0
85	21	0
2	81	0
21	81	0
98	50	0
57	74	0
35	47	0
43	77	0
59	71	0
56	53	0
8	81	0
34	65	0
64	12	0
6	61	0
65	99	0
68	40	0
32	88	0
91	61	0
42	10	0
42	59	0
7	76	0
39	89	0
58	29	0
72	19	0
11	36	0
90	62	0
68	48	0
81	50	0
14	89	0
61	7	0
19	82	0
61	72	0
57	51	0
69	65	0
55	2	0
25	10	0
8	61	0
78	48	0
49	11	0
66	57	0
51	81	0
60	54	0
90	30	0
95	16	0
9	64	0
85	69	0
21	94	0
15	16	1
92	55	0
39	94	0
56	35	0
45	0	0
12	97	0
78	34	0
42	59	0
35	74	0
50	2	0
21	90	0
79	77	0
84	89	0
56	32	0
92	72	0
12	89	0
36	48	0
63	6	0
61	18	0
32	27	0
49	0	0
59	11	0
54	44	0
68	35	0
29	49	0
25	48	0
55	54	0
68	72	0
86	76	0
52	91	0
72	10	0
98	55	0
75	5	0
9	55	0
25	10	0
90	39	0
53	28	0
74	78	0
10	43	0
52	63	0
60	26	0
28	97	0
31	90	0
38	73	0
88	52	0
44	30	0
49	0	0
23	47	0
90	54	0
71	10	0
70	93	0
19	4	0
69	96	0
8	78	0
44	86	0
35	30	0
0	57	0
9	12	1
80	9	0
21	32	0
79	15	0
39	10	0
7	1	0
86	15	0
30	56	0
17	42	0
88	28	0
96	53	0
8	31	0
24	34	0
4	58	0
38	90	0
12	74	0
2	4	0
44	98	0
48	61	0
43	26	0
11	16	1
56	30	0
44	83	0
37	68	0
95	93	0
38	26	0
16	52	0
33	41	0
56	68	0
75	99	0
46	9	0
76	2	0
33	10	0
43	8	0
56	7	0
21	52	0
80	60	0
64	2	0
27	45	0
61	6	0
52	56	0
51	53	0
31	59	0
76	77	0
67	56	0
13	73	0
52	35	0
27	15	0
96	7	0
46	1	0
61	21	0
58	30	0
19	41	0
11	75	0
64	76	0
11	79	0
36	93	0
25	90	0
44	19	0
32	37	0
85	67	0
56	46	0
6	73	0
72	78	0
64	83	0
27	29	0
70	17	0
70	93	0
68	8	0
99	64	0
76	41	0
37	15	0
33	44	0
38	40	0
90	79	0
16	25	0
71	23	0
87	3	0
14	56	0
35	92	0
72	76	0
81	4	0
1	71	0
92	40	0
53	93	0
14	10	1
70	2	0
60	53	0
41	56	0
63	52	0
30	38	0
49	36	0
78	78	0
67	50	0
38	33	0
70	67	0
24	48	0
28	88	0
82	91	0
43	17	0
0	75	0
72	21	0
84	17	0
73	45	0
15	62	0
60	20	0
24	31	0
53	38	0
11	97	0
63	47	0
59	16	0
88	48	0
45	25	0
33	79	0
45	2	0
81	40	0
5	1	0
61	95	0
2	91	0
35	36	0
54	77	0
54	27	0
14	98	0
14	50	0
14	38	0
60	17	0
98	35	0
77	21	0
92	99	0
34	61	0
21	17	1
40	14	0
31	27	0
85	15	0
52	62	0
81	77	0
26	29	0
68	97	0
78	66	0
39	75	0
75	3	0
69	42	0
83	16	0
66	26	0
40	25	0
33	33	0
99	1	0
60	27	0
5	73	0
93	16	0
98	90	0
7	90	0
89	65	0
43	45	0
32	8	0
92	85	0
81	55	0
28	94	0
65	23	0
74	38	0
91	63	0
81	71	0
32	77	0
77	77	0
31	94	0
92	74	0
35	42	0
27	89	0
99	90	0
29	32	0
29	39	0
73	69	0
61	96	0
52	72	0
14	10	1
49	82	0
66	60	0
36	56	0
37	71	0
84	20	0
13	90	0
90	47	0
22	77	0
41	58	0
41	82	0
84	30	0
29	33	0
19	48	0
4	16	1
64	43	0
96	68	0
60	25	0
78	92	0
67	97	0
35	37	0
57	14	0
29	45	0
16	77	0
36	31	0
58	68	0
69	90	0
32	24	0
74	86	0
51	35	0
37	11	0
63	35	0
25	77	0
46	13	0
9	59	0
96	84	0
61	99	0
50	47	0
78	13	0
40	63	0
44	50	0
95	56	0
93	3	0
3	72	0
74	1	0
84	79	0
71	27	0
37	0	0
34	69	0
75	78	0
36	81	0
52	83	0
81	15	0
13	72	0
58	9	0
51	73	0
64	98	0
30	89	0
93	8	0
90	20	0
67	8	0
35	88	0
11	89	0
7	91	0
74	53	0
73	60	0
78	64	0
14	41	0
88	50	0
67	57	0
16	18	1
85	74	0
69	60	0
18	47	0
15	71	0
38	28	0
43	34	0
0	52	0
57	61	0
48	40	0
93	41	0
80	32	0
78	0	0
77	32	0
45	87	0
21	16	0
15	51	0
70	38	0
98	83	0
70	77	0
98	74	0
22	44	0
57	65	0
62	54	0
26	62	0
82	39	0
23	64	0
47	26	0
89	58	0
72	95	0
49	50	0
20	65	0
34	3	0
76	66	0
25	75	0
46	26	0
80	80	0
88	75	0
17	87	0
49	57	0
18	76	0
81	75	0
41	59	0
53	60	0
38	81	0
63	65	0
32	32	0
18	61	0
91	76	0
77	53	0
95	60	0
33	84	0
55	75	0
67	31	0
18	23	0
88	23	0
36	32	0
96	3	0
18	89	0
29	30	0
1	19	1
31	88	0
83	61	0
20	40	0
93	62	0
13	96	0
15	70	0
30	4	0
95	88	0
26	32	0
1	85	0
74	90	0
36	63	0
80	72	0
27	80	0
96	22	0
25	19	0
36	85	0
27	73	0
34	16	0
26	39	0
13	28	0
99	69	0
88	9	0
52	11	0
67	8	0
88	43	0
31	7	0
42	33	0
98	36	0
9	62	0
43	89	0
4	48	0
22	80	0
71	54	0
45	96	0
66	49	0
78	79	0
38	31	0
82	69	0
34	67	0
86	47	0
12	80	0
62	37	0
31	69	0
72	28	0
58	42	0
92	87	0
86	93	0
85	91	0
24	88	0
21	41	0
51	53	0
46	64	0
39	29	0
21	9	0
41	66	0
8	45	0
67	0	0
73	87	0
87	55	0
98	12	0
14	48	0
4	0	0
82	98	0
5	88	0
54	15	0
55	42	0
73	12	0
17	0	0
46	12	0
18	35	0
1	28	1
48	19	0
56	8	0
38	80	0
54	21	0
36	91	0
72	1	0
27	44	0
46	63	0
64	15	0
88	63	0
64	73	0
42	66	0
50	99	0
80	84	0
3	15	0
92	59	0
15	62	0
81	73	0
53	87	0
18	36	0
17	60	0
96	48	0
31	85	0
93	96	0
64	85	0
45	9	0
45	55	0
75	60	0
48	91	0
78	51	0
97	72	0
78	24	0
19	68	0
5	64	0
73	92	0
73	40	0
56	64	0
59	6	0
31	20	0
71	71	0
25	42	0
13	65	0
35	46	0
50	45	0
27	14	0
61	30	0
8	89	0
24	40	0
14	62	0
2	65	0
79	60	0
29	23	0
59	13	0
96	20	0
83	0	0
55	69	0
0	63	0
65	29	0
42	37	0
11	14	1
20	21	1
76	70	0
76	14	0
42	39	0
49	68	0
52	85	0
18	95	0
22	61	0
45	90	0
27	39	0
74	87	0
50	36	0
28	83	0
14	16	1
50	25	0
7	47	0
56	55	0
66	16	0
28	73	0
85	55	0
53	45	0
56	48	0
44	19	0
3	69	0
69	62	0
68	53	0
41	36	0
76	57	0
79	78	0
74	40	0
65	13	0
87	73	0
85	19	0
6	74	0
69	79	0
26	10	0
52	31	0
5	0	0
11	55	0
10	82	0
29	92	0
29	53	0
92	30	0
13	50	0
55	97	0
14	82	0
99	67	0
53	69	0
84	38	0
17	2	0
63	19	0
46	7	0
11	3	0
23	86	0
50	61	0
80	75	0
68	47	0
16	3	0
24	35	0
60	12	0
0	78	0
72	4	0
38	72	0
58	29	0
68	96	0
9	38	0
5	92	0
92	59	0
27	20	0
84	74	0
63	57	0
69	40	0
46	29	0
94	32	0
90	67	0
17	65	0
5	92	0
24	50	0
2	88	0
8	96	0
93	30	0
30	51	0
0	98	0
52	7	0
68	1	0
39	46	0
27	19	0
73	43	0
38	20	0
25	81	0
28	35	0
63	11	0
4	42	0
91	49	0
87	5	0
60	49	0
34	3	0
45	23	0
10	98	0
57	77	0
33	64	0
11	11	1
37	17	0
2	82	0
2	76	0
66	54	0
86	45	0
45	35	0
28	75	0
25	34	0
91	90	0
69	28	0
39	82	0
64	97	0
22	18	0
5	87	0
65	14	0
61	70	0
38	37	0
97	70	0
33	70	0
95	24	0
82	18	0
98	21	0
86	87	0
47	56	0
22	83	0
86	10	0
34	3	0
71	81	0
68	68	0
17	39	0
69	43	0
66	82	0
83	13	0
94	45	0
15	66	0
52	47	0
27	24	0
91	23	0
50	48	0
68	12	0
90	88	0
85	73	0
53	70	0
76	30	0
61	67	0
7	92	0
37	5	0
6	96	0
16	75	0
64	66	0
76	98	0
84	11	0
95	89	0
75	0	0
14	10	1
87	72	0
66	9	0
96	36	0
74	56	0
53	44	0
18	64	0
61	91	0
52	73	0
8	42	0
8	43	0
40	92	0
1	74	0
50	5	0
41	54	0
9	64	0
44	33	0
13	21	1
1	39	0
98	48	0
57	30	0
0	41	0
25	90	0
73	63	0
3	7	0
87	78	0
19	79	0
61	45	0
40	57	0
90	48	0
61	43	0
0	9	0
9	12	1
6	53	0
26	61	0
88	74	0
63	45	0
96	72	0
6	54	0
67	57	0
19	73	0
1	9	0
75	77	0
0	15	1
28	68	0
44	6	0
30	25	0
10	75	0
35	87	0
3	0	0
79	36	0
63	62	0
79	65	0
79	81	0
46	87	0
32	20	0
1	69	0
8	13	1
42	66	0
41	47	0
56	50	0
82	12	0
