90	68	0
30	15	0
60	99	0
11	2	0
97	49	0
95	96	0
42	74	0
64	44	0
1	89	0
3	9	0
11	91	0
89	48	0
65	83	0
29	32	0
90	81	0
90	36	0
45	94	0
43	74	0
69	77	0
50	8	0
36	80	1
83	71	0
92	84	0
81	99	0
8	21	0
85	21	0
74	68	0
11	62	1
34	92	0
86	17	0
71	88	0
53	72	0
80	79	0
95	49	0
98	30	0
19	76	0
92	70	0
16	64	0
45	4	0
10	75	0
30	88	0
87	47	0
48	34	1
44	18	0
99	96	0
88	91	0
97	15	0
29	76	0
94	9	0
24	19	0
69	86	0
1	83	0
86	0	0
68	91	0
5	28	0
71	75	0
82	30	0
22	89	0
53	98	0
81	24	0
31	91	0
35	87	0
20	11	0
98	11	0
80	34	0
50	80	0
88	22	0
61	44	0
70	33	0
6	97	0
49	88	0
79	2	0
95	66	0
4	61	1
65	87	0
4	75	0
42	89	0
96	57	0
82	24	0
58	10	1
59	39	0
10	68	1
36	9	0
70	61	0
0	90	0
94	27	0
40	73	0
86	60	0
84	1	0
66	91	0
66	84	0
3	30	0
64	74	0
88	71	0
71	49	0
10	98	0
66	40	0
75	5	1
87	60	0
91	30	0
99	38	0
15	50	0
53	72	1
6	20	0
89	62	0
55	78	0
55	59	0
46	42	1
56	72	0
48	97	0
75	31	0
62	76	0
62	79	0
93	53	0
28	14	0
47	36	1
18	11	0
23	82	1
77	47	0
93	0	0
28	95	0
23	46	0
64	72	0
56	78	0
51	76	0
51	5	0
47	88	0
73	89	0
89	55	0
22	94	0
89	79	0
7	74	0
52	62	0
11	41	0
74	77	0
99	66	0
49	72	0
67	43	0
91	34	0
35	94	0
57	77	0
24	37	0
45	78	0
38	24	0
91	90	0
30	89	0
93	4	0
25	79	1
90	34	0
58	98	0
73	80	0
66	71	0
25	41	0
17	64	0
65	1	1
61	94	0
88	64	0
47	92	0
62	84	0
70	17	0
56	72	1
33	79	0
47	90	0
22	16	0
81	57	0
63	44	0
70	59	0
76	34	0
18	97	0
63	53	0
86	41	0
73	31	0
54	20	0
99	29	0
69	82	0
75	95	0
71	65	0
98	24	0
95	24	0
89	83	0
35	98	0
67	89	0
49	97	0
88	32	0
15	96	0
87	27	0
22	44	0
22	91	0
31	98	0
84	78	0
72	74	0
94	54	0
91	58	0
24	81	1
49	83	0
73	3	0
79	55	0
49	2	0
38	29	0
85	42	0
25	67	1
43	59	1
29	72	0
73	91	0
84	55	0
53	66	1
87	1	0
88	41	0
97	42	0
73	65	0
69	81	0
51	63	1
67	14	0
9	87	0
4	94	0
85	65	0
80	64	0
88	6	0
91	85	0
20	2	0
31	97	0
54	96	0
44	32	1
92	14	0
94	5	0
96	26	0
74	28	0
65	49	0
7	0	0
25	97	0
16	75	0
45	82	0
45	72	0
91	40	0
61	91	0
97	88	0
66	34	0
87	87	0
84	18	0
13	5	0
39	2	0
37	29	0
98	41	0
81	9	0
10	49	0
16	22	0
86	81	0
99	66	0
75	29	0
98	11	0
64	2	0
79	13	0
36	15	0
15	67	1
94	90	0
36	86	0
5	99	0
30	39	0
69	44	0
69	59	0
74	76	0
78	77	0
79	28	0
66	82	0
99	42	0
77	54	0
64	50	0
99	69	0
69	20	0
95	21	0
28	48	0
67	99	0
47	70	1
94	27	0
19	84	0
95	42	0
71	94	0
90	31	0
62	21	0
53	45	0
59	88	0
63	23	1
75	78	0
20	91	0
95	81	0
3	84	0
91	6	0
91	16	0
52	74	0
63	49	1
10	97	0
73	38	0
97	61	0
44	43	1
30	81	1
27	13	0
52	89	0
37	83	0
50	78	0
5	68	1
1	22	0
67	0	1
80	35	0
97	8	0
81	97	0
25	26	0
63	13	1
64	36	0
64	89	0
1	12	0
45	85	0
86	43	0
26	84	0
81	7	0
53	17	1
83	19	0
92	56	0
14	87	0
68	12	0
91	95	0
36	98	0
69	65	0
10	38	0
60	90	0
60	42	0
16	70	0
59	28	0
92	49	0
76	46	0
71	60	0
13	42	0
97	60	0
25	98	0
88	55	0
18	92	0
84	80	0
34	20	0
75	63	0
59	85	0
57	96	0
83	49	0
83	8	0
6	78	0
73	43	0
18	97	0
57	55	1
85	28	0
87	52	0
74	18	0
77	71	0
48	95	0
54	95	0
35	97	0
98	77	0
74	83	0
70	2	1
20	0	0
52	43	1
10	75	0
81	93	0
69	84	0
74	50	0
67	27	0
42	74	0
81	54	0
99	8	0
15	69	0
86	2	0
56	68	0
82	86	0
59	89	0
72	23	0
88	12	0
73	86	0
24	99	0
89	14	0
88	3	0
68	25	0
10	55	0
14	87	0
13	87	0
76	85	0
82	98	0
56	53	1
76	94	0
85	60	0
77	62	0
8	90	0
13	79	0
32	23	0
1	21	0
41	37	0
98	29	0
86	35	0
74	54	0
61	58	1
49	18	0
84	82	0
63	80	0
88	49	0
28	87	0
80	60	0
21	11	0
97	45	0
59	98	0
36	44	0
31	99	0
71	94	0
88	69	0
28	86	0
59	27	1
9	68	0
44	67	0
64	65	1
60	76	0
59	86	0
15	46	0
73	62	0
78	44	0
91	67	0
44	76	0
71	84	0
45	31	1
88	13	0
61	51	1
86	12	0
11	83	0
40	99	0
79	73	0
66	71	0
5	89	0
11	75	0
80	96	0
35	29	0
9	84	0
65	97	0
60	74	0
85	83	0
12	90	0
77	50	0
15	12	0
41	98	0
4	99	0
0	16	0
87	60	0
83	18	0
77	33	0
70	18	0
10	16	0
11	50	0
77	25	0
2	65	1
68	72	0
28	89	0
64	57	0
84	90	0
77	42	0
70	83	0
70	49	0
71	82	0
7	69	0
31	78	1
70	65	0
58	43	0
97	38	0
97	95	0
74	86	0
73	54	0
62	57	0
64	86	0
99	78	0
99	1	0
56	82	0
2	93	0
58	35	0
67	22	0
71	18	0
27	71	0
77	25	0
81	18	0
31	28	0
56	96	0
68	60	0
42	83	0
73	95	0
77	55	0
80	38	0
87	66	0
83	95	0
94	41	0
91	92	0
50	89	0
69	78	0
84	45	0
43	95	0
80	80	0
80	57	0
91	25	0
0	76	0
50	75	0
75	15	0
60	38	0
84	83	0
73	52	0
11	88	0
19	94	0
75	38	0
84	31	0
98	51	0
99	6	0
77	92	0
48	35	1
89	12	0
71	38	0
17	74	0
13	95	0
19	76	0
6	87	0
58	53	0
43	25	0
39	65	0
63	79	0
70	6	0
19	85	0
84	54	0
18	20	0
20	70	0
78	63	0
65	56	0
88	56	0
88	58	0
68	65	0
78	55	0
0	28	0
91	85	0
63	46	0
45	87	0
5	71	0
27	82	1
93	20	0
55	96	0
15	91	0
99	47	0
70	19	0
15	14	0
31	28	0
73	4	1
19	64	0
78	60	0
97	36	0
16	0	0
63	7	0
37	88	0
90	79	0
14	9	0
50	84	0
74	33	0
95	72	0
62	63	0
66	89	0
9	40	0
97	42	0
93	69	0
14	77	0
22	74	0
21	91	0
74	9	1
7	97	0
64	43	0
94	17	0
3	13	0
87	33	0
95	13	0
40	28	0
24	95	0
53	82	0
18	73	0
25	25	0
16	71	0
21	91	0
64	63	0
91	49	0
72	91	0
60	69	0
55	68	1
18	99	0
80	39	0
8	0	0
81	56	0
54	52	0
97	24	0
75	27	0
77	32	0
56	95	0
38	38	1
52	43	1
61	8	0
36	99	0
46	57	1
90	36	0
63	99	0
74	54	0
85	44	0
52	89	0
32	78	0
91	34	0
99	98	0
78	82	0
58	83	0
90	14	0
74	74	0
27	78	1
64	25	0
27	97	0
94	52	0
95	87	0
82	9	0
97	97	0
83	27	0
87	62	0
8	88	0
74	91	0
67	80	0
3	20	0
13	94	0
4	72	0
85	29	0
22	94	0
55	90	0
86	44	0
12	70	0
80	41	0
29	92	0
82	48	0
82	54	0
78	48	0
82	31	0
49	63	1
1	86	0
3	3	0
71	68	0
14	60	0
22	3	0
7	91	0
28	71	0
97	50	0
76	86	0
93	59	0
92	78	0
82	46	0
3	78	0
82	36	0
87	30	0
