91	70	0
47	22	0
46	22	0
44	98	0
8	19	0
93	35	0
95	82	0
41	19	0
69	76	0
34	35	0
87	38	0
3	81	0
12	13	0
25	57	0
97	25	0
91	70	0
62	30	0
23	48	0
97	63	0
92	1	0
47	79	0
62	74	0
75	91	0
63	1	0
42	84	0
63	1	0
79	81	0
68	88	0
97	68	0
3	34	0
47	38	0
44	23	0
89	35	0
46	43	0
87	59	0
16	93	0
56	91	0
96	28	0
78	97	0
50	0	0
19	52	0
79	53	0
87	64	0
54	75	0
95	46	0
15	84	0
23	44	0
63	13	0
87	66	0
15	65	0
63	7	0
24	81	0
54	92	0
37	71	0
98	59	0
42	29	0
38	35	0
81	71	0
94	94	0
81	19	0
7	94	0
90	12	0
46	1	0
76	72	0
41	14	0
14	84	0
79	8	0
43	78	0
79	89	0
54	63	0
8	26	0
78	89	0
27	38	0
20	54	0
83	35	0
11	38	0
42	76	0
40	88	0
67	17	0
38	93	0
58	91	0
1	5	1
8	17	0
98	15	0
94	25	0
35	51	0
83	42	0
24	23	0
81	55	0
29	42	0
37	14	0
43	8	0
74	35	0
14	88	0
65	13	0
53	79	0
43	9	0
51	24	0
91	46	0
34	68	0
78	54	0
14	57	0
73	92	0
11	74	0
40	87	0
87	46	0
58	0	0
47	68	0
16	62	0
59	3	0
62	52	0
13	61	0
46	0	0
37	53	0
38	35	0
90	91	0
49	45	0
4	7	1
25	95	0
76	5	0
62	66	0
20	29	1
82	77	0
98	8	0
63	67	0
55	77	0
30	13	0
55	96	0
85	80	0
77	57	0
34	99	0
65	26	0
42	21	0
16	37	0
83	6	0
5	74	0
96	70	0
97	22	0
89	32	0
35	53	0
59	16	0
86	82	0
9	16	0
42	12	0
87	62	0
33	34	0
75	83	0
83	92	0
48	11	0
44	31	0
55	53	0
5	47	0
22	64	0
13	60	0
78	77	0
41	52	0
43	94	0
80	53	0
72	76	0
49	86	0
22	41	0
92	63	0
3	29	0
42	50	0
21	20	0
27	76	0
39	81	0
89	31	0
34	34	0
84	18	0
40	84	0
61	29	0
50	42	0
79	81	0
30	51	0
65	84	0
37	86	0
33	48	0
35	19	0
62	9	0
33	75	0
22	74	0
77	83	0
93	61	0
10	86	0
27	30	0
98	66	0
28	53	0
33	90	0
59	87	0
37	54	0
28	15	0
20	37	0
67	86	0
80	95	0
59	87	0
75	28	0
4	69	0
56	5	0
77	21	0
66	27	0
66	27	0
21	59	0
0	66	0
50	57	0
74	28	0
35	71	0
97	27	0
40	95	0
27	65	0
35	16	0
78	67	0
37	54	0
33	3	0
8	95	0
63	16	0
95	87	0
79	93	0
94	15	0
4	78	0
10	72	0
92	42	0
54	70	0
43	46	0
53	60	0
59	71	0
49	61	0
14	77	0
34	53	0
71	9	0
1	65	0
66	90	0
81	45	0
43	89	0
86	57	0
54	18	0
48	69	0
20	78	0
32	97	0
55	37	0
72	31	0
30	37	0
97	58	0
78	44	0
70	60	0
9	68	0
56	20	0
5	82	0
67	59	0
54	48	0
64	45	0
51	24	0
0	53	0
83	28	0
53	7	0
72	68	0
45	80	0
72	32	0
95	37	0
93	5	0
2	65	0
91	66	0
26	98	0
94	64	0
46	93	0
65	30	0
52	6	0
22	96	0
68	33	0
39	60	0
44	80	0
53	5	0
19	91	0
75	95	0
83	78	0
76	39	0
88	67	0
18	85	0
46	49	0
57	2	0
65	26	0
25	14	0
38	1	0
53	7	0
52	54	0
80	37	0
36	51	0
32	54	0
39	64	0
70	85	0
86	83	0
60	78	0
82	11	0
79	46	0
81	8	0
19	54	0
33	17	0
83	35	0
70	32	0
70	77	0
10	38	0
48	72	0
56	19	0
27	91	0
30	94	0
23	75	0
99	62	0
41	23	0
36	4	0
26	58	0
87	63	0
68	18	0
81	91	0
12	4	0
63	86	0
7	74	0
51	89	0
40	36	0
0	49	0
84	5	0
24	35	0
84	9	0
54	14	0
87	12	0
34	44	0
18	48	0
80	29	0
89	56	0
1	25	0
29	36	0
5	63	0
36	90	0
16	86	0
2	8	1
40	88	0
60	78	0
48	44	0
70	19	0
43	95	0
42	65	0
92	97	0
36	28	0
17	46	0
25	45	0
56	77	0
79	85	0
40	26	0
88	9	0
28	4	0
61	3	0
61	11	0
24	45	0
79	66	0
71	5	0
16	37	0
44	16	0
51	43	0
45	47	0
21	58	0
89	83	0
76	50	0
12	52	0
58	35	0
91	10	0
58	11	0
62	22	0
53	37	0
24	31	0
8	70	0
67	74	0
16	76	0
29	92	0
20	99	0
52	23	0
41	39	0
92	52	0
77	45	0
9	82	0
82	80	0
67	79	0
79	33	0
67	99	0
78	0	0
81	55	0
74	59	0
34	16	0
40	43	0
34	43	0
86	83	0
1	2	1
69	22	0
88	2	0
19	38	0
41	89	0
68	74	0
84	11	0
3	56	0
99	32	0
43	95	0
79	23	0
63	51	0
44	56	0
49	41	0
27	38	0
45	41	0
74	77	0
84	36	0
43	25	0
73	66	0
25	57	0
13	98	0
88	90	0
30	35	0
0	78	0
68	32	0
97	10	0
80	45	0
7	59	0
65	46	0
40	32	0
45	45	0
3	94	0
70	17	0
53	8	0
90	51	0
50	21	0
27	78	0
22	6	0
69	56	0
65	99	0
2	71	0
46	63	0
42	74	0
53	25	0
27	96	0
13	42	0
27	40	0
62	17	0
84	27	0
93	21	0
83	92	0
22	59	0
32	24	0
32	30	0
85	22	0
62	60	0
75	93	0
20	44	0
70	99	0
92	67	0
37	78	0
65	12	0
65	46	0
77	25	0
73	10	0
48	21	0
41	29	0
92	3	0
84	30	0
2	73	0
84	12	0
94	98	0
1	98	0
91	54	0
51	49	0
18	18	0
97	91	0
62	56	0
11	97	0
61	25	0
81	35	0
80	58	0
82	64	0
27	71	0
79	72	0
39	97	0
83	76	0
14	29	0
41	98	0
94	80	0
36	36	0
30	36	0
55	74	0
57	97	0
44	70	0
61	97	0
57	52	0
33	63	0
26	66	0
85	17	0
16	97	0
89	41	0
28	94	0
50	67	0
41	83	0
86	36	0
34	44	0
22	46	0
51	21	0
90	62	0
68	13	0
93	98	0
69	98	0
44	53	0
60	6	0
30	45	0
39	91	0
36	23	0
46	64	0
65	74	0
28	21	0
89	98	0
43	22	0
23	18	0
63	37	0
18	77	0
36	13	0
6	57	0
90	85	0
56	90	0
60	42	0
78	6	0
42	72	0
46	49	0
96	56	0
88	2	0
7	67	0
78	5	0
67	73	0
78	33	0
38	8	0
33	69	0
87	79	0
32	67	0
49	83	0
79	22	0
17	63	0
74	24	0
41	62	0
67	97	0
34	92	0
84	7	0
91	26	0
68	20	0
31	83	0
17	83	0
13	88	0
68	42	0
70	70	0
67	80	0
11	40	0
75	35	0
64	66	0
83	73	0
53	63	0
19	59	0
24	63	0
42	22	0
45	21	0
1	35	0
45	65	0
38	44	0
84	33	0
71	31	0
73	0	0
77	45	0
56	70	0
25	54	0
58	26	0
91	75	0
61	85	0
88	70	0
17	54	0
56	73	0
69	43	0
32	54	0
75	29	0
19	54	0
39	20	0
78	52	0
91	96	0
57	57	0
13	63	0
47	3	0
52	62	0
32	87	0
37	34	0
87	86	0
92	73	0
16	95	0
64	68	0
6	72	0
78	55	0
32	48	0
47	63	0
28	75	0
60	72	0
14	28	1
9	62	0
89	79	0
75	51	0
97	50	0
21	57	0
58	88	0
54	27	0
99	26	0
44	42	0
97	13	0
20	88	0
31	28	0
41	75	0
88	56	0
20	45	0
86	60	0
10	98	0
16	76	0
96	85	0
42	32	0
0	69	0
76	89	0
52	60	0
81	69	0
18	92	0
98	36	0
32	2	0
32	90	0
36	77	0
40	19	0
24	35	0
6	18	0
84	69	0
96	8	0
62	7	0
71	18	0
98	46	0
34	8	0
25	53	0
98	45	0
7	54	0
56	80	0
4	60	0
26	78	0
69	59	0
50	91	0
74	49	0
70	84	0
35	39	0
71	61	0
41	55	0
81	51	0
20	77	0
50	32	0
27	77	0
82	35	0
58	35	0
96	71	0
94	97	0
85	78	0
42	69	0
14	28	0
54	40	0
53	75	0
29	22	0
25	8	0
35	72	0
17	35	0
62	3	0
70	79	0
72	74	0
91	10	0
6	44	0
62	84	0
10	88	0
58	8	0
67	51	0
65	24	0
36	20	0
30	39	0
36	20	0
75	7	0
40	86	0
56	29	0
32	83	0
83	9	0
32	45	0
44	63	0
76	18	0
84	70	0
62	72	0
33	64	0
48	91	0
75	83	0
84	45	0
21	68	0
76	76	0
69	96	0
23	35	0
18	49	0
99	37	0
27	87	0
96	83	0
72	88	0
50	2	0
61	68	0
91	59	0
65	86	0
83	48	0
90	77	0
83	34	0
10	56	0
4	60	0
68	86	0
74	42	0
54	61	0
58	10	0
32	18	0
85	71	0
22	29	1
12	61	0
39	52	0
52	37	0
38	22	0
52	29	0
17	83	0
30	34	0
9	63	0
16	79	0
68	49	0
18	25	0
68	12	0
90	32	0
78	3	0
55	80	0
5	54	0
60	28	0
53	40	0
53	83	0
91	9	0
30	38	0
58	62	0
48	78	0
12	99	0
36	66	0
38	82	0
30	21	0
74	79	0
42	45	0
40	83	0
61	30	0
9	45	0
64	64	0
63	26	0
31	78	0
75	37	0
43	41	0
45	43	0
33	13	0
5	64	0
74	67	0
78	66	0
40	48	0
85	58	0
80	72	0
69	26	0
60	10	0
78	83	0
82	17	0
3	64	0
77	80	0
38	21	0
70	34	0
22	65	0
13	93	0
37	99	0
29	58	0
96	27	0
19	52	0
55	99	0
12	81	0
96	70	0
54	63	0
85	35	0
21	7	0
50	27	0
64	1	0
6	80	0
55	57	0
85	66	0
73	41	0
13	1	0
19	45	0
71	16	0
14	84	0
83	0	0
46	69	0
34	26	0
83	94	0
7	21	0
24	93	0
99	52	0
32	12	0
88	80	0
56	57	0
72	60	0
43	27	0
91	30	0
93	75	0
8	62	0
0	79	0
16	53	0
6	88	0
7	90	0
79	23	0
39	44	0
5	94	0
47	2	0
69	5	0
39	57	0
70	52	0
45	22	0
32	60	0
25	31	0
85	18	0
10	36	0
89	65	0
91	11	0
59	50	0
25	23	0
53	11	0
16	96	0
50	67	0
41	60	0
43	11	0
6	93	0
2	93	0
67	52	0
91	35	0
36	28	0
32	79	0
99	92	0
52	28	0
58	75	0
70	89	0
0	76	0
72	26	0
54	58	0
16	36	0
95	71	0
44	68	0
98	14	0
83	10	0
85	21	0
75	92	0
45	61	0
35	74	0
81	26	0
37	13	0
70	95	0
67	76	0
23	52	0
69	43	0
67	93	0
77	9	0
93	49	0
26	73	0
58	55	0
26	27	0
82	21	0
31	51	0
63	4	0
90	93	0
74	62	0
56	74	0
81	36	0
78	76	0
8	89	0
38	5	0
14	99	0
2	62	0
67	69	0
75	90	0
75	9	0
87	97	0
84	13	0
81	85	0
65	9	0
78	38	0
77	42	0
55	34	0
16	83	0
59	92	0
56	75	0
20	54	0
11	38	0
31	96	0
7	63	0
41	4	0
32	50	0
17	63	0
40	35	0
7	44	0
90	57	0
52	26	0
6	55	0
24	82	0
80	80	0
2	0	0
93	71	0
14	67	0
57	47	0
32	67	0
90	47	0
58	35	0
1	8	1
0	47	0
23	60	0
92	57	0
74	53	0
94	60	0
0	63	0
78	64	0
3	79	0
6	22	0
95	60	0
21	61	0
43	8	0
39	32	0
9	85	0
27	83	0
78	45	0
69	68	0
70	56	0
78	81	0
42	77	0
46	23	0
3	66	0
44	63	0
36	44	0
64	53	0
83	17	0
