95	71	0
48	24	0
46	22	0
44	98	0
8	14	0
92	37	0
92	86	0
42	20	0
74	74	0
36	30	0
90	37	0
0	78	0
15	9	0
28	59	0
99	23	0
90	72	0
63	33	0
22	50	0
99	64	0
90	4	0
46	85	0
61	72	0
76	93	0
63	0	0
42	87	0
58	4	0
83	79	0
69	86	0
94	70	0
6	29	0
49	36	0
45	20	0
89	39	0
45	47	0
90	63	0
15	94	0
54	91	0
98	25	0
75	95	0
46	3	0
19	56	0
83	52	0
84	63	0
51	70	0
89	48	0
13	84	0
24	45	0
61	10	0
86	70	0
16	64	0
63	9	0
23	80	0
50	89	0
35	75	0
97	61	0
43	32	0
41	32	0
85	68	0
99	92	0
83	22	0
6	95	0
93	12	0
48	1	0
77	73	0
41	8	0
12	85	0
79	10	0
46	76	0
78	93	0
53	66	0
5	26	0
74	86	0
27	45	0
16	56	0
81	33	0
14	35	0
41	78	0
42	90	0
63	17	0
37	94	0
59	95	0
2	7	1
11	18	0
97	13	0
93	25	0
35	52	0
81	38	0
25	25	0
82	55	0
30	42	0
38	17	0
41	7	0
70	35	0
15	88	0
65	12	0
57	82	0
47	7	0
51	25	0
90	50	0
33	71	0
79	50	0
13	56	0
74	90	0
9	75	0
37	90	0
90	48	0
58	5	0
46	69	0
19	60	0
60	0	0
64	50	0
8	62	0
45	2	0
32	53	0
38	37	0
88	93	0
52	47	0
2	7	1
22	94	0
79	4	0
63	64	0
20	31	1
81	82	0
99	9	0
63	69	0
54	78	0
30	13	0
56	95	0
88	76	0
82	58	0
38	94	0
64	28	0
40	23	0
16	41	0
82	8	0
6	71	0
93	70	0
99	27	0
91	34	0
33	50	0
57	15	0
86	80	0
9	14	0
42	11	0
81	58	0
31	34	0
73	81	0
79	93	0
48	13	0
40	31	0
51	54	0
7	45	0
22	60	0
11	56	0
77	76	0
39	52	0
42	93	0
80	47	0
68	73	0
46	87	0
22	37	0
92	63	0
6	25	0
41	47	0
18	15	0
30	78	0
37	80	0
93	33	0
34	31	0
82	16	0
42	82	0
57	27	0
54	39	0
81	78	0
28	56	0
58	83	0
38	87	0
38	47	0
33	19	0
62	11	0
33	73	0
22	78	0
76	77	0
89	62	0
15	90	0
25	30	0
94	64	0
30	53	0
32	90	0
57	87	0
39	52	0
30	13	0
16	34	0
67	88	0
83	93	0
60	81	0
72	31	0
9	61	0
55	1	0
78	19	0
70	26	0
70	25	0
22	59	0
0	69	0
46	54	0
76	29	0
34	66	0
97	27	0
37	99	0
27	66	0
33	20	0
79	69	0
38	54	0
31	9	0
9	93	0
63	8	0
99	88	0
74	93	0
94	11	0
1	81	0
15	65	0
95	40	0
51	67	0
47	46	0
55	54	0
52	72	0
55	65	0
17	75	0
34	54	0
65	11	0
0	64	0
66	85	0
82	44	0
41	90	0
82	58	0
56	20	0
46	69	0
19	77	0
33	96	0
54	42	0
67	35	0
32	37	0
94	57	0
79	43	0
73	62	0
9	66	0
49	18	0
7	82	0
66	61	0
58	44	0
63	45	0
52	25	0
2	57	0
87	30	0
54	5	0
75	68	0
48	78	0
75	28	0
99	39	0
92	4	0
0	62	0
90	67	0
27	99	0
92	63	0
42	94	0
64	27	0
48	7	0
23	93	0
72	33	0
41	63	0
44	83	0
50	4	0
18	93	0
77	94	0
80	81	0
76	37	0
91	74	0
21	87	0
48	51	0
54	3	0
62	27	0
23	17	0
38	0	0
58	8	0
54	51	0
78	43	0
35	53	0
33	53	0
38	67	0
72	88	0
81	79	0
54	76	0
80	7	0
83	47	0
78	9	0
24	50	0
31	16	0
81	34	0
69	34	0
77	74	0
11	39	0
42	73	0
55	25	0
28	87	0
26	95	0
21	80	0
97	64	0
41	28	0
38	3	0
27	57	0
89	65	0
66	15	0
82	93	0
12	3	0
66	89	0
9	71	0
45	86	0
36	33	0
0	50	0
83	7	0
22	40	0
83	9	0
56	17	0
84	10	0
36	46	0
22	49	0
75	24	0
90	56	0
6	24	0
27	35	0
7	61	0
37	95	0
13	87	0
4	6	1
41	91	0
62	73	0
49	43	0
69	22	0
36	96	0
43	67	0
92	96	0
27	31	0
18	49	0
24	42	0
53	72	0
78	81	0
37	26	0
87	14	0
31	8	0
59	6	0
58	14	0
26	42	0
78	67	0
73	5	0
13	42	0
41	9	0
51	42	0
42	37	0
24	58	0
87	80	0
77	52	0
13	50	0
56	35	0
93	13	0
55	11	0
62	24	0
56	33	0
24	27	0
5	77	0
66	75	0
22	77	0
29	90	0
19	96	0
51	22	0
41	34	0
92	50	0
77	49	0
7	82	0
83	78	0
67	79	0
75	36	0
70	97	0
83	0	0
84	56	0
73	60	0
38	17	0
44	43	0
35	48	0
84	84	0
1	4	1
67	20	0
89	3	0
20	40	0
37	89	0
63	75	0
84	11	0
6	58	0
93	30	0
41	94	0
77	24	0
66	49	0
41	53	0
53	41	0
23	39	0
44	48	0
72	82	0
84	39	0
42	23	0
73	73	0
23	63	0
12	97	0
92	88	0
34	31	0
0	81	0
65	35	0
95	10	0
76	51	0
6	64	0
70	44	0
43	34	0
48	46	0
7	95	0
72	16	0
50	9	0
94	52	0
51	22	0
22	75	0
22	8	0
70	59	0
62	98	0
0	65	0
49	65	0
42	76	0
54	23	0
26	96	0
11	43	0
23	38	0
64	16	0
81	24	0
96	19	0
83	91	0
22	57	0
34	24	0
38	32	0
78	15	0
63	59	0
72	91	0
19	46	0
66	98	0
92	66	0
39	79	0
66	12	0
69	47	0
79	26	0
74	9	0
44	21	0
44	25	0
94	2	0
81	28	0
0	75	0
82	9	0
95	99	0
0	98	0
96	56	0
48	53	0
17	21	0
99	92	0
65	55	0
10	93	0
65	25	0
72	38	0
75	59	0
83	65	0
27	73	0
82	74	0
42	95	0
83	72	0
13	30	1
38	97	0
96	82	0
33	36	0
31	33	0
55	75	0
56	96	0
40	64	0
63	98	0
62	51	0
34	58	0
27	65	0
81	21	0
14	90	0
88	39	0
27	88	0
50	66	0
43	88	0
90	38	0
41	42	0
20	43	0
51	22	0
85	61	0
68	12	0
95	98	0
68	95	0
42	55	0
60	4	0
29	40	0
42	91	0
34	21	0
44	59	0
70	72	0
26	23	0
88	98	0
43	21	0
29	19	0
63	34	0
19	75	0
37	13	0
8	60	0
84	90	0
56	90	0
60	40	0
79	6	0
41	76	0
38	51	0
96	52	0
90	4	0
8	70	0
76	4	0
67	74	0
81	37	0
39	11	0
33	68	0
84	76	0
35	62	0
50	82	0
80	27	0
15	59	0
78	21	0
40	63	0
69	96	0
34	93	0
82	9	0
89	27	0
66	19	0
29	79	0
19	86	0
14	88	0
66	42	0
79	69	0
67	79	0
14	41	0
77	37	0
66	64	0
84	78	0
51	63	0
19	56	0
22	63	0
45	19	0
43	20	0
2	36	0
43	63	0
38	46	0
81	30	0
74	28	0
76	0	0
71	45	0
53	71	0
22	51	0
54	21	0
91	75	0
57	87	0
87	68	0
20	53	0
53	73	0
69	45	0
35	53	0
76	26	0
19	51	0
39	24	0
76	50	0
91	97	0
56	59	0
9	60	0
48	8	0
57	62	0
29	88	0
36	36	0
89	89	0
96	70	0
17	92	0
62	66	0
7	72	0
79	57	0
36	51	0
48	61	0
31	72	0
60	72	0
10	59	0
89	79	0
73	53	0
98	54	0
24	58	0
57	90	0
54	26	0
99	26	0
45	40	0
96	14	0
17	92	0
35	32	0
39	74	0
87	55	0
25	47	0
84	65	0
6	95	0
17	79	0
97	82	0
48	30	0
2	72	0
76	93	0
49	64	0
86	74	0
18	90	0
99	36	0
34	0	0
32	86	0
35	77	0
37	15	0
26	37	0
10	19	0
83	74	0
99	9	0
60	7	0
71	26	0
97	46	0
36	9	0
25	52	0
99	42	0
9	54	0
58	81	0
3	60	0
22	76	0
68	60	0
51	92	0
74	51	0
69	86	0
31	43	0
73	63	0
40	55	0
79	54	0
19	80	0
53	33	0
26	76	0
84	38	0
59	30	0
94	67	0
91	95	0
87	76	0
40	69	0
12	27	1
54	39	0
56	76	0
31	22	0
30	10	0
36	72	0
15	37	0
62	1	0
69	83	0
73	78	0
88	8	0
9	49	0
59	90	0
9	90	0
54	6	0
65	47	0
64	22	0
33	19	0
28	39	0
41	24	0
74	4	0
41	87	0
60	31	0
38	82	0
86	12	0
29	45	0
46	66	0
77	18	0
82	72	0
61	69	0
36	64	0
45	88	0
79	80	0
83	49	0
21	68	0
80	77	0
74	96	0
26	35	0
11	47	0
97	40	0
27	86	0
99	86	0
67	92	0
42	0	0
66	62	0
90	59	0
68	89	0
82	51	0
86	73	0
82	36	0
12	57	0
7	62	0
70	88	0
74	42	0
54	62	0
55	8	0
31	18	0
89	72	0
22	31	1
9	60	0
38	47	0
57	37	0
40	22	0
53	30	0
18	85	0
30	32	0
7	61	0
15	80	0
71	51	0
13	28	1
69	16	0
93	33	0
79	5	0
57	79	0
6	51	0
55	26	0
52	41	0
53	86	0
91	8	0
29	39	0
57	63	0
47	80	0
15	98	0
35	63	0
38	83	0
32	24	0
74	77	0
44	49	0
41	83	0
62	30	0
14	49	0
61	61	0
62	28	0
31	80	0
81	42	0
39	39	0
43	43	0
27	12	0
2	58	0
73	62	0
80	66	0
42	51	0
84	56	0
79	74	0
68	26	0
62	11	0
78	81	0
79	19	0
3	61	0
77	82	0
36	19	0
69	39	0
23	66	0
14	94	0
33	98	0
29	58	0
97	29	0
20	53	0
55	97	0
11	81	0
97	70	0
57	58	0
85	36	0
21	12	0
54	28	0
63	3	0
5	83	0
57	55	0
87	64	0
72	35	0
13	0	0
16	42	0
68	16	0
21	83	0
78	2	0
46	74	0
34	26	0
82	95	0
7	22	0
25	92	0
98	57	0
34	12	0
93	82	0
53	54	0
74	59	0
46	26	0
93	31	0
92	75	0
10	59	0
1	77	0
15	51	0
8	88	0
10	92	0
79	22	0
40	40	0
9	96	0
50	6	0
72	4	0
35	57	0
72	52	0
49	18	0
30	63	0
27	31	0
89	21	0
7	41	0
90	63	0
92	11	0
58	47	0
23	22	0
53	9	0
10	92	0
52	63	0
42	60	0
40	13	0
8	92	0
1	91	0
62	49	0
88	33	0
35	26	0
26	74	0
96	91	0
50	30	0
59	73	0
67	89	0
6	73	0
73	25	0
55	57	0
16	34	0
91	68	0
48	71	0
97	13	0
82	10	0
88	22	0
69	96	0
46	61	0
39	70	0
81	18	0
37	12	0
72	94	0
69	77	0
23	54	0
68	40	0
71	94	0
81	11	0
92	56	0
24	73	0
50	59	0
23	24	0
89	21	0
32	49	0
69	8	0
89	95	0
75	61	0
56	76	0
77	35	0
77	77	0
12	91	0
38	8	0
11	96	0
4	62	0
65	69	0
72	90	0
77	9	0
86	99	0
81	11	0
86	87	0
64	7	0
82	37	0
78	41	0
57	37	0
15	83	0
58	93	0
57	77	0
20	51	0
7	40	0
29	95	0
10	66	0
39	6	0
36	52	0
19	62	0
40	33	0
4	40	0
92	53	0
53	27	0
8	54	0
24	82	0
79	80	0
0	0	1
92	69	0
17	67	0
60	45	0
29	64	0
83	45	0
58	33	0
5	11	1
1	44	0
21	58	0
87	55	0
71	53	0
88	59	0
3	64	0
75	61	0
3	85	0
3	24	0
95	64	0
25	61	0
44	4	0
34	31	0
8	91	0
25	88	0
79	46	0
66	71	0
69	55	0
77	83	0
41	73	0
48	27	0
4	65	0
47	61	0
40	47	0
64	54	0
80	20	0
