95	64	0
25	5	0
32	24	1
63	99	0
15	0	0
87	43	0
98	95	0
47	14	0
57	80	0
59	25	0
79	48	0
8	82	0
15	1	0
16	90	0
93	25	0
75	73	0
51	38	0
21	61	1
90	57	0
95	14	0
47	96	0
55	68	0
80	70	0
49	10	0
24	71	0
59	15	0
92	70	0
76	93	0
91	77	0
3	41	0
56	5	0
51	29	0
96	30	0
77	65	0
8	87	0
36	91	0
78	16	0
76	91	0
31	8	0
45	65	0
80	65	0
93	68	0
54	64	0
98	45	0
16	79	0
66	5	0
99	69	0
22	75	0
71	7	0
5	76	0
47	92	0
28	71	0
92	69	0
54	34	0
42	29	0
94	82	0
95	90	0
97	11	0
21	94	0
99	10	0
26	5	0
73	90	0
31	1	0
1	83	0
85	15	0
33	80	0
59	89	0
36	62	0
3	27	0
71	77	0
86	29	0
28	92	0
53	96	0
62	31	0
28	89	0
57	99	0
5	14	0
96	14	0
80	21	0
49	74	0
84	43	0
94	57	0
53	13	0
35	11	0
68	43	0
7	99	0
62	2	0
45	63	0
44	5	0
60	27	0
87	22	0
34	60	0
86	45	0
3	60	0
80	97	0
1	85	0
41	92	0
85	53	0
72	17	0
31	66	0
34	60	0
60	1	0
71	60	0
12	60	0
36	3	0
14	47	1
41	51	1
60	80	0
45	40	0
12	95	0
87	32	0
40	76	0
77	71	0
92	5	0
70	85	0
68	75	0
21	21	0
57	92	0
96	86	0
76	58	0
27	95	0
65	32	0
34	22	1
73	7	0
12	52	1
93	65	0
94	38	0
87	54	0
39	46	0
59	0	0
67	71	0
15	27	0
44	25	0
97	56	0
54	20	0
55	74	0
58	82	0
55	24	0
35	39	0
56	30	0
9	47	1
15	54	1
62	86	0
48	64	0
45	91	0
73	41	0
68	70	0
57	68	0
98	64	0
25	22	0
43	49	0
13	14	0
14	76	0
25	65	0
84	46	0
44	46	0
89	2	0
37	88	0
55	25	0
32	43	0
69	81	0
34	66	0
55	64	0
42	93	0
32	53	0
39	6	0
56	19	0
38	98	0
30	62	0
76	82	0
94	59	0
21	92	0
95	67	0
30	48	0
24	72	0
49	70	0
46	59	0
15	33	0
71	86	0
97	78	0
35	67	0
76	40	0
6	41	0
61	6	0
68	55	0
57	17	0
77	16	0
2	47	0
42	60	0
62	36	0
47	65	0
92	32	0
33	94	0
21	58	0
75	90	0
42	58	0
26	13	0
29	71	0
60	20	0
93	97	0
45	91	0
96	2	0
10	64	0
14	65	0
97	35	0
49	90	0
64	77	0
68	68	0
47	63	0
15	73	0
23	53	1
58	1	0
16	55	1
58	94	0
99	58	0
45	87	0
77	68	0
83	22	0
51	77	0
29	83	0
40	96	0
40	27	0
67	25	0
82	41	0
55	45	0
70	67	0
3	46	0
66	25	0
20	95	0
68	67	0
83	43	0
68	33	0
47	2	0
3	40	0
86	20	0
37	21	1
71	73	0
59	94	0
74	52	0
92	33	0
94	10	0
1	32	0
84	76	0
35	92	0
90	81	0
40	98	0
63	37	0
77	29	0
24	91	0
84	24	0
22	61	0
31	76	0
55	11	0
32	99	0
80	90	0
78	76	0
92	55	0
94	56	0
18	83	0
38	72	0
85	10	0
73	45	0
34	19	1
38	4	0
41	30	0
46	51	0
80	46	0
25	53	0
40	40	0
29	79	0
73	92	0
89	59	0
59	73	0
87	1	0
97	38	0
63	9	0
30	38	1
82	48	0
76	51	0
64	70	0
4	38	0
35	66	0
60	27	0
12	94	0
29	79	0
8	90	0
88	69	0
45	11	0
40	2	0
41	51	1
76	65	0
63	4	0
91	89	0
25	5	0
50	94	0
15	67	0
53	90	0
46	36	0
7	47	1
74	30	0
79	14	0
48	17	0
81	10	0
39	56	0
9	59	1
77	23	0
78	56	0
8	5	0
3	60	0
33	99	0
16	80	0
50	98	0
48	65	0
74	42	0
67	8	0
48	80	0
44	70	0
95	79	0
1	53	0
63	52	0
71	80	0
80	25	0
29	5	0
45	1	0
49	17	0
39	33	0
83	56	0
68	17	0
23	45	0
22	20	0
35	58	0
43	37	0
88	74	0
84	60	0
0	50	0
58	36	0
91	6	0
68	14	0
75	21	0
55	38	0
39	33	0
2	76	0
67	86	0
41	79	0
10	98	0
25	66	0
53	5	0
47	38	0
88	44	0
82	53	0
12	62	0
82	71	0
85	85	0
81	27	0
72	91	0
81	5	0
74	66	0
74	53	0
70	53	0
83	81	0
73	2	0
92	17	0
28	49	0
54	92	0
67	73	0
83	12	0
27	75	0
94	23	0
59	97	0
94	27	0
63	22	0
26	55	0
64	39	0
38	55	0
57	90	0
80	28	0
82	76	0
40	56	0
16	92	0
92	96	0
48	28	0
7	84	0
49	49	0
96	4	0
78	40	0
26	67	0
63	52	0
56	47	0
14	97	0
83	23	0
37	9	0
91	49	0
48	45	0
38	91	0
19	8	0
51	52	0
49	85	0
5	48	0
40	76	0
43	85	0
48	22	0
18	77	0
12	29	0
73	8	0
73	14	0
98	8	0
89	94	0
25	63	0
36	25	0
81	2	0
68	52	0
69	98	0
1	25	0
57	94	0
94	61	0
34	82	0
82	4	0
42	67	0
71	20	0
59	7	0
45	12	1
41	9	1
90	12	0
83	40	0
12	89	0
79	13	0
92	95	0
25	97	0
97	71	0
44	47	0
9	31	0
76	99	0
63	56	0
6	87	0
71	37	0
75	49	0
70	50	0
82	69	0
31	61	0
98	55	0
28	95	0
94	69	0
21	95	0
87	93	0
46	35	0
64	64	0
61	89	0
46	60	0
57	99	0
73	52	0
45	47	0
29	56	0
89	1	0
2	82	0
90	60	0
21	88	0
49	64	0
41	85	0
84	32	0
32	51	0
52	24	0
92	54	0
72	21	0
85	92	0
43	95	0
44	57	0
46	10	0
36	46	0
56	98	0
49	20	0
42	70	0
83	76	0
36	11	0
90	87	0
73	9	0
14	10	0
43	34	0
22	69	0
42	2	0
11	81	0
90	80	0
59	90	0
67	43	0
73	5	0
38	65	0
41	72	0
97	48	0
96	1	0
16	70	0
77	8	0
46	68	0
43	29	0
32	5	0
35	53	0
80	90	0
32	69	0
53	81	0
64	24	0
74	29	0
53	57	0
62	89	0
31	96	0
99	17	0
83	20	0
73	14	0
11	66	0
28	99	0
21	89	0
63	37	0
76	74	0
72	98	0
8	37	0
56	42	0
65	85	0
69	64	0
62	77	0
18	87	0
23	75	0
41	32	0
45	14	1
12	29	0
41	35	0
40	40	0
98	25	0
83	44	0
72	11	0
70	34	0
56	51	0
42	26	0
98	77	0
49	85	0
85	57	0
40	65	0
38	92	0
80	46	0
69	17	0
30	15	0
96	46	0
76	85	0
46	38	0
11	55	1
48	8	1
51	58	0
42	86	0
62	97	0
91	61	0
15	80	0
63	47	0
5	61	0
64	44	0
42	75	0
61	55	0
45	75	0
61	84	0
0	59	0
58	58	0
74	50	0
87	59	0
34	76	0
68	84	0
44	21	0
90	19	0
57	44	0
98	12	0
0	79	0
38	85	0
87	58	0
73	70	0
16	87	0
15	79	0
81	88	0
46	25	0
1	74	0
70	98	0
47	68	0
95	62	0
23	97	0
80	44	0
13	0	0
39	71	0
22	80	0
34	13	1
3	17	0
85	56	0
97	25	0
49	19	0
77	31	0
81	13	0
19	12	0
29	65	0
75	33	0
2	68	0
56	84	0
1	44	0
18	76	0
70	50	0
56	96	0
70	46	0
75	83	0
79	57	0
42	50	1
76	75	0
11	86	0
42	43	0
24	77	0
74	50	0
68	39	0
97	49	0
93	95	0
83	90	0
48	67	0
69	43	0
65	58	0
36	51	0
8	44	1
67	4	0
68	85	0
88	82	0
84	10	0
55	87	0
4	96	0
53	15	0
55	30	0
73	31	0
58	24	0
36	22	1
80	13	0
24	92	0
70	23	0
28	85	0
94	15	0
44	69	0
54	39	0
65	96	0
81	72	0
40	80	0
67	95	0
86	65	0
87	46	0
23	52	1
97	82	0
76	92	0
13	58	1
96	50	0
37	68	0
94	84	0
55	86	0
33	15	1
79	82	0
90	44	0
46	83	0
79	66	0
90	54	0
73	37	0
34	49	0
0	61	0
57	76	0
66	19	0
56	33	0
42	17	0
85	86	0
15	47	1
66	37	0
37	11	1
39	20	0
10	89	0
11	60	0
7	88	0
62	41	0
95	25	0
93	39	0
95	4	0
80	96	0
8	51	1
60	22	0
52	49	0
35	79	0
95	19	0
65	49	0
37	92	0
26	97	0
31	70	0
16	90	0
31	3	0
68	64	0
47	28	0
46	73	0
49	45	0
4	45	0
69	66	0
66	17	0
26	88	0
95	54	0
21	33	0
16	68	0
78	63	0
63	57	0
52	57	0
94	54	0
98	63	0
70	49	0
60	12	0
66	66	0
86	41	0
11	37	0
86	77	0
57	43	0
24	78	0
9	81	0
30	99	0
20	59	0
92	29	0
4	48	0
57	90	0
3	84	0
90	65	0
44	25	0
80	22	0
23	24	0
33	41	0
71	9	0
21	77	0
40	55	0
90	54	0
88	40	0
3	3	0
9	47	1
45	15	1
2	43	0
70	6	0
48	69	0
94	92	0
6	10	0
47	97	0
87	31	0
39	5	0
89	87	0
43	61	0
71	70	0
38	32	0
98	39	0
92	78	0
15	63	0
13	75	0
0	45	0
18	65	0
15	96	0
68	18	0
31	56	0
6	89	0
26	27	0
58	17	0
34	67	0
70	48	0
45	4	0
34	79	0
95	24	0
5	27	0
73	48	0
94	31	0
47	59	0
27	18	0
43	0	0
19	94	0
50	68	0
27	60	0
21	16	0
17	89	0
26	81	0
59	52	0
92	43	0
36	73	0
81	96	0
48	31	0
66	72	0
47	87	0
3	88	0
79	42	0
44	58	0
8	18	0
98	66	0
53	54	0
97	18	0
82	13	0
80	35	0
62	98	0
47	42	0
51	33	0
62	27	0
40	2	0
42	93	0
49	71	0
88	30	0
58	94	0
90	44	0
80	52	0
40	73	0
28	67	0
78	32	0
56	36	0
76	0	0
97	98	0
77	81	0
47	77	0
73	43	0
75	87	0
9	81	0
54	26	0
19	94	0
6	62	0
47	58	0
76	74	0
63	15	0
96	94	0
88	13	0
96	94	0
62	9	0
75	20	0
69	57	0
64	29	0
20	83	0
52	85	0
69	83	0
9	33	0
12	79	0
13	72	0
37	7	0
37	44	0
13	49	1
4	43	0
77	40	0
48	23	0
15	63	0
16	85	0
64	98	0
87	40	0
1	73	0
66	44	0
29	82	0
79	65	0
69	40	0
8	51	1
29	56	0
81	37	0
65	50	0
75	59	0
17	61	0
60	50	0
1	95	0
2	5	0
90	65	0
19	68	0
20	0	0
3	92	0
24	80	0
96	39	0
74	80	0
88	65	0
85	88	0
49	66	0
64	33	0
2	73	0
47	64	0
37	57	0
63	48	0
92	22	0
