89	65	0
34	27	0
62	98	0
14	7	0
88	38	0
84	97	0
47	80	0
71	48	0
0	81	0
0	0	0
16	97	0
93	50	0
68	76	0
34	39	0
74	83	0
97	49	0
49	96	0
44	81	1
62	78	0
40	17	0
81	67	0
87	95	0
83	83	0
5	32	0
71	16	1
67	68	0
23	95	1
84	33	0
70	95	0
50	68	0
73	78	0
94	53	0
99	20	0
91	80	0
34	8	0
47	92	0
75	39	0
29	18	0
99	78	0
79	79	0
98	14	0
96	14	0
19	40	0
60	85	0
6	92	0
89	3	0
64	92	0
9	29	0
85	82	0
92	32	0
23	89	1
52	95	0
82	10	1
13	13	0
93	9	0
75	39	0
43	80	1
76	21	0
52	51	0
78	31	0
9	95	0
46	81	0
88	63	0
63	92	0
6	69	0
49	92	0
93	51	0
67	19	1
42	35	0
30	7	0
72	61	0
7	89	0
96	30	0
45	62	0
84	52	0
94	2	0
75	99	0
73	81	0
11	25	0
64	81	0
84	66	0
80	43	0
15	98	0
61	42	0
87	53	0
94	36	0
96	36	0
14	56	0
7	13	0
96	57	0
53	95	0
40	73	0
56	92	0
74	36	0
70	68	0
75	77	0
86	71	0
20	21	0
14	9	0
88	58	0
92	5	0
25	98	1
13	42	0
74	68	0
63	82	0
57	79	0
42	9	0
48	85	0
60	76	0
80	55	0
22	98	0
88	82	0
1	77	0
19	54	0
81	87	0
89	74	0
52	69	0
64	41	0
80	38	0
33	92	1
48	75	0
19	49	0
47	78	0
44	24	0
91	88	0
32	99	1
84	2	0
77	33	0
70	89	0
62	81	0
63	67	0
21	27	0
19	72	0
61	87	0
78	69	0
45	92	0
57	87	0
77	18	1
41	93	0
29	32	0
77	66	0
64	46	0
65	74	0
74	33	0
7	86	0
62	57	0
95	36	0
61	35	0
49	22	0
87	22	0
67	74	0
74	97	0
85	71	0
93	22	0
97	33	0
96	66	0
67	70	0
59	89	0
74	21	0
13	79	0
90	10	0
13	42	0
34	87	1
32	89	1
79	77	0
75	80	0
92	49	0
88	59	0
46	82	0
94	66	0
51	4	0
47	26	0
81	48	0
30	74	0
58	78	0
81	74	0
80	7	0
94	51	0
96	40	0
70	57	0
68	89	0
58	8	0
4	93	0
5	89	0
94	61	0
74	59	0
77	13	0
95	76	0
24	17	0
29	94	1
46	95	0
84	1	0
83	9	0
99	32	0
85	33	0
73	32	0
9	7	0
28	85	0
44	86	0
87	43	0
70	99	0
98	79	0
65	40	0
66	84	0
79	14	1
12	3	0
34	5	0
37	23	0
80	36	0
76	20	0
5	46	0
29	20	0
93	83	0
96	70	0
80	21	1
99	9	0
64	1	0
77	16	1
35	11	0
97	89	0
23	84	0
0	96	0
35	35	0
71	43	0
73	68	0
61	77	0
88	84	0
68	34	0
78	79	0
93	31	0
83	64	0
62	46	0
99	72	0
63	15	0
97	8	0
27	45	0
69	91	0
99	41	0
92	39	0
74	90	0
88	37	0
67	16	0
46	51	0
62	92	0
75	83	0
19	81	0
87	82	0
1	94	0
96	4	0
90	15	0
57	81	0
13	99	0
86	37	0
89	67	0
28	1	0
45	95	0
55	72	0
1	21	0
87	36	0
99	8	0
78	93	0
15	21	0
77	29	0
73	80	0
9	32	0
45	82	0
78	47	0
28	95	1
86	7	0
79	13	1
89	62	0
8	76	1
67	16	0
90	96	0
40	98	0
64	59	1
5	35	0
64	87	0
60	51	0
91	46	0
71	41	0
68	55	0
4	52	0
88	68	0
27	98	1
86	68	0
6	93	0
78	92	0
35	25	0
73	63	0
67	99	0
55	91	0
97	55	0
66	9	0
2	70	1
69	41	0
30	97	1
87	25	0
99	51	0
73	30	0
84	67	0
46	96	0
58	98	0
28	93	1
92	90	0
71	83	0
15	0	0
3	90	0
81	86	0
61	97	0
66	27	0
79	64	0
98	2	0
87	10	0
94	83	0
63	86	0
88	13	0
85	15	1
70	87	0
34	97	1
88	13	0
98	3	0
75	30	0
3	48	0
13	93	0
21	96	0
83	90	0
86	97	0
83	90	0
85	71	0
76	80	0
9	87	0
28	15	0
3	2	0
38	39	0
90	19	0
83	35	0
67	62	0
61	8	0
87	80	0
75	84	0
86	47	0
74	65	0
29	6	0
99	43	0
70	91	0
52	37	0
26	92	1
77	89	0
97	65	0
22	69	0
45	66	0
61	74	0
48	94	0
6	45	0
79	70	0
99	45	0
95	74	0
36	78	1
59	85	0
88	19	0
84	8	0
13	79	0
35	90	1
96	68	0
70	76	0
1	94	0
8	76	1
78	94	0
25	19	0
0	81	0
69	80	0
62	68	0
81	85	0
1	85	0
79	49	0
18	0	0
53	89	0
11	88	0
0	15	0
93	61	0
83	14	1
77	24	0
16	17	0
20	47	0
67	31	0
62	78	0
88	78	0
86	45	0
75	78	0
77	85	0
0	64	0
82	59	0
64	30	0
95	42	0
87	89	0
83	78	0
46	81	0
99	78	0
92	9	0
54	74	0
2	94	0
69	33	0
67	18	1
78	28	0
27	31	0
54	88	0
56	56	1
32	77	0
59	93	0
94	57	0
89	32	0
78	66	0
94	92	0
89	51	0
84	98	0
32	83	1
74	70	0
76	40	0
48	85	0
93	80	0
80	72	0
95	27	0
50	80	0
79	19	0
54	39	0
89	83	0
91	53	0
17	84	0
80	32	0
74	31	0
94	43	0
85	11	0
96	84	0
80	14	1
78	40	0
12	86	0
17	99	0
49	32	0
26	65	0
50	83	0
64	4	0
11	95	0
72	48	0
16	12	0
16	62	0
70	74	0
73	67	0
79	66	0
81	46	0
73	65	0
91	51	0
5	41	0
94	88	0
65	58	1
49	92	0
84	18	0
46	98	0
18	89	0
92	50	0
65	33	0
19	17	0
28	36	0
79	50	0
98	29	0
21	9	0
44	4	0
54	69	0
97	87	0
16	8	0
47	81	0
59	23	0
85	77	0
69	64	0
63	87	0
10	49	0
98	46	0
87	64	0
0	84	0
1	92	0
50	32	0
89	19	0
9	23	0
93	35	0
76	11	0
41	32	0
13	98	0
61	85	0
26	25	0
30	97	1
57	56	1
74	46	0
62	85	0
21	96	0
72	40	0
4	6	0
83	53	0
79	36	0
83	32	0
67	23	0
57	92	0
38	95	0
82	35	0
59	98	0
69	61	0
82	47	0
63	91	0
90	43	0
93	97	0
85	84	0
53	85	0
90	12	0
73	76	0
69	24	0
92	48	0
90	99	0
82	13	1
90	97	0
90	17	0
78	69	0
7	91	0
82	95	0
74	83	0
4	21	0
15	98	0
86	27	0
17	94	0
55	85	0
85	35	0
77	48	0
23	96	0
81	51	0
92	49	0
78	37	0
83	26	0
0	93	0
17	12	0
62	84	0
19	57	0
30	8	0
2	90	0
96	40	0
84	80	0
91	52	0
87	74	0
70	44	0
4	75	1
82	23	0
97	39	0
