85	62	0
36	26	0
57	97	1
13	12	0
90	45	0
90	86	0
71	41	0
10	79	0
0	7	0
14	87	0
77	34	0
76	75	0
28	30	0
62	75	0
92	51	0
66	69	0
40	35	0
91	84	0
99	84	0
68	90	0
4	22	0
67	83	0
74	32	0
57	77	1
51	68	0
63	82	0
89	49	0
97	28	0
89	79	0
38	0	0
83	30	0
33	19	0
99	65	0
93	75	0
89	7	0
17	35	0
58	80	0
9	89	0
62	96	1
20	34	0
72	75	0
95	43	0
53	81	0
6	24	0
85	15	0
63	29	0
50	37	0
77	42	0
83	65	0
54	98	1
15	62	0
99	54	0
46	32	0
35	12	0
60	58	0
1	92	0
94	22	0
44	64	0
86	68	0
97	6	0
78	88	0
63	79	0
10	21	0
72	86	0
86	62	0
82	40	0
60	47	0
81	41	0
85	36	0
87	40	0
26	60	0
16	22	0
85	73	0
55	98	1
40	81	0
56	96	1
79	42	0
58	69	0
82	75	0
83	75	0
25	12	0
9	10	0
84	64	0
92	3	0
13	53	0
79	81	0
54	77	0
59	77	1
50	20	0
71	82	0
75	60	0
10	86	0
95	99	0
7	97	1
15	59	0
92	88	0
92	69	0
58	87	0
67	49	0
94	31	0
54	58	0
15	54	0
55	15	0
84	88	0
71	8	0
83	47	0
78	91	0
52	67	0
66	78	0
18	18	0
76	97	0
33	79	0
26	31	0
61	38	0
61	83	0
65	45	0
13	94	1
93	27	0
52	26	0
71	73	0
71	88	0
84	71	0
96	27	0
88	87	0
74	80	0
58	70	0
14	45	0
72	69	0
71	78	0
90	60	0
92	44	0
92	67	0
61	16	0
42	30	0
81	54	0
33	86	0
83	74	0
99	48	0
94	27	0
71	62	1
62	94	1
63	15	0
2	94	0
97	56	0
89	79	0
14	18	0
94	17	0
89	23	0
83	29	0
13	12	0
33	83	0
91	50	0
69	93	0
86	84	0
70	32	1
51	89	0
2	14	0
39	18	0
47	30	0
61	42	0
0	57	0
43	7	0
94	79	0
94	53	0
62	3	0
32	9	0
97	85	0
29	68	0
8	96	1
33	31	0
63	52	0
77	63	0
54	79	0
84	76	0
77	28	0
78	85	0
86	32	0
91	78	0
48	32	0
98	74	0
60	10	0
35	57	0
77	92	0
91	47	0
93	49	0
82	90	0
90	46	0
33	50	0
51	90	1
72	84	0
23	76	0
81	77	0
2	94	0
87	31	0
95	68	0
39	7	0
50	51	0
17	13	0
91	33	0
68	84	0
12	30	0
79	33	0
74	79	0
18	36	0
83	48	0
82	10	0
98	63	0
68	29	0
98	94	0
17	39	0
75	55	0
89	43	0
60	51	0
3	57	0
98	73	0
96	57	0
15	86	0
76	81	0
45	18	0
66	60	1
79	94	0
95	40	0
64	5	0
62	47	0
72	30	0
95	57	0
64	33	1
87	81	0
94	81	0
80	94	0
13	8	0
4	76	0
77	93	0
62	91	0
47	10	0
86	51	0
91	8	0
96	79	0
59	72	0
65	70	0
99	5	0
86	37	0
11	42	0
5	99	1
86	84	0
99	98	0
93	90	0
73	65	0
64	82	0
11	88	0
24	24	0
1	13	0
39	40	0
85	40	0
61	57	0
65	10	0
79	93	0
78	72	0
79	43	0
71	61	1
31	13	0
93	44	0
64	92	0
63	30	0
64	80	0
93	57	0
7	48	0
51	81	0
51	75	1
3	43	0
66	80	0
95	45	0
93	68	0
86	28	0
95	64	0
66	61	0
8	92	0
79	96	0
15	20	0
8	86	0
59	78	0
66	60	1
88	99	0
4	82	0
83	53	0
14	8	0
13	83	0
9	12	0
90	60	0
17	27	0
6	35	0
84	32	0
69	72	0
95	78	0
83	49	0
78	77	0
74	84	0
2	79	0
93	62	0
61	27	0
93	33	0
72	88	0
77	69	0
43	88	0
95	74	0
43	75	0
2	92	0
74	41	0
31	41	0
54	84	0
36	67	0
61	92	1
92	54	0
85	30	0
68	68	0
96	76	0
91	44	0
96	98	0
91	67	0
64	20	0
79	76	0
83	62	0
97	28	0
49	62	0
68	32	1
90	87	0
82	60	0
23	71	0
90	34	0
84	43	0
84	41	0
98	81	0
77	52	0
0	92	0
18	99	1
39	33	0
25	69	0
60	10	0
2	89	0
83	48	0
11	14	0
19	54	0
59	68	0
76	84	0
72	58	0
66	42	0
82	41	0
14	44	0
91	79	0
58	88	1
80	13	0
12	90	0
97	52	0
21	15	0
24	33	0
73	45	0
97	33	0
16	0	0
39	1	0
54	64	0
95	89	0
27	4	0
59	2	0
89	85	0
56	87	0
24	51	0
93	47	0
82	61	0
11	99	1
9	90	0
48	35	0
94	45	0
20	36	0
83	30	0
77	10	0
34	33	0
25	38	0
83	40	0
60	90	1
82	44	0
17	10	0
97	55	0
75	46	0
84	24	1
65	96	1
74	46	0
54	95	0
58	51	0
68	40	0
45	93	1
82	46	0
95	89	0
91	85	0
70	74	0
73	28	0
91	49	0
87	95	0
96	99	0
81	69	0
82	95	0
50	76	0
2	12	0
28	95	0
83	42	0
75	28	0
89	49	0
76	46	0
96	65	0
88	38	0
19	74	0
6	8	0
43	87	0
28	70	0
41	0	0
4	81	0
96	46	0
94	85	0
86	52	0
95	96	0
95	35	0
