83	68	0
48	19	0
39	27	0
46	95	0
10	9	0
98	37	0
97	88	0
39	9	0
65	81	0
45	16	0
96	42	0
5	78	0
19	6	0
20	63	0
99	20	0
82	76	0
59	29	0
21	50	0
94	67	0
94	11	0
43	90	0
60	71	0
79	85	0
51	0	0
43	80	0
57	6	0
85	78	0
63	87	0
83	74	0
2	28	0
58	25	0
37	17	0
86	33	0
37	52	0
91	61	0
8	92	0
42	99	0
94	23	0
77	91	0
49	3	0
25	61	0
91	60	0
91	72	0
52	70	0
92	52	0
3	82	0
23	38	1
66	0	0
90	60	0
17	71	0
63	5	0
7	78	0
50	93	0
37	76	0
95	66	0
50	33	0
25	27	0
88	80	0
98	98	0
98	17	0
10	94	0
93	19	0
41	0	0
73	79	0
46	11	0
6	91	0
83	7	0
45	80	0
72	99	0
52	68	0
5	32	0
72	91	0
27	35	1
13	60	0
88	33	0
14	38	0
29	88	0
49	97	0
65	25	0
31	93	0
61	98	0
1	24	0
96	10	0
92	24	0
38	61	0
77	36	0
19	37	1
80	55	0
27	32	1
44	10	0
37	3	0
65	40	0
17	98	0
62	14	0
56	87	0
38	6	0
45	28	0
85	44	0
35	66	0
75	42	0
10	62	0
77	82	0
0	74	0
27	92	0
98	51	0
60	8	0
45	69	0
28	56	0
61	7	0
69	53	0
2	58	0
32	1	0
21	45	0
42	33	0
71	94	0
56	45	0
23	98	0
85	5	0
54	76	0
81	83	0
96	7	0
65	76	0
48	73	0
33	8	0
55	93	0
94	76	0
75	64	0
26	99	0
66	34	0
35	17	0
14	45	0
77	12	0
14	64	0
93	64	0
97	28	0
87	33	0
36	53	0
60	20	0
84	72	0
16	17	0
33	11	0
78	63	0
38	33	0
70	76	0
69	90	0
53	29	0
43	30	0
56	42	0
15	41	0
29	56	0
19	63	0
75	81	0
41	53	0
39	95	0
79	45	0
82	71	0
56	86	0
28	33	1
96	69	0
13	28	0
50	46	0
21	12	0
28	86	0
37	78	0
87	32	0
38	38	0
71	12	0
41	82	0
55	27	0
46	48	0
80	79	0
27	63	0
54	73	0
36	86	0
36	44	0
40	13	0
54	11	0
26	73	0
26	82	0
77	79	0
94	68	0
30	87	0
29	33	1
92	70	0
32	49	0
27	86	0
53	69	0
39	55	0
29	12	0
12	27	0
71	93	0
88	83	0
60	74	0
69	34	0
5	58	0
56	10	0
77	29	0
64	26	0
70	28	0
15	68	0
2	57	0
55	51	0
77	25	0
36	62	0
91	33	0
34	96	0
25	63	0
40	20	0
80	79	0
33	57	0
31	9	0
16	89	0
57	11	0
93	91	0
71	92	0
96	8	0
5	80	0
22	63	0
90	36	0
56	74	0
44	39	0
56	64	0
49	71	0
49	65	0
17	75	0
27	58	0
70	1	0
2	66	0
62	84	0
89	43	0
43	89	0
79	60	0
63	27	0
46	70	0
19	86	0
39	96	0
49	38	0
74	32	0
26	30	1
88	59	0
76	41	0
70	68	0
4	52	0
51	15	0
10	87	0
61	62	0
58	41	0
65	35	0
51	24	0
7	57	0
84	19	0
45	9	0
68	65	0
48	77	0
72	36	0
98	33	0
92	1	0
3	57	0
98	74	0
23	94	0
93	73	0
40	95	0
58	35	0
54	11	0
18	89	0
71	29	0
42	67	0
40	78	0
48	8	0
29	94	0
81	86	0
66	87	0
76	41	0
89	77	0
21	92	0
46	61	0
65	2	0
67	35	0
32	15	0
36	0	0
56	10	0
59	59	0
77	42	0
41	47	0
35	51	0
35	70	0
69	87	0
82	68	0
58	79	0
87	0	0
82	38	0
66	1	0
24	44	0
28	29	0
74	43	0
61	41	0
70	65	0
10	35	0
41	65	0
61	26	0
25	87	0
22	91	0
28	73	0
96	67	0
46	18	0
37	4	0
23	54	0
85	65	0
58	13	0
77	93	0
10	3	0
55	98	0
1	69	0
37	86	0
40	31	0
4	60	0
84	20	0
24	36	1
73	2	0
49	14	0
88	10	0
37	46	0
24	49	0
77	30	0
86	57	0
11	23	0
29	35	1
5	60	0
33	97	0
1	88	0
46	91	0
56	72	0
53	40	0
63	16	0
40	85	0
45	71	0
84	92	0
25	25	0
13	57	0
25	45	0
62	63	0
70	84	0
34	20	0
79	22	0
39	2	0
53	2	0
58	20	0
35	47	0
79	73	0
89	13	0
22	41	0
50	19	0
51	47	0
43	33	0
35	55	0
80	74	0
80	52	0
15	53	0
57	34	0
95	8	0
61	8	0
51	28	0
52	35	0
33	27	0
1	70	0
66	77	0
27	76	0
24	94	0
26	94	0
58	16	0
43	34	0
99	40	0
83	51	0
0	79	0
85	72	0
72	75	0
78	29	0
75	82	0
82	6	0
86	59	0
73	54	0
38	21	0
59	46	0
28	49	0
84	81	0
68	17	0
94	6	0
26	48	0
34	92	0
72	74	0
82	18	0
10	65	0
95	27	0
38	96	0
84	16	0
69	48	0
38	54	0
55	39	0
24	43	0
30	45	0
59	85	0
83	34	0
37	15	0
71	73	0
24	63	0
12	96	0
90	89	0
33	37	0
2	82	0
58	36	0
88	19	0
84	44	0
6	65	0
63	33	0
46	25	0
44	41	0
6	99	0
77	24	0
54	4	0
87	47	0
50	43	0
25	74	0
14	1	0
59	62	0
59	91	0
5	52	0
46	67	0
39	80	0
52	31	0
19	93	0
6	46	0
20	46	0
63	14	0
88	29	0
91	17	0
76	88	0
21	57	0
32	28	0
40	26	0
80	4	0
68	62	0
74	92	0
17	40	0
60	89	0
99	65	0
40	82	0
69	10	0
68	54	0
68	21	0
76	9	0
45	25	0
47	16	0
97	0	0
83	36	0
7	77	0
83	7	0
89	97	0
19	94	0
99	69	0
49	57	0
14	31	0
93	95	0
59	45	0
4	94	0
68	30	0
72	38	0
69	57	0
82	64	0
26	76	0
84	68	0
35	88	0
95	80	0
36	96	0
97	78	0
29	34	1
40	29	0
53	69	0
66	97	0
44	63	0
71	98	0
66	49	0
32	63	0
31	66	0
81	12	0
12	85	0
92	49	0
23	85	0
52	71	0
45	83	0
86	44	0
36	55	0
21	34	1
47	22	0
85	54	0
67	14	0
87	91	0
57	89	0
41	53	0
57	0	0
40	42	0
51	90	0
30	22	0
51	62	0
72	74	0
36	23	0
98	94	0
45	18	0
21	6	0
56	29	0
23	77	0
42	10	0
18	58	0
91	91	0
62	86	0
60	55	0
63	10	0
40	69	0
47	50	0
99	52	0
90	1	0
4	69	0
77	1	0
57	72	0
66	30	0
45	15	0
34	65	0
82	77	0
35	70	0
42	78	0
84	27	0
23	47	0
64	28	0
43	65	0
65	88	0
32	93	0
84	6	0
99	24	0
69	13	0
28	81	0
17	97	0
19	83	0
69	42	0
77	71	0
72	80	0
13	44	0
79	37	0
70	70	0
79	75	0
57	66	0
14	72	0
15	64	0
50	23	0
38	18	0
2	34	0
42	56	0
30	45	0
84	29	0
80	35	0
74	3	0
77	45	0
52	64	0
20	65	0
52	23	0
92	85	0
50	91	0
74	63	0
28	54	0
41	82	0
69	46	0
35	51	0
80	26	0
22	50	0
36	24	0
88	52	0
91	94	0
55	55	0
3	63	0
49	8	0
57	59	0
25	85	0
40	29	0
83	92	0
98	71	0
18	83	0
69	51	0
6	68	0
83	57	0
32	56	0
51	57	0
35	80	0
58	72	0
5	49	0
81	69	0
66	60	0
85	46	0
16	65	0
63	87	0
55	23	0
96	30	0
53	31	0
98	12	0
10	86	0
31	35	0
36	63	0
82	58	0
29	57	0
82	67	0
16	98	0
20	82	0
97	90	0
48	29	0
8	73	0
81	99	0
42	63	0
87	62	0
19	92	0
91	27	0
28	5	0
35	78	0
35	71	0
33	13	0
13	39	0
4	24	0
83	66	0
95	11	0
58	12	0
82	29	0
94	31	0
35	9	0
32	52	0
97	36	0
10	57	0
50	93	0
6	53	0
24	81	0
68	51	0
53	97	0
77	57	0
70	82	0
38	35	0
78	63	0
38	59	0
83	61	0
12	69	0
53	31	0
31	79	0
83	38	0
69	31	0
81	71	0
95	99	0
86	81	0
54	68	0
68	38	0
45	74	0
42	21	0
32	11	0
29	75	0
3	38	0
60	2	0
59	87	0
75	84	0
82	5	0
14	44	0
56	76	0
17	97	0
63	4	0
60	42	0
56	24	0
40	23	0
18	38	1
48	15	0
80	5	0
43	95	0
69	29	0
31	93	0
92	12	0
29	53	0
48	63	0
70	29	0
84	83	0
64	71	0
40	66	0
53	97	0
74	71	0
84	43	0
15	76	0
81	85	0
84	97	0
25	32	1
14	54	0
95	43	0
29	74	0
98	90	0
59	99	0
39	6	0
70	64	0
89	60	0
61	83	0
76	56	0
93	70	0
72	36	0
14	53	0
2	65	0
65	77	0
75	38	0
51	53	0
49	2	0
31	16	0
94	75	0
14	52	0
28	52	0
58	34	0
36	14	0
54	29	0
20	89	0
2	57	0
14	82	0
74	52	0
77	21	0
88	37	0
81	2	0
52	86	0
11	48	0
52	28	0
60	55	0
46	83	0
91	11	0
25	36	1
64	54	0
45	88	0
16	92	0
38	60	0
34	84	0
35	23	0
77	79	0
45	35	0
46	79	0
58	38	0
12	39	0
61	60	0
66	15	0
23	82	0
87	42	0
28	38	0
30	49	0
22	17	0
0	64	0
79	69	0
78	64	0
39	53	0
85	53	0
78	73	0
74	33	0
65	18	0
79	76	0
80	18	0
8	58	0
79	86	0
26	26	0
66	30	0
13	62	0
0	87	0
33	95	0
36	55	0
98	29	0
3	49	0
60	89	0
9	90	0
90	62	0
56	52	0
84	27	0
15	7	0
45	32	0
70	1	0
11	82	0
49	54	0
96	62	0
78	37	0
8	7	0
12	45	0
65	16	0
8	72	0
81	1	0
49	71	0
37	25	0
87	91	0
13	18	0
30	95	0
95	56	0
31	13	0
89	96	0
48	56	0
66	61	0
40	37	0
99	27	0
90	89	0
4	65	0
8	71	0
8	52	0
21	81	0
14	99	0
70	25	0
39	54	0
10	89	0
45	17	0
71	12	0
40	59	0
63	56	0
50	23	0
35	71	0
32	27	0
90	22	0
3	42	0
77	62	0
87	7	0
59	45	0
28	19	0
47	7	0
13	94	0
54	67	0
41	64	0
34	14	0
10	97	0
1	93	0
65	49	0
97	35	0
33	27	0
26	64	0
87	94	0
49	29	0
63	73	0
65	88	0
9	82	0
75	32	0
54	58	0
14	40	0
90	75	0
56	62	0
95	16	0
77	12	0
89	23	0
65	90	0
45	62	0
41	54	0
67	12	0
45	7	0
63	95	0
67	63	0
19	54	0
71	38	0
53	94	0
87	35	0
88	56	0
34	78	0
50	53	0
23	30	0
86	25	0
33	54	0
84	7	0
97	95	0
72	57	0
59	81	0
73	34	0
68	80	0
9	93	0
35	6	0
12	85	0
16	61	0
58	71	0
71	83	0
67	10	0
94	99	0
90	11	0
93	86	0
61	6	0
81	30	0
79	50	0
52	42	0
22	87	0
61	94	0
65	80	0
28	47	0
9	31	0
21	89	0
12	62	0
46	7	0
38	47	0
20	67	0
41	41	0
5	40	0
98	55	0
45	22	0
15	60	0
33	84	0
67	78	0
93	60	0
6	66	0
64	45	0
22	62	0
75	42	0
55	37	0
2	49	0
25	47	0
84	54	0
69	55	0
89	55	0
2	68	0
60	53	0
3	86	0
6	17	0
92	73	0
14	60	0
35	5	0
41	19	0
13	99	0
16	82	0
85	39	0
66	69	0
75	61	0
73	86	0
39	64	0
56	45	0
6	71	0
40	66	0
33	46	0
65	57	0
80	22	0
