93	64	0
33	2	0
31	35	0
61	98	0
17	4	0
97	41	0
96	91	0
53	12	0
58	72	0
60	22	0
86	50	0
2	88	0
11	1	0
29	85	0
97	25	0
72	80	0
53	39	0
17	59	0
88	52	0
96	10	0
47	94	0
55	65	0
71	85	0
54	9	0
28	77	0
49	15	0
90	70	0
65	90	0
89	80	0
0	33	0
55	15	0
43	21	0
97	29	0
25	53	0
81	64	0
13	88	0
36	93	0
93	20	0
81	84	0
45	6	0
33	67	0
91	65	0
97	73	0
53	62	0
97	49	0
11	79	0
65	2	0
99	68	0
14	71	0
73	10	0
14	78	0
61	90	0
29	75	0
99	71	0
42	39	0
36	26	0
91	88	0
98	96	0
98	4	0
18	99	0
96	11	0
34	5	0
70	79	0
34	2	0
6	92	0
87	13	0
34	80	0
64	95	0
44	61	0
4	28	0
68	84	0
14	57	0
95	29	0
34	83	0
60	99	0
63	33	0
30	96	0
59	93	0
3	18	0
98	11	0
93	19	0
44	70	0
84	38	0
92	60	0
50	14	0
32	9	0
68	51	0
8	97	0
49	3	0
47	74	0
49	5	0
56	31	0
82	36	0
31	61	0
75	44	0
2	60	0
81	93	0
2	87	0
39	99	0
97	57	0
67	14	0
37	71	0
34	64	0
65	4	0
69	50	0
4	64	0
33	2	0
10	38	0
39	44	0
63	79	0
46	37	0
14	94	0
81	20	0
46	82	0
73	67	0
97	12	0
73	95	0
53	79	0
37	18	0
58	99	0
98	73	0
78	63	0
21	91	0
63	27	0
33	16	0
20	42	1
72	11	0
8	61	0
96	70	0
97	22	0
83	46	0
42	49	0
60	4	0
79	67	0
21	19	0
38	29	0
99	61	0
44	36	0
62	82	0
58	81	0
53	25	0
41	41	0
58	39	0
8	44	0
24	44	1
22	53	0
82	89	0
48	59	0
39	98	0
75	39	0
72	64	0
54	70	0
89	62	0
22	20	0
54	53	0
23	11	0
13	70	0
33	63	0
89	36	0
37	44	0
90	7	0
40	88	0
52	25	0
42	47	0
78	78	0
29	70	0
50	68	0
44	84	0
38	49	0
39	14	0
55	17	0
39	86	0
26	63	0
78	81	0
93	65	0
33	99	0
99	74	0
29	48	0
22	70	0
47	74	0
54	53	0
21	16	0
73	88	0
96	77	0
54	70	0
60	30	0
3	42	0
56	3	0
74	51	0
59	23	0
76	19	0
23	48	0
6	47	0
49	49	0
71	26	0
38	66	0
82	25	0
44	96	0
26	71	0
40	26	0
76	83	0
40	54	0
37	9	0
24	83	0
59	5	0
92	84	0
51	91	0
92	1	0
6	75	0
18	64	0
95	29	0
52	86	0
29	43	0
59	69	0
57	65	0
43	59	0
17	74	0
28	57	0
69	2	0
9	60	0
60	79	0
95	47	0
41	90	0
80	61	0
73	23	0
54	66	0
18	84	0
35	99	0
46	30	0
75	28	0
84	53	0
58	42	0
69	64	0
4	39	0
57	25	0
17	91	0
59	56	0
72	40	0
69	28	0
47	6	0
14	47	0
92	23	0
37	14	0
65	70	0
61	81	0
67	43	0
94	39	0
98	4	0
4	39	0
97	74	0
28	97	0
97	77	0
34	95	0
64	30	0
76	30	0
20	85	0
83	25	0
30	61	0
32	76	0
48	5	0
26	99	0
77	87	0
74	86	0
92	45	0
98	66	0
15	94	0
35	72	0
74	8	0
78	49	0
34	19	0
35	0	0
52	22	0
53	48	0
86	46	0
34	53	0
36	47	0
34	69	0
73	90	0
92	60	0
58	81	0
85	7	0
91	40	0
63	16	0
22	37	0
75	41	0
77	49	0
75	72	0
6	39	0
34	64	0
64	16	0
13	88	0
32	83	0
19	77	0
87	73	0
52	17	0
37	1	0
34	55	0
80	76	0
63	10	0
78	93	0
17	1	0
51	97	0
7	68	0
48	93	0
43	35	0
4	53	0
73	35	0
72	13	0
54	20	0
78	8	0
40	63	0
7	55	0
73	24	0
86	62	0
6	7	0
6	63	0
32	92	0
7	86	0
45	93	0
51	64	0
60	44	0
68	3	0
47	82	0
47	68	0
85	95	0
36	30	1
3	52	0
27	46	1
61	47	0
74	74	0
30	29	1
84	27	0
31	6	0
51	9	0
51	19	0
37	40	0
72	65	0
69	11	0
6	43	0
33	12	0
49	64	0
40	31	0
28	43	1
88	79	0
78	54	0
10	46	0
63	39	0
95	7	0
65	11	0
64	26	0
42	40	0
39	33	0
6	77	0
61	81	0
32	74	0
24	99	0
27	83	0
54	11	0
43	39	0
95	42	0
81	48	0
4	59	0
82	68	0
75	81	0
84	29	0
82	85	0
80	7	0
73	59	0
75	61	0
26	31	1
65	50	0
27	47	1
92	77	0
67	6	0
95	25	0
33	49	0
46	95	0
62	76	0
83	17	0
14	68	0
99	32	0
61	94	0
84	22	0
67	30	0
41	56	0
62	35	0
33	53	0
54	85	0
79	32	0
32	22	0
73	87	0
35	57	0
24	95	0
97	99	0
50	33	0
1	93	0
54	49	0
96	11	0
81	36	0
15	68	0
64	49	0
38	24	1
53	47	0
8	96	0
88	26	0
46	9	0
92	45	0
52	44	0
29	90	0
13	5	0
60	60	0
61	97	0
5	47	0
40	82	0
35	84	0
45	29	0
20	83	0
14	33	0
69	4	0
78	20	0
83	2	0
95	91	0
26	69	0
46	21	0
82	6	0
78	57	0
69	89	0
0	20	0
63	91	0
96	60	0
31	83	0
79	0	0
49	61	0
70	22	0
70	11	0
41	25	0
43	14	0
94	7	0
85	37	0
12	91	0
81	13	0
92	94	0
26	93	0
96	68	0
41	47	0
15	26	0
79	97	0
63	43	0
4	94	0
69	34	0
79	36	0
74	47	0
83	67	0
22	64	0
89	60	0
39	93	0
91	75	0
26	95	0
91	84	0
44	33	0
61	67	0
59	96	0
46	64	0
59	99	0
69	54	0
39	52	0
42	61	0
87	5	0
3	91	0
99	53	0
24	87	0
45	70	0
45	81	0
90	44	0
32	53	0
41	16	0
85	55	0
60	14	0
82	97	0
48	91	0
43	50	0
54	15	0
31	42	0
58	92	0
41	18	0
34	71	0
84	73	0
43	9	0
94	91	0
66	5	0
4	7	0
42	36	0
18	67	0
42	0	0
13	75	0
94	80	0
64	80	0
66	41	0
63	2	0
44	64	0
46	57	0
96	54	0
90	12	0
5	68	0
84	8	0
50	71	0
55	29	0
39	10	0
32	62	0
85	84	0
30	72	0
42	78	0
73	34	0
19	48	0
67	35	0
42	57	0
64	94	0
28	99	0
92	14	0
98	19	0
71	12	0
22	78	0
30	96	0
25	89	0
66	42	0
75	83	0
75	92	0
5	36	0
68	36	0
72	80	0
72	59	0
63	75	0
16	85	0
16	73	0
37	18	0
47	16	0
8	34	0
42	47	0
36	50	0
89	29	0
87	40	0
78	10	0
70	50	0
57	54	0
23	48	0
48	27	0
92	80	0
48	98	0
81	56	0
36	66	0
36	95	0
80	57	0
30	51	0
80	23	0
29	38	1
31	11	0
92	52	0
77	92	0
48	46	0
8	46	0
48	9	0
51	54	0
43	86	0
30	26	1
77	86	0
96	58	0
9	84	0
73	48	0
11	58	0
64	50	0
44	68	0
55	49	0
41	77	0
62	66	0
6	60	0
69	61	0
71	43	0
83	54	0
35	63	0
66	85	0
44	5	0
96	22	0
54	45	0
91	5	0
14	86	0
37	80	0
81	65	0
20	50	0
76	74	0
15	91	0
15	82	0
86	86	0
42	31	0
2	67	0
68	98	0
49	66	0
94	65	0
23	97	0
92	34	0
17	3	0
34	69	0
28	84	0
35	12	0
19	52	1
15	18	0
84	70	0
97	11	0
54	8	0
70	41	0
88	18	0
25	5	0
29	66	0
88	34	0
7	62	0
53	84	0
1	51	0
29	78	0
75	58	0
54	99	0
74	53	0
65	81	0
68	58	0
47	50	0
77	75	0
2	79	0
48	35	0
25	78	0
87	48	0
72	27	0
96	59	0
98	97	0
90	89	0
45	72	0
76	40	0
61	60	0
32	24	0
36	14	0
38	66	0
8	42	0
67	7	0
71	76	0
81	83	0
91	3	0
17	45	1
62	83	0
15	91	0
53	12	0
57	33	0
65	24	0
52	23	0
41	19	0
79	11	0
38	99	0
69	19	0
33	94	0
98	18	0
41	60	0
70	42	0
75	99	0
73	71	0
40	72	0
62	96	0
85	65	0
91	46	0
10	63	0
85	80	0
76	95	0
10	61	0
99	41	0
30	68	0
98	88	0
47	89	0
28	13	0
75	67	0
93	54	0
55	76	0
72	77	0
97	64	0
74	37	0
27	59	0
0	59	0
68	80	0
69	29	0
50	42	0
50	12	0
28	26	1
88	79	0
15	61	0
29	43	1
66	28	0
43	0	0
52	22	0
10	88	0
14	58	0
8	77	0
72	48	0
92	20	0
92	35	0
92	3	0
67	92	0
4	58	0
64	29	0
56	47	0
37	85	0
94	22	0
62	58	0
31	85	0
23	91	0
40	69	0
27	92	0
30	3	0
69	75	0
48	18	0
38	72	0
50	46	0
4	42	0
69	62	0
66	16	0
31	84	0
99	56	0
26	50	0
20	35	0
18	69	0
80	58	0
68	59	0
46	48	0
92	71	0
98	69	0
61	44	0
66	17	0
80	61	0
84	32	0
12	46	0
84	80	0
54	35	0
18	71	0
3	87	0
30	94	0
27	58	0
89	20	0
0	50	0
56	90	0
0	89	0
86	63	0
48	32	0
89	30	0
15	21	0
33	38	0
72	14	0
35	79	0
46	52	0
98	63	0
88	34	0
1	1	0
3	43	0
54	13	0
2	49	0
77	9	0
50	77	0
32	33	0
95	92	0
2	11	0
41	93	0
97	44	0
44	0	0
90	89	0
48	65	0
67	62	0
35	36	0
91	36	0
91	84	0
11	60	0
7	76	0
8	44	0
19	74	0
16	81	0
66	20	0
30	56	0
18	92	0
37	12	0
61	18	0
35	64	0
59	48	0
43	11	0
35	71	0
28	25	1
93	17	0
1	34	0
78	40	0
95	20	0
47	49	0
32	21	0
47	0	0
16	96	0
44	69	0
41	64	0
30	12	0
20	99	0
19	81	0
64	45	0
94	36	0
31	31	1
31	71	0
91	99	0
54	25	0
65	68	0
56	87	0
7	91	0
83	39	0
52	59	0
15	28	0
94	66	0
56	53	0
98	18	0
66	9	0
82	25	0
61	92	0
51	45	0
45	40	0
66	27	0
44	2	0
48	87	0
51	76	0
20	55	0
79	33	0
52	89	0
93	38	0
93	55	0
34	78	0
37	61	0
88	26	0
44	47	0
72	10	0
95	96	0
73	76	0
43	73	0
72	41	0
74	92	0
9	79	0
50	12	0
11	96	0
13	62	0
52	63	0
74	81	0
64	15	0
98	89	0
95	15	0
98	95	0
59	7	0
77	25	0
72	65	0
58	38	0
17	79	0
47	87	0
70	82	0
28	41	1
6	30	0
22	86	0
11	74	0
44	14	0
40	50	0
19	53	0
1	48	0
88	44	0
42	23	0
14	67	0
29	81	0
65	94	0
95	40	0
1	69	0
71	36	0
38	69	0
83	50	0
72	39	0
0	48	0
29	53	0
86	40	0
69	57	0
83	48	0
8	64	0
62	53	0
0	84	0
0	0	0
94	64	0
12	62	0
25	4	0
34	25	1
5	98	0
20	79	0
92	45	0
79	76	0
82	59	0
87	83	0
51	67	0
65	37	0
3	73	0
44	69	0
31	62	0
65	43	0
92	11	0
