92	65	0
34	0	0
35	37	0
62	98	0
18	7	0
99	41	0
99	87	0
50	10	0
55	77	0
56	22	0
90	51	0
3	87	0
14	0	0
24	83	0
94	24	0
75	77	0
55	37	0
16	56	0
87	58	0
96	9	0
47	94	0
59	67	0
70	87	0
53	6	0
32	78	0
48	15	0
87	72	0
65	90	0
89	76	0
0	31	0
52	15	0
41	18	0
92	31	0
26	55	0
81	67	0
14	89	0
32	97	0
91	22	0
77	85	0
42	6	0
28	68	0
88	66	0
94	71	0
55	63	0
99	45	0
6	79	0
64	2	0
98	64	0
16	68	0
73	13	0
13	78	0
63	91	0
33	72	0
98	73	0
44	38	0
33	24	0
89	84	0
97	98	0
98	6	0
18	98	0
99	13	0
31	5	0
70	76	0
36	6	0
9	95	0
90	8	0
34	79	0
64	92	0
41	60	0
4	32	0
71	89	0
14	62	0
95	31	0
28	85	0
57	97	0
65	33	0
32	98	0
61	96	0
5	19	0
98	8	0
94	25	0
47	68	0
82	38	0
91	56	0
48	16	0
33	7	0
67	50	0
9	97	0
49	3	0
49	77	0
45	2	0
57	34	0
81	34	0
32	62	0
76	44	0
4	59	0
79	92	0
1	88	0
35	97	0
95	58	0
66	12	0
39	72	0
40	64	0
66	4	0
68	51	0
5	66	0
33	7	0
9	39	0
35	43	0
63	79	0
44	43	0
14	98	0
81	14	0
44	88	0
76	68	0
99	9	0
75	91	0
50	77	0
39	20	0
60	96	0
93	71	0
78	64	0
19	94	0
64	28	0
30	13	0
18	42	1
76	11	0
10	58	0
98	67	0
97	19	0
77	43	0
41	47	0
58	5	0
79	70	0
21	20	0
35	27	0
99	59	0
39	40	0
63	81	0
62	84	0
48	26	0
44	44	0
62	36	0
12	45	0
28	45	1
19	54	0
81	91	0
46	58	0
36	99	0
75	44	0
77	66	0
53	70	0
86	63	0
22	20	0
56	51	0
16	11	0
13	72	0
33	63	0
93	36	0
38	45	0
88	10	0
44	88	0
54	25	0
41	49	0
77	76	0
29	70	0
53	69	0
40	83	0
38	47	0
37	15	0
60	16	0
39	84	0
25	63	0
79	78	0
89	62	0
33	97	0
94	71	0
24	46	0
24	73	0
52	72	0
53	51	0
27	16	0
77	84	0
92	78	0
54	64	0
61	33	0
0	48	0
57	2	0
77	52	0
63	23	0
79	20	0
23	49	0
4	51	0
45	50	0
69	26	0
37	62	0
82	25	0
44	94	0
28	71	0
41	25	0
79	79	0
41	55	0
35	6	0
24	82	0
56	3	0
90	83	0
52	92	0
92	4	0
8	78	0
17	68	0
93	25	0
47	85	0
28	37	0
61	69	0
55	61	0
43	62	0
18	71	0
25	59	0
68	0	0
11	60	0
61	79	0
96	43	0
39	88	0
81	62	0
70	17	0
50	66	0
19	86	0
34	98	0
46	30	0
73	34	0
85	56	0
67	43	0
67	65	0
7	37	0
55	17	0
14	90	0
59	53	0
71	37	0
68	27	0
54	10	0
13	49	0
91	21	0
36	11	0
64	67	0
61	79	0
68	44	0
95	40	0
96	1	0
1	43	0
97	77	0
24	99	0
95	83	0
29	94	0
63	29	0
73	29	0
16	85	0
80	26	0
32	66	0
25	77	0
47	6	0
28	98	0
74	91	0
72	88	0
88	49	0
97	70	0
18	96	0
35	73	0
72	2	0
74	45	0
31	26	0
33	2	0
51	12	0
54	54	0
81	46	0
33	52	0
33	45	0
37	68	0
73	90	0
88	62	0
60	83	0
83	6	0
90	43	0
64	11	0
20	38	0
75	40	0
76	53	0
74	68	0
10	40	0
37	64	0
65	17	0
18	89	0
32	83	0
21	75	0
84	69	0
52	15	0
32	4	0
33	54	0
80	75	0
61	7	0
78	92	0
18	4	0
50	97	0
7	70	0
46	98	0
43	39	0
3	52	0
71	35	0
74	12	0
54	13	0
83	9	0
43	59	0
12	57	0
70	24	0
86	63	0
6	8	0
2	66	0
34	94	0
9	86	0
42	96	0
56	68	0
59	43	0
72	4	0
46	81	0
44	66	0
83	99	0
36	31	0
8	54	0
24	45	0
61	45	0
71	81	0
29	25	0
82	31	0
31	4	0
49	7	0
53	17	0
38	46	0
77	64	0
72	12	0
9	44	0
36	15	0
48	61	0
39	34	0
27	49	0
91	76	0
75	54	0
14	46	0
65	37	0
92	8	0
61	12	0
60	22	0
42	41	0
32	33	0
5	75	0
66	84	0
28	70	0
25	97	0
31	84	0
50	9	0
42	41	0
96	43	0
83	46	0
4	62	0
80	70	0
73	80	0
80	25	0
84	89	0
82	1	0
73	60	0
81	62	0
34	29	1
67	47	0
28	43	1
92	76	0
68	6	0
98	21	0
29	50	0
44	95	0
69	77	0
83	16	0
14	65	0
98	32	0
62	95	0
83	23	0
74	33	0
45	53	0
56	37	0
30	52	0
56	88	0
84	32	0
37	27	0
72	82	0
25	59	0
24	99	0
96	94	0
47	34	0
3	93	0
54	50	0
97	9	0
77	32	0
18	72	0
61	45	0
36	28	0
53	43	0
11	98	0
89	22	0
46	10	0
90	42	0
51	48	0
26	88	0
18	7	0
59	58	0
55	92	0
5	49	0
39	83	0
31	84	0
48	26	0
26	86	0
12	38	0
67	7	0
74	25	0
83	0	0
91	91	0
24	65	0
49	16	0
83	9	0
81	58	0
68	87	0
3	26	0
63	93	0
96	62	0
30	86	0
74	0	0
54	60	0
70	24	0
67	9	0
42	25	0
42	15	0
98	9	0
88	40	0
14	92	0
77	10	0
90	95	0
23	90	0
97	66	0
45	48	0
14	25	0
80	99	0
64	40	0
6	96	0
70	33	0
80	41	0
72	44	0
86	67	0
22	59	0
88	61	0
35	94	0
88	76	0
29	93	0
92	83	0
46	32	0
58	68	0
59	93	0
42	69	0
59	95	0
71	51	0
35	56	0
42	65	0
88	6	0
6	90	0
98	51	0
23	86	0
46	73	0
48	77	0
87	45	0
35	52	0
44	18	0
85	58	0
62	14	0
85	92	0
49	91	0
48	46	0
54	17	0
32	40	0
52	89	0
43	17	0
39	66	0
84	70	0
40	10	0
96	92	0
65	5	0
4	12	0
45	35	0
18	67	0
44	3	0
13	73	0
94	84	0
64	78	0
63	44	0
61	6	0
43	68	0
40	55	0
90	57	0
87	8	0
6	70	0
81	6	0
51	73	0
56	28	0
37	18	0
31	62	0
83	79	0
33	72	0
39	81	0
73	36	0
15	46	0
71	32	0
42	60	0
64	92	0
27	99	0
93	12	0
99	25	0
70	13	0
23	80	0
28	99	0
28	89	0
71	45	0
78	78	0
79	90	0
7	38	0
70	40	0
71	78	0
73	62	0
60	77	0
13	78	0
18	70	0
34	18	0
53	17	0
9	37	0
43	52	0
31	50	0
86	30	0
87	40	0
80	9	0
72	48	0
50	54	0
22	50	0
48	29	0
89	79	0
52	98	0
83	59	0
36	61	0
36	92	0
80	55	0
29	54	0
80	23	0
28	42	1
29	11	0
95	51	0
75	96	0
53	50	0
6	48	0
47	7	0
52	56	0
41	85	0
30	26	1
80	88	0
96	58	0
6	83	0
70	43	0
9	56	0
69	52	0
38	66	0
52	51	0
39	80	0
64	66	0
5	58	0
69	62	0
70	45	0
81	52	0
37	69	0
65	83	0
46	6	0
93	23	0
56	41	0
91	3	0
14	83	0
29	42	1
36	79	0
83	65	0
21	51	0
78	74	0
13	93	0
13	82	0
84	87	0
48	34	0
0	65	0
70	97	0
48	66	0
92	64	0
22	98	0
92	35	0
17	8	0
36	73	0
26	81	0
33	13	0
14	48	0
13	19	0
83	71	0
99	16	0
56	10	0
72	40	0
89	21	0
26	6	0
29	68	0
86	31	0
5	65	0
51	84	0
1	53	0
28	79	0
76	56	0
56	99	0
76	50	0
65	84	0
68	62	0
47	53	0
75	74	0
6	79	0
52	37	0
25	82	0
84	51	0
72	26	0
97	67	0
98	96	0
91	84	0
42	76	0
70	37	0
56	62	0
31	23	0
31	16	0
31	69	0
5	45	0
67	9	0
62	77	0
82	80	0
94	3	0
18	49	0
59	84	0
19	89	0
56	8	0
58	36	0
65	24	0
50	23	0
40	14	0
77	9	0
37	98	0
72	20	0
35	97	0
99	18	0
19	46	1
42	60	0
68	38	0
79	99	0
74	68	0
40	68	0
62	96	0
84	63	0
91	46	0
13	59	0
86	77	0
78	96	0
14	67	0
99	41	0
29	67	0
97	84	0
49	91	0
30	20	0
73	69	0
91	51	0
52	76	0
69	79	0
95	65	0
72	42	0
24	57	0
0	60	0
63	80	0
71	28	0
53	47	0
53	8	0
35	24	0
93	74	0
18	57	0
32	39	1
66	30	0
44	3	0
54	18	0
12	90	0
10	62	0
9	74	0
67	48	0
92	20	0
87	35	0
92	2	0
65	91	0
7	57	0
63	29	0
55	49	0
39	85	0
98	21	0
61	58	0
29	84	0
19	88	0
42	68	0
31	93	0
30	8	0
70	74	0
45	21	0
39	74	0
46	44	0
4	40	0
73	63	0
66	12	0
33	84	0
98	55	0
26	51	0
19	33	0
14	68	0
80	59	0
72	57	0
44	46	0
89	68	0
98	66	0
58	47	0
66	18	0
78	63	0
79	30	0
9	47	0
81	82	0
54	35	0
14	69	0
5	88	0
30	93	0
29	56	0
89	22	0
1	51	0
55	92	0
4	89	0
85	63	0
46	36	0
91	33	0
14	16	0
39	34	0
70	15	0
33	79	0
46	51	0
97	63	0
89	33	0
4	3	0
0	42	0
52	13	0
0	48	0
77	6	0
55	76	0
30	29	0
89	89	0
2	12	0
39	98	0
95	44	0
40	2	0
88	92	0
50	60	0
63	58	0
34	35	0
93	34	0
89	86	0
10	61	0
7	76	0
10	49	0
20	75	0
14	83	0
65	24	0
35	58	0
21	89	0
37	19	0
62	18	0
38	63	0
61	48	0
48	10	0
35	71	0
33	28	1
92	15	0
0	34	0
76	40	0
93	15	0
45	54	0
33	20	0
51	2	0
19	98	0
44	68	0
43	66	0
26	12	0
22	97	0
15	80	0
67	47	0
95	37	0
27	33	1
27	69	0
89	98	0
55	26	0
69	70	0
58	90	0
9	92	0
87	39	0
51	57	0
15	27	0
89	70	0
52	52	0
98	14	0
67	10	0
85	25	0
62	91	0
51	48	0
42	40	0
65	24	0
46	4	0
49	88	0
51	76	0
19	59	0
80	35	0
53	93	0
89	33	0
93	55	0
37	81	0
33	65	0
89	26	0
48	49	0
70	12	0
99	97	0
71	72	0
46	75	0
71	45	0
72	88	0
9	75	0
50	15	0
11	93	0
10	63	0
49	66	0
74	81	0
68	13	0
98	91	0
92	10	0
96	93	0
62	5	0
81	28	0
70	65	0
59	35	0
19	78	0
43	87	0
67	85	0
28	43	1
7	33	0
21	86	0
9	78	0
42	16	0
40	49	0
18	55	0
37	49	1
0	52	0
89	44	0
46	22	0
11	66	0
35	84	0
62	93	0
95	47	0
5	65	0
74	35	0
37	70	0
83	47	0
67	32	0
6	49	0
27	54	0
91	41	0
66	57	0
81	51	0
8	65	0
68	51	0
2	80	0
2	1	0
88	68	0
9	61	0
27	3	0
37	27	0
4	98	0
18	80	0
90	45	0
76	72	0
85	59	0
81	78	0
50	67	0
62	37	0
5	72	0
42	69	0
32	58	0
68	46	0
88	9	0
