88	68	0
41	20	0
36	23	0
48	95	0
10	7	0
95	36	0
99	86	0
41	11	0
61	81	0
44	19	0
98	43	0
3	79	0
19	7	0
19	62	0
99	19	0
81	79	0
59	30	0
22	51	0
97	71	0
94	10	0
43	96	0
63	67	0
81	85	0
53	3	0
41	81	0
58	8	0
84	78	0
62	87	0
86	74	0
5	24	0
52	27	0
38	16	0
84	31	0
40	58	0
89	60	0
9	91	0
44	99	0
95	22	0
79	87	0
47	1	0
21	62	0
92	57	0
91	69	0
52	70	0
94	53	0
5	81	0
25	37	0
66	2	0
92	62	0
16	72	0
62	2	0
7	77	0
49	92	0
36	76	0
96	65	0
51	38	0
29	30	0
91	75	0
96	92	0
97	15	0
9	93	0
95	18	0
42	2	0
73	76	0
45	15	0
9	91	0
85	9	0
45	80	0
74	99	0
51	67	0
8	32	0
70	87	0
26	41	0
18	63	0
93	34	0
15	38	0
29	85	0
50	97	0
62	22	0
32	94	0
59	97	0
4	25	0
99	13	0
93	27	0
38	57	0
79	38	0
20	33	0
77	50	0
23	32	1
40	9	0
39	6	0
66	38	0
13	95	0
63	12	0
55	92	0
38	7	0
45	29	0
87	44	0
35	69	0
75	46	0
11	60	0
78	84	0
0	71	0
26	95	0
94	53	0
61	8	0
49	70	0
27	57	0
62	2	0
67	54	0
1	59	0
36	0	0
23	47	0
43	34	0
75	92	0
57	41	0
22	99	0
87	3	0
53	72	0
80	86	0
96	4	0
65	74	0
45	77	0
33	7	0
57	93	0
90	79	0
76	62	0
28	97	0
66	33	0
33	19	0
13	41	0
76	10	0
12	66	0
93	64	0
98	31	0
88	39	0
36	54	0
58	19	0
83	72	0
17	17	0
30	8	0
79	62	0
37	35	0
67	82	0
74	92	0
50	22	0
43	31	0
56	45	0
14	42	0
29	58	0
17	59	0
77	82	0
41	53	0
42	96	0
79	47	0
81	71	0
54	85	0
26	36	1
94	68	0
12	27	0
50	42	0
19	13	0
28	84	0
38	76	0
88	33	0
37	36	0
69	18	0
36	80	0
59	27	0
46	43	0
83	80	0
28	64	0
57	73	0
35	87	0
40	49	0
37	14	0
54	10	0
26	71	0
27	85	0
78	81	0
92	66	0
30	87	0
26	32	1
92	68	0
26	48	0
28	83	0
52	73	0
41	55	0
27	11	0
15	32	0
69	93	0
86	89	0
59	77	0
66	34	0
0	59	0
59	8	0
80	27	0
65	24	0
70	30	0
13	63	0
0	56	0
52	50	0
73	24	0
38	64	0
90	34	0
30	99	0
27	66	0
38	19	0
80	74	0
38	57	0
33	6	0
14	92	0
62	8	0
98	91	0
72	90	0
93	4	0
7	78	0
21	63	0
90	36	0
53	71	0
44	37	0
53	60	0
48	71	0
54	63	0
12	73	0
29	59	0
69	4	0
2	64	0
61	83	0
91	43	0
45	90	0
76	58	0
61	28	0
42	74	0
16	84	0
36	96	0
53	41	0
75	33	0
27	34	1
88	64	0
77	41	0
74	66	0
2	56	0
50	19	0
12	87	0
61	61	0
57	45	0
63	39	0
50	24	0
7	59	0
83	26	0
49	8	0
66	67	0
49	74	0
71	36	0
99	34	0
96	2	0
1	58	0
98	71	0
22	96	0
92	73	0
43	94	0
57	36	0
58	11	0
18	92	0
73	30	0
39	68	0
44	82	0
48	9	0
23	93	0
78	83	0
71	86	0
74	41	0
90	75	0
19	95	0
46	60	0
62	1	0
67	30	0
30	12	0
38	4	0
56	9	0
59	55	0
77	44	0
42	45	0
36	51	0
38	71	0
70	86	0
79	68	0
60	77	0
83	1	0
83	42	0
70	6	0
19	43	0
28	25	0
80	42	0
63	37	0
72	70	0
10	36	0
41	68	0
63	23	0
31	85	0
21	87	0
27	76	0
96	69	0
42	20	0
35	4	0
24	55	0
89	68	0
63	13	0
75	92	0
10	4	0
59	98	0
1	69	0
36	89	0
43	34	0
0	58	0
80	18	0
23	35	1
74	3	0
51	15	0
88	9	0
36	47	0
26	49	0
78	27	0
85	58	0
10	25	0
22	34	1
4	62	0
36	99	0
2	91	0
47	87	0
56	73	0
50	41	0
67	20	0
38	86	0
46	71	0
87	91	0
26	25	0
18	54	0
23	41	0
62	68	0
70	88	0
30	21	0
81	21	0
37	4	0
53	5	0
63	18	0
35	48	0
80	70	0
91	14	0
22	41	0
48	16	0
51	46	0
39	34	0
32	56	0
84	76	0
83	52	0
13	51	0
54	34	0
96	11	0
64	8	0
54	29	0
55	36	0
28	30	0
1	70	0
66	83	0
28	79	0
24	92	0
23	99	0
51	12	0
46	33	0
99	43	0
86	49	0
1	80	0
85	73	0
68	75	0
79	29	0
70	85	0
82	4	0
86	61	0
73	58	0
39	17	0
57	48	0
28	48	0
81	81	0
68	17	0
94	6	0
28	43	0
35	89	0
75	72	0
83	19	0
9	64	0
99	28	0
43	95	0
84	20	0
67	49	0
38	55	0
56	40	0
21	39	0
34	42	0
63	85	0
81	36	0
33	18	0
70	69	0
22	67	0
7	97	0
95	86	0
32	36	0
4	86	0
61	39	0
90	16	0
85	44	0
4	67	0
66	35	0
45	29	0
42	42	0
9	98	0
76	21	0
50	6	0
87	48	0
50	40	0
26	74	0
15	5	0
59	60	0
60	91	0
1	53	0
43	71	0
39	81	0
54	26	0
19	96	0
6	46	0
21	43	0
62	16	0
86	31	0
95	17	0
74	91	0
20	56	0
34	24	0
41	26	0
81	5	0
68	60	0
74	92	0
17	43	0
59	88	0
98	66	0
40	77	0
71	7	0
67	48	0
70	24	0
75	10	0
42	24	0
42	15	0
99	1	0
84	34	0
5	75	0
84	9	0
91	98	0
17	94	0
98	68	0
49	53	0
17	27	0
96	96	0
61	48	0
5	95	0
70	29	0
68	38	0
69	58	0
81	63	0
26	78	0
83	69	0
34	89	0
93	79	0
36	94	0
97	78	0
27	34	1
39	29	0
55	69	0
61	96	0
46	66	0
69	97	0
65	52	0
33	60	0
31	64	0
80	15	0
13	82	0
90	48	0
21	87	0
54	73	0
45	80	0
83	40	0
37	51	0
19	35	1
48	22	0
84	50	0
66	17	0
91	93	0
59	91	0
40	55	0
53	0	0
40	39	0
48	91	0
35	20	0
49	57	0
76	76	0
36	19	0
97	97	0
45	18	0
20	7	0
57	27	0
22	76	0
39	14	0
18	59	0
91	95	0
60	88	0
58	52	0
66	10	0
43	70	0
52	52	0
98	55	0
87	1	0
1	66	0
74	3	0
60	71	0
70	29	0
45	12	0
34	63	0
83	75	0
38	70	0
43	78	0
84	32	0
19	51	0
72	28	0
40	66	0
67	84	0
33	94	0
81	9	0
94	24	0
63	15	0
28	82	0
16	97	0
20	81	0
65	41	0
74	71	0
69	80	0
14	46	0
79	44	0
68	69	0
78	76	0
57	67	0
14	72	0
16	66	0
47	29	0
38	18	0
4	35	0
45	58	0
32	45	0
86	28	0
84	37	0
75	3	0
74	47	0
54	67	0
19	61	0
54	26	0
94	86	0
53	90	0
76	61	0
25	53	0
48	81	0
69	45	0
37	51	0
78	27	0
22	49	0
38	24	0
85	52	0
91	95	0
57	52	0
8	62	0
47	7	0
58	63	0
27	90	0
37	32	0
86	90	0
99	73	0
20	85	0
65	50	0
3	73	0
83	57	0
35	57	0
49	56	0
37	79	0
60	73	0
5	52	0
80	72	0
65	59	0
85	46	0
17	63	0
61	86	0
56	25	0
96	27	0
49	33	0
98	12	0
15	89	0
34	34	0
38	69	0
87	57	0
29	55	0
80	65	0
13	96	0
23	82	0
99	90	0
49	29	0
8	72	0
81	97	0
43	68	0
87	66	0
21	90	0
94	27	0
26	6	0
34	78	0
34	75	0
30	17	0
17	39	0
5	22	0
86	66	0
95	13	0
60	9	0
78	27	0
95	33	0
32	10	0
29	50	0
97	36	0
8	58	0
54	98	0
6	53	0
24	84	0
66	49	0
55	92	0
74	55	0
67	87	0
37	34	0
75	65	0
38	61	0
80	58	0
14	69	0
54	29	0
30	81	0
85	40	0
68	30	0
81	72	0
95	99	0
86	79	0
49	68	0
66	38	0
50	69	0
38	24	0
26	7	0
32	74	0
8	38	0
60	1	0
61	87	0
73	83	0
81	3	0
15	44	0
56	79	0
20	95	0
61	4	0
60	40	0
57	24	0
36	24	0
19	35	1
53	17	0
80	2	0
43	96	0
63	30	0
31	93	0
93	13	0
29	53	0
45	64	0
73	29	0
85	82	0
62	71	0
37	67	0
46	91	0
76	74	0
84	44	0
18	72	0
80	81	0
88	97	0
26	31	1
13	54	0
94	45	0
29	77	0
98	92	0
60	97	0
40	6	0
70	63	0
86	64	0
65	85	0
76	56	0
96	72	0
75	37	0
15	50	0
0	65	0
67	80	0
72	39	0
51	58	0
48	2	0
33	15	0
93	80	0
12	55	0
26	50	0
57	34	0
37	12	0
51	31	0
17	86	0
22	38	1
0	60	0
10	80	0
76	54	0
78	18	0
89	34	0
80	0	0
52	82	0
8	50	0
53	28	0
60	49	0
47	86	0
89	12	0
23	33	1
67	56	0
47	87	0
16	91	0
38	61	0
35	86	0
35	25	0
77	78	0
49	38	0
43	81	0
59	37	0
11	38	0
63	62	0
65	19	0
24	83	0
85	43	0
28	37	0
28	48	0
26	19	0
0	65	0
82	65	0
77	65	0
40	52	0
85	59	0
82	74	0
74	37	0
67	19	0
81	78	0
78	21	0
7	58	0
81	84	0
23	24	0
66	30	0
16	63	0
1	89	0
32	95	0
39	56	0
98	31	0
9	48	0
57	88	0
5	89	0
90	62	0
62	55	0
85	28	0
16	4	0
45	30	0
67	3	0
8	79	0
46	56	0
92	64	0
78	37	0
12	6	0
17	43	0
67	15	0
11	75	0
81	2	0
50	72	0
39	25	0
86	91	0
12	19	0
31	97	0
97	58	0
31	12	0
88	94	0
50	58	0
67	59	0
43	37	0
98	27	0
90	90	0
5	66	0
8	72	0
11	50	0
18	80	0
11	97	0
75	25	0
39	51	0
8	91	0
48	17	0
72	8	0
40	61	0
63	58	0
50	26	0
32	70	0
31	31	0
89	20	0
0	44	0
82	66	0
88	7	0
56	49	0
28	19	0
49	3	0
15	93	0
55	67	0
40	62	0
35	12	0
8	92	0
5	92	0
67	53	0
96	36	0
34	23	0
25	67	0
90	94	0
50	30	0
64	74	0
67	90	0
9	84	0
75	30	0
52	56	0
17	36	0
92	74	0
55	61	0
99	19	0
80	14	0
89	27	0
62	92	0
42	60	0
42	57	0
67	15	0
42	5	0
62	93	0
63	66	0
17	51	0
68	38	0
57	90	0
82	29	0
88	58	0
31	74	0
51	58	0
20	27	0
90	28	0
30	54	0
82	8	0
96	96	0
71	61	0
60	81	0
72	36	0
71	83	0
9	95	0
40	7	0
12	88	0
15	61	0
59	68	0
68	86	0
69	8	0
98	98	0
90	9	0
91	84	0
62	11	0
82	32	0
79	48	0
51	43	0
22	90	0
63	97	0
63	77	0
26	49	0
8	28	0
21	92	0
16	61	0
45	3	0
43	48	0
20	70	0
37	38	0
7	41	0
98	54	0
44	26	0
14	57	0
32	81	0
71	75	0
94	62	0
7	66	0
64	45	0
26	63	0
75	45	0
54	41	0
4	45	0
22	51	0
83	53	0
69	54	0
90	51	0
0	68	0
60	55	0
4	87	0
3	20	0
89	70	0
13	60	0
38	7	0
38	25	0
12	97	0
16	84	0
85	38	0
69	66	0
72	60	0
72	84	0
40	62	0
58	42	0
7	68	0
44	66	0
31	45	0
64	59	0
81	19	0
