95	63	0
53	13	0
37	21	0
53	99	0
6	27	0
98	31	0
93	84	0
7	10	1
47	14	0
72	89	0
43	42	0
81	39	0
1	83	0
24	11	0
16	63	0
98	13	0
98	80	0
64	29	0
28	51	0
94	67	0
90	4	0
45	79	0
70	83	0
75	99	0
70	0	0
41	96	0
50	1	0
78	78	0
66	89	0
90	54	0
3	37	0
34	37	0
42	27	0
87	26	0
38	47	0
92	67	0
13	90	0
61	82	0
97	26	0
80	91	0
49	5	0
22	48	0
76	51	0
97	56	0
61	71	0
97	45	0
8	87	0
36	43	0
55	14	0
90	48	0
23	67	0
57	13	0
30	88	0
51	87	0
30	63	0
96	70	0
38	34	0
37	45	0
79	76	0
98	91	0
86	14	0
10	95	0
93	11	0
47	4	0
84	74	0
40	27	0
24	83	0
74	12	0
36	74	0
89	78	0
61	58	0
17	31	0
79	88	0
29	43	0
12	46	0
90	39	0
13	41	0
37	79	0
55	85	0
78	23	0
46	99	0
66	99	0
2	7	0
12	16	0
94	17	0
99	17	0
37	54	0
80	46	0
23	31	0
78	54	0
33	47	0
32	8	0
35	0	0
70	45	0
15	91	0
62	8	0
50	77	0
44	10	0
37	24	0
88	39	0
37	66	0
68	48	0
14	68	0
70	88	0
5	80	0
48	77	0
81	51	0
60	3	0
47	67	0
9	62	0
56	7	0
56	58	0
12	66	0
44	5	0
40	59	0
24	33	0
89	78	0
51	43	0
0	4	0
26	98	0
79	0	0
66	67	0
14	34	0
82	78	0
93	8	0
66	65	0
54	80	0
33	19	0
60	95	0
79	82	0
74	53	0
33	95	0
71	31	0
34	22	0
23	34	0
80	4	0
1	68	0
99	70	0
99	19	0
90	29	0
43	58	0
62	16	0
87	87	0
3	12	0
38	13	0
83	81	0
37	40	0
93	71	0
79	81	0
57	21	0
47	31	0
55	61	0
7	48	0
30	78	0
20	59	0
82	72	0
49	60	0
47	96	0
79	60	0
74	76	0
54	78	0
19	41	0
91	81	0
0	36	0
40	41	0
21	19	0
19	78	0
38	72	0
97	24	0
34	32	0
75	11	0
34	79	0
65	24	0
51	35	0
77	78	0
24	53	0
66	72	0
41	93	0
36	61	0
36	14	0
63	12	0
38	88	0
12	72	0
74	87	0
88	58	0
18	90	0
27	34	0
98	67	0
25	57	0
26	84	0
49	94	0
49	46	0
35	4	0
18	38	0
69	88	0
83	98	0
60	86	0
74	20	0
4	72	0
59	1	0
77	12	0
67	23	0
81	18	0
29	63	0
1	67	0
51	60	0
80	35	0
30	77	0
91	27	0
49	89	0
29	69	0
30	12	0
76	73	0
29	65	0
41	12	0
7	97	0
74	17	0
98	87	0
86	95	0
86	21	0
5	79	0
11	73	0
95	46	0
49	76	0
33	46	0
54	71	0
57	74	0
49	58	0
8	78	0
28	63	0
66	12	0
4	67	0
75	97	0
75	43	0
42	89	0
93	58	0
41	15	0
41	59	0
23	75	0
36	92	0
54	40	0
67	28	0
19	31	0
97	67	0
77	46	0
83	56	0
3	81	0
61	17	0
19	87	0
67	65	0
53	43	0
57	51	0
54	15	0
1	54	0
80	45	0
48	9	0
79	58	0
48	85	0
68	47	0
99	32	0
92	6	0
0	61	0
87	71	0
19	99	0
97	64	0
46	92	0
57	29	0
45	0	0
23	94	0
69	31	0
38	58	0
45	77	0
48	9	0
27	99	0
70	94	0
86	82	0
69	28	0
91	72	0
6	92	0
47	36	0
60	0	0
70	22	0
37	16	0
38	2	0
56	10	0
53	46	0
66	37	0
37	55	0
26	51	0
51	60	0
71	83	0
83	76	0
60	89	0
90	10	0
91	52	0
79	6	0
14	54	0
28	2	0
82	37	0
54	20	0
75	75	0
5	37	0
49	68	0
52	23	0
28	96	0
34	88	0
26	71	0
98	65	0
36	32	0
39	4	0
26	62	0
92	53	0
80	27	0
69	87	0
19	11	0
65	92	0
8	73	0
44	88	0
40	35	0
1	55	0
74	4	0
25	30	0
85	13	0
38	14	0
10	2	1
82	7	0
33	45	0
12	42	0
81	23	0
93	59	0
6	31	0
32	27	0
2	59	0
30	90	0
14	84	0
4	7	0
35	93	0
46	69	0
49	37	0
64	23	0
46	89	0
35	68	0
87	94	0
44	27	0
18	48	0
29	39	0
56	74	0
82	95	0
49	18	0
86	4	0
34	0	0
51	12	0
61	11	0
20	41	0
84	54	0
65	3	0
18	36	0
50	6	0
56	51	0
46	47	0
23	64	0
82	84	0
68	49	0
20	52	0
57	31	0
19	11	1
97	8	0
53	9	0
64	18	0
58	45	0
27	36	0
7	70	0
70	75	0
17	82	0
29	93	0
25	93	0
49	21	0
42	37	0
92	55	0
67	47	0
10	80	0
84	81	0
57	93	0
20	32	0
76	19	0
58	97	0
73	0	0
91	57	0
83	49	0
37	21	0
45	47	0
36	48	0
89	80	0
5	15	0
72	22	0
88	7	0
14	42	0
28	94	0
69	73	0
82	1	0
4	64	0
99	29	0
45	96	0
76	8	0
60	48	0
46	52	0
48	40	0
35	40	0
50	35	0
74	80	0
79	52	0
38	35	0
81	71	0
21	53	0
16	93	0
86	90	0
37	29	0
0	77	0
68	18	0
91	14	0
74	43	0
16	63	0
63	35	0
31	36	0
54	44	0
5	97	0
65	29	0
51	15	0
83	49	0
47	22	0
32	81	0
27	5	0
80	51	0
9	0	1
70	96	0
1	86	0
34	52	0
52	77	0
57	32	0
21	97	0
17	45	0
27	39	0
60	15	0
92	27	0
83	21	0
85	91	0
21	62	0
36	16	0
31	27	0
79	23	0
52	59	0
77	92	0
21	38	0
73	98	0
87	71	0
33	77	0
77	6	0
73	42	0
81	18	0
69	13	0
42	16	0
42	33	0
94	3	0
78	31	0
2	62	0
89	18	0
92	94	0
7	96	0
91	57	0
51	48	0
21	13	0
92	87	0
77	54	0
23	99	0
67	28	0
79	47	0
86	56	0
85	61	0
28	71	0
85	77	0
40	95	0
86	70	0
34	37	0
25	94	0
99	85	0
31	35	0
33	44	0
70	75	0
63	90	0
51	62	0
56	98	0
54	57	0
40	61	0
31	64	0
81	23	0
17	92	0
79	54	0
24	90	0
44	63	0
43	74	0
85	30	0
26	29	0
20	50	0
55	34	0
94	69	0
68	13	0
88	99	0
73	96	0
34	48	0
63	9	0
33	40	0
32	86	0
46	34	0
56	68	0
68	81	0
34	24	0
80	95	0
44	27	0
35	16	0
67	42	0
33	80	0
43	18	0
6	61	0
87	79	0
58	94	0
53	42	0
82	11	0
47	75	0
41	49	0
94	59	0
87	2	0
4	77	0
73	7	0
70	78	0
70	30	0
36	4	0
35	69	0
80	81	0
33	73	0
51	80	0
74	23	0
14	71	0
65	15	0
44	62	0
58	99	0
30	98	0
90	5	0
89	17	0
63	15	0
44	89	0
13	89	0
4	89	0
74	47	0
70	64	0
82	64	0
20	46	0
83	43	0
68	62	0
87	72	0
61	61	0
20	59	0
26	69	0
37	27	0
45	37	0
2	46	0
54	63	0
38	43	0
89	35	0
82	36	0
68	0	0
81	34	0
55	76	0
17	54	0
56	32	0
90	76	0
63	86	0
96	73	0
20	54	0
52	69	0
63	49	0
27	53	0
91	30	0
20	56	0
38	25	0
89	52	0
80	99	0
60	53	0
20	65	0
45	5	0
62	75	0
29	84	0
43	26	0
76	82	0
94	69	0
19	99	0
55	69	0
12	70	0
73	61	0
34	54	0
48	63	0
36	77	0
62	71	0
25	32	0
14	64	0
87	79	0
80	52	0
99	57	0
25	66	0
57	82	0
66	29	0
90	26	0
39	41	0
95	14	0
15	85	0
25	31	0
29	80	0
84	57	0
22	39	0
94	66	0
13	98	0
8	71	0
21	8	0
92	90	0
35	30	0
4	75	0
76	92	0
44	61	0
84	72	0
29	89	0
99	32	0
26	18	0
38	86	0
31	72	0
35	18	0
22	41	0
0	18	0
87	69	0
90	12	0
56	11	0
74	14	0
94	41	0
28	8	0
32	41	0
99	41	0
12	56	0
47	84	0
1	48	0
17	77	0
80	55	0
46	96	0
70	50	0
76	78	0
37	34	0
75	62	0
38	59	0
85	43	0
11	71	0
59	36	0
35	67	0
74	34	0
58	37	0
98	81	0
98	97	0
84	82	0
22	81	0
19	31	0
59	48	0
49	75	0
32	16	0
20	2	0
36	72	0
9	36	0
64	3	0
70	87	0
79	63	0
92	15	0
13	43	0
9	2	1
75	90	0
3	99	0
49	5	0
60	52	0
71	15	0
11	4	1
41	19	0
21	38	0
43	14	0
67	4	0
43	83	0
57	23	0
31	88	0
73	7	0
30	41	0
51	71	0
72	21	0
93	75	0
62	75	0
35	72	0
48	84	0
77	86	0
84	59	0
17	68	0
78	75	0
58	96	0
13	34	0
21	50	0
93	35	0
33	94	0
98	93	0
69	81	0
47	3	0
54	46	0
85	52	0
57	84	0
82	50	0
96	74	0
83	30	0
15	63	0
3	57	0
72	82	0
79	36	0
48	61	0
55	10	0
30	16	0
78	77	0
25	33	0
10	65	0
47	50	0
58	43	0
36	12	0
58	31	0
18	87	0
20	40	0
9	57	0
9	71	0
75	50	0
19	21	0
63	13	0
99	24	0
80	0	0
57	76	0
10	60	0
64	27	0
48	31	0
66	78	0
83	10	0
40	47	0
49	63	0
49	82	0
18	99	0
28	64	0
42	84	0
28	33	0
77	77	0
51	45	0
32	78	0
64	32	0
9	49	0
61	63	0
62	19	0
33	76	0
79	44	0
53	45	0
53	41	0
39	16	0
4	62	0
73	65	0
74	57	0
41	36	0
83	59	0
84	66	0
74	31	0
69	5	0
95	80	0
86	13	0
7	69	0
69	77	0
34	15	0
64	41	0
13	3	1
15	57	0
13	87	0
33	85	0
27	50	0
94	30	0
22	52	0
53	94	0
18	79	0
98	75	0
53	58	0
83	40	0
22	1	0
52	19	0
52	9	0
6	10	1
12	79	0
63	58	0
83	63	0
70	49	0
15	0	0
25	39	0
67	7	0
1	81	0
71	3	0
43	74	0
51	19	0
78	98	0
8	32	0
9	95	0
98	56	0
30	13	0
93	74	0
62	64	0
74	41	0
52	26	0
93	25	0
88	74	0
16	66	0
2	81	0
24	60	0
8	88	0
3	82	0
82	25	0
34	46	0
1	98	0
50	8	0
59	0	0
38	47	0
21	27	1
69	38	0
43	20	0
25	72	0
31	32	0
79	13	0
11	39	0
81	51	0
90	0	0
63	55	0
25	10	0
50	18	0
10	99	0
57	78	0
35	71	0
36	14	0
0	79	0
0	92	0
65	49	0
92	40	0
38	29	0
30	77	0
22	23	1
96	83	0
53	29	0
48	72	0
62	99	0
20	23	1
1	84	0
67	26	0
57	62	0
24	31	0
95	72	0
41	68	0
99	21	0
74	16	0
92	20	0
83	83	0
46	61	0
30	87	0
83	9	0
22	6	0
65	91	0
67	70	0
19	51	0
71	39	0
76	85	0
89	14	0
97	53	0
21	69	0
60	46	0
24	26	0
91	19	0
38	45	0
62	6	0
92	96	0
84	74	0
44	72	0
75	32	0
74	75	0
2	90	0
48	4	0
10	88	0
9	70	0
69	70	0
73	96	0
80	7	0
96	91	0
83	6	0
79	71	0
61	2	0
86	37	0
81	52	0
56	29	0
11	71	0
57	89	0
57	74	0
19	49	0
1	38	0
35	98	0
10	69	0
43	0	0
35	56	0
13	66	0
42	25	0
4	45	0
94	53	0
52	18	0
0	47	0
28	88	0
75	65	0
1	1	0
95	69	0
20	78	0
58	47	0
34	53	0
93	40	0
54	43	0
2	11	0
1	50	0
20	60	0
95	67	0
66	45	0
99	62	0
1	56	0
61	60	0
12	70	0
1	18	0
80	58	0
26	66	0
45	9	0
33	35	0
9	81	0
33	88	0
3	4	0
81	44	0
71	58	0
82	65	0
75	78	0
42	87	0
43	18	0
0	73	0
48	67	0
42	52	0
58	51	0
85	11	0
