99	68	0
23	7	0
31	22	1
63	98	0
12	0	0
89	41	0
96	92	0
47	14	0
55	79	0
56	25	0
81	48	0
9	83	0
8	1	0
12	92	0
93	28	0
70	76	0
50	33	0
89	64	0
95	17	0
50	97	0
51	64	0
80	72	0
47	10	0
21	74	0
56	20	0
95	71	0
82	93	0
90	74	0
4	36	0
52	11	0
51	30	0
98	26	0
73	68	0
11	82	0
35	90	0
77	16	0
75	90	0
29	7	0
46	67	0
80	70	0
94	71	0
57	62	0
97	40	0
18	78	0
68	4	0
97	68	0
23	73	0
65	7	0
3	78	0
43	92	0
27	70	0
89	63	0
57	40	0
43	29	0
89	84	0
97	88	0
99	12	0
24	94	0
99	11	0
24	5	0
75	90	0
32	5	0
2	86	0
87	11	0
30	78	0
57	91	0
36	58	0
6	26	0
73	78	0
86	32	0
28	99	0
46	99	0
64	32	0
29	88	0
59	98	0
5	17	0
99	14	0
81	25	0
51	73	0
85	45	0
93	60	0
56	10	0
39	13	1
64	41	0
2	96	0
65	0	0
46	70	0
41	5	0
54	24	0
86	19	0
35	60	0
89	50	0
2	58	0
76	93	0
4	86	0
38	93	0
85	54	0
72	20	0
33	62	0
31	58	0
62	2	0
72	57	0
12	66	0
39	2	0
11	50	1
61	77	0
46	34	0
9	98	0
88	29	0
41	77	0
76	70	0
93	6	0
65	82	0
64	72	0
18	22	0
61	89	0
98	84	0
74	57	0
21	92	0
65	31	0
33	29	1
71	6	0
99	64	0
97	36	0
86	52	0
42	48	0
62	3	0
71	70	0
14	24	0
44	30	0
97	56	0
50	27	0
53	74	0
55	77	0
55	21	0
39	34	0
56	25	0
10	48	1
11	56	1
57	80	0
49	61	0
48	93	0
73	45	0
61	73	0
63	69	0
98	64	0
25	22	0
42	44	0
16	15	0
13	79	0
26	68	0
82	45	0
43	45	0
91	2	0
35	88	0
52	21	0
32	42	0
72	80	0
34	67	0
55	68	0
43	91	0
36	56	0
42	2	0
54	17	0
41	98	0
32	62	0
75	83	0
91	58	0
16	90	0
91	70	0
31	47	0
26	71	0
49	70	0
47	60	0
16	32	0
71	82	0
97	82	0
37	67	0
78	38	0
10	43	0
60	13	0
65	50	0
62	17	0
80	18	0
0	48	0
42	64	0
57	31	0
43	65	0
95	34	0
35	90	0
22	57	0
74	91	0
43	58	0
25	16	0
34	76	0
57	19	0
90	94	0
40	89	0
97	1	0
11	61	0
10	67	0
96	36	0
50	94	0
64	84	0
67	65	0
44	61	0
14	72	0
20	54	1
59	2	0
57	99	0
96	56	0
43	92	0
72	68	0
83	25	0
47	77	0
28	82	0
46	93	0
39	22	0
67	19	0
82	46	0
53	45	0
74	68	0
0	52	0
69	23	0
22	96	0
71	66	0
88	38	0
73	34	0
47	0	0
3	39	0
88	21	0
69	77	0
57	92	0
69	54	0
89	33	0
90	13	0
0	35	0
85	72	0
39	95	0
89	79	0
42	99	0
61	33	0
76	31	0
27	94	0
79	23	0
17	61	0
29	73	0
54	15	0
30	96	0
79	92	0
81	78	0
92	55	0
97	55	0
22	83	0
33	71	0
84	13	0
79	48	0
36	22	1
42	0	0
46	31	0
47	55	0
80	45	0
21	48	0
38	41	0
33	74	0
73	96	0
90	58	0
59	73	0
91	4	0
98	40	0
64	4	0
86	52	0
79	51	0
64	73	0
1	37	0
38	63	0
66	29	0
15	89	0
29	80	0
6	86	0
89	70	0
53	13	1
38	2	0
38	54	1
78	69	0
65	2	0
92	86	0
23	0	0
50	92	0
12	67	0
54	92	0
44	38	0
8	47	1
78	27	0
77	14	0
52	15	0
85	7	0
42	57	0
6	57	1
78	23	0
78	54	0
9	5	0
1	56	0
32	99	0
21	81	0
53	99	0
49	68	0
79	42	0
66	11	0
54	82	0
44	70	0
97	84	0
0	51	0
65	50	0
66	82	0
80	23	0
31	3	0
44	1	0
50	18	0
37	30	0
81	51	0
70	21	0
22	45	0
18	24	0
29	55	0
45	35	0
90	72	0
87	64	0
0	48	0
66	37	0
87	4	0
67	14	0
78	21	0
52	38	0
37	31	0
0	73	0
67	84	0
40	82	0
9	99	0
31	63	0
56	12	0
50	38	0
83	39	0
74	51	0
14	60	1
82	70	0
81	84	0
78	30	0
72	89	0
79	6	0
76	64	0
74	53	0
69	53	0
80	78	0
73	0	0
90	15	0
27	45	0
54	87	0
65	73	0
79	13	0
26	73	0
94	30	0
59	98	0
96	25	0
63	21	0
24	58	0
64	43	0
39	59	0
55	86	0
80	27	0
80	78	0
37	52	1
14	95	0
94	96	0
46	23	0
7	82	0
47	53	0
97	2	0
78	38	0
29	69	0
62	50	0
59	49	0
19	96	0
85	22	0
41	12	1
88	50	0
51	42	0
37	92	0
22	10	0
50	49	0
50	85	0
1	45	0
39	76	0
38	86	0
48	28	0
20	73	0
13	29	0
71	10	0
75	14	0
94	5	0
86	94	0
27	62	0
34	31	0
81	5	0
62	53	0
68	98	0
4	24	0
53	93	0
96	57	0
34	79	0
79	3	0
40	67	0
67	20	0
55	9	0
87	19	0
86	43	0
13	89	0
75	16	0
88	98	0
24	94	0
97	73	0
43	45	0
11	29	0
71	93	0
67	53	0
6	87	0
72	35	0
78	50	0
72	54	0
79	69	0
28	59	0
99	53	0
30	95	0
95	68	0
21	98	0
87	96	0
49	32	0
61	62	0
59	91	0
47	57	0
60	98	0
75	52	0
49	46	0
32	57	0
86	0	0
5	84	0
90	63	0
24	96	0
50	63	0
43	81	0
87	33	0
32	49	0
54	23	0
92	54	0
70	23	0
86	91	0
39	96	0
43	58	0
49	9	1
34	48	0
60	95	0
51	21	0
43	74	0
88	84	0
37	11	1
95	83	0
76	8	0
17	9	0
44	32	0
22	71	0
44	2	0
11	83	0
89	78	0
55	93	0
67	44	0
67	8	0
37	63	0
39	73	0
96	45	0
99	3	0
13	70	0
77	10	0
45	66	0
42	29	0
37	4	0
34	51	0
80	84	0
28	69	0
54	84	0
67	21	0
72	27	0
50	56	0
64	85	0
30	98	0
99	17	0
82	18	0
77	13	0
14	67	0
27	95	0
19	89	0
66	37	0
73	75	0
72	98	0
0	32	0
60	47	0
64	89	0
70	65	0
62	75	0
17	93	0
21	74	0
46	33	0
44	18	1
9	31	0
40	40	0
36	40	0
95	24	0
80	44	0
70	9	0
66	30	0
58	50	0
45	29	0
97	76	0
48	80	0
83	57	0
38	62	0
38	93	0
79	55	0
58	21	0
33	17	0
98	51	0
74	84	0
48	40	0
11	60	1
45	9	1
52	64	0
43	92	0
60	95	0
97	60	0
19	81	0
64	48	0
7	66	0
63	45	0
49	74	0
63	52	0
48	75	0
66	86	0
2	57	0
55	57	0
77	46	0
84	59	0
35	78	0
70	82	0
42	25	0
92	17	0
58	39	0
99	8	0
1	79	0
43	83	0
87	58	0
72	66	0
13	89	0
17	75	0
77	87	0
48	25	0
7	75	0
76	99	0
48	68	0
93	64	0
27	96	0
79	43	0
13	1	0
41	75	0
20	79	0
36	16	1
6	16	0
90	57	0
97	27	0
50	20	0
76	38	0
84	15	0
22	11	0
30	61	0
74	30	0
1	69	0
58	82	0
6	42	0
16	77	0
68	46	0
57	97	0
69	44	0
75	80	0
75	58	0
37	51	1
77	80	0
12	89	0
43	42	0
22	75	0
70	47	0
63	38	0
99	50	0
92	95	0
85	88	0
48	66	0
69	44	0
62	63	0
35	51	0
10	50	1
69	2	0
69	84	0
85	78	0
85	6	0
55	84	0
5	98	0
48	16	0
55	32	0
68	30	0
59	23	0
35	19	1
75	20	0
23	95	0
71	27	0
30	77	0
95	15	0
43	67	0
53	40	0
65	99	0
75	73	0
40	79	0
66	91	0
86	64	0
89	45	0
29	52	1
98	73	0
81	94	0
98	50	0
37	70	0
97	85	0
53	86	0
75	84	0
91	48	0
49	82	0
84	66	0
90	56	0
76	33	0
36	51	0
2	58	0
58	81	0
67	18	0
55	34	0
47	21	1
88	84	0
69	38	0
36	10	1
45	17	1
17	87	0
14	56	1
8	93	0
61	40	0
94	21	0
91	40	0
95	7	0
80	96	0
9	49	1
60	19	0
54	49	0
39	76	0
98	21	0
64	47	0
31	91	0
29	95	0
30	68	0
21	93	0
33	3	0
68	62	0
47	32	0
46	71	0
47	42	0
6	48	1
70	67	0
70	16	0
24	89	0
96	57	0
23	30	0
16	68	0
75	64	0
65	60	0
53	61	0
91	56	0
90	64	0
72	52	0
60	15	0
64	67	0
80	44	0
9	37	0
90	76	0
55	43	0
33	75	0
8	81	0
27	99	0
21	58	0
93	29	0
8	49	0
59	92	0
1	86	0
89	63	0
47	26	0
78	17	0
21	21	0
33	37	0
75	10	0
17	75	0
37	53	1
90	58	0
88	39	0
4	7	0
10	48	1
45	17	1
4	40	0
72	9	0
49	70	0
91	94	0
4	12	0
47	98	0
87	30	0
41	3	0
90	87	0
41	64	0
74	71	0
38	36	0
99	38	0
90	74	0
21	63	0
13	81	0
4	46	0
21	68	0
15	98	0
73	16	0
31	54	0
6	88	0
27	28	0
61	17	0
38	65	0
74	51	0
44	2	0
31	76	0
94	24	0
9	27	0
71	47	0
98	30	0
49	61	0
26	13	0
44	1	0
19	95	0
44	76	0
24	61	0
20	17	0
21	85	0
27	81	0
68	53	0
88	41	0
36	71	0
82	99	0
49	32	0
64	70	0
47	86	0
2	86	0
83	45	0
43	59	0
8	18	0
94	62	0
52	51	0
92	20	0
79	17	0
81	32	0
61	99	0
46	42	0
55	35	0
60	30	0
41	0	0
44	90	0
51	71	0
89	31	0
60	99	0
87	42	0
79	56	0
37	70	0
26	66	0
79	33	0
54	38	0
74	1	0
98	98	0
73	78	0
43	77	0
70	41	0
80	87	0
13	81	0
58	29	0
16	95	0
6	61	0
44	59	0
74	72	0
64	12	0
94	95	0
84	8	0
99	91	0
63	13	0
72	21	0
76	56	0
67	32	0
20	82	0
50	86	0
64	82	0
7	33	0
15	79	0
15	68	0
37	9	0
35	38	0
3	44	0
75	43	0
48	25	0
9	62	0
16	88	0
66	93	0
92	41	0
0	76	0
63	43	0
33	85	0
74	66	0
69	45	0
5	47	1
28	56	0
82	38	0
71	48	0
72	60	0
16	62	0
60	48	0
5	90	0
7	4	0
87	68	0
18	70	0
23	1	0
1	95	0
23	78	0
99	38	0
73	80	0
86	67	0
83	89	0
48	62	0
63	30	0
0	74	0
48	64	0
33	57	0
63	47	0
93	21	0
