89	62	0
43	12	0
33	32	0
60	97	0
12	6	0
93	36	0
95	92	0
42	5	0
62	85	0
47	17	0
85	45	0
0	79	0
17	6	0
20	69	0
99	23	0
79	73	0
58	29	0
19	52	0
90	60	0
98	14	0
52	93	0
61	70	0
80	85	0
56	1	0
35	81	0
54	9	0
83	73	0
64	83	0
91	77	0
2	27	0
52	19	0
41	18	0
86	32	0
30	54	0
87	64	0
6	89	0
40	99	0
94	28	0
72	91	0
47	3	0
22	69	0
93	58	0
93	70	0
52	69	0
98	48	0
5	79	0
23	40	1
63	1	0
97	67	0
12	68	0
61	9	0
13	78	0
57	94	0
36	76	0
98	71	0
50	33	0
28	25	0
94	76	0
96	97	0
95	7	0
19	97	0
97	17	0
39	10	0
73	76	0
40	10	0
12	99	0
85	6	0
42	88	0
69	94	0
46	64	0
1	33	0
70	91	0
27	31	1
13	55	0
94	32	0
29	40	1
30	87	0
53	98	0
61	28	0
33	98	0
59	99	0
1	23	0
97	8	0
95	17	0
41	59	0
81	44	0
24	40	1
82	58	0
51	12	0
37	6	0
72	47	0
13	94	0
56	5	0
56	84	0
40	1	0
47	33	0
84	46	0
36	66	0
73	44	0
7	60	0
79	82	0
2	78	0
32	97	0
96	56	0
61	11	0
42	68	0
38	68	0
65	4	0
70	51	0
4	59	0
29	0	0
12	40	0
40	32	0
68	86	0
53	51	0
15	91	0
87	6	0
50	77	0
78	78	0
96	1	0
67	81	0
50	71	0
33	9	0
56	99	0
98	71	0
69	62	0
26	98	0
61	36	0
33	14	0
17	46	0
77	4	0
8	59	0
96	58	0
99	23	0
82	34	0
40	52	0
48	12	0
84	72	0
18	16	0
35	13	0
88	61	0
43	38	0
66	71	0
64	93	0
50	35	0
49	36	0
58	39	0
12	45	0
32	54	0
26	56	0
75	85	0
44	56	0
27	97	0
75	42	0
73	64	0
55	79	0
91	71	0
17	28	0
55	52	0
15	11	0
25	83	0
30	72	0
86	34	0
42	39	0
78	8	0
44	84	0
50	27	0
51	45	0
73	75	0
28	64	0
49	79	0
32	80	0
33	43	0
43	14	0
54	7	0
34	72	0
22	79	0
78	73	0
91	68	0
30	92	0
92	69	0
29	54	0
24	85	0
56	68	0
38	57	0
22	15	0
6	28	1
74	96	0
89	80	0
57	64	0
73	33	0
4	52	0
59	7	0
81	39	0
63	27	0
72	27	0
16	62	0
9	49	0
50	50	0
76	19	0
44	61	0
91	29	0
31	95	0
25	66	0
37	23	0
82	79	0
36	55	0
32	11	0
21	83	0
53	13	0
97	82	0
61	91	0
93	0	0
6	76	0
23	62	0
93	30	0
50	79	0
46	36	0
52	65	0
49	69	0
47	67	0
19	75	0
26	56	0
65	0	0
1	62	0
59	78	0
94	41	0
44	89	0
80	62	0
64	29	0
47	69	0
26	86	0
38	95	0
50	37	0
77	38	0
83	58	0
68	38	0
66	66	0
8	44	0
50	19	0
7	87	0
64	54	0
68	38	0
68	26	0
52	15	0
8	57	0
86	14	0
40	10	0
64	66	0
54	75	0
71	35	0
98	36	0
97	7	0
7	54	0
98	77	0
21	99	0
90	75	0
32	98	0
57	31	0
60	18	0
20	85	0
71	35	0
42	68	0
35	69	0
43	9	0
31	95	0
84	91	0
71	94	0
82	45	0
93	71	0
21	91	0
42	64	0
63	7	0
70	38	0
30	18	0
36	2	0
50	17	0
52	60	0
75	43	0
35	46	0
39	51	0
34	73	0
73	87	0
81	66	0
57	76	0
83	0	0
84	44	0
64	2	0
19	47	0
26	34	1
73	41	0
69	54	0
67	68	0
12	34	0
35	68	0
58	19	0
20	86	0
31	90	0
28	69	0
91	63	0
46	14	0
37	2	0
32	56	0
78	70	0
62	10	0
72	91	0
14	5	0
55	99	0
4	67	0
36	91	0
45	37	0
3	55	0
81	29	0
78	6	0
51	11	0
87	14	0
37	54	0
14	51	0
74	21	0
87	61	0
8	15	0
2	65	0
31	94	0
2	86	0
48	99	0
58	74	0
52	37	0
60	10	0
44	87	0
43	67	0
80	97	0
30	33	0
9	57	0
26	47	0
65	54	0
70	82	0
29	24	0
78	28	0
35	2	0
49	2	0
59	19	0
34	43	0
78	70	0
84	11	0
13	41	0
51	20	0
52	53	0
40	37	0
34	50	0
84	76	0
72	60	0
11	48	0
55	30	0
97	8	0
58	8	0
54	28	0
49	37	0
41	31	0
2	73	0
58	82	0
25	75	0
22	92	0
29	97	0
59	13	0
37	37	0
96	47	0
89	56	0
0	73	0
81	68	0
68	69	0
80	24	0
80	82	0
78	9	0
79	59	0
78	63	0
35	23	0
63	52	0
24	51	0
92	81	0
70	19	0
95	17	0
33	54	0
41	94	0
69	67	0
89	13	0
13	67	0
94	25	0
50	99	0
79	22	0
71	43	0
43	54	0
57	39	0
29	41	1
35	50	0
58	84	0
81	30	0
37	22	0
72	74	0
30	67	0
10	98	0
86	95	0
36	37	0
3	88	0
59	31	0
90	18	0
84	43	0
10	63	0
62	38	0
46	28	0
44	43	0
12	94	0
82	20	0
55	3	0
87	42	0
50	47	0
26	80	0
18	0	0
58	59	0
51	87	0
10	55	0
39	72	0
36	74	0
53	38	0
19	87	0
4	48	0
21	43	1
61	14	0
87	29	0
95	9	0
78	84	0
18	63	0
25	33	1
46	22	0
85	0	0
73	63	0
79	88	0
9	47	0
66	90	0
95	60	0
35	88	0
69	5	0
60	53	0
62	27	0
78	12	0
45	31	0
40	13	0
97	1	0
86	31	0
7	83	0
83	15	0
91	99	0
22	92	0
96	67	0
47	53	0
9	26	0
88	91	0
64	44	0
3	99	0
67	36	0
79	35	0
72	55	0
85	66	0
27	74	0
89	64	0
33	86	0
99	81	0
34	90	0
97	80	0
38	29	0
61	64	0
64	97	0
42	66	0
72	95	0
71	50	0
33	64	0
36	66	0
85	7	0
8	87	0
91	52	0
17	83	0
51	72	0
43	81	0
88	42	0
38	52	0
44	27	0
82	57	0
67	13	0
88	89	0
63	90	0
46	50	0
52	7	0
37	37	0
57	84	0
37	26	0
45	66	0
79	72	0
37	18	0
97	93	0
51	15	0
17	7	0
55	21	0
21	77	0
39	3	0
14	60	0
91	93	0
58	84	0
66	52	0
59	1	0
41	71	0
44	49	0
96	59	0
83	6	0
3	69	0
74	0	0
55	74	0
63	31	0
41	13	0
37	69	0
86	81	0
28	76	0
39	83	0
76	27	0
21	48	0
63	32	0
42	70	0
62	81	0
35	97	0
87	7	0
95	24	0
71	17	0
30	77	0
26	99	0
26	76	0
70	41	0
84	78	0
80	88	0
11	44	0
74	41	0
73	74	0
78	72	0
58	78	0
21	80	0
17	65	0
45	23	0
37	15	0
4	37	0
43	57	0
28	45	0
84	30	0
84	36	0
74	1	0
79	49	0
53	62	0
21	63	0
52	28	0
89	83	0
49	93	0
77	62	0
32	58	0
35	86	0
78	51	0
26	49	0
79	28	0
21	49	0
34	16	0
88	52	0
83	93	0
54	54	0
12	62	0
55	8	0
58	53	0
35	82	0
37	31	0
80	90	0
95	65	0
16	83	0
65	47	0
7	69	0
82	54	0
33	60	0
48	60	0
34	78	0
60	66	0
5	57	0
74	60	0
67	52	0
79	46	0
21	74	0
65	87	0
56	15	0
94	17	0
52	32	0
98	10	0
9	81	0
36	40	0
35	70	0
85	64	0
24	54	0
78	71	0
17	96	0
16	89	0
89	92	0
49	28	0
7	67	0
76	94	0
48	68	0
84	57	0
24	94	0
94	33	0
26	6	0
32	81	0
25	79	0
28	11	0
16	46	0
11	24	0
76	69	0
99	19	0
59	11	0
76	28	0
87	29	0
29	10	0
34	58	0
93	37	0
6	60	0
53	92	0
7	54	0
30	86	0
67	53	0
52	98	0
78	52	0
70	83	0
31	40	0
71	60	0
42	54	0
73	61	0
3	70	0
55	29	0
28	85	0
81	42	0
73	24	0
88	74	0
96	97	0
85	79	0
50	71	0
69	41	0
54	72	0
39	22	0
32	8	0
37	79	0
0	43	0
66	9	0
58	88	0
85	85	0
81	5	0
14	42	0
58	83	0
18	96	0
64	5	0
57	44	0
59	21	0
41	20	0
48	19	0
84	9	0
41	97	0
68	27	0
30	99	0
95	17	0
22	47	0
39	66	0
71	26	0
76	94	0
69	72	0
45	64	0
57	94	0
72	68	0
82	47	0
11	62	0
83	86	0
83	97	0
16	61	0
92	50	0
32	73	0
96	83	0
52	91	0
39	17	0
71	67	0
87	59	0
57	81	0
69	64	0
90	69	0
70	36	0
17	56	0
3	61	0
63	74	0
72	37	0
53	49	0
50	2	0
32	21	0
98	70	0
16	57	0
26	49	0
60	27	0
43	10	0
53	26	0
21	96	0
10	55	0
20	79	0
71	52	0
81	26	0
89	33	0
90	2	0
60	88	0
11	51	0
57	30	0
55	51	0
45	77	0
96	15	0
61	59	0
45	88	0
19	90	0
38	61	0
26	91	0
37	17	0
71	79	0
46	30	0
41	80	0
57	39	0
9	46	0
65	61	0
64	12	0
26	85	0
94	48	0
22	39	1
21	57	0
21	16	0
3	66	0
79	62	0
74	62	0
44	54	0
81	56	0
89	68	0
66	39	0
67	23	0
81	70	0
79	23	0
1	50	0
75	84	0
29	36	0
60	35	0
10	63	0
1	85	0
35	89	0
38	53	0
92	25	0
2	48	0
59	90	0
4	89	0
86	58	0
48	43	0
82	27	0
14	12	0
48	34	0
73	2	0
24	85	0
54	48	0
97	62	0
88	36	0
8	0	0
10	42	0
58	20	0
7	54	0
84	5	0
51	71	0
36	26	0
90	96	0
9	18	0
31	91	0
95	53	0
33	12	0
90	98	0
49	61	0
59	60	0
38	35	0
91	33	0
96	90	0
6	57	0
2	70	0
17	51	0
21	81	0
21	92	0
66	29	0
34	56	0
13	90	0
42	19	0
70	15	0
36	62	0
59	46	0
51	11	0
36	73	0
36	35	0
86	20	0
3	34	0
76	54	0
92	16	0
53	40	0
35	21	0
49	3	0
17	89	0
45	68	0
44	64	0
36	12	0
20	91	0
10	85	0
69	50	0
95	35	0
28	27	0
26	60	0
86	90	0
50	27	0
65	72	0
58	85	0
6	80	0
76	36	0
44	60	0
14	40	0
97	74	0
50	61	0
93	16	0
76	19	0
91	23	0
66	95	0
54	63	0
44	49	0
62	24	0
44	8	0
59	87	0
59	67	0
16	57	0
75	35	0
48	94	0
92	30	0
87	59	0
30	78	0
47	53	0
26	38	1
80	31	0
39	52	0
86	1	0
97	94	0
70	69	0
49	81	0
76	39	0
67	87	0
14	82	0
41	4	0
11	91	0
15	63	0
50	67	0
74	77	0
66	12	0
97	93	0
91	11	0
94	91	0
61	11	0
83	29	0
72	61	0
52	40	0
11	88	0
55	95	0
66	86	0
32	47	0
10	33	0
22	91	0
14	64	0
40	10	0
41	44	0
18	64	0
32	38	0
0	43	0
97	61	0
42	24	0
16	64	0
29	81	0
62	80	0
92	54	0
0	75	0
62	46	0
27	59	0
77	50	0
61	30	0
4	52	0
25	48	0
80	53	0
64	51	0
85	54	0
2	67	0
61	53	0
9	78	0
4	8	0
86	69	0
15	59	0
29	2	0
34	19	0
12	96	0
17	80	0
93	40	0
68	72	0
77	63	0
77	84	0
46	62	0
59	44	0
3	70	0
46	69	0
34	53	0
67	57	0
80	14	0
