99	66	0
21	15	0
63	95	0
5	4	0
94	37	0
98	98	0
44	18	1
44	82	0
57	22	0
81	53	0
5	91	0
3	8	0
17	98	0
98	35	0
69	73	0
40	34	0
84	68	0
96	17	0
56	97	0
43	70	0
83	68	0
52	12	0
26	86	0
53	22	1
88	67	0
82	88	0
84	77	0
10	31	0
57	18	1
52	37	0
87	26	0
78	67	0
12	76	0
30	96	0
83	9	0
62	92	0
32	8	0
49	69	0
81	72	0
94	70	0
60	63	0
99	32	0
16	75	0
65	9	0
98	69	0
20	74	0
56	1	0
10	75	0
41	99	0
33	63	1
86	53	0
52	36	0
38	16	0
99	90	0
91	97	0
92	14	0
27	90	0
99	8	0
24	20	0
75	96	0
33	8	1
2	90	0
83	5	0
23	71	0
64	90	0
39	61	0
11	27	0
71	82	0
90	37	0
23	94	0
49	95	0
66	28	0
30	92	0
54	93	0
16	13	0
98	16	0
78	30	0
55	75	0
86	36	0
84	63	0
56	7	0
69	42	0
2	98	0
68	6	0
45	76	0
45	0	1
57	26	0
81	15	0
37	54	1
87	58	0
1	52	0
76	87	0
3	79	0
34	94	0
97	57	0
75	31	0
34	69	0
32	63	1
75	1	0
69	53	0
13	77	0
33	0	0
63	70	0
44	32	0
5	98	0
94	27	0
38	82	0
80	69	0
89	4	0
60	83	0
64	78	0
4	25	0
60	92	0
97	83	0
84	53	0
23	86	0
70	31	0
81	5	0
98	61	0
86	35	0
93	49	0
33	48	0
58	13	1
58	68	0
8	27	0
51	32	0
87	57	0
54	21	1
50	81	0
57	72	0
63	21	0
49	38	0
53	20	1
60	80	0
48	57	0
42	99	0
77	40	0
63	69	0
54	71	0
93	58	0
25	15	0
43	36	0
18	15	0
18	82	0
30	61	0
78	46	0
54	40	0
90	4	0
30	79	0
54	26	1
27	39	0
68	81	0
26	64	0
59	62	0
46	82	0
44	47	1
38	1	0
58	18	0
44	90	0
25	62	0
75	79	0
91	64	0
22	96	0
87	71	0
29	52	0
23	73	0
50	75	0
50	49	1
15	34	0
77	83	0
99	88	0
47	69	0
77	41	0
4	40	1
67	8	1
58	48	0
57	17	0
73	20	0
11	54	1
41	56	0
54	13	0
32	65	0
95	33	0
29	92	0
22	59	0
74	92	0
48	50	1
22	22	0
39	81	0
53	16	0
97	97	0
33	88	0
97	3	0
18	79	0
98	33	0
56	99	0
69	85	0
63	56	0
29	51	0
15	70	0
57	3	0
61	88	0
99	51	0
40	87	0
66	71	0
86	21	0
53	75	0
31	83	0
35	83	0
28	21	0
65	23	0
80	51	0
52	40	0
75	72	0
2	55	1
74	21	0
20	90	0
58	60	0
89	34	0
76	36	0
48	5	0
0	38	1
88	32	0
77	78	0
61	98	0
75	54	0
99	27	0
88	13	0
3	35	0
89	73	0
35	99	0
86	84	0
43	99	0
43	31	0
88	35	0
25	96	0
86	23	0
19	57	0
30	86	0
49	16	1
24	86	0
76	86	0
85	78	0
91	60	0
99	51	0
19	86	0
45	70	0
86	11	0
86	52	0
42	1	0
36	25	0
40	56	0
76	41	0
27	56	0
36	40	0
27	75	0
75	98	0
97	59	0
58	71	0
95	3	0
96	32	0
61	9	0
89	48	0
72	50	0
63	79	0
1	37	0
44	62	0
75	26	0
12	87	0
30	61	0
8	93	0
91	62	0
42	5	1
80	66	0
82	4	0
98	80	0
23	0	0
41	99	0
23	66	0
59	99	0
40	30	0
81	17	0
86	9	0
55	12	1
90	15	0
51	49	0
76	23	0
76	60	0
8	6	0
0	55	1
30	99	0
23	77	0
57	98	0
44	67	0
79	42	0
64	3	0
46	87	0
49	63	0
97	95	0
6	42	1
59	41	0
64	88	0
80	19	0
26	8	0
48	0	0
52	17	0
32	30	0
90	58	0
75	14	0
20	42	0
14	31	0
35	52	0
42	36	0
94	70	0
88	65	0
65	32	0
83	6	0
71	12	0
72	16	0
50	41	0
43	28	0
9	73	0
81	83	0
43	90	0
6	96	0
33	55	0
55	11	1
54	37	0
81	35	0
72	50	0
80	76	0
82	85	0
77	30	0
69	82	0
75	10	0
74	57	0
69	52	0
65	51	0
92	75	0
74	10	0
88	17	0
19	42	0
61	94	0
61	72	0
72	17	0
17	76	0
97	41	0
58	98	0
99	24	0
61	24	0
35	56	0
58	47	0
30	64	1
60	77	0
77	30	0
81	78	0
22	89	0
94	96	0
44	9	1
4	78	0
46	50	1
95	2	0
90	32	0
39	74	0
55	56	0
67	45	0
20	96	0
73	27	0
90	57	0
45	31	0
39	93	0
27	10	0
43	44	0
49	91	0
2	44	1
35	88	0
39	80	0
52	17	1
16	69	0
12	26	0
75	6	0
75	32	0
99	12	0
80	97	0
27	66	0
31	25	0
76	10	0
58	48	0
70	97	0
1	23	0
48	85	0
94	53	0
27	77	0
72	2	0
44	66	0
63	19	0
56	11	1
83	19	0
91	45	0
4	87	0
72	10	0
82	96	0
31	99	0
85	71	0
47	52	1
14	31	0
63	94	0
71	45	0
4	75	0
68	25	0
89	41	0
73	49	0
72	61	0
21	51	0
98	48	0
20	91	0
98	60	0
22	97	0
85	89	0
41	30	0
70	76	0
57	93	0
46	49	1
62	95	0
81	49	0
44	49	0
24	63	0
83	3	0
2	84	0
80	56	0
21	95	0
47	54	0
44	68	0
79	27	0
25	57	0
51	30	0
88	52	0
73	22	0
83	89	0
42	91	0
36	53	1
40	42	0
64	98	0
56	22	1
41	88	0
88	83	0
86	75	0
73	8	0
22	8	0
41	39	0
34	57	0
39	4	1
4	79	0
86	80	0
60	87	0
66	50	0
67	13	0
38	66	0
36	76	0
90	52	0
90	4	0
17	70	0
75	9	0
53	60	0
53	27	1
39	10	1
37	42	0
84	87	0
24	74	0
58	88	0
72	17	0
77	13	0
49	58	0
61	81	0
20	97	0
95	22	0
80	11	0
80	26	0
10	69	0
15	97	0
13	82	0
59	34	0
73	86	0
76	96	0
1	35	0
65	57	0
74	90	0
76	60	0
65	66	0
24	99	0
9	76	0
43	28	0
8	26	0
44	36	0
31	46	0
96	33	0
83	49	0
62	7	0
67	33	0
55	51	0
39	26	0
92	76	0
55	76	0
83	52	0
32	64	0
43	97	0
79	57	0
56	10	1
30	12	0
99	51	0
66	85	0
43	32	0
49	57	0
31	99	0
63	97	0
88	67	0
24	82	0
64	47	0
4	72	0
58	53	0
48	76	0
65	53	0
54	73	0
60	87	0
8	55	0
55	51	0
79	48	0
80	60	0
38	78	0
72	85	0
47	29	0
98	22	0
56	47	0
96	9	0
6	80	0
57	89	0
89	69	0
70	70	0
18	90	0
5	70	0
77	83	0
40	29	0
6	84	0
72	98	0
51	64	0
88	65	0
21	89	0
74	41	0
20	0	0
48	86	0
21	83	0
14	18	0
89	55	0
92	23	0
49	20	1
75	30	0
76	13	0
19	15	0
24	55	0
77	30	0
0	80	0
62	73	0
5	39	1
22	76	0
63	51	0
63	91	0
69	44	0
75	88	0
74	53	0
72	81	0
3	82	0
51	45	0
27	80	0
74	53	0
55	44	0
94	43	0
99	94	0
80	93	0
49	60	0
75	50	0
68	70	0
64	5	0
66	81	0
86	74	0
88	6	0
60	79	0
4	99	0
52	24	1
52	42	0
70	35	0
66	28	0
69	19	0
19	85	0
75	24	0
32	64	0
89	16	0
38	60	0
46	32	0
59	91	0
68	75	0
46	80	0
73	92	0
82	61	0
88	47	0
96	69	0
81	97	0
99	46	0
32	65	0
83	81	0
42	76	0
76	85	0
99	48	0
44	84	0
85	70	0
87	48	0
79	32	0
43	47	0
3	61	0
54	80	0
74	11	0
68	29	0
80	81	0
66	43	0
11	86	0
20	89	0
62	41	0
84	21	0
84	50	0
99	2	0
80	97	0
52	23	1
58	40	0
33	78	0
98	20	0
67	51	0
31	78	0
18	98	0
27	74	0
10	88	0
61	64	0
44	32	0
45	76	0
40	49	0
68	77	0
73	11	0
15	87	0
93	52	0
23	21	0
10	80	0
70	60	0
69	44	0
46	61	0
92	46	0
89	53	0
80	54	0
54	10	1
57	69	0
82	46	0
4	32	0
99	80	0
53	46	0
42	82	0
10	77	0
24	89	0
32	59	0
92	27	0
58	95	0
7	97	0
99	69	0
54	31	1
74	22	0
24	18	0
32	37	0
74	10	0
17	71	0
82	52	0
91	37	0
0	7	0
2	35	0
71	14	0
41	80	0
96	87	0
3	12	0
49	92	0
80	32	0
39	10	1
98	79	0
42	58	0
67	73	0
22	33	0
96	38	0
87	69	0
20	71	0
19	86	0
1	51	1
27	71	0
22	95	0
79	12	0
28	61	0
14	86	0
39	35	0
49	18	1
45	65	0
65	44	0
45	8	1
35	75	0
97	22	0
6	29	0
77	49	0
85	26	0
51	55	0
30	22	0
43	10	0
16	93	0
43	83	0
23	63	0
21	20	0
19	78	0
22	74	0
69	57	0
93	41	0
35	62	0
84	99	0
45	31	0
59	73	0
40	83	0
16	88	0
90	40	0
44	58	0
6	19	0
87	52	0
64	51	0
89	24	0
90	20	0
74	34	0
58	87	0
46	42	0
63	45	0
60	31	0
39	0	0
35	96	0
59	65	0
89	30	0
61	97	0
83	57	0
77	47	0
36	81	0
32	75	0
85	30	0
53	44	0
70	1	0
95	99	0
79	82	0
52	78	0
71	29	0
88	77	0
20	80	0
61	27	0
18	96	0
39	60	0
85	63	0
65	10	1
94	94	0
85	11	0
97	93	0
59	10	0
69	22	0
77	54	0
69	31	0
10	84	0
56	97	0
66	81	0
3	23	0
9	85	0
16	76	0
41	14	1
42	37	0
5	45	1
80	42	0
45	13	1
1	63	0
26	85	0
61	93	0
96	43	0
3	69	0
67	44	0
28	90	0
81	53	0
73	41	0
26	53	0
84	38	0
76	42	0
64	64	0
10	60	1
52	47	0
1	85	0
2	8	0
81	73	0
19	64	0
17	7	0
4	94	0
22	72	0
99	42	0
70	81	0
84	62	0
98	86	0
51	54	0
58	36	0
2	77	0
55	60	0
37	51	1
65	36	0
87	22	0
