92	69	0
26	16	0
61	95	0
4	1	0
97	43	0
97	95	0
41	69	0
66	47	0
2	88	0
7	9	0
12	94	0
94	38	0
57	83	0
28	32	0
93	83	0
91	32	0
46	99	0
39	77	0
72	71	0
51	15	0
34	80	0
82	71	0
91	76	0
81	92	0
5	27	0
39	34	1
83	18	0
78	64	0
8	71	0
33	90	0
86	14	0
71	92	0
50	70	0
83	77	0
96	55	0
58	58	1
99	37	0
11	76	0
89	71	0
18	70	0
49	6	0
10	78	0
38	87	0
85	48	0
48	39	1
37	18	0
98	87	0
89	90	0
93	20	0
25	79	0
96	6	0
22	18	0
70	83	0
0	87	0
88	1	0
28	70	1
61	91	0
10	29	0
68	80	0
84	30	0
26	88	0
51	93	0
78	28	0
33	92	0
41	89	0
20	10	0
94	14	0
80	29	0
52	80	0
86	31	0
65	50	0
70	34	0
5	99	0
76	0	1
50	86	0
78	0	0
92	64	0
6	63	1
66	90	0
0	74	0
39	90	0
95	58	0
77	28	0
51	69	1
64	12	0
63	43	0
7	63	1
36	7	0
71	68	0
62	28	1
0	95	0
96	30	0
46	71	0
80	65	0
81	1	0
66	88	0
70	82	0
5	31	0
63	71	0
96	76	0
67	46	0
13	91	0
67	39	0
69	1	1
92	59	0
90	32	0
99	40	0
20	50	0
51	63	1
9	26	0
46	31	1
85	66	0
57	75	0
59	65	0
46	42	1
57	66	0
51	56	1
42	93	0
78	35	0
58	72	0
59	76	0
94	54	0
28	11	0
47	42	1
21	15	0
25	73	0
77	49	0
98	4	0
27	95	0
24	40	0
65	69	0
60	74	0
51	74	0
46	8	0
47	93	0
76	84	0
92	55	0
21	95	0
85	79	0
24	54	1
9	75	0
56	64	0
10	42	0
70	75	0
96	72	0
46	69	0
73	44	0
52	66	1
63	7	1
98	33	0
30	92	0
61	80	0
24	32	0
47	81	0
41	21	0
90	94	0
30	83	0
96	8	0
29	77	1
91	39	0
54	96	0
72	80	0
67	65	0
26	42	0
8	62	0
70	8	0
68	96	0
93	58	0
48	91	0
64	83	0
78	17	0
55	73	0
34	83	0
51	86	0
25	16	0
59	23	1
83	53	0
64	44	0
68	59	0
77	30	0
19	97	0
61	58	0
87	42	0
73	34	0
54	19	0
94	27	0
76	82	0
76	97	0
71	65	0
98	25	0
99	18	0
84	79	0
31	91	0
62	86	0
50	96	0
38	43	1
85	38	0
18	99	0
90	22	0
23	49	0
18	90	0
31	98	0
82	81	0
80	69	0
98	59	0
92	61	0
24	87	0
49	81	0
72	12	0
81	51	0
50	5	0
46	35	0
78	38	0
24	65	0
43	53	1
25	75	0
75	87	0
86	58	0
53	72	0
97	1	0
91	40	0
94	44	0
68	60	0
68	87	0
46	63	0
67	20	0
8	91	0
28	65	1
0	90	0
83	63	0
85	72	0
85	13	0
93	85	0
17	2	0
33	99	0
28	69	1
54	99	0
39	28	0
84	15	0
94	1	0
95	29	0
72	32	0
70	52	0
8	2	0
27	98	0
17	76	0
46	88	0
42	75	0
86	44	0
55	84	0
53	57	1
99	84	0
63	38	0
83	88	0
86	20	0
15	6	0
43	2	0
34	22	0
95	44	0
79	10	0
17	45	0
16	23	0
55	37	1
91	81	0
96	62	0
76	34	0
94	9	0
65	7	0
77	13	0
37	14	0
12	66	0
88	89	0
40	86	0
5	99	0
30	43	0
51	45	1
74	46	0
67	58	0
80	78	0
80	75	0
80	23	0
73	83	0
74	3	1
98	47	0
79	58	0
61	51	0
96	66	0
71	17	0
92	21	0
19	46	0
72	98	0
57	67	0
92	24	0
17	84	0
94	43	0
71	90	0
93	28	0
66	17	0
29	56	1
50	42	0
60	83	0
67	30	1
75	79	0
23	94	0
89	86	0
3	84	0
90	0	0
87	19	0
52	71	0
34	61	1
64	48	0
13	99	0
75	33	0
99	59	0
46	43	1
35	86	0
35	10	0
49	86	0
37	86	0
48	77	0
9	63	0
6	24	0
66	2	1
86	37	0
96	9	0
80	99	0
28	29	0
63	11	0
61	38	0
69	89	0
1	19	0
44	84	0
78	40	0
28	87	0
79	5	0
55	19	1
87	15	0
88	50	0
11	89	0
75	16	0
90	98	0
34	95	0
78	65	0
10	36	0
58	97	0
59	42	0
18	72	0
59	25	0
96	51	0
73	46	0
72	59	0
21	44	0
97	55	0
23	98	0
91	53	0
21	92	0
82	80	0
37	21	0
73	70	0
62	90	0
58	95	0
75	54	0
85	6	0
5	77	0
78	47	0
23	95	0
50	63	1
85	30	0
35	62	1
48	41	1
89	53	0
77	21	0
73	74	0
47	95	0
56	93	0
32	99	0
95	77	0
82	77	0
73	6	0
20	4	0
46	44	1
43	60	1
3	79	0
81	87	0
63	82	0
72	49	0
68	21	0
39	65	1
39	75	0
82	48	0
98	9	0
22	70	0
80	7	0
55	68	0
31	38	1
87	87	0
31	78	1
53	91	0
72	24	0
84	11	0
47	65	1
68	86	0
27	99	0
89	12	0
85	9	0
75	25	0
15	55	0
13	87	0
13	89	0
72	90	0
86	95	0
61	55	0
78	98	0
80	60	0
71	61	0
12	93	0
7	72	0
38	26	0
7	14	0
33	39	0
29	49	1
97	32	0
85	42	0
73	53	0
55	54	1
43	21	0
92	77	0
59	73	0
85	52	0
35	87	0
79	56	0
23	11	0
96	46	0
54	92	0
31	42	0
32	96	0
72	97	0
89	67	0
28	83	0
58	24	1
10	71	0
37	75	0
65	63	0
55	73	0
55	88	0
15	49	0
70	61	0
80	43	0
88	64	0
39	73	0
70	94	0
47	27	1
95	20	0
61	48	0
86	11	0
8	82	0
48	97	0
80	77	0
73	69	0
8	88	0
12	73	0
77	89	0
36	27	0
4	87	0
67	94	0
65	68	0
87	72	0
13	93	0
79	46	0
15	9	0
49	96	0
10	94	0
2	15	0
85	53	0
85	19	0
78	30	0
71	17	0
8	16	0
19	54	0
78	31	0
5	68	0
65	71	0
27	85	0
65	55	0
83	93	0
72	40	0
70	79	0
71	51	0
66	80	0
10	70	0
42	53	1
29	83	0
65	61	0
60	44	0
96	38	0
98	98	0
80	87	0
45	57	1
70	48	0
64	56	0
72	1	1
65	86	0
93	78	0
93	0	0
62	79	0
4	91	0
62	30	0
65	21	0
75	18	0
24	76	0
74	21	0
85	19	0
33	53	1
34	29	0
51	99	0
68	68	0
51	84	0
72	93	0
87	56	0
83	38	0
90	70	0
80	99	0
97	40	0
26	66	1
95	90	0
44	84	0
69	82	0
87	45	0
44	89	0
82	80	0
85	49	0
83	29	0
1	68	0
51	71	0
71	16	0
66	33	0
85	83	0
63	52	0
13	88	0
23	93	0
76	39	0
81	29	0
98	57	0
93	2	0
76	92	0
55	36	1
32	73	1
91	18	0
71	42	0
13	75	0
19	98	0
20	76	0
8	91	0
65	47	0
39	30	0
34	71	0
62	82	0
68	12	0
20	84	0
85	50	0
22	20	0
16	72	0
74	64	0
60	56	0
88	54	0
81	62	0
74	64	0
61	56	1
77	54	0
2	29	0
90	87	0
60	53	0
44	88	0
7	74	0
25	85	0
31	50	1
92	18	0
54	98	0
13	96	0
98	51	0
76	20	0
16	15	0
30	21	0
70	5	0
18	70	0
80	60	0
86	38	0
14	1	0
67	11	0
42	89	0
95	81	0
17	14	0
52	81	0
82	34	0
96	79	0
57	69	0
65	81	0
16	42	0
91	40	0
93	74	0
16	82	0
21	75	0
18	88	0
72	4	0
9	94	0
30	45	1
42	60	1
60	40	0
26	65	1
94	17	0
7	23	0
86	33	0
86	14	0
41	26	0
16	90	0
47	85	0
15	71	0
27	31	0
17	74	0
21	92	0
63	63	0
93	48	0
74	96	0
48	39	1
61	69	0
49	68	1
21	97	0
85	42	0
1	0	0
82	61	0
54	46	0
98	29	0
80	32	0
71	31	0
58	99	0
41	36	1
57	42	0
67	27	1
54	9	0
35	97	0
43	58	1
95	33	0
64	99	0
71	50	0
82	48	0
48	90	0
32	83	0
95	26	0
72	7	1
95	99	0
77	83	0
56	85	0
86	15	0
80	71	0
25	80	0
71	28	0
22	97	0
96	58	0
86	88	0
85	8	0
96	95	0
78	19	0
87	58	0
61	19	1
8	86	0
68	94	0
63	80	0
5	22	0
8	96	0
10	70	0
48	44	1
78	27	0
19	98	0
57	94	0
93	45	0
14	74	0
75	43	0
29	91	0
77	46	0
76	52	0
81	44	0
79	35	0
49	65	1
53	47	1
0	86	0
3	1	0
72	71	0
13	59	0
26	6	0
7	95	0
30	73	0
93	48	0
77	88	0
91	60	0
97	85	0
77	43	0
4	81	0
51	61	1
83	37	0
84	27	0
