89	67	0
34	2	0
39	38	0
63	96	0
22	7	0
99	43	0
96	86	0
50	11	0
59	73	0
54	21	0
90	51	0
1	86	0
13	1	0
22	80	0
97	22	0
77	77	0
58	37	0
17	56	0
88	61	0
97	7	0
47	92	0
58	68	0
74	89	0
53	8	0
31	75	0
48	14	0
85	69	0
65	89	0
90	76	0
1	27	0
52	16	0
41	21	0
92	31	0
26	54	0
82	66	0
16	88	0
33	99	0
91	25	0
75	85	0
39	5	0
25	67	0
92	64	0
93	72	0
56	65	0
98	45	0
0	78	0
63	6	0
99	66	0
15	71	0
72	12	0
14	76	0
62	95	0
33	74	0
99	75	0
47	41	0
31	24	0
91	82	0
99	99	0
96	7	0
14	97	0
98	15	0
29	7	0
70	75	0
38	4	0
9	97	0
89	7	0
37	81	0
62	93	0
41	61	0
4	33	0
71	90	0
10	63	0
91	30	0
30	84	0
57	96	0
62	37	0
34	96	0
62	97	0
3	20	0
99	6	0
96	25	0
43	65	0
82	36	0
91	57	0
48	16	0
32	3	0
68	49	0
6	94	0
50	3	0
50	80	0
45	1	0
53	41	0
83	40	0
34	61	0
76	47	0
1	56	0
82	87	0
2	85	0
33	97	0
99	58	0
64	10	0
38	71	0
40	68	0
67	5	0
70	52	0
2	67	0
35	8	0
7	41	0
38	43	0
65	78	0
47	45	0
15	99	0
86	10	0
45	83	0
77	69	0
95	6	0
72	92	0
52	76	0
38	20	0
57	97	0
92	68	0
76	63	0
19	97	0
61	33	0
30	15	0
20	45	1
78	9	0
6	56	0
99	63	0
99	21	0
79	42	0
42	48	0
53	5	0
78	69	0
23	14	0
33	23	0
98	59	0
39	36	0
64	76	0
66	81	0
51	31	0
44	43	0
60	37	0
15	42	0
27	45	0
19	54	0
82	91	0
46	58	0
35	97	0
71	43	0
73	68	0
52	74	0
84	67	0
23	18	0
54	52	0
16	12	0
14	74	0
32	64	0
91	36	0
42	45	0
87	9	0
43	84	0
55	26	0
42	51	0
78	77	0
26	69	0
53	69	0
43	83	0
36	47	0
40	15	0
59	15	0
38	88	0
28	66	0
82	77	0
88	62	0
33	94	0
97	75	0
27	45	0
23	75	0
52	70	0
52	52	0
24	17	0
78	84	0
91	78	0
53	64	0
66	33	0
0	50	0
58	0	0
75	49	0
64	21	0
82	20	0
20	51	0
8	50	0
45	53	0
71	29	0
38	64	0
84	27	0
42	93	0
29	73	0
40	24	0
78	82	0
41	55	0
33	8	0
25	81	0
53	7	0
92	84	0
56	92	0
93	6	0
7	80	0
18	66	0
95	27	0
46	82	0
28	34	0
60	71	0
55	65	0
45	63	0
21	76	0
26	60	0
65	0	0
7	63	0
60	79	0
92	39	0
40	88	0
81	60	0
67	20	0
50	67	0
20	87	0
34	98	0
47	31	0
77	37	0
86	55	0
71	43	0
66	66	0
7	45	0
54	16	0
11	92	0
58	50	0
70	37	0
70	25	0
57	10	0
6	49	0
90	19	0
36	11	0
65	66	0
62	82	0
73	39	0
96	40	0
98	4	0
2	44	0
96	75	0
21	97	0
97	81	0
27	96	0
64	31	0
72	25	0
16	80	0
81	23	0
29	66	0
29	75	0
47	2	0
28	98	0
78	91	0
68	86	0
88	52	0
97	69	0
17	95	0
37	74	0
71	0	0
72	45	0
34	24	0
34	1	0
48	11	0
52	53	0
81	42	0
35	50	0
34	47	0
32	70	0
73	90	0
83	64	0
61	82	0
86	3	0
89	39	0
65	10	0
22	42	0
74	42	0
72	51	0
75	68	0
9	37	0
37	64	0
68	16	0
15	88	0
32	83	0
21	71	0
84	66	0
52	18	0
31	1	0
33	53	0
77	73	0
62	12	0
78	91	0
17	2	0
50	98	0
10	74	0
47	99	0
43	34	0
3	52	0
70	35	0
73	8	0
57	11	0
82	9	0
37	58	0
14	55	0
74	25	0
89	61	0
8	9	0
3	68	0
33	94	0
7	88	0
42	97	0
56	69	0
54	44	0
71	6	0
45	83	0
41	64	0
87	99	0
38	30	0
7	54	0
25	45	0
59	45	0
74	82	0
27	23	0
83	29	0
36	7	0
51	7	0
55	16	0
39	41	0
73	67	0
77	10	0
8	46	0
36	11	0
48	58	0
42	35	0
29	49	0
90	78	0
76	51	0
15	47	0
63	33	0
93	6	0
65	10	0
58	22	0
46	42	0
34	31	0
5	75	0
61	82	0
30	72	0
22	98	0
34	85	0
49	11	0
41	40	0
92	46	0
83	46	0
5	63	0
81	74	0
74	78	0
78	26	0
85	90	0
83	1	0
74	57	0
79	67	0
32	28	0
65	47	0
29	41	1
92	76	0
64	8	0
99	23	0
24	52	0
45	92	0
70	71	0
79	16	0
14	67	0
93	29	0
61	93	0
80	22	0
75	36	0
48	51	0
56	42	0
28	50	0
61	89	0
79	31	0
41	25	0
72	79	0
28	60	0
20	99	0
93	96	0
44	35	0
5	92	0
55	47	0
95	10	0
77	34	0
16	72	0
59	46	0
37	29	0
54	44	0
12	99	0
86	24	0
47	7	0
83	39	0
51	46	0
29	87	0
18	6	0
60	53	0
57	92	0
6	50	0
42	85	0
32	82	0
50	27	0
22	82	0
11	38	0
68	13	0
78	26	0
86	0	0
88	90	0
22	67	0
49	20	0
83	6	0
82	57	0
71	88	0
4	27	0
64	91	0
97	58	0
31	83	0
73	0	0
53	59	0
70	30	0
68	9	0
43	22	0
43	15	0
96	5	0
85	38	0
11	91	0
76	11	0
91	94	0
23	89	0
97	64	0
42	50	0
16	27	0
76	96	0
65	39	0
6	98	0
70	32	0
84	42	0
74	42	0
88	67	0
27	59	0
86	60	0
36	90	0
88	77	0
27	91	0
91	82	0
46	35	0
57	66	0
64	97	0
41	67	0
65	98	0
71	53	0
31	59	0
43	65	0
87	7	0
9	90	0
96	51	0
22	87	0
45	75	0
49	74	0
89	43	0
35	52	0
43	19	0
81	61	0
59	12	0
86	93	0
49	90	0
49	45	0
55	15	0
39	41	0
56	90	0
39	22	0
44	62	0
83	70	0
39	10	0
95	93	0
60	8	0
4	11	0
44	32	0
22	72	0
46	0	0
17	71	0
92	85	0
60	83	0
62	46	0
61	8	0
39	69	0
35	55	0
93	54	0
85	6	0
6	73	0
78	2	0
53	74	0
59	28	0
38	16	0
32	62	0
82	79	0
33	71	0
36	81	0
74	33	0
20	47	0
72	30	0
41	64	0
62	94	0
28	97	0
93	9	0
95	29	0
63	14	0
25	79	0
29	94	0
30	83	0
73	47	0
79	77	0
81	89	0
7	37	0
76	41	0
73	78	0
73	61	0
58	76	0
11	79	0
15	67	0
33	17	0
51	17	0
5	37	0
43	48	0
28	50	0
84	33	0
88	40	0
78	8	0
73	49	0
51	54	0
26	53	0
50	26	0
92	80	0
50	97	0
86	63	0
34	64	0
36	92	0
76	54	0
32	56	0
79	29	0
28	46	1
34	11	0
95	52	0
74	98	0
54	51	0
8	50	0
50	5	0
52	58	0
41	89	0
29	27	1
73	90	0
98	57	0
5	86	0
68	45	0
7	60	0
70	53	0
35	64	0
53	55	0
41	82	0
60	67	0
5	59	0
62	64	0
70	47	0
77	54	0
34	70	0
64	81	0
49	6	0
95	20	0
56	37	0
93	4	0
16	80	0
29	39	1
37	76	0
84	66	0
19	51	0
79	73	0
14	93	0
15	80	0
85	85	0
49	32	0
1	64	0
70	95	0
49	64	0
91	66	0
20	99	0
92	34	0
17	10	0
34	72	0
24	85	0
38	12	0
15	43	0
9	21	0
85	70	0
99	18	0
56	11	0
71	34	0
91	24	0
31	8	0
30	65	0
91	29	0
6	63	0
50	88	0
2	53	0
29	76	0
74	54	0
51	98	0
78	51	0
70	88	0
70	64	0
44	54	0
73	72	0
7	80	0
52	35	0
23	83	0
85	50	0
71	29	0
91	71	0
95	94	0
91	87	0
43	74	0
68	39	0
52	61	0
36	22	0
34	14	0
33	72	0
4	46	0
67	11	0
59	76	0
83	77	0
91	6	0
16	47	0
60	84	0
17	89	0
58	8	0
57	37	0
62	23	0
47	24	0
38	15	0
81	8	0
38	98	0
66	19	0
34	98	0
96	18	0
21	46	1
41	62	0
70	34	0
80	98	0
71	67	0
38	67	0
59	94	0
81	65	0
92	46	0
12	60	0
85	79	0
78	96	0
13	69	0
98	43	0
25	70	0
98	85	0
49	97	0
34	17	0
69	69	0
92	49	0
50	75	0
70	76	0
95	66	0
75	41	0
23	58	0
1	61	0
60	79	0
68	30	0
50	47	0
56	6	0
35	23	0
93	73	0
13	57	0
32	39	1
68	27	0
47	1	0
56	19	0
16	89	0
10	60	0
8	79	0
65	47	0
94	21	0
86	38	0
88	2	0
64	88	0
9	57	0
66	32	0
55	53	0
42	85	0
99	19	0
59	60	0
35	83	0
23	88	0
43	70	0
31	93	0
34	7	0
71	73	0
44	21	0
39	74	0
48	44	0
5	39	0
74	63	0
63	13	0
31	82	0
97	50	0
29	53	0
22	32	0
9	67	0
83	57	0
70	60	0
42	46	0
86	63	0
96	68	0
61	41	0
64	21	0
78	62	0
77	28	0
6	48	0
76	83	0
35	28	1
57	33	0
16	68	0
7	87	0
27	91	0
30	55	0
89	22	0
2	53	0
53	91	0
4	90	0
84	59	0
45	33	0
91	34	0
12	18	0
43	36	0
72	11	0
32	80	0
44	54	0
98	60	0
89	34	0
0	0	0
5	39	0
53	16	0
0	50	0
81	9	0
53	80	0
32	28	0
92	88	0
0	13	0
38	99	0
99	46	0
40	0	0
88	95	0
48	60	0
56	61	0
36	31	0
90	32	0
88	87	0
9	60	0
5	76	0
12	49	0
19	77	0
13	88	0
66	24	0
35	58	0
18	90	0
38	20	0
62	19	0
36	60	0
60	49	0
47	11	0
36	71	0
33	28	1
92	16	0
0	33	0
78	44	0
95	15	0
49	47	0
33	22	0
49	5	0
21	97	0
42	68	0
45	65	0
28	11	0
23	93	0
15	82	0
70	45	0
96	36	0
29	30	1
26	69	0
86	96	0
51	26	0
68	73	0
59	91	0
8	91	0
83	36	0
47	59	0
16	25	0
91	72	0
54	54	0
98	15	0
69	10	0
84	23	0
64	91	0
50	53	0
41	40	0
64	24	0
46	10	0
52	90	0
54	78	0
18	58	0
79	36	0
52	92	0
92	30	0
94	60	0
37	83	0
34	62	0
86	31	0
49	49	0
73	13	0
96	98	0
75	74	0
42	79	0
71	41	0
73	89	0
10	73	0
54	15	0
10	95	0
10	63	0
48	67	0
73	79	0
69	12	0
99	91	0
87	8	0
95	95	0
63	7	0
83	30	0
71	66	0
57	33	0
18	78	0
44	89	0
65	82	0
28	43	1
4	33	0
22	86	0
11	76	0
41	15	0
44	48	0
20	59	0
34	45	1
0	50	0
86	46	0
41	23	0
8	64	0
30	86	0
63	92	0
92	47	0
6	65	0
72	34	0
37	68	0
81	47	0
65	31	0
8	50	0
26	55	0
87	43	0
67	58	0
82	56	0
6	66	0
70	48	0
2	82	0
2	5	0
91	70	0
14	62	0
27	2	0
35	25	0
3	99	0
20	80	0
88	40	0
73	69	0
87	59	0
78	76	0
52	66	0
64	37	0
1	71	0
40	68	0
30	59	0
67	48	0
89	11	0
