93	64	0
23	13	0
63	95	0
3	2	0
99	44	0
95	98	0
42	65	0
59	22	1
72	52	0
3	89	0
3	10	0
16	93	0
94	37	0
60	82	0
33	34	0
87	78	0
93	26	0
51	98	0
38	72	0
80	71	0
50	15	0
25	80	0
85	68	0
82	76	0
84	88	0
6	29	0
48	37	0
87	19	0
82	64	0
5	75	0
31	96	0
80	12	0
63	91	0
48	72	0
78	73	0
92	59	0
55	56	0
96	37	0
11	73	0
90	71	0
20	71	0
50	6	0
11	78	0
37	93	0
89	53	0
43	35	0
33	22	0
99	84	0
90	93	0
89	19	0
27	81	0
97	10	0
18	14	0
68	88	0
5	83	0
90	4	0
28	63	1
67	84	0
45	59	1
4	25	0
71	78	0
85	33	0
21	90	0
52	94	0
77	30	0
32	90	0
44	91	0
18	16	0
99	17	0
81	28	0
51	78	0
87	34	0
70	59	0
65	39	0
0	96	0
75	2	1
50	82	0
84	4	0
94	59	0
3	57	0
71	94	0
3	75	0
38	88	0
99	58	0
81	29	0
43	68	1
70	8	0
56	51	0
8	65	0
35	4	0
67	70	0
59	25	1
0	97	0
94	31	0
46	76	0
77	68	0
84	4	0
69	86	0
67	81	0
1	27	0
62	80	0
94	86	0
75	48	0
19	92	0
68	39	0
71	0	0
94	58	0
91	33	0
98	42	0
23	50	0
51	65	0
7	28	0
47	31	1
87	67	0
56	74	0
63	68	0
54	20	1
44	38	0
61	66	0
51	60	1
44	99	0
78	37	0
58	68	0
56	74	0
92	56	0
28	13	0
48	41	0
25	18	0
18	71	0
29	52	1
76	47	0
52	43	1
93	7	0
28	93	0
22	38	0
70	75	0
22	70	1
59	66	0
47	75	0
44	7	0
44	89	0
23	67	1
69	77	0
94	52	0
23	88	0
88	74	0
26	55	1
17	72	0
55	66	0
13	37	0
72	78	0
96	73	0
39	75	0
78	45	0
55	60	1
54	25	1
59	12	0
31	60	1
93	31	0
25	93	0
27	66	1
66	83	0
29	28	0
42	76	0
51	21	0
95	94	0
31	79	0
95	15	0
28	78	0
95	37	0
60	96	0
76	76	0
66	61	0
27	44	0
7	57	0
63	3	0
69	96	0
97	58	0
46	90	0
60	80	0
77	16	0
62	79	0
38	76	0
42	90	0
23	16	0
57	24	1
86	49	0
58	43	0
67	67	0
71	31	0
18	97	0
58	62	0
83	41	0
76	36	0
52	15	0
88	29	0
75	79	0
73	96	0
78	60	0
96	27	0
99	18	0
85	80	0
28	91	0
67	84	0
47	94	0
34	41	1
88	37	0
17	97	0
93	22	0
24	46	0
22	86	0
29	98	0
79	88	0
82	77	0
95	59	0
96	52	0
21	91	0
52	78	0
72	11	0
81	52	0
49	5	0
40	35	0
78	39	0
21	60	0
36	52	0
19	70	0
75	94	0
89	55	0
59	70	0
95	1	0
90	46	0
62	10	1
94	46	0
70	53	0
71	82	0
45	66	0
69	22	0
9	85	0
28	62	1
8	88	0
84	61	0
77	71	0
90	12	0
97	86	0
26	5	0
34	97	0
23	68	1
58	98	0
41	36	0
80	20	0
98	4	0
96	26	0
52	55	1
79	30	0
70	59	0
5	6	0
27	98	0
19	73	0
48	92	0
38	67	0
85	43	0
58	87	0
57	56	1
98	87	0
64	41	0
79	88	0
86	18	0
17	8	0
44	0	0
35	26	0
94	46	0
78	13	0
18	48	0
18	27	0
53	38	0
92	79	0
95	60	0
74	30	0
95	4	0
64	3	0
75	15	0
47	34	1
35	15	0
12	68	0
87	91	0
47	92	0
4	99	0
26	41	0
51	44	1
75	43	0
67	57	0
77	75	0
82	75	0
75	30	0
73	83	0
67	2	0
98	46	0
79	48	0
61	51	0
97	68	0
75	19	0
96	14	0
24	44	0
72	98	0
56	64	0
84	23	0
12	76	0
99	37	0
65	98	0
95	27	0
67	21	0
30	56	0
57	43	0
59	82	0
68	30	0
79	77	0
19	87	0
93	90	0
7	77	0
89	4	0
89	19	0
51	72	0
40	54	1
66	44	0
16	95	0
74	37	0
96	56	0
52	38	0
37	86	0
35	10	0
53	90	0
35	83	0
43	77	0
17	68	0
9	24	0
70	1	0
80	35	0
95	10	0
81	99	0
30	23	0
62	8	0
56	43	0
67	93	0
1	18	0
43	89	0
84	42	0
27	88	0
80	2	0
50	58	1
57	19	0
86	20	0
87	45	0
16	88	0
70	21	0
84	98	0
32	99	0
82	64	0
9	31	0
63	98	0
64	39	0
14	80	0
64	30	0
89	47	0
79	48	0
74	60	0
23	44	0
98	59	0
14	96	0
88	52	0
21	95	0
81	79	0
39	17	0
75	71	0
60	97	0
63	95	0
76	51	0
28	60	1
84	6	0
4	75	0
72	47	0
22	94	0
50	61	0
82	34	0
26	61	1
54	37	1
89	52	0
72	23	0
77	80	0
49	94	0
37	50	1
66	97	0
31	93	0
95	82	0
85	76	0
75	8	0
18	3	0
49	35	0
36	64	1
8	77	0
77	84	0
66	82	0
69	50	0
66	18	0
35	63	0
40	70	0
80	53	0
99	0	0
23	72	0
80	10	0
57	64	0
36	38	1
88	83	0
30	73	1
54	89	0
75	21	0
85	10	0
50	59	1
64	87	0
25	96	0
92	11	0
85	11	0
73	23	0
15	63	0
8	88	0
13	87	0
52	26	1
73	87	0
81	97	0
0	35	1
62	56	0
78	96	0
77	63	0
68	65	0
14	88	0
8	74	0
41	26	0
4	17	0
34	34	0
29	51	1
95	37	0
82	46	0
69	46	0
55	51	0
43	27	0
91	77	0
53	73	0
84	50	0
39	91	0
77	51	0
24	7	0
95	47	0
59	93	0
33	32	0
58	53	1
31	94	0
72	99	0
89	67	0
26	83	0
61	35	0
10	83	0
60	59	1
42	75	0
64	61	0
60	70	0
55	86	0
11	50	0
67	61	0
82	45	0
88	61	0
37	75	0
68	93	0
43	28	0
95	22	0
54	48	0
84	12	0
9	78	0
55	93	0
86	71	0
75	67	0
10	90	0
8	70	0
81	88	0
34	27	0
6	89	0
67	98	0
54	68	0
87	67	0
18	94	0
75	43	0
16	4	0
48	98	0
18	92	0
7	11	0
84	55	0
88	23	0
80	31	0
72	16	0
11	15	0
16	50	0
78	31	0
5	73	0
62	71	0
33	79	0
72	51	0
77	96	0
69	40	0
69	86	0
73	55	0
64	84	0
10	77	0
44	50	1
27	84	0
65	59	0
58	47	0
90	42	0
94	98	0
84	86	0
48	59	1
71	51	0
62	60	0
68	3	1
65	80	0
85	75	0
89	7	0
62	78	0
2	91	0
48	48	1
63	30	0
67	24	0
78	22	0
20	81	0
74	22	0
88	20	0
31	55	0
42	30	0
53	95	0
69	75	0
52	82	0
72	86	0
84	58	0
83	43	0
95	66	0
74	96	0
98	43	0
31	65	1
98	86	0
39	79	0
76	78	0
84	44	0
43	91	0
84	70	0
87	49	0
85	28	0
2	68	0
48	73	0
71	17	0
65	35	0
81	83	0
65	50	0
10	86	0
18	91	0
69	44	0
85	29	0
95	47	0
97	3	0
89	92	0
58	37	0
30	75	1
94	17	0
67	47	0
17	73	0
16	96	0
24	73	0
11	86	0
62	52	0
40	26	0
33	69	0
63	81	0
68	11	0
20	85	0
86	50	0
17	20	0
13	71	0
80	63	0
67	52	0
39	56	1
93	50	0
81	57	0
77	61	0
55	60	1
78	49	0
1	27	0
92	82	0
62	49	0
40	84	0
3	78	0
26	84	0
29	56	1
90	17	0
53	98	0
8	97	0
98	55	0
74	16	0
16	16	0
32	27	0
72	6	0
17	67	0
84	61	0
87	37	0
15	9	0
0	40	1
67	10	0
44	87	0
98	82	0
11	8	0
48	85	0
81	35	0
97	81	0
51	68	0
66	76	0
21	36	0
92	44	0
94	69	0
15	78	0
21	78	0
30	66	1
18	90	0
76	10	0
33	58	1
8	92	0
37	39	1
45	55	1
65	41	0
27	68	1
95	22	0
2	24	0
87	37	0
76	14	0
35	25	0
22	88	0
45	84	0
15	71	0
24	29	0
15	77	0
24	87	0
63	57	0
88	42	0
42	56	1
75	92	0
48	34	1
60	70	0
44	64	0
18	96	0
81	40	0
46	50	1
5	11	0
86	60	0
59	48	0
94	29	0
79	32	0
71	33	0
59	91	0
42	36	0
59	44	0
64	34	1
48	8	0
35	96	0
46	62	0
91	33	0
57	96	0
71	52	0
79	46	0
43	89	0
34	79	0
94	23	0
54	58	1
70	2	1
92	99	0
77	84	0
55	89	0
80	17	0
80	68	0
27	79	0
71	20	0
20	95	0
42	60	1
95	58	0
90	89	0
85	11	0
94	92	0
78	21	0
78	54	0
64	23	1
8	84	0
71	94	0
60	77	0
6	24	0
5	96	0
12	74	0
46	44	1
76	28	0
3	59	1
22	98	0
60	97	0
95	44	0
10	72	0
74	44	0
34	91	0
81	47	0
70	44	0
28	57	1
79	42	0
86	40	0
53	72	0
51	44	1
3	86	0
7	2	0
77	75	0
17	57	0
19	8	0
5	99	0
34	73	0
92	48	0
75	83	0
89	61	0
98	85	0
50	60	1
69	33	0
0	76	0
57	60	0
78	38	0
84	22	0
