91	67	0
31	15	0
59	98	0
11	3	0
96	49	0
94	97	0
43	74	0
64	45	0
0	88	0
2	9	0
12	90	0
88	47	0
65	83	0
31	33	0
93	83	0
91	35	0
44	94	0
43	74	0
68	77	0
50	7	0
34	81	1
84	71	0
91	83	0
80	98	0
8	22	0
84	20	0
72	70	0
11	63	1
34	92	0
85	15	0
70	88	0
51	73	0
80	78	0
96	49	0
97	31	0
20	73	0
92	70	0
16	65	0
47	5	0
10	75	0
32	89	0
86	45	0
47	33	1
42	18	0
99	94	0
88	92	0
97	13	0
28	77	0
93	9	0
25	18	0
69	87	0
0	84	0
87	0	0
68	92	0
5	29	0
70	76	0
83	29	0
23	88	0
54	97	0
82	25	0
32	90	0
35	88	0
20	12	0
99	12	0
80	34	0
50	79	0
86	23	0
61	46	0
71	32	0
5	95	0
50	89	0
79	3	0
93	67	0
3	64	1
65	87	0
2	74	0
41	90	0
98	57	0
82	25	0
61	10	1
60	40	0
10	68	1
35	8	0
71	61	0
0	91	0
94	28	0
41	70	0
86	61	0
84	2	0
67	89	0
65	84	0
1	29	0
64	75	0
88	72	0
70	48	0
11	97	0
68	39	0
76	6	1
88	61	0
92	29	0
98	39	0
16	52	0
52	72	1
7	19	0
90	62	0
56	77	0
54	60	0
45	42	1
58	73	0
49	96	0
74	32	0
62	75	0
62	80	0
94	54	0
28	14	0
48	36	1
19	12	0
24	82	1
77	46	0
91	2	0
29	93	0
22	45	0
62	72	0
57	78	0
51	76	0
51	6	0
47	90	0
75	88	0
91	54	0
22	95	0
88	80	0
8	75	0
53	62	0
11	40	0
74	78	0
98	68	0
50	70	0
69	44	0
93	35	0
33	96	0
58	78	0
24	36	0
44	78	0
40	22	0
93	91	0
28	89	0
92	3	0
26	81	1
90	35	0
56	96	0
74	79	0
68	72	0
27	40	0
15	63	0
66	1	1
60	92	0
88	64	0
46	90	0
61	85	0
71	17	0
54	72	1
31	79	0
48	90	0
20	18	0
82	56	0
61	44	0
72	60	0
76	36	0
18	96	0
65	55	0
85	40	0
74	30	0
54	19	0
98	30	0
69	82	0
76	95	0
73	65	0
98	24	0
94	24	0
89	83	0
35	97	0
66	88	0
50	98	0
88	34	0
13	98	0
88	27	0
22	46	0
20	90	0
31	98	0
82	77	0
74	73	0
96	54	0
91	58	0
23	80	1
51	82	0
74	5	0
78	55	0
49	4	0
38	31	0
85	41	0
26	67	1
43	58	1
28	73	0
72	90	0
84	55	0
53	66	1
87	0	0
89	40	0
96	42	0
73	65	0
69	81	0
51	63	1
67	14	0
8	88	0
3	93	0
85	63	0
80	67	0
88	8	0
92	85	0
20	1	0
34	98	0
55	96	0
44	31	1
93	15	0
94	6	0
96	26	0
74	26	0
65	50	0
6	1	0
25	98	0
16	75	0
46	83	0
44	72	0
92	41	0
59	90	0
98	87	0
66	33	0
86	88	0
84	18	0
13	5	0
39	0	0
35	30	0
98	44	0
82	10	0
8	51	0
16	22	0
87	81	0
98	64	0
74	30	0
98	11	0
65	2	0
80	12	0
37	14	0
13	67	1
94	91	0
36	87	0
7	98	0
29	40	0
69	46	0
70	58	0
75	78	0
79	77	0
79	27	0
64	83	0
98	44	0
79	54	0
63	52	0
98	68	0
70	20	0
95	20	0
28	51	0
66	99	0
47	67	1
95	26	0
19	83	0
93	44	0
71	92	0
89	31	0
61	20	0
55	45	0
59	86	0
60	25	1
74	80	0
22	92	0
93	83	0
1	83	0
91	3	0
91	17	0
50	73	0
62	49	1
11	96	0
75	37	0
95	62	0
45	44	1
29	82	1
29	12	0
53	86	0
37	84	0
51	78	0
7	67	1
0	20	0
65	1	1
80	37	0
97	9	0
80	96	0
23	27	0
62	10	1
63	37	0
63	90	0
0	11	0
42	85	0
85	44	0
26	85	0
81	7	0
53	16	1
86	20	0
92	55	0
14	88	0
66	13	0
90	96	0
35	99	0
70	63	0
9	37	0
60	89	0
61	41	0
15	69	0
59	28	0
93	49	0
76	45	0
72	60	0
13	43	0
97	61	0
24	97	0
88	55	0
18	93	0
84	80	0
34	21	0
73	63	0
57	85	0
58	96	0
83	48	0
83	9	0
5	77	0
74	42	0
19	97	0
55	55	1
86	28	0
88	52	0
75	21	0
76	70	0
47	95	0
56	92	0
34	97	0
99	76	0
75	84	0
72	3	1
21	0	0
52	43	1
9	74	0
80	91	0
69	83	0
74	49	0
69	27	0
41	75	0
81	53	0
98	8	0
15	68	0
87	2	0
56	67	0
83	86	0
58	89	0
71	24	0
88	10	0
72	85	0
25	97	0
87	15	0
88	4	0
70	23	0
11	53	0
14	85	0
13	88	0
75	86	0
83	98	0
56	54	1
76	92	0
85	61	0
74	60	0
9	92	0
12	79	0
34	23	0
2	19	0
41	39	0
97	29	0
86	35	0
74	53	0
62	57	1
51	18	0
85	80	0
63	80	0
89	51	0
30	86	0
78	59	0
19	11	0
96	46	0
59	99	0
35	44	0
31	99	0
72	94	0
88	68	0
26	87	0
61	28	1
8	69	0
44	68	0
65	62	1
57	78	0
59	87	0
16	47	0
71	64	0
77	45	0
89	68	0
43	74	0
71	86	0
46	30	1
89	16	0
60	51	1
86	11	0
9	84	0
42	97	0
81	73	0
67	73	0
6	91	0
13	73	0
82	95	0
35	29	0
11	85	0
64	97	0
60	73	0
87	81	0
12	91	0
76	48	0
14	11	0
43	96	0
3	97	0
2	15	0
86	60	0
86	19	0
77	32	0
70	19	0
10	15	0
11	50	0
78	24	0
2	65	1
66	74	0
29	88	0
64	57	0
85	92	0
80	43	0
71	82	0
68	48	0
71	80	0
9	68	0
30	79	1
70	63	0
58	44	0
96	41	0
98	96	0
76	87	0
72	52	0
61	55	0
66	84	0
99	77	0
99	0	0
54	82	0
3	92	0
59	34	0
67	22	0
71	18	0
25	70	0
78	26	0
81	20	0
31	28	0
55	97	0
68	61	0
41	84	0
72	93	0
78	56	0
81	36	0
88	63	0
81	97	0
95	41	0
92	92	0
50	90	0
71	79	0
85	46	0
42	95	0
81	79	0
78	57	0
91	27	0
1	74	0
48	75	0
73	15	0
59	36	0
83	81	0
71	51	0
13	86	0
19	95	0
74	39	0
84	29	0
99	50	0
99	4	0
77	91	0
48	36	1
90	13	0
71	38	0
15	72	0
13	94	0
19	76	0
7	86	0
61	51	0
44	27	0
39	64	0
62	80	0
68	7	0
19	86	0
85	55	0
19	18	0
19	71	0
77	62	0
63	54	0
89	54	0
86	59	0
67	65	0
76	55	0
2	29	0
91	84	0
62	47	0
45	85	0
5	69	0
26	82	1
94	21	0
56	96	0
15	91	0
99	48	0
70	19	0
14	14	0
31	26	0
73	4	1
19	66	0
78	61	0
94	35	0
15	0	0
64	10	0
37	87	0
91	80	0
13	8	0
50	83	0
75	33	0
97	72	0
60	61	0
66	89	0
9	39	0
97	42	0
92	67	0
13	79	0
23	74	0
21	89	0
75	9	1
5	96	0
64	44	0
92	16	0
4	12	0
88	35	0
96	12	0
41	28	0
23	95	0
52	81	0
18	74	0
27	24	0
16	72	0
20	91	0
65	65	0
91	50	0
73	90	0
60	69	0
53	68	1
20	98	0
81	39	0
6	0	0
80	56	0
53	52	0
97	23	0
77	27	0
77	32	0
56	96	0
39	39	1
50	42	1
62	9	0
37	99	0
46	58	1
92	36	0
63	98	0
74	52	0
85	46	0
51	88	0
32	76	0
89	34	0
97	96	0
77	85	0
58	84	0
90	13	0
76	72	0
26	80	1
65	23	0
28	98	0
93	53	0
93	88	0
84	10	0
96	96	0
82	25	0
89	63	0
9	86	0
72	91	0
67	81	0
2	21	0
12	93	0
5	72	0
83	28	0
23	96	0
55	89	0
84	46	0
11	69	0
79	42	0
29	91	0
80	48	0
83	55	0
80	49	0
84	31	0
48	62	1
2	87	0
3	2	0
71	68	0
14	59	0
21	4	0
7	90	0
29	70	0
97	48	0
77	86	0
92	58	0
91	78	0
83	46	0
3	79	0
51	63	1
84	34	0
86	31	0
