84	61	0
45	11	0
33	30	0
58	96	0
12	9	0
93	38	0
94	91	0
42	5	0
63	83	0
48	15	0
86	44	0
1	80	0
17	7	0
19	64	0
98	24	0
80	77	0
57	29	0
19	51	0
90	62	0
96	12	0
49	92	0
62	70	0
77	83	0
54	0	0
36	82	0
54	8	0
82	73	0
64	83	0
86	76	0
2	24	0
56	21	0
40	17	0
88	35	0
31	52	0
84	60	0
6	86	0
37	97	0
94	28	0
72	92	0
47	0	0
25	68	0
92	57	0
92	70	0
54	69	0
98	51	0
8	80	0
21	39	1
68	0	0
96	65	0
18	68	0
65	5	0
13	77	0
55	93	0
37	75	0
98	71	0
50	29	0
27	26	0
92	77	0
95	97	0
96	10	0
16	96	0
97	17	0
38	8	0
75	76	0
41	10	0
10	99	0
80	6	0
40	86	0
73	96	0
48	65	0
2	33	0
66	93	0
25	33	1
13	55	0
92	32	0
25	41	1
27	89	0
52	99	0
61	28	0
31	98	0
59	98	0
0	22	0
99	8	0
93	18	0
38	60	0
81	44	0
23	37	1
79	56	0
52	10	0
39	7	0
71	46	0
14	96	0
57	7	0
55	83	0
42	4	0
46	30	0
85	42	0
37	66	0
75	45	0
10	62	0
75	85	0
4	77	0
33	96	0
97	57	0
63	7	0
45	68	0
32	65	0
63	3	0
71	50	0
2	59	0
31	2	0
17	42	0
42	30	0
67	89	0
54	50	0
16	92	0
86	8	0
50	79	0
80	81	0
96	2	0
67	83	0
53	67	0
30	7	0
56	98	0
98	73	0
68	64	0
25	97	0
64	37	0
33	16	0
17	45	0
77	8	0
7	65	0
95	62	0
98	22	0
84	37	0
36	54	0
49	14	0
82	74	0
19	15	0
33	11	0
84	62	0
43	40	0
67	70	0
66	92	0
50	33	0
49	34	0
59	37	0
15	43	0
32	55	0
25	55	0
80	84	0
44	55	0
28	99	0
73	43	0
73	65	0
55	79	0
32	36	1
91	71	0
18	30	0
54	51	0
13	10	0
24	83	0
33	74	0
87	34	0
44	37	0
78	12	0
42	83	0
52	25	0
50	45	0
74	78	0
28	66	0
49	76	0
33	83	0
34	47	0
44	13	0
52	6	0
32	71	0
26	83	0
78	75	0
94	68	0
25	90	0
92	68	0
29	54	0
27	84	0
57	69	0
35	54	0
24	14	0
8	29	1
74	96	0
91	81	0
56	63	0
76	33	0
2	53	0
59	6	0
77	36	0
63	27	0
71	29	0
18	63	0
7	51	0
52	53	0
76	20	0
43	59	0
91	28	0
34	94	0
24	65	0
37	22	0
80	79	0
37	57	0
35	8	0
18	82	0
54	12	0
95	84	0
64	92	0
93	1	0
7	76	0
24	64	0
93	28	0
51	81	0
46	36	0
55	63	0
48	72	0
48	68	0
22	78	0
27	59	0
67	2	0
1	59	0
58	79	0
93	42	0
42	89	0
76	62	0
63	31	0
49	71	0
24	87	0
39	93	0
54	37	0
75	37	0
84	59	0
71	38	0
64	65	0
10	45	0
50	17	0
8	84	0
67	57	0
67	41	0
66	27	0
53	19	0
8	58	0
85	17	0
38	12	0
66	66	0
53	74	0
71	31	0
97	37	0
95	8	0
7	58	0
97	73	0
21	99	0
92	72	0
34	94	0
56	29	0
62	19	0
17	86	0
71	32	0
42	66	0
35	68	0
43	8	0
32	98	0
81	89	0
71	89	0
81	44	0
92	73	0
24	93	0
41	65	0
61	6	0
71	38	0
32	16	0
37	1	0
50	16	0
49	61	0
75	42	0
34	48	0
38	51	0
36	73	0
73	87	0
79	67	0
59	78	0
81	0	0
84	43	0
64	1	0
19	45	0
29	37	1
77	44	0
67	53	0
67	66	0
13	35	0
40	71	0
58	21	0
23	87	0
30	91	0
27	69	0
94	63	0
47	13	0
36	2	0
31	53	0
76	68	0
63	13	0
73	90	0
12	6	0
53	97	0
3	69	0
38	92	0
43	36	0
2	55	0
84	26	0
24	31	1
75	4	0
50	14	0
87	15	0
36	54	0
17	53	0
73	22	0
86	60	0
7	19	0
1	66	0
30	94	0
4	85	0
48	97	0
57	73	0
51	37	0
61	12	0
42	85	0
42	66	0
80	94	0
30	28	0
7	57	0
28	48	0
64	57	0
71	82	0
27	20	0
80	26	0
37	1	0
46	1	0
59	19	0
31	42	0
78	71	0
87	9	0
16	39	0
54	18	0
52	52	0
44	34	0
32	51	0
84	77	0
73	60	0
13	51	0
55	30	0
98	8	0
58	9	0
55	29	0
49	37	0
40	28	0
0	72	0
61	82	0
28	74	0
20	91	0
29	98	0
59	13	0
37	32	0
95	48	0
85	58	0
2	74	0
83	70	0
69	71	0
80	23	0
76	84	0
80	7	0
78	62	0
79	62	0
39	22	0
64	54	0
24	49	0
89	81	0
72	21	0
96	15	0
32	51	0
40	93	0
70	69	0
85	10	0
12	66	0
95	27	0
48	98	0
79	18	0
69	45	0
42	54	0
58	40	0
27	42	0
34	47	0
58	86	0
82	29	0
35	22	0
70	73	0
30	69	0
9	97	0
87	95	0
37	35	0
0	85	0
60	32	0
90	20	0
81	42	0
8	62	0
60	36	0
46	29	0
42	42	0
12	97	0
82	23	0
53	4	0
88	43	0
47	49	0
25	77	0
15	3	0
55	60	0
52	92	0
11	53	0
41	72	0
36	76	0
55	36	0
17	88	0
5	50	0
23	43	1
59	13	0
90	30	0
94	8	0
76	84	0
18	63	0
26	33	1
44	25	0
84	0	0
70	63	0
78	90	0
10	46	0
67	91	0
97	64	0
34	89	0
71	4	0
60	51	0
64	25	0
76	10	0
45	31	0
42	14	0
99	3	0
85	34	0
11	82	0
82	13	0
91	98	0
24	94	0
95	64	0
45	54	0
11	23	0
90	92	0
62	43	0
1	97	0
66	38	0
74	37	0
73	53	0
83	67	0
28	74	0
86	65	0
33	88	0
99	82	0
35	91	0
99	76	0
28	32	1
37	28	0
59	65	0
63	98	0
45	64	0
74	97	0
67	50	0
33	64	0
37	66	0
84	9	0
9	86	0
92	52	0
20	87	0
51	73	0
43	81	0
89	42	0
38	52	0
28	40	1
44	27	0
84	53	0
67	12	0
90	90	0
63	89	0
43	51	0
51	7	0
38	39	0
55	83	0
35	26	0
46	64	0
76	70	0
39	18	0
99	93	0
49	17	0
21	6	0
55	22	0
20	76	0
38	1	0
14	59	0
92	92	0
56	85	0
62	55	0
61	3	0
41	69	0
45	46	0
96	56	0
84	5	0
4	65	0
76	0	0
57	76	0
62	31	0
41	11	0
38	65	0
88	82	0
33	74	0
38	84	0
80	28	0
21	49	0
62	32	0
42	68	0
61	81	0
32	97	0
86	5	0
97	24	0
71	17	0
27	74	0
25	98	0
26	76	0
67	40	0
84	73	0
78	87	0
14	48	0
77	41	0
70	74	0
78	75	0
57	75	0
20	78	0
15	65	0
47	24	0
35	14	0
3	34	0
40	57	0
29	45	0
84	28	0
84	37	0
73	2	0
79	47	0
51	60	0
20	64	0
53	29	0
90	84	0
50	96	0
77	64	0
30	57	0
36	88	0
74	48	0
26	48	0
79	29	0
22	50	0
37	18	0
91	52	0
86	91	0
53	54	0
15	61	0
53	9	0
60	53	0
32	84	0
36	31	0
82	89	0
94	67	0
16	81	0
65	45	0
9	68	0
81	57	0
30	59	0
51	59	0
34	79	0
58	64	0
4	54	0
75	63	0
65	55	0
81	45	0
22	76	0
61	85	0
55	16	0
92	18	0
51	33	0
99	12	0
8	83	0
36	39	0
34	67	0
85	64	0
24	55	0
79	72	0
19	95	0
15	86	0
92	92	0
48	25	0
10	66	0
78	91	0
47	66	0
83	57	0
24	92	0
94	31	0
26	7	0
31	83	0
27	80	0
27	12	0
16	46	0
10	27	0
77	70	0
98	20	0
55	13	0
75	27	0
87	33	0
30	8	0
37	55	0
94	38	0
9	60	0
53	94	0
6	55	0
31	84	0
67	53	0
55	98	0
78	53	0
70	86	0
32	38	0
75	60	0
43	56	0
75	65	0
9	70	0
55	29	0
30	85	0
83	38	0
74	26	0
86	72	0
95	94	0
84	81	0
50	69	0
69	40	0
54	73	0
40	21	0
34	8	0
35	79	0
1	39	0
63	5	0
59	89	0
85	83	0
82	6	0
15	41	0
58	82	0
17	97	0
60	5	0
57	44	0
59	20	0
43	21	0
17	35	1
49	17	0
82	10	0
41	97	0
69	29	0
27	99	0
94	19	0
21	44	0
44	64	0
68	26	0
79	92	0
69	73	0
45	63	0
57	91	0
74	68	0
85	49	0
13	64	0
81	84	0
82	99	0
18	62	0
91	49	0
31	75	0
97	86	0
53	93	0
41	16	0
74	70	0
90	59	0
58	82	0
72	61	0
93	67	0
67	36	0
17	57	0
2	62	0
64	75	0
71	36	0
54	48	0
49	1	0
32	21	0
95	71	0
12	55	0
27	49	0
60	28	0
41	14	0
57	27	0
19	96	0
9	58	0
20	77	0
72	51	0
79	23	0
91	33	0
93	1	0
59	87	0
9	53	0
55	30	0
56	53	0
45	79	0
93	15	0
58	55	0
43	85	0
21	90	0
41	59	0
28	91	0
36	17	0
74	75	0
46	35	0
40	80	0
57	41	0
8	45	0
65	61	0
64	12	0
25	82	0
91	43	0
22	41	1
24	55	0
22	14	0
3	65	0
78	66	0
72	65	0
45	54	0
80	56	0
86	67	0
64	36	0
67	24	0
80	69	0
81	22	0
1	50	0
75	87	0
30	32	0
63	35	0
7	64	0
1	88	0
36	92	0
37	55	0
95	24	0
4	48	0
60	94	0
6	90	0
87	60	0
47	43	0
83	25	0
12	9	0
48	31	0
73	3	0
21	86	0
53	44	0
96	61	0
86	35	0
11	1	0
10	45	0
61	16	0
7	58	0
82	5	0
52	72	0
41	26	0
89	93	0
10	18	0
30	93	0
94	54	0
30	13	0
90	97	0
48	59	0
64	61	0
41	34	0
91	29	0
91	91	0
6	58	0
6	71	0
13	50	0
19	82	0
20	96	0
63	29	0
37	54	0
12	89	0
44	20	0
69	14	0
35	61	0
59	48	0
50	14	0
34	72	0
37	31	0
89	19	0
4	35	0
75	55	0
91	13	0
53	43	0
35	18	0
48	5	0
15	90	0
44	71	0
45	64	0
36	9	0
17	91	0
9	86	0
67	48	0
96	33	0
31	29	0
28	60	0
85	89	0
52	29	0
66	72	0
59	85	0
7	80	0
75	35	0
47	58	0
12	39	0
95	75	0
51	64	0
92	17	0
75	17	0
89	21	0
67	94	0
54	64	0
45	47	0
65	20	0
41	7	0
61	90	0
63	66	0
16	56	0
72	35	0
47	94	0
92	32	0
90	61	0
31	78	0
47	54	0
26	34	1
84	32	0
40	52	0
83	4	0
95	94	0
67	67	0
51	79	0
73	37	0
67	89	0
14	85	0
41	4	0
11	93	0
15	65	0
53	66	0
76	79	0
65	15	0
97	95	0
92	10	0
97	91	0
61	12	0
82	27	0
74	57	0
52	39	0
10	82	0
56	98	0
69	85	0
34	48	0
10	32	0
21	94	0
16	64	0
41	9	0
41	45	0
18	65	0
36	43	0
1	43	0
94	58	0
44	25	0
16	62	0
30	84	0
65	79	0
91	56	0
4	74	0
65	46	0
24	59	0
77	47	0
58	33	0
1	52	0
27	47	0
83	55	0
67	54	0
83	55	0
4	66	0
63	54	0
5	79	0
3	9	0
87	72	0
14	62	0
28	0	0
36	18	0
12	95	0
18	80	0
93	38	0
63	72	0
77	61	0
80	81	0
46	62	0
58	41	0
5	70	0
45	70	0
33	52	0
67	60	0
79	16	0
