99	66	0
55	9	0
35	23	0
42	96	0
7	35	0
90	27	0
87	77	0
11	5	0
51	9	0
74	90	0
42	35	0
77	35	0
1	85	0
20	5	0
17	68	0
95	11	0
94	89	0
62	31	0
26	54	0
98	67	0
90	0	0
42	74	0
72	85	0
80	93	0
65	4	0
33	95	0
57	12	0
76	79	0
68	91	0
97	57	0
0	41	0
30	30	0
39	30	0
78	22	0
41	46	0
88	71	0
11	90	0
66	76	0
93	24	0
82	92	0
44	7	0
29	51	0
70	56	0
99	57	0
54	74	0
99	48	0
15	97	0
37	44	0
56	14	0
85	49	0
17	65	0
59	11	0
33	91	0
53	84	0
24	63	0
95	71	0
47	26	0
39	45	0
84	77	0
97	97	0
91	13	0
14	95	0
93	11	0
51	7	0
92	70	0
42	31	0
19	84	0
86	5	0
31	81	0
85	74	0
62	52	0
22	30	0
85	84	0
31	38	0
14	47	0
85	38	0
20	27	1
16	37	0
36	80	0
57	92	0
75	24	0
46	97	0
66	99	0
1	7	0
14	20	0
94	22	0
98	22	0
37	56	0
83	45	0
18	29	0
75	53	0
40	55	0
34	11	0
34	3	0
71	48	0
24	89	0
57	4	0
50	74	0
42	5	0
38	29	0
93	46	0
46	60	0
62	49	0
19	77	0
72	84	0
9	79	0
45	77	0
85	47	0
64	12	0
55	70	0
4	58	0
56	6	0
54	62	0
6	68	0
49	2	0
31	55	0
20	34	0
86	82	0
47	38	0
2	3	0
22	97	0
82	0	0
68	67	0
17	31	0
83	76	0
91	13	0
61	73	0
55	85	0
31	23	0
64	92	0
23	22	1
74	86	0
66	53	0
39	98	0
75	35	0
38	25	0
21	36	0
81	4	0
13	9	1
4	71	0
95	72	0
92	11	0
92	34	0
43	54	0
61	7	0
91	93	0
7	7	0
39	11	0
82	83	0
37	40	0
96	67	0
81	77	0
53	26	0
49	35	0
64	60	0
2	49	0
24	83	0
14	58	0
81	76	0
58	74	0
47	99	0
80	52	0
69	77	0
52	82	0
25	46	0
87	80	0
0	37	0
36	40	0
25	25	0
19	73	0
39	71	0
97	20	0
42	33	0
76	13	0
37	82	0
69	21	0
50	30	0
77	78	0
25	53	0
62	69	0
36	99	0
36	63	0
36	8	0
68	15	0
33	90	0
13	81	0
70	85	0
91	56	0
18	92	0
30	31	0
96	71	0
26	59	0
38	81	0
38	93	0
53	47	0
33	9	0
18	37	0
77	92	0
87	98	0
62	90	0
78	14	0
4	66	0
62	0	0
64	15	0
68	21	0
84	20	0
28	59	0
5	71	0
61	64	0
75	35	0
30	75	0
87	20	0
55	85	0
33	65	0
28	15	0
86	73	0
33	66	0
40	8	0
3	86	0
75	16	0
97	82	0
84	93	0
85	21	0
3	78	0
18	78	0
96	49	0
49	75	0
36	44	0
46	76	0
57	75	0
51	59	0
5	83	0
33	70	0
63	14	0
3	66	0
68	95	0
68	43	0
35	93	0
89	57	0
41	20	0
40	55	0
12	77	0
40	92	0
54	32	0
69	26	0
13	31	0
85	67	0
72	44	0
82	49	0
10	85	0
55	11	0
15	84	0
64	65	0
55	46	0
67	55	0
58	5	0
12	7	1
4	56	0
75	43	0
51	12	0
74	60	0
49	83	0
64	52	0
94	29	0
92	9	0
3	62	0
86	66	0
22	97	0
91	58	0
38	89	0
59	32	0
45	0	0
20	92	0
69	35	0
41	56	0
42	76	0
52	4	0
23	96	0
71	89	0
87	84	0
64	26	0
95	73	0
8	86	0
42	39	0
59	2	0
64	21	0
34	21	0
44	6	0
54	11	0
55	49	0
72	35	0
37	50	0
25	45	0
53	54	0
72	78	0
89	77	0
59	87	0
81	11	0
99	51	0
76	0	0
8	55	0
33	7	0
89	33	0
49	24	0
76	72	0
9	41	0
47	71	0
54	28	0
24	97	0
35	90	0
28	70	0
92	57	0
45	27	0
38	4	0
25	54	0
91	52	0
78	18	0
73	97	0
16	7	0
63	91	0
10	77	0
43	82	0
34	33	0
5	54	0
84	9	0
20	33	0
82	14	0
44	10	0
15	2	0
81	6	0
31	50	0
15	39	0
86	32	0
93	63	0
11	27	0
27	33	0
2	57	0
32	83	0
11	74	0
2	6	0
33	92	0
46	66	0
38	31	0
62	28	0
47	85	0
40	67	0
86	97	0
39	24	0
16	47	0
32	39	0
55	74	0
77	98	0
52	8	0
77	0	0
35	4	0
44	10	0
61	11	0
18	47	0
78	60	0
66	1	0
22	44	0
62	5	0
51	55	0
46	51	0
28	65	0
81	83	0
65	51	0
19	60	0
59	36	0
23	19	0
97	9	0
48	5	0
67	18	0
57	38	0
21	41	0
14	69	0
69	75	0
13	77	0
35	93	0
24	98	0
49	23	0
32	31	0
88	62	0
58	49	0
6	79	0
78	76	0
62	93	0
24	34	0
68	26	0
62	94	0
72	0	0
96	63	0
76	43	0
31	16	0
38	47	0
38	48	0
90	79	0
11	23	0
75	29	0
87	8	0
13	52	0
29	93	0
70	79	0
84	6	0
4	72	0
95	32	0
47	91	0
5	11	1
77	8	0
63	52	0
42	53	0
54	47	0
28	40	0
49	37	0
73	75	0
74	52	0
43	29	0
73	65	0
25	53	0
23	92	0
84	85	0
45	20	0
3	74	0
65	18	0
82	20	0
71	44	0
17	60	0
61	29	0
28	32	0
53	40	0
1	97	0
63	35	0
56	18	0
91	50	0
45	22	0
32	76	0
31	9	0
82	45	0
5	4	0
62	97	0
3	90	0
38	39	0
53	87	0
54	32	0
18	99	0
19	43	0
23	40	0
57	19	0
95	37	0
84	20	0
87	98	0
21	58	0
13	15	1
35	11	0
36	25	0
83	21	0
50	61	0
74	82	0
19	35	0
67	99	0
85	70	0
39	78	0
74	9	0
73	38	0
85	17	0
67	18	0
45	22	0
37	33	0
97	3	0
66	28	0
1	64	0
92	15	0
91	96	0
10	92	0
85	61	0
46	47	0
25	4	0
93	85	0
79	56	0
27	97	0
65	22	0
77	47	0
91	58	0
83	66	0
29	81	0
77	82	0
34	93	0
85	77	0
33	40	0
23	91	0
99	87	0
33	34	0
25	45	0
62	69	0
62	93	0
50	70	0
46	96	0
59	61	0
34	63	0
31	63	0
83	22	0
15	92	0
85	53	0
19	83	0
42	54	0
46	79	0
83	28	0
24	30	0
19	43	0
63	40	0
96	75	0
65	18	0
85	99	0
71	99	0
38	46	0
58	8	0
32	46	0
21	85	0
37	33	0
57	69	0
69	78	0
34	22	0
80	90	0
50	31	0
39	17	0
67	43	0
23	78	0
42	12	0
5	62	0
89	81	0
62	93	0
53	46	0
84	11	0
43	70	0
41	56	0
96	54	0
92	0	0
0	76	0
73	2	0
80	78	0
71	24	0
34	3	0
36	70	0
81	80	0
36	73	0
53	77	0
75	19	0
14	67	0
64	5	0
44	66	0
62	97	0
31	93	0
91	9	0
92	21	0
59	9	0
35	87	0
16	90	0
5	89	0
78	52	0
71	61	0
80	65	0
18	42	0
84	46	0
68	60	0
85	74	0
70	64	0
25	55	0
18	73	0
36	30	0
47	43	0
5	48	0
57	66	0
43	38	0
94	39	0
78	32	0
73	5	0
75	33	0
52	82	0
21	18	1
15	44	0
64	38	0
94	74	0
65	82	0
95	74	0
25	49	0
51	64	0
62	53	0
29	60	0
89	39	0
24	59	0
43	22	0
89	55	0
72	97	0
57	52	0
20	63	0
43	1	0
68	68	0
28	84	0
45	26	0
73	78	0
90	74	0
21	94	0
53	66	0
15	73	0
73	64	0
38	56	0
47	67	0
42	79	0
62	70	0
28	34	0
16	65	0
89	82	0
79	55	0
95	58	0
34	76	0
59	76	0
70	30	0
21	16	1
83	23	0
40	36	0
96	9	0
12	91	0
34	37	0
29	76	0
89	56	0
19	37	0
97	63	0
14	96	0
12	71	0
26	3	0
98	93	0
35	26	0
0	79	0
74	89	0
37	60	0
77	73	0
32	85	0
98	29	0
32	17	0
36	84	0
30	75	0
33	13	0
24	40	0
8	26	0
93	70	0
93	12	0
56	12	0
71	9	0
94	40	0
33	8	0
40	40	0
99	43	0
12	57	0
42	86	0
2	47	0
15	83	0
72	62	0
50	98	0
65	44	0
72	78	0
37	34	0
76	64	0
37	62	0
88	45	0
8	72	0
57	36	0
35	69	0
73	33	0
58	42	0
96	81	0
92	98	0
85	88	0
21	84	0
20	34	0
53	53	0
51	68	0
33	23	0
19	8	0
34	68	0
11	40	0
61	9	0
64	83	0
86	59	0
93	18	0
8	44	0
10	3	0
77	90	0
7	95	0
50	9	0
55	51	0
69	9	0
12	4	1
46	19	0
17	36	0
44	19	0
61	3	0
39	87	0
56	21	0
30	90	0
72	3	0
27	38	0
53	68	0
73	20	0
89	70	0
64	76	0
39	67	0
51	92	0
76	91	0
7	13	1
86	59	0
15	64	0
79	75	0
61	92	0
13	31	0
20	58	0
93	47	0
35	84	0
98	97	0
63	84	0
48	4	0
47	51	0
84	54	0
58	86	0
76	50	0
95	70	0
85	26	0
11	62	0
3	56	0
69	91	0
78	43	0
53	62	0
56	9	0
34	22	0
74	76	0
25	35	0
15	64	0
42	47	0
58	41	0
34	12	0
57	29	0
11	84	0
20	40	0
11	59	0
8	73	0
76	53	0
25	26	0
61	13	0
92	24	0
80	2	0
54	70	0
1	62	0
66	30	0
47	34	0
70	77	0
76	17	0
47	42	0
52	62	0
47	88	0
17	98	0
29	62	0
43	87	0
32	38	0
76	81	0
45	42	0
28	77	0
56	27	0
7	42	0
61	58	0
66	16	0
27	77	0
81	52	0
51	49	0
52	46	0
41	19	0
3	69	0
68	60	0
75	54	0
45	36	0
83	56	0
84	70	0
79	39	0
66	9	0
87	78	0
92	18	0
6	75	0
69	86	0
32	15	0
58	37	0
8	2	0
19	55	0
12	87	0
34	91	0
22	47	0
93	37	0
17	50	0
55	98	0
16	85	0
97	64	0
52	60	0
86	40	0
20	0	0
57	15	0
48	4	0
7	2	0
14	75	0
60	63	0
85	68	0
73	49	0
16	1	0
30	38	0
69	12	0
1	78	0
75	1	0
44	74	0
54	26	0
75	99	0
12	34	0
3	93	0
99	59	0
34	20	0
87	70	0
60	58	0
75	42	0
42	27	0
94	34	0
86	64	0
12	64	0
3	86	0
22	56	0
2	86	0
10	93	0
91	33	0
33	48	0
4	99	0
52	14	0
59	2	0
40	47	0
22	20	1
64	41	0
37	21	0
28	80	0
29	31	0
72	16	0
7	42	0
87	52	0
91	6	0
63	51	0
31	12	0
45	19	0
9	98	0
59	78	0
39	67	0
13	6	1
40	16	0
5	84	0
2	85	0
70	55	0
92	43	0
44	30	0
26	74	0
24	30	0
99	87	0
60	31	0
46	73	0
67	99	0
19	22	1
3	82	0
69	25	0
53	64	0
30	38	0
97	65	0
39	71	0
98	19	0
79	17	0
96	17	0
87	84	0
42	58	0
22	86	0
87	10	0
30	1	0
65	86	0
61	72	0
18	48	0
65	40	0
68	81	0
88	14	0
93	56	0
20	64	0
56	51	0
24	22	0
88	24	0
46	47	0
68	9	0
91	97	0
86	79	0
49	64	0
72	34	0
67	74	0
3	91	0
44	1	0
9	99	0
10	74	0
63	65	0
77	97	0
85	5	0
97	90	0
80	1	0
23	13	1
82	73	0
66	0	0
97	35	0
71	52	0
57	36	0
14	70	0
60	90	0
54	77	0
13	45	0
4	39	0
38	99	0
10	70	0
41	0	0
40	57	0
14	63	0
40	26	0
5	47	0
93	44	0
58	22	0
1	46	0
24	88	0
72	57	0
1	4	0
92	71	0
27	82	0
60	49	0
36	57	0
93	50	0
61	43	0
0	16	0
3	49	0
23	61	0
90	72	0
67	47	0
97	63	0
3	51	0
58	55	0
18	65	0
1	13	0
71	73	0
26	62	0
46	12	0
27	27	0
7	79	0
38	88	0
4	3	0
76	43	0
67	62	0
82	68	0
78	74	0
46	89	0
37	14	0
2	72	0
12	11	1
47	65	0
39	51	0
58	51	0
83	12	0
