78	66	0
37	32	0
65	99	0
15	14	0
94	35	0
89	91	0
72	41	0
7	76	0
3	7	0
13	94	0
86	41	0
69	79	0
31	30	0
65	74	0
91	50	0
50	92	1
57	68	0
40	30	0
89	81	0
97	85	0
70	78	0
6	24	0
68	70	0
73	31	0
65	82	0
51	67	0
62	83	0
93	50	0
99	33	0
93	72	0
41	0	0
83	33	0
33	15	0
93	68	0
92	71	0
91	23	1
91	9	0
18	30	0
64	72	0
2	87	0
94	11	1
62	96	0
22	34	0
78	74	0
92	39	0
58	94	0
4	19	0
90	14	0
68	37	0
74	11	1
51	43	0
79	39	0
15	97	1
86	71	0
58	93	0
20	62	0
93	55	0
36	37	0
34	9	0
63	59	0
10	92	0
99	25	0
36	69	0
87	61	0
96	7	0
75	94	0
69	80	0
6	22	0
74	81	0
83	68	0
81	43	0
16	96	1
57	36	0
88	44	0
83	35	0
89	41	0
12	60	0
4	14	0
88	64	0
60	99	0
35	82	0
61	92	0
76	43	0
62	68	0
81	77	0
78	79	0
23	16	0
7	7	0
84	60	0
88	0	0
15	45	0
75	76	0
63	79	0
62	78	0
54	8	0
56	95	1
75	86	0
79	52	0
11	88	0
95	87	0
0	95	0
18	55	0
91	87	0
92	75	0
50	79	0
72	45	0
81	36	0
56	64	0
17	56	0
46	21	0
87	86	0
75	4	0
86	39	0
81	94	0
60	74	0
73	75	0
19	26	0
68	98	0
71	63	1
56	93	0
30	78	0
31	38	0
72	53	1
58	45	0
60	83	0
67	38	0
5	98	0
93	32	0
64	20	1
51	28	0
84	19	1
69	68	0
75	96	0
90	71	0
87	11	1
95	26	0
98	82	0
69	76	0
48	82	0
17	76	1
96	10	1
11	48	0
76	72	0
77	74	0
86	55	0
88	58	0
85	68	0
55	15	0
34	23	0
77	62	0
29	75	0
58	85	1
84	75	0
98	45	0
99	31	0
70	62	0
68	99	0
66	12	0
0	93	0
13	99	0
98	59	0
59	70	1
89	74	0
11	16	0
85	7	1
83	10	0
93	27	0
85	21	1
82	32	0
14	17	0
30	77	0
55	96	1
85	35	0
76	98	0
89	77	0
65	32	0
66	84	0
6	5	0
33	9	0
45	27	0
68	39	0
0	55	0
31	12	0
99	86	0
96	55	0
97	11	1
60	0	0
37	7	0
98	84	0
29	75	0
8	95	0
35	33	0
72	51	0
73	71	0
52	72	0
82	79	0
72	32	0
80	78	0
87	33	0
86	66	0
55	35	0
99	73	0
65	9	0
99	11	1
31	57	0
78	90	0
95	42	0
89	45	0
78	91	0
92	41	0
44	48	0
55	97	0
69	83	0
24	76	0
84	86	0
6	94	0
91	14	1
21	97	1
87	29	0
91	61	0
29	2	0
49	93	1
46	54	0
11	16	0
86	48	0
88	9	1
67	90	0
14	22	0
75	31	0
73	77	0
16	32	0
81	42	0
77	0	0
93	66	0
68	18	0
94	94	0
16	33	0
55	99	1
67	54	0
91	41	0
62	46	0
4	56	0
92	70	0
94	64	0
5	84	0
77	86	0
39	16	0
66	52	0
59	98	0
66	93	0
99	43	0
63	10	0
71	42	0
78	31	0
91	56	0
77	33	0
89	73	0
51	89	1
90	99	0
81	97	0
14	8	0
2	84	0
73	83	0
69	91	0
52	17	0
82	57	0
99	1	0
98	80	0
65	81	0
92	22	1
61	78	0
85	21	1
97	3	0
90	32	0
14	43	0
2	96	0
90	88	0
87	93	0
84	87	0
80	60	0
71	78	0
5	88	0
26	26	0
3	11	0
40	43	0
84	41	0
62	61	0
60	3	0
73	82	0
79	76	0
84	48	0
72	60	0
26	21	0
99	42	0
74	96	0
54	38	0
70	80	0
93	67	0
18	52	0
52	72	0
57	80	0
57	86	1
3	49	0
74	79	0
98	44	0
91	70	0
49	91	1
87	27	0
85	7	1
95	70	0
66	70	0
0	96	0
78	92	0
19	22	0
9	94	0
67	74	0
66	64	0
89	90	0
5	81	0
85	56	0
15	3	0
47	91	1
8	84	0
1	15	0
97	55	0
77	28	1
17	21	0
10	35	0
77	38	0
71	80	0
91	75	0
83	40	0
78	74	0
71	87	0
2	71	0
89	66	0
61	24	0
97	40	0
78	87	0
75	71	0
41	81	0
90	63	0
94	9	1
41	73	0
0	98	0
76	38	0
27	33	0
65	85	0
35	73	0
65	96	0
93	52	0
86	34	0
73	67	0
96	81	0
96	43	0
96	95	0
82	69	0
70	33	0
39	86	1
83	75	0
82	68	0
99	31	0
48	64	0
67	29	0
86	89	0
87	60	0
26	82	0
89	35	0
79	42	0
88	39	0
99	83	0
74	50	0
9	80	0
14	99	0
38	31	0
29	72	0
60	8	0
1	94	0
77	47	0
7	15	0
20	57	0
65	67	0
72	77	0
81	47	0
71	44	0
78	64	1
72	46	0
15	40	0
93	77	0
62	93	0
76	16	0
15	93	0
96	54	0
58	25	1
28	20	0
29	33	0
72	49	0
93	34	0
10	6	0
42	1	0
53	59	0
95	87	0
27	8	0
59	12	0
90	83	0
72	61	1
61	87	0
23	54	0
93	46	0
85	60	0
5	89	0
1	99	0
47	31	0
95	31	0
18	31	0
84	37	0
82	17	0
35	30	0
16	98	1
58	86	1
18	37	0
80	41	0
67	91	0
72	41	0
9	10	0
92	54	0
85	40	0
82	18	0
60	31	1
57	98	0
81	38	0
51	98	0
59	52	0
73	45	0
55	94	0
91	49	0
95	99	0
87	88	0
73	71	0
73	24	0
94	43	0
95	98	0
96	97	0
86	23	1
83	68	0
12	99	1
84	94	0
56	74	0
3	18	0
34	93	0
84	33	0
20	96	1
75	32	0
79	45	0
77	50	0
99	53	0
87	32	0
80	23	1
5	78	0
9	12	0
54	81	0
26	69	0
37	2	0
3	87	0
98	40	0
94	89	0
85	49	0
92	88	0
69	57	1
93	44	0
