87	65	0
47	12	0
35	32	0
54	96	0
8	10	0
95	39	0
97	90	0
37	5	0
62	81	0
44	16	0
90	43	0
5	77	0
20	8	0
23	62	0
97	22	0
80	77	0
57	30	0
18	47	0
91	66	0
96	11	0
48	90	0
61	75	0
79	85	0
53	3	0
41	79	0
56	9	0
84	73	0
62	87	0
86	72	0
3	27	0
58	23	0
35	16	0
85	33	0
36	52	0
89	64	0
3	92	0
39	99	0
96	27	0
75	92	0
51	1	0
25	66	0
94	56	0
94	71	0
54	66	0
95	52	0
5	80	0
21	40	1
66	0	0
92	63	0
18	72	0
62	2	0
7	78	0
53	97	0
38	77	0
99	68	0
48	32	0
24	26	0
92	75	0
96	98	0
99	14	0
15	96	0
96	17	0
40	4	0
75	76	0
43	12	0
7	93	0
79	6	0
44	83	0
72	95	0
52	65	0
7	31	0
67	94	0
27	35	1
14	53	0
88	30	0
17	39	0
27	85	0
51	98	0
63	28	0
30	97	0
62	97	0
3	23	0
99	9	0
90	21	0
37	59	0
76	39	0
23	35	1
79	54	0
22	36	1
50	9	0
37	7	0
68	38	0
15	99	0
60	11	0
52	88	0
41	5	0
45	30	0
86	40	0
37	63	0
74	44	0
12	60	0
80	81	0
2	74	0
28	93	0
95	56	0
62	8	0
44	70	0
33	57	0
60	2	0
70	53	0
3	54	0
30	1	0
22	44	0
39	31	0
66	92	0
57	50	0
20	95	0
84	6	0
53	77	0
79	82	0
99	1	0
63	81	0
48	71	0
30	10	0
59	96	0
96	74	0
70	63	0
23	98	0
65	35	0
33	20	0
15	45	0
75	10	0
9	64	0
96	65	0
96	23	0
83	34	0
36	53	0
56	19	0
83	73	0
21	14	0
33	12	0
78	66	0
40	33	0
67	70	0
71	87	0
51	33	0
42	27	0
56	39	0
14	42	0
28	53	0
19	59	0
77	84	0
43	55	0
32	99	0
80	45	0
78	67	0
54	83	0
31	34	1
95	69	0
12	30	0
52	45	0
17	12	0
26	83	0
34	76	0
87	32	0
42	41	0
73	11	0
40	82	0
54	27	0
47	49	0
79	77	0
26	64	0
50	74	0
35	86	0
36	45	0
43	11	0
55	10	0
30	71	0
25	80	0
81	77	0
94	67	0
28	93	0
29	34	1
95	68	0
30	52	0
24	86	0
58	76	0
40	54	0
29	11	0
15	34	1
70	96	0
88	83	0
59	66	0
75	33	0
4	55	0
56	6	0
78	34	0
62	28	0
66	30	0
17	66	0
0	55	0
54	51	0
76	23	0
38	64	0
93	31	0
33	95	0
25	65	0
39	20	0
78	79	0
34	57	0
33	9	0
19	91	0
53	10	0
98	86	0
66	90	0
95	5	0
7	80	0
23	63	0
91	32	0
55	80	0
47	38	0
57	60	0
49	69	0
46	65	0
21	75	0
29	57	0
69	1	0
0	61	0
58	82	0
91	44	0
43	89	0
83	60	0
65	28	0
44	69	0
22	85	0
38	91	0
54	39	0
73	36	0
25	35	1
84	56	0
76	41	0
66	69	0
7	49	0
52	15	0
10	86	0
67	61	0
60	36	0
66	35	0
54	24	0
6	60	0
88	15	0
44	11	0
64	67	0
50	77	0
74	33	0
97	39	0
93	0	0
3	59	0
98	74	0
23	98	0
92	69	0
36	92	0
56	32	0
60	13	0
20	92	0
67	31	0
43	67	0
36	73	0
46	5	0
29	99	0
80	90	0
66	94	0
76	45	0
88	73	0
21	96	0
45	60	0
66	2	0
67	38	0
31	15	0
36	1	0
56	12	0
53	57	0
77	39	0
37	49	0
36	48	0
36	72	0
71	86	0
80	66	0
59	81	0
86	1	0
79	41	0
65	1	0
20	49	0
27	34	1
72	47	0
62	50	0
66	66	0
13	36	0
42	69	0
60	28	0
25	87	0
29	91	0
27	73	0
94	61	0
46	17	0
37	0	0
29	55	0
85	65	0
58	11	0
74	91	0
12	2	0
52	97	0
0	73	0
35	91	0
40	35	0
0	61	0
85	23	0
25	32	1
73	4	0
48	13	0
89	10	0
32	51	0
19	50	0
77	24	0
85	58	0
11	20	0
23	33	1
7	63	0
34	97	0
0	87	0
45	99	0
54	71	0
54	37	0
65	16	0
43	84	0
44	68	0
83	93	0
28	23	0
11	56	0
31	48	0
64	60	0
70	84	0
32	24	0
80	24	0
39	2	0
50	2	0
58	24	0
30	47	0
77	75	0
88	8	0
21	44	0
51	20	0
52	49	0
40	35	0
36	52	0
80	75	0
77	53	0
14	51	0
58	31	0
97	9	0
61	5	0
52	24	0
52	36	0
34	25	0
0	75	0
59	80	0
26	71	0
22	94	0
28	96	0
58	14	0
38	33	0
97	43	0
88	54	0
0	75	0
82	71	0
70	75	0
76	26	0
77	83	0
82	6	0
81	60	0
73	53	0
38	21	0
61	55	0
26	50	0
87	78	0
71	20	0
97	12	0
29	47	0
38	91	0
71	73	0
83	14	0
13	67	0
94	27	0
40	94	0
80	20	0
74	43	0
40	52	0
54	39	0
28	41	0
32	49	0
59	87	0
80	32	0
36	17	0
70	72	0
25	67	0
12	95	0
91	90	0
33	36	0
6	84	0
60	32	0
85	20	0
83	44	0
7	64	0
61	34	0
47	26	0
41	43	0
9	99	0
78	23	0
53	6	0
90	44	0
49	47	0
22	75	0
14	3	0
59	60	0
54	89	0
7	52	0
44	67	0
39	78	0
53	34	0
15	95	0
6	46	0
20	42	0
59	16	0
90	29	0
89	14	0
77	86	0
21	60	0
29	29	0
42	27	0
82	1	0
66	63	0
75	95	0
18	42	0
63	93	0
93	68	0
36	83	0
70	6	0
66	53	0
69	20	0
77	9	0
45	30	0
45	10	0
99	0	0
82	35	0
9	79	0
81	10	0
91	98	0
24	92	0
96	64	0
45	58	0
10	27	0
89	93	0
59	42	0
4	96	0
68	34	0
70	41	0
72	55	0
81	65	0
28	74	0
83	70	0
34	88	0
97	80	0
36	94	0
99	76	0
31	29	1
42	30	0
58	67	0
65	99	0
47	67	0
70	96	0
68	50	0
31	65	0
37	67	0
79	9	0
9	83	0
93	51	0
23	87	0
49	73	0
47	84	0
88	41	0
37	54	0
22	36	1
47	26	0
83	54	0
63	16	0
90	88	0
56	95	0
43	49	0
54	3	0
37	42	0
51	85	0
34	23	0
47	62	0
71	74	0
41	20	0
98	93	0
49	20	0
18	5	0
55	24	0
23	80	0
41	3	0
18	56	0
91	91	0
60	86	0
58	56	0
65	7	0
38	68	0
49	50	0
98	54	0
87	2	0
2	70	0
73	1	0
55	74	0
63	28	0
45	12	0
32	66	0
84	81	0
35	73	0
38	79	0
80	28	0
24	46	0
63	29	0
41	66	0
64	86	0
33	97	0
87	4	0
99	21	0
68	12	0
24	78	0
21	96	0
20	81	0
70	40	0
82	70	0
73	82	0
15	43	0
78	43	0
66	73	0
78	72	0
56	69	0
20	76	0
15	63	0
47	22	0
39	15	0
1	31	0
42	54	0
30	43	0
87	26	0
78	36	0
67	3	0
80	43	0
52	63	0
20	69	0
52	25	0
91	85	0
49	93	0
75	64	0
27	56	0
39	83	0
73	47	0
28	48	0
79	27	0
22	49	0
37	21	0
89	53	0
89	91	0
53	58	0
7	61	0
48	9	0
60	60	0
29	84	0
39	32	0
82	88	0
94	70	0
19	78	0
73	48	0
5	67	0
81	59	0
30	59	0
55	62	0
35	79	0
54	68	0
5	52	0
78	69	0
65	57	0
86	49	0
22	71	0
59	83	0
54	19	0
93	23	0
50	32	0
98	11	0
13	84	0
37	38	0
33	62	0
83	61	0
24	59	0
81	72	0
16	92	0
17	85	0
92	90	0
43	23	0
8	68	0
77	95	0
43	62	0
84	61	0
21	94	0
92	29	0
29	5	0
35	81	0
30	73	0
32	14	0
12	42	0
7	24	0
82	67	0
97	14	0
56	12	0
78	30	0
90	31	0
33	12	0
35	54	0
96	36	0
7	57	0
51	93	0
10	56	0
29	81	0
70	51	0
52	98	0
77	58	0
71	84	0
37	35	0
74	63	0
41	56	0
81	63	0
13	67	0
56	32	0
32	76	0
86	38	0
73	28	0
82	67	0
94	99	0
87	80	0
52	70	0
65	40	0
50	71	0
43	22	0
33	13	0
33	78	0
1	37	0
61	5	0
58	87	0
81	86	0
86	6	0
16	41	0
55	82	0
14	97	0
59	3	0
59	48	0
57	21	0
40	22	0
15	34	1
49	17	0
83	5	0
41	93	0
66	27	0
29	96	0
97	13	0
29	47	0
43	64	0
69	30	0
80	88	0
68	73	0
39	65	0
54	92	0
73	67	0
85	43	0
13	69	0
79	86	0
82	98	0
27	31	1
16	59	0
93	46	0
29	75	0
96	92	0
55	98	0
43	11	0
75	66	0
88	60	0
59	85	0
74	58	0
90	70	0
73	37	0
17	55	0
1	65	0
64	74	0
74	36	0
53	54	0
48	2	0
37	17	0
96	72	0
11	51	0
28	52	0
58	30	0
39	13	0
56	29	0
19	93	0
5	58	0
19	81	0
71	50	0
82	20	0
92	30	0
87	3	0
57	86	0
10	51	0
52	26	0
60	52	0
49	80	0
90	14	0
25	37	1
62	54	0
44	89	0
20	87	0
39	63	0
27	87	0
36	22	0
78	79	0
45	34	0
47	81	0
56	40	0
10	42	0
59	61	0
62	13	0
24	82	0
89	42	0
22	40	0
27	52	0
23	15	0
1	65	0
79	67	0
75	62	0
40	51	0
80	51	0
85	68	0
71	34	0
66	18	0
84	70	0
82	23	0
8	55	0
75	87	0
26	31	0
62	30	0
10	61	0
1	88	0
35	93	0
36	56	0
95	29	0
7	48	0
59	90	0
6	89	0
89	57	0
53	47	0
86	28	0
13	9	0
43	33	0
72	3	0
18	85	0
53	48	0
98	59	0
85	41	0
9	4	0
13	44	0
60	12	0
8	66	0
83	5	0
51	74	0
38	28	0
89	90	0
12	18	0
30	92	0
95	55	0
30	13	0
90	99	0
49	59	0
65	58	0
44	36	0
95	27	0
92	91	0
4	62	0
11	71	0
10	49	0
24	81	0
16	98	0
70	26	0
36	53	0
11	89	0
46	17	0
70	14	0
38	58	0
64	54	0
50	19	0
33	69	0
34	27	0
86	23	0
7	38	0
75	62	0
91	9	0
55	45	0
32	19	0
46	6	0
11	91	0
50	70	0
41	63	0
34	12	0
16	94	0
10	88	0
69	45	0
96	34	0
37	29	0
30	61	0
88	93	0
46	32	0
61	70	0
66	89	0
9	83	0
75	36	0
52	56	0
13	42	0
93	76	0
50	62	0
93	12	0
76	11	0
85	21	0
67	90	0
48	67	0
45	53	0
66	16	0
45	6	0
61	94	0
67	65	0
19	54	0
76	37	0
51	94	0
86	35	0
88	62	0
34	73	0
49	54	0
22	35	1
85	28	0
37	51	0
82	6	0
94	90	0
72	61	0
56	81	0
75	36	0
68	84	0
16	89	0
38	3	0
11	90	0
11	59	0
57	69	0
77	82	0
64	13	0
99	97	0
92	12	0
94	87	0
62	12	0
79	29	0
75	53	0
51	42	0
15	81	0
59	98	0
67	81	0
31	48	0
8	35	0
17	90	0
12	61	0
45	6	0
39	48	0
18	68	0
40	43	0
3	39	0
99	55	0
44	21	0
14	62	0
29	87	0
66	80	0
91	56	0
7	68	0
62	46	0
23	61	0
74	45	0
55	36	0
2	51	0
25	45	0
86	55	0
67	57	0
88	51	0
3	67	0
65	53	0
5	82	0
5	12	0
89	69	0
11	63	0
30	3	0
40	22	0
14	96	0
18	84	0
89	38	0
64	67	0
78	62	0
77	82	0
43	65	0
58	41	0
6	72	0
44	68	0
35	49	0
67	56	0
76	18	0
