79	67	0
37	33	0
65	99	0
14	14	0
95	35	0
90	93	0
71	42	0
7	78	0
3	7	0
14	93	0
84	41	0
69	78	0
31	32	0
65	74	0
93	49	0
52	94	1
58	69	0
40	31	0
89	80	0
98	84	0
71	79	0
7	24	0
69	69	0
75	30	0
64	81	0
50	67	0
62	81	0
93	50	0
98	33	0
93	70	0
42	1	0
82	32	0
33	15	0
93	68	0
92	71	0
92	24	1
93	9	0
17	32	0
63	73	0
1	88	0
96	10	1
61	96	0
22	34	0
76	75	0
93	38	0
57	93	0
3	17	0
89	14	0
69	37	0
75	10	1
51	45	0
80	39	0
15	98	1
85	71	0
57	92	0
19	61	0
95	55	0
36	37	0
35	9	0
62	58	0
10	91	0
99	25	0
38	70	0
88	60	0
97	7	0
75	94	0
69	80	0
7	22	0
75	82	0
81	69	0
82	43	0
15	97	1
57	38	0
89	43	0
83	35	0
88	41	0
14	60	0
5	14	0
87	64	0
59	98	0
34	82	0
61	93	0
76	44	0
61	68	0
79	75	0
79	80	0
25	17	0
8	9	0
84	59	0
90	0	0
15	45	0
74	77	0
63	79	0
62	80	0
54	6	0
56	95	1
76	86	0
77	52	0
10	90	0
96	87	0
1	95	0
19	54	0
90	87	0
94	74	0
50	79	0
71	46	0
80	36	0
55	63	0
16	56	0
45	20	0
87	85	0
75	3	0
84	39	0
82	95	0
61	73	0
75	75	0
18	25	0
68	99	0
70	63	1
56	95	0
30	76	0
31	39	0
72	53	1
58	45	0
60	83	0
66	36	0
6	96	0
93	32	0
65	22	1
53	29	0
83	21	1
68	66	0
75	95	0
91	70	0
87	11	1
95	26	0
97	83	0
68	75	0
48	82	0
16	75	1
95	10	1
10	46	0
74	73	0
77	74	0
87	54	0
87	56	0
87	67	0
54	16	0
34	25	0
76	61	0
30	76	0
57	84	1
85	75	0
98	45	0
99	32	0
68	63	0
67	99	0
66	12	0
0	93	0
12	99	1
98	59	0
58	71	1
89	73	0
12	15	0
84	7	1
83	10	0
93	28	0
84	20	1
82	31	0
13	16	0
30	77	0
55	96	1
86	35	0
76	99	0
89	77	0
66	33	0
65	84	0
8	5	0
34	10	0
44	29	0
69	38	0
0	56	0
30	13	0
99	86	0
96	55	0
97	11	1
58	0	0
37	8	0
97	85	0
28	75	0
8	95	0
34	32	0
70	50	0
73	72	0
51	72	0
82	79	0
74	32	0
79	78	0
85	34	0
85	66	0
55	34	0
98	71	0
65	9	0
99	9	1
31	57	0
78	89	0
95	42	0
89	45	0
76	92	0
91	41	0
44	50	0
55	97	0
69	82	0
25	76	0
83	85	0
5	94	0
91	15	1
20	96	1
87	31	0
92	61	0
30	1	0
48	94	1
47	53	0
11	17	0
85	48	0
88	8	1
68	90	0
15	23	0
73	30	0
73	77	0
18	32	0
80	42	0
78	2	0
93	67	0
69	19	0
96	94	0
17	33	0
54	99	1
67	54	0
90	40	0
64	47	0
2	55	0
92	70	0
94	65	0
6	85	0
76	87	0
39	16	0
66	52	0
59	98	0
67	94	0
98	43	0
61	11	0
71	42	0
77	29	0
91	55	0
77	33	0
88	74	0
50	89	1
91	99	0
81	98	0
14	8	0
0	85	0
72	84	0
69	92	0
53	19	0
82	58	0
99	1	0
98	79	0
64	81	0
93	24	1
61	76	0
84	20	1
97	2	0
89	32	0
14	44	0
2	98	0
89	89	0
88	93	0
84	86	0
80	59	0
72	77	0
4	87	0
27	25	0
3	12	0
41	43	0
85	40	0
62	61	0
59	4	0
74	81	0
80	74	0
83	49	0
73	60	0
27	21	0
99	43	0
73	97	0
54	36	0
68	80	0
92	69	0
18	53	0
52	72	0
58	80	0
58	85	1
3	48	0
74	77	0
98	45	0
91	70	0
50	91	1
87	27	0
86	7	1
95	70	0
64	70	0
1	96	0
79	91	0
17	22	0
10	93	0
67	74	0
66	65	0
89	91	0
5	81	0
84	57	0
16	3	0
48	90	1
9	84	0
2	16	0
97	56	0
76	27	1
17	21	0
10	35	0
77	38	0
71	80	0
89	75	0
81	40	0
78	74	0
72	86	0
2	71	0
89	68	0
62	25	0
96	41	0
79	87	0
75	72	0
41	82	0
91	64	0
94	9	1
41	72	0
0	99	0
76	38	0
28	31	0
64	84	0
35	71	0
65	96	0
92	52	0
85	34	0
72	66	0
94	81	0
96	43	0
96	96	0
83	69	0
70	32	0
38	85	1
84	77	0
81	66	0
98	31	0
50	62	0
68	28	0
85	90	0
88	60	0
25	83	0
90	35	0
81	41	0
88	39	0
99	83	0
74	50	0
8	81	0
14	98	0
39	30	0
29	72	0
61	8	0
0	93	0
76	46	0
7	14	0
21	55	0
65	66	0
74	76	0
81	47	0
70	44	0
80	64	1
73	45	0
13	39	0
93	76	0
63	92	0
77	16	0
15	93	0
94	56	0
57	25	1
27	20	0
30	32	0
72	51	0
93	35	0
11	6	0
43	2	0
52	59	0
96	89	0
29	6	0
61	11	0
91	84	0
73	62	1
60	86	0
23	53	0
92	46	0
84	62	0
4	88	0
1	97	0
48	32	0
95	31	0
19	31	0
85	37	0
80	17	0
35	32	0
15	99	1
58	86	1
19	36	0
79	42	0
67	90	0
74	40	0
9	10	0
93	55	0
86	40	0
82	17	0
61	31	1
59	99	0
80	38	0
51	98	0
57	52	0
73	45	0
55	93	0
91	48	0
94	99	0
86	89	0
71	72	0
73	23	0
94	42	0
95	98	0
97	97	0
86	23	1
84	68	0
12	99	1
84	93	0
57	75	0
3	18	0
33	94	0
83	33	0
20	96	1
75	33	0
79	44	0
77	50	0
99	55	0
86	32	0
80	24	1
5	77	0
9	12	0
55	82	0
26	69	0
37	1	0
3	85	0
97	41	0
95	89	0
86	48	0
92	89	0
70	58	1
93	44	0
