88	60	0
33	28	0
63	98	0
12	5	0
89	38	0
81	97	0
48	80	0
71	48	0
1	81	0
1	0	0
15	97	0
94	46	0
69	74	0
35	39	0
72	84	0
99	48	0
50	95	0
61	78	0
37	18	0
81	67	0
86	94	0
83	83	0
3	32	0
74	17	1
69	66	0
23	94	1
82	34	0
73	95	0
47	69	0
68	79	0
93	53	0
99	21	0
91	77	0
37	8	0
46	92	0
74	36	0
29	20	0
99	79	0
80	79	0
98	14	0
99	13	0
19	42	0
58	82	0
3	88	0
90	2	0
63	93	0
11	28	0
82	82	0
92	28	0
26	91	1
51	95	0
82	13	1
13	13	0
98	10	0
74	41	0
42	82	1
74	21	0
53	51	0
78	30	0
8	94	0
48	79	1
88	62	0
65	94	0
8	69	0
45	91	0
94	52	0
67	19	1
42	39	0
30	5	0
71	61	0
4	86	0
95	31	0
44	63	0
84	52	0
94	3	0
75	99	0
74	80	0
8	26	0
66	81	0
84	67	0
80	46	0
16	98	0
58	43	0
88	51	0
91	39	0
95	35	0
13	60	0
6	14	0
98	57	0
52	97	0
43	73	0
57	92	0
69	33	0
69	69	0
77	76	0
88	73	0
24	19	0
13	8	0
87	58	0
90	1	0
25	99	1
14	43	0
72	68	0
62	82	0
57	79	0
46	8	0
47	85	0
62	77	0
79	53	0
20	95	0
91	84	0
1	79	0
16	56	0
80	84	0
89	74	0
51	67	0
65	40	0
78	37	0
35	92	1
46	71	0
19	48	0
46	80	1
44	25	0
91	87	0
31	99	1
84	2	0
80	34	0
72	88	0
60	82	0
66	68	0
19	24	0
18	73	0
61	87	0
75	66	0
43	94	0
53	90	0
78	16	1
37	90	0
30	32	0
74	66	0
61	47	0
68	72	0
73	32	0
2	92	0
63	56	1
96	37	0
61	32	0
48	22	0
87	20	0
66	73	0
77	99	0
85	72	0
92	22	0
95	34	0
98	67	0
67	70	0
60	90	0
68	18	0
15	81	0
89	12	0
11	43	0
32	88	1
79	75	0
74	80	0
90	51	0
89	60	0
45	79	1
94	67	0
51	6	0
47	25	0
80	53	0
31	74	0
62	78	0
81	77	0
82	6	0
94	54	0
94	41	0
74	57	0
68	88	0
55	8	0
2	89	0
3	88	0
94	62	0
73	59	0
79	14	1
95	74	0
24	17	0
29	92	1
47	99	0
82	4	0
81	7	0
98	32	0
83	31	0
75	32	0
10	9	0
26	88	0
44	87	0
87	42	0
71	97	0
98	79	0
68	39	0
67	85	0
10	1	0
36	4	0
37	26	0
77	33	0
76	17	1
4	46	0
31	20	0
94	84	0
99	71	0
81	22	1
98	12	0
64	0	0
78	14	1
36	7	0
95	89	0
26	86	0
0	97	0
41	36	0
70	44	0
76	71	0
63	74	0
87	85	0
68	34	0
77	80	0
91	31	0
87	62	0
60	47	0
99	73	0
63	14	0
99	9	0
29	47	0
70	92	0
97	43	0
91	44	0
73	93	0
86	35	0
67	14	1
46	51	0
60	93	0
75	85	0
21	79	0
83	83	0
5	95	0
95	4	0
88	13	0
52	79	0
12	99	0
84	39	0
90	64	0
28	1	0
47	95	0
54	67	0
0	18	0
86	37	0
97	9	0
77	92	0
15	24	0
79	29	0
72	78	0
11	28	0
47	81	1
77	47	0
86	6	0
80	12	1
91	65	0
11	78	1
66	16	0
91	97	0
39	98	0
62	56	1
5	34	0
62	86	0
62	53	0
91	47	0
68	42	0
70	56	0
2	53	0
91	69	0
25	98	1
86	68	0
6	91	0
81	93	0
37	26	0
71	60	0
67	98	0
54	90	0
99	52	0
64	8	0
4	68	1
70	43	0
29	96	1
88	27	0
96	50	0
75	28	0
85	70	0
47	96	0
56	95	0
26	92	1
89	90	0
69	82	0
13	0	0
0	90	0
79	85	0
61	98	0
68	30	0
78	60	0
99	0	0
88	7	0
92	82	0
62	86	0
91	15	0
86	14	1
69	87	0
38	99	1
91	16	0
99	3	0
77	30	0
5	46	0
14	92	0
20	96	0
85	91	0
89	94	0
84	87	0
86	70	0
79	77	0
8	90	0
28	12	0
4	3	0
37	38	0
88	18	0
84	33	0
65	65	0
59	8	0
87	81	0
79	82	0
82	48	0
78	65	0
26	6	0
99	41	0
70	89	0
54	38	0
26	93	1
75	88	0
96	60	0
23	66	0
46	67	0
61	74	0
45	94	0
2	48	0
83	73	0
94	49	0
95	72	0
36	82	1
58	88	0
87	19	0
84	10	0
13	79	0
33	88	1
97	68	0
68	74	0
1	99	0
8	72	1
78	94	0
23	21	0
2	78	0
66	78	0
63	69	0
81	87	0
0	87	0
79	53	0
19	4	0
51	86	0
7	86	0
2	15	0
93	62	0
86	10	1
75	22	0
16	17	0
17	46	0
67	32	0
62	81	0
90	76	0
87	46	0
76	76	0
78	87	0
1	63	0
80	62	0
64	30	0
98	42	0
90	91	0
85	78	0
50	78	0
99	78	0
93	9	0
52	74	0
1	95	0
69	32	0
64	17	1
80	27	0
28	30	0
56	88	0
55	53	1
33	76	0
62	91	0
92	52	0
88	32	0
80	67	0
92	90	0
88	51	0
89	95	0
30	84	1
78	71	0
73	41	0
46	87	0
92	83	0
81	71	0
98	30	0
49	76	0
82	21	1
52	38	0
88	84	0
91	54	0
16	83	0
77	33	0
75	33	0
96	42	0
87	11	1
91	85	0
82	14	1
78	42	0
10	86	0
19	97	0
49	31	0
26	63	0
49	84	0
64	3	0
9	93	0
72	46	0
17	11	0
19	62	0
69	73	0
77	68	0
76	64	0
79	47	0
73	68	0
86	52	0
8	44	0
96	88	0
63	57	1
46	91	0
85	20	0
46	99	0
18	88	0
92	51	0
64	31	0
21	19	0
26	40	0
81	52	0
99	28	0
19	9	0
42	5	0
53	67	0
98	85	0
17	6	0
44	83	0
59	23	0
86	76	0
68	64	0
64	87	0
9	53	0
98	46	0
88	62	0
2	85	0
1	92	0
50	33	0
90	18	0
11	23	0
91	35	0
77	9	0
40	31	0
18	96	0
64	88	0
26	26	0
27	99	1
55	55	1
75	44	0
62	86	0
19	98	0
70	38	0
7	4	0
85	52	0
83	36	0
82	31	0
66	24	0
57	95	0
36	92	0
77	36	0
57	99	0
69	64	0
81	45	0
61	91	0
91	43	0
92	98	0
83	85	0
52	84	0
88	8	0
75	73	0
70	26	0
92	47	0
92	99	0
82	15	1
90	99	0
89	18	0
79	72	0
3	90	0
82	96	0
77	81	0
4	20	0
18	95	0
84	25	0
16	89	0
52	82	0
83	36	0
78	51	0
23	94	1
79	52	0
92	52	0
81	40	0
81	26	0
0	93	0
14	10	0
61	83	0
21	55	0
32	9	0
4	86	0
95	40	0
85	79	0
86	51	0
88	78	0
70	45	0
5	79	1
86	21	0
96	39	0
