88	68	0
48	14	0
34	29	0
52	96	0
8	10	0
96	39	0
96	89	0
36	5	0
63	82	0
46	14	0
91	45	0
5	76	0
19	7	0
23	62	0
98	24	0
79	79	0
57	31	0
19	48	0
92	66	0
96	11	0
46	91	0
63	75	0
81	86	0
53	2	0
42	80	0
57	8	0
86	74	0
63	85	0
84	74	0
2	27	0
61	23	0
34	16	0
86	34	0
36	52	0
90	64	0
5	90	0
41	99	0
95	25	0
77	92	0
51	1	0
26	65	0
95	57	0
96	73	0
52	65	0
97	53	0
6	80	0
22	38	1
66	0	0
91	63	0
18	69	0
63	1	0
8	77	0
53	96	0
36	76	0
99	69	0
48	34	0
24	27	0
90	76	0
97	96	0
98	16	0
13	96	0
93	16	0
40	2	0
74	77	0
43	11	0
7	92	0
79	6	0
44	82	0
72	95	0
50	64	0
6	30	0
70	93	0
28	37	1
13	54	0
87	32	0
16	41	0
26	86	0
52	98	0
62	28	0
29	96	0
63	99	0
3	23	0
98	8	0
91	21	0
38	59	0
77	41	0
20	37	1
80	54	0
23	35	1
48	9	0
36	6	0
67	38	0
16	98	0
61	13	0
54	88	0
41	6	0
45	29	0
85	41	0
35	62	0
76	44	0
12	62	0
79	80	0
3	75	0
26	92	0
96	58	0
60	8	0
45	70	0
31	56	0
62	4	0
69	51	0
3	56	0
30	2	0
22	44	0
38	33	0
67	92	0
58	49	0
20	95	0
83	6	0
50	77	0
81	82	0
98	2	0
63	80	0
48	72	0
28	9	0
61	95	0
96	73	0
70	65	0
23	97	0
67	36	0
32	21	0
16	45	0
75	11	0
9	64	0
95	64	0
96	25	0
85	34	0
35	53	0
58	19	0
82	73	0
20	14	0
33	12	0
79	65	0
37	34	0
68	71	0
71	87	0
52	31	0
43	29	0
56	38	0
14	42	0
27	53	0
17	60	0
76	82	0
44	54	0
35	99	0
82	47	0
79	70	0
55	84	0
29	33	1
96	68	0
12	32	0
51	46	0
17	12	0
26	84	0
34	78	0
87	34	0
39	38	0
71	11	0
42	83	0
54	29	0
48	49	0
79	77	0
28	65	0
53	74	0
37	87	0
35	46	0
44	12	0
53	9	0
30	73	0
25	83	0
80	78	0
93	69	0
29	92	0
28	34	1
97	70	0
30	52	0
25	86	0
57	77	0
40	53	0
29	13	0
14	33	0
69	95	0
88	84	0
60	68	0
74	35	0
4	56	0
54	8	0
79	33	0
61	27	0
68	29	0
19	67	0
1	56	0
54	50	0
77	26	0
38	65	0
92	29	0
31	93	0
26	65	0
39	18	0
79	79	0
33	57	0
32	8	0
17	91	0
54	11	0
96	85	0
67	91	0
96	6	0
7	81	0
23	64	0
91	32	0
55	78	0
47	39	0
58	61	0
47	69	0
44	65	0
21	76	0
28	55	0
69	0	0
0	61	0
59	84	0
90	45	0
45	89	0
82	60	0
65	29	0
43	69	0
22	85	0
40	92	0
53	39	0
72	34	0
26	34	1
82	59	0
77	40	0
69	69	0
6	50	0
53	13	0
10	85	0
65	61	0
60	37	0
66	36	0
54	27	0
7	58	0
86	17	0
44	10	0
66	66	0
49	76	0
74	34	0
99	37	0
92	0	0
4	60	0
98	74	0
23	97	0
94	69	0
37	91	0
55	33	0
58	12	0
20	91	0
69	31	0
44	68	0
38	74	0
47	6	0
28	97	0
81	87	0
65	91	0
75	45	0
88	76	0
18	96	0
45	60	0
66	2	0
68	37	0
30	15	0
36	1	0
58	11	0
53	57	0
79	40	0
39	49	0
37	49	0
37	73	0
71	85	0
82	67	0
57	81	0
87	2	0
81	40	0
65	1	0
20	48	0
28	32	1
73	46	0
60	47	0
68	66	0
13	34	0
40	68	0
62	28	0
26	88	0
30	91	0
28	73	0
94	61	0
47	17	0
38	0	0
28	56	0
85	65	0
56	11	0
72	92	0
12	3	0
52	97	0
0	71	0
33	88	0
40	34	0
1	62	0
85	20	0
24	34	1
73	5	0
46	12	0
90	9	0
32	50	0
20	49	0
77	25	0
87	58	0
12	21	0
24	32	1
6	61	0
34	95	0
0	88	0
45	97	0
54	72	0
56	37	0
64	16	0
42	83	0
45	69	0
82	94	0
27	25	0
11	55	0
30	48	0
64	62	0
70	85	0
33	24	0
80	24	0
40	0	0
51	1	0
59	22	0
31	45	0
78	75	0
89	8	0
22	43	0
53	19	0
52	50	0
41	34	0
38	53	0
81	76	0
77	52	0
13	51	0
57	32	0
96	8	0
61	6	0
53	25	0
52	37	0
33	27	0
1	75	0
60	80	0
28	72	0
23	95	0
28	96	0
57	16	0
40	33	0
95	41	0
88	53	0
0	76	0
81	71	0
72	73	0
77	25	0
77	81	0
82	6	0
81	61	0
74	52	0
40	23	0
61	53	0
26	50	0
86	77	0
69	20	0
96	10	0
30	46	0
38	89	0
70	73	0
82	15	0
13	69	0
93	26	0
39	94	0
81	18	0
72	43	0
39	54	0
55	38	0
27	42	0
32	48	0
60	85	0
79	33	0
36	15	0
71	71	0
24	67	0
11	94	0
91	90	0
34	36	0
5	82	0
59	32	0
83	19	0
84	44	0
5	64	0
60	33	0
46	25	0
40	42	0
8	98	0
77	23	0
52	5	0
90	44	0
49	45	0
22	74	0
13	2	0
58	63	0
56	88	0
6	54	0
44	68	0
39	79	0
51	33	0
15	94	0
5	46	0
21	41	0
60	15	0
89	29	0
90	14	0
78	86	0
21	58	0
29	28	0
41	26	0
82	1	0
67	63	0
75	95	0
18	40	0
64	93	0
93	65	0
34	82	0
70	6	0
68	52	0
67	20	0
78	10	0
45	29	0
44	11	0
98	1	0
81	37	0
8	77	0
82	10	0
91	99	0
24	93	0
97	66	0
47	58	0
11	27	0
89	92	0
60	42	0
4	96	0
68	34	0
68	41	0
72	57	0
81	64	0
27	71	0
82	71	0
34	89	0
96	79	0
38	93	0
98	78	0
30	31	1
39	30	0
57	69	0
66	99	0
45	67	0
69	96	0
68	50	0
32	64	0
35	67	0
81	8	0
8	83	0
95	52	0
23	87	0
50	72	0
47	85	0
88	41	0
36	56	0
20	34	1
48	27	0
82	55	0
66	15	0
90	88	0
57	96	0
42	51	0
55	4	0
38	41	0
50	85	0
34	23	0
49	61	0
73	74	0
42	21	0
98	92	0
48	19	0
19	6	0
54	25	0
20	79	0
40	5	0
19	56	0
92	93	0
61	87	0
60	56	0
65	9	0
38	70	0
47	50	0
99	52	0
87	4	0
3	71	0
74	2	0
55	73	0
63	28	0
47	12	0
34	66	0
83	81	0
36	73	0
36	78	0
82	26	0
24	47	0
62	29	0
42	67	0
64	86	0
33	96	0
86	5	0
99	23	0
69	12	0
26	78	0
19	96	0
21	81	0
69	39	0
81	69	0
71	81	0
16	45	0
79	43	0
67	71	0
80	72	0
56	68	0
19	74	0
13	64	0
46	21	0
39	15	0
2	31	0
40	52	0
28	45	0
86	26	0
77	36	0
70	4	0
80	43	0
51	63	0
18	68	0
50	24	0
93	85	0
50	92	0
73	64	0
27	56	0
40	84	0
71	47	0
30	50	0
78	27	0
23	48	0
38	22	0
89	54	0
88	93	0
52	56	0
7	63	0
46	10	0
60	61	0
27	84	0
41	31	0
83	88	0
94	71	0
18	79	0
74	48	0
4	67	0
81	59	0
32	58	0
54	61	0
34	78	0
56	69	0
6	51	0
80	69	0
65	56	0
85	49	0
20	69	0
58	85	0
55	21	0
93	25	0
50	33	0
99	13	0
13	85	0
36	38	0
33	62	0
86	61	0
25	58	0
82	72	0
16	92	0
19	83	0
93	91	0
45	25	0
8	69	0
78	96	0
42	62	0
84	61	0
20	93	0
92	29	0
30	6	0
35	80	0
31	73	0
33	15	0
12	41	0
5	25	0
82	67	0
96	13	0
57	13	0
78	29	0
91	31	0
32	12	0
35	54	0
95	38	0
7	57	0
52	94	0
9	56	0
28	82	0
69	52	0
53	98	0
77	59	0
71	82	0
36	33	0
75	62	0
40	57	0
82	63	0
13	67	0
54	31	0
32	76	0
85	38	0
71	28	0
80	66	0
94	98	0
88	79	0
51	72	0
68	39	0
51	73	0
43	21	0
31	13	0
33	77	0
0	38	0
61	5	0
58	88	0
79	87	0
84	7	0
18	40	0
54	81	0
14	97	0
59	2	0
59	48	0
55	20	0
41	21	0
15	33	1
50	16	0
83	6	0
43	95	0
66	28	0
29	96	0
95	12	0
29	50	0
43	64	0
68	29	0
80	87	0
67	73	0
39	67	0
55	92	0
74	67	0
85	44	0
14	71	0
79	84	0
82	99	0
28	31	1
16	58	0
94	46	0
30	74	0
96	90	0
58	98	0
44	9	0
73	65	0
88	58	0
59	85	0
74	58	0
91	70	0
72	37	0
17	54	0
0	67	0
65	75	0
75	38	0
54	54	0
46	3	0
37	18	0
97	73	0
12	52	0
30	54	0
59	31	0
37	15	0
55	29	0
20	92	0
4	56	0
18	81	0
69	51	0
82	20	0
93	32	0
86	1	0
56	87	0
9	51	0
53	27	0
61	51	0
48	79	0
90	14	0
25	36	1
61	55	0
45	88	0
19	88	0
39	64	0
28	85	0
37	23	0
77	78	0
45	35	0
47	80	0
57	39	0
9	41	0
60	61	0
63	14	0
23	83	0
89	41	0
24	40	0
29	52	0
22	15	0
2	64	0
79	67	0
76	62	0
41	53	0
83	53	0
83	68	0
71	33	0
66	17	0
83	73	0
81	23	0
6	57	0
75	87	0
26	30	0
63	31	0
8	60	0
1	87	0
34	94	0
36	56	0
96	30	0
5	48	0
57	91	0
6	88	0
89	58	0
54	49	0
85	27	0
13	9	0
44	32	0
72	2	0
18	84	0
52	50	0
98	61	0
83	41	0
7	6	0
13	43	0
60	12	0
8	66	0
83	4	0
50	72	0
36	29	0
89	90	0
13	18	0
30	91	0
95	55	0
30	11	0
91	98	0
50	56	0
65	59	0
44	36	0
96	29	0
91	91	0
2	63	0
12	71	0
9	51	0
23	80	0
17	97	0
70	27	0
39	52	0
10	90	0
46	16	0
70	14	0
36	58	0
63	55	0
50	18	0
33	69	0
34	27	0
86	23	0
7	39	0
75	62	0
91	7	0
56	45	0
31	17	0
46	6	0
13	93	0
50	68	0
42	61	0
34	13	0
15	95	0
7	89	0
68	46	0
96	36	0
35	30	0
27	62	0
89	94	0
46	31	0
61	70	0
67	90	0
8	83	0
75	35	0
53	56	0
15	42	0
91	76	0
52	63	0
93	12	0
77	12	0
85	22	0
69	91	0
47	65	0
43	53	0
67	15	0
45	8	0
62	95	0
66	66	0
18	53	0
75	37	0
53	93	0
86	35	0
88	63	0
34	75	0
49	53	0
21	34	1
85	28	0
34	53	0
82	7	0
95	91	0
73	62	0
57	81	0
76	37	0
69	84	0
14	90	0
38	3	0
13	87	0
12	59	0
55	71	0
77	81	0
66	11	0
99	99	0
91	13	0
95	89	0
61	11	0
81	30	0
74	52	0
53	41	0
15	81	0
59	96	0
67	80	0
30	48	0
9	33	0
17	89	0
12	63	0
46	7	0
39	47	0
18	67	0
42	42	0
2	39	0
98	55	0
45	19	0
14	61	0
29	85	0
67	80	0
91	56	0
6	69	0
62	44	0
22	61	0
73	44	0
54	34	0
0	51	0
24	45	0
85	56	0
70	58	0
88	50	0
2	66	0
64	53	0
4	83	0
6	14	0
91	68	0
14	64	0
32	4	0
38	20	0
16	98	0
19	84	0
86	40	0
65	67	0
75	64	0
77	81	0
42	62	0
57	42	0
5	73	0
44	67	0
36	49	0
67	56	0
77	17	0
