81	62	0
31	32	0
66	93	0
16	5	0
96	40	0
80	94	0
43	79	1
71	44	0
2	79	0
5	3	0
9	96	0
97	42	0
70	75	0
34	37	0
68	81	0
95	54	0
52	95	0
60	73	0
37	28	0
87	70	0
93	89	0
79	77	0
6	32	0
67	71	0
72	38	0
64	91	0
53	70	0
66	77	0
95	46	0
95	23	0
92	73	0
35	1	0
41	90	1
78	30	0
33	19	0
96	76	0
86	74	0
93	20	0
90	16	0
22	32	0
61	79	0
3	87	0
91	12	1
54	98	0
22	30	0
81	76	0
87	30	0
53	97	0
4	18	0
98	18	0
67	40	0
43	86	1
69	19	0
56	45	0
75	33	0
11	95	0
48	86	1
91	60	0
61	89	0
9	65	0
43	83	1
93	57	0
40	37	0
31	6	0
69	65	0
10	90	0
99	35	0
40	67	0
89	56	0
98	6	0
73	97	0
69	82	0
5	22	0
71	78	0
83	62	0
82	43	0
23	96	1
52	40	0
88	47	0
90	40	0
88	34	0
14	57	0
5	14	0
94	62	0
60	96	0
38	77	0
59	97	0
70	39	0
62	66	0
83	72	0
81	75	0
14	18	0
11	10	0
83	59	0
85	0	0
14	49	0
72	81	0
59	80	0
62	79	0
53	8	0
44	92	0
71	89	0
75	52	0
16	90	0
93	81	0
3	86	0
14	51	0
82	88	0
89	76	0
50	72	0
69	41	0
81	39	0
55	72	0
21	53	0
46	79	1
40	22	0
91	87	0
73	6	0
82	34	0
79	96	0
60	78	0
72	72	0
15	21	0
14	78	1
64	97	0
72	64	1
47	95	1
55	97	0
29	86	0
34	40	0
72	61	1
58	47	0
66	74	0
69	34	0
5	95	0
73	65	1
92	34	0
62	31	0
47	18	0
80	18	0
63	70	0
76	93	0
85	72	0
92	18	0
99	29	0
95	75	0
66	70	0
59	83	0
72	12	1
14	72	0
93	10	1
7	45	0
77	79	0
78	74	0
96	51	0
82	57	0
45	83	1
92	64	0
54	12	0
43	23	0
77	57	0
26	79	0
60	83	0
75	68	0
82	7	1
94	45	0
97	37	0
75	54	0
65	93	0
58	10	0
3	92	0
8	90	0
94	60	0
62	62	1
83	16	1
91	69	0
18	17	0
45	95	1
81	3	0
81	8	0
92	24	0
84	24	0
78	31	0
13	12	0
29	83	0
52	90	0
83	44	0
73	94	0
91	73	0
67	36	0
65	84	0
7	11	0
34	13	0
43	28	0
70	34	0
79	15	1
5	56	0
34	15	0
97	80	0
98	64	0
97	15	0
63	2	0
40	5	0
98	92	0
28	80	0
7	95	0
36	36	0
74	45	0
74	68	0
54	68	0
85	82	0
71	34	0
75	80	0
87	30	0
88	65	0
62	40	0
98	77	0
61	20	0
98	8	0
31	50	0
76	83	0
99	44	0
94	46	0
73	94	0
91	43	0
69	15	1
43	46	0
59	98	0
67	85	0
22	80	0
81	85	0
6	93	0
91	9	0
90	16	1
48	83	1
18	98	0
87	35	0
91	69	0
27	2	0
52	96	0
46	61	0
8	10	0
85	43	0
87	9	0
68	88	0
16	20	0
77	30	0
71	81	0
11	28	0
47	95	1
78	42	0
83	2	0
91	67	0
65	16	0
94	98	0
31	91	1
12	38	0
57	92	0
63	59	0
95	40	0
60	44	0
68	54	1
6	54	0
92	75	0
92	62	0
1	85	0
78	86	0
40	22	0
65	59	0
63	98	0
62	93	0
99	50	0
60	12	0
67	40	0
28	94	1
79	29	0
96	57	0
78	35	0
87	69	0
43	97	1
51	95	0
85	97	0
76	93	0
17	5	0
7	85	0
77	90	0
64	99	0
65	24	0
85	52	0
89	4	0
91	11	1
95	81	0
65	79	0
90	16	0
67	81	0
92	17	1
99	3	0
83	30	0
8	46	0
8	94	0
18	99	1
84	90	0
86	90	0
82	84	0
86	63	0
76	83	0
8	92	0
24	17	0
3	8	0
34	41	0
84	16	1
83	35	0
62	65	0
57	6	0
82	84	0
85	82	0
83	52	0
70	65	0
31	13	0
98	41	0
74	98	0
53	36	0
71	84	0
98	62	0
17	58	0
44	69	0
57	79	0
50	88	1
3	44	0
70	74	0
97	46	0
94	66	0
56	92	0
87	24	0
83	10	0
12	77	1
99	69	0
65	71	0
5	95	0
12	73	1
77	89	0
18	23	0
3	84	0
64	78	0
64	68	0
81	86	0
4	88	0
79	54	0
18	1	0
48	81	1
10	89	0
4	17	0
95	56	0
79	21	0
19	22	0
17	34	0
70	37	0
62	76	0
89	78	0
86	46	0
79	77	0
74	91	0
2	63	0
87	64	0
64	24	0
98	43	0
79	90	0
80	71	0
48	74	0
94	68	0
97	7	0
49	73	0
0	98	0
73	37	0
81	20	1
28	30	0
63	86	0
34	72	0
64	93	0
93	49	0
91	36	0
72	67	0
94	84	0
88	46	0
90	99	0
80	69	0
74	38	0
42	89	0
85	78	0
83	75	0
97	31	0
42	66	0
82	20	1
59	33	0
82	92	0
87	59	0
25	88	0
80	36	0
74	41	0
91	41	0
79	13	1
98	87	0
75	40	0
3	81	0
10	96	0
41	29	0
22	70	0
46	86	1
62	7	0
0	93	0
75	43	0
12	14	0
15	61	0
63	69	0
72	68	0
76	56	0
76	45	0
74	65	0
86	42	0
16	42	0
93	82	0
52	99	0
89	25	0
44	98	1
23	90	0
91	56	0
61	34	0
25	19	0
26	30	0
81	51	0
97	27	0
17	0	0
44	1	0
52	68	0
95	84	0
28	7	0
46	76	1
57	16	0
85	80	0
73	63	0
63	88	0
13	47	0
95	44	0
87	63	0
0	89	0
3	92	0
58	32	0
92	26	0
13	28	0
88	38	0
75	11	0
41	29	0
19	97	0
60	87	0
22	34	0
73	40	0
60	85	0
15	95	1
66	33	0
8	4	0
90	54	0
89	35	0
86	29	0
60	24	0
55	94	0
46	89	1
84	31	0
56	98	0
62	59	0
75	51	0
56	96	0
91	50	0
91	98	0
86	85	0
49	82	1
89	7	1
82	75	0
72	18	0
93	49	0
92	96	0
91	96	0
87	23	0
83	69	0
11	96	0
86	99	0
68	76	0
6	19	0
24	94	0
89	25	0
17	96	0
48	81	1
77	37	0
79	50	0
23	94	1
75	53	0
95	56	0
82	33	0
83	24	0
0	88	0
17	11	0
56	82	0
27	65	0
36	8	0
0	86	0
99	41	0
89	86	0
89	47	0
87	82	0
73	52	0
85	17	1
95	38	0
