95	64	0
25	13	0
62	95	0
4	3	0
99	43	0
97	98	0
42	66	0
60	23	1
71	51	0
2	91	0
1	7	0
15	96	0
95	38	0
61	81	0
34	34	0
87	78	0
92	25	0
52	99	0
38	74	0
80	70	0
52	16	0
24	81	0
83	69	0
80	76	0
82	89	0
4	31	0
48	35	0
89	20	0
82	65	0
7	73	0
32	98	0
82	11	0
62	90	0
49	71	0
80	72	0
89	60	0
55	58	0
98	34	0
13	71	0
91	73	0
21	72	0
49	8	0
10	75	0
36	92	0
90	54	0
45	35	0
33	21	0
98	85	0
89	95	0
91	19	0
27	83	0
99	10	0
16	15	0
70	90	0
4	84	0
90	4	0
28	64	1
67	85	0
45	60	1
4	26	0
73	78	0
87	32	0
22	89	0
51	95	0
76	31	0
32	90	0
45	91	0
19	18	0
99	18	0
81	26	0
51	78	0
88	33	0
70	59	0
63	39	0
0	98	0
71	3	1
51	81	0
85	4	0
93	59	0
2	56	0
71	93	0
2	76	0
36	91	0
99	59	0
81	28	0
40	67	1
69	8	0
57	50	0
9	64	0
35	0	0
67	71	0
61	25	1
1	97	0
92	32	0
47	76	0
75	67	0
88	3	0
66	84	0
65	80	0
2	26	0
62	80	0
93	87	0
78	48	0
21	90	0
68	40	0
72	0	0
96	58	0
94	33	0
98	45	0
24	50	0
54	62	0
7	26	0
47	30	0
89	66	0
56	73	0
62	68	0
55	22	1
42	37	0
62	66	0
50	61	1
44	98	0
74	38	0
59	67	0
54	74	0
92	56	0
26	12	0
51	37	0
26	19	0
16	72	0
30	51	1
75	46	0
52	41	1
92	5	0
27	91	0
22	38	0
69	76	0
25	70	1
59	63	0
45	76	0
44	5	0
42	90	0
24	70	1
71	75	0
95	53	0
25	90	0
87	72	0
28	58	1
17	73	0
53	66	0
14	38	0
72	78	0
96	77	0
38	76	0
76	44	0
55	60	1
54	25	1
63	12	0
43	52	1
31	61	1
91	32	0
26	94	0
27	65	1
68	83	0
29	28	0
43	75	0
53	21	0
97	96	0
29	76	0
95	13	0
28	77	0
93	36	0
59	97	0
75	77	0
66	60	0
25	44	0
7	57	0
64	1	0
70	95	0
97	56	0
46	91	0
59	79	0
78	17	0
60	80	0
38	75	0
42	89	0
23	17	0
57	22	1
85	50	0
58	43	0
66	68	0
70	32	0
16	98	0
56	63	0
84	43	0
76	38	0
54	13	0
88	30	0
74	76	0
69	97	0
80	60	0
97	25	0
99	17	0
84	80	0
29	89	0
69	82	0
47	93	0
34	40	1
89	36	0
16	97	0
89	22	0
24	43	0
21	85	0
30	97	0
78	88	0
81	77	0
94	60	0
95	55	0
22	89	0
54	79	0
75	14	0
82	51	0
48	5	0
37	34	0
76	41	0
21	60	0
36	51	0
19	69	0
76	95	0
93	57	0
59	70	0
95	2	0
90	47	0
60	9	1
95	44	0
68	54	0
71	80	0
46	66	0
68	24	0
8	86	0
28	63	1
9	89	0
85	60	0
77	69	0
91	11	0
98	88	0
27	4	0
34	95	0
22	69	1
59	97	0
44	35	0
79	19	0
97	6	0
96	27	0
50	53	1
79	28	0
72	59	0
4	7	0
28	98	0
21	72	0
50	91	0
37	69	0
84	44	0
58	87	0
57	58	1
98	85	0
63	41	0
75	87	0
86	18	0
17	11	0
43	0	0
34	23	0
94	43	0
75	12	0
20	47	0
19	29	0
54	35	0
94	78	0
98	61	0
73	32	0
94	4	0
65	6	0
75	13	0
45	35	1
35	17	0
11	71	0
87	92	0
49	94	0
4	98	0
27	44	0
49	44	0
76	41	0
68	54	0
77	76	0
82	74	0
74	28	0
72	83	0
66	4	0
95	47	0
78	47	0
62	52	0
96	69	0
74	18	0
97	13	0
23	43	0
72	98	0
57	65	0
83	23	0
12	76	0
98	40	0
64	98	0
96	27	0
66	22	0
31	56	0
58	44	0
60	84	0
68	32	0
81	76	0
17	87	0
95	91	0
6	77	0
88	3	0
88	20	0
52	71	0
41	55	1
64	44	0
16	92	0
74	38	0
97	55	0
51	38	0
37	89	0
35	7	0
37	41	1
54	89	0
36	83	0
42	78	0
15	70	0
10	25	0
72	0	0
80	35	0
97	9	0
81	98	0
28	57	1
28	24	0
63	10	0
57	43	0
67	94	0
1	18	0
41	90	0
85	45	0
24	88	0
79	1	0
49	57	1
58	19	0
88	18	0
88	45	0
16	86	0
73	20	0
82	98	0
32	97	0
83	64	0
10	30	0
63	97	0
64	40	0
11	81	0
65	31	0
89	46	0
79	46	0
74	60	0
22	45	0
99	57	0
16	95	0
87	49	0
22	93	0
81	78	0
40	17	0
77	71	0
60	95	0
65	96	0
77	51	0
31	60	1
83	6	0
2	76	0
72	48	0
22	95	0
51	63	0
83	35	0
27	59	1
54	37	1
88	53	0
72	22	0
77	81	0
50	95	0
39	51	1
66	96	0
30	94	0
95	84	0
87	75	0
74	7	0
17	5	0
49	35	0
36	61	1
9	77	0
78	82	0
65	82	0
69	50	0
67	19	0
36	62	0
40	70	0
78	54	0
99	1	0
22	73	0
81	7	0
56	64	0
38	39	1
87	85	0
29	74	1
53	90	0
76	19	0
84	12	0
48	59	1
61	88	0
24	95	0
91	13	0
87	11	0
74	22	0
15	65	0
9	88	0
13	87	0
50	28	1
70	86	0
79	96	0
0	36	1
63	56	0
81	95	0
75	62	0
68	65	0
15	86	0
6	74	0
41	28	0
4	19	0
35	36	0
26	54	0
96	38	0
80	46	0
66	7	1
68	46	0
55	49	0
44	29	0
91	77	0
54	75	0
83	48	0
41	92	0
75	50	0
22	9	0
94	48	0
61	93	0
34	30	0
58	57	1
30	95	0
68	98	0
89	68	0
27	81	0
60	34	0
8	81	0
56	58	1
42	75	0
66	60	0
62	71	0
54	86	0
11	50	0
65	62	0
81	45	0
86	59	0
36	76	0
66	90	0
43	29	0
96	23	0
51	46	0
85	12	0
10	79	0
54	92	0
85	72	0
75	68	0
11	90	0
7	69	0
80	88	0
33	28	0
6	88	0
68	98	0
52	68	0
88	69	0
20	93	0
76	41	0
16	4	0
48	98	0
20	90	0
8	10	0
82	55	0
90	24	0
80	29	0
71	17	0
13	17	0
14	52	0
76	32	0
4	72	0
64	70	0
32	80	0
69	49	0
77	96	0
69	38	0
65	88	0
75	51	0
64	83	0
10	74	0
44	50	1
29	82	0
66	58	0
57	46	0
90	43	0
93	97	0
83	86	0
48	59	1
71	51	0
62	59	0
69	2	1
67	77	0
87	74	0
89	8	0
62	78	0
1	93	0
47	46	1
65	32	0
68	26	0
78	22	0
22	81	0
76	22	0
87	21	0
32	54	0
44	32	0
55	93	0
67	74	0
51	82	0
71	88	0
82	58	0
82	43	0
95	65	0
76	96	0
97	42	0
30	63	1
96	88	0
38	79	0
77	76	0
84	45	0
43	91	0
84	70	0
87	49	0
83	27	0
4	67	0
49	74	0
69	17	0
65	34	0
81	82	0
63	48	0
10	89	0
19	90	0
70	43	0
82	25	0
93	44	0
98	3	0
88	92	0
58	36	0
29	72	1
96	18	0
64	45	0
19	74	0
17	97	0
25	72	0
11	84	0
60	53	0
41	25	0
35	71	0
51	46	1
64	77	0
67	12	0
21	88	0
87	48	0
16	21	0
15	72	0
80	65	0
67	52	0
40	56	1
93	52	0
82	55	0
77	61	0
55	62	0
78	52	0
0	25	0
93	80	0
63	50	0
42	83	0
4	80	0
25	85	0
28	57	0
89	16	0
55	99	0
7	97	0
98	58	0
74	17	0
16	15	0
29	27	0
73	6	0
19	66	0
84	59	0
88	39	0
14	8	0
1	38	1
69	10	0
43	87	0
99	83	0
8	7	0
48	87	0
82	34	0
99	81	0
53	67	0
65	77	0
21	37	0
91	43	0
94	68	0
14	78	0
20	78	0
29	68	1
19	89	0
74	12	0
34	60	1
9	90	0
36	37	0
44	55	1
66	43	0
28	68	1
94	22	0
2	25	0
87	40	0
76	15	0
35	25	0
22	90	0
46	84	0
16	71	0
23	28	0
17	78	0
22	87	0
63	57	0
87	43	0
43	54	1
76	93	0
46	32	1
59	70	0
43	67	0
16	96	0
83	37	0
46	51	1
4	12	0
84	60	0
60	48	0
91	27	0
80	28	0
70	34	0
56	89	0
41	35	0
58	43	0
62	33	1
45	8	0
35	96	0
48	63	0
93	35	0
58	96	0
73	52	0
78	44	0
44	89	0
33	79	0
94	25	0
54	58	1
69	3	1
94	99	0
76	83	0
55	90	0
80	19	0
80	68	0
25	80	0
71	22	0
22	95	0
43	61	1
94	57	0
91	88	0
83	9	0
95	91	0
79	21	0
78	55	0
64	23	1
7	84	0
70	94	0
62	77	0
3	26	0
4	96	0
11	70	0
47	44	1
79	31	0
5	60	1
23	97	0
63	95	0
96	44	0
9	73	0
76	44	0
32	91	0
82	46	0
69	45	0
27	59	1
77	41	0
83	40	0
55	72	0
49	43	1
2	87	0
6	2	0
77	75	0
18	56	0
20	8	0
4	99	0
34	72	0
92	45	0
73	82	0
88	63	0
98	82	0
49	58	1
67	33	0
0	76	0
58	62	0
75	38	0
84	23	0
