85	61	0
34	28	0
57	96	1
13	14	0
92	46	0
90	85	0
73	40	0
9	77	0
1	5	0
13	87	0
77	36	0
75	78	0
29	31	0
62	71	0
91	52	0
66	67	0
40	34	0
90	86	0
97	83	0
68	90	0
4	25	0
66	84	0
74	31	0
56	79	1
50	69	0
64	83	0
86	49	0
95	28	0
88	80	0
36	1	0
81	30	0
32	18	0
98	64	0
90	73	0
90	8	0
17	33	0
57	80	0
8	88	0
62	94	1
22	33	0
71	76	0
92	42	0
54	81	0
7	20	0
87	15	0
62	30	0
49	36	0
77	42	0
85	66	0
14	62	0
98	54	0
46	32	0
35	11	0
61	59	0
0	93	0
92	23	0
44	65	0
87	68	0
96	6	0
80	87	0
60	81	0
9	18	0
71	86	0
85	63	0
85	41	0
60	47	0
83	39	0
83	36	0
86	40	0
28	58	0
16	23	0
85	73	0
43	81	0
58	96	1
80	43	0
61	71	0
84	74	0
84	76	0
25	12	0
8	11	0
84	63	0
95	3	0
15	54	0
78	80	0
54	77	0
59	76	1
51	19	0
70	82	0
77	59	0
10	86	0
95	98	0
7	97	1
18	62	0
92	87	0
92	69	0
56	88	1
66	49	0
95	29	0
51	58	0
15	53	0
55	13	0
82	85	0
73	10	0
82	47	0
79	93	0
53	67	0
65	78	0
18	18	0
77	94	0
32	77	0
27	31	0
62	40	0
61	84	0
65	48	0
13	94	1
93	26	0
51	27	0
70	72	0
70	87	0
83	71	0
96	28	0
86	86	0
75	79	0
56	71	0
13	44	0
73	71	0
72	75	0
93	62	0
90	41	0
92	66	0
60	14	0
40	29	0
81	54	0
31	84	0
84	76	0
98	48	0
95	25	0
70	62	1
62	92	1
60	16	0
2	94	0
97	57	0
91	76	0
14	19	0
93	15	0
87	23	0
84	27	0
12	12	0
35	81	0
92	50	0
68	90	0
86	84	0
71	31	1
52	90	0
3	14	0
40	20	0
48	31	0
61	41	0
0	60	0
44	9	0
93	78	0
94	53	0
63	4	0
31	9	0
97	87	0
28	67	0
8	96	1
35	31	0
61	51	0
79	65	0
56	79	0
83	74	0
77	29	0
77	86	0
88	30	0
90	78	0
49	31	0
99	74	0
60	11	0
35	55	0
77	94	0
90	47	0
91	46	0
83	89	0
92	44	0
33	49	0
71	85	0
22	77	0
80	77	0
2	94	0
87	33	0
96	68	0
40	7	0
48	53	0
16	12	0
92	31	0
67	86	0
12	34	0
80	31	0
76	80	0
19	37	0
82	47	0
82	10	0
99	61	0
68	28	0
96	95	0
17	39	0
77	55	0
87	43	0
60	50	0
2	57	0
98	73	0
96	58	0
16	89	0
76	84	0
46	17	0
67	61	1
77	94	0
94	40	0
66	6	0
61	48	0
71	31	0
94	57	0
64	31	1
87	80	0
95	82	0
79	93	0
13	10	0
5	76	0
75	92	0
61	91	0
46	12	0
86	53	0
90	8	0
98	81	0
61	69	0
64	71	0
99	5	0
87	37	0
10	40	0
8	98	1
85	82	0
98	97	0
91	89	0
71	65	0
62	79	0
13	90	0
24	25	0
1	13	0
39	39	0
85	40	0
63	60	0
67	11	0
77	93	0
76	73	0
82	43	0
70	59	1
31	15	0
91	44	0
65	92	0
60	28	0
66	78	0
95	58	0
7	49	0
55	80	0
51	76	1
4	44	0
64	80	0
92	44	0
92	68	0
85	29	0
94	65	0
66	59	1
11	93	0
81	98	0
15	19	0
6	84	0
60	77	0
63	61	1
88	98	0
2	79	0
81	55	0
14	9	0
14	82	0
7	11	0
91	60	0
15	29	0
7	33	0
84	30	0
68	72	0
95	78	0
83	49	0
80	78	0
74	85	0
0	80	0
91	63	0
63	26	0
92	32	0
73	88	0
78	68	0
42	88	0
93	76	0
45	75	0
3	93	0
72	40	0
31	41	0
53	84	0
37	70	0
59	91	1
95	53	0
85	30	0
66	69	0
97	73	0
90	41	0
97	97	0
91	65	0
62	20	0
82	75	0
86	61	0
95	28	0
50	60	0
70	33	1
90	86	0
84	62	0
24	74	0
87	33	0
82	43	0
86	40	0
99	81	0
76	52	0
1	93	0
17	99	1
37	33	0
24	69	0
60	11	0
4	90	0
84	48	0
11	13	0
20	54	0
58	66	0
77	84	0
71	58	0
65	43	0
84	41	0
14	46	0
92	76	0
60	89	1
78	11	0
12	92	0
96	51	0
21	15	0
25	32	0
71	43	0
96	32	0
14	1	0
41	2	0
57	65	0
95	89	0
25	1	0
61	2	0
89	85	0
56	87	0
24	50	0
95	49	0
83	61	0
11	99	1
9	93	0
49	34	0
92	46	0
20	36	0
82	31	0
78	9	0
35	34	0
23	40	0
83	41	0
60	90	1
81	44	0
17	10	0
95	54	0
74	45	0
65	96	1
75	46	0
53	94	0
57	50	0
68	39	0
45	92	1
82	43	0
92	91	0
91	85	0
72	73	0
75	28	0
92	48	0
88	96	0
94	99	0
83	69	0
82	95	0
50	77	0
3	12	0
29	96	0
82	44	0
76	29	0
87	48	0
75	45	0
95	64	0
88	37	0
20	75	0
8	8	0
42	87	0
26	67	0
44	1	0
7	82	0
96	46	0
94	85	0
84	53	0
96	98	0
94	36	0
