99	68	0
23	13	0
58	97	0
3	2	0
93	39	0
98	98	0
41	18	1
43	85	0
58	24	0
81	53	0
2	90	0
2	9	0
18	99	0
99	35	0
66	74	0
39	35	0
81	69	0
94	18	0
56	98	0
39	69	0
83	66	0
50	16	0
27	85	0
54	19	1
88	69	0
83	81	0
82	81	0
9	23	0
50	38	0
84	25	0
83	66	0
12	76	0
32	96	0
86	10	0
64	93	0
33	9	1
50	68	0
79	71	0
96	69	0
62	61	0
98	30	0
15	71	0
66	7	1
94	71	0
19	76	0
55	1	0
8	75	0
38	97	0
29	64	1
82	52	0
53	35	0
33	14	0
99	89	0
89	99	0
90	12	0
33	89	0
97	11	0
22	21	0
74	88	0
2	94	0
80	8	0
22	71	0
67	87	0
42	63	0
12	23	0
74	81	0
87	37	0
22	92	0
48	93	0
68	26	0
29	94	0
49	92	0
19	15	0
97	16	0
76	29	0
52	76	0
87	35	0
83	65	0
57	8	1
67	41	0
2	96	0
71	5	0
52	80	0
57	30	1
82	13	0
33	55	1
90	57	0
3	55	0
77	86	0
6	77	0
33	93	0
99	56	0
77	30	0
33	70	0
32	65	1
75	3	0
68	49	0
14	75	0
35	0	0
66	68	0
50	32	0
2	98	0
97	25	0
40	80	0
80	68	0
89	1	0
62	86	0
62	82	0
6	27	0
58	87	0
97	84	0
83	53	0
23	86	0
71	34	0
79	3	0
99	61	0
86	32	0
96	52	0
30	49	0
56	10	1
54	65	0
11	23	0
49	34	0
87	62	0
51	22	1
50	81	0
60	72	0
61	17	0
49	37	0
55	21	1
64	81	0
45	59	0
42	98	0
75	41	0
63	70	0
55	72	0
92	55	0
26	13	0
45	32	0
18	23	0
15	76	0
29	62	0
79	49	0
56	37	0
90	6	0
30	81	0
55	22	1
26	37	0
69	78	0
26	66	0
58	61	0
45	77	0
40	47	1
40	1	0
54	17	1
41	90	0
24	66	0
73	75	0
92	67	0
21	95	0
87	73	0
29	51	0
22	69	0
52	72	0
48	48	1
18	35	0
76	79	0
97	84	0
44	67	0
76	46	0
7	39	1
70	9	1
58	46	0
55	17	0
70	18	0
41	54	1
52	18	1
32	71	0
97	33	0
28	93	0
23	62	0
72	90	0
47	50	1
21	24	0
38	78	0
51	12	0
95	97	0
28	87	0
99	7	0
21	78	0
98	30	0
58	99	0
70	82	0
62	58	0
27	53	0
14	70	0
59	3	0
66	92	0
95	51	0
40	89	0
66	72	0
83	19	0
53	75	0
36	84	0
34	86	0
25	19	0
66	24	0
81	52	0
52	42	0
75	69	0
71	21	0
21	92	0
58	65	0
92	34	0
75	42	0
49	6	0
0	39	1
89	30	0
78	82	0
67	99	0
77	56	0
97	28	0
89	16	0
2	38	1
87	76	0
32	99	0
84	85	0
41	96	0
38	37	0
85	35	0
25	97	0
87	22	0
17	54	0
31	84	0
49	13	1
23	92	0
75	90	0
79	78	0
93	61	0
96	51	0
24	86	0
41	72	0
85	10	0
86	56	0
41	1	0
36	25	0
41	54	1
76	41	0
24	55	0
36	44	0
25	75	0
76	98	0
92	56	0
56	72	0
94	1	0
93	37	0
61	8	0
94	49	0
66	50	0
65	78	0
2	35	1
43	64	0
73	26	0
9	84	0
25	62	0
10	94	0
92	61	0
45	6	1
80	65	0
84	6	0
98	79	0
24	1	0
41	98	0
24	69	0
60	97	0
41	30	0
76	17	0
88	12	0
59	14	1
91	13	0
52	51	0
75	27	0
80	57	0
5	1	0
1	55	1
30	99	0
19	75	0
55	96	0
42	67	0
83	42	0
68	8	1
47	85	0
52	63	0
97	95	0
61	38	0
66	91	0
80	23	0
27	8	0
48	0	0
47	21	1
28	26	0
93	54	0
72	13	0
21	44	0
17	27	0
37	53	1
45	35	0
94	74	0
91	65	0
63	28	0
89	9	0
70	11	0
75	15	0
49	42	0
43	26	0
8	73	0
83	91	0
48	88	0
7	97	0
34	50	0
56	10	1
52	37	0
78	38	0
68	49	0
79	77	0
82	86	0
73	26	0
71	81	0
72	10	0
80	59	0
72	53	0
65	55	0
95	76	0
72	12	0
90	18	0
22	46	0
64	94	0
63	72	0
77	19	0
18	78	0
95	45	0
58	95	0
98	26	0
62	27	0
36	55	0
56	49	0
30	68	1
60	83	0
74	31	0
78	78	0
19	86	0
94	94	0
2	77	0
47	52	1
97	3	0
89	30	0
41	70	0
55	51	0
70	44	0
18	91	0
73	30	0
92	57	0
45	31	0
36	92	0
31	11	0
42	46	1
56	96	0
3	47	1
36	87	0
38	79	0
15	69	0
13	23	0
73	5	0
75	33	0
98	8	0
82	97	0
31	66	1
31	26	0
74	9	0
59	47	0
66	96	0
2	23	0
47	86	0
90	47	0
28	77	0
74	1	0
40	66	0
61	21	0
58	11	1
80	20	0
90	46	0
8	82	0
76	12	0
80	97	0
31	99	0
88	67	0
43	54	1
9	32	0
65	93	0
68	43	0
9	73	0
62	23	0
88	43	0
77	47	0
73	60	0
16	51	0
97	53	0
19	94	0
99	58	0
20	96	0
85	88	0
40	27	0
74	75	0
57	91	0
48	46	1
58	96	0
79	49	0
44	48	1
23	64	0
84	3	0
2	78	0
79	57	0
21	97	0
43	52	1
44	66	0
79	27	0
24	56	0
53	31	0
89	55	0
72	22	0
80	87	0
43	96	0
39	58	1
42	44	0
66	99	0
60	19	1
38	88	0
87	84	0
85	75	0
74	11	0
22	2	0
40	36	0
32	56	0
3	78	0
82	80	0
62	83	0
66	48	0
70	16	0
39	66	0
35	74	0
85	54	0
90	1	0
14	71	0
79	10	0
57	59	0
58	26	1
34	6	1
37	38	0
83	89	0
24	77	0
55	88	0
72	19	0
76	16	0
47	58	0
60	84	0
26	96	0
93	23	0
82	10	0
81	26	0
13	66	0
17	99	0
15	82	0
57	31	0
73	87	0
74	96	0
2	36	0
63	60	0
76	90	0
77	62	0
67	67	0
22	93	0
11	78	0
42	27	0
10	22	0
45	37	0
31	45	0
96	34	0
84	48	0
65	9	1
64	35	0
59	47	0
40	26	0
95	75	0
54	80	0
80	49	0
31	61	1
40	99	0
81	56	0
26	10	0
98	48	0
65	85	0
39	32	0
49	56	0
31	96	0
59	96	0
88	67	0
24	84	0
61	44	0
1	76	0
58	50	0
47	70	0
68	52	0
57	72	0
60	87	0
10	52	0
59	54	0
85	49	0
80	63	0
38	77	0
70	87	0
45	28	0
97	24	0
54	48	0
92	9	0
5	80	0
56	91	0
89	71	0
73	69	0
17	93	0
6	67	0
79	86	0
38	27	0
7	85	0
72	98	0
54	60	0
87	65	0
20	89	0
74	45	0
20	0	0
49	92	0
22	86	0
7	17	0
90	58	0
88	23	0
78	28	0
76	15	0
19	13	0
23	54	0
79	29	0
1	78	0
60	72	0
1	40	1
24	75	0
65	50	0
67	93	0
64	41	0
71	86	0
76	51	0
76	81	0
4	82	0
52	47	0
30	78	0
70	56	0
59	45	0
92	45	0
99	98	0
83	96	0
51	59	0
75	53	0
68	69	0
68	3	0
67	81	0
85	74	0
88	9	0
56	80	0
6	99	0
48	41	0
66	39	0
64	30	0
71	21	0
20	80	0
77	20	0
31	66	1
90	14	0
37	59	0
46	32	0
59	94	0
69	75	0
48	81	0
71	89	0
83	64	0
84	48	0
96	64	0
78	96	0
99	43	0
36	63	0
86	82	0
41	75	0
78	83	0
98	49	0
46	88	0
86	73	0
87	51	0
81	30	0
42	49	1
2	64	0
51	80	0
75	17	0
68	31	0
80	84	0
66	46	0
13	88	0
22	87	0
65	46	0
88	22	0
83	49	0
97	1	0
83	98	0
56	40	0
34	78	0
95	21	0
67	48	0
28	79	0
16	98	0
28	73	0
10	84	0
61	61	0
45	28	0
43	77	0
44	47	1
69	75	0
73	11	0
21	86	0
91	52	0
21	20	0
13	76	0
73	61	0
70	46	0
42	60	0
93	47	0
87	53	0
75	51	0
55	13	1
58	67	0
82	48	0
2	27	0
99	81	0
57	47	0
43	86	0
8	78	0
23	86	0
30	58	0
90	27	0
55	93	0
7	97	0
98	68	0
56	28	1
77	22	0
24	18	0
30	31	0
71	11	0
18	72	0
83	51	0
91	35	0
7	5	0
1	34	0
69	15	0
39	83	0
98	85	0
2	10	0
49	92	0
81	32	0
38	10	1
97	81	0
44	60	0
65	71	0
25	37	0
91	39	0
89	67	0
20	75	0
20	85	0
29	71	0
22	94	0
76	10	0
22	58	0
11	87	0
39	37	0
49	19	1
44	64	0
68	43	0
49	9	1
34	73	0
94	19	0
5	30	0
80	51	0
80	23	0
49	52	1
29	22	0
45	12	1
19	93	0
45	81	0
21	64	0
22	23	0
23	80	0
18	79	0
70	58	0
91	45	0
35	58	0
80	98	0
47	29	0
61	74	0
41	79	0
16	91	0
92	39	0
47	56	0
8	16	0
89	53	0
61	49	0
88	24	0
89	23	0
76	35	0
56	91	0
43	35	0
59	46	0
61	32	0
42	0	0
35	93	0
57	63	0
91	34	0
59	98	0
84	55	0
76	45	0
40	85	0
34	78	0
90	28	0
51	45	0
69	3	0
96	99	0
76	83	0
51	81	0
72	24	0
85	79	0
20	80	0
60	24	0
21	94	0
40	59	0
88	67	0
69	10	1
96	95	0
83	9	0
94	94	0
61	13	1
71	25	0
77	59	0
67	31	0
6	79	0
59	99	0
64	78	0
0	22	0
8	91	0
13	77	0
42	18	1
43	37	0
77	39	0
45	12	1
2	64	0
27	88	0
62	92	0
98	48	0
4	67	0
70	43	0
27	94	0
82	49	0
72	43	0
29	57	0
82	38	0
79	44	0
63	68	0
54	49	0
0	79	0
0	6	0
79	67	0
18	61	0
19	5	0
0	90	0
27	71	0
98	40	0
72	84	0
84	63	0
99	82	0
51	53	0
60	31	0
2	79	0
54	61	0
38	49	1
70	41	0
83	23	0
