86	61	0
30	30	0
60	92	1
8	16	0
93	45	0
89	82	0
73	40	0
8	76	0
1	6	0
14	89	0
79	34	0
75	80	0
26	30	0
64	70	0
91	50	0
67	67	0
43	34	0
94	86	0
99	83	0
68	90	0
3	29	0
68	85	0
76	31	0
57	74	1
49	69	0
66	82	0
84	51	0
98	27	0
89	76	0
37	3	0
82	31	0
32	19	0
97	61	0
92	73	0
89	5	0
17	34	0
54	79	1
5	86	0
17	33	0
72	77	0
93	41	0
55	83	0
7	21	0
88	16	0
63	31	1
51	34	0
77	44	0
84	65	0
15	60	0
95	56	0
46	35	0
30	12	0
60	59	0
0	96	0
89	22	0
38	68	0
85	68	0
94	11	0
81	94	0
55	82	1
9	22	0
70	88	0
82	63	0
84	41	0
58	50	0
84	39	0
84	36	0
86	37	0
31	59	0
17	21	0
83	76	0
44	85	0
78	44	0
62	69	0
81	75	0
83	76	0
24	15	0
11	13	0
83	65	0
93	6	0
15	53	0
78	80	0
54	77	1
54	76	1
49	15	0
70	80	0
78	55	0
9	91	0
96	94	0
7	99	1
15	59	0
92	87	0
96	70	0
51	89	1
67	50	0
94	29	0
49	56	0
16	51	0
55	10	0
82	86	0
72	6	0
84	52	0
79	94	0
56	62	0
59	79	1
15	18	0
76	96	0
38	80	0
24	29	0
61	36	0
63	90	1
66	47	0
12	94	1
93	27	0
51	24	0
71	71	0
71	89	0
83	66	0
96	28	0
85	85	0
77	84	0
57	66	0
12	42	0
73	69	0
76	72	0
91	62	0
92	37	0
90	67	0
63	16	0
44	31	0
78	53	0
32	82	0
86	75	0
99	49	0
93	26	0
70	60	1
63	98	1
58	16	0
4	93	1
96	57	0
92	70	0
11	21	0
92	14	0
83	22	0
84	25	0
7	11	0
37	81	0
92	52	0
66	93	0
84	88	0
71	27	1
52	94	0
3	16	0
38	22	0
50	33	0
63	40	0
1	61	0
46	11	0
93	81	0
90	53	0
65	0	0
30	16	0
98	85	0
33	69	0
5	94	1
37	28	0
61	56	0
77	61	0
55	82	1
81	72	0
76	28	0
78	91	0
93	32	0
88	80	0
52	27	0
95	74	0
61	12	0
36	55	0
76	92	0
88	43	0
95	45	0
84	92	0
97	45	0
32	47	0
66	84	0
18	79	0
79	77	0
0	95	0
90	36	0
96	67	0
41	6	0
47	53	0
20	8	0
94	25	0
66	86	0
9	38	0
78	31	0
74	77	0
24	34	0
81	44	0
78	13	0
96	64	0
69	31	0
96	95	0
18	41	0
78	55	0
90	40	0
57	45	0
1	54	0
97	75	0
92	61	0
18	88	0
73	86	0
43	21	0
65	62	1
75	96	0
94	42	0
68	5	0
62	44	0
71	31	0
92	59	0
62	28	1
89	81	0
94	83	0
78	95	0
13	12	0
5	73	0
79	90	0
63	93	1
51	17	0
87	54	0
91	9	0
98	80	0
62	70	0
64	75	0
99	3	0
88	37	0
6	39	0
6	96	1
86	84	0
97	96	0
90	88	0
70	63	0
63	78	0
16	90	0
26	27	0
2	10	0
39	38	0
86	39	0
65	62	1
67	10	0
72	90	0
76	72	0
83	45	0
30	13	0
91	45	0
63	91	1
60	25	0
65	81	0
95	61	0
10	44	0
54	83	1
6	46	0
66	81	0
96	43	0
91	68	0
81	30	0
89	60	0
65	63	1
7	94	0
79	96	0
18	21	0
3	88	0
58	78	1
65	64	1
87	99	0
6	74	0
87	53	0
10	8	0
13	82	0
11	8	0
89	60	0
13	29	0
8	33	0
84	31	0
68	69	0
92	81	0
84	54	0
79	76	0
70	82	0
0	81	0
90	62	0
64	23	0
94	33	0
74	85	0
79	60	0
40	85	0
93	77	0
47	74	0
5	94	1
74	41	0
33	39	0
51	83	0
41	66	0
65	87	1
98	52	0
87	29	0
67	65	0
92	76	0
89	39	0
99	98	0
93	64	0
61	19	0
82	75	0
87	58	0
98	26	0
45	60	0
68	34	1
93	88	0
87	65	0
25	76	0
84	35	0
82	40	0
87	41	0
97	85	0
73	56	0
2	97	0
42	33	0
25	71	0
61	12	0
3	92	0
83	51	0
13	13	0
19	57	0
52	65	0
80	85	0
72	59	0
67	48	0
84	41	0
15	43	0
89	80	0
61	89	1
77	12	0
8	92	0
97	50	0
19	7	0
19	33	0
72	42	0
96	34	0
18	4	0
44	5	0
58	62	0
98	84	0
27	3	0
63	2	0
85	86	0
56	85	0
26	48	0
95	50	0
84	63	0
13	98	1
9	90	0
51	36	0
92	46	0
16	36	0
83	30	0
77	9	0
33	35	0
26	40	0
81	41	0
60	87	1
80	45	0
19	15	0
94	54	0
77	41	0
76	51	0
53	93	0
54	53	0
70	41	0
83	42	0
94	89	0
87	85	0
72	72	0
77	24	0
92	49	0
87	99	0
94	97	0
82	66	0
82	94	0
52	79	1
7	10	0
28	95	0
85	49	0
74	27	0
88	48	0
78	47	0
93	61	0
90	41	0
21	77	0
9	10	0
45	88	0
27	69	0
42	2	0
10	84	0
99	46	0
94	84	0
81	49	0
96	99	0
95	38	0
