95	70	0
27	25	0
58	99	0
13	7	0
88	32	0
84	97	0
44	79	0
69	44	0
3	84	0
1	3	0
17	93	0
93	46	0
69	74	0
29	36	0
77	87	0
97	46	0
46	97	0
37	82	1
64	76	0
43	16	0
77	66	0
81	90	0
81	82	0
2	30	0
74	14	0
73	68	0
29	91	1
84	25	0
71	94	0
47	66	0
73	76	0
95	53	0
99	21	0
91	84	0
37	5	0
3	73	1
42	90	0
76	44	0
29	13	0
99	83	0
85	83	0
95	15	0
97	17	0
22	39	0
62	87	0
7	86	0
90	1	0
66	96	0
4	31	0
77	82	0
93	31	0
27	81	1
57	94	0
81	15	0
27	85	1
22	12	0
92	6	0
77	35	0
43	80	0
75	26	0
53	52	0
82	30	0
10	96	0
43	80	0
96	65	0
69	93	0
1	63	0
50	90	0
93	50	0
69	19	1
44	39	0
32	7	0
69	62	0
6	85	0
95	29	0
42	62	0
90	56	0
92	1	0
76	95	0
75	82	0
6	26	0
66	81	0
84	69	0
81	43	0
21	98	0
67	39	0
90	54	0
90	32	0
98	36	0
17	53	0
5	16	0
96	56	0
54	90	0
43	77	0
55	89	0
73	32	0
69	68	0
78	79	0
85	67	0
22	22	0
18	10	0
82	56	0
95	4	0
26	98	0
22	44	0
72	70	0
62	83	0
55	80	0
43	4	0
51	79	0
62	77	0
80	55	0
20	94	0
90	80	0
1	78	0
17	53	0
78	85	0
90	72	0
48	68	0
61	45	0
83	36	0
32	93	1
50	74	0
26	46	0
56	80	0
41	26	0
93	84	0
29	98	0
87	4	0
79	34	0
65	88	0
65	75	0
61	69	0
21	32	0
22	68	0
57	88	0
79	66	0
44	95	0
57	84	0
76	16	1
41	92	0
25	30	0
76	68	0
60	46	0
71	73	0
74	35	0
12	87	0
56	54	0
93	35	0
63	38	0
49	18	0
89	26	0
65	76	0
75	98	0
82	70	0
95	22	0
99	34	0
97	68	0
27	86	1
68	73	0
54	91	0
76	19	0
10	83	0
93	7	0
18	40	0
32	91	1
28	88	0
81	73	0
72	77	0
92	49	0
86	59	0
46	81	0
91	65	0
56	3	0
44	24	0
82	47	0
33	75	0
61	75	0
77	71	0
81	4	0
97	51	0
99	34	0
69	63	0
71	90	0
57	10	0
4	93	0
6	86	0
95	62	0
74	59	0
79	13	0
98	77	0
19	14	0
32	96	0
48	95	0
90	0	0
87	6	0
99	31	0
81	33	0
71	33	0
6	5	0
18	88	0
45	90	0
49	64	1
91	42	0
70	94	0
99	88	0
66	38	0
71	84	0
77	17	1
10	3	0
33	5	0
35	24	0
83	37	0
80	21	0
8	46	0
25	21	0
91	82	0
93	69	0
80	19	1
96	9	0
67	1	0
81	14	1
35	14	0
98	90	0
22	83	0
2	98	0
37	38	0
70	42	0
67	70	0
61	80	0
90	84	0
68	28	0
75	78	0
98	33	0
87	68	0
67	49	0
96	75	0
63	14	0
97	9	0
28	45	0
66	94	0
99	38	0
23	85	1
96	39	0
74	96	0
94	34	0
65	15	0
49	51	0
61	92	0
74	87	0
22	86	0
92	84	0
1	97	0
92	1	0
90	14	0
55	83	0
14	99	0
82	40	0
92	70	0
26	2	0
46	90	0
52	75	0
0	23	0
90	32	0
99	4	0
78	95	0
11	23	0
77	31	0
69	82	0
13	31	0
46	82	0
84	50	0
29	95	1
85	7	0
81	16	1
95	65	0
10	76	1
61	16	0
85	92	0
36	99	0
67	56	0
3	36	0
63	86	0
60	52	0
94	46	0
72	47	0
71	58	0
6	48	0
90	68	0
26	93	1
89	65	0
8	97	0
79	84	0
33	21	0
73	62	0
67	95	0
53	94	0
92	55	0
70	4	0
4	72	1
67	41	0
29	99	0
89	23	0
96	48	0
73	33	0
86	72	0
45	95	0
60	99	0
29	96	0
96	86	0
69	83	0
17	0	0
6	85	0
78	87	0
59	92	0
56	55	1
71	32	0
83	60	0
99	5	0
87	11	0
94	87	0
64	86	0
84	18	0
89	14	0
69	92	0
31	95	0
82	11	0
99	0	0
75	29	0
8	51	0
12	92	0
20	98	0
86	86	0
85	95	0
87	94	0
84	69	0
75	78	0
8	91	0
29	19	0
5	2	0
41	41	0
92	23	0
82	42	0
69	58	0
58	11	0
84	82	0
68	82	0
83	51	0
76	61	0
24	11	0
95	41	0
67	91	0
49	40	0
21	92	0
74	94	0
96	69	0
19	72	0
38	68	0
66	72	0
50	97	0
10	44	0
79	69	0
93	50	0
91	66	0
32	79	0
58	84	0
90	21	0
83	9	0
11	79	0
36	89	0
95	73	0
74	75	0
3	92	0
9	79	0
77	93	0
29	19	0
3	80	0
69	79	0
63	63	0
82	87	0
3	86	0
77	47	0
14	4	0
57	88	0
6	92	0
0	15	0
91	62	0
82	16	1
79	23	0
14	17	0
16	50	0
72	34	0
65	75	0
32	81	1
63	57	1
88	78	0
85	44	0
74	78	0
74	84	0
0	62	0
84	60	0
64	31	0
91	43	0
88	90	0
82	73	0
68	52	1
56	57	1
43	78	0
97	76	0
91	8	0
50	76	0
2	99	0
67	28	0
64	14	0
80	19	1
75	17	1
78	25	0
26	31	0
55	90	0
62	58	0
34	82	0
67	92	0
90	58	0
88	30	0
84	68	0
90	95	0
89	47	0
85	96	0
34	85	1
72	76	0
76	45	0
48	85	0
87	82	0
82	72	0
94	27	0
52	80	0
78	23	0
59	41	0
88	88	0
91	52	0
18	85	0
30	91	1
86	28	0
73	34	0
97	43	0
87	10	0
99	82	0
84	14	0
79	34	0
12	86	0
20	97	0
52	33	0
30	62	0
51	81	0
64	6	0
13	92	0
78	52	0
14	10	0
19	62	0
73	74	0
72	65	0
81	68	0
84	50	0
74	69	0
87	50	0
5	43	0
95	85	0
65	57	0
50	94	0
6	71	1
90	17	0
46	93	0
22	88	0
98	46	0
67	29	0
21	14	0
30	35	0
8	64	1
79	53	0
93	34	0
21	13	0
45	5	0
52	74	0
99	83	0
12	4	0
44	78	0
60	25	0
86	74	0
69	65	0
65	86	0
9	47	0
97	47	0
89	64	0
1	80	0
32	92	1
0	95	0
51	35	0
91	22	0
9	21	0
89	30	0
80	15	0
46	34	0
13	98	0
60	82	0
20	79	1
27	27	0
29	94	1
58	55	1
78	47	0
64	85	0
20	88	0
71	40	0
8	3	0
82	57	0
82	32	0
82	35	0
68	29	0
56	91	0
35	98	0
79	37	0
59	96	0
69	62	0
84	45	0
63	95	0
91	42	0
93	99	0
86	83	0
52	89	0
89	15	0
76	78	0
65	27	0
27	90	1
87	53	0
86	99	0
84	13	0
95	96	0
85	22	0
77	67	0
8	92	0
81	97	0
78	80	0
3	19	0
14	91	0
10	76	1
84	30	0
23	97	0
55	81	0
84	31	0
79	47	0
22	98	0
84	43	0
92	49	0
76	47	0
86	29	0
1	90	0
13	8	0
62	77	0
13	57	0
27	9	0
2	91	0
99	43	0
82	88	0
90	54	0
86	77	0
73	46	0
2	73	1
77	22	0
97	37	0
