92	61	0
41	10	0
31	32	0
62	98	0
13	10	0
96	37	0
94	90	0
42	6	0
61	84	0
48	17	0
84	45	0
0	78	0
18	3	0
22	71	0
99	25	0
78	72	0
57	30	0
18	53	0
89	61	0
98	11	0
51	93	0
62	68	0
80	86	0
59	2	0
33	80	0
55	9	0
85	74	0
65	84	0
90	79	0
2	27	0
50	17	0
40	17	0
89	29	0
27	53	0
86	61	0
6	90	0
42	99	0
92	31	0
71	92	0
45	2	0
23	70	0
94	60	0
90	70	0
54	68	0
96	47	0
3	80	0
61	0	0
99	66	0
12	68	0
60	9	0
13	81	0
59	95	0
34	76	0
96	73	0
50	33	0
27	22	0
93	78	0
92	99	0
94	4	0
16	98	0
98	18	0
37	9	0
73	75	0
41	10	0
14	97	0
86	8	0
44	88	0
68	91	0
45	67	0
3	35	0
68	90	0
10	56	0
93	30	0
30	41	1
30	88	0
54	95	0
60	28	0
34	97	0
58	98	0
1	22	0
98	6	0
95	18	0
44	58	0
81	43	0
84	59	0
49	11	0
34	5	0
70	45	0
13	94	0
56	3	0
55	88	0
39	1	0
46	33	0
81	45	0
37	65	0
73	47	0
10	60	0
77	81	0
3	80	0
32	99	0
96	59	0
63	14	0
40	70	0
37	68	0
63	4	0
72	52	0
3	59	0
28	2	0
12	39	0
41	35	0
68	88	0
51	47	0
12	95	0
86	3	0
48	77	0
77	79	0
97	2	0
68	79	0
50	71	0
35	8	0
55	97	0
98	70	0
70	63	0
28	98	0
62	38	0
32	15	0
18	46	0
79	3	0
6	58	0
95	58	0
99	20	0
80	36	0
36	54	0
48	13	0
83	72	0
19	13	0
35	14	0
87	60	0
44	38	0
64	71	0
66	91	0
49	33	0
47	36	0
56	39	0
12	44	0
30	51	0
24	58	0
78	87	0
48	57	0
26	96	0
72	45	0
75	62	0
55	80	0
92	74	0
19	28	0
55	52	0
15	14	0
26	84	0
30	69	0
86	32	0
43	39	0
78	10	0
43	86	0
49	27	0
51	46	0
73	75	0
27	64	0
51	78	0
34	83	0
33	46	0
42	11	0
53	9	0
37	72	0
22	77	0
81	75	0
91	68	0
29	92	0
91	71	0
29	53	0
22	86	0
55	67	0
36	53	0
20	14	0
8	30	1
75	96	0
88	82	0
57	62	0
72	38	0
3	49	0
58	7	0
81	41	0
61	25	0
75	29	0
16	62	0
10	46	0
47	51	0
78	18	0
42	63	0
90	29	0
32	94	0
26	66	0
37	22	0
82	78	0
35	54	0
37	9	0
20	83	0
56	13	0
99	84	0
62	93	0
92	2	0
4	77	0
24	61	0
93	31	0
48	81	0
44	35	0
53	65	0
48	66	0
46	63	0
19	76	0
27	55	0
68	3	0
0	62	0
62	77	0
94	41	0
41	88	0
80	61	0
64	30	0
49	67	0
24	88	0
36	98	0
53	35	0
75	35	0
81	59	0
66	37	0
67	65	0
6	43	0
49	19	0
9	88	0
65	54	0
69	38	0
66	26	0
53	10	0
11	55	0
86	17	0
41	10	0
67	66	0
57	74	0
71	34	0
98	37	0
99	7	0
5	52	0
96	77	0
21	99	0
93	76	0
32	97	0
59	30	0
61	21	0
19	86	0
75	33	0
38	69	0
36	71	0
42	7	0
33	93	0
82	91	0
71	94	0
83	45	0
94	68	0
20	90	0
44	65	0
64	7	0
70	37	0
30	20	0
38	5	0
49	13	0
51	59	0
76	43	0
31	45	0
37	50	0
37	73	0
75	86	0
82	66	0
57	77	0
84	1	0
84	42	0
66	0	0
16	49	0
26	35	1
71	41	0
70	53	0
66	70	0
14	34	0
35	69	0
57	17	0
20	87	0
29	88	0
26	66	0
91	65	0
45	16	0
37	1	0
30	55	0
80	71	0
61	9	0
72	89	0
12	1	0
51	99	0
5	68	0
40	94	0
46	39	0
2	55	0
78	27	0
76	5	0
54	10	0
88	16	0
38	55	0
13	53	0
74	22	0
87	64	0
11	13	0
0	65	0
27	96	0
0	87	0
47	97	0
55	74	0
54	40	0
61	10	0
44	88	0
44	63	0
80	98	0
29	34	0
8	55	0
26	45	0
62	55	0
74	80	0
31	24	0
76	29	0
35	2	0
52	2	0
62	18	0
34	43	0
77	67	0
83	10	0
10	42	0
51	18	0
50	55	0
42	40	0
32	49	0
86	74	0
75	57	0
11	48	0
55	35	0
97	7	0
57	6	0
53	30	0
49	38	0
41	30	0
4	76	0
57	83	0
23	76	0
19	94	0
27	99	0
59	13	0
36	36	0
96	46	0
88	56	0
0	72	0
81	70	0
67	70	0
78	25	0
82	84	0
83	9	0
78	58	0
77	62	0
35	20	0
63	50	0
26	52	0
89	80	0
72	16	0
96	17	0
32	52	0
44	95	0
69	65	0
88	14	0
15	71	0
93	23	0
52	99	0
81	22	0
73	41	0
43	54	0
58	38	0
29	39	1
36	51	0
60	85	0
82	28	0
38	22	0
72	76	0
30	68	0
12	98	0
87	98	0
38	37	0
4	88	0
56	34	0
94	20	0
85	40	0
13	62	0
60	42	0
42	28	0
46	44	0
12	94	0
85	20	0
55	2	0
87	40	0
48	46	0
25	83	0
21	3	0
58	60	0
53	88	0
10	52	0
40	74	0
36	79	0
55	38	0
18	88	0
5	48	0
23	45	1
62	12	0
88	33	0
94	4	0
82	83	0
21	68	0
28	32	1
46	23	0
83	3	0
76	62	0
76	90	0
9	48	0
64	91	0
93	59	0
31	87	0
70	4	0
57	52	0
60	26	0
78	13	0
48	27	0
39	10	0
96	1	0
89	29	0
9	81	0
83	14	0
91	99	0
22	89	0
99	62	0
48	50	0
9	25	0
86	94	0
64	44	0
0	99	0
69	39	0
76	35	0
75	52	0
85	66	0
27	73	0
88	65	0
32	86	0
99	80	0
33	90	0
95	83	0
37	28	0
59	67	0
63	97	0
43	65	0
72	94	0
68	50	0
32	65	0
37	66	0
83	4	0
8	87	0
92	52	0
19	82	0
48	71	0
45	78	0
89	43	0
39	53	0
46	27	0
80	59	0
68	10	0
87	89	0
64	91	0
47	47	0
49	5	0
40	39	0
55	83	0
37	25	0
47	66	0
79	73	0
38	17	0
98	95	0
54	13	0
13	9	0
55	23	0
19	77	0
38	0	0
13	59	0
90	94	0
57	85	0
62	54	0
61	3	0
44	71	0
45	50	0
93	61	0
86	5	0
4	71	0
75	0	0
55	72	0
63	30	0
38	15	0
35	67	0
85	83	0
25	75	0
39	85	0
78	29	0
19	50	0
63	32	0
42	72	0
62	83	0
36	98	0
87	9	0
96	27	0
70	18	0
29	78	0
27	99	0
27	78	0
73	42	0
80	81	0
79	85	0
11	42	0
74	38	0
71	75	0
76	71	0
60	80	0
17	80	0
19	67	0
44	23	0
39	14	0
1	37	0
47	56	0
28	47	0
82	29	0
86	36	0
74	3	0
79	47	0
53	62	0
21	64	0
54	28	0
90	82	0
53	91	0
76	63	0
33	59	0
34	86	0
78	55	0
26	49	0
79	31	0
22	50	0
33	17	0
88	50	0
79	95	0
56	55	0
9	58	0
54	6	0
62	55	0
33	83	0
34	29	0
81	90	0
94	61	0
16	82	0
65	46	0
6	68	0
80	55	0
32	63	0
49	60	0
36	78	0
62	65	0
5	58	0
74	60	0
67	50	0
76	44	0
23	74	0
66	83	0
55	11	0
95	18	0
52	33	0
97	9	0
7	81	0
34	43	0
37	68	0
84	66	0
25	56	0
77	71	0
19	95	0
13	86	0
91	87	0
48	28	0
2	66	0
75	97	0
48	68	0
84	58	0
24	97	0
96	33	0
24	6	0
33	80	0
23	79	0
26	11	0
16	43	0
11	27	0
78	71	0
98	16	0
59	15	0
72	32	0
87	28	0
32	10	0
30	61	0
95	35	0
5	61	0
50	91	0
6	53	0
27	84	0
66	52	0
53	97	0
79	49	0
67	84	0
33	41	1
69	59	0
44	54	0
73	62	0
3	73	0
58	32	0
29	86	0
84	45	0
73	23	0
89	74	0
91	96	0
83	80	0
52	71	0
71	37	0
51	69	0
40	22	0
30	10	0
36	77	0
1	46	0
65	10	0
59	85	0
83	85	0
81	5	0
12	42	0
54	81	0
19	94	0
64	2	0
55	44	0
59	22	0
43	21	0
48	16	0
84	7	0
41	97	0
66	25	0
30	98	0
97	14	0
25	50	0
43	64	0
70	25	0
77	96	0
69	72	0
41	64	0
58	97	0
72	68	0
87	47	0
11	57	0
84	85	0
81	95	0
12	63	0
91	50	0
31	71	0
99	84	0
53	94	0
40	16	0
69	66	0
88	57	0
58	81	0
71	65	0
90	67	0
68	34	0
17	54	0
5	59	0
63	73	0
70	35	0
52	47	0
49	3	0
29	22	0
97	73	0
16	55	0
27	46	0
60	25	0
43	7	0
54	27	0
21	99	0
13	59	0
17	81	0
71	53	0
82	27	0
90	34	0
91	4	0
62	91	0
9	51	0
56	27	0
57	51	0
46	78	0
95	15	0
62	57	0
44	91	0
19	91	0
41	62	0
26	89	0
36	16	0
75	78	0
49	29	0
38	83	0
53	38	0
10	46	0
66	61	0
66	11	0
27	84	0
93	49	0
22	41	1
21	57	0
20	19	0
5	67	0
78	65	0
72	61	0
41	55	0
81	59	0
91	66	0
67	40	0
66	20	0
81	67	0
80	23	0
6	51	0
75	85	0
29	35	0
58	34	0
10	60	0
2	84	0
36	92	0
38	54	0
89	24	0
1	47	0
59	90	0
3	88	0
85	58	0
47	39	0
84	31	0
13	13	0
47	36	0
74	4	0
24	86	0
48	46	0
97	62	0
88	37	0
6	0	0
8	44	0
57	18	0
7	55	0
84	7	0
53	72	0
35	26	0
89	97	0
9	19	0
29	94	0
95	54	0
34	11	0
89	97	0
48	60	0
59	60	0
37	36	0
94	34	0
94	88	0
5	59	0
3	72	0
21	48	0
23	79	0
22	94	0
66	30	0
32	56	0
13	92	0
41	18	0
68	18	0
36	64	0
58	46	0
54	14	0
33	73	0
35	35	0
86	19	0
4	35	0
78	52	0
92	17	0
51	44	0
37	23	0
48	1	0
18	89	0
47	66	0
48	63	0
33	13	0
21	89	0
9	85	0
69	47	0
97	36	0
28	26	0
27	64	0
86	90	0
47	28	0
68	74	0
58	84	0
9	83	0
76	35	0
47	59	0
14	41	0
92	75	0
53	60	0
94	18	0
78	15	0
89	21	0
69	97	0
54	59	0
43	52	0
64	27	0
46	8	0
55	88	0
57	70	0
18	54	0
75	36	0
49	90	0
89	30	0
88	58	0
30	80	0
44	52	0
26	38	1
79	31	0
41	52	0
86	3	0
98	97	0
72	73	0
50	83	0
74	38	0
70	86	0
11	79	0
43	6	0
11	89	0
12	63	0
48	69	0
74	78	0
67	13	0
98	92	0
92	10	0
96	95	0
62	11	0
82	28	0
73	61	0
53	37	0
12	90	0
58	91	0
68	87	0
30	46	0
11	33	0
26	91	0
12	63	0
39	10	0
43	44	0
21	65	0
35	39	0
3	45	0
96	57	0
43	23	0
15	65	0
30	79	0
62	83	0
91	54	0
0	78	0
64	44	0
26	59	0
79	50	0
62	29	0
4	53	0
24	48	0
82	49	0
63	49	0
86	54	0
1	66	0
61	52	0
8	77	0
3	7	0
86	72	0
15	57	0
34	1	0
34	23	0
13	96	0
18	79	0
92	40	0
69	72	0
79	62	0
76	85	0
50	62	0
60	44	0
5	73	0
46	70	0
35	53	0
69	56	0
84	11	0
