95	72	0
29	25	0
59	98	0
15	10	0
88	31	0
83	98	0
43	81	0
70	44	0
5	84	0
3	0	0
18	89	0
97	46	0
70	74	0
31	35	0
82	89	0
98	48	0
43	98	0
40	79	1
65	73	0
44	16	0
77	66	0
83	86	0
81	86	0
3	26	0
79	12	0
73	68	0
28	96	0
85	25	0
68	92	0
48	63	0
76	76	0
99	53	0
99	23	0
18	76	1
88	83	0
12	72	1
33	3	0
6	71	1
40	87	0
75	45	0
30	14	0
99	83	0
85	85	0
95	15	0
96	16	0
21	37	0
60	86	0
9	84	0
90	0	0
62	95	0
3	28	0
78	84	0
91	31	0
31	82	1
58	93	0
83	19	0
26	86	1
26	8	0
95	3	0
76	36	0
45	82	0
81	27	0
55	50	0
80	27	0
12	99	0
44	80	0
96	66	0
72	95	0
7	62	0
49	89	0
97	51	0
72	19	1
48	39	0
32	8	0
71	58	0
7	83	0
94	27	0
41	68	0
88	55	0
88	0	0
75	99	0
74	85	0
7	27	0
67	81	0
85	70	0
78	46	0
20	96	0
70	39	0
92	53	0
91	28	0
97	37	0
15	53	0
2	15	0
97	57	0
50	89	0
41	77	0
56	93	0
72	33	0
73	69	0
80	77	0
83	66	0
27	21	0
18	13	0
79	54	0
98	2	0
23	98	0
23	43	0
70	72	0
59	83	0
54	79	0
41	4	0
48	84	0
64	80	0
81	55	0
20	92	0
90	84	0
0	77	0
19	52	0
77	86	0
91	75	0
47	67	0
62	43	0
86	39	0
29	89	0
56	73	0
24	43	0
57	83	0
39	26	0
91	84	0
31	99	0
91	3	0
78	35	0
68	86	0
66	80	0
62	72	0
24	33	0
22	69	0
58	92	0
81	70	0
41	90	0
55	85	0
72	19	1
42	93	0
26	24	0
77	64	0
63	44	0
73	68	0
77	37	0
12	89	0
56	50	0
92	38	0
63	34	0
49	18	0
91	30	0
62	76	0
77	96	0
87	71	0
95	23	0
99	33	0
99	70	0
31	85	1
67	76	0
53	90	0
79	19	0
17	83	0
94	5	0
21	42	0
29	93	1
27	89	0
81	71	0
72	79	0
91	49	0
84	53	0
47	81	0
92	62	0
55	5	0
42	26	0
80	47	0
30	70	0
66	77	0
77	67	0
82	5	0
95	49	0
98	35	0
70	61	0
72	86	0
57	6	0
7	90	0
5	93	0
96	65	0
72	58	0
82	14	0
99	76	0
19	12	0
31	97	0
52	92	0
90	2	0
86	3	0
99	32	0
76	31	0
71	39	0
5	7	0
15	88	0
46	89	0
48	63	1
89	48	0
68	94	0
99	84	0
69	35	0
75	80	0
74	19	1
8	4	0
28	5	0
33	23	0
83	39	0
82	21	0
9	47	0
26	21	0
88	79	0
93	70	0
81	20	0
97	8	0
65	0	0
82	13	1
37	16	0
99	89	0
26	83	0
1	96	0
35	39	0
74	42	0
65	66	0
60	80	0
87	85	0
69	26	0
74	81	0
98	35	0
86	67	0
67	51	0
95	72	0
62	15	0
96	8	0
29	46	0
68	98	0
99	37	0
24	85	1
98	36	0
74	96	0
96	32	0
63	16	0
50	49	0
60	94	0
77	87	0
18	85	0
92	86	0
0	97	0
92	2	0
93	17	0
56	82	0
11	99	0
78	42	0
94	70	0
27	0	0
47	90	0
39	78	1
56	75	0
1	22	0
91	33	0
98	3	0
75	95	0
16	23	0
73	31	0
70	81	0
9	27	0
43	86	0
80	53	0
26	93	1
84	10	0
81	14	1
89	67	0
12	78	0
64	18	0
84	92	0
33	96	0
64	58	0
5	37	0
64	89	0
61	49	0
92	46	0
78	48	0
74	58	0
5	41	0
89	67	0
26	93	1
87	60	0
8	96	0
81	85	0
38	18	0
70	64	0
65	92	0
55	95	0
86	55	0
73	1	0
0	73	0
69	42	0
27	99	0
89	23	0
91	44	0
72	33	0
84	74	0
45	95	0
58	99	0
28	93	0
98	85	0
70	83	0
18	3	0
7	83	0
76	83	0
60	90	0
62	56	1
67	31	0
82	61	0
98	9	0
87	7	0
93	86	0
66	82	0
83	18	0
88	12	0
69	92	0
32	97	0
83	9	0
96	1	0
73	26	0
6	55	0
13	96	0
16	96	0
89	84	0
84	99	0
81	92	0
84	70	0
75	76	0
8	91	0
18	74	1
29	19	0
6	5	0
43	39	0
91	24	0
79	40	0
65	61	0
59	14	0
84	83	0
68	78	0
86	55	0
74	60	0
24	10	0
98	39	0
65	92	0
47	38	0
21	87	0
72	95	0
97	69	0
30	84	1
21	75	0
39	68	0
71	73	0
51	97	0
9	47	0
80	70	0
92	49	0
89	68	0
33	78	0
63	84	0
91	18	0
82	8	0
11	82	0
35	91	0
91	77	0
74	74	0
0	95	0
12	76	0
79	95	0
34	21	0
3	79	0
70	85	0
59	62	0
83	85	0
3	85	0
74	46	0
20	4	0
58	92	0
6	91	0
1	16	0
89	62	0
86	11	0
76	22	0
82	16	1
13	20	0
14	54	0
72	34	0
67	74	0
33	88	1
59	56	1
86	81	0
83	41	0
75	77	0
59	58	1
76	80	0
2	64	0
84	59	0
63	34	0
93	43	0
89	90	0
82	72	0
69	54	1
56	59	1
46	78	0
98	75	0
91	10	0
52	77	0
2	97	0
67	28	0
65	15	0
77	19	1
72	16	1
80	25	0
27	31	0
57	92	0
62	62	0
38	84	0
67	93	0
87	61	0
84	27	0
83	67	0
89	92	0
94	48	0
86	96	0
32	87	0
75	78	0
80	47	0
49	85	0
86	82	0
77	71	0
93	27	0
53	77	0
79	20	0
58	41	0
89	88	0
89	54	0
21	89	0
31	92	1
85	29	0
78	32	0
94	43	0
85	7	0
94	81	0
85	16	0
80	35	0
11	83	0
16	98	0
51	32	0
29	64	0
50	83	0
64	0	0
11	89	0
76	51	0
18	9	0
20	61	0
74	71	0
71	60	0
82	65	0
85	47	0
70	63	0
85	48	0
5	45	0
94	85	0
67	59	0
47	92	0
4	71	1
91	18	0
49	94	0
22	87	0
98	42	0
66	27	0
21	11	0
28	37	0
12	61	1
81	55	0
95	33	0
25	13	0
47	6	0
51	76	0
98	82	0
14	5	0
47	78	0
65	26	0
89	68	0
73	65	0
63	84	0
13	48	0
98	46	0
91	65	0
3	84	0
33	91	1
0	97	0
55	36	0
88	19	0
8	18	0
89	34	0
78	13	0
46	30	0
14	97	0
60	85	0
18	78	1
27	26	0
26	94	0
55	57	1
80	47	0
65	85	0
17	89	0
71	42	0
8	3	0
81	57	0
49	61	1
85	29	0
79	30	0
68	30	0
53	87	0
38	96	0
81	39	0
61	97	0
71	63	0
82	45	0
60	93	0
89	39	0
94	98	0
83	84	0
52	88	0
90	16	0
77	78	0
63	28	0
29	90	1
89	57	0
85	96	0
85	12	0
99	96	0
83	25	0
83	66	0
12	94	0
77	93	0
73	79	0
7	16	0
15	96	0
10	72	1
84	30	0
25	96	0
53	81	0
80	35	0
77	50	0
17	99	0
84	43	0
90	54	0
75	45	0
89	28	0
1	86	0
12	7	0
63	77	0
14	60	0
29	8	0
4	95	0
99	47	0
79	91	0
92	55	0
87	78	0
76	46	0
2	75	0
78	21	0
96	37	0
