91	65	0
50	16	0
42	17	0
45	99	0
6	22	0
94	32	0
96	87	0
43	16	0
74	79	0
38	37	0
81	39	0
4	85	0
17	11	0
23	63	0
99	19	0
99	75	0
65	29	0
32	48	0
97	61	0
89	0	0
42	85	0
70	76	0
72	95	0
68	0	0
45	88	0
61	1	0
75	82	0
66	95	0
99	60	0
0	34	0
46	38	0
46	29	0
87	28	0
47	45	0
91	64	0
17	91	0
58	87	0
98	25	0
75	95	0
51	2	0
20	49	0
81	53	0
93	63	0
56	74	0
94	44	0
14	86	0
29	41	0
62	9	0
90	57	0
14	67	0
61	8	0
29	86	0
52	94	0
32	67	0
95	62	0
40	26	0
43	35	0
79	74	0
94	95	0
79	19	0
10	96	0
89	9	0
42	4	0
76	69	0
43	20	0
12	82	0
80	12	0
41	78	0
85	90	0
60	67	0
14	23	0
76	83	0
31	36	0
23	47	0
88	37	0
11	33	0
40	79	0
47	85	0
70	22	0
43	96	0
61	98	0
2	0	0
7	14	0
96	15	0
98	25	0
34	50	0
82	41	0
22	18	0
78	56	0
34	45	0
34	10	0
43	8	0
69	35	0
13	86	0
73	11	0
51	77	0
41	9	0
47	31	0
95	42	0
33	71	0
77	56	0
20	56	0
74	93	0
6	77	0
43	79	0
88	44	0
61	2	0
49	67	0
17	63	0
54	0	0
61	58	0
17	59	0
47	5	0
40	56	0
32	39	0
93	89	0
55	45	0
2	1	0
28	93	0
75	6	0
67	64	0
17	31	1
83	80	0
94	10	0
68	64	0
54	74	0
32	10	0
55	99	0
79	79	0
81	53	0
34	97	0
68	28	0
42	22	0
19	42	0
82	11	0
4	78	0
98	67	0
99	23	0
87	30	0
40	55	0
59	17	0
86	81	0
7	17	0
43	14	0
91	70	0
33	40	0
81	73	0
86	89	0
50	17	0
43	32	0
56	60	0
7	48	0
26	71	0
11	57	0
79	73	0
37	52	0
46	95	0
78	58	0
72	75	0
51	85	0
16	45	0
91	67	0
0	31	0
42	47	0
25	14	0
22	77	0
38	76	0
93	39	0
31	32	0
83	16	0
38	83	0
59	31	0
46	44	0
80	82	0
22	55	0
67	83	0
33	87	0
33	58	0
33	23	0
60	10	0
34	76	0
19	77	0
76	84	0
92	58	0
15	83	0
18	35	0
98	68	0
28	62	0
30	92	0
51	89	0
42	49	0
32	10	0
19	41	0
66	83	0
82	94	0
54	85	0
75	24	0
2	74	0
53	5	0
78	20	0
70	29	0
76	22	0
24	59	0
0	67	0
52	60	0
76	32	0
34	70	0
93	26	0
39	91	0
33	66	0
38	14	0
78	73	0
32	55	0
33	6	0
9	97	0
70	10	0
99	86	0
81	90	0
94	14	0
1	78	0
13	70	0
97	45	0
52	71	0
39	47	0
51	63	0
57	73	0
46	61	0
11	76	0
33	64	0
72	6	0
2	65	0
63	96	0
85	47	0
42	87	0
89	61	0
49	11	0
47	67	0
21	82	0
35	99	0
61	32	0
67	29	0
20	36	0
95	60	0
75	42	0
76	63	0
8	70	0
56	21	0
4	88	0
70	63	0
51	47	0
68	48	0
53	17	0
4	58	0
82	37	0
50	9	0
74	65	0
48	83	0
69	36	0
96	37	0
96	5	0
0	66	0
89	71	0
22	96	0
95	65	0
43	92	0
63	30	0
55	1	0
22	94	0
67	36	0
40	59	0
42	79	0
49	3	0
22	87	0
70	92	0
86	80	0
73	35	0
86	70	0
15	87	0
46	47	0
52	9	0
68	25	0
31	15	0
36	0	0
48	5	0
57	52	0
72	34	0
34	56	0
34	51	0
44	64	0
72	87	0
92	83	0
61	82	0
81	19	0
83	51	0
78	12	0
21	54	0
31	14	0
85	38	0
64	30	0
74	74	0
5	41	0
50	73	0
54	22	0
28	92	0
33	93	0
20	71	0
94	66	0
44	27	0
38	7	0
24	58	0
90	57	0
71	16	0
79	88	0
13	9	0
70	90	0
8	77	0
49	83	0
41	32	0
1	50	0
80	6	0
24	30	0
89	14	0
52	16	0
83	12	0
31	43	0
16	49	0
83	23	0
93	56	0
2	22	0
22	32	0
4	64	0
35	82	0
18	86	0
2	8	1
45	86	0
53	74	0
49	43	0
69	26	0
48	94	0
40	68	0
89	96	0
40	34	0
16	47	0
21	39	0
58	71	0
80	89	0
43	22	0
87	8	0
26	1	0
63	2	0
60	14	0
21	42	0
76	64	0
70	0	0
14	36	0
46	19	0
56	44	0
44	50	0
24	58	0
87	81	0
71	48	0
17	57	0
53	35	0
97	9	0
57	10	0
61	21	0
56	40	0
27	31	0
10	73	0
74	76	0
16	78	0
36	85	0
22	99	0
50	30	0
39	46	0
92	52	0
74	42	0
5	83	0
75	76	0
63	83	0
15	31	1
76	28	0
64	96	0
73	0	0
83	56	0
79	53	0
31	17	0
41	45	0
36	41	0
91	80	0
1	5	1
70	22	0
93	2	0
18	41	0
34	91	0
64	74	0
84	3	0
2	60	0
98	33	0
45	96	0
77	17	0
67	50	0
49	54	0
44	41	0
29	40	0
42	35	0
72	79	0
78	39	0
40	35	0
76	71	0
24	59	0
17	93	0
92	91	0
32	36	0
1	80	0
61	27	0
92	16	0
82	42	0
9	58	0
64	45	0
38	35	0
47	45	0
2	99	0
71	18	0
51	11	0
88	55	0
49	22	0
26	81	0
19	5	0
72	49	0
69	98	0
2	78	0
44	54	0
44	71	0
56	27	0
21	99	0
17	48	0
31	40	0
61	18	0
85	23	0
90	19	0
85	90	0
23	60	0
29	23	0
31	33	0
84	17	0
61	60	0
71	91	0
16	40	0
71	97	0
89	64	0
38	73	0
69	10	0
67	40	0
76	22	0
74	8	0
46	21	0
42	32	0
93	0	0
81	31	0
0	72	0
86	11	0
94	98	0
2	99	0
87	56	0
53	47	0
24	16	0
95	84	0
66	58	0
11	97	0
64	27	0
81	36	0
82	54	0
79	61	0
30	68	0
74	77	0
42	96	0
83	71	0
20	29	0
34	99	0
94	82	0
38	36	0
27	36	0
64	78	0
59	95	0
42	69	0
58	99	0
55	53	0
37	63	0
31	67	0
87	22	0
20	98	0
86	50	0
24	93	0
52	65	0
47	76	0
85	35	0
35	37	0
21	49	0
53	25	0
92	64	0
68	17	0
88	98	0
72	99	0
38	54	0
64	1	0
31	45	0
38	90	0
38	26	0
50	68	0
69	82	0
24	23	0
85	97	0
40	24	0
24	21	0
65	39	0
24	76	0
48	14	0
6	55	0
87	83	0
56	88	0
56	45	0
82	10	0
50	72	0
45	54	0
99	59	0
85	2	0
1	72	0
77	1	0
70	74	0
74	34	0
37	13	0
33	70	0
82	78	0
24	65	0
52	82	0
78	26	0
11	63	0
70	20	0
45	59	0
62	96	0
32	90	0
89	6	0
94	27	0
63	14	0
33	86	0
13	88	0
6	86	0
74	41	0
69	61	0
71	82	0
14	46	0
73	32	0
66	63	0
85	77	0
53	60	0
20	59	0
29	62	0
39	23	0
43	24	0
0	43	0
45	65	0
39	45	0
93	32	0
75	33	0
76	0	0
86	45	0
54	69	0
22	54	0
59	28	0
92	79	0
62	89	0
94	69	0
15	48	0
59	73	0
67	47	0
30	53	0
77	33	0
19	53	0
39	22	0
80	51	0
86	99	0
58	55	0
16	62	0
48	2	0
51	60	0
30	85	0
40	29	0
85	82	0
92	72	0
17	98	0
59	73	0
10	71	0
76	60	0
33	49	0
45	61	0
34	75	0
63	70	0
19	30	1
8	62	0
94	78	0
71	55	0
96	57	0
22	64	0
51	87	0
59	27	0
93	27	0
35	44	0
98	8	0
18	89	0
26	32	0
35	72	0
85	57	0
18	44	0
83	66	0
18	98	0
13	71	0
12	8	1
91	86	0
39	30	0
1	69	0
78	88	0
50	63	0
83	69	0
22	91	0
98	35	0
30	2	0
36	85	0
33	76	0
35	20	0
22	40	0
7	18	0
82	73	0
94	4	0
60	5	0
71	13	0
98	46	0
33	9	0
27	50	0
98	42	0
7	55	0
56	83	0
1	61	0
20	77	0
74	55	0
49	94	0
79	48	0
70	86	0
28	35	0
76	66	0
43	57	0
81	49	0
16	76	0
47	35	0
33	75	0
85	33	0
59	37	0
99	75	0
94	99	0
87	78	0
34	68	0
18	27	0
58	40	0
46	78	0
33	18	0
24	2	0
36	75	0
18	39	0
63	3	0
71	82	0
75	66	0
93	14	0
7	46	0
67	88	0
3	94	0
54	10	0
68	53	0
64	19	0
36	18	0
24	35	0
35	14	0
75	7	0
39	86	0
55	31	0
30	80	0
79	13	0
31	44	0
47	63	0
75	19	0
87	69	0
61	70	0
35	66	0
49	90	0
75	84	0
85	49	0
25	68	0
75	72	0
63	95	0
19	43	0
20	53	0
97	35	0
31	87	0
97	86	0
70	85	0
45	2	0
59	58	0
91	58	0
68	85	0
85	51	0
94	78	0
82	31	0
8	61	0
7	58	0
72	86	0
75	42	0
56	63	0
57	10	0
32	15	0
84	67	0
22	32	0
10	60	0
42	51	0
54	40	0
39	19	0
48	33	0
16	85	0
22	36	0
9	60	0
14	75	0
73	47	0
17	20	0
62	12	0
96	29	0
78	2	0
56	78	0
7	58	0
60	30	0
50	34	0
56	80	0
93	14	0
34	40	0
55	62	0
53	78	0
19	99	0
39	71	0
37	84	0
27	24	0
74	81	0
42	46	0
33	85	0
63	29	0
14	41	0
60	60	0
63	23	0
29	74	0
81	38	0
53	42	0
46	46	0
29	11	0
9	65	0
75	69	0
74	64	0
42	45	0
88	59	0
81	74	0
73	26	0
61	8	0
76	81	0
76	12	0
7	66	0
75	80	0
40	19	0
71	37	0
18	68	0
12	87	0
37	92	0
27	54	0
96	28	0
20	52	0
50	98	0
18	86	0
99	72	0
57	62	0
82	38	0
21	3	0
50	23	0
63	3	0
10	81	0
62	57	0
84	65	0
73	44	0
17	2	0
24	46	0
72	11	0
5	81	0
77	1	0
48	65	0
48	26	0
80	93	0
3	21	0
20	90	0
96	53	0
32	14	0
97	85	0
58	66	0
72	51	0
41	30	0
90	29	0
93	78	0
6	67	0
0	80	0
20	55	0
8	89	0
5	89	0
80	25	0
46	42	0
6	94	0
51	8	0
69	5	0
41	52	0
73	50	0
47	20	0
27	61	0
29	29	0
83	14	0
13	42	0
87	62	0
92	6	0
55	53	0
28	18	0
57	13	0
13	93	0
56	75	0
39	62	0
39	16	0
3	90	0
7	88	0
68	54	0
95	38	0
42	27	0
27	79	0
98	93	0
51	30	0
58	74	0
69	88	0
1	77	0
72	26	0
56	58	0
20	37	0
96	74	0
45	65	0
98	15	0
75	14	0
84	22	0
76	94	0
43	65	0
35	78	0
80	23	0
31	6	0
65	95	0
67	74	0
17	53	0
72	42	0
68	93	0
79	10	0
96	53	0
32	76	0
59	50	0
31	30	0
84	20	0
32	49	0
67	1	0
88	99	0
77	66	0
52	76	0
82	27	0
76	75	0
9	88	0
40	4	0
17	95	0
1	64	0
66	66	0
71	93	0
76	7	0
95	97	0
84	10	0
81	81	0
65	3	0
85	35	0
83	42	0
57	37	0
11	79	0
62	88	0
56	74	0
17	54	0
9	38	0
31	98	0
10	62	0
42	5	0
32	53	0
15	62	0
45	35	0
0	44	0
96	51	0
51	22	0
11	50	0
25	84	0
78	81	0
1	1	0
91	66	0
16	68	0
61	44	0
32	62	0
89	50	0
56	39	0
0	8	0
0	48	0
23	59	0
91	62	0
73	54	0
97	64	0
7	56	0
74	62	0
6	78	0
4	23	0
88	57	0
27	63	0
41	12	0
38	30	0
8	84	0
32	89	0
3	2	1
82	44	0
72	66	0
75	57	0
77	75	0
38	74	0
44	23	0
4	67	0
54	69	0
36	48	0
62	50	0
86	17	0
