92	61	0
41	11	0
32	32	0
60	99	0
12	8	0
93	36	0
95	91	0
43	7	0
61	86	0
47	18	0
86	45	0
0	79	0
17	4	0
20	68	0
99	24	0
79	73	0
58	30	0
18	52	0
90	62	0
99	12	0
53	92	0
60	69	0
81	85	0
57	1	0
34	82	0
53	7	0
83	74	0
64	83	0
90	78	0
2	27	0
51	18	0
41	18	0
88	29	0
29	53	0
88	61	0
6	90	0
42	99	0
92	29	0
72	90	0
46	3	0
22	69	0
94	59	0
92	69	0
54	68	0
97	47	0
6	79	0
62	1	0
98	68	0
12	68	0
62	8	0
13	80	0
58	94	0
34	76	0
97	73	0
50	33	0
27	23	0
95	79	0
94	97	0
94	4	0
17	98	0
98	17	0
37	10	0
74	76	0
39	9	0
14	99	0
85	7	0
43	90	0
69	91	0
46	66	0
2	36	0
69	91	0
26	29	1
11	56	0
94	30	0
29	40	1
31	89	0
54	96	0
58	28	0
33	99	0
59	99	0
2	21	0
98	7	0
94	18	0
43	58	0
81	42	0
25	40	1
83	58	0
50	11	0
36	6	0
72	46	0
14	95	0
56	3	0
57	86	0
38	0	0
46	32	0
82	46	0
36	67	0
73	45	0
8	61	0
77	82	0
3	79	0
33	98	0
98	59	0
61	13	0
39	69	0
39	69	0
65	3	0
72	51	0
3	60	0
27	1	0
12	40	0
40	34	0
68	88	0
52	49	0
13	93	0
85	5	0
48	78	0
77	78	0
96	2	0
67	80	0
48	69	0
35	8	0
56	98	0
99	72	0
70	62	0
27	98	0
60	37	0
33	14	0
18	45	0
78	4	0
7	58	0
96	58	0
98	21	0
80	34	0
37	54	0
49	12	0
83	72	0
17	13	0
35	14	0
86	62	0
43	39	0
65	71	0
65	92	0
50	34	0
48	36	0
57	38	0
14	45	0
30	51	0
25	56	0
77	86	0
46	58	0
26	98	0
74	43	0
74	63	0
54	79	0
91	72	0
17	30	0
55	51	0
15	12	0
24	82	0
32	70	0
87	34	0
45	40	0
78	9	0
43	85	0
47	27	0
52	44	0
74	75	0
27	63	0
49	78	0
33	82	0
33	45	0
41	11	0
54	7	0
35	72	0
21	78	0
79	75	0
90	67	0
29	93	0
91	70	0
29	54	0
23	86	0
56	66	0
37	55	0
22	15	0
9	28	1
73	97	0
89	81	0
57	64	0
72	36	0
2	50	0
59	7	0
80	40	0
61	27	0
75	27	0
14	62	0
9	49	0
48	51	0
78	18	0
43	64	0
91	30	0
31	93	0
25	66	0
37	22	0
81	78	0
34	54	0
34	11	0
20	84	0
55	14	0
98	83	0
61	92	0
92	0	0
6	77	0
24	63	0
94	31	0
47	79	0
46	36	0
53	63	0
50	69	0
46	63	0
17	76	0
27	55	0
67	2	0
1	62	0
61	76	0
94	42	0
43	88	0
79	64	0
64	30	0
49	68	0
24	87	0
36	97	0
50	37	0
77	36	0
82	58	0
68	37	0
66	66	0
8	44	0
47	19	0
7	88	0
66	54	0
68	38	0
67	27	0
53	12	0
12	56	0
88	15	0
40	12	0
66	66	0
56	75	0
72	34	0
97	37	0
99	7	0
5	53	0
97	77	0
21	99	0
92	78	0
31	99	0
59	30	0
61	22	0
18	83	0
72	34	0
39	69	0
36	70	0
42	9	0
31	94	0
82	93	0
69	94	0
83	46	0
94	69	0
21	91	0
42	65	0
64	6	0
69	37	0
31	20	0
37	4	0
50	15	0
50	59	0
76	43	0
34	46	0
38	51	0
35	73	0
74	88	0
82	66	0
58	76	0
85	0	0
84	44	0
65	0	0
17	48	0
27	34	1
72	40	0
69	55	0
66	69	0
14	34	0
34	69	0
58	17	0
19	87	0
30	90	0
27	68	0
93	64	0
48	16	0
38	1	0
32	58	0
78	69	0
62	10	0
72	88	0
13	2	0
53	99	0
4	66	0
37	93	0
46	38	0
1	55	0
79	29	0
77	7	0
52	11	0
87	14	0
37	54	0
13	52	0
72	21	0
86	63	0
9	13	0
2	64	0
28	96	0
0	88	0
49	97	0
56	75	0
53	38	0
60	10	0
45	88	0
44	64	0
80	99	0
29	33	0
10	56	0
28	47	0
65	54	0
73	81	0
29	23	0
78	28	0
36	2	0
51	4	0
61	20	0
34	43	0
76	67	0
85	10	0
11	42	0
51	18	0
52	55	0
41	38	0
32	51	0
84	75	0
73	59	0
11	48	0
56	32	0
96	8	0
58	8	0
54	28	0
50	40	0
43	31	0
3	75	0
59	84	0
23	76	0
20	92	0
29	99	0
59	12	0
36	35	0
96	48	0
89	57	0
0	72	0
81	69	0
67	68	0
78	24	0
79	83	0
81	10	0
78	57	0
78	61	0
35	21	0
63	51	0
26	51	0
88	80	0
70	16	0
96	17	0
33	54	0
43	94	0
69	67	0
87	13	0
15	68	0
92	21	0
52	99	0
80	22	0
73	41	0
43	55	0
59	40	0
31	41	1
36	51	0
60	85	0
82	29	0
38	23	0
72	76	0
31	69	0
11	97	0
87	97	0
36	37	0
5	88	0
57	33	0
92	20	0
86	42	0
11	61	0
61	40	0
45	27	0
45	43	0
12	94	0
83	20	0
56	3	0
87	41	0
48	46	0
26	80	0
21	2	0
57	60	0
52	88	0
8	54	0
41	74	0
37	77	0
55	39	0
19	87	0
4	49	0
23	43	1
63	12	0
87	31	0
93	5	0
81	83	0
19	65	0
27	31	1
48	22	0
84	2	0
74	62	0
77	90	0
9	47	0
65	91	0
95	60	0
32	87	0
71	4	0
59	52	0
60	25	0
78	11	0
46	28	0
40	13	0
96	0	0
88	30	0
7	83	0
82	14	0
92	99	0
21	91	0
98	65	0
48	51	0
10	25	0
87	93	0
64	44	0
1	99	0
68	38	0
77	35	0
74	54	0
85	67	0
26	75	0
88	66	0
33	86	0
99	80	0
34	88	0
97	82	0
37	30	0
59	65	0
61	98	0
44	65	0
70	94	0
69	50	0
33	65	0
35	65	0
83	5	0
9	87	0
93	52	0
19	81	0
50	71	0
45	78	0
89	43	0
37	51	0
45	26	0
80	59	0
67	11	0
85	90	0
63	90	0
46	48	0
51	5	0
39	39	0
55	84	0
38	25	0
46	65	0
78	72	0
38	16	0
97	94	0
52	13	0
15	8	0
53	23	0
22	77	0
38	1	0
15	60	0
90	95	0
57	84	0
64	53	0
61	2	0
43	70	0
45	49	0
94	59	0
86	8	0
3	70	0
76	1	0
55	72	0
63	30	0
38	15	0
37	68	0
87	81	0
25	76	0
39	84	0
79	28	0
20	49	0
64	31	0
42	71	0
63	81	0
34	99	0
88	8	0
95	25	0
71	17	0
29	78	0
27	99	0
28	76	0
72	40	0
83	80	0
79	86	0
12	43	0
75	39	0
73	75	0
77	71	0
59	79	0
19	80	0
20	68	0
46	23	0
37	15	0
4	36	0
45	56	0
28	47	0
83	29	0
85	37	0
73	3	0
79	46	0
52	62	0
19	65	0
52	26	0
91	83	0
51	91	0
76	63	0
32	58	0
35	86	0
79	53	0
27	49	0
79	31	0
21	49	0
33	17	0
87	51	0
79	94	0
56	55	0
12	59	0
54	6	0
60	55	0
33	83	0
36	28	0
81	90	0
94	64	0
14	84	0
66	46	0
8	68	0
82	55	0
33	62	0
49	61	0
37	79	0
61	66	0
5	56	0
74	60	0
67	52	0
78	45	0
22	74	0
65	86	0
53	12	0
94	18	0
52	32	0
96	12	0
8	80	0
34	40	0
36	69	0
85	65	0
25	55	0
78	70	0
17	96	0
13	87	0
90	89	0
49	28	0
5	67	0
74	96	0
48	69	0
85	57	0
24	96	0
95	34	0
27	6	0
34	81	0
23	79	0
26	12	0
15	43	0
10	25	0
77	69	0
98	17	0
61	12	0
74	30	0
86	30	0
31	9	0
30	61	0
93	36	0
4	61	0
52	91	0
6	54	0
29	86	0
67	53	0
55	98	0
79	50	0
68	83	0
31	41	1
70	61	0
44	53	0
73	62	0
3	72	0
57	31	0
30	86	0
83	43	0
73	23	0
88	74	0
93	95	0
85	80	0
50	70	0
70	38	0
51	71	0
41	21	0
30	10	0
37	78	0
1	44	0
65	11	0
56	88	0
85	86	0
79	5	0
13	43	0
56	83	0
19	95	0
65	2	0
56	44	0
60	22	0
41	20	0
50	18	0
83	8	0
41	97	0
67	26	0
32	98	0
96	16	0
25	50	0
42	64	0
72	27	0
77	97	0
68	72	0
42	64	0
56	98	0
73	67	0
84	47	0
12	59	0
85	86	0
80	97	0
14	62	0
92	50	0
31	72	0
98	82	0
52	92	0
40	18	0
70	68	0
88	58	0
58	81	0
72	65	0
88	69	0
70	36	0
16	56	0
4	60	0
63	72	0
71	34	0
53	50	0
51	1	0
32	21	0
99	71	0
16	56	0
27	48	0
59	26	0
42	9	0
54	28	0
21	97	0
12	57	0
18	81	0
70	53	0
82	28	0
91	32	0
90	3	0
61	91	0
9	51	0
57	28	0
56	49	0
46	76	0
97	15	0
61	57	0
45	90	0
18	91	0
40	60	0
27	89	0
37	16	0
74	79	0
47	29	0
38	83	0
54	39	0
11	45	0
64	61	0
65	11	0
26	85	0
93	48	0
21	38	1
20	57	0
21	19	0
3	67	0
80	64	0
72	62	0
42	54	0
81	58	0
90	68	0
67	38	0
66	22	0
81	69	0
79	23	0
3	50	0
75	84	0
28	34	0
58	34	0
10	60	0
2	86	0
35	91	0
38	55	0
91	23	0
0	47	0
60	90	0
5	90	0
85	58	0
48	40	0
85	28	0
14	13	0
48	36	0
74	2	0
24	87	0
51	47	0
97	63	0
89	36	0
8	1	0
9	42	0
59	19	0
6	54	0
83	6	0
53	72	0
35	28	0
90	98	0
9	19	0
30	94	0
95	54	0
34	11	0
89	96	0
48	58	0
59	61	0
38	36	0
93	35	0
96	89	0
5	58	0
3	70	0
20	49	0
22	81	0
23	92	0
66	29	0
33	55	0
12	91	0
43	20	0
70	17	0
37	65	0
60	47	0
53	13	0
35	73	0
34	35	0
87	20	0
4	35	0
77	53	0
91	16	0
52	43	0
37	22	0
48	3	0
17	90	0
47	67	0
46	64	0
33	12	0
20	90	0
8	84	0
67	48	0
96	37	0
25	25	0
26	62	0
86	91	0
48	28	0
66	74	0
58	83	0
7	82	0
75	37	0
47	59	0
15	41	0
94	74	0
51	61	0
93	18	0
77	16	0
89	22	0
68	96	0
54	59	0
43	50	0
64	25	0
45	9	0
57	86	0
58	69	0
17	56	0
74	36	0
48	92	0
90	30	0
86	57	0
30	80	0
47	53	0
25	38	1
78	32	0
39	52	0
84	2	0
97	94	0
70	72	0
51	83	0
75	38	0
70	87	0
12	80	0
41	6	0
11	88	0
13	65	0
50	67	0
73	78	0
68	12	0
98	92	0
92	9	0
96	94	0
62	11	0
82	28	0
72	60	0
53	37	0
12	89	0
58	92	0
66	86	0
30	45	0
11	33	0
24	90	0
14	63	0
40	9	0
40	43	0
21	65	0
34	38	0
1	44	0
97	59	0
44	23	0
14	64	0
30	80	0
63	81	0
91	54	0
2	77	0
64	45	0
25	60	0
79	51	0
62	29	0
3	52	0
26	48	0
83	51	0
63	50	0
86	54	0
1	66	0
59	51	0
9	79	0
5	8	0
86	70	0
14	58	0
31	3	0
34	23	0
12	95	0
17	80	0
91	39	0
69	73	0
78	63	0
75	84	0
47	63	0
58	44	0
2	71	0
46	71	0
35	53	0
70	57	0
84	12	0
