98	67	0
19	15	0
61	97	0
6	4	0
93	37	0
99	98	0
43	14	1
46	83	0
56	23	0
83	49	0
7	91	0
4	6	0
13	95	0
93	33	0
73	74	0
43	33	0
82	71	0
98	16	0
59	96	0
45	70	0
84	70	0
47	8	0
28	83	0
55	19	0
92	65	0
80	89	0
84	78	0
13	35	0
58	16	1
55	36	0
87	26	0
79	71	0
10	74	0
29	95	0
84	11	0
68	90	0
32	10	0
47	70	0
82	73	0
95	71	0
58	68	0
97	33	0
15	74	0
64	8	0
99	68	0
18	75	0
57	2	0
9	74	0
42	99	0
33	65	0
92	56	0
56	37	0
39	20	0
97	87	0
89	95	0
93	15	0
29	90	0
95	9	0
22	14	0
78	94	0
32	5	1
3	89	0
82	9	0
25	71	0
65	90	0
36	59	0
8	26	0
72	81	0
89	33	0
20	95	0
43	97	0
67	27	0
27	91	0
55	99	0
14	14	0
98	18	0
78	26	0
53	76	0
84	37	0
86	61	0
59	5	0
71	40	0
2	99	0
68	5	0
45	74	0
40	6	1
58	24	0
85	11	0
38	52	1
84	59	0
0	51	0
77	86	0
2	78	0
36	94	0
95	55	0
74	28	0
32	68	0
36	60	1
72	3	0
66	52	0
14	75	0
31	1	0
63	70	0
45	32	0
6	97	0
93	30	0
41	80	0
77	68	0
94	2	0
64	87	0
66	74	0
7	25	0
58	91	0
98	84	0
81	56	0
23	89	0
67	30	0
79	4	0
98	61	0
90	38	0
93	53	0
35	44	0
60	15	1
59	70	0
8	26	0
48	33	0
87	57	0
52	23	1
50	78	0
55	73	0
61	20	0
49	34	0
50	20	1
59	80	0
48	58	0
48	97	0
75	41	0
63	68	0
53	72	0
94	54	0
30	16	0
45	43	0
16	14	0
17	83	0
30	60	0
80	42	0
51	38	0
88	0	0
33	81	0
52	22	1
32	37	0
67	84	0
30	66	0
58	63	0
44	87	0
42	49	1
37	1	0
57	17	0
40	97	0
27	58	0
77	78	0
93	63	0
21	97	0
91	74	0
31	49	0
22	76	0
54	72	0
46	50	1
15	33	0
73	83	0
99	90	0
46	72	0
79	43	0
5	41	1
62	11	1
62	47	0
61	15	0
74	19	0
5	54	1
38	57	0
53	15	0
34	64	0
92	30	0
31	94	0
20	61	0
79	94	0
50	52	0
21	19	0
38	79	0
48	16	0
99	96	0
35	90	0
95	0	0
12	55	1
17	77	0
99	31	0
56	95	0
72	85	0
61	59	0
25	51	0
13	69	0
59	1	0
56	89	0
99	53	0
38	93	0
69	69	0
88	25	0
51	75	0
30	81	0
35	87	0
30	20	0
67	25	0
83	49	0
51	39	0
76	70	0
1	57	1
76	19	0
19	90	0
60	61	0
86	33	0
76	40	0
45	1	0
4	39	0
85	31	0
74	78	0
60	99	0
75	56	0
98	29	0
90	8	0
2	37	0
90	74	0
35	99	0
84	78	0
42	98	0
52	33	0
85	37	0
24	99	0
83	23	0
22	60	0
31	84	0
49	14	0
24	89	0
74	88	0
86	73	0
93	58	0
99	54	0
16	84	0
40	68	0
85	7	0
85	51	0
40	0	0
33	23	0
45	56	0
79	44	0
24	56	0
34	38	0
29	74	0
75	99	0
98	53	0
59	74	0
95	7	0
98	30	0
64	5	0
91	50	0
79	53	0
62	78	0
6	34	0
42	59	0
72	24	0
15	87	0
33	65	0
6	92	0
91	64	0
41	3	0
82	66	0
79	0	0
99	80	0
21	1	0
42	95	0
19	62	0
57	92	0
41	32	0
78	18	0
81	11	0
55	11	1
89	14	0
50	49	0
75	28	0
77	58	0
9	6	0
1	60	0
31	95	0
21	79	0
54	96	0
45	69	0
78	40	0
64	4	0
46	86	0
47	63	0
97	94	0
0	45	1
59	43	0
65	87	0
80	23	0
23	5	0
50	3	0
54	14	0
36	35	0
83	52	0
71	15	0
18	43	0
16	28	0
32	51	0
44	35	0
96	70	0
89	61	0
5	52	1
65	34	0
82	7	0
68	8	0
74	19	0
52	38	0
40	30	0
5	75	0
77	83	0
38	90	0
9	93	0
34	58	0
56	11	1
52	38	0
85	36	0
75	52	0
81	72	0
83	86	0
81	34	0
70	82	0
74	8	0
76	56	0
72	54	0
66	52	0
93	73	0
76	6	0
90	17	0
24	44	0
60	90	0
63	71	0
77	12	0
24	78	0
98	37	0
51	99	0
98	26	0
59	25	0
35	55	0
61	43	0
35	61	0
59	79	0
76	25	0
81	79	0
20	92	0
94	95	0
45	13	1
8	80	0
44	52	1
98	2	0
86	33	0
36	72	0
55	53	0
66	47	0
23	99	0
77	29	0
91	55	0
51	33	0
40	89	0
27	10	0
47	46	0
52	93	0
3	45	1
36	83	0
39	85	0
51	20	1
21	70	0
11	29	0
73	7	0
71	32	0
97	10	0
78	99	0
34	66	0
35	25	0
76	9	0
58	51	0
69	99	0
0	27	0
52	86	0
93	52	0
33	75	0
73	1	0
39	63	0
63	19	0
54	10	0
84	18	0
93	40	0
4	82	0
71	9	0
83	99	0
30	97	0
87	71	0
46	50	1
10	29	0
64	98	0
73	45	0
6	80	0
72	25	0
89	48	0
73	50	0
74	60	0
22	55	0
96	48	0
22	89	0
95	64	0
24	99	0
90	91	0
43	33	0
70	72	0
59	90	0
49	51	0
60	93	0
79	50	0
44	48	0
26	58	0
90	3	0
2	85	0
83	56	0
24	96	0
49	48	0
45	70	0
78	27	0
28	53	0
54	27	0
93	54	0
71	20	0
81	88	0
46	93	0
39	57	1
39	44	0
63	99	0
53	22	1
43	82	0
90	80	0
85	76	0
75	10	0
21	9	0
41	36	0
32	57	0
41	4	1
6	79	0
83	77	0
60	90	0
65	52	0
65	14	0
35	64	0
38	81	0
91	49	0
88	3	0
17	73	0
74	9	0
52	63	0
49	24	1
39	10	1
36	42	0
87	84	0
24	73	0
58	86	0
67	18	0
76	14	0
50	56	0
64	87	0
21	99	0
96	25	0
80	9	0
78	26	0
10	67	0
15	99	0
15	78	0
60	37	0
72	83	0
79	95	0
3	30	0
64	56	0
73	90	0
77	62	0
63	67	0
19	99	0
14	76	0
48	27	0
4	26	0
46	35	0
29	41	0
98	33	0
81	50	0
61	9	0
68	30	0
55	49	0
39	21	0
92	79	0
53	79	0
83	48	0
34	63	0
40	99	0
76	53	0
54	12	1
29	15	0
98	50	0
65	85	0
46	32	0
52	59	0
30	97	0
63	98	0
92	67	0
22	77	0
66	49	0
0	73	0
58	53	0
47	76	0
67	57	0
54	79	0
61	87	0
7	59	0
57	53	0
81	46	0
77	61	0
38	81	0
77	82	0
45	31	0
98	18	0
53	44	0
99	11	0
5	80	0
52	88	0
90	68	0
70	68	0
18	90	0
11	69	0
82	86	0
44	28	0
5	82	0
70	99	0
49	65	0
92	62	0
21	90	0
78	41	0
20	0	0
48	84	0
20	81	0
11	18	0
90	54	0
92	19	0
51	16	1
71	30	0
76	15	0
21	13	0
27	59	0
77	28	0
1	78	0
61	73	0
6	39	0
23	78	0
60	52	0
62	96	0
71	45	0
78	88	0
75	54	0
73	81	0
2	86	0
50	43	0
25	78	0
80	52	0
58	42	0
94	45	0
97	94	0
78	93	0
50	67	0
77	51	0
68	69	0
39	57	1
64	5	0
67	84	0
83	73	0
87	1	0
58	81	0
4	99	0
49	26	1
51	38	0
71	37	0
68	30	0
74	23	0
20	90	0
73	28	0
30	71	0
90	16	0
42	64	0
46	39	0
62	91	0
74	76	0
48	81	0
74	96	0
82	61	0
86	51	0
94	70	0
79	99	0
99	44	0
33	65	0
86	81	0
46	79	0
81	87	0
99	51	0
45	85	0
88	68	0
85	52	0
80	33	0
42	45	0
4	64	0
58	78	0
73	11	0
65	27	0
80	83	0
65	42	0
14	88	0
15	91	0
63	35	0
88	16	0
88	51	0
98	4	0
78	98	0
52	28	1
53	41	0
33	75	0
98	19	0
68	52	0
32	76	0
27	99	0
26	75	0
11	89	0
32	13	1
62	64	0
44	31	0
48	72	0
39	46	0
66	74	0
76	11	0
14	87	0
95	53	0
20	23	0
16	80	0
69	58	0
71	48	0
46	66	0
92	49	0
89	59	0
78	58	0
52	12	1
59	68	0
84	45	0
2	31	0
99	78	0
53	47	0
40	79	0
5	76	0
24	92	0
29	60	0
91	30	0
10	51	1
57	92	0
7	93	0
94	67	0
54	28	0
73	21	0
27	21	0
33	40	0
76	6	0
15	74	0
84	56	0
90	38	0
0	6	0
3	36	0
74	13	0
42	73	0
94	88	0
0	11	0
51	93	0
81	31	0
40	11	1
94	79	0
44	58	0
74	77	0
28	32	0
97	34	0
88	75	0
23	69	0
16	84	0
2	48	1
29	75	0
23	99	0
72	14	0
29	58	0
10	86	0
35	35	0
49	17	1
41	59	0
65	45	0
44	6	1
31	80	0
98	25	0
5	26	0
74	48	0
89	26	0
54	60	0
29	19	0
38	6	0
19	92	0
42	80	0
26	62	0
21	17	0
22	81	0
24	76	0
71	56	0
94	41	0
36	65	0
83	99	0
47	32	0
60	70	0
43	82	0
12	86	0
86	42	0
42	63	0
7	22	0
91	52	0
64	50	0
91	26	0
88	19	0
74	32	0
57	93	0
46	37	0
63	42	0
57	29	0
41	2	0
35	93	0
57	69	0
88	29	0
63	99	0
85	55	0
78	45	0
33	77	0
29	75	0
80	29	0
53	43	0
73	1	0
98	96	0
75	77	0
49	79	0
74	32	0
86	80	0
16	79	0
60	32	0
16	97	0
12	57	1
34	66	0
84	64	0
64	14	0
98	92	0
86	12	0
99	94	0
58	11	0
66	21	0
76	54	0
69	32	0
10	83	0
54	90	0
67	79	0
5	27	0
8	84	0
18	72	0
44	9	1
40	37	0
5	48	1
81	41	0
50	17	1
2	60	0
23	84	0
66	93	0
91	46	0
0	72	0
66	42	0
26	91	0
83	55	0
69	41	0
24	53	0
84	39	0
75	43	0
66	64	0
9	58	1
53	46	0
3	87	0
3	5	0
82	70	0
16	66	0
18	9	0
4	93	0
24	76	0
97	42	0
69	82	0
86	62	0
95	85	0
53	57	0
58	37	0
3	76	0
51	59	0
36	55	0
66	35	0
84	24	0
