98	68	0
27	18	0
63	99	0
9	10	0
89	37	0
88	97	0
47	78	0
69	47	0
7	84	0
0	3	0
14	86	0
96	44	0
73	76	0
32	38	0
80	91	0
96	44	0
42	96	0
39	80	1
62	73	0
47	18	0
75	73	0
83	93	0
77	87	0
5	23	0
81	14	0
71	74	0
31	94	0
83	24	0
68	89	0
52	64	0
81	79	0
98	49	0
98	23	0
20	75	1
89	81	0
15	73	1
34	0	0
6	75	1
41	86	0
77	46	0
28	11	0
99	86	0
84	88	0
95	18	0
97	15	0
18	33	0
66	88	0
6	84	0
94	3	0
61	95	0
4	26	0
80	84	0
89	28	0
29	86	0
60	98	0
83	21	0
24	88	1
33	88	1
28	7	0
96	0	0
71	32	0
44	81	0
82	25	0
60	47	0
80	27	0
10	96	0
44	77	0
95	67	0
70	97	0
7	64	0
42	91	0
99	51	0
75	20	0
46	37	0
31	7	0
73	57	0
9	80	0
94	27	0
45	68	0
89	57	0
86	0	0
76	97	0
68	90	0
9	32	0
65	79	0
87	72	0
83	43	0
19	97	0
65	40	0
90	56	0
94	28	0
99	41	0
16	55	0
6	17	0
92	52	0
50	84	0
50	58	1
47	79	0
56	93	0
72	31	0
69	67	0
77	75	0
85	65	0
25	15	0
19	14	0
78	51	0
96	0	0
24	97	0
24	41	0
66	73	0
61	83	0
54	78	0
40	0	0
52	83	0
70	81	0
83	54	0
18	91	0
88	82	0
2	74	0
20	48	0
76	84	0
98	75	0
48	68	0
62	41	0
89	41	0
26	91	0
55	76	0
22	46	0
51	80	0
39	25	0
91	84	0
29	99	0
90	4	0
80	40	0
67	89	0
66	84	0
58	74	0
28	40	0
21	68	0
58	91	0
81	68	0
40	92	0
56	91	0
76	17	0
45	89	0
26	26	0
80	64	0
64	42	0
75	69	0
82	36	0
11	90	0
59	51	0
91	35	0
58	36	0
50	22	0
95	30	0
58	76	0
77	98	0
85	69	0
99	27	0
93	34	0
97	69	0
28	88	1
67	81	0
49	90	0
77	27	0
14	88	0
93	12	0
19	44	0
30	91	0
23	93	0
82	75	0
78	81	0
88	48	0
85	48	0
42	89	0
88	60	0
52	2	0
41	22	0
85	43	0
31	71	0
65	82	0
76	71	0
80	3	0
93	51	0
97	33	0
72	62	0
69	85	0
56	10	0
7	90	0
5	95	0
92	63	0
72	58	0
85	11	0
99	80	0
21	9	0
29	94	0
50	96	0
88	5	0
89	5	0
95	31	0
74	28	0
68	44	0
0	5	0
18	92	0
43	88	0
54	70	1
94	42	0
69	94	0
96	85	0
65	36	0
78	77	0
70	17	0
13	8	0
32	7	0
32	24	0
91	39	0
83	21	0
8	46	0
21	25	0
88	81	0
97	73	0
79	21	0
99	11	0
63	1	0
82	17	0
40	19	0
96	87	0
26	86	0
6	95	0
35	40	0
77	42	0
67	63	0
61	80	0
85	87	0
74	27	0
68	83	0
99	38	0
86	61	0
64	50	0
96	69	0
64	17	0
93	11	0
25	48	0
66	97	0
99	35	0
22	89	1
96	39	0
71	94	0
94	34	0
64	17	0
53	50	0
62	90	0
75	90	0
23	92	0
93	86	0
0	97	0
92	0	0
89	15	0
58	82	0
15	96	0
74	39	0
95	63	0
27	2	0
47	93	0
36	83	1
55	76	0
0	27	0
89	34	0
98	7	0
80	95	0
16	24	0
67	32	0
65	80	0
10	25	0
44	89	0
83	52	0
26	88	0
86	4	0
81	16	0
92	64	0
14	83	0
66	19	0
86	88	0
32	95	0
66	60	0
7	32	0
61	84	0
60	46	0
94	44	0
79	54	0
72	56	0
0	35	0
91	65	0
24	96	0
89	58	0
11	94	0
86	86	0
38	20	0
72	61	0
63	89	0
54	98	0
85	55	0
76	1	0
2	79	0
71	43	0
24	99	0
86	30	0
92	42	0
71	30	0
87	75	0
52	97	0
57	99	0
28	96	0
99	81	0
70	83	0
21	4	0
8	82	0
77	84	0
64	89	0
58	56	1
69	33	0
29	80	1
82	64	0
94	5	0
91	8	0
90	84	0
67	82	0
78	25	0
92	11	0
72	89	0
30	99	0
88	12	0
97	0	0
71	25	0
7	59	0
15	98	0
15	92	0
85	84	0
85	99	0
76	94	0
84	68	0
72	71	0
7	99	0
17	71	1
27	19	0
1	6	0
45	41	0
94	29	0
81	40	0
66	61	0
54	14	0
85	81	0
67	78	0
87	57	0
32	81	1
72	63	0
23	8	0
99	43	0
61	97	0
42	40	0
21	93	0
73	96	0
98	71	0
30	81	1
20	79	0
39	69	0
70	75	0
52	99	0
11	48	0
75	68	0
92	53	0
93	67	0
37	76	0
64	84	0
89	14	0
83	6	0
12	84	0
35	99	0
89	72	0
70	74	0
2	89	0
13	79	0
81	95	0
28	26	0
6	79	0
69	88	0
59	68	0
82	81	0
6	87	0
74	48	0
20	3	0
46	90	0
9	96	0
0	17	0
86	62	0
83	14	0
77	22	0
77	17	1
10	20	0
16	57	0
78	31	0
66	74	0
30	89	1
58	54	1
87	81	0
79	46	0
76	82	0
61	54	1
71	84	0
1	64	0
79	57	0
62	34	0
97	45	0
92	88	0
79	68	0
67	54	1
61	56	1
47	78	0
96	77	0
93	3	0
56	77	0
1	95	0
65	27	0
68	17	0
77	18	1
26	68	1
74	19	1
77	23	0
29	30	0
59	93	0
67	60	0
35	90	0
67	98	0
85	62	0
81	29	0
88	70	0
87	92	0
93	41	0
85	90	0
34	88	0
70	76	0
82	47	0
55	91	0
82	85	0
75	68	0
90	24	0
6	75	1
53	73	0
79	21	0
58	41	0
88	84	0
85	56	0
19	87	0
29	90	1
80	28	0
79	29	0
91	45	0
84	11	0
87	81	0
83	18	0
81	37	0
17	76	1
13	88	0
20	71	1
16	95	0
48	28	0
35	63	0
51	83	0
66	3	0
15	91	0
77	48	0
23	12	0
25	59	0
79	69	0
71	60	0
85	65	0
86	47	0
71	66	0
83	51	0
5	43	0
94	84	0
67	60	0
47	95	0
5	73	1
91	20	0
53	94	0
22	91	0
99	43	0
67	30	0
22	8	0
27	35	0
10	67	1
80	55	0
94	39	0
30	9	0
52	11	0
50	76	0
95	82	0
18	6	0
45	80	0
66	30	0
89	63	0
74	68	0
63	87	0
11	44	0
97	46	0
92	62	0
9	87	0
29	89	1
2	98	0
61	34	0
88	18	0
9	17	0
91	29	0
82	21	0
44	34	0
14	96	0
59	83	0
19	74	1
20	25	0
18	76	1
26	98	0
57	56	0
82	46	0
61	83	0
23	93	0
75	43	0
9	0	0
86	60	0
49	59	1
91	26	0
82	28	0
71	30	0
57	91	0
42	99	0
87	41	0
60	98	0
71	60	0
83	44	0
62	92	0
37	71	1
91	39	0
93	99	0
85	87	0
51	85	0
89	19	0
72	78	0
67	26	0
27	91	1
85	54	0
86	93	0
82	9	0
97	95	0
82	26	0
84	67	0
9	86	0
78	98	0
71	78	0
5	14	0
11	99	0
13	75	1
83	34	0
22	95	0
56	76	0
82	39	0
77	48	0
19	98	0
83	42	0
91	59	0
76	43	0
87	30	0
2	87	0
11	7	0
64	73	0
16	58	0
27	5	0
3	91	0
38	80	1
99	54	0
79	90	0
89	54	0
87	77	0
74	44	0
1	80	0
81	23	0
95	36	0
