92	69	0
28	16	0
60	99	0
12	4	0
98	49	0
94	98	0
39	73	0
63	45	0
0	91	0
0	9	0
13	91	0
89	49	0
67	82	0
29	32	0
89	83	0
91	38	0
44	93	0
43	75	0
70	75	0
50	9	0
36	79	1
83	72	0
94	86	0
79	99	0
9	23	0
86	20	0
70	67	0
14	65	1
33	92	0
88	15	0
67	89	0
52	72	0
79	78	0
97	48	0
96	28	0
18	76	0
91	72	0
13	66	0
43	3	0
10	76	0
32	88	0
86	47	0
42	18	0
99	95	0
88	90	0
96	16	0
31	77	0
96	8	0
23	20	0
70	90	0
2	82	0
87	0	0
67	92	0
6	26	0
70	74	0
84	29	0
24	86	0
54	97	0
83	21	0
31	91	0
36	89	0
21	13	0
99	13	0
79	33	0
47	80	0
90	23	0
62	44	0
73	34	0
5	99	0
50	89	0
75	5	1
96	65	0
66	90	0
5	76	0
40	92	0
95	60	0
81	24	0
58	12	1
56	37	0
9	68	1
36	7	0
70	59	0
1	89	0
94	27	0
40	71	0
86	59	0
82	0	0
64	93	0
65	86	0
3	31	0
64	77	0
86	71	0
73	48	0
11	98	0
68	39	0
76	5	1
90	62	0
91	30	0
99	37	0
16	52	0
8	19	0
88	64	0
53	79	0
54	60	0
56	73	0
50	97	0
73	31	0
64	73	0
64	81	0
92	57	0
25	16	0
46	37	1
16	12	0
21	82	1
78	47	0
92	0	0
27	94	0
25	48	0
65	74	0
55	78	0
49	76	0
48	5	0
48	89	0
73	90	0
88	53	0
21	91	0
85	81	0
4	75	0
51	63	1
12	41	0
76	77	0
97	66	0
51	72	0
71	42	0
91	32	0
36	95	0
54	78	0
23	39	0
45	79	0
38	24	0
90	91	0
30	93	0
94	4	0
25	80	1
86	34	0
58	96	0
75	81	0
66	70	0
28	39	0
21	65	0
67	1	1
62	93	0
86	67	0
47	90	0
61	85	0
71	16	0
59	70	1
29	81	1
45	90	0
21	20	0
84	57	0
63	44	0
71	59	0
78	35	0
20	96	0
65	56	0
85	39	0
70	30	0
50	18	0
99	33	0
66	81	0
77	96	0
73	65	0
98	22	0
97	28	0
90	83	0
35	96	0
69	87	0
47	96	0
84	32	0
13	96	0
86	24	0
22	44	0
21	91	0
27	99	0
85	79	0
71	74	0
92	54	0
92	56	0
22	81	1
47	83	0
73	1	1
80	57	0
48	2	0
37	29	0
87	41	0
27	65	1
46	59	1
28	73	0
71	89	0
83	58	0
53	63	1
85	1	0
91	42	0
94	42	0
73	64	0
70	80	0
51	63	1
67	14	0
9	87	0
3	94	0
86	65	0
83	64	0
93	5	0
93	84	0
20	4	0
28	99	0
55	95	0
45	32	1
91	16	0
94	7	0
99	26	0
76	28	0
68	49	0
5	2	0
26	97	0
14	73	0
46	78	0
42	71	0
90	41	0
60	92	0
98	87	0
68	34	0
86	87	0
83	16	0
17	4	0
43	3	0
37	30	0
98	40	0
84	13	0
11	46	0
16	21	0
85	82	0
98	64	0
75	26	0
97	11	0
60	2	0
80	16	0
35	16	0
16	70	1
95	91	0
34	87	0
3	96	0
29	41	0
71	42	0
69	59	0
74	77	0
79	78	0
78	29	0
66	82	0
98	40	0
78	56	0
65	50	0
99	68	0
70	21	0
93	19	0
29	49	0
67	96	0
49	71	1
95	28	0
20	88	0
97	42	0
72	96	0
94	33	0
63	22	0
53	46	0
60	88	0
61	24	1
74	80	0
22	95	0
93	81	0
3	85	0
91	7	0
87	15	0
51	76	0
64	47	1
9	97	0
73	38	0
95	60	0
42	45	1
33	82	1
26	15	0
53	93	0
36	81	0
48	77	0
4	69	1
0	23	0
81	35	0
98	8	0
80	95	0
25	22	0
65	9	1
65	34	0
64	88	0
1	12	0
44	87	0
83	47	0
25	86	0
80	8	0
82	18	0
89	54	0
14	87	0
68	12	0
89	96	0
37	98	0
68	63	0
10	36	0
58	91	0
60	44	0
15	68	0
59	24	0
90	49	0
76	48	0
72	62	0
13	39	0
96	59	0
24	99	0
91	52	0
18	94	0
85	81	0
35	21	0
76	66	0
59	87	0
58	97	0
82	50	0
79	12	0
4	76	0
72	43	0
20	98	0
61	54	1
86	27	0
89	49	0
73	16	0
80	70	0
49	98	0
54	95	0
32	98	0
98	77	0
74	81	0
73	4	1
21	1	0
11	76	0
81	96	0
70	83	0
73	52	0
68	28	0
41	71	0
81	54	0
99	8	0
17	72	0
88	1	0
55	69	1
84	85	0
59	86	0
73	23	0
88	13	0
72	84	0
24	99	0
92	16	0
90	2	0
67	21	0
8	54	0
14	88	0
11	88	0
76	83	0
85	99	0
57	52	1
73	94	0
85	60	0
75	61	0
8	88	0
14	81	0
35	23	0
1	19	0
38	36	0
98	27	0
87	36	0
74	53	0
59	56	1
46	17	0
84	82	0
62	81	0
87	51	0
33	87	0
78	62	0
20	10	0
99	43	0
60	97	0
35	44	0
28	97	0
72	94	0
90	70	0
28	86	0
62	25	1
9	69	0
46	65	0
63	65	1
61	78	0
56	87	0
13	46	0
72	63	0
79	45	0
91	68	0
42	73	0
72	84	0
45	30	1
87	12	0
60	52	1
82	11	0
11	80	0
42	99	0
79	75	0
66	74	0
5	89	0
12	78	0
81	97	0
33	24	0
9	83	0
64	97	0
59	73	0
82	84	0
12	90	0
73	49	0
16	9	0
44	99	0
2	98	0
1	18	0
86	60	0
84	18	0
79	30	0
73	19	0
10	19	0
15	51	0
76	28	0
0	66	1
67	69	0
28	90	0
64	59	0
83	89	0
76	44	0
72	87	0
67	54	0
75	80	0
5	69	0
33	78	1
71	63	0
57	44	0
99	37	0
99	96	0
74	81	0
71	56	0
62	56	0
65	83	0
97	78	0
99	0	0
58	82	0
3	96	0
57	35	0
64	21	0
71	17	0
27	70	0
76	25	0
82	18	0
31	26	0
54	96	0
72	62	0
45	85	0
72	95	0
77	56	0
81	36	0
89	69	0
85	94	0
95	42	0
90	91	0
47	88	0
70	77	0
82	46	0
41	91	0
79	80	0
78	60	0
90	24	0
2	74	0
50	77	0
75	16	0
63	37	0
84	85	0
77	54	0
14	85	0
19	97	0
77	39	0
86	31	0
99	52	0
98	6	0
80	92	0
51	35	1
88	14	0
72	37	0
20	73	0
13	97	0
19	77	0
6	88	0
58	54	0
41	23	0
39	67	0
59	81	0
69	2	0
18	85	0
84	51	0
21	18	0
19	69	0
79	64	0
65	57	0
87	57	0
85	57	0
68	66	0
79	53	0
2	30	0
93	88	0
63	46	0
45	87	0
5	69	0
29	79	1
94	22	0
53	93	0
16	90	0
99	46	0
69	20	0
16	16	0
30	30	0
71	3	1
20	65	0
78	59	0
98	41	0
16	2	0
62	7	0
37	89	0
90	78	0
17	5	0
50	81	0
74	35	0
99	73	0
62	62	0
68	89	0
8	39	0
96	44	0
92	67	0
15	76	0
21	76	0
20	94	0
75	6	1
7	99	0
63	43	0
92	18	0
5	14	0
85	33	0
94	13	0
42	30	0
19	93	0
55	84	0
18	77	0
25	23	0
16	76	0
21	92	0
63	63	0
92	51	0
74	91	0
57	68	0
19	98	0
82	40	0
7	0	0
80	58	0
52	55	0
97	24	0
74	27	0
77	32	0
57	95	0
34	36	1
50	41	1
62	10	0
35	98	0
48	55	1
92	36	0
66	96	0
74	54	0
86	44	0
51	88	0
31	78	0
90	33	0
98	99	0
79	81	0
56	81	0
88	13	0
73	74	0
27	80	1
67	28	0
30	93	0
94	52	0
95	86	0
84	8	0
97	99	0
83	26	0
88	65	0
9	89	0
74	93	0
68	81	0
2	18	0
13	98	0
6	72	0
87	29	0
25	96	0
57	88	0
87	44	0
13	67	1
80	42	0
28	94	0
80	46	0
85	53	0
76	48	0
81	32	0
50	64	1
1	86	0
5	4	0
70	70	0
16	60	0
22	0	0
5	89	0
31	73	0
99	52	0
79	86	0
94	60	0
93	76	0
81	45	0
4	81	0
80	34	0
87	29	0
