84	68	0
47	19	0
38	28	0
46	94	0
10	9	0
99	37	0
98	88	0
38	9	0
64	82	0
46	17	0
96	43	0
5	78	0
19	7	0
19	63	0
98	19	0
83	77	0
59	30	0
22	50	0
95	67	0
94	11	0
43	90	0
60	71	0
80	85	0
51	0	0
43	81	0
57	7	0
85	78	0
63	87	0
84	74	0
3	28	0
57	25	0
38	18	0
85	33	0
37	53	0
90	60	0
8	91	0
42	99	0
95	23	0
77	90	0
49	3	0
25	60	0
91	60	0
92	72	0
53	71	0
93	53	0
4	81	0
22	37	1
65	1	0
91	60	0
18	70	0
64	4	0
6	78	0
50	93	0
37	75	0
95	67	0
50	33	0
26	28	0
88	80	0
99	97	0
99	17	0
10	93	0
92	19	0
40	0	0
73	79	0
46	11	0
6	90	0
84	8	0
45	81	0
72	99	0
52	68	0
5	31	0
72	90	0
27	35	1
14	60	0
88	33	0
14	38	0
29	88	0
50	97	0
64	25	0
31	93	0
60	97	0
2	25	0
97	11	0
92	23	0
39	60	0
77	35	0
19	37	1
79	54	0
27	31	1
44	11	0
38	3	0
65	40	0
17	99	0
62	14	0
57	88	0
37	6	0
45	28	0
86	44	0
35	67	0
74	43	0
10	62	0
76	82	0
0	75	0
27	92	0
97	51	0
60	9	0
45	69	0
27	57	0
61	6	0
68	53	0
1	57	0
32	0	0
21	45	0
41	34	0
71	94	0
56	46	0
22	99	0
84	5	0
54	76	0
82	83	0
97	6	0
65	76	0
48	74	0
33	9	0
56	92	0
94	76	0
76	63	0
26	98	0
66	35	0
34	18	0
14	44	0
76	11	0
15	64	0
92	65	0
97	27	0
87	33	0
36	54	0
60	19	0
84	72	0
16	18	0
32	10	0
79	63	0
38	33	0
70	76	0
69	90	0
53	28	0
43	30	0
56	42	0
15	40	0
29	57	0
18	63	0
75	81	0
41	53	0
40	96	0
80	45	0
82	71	0
57	85	0
27	33	1
96	70	0
13	29	0
49	46	0
21	12	0
29	86	0
38	78	0
86	33	0
37	38	0
72	12	0
40	81	0
55	26	0
47	48	0
80	79	0
27	62	0
54	73	0
35	85	0
37	43	0
39	13	0
53	10	0
26	72	0
25	82	0
76	80	0
94	67	0
30	87	0
29	34	1
93	70	0
31	50	0
26	85	0
54	69	0
40	56	0
28	12	0
13	28	0
72	94	0
87	84	0
59	75	0
68	34	0
5	59	0
56	10	0
77	30	0
65	25	0
71	29	0
14	67	0
1	56	0
54	51	0
77	24	0
37	62	0
92	34	0
34	97	0
24	63	0
39	20	0
80	78	0
34	58	0
31	8	0
16	90	0
58	11	0
94	92	0
71	93	0
96	7	0
4	80	0
22	64	0
90	36	0
55	74	0
44	39	0
56	64	0
49	71	0
50	64	0
16	75	0
27	57	0
70	1	0
3	66	0
62	83	0
89	42	0
42	90	0
78	59	0
64	26	0
46	70	0
20	86	0
39	97	0
50	38	0
74	32	0
25	31	1
87	60	0
76	41	0
70	68	0
4	52	0
51	15	0
10	86	0
60	62	0
57	40	0
65	35	0
51	24	0
7	57	0
84	20	0
46	8	0
69	64	0
49	76	0
73	37	0
98	33	0
93	1	0
2	58	0
97	75	0
22	95	0
92	74	0
39	95	0
57	35	0
55	10	0
19	90	0
71	30	0
42	67	0
39	78	0
47	8	0
28	94	0
81	87	0
67	88	0
76	41	0
90	76	0
21	92	0
46	60	0
64	1	0
68	34	0
32	15	0
36	0	0
55	9	0
59	59	0
77	43	0
41	48	0
35	52	0
36	70	0
69	87	0
82	68	0
59	78	0
87	0	0
83	38	0
66	2	0
23	44	0
28	29	0
75	43	0
62	41	0
70	64	0
9	36	0
40	65	0
61	25	0
26	86	0
22	90	0
28	74	0
96	67	0
46	19	0
36	3	0
24	53	0
86	66	0
58	13	0
77	92	0
10	3	0
54	98	0
1	70	0
38	87	0
41	31	0
4	59	0
84	19	0
24	36	1
73	2	0
48	14	0
89	9	0
38	47	0
24	48	0
77	30	0
86	56	0
11	23	0
28	35	1
5	60	0
33	98	0
0	88	0
46	91	0
56	72	0
52	41	0
63	17	0
39	86	0
45	70	0
85	92	0
25	25	0
13	56	0
25	45	0
61	63	0
70	84	0
34	21	0
80	22	0
39	3	0
53	3	0
59	20	0
35	47	0
80	72	0
89	14	0
22	41	0
50	19	0
52	48	0
44	32	0
34	54	0
81	74	0
81	51	0
15	53	0
56	34	0
95	8	0
62	8	0
51	27	0
51	35	0
32	28	0
1	69	0
66	76	0
27	76	0
23	93	0
25	95	0
57	15	0
44	35	0
99	39	0
83	51	0
0	79	0
84	72	0
72	76	0
78	29	0
74	83	0
83	5	0
86	58	0
74	55	0
39	22	0
59	47	0
29	48	0
83	81	0
68	16	0
94	5	0
27	47	0
35	92	0
73	73	0
82	19	0
9	64	0
95	28	0
38	95	0
84	17	0
68	49	0
37	53	0
55	40	0
24	43	0
31	45	0
60	84	0
82	34	0
36	16	0
70	72	0
23	63	0
12	96	0
91	88	0
33	37	0
2	83	0
59	37	0
87	19	0
84	43	0
6	65	0
63	33	0
46	26	0
44	40	0
7	98	0
77	23	0
53	4	0
86	47	0
50	44	0
25	74	0
14	1	0
59	63	0
59	91	0
4	51	0
46	68	0
39	80	0
52	30	0
19	94	0
6	45	0
21	46	0
63	14	0
88	29	0
92	16	0
76	89	0
21	57	0
33	28	0
40	26	0
80	4	0
69	63	0
74	92	0
17	40	0
60	89	0
99	65	0
40	82	0
69	10	0
68	53	0
68	22	0
75	9	0
44	25	0
46	15	0
98	0	0
83	36	0
6	77	0
83	8	0
90	97	0
18	94	0
99	70	0
49	57	0
15	30	0
93	96	0
58	45	0
4	94	0
68	29	0
71	37	0
70	58	0
82	63	0
26	77	0
84	68	0
34	89	0
96	79	0
36	96	0
97	79	0
29	34	1
40	28	0
52	69	0
65	97	0
45	63	0
72	99	0
67	50	0
32	62	0
31	67	0
80	13	0
12	85	0
92	49	0
23	85	0
53	72	0
45	83	0
86	43	0
36	54	0
21	34	1
47	23	0
86	53	0
66	14	0
87	91	0
57	90	0
41	53	0
56	0	0
39	42	0
51	90	0
31	21	0
51	62	0
72	75	0
36	23	0
97	94	0
45	17	0
21	6	0
57	28	0
24	77	0
41	10	0
18	59	0
91	92	0
62	87	0
60	55	0
62	10	0
40	70	0
48	50	0
99	52	0
89	0	0
4	68	0
76	1	0
57	72	0
67	30	0
44	16	0
34	64	0
81	77	0
34	70	0
42	78	0
85	27	0
23	48	0
65	28	0
43	65	0
65	88	0
32	94	0
84	7	0
99	25	0
69	13	0
29	82	0
17	97	0
18	82	0
69	42	0
76	70	0
71	81	0
13	43	0
79	37	0
70	69	0
79	76	0
57	66	0
14	71	0
14	64	0
50	24	0
38	19	0
1	34	0
43	56	0
31	44	0
84	28	0
81	36	0
74	3	0
76	44	0
53	64	0
20	64	0
53	22	0
92	86	0
51	90	0
74	63	0
28	54	0
42	82	0
68	46	0
34	51	0
81	26	0
22	50	0
35	23	0
89	52	0
92	94	0
54	54	0
3	63	0
49	8	0
56	60	0
25	85	0
40	29	0
83	91	0
99	71	0
17	83	0
68	50	0
5	69	0
83	56	0
31	57	0
52	56	0
36	80	0
57	73	0
5	50	0
81	70	0
66	59	0
86	46	0
17	65	0
63	87	0
54	23	0
96	29	0
52	31	0
98	12	0
10	86	0
30	36	0
35	63	0
83	58	0
29	57	0
82	67	0
15	99	0
19	83	0
96	90	0
49	30	0
8	73	0
82	98	0
41	64	0
86	62	0
19	92	0
92	27	0
27	4	0
35	78	0
35	72	0
33	13	0
13	39	0
4	24	0
84	66	0
96	12	0
59	12	0
82	28	0
94	32	0
35	10	0
32	53	0
96	35	0
9	57	0
51	93	0
6	53	0
25	82	0
67	50	0
53	97	0
77	57	0
70	83	0
39	34	0
78	63	0
37	59	0
84	60	0
12	68	0
52	31	0
31	80	0
83	39	0
70	31	0
82	72	0
95	99	0
85	80	0
53	68	0
69	38	0
45	74	0
41	21	0
32	11	0
29	75	0
4	38	0
60	1	0
59	87	0
74	84	0
82	5	0
14	45	0
55	77	0
16	97	0
63	4	0
60	42	0
57	24	0
40	23	0
18	37	1
49	15	0
81	5	0
44	96	0
69	28	0
31	92	0
91	12	0
29	53	0
48	62	0
70	29	0
85	83	0
63	71	0
40	67	0
52	97	0
73	72	0
84	44	0
15	76	0
81	85	0
85	97	0
26	31	1
15	54	0
95	44	0
29	73	0
98	91	0
59	99	0
38	6	0
70	64	0
89	60	0
61	83	0
75	56	0
94	71	0
73	37	0
13	52	0
3	64	0
66	76	0
74	38	0
50	54	0
50	2	0
31	15	0
94	76	0
14	53	0
27	52	0
57	34	0
36	15	0
54	29	0
20	88	0
1	58	0
14	83	0
74	52	0
78	22	0
88	37	0
81	2	0
53	85	0
12	48	0
52	27	0
60	54	0
47	82	0
90	11	0
25	37	1
65	54	0
45	89	0
17	92	0
37	60	0
33	85	0
36	24	0
76	79	0
46	35	0
46	80	0
59	38	0
12	39	0
61	60	0
66	16	0
22	82	0
86	42	0
27	38	0
29	49	0
22	17	0
1	64	0
79	68	0
78	64	0
39	53	0
85	54	0
79	73	0
73	34	0
65	18	0
79	76	0
79	18	0
8	58	0
80	85	0
25	27	0
67	29	0
13	62	0
0	87	0
33	95	0
36	55	0
99	28	0
3	50	0
59	89	0
8	91	0
89	63	0
57	52	0
84	27	0
15	7	0
45	32	0
70	1	0
12	81	0
48	53	0
96	62	0
77	37	0
8	6	0
12	45	0
66	15	0
9	73	0
81	0	0
49	71	0
38	26	0
86	92	0
14	19	0
29	96	0
94	56	0
30	13	0
89	96	0
48	57	0
66	62	0
40	37	0
99	27	0
90	89	0
3	66	0
8	70	0
9	51	0
21	80	0
13	99	0
71	26	0
39	55	0
10	89	0
45	18	0
72	12	0
39	60	0
63	55	0
49	23	0
34	70	0
33	28	0
90	23	0
3	41	0
76	63	0
87	8	0
58	45	0
29	18	0
48	6	0
14	94	0
54	66	0
40	64	0
34	13	0
10	97	0
2	93	0
65	49	0
96	35	0
32	28	0
25	64	0
88	94	0
49	29	0
64	73	0
65	88	0
10	82	0
75	31	0
53	58	0
14	40	0
90	76	0
55	63	0
95	16	0
77	13	0
89	24	0
64	91	0
44	61	0
42	55	0
67	12	0
44	7	0
63	95	0
67	63	0
18	53	0
72	37	0
52	93	0
87	34	0
89	55	0
33	77	0
50	54	0
23	30	0
86	24	0
33	54	0
85	8	0
98	95	0
72	57	0
59	81	0
72	35	0
69	80	0
10	94	0
35	6	0
11	85	0
16	61	0
58	71	0
71	84	0
67	10	0
95	99	0
90	11	0
93	87	0
60	6	0
82	30	0
79	50	0
52	43	0
23	88	0
62	94	0
64	80	0
27	48	0
8	30	0
22	89	0
12	63	0
46	7	0
39	46	0
20	67	0
41	41	0
6	40	0
98	54	0
45	23	0
15	59	0
32	83	0
66	77	0
94	60	0
6	67	0
64	45	0
23	62	0
75	43	0
54	38	0
2	48	0
24	48	0
84	53	0
69	55	0
89	54	0
1	69	0
60	53	0
4	86	0
6	17	0
92	72	0
15	61	0
36	6	0
41	20	0
13	98	0
17	81	0
85	39	0
66	68	0
75	61	0
73	85	0
40	63	0
56	44	0
6	71	0
40	67	0
33	47	0
65	56	0
79	21	0
