80	64	0
33	29	0
66	95	0
12	3	0
95	39	0
83	92	0
40	78	1
71	44	0
3	77	0
3	5	0
15	96	0
92	45	0
64	75	0
36	36	0
70	79	0
95	55	0
50	93	1
58	73	0
39	31	0
82	71	0
93	87	0
76	77	0
8	29	0
67	71	0
72	34	0
67	92	0
52	72	0
67	77	0
96	48	0
97	25	0
94	73	0
34	3	0
44	90	1
81	31	0
33	17	0
97	74	0
91	69	0
93	19	0
90	13	0
22	34	0
58	77	0
3	87	0
94	13	1
58	97	0
21	31	0
81	72	0
89	32	0
55	96	0
4	15	0
95	17	0
69	40	0
73	17	1
54	45	0
71	33	0
14	97	0
89	62	0
61	90	0
12	64	0
42	85	1
95	54	0
37	36	0
29	5	0
71	63	0
12	94	0
99	33	0
41	69	0
91	55	0
96	6	0
75	99	0
69	83	0
8	26	0
74	78	0
82	65	0
80	41	0
22	97	1
57	37	0
85	45	0
89	39	0
87	33	0
15	59	0
6	15	0
91	57	0
57	99	0
41	76	0
59	96	0
71	36	0
62	67	0
83	79	0
80	79	0
17	18	0
12	7	0
83	59	0
86	0	0
14	52	0
72	80	0
63	81	0
59	77	0
54	6	0
48	95	0
74	88	0
77	52	0
15	90	0
92	84	0
3	86	0
13	51	0
84	87	0
91	75	0
51	77	0
73	39	0
83	38	0
53	70	0
21	52	0
41	23	0
92	88	0
72	5	0
82	36	0
80	97	0
63	77	0
71	72	0
13	25	0
12	80	1
66	97	0
72	63	1
45	91	1
59	93	0
27	85	0
36	38	0
74	56	1
59	48	0
61	76	0
73	33	0
1	96	0
93	35	0
60	29	0
50	20	0
79	19	1
62	69	0
74	93	0
86	73	0
91	14	1
97	29	0
95	77	0
67	70	0
55	81	0
72	13	1
15	73	0
94	9	1
6	49	0
78	77	0
78	74	0
92	51	0
85	57	0
90	68	0
53	14	0
40	23	0
78	59	0
25	78	0
58	82	0
79	72	0
77	6	1
94	47	0
95	36	0
74	56	0
67	95	0
60	7	0
6	94	0
7	96	0
98	58	0
59	59	1
95	68	0
17	19	0
45	98	1
78	7	1
79	11	0
90	23	0
85	24	0
80	31	0
13	15	0
31	80	0
53	93	0
83	40	0
74	95	0
91	69	0
64	34	0
65	81	0
4	8	0
31	9	0
44	29	0
67	36	0
79	15	1
1	57	0
35	15	0
97	81	0
96	60	0
99	16	0
60	2	0
39	7	0
98	90	0
29	74	0
9	93	0
37	34	0
75	46	0
71	68	0
56	72	0
84	84	0
70	31	0
75	77	0
85	30	0
89	64	0
65	38	0
99	76	0
64	15	0
94	7	0
31	57	0
76	88	0
98	44	0
94	44	0
74	95	0
91	42	0
45	44	0
57	98	0
69	85	0
26	78	0
84	86	0
5	98	0
92	9	1
91	18	1
44	80	1
15	98	1
89	34	0
90	65	0
29	3	0
49	93	1
45	59	0
10	13	0
87	43	0
86	10	0
69	90	0
17	23	0
76	27	0
69	82	0
13	27	0
79	41	0
81	3	0
96	68	0
68	13	0
96	95	0
33	93	1
13	37	0
58	94	0
66	57	0
93	40	0
60	45	0
71	53	1
4	54	0
92	77	0
94	62	0
0	86	0
71	85	0
38	22	0
66	55	0
66	99	0
65	92	0
99	49	0
62	14	0
65	39	0
80	30	0
91	56	0
77	36	0
87	65	0
40	98	1
50	92	1
87	96	0
80	94	0
18	8	0
5	83	0
73	89	0
68	96	0
62	20	0
84	52	0
95	0	0
90	11	1
93	79	0
67	75	0
89	17	1
65	80	0
91	20	1
97	3	0
83	28	0
9	43	0
9	94	0
15	98	1
84	93	0
86	90	0
84	84	0
86	62	0
76	85	0
9	91	0
27	20	0
1	11	0
33	40	0
86	13	1
82	40	0
64	64	0
54	5	0
78	83	0
82	81	0
79	50	0
74	62	0
32	18	0
97	38	0
77	99	0
54	37	0
70	83	0
99	60	0
16	57	0
43	68	0
53	78	0
51	87	1
0	45	0
69	71	0
94	45	0
93	64	0
57	94	0
89	22	0
84	10	0
11	76	1
97	68	0
65	74	0
6	92	0
79	89	0
21	21	0
7	82	0
65	74	0
63	67	0
80	86	0
2	87	0
81	54	0
15	0	0
49	82	1
8	85	0
4	16	0
98	52	0
79	22	1
17	19	0
17	35	0
69	38	0
66	80	0
88	77	0
87	45	0
78	76	0
74	92	0
1	64	0
89	62	0
63	24	0
96	43	0
80	86	0
80	69	0
46	75	0
92	67	0
93	9	0
48	74	0
0	97	0
75	35	0
81	22	1
30	29	0
65	84	0
35	70	0
65	91	0
94	51	0
90	37	0
71	69	0
91	82	0
90	45	0
94	98	0
76	67	0
71	37	0
45	90	1
82	75	0
85	75	0
94	30	0
45	67	0
64	31	0
80	92	0
87	56	0
24	85	0
82	34	0
75	42	0
92	43	0
99	84	0
74	43	0
4	86	0
10	97	0
38	31	0
23	70	0
44	89	1
62	6	0
1	95	0
74	47	0
14	15	0
15	58	0
66	70	0
72	67	0
79	53	0
75	44	0
74	68	0
82	44	0
12	40	0
96	79	0
55	96	0
84	20	0
42	97	1
20	91	0
94	59	0
61	35	0
23	22	0
25	30	0
82	50	0
98	30	0
14	0	0
45	1	0
51	65	0
95	84	0
28	9	0
44	79	1
57	15	0
84	81	0
75	64	1
63	86	0
15	49	0
96	49	0
85	61	0
5	89	0
1	93	0
53	26	0
93	25	0
16	29	0
87	38	0
71	14	0
41	28	0
20	94	0
64	87	0
24	35	0
71	41	0
63	86	0
13	96	1
67	37	0
9	5	0
91	54	0
86	36	0
86	25	0
60	26	1
54	95	0
51	93	1
86	36	0
57	99	0
60	57	0
72	51	0
53	91	0
92	51	0
94	98	0
87	86	0
52	87	1
89	8	1
80	77	0
70	19	0
95	47	0
95	97	0
94	98	0
86	20	0
83	69	0
13	96	1
85	98	0
62	72	0
4	19	0
27	93	0
88	25	0
18	97	0
52	81	1
73	38	0
77	49	0
78	53	0
97	54	0
81	35	0
81	19	1
4	85	0
16	12	0
60	83	0
27	66	0
38	4	0
4	85	0
98	39	0
91	84	0
86	49	0
89	83	0
69	53	1
86	17	1
97	39	0
