98	62	0
56	9	0
39	24	0
47	99	0
8	26	0
92	27	0
92	77	0
10	7	1
47	11	0
71	93	0
42	41	0
80	37	0
0	79	0
23	7	0
16	68	0
98	13	0
96	81	0
63	29	0
26	58	0
99	69	0
92	1	0
43	76	0
72	82	0
73	97	0
67	5	0
37	99	0
53	8	0
78	83	0
70	88	0
99	56	0
2	37	0
31	35	0
39	29	0
84	27	0
38	43	0
90	71	0
12	93	0
66	78	0
94	25	0
79	89	0
45	4	0
23	50	0
73	51	0
97	54	0
56	75	0
96	48	0
14	90	0
40	46	0
59	13	0
86	48	0
19	67	0
54	11	0
29	90	0
52	88	0
27	60	0
96	74	0
41	27	0
36	46	0
85	80	0
99	90	0
86	14	0
11	96	0
94	7	0
49	5	0
93	72	0
39	27	0
24	85	0
79	7	0
34	79	0
88	78	0
59	57	0
18	28	0
79	88	0
28	40	0
13	48	0
85	36	0
15	35	0
37	78	0
59	88	0
76	25	0
43	99	0
64	99	0
1	9	0
13	15	0
94	21	0
97	22	0
37	57	0
80	45	0
21	32	0
78	58	0
37	51	0
32	10	0
36	2	0
72	46	0
18	89	0
59	8	0
50	74	0
44	8	0
40	26	0
91	43	0
42	62	0
63	48	0
16	72	0
71	86	0
8	78	0
45	75	0
83	50	0
60	8	0
54	70	0
8	62	0
61	7	0
53	60	0
6	68	0
50	4	0
34	58	0
20	38	0
85	83	0
52	42	0
1	3	0
24	97	0
78	0	0
66	70	0
12	34	0
85	78	0
93	12	0
63	69	0
56	85	0
29	20	0
61	89	0
21	24	1
79	84	0
67	55	0
37	98	0
74	33	0
34	25	0
20	34	0
85	0	0
1	72	0
94	74	0
92	16	0
90	32	0
44	60	0
60	9	0
92	90	0
6	9	0
42	13	0
83	81	0
38	43	0
94	69	0
86	75	0
56	23	0
50	35	0
61	62	0
5	49	0
26	80	0
16	58	0
81	75	0
53	70	0
47	98	0
80	51	0
71	79	0
53	79	0
25	51	0
88	79	0
0	39	0
37	39	0
24	23	0
21	76	0
37	72	0
97	22	0
40	33	0
73	13	0
34	85	0
68	23	0
51	34	0
77	76	0
26	54	0
61	68	0
40	97	0
38	60	0
37	7	0
68	13	0
39	86	0
10	75	0
72	87	0
91	57	0
18	87	0
34	32	0
98	70	0
27	59	0
34	84	0
42	97	0
53	45	0
35	9	0
18	41	0
72	91	0
83	94	0
60	88	0
78	18	0
3	70	0
58	1	0
68	10	0
68	20	0
83	21	0
36	59	0
2	74	0
55	57	0
74	39	0
32	75	0
90	19	0
52	84	0
33	64	0
29	14	0
82	73	0
33	69	0
40	10	0
0	93	0
74	14	0
97	81	0
84	93	0
85	19	0
5	79	0
14	78	0
92	48	0
48	74	0
36	45	0
48	78	0
59	75	0
51	58	0
6	79	0
32	66	0
63	9	0
4	68	0
71	99	0
70	42	0
38	92	0
90	56	0
39	14	0
40	51	0
17	76	0
38	94	0
51	35	0
70	29	0
19	29	0
93	68	0
78	44	0
83	54	0
8	79	0
55	14	0
14	81	0
69	69	0
55	43	0
66	51	0
53	9	0
11	7	1
1	56	0
75	49	0
53	9	0
75	62	0
48	87	0
64	46	0
96	28	0
93	5	0
3	64	0
88	72	0
21	99	0
91	63	0
39	90	0
60	33	0
46	0	0
21	91	0
67	34	0
39	54	0
43	77	0
51	4	0
26	96	0
72	94	0
86	83	0
69	25	0
93	71	0
8	85	0
45	37	0
59	0	0
67	22	0
38	20	0
40	5	0
49	9	0
55	47	0
70	35	0
38	52	0
27	49	0
48	56	0
71	82	0
85	72	0
56	89	0
82	12	0
96	55	0
80	3	0
10	55	0
30	2	0
87	36	0
47	24	0
74	74	0
5	42	0
49	73	0
54	23	0
26	98	0
31	88	0
28	69	0
97	62	0
44	28	0
36	0	0
23	53	0
88	52	0
80	25	0
68	96	0
16	10	0
62	94	0
10	77	0
43	86	0
34	32	0
6	53	0
80	6	0
23	29	0
83	10	0
44	14	0
12	2	0
85	6	0
33	47	0
13	40	0
84	27	0
91	63	0
11	26	0
29	28	0
0	53	0
30	85	0
17	75	0
6	8	0
35	92	0
44	66	0
40	37	0
65	21	0
44	83	0
39	70	0
83	96	0
42	24	0
21	47	0
32	35	0
57	79	0
83	96	0
52	17	0
81	1	0
34	4	0
49	9	0
63	10	0
18	43	0
80	60	0
66	2	0
20	38	0
58	4	0
54	53	0
48	50	0
28	62	0
79	83	0
66	52	0
18	54	0
53	36	0
20	13	1
95	7	0
51	8	0
66	17	0
54	40	0
24	36	0
10	69	0
68	76	0
18	78	0
33	94	0
22	96	0
48	22	0
34	35	0
89	61	0
63	45	0
3	77	0
79	80	0
63	93	0
23	34	0
76	25	0
60	97	0
71	1	0
90	60	0
80	45	0
33	16	0
43	48	0
41	49	0
89	79	0
8	17	0
76	26	0
88	9	0
12	48	0
30	92	0
71	77	0
82	4	0
4	66	0
99	35	0
43	92	0
73	7	0
64	53	0
42	50	0
52	47	0
31	39	0
49	40	0
74	79	0
76	52	0
41	33	0
76	70	0
23	51	0
22	92	0
82	84	0
43	24	0
4	70	0
64	17	0
88	17	0
72	41	0
14	59	0
62	32	0
30	37	0
53	40	0
5	98	0
61	32	0
54	8	0
90	51	0
44	23	0
32	82	0
28	6	0
80	49	0
7	5	0
64	97	0
0	87	0
39	45	0
54	82	0
55	29	0
18	98	0
20	42	0
22	39	0
61	17	0
91	33	0
83	16	0
88	97	0
18	59	0
35	14	0
33	30	0
84	22	0
53	62	0
70	88	0
18	36	0
70	99	0
85	71	0
38	79	0
71	9	0
71	39	0
85	15	0
73	18	0
43	20	0
42	32	0
94	3	0
71	29	0
3	61	0
93	14	0
87	94	0
8	93	0
92	64	0
45	47	0
23	9	0
95	85	0
79	59	0
25	96	0
67	24	0
77	47	0
90	55	0
83	67	0
36	76	0
81	81	0
36	94	0
87	74	0
35	39	0
22	91	0
99	86	0
36	36	0
27	41	0
67	68	0
60	93	0
52	65	0
49	96	0
56	58	0
34	62	0
29	63	0
83	20	0
14	90	0
82	52	0
20	87	0
41	57	0
43	77	0
81	27	0
28	29	0
19	46	0
65	40	0
98	75	0
68	15	0
85	96	0
72	95	0
33	43	0
63	10	0
32	45	0
27	86	0
41	34	0
57	69	0
69	79	0
38	22	0
77	94	0
45	31	0
36	18	0
64	42	0
30	79	0
42	12	0
4	61	0
92	80	0
59	91	0
53	44	0
81	11	0
44	74	0
45	53	0
99	57	0
92	0	0
3	75	0
71	6	0
77	75	0
70	31	0
31	3	0
37	66	0
83	79	0
37	72	0
55	77	0
78	20	0
14	63	0
65	13	0
44	65	0
59	98	0
31	93	0
97	5	0
88	18	0
61	10	0
39	90	0
20	89	0
7	87	0
79	50	0
71	63	0
80	65	0
19	43	0
84	44	0
70	61	0
88	72	0
63	59	0
25	56	0
21	73	0
37	26	0
46	41	0
4	49	0
52	64	0
41	40	0
96	36	0
78	35	0
71	2	0
79	31	0
53	77	0
16	16	1
17	47	0
63	35	0
90	75	0
60	82	0
95	74	0
23	53	0
51	69	0
59	54	0
24	57	0
92	36	0
25	62	0
39	24	0
87	50	0
73	99	0
60	51	0
20	63	0
45	1	0
64	68	0
29	83	0
39	28	0
74	78	0
92	71	0
21	98	0
53	69	0
11	70	0
75	66	0
33	56	0
50	66	0
40	79	0
61	68	0
24	34	0
15	64	0
87	79	0
79	50	0
97	61	0
28	75	0
53	79	0
70	31	0
21	17	1
85	23	0
40	38	0
97	12	0
13	87	0
28	34	0
29	76	0
83	55	0
22	38	0
93	62	0
12	98	0
7	74	0
23	3	0
97	92	0
39	28	0
3	78	0
77	89	0
38	62	0
76	74	0
31	88	0
99	33	0
31	14	0
39	86	0
31	74	0
36	15	0
24	36	0
5	24	0
91	69	0
91	10	0
59	9	0
73	11	0
97	41	0
31	6	0
35	42	0
97	40	0
13	59	0
45	87	0
4	46	0
16	81	0
79	56	0
48	94	0
67	47	0
75	77	0
36	34	0
77	64	0
33	56	0
90	44	0
14	71	0
57	33	0
37	70	0
74	34	0
57	42	0
97	82	0
95	99	0
84	85	0
18	82	0
21	32	0
54	50	0
51	73	0
31	21	0
17	3	0
35	68	0
10	39	0
66	6	0
68	82	0
84	63	0
93	20	0
11	44	0
10	4	1
79	95	0
6	98	0
49	7	0
55	55	0
69	10	0
10	4	1
45	22	0
20	37	0
45	18	0
65	6	0
39	84	0
58	24	0
28	97	0
77	2	0
31	38	0
54	73	0
74	24	0
92	71	0
64	78	0
35	71	0
47	90	0
77	92	0
83	55	0
17	62	0
81	75	0
60	96	0
13	36	0
16	52	0
93	45	0
33	88	0
98	95	0
68	84	0
46	3	0
52	47	0
84	56	0
59	89	0
73	48	0
99	71	0
89	30	0
16	62	0
0	57	0
73	88	0
76	40	0
52	57	0
56	10	0
33	19	0
77	75	0
25	37	0
14	67	0
44	45	0
59	45	0
33	13	0
59	30	0
14	85	0
20	40	0
13	60	0
8	71	0
75	51	0
21	23	0
60	14	0
92	26	0
80	5	0
55	70	0
1	66	0
62	27	0
46	31	0
68	78	0
76	11	0
45	45	0
53	61	0
47	87	0
17	98	0
24	65	0
44	88	0
33	37	0
74	77	0
50	46	0
29	78	0
61	33	0
8	44	0
60	60	0
61	20	0
31	78	0
80	51	0
50	44	0
49	43	0
41	17	0
6	66	0
69	64	0
73	55	0
44	39	0
82	57	0
82	66	0
80	37	0
69	10	0
92	76	0
91	14	0
4	73	0
66	82	0
34	18	0
60	35	0
9	1	1
16	58	0
10	86	0
34	87	0
21	50	0
95	33	0
18	50	0
52	99	0
18	84	0
99	70	0
55	61	0
85	37	0
21	1	0
56	14	0
51	6	0
9	5	0
15	73	0
62	61	0
85	70	0
73	50	0
15	1	0
30	39	0
68	8	0
1	80	0
74	0	0
40	74	0
54	23	0
76	99	0
8	33	0
9	92	0
98	56	0
29	16	0
89	71	0
62	57	0
78	41	0
42	28	0
93	30	0
84	69	0
13	65	0
3	85	0
20	59	0
3	91	0
8	86	0
87	30	0
33	51	0
5	95	0
54	14	0
62	2	0
41	47	0
21	25	1
66	39	0
38	21	0
22	77	0
31	30	0
72	18	0
8	41	0
84	49	0
89	2	0
66	50	0
30	10	0
50	18	0
8	97	0
62	81	0
39	68	0
38	15	0
4	83	0
2	89	0
64	53	0
89	45	0
39	29	0
26	76	0
22	28	0
96	86	0
60	27	0
49	73	0
62	98	0
18	26	1
2	82	0
67	27	0
51	66	0
29	34	0
99	68	0
42	74	0
98	18	0
78	16	0
94	19	0
87	83	0
47	58	0
23	91	0
83	5	0
29	2	0
67	86	0
64	76	0
20	51	0
67	39	0
72	80	0
88	13	0
93	51	0
23	69	0
58	49	0
23	22	0
90	25	0
40	43	0
63	9	0
90	96	0
85	78	0
46	68	0
71	30	0
68	76	0
3	91	0
46	0	0
10	96	0
11	73	0
69	68	0
75	98	0
82	6	0
94	88	0
78	4	0
80	70	0
60	0	0
94	37	0
74	53	0
58	32	0
12	72	0
59	90	0
52	76	0
14	45	0
4	42	0
36	96	0
10	71	0
43	1	0
38	57	0
13	63	0
39	24	0
4	46	0
91	49	0
52	21	0
0	44	0
26	87	0
74	58	0
0	2	0
95	70	0
25	84	0
58	49	0
34	56	0
96	45	0
59	41	0
0	15	0
3	51	0
21	58	0
90	71	0
66	48	0
97	65	0
0	54	0
64	55	0
14	70	0
1	16	0
71	68	0
29	65	0
47	12	0
31	31	0
6	81	0
34	86	0
6	4	0
76	45	0
67	61	0
80	65	0
75	75	0
47	88	0
41	14	0
0	72	0
49	64	0
41	51	0
61	49	0
82	14	0
