86	68	0
48	16	0
37	29	0
51	98	0
10	10	0
97	37	0
97	90	0
37	6	0
65	81	0
46	16	0
94	46	0
6	76	0
19	5	0
22	64	0
97	24	0
82	81	0
56	32	0
21	48	0
94	66	0
94	10	0
45	91	0
60	72	0
80	86	0
54	2	0
42	78	0
56	5	0
86	76	0
61	85	0
83	74	0
0	27	0
61	23	0
34	16	0
86	32	0
37	52	0
90	62	0
6	92	0
41	98	0
95	25	0
76	92	0
50	1	0
27	64	0
95	58	0
94	71	0
52	67	0
95	53	0
5	82	0
22	38	1
67	2	0
89	60	0
18	69	0
62	5	0
8	81	0
53	96	0
38	75	0
99	66	0
48	32	0
25	26	0
87	79	0
96	95	0
99	16	0
11	94	0
93	18	0
41	1	0
75	78	0
43	11	0
8	93	0
82	5	0
44	81	0
72	96	0
52	65	0
6	31	0
68	92	0
28	37	1
15	55	0
88	31	0
17	40	0
26	87	0
54	98	0
64	27	0
32	94	0
62	98	0
0	25	0
99	9	0
90	24	0
38	58	0
75	39	0
21	36	1
79	56	0
26	35	1
46	9	0
36	3	0
65	38	0
19	97	0
62	15	0
54	87	0
38	7	0
46	28	0
85	41	0
35	64	0
76	44	0
12	62	0
78	81	0
1	74	0
28	91	0
97	57	0
61	9	0
44	68	0
29	57	0
63	4	0
68	52	0
2	57	0
31	2	0
22	44	0
39	33	0
70	91	0
58	45	0
22	96	0
84	6	0
52	75	0
79	82	0
98	5	0
63	78	0
48	72	0
30	10	0
59	95	0
94	73	0
70	65	0
24	99	0
68	36	0
33	17	0
15	45	0
77	10	0
12	63	0
94	64	0
96	24	0
86	33	0
35	55	0
59	21	0
83	72	0
18	14	0
32	11	0
81	64	0
38	33	0
69	73	0
70	87	0
54	29	0
44	30	0
59	40	0
16	43	0
28	52	0
20	63	0
75	82	0
44	53	0
37	97	0
82	46	0
81	70	0
57	84	0
27	33	1
97	68	0
14	30	0
51	45	0
20	12	0
25	86	0
34	77	0
85	34	0
37	37	0
71	12	0
40	82	0
54	28	0
47	48	0
80	78	0
29	62	0
53	74	0
35	87	0
38	46	0
43	11	0
53	10	0
30	72	0
24	82	0
79	78	0
93	67	0
27	87	0
29	32	1
96	70	0
31	51	0
26	87	0
56	76	0
39	55	0
30	12	0
12	31	0
70	96	0
90	81	0
59	71	0
73	34	0
6	58	0
56	9	0
77	30	0
62	28	0
67	29	0
18	68	0
1	57	0
54	49	0
76	27	0
36	64	0
92	31	0
32	94	0
27	63	0
40	20	0
81	79	0
34	54	0
31	10	0
18	90	0
56	11	0
96	87	0
69	92	0
97	8	0
5	81	0
23	66	0
91	36	0
53	75	0
44	38	0
55	61	0
48	72	0
47	66	0
22	74	0
30	55	0
70	0	0
1	63	0
60	84	0
89	45	0
44	90	0
80	61	0
63	30	0
45	70	0
21	85	0
40	96	0
51	38	0
73	33	0
27	33	1
85	59	0
76	41	0
71	70	0
6	49	0
53	14	0
9	86	0
63	64	0
58	38	0
66	36	0
51	26	0
8	57	0
85	17	0
46	9	0
66	66	0
47	76	0
74	34	0
99	35	0
91	0	0
5	59	0
97	74	0
24	96	0
93	71	0
41	92	0
57	33	0
57	12	0
18	90	0
69	28	0
43	68	0
39	76	0
48	7	0
29	97	0
79	87	0
65	89	0
75	44	0
88	76	0
20	96	0
46	62	0
68	2	0
67	37	0
31	14	0
37	2	0
56	9	0
55	61	0
79	41	0
43	49	0
38	50	0
36	72	0
71	87	0
84	68	0
57	78	0
88	1	0
78	41	0
65	1	0
22	46	0
29	33	1
74	45	0
62	44	0
70	65	0
14	33	0
40	66	0
64	26	0
25	88	0
27	91	0
28	73	0
94	65	0
48	15	0
36	1	0
25	54	0
86	65	0
59	12	0
73	92	0
12	3	0
54	98	0
1	69	0
35	88	0
40	34	0
1	60	0
84	20	0
23	34	1
74	3	0
47	15	0
89	11	0
36	47	0
21	50	0
78	27	0
85	59	0
14	21	0
26	34	1
4	61	0
35	96	0
1	87	0
45	93	0
56	72	0
56	39	0
62	16	0
41	82	0
46	69	0
82	90	0
27	24	0
11	54	0
29	46	0
62	65	0
71	84	0
34	23	0
80	22	0
40	0	0
53	1	0
58	23	0
33	43	0
77	75	0
89	9	0
23	42	0
52	18	0
52	49	0
42	33	0
36	52	0
79	75	0
77	52	0
15	54	0
57	32	0
95	9	0
63	6	0
53	26	0
52	36	0
35	28	0
1	72	0
62	78	0
28	73	0
25	92	0
25	94	0
58	18	0
40	33	0
98	41	0
86	51	0
2	76	0
83	73	0
73	75	0
77	27	0
77	81	0
82	6	0
84	59	0
72	54	0
39	22	0
60	51	0
28	50	0
85	79	0
67	18	0
95	9	0
27	46	0
35	91	0
73	73	0
84	17	0
13	67	0
95	27	0
38	96	0
82	17	0
70	47	0
38	55	0
57	38	0
25	42	0
30	48	0
61	84	0
79	33	0
39	13	0
69	72	0
21	67	0
13	93	0
91	89	0
33	36	0
3	83	0
57	33	0
84	20	0
84	44	0
7	63	0
62	31	0
45	25	0
42	42	0
8	97	0
78	23	0
54	3	0
88	44	0
48	44	0
21	75	0
12	0	0
60	64	0
56	89	0
4	52	0
46	69	0
40	79	0
50	34	0
16	95	0
5	47	0
21	44	0
62	13	0
91	29	0
91	17	0
79	88	0
25	58	0
28	27	0
39	25	0
80	4	0
68	62	0
74	92	0
16	42	0
63	93	0
97	63	0
36	83	0
71	8	0
67	53	0
68	20	0
74	10	0
47	28	0
44	13	0
98	2	0
83	35	0
7	77	0
83	9	0
91	97	0
24	94	0
97	67	0
47	56	0
12	28	0
90	95	0
59	42	0
4	96	0
67	34	0
70	39	0
72	60	0
83	64	0
27	72	0
84	71	0
33	90	0
98	79	0
37	93	0
96	78	0
30	34	1
41	29	0
54	68	0
65	99	0
44	66	0
71	97	0
67	50	0
33	63	0
32	67	0
81	9	0
11	85	0
93	53	0
24	86	0
50	73	0
47	85	0
86	43	0
37	55	0
20	32	1
46	23	0
85	54	0
66	14	0
90	89	0
57	93	0
41	51	0
58	2	0
38	42	0
50	87	0
32	23	0
50	60	0
72	76	0
39	23	0
98	93	0
46	18	0
18	6	0
55	27	0
21	77	0
40	7	0
18	58	0
91	93	0
61	87	0
58	55	0
64	9	0
41	69	0
47	49	0
98	54	0
89	2	0
2	69	0
77	2	0
56	75	0
63	30	0
45	15	0
34	66	0
83	80	0
36	71	0
38	76	0
81	27	0
25	46	0
65	31	0
43	65	0
66	88	0
32	92	0
83	7	0
98	22	0
66	11	0
26	77	0
16	96	0
19	85	0
70	41	0
78	71	0
72	81	0
15	44	0
80	42	0
71	72	0
81	74	0
56	67	0
17	73	0
14	64	0
48	21	0
39	14	0
0	35	0
40	53	0
29	43	0
86	27	0
79	34	0
71	4	0
79	46	0
52	62	0
19	68	0
50	23	0
92	83	0
51	90	0
71	65	0
27	56	0
40	83	0
71	48	0
31	51	0
80	27	0
20	50	0
37	24	0
88	54	0
88	95	0
54	55	0
4	63	0
49	8	0
58	61	0
26	84	0
39	28	0
82	91	0
93	70	0
20	81	0
71	50	0
7	66	0
83	60	0
34	57	0
52	60	0
33	80	0
57	70	0
6	49	0
80	70	0
66	57	0
86	49	0
19	69	0
61	85	0
55	21	0
94	29	0
53	32	0
99	12	0
11	87	0
34	37	0
35	62	0
85	60	0
25	56	0
82	69	0
17	93	0
19	83	0
96	91	0
46	28	0
9	70	0
77	99	0
41	61	0
86	61	0
20	95	0
92	27	0
31	5	0
36	78	0
34	72	0
33	14	0
13	41	0
4	24	0
83	67	0
96	11	0
57	10	0
81	30	0
93	30	0
34	11	0
33	51	0
97	36	0
10	56	0
52	92	0
8	54	0
28	83	0
68	50	0
55	97	0
79	57	0
72	83	0
40	35	0
75	59	0
39	59	0
83	64	0
14	68	0
53	31	0
31	78	0
83	38	0
72	30	0
81	67	0
97	98	0
88	79	0
51	69	0
68	39	0
48	75	0
43	20	0
31	12	0
30	76	0
2	38	0
62	5	0
57	88	0
77	88	0
81	5	0
18	43	0
55	80	0
16	99	0
61	4	0
61	46	0
55	21	0
39	22	0
15	35	1
47	16	0
85	6	0
42	93	0
68	28	0
29	95	0
93	13	0
32	51	0
44	63	0
66	28	0
83	88	0
65	73	0
42	67	0
53	96	0
74	69	0
85	44	0
14	72	0
80	87	0
84	96	0
26	29	1
15	57	0
94	46	0
29	74	0
97	86	0
59	98	0
43	8	0
72	66	0
87	60	0
60	81	0
74	58	0
92	70	0
71	38	0
16	54	0
2	66	0
65	76	0
74	38	0
54	53	0
48	3	0
35	17	0
94	74	0
12	51	0
31	51	0
57	32	0
38	16	0
54	28	0
18	89	0
4	56	0
17	81	0
72	52	0
81	20	0
91	34	0
86	1	0
55	87	0
10	48	0
52	29	0
62	52	0
45	81	0
93	13	0
26	35	1
62	56	0
44	88	0
16	91	0
39	62	0
31	84	0
35	21	0
77	78	0
45	36	0
44	79	0
58	40	0
12	38	0
58	62	0
64	13	0
23	83	0
88	42	0
26	40	0
30	50	0
24	19	0
3	64	0
80	70	0
77	63	0
39	53	0
84	51	0
81	68	0
72	33	0
66	14	0
83	74	0
80	20	0
5	60	0
76	85	0
24	30	0
65	31	0
10	61	0
1	87	0
34	93	0
37	56	0
97	29	0
4	49	0
59	91	0
4	90	0
89	58	0
56	50	0
84	28	0
13	6	0
45	31	0
70	1	0
14	83	0
51	52	0
97	63	0
81	38	0
8	7	0
13	43	0
64	15	0
5	66	0
82	3	0
47	69	0
36	27	0
87	87	0
13	17	0
29	93	0
95	55	0
32	14	0
90	98	0
50	58	0
63	60	0
44	37	0
97	27	0
92	89	0
3	67	0
10	72	0
7	51	0
21	82	0
15	97	0
71	27	0
39	52	0
10	88	0
47	17	0
72	12	0
37	57	0
64	58	0
50	21	0
35	69	0
33	26	0
88	24	0
6	42	0
78	63	0
87	6	0
56	44	0
30	19	0
45	8	0
11	96	0
51	67	0
41	61	0
35	14	0
13	97	0
2	89	0
69	47	0
96	36	0
35	28	0
27	63	0
88	96	0
47	28	0
64	72	0
66	89	0
8	84	0
75	34	0
52	57	0
13	43	0
89	74	0
54	62	0
93	12	0
76	11	0
87	23	0
68	92	0
47	65	0
42	53	0
68	13	0
46	9	0
62	97	0
67	65	0
20	53	0
73	37	0
52	93	0
85	35	0
86	59	0
33	74	0
50	52	0
22	32	1
86	28	0
33	55	0
82	7	0
96	93	0
72	60	0
57	82	0
75	36	0
70	83	0
12	93	0
37	4	0
12	85	0
14	58	0
57	71	0
73	81	0
64	10	0
98	99	0
91	11	0
95	88	0
62	9	0
80	32	0
77	52	0
53	42	0
16	85	0
59	94	0
66	81	0
30	47	0
9	31	0
19	89	0
14	62	0
46	7	0
39	47	0
18	67	0
42	42	0
3	39	0
99	55	0
45	21	0
17	59	0
30	83	0
65	77	0
91	59	0
6	68	0
64	43	0
22	63	0
75	43	0
57	34	0
1	52	0
23	46	0
86	56	0
71	55	0
90	52	0
3	66	0
62	52	0
5	84	0
6	15	0
90	71	0
12	62	0
34	6	0
38	20	0
15	98	0
19	84	0
85	41	0
66	68	0
76	60	0
76	84	0
41	66	0
55	44	0
6	72	0
42	67	0
33	48	0
65	56	0
77	19	0
