92	68	0
45	21	0
46	26	0
41	98	0
7	10	0
89	35	0
91	83	0
41	19	0
72	75	0
33	27	0
92	36	0
0	80	0
19	6	0
25	60	0
99	23	0
87	74	0
67	33	0
25	50	0
98	62	0
89	8	0
44	90	0
65	69	0
77	93	0
66	0	0
38	87	0
59	5	0
84	76	0
68	85	0
93	67	0
6	27	0
49	35	0
41	22	0
84	41	0
44	47	0
92	64	0
12	95	0
50	93	0
97	23	0
75	93	0
48	2	0
21	57	0
82	53	0
84	62	0
52	67	0
95	52	0
10	86	0
20	43	0
62	10	0
86	70	0
16	64	0
64	7	0
19	80	0
51	89	0
36	74	0
94	61	0
46	32	0
39	29	0
83	72	0
96	90	0
86	18	0
4	96	0
94	11	0
48	0	0
75	71	0
41	10	0
10	86	0
81	7	0
46	74	0
77	96	0
52	68	0
5	28	0
75	87	0
23	45	0
15	60	0
82	34	0
10	37	0
39	82	0
45	94	0
61	15	0
40	90	0
60	96	0
2	2	1
12	17	0
99	14	0
94	26	0
37	53	0
79	39	0
23	25	0
84	54	0
32	40	0
42	14	0
40	11	0
70	34	0
17	89	0
67	12	0
58	81	0
43	4	0
55	27	0
90	50	0
36	68	0
77	50	0
16	58	0
73	92	0
8	72	0
33	92	0
91	46	0
57	6	0
46	70	0
25	60	0
60	0	0
63	49	0
9	61	0
41	5	0
33	53	0
41	37	0
85	94	0
55	47	0
3	4	1
18	94	0
80	3	0
66	61	0
79	84	0
99	7	0
62	67	0
53	76	0
30	10	0
57	95	0
91	75	0
79	59	0
37	94	0
63	30	0
34	20	0
16	42	0
83	10	0
8	69	0
93	71	0
97	29	0
89	37	0
31	53	0
58	18	0
83	80	0
9	16	0
37	14	0
79	58	0
37	39	0
73	84	0
79	94	0
47	12	0
42	35	0
53	50	0
8	43	0
26	60	0
10	55	0
76	77	0
39	54	0
41	92	0
81	46	0
70	69	0
47	88	0
21	36	0
93	61	0
3	25	0
44	47	0
22	13	0
32	76	0
38	81	0
95	34	0
34	32	0
82	17	0
44	79	0
56	28	0
56	42	0
82	82	0
29	58	0
57	83	0
36	88	0
39	50	0
36	16	0
59	8	0
32	74	0
24	80	0
75	77	0
90	64	0
16	89	0
28	35	0
94	66	0
31	52	0
33	90	0
56	84	0
40	53	0
30	10	0
17	36	0
71	92	0
83	93	0
61	79	0
70	29	0
7	61	0
55	4	0
77	22	0
70	26	0
71	26	0
24	59	0
0	68	0
44	50	0
74	28	0
35	66	0
93	24	0
35	99	0
26	63	0
34	19	0
81	68	0
37	55	0
31	11	0
10	96	0
62	7	0
99	88	0
74	92	0
98	9	0
2	81	0
15	66	0
95	39	0
52	68	0
45	44	0
57	55	0
53	72	0
55	64	0
16	75	0
35	59	0
66	10	0
0	66	0
65	86	0
83	44	0
40	92	0
79	59	0
60	17	0
46	68	0
16	79	0
32	98	0
51	41	0
67	35	0
32	35	0
91	58	0
79	40	0
73	63	0
9	67	0
48	17	0
9	83	0
64	60	0
59	41	0
59	44	0
53	23	0
0	57	0
87	29	0
52	8	0
74	72	0
49	78	0
75	30	0
98	39	0
91	5	0
3	62	0
94	69	0
24	99	0
95	65	0
42	93	0
66	28	0
51	6	0
23	91	0
69	33	0
37	61	0
43	84	0
49	5	0
21	91	0
80	95	0
80	82	0
73	38	0
92	78	0
22	91	0
47	52	0
53	3	0
63	25	0
22	15	0
39	0	0
59	8	0
55	49	0
80	46	0
35	49	0
33	52	0
38	70	0
70	91	0
80	77	0
57	76	0
79	3	0
82	46	0
78	8	0
25	46	0
32	15	0
80	37	0
70	37	0
80	72	0
13	39	0
41	74	0
59	23	0
29	88	0
23	94	0
20	83	0
97	62	0
39	27	0
37	2	0
26	57	0
91	67	0
66	16	0
84	93	0
12	0	0
69	90	0
10	70	0
42	86	0
36	27	0
0	51	0
83	4	0
17	41	0
79	7	0
55	19	0
81	7	0
36	44	0
18	45	0
76	24	0
90	58	0
7	23	0
25	38	0
9	59	0
37	94	0
11	84	0
42	91	0
62	71	0
48	41	0
68	23	0
35	93	0
43	67	0
90	94	0
29	29	0
18	52	0
25	39	0
51	73	0
83	83	0
32	26	0
87	11	0
31	10	0
59	6	0
62	17	0
27	43	0
78	64	0
74	8	0
15	40	0
41	12	0
51	45	0
39	37	0
23	58	0
88	79	0
80	50	0
12	50	0
53	33	0
94	11	0
56	11	0
58	27	0
59	34	0
26	24	0
1	77	0
64	78	0
23	78	0
27	92	0
19	93	0
54	19	0
45	35	0
91	50	0
78	49	0
7	79	0
88	77	0
65	76	0
77	33	0
69	98	0
83	1	0
85	55	0
73	62	0
38	19	0
43	45	0
33	50	0
81	81	0
67	18	0
93	6	0
21	40	0
38	91	0
64	72	0
86	10	0
3	57	0
93	28	0
43	96	0
79	26	0
64	49	0
42	52	0
53	37	0
21	41	0
44	47	0
69	82	0
83	36	0
41	24	0
72	73	0
23	64	0
7	98	0
93	84	0
33	32	0
0	83	0
64	34	0
92	8	0
76	45	0
6	67	0
71	42	0
45	36	0
48	46	0
7	96	0
75	20	0
54	10	0
93	52	0
50	25	0
20	76	0
21	7	0
68	57	0
61	93	0
0	64	0
48	65	0
39	76	0
54	24	0
24	98	0
8	44	0
25	39	0
64	12	0
84	26	0
97	16	0
82	88	0
22	58	0
28	21	0
40	28	0
78	12	0
67	58	0
71	88	0
21	44	0
64	97	0
95	70	0
39	81	0
69	12	0
69	48	0
80	26	0
71	11	0
42	21	0
41	25	0
94	5	0
80	27	0
1	78	0
82	8	0
93	99	0
3	98	0
97	60	0
49	52	0
21	17	0
97	95	0
66	51	0
8	98	0
66	24	0
72	40	0
74	59	0
81	68	0
27	73	0
85	72	0
41	96	0
88	74	0
15	31	1
39	95	0
96	82	0
33	37	0
33	31	0
55	77	0
57	94	0
39	63	0
65	95	0
63	50	0
28	59	0
26	64	0
82	20	0
11	88	0
86	39	0
25	90	0
50	65	0
40	89	0
91	40	0
39	44	0
23	42	0
49	21	0
81	61	0
72	12	0
90	98	0
69	95	0
41	54	0
61	5	0
30	39	0
42	93	0
33	20	0
44	58	0
73	73	0
26	23	0
88	95	0
48	20	0
27	17	0
67	29	0
19	76	0
32	16	0
8	62	0
84	90	0
58	89	0
59	45	0
76	5	0
39	73	0
41	50	0
96	53	0
90	4	0
5	68	0
78	1	0
67	77	0
79	32	0
38	11	0
33	68	0
81	76	0
37	59	0
45	81	0
82	28	0
17	59	0
77	21	0
43	65	0
67	94	0
34	92	0
83	13	0
84	29	0
67	17	0
32	78	0
20	87	0
12	86	0
67	41	0
77	69	0
65	77	0
17	40	0
77	37	0
67	61	0
82	78	0
52	65	0
18	58	0
20	66	0
48	20	0
42	22	0
3	36	0
44	62	0
37	48	0
80	31	0
74	33	0
77	3	0
71	46	0
51	71	0
21	54	0
53	21	0
95	76	0
59	87	0
83	68	0
20	51	0
50	75	0
66	42	0
40	49	0
77	25	0
18	54	0
39	25	0
77	51	0
89	97	0
56	58	0
12	59	0
47	9	0
60	61	0
25	89	0
37	35	0
86	90	0
98	68	0
17	89	0
67	61	0
4	68	0
78	54	0
35	56	0
47	58	0
34	73	0
56	68	0
7	63	0
87	77	0
72	53	0
97	53	0
21	59	0
59	88	0
55	27	0
99	23	0
46	36	0
96	17	0
19	91	0
37	34	0
37	70	0
89	53	0
25	48	0
83	63	0
8	96	0
19	80	0
99	81	0
47	29	0
1	72	0
78	93	0
49	65	0
88	73	0
17	90	0
99	35	0
30	2	0
31	80	0
34	75	0
36	15	0
28	38	0
11	18	0
85	74	0
94	13	0
60	11	0
70	27	0
95	48	0
34	11	0
23	51	0
98	44	0
10	54	0
61	83	0
7	57	0
21	80	0
66	60	0
54	93	0
73	54	0
69	85	0
34	38	0
68	62	0
41	58	0
80	57	0
15	76	0
56	34	0
27	75	0
81	39	0
59	30	0
91	69	0
95	97	0
90	75	0
45	66	0
11	25	1
57	40	0
55	76	0
34	23	0
30	9	0
34	70	0
14	34	0
60	3	0
66	84	0
72	77	0
87	6	0
12	50	0
58	91	0
12	95	0
54	5	0
64	47	0
65	20	0
35	21	0
30	37	0
42	24	0
74	3	0
40	87	0
62	30	0
38	84	0
89	13	0
33	47	0
45	67	0
77	19	0
82	73	0
59	70	0
36	65	0
45	89	0
79	75	0
81	48	0
18	69	0
82	80	0
78	98	0
26	36	0
14	47	0
98	44	0
29	84	0
99	83	0
65	91	0
44	3	0
65	59	0
92	63	0
71	90	0
80	51	0
89	73	0
80	36	0
16	55	0
5	60	0
68	86	0
72	42	0
53	62	0
53	7	0
32	20	0
86	70	0
23	31	1
10	58	0
34	46	0
60	36	0
44	22	0
53	31	0
16	84	0
31	33	0
7	63	0
17	77	0
74	49	0
11	28	1
71	18	0
94	35	0
80	8	0
58	79	0
5	51	0
51	28	0
53	44	0
51	86	0
90	12	0
27	40	0
58	63	0
44	85	0
15	95	0
38	62	0
36	84	0
33	26	0
75	74	0
42	45	0
41	84	0
60	29	0
13	45	0
62	59	0
61	28	0
30	79	0
81	44	0
35	38	0
41	48	0
26	12	0
0	61	0
75	61	0
82	69	0
39	51	0
87	59	0
79	72	0
73	25	0
64	15	0
76	80	0
76	21	0
2	61	0
78	83	0
36	20	0
70	40	0
25	66	0
16	90	0
32	98	0
26	60	0
99	31	0
17	53	0
58	92	0
10	83	0
95	68	0
58	59	0
86	36	0
17	9	0
48	27	0
60	4	0
5	81	0
57	54	0
86	64	0
74	36	0
14	5	0
13	45	0
66	16	0
20	87	0
77	2	0
45	72	0
36	27	0
87	94	0
11	19	0
26	95	0
96	56	0
31	11	0
91	83	0
54	54	0
70	60	0
49	25	0
91	33	0
91	76	0
8	59	0
2	77	0
17	50	0
7	87	0
7	91	0
80	21	0
40	42	0
8	93	0
51	13	0
75	4	0
34	57	0
72	55	0
52	18	0
33	63	0
30	30	0
88	23	0
5	42	0
89	63	0
91	12	0
60	46	0
26	26	0
50	4	0
11	96	0
53	64	0
44	60	0
39	14	0
6	94	0
3	96	0
63	55	0
90	34	0
34	25	0
26	74	0
94	88	0
50	31	0
59	75	0
65	89	0
6	71	0
70	26	0
55	59	0
21	33	0
91	68	0
49	69	0
98	13	0
82	11	0
88	21	0
70	98	0
45	60	0
38	69	0
78	15	0
37	12	0
68	95	0
69	72	0
22	56	0
67	38	0
70	92	0
81	14	0
91	54	0
23	74	0
45	60	0
21	24	0
90	23	0
30	51	0
72	10	0
89	93	0
75	61	0
57	78	0
77	34	0
75	77	0
8	97	0
40	4	0
7	95	0
6	61	0
64	71	0
71	89	0
75	9	0
90	99	0
78	11	0
84	84	0
64	9	0
83	37	0
79	42	0
54	37	0
16	83	0
58	95	0
58	80	0
20	47	0
9	40	0
31	95	0
11	68	0
42	2	0
37	54	0
19	63	0
41	32	0
1	39	0
94	54	0
51	27	0
11	54	0
26	83	0
75	77	0
2	0	1
95	68	0
14	64	0
56	47	0
28	61	0
83	46	0
56	35	0
4	13	1
3	46	0
21	58	0
83	52	0
70	53	0
87	56	0
1	61	0
71	61	0
0	80	0
2	25	0
92	66	0
24	64	0
44	4	0
34	30	0
9	90	0
25	86	0
76	42	0
63	70	0
71	55	0
73	85	0
43	70	0
51	29	0
3	68	0
48	63	0
39	47	0
66	54	0
81	19	0
