98	66	0
20	14	0
31	18	1
64	99	0
11	1	0
86	40	0
98	97	0
46	12	0
51	80	0
56	22	0
81	51	0
8	84	0
8	2	0
15	93	0
97	31	0
68	77	0
44	30	0
85	70	0
96	17	0
57	99	0
45	66	0
80	69	0
48	10	0
26	83	0
55	20	0
97	69	0
81	90	0
86	74	0
8	38	0
54	11	1
50	35	0
92	24	0
75	72	0
12	78	0
33	90	0
76	12	0
72	87	0
27	7	0
47	70	0
81	71	0
93	71	0
57	66	0
99	38	0
17	75	0
67	2	0
98	64	0
21	76	0
62	5	0
3	75	0
39	99	0
30	74	0
89	61	0
60	38	0
41	20	0
92	81	0
98	92	0
96	16	0
29	92	0
95	8	0
25	10	0
76	88	0
35	7	1
5	90	0
83	9	0
28	69	0
62	93	0
35	57	0
3	28	0
75	79	0
88	27	0
25	95	0
46	99	0
64	29	0
28	90	0
54	95	0
9	15	0
98	18	0
79	26	0
56	74	0
89	45	0
87	58	0
54	9	0
46	18	1
68	40	0
0	97	0
71	2	0
43	75	0
42	9	1
54	21	0
86	16	0
37	55	0
89	50	0
0	58	0
75	93	0
1	84	0
40	98	0
90	52	0
71	30	0
36	64	0
34	61	0
63	4	0
69	55	0
16	70	0
38	5	0
65	70	0
45	33	0
3	92	0
87	26	0
42	77	0
82	70	0
94	1	0
65	85	0
65	77	0
11	22	0
58	90	0
98	82	0
71	57	0
23	91	0
69	32	0
77	2	0
96	68	0
95	33	0
89	54	0
43	44	0
63	7	0
63	65	0
12	27	0
46	33	0
92	56	0
50	25	0
55	79	0
58	76	0
59	21	0
45	34	0
54	27	0
55	84	0
49	56	0
45	92	0
72	41	0
59	72	0
59	72	0
94	60	0
30	20	0
40	39	0
15	20	0
12	80	0
28	61	0
84	41	0
46	45	0
89	1	0
34	84	0
57	20	0
31	35	0
67	82	0
33	69	0
58	62	0
43	86	0
40	50	0
37	1	0
55	16	0
39	98	0
31	65	0
76	80	0
91	61	0
18	95	0
89	71	0
31	49	0
20	68	0
54	72	0
49	55	0
16	33	0
71	82	0
96	84	0
38	72	0
76	41	0
8	41	0
59	11	0
63	55	0
65	17	0
80	20	0
3	48	1
40	66	0
53	24	0
42	63	0
95	34	0
32	89	0
21	58	0
75	93	0
46	57	0
21	21	0
34	74	0
53	14	0
92	98	0
36	90	0
95	1	0
13	60	1
17	74	0
95	37	0
55	94	0
66	85	0
64	68	0
36	56	0
10	65	0
15	55	1
59	0	0
55	96	0
98	55	0
41	92	0
72	69	0
79	27	0
49	77	0
31	80	0
39	93	0
39	25	0
68	21	0
81	52	0
52	42	0
75	67	0
4	55	1
76	25	0
23	88	0
64	67	0
88	39	0
76	39	0
45	1	0
3	41	0
87	24	0
69	78	0
61	99	0
71	58	0
96	32	0
89	9	0
2	34	0
85	72	0
37	98	0
90	86	0
42	97	0
56	35	0
81	33	0
23	85	0
81	24	0
18	60	0
26	82	0
48	12	0
28	91	0
76	89	0
82	77	0
95	56	0
98	56	0
19	81	0
36	71	0
84	8	0
82	51	0
42	1	0
42	26	0
43	56	0
78	44	0
23	55	0
37	40	0
31	77	0
71	98	0
88	57	0
56	75	0
95	5	0
95	36	0
62	5	0
87	51	0
81	51	0
63	78	0
0	37	0
42	63	0
67	25	0
15	89	0
28	77	0
8	86	0
90	63	0
57	11	1
39	3	0
80	64	0
74	1	0
99	87	0
27	4	0
42	88	0
14	67	0
56	93	0
41	39	0
79	25	0
77	18	0
52	14	0
93	12	0
46	53	0
79	31	0
80	58	0
8	10	0
3	59	0
33	99	0
20	83	0
54	96	0
48	75	0
80	43	0
65	8	0
49	85	0
51	67	0
96	87	0
0	51	0
67	51	0
66	85	0
82	25	0
28	4	0
44	1	0
53	19	0
34	32	0
81	54	0
77	19	0
20	44	0
19	24	0
30	56	0
42	35	0
95	69	0
89	57	0
5	53	1
66	34	0
83	6	0
67	12	0
75	24	0
51	39	0
42	28	0
6	75	0
70	84	0
41	85	0
10	98	0
35	60	0
58	10	0
55	39	0
82	35	0
74	54	0
12	60	1
85	71	0
85	87	0
79	31	0
68	90	0
79	12	0
78	60	0
70	53	0
70	53	0
86	76	0
74	6	0
87	11	0
26	44	0
54	91	0
63	73	0
75	13	0
21	77	0
98	39	0
57	98	0
96	24	0
64	23	0
31	58	0
61	42	0
37	61	0
60	80	0
80	31	0
84	81	0
39	53	1
18	93	0
94	92	0
46	20	0
5	81	0
42	50	0
99	5	0
81	38	0
34	70	0
62	48	0
61	51	0
17	97	0
83	23	0
42	9	1
89	52	0
53	39	0
39	89	0
22	11	0
50	45	0
52	90	0
0	45	0
41	78	0
41	83	0
50	21	1
17	69	0
14	29	0
69	7	0
72	24	0
99	2	0
81	96	0
31	67	0
33	33	0
79	4	0
59	50	0
69	96	0
0	25	0
50	87	0
92	58	0
28	78	0
79	8	0
37	69	0
67	19	0
53	9	0
80	17	0
90	46	0
11	87	0
74	10	0
87	98	0
26	97	0
93	77	0
43	53	0
10	28	0
63	95	0
67	51	0
0	83	0
67	31	0
82	55	0
79	48	0
78	64	0
28	52	0
97	50	0
22	90	0
97	63	0
24	98	0
88	95	0
46	35	0
65	66	0
61	93	0
48	54	0
61	97	0
75	53	0
48	47	0
31	58	0
89	1	0
1	87	0
91	58	0
20	95	0
48	57	0
42	77	0
81	28	0
33	49	0
53	25	0
95	56	0
76	21	0
86	90	0
43	97	0
39	58	0
47	5	1
38	48	0
60	97	0
51	25	0
43	77	0
89	85	0
40	9	1
91	83	0
78	12	0
23	6	0
43	34	0
28	63	0
44	6	0
12	80	0
83	78	0
55	92	0
64	52	0
68	9	0
38	63	0
36	75	0
92	46	0
90	4	0
14	67	0
76	11	0
46	64	0
47	21	0
42	2	0
33	47	0
84	85	0
23	71	0
57	85	0
68	23	0
75	21	0
51	57	0
61	83	0
26	97	0
91	27	0
82	15	0
79	21	0
18	70	0
21	96	0
16	83	0
63	35	0
73	78	0
74	99	0
0	29	0
62	53	0
66	90	0
73	62	0
61	74	0
16	91	0
20	75	0
48	30	0
6	26	0
45	44	0
32	42	0
99	31	0
81	47	0
66	11	0
70	29	0
57	48	0
43	27	0
99	77	0
45	82	0
82	53	0
42	58	0
32	98	0
77	52	0
55	11	1
34	12	0
99	47	0
70	84	0
49	36	0
57	57	0
37	94	0
62	94	0
91	61	0
22	79	0
65	50	0
3	68	0
63	46	0
46	72	0
68	55	0
51	76	0
64	90	0
5	59	0
56	55	0
78	46	0
80	62	0
36	80	0
77	80	0
44	30	0
97	15	0
54	47	0
96	11	0
0	83	0
46	90	0
91	64	0
68	69	0
13	88	0
17	72	0
81	86	0
43	24	0
5	77	0
74	99	0
47	66	0
91	62	0
27	92	0
72	46	0
14	0	0
41	76	0
17	83	0
36	17	1
5	16	0
94	56	0
97	23	0
49	20	1
69	34	0
79	14	0
21	13	0
31	62	0
77	29	0
1	72	0
62	80	0
6	39	0
15	78	0
65	44	0
64	94	0
68	42	0
76	87	0
74	53	0
36	52	1
73	76	0
9	86	0
43	43	0
26	77	0
78	53	0
64	35	0
99	47	0
93	93	0
81	86	0
47	71	0
69	44	0
66	66	0
38	54	1
11	48	1
68	3	0
66	83	0
85	75	0
80	2	0
57	77	0
8	98	0
50	22	1
55	38	0
68	33	0
62	29	0
72	21	0
21	89	0
77	29	0
31	74	0
92	16	0
46	68	0
48	38	0
65	95	0
74	74	0
44	79	0
72	94	0
83	68	0
94	47	0
97	77	0
80	98	0
97	43	0
35	66	0
92	86	0
48	84	0
80	83	0
97	50	0
43	89	0
89	68	0
83	56	0
81	34	0
37	47	0
4	63	0
55	79	0
68	19	0
60	31	0
47	23	1
87	86	0
67	42	0
44	13	1
16	89	0
9	57	1
9	89	0
61	40	0
87	14	0
88	48	0
96	6	0
80	97	0
6	45	1
51	25	0
52	49	0
34	75	0
94	18	0
66	54	0
26	83	0
30	99	0
26	73	0
13	92	0
31	9	1
64	63	0
47	33	0
46	75	0
47	44	0
4	54	1
66	69	0
69	14	0
19	90	0
95	57	0
22	25	0
16	72	0
75	62	0
70	54	0
51	61	0
93	52	0
87	64	0
76	58	0
55	10	0
63	65	0
82	46	0
8	36	0
95	73	0
52	45	0
39	80	0
13	79	0
22	94	0
24	65	0
92	30	0
13	51	1
60	99	0
8	90	0
90	62	0
51	28	0
80	24	0
22	22	0
32	41	0
80	11	0
16	74	0
41	54	1
92	57	0
89	37	0
3	10	0
45	15	1
2	39	0
70	13	0
43	72	0
97	92	0
0	10	0
52	98	0
85	31	0
42	4	0
90	83	0
43	63	0
77	73	0
33	29	0
98	37	0
88	76	0
22	68	0
15	85	0
0	49	1
22	73	0
17	96	0
70	21	0
29	57	0
10	85	0
28	30	0
61	20	0
41	60	0
74	50	0
47	7	0
29	72	0
89	26	0
8	27	0
73	47	0
97	30	0
50	64	0
31	17	0
42	5	0
19	93	0
41	77	0
24	61	0
19	19	0
20	82	0
28	80	0
67	53	0
94	44	0
32	72	0
85	95	0
50	31	0
65	68	0
46	87	0
6	86	0
83	43	0
43	62	0
14	22	0
96	59	0
55	47	0
92	19	0
83	20	0
82	34	0
61	96	0
42	38	0
66	38	0
63	34	0
40	2	0
40	93	0
60	71	0
90	28	0
60	99	0
87	50	0
82	48	0
35	73	0
26	70	0
80	28	0
53	42	0
73	2	0
98	95	0
72	79	0
47	80	0
72	44	0
81	89	0
18	82	0
59	31	0
17	92	0
6	57	1
40	62	0
80	70	0
66	13	0
89	94	0
88	10	0
97	93	0
61	7	0
69	23	0
76	55	0
65	31	0
14	83	0
53	87	0
65	81	0
8	31	0
18	83	0
17	71	0
42	10	0
38	40	0
0	46	0
79	43	0
51	26	0
7	60	0
18	90	0
65	93	0
91	42	0
0	70	0
62	42	0
27	89	0
81	60	0
69	46	0
22	54	0
85	36	0
72	50	0
69	60	0
13	62	1
56	50	0
7	91	0
6	0	0
84	67	0
18	71	0
28	5	0
2	97	0
22	79	0
99	37	0
73	80	0
90	64	0
85	88	0
54	58	0
60	32	0
2	75	0
50	62	0
35	56	0
67	41	0
84	23	0
