93	71	0
20	17	0
61	99	0
14	5	0
96	46	0
95	98	0
42	75	0
66	47	0
2	89	0
2	9	0
13	88	0
93	50	0
67	83	0
27	33	0
91	86	0
95	41	0
44	92	0
47	82	0
70	72	0
48	10	0
35	79	1
80	73	0
93	86	0
77	94	0
10	22	0
86	20	0
69	70	0
12	72	1
34	93	0
85	17	0
65	91	0
51	67	0
76	77	0
97	52	0
97	25	0
21	76	0
92	75	0
14	66	0
40	1	0
7	75	0
32	86	0
88	46	0
38	15	0
99	91	0
90	93	0
98	17	0
30	79	1
98	14	0
22	22	0
72	89	0
2	85	0
90	2	0
65	91	0
7	21	0
76	76	0
88	34	0
26	86	0
58	95	0
81	21	0
29	87	0
38	87	0
23	11	0
98	8	0
80	34	0
49	80	0
88	22	0
61	42	0
73	34	0
4	99	0
49	90	0
74	9	1
96	67	0
73	90	0
3	73	0
38	92	0
99	54	0
83	26	0
60	10	1
55	31	0
34	7	0
71	59	0
2	92	0
93	25	0
44	67	0
82	55	0
81	1	0
69	94	0
61	86	0
6	29	0
66	80	0
86	70	0
73	47	0
16	99	0
69	42	0
87	63	0
92	26	0
97	35	0
16	53	0
4	18	0
90	63	0
52	81	0
56	60	0
53	73	0
56	99	0
72	35	0
62	76	0
65	79	0
91	58	0
24	19	0
18	13	0
21	81	1
77	52	0
96	0	0
24	96	0
23	45	0
62	71	0
55	81	0
52	75	0
50	2	0
46	87	0
74	85	0
84	56	0
21	88	0
86	80	0
5	74	0
50	62	1
14	44	0
79	79	0
97	67	0
47	72	0
68	41	0
93	32	0
34	93	0
57	77	0
25	43	0
45	78	0
38	22	0
88	89	0
32	97	0
92	5	0
20	77	1
80	38	0
63	95	0
73	82	0
65	71	0
24	38	0
23	63	0
64	4	1
61	95	0
85	65	0
46	92	0
61	81	0
74	19	0
59	67	1
28	76	1
47	93	0
26	21	0
78	61	0
62	46	0
72	60	0
78	39	0
15	97	0
64	56	0
88	38	0
63	31	0
55	14	0
96	30	0
64	82	0
79	97	0
74	66	0
99	20	0
99	26	0
87	79	0
31	95	0
69	85	0
51	96	0
82	34	0
14	97	0
88	22	0
23	43	0
22	91	0
26	97	0
87	79	0
72	76	0
88	56	0
90	59	0
22	80	1
45	88	0
72	2	1
84	59	0
48	5	0
40	31	0
88	42	0
28	64	1
26	71	0
71	90	0
79	59	0
51	62	1
81	2	0
90	43	0
93	46	0
74	62	0
68	80	0
53	66	1
63	15	0
7	88	0
3	92	0
81	65	0
84	63	0
90	7	0
97	85	0
19	4	0
28	91	0
60	98	0
47	34	1
90	16	0
95	10	0
98	26	0
74	30	0
66	48	0
3	3	0
23	96	0
11	71	1
46	79	0
48	75	0
90	42	0
60	90	0
99	84	0
69	37	0
85	83	0
79	18	0
16	7	0
41	7	0
38	28	0
99	43	0
88	12	0
11	48	0
18	21	0
86	83	0
98	66	0
73	23	0
99	13	0
62	0	0
79	17	0
37	15	0
17	72	1
94	93	0
32	83	0
6	96	0
34	40	0
74	44	0
68	61	0
70	72	0
83	79	0
75	26	0
67	83	0
98	41	0
80	55	0
67	46	0
97	68	0
68	19	0
92	17	0
30	49	0
67	97	0
49	69	1
91	30	0
18	86	0
97	40	0
73	94	0
93	33	0
63	21	0
54	47	0
60	89	0
73	83	0
26	92	0
91	77	0
2	85	0
91	5	0
90	14	0
51	73	0
61	50	1
6	93	0
74	39	0
93	62	0
33	81	1
26	12	0
53	94	0
32	83	0
51	76	0
0	75	1
1	26	0
83	31	0
99	12	0
79	94	0
24	23	0
65	8	1
66	32	0
66	87	0
1	12	0
45	83	0
82	49	0
29	87	0
81	8	0
84	18	0
89	58	0
15	82	0
65	12	0
89	97	0
35	95	0
72	61	0
7	38	0
57	86	0
59	44	0
13	71	1
55	25	1
93	45	0
75	49	0
72	57	0
7	38	0
95	59	0
26	98	0
90	53	0
16	96	0
86	81	0
35	20	0
76	63	0
59	86	0
59	95	0
82	50	0
77	11	0
0	77	0
69	42	0
23	98	0
81	27	0
90	46	0
74	20	0
83	73	0
49	96	0
53	95	0
31	98	0
95	80	0
74	82	0
78	10	1
22	1	0
10	79	0
84	96	0
70	85	0
71	52	0
66	26	0
35	73	0
83	57	0
98	7	0
14	73	1
89	4	0
54	65	1
86	84	0
60	87	0
74	26	0
89	11	0
73	90	0
25	99	0
90	15	0
97	0	0
65	22	0
7	54	0
15	90	0
11	86	0
79	84	0
88	98	0
54	50	1
75	94	0
85	62	0
72	64	0
9	92	0
16	75	0
35	27	0
2	16	0
41	38	0
92	27	0
82	36	0
74	55	0
50	18	0
85	83	0
61	83	0
89	51	0
34	85	0
79	62	0
20	10	0
97	42	0
60	97	0
33	44	0
29	95	0
70	94	0
91	71	0
29	89	0
12	75	0
45	64	0
61	67	1
62	76	0
57	92	0
12	47	0
72	66	0
82	47	0
91	69	0
40	73	0
66	80	0
86	13	0
58	52	1
85	9	0
9	83	0
48	96	0
82	74	0
70	72	0
9	88	0
13	76	0
80	95	0
30	24	0
11	82	0
63	91	0
61	72	0
84	84	0
12	93	0
74	50	0
17	6	0
45	99	0
5	98	0
2	17	0
83	62	0
84	15	0
80	30	0
77	15	0
11	19	0
15	53	0
73	29	0
1	73	1
66	68	0
28	89	0
63	61	0
83	91	0
81	41	0
72	82	0
66	54	0
76	80	0
9	65	0
35	79	1
71	61	0
58	45	0
99	38	0
99	94	0
78	82	0
69	53	0
64	52	0
62	79	0
98	80	0
98	0	0
56	80	0
4	96	0
55	32	0
66	21	0
71	17	0
28	72	0
75	27	0
83	22	0
28	26	0
57	98	0
71	63	0
44	89	0
71	98	0
77	58	0
82	35	0
88	67	0
86	96	0
95	43	0
86	88	0
44	87	0
71	73	0
82	47	0
40	88	0
78	78	0
72	60	0
93	24	0
2	72	0
52	77	0
78	20	0
63	37	0
84	85	0
76	55	0
15	86	0
19	93	0
79	40	0
82	31	0
98	50	0
97	7	0
78	87	0
86	15	0
75	36	0
20	77	1
10	96	0
17	71	0
6	86	0
56	51	1
41	24	0
40	66	0
57	81	0
67	0	0
17	87	0
82	53	0
24	18	0
23	66	0
80	63	0
64	59	0
85	59	0
86	55	0
66	68	0
79	48	0
5	34	0
94	86	0
66	51	0
46	90	0
7	69	0
31	80	1
91	22	0
53	92	0
19	90	0
98	43	0
67	22	0
13	16	0
22	31	0
69	2	1
19	66	0
77	57	0
96	39	0
21	5	0
60	7	0
40	87	0
89	82	0
16	4	0
50	77	0
74	30	0
98	65	0
62	62	0
69	90	0
6	42	0
97	42	0
93	64	0
11	78	0
25	80	1
23	95	0
74	8	1
4	97	0
64	40	0
91	15	0
10	15	0
86	32	0
90	17	0
40	31	0
20	95	0
55	86	0
16	78	0
27	24	0
18	73	1
24	90	0
64	60	0
92	47	0
71	90	0
52	70	1
19	99	0
79	39	0
9	1	0
82	57	0
50	57	0
93	29	0
71	26	0
75	33	0
54	96	0
33	31	1
49	38	1
65	9	1
37	99	0
89	41	0
67	96	0
77	55	0
85	46	0
55	88	0
36	78	1
92	37	0
99	99	0
81	84	0
60	80	0
90	15	0
70	74	0
25	76	1
66	25	0
31	93	0
94	55	0
97	87	0
81	6	0
97	97	0
80	24	0
90	67	0
9	94	0
75	96	0
65	77	0
2	17	0
15	98	0
8	72	0
85	28	0
27	98	0
63	90	0
85	41	0
13	72	1
79	42	0
26	99	0
81	45	0
86	54	0
77	47	0
80	29	0
3	83	0
6	6	0
67	72	0
18	62	0
25	1	0
3	89	0
29	76	0
99	51	0
78	85	0
96	60	0
91	78	0
78	46	0
1	80	0
79	29	0
87	30	0
