94	71	0
27	25	0
61	99	0
15	8	0
89	33	0
84	99	0
43	79	0
70	43	0
3	83	0
1	2	0
19	91	0
93	47	0
69	74	0
30	36	0
78	88	0
97	48	0
45	98	0
38	81	1
65	76	0
43	16	0
76	65	0
83	89	0
81	83	0
2	30	0
75	12	0
72	68	0
27	92	1
85	23	0
71	93	0
48	64	0
74	74	0
98	55	0
97	21	0
91	83	0
36	5	0
3	73	1
41	88	0
77	46	0
29	13	0
99	84	0
83	83	0
96	14	0
97	17	0
22	39	0
61	87	0
8	87	0
90	0	0
66	95	0
5	30	0
77	83	0
94	31	0
27	83	1
57	93	0
83	18	0
28	85	1
24	12	0
92	6	0
77	35	0
43	78	0
77	25	0
52	51	0
81	30	0
11	99	0
44	79	0
96	65	0
71	93	0
2	63	0
50	91	0
95	48	0
70	19	1
46	40	0
30	9	0
70	61	0
8	83	0
94	30	0
41	64	0
89	54	0
91	2	0
76	97	0
77	82	0
7	28	0
67	80	0
85	71	0
79	45	0
20	98	0
68	38	0
89	52	0
92	29	0
99	36	0
18	54	0
4	16	0
98	55	0
54	90	0
43	77	0
55	90	0
71	34	0
70	68	0
79	81	0
84	67	0
24	22	0
19	11	0
80	55	0
95	5	0
26	99	0
23	44	0
71	72	0
61	82	0
54	80	0
42	3	0
52	80	0
62	79	0
81	54	0
22	92	0
88	81	0
1	78	0
17	54	0
77	86	0
90	74	0
47	68	0
62	43	0
84	39	0
30	91	1
52	72	0
26	44	0
57	80	0
42	26	0
92	83	0
29	98	0
88	5	0
78	36	0
66	89	0
65	76	0
59	67	0
21	33	0
22	68	0
56	90	0
79	69	0
43	93	0
55	85	0
74	17	1
43	91	0
24	28	0
76	67	0
59	46	0
72	72	0
77	35	0
11	87	0
56	54	0
92	37	0
65	38	0
50	17	0
88	27	0
63	75	0
76	98	0
83	71	0
93	23	0
99	35	0
98	70	0
27	86	1
69	72	0
53	90	0
78	21	0
12	84	0
93	7	0
17	39	0
32	93	1
28	89	0
81	72	0
73	77	0
91	49	0
85	56	0
45	83	0
91	65	0
57	2	0
43	25	0
82	45	0
32	72	0
63	75	0
75	69	0
82	5	0
94	50	0
97	35	0
69	63	0
70	88	0
58	9	0
5	93	0
8	87	0
94	62	0
73	60	0
78	13	0
97	78	0
22	13	0
31	96	0
48	92	0
89	1	0
85	3	0
99	31	0
79	33	0
73	34	0
5	7	0
17	89	0
47	88	0
49	65	1
90	44	0
70	94	0
98	88	0
68	37	0
73	81	0
76	16	1
10	4	0
32	5	0
34	23	0
81	40	0
80	22	0
6	47	0
25	21	0
90	81	0
93	69	0
80	20	0
97	8	0
67	2	0
83	12	1
35	13	0
98	88	0
24	82	0
2	98	0
37	36	0
72	40	0
67	70	0
61	80	0
88	84	0
68	28	0
74	78	0
98	34	0
87	69	0
68	50	0
94	75	0
62	14	0
96	8	0
29	48	0
66	95	0
99	36	0
25	86	1
99	37	0
74	96	0
93	35	0
64	15	0
49	50	0
59	92	0
73	86	0
20	85	0
92	84	0
2	99	0
91	1	0
91	16	0
57	82	0
14	99	0
81	41	0
92	69	0
27	0	0
49	90	0
39	80	1
55	75	0
0	23	0
90	33	0
99	4	0
76	96	0
12	24	0
77	30	0
68	82	0
13	28	0
46	84	0
83	52	0
27	93	1
83	9	0
81	15	1
93	67	0
8	76	0
61	17	0
85	93	0
35	99	0
67	57	0
4	36	0
63	86	0
58	52	0
95	46	0
72	48	0
72	57	0
5	46	0
91	68	0
25	94	1
88	64	0
7	97	0
80	83	0
34	20	0
71	62	0
66	94	0
55	94	0
91	55	0
72	2	0
4	73	1
66	41	0
29	99	0
90	25	0
94	46	0
74	33	0
85	72	0
44	95	0
59	99	0
27	94	0
97	85	0
71	84	0
18	0	0
6	84	0
79	86	0
59	91	0
59	57	1
69	30	0
83	60	0
99	6	0
86	10	0
94	88	0
65	84	0
83	18	0
87	13	0
70	93	0
30	95	0
82	9	0
98	0	0
75	28	0
8	52	0
11	95	0
19	98	0
88	84	0
85	96	0
84	92	0
85	68	0
74	77	0
9	91	0
30	18	0
5	3	0
42	42	0
93	24	0
81	40	0
67	59	0
57	11	0
84	82	0
68	80	0
84	52	0
75	61	0
24	11	0
97	39	0
66	92	0
46	41	0
21	90	0
73	95	0
96	69	0
18	74	0
37	68	0
67	73	0
48	98	0
10	46	0
80	69	0
93	50	0
89	68	0
33	77	0
60	85	0
90	21	0
84	8	0
12	79	0
36	89	0
95	73	0
75	76	0
1	93	0
10	79	0
78	92	0
30	19	0
4	80	0
69	80	0
61	63	0
84	88	0
5	86	0
76	49	0
16	6	0
56	90	0
5	92	0
2	16	0
91	63	0
83	14	0
78	23	0
14	17	0
15	52	0
72	35	0
67	76	0
34	82	1
62	57	1
88	79	0
83	43	0
76	77	0
74	81	0
1	61	0
84	60	0
65	31	0
92	43	0
90	92	0
82	73	0
67	53	1
56	57	1
43	78	0
97	76	0
92	9	0
49	76	0
1	98	0
68	27	0
67	14	0
80	20	1
74	17	1
78	25	0
28	32	0
57	91	0
63	60	0
35	82	0
66	91	0
90	60	0
87	29	0
84	69	0
87	95	0
91	47	0
86	94	0
33	84	1
74	75	0
77	45	0
48	86	0
87	81	0
81	72	0
93	26	0
54	79	0
78	22	0
59	40	0
88	88	0
91	53	0
19	86	0
31	93	1
86	29	0
74	33	0
96	42	0
86	9	0
97	82	0
83	17	0
80	34	0
12	85	0
20	98	0
51	34	0
31	63	0
50	80	0
63	5	0
13	92	0
78	52	0
15	12	0
18	61	0
73	73	0
72	63	0
82	67	0
85	48	0
73	66	0
87	50	0
5	45	0
94	86	0
66	57	0
48	96	0
7	73	1
90	18	0
47	93	0
21	88	0
97	44	0
66	27	0
21	13	0
30	37	0
10	62	1
81	55	0
94	32	0
21	13	0
47	5	0
52	75	0
99	84	0
13	4	0
44	78	0
62	26	0
87	72	0
70	65	0
65	83	0
10	48	0
97	46	0
89	63	0
1	81	0
30	91	1
0	97	0
52	35	0
91	23	0
9	20	0
90	30	0
79	14	0
46	34	0
13	97	0
60	84	0
20	78	1
27	27	0
28	95	1
58	58	1
79	46	0
64	82	0
21	89	0
71	41	0
7	4	0
81	56	0
85	32	0
80	34	0
69	30	0
54	89	0
35	98	0
81	38	0
59	98	0
69	60	0
84	46	0
63	94	0
90	41	0
93	99	0
84	82	0
52	88	0
90	15	0
77	75	0
65	27	0
28	91	1
86	56	0
85	98	0
85	15	0
96	94	0
85	22	0
78	68	0
11	93	0
81	95	0
76	78	0
5	18	0
12	92	0
9	76	1
86	29	0
24	97	0
56	81	0
82	32	0
80	47	0
19	99	0
84	44	0
92	49	0
75	47	0
85	30	0
0	88	0
13	8	0
62	78	0
11	59	0
28	8	0
5	91	0
99	45	0
83	88	0
90	54	0
85	77	0
74	46	0
3	75	1
76	22	0
97	37	0
