85	62	0
44	11	0
34	30	0
56	94	0
9	8	0
92	37	0
94	88	0
41	6	0
63	81	0
48	15	0
87	45	0
4	80	0
18	6	0
19	65	0
96	25	0
79	79	0
58	29	0
19	51	0
87	63	0
97	11	0
50	91	0
62	70	0
79	81	0
52	3	0
36	80	0
56	10	0
83	74	0
63	83	0
86	75	0
3	25	0
59	21	0
38	15	0
87	35	0
32	52	0
84	60	0
4	88	0
36	97	0
96	28	0
74	93	0
48	0	0
25	66	0
93	57	0
91	68	0
55	68	0
99	52	0
7	80	0
21	39	1
65	1	0
93	62	0
17	70	0
64	4	0
13	78	0
55	93	0
39	75	0
99	71	0
50	30	0
26	25	0
94	75	0
97	99	0
99	10	0
13	96	0
94	18	0
38	6	0
77	77	0
43	11	0
9	99	0
80	7	0
41	84	0
73	95	0
49	63	0
3	30	0
67	95	0
28	34	1
13	55	0
90	33	0
24	43	1
24	87	0
53	98	0
63	27	0
29	99	0
59	98	0
0	22	0
98	9	0
91	20	0
39	59	0
80	42	0
20	40	1
80	55	0
51	10	0
38	7	0
69	43	0
16	97	0
57	6	0
53	85	0
42	2	0
47	32	0
86	44	0
37	67	0
76	45	0
12	60	0
77	82	0
3	75	0
28	95	0
97	59	0
62	7	0
44	68	0
32	61	0
62	1	0
68	53	0
4	58	0
31	3	0
18	44	0
41	33	0
66	91	0
57	51	0
16	92	0
86	6	0
51	77	0
80	85	0
97	1	0
67	80	0
52	68	0
29	8	0
56	99	0
98	73	0
68	63	0
22	96	0
63	35	0
35	17	0
16	45	0
78	9	0
7	64	0
95	63	0
99	23	0
84	33	0
39	54	0
51	16	0
83	76	0
19	14	0
34	10	0
82	64	0
42	39	0
66	70	0
68	90	0
50	32	0
45	32	0
59	39	0
14	45	0
29	51	0
22	56	0
80	86	0
43	54	0
28	99	0
78	44	0
75	66	0
53	80	0
32	36	1
94	71	0
16	32	0
53	51	0
15	10	0
24	83	0
35	75	0
86	34	0
44	41	0
76	11	0
43	86	0
53	25	0
47	48	0
76	75	0
26	66	0
49	75	0
34	86	0
33	47	0
45	12	0
53	6	0
33	71	0
27	83	0
79	77	0
90	69	0
25	89	0
95	69	0
29	53	0
26	86	0
56	71	0
37	53	0
24	15	0
7	31	1
74	94	0
91	82	0
58	65	0
76	34	0
1	52	0
56	5	0
76	37	0
63	30	0
71	29	0
17	64	0
3	54	0
52	53	0
76	22	0
44	63	0
93	28	0
33	95	0
25	67	0
38	21	0
81	80	0
37	56	0
37	8	0
20	84	0
54	12	0
96	85	0
64	91	0
91	4	0
5	79	0
24	62	0
90	28	0
53	82	0
46	39	0
57	62	0
47	71	0
50	68	0
22	78	0
30	58	0
66	3	0
0	59	0
60	81	0
95	44	0
43	89	0
77	61	0
60	30	0
48	71	0
25	87	0
40	93	0
54	39	0
73	37	0
85	59	0
71	38	0
66	68	0
10	46	0
50	17	0
6	84	0
66	57	0
66	40	0
66	31	0
52	21	0
7	60	0
84	18	0
39	12	0
66	66	0
53	72	0
71	30	0
97	38	0
93	4	0
6	59	0
98	74	0
22	99	0
91	70	0
34	95	0
55	29	0
61	18	0
17	87	0
71	30	0
45	66	0
32	71	0
44	9	0
30	96	0
80	88	0
71	91	0
78	41	0
90	73	0
23	94	0
42	63	0
65	4	0
70	37	0
31	14	0
36	1	0
52	14	0
52	58	0
77	43	0
34	48	0
38	51	0
38	73	0
75	87	0
80	66	0
57	79	0
84	1	0
81	42	0
65	1	0
17	47	0
31	36	1
75	45	0
65	54	0
66	66	0
13	35	0
41	68	0
59	21	0
25	88	0
30	91	0
26	70	0
92	63	0
49	14	0
37	2	0
31	53	0
80	69	0
62	11	0
71	89	0
12	5	0
50	96	0
0	70	0
38	93	0
42	38	0
2	58	0
85	25	0
26	31	1
73	4	0
49	14	0
89	13	0
35	51	0
18	52	0
76	21	0
84	60	0
8	17	0
20	37	1
4	62	0
32	94	0
2	83	0
47	96	0
55	72	0
50	38	0
59	12	0
40	86	0
41	68	0
79	94	0
31	25	0
8	58	0
26	49	0
61	57	0
70	83	0
27	22	0
82	26	0
38	0	0
48	1	0
60	18	0
29	45	0
77	72	0
88	9	0
17	40	0
52	19	0
52	51	0
42	35	0
31	49	0
82	75	0
75	59	0
13	51	0
55	30	0
96	9	0
57	9	0
53	27	0
52	38	0
38	26	0
1	71	0
59	80	0
26	74	0
20	94	0
30	99	0
59	14	0
37	32	0
98	45	0
85	59	0
4	74	0
84	72	0
72	73	0
77	25	0
76	83	0
79	6	0
77	59	0
76	60	0
39	21	0
61	54	0
24	50	0
88	79	0
72	23	0
98	14	0
31	50	0
37	92	0
70	71	0
85	15	0
13	69	0
93	26	0
46	95	0
80	18	0
68	45	0
43	55	0
57	40	0
29	43	0
35	47	0
58	87	0
82	31	0
35	21	0
70	74	0
26	69	0
10	97	0
88	96	0
34	34	0
4	85	0
62	32	0
87	20	0
82	42	0
9	61	0
59	34	0
46	28	0
45	41	0
10	97	0
82	23	0
53	3	0
89	42	0
47	49	0
25	76	0
18	1	0
56	62	0
52	91	0
10	52	0
42	69	0
35	77	0
54	36	0
16	88	0
5	51	0
22	41	1
59	12	0
89	30	0
91	12	0
77	84	0
16	59	0
25	33	0
43	26	0
85	0	0
69	61	0
78	90	0
13	44	0
66	90	0
98	64	0
35	89	0
72	6	0
60	53	0
67	23	0
78	11	0
45	28	0
43	13	0
99	3	0
82	33	0
10	81	0
82	10	0
90	99	0
25	93	0
95	64	0
46	57	0
11	23	0
91	92	0
63	41	0
1	95	0
66	37	0
72	40	0
72	53	0
83	68	0
27	75	0
85	67	0
32	91	0
99	80	0
34	94	0
98	75	0
29	31	1
38	28	0
60	67	0
63	99	0
48	64	0
73	95	0
68	50	0
32	65	0
37	65	0
83	7	0
10	85	0
94	51	0
21	89	0
51	76	0
43	79	0
90	40	0
37	53	0
26	38	1
45	26	0
83	52	0
67	13	0
90	89	0
59	92	0
41	51	0
51	7	0
36	39	0
54	85	0
36	24	0
47	64	0
75	71	0
40	19	0
97	93	0
49	18	0
22	5	0
54	25	0
21	80	0
37	1	0
18	58	0
90	92	0
56	85	0
63	56	0
57	3	0
41	68	0
47	49	0
97	54	0
86	5	0
3	68	0
76	2	0
57	73	0
64	29	0
43	12	0
36	65	0
89	80	0
33	73	0
40	83	0
79	29	0
22	49	0
61	31	0
42	68	0
62	83	0
32	98	0
85	5	0
99	24	0
69	14	0
26	75	0
23	99	0
26	78	0
68	42	0
82	72	0
74	86	0
14	45	0
77	42	0
68	75	0
81	76	0
56	75	0
20	78	0
16	63	0
48	24	0
37	11	0
4	33	0
41	56	0
31	44	0
84	29	0
82	39	0
70	2	0
80	46	0
51	58	0
21	67	0
52	26	0
88	85	0
49	95	0
79	64	0
30	56	0
38	87	0
73	47	0
27	48	0
78	30	0
22	49	0
38	19	0
90	54	0
87	92	0
53	54	0
13	60	0
51	6	0
60	56	0
31	82	0
37	31	0
80	89	0
94	67	0
18	82	0
69	45	0
10	66	0
82	57	0
29	60	0
52	62	0
35	80	0
56	65	0
5	55	0
74	63	0
66	56	0
83	44	0
22	75	0
61	85	0
55	18	0
92	22	0
50	34	0
99	15	0
10	81	0
36	37	0
32	67	0
84	63	0
24	59	0
80	71	0
19	93	0
17	86	0
93	91	0
46	23	0
9	67	0
77	91	0
46	64	0
83	58	0
24	91	0
94	33	0
27	5	0
33	82	0
27	76	0
32	12	0
14	44	0
7	25	0
80	69	0
99	17	0
58	13	0
75	28	0
88	33	0
31	11	0
36	55	0
95	36	0
9	58	0
53	93	0
8	55	0
29	82	0
65	55	0
53	98	0
77	55	0
70	84	0
33	37	0
75	60	0
42	55	0
78	65	0
10	69	0
55	28	0
30	85	0
82	37	0
76	28	0
85	73	0
94	96	0
83	81	0
49	68	0
68	39	0
51	69	0
40	19	0
32	10	0
35	80	0
1	42	0
62	5	0
60	90	0
83	85	0
84	7	0
13	43	0
56	83	0
16	97	0
59	5	0
59	46	0
59	20	0
43	20	0
15	33	1
49	16	0
80	6	0
42	95	0
68	27	0
27	96	0
94	16	0
25	45	0
46	63	0
66	28	0
78	92	0
69	75	0
45	63	0
56	89	0
73	69	0
85	45	0
13	64	0
82	83	0
84	99	0
16	60	0
92	48	0
28	75	0
93	88	0
55	94	0
44	14	0
77	69	0
90	59	0
58	82	0
74	63	0
93	68	0
69	35	0
19	57	0
1	62	0
65	75	0
73	35	0
54	50	0
47	2	0
31	18	0
95	70	0
12	53	0
26	49	0
59	31	0
42	15	0
57	25	0
18	94	0
7	58	0
19	80	0
71	52	0
79	20	0
89	32	0
92	1	0
59	84	0
10	55	0
55	29	0
59	53	0
45	79	0
90	15	0
60	54	0
44	88	0
21	90	0
39	62	0
27	89	0
37	20	0
75	75	0
46	36	0
43	81	0
55	38	0
8	43	0
63	60	0
65	13	0
23	82	0
93	39	0
22	41	1
23	56	0
23	16	0
0	67	0
78	68	0
72	64	0
46	52	0
80	54	0
88	66	0
66	35	0
67	20	0
81	67	0
80	22	0
4	52	0
75	87	0
28	32	0
62	32	0
9	64	0
0	87	0
36	94	0
35	57	0
96	27	0
6	47	0
59	93	0
7	92	0
85	57	0
48	43	0
84	28	0
12	11	0
47	34	0
73	3	0
22	86	0
54	45	0
96	59	0
87	35	0
8	2	0
14	46	0
60	16	0
8	57	0
84	6	0
51	72	0
38	26	0
89	92	0
12	17	0
29	92	0
95	56	0
29	13	0
87	98	0
48	62	0
65	58	0
40	33	0
90	27	0
92	92	0
6	59	0
8	71	0
11	50	0
20	85	0
20	99	0
62	29	0
36	52	0
12	88	0
46	20	0
68	13	0
36	59	0
61	50	0
50	16	0
33	72	0
35	28	0
89	21	0
3	35	0
76	58	0
91	12	0
55	45	0
37	19	0
49	5	0
15	91	0
46	72	0
42	66	0
35	9	0
15	94	0
9	85	0
68	46	0
96	33	0
31	30	0
31	60	0
85	88	0
51	30	0
64	70	0
64	85	0
7	82	0
75	37	0
49	57	0
11	41	0
95	75	0
52	64	0
91	14	0
76	16	0
89	21	0
67	91	0
55	67	0
43	49	0
66	18	0
43	9	0
59	92	0
64	67	0
16	54	0
73	36	0
47	97	0
89	31	0
89	60	0
32	76	0
47	55	0
23	33	1
85	29	0
39	53	0
83	4	0
94	93	0
69	65	0
54	77	0
72	38	0
68	87	0
16	85	0
42	3	0
13	93	0
14	62	0
52	67	0
78	79	0
66	15	0
99	94	0
90	11	0
99	88	0
63	12	0
80	28	0
74	55	0
51	38	0
13	84	0
57	98	0
69	84	0
35	46	0
10	35	0
19	93	0
16	60	0
44	8	0
40	47	0
16	67	0
39	42	0
0	43	0
96	59	0
42	24	0
16	62	0
31	84	0
66	79	0
89	55	0
5	72	0
64	46	0
24	60	0
76	44	0
56	34	0
4	49	0
26	44	0
83	55	0
65	55	0
82	51	0
6	67	0
63	54	0
2	81	0
5	8	0
89	70	0
11	63	0
29	0	0
36	20	0
12	97	0
18	82	0
93	37	0
63	72	0
79	60	0
78	79	0
44	62	0
57	45	0
5	72	0
45	71	0
35	54	0
65	57	0
79	17	0
