96	65	0
25	5	0
29	25	1
62	98	0
13	2	0
89	43	0
97	95	0
46	15	0
56	79	0
59	22	0
78	49	0
8	83	0
14	1	0
14	88	0
92	25	0
73	74	0
51	38	0
89	61	0
96	13	0
47	98	0
54	65	0
81	69	0
47	9	0
20	70	0
58	17	0
93	69	0
76	93	0
91	77	0
5	42	0
52	7	0
51	28	0
96	28	0
75	66	0
8	87	0
35	90	0
78	15	0
76	91	0
30	8	0
43	67	0
81	66	0
95	69	0
55	60	0
98	43	0
18	79	0
65	4	0
99	65	0
23	76	0
68	6	0
4	76	0
43	92	0
29	70	0
91	67	0
55	36	0
42	29	0
93	82	0
98	90	0
97	12	0
20	93	0
99	11	0
26	5	0
73	91	0
34	0	0
1	83	0
86	13	0
33	79	0
59	90	0
36	59	0
5	26	0
73	80	0
86	28	0
29	94	0
52	97	0
62	32	0
30	90	0
57	99	0
3	15	0
96	14	0
82	24	0
49	75	0
85	43	0
93	58	0
52	14	0
36	13	1
66	43	0
7	98	0
63	2	0
45	64	0
45	6	0
59	28	0
84	21	0
35	60	0
88	44	0
1	60	0
79	96	0
2	85	0
39	93	0
86	54	0
71	18	0
33	68	0
32	59	0
61	0	0
71	59	0
14	61	0
35	5	0
14	47	1
37	50	1
61	78	0
45	37	0
11	96	0
85	30	0
41	76	0
75	73	0
92	5	0
68	85	0
66	75	0
21	18	0
60	91	0
97	83	0
77	59	0
27	94	0
65	31	0
33	24	1
74	7	0
12	53	1
94	66	0
95	36	0
86	53	0
38	47	0
59	2	0
68	71	0
16	28	0
43	27	0
97	54	0
53	20	0
55	72	0
57	82	0
55	23	0
36	40	0
54	28	0
10	46	1
15	56	1
61	83	0
48	62	0
44	92	0
73	42	0
65	72	0
59	68	0
98	65	0
25	23	0
46	48	0
15	15	0
14	77	0
26	68	0
84	48	0
44	44	0
89	3	0
37	89	0
54	23	0
31	44	0
71	79	0
34	65	0
57	67	0
42	92	0
31	55	0
41	7	0
56	18	0
38	96	0
32	64	0
77	81	0
92	58	0
22	91	0
94	68	0
30	50	0
24	72	0
49	70	0
46	61	0
14	34	0
70	86	0
97	78	0
35	69	0
77	40	0
7	41	0
61	7	0
67	54	0
59	15	0
76	16	0
0	47	0
42	62	0
62	35	0
45	63	0
93	32	0
34	92	0
21	59	0
75	90	0
43	59	0
23	13	0
30	70	0
58	18	0
92	97	0
44	90	0
95	2	0
11	63	0
13	65	0
96	35	0
50	92	0
62	78	0
70	67	0
45	64	0
15	73	0
22	53	1
59	0	0
17	53	1
56	94	0
99	55	0
45	88	0
75	68	0
85	22	0
48	78	0
29	83	0
41	93	0
40	26	0
67	22	0
82	43	0
53	43	0
69	68	0
0	48	0
66	25	0
19	95	0
66	70	0
85	41	0
69	31	0
47	0	0
3	40	0
85	22	0
71	74	0
58	92	0
73	53	0
92	31	0
91	9	0
3	32	0
85	74	0
34	93	0
89	79	0
42	98	0
63	34	0
78	31	0
24	91	0
82	23	0
22	61	0
31	76	0
53	12	0
31	97	0
78	90	0
77	78	0
93	55	0
94	56	0
19	83	0
36	72	0
84	12	0
76	45	0
35	20	1
39	3	0
41	32	0
46	54	0
81	47	0
25	52	0
41	42	0
30	78	0
71	93	0
91	58	0
59	74	0
90	1	0
96	38	0
62	9	0
32	39	1
81	50	0
76	51	0
61	71	0
3	40	0
35	66	0
60	29	0
11	92	0
30	80	0
7	90	0
89	68	0
45	10	0
39	2	0
41	50	1
76	65	0
63	2	0
91	89	0
26	4	0
48	91	0
14	68	0
55	90	0
45	37	0
8	45	1
75	30	0
78	13	0
48	17	0
83	9	0
40	57	0
9	59	1
78	24	0
78	55	0
6	7	0
3	59	0
31	99	0
17	81	0
53	97	0
49	68	0
73	41	0
66	10	0
48	81	0
45	70	0
97	81	0
1	52	0
64	52	0
70	81	0
79	24	0
30	6	0
46	1	0
47	17	0
38	30	0
83	55	0
70	16	0
23	46	0
21	21	0
33	58	0
42	36	0
87	73	0
86	60	0
1	48	0
60	36	0
90	3	0
68	13	0
75	21	0
52	38	0
39	30	0
0	76	0
68	85	0
41	83	0
11	98	0
26	63	0
53	8	0
49	37	0
86	45	0
81	55	0
14	61	0
83	72	0
83	84	0
79	29	0
72	90	0
79	4	0
74	67	0
74	53	0
71	54	0
82	81	0
73	2	0
92	17	0
27	48	0
55	91	0
65	71	0
81	14	0
27	73	0
94	27	0
59	98	0
96	27	0
64	22	0
26	57	0
64	39	0
38	56	0
56	90	0
79	28	0
82	78	0
40	55	0
15	93	0
94	94	0
46	28	0
8	84	0
48	49	0
94	1	0
78	39	0
27	66	0
62	51	0
57	47	0
17	97	0
82	22	0
38	10	0
92	49	0
49	43	0
38	88	0
21	9	0
49	53	0
49	86	0
4	47	0
39	78	0
41	85	0
49	23	0
17	76	0
14	31	0
72	10	0
72	13	0
95	5	0
91	95	0
27	63	0
34	28	0
83	3	0
68	51	0
69	98	0
4	25	0
57	95	0
96	62	0
34	82	0
80	6	0
40	67	0
69	20	0
59	6	0
41	9	1
88	13	0
84	40	0
12	86	0
77	12	0
91	97	0
23	96	0
96	72	0
44	48	0
9	30	0
75	97	0
64	55	0
4	85	0
70	39	0
76	50	0
68	52	0
79	70	0
31	61	0
99	53	0
28	96	0
95	67	0
21	96	0
87	92	0
46	35	0
62	64	0
60	89	0
47	58	0
59	97	0
74	53	0
46	45	0
30	56	0
89	1	0
5	81	0
88	62	0
24	90	0
51	64	0
42	86	0
84	30	0
31	52	0
54	24	0
92	55	0
72	21	0
85	92	0
44	96	0
44	56	0
46	10	0
36	47	0
57	98	0
51	22	0
42	70	0
85	77	0
37	13	0
90	86	0
75	9	0
16	10	0
43	34	0
22	71	0
43	0	0
10	83	0
89	78	0
59	89	0
68	44	0
71	6	0
39	65	0
39	72	0
95	47	0
99	1	0
14	70	0
76	8	0
47	67	0
44	27	0
33	5	0
36	53	0
81	88	0
31	68	0
54	82	0
63	24	0
74	28	0
53	57	0
63	87	0
32	97	0
99	17	0
83	19	0
73	14	0
13	67	0
28	99	0
20	89	0
65	39	0
74	74	0
71	98	0
7	36	0
56	45	0
63	89	0
67	67	0
60	77	0
20	89	0
21	76	0
42	32	0
44	15	1
11	30	0
43	36	0
37	39	0
98	26	0
83	42	0
72	8	0
69	36	0
57	52	0
42	25	0
98	76	0
50	84	0
84	57	0
39	64	0
38	91	0
81	50	0
66	17	0
30	17	0
96	47	0
76	84	0
46	38	0
12	55	1
46	10	1
50	58	0
41	88	0
63	95	0
94	61	0
16	79	0
63	47	0
8	64	0
64	44	0
43	73	0
62	53	0
47	75	0
63	84	0
0	58	0
56	57	0
74	49	0
87	59	0
37	77	0
69	84	0
44	23	0
92	17	0
57	44	0
99	11	0
1	82	0
41	87	0
88	56	0
73	68	0
14	88	0
16	79	0
80	86	0
48	24	0
3	75	0
71	98	0
47	66	0
95	62	0
24	97	0
80	44	0
12	0	0
39	72	0
24	82	0
35	15	1
3	19	0
89	57	0
98	27	0
49	22	0
78	31	0
82	13	0
19	12	0
29	64	0
75	33	0
1	67	0
55	83	0
3	44	0
18	75	0
72	48	0
57	97	0
69	46	0
75	81	0
76	56	0
41	47	1
75	78	0
11	86	0
44	41	0
25	77	0
72	49	0
66	40	0
97	48	0
94	94	0
84	89	0
47	66	0
68	43	0
63	59	0
36	53	0
8	44	1
68	2	0
68	86	0
85	79	0
84	9	0
56	87	0
6	96	0
51	16	0
55	31	0
74	31	0
58	24	0
37	21	1
79	15	0
24	93	0
71	24	0
29	84	0
97	18	0
44	67	0
53	39	0
66	95	0
81	73	0
40	79	0
69	94	0
85	66	0
88	44	0
26	49	1
99	79	0
78	94	0
14	57	1
98	50	0
36	70	0
93	83	0
55	85	0
34	18	1
77	79	0
89	46	0
46	83	0
79	67	0
89	55	0
75	36	0
36	49	0
1	60	0
57	77	0
65	15	0
56	35	0
43	15	0
86	85	0
17	46	1
66	35	0
38	12	1
38	18	0
12	90	0
12	59	0
6	89	0
62	43	0
94	25	0
92	38	0
95	4	0
80	96	0
8	50	1
61	21	0
51	50	0
36	81	0
97	20	0
65	51	0
37	91	0
26	95	0
31	69	0
16	90	0
33	4	0
66	64	0
47	29	0
46	72	0
47	45	0
7	46	0
70	67	0
67	15	0
25	88	0
96	55	0
21	31	0
15	69	0
75	63	0
61	57	0
52	59	0
92	54	0
94	62	0
72	49	0
59	12	0
66	66	0
84	42	0
9	38	0
87	78	0
58	44	0
27	78	0
8	78	0
29	98	0
20	57	0
92	28	0
5	50	0
59	90	0
3	82	0
91	66	0
46	26	0
79	21	0
22	23	0
33	40	0
72	9	0
20	76	0
42	54	0
93	56	0
88	39	0
3	4	0
10	48	1
44	18	1
3	40	0
70	4	0
48	69	0
93	90	0
5	13	0
46	99	0
88	30	0
38	3	0
91	89	0
44	64	0
70	68	0
39	31	0
98	39	0
92	77	0
15	62	0
13	77	0
0	46	0
20	66	0
16	97	0
70	18	0
30	53	0
5	88	0
27	27	0
59	18	0
33	65	0
71	49	0
45	3	0
36	79	0
92	21	0
8	25	0
71	47	0
95	30	0
47	59	0
28	17	0
43	0	0
19	92	0
48	71	0
25	59	0
20	18	0
18	87	0
25	82	0
61	51	0
89	45	0
36	72	0
81	96	0
47	31	0
65	72	0
47	86	0
3	86	0
79	43	0
45	60	0
6	20	0
96	65	0
51	51	0
95	17	0
81	13	0
80	33	0
62	98	0
47	45	0
52	33	0
61	30	0
41	0	0
40	92	0
50	70	0
89	28	0
56	94	0
89	41	0
80	54	0
38	73	0
25	65	0
79	31	0
56	36	0
78	2	0
98	99	0
78	80	0
48	79	0
72	41	0
79	85	0
9	80	0
55	26	0
17	93	0
4	61	0
44	55	0
76	75	0
66	15	0
96	95	0
86	12	0
96	92	0
63	9	0
75	20	0
70	58	0
65	29	0
21	84	0
52	86	0
66	84	0
6	31	0
13	80	0
14	72	0
35	7	0
37	44	0
12	49	1
4	42	0
79	42	0
47	23	0
13	62	0
16	85	0
66	97	0
89	40	0
0	75	0
64	45	0
30	82	0
80	66	0
68	41	0
7	51	1
29	56	0
81	37	0
67	48	0
74	58	0
17	62	0
58	48	0
2	93	0
4	3	0
89	67	0
19	67	0
20	0	0
4	93	0
23	79	0
98	40	0
74	81	0
89	66	0
85	86	0
48	63	0
64	32	0
1	73	0
46	64	0
36	54	0
62	47	0
90	21	0
