77	63	0
35	31	0
63	98	0
16	12	0
93	35	0
87	93	0
69	44	0
4	78	0
2	9	0
14	94	0
86	42	0
68	80	0
30	30	0
66	75	0
96	53	0
54	97	1
60	70	0
40	29	0
88	77	0
96	84	0
73	77	0
9	28	0
69	71	0
73	34	0
65	88	0
52	70	0
62	81	0
93	48	0
98	29	0
94	69	0
36	3	0
49	89	1
84	33	0
30	16	0
96	72	0
92	69	0
90	22	1
91	11	0
19	34	0
64	76	0
2	85	0
95	11	1
59	96	0
18	30	0
78	75	0
95	37	0
58	93	0
2	16	0
91	14	0
69	38	0
72	14	1
51	41	0
75	36	0
15	99	1
89	67	0
57	91	0
17	61	0
39	89	1
94	54	0
36	35	0
32	7	0
65	62	0
12	92	0
99	28	0
34	70	0
87	59	0
97	5	0
74	94	0
65	80	0
6	24	0
75	80	0
81	65	0
81	40	0
17	99	1
61	37	0
88	42	0
85	37	0
92	39	0
17	60	0
2	14	0
87	62	0
56	98	0
38	82	0
59	92	0
73	40	0
61	66	0
83	77	0
81	77	0
18	15	0
11	8	0
83	58	0
86	1	0
15	49	0
72	75	0
67	78	0
62	78	0
54	10	0
52	95	1
75	89	0
80	53	0
12	90	0
90	84	0
1	94	0
16	53	0
90	89	0
87	74	0
51	77	0
75	43	0
80	40	0
57	68	0
22	55	0
44	21	0
89	88	0
72	6	0
84	38	0
81	95	0
63	75	0
73	76	0
18	26	0
15	77	1
67	99	0
74	65	1
60	92	0
29	81	0
35	36	0
74	52	1
58	46	0
58	80	0
68	39	0
3	97	0
91	36	0
63	25	1
52	28	0
82	18	1
65	71	0
73	92	0
89	72	0
87	7	1
92	27	0
99	78	0
69	74	0
52	84	0
14	75	0
95	11	1
9	51	0
77	73	0
79	73	0
88	54	0
85	55	0
87	65	0
51	13	0
35	24	0
76	59	0
27	73	0
59	85	0
81	75	0
98	43	0
99	30	0
71	62	0
65	99	0
59	10	0
1	93	0
13	98	0
94	59	0
58	67	1
92	74	0
13	19	0
46	94	1
83	7	1
82	9	0
89	25	0
85	23	0
79	32	0
12	14	0
30	75	0
54	93	0
86	37	0
74	92	0
90	75	0
64	32	0
64	81	0
6	7	0
33	8	0
45	25	0
69	38	0
3	56	0
30	13	0
96	86	0
97	54	0
97	12	1
63	1	0
35	9	0
99	87	0
27	75	0
9	95	0
36	35	0
74	50	0
72	66	0
51	70	0
83	80	0
72	29	0
79	78	0
86	35	0
81	69	0
58	34	0
97	74	0
65	15	0
99	11	1
30	56	0
77	89	0
98	42	0
90	44	0
80	94	0
91	42	0
45	45	0
58	95	0
70	84	0
24	78	0
84	82	0
5	94	0
94	11	1
18	99	1
86	31	0
94	64	0
31	1	0
49	91	1
45	53	0
11	14	0
88	50	0
87	6	1
70	92	0
15	21	0
75	27	0
76	77	0
14	31	0
79	37	0
77	2	0
94	69	0
67	17	0
91	90	0
14	37	0
53	98	1
64	57	0
94	39	0
59	47	0
3	56	0
90	73	0
93	62	0
2	85	0
76	90	0
37	20	0
63	51	0
65	98	0
67	94	0
98	48	0
62	10	0
71	39	0
79	33	0
92	56	0
77	34	0
87	71	0
44	96	1
50	90	1
87	97	0
79	96	0
15	9	0
5	86	0
74	84	0
72	93	0
57	19	0
81	53	0
98	2	0
98	83	0
64	81	0
91	18	1
63	76	0
89	21	1
94	5	0
85	29	0
13	45	0
5	99	0
90	89	0
86	92	0
85	84	0
83	61	0
78	78	0
7	91	0
25	22	0
4	13	0
40	43	0
87	10	1
83	40	0
62	63	0
59	2	0
74	83	0
77	82	0
82	48	0
72	58	0
29	22	0
99	43	0
80	97	0
55	38	0
71	82	0
94	65	0
19	59	0
44	70	0
54	78	0
55	87	1
3	48	0
71	74	0
95	40	0
94	64	0
55	92	0
89	27	0
86	8	0
90	70	0
62	73	0
3	93	0
77	92	0
20	22	0
7	89	0
67	74	0
64	66	0
85	91	0
3	80	0
84	55	0
16	0	0
50	87	1
9	85	0
0	16	0
99	52	0
74	25	1
22	19	0
14	35	0
71	40	0
69	78	0
91	77	0
86	38	0
77	75	0
69	91	0
1	71	0
89	66	0
61	22	0
96	42	0
78	86	0
75	68	0
41	79	0
94	66	0
92	9	1
44	74	0
0	97	0
74	38	0
27	31	0
65	84	0
31	75	0
64	96	0
92	53	0
89	38	0
72	69	0
95	83	0
93	42	0
94	98	0
79	65	0
73	31	0
42	82	1
84	78	0
84	71	0
93	30	0
49	63	0
66	31	0
83	91	0
87	56	0
25	84	0
85	38	0
78	43	0
88	39	0
98	86	0
72	45	0
6	85	0
12	99	0
39	33	0
28	75	0
45	88	1
61	11	0
3	96	0
74	45	0
10	13	0
16	58	0
68	71	0
70	72	0
79	49	0
76	42	0
74	65	1
74	46	0
12	39	0
95	77	0
60	96	0
78	15	0
38	95	1
17	89	0
96	55	0
63	31	0
26	15	0
25	33	0
72	47	0
93	35	0
14	1	0
41	0	0
55	60	0
93	85	0
27	9	0
58	15	0
88	80	0
73	61	1
64	88	0
18	50	0
96	46	0
87	60	0
9	90	0
0	95	0
46	25	0
94	29	0
19	29	0
87	36	0
77	13	0
34	25	0
16	97	1
61	87	0
20	37	0
74	43	0
65	85	0
72	38	0
10	10	0
90	55	0
86	37	0
86	22	0
63	30	1
54	99	0
84	39	0
54	99	0
60	55	0
73	50	0
53	91	0
93	49	0
93	97	0
85	86	0
76	76	0
75	20	0
95	45	0
95	99	0
95	96	0
84	23	0
82	68	0
13	95	1
83	95	0
59	73	0
3	19	0
33	94	0
86	32	0
18	96	1
49	78	1
73	34	0
81	50	0
75	53	0
99	52	0
86	36	0
83	20	1
3	81	0
10	10	0
56	79	0
30	68	0
37	2	0
1	85	0
99	40	0
92	88	0
84	49	0
91	87	0
66	54	1
95	40	0
