91	59	0
31	3	0
30	38	0
61	96	0
19	3	0
96	42	0
96	92	0
55	13	0
57	69	0
62	25	0
84	52	0
3	88	0
14	2	0
25	88	0
97	25	0
73	78	0
55	37	0
14	56	0
87	52	0
93	11	0
46	96	0
57	63	0
74	82	0
56	8	0
30	76	0
48	14	0
89	71	0
64	88	0
90	81	0
3	35	0
54	12	0
41	19	0
95	28	0
22	55	0
81	64	0
12	87	0
35	92	0
90	20	0
80	84	0
43	7	0
35	67	0
90	66	0
97	73	0
54	63	0
99	49	0
10	80	0
67	3	0
98	67	0
12	70	0
72	10	0
11	77	0
62	89	0
29	75	0
98	70	0
43	39	0
39	27	0
93	88	0
98	94	0
98	6	0
17	95	0
96	10	0
36	4	0
70	80	0
35	2	0
4	95	0
88	13	0
32	82	0
63	93	0
43	60	0
4	29	0
68	85	0
14	57	0
97	28	0
36	85	0
58	97	0
62	32	0
28	95	0
57	93	0
4	17	0
99	13	0
90	20	0
49	72	0
83	37	0
91	59	0
49	13	0
28	9	0
69	51	0
7	95	0
50	2	0
46	72	0
45	5	0
57	31	0
83	34	0
32	60	0
74	47	0
3	61	0
83	95	0
2	87	0
39	99	0
96	57	0
71	14	0
35	69	0
33	63	0
65	4	0
71	51	0
3	67	0
35	0	0
10	41	0
38	46	0
60	77	0
48	37	0
12	95	0
82	23	0
48	82	0
72	66	0
94	12	0
73	92	0
55	77	0
35	18	0
59	95	0
98	75	0
78	62	0
22	95	0
64	31	0
31	16	0
20	46	1
72	13	0
10	60	0
95	72	0
99	23	0
81	44	0
39	49	0
59	3	0
79	65	0
22	21	0
40	29	0
97	61	0
46	36	0
59	83	0
57	79	0
52	26	0
44	41	0
60	42	0
12	46	0
22	47	1
22	56	0
79	86	0
50	59	0
41	99	0
74	42	0
71	63	0
53	70	0
90	64	0
20	18	0
53	53	0
21	14	0
16	71	0
33	62	0
88	34	0
37	44	0
90	3	0
42	89	0
56	26	0
42	47	0
80	78	0
29	72	0
51	66	0
42	84	0
37	52	0
40	11	0
52	18	0
43	88	0
26	65	0
76	81	0
95	67	0
31	99	0
99	73	0
31	50	0
21	70	0
48	74	0
53	54	0
23	18	0
72	86	0
97	75	0
55	67	0
62	31	0
4	41	0
54	2	0
73	50	0
57	21	0
78	17	0
22	50	0
6	47	0
46	50	0
71	27	0
37	66	0
81	24	0
42	98	0
24	65	0
39	24	0
78	83	0
39	53	0
31	8	0
25	83	0
60	2	0
90	85	0
49	90	0
91	2	0
8	74	0
18	64	0
98	31	0
55	85	0
29	47	1
57	71	0
60	65	0
44	58	0
18	74	0
26	59	0
70	3	0
10	59	0
63	80	0
95	46	0
43	89	0
83	62	0
74	22	0
53	67	0
17	83	0
35	98	0
47	29	0
77	34	0
82	51	0
58	41	0
73	65	0
6	40	0
58	27	0
18	94	0
60	60	0
75	40	0
71	27	0
46	4	0
12	45	0
94	22	0
35	18	0
66	70	0
60	83	0
69	42	0
93	37	0
98	7	0
3	39	0
95	77	0
27	97	0
96	77	0
34	97	0
64	33	0
74	31	0
21	85	0
82	22	0
31	60	0
29	76	0
46	8	0
29	97	0
76	90	0
79	86	0
94	48	0
99	67	0
13	92	0
36	73	0
74	6	0
77	52	0
34	17	0
37	1	0
51	23	0
54	50	0
82	46	0
34	52	0
38	47	0
35	73	0
74	90	0
87	59	0
57	81	0
84	11	0
95	37	0
62	15	0
24	38	0
76	46	0
79	49	0
74	71	0
6	38	0
33	63	0
61	18	0
15	91	0
32	85	0
17	79	0
84	72	0
51	17	0
35	0	0
34	53	0
79	74	0
63	6	0
78	92	0
19	1	0
50	97	0
7	66	0
50	91	0
44	35	0
5	53	0
72	37	0
73	13	0
52	19	0
77	11	0
39	63	0
7	56	0
71	21	0
85	62	0
6	7	0
5	62	0
30	94	0
9	89	0
48	94	0
51	67	0
62	43	0
68	2	0
47	81	0
47	70	0
89	91	0
38	28	1
3	56	0
27	45	1
59	50	0
74	77	0
32	29	1
84	26	0
33	4	0
51	10	0
50	18	0
36	39	0
71	66	0
71	10	0
7	45	0
31	9	0
48	62	0
42	33	0
28	44	1
89	78	0
78	54	0
10	47	0
62	35	0
96	8	0
62	9	0
66	27	0
42	40	0
38	34	0
2	75	0
61	81	0
34	74	0
24	96	0
25	80	0
53	14	0
42	40	0
98	43	0
81	50	0
3	58	0
79	68	0
78	77	0
84	27	0
81	85	0
79	6	0
75	64	0
76	60	0
26	30	1
61	48	0
29	47	1
91	74	0
70	4	0
97	23	0
34	49	0
47	95	0
61	76	0
84	18	0
16	68	0
97	28	0
65	97	0
84	20	0
67	29	0
39	60	0
61	38	0
34	52	0
57	84	0
79	35	0
35	20	0
74	84	0
34	55	0
20	98	0
97	98	0
50	36	0
3	93	0
52	52	0
96	10	0
83	38	0
18	68	0
67	50	0
37	21	1
54	47	0
6	96	0
87	26	0
46	8	0
93	45	0
53	47	0
27	90	0
11	5	0
63	59	0
58	95	0
3	47	0
40	83	0
34	82	0
45	27	0
18	85	0
18	33	0
69	5	0
79	18	0
84	3	0
97	91	0
24	70	0
48	22	0
82	4	0
77	58	0
73	92	0
2	20	0
59	92	0
98	64	0
32	81	0
80	0	0
45	59	0
70	18	0
67	11	0
40	22	0
39	16	0
96	10	0
83	34	0
11	94	0
80	13	0
94	96	0
27	96	0
95	69	0
40	49	0
15	27	0
78	97	0
65	44	0
3	91	0
70	34	0
81	38	0
74	45	0
83	67	0
26	65	0
89	60	0
39	93	0
93	75	0
29	94	0
88	85	0
45	34	0
63	67	0
61	97	0
45	64	0
60	98	0
70	55	0
40	48	0
40	61	0
86	5	0
2	88	0
99	55	0
24	88	0
45	68	0
44	82	0
90	44	0
32	54	0
40	18	0
82	56	0
61	17	0
82	99	0
43	91	0
44	52	0
50	14	0
31	42	0
56	94	0
41	18	0
35	71	0
84	76	0
41	10	0
94	90	0
66	5	0
3	9	0
43	37	0
19	67	0
42	0	0
13	73	0
91	81	0
62	84	0
65	42	0
63	2	0
45	63	0
45	58	0
96	56	0
93	7	0
5	67	0
84	5	0
50	71	0
55	30	0
36	10	0
33	61	0
84	87	0
31	71	0
43	82	0
70	32	0
23	46	1
69	34	0
43	57	0
63	94	0
27	98	0
96	14	0
96	18	0
73	12	0
20	76	0
28	98	0
25	88	0
62	41	0
75	82	0
74	91	0
6	38	0
68	36	0
71	78	0
74	62	0
64	75	0
15	86	0
16	71	0
38	18	0
48	17	0
8	35	0
41	48	0
40	48	0
89	29	0
86	40	0
80	14	0
72	51	0
55	53	0
26	48	0
48	26	0
90	81	0
46	99	0
82	55	0
37	64	0
37	93	0
78	57	0
30	53	0
79	23	0
25	35	1
32	11	0
92	53	0
79	92	0
48	45	0
11	46	0
48	10	0
48	58	0
41	84	0
28	26	1
75	88	0
96	58	0
7	82	0
74	46	0
13	59	0
64	49	0
43	69	0
54	49	0
42	77	0
64	66	0
4	63	0
66	62	0
74	44	0
83	54	0
34	63	0
65	82	0
42	8	0
96	23	0
55	45	0
93	3	0
12	84	0
36	84	0
84	62	0
19	50	0
74	74	0
14	89	0
17	81	0
88	85	0
45	29	0
1	66	0
66	99	0
49	65	0
89	66	0
24	95	0
90	32	0
17	1	0
36	70	0
26	83	0
36	14	0
17	52	1
17	18	0
83	67	0
97	14	0
53	6	0
69	39	0
90	17	0
23	7	0
29	64	0
87	31	0
6	61	0
55	82	0
0	52	0
28	75	0
75	62	0
53	96	0
71	50	0
66	82	0
70	55	0
49	51	0
78	75	0
6	78	0
47	37	0
22	78	0
86	48	0
71	29	0
94	59	0
94	97	0
89	89	0
42	72	0
76	42	0
59	61	0
35	25	0
35	13	0
36	67	0
8	42	0
69	7	0
74	75	0
83	84	0
88	1	0
16	45	1
60	81	0
13	92	0
51	9	0
55	30	0
64	21	0
55	21	0
39	18	0
75	9	0
35	98	0
71	20	0
31	96	0
98	22	0
39	62	0
67	40	0
72	98	0
76	68	0
39	73	0
66	97	0
84	60	0
91	46	0
11	65	0
88	80	0
77	94	0
11	61	0
99	41	0
29	69	0
99	88	0
46	90	0
30	13	0
76	68	0
94	56	0
53	78	0
72	77	0
98	61	0
75	37	0
27	59	0
0	61	0
64	80	0
68	30	0
50	40	0
53	11	0
30	26	1
88	78	0
14	58	0
67	24	0
41	3	0
54	22	0
10	86	0
12	58	0
8	77	0
71	48	0
93	23	0
94	32	0
95	5	0
64	94	0
6	58	0
61	25	0
58	50	0
39	83	0
91	25	0
61	58	0
32	82	0
22	89	0
39	69	0
25	97	0
31	4	0
69	74	0
45	16	0
39	74	0
50	42	0
4	41	0
67	64	0
63	15	0
29	84	0
94	56	0
27	50	0
21	36	0
17	67	0
80	57	0
67	60	0
44	50	0
93	69	0
98	67	0
64	45	0
64	16	0
80	61	0
82	34	0
10	46	0
86	82	0
52	33	0
17	69	0
1	85	0
29	95	0
25	57	0
92	22	0
1	53	0
57	90	0
0	87	0
85	62	0
45	35	0
86	27	0
15	20	0
31	36	0
73	16	0
32	74	0
45	49	0
99	62	0
86	34	0
3	0	0
1	44	0
53	14	0
4	46	0
77	10	0
47	73	0
32	35	0
96	92	0
0	11	0
42	93	0
95	44	0
41	2	0
90	89	0
52	63	0
66	63	0
38	37	0
91	36	0
88	84	0
11	62	0
6	76	0
8	44	0
21	72	0
12	85	0
68	19	0
30	60	0
19	91	0
34	14	0
59	17	0
38	64	0
59	46	0
42	9	0
34	71	0
27	24	1
95	20	0
2	32	0
80	41	0
95	23	0
48	48	0
28	20	0
47	1	0
17	93	0
44	67	0
41	59	0
28	13	0
21	99	0
20	78	0
63	43	0
95	38	0
32	69	0
89	98	0
53	25	0
63	69	0
60	90	0
4	90	0
85	39	0
53	60	0
15	22	0
95	67	0
53	52	0
99	16	0
69	10	0
85	27	0
61	92	0
52	43	0
46	37	0
66	25	0
46	5	0
45	85	0
52	75	0
23	55	0
83	33	0
51	91	0
90	39	0
92	55	0
35	77	0
39	63	0
84	26	0
47	46	0
72	10	0
97	97	0
75	75	0
46	72	0
73	42	0
73	91	0
13	79	0
51	16	0
11	99	0
14	61	0
52	62	0
73	77	0
62	15	0
98	90	0
90	13	0
98	97	0
61	4	0
77	24	0
70	66	0
60	34	0
19	83	0
46	87	0
71	79	0
28	40	1
6	32	0
20	83	0
9	78	0
40	12	0
40	50	0
21	54	0
1	46	0
89	44	0
47	23	0
14	64	0
30	81	0
65	93	0
94	39	0
0	67	0
70	41	0
34	70	0
81	47	0
71	37	0
2	48	0
25	53	0
84	38	0
70	58	0
84	49	0
8	65	0
63	53	0
0	84	0
2	0	0
93	64	0
13	64	0
21	5	0
36	24	1
3	95	0
21	77	0
91	41	0
76	80	0
82	60	0
87	84	0
50	66	0
64	39	0
4	72	0
45	66	0
30	63	0
63	41	0
95	13	0
