95	66	0
23	17	0
63	98	0
12	4	0
90	44	0
95	98	0
43	78	0
64	49	0
1	88	0
2	10	0
16	86	0
95	46	0
68	84	0
28	32	0
88	87	0
94	40	0
47	95	0
44	83	0
70	75	0
46	9	0
79	73	0
92	88	0
74	93	0
9	20	0
83	19	0
68	71	0
13	71	1
35	92	0
81	18	0
67	87	0
51	68	0
77	75	0
97	49	0
97	27	0
20	75	0
92	74	0
14	66	0
41	0	0
10	73	0
36	89	0
85	47	0
35	17	0
95	91	0
88	94	0
98	18	0
32	78	1
99	11	0
24	24	0
71	84	0
1	85	0
95	4	0
65	92	0
6	24	0
74	80	0
88	33	0
25	82	0
60	94	0
82	19	0
26	88	0
34	85	1
25	14	0
97	7	0
80	31	0
47	77	0
82	23	0
65	43	0
77	36	0
10	98	0
46	85	0
74	10	1
93	66	0
69	95	0
2	69	0
42	89	0
99	54	0
81	22	0
55	11	1
54	33	0
33	6	0
72	58	0
1	88	0
92	28	0
47	68	0
81	53	0
85	0	0
69	94	0
61	90	0
9	32	0
63	81	0
82	68	0
74	43	0
19	99	0
68	44	0
90	62	0
91	27	0
97	37	0
12	53	0
0	19	0
90	63	0
54	83	0
55	60	0
54	76	0
56	99	0
76	37	0
67	75	0
68	76	0
89	61	0
24	15	0
17	15	0
21	82	1
79	53	0
94	2	0
22	99	0
25	43	0
64	71	0
59	79	0
56	74	0
47	2	0
52	85	0
74	86	0
80	55	0
20	94	0
87	81	0
3	74	0
53	60	1
19	49	0
77	80	0
97	69	0
44	68	0
68	41	0
93	32	0
28	92	0
55	79	0
23	46	0
46	77	0
36	24	0
92	90	0
31	99	0
93	0	0
82	39	0
63	90	0
72	79	0
65	73	0
24	39	0
25	59	0
58	92	0
82	66	0
43	90	0
59	84	0
73	20	0
65	70	1
27	71	1
47	90	0
27	21	0
80	61	0
61	43	0
74	65	0
82	36	0
9	98	0
65	55	0
89	39	0
60	33	0
56	14	0
97	28	0
67	82	0
80	95	0
80	67	0
98	23	0
94	33	0
88	79	0
30	92	0
70	86	0
49	94	0
81	34	0
11	99	0
89	19	0
24	48	0
25	91	0
22	99	0
83	77	0
71	79	0
90	52	0
87	60	0
23	81	1
47	90	0
72	0	1
82	60	0
49	4	0
41	31	0
86	43	0
27	73	0
67	86	0
78	62	0
54	61	1
78	2	0
87	44	0
91	48	0
75	63	0
72	81	0
55	72	1
60	14	0
6	87	0
3	90	0
83	63	0
81	66	0
90	6	0
99	83	0
20	4	0
29	92	0
58	96	0
50	34	1
91	12	0
94	10	0
97	27	0
77	29	0
65	50	0
1	1	0
22	96	0
8	76	1
47	83	0
53	70	0
90	46	0
59	88	0
94	85	0
71	34	0
84	81	0
79	18	0
16	8	0
39	6	0
35	25	0
95	43	0
86	13	0
13	49	0
22	19	0
86	79	0
95	69	0
71	21	0
99	16	0
62	1	0
81	16	0
37	14	0
18	72	1
96	90	0
30	84	0
8	97	0
35	44	0
76	48	0
63	57	0
67	75	0
81	80	0
75	23	0
69	78	0
96	41	0
79	56	0
65	49	0
94	67	0
67	20	0
93	16	0
28	51	0
66	96	0
91	30	0
15	86	0
95	41	0
71	97	0
92	36	0
61	19	0
55	45	0
57	93	0
76	88	0
29	92	0
93	77	0
3	87	0
90	2	0
91	10	0
52	76	0
63	53	1
7	92	0
73	40	0
94	64	0
32	81	1
24	10	0
52	93	0
31	84	0
52	77	0
4	31	0
85	34	0
96	12	0
76	95	0
21	25	0
64	5	1
71	31	0
67	88	0
1	15	0
48	83	0
82	46	0
27	89	0
83	8	0
84	18	0
90	55	0
14	80	0
64	17	0
88	93	0
34	98	0
68	60	0
7	38	0
61	88	0
62	44	0
18	72	1
56	26	1
91	46	0
75	52	0
76	58	0
7	37	0
95	64	0
23	96	0
92	54	0
13	93	0
85	84	0
37	20	0
76	62	0
57	92	0
59	96	0
81	54	0
75	8	0
0	80	0
71	40	0
24	98	0
80	27	0
88	50	0
72	22	0
83	71	0
49	99	0
54	95	0
29	98	0
95	82	0
75	82	0
20	1	0
13	80	0
80	90	0
69	88	0
69	51	0
67	28	0
36	75	1
82	61	0
97	4	0
14	74	1
91	2	0
54	63	1
90	84	0
60	84	0
73	24	0
89	11	0
75	91	0
25	99	0
92	15	0
95	0	0
69	21	0
6	52	0
14	96	0
13	87	0
80	86	0
86	96	0
56	51	1
72	95	0
88	63	0
73	61	0
8	99	0
15	74	0
30	25	0
0	14	0
42	40	0
97	28	0
82	38	0
72	56	0
50	15	0
83	81	0
66	85	0
87	51	0
34	84	1
79	62	0
21	10	0
98	39	0
59	95	0
35	42	0
30	93	0
72	91	0
93	72	0
33	89	0
15	76	0
42	63	0
57	63	1
66	80	0
53	95	0
12	49	0
73	66	0
83	48	0
91	70	0
43	77	0
66	78	0
87	13	0
54	50	1
86	8	0
11	83	0
45	94	0
85	74	0
68	73	0
8	91	0
15	83	0
81	97	0
32	23	0
10	80	0
64	90	0
58	71	0
83	81	0
11	93	0
73	50	0
20	5	0
44	96	0
6	97	0
2	19	0
82	63	0
83	13	0
79	30	0
74	18	0
14	22	0
15	53	0
74	31	0
0	74	1
63	67	0
27	92	0
60	57	0
86	87	0
83	41	0
74	81	0
65	54	0
74	81	0
6	67	0
35	78	1
76	64	0
55	42	0
96	37	0
98	92	0
79	79	0
70	53	0
63	55	0
55	78	0
98	80	0
96	3	0
58	79	0
4	98	0
58	35	0
65	22	0
68	18	0
27	70	0
77	24	0
78	24	0
30	26	0
57	96	0
70	63	0
43	89	0
68	98	0
80	58	0
83	30	0
87	66	0
88	96	0
94	42	0
88	83	0
41	87	0
68	77	0
81	47	0
43	91	0
83	78	0
71	64	0
96	22	0
2	74	1
53	76	0
81	20	0
63	38	0
83	85	0
74	57	0
15	89	0
22	87	0
78	34	0
84	30	0
95	51	0
95	11	0
80	85	0
89	16	0
78	36	0
21	71	1
14	94	0
22	72	1
9	85	0
55	49	1
46	27	0
38	65	0
54	83	0
67	2	0
15	86	0
83	50	0
23	17	0
21	62	0
80	65	0
65	61	0
83	61	0
83	52	0
71	61	0
80	49	0
8	38	0
95	85	0
69	53	0
45	86	0
6	70	0
31	79	1
90	22	0
57	88	0
18	90	0
99	47	0
66	28	0
16	16	0
24	33	0
68	2	1
15	66	0
77	55	0
92	37	0
24	3	0
59	6	0
41	87	0
90	81	0
17	4	0
49	76	0
68	27	0
95	64	0
66	65	0
66	90	0
6	42	0
99	47	0
91	64	0
11	79	0
24	80	1
23	97	0
6	99	0
62	39	0
89	17	0
9	15	0
86	31	0
88	18	0
40	29	0
18	97	0
54	83	0
15	77	0
23	23	0
17	73	1
22	89	0
64	57	0
88	45	0
66	87	0
53	71	1
21	96	0
78	43	0
10	0	0
81	59	0
48	56	0
93	30	0
71	26	0
75	34	0
56	95	0
48	37	1
65	7	1
37	99	0
86	41	0
68	96	0
74	56	0
84	43	0
57	91	0
38	75	1
92	37	0
98	99	0
80	83	0
57	82	0
91	17	0
72	77	0
24	76	1
65	22	0
31	95	0
92	53	0
95	91	0
78	6	0
96	98	0
78	26	0
90	66	0
9	93	0
72	99	0
63	79	0
0	15	0
13	98	0
8	71	0
87	28	0
30	98	0
57	86	0
82	45	0
13	69	1
76	45	0
24	99	0
83	45	0
89	57	0
74	49	0
79	24	0
3	84	0
10	4	0
67	73	0
19	61	0
25	4	0
3	88	0
34	77	1
93	53	0
79	87	0
92	58	0
92	79	0
77	48	0
1	81	0
80	28	0
90	31	0
