99	67	0
23	8	0
30	23	1
62	98	0
12	0	0
89	42	0
97	92	0
48	13	0
55	79	0
56	23	0
82	51	0
10	85	0
9	0	0
13	93	0
93	29	0
71	79	0
50	30	0
89	65	0
96	17	0
50	95	0
50	64	0
79	71	0
48	11	0
20	75	0
55	18	0
97	69	0
81	92	0
89	73	0
5	35	0
52	11	0
51	30	0
95	25	0
75	68	0
11	82	0
35	91	0
77	19	0
75	87	0
28	5	0
47	68	0
78	71	0
94	70	0
58	63	0
97	40	0
16	78	0
68	3	0
97	67	0
22	74	0
65	5	0
3	78	0
43	91	0
28	71	0
89	63	0
59	43	0
43	27	0
88	83	0
99	87	0
98	13	0
25	93	0
99	10	0
25	7	0
75	91	0
31	6	0
3	85	0
87	11	0
30	77	0
58	93	0
37	60	0
7	26	0
73	78	0
87	31	0
28	99	0
47	99	0
63	31	0
27	88	0
57	98	0
6	18	0
99	17	0
81	26	0
52	75	0
86	45	0
91	59	0
57	10	0
41	14	1
64	41	0
0	98	0
63	0	0
45	69	0
40	8	0
53	24	0
85	18	0
34	57	0
89	49	0
4	56	0
76	92	0
3	87	0
38	95	0
86	53	0
73	22	0
34	63	0
33	59	0
61	1	0
70	55	0
14	67	0
38	3	0
11	50	1
62	77	0
46	33	0
10	98	0
85	29	0
42	76	0
77	68	0
92	5	0
65	84	0
62	73	0
17	22	0
59	88	0
98	83	0
74	56	0
22	94	0
64	31	0
32	30	1
72	6	0
98	63	0
98	34	0
86	53	0
43	48	0
62	4	0
70	71	0
14	25	0
42	29	0
97	56	0
50	28	0
54	75	0
54	76	0
56	20	0
39	35	0
55	22	0
11	46	1
57	81	0
48	59	0
47	90	0
73	45	0
60	73	0
64	69	0
98	64	0
25	23	0
43	43	0
17	15	0
11	79	0
26	66	0
83	45	0
45	46	0
90	4	0
37	88	0
53	21	0
31	40	0
69	80	0
33	68	0
55	65	0
44	89	0
35	54	0
41	0	0
53	18	0
40	97	0
33	61	0
75	83	0
90	59	0
15	92	0
94	70	0
30	48	0
25	70	0
49	71	0
47	59	0
13	33	0
71	82	0
97	80	0
38	70	0
79	39	0
10	42	0
61	13	0
63	50	0
62	15	0
80	18	0
1	49	0
43	64	0
58	29	0
44	62	0
97	34	0
34	91	0
19	56	0
76	92	0
43	57	0
23	18	0
34	75	0
58	19	0
91	98	0
39	87	0
94	0	0
12	60	1
11	67	0
95	35	0
51	94	0
65	83	0
67	66	0
42	60	0
13	69	0
22	55	1
60	0	0
56	98	0
95	55	0
44	91	0
73	69	0
81	26	0
47	77	0
29	81	0
43	94	0
40	21	0
66	20	0
81	48	0
54	44	0
74	68	0
1	53	0
72	24	0
23	95	0
70	65	0
88	36	0
73	37	0
47	0	0
4	40	0
88	23	0
68	79	0
55	93	0
68	55	0
89	32	0
90	11	0
0	35	0
87	73	0
40	97	0
91	79	0
43	99	0
60	34	0
78	31	0
24	92	0
79	21	0
19	62	0
28	75	0
52	13	0
28	93	0
78	92	0
82	79	0
92	54	0
96	54	0
22	83	0
34	71	0
84	13	0
81	48	0
36	23	1
42	0	0
43	28	0
46	53	0
81	45	0
22	50	0
40	40	0
34	74	0
74	97	0
91	60	0
57	73	0
92	5	0
99	37	0
61	3	0
84	53	0
78	51	0
63	73	0
1	35	0
39	65	0
67	29	0
17	89	0
28	79	0
5	86	0
91	67	0
55	12	1
38	3	0
37	52	1
77	68	0
67	2	0
92	86	0
24	0	0
50	91	0
15	67	0
53	93	0
44	36	0
8	47	1
76	27	0
77	16	0
54	16	0
87	10	0
45	55	0
4	56	1
77	25	0
79	56	0
6	6	0
0	58	0
31	98	0
17	83	0
54	99	0
49	70	0
78	44	0
66	11	0
52	85	0
45	70	0
97	84	0
0	52	0
65	50	0
67	83	0
82	23	0
32	5	0
43	1	0
50	18	0
37	29	0
81	52	0
72	20	0
23	44	0
18	24	0
32	55	0
46	34	0
92	70	0
89	62	0
0	49	0
65	37	0
89	4	0
69	14	0
79	23	0
53	39	0
37	30	0
1	75	0
68	85	0
43	82	0
8	97	0
31	62	0
57	11	0
49	40	0
81	40	0
73	50	0
15	61	1
81	71	0
85	85	0
77	30	0
73	89	0
78	7	0
77	64	0
71	52	0
69	55	0
82	79	0
72	1	0
90	13	0
23	46	0
56	85	0
64	73	0
78	13	0
24	70	0
96	34	0
58	97	0
96	27	0
63	23	0
26	58	0
63	43	0
39	59	0
54	84	0
81	27	0
82	79	0
38	53	1
15	93	0
93	96	0
44	22	0
6	81	0
48	52	0
96	3	0
81	36	0
29	67	0
63	50	0
59	48	0
17	93	0
83	23	0
42	13	1
88	50	0
49	40	0
35	93	0
23	10	0
50	46	0
51	86	0
0	46	0
38	77	0
38	86	0
48	27	0
21	73	0
13	27	0
71	10	0
74	14	0
96	3	0
86	95	0
28	64	0
33	34	0
80	5	0
60	55	0
71	99	0
4	26	0
54	92	0
95	57	0
34	77	0
80	4	0
39	70	0
66	18	0
56	8	0
88	20	0
88	42	0
12	87	0
75	17	0
87	99	0
24	94	0
95	73	0
44	45	0
11	28	0
69	96	0
67	51	0
5	87	0
73	34	0
80	52	0
72	53	0
80	71	0
30	57	0
97	52	0
29	95	0
95	67	0
21	96	0
89	96	0
48	33	0
63	63	0
59	91	0
46	56	0
61	98	0
76	51	0
48	46	0
29	57	0
87	0	0
3	87	0
91	63	0
26	96	0
48	63	0
41	81	0
85	34	0
33	50	0
55	24	0
95	52	0
72	24	0
86	91	0
40	97	0
40	59	0
51	7	1
33	48	0
60	93	0
51	21	0
44	72	0
87	84	0
38	11	1
93	84	0
78	10	0
20	8	0
45	32	0
25	70	0
44	3	0
10	82	0
88	78	0
53	93	0
66	47	0
65	8	0
38	63	0
39	73	0
96	47	0
98	3	0
15	68	0
77	11	0
45	65	0
41	27	0
38	3	0
34	49	0
80	84	0
26	70	0
53	83	0
66	22	0
75	26	0
48	57	0
62	83	0
29	96	0
96	19	0
83	20	0
76	13	0
16	68	0
24	92	0
20	89	0
64	35	0
74	78	0
71	99	0
1	31	0
60	49	0
64	90	0
70	64	0
61	76	0
15	93	0
20	73	0
45	33	0
46	14	1
9	31	0
40	41	0
35	41	0
96	27	0
79	46	0
70	11	0
66	30	0
57	50	0
46	29	0
98	76	0
48	79	0
80	54	0
37	62	0
36	94	0
77	55	0
57	19	0
31	14	0
99	49	0
72	85	0
47	38	0
12	61	1
43	11	1
51	62	0
41	93	0
59	94	0
96	59	0
21	80	0
64	50	0
7	67	0
64	44	0
50	74	0
65	51	0
49	75	0
64	87	0
3	57	0
55	54	0
78	46	0
83	61	0
35	78	0
72	83	0
44	23	0
93	16	0
56	41	0
99	9	0
1	80	0
44	86	0
87	61	0
70	67	0
13	88	0
17	76	0
79	85	0
46	27	0
6	75	0
77	99	0
45	68	0
94	64	0
29	95	0
78	45	0
12	3	0
41	75	0
22	80	0
38	18	1
6	16	0
92	56	0
98	26	0
51	21	0
73	36	0
84	14	0
22	11	0
29	64	0
73	29	0
0	69	0
58	80	0
6	40	0
16	76	0
66	47	0
58	99	0
69	44	0
75	83	0
76	57	0
38	49	1
76	79	0
12	89	0
44	40	0
22	78	0
72	48	0
63	36	0
99	50	0
91	96	0
86	89	0
47	69	0
70	44	0
61	65	0
35	50	0
8	50	1
70	1	0
68	84	0
85	78	0
83	2	0
54	83	0
7	97	0
48	18	0
54	33	0
70	28	0
59	24	0
76	21	0
23	95	0
74	27	0
30	77	0
95	17	0
44	69	0
52	40	0
66	99	0
74	72	0
40	78	0
67	92	0
87	64	0
90	45	0
97	75	0
82	93	0
99	50	0
37	68	0
95	86	0
52	88	0
78	83	0
93	48	0
47	82	0
83	65	0
90	54	0
75	32	0
36	49	0
2	59	0
56	81	0
66	17	0
54	33	0
47	19	1
87	85	0
67	38	0
36	12	1
46	16	1
17	87	0
12	56	1
9	93	0
63	40	0
93	18	0
89	42	0
96	5	0
78	97	0
9	46	1
59	20	0
55	50	0
36	75	0
94	19	0
63	48	0
31	91	0
32	95	0
27	67	0
21	93	0
33	5	0
69	63	0
47	32	0
45	70	0
46	42	0
5	51	1
69	67	0
68	14	0
21	89	0
93	58	0
24	30	0
18	68	0
77	62	0
66	56	0
53	58	0
91	54	0
90	64	0
70	52	0
58	13	0
65	67	0
79	45	0
9	33	0
89	74	0
54	41	0
34	75	0
10	80	0
26	97	0
24	58	0
91	29	0
8	48	1
60	92	0
2	87	0
90	63	0
47	29	0
78	18	0
22	21	0
33	38	0
77	12	0
17	73	0
37	53	1
88	56	0
88	38	0
4	10	0
11	48	1
45	16	1
5	38	0
70	10	0
48	70	0
92	94	0
3	11	0
49	99	0
89	33	0
41	3	0
88	88	0
41	66	0
74	72	0
35	33	0
99	39	0
90	76	0
21	63	0
13	81	0
3	48	0
22	69	0
13	99	0
72	16	0
31	55	0
7	88	0
25	30	0
62	18	0
39	63	0
76	52	0
45	1	0
34	75	0
94	26	0
9	27	0
72	46	0
98	32	0
48	61	0
27	11	0
45	0	0
18	94	0
43	76	0
23	63	0
19	14	0
22	84	0
24	81	0
68	52	0
89	42	0
36	70	0
83	99	0
47	32	0
65	69	0
46	84	0
2	85	0
84	44	0
45	61	0
10	17	0
93	62	0
54	53	0
90	21	0
77	18	0
82	34	0
60	99	0
46	39	0
59	37	0
61	31	0
40	1	0
44	89	0
52	71	0
87	30	0
58	98	0
89	43	0
79	56	0
38	70	0
25	66	0
79	35	0
53	38	0
75	2	0
98	97	0
74	78	0
43	78	0
71	42	0
82	87	0
14	79	0
56	30	0
14	94	0
5	57	1
44	61	0
76	70	0
64	12	0
95	93	0
85	9	0
99	91	0
61	11	0
71	23	0
75	56	0
66	33	0
17	85	0
50	87	0
65	81	0
8	33	0
17	80	0
16	69	0
37	9	0
35	37	0
3	44	0
75	44	0
50	27	0
8	61	0
15	90	0
65	93	0
94	42	0
0	75	0
62	41	0
31	83	0
76	65	0
68	46	0
5	48	1
28	57	0
84	36	0
68	50	0
69	60	0
18	63	0
59	49	0
4	90	0
7	4	0
85	66	0
18	69	0
25	0	0
3	96	0
22	79	0
99	37	0
76	80	0
89	67	0
84	89	0
50	61	0
64	31	0
0	72	0
48	63	0
33	56	0
63	46	0
92	19	0
