94	71	0
45	21	0
44	23	0
42	98	0
7	12	0
87	35	0
93	81	0
42	19	0
70	80	0
37	25	0
94	38	0
2	79	0
18	7	0
20	61	0
99	23	0
87	72	0
63	32	0
26	49	0
98	61	0
92	10	0
43	91	0
66	65	0
80	90	0
65	0	0
40	88	0
59	5	0
84	78	0
66	87	0
94	69	0
6	25	0
48	37	0
39	21	0
85	38	0
45	46	0
91	65	0
11	93	0
53	96	0
99	22	0
74	91	0
45	2	0
19	60	0
82	54	0
83	62	0
54	69	0
95	51	0
10	87	0
17	42	0
64	8	0
84	66	0
15	67	0
64	6	0
16	80	0
53	91	0
34	73	0
93	62	0
46	32	0
37	30	0
84	72	0
98	89	0
86	21	0
6	98	0
93	14	0
47	0	0
75	73	0
45	9	0
10	89	0
83	7	0
48	72	0
76	95	0
49	69	0
0	30	0
71	87	0
25	49	0
12	59	0
85	35	0
11	38	0
37	82	0
44	96	0
59	15	0
36	92	0
58	94	0
5	1	1
8	20	0
98	13	0
95	30	0
39	55	0
79	37	0
20	26	0
82	52	0
29	39	0
41	14	0
38	9	0
73	34	0
15	89	0
66	10	0
58	83	0
46	8	0
56	27	0
89	47	0
36	67	0
78	52	0
12	57	0
73	90	0
3	74	0
33	95	0
91	48	0
58	8	0
47	70	0
26	59	0
60	0	0
64	50	0
7	60	0
37	2	0
33	51	0
41	36	0
82	94	0
56	45	0
21	98	0
80	3	0
63	63	0
78	83	0
96	8	0
61	69	0
48	76	0
33	8	0
56	93	0
92	72	0
79	59	0
36	94	0
65	32	0
39	21	0
17	42	0
81	10	0
8	70	0
91	69	0
96	27	0
87	36	0
32	54	0
57	17	0
82	79	0
12	14	0
36	15	0
78	58	0
41	38	0
73	82	0
77	97	0
50	16	0
44	31	0
56	53	0
9	43	0
26	56	0
14	55	0
77	75	0
42	54	0
42	93	0
81	49	0
73	70	0
47	87	0
24	37	0
92	62	0
3	26	0
47	45	0
21	14	0
30	76	0
37	79	0
91	34	0
36	29	0
79	18	0
44	80	0
56	30	0
57	43	0
78	79	0
30	59	0
55	80	0
36	89	0
39	50	0
40	15	0
58	5	0
32	72	0
26	80	0
73	80	0
92	64	0
19	89	0
33	37	0
92	66	0
32	52	0
32	94	0
56	85	0
41	54	0
30	7	0
17	36	0
75	94	0
85	94	0
63	80	0
69	29	0
7	60	0
58	8	0
77	23	0
68	27	0
71	26	0
23	60	0
0	67	0
46	51	0
76	29	0
34	64	0
91	28	0
40	99	0
25	64	0
35	20	0
83	71	0
35	55	0
31	12	0
12	94	0
60	10	0
99	85	0
69	91	0
97	7	0
1	80	0
17	67	0
95	38	0
51	72	0
45	41	0
55	55	0
52	72	0
56	62	0
15	75	0
31	58	0
66	9	0
1	64	0
62	83	0
86	45	0
39	94	0
81	58	0
60	22	0
47	70	0
15	79	0
33	96	0
51	40	0
67	35	0
29	34	0
91	58	0
80	44	0
75	63	0
2	69	0
47	20	0
10	82	0
61	61	0
61	40	0
57	48	0
52	22	0
1	56	0
87	31	0
51	6	0
72	71	0
51	75	0
75	33	0
98	44	0
94	4	0
4	65	0
93	70	0
26	99	0
90	68	0
44	94	0
64	30	0
50	5	0
17	88	0
68	30	0
38	63	0
43	84	0
50	5	0
22	93	0
82	94	0
77	83	0
71	39	0
88	77	0
19	93	0
46	52	0
54	3	0
65	29	0
25	13	0
37	1	0
58	11	0
52	51	0
79	45	0
37	47	0
35	51	0
37	70	0
69	89	0
77	77	0
60	70	0
79	3	0
81	46	0
78	7	0
26	49	0
31	16	0
82	35	0
69	33	0
80	71	0
11	37	0
43	72	0
60	26	0
29	91	0
21	95	0
23	82	0
96	64	0
40	27	0
38	1	0
26	58	0
88	69	0
63	20	0
80	92	0
10	3	0
68	91	0
10	70	0
40	86	0
38	26	0
1	50	0
81	4	0
18	38	0
76	4	0
54	17	0
85	7	0
37	45	0
19	44	0
73	26	0
87	57	0
7	25	0
27	38	0
9	59	0
37	93	0
9	85	0
43	88	0
64	73	0
50	43	0
67	23	0
38	93	0
45	68	0
90	93	0
27	28	0
16	52	0
26	38	0
53	72	0
79	83	0
32	25	0
88	14	0
32	7	0
58	5	0
63	18	0
27	42	0
74	67	0
76	10	0
13	39	0
41	11	0
49	45	0
38	37	0
26	59	0
88	82	0
82	50	0
11	52	0
52	34	0
92	11	0
57	10	0
57	28	0
58	33	0
27	23	0
2	75	0
66	80	0
22	79	0
27	90	0
21	92	0
53	16	0
47	37	0
91	48	0
81	50	0
9	80	0
88	76	0
66	75	0
73	33	0
68	96	0
80	2	0
84	57	0
71	64	0
38	18	0
46	46	0
33	46	0
83	84	0
68	14	0
94	3	0
21	39	0
39	89	0
66	70	0
88	15	0
2	57	0
91	29	0
43	98	0
82	25	0
62	47	0
44	52	0
53	33	0
21	39	0
43	47	0
69	81	0
85	36	0
42	23	0
74	75	0
22	63	0
8	97	0
92	82	0
32	33	0
0	84	0
60	36	0
92	12	0
77	45	0
7	68	0
69	39	0
48	35	0
50	46	0
9	97	0
73	21	0
53	8	0
93	51	0
48	29	0
21	77	0
23	7	0
66	55	0
59	92	0
0	63	0
50	61	0
39	76	0
52	25	0
23	96	0
8	42	0
24	42	0
63	15	0
81	28	0
96	18	0
81	87	0
20	59	0
28	19	0
40	26	0
77	12	0
68	59	0
73	90	0
20	45	0
62	93	0
92	68	0
38	84	0
72	9	0
66	51	0
82	27	0
71	13	0
44	21	0
40	24	0
93	8	0
85	27	0
1	78	0
82	10	0
92	98	0
4	93	0
95	60	0
46	53	0
19	18	0
96	98	0
63	48	0
8	99	0
68	27	0
71	38	0
71	62	0
81	65	0
25	76	0
84	71	0
39	95	0
89	75	0
16	33	1
39	94	0
96	80	0
32	35	0
36	32	0
56	74	0
56	93	0
38	62	0
62	94	0
65	49	0
28	58	0
28	66	0
80	22	0
12	88	0
89	41	0
24	88	0
50	69	0
40	90	0
89	38	0
42	44	0
23	39	0
47	22	0
80	61	0
70	15	0
91	98	0
66	96	0
39	56	0
60	4	0
31	39	0
43	91	0
38	20	0
43	56	0
76	70	0
27	23	0
91	96	0
49	14	0
26	16	0
64	30	0
20	76	0
33	16	0
8	61	0
86	89	0
58	90	0
60	44	0
74	6	0
39	70	0
44	49	0
97	56	0
87	0	0
2	69	0
77	0	0
71	74	0
78	31	0
39	11	0
35	66	0
84	80	0
37	60	0
42	80	0
82	30	0
18	60	0
75	23	0
43	66	0
67	92	0
34	93	0
83	12	0
88	26	0
67	17	0
34	78	0
22	88	0
11	88	0
67	42	0
76	66	0
68	80	0
18	38	0
75	41	0
69	58	0
79	77	0
51	66	0
16	59	0
20	68	0
49	22	0
42	21	0
3	37	0
45	61	0
37	45	0
80	30	0
74	33	0
77	3	0
72	47	0
53	70	0
24	55	0
50	23	0
96	75	0
59	90	0
82	67	0
22	52	0
49	77	0
65	41	0
44	51	0
78	27	0
17	54	0
37	23	0
78	52	0
91	96	0
56	56	0
8	60	0
47	6	0
59	59	0
24	86	0
40	31	0
87	89	0
97	70	0
17	86	0
68	60	0
3	68	0
77	54	0
35	59	0
48	58	0
35	74	0
58	68	0
6	60	0
85	77	0
70	53	0
96	52	0
21	62	0
62	89	0
54	26	0
98	25	0
44	35	0
96	21	0
17	87	0
36	33	0
39	70	0
88	52	0
30	49	0
82	63	0
7	98	0
17	81	0
97	84	0
48	29	0
4	74	0
79	90	0
47	66	0
88	70	0
19	91	0
95	36	0
25	0	0
31	82	0
36	74	0
36	13	0
27	37	0
10	18	0
87	71	0
92	12	0
58	9	0
72	28	0
97	47	0
33	11	0
23	49	0
99	42	0
11	54	0
58	83	0
4	56	0
23	78	0
68	57	0
54	93	0
78	51	0
66	85	0
32	34	0
67	63	0
41	56	0
80	56	0
18	75	0
54	34	0
30	77	0
83	37	0
60	29	0
91	71	0
93	97	0
89	77	0
46	66	0
10	23	1
58	39	0
55	75	0
33	27	0
26	11	0
32	70	0
11	33	0
59	0	0
62	83	0
71	78	0
87	6	0
13	52	0
62	90	0
11	94	0
56	7	0
62	45	0
65	20	0
38	23	0
29	35	0
43	24	0
77	1	0
40	91	0
61	34	0
35	87	0
91	14	0
33	46	0
46	67	0
80	22	0
84	76	0
60	70	0
33	64	0
42	91	0
78	75	0
82	48	0
17	73	0
82	83	0
77	99	0
25	35	0
15	49	0
98	47	0
27	84	0
99	84	0
63	94	0
42	4	0
68	62	0
90	67	0
70	87	0
79	50	0
91	72	0
78	38	0
16	53	0
3	60	0
68	85	0
72	37	0
54	62	0
55	8	0
35	20	0
85	74	0
9	57	0
34	49	0
58	37	0
43	21	0
54	30	0
19	85	0
26	32	1
6	63	0
14	79	0
74	49	0
15	28	1
72	18	0
92	34	0
82	5	0
59	81	0
2	50	0
53	28	0
54	44	0
51	85	0
91	11	0
27	37	0
61	65	0
46	84	0
16	96	0
36	63	0
32	85	0
35	25	0
77	73	0
43	42	0
43	83	0
58	34	0
11	46	0
61	58	0
62	24	0
28	80	0
84	44	0
31	36	0
38	48	0
24	13	0
1	61	0
75	62	0
85	69	0
40	53	0
87	57	0
83	68	0
74	28	0
63	15	0
79	79	0
77	22	0
2	60	0
79	81	0
34	25	0
72	36	0
22	65	0
12	88	0
32	96	0
28	60	0
99	28	0
17	48	0
58	91	0
9	84	0
94	70	0
57	60	0
85	35	0
17	7	0
48	24	0
61	1	0
6	81	0
54	51	0
87	68	0
75	36	0
13	6	0
13	45	0
68	15	0
18	86	0
80	2	0
47	74	0
40	30	0
87	96	0
11	18	0
25	94	0
96	58	0
31	9	0
92	84	0
52	54	0
70	60	0
49	23	0
92	32	0
89	77	0
5	60	0
2	78	0
15	47	0
10	84	0
4	92	0
81	21	0
39	46	0
10	93	0
48	13	0
74	4	0
36	63	0
70	56	0
50	20	0
33	66	0
33	32	0
86	23	0
2	40	0
85	65	0
88	9	0
60	48	0
24	24	0
49	3	0
13	94	0
53	62	0
45	59	0
38	13	0
5	96	0
2	96	0
62	57	0
90	33	0
31	23	0
25	72	0
94	86	0
50	31	0
57	76	0
68	89	0
6	76	0
70	26	0
51	58	0
21	33	0
93	67	0
50	68	0
97	13	0
81	9	0
85	24	0
68	96	0
45	63	0
40	68	0
75	12	0
37	11	0
69	98	0
72	71	0
19	55	0
66	39	0
65	92	0
82	17	0
90	55	0
25	74	0
46	58	0
22	25	0
92	26	0
31	52	0
78	9	0
89	96	0
72	60	0
56	79	0
73	34	0
76	77	0
7	99	0
41	7	0
10	91	0
6	59	0
61	71	0
72	91	0
74	7	0
88	98	0
83	13	0
83	85	0
64	8	0
85	36	0
78	42	0
55	37	0
14	86	0
61	97	0
64	81	0
19	50	0
11	36	0
26	95	0
10	67	0
43	5	0
39	50	0
19	62	0
43	30	0
2	42	0
97	53	0
48	27	0
15	54	0
25	83	0
74	76	0
3	1	1
97	66	0
13	67	0
61	48	0
28	62	0
81	43	0
57	38	0
6	17	1
5	43	0
21	54	0
82	56	0
71	52	0
84	57	0
1	62	0
68	62	0
2	82	0
0	24	0
91	66	0
19	61	0
40	3	0
34	30	0
7	91	0
23	84	0
77	42	0
63	69	0
72	54	0
75	82	0
42	69	0
51	32	0
5	69	0
46	65	0
37	47	0
63	57	0
82	17	0
