80	63	0
32	29	0
66	96	0
14	4	0
96	38	0
82	94	0
71	45	0
3	77	0
4	6	0
15	95	0
91	45	0
66	74	0
34	36	0
68	78	0
96	56	0
51	96	1
60	74	0
40	32	0
83	73	0
93	85	0
75	76	0
8	28	0
66	72	0
74	34	0
65	91	0
52	73	0
67	79	0
96	48	0
99	25	0
92	75	0
35	1	0
44	88	1
82	33	0
34	18	0
96	72	0
90	69	0
91	20	1
90	15	0
21	35	0
59	78	0
2	88	0
95	13	1
58	97	0
20	30	0
80	72	0
89	35	0
55	95	0
4	14	0
94	18	0
69	41	0
73	16	1
54	45	0
72	33	0
15	97	0
89	64	0
62	91	0
15	63	0
41	84	1
95	55	0
37	35	0
29	6	0
69	61	0
13	93	0
98	33	0
39	68	0
88	56	0
96	5	0
76	98	0
69	83	0
7	25	0
75	79	0
82	65	0
80	40	0
20	98	1
59	40	0
85	45	0
88	38	0
88	34	0
17	59	0
5	15	0
89	58	0
57	98	0
41	76	0
59	95	0
70	36	0
62	67	0
83	76	0
80	79	0
17	18	0
12	8	0
83	59	0
88	0	0
14	53	0
72	79	0
63	79	0
60	77	0
54	6	0
49	96	0
73	89	0
76	52	0
13	90	0
93	84	0
3	88	0
13	52	0
85	88	0
89	76	0
51	77	0
74	42	0
83	40	0
53	69	0
23	53	0
41	22	0
91	89	0
74	5	0
81	37	0
83	97	0
62	77	0
71	72	0
12	25	0
11	79	1
66	98	0
72	62	1
45	90	1
60	92	0
27	85	0
37	37	0
73	55	1
58	46	0
58	77	0
71	35	0
2	96	0
93	35	0
62	27	0
51	21	0
79	18	1
62	68	0
72	93	0
85	73	0
89	12	1
96	30	0
95	79	0
66	70	0
56	82	0
70	13	1
14	74	0
95	9	1
7	49	0
77	77	0
79	71	0
90	51	0
85	55	0
92	67	0
53	13	0
39	24	0
77	60	0
25	77	0
58	82	0
80	73	0
77	5	1
95	46	0
97	34	0
75	57	0
65	96	0
61	10	0
4	93	0
10	96	0
96	58	0
59	61	1
94	70	0
16	17	0
46	97	1
79	8	1
80	11	0
91	24	0
85	24	0
79	32	0
15	13	0
30	78	0
55	94	0
85	40	0
74	97	0
91	71	0
64	33	0
63	80	0
7	8	0
32	10	0
45	27	0
66	36	0
2	56	0
33	14	0
96	82	0
96	60	0
99	14	0
60	1	0
39	9	0
97	88	0
29	76	0
11	93	0
35	34	0
76	47	0
72	68	0
58	73	0
84	83	0
70	30	0
75	77	0
88	32	0
88	66	0
64	36	0
98	75	0
65	15	0
96	7	0
31	57	0
77	89	0
99	44	0
92	44	0
73	96	0
91	41	0
45	45	0
57	99	0
72	84	0
25	77	0
83	83	0
6	97	0
92	10	1
91	17	1
45	82	1
16	97	1
89	33	0
92	63	0
29	4	0
48	92	1
45	57	0
9	13	0
88	44	0
87	11	0
70	91	0
17	23	0
76	28	0
71	81	0
13	29	0
77	40	0
80	2	0
95	70	0
68	15	0
96	93	0
13	38	0
59	96	0
65	58	0
92	40	0
60	44	0
73	55	1
3	54	0
91	76	0
93	61	0
3	86	0
73	86	0
41	21	0
64	55	0
64	99	0
66	92	0
99	50	0
63	14	0
66	41	0
79	29	0
91	57	0
78	36	0
88	67	0
42	97	1
49	93	1
88	97	0
81	93	0
16	7	0
5	83	0
73	86	0
69	96	0
59	20	0
84	52	0
95	0	0
89	12	1
94	79	0
65	77	0
89	17	1
65	80	0
89	19	1
96	5	0
84	28	0
10	43	0
7	97	0
17	99	1
86	90	0
86	92	0
83	85	0
86	60	0
77	85	0
8	89	0
26	20	0
1	11	0
33	39	0
88	12	1
83	39	0
61	64	0
55	3	0
76	84	0
83	81	0
81	49	0
73	61	0
32	19	0
98	38	0
77	98	0
54	37	0
70	85	0
99	61	0
16	56	0
43	70	0
52	78	0
52	86	1
0	46	0
70	73	0
94	44	0
92	65	0
56	93	0
90	23	0
84	10	0
10	75	1
96	68	0
64	73	0
7	94	0
79	89	0
22	19	0
9	82	0
65	73	0
62	66	0
81	85	0
0	87	0
83	53	0
15	1	0
48	83	1
8	84	0
1	16	0
98	52	0
76	22	1
19	19	0
16	34	0
70	39	0
66	80	0
88	78	0
87	43	0
79	77	0
71	89	0
2	65	0
88	63	0
65	23	0
97	43	0
77	87	0
81	70	0
44	75	0
93	67	0
93	10	0
48	75	0
0	97	0
75	34	0
81	22	1
30	30	0
64	85	0
35	71	0
65	91	0
94	51	0
88	36	0
69	68	0
91	81	0
92	45	0
95	98	0
78	70	0
72	37	0
43	88	1
82	75	0
86	73	0
94	31	0
43	67	0
64	31	0
79	91	0
86	53	0
23	85	0
83	34	0
77	42	0
90	42	0
98	84	0
74	43	0
3	85	0
10	98	0
38	31	0
25	71	0
44	87	1
64	8	0
1	95	0
75	46	0
13	14	0
15	59	0
67	72	0
71	67	0
79	52	0
78	42	0
73	67	0
81	45	0
14	39	0
97	78	0
55	97	0
84	18	0
42	95	1
20	89	0
95	60	0
61	34	0
25	20	0
25	30	0
80	49	0
98	30	0
15	0	0
45	2	0
51	64	0
96	86	0
28	8	0
42	81	1
57	16	0
86	83	0
72	65	1
61	88	0
15	47	0
97	47	0
87	61	0
7	88	0
1	91	0
51	27	0
94	26	0
17	27	0
88	40	0
72	13	0
41	27	0
19	96	0
64	85	0
22	33	0
73	40	0
65	86	0
12	95	1
68	37	0
10	5	0
92	55	0
86	37	0
85	24	0
59	27	1
53	94	0
86	37	0
57	98	0
59	57	0
73	52	0
51	92	0
92	51	0
93	99	0
85	86	0
53	88	1
90	7	1
81	79	0
73	18	0
94	48	0
94	99	0
93	97	0
86	20	0
83	68	0
14	96	1
85	97	0
63	71	0
4	19	0
27	93	0
88	27	0
18	97	0
53	80	1
73	36	0
77	50	0
76	54	0
98	55	0
82	35	0
81	19	1
5	83	0
15	13	0
60	81	0
27	66	0
39	5	0
3	83	0
99	40	0
92	84	0
87	50	0
89	82	0
68	55	1
87	17	1
97	39	0
