95	67	0
24	18	0
63	98	0
16	5	0
88	43	0
89	98	0
45	78	0
66	46	0
3	88	0
0	6	0
17	88	0
96	45	0
67	80	0
32	34	0
88	89	0
96	44	0
47	94	0
41	85	0
68	74	0
43	12	0
77	75	0
90	90	0
75	87	0
8	17	0
81	14	0
68	75	0
34	95	0
80	21	0
66	89	0
48	66	0
78	80	0
98	51	0
95	26	0
18	73	1
90	77	0
14	65	1
40	2	0
8	71	0
34	85	0
81	47	0
31	14	0
97	91	0
88	89	0
98	19	0
29	80	1
94	9	0
26	27	0
69	87	0
2	87	0
90	7	0
65	92	0
6	21	0
74	83	0
90	30	0
25	85	0
59	97	0
84	17	0
27	89	0
32	89	1
25	9	0
95	6	0
78	32	0
46	77	0
85	22	0
63	46	0
77	35	0
9	98	0
48	86	0
75	15	1
91	64	0
71	95	0
5	68	0
41	96	0
97	57	0
77	18	0
52	12	1
49	32	0
34	4	0
72	55	0
2	85	0
92	26	0
47	67	0
84	54	0
83	4	0
70	97	0
65	90	0
10	32	0
65	79	0
84	72	0
75	42	0
19	98	0
66	44	0
90	60	0
92	28	0
97	37	0
12	50	0
4	21	0
90	59	0
49	81	0
51	61	1
56	77	0
57	99	0
74	34	0
68	73	0
71	74	0
86	63	0
25	14	0
16	13	0
20	82	1
78	53	0
93	6	0
22	96	0
21	41	0
64	74	0
62	85	0
59	75	0
44	1	0
55	84	0
73	83	0
78	56	0
19	90	0
90	83	0
3	73	0
52	57	1
20	48	0
75	79	0
96	69	0
48	67	0
69	41	0
92	37	0
24	89	0
55	81	0
23	43	0
48	80	0
38	24	0
91	88	0
28	96	0
93	5	0
77	39	0
63	91	0
71	82	0
61	72	0
25	41	0
23	61	0
60	89	0
80	67	0
42	90	0
59	85	0
71	19	0
24	68	1
46	91	0
26	25	0
80	59	0
66	42	0
76	65	0
86	37	0
10	92	0
61	49	0
91	37	0
60	34	0
52	17	0
95	27	0
68	79	0
79	96	0
82	68	0
94	27	0
94	31	0
88	76	0
30	94	0
69	86	0
49	93	0
79	33	0
10	97	0
87	17	0
22	45	0
26	89	0
23	97	0
82	74	0
73	79	0
88	52	0
84	57	0
46	87	0
73	2	1
83	62	0
49	5	0
46	27	0
84	42	0
29	71	0
67	83	0
76	67	0
73	0	0
86	48	0
92	40	0
76	65	0
68	82	0
58	70	1
58	13	0
4	87	0
1	91	0
83	66	0
77	65	0
89	7	0
96	84	0
19	5	0
28	89	0
55	93	0
90	10	0
90	9	0
95	29	0
76	25	0
65	48	0
3	1	0
22	98	0
4	78	1
47	86	0
58	68	0
93	42	0
62	87	0
95	84	0
72	36	0
85	81	0
76	18	0
16	11	0
36	7	0
32	24	0
93	41	0
82	13	0
7	49	0
20	22	0
92	83	0
96	76	0
75	21	0
98	13	0
59	6	0
84	15	0
35	12	0
94	86	0
29	86	0
10	98	0
34	43	0
76	43	0
62	58	0
64	79	0
84	82	0
75	24	0
72	82	0
95	40	0
83	56	0
63	47	0
95	70	0
67	17	0
90	13	0
29	51	0
68	95	0
94	31	0
19	86	0
98	43	0
69	97	0
94	34	0
60	18	0
53	48	0
57	97	0
72	88	0
26	92	0
93	80	0
2	90	0
93	2	0
93	11	0
58	75	0
64	54	1
10	92	0
76	38	0
94	65	0
31	76	1
30	7	0
51	93	0
32	84	0
54	78	0
5	32	0
89	36	0
92	12	0
77	98	0
18	29	0
71	30	0
65	88	0
4	18	0
47	83	0
81	49	0
24	91	0
84	9	0
81	17	0
93	59	0
16	82	0
64	18	0
91	88	0
34	92	0
68	58	0
8	37	0
62	89	0
61	45	0
17	70	1
61	26	1
91	42	0
74	54	0
70	56	0
1	37	0
89	65	0
20	99	0
90	54	0
10	93	0
87	85	0
39	19	0
75	59	0
58	91	0
56	98	0
81	55	0
75	10	0
0	82	0
71	40	0
26	99	0
79	28	0
88	46	0
73	27	0
84	71	0
53	99	0
57	95	0
28	98	0
97	83	0
72	85	0
24	0	0
9	81	0
77	93	0
70	90	0
64	50	0
67	27	0
34	79	1
78	59	0
99	3	0
16	74	1
90	2	0
52	68	1
89	83	0
64	83	0
78	25	0
91	12	0
74	89	0
27	97	0
92	13	0
92	1	0
70	22	0
8	53	0
14	97	0
14	85	0
82	86	0
86	93	0
75	92	0
85	67	0
74	64	0
8	99	0
15	76	1
29	20	0
2	10	0
46	40	0
95	27	0
82	37	0
68	56	0
53	15	0
86	78	0
65	78	0
86	51	0
35	83	1
77	63	0
22	8	0
98	38	0
57	98	0
41	41	0
23	93	0
72	92	0
95	76	0
31	85	1
14	77	0
41	65	0
58	61	1
64	78	0
55	94	0
10	48	0
78	65	0
82	53	0
89	68	0
40	76	0
67	78	0
88	16	0
85	8	0
12	83	0
45	94	0
83	76	0
71	70	0
9	92	0
16	83	0
78	96	0
29	24	0
8	81	0
66	89	0
61	72	0
81	83	0
9	92	0
72	48	0
22	2	0
45	95	0
8	93	0
1	18	0
80	66	0
83	12	0
78	26	0
75	16	1
13	21	0
14	53	0
73	29	0
63	71	0
27	92	0
57	55	0
87	86	0
83	39	0
75	83	0
65	53	1
71	83	0
8	66	0
78	60	0
54	40	0
97	41	0
97	90	0
78	73	0
62	52	0
62	55	0
53	74	0
97	77	0
95	0	0
59	78	0
5	98	0
62	33	0
69	22	0
68	17	0
28	71	1
76	23	0
75	24	0
27	27	0
58	93	0
67	64	0
41	90	0
65	97	0
79	62	0
82	27	0
85	68	0
91	96	0
89	43	0
89	84	0
41	86	0
72	79	0
79	48	0
44	90	0
81	81	0
72	68	0
93	23	0
1	71	1
54	73	0
82	20	0
60	40	0
85	86	0
75	59	0
17	85	0
24	89	0
80	30	0
82	30	0
97	48	0
94	10	0
81	83	0
89	17	0
80	39	0
18	72	1
12	94	0
20	77	1
10	90	0
55	51	1
48	26	0
38	61	0
55	80	0
65	2	0
15	88	0
82	50	0
22	12	0
22	64	0
79	71	0
70	63	0
84	61	0
80	54	0
72	64	0
82	49	0
9	38	0
94	86	0
72	56	0
47	89	0
8	71	0
33	79	1
88	20	0
56	91	0
20	89	0
99	43	0
66	32	0
19	19	0
24	31	0
15	64	0
77	54	0
93	40	0
29	6	0
57	8	0
47	83	0
90	81	0
19	3	0
50	78	0
68	25	0
92	62	0
71	67	0
64	88	0
6	43	0
95	45	0
92	66	0
8	83	0
26	80	1
28	96	0
5	98	0
63	35	0
87	17	0
6	17	0
86	29	0
85	21	0
42	32	0
21	98	0
57	84	0
11	79	0
23	24	0
18	74	1
19	94	0
63	55	0
85	44	0
64	89	0
54	68	1
22	94	0
78	42	0
10	3	0
83	55	0
54	57	1
92	30	0
74	25	0
74	33	0
56	91	0
47	37	1
65	8	1
39	99	0
85	42	0
68	98	0
77	54	0
84	45	0
61	91	0
41	75	1
93	36	0
99	98	0
79	85	0
57	86	0
88	19	0
69	76	0
67	21	0
31	89	0
92	53	0
95	91	0
82	8	0
99	98	0
83	23	0
88	69	0
9	91	0
74	99	0
67	77	0
0	16	0
13	98	0
9	70	0
87	28	0
28	96	0
59	81	0
82	43	0
11	68	1
78	44	0
23	99	0
86	45	0
92	57	0
72	50	0
82	23	0
3	83	0
12	5	0
65	74	0
20	62	0
26	10	0
4	91	0
35	81	1
96	53	0
81	83	0
88	60	0
89	78	0
76	47	0
2	83	0
82	24	0
93	33	0
