92	63	0
25	1	0
29	30	0
63	98	0
19	0	0
90	41	0
98	93	0
56	13	0
60	76	0
64	28	0
83	52	0
2	87	0
11	10	0
19	85	0
95	23	0
79	79	0
54	42	0
16	58	1
87	52	0
99	16	0
45	96	0
62	66	0
73	78	0
53	2	0
28	74	0
52	18	0
88	76	0
69	91	0
90	78	0
2	36	0
51	13	0
42	25	0
95	27	0
17	57	1
80	66	0
10	86	0
35	91	0
88	19	0
80	83	0
39	6	0
38	65	0
88	69	0
92	73	0
54	65	0
99	48	0
16	83	0
73	4	0
99	62	0
15	71	0
68	7	0
8	74	0
55	84	0
26	72	0
96	70	0
46	39	0
40	32	0
92	86	0
99	90	0
98	7	0
17	99	0
98	15	0
33	4	0
73	90	0
36	0	0
6	95	0
89	12	0
30	80	0
64	96	0
46	60	0
8	31	0
69	83	0
16	52	1
88	28	0
30	89	0
55	97	0
62	26	0
29	92	0
62	94	0
0	13	0
98	10	0
87	20	0
52	69	0
86	37	0
93	57	0
51	17	0
32	13	0
68	52	0
1	94	0
52	0	0
44	67	0
47	7	0
62	27	0
84	34	0
32	63	0
83	49	0
2	59	0
83	95	0
0	91	0
40	94	0
95	53	0
72	15	0
37	71	0
33	57	0
59	4	0
69	56	0
6	67	0
33	1	0
10	48	0
38	50	0
63	81	0
42	41	0
10	91	0
80	30	0
43	81	0
75	67	0
91	11	0
72	93	0
62	70	0
28	25	0
61	94	0
99	78	0
75	60	0
25	95	0
65	32	0
32	19	0
71	7	0
12	55	0
95	76	0
96	26	0
89	49	0
38	54	0
54	0	0
76	63	0
15	25	0
45	27	0
99	56	0
48	32	0
62	79	0
61	79	0
49	24	0
39	37	0
59	37	0
11	53	0
20	59	0
70	87	0
47	61	0
41	95	0
72	39	0
73	61	0
52	64	0
90	63	0
19	20	0
51	53	0
21	14	0
10	76	0
31	62	0
86	41	0
39	46	0
91	0	0
37	85	0
58	27	0
41	40	0
76	79	0
28	69	0
51	65	0
42	89	0
36	53	0
42	15	0
52	16	0
42	94	0
24	66	0
74	81	0
94	65	0
22	99	0
99	75	0
28	51	0
23	72	0
49	72	0
55	56	0
16	24	0
73	86	0
99	78	0
49	65	0
65	29	0
5	45	0
56	9	0
71	53	0
54	16	0
78	22	0
20	49	1
1	48	0
45	55	0
67	32	0
42	68	0
86	25	0
37	98	0
24	60	0
40	18	1
79	83	0
42	52	0
26	10	0
27	76	0
64	9	0
94	85	0
47	92	0
97	3	0
7	68	0
19	67	0
97	33	0
51	88	0
25	50	1
55	74	0
71	63	0
46	62	0
21	75	0
19	51	0
68	1	0
10	55	0
61	79	0
95	50	0
43	86	0
80	64	0
82	23	0
49	75	0
25	77	0
34	99	0
44	28	0
76	33	0
80	44	0
56	43	0
73	69	0
6	46	0
62	25	0
22	99	0
58	67	0
79	42	0
70	30	0
50	4	0
7	45	0
93	20	0
36	22	1
70	72	0
59	90	0
72	44	0
93	33	0
95	11	0
1	36	0
87	75	0
34	95	0
94	80	0
34	98	0
59	34	0
77	35	0
17	92	0
88	22	0
28	58	0
31	73	0
48	13	0
32	94	0
79	88	0
80	79	0
94	54	0
97	59	0
12	88	0
37	74	0
76	7	0
74	46	0
32	20	0
39	1	0
50	26	0
50	52	0
85	48	0
32	54	0
40	48	0
28	81	0
75	88	0
86	56	0
56	78	0
82	9	0
92	40	0
63	9	0
28	43	1
81	44	0
75	54	0
71	71	0
5	40	0
34	67	0
61	23	0
17	92	0
29	81	0
14	79	0
89	79	0
47	13	0
35	1	0
37	55	0
79	72	0
63	6	0
83	94	0
23	0	0
49	91	0
9	65	0
48	87	0
47	36	0
8	47	0
76	34	0
75	12	0
50	16	0
76	13	0
38	61	0
7	51	0
72	18	0
84	60	0
5	8	0
7	63	0
36	95	0
8	85	0
50	97	0
48	67	0
64	41	0
71	4	0
45	81	0
47	70	0
99	88	0
35	25	1
0	55	0
34	47	1
60	46	0
75	77	0
32	30	1
87	25	0
34	2	0
46	0	0
52	18	0
43	33	0
76	59	0
64	14	0
18	53	0
32	9	0
46	58	0
43	36	0
31	43	1
89	74	0
85	59	0
6	49	0
58	34	0
96	10	0
65	15	0
68	23	0
46	40	0
43	34	0
5	73	0
69	84	0
39	74	0
18	98	0
25	74	0
51	11	0
42	38	0
98	37	0
83	44	0
4	62	0
82	65	0
76	81	0
82	26	0
79	89	0
78	2	0
73	71	0
77	61	0
29	32	1
63	50	0
87	73	0
63	7	0
93	17	0
30	48	0
49	94	0
62	73	0
83	14	0
23	70	0
99	26	0
65	95	0
90	18	0
64	26	0
32	57	0
63	39	0
34	54	0
52	88	0
80	36	0
35	18	1
76	85	0
37	54	0
19	93	0
99	97	0
49	29	0
4	92	0
49	50	0
92	9	0
80	38	0
27	63	0
66	53	0
36	21	1
55	52	0
10	99	0
81	25	0
42	6	0
89	51	0
49	44	0
33	92	0
15	8	0
55	60	0
52	95	0
0	47	0
40	77	0
39	81	0
53	27	0
23	82	0
17	28	0
74	2	0
71	15	0
88	5	0
87	91	0
22	67	0
43	22	0
83	1	0
78	57	0
75	95	0
2	25	0
61	95	0
98	66	0
33	79	0
82	4	0
46	60	0
72	22	0
67	7	0
41	18	1
44	14	0
99	9	0
84	40	0
10	90	0
82	12	0
92	92	0
27	97	0
98	73	0
39	44	0
16	26	0
79	96	0
64	45	0
4	85	0
66	38	0
78	35	0
69	41	0
79	70	0
28	66	0
93	64	0
40	94	0
94	69	0
25	96	0
89	89	0
42	35	0
60	65	0
62	99	0
49	62	0
59	93	0
75	51	0
39	45	0
36	55	0
87	1	0
2	87	0
96	57	0
22	84	0
45	67	0
43	84	0
84	43	0
36	51	0
43	22	0
86	55	0
69	12	0
83	97	0
47	96	0
41	55	0
47	12	0
38	44	0
58	99	0
46	17	0
41	65	0
82	78	0
36	12	0
96	91	0
66	7	0
7	5	0
43	37	0
21	73	0
45	1	0
9	73	0
89	83	0
64	86	0
64	42	0
68	1	0
42	61	0
46	66	0
97	56	0
96	2	0
11	74	0
83	4	0
54	71	0
53	27	0
37	8	0
33	62	0
82	86	0
33	68	0
47	79	0
67	31	0
21	53	1
72	32	0
43	57	0
66	94	0
27	98	0
95	17	0
96	20	0
73	15	0
19	65	0
32	97	0
23	91	0
64	40	0
76	81	0
78	93	0
3	37	0
61	37	0
71	80	0
71	61	0
62	82	0
9	87	0
16	77	0
43	20	0
49	17	0
9	36	0
43	44	0
39	44	0
97	28	0
86	39	0
77	11	0
77	42	0
56	54	0
29	44	1
42	26	0
93	80	0
46	95	0
83	57	0
38	68	0
38	89	0
78	55	0
25	51	1
76	24	0
30	15	0
94	49	0
79	91	0
49	46	0
8	50	0
46	11	0
48	52	0
43	82	0
67	90	0
94	60	0
12	79	0
68	47	0
14	64	0
62	48	0
43	71	0
55	52	0
49	76	0
63	72	0
3	65	0
65	66	0
77	48	0
83	57	0
36	71	0
66	85	0
41	11	0
99	21	0
53	47	0
93	4	0
9	84	0
37	83	0
86	65	0
14	48	1
75	72	0
19	94	0
17	80	0
85	84	0
40	23	0
4	73	0
68	98	0
51	61	0
93	67	0
24	98	0
84	41	0
16	2	0
37	70	0
25	82	0
35	17	0
19	55	1
10	19	0
86	64	0
99	18	0
49	10	0
67	39	0
89	11	0
20	7	0
32	65	0
81	32	0
12	63	0
55	82	0
1	47	0
25	75	0
77	60	0
51	99	0
72	51	0
77	82	0
74	58	0
46	56	0
77	76	0
8	81	0
41	39	0
28	81	0
81	50	0
69	29	0
91	51	0
97	99	0
90	89	0
39	69	0
77	46	0
58	57	0
31	22	1
36	18	1
35	64	0
5	43	0
65	3	0
71	77	0
89	80	0
91	8	0
17	48	1
56	81	0
6	94	0
52	8	0
51	26	0
69	24	0
58	23	0
38	21	0
76	12	0
34	89	0
69	20	0
30	93	0
99	18	0
40	62	0
62	36	0
67	96	0
79	68	0
34	81	0
67	97	0
91	65	0
89	43	0
16	63	0
91	81	0
72	93	0
16	60	0
99	47	0
31	73	0
94	85	0
51	90	0
30	16	0
75	73	0
98	50	0
47	86	0
76	74	0
96	58	0
80	41	0
30	54	0
3	59	0
59	81	0
68	26	0
51	42	0
47	10	0
33	22	1
89	79	0
16	51	0
65	30	0
46	12	0
52	22	0
4	89	0
12	55	0
10	78	0
69	42	0
95	24	0
92	25	0
96	1	0
68	96	0
6	54	0
61	22	0
59	47	0
36	81	0
92	27	0
60	54	0
35	86	0
19	95	0
37	68	0
22	98	0
32	7	0
71	69	0
48	18	0
40	77	0
50	45	0
5	43	0
68	65	0
66	18	0
26	91	0
93	51	0
26	45	1
18	31	0
15	70	0
81	62	0
62	59	0
46	44	0
96	60	0
99	65	0
65	49	0
57	12	0
71	63	0
85	37	0
8	42	0
87	80	0
51	37	0
21	73	0
0	82	0
25	95	0
26	61	0
95	25	0
1	55	0
57	88	0
6	87	0
87	64	0
49	31	0
89	29	0
18	20	0
31	34	0
73	12	0
28	73	0
44	54	0
99	59	0
85	40	0
7	0	0
2	47	0
54	20	0
3	45	0
77	6	0
48	70	0
23	29	1
91	88	0
1	10	0
45	99	0
93	39	0
37	1	0
90	86	0
53	63	0
71	66	0
38	39	0
94	37	0
93	75	0
11	67	0
10	75	0
7	42	0
22	68	0
17	89	0
64	17	0
31	56	0
9	92	0
34	17	0
60	8	0
33	66	0
66	42	0
43	8	0
39	78	0
97	21	0
8	25	0
73	43	0
90	25	0
46	47	0
24	24	0
46	4	0
19	91	0
46	69	0
30	59	0
26	16	0
21	94	0
21	75	0
60	45	0
94	48	0
33	73	0
83	92	0
53	28	0
66	68	0
56	91	0
4	86	0
81	41	0
50	54	0
12	22	0
97	66	0
52	52	0
94	21	0
74	14	0
81	27	0
59	98	0
49	45	0
44	35	0
68	26	0
45	2	0
51	92	0
50	73	0
18	44	1
82	31	0
60	94	0
93	44	0
87	56	0
38	78	0
30	68	0
81	27	0
49	40	0
74	8	0
95	92	0
79	79	0
53	69	0
75	45	0
76	91	0
17	76	0
52	17	0
19	99	0
10	57	0
43	60	0
74	83	0
62	16	0
99	95	0
87	15	0
98	97	0
67	7	0
76	25	0
65	58	0
58	32	0
22	89	0
48	89	0
76	80	0
8	35	0
18	79	0
6	75	0
37	10	0
42	46	0
19	52	0
5	46	0
86	43	0
46	24	0
12	65	0
24	84	0
65	97	0
92	46	0
0	70	0
68	45	0
32	75	0
79	53	0
74	29	0
2	51	0
28	55	0
85	42	0
70	53	0
82	50	0
11	65	0
62	54	0
0	88	0
0	6	0
87	65	0
16	68	0
20	8	0
36	23	1
3	96	0
19	83	0
92	40	0
75	77	0
82	60	0
91	80	0
49	66	0
62	40	0
0	68	0
48	62	0
31	63	0
62	47	0
92	20	0
