91	62	0
41	8	0
31	33	0
64	98	0
17	9	0
99	40	0
94	88	0
41	11	0
60	79	0
53	23	0
84	44	0
0	79	0
16	1	0
22	74	0
97	24	0
77	74	0
56	33	0
17	55	0
87	58	0
96	9	0
50	91	0
60	71	0
79	90	0
58	6	0
34	81	0
53	11	0
84	73	0
65	85	0
89	81	0
0	28	0
48	17	0
40	22	0
92	29	0
27	52	0
86	64	0
4	91	0
42	99	0
88	30	0
73	88	0
46	2	0
21	72	0
91	60	0
93	70	0
55	66	0
95	47	0
2	80	0
61	6	0
99	67	0
12	68	0
67	9	0
15	78	0
60	95	0
34	77	0
94	72	0
50	31	0
29	25	0
96	79	0
99	99	0
92	4	0
12	95	0
99	16	0
35	8	0
73	75	0
40	4	0
17	97	0
87	9	0
40	85	0
69	91	0
43	65	0
0	33	0
73	91	0
8	59	0
94	29	0
34	42	1
33	87	0
55	93	0
61	30	0
33	95	0
57	95	0
3	22	0
99	4	0
96	16	0
46	61	0
83	41	0
82	57	0
48	9	0
39	5	0
72	45	0
10	95	0
54	3	0
54	88	0
41	1	0
47	36	0
81	43	0
36	65	0
72	49	0
8	60	0
75	83	0
5	77	0
28	98	0
93	60	0
65	14	0
40	66	0
38	69	0
65	2	0
74	54	0
1	61	0
27	4	0
10	37	0
40	38	0
66	87	0
47	45	0
12	97	0
83	7	0
50	78	0
75	80	0
98	1	0
68	81	0
52	70	0
39	11	0
52	96	0
98	67	0
69	59	0
27	99	0
62	36	0
33	14	0
22	42	0
78	6	0
8	57	0
90	58	0
96	21	0
81	41	0
41	50	0
51	14	0
79	68	0
19	12	0
32	15	0
94	57	0
40	34	0
63	73	0
66	90	0
48	33	0
41	41	0
57	40	0
15	43	0
30	52	0
24	56	0
82	90	0
43	60	0
31	99	0
73	44	0
78	64	0
54	78	0
92	72	0
20	24	0
55	52	0
13	15	0
25	80	0
34	67	0
86	31	0
41	42	0
78	12	0
44	84	0
51	27	0
48	45	0
74	74	0
25	68	0
49	74	0
38	81	0
35	45	0
39	13	0
55	14	0
38	80	0
21	72	0
78	74	0
93	63	0
29	95	0
92	72	0
26	49	0
17	82	0
57	68	0
40	52	0
20	15	0
7	32	1
76	90	0
86	78	0
54	62	0
66	36	0
3	49	0
60	4	0
79	43	0
61	24	0
79	28	0
20	63	0
11	46	0
46	52	0
78	22	0
38	65	0
87	30	0
34	93	0
28	69	0
34	24	0
83	79	0
41	57	0
35	7	0
20	83	0
58	15	0
98	83	0
59	90	0
92	1	0
8	70	0
23	59	0
97	28	0
46	78	0
39	34	0
56	70	0
54	66	0
48	63	0
20	77	0
26	55	0
66	0	0
4	65	0
60	78	0
92	39	0
41	87	0
81	62	0
62	26	0
52	68	0
25	84	0
36	98	0
50	33	0
76	36	0
85	62	0
68	45	0
67	63	0
5	41	0
50	17	0
9	88	0
58	53	0
68	40	0
68	31	0
56	7	0
12	55	0
87	18	0
39	7	0
68	65	0
57	77	0
70	31	0
98	37	0
99	9	0
1	50	0
95	78	0
18	99	0
89	76	0
31	95	0
61	30	0
67	23	0
20	85	0
77	36	0
34	72	0
36	77	0
44	2	0
34	91	0
80	93	0
68	89	0
81	47	0
94	68	0
17	94	0
42	67	0
63	3	0
69	39	0
32	21	0
38	3	0
49	9	0
52	57	0
78	41	0
34	48	0
37	48	0
37	73	0
74	87	0
84	65	0
59	78	0
84	1	0
86	43	0
69	0	0
19	44	0
67	41	0
69	53	0
73	70	0
16	36	0
35	67	0
60	18	0
17	85	0
27	86	0
24	70	0
83	68	0
48	17	0
36	0	0
32	53	0
75	70	0
60	8	0
73	87	0
12	2	0
51	99	0
6	71	0
37	98	0
47	38	0
3	54	0
77	28	0
76	4	0
57	15	0
87	13	0
38	59	0
7	57	0
72	23	0
88	65	0
14	12	0
2	63	0
28	97	0
3	91	0
47	97	0
58	72	0
54	42	0
62	8	0
44	86	0
46	61	0
81	98	0
34	32	0
11	53	0
26	48	0
62	55	0
69	81	0
25	23	0
79	30	0
36	4	0
52	4	0
63	16	0
37	41	0
74	67	0
79	10	0
13	42	0
47	16	0
54	54	0
43	37	0
31	47	0
86	76	0
78	58	0
14	47	0
56	35	0
98	9	0
61	9	0
53	30	0
48	41	0
42	32	0
7	79	0
56	82	0
22	74	0
19	97	0
30	96	0
56	12	0
40	37	0
99	44	0
83	52	0
2	67	0
80	74	0
68	72	0
78	27	0
83	85	0
86	4	0
78	54	0
84	67	0
35	20	0
63	44	0
30	50	0
91	76	0
73	12	0
97	21	0
29	49	0
41	95	0
68	62	0
86	13	0
17	76	0
89	25	0
52	99	0
83	20	0
73	37	0
46	47	0
55	40	0
30	39	1
33	54	0
60	84	0
80	23	0
38	21	0
74	79	0
32	69	0
12	96	0
92	96	0
40	38	0
0	88	0
57	36	0
92	19	0
81	40	0
13	62	0
62	48	0
42	28	0
51	42	0
11	97	0
86	22	0
51	4	0
87	40	0
49	44	0
29	86	0
21	4	0
59	57	0
56	91	0
11	51	0
44	78	0
36	80	0
53	34	0
21	84	0
7	44	0
24	41	1
62	10	0
82	30	0
89	2	0
85	86	0
23	69	0
26	30	1
48	25	0
86	3	0
78	60	0
75	93	0
8	43	0
64	92	0
93	58	0
32	85	0
69	2	0
58	50	0
64	26	0
73	11	0
45	27	0
38	14	0
97	1	0
88	33	0
9	85	0
83	17	0
91	99	0
21	88	0
94	61	0
48	52	0
8	27	0
80	96	0
64	47	0
0	98	0
69	39	0
75	37	0
81	46	0
88	68	0
21	72	0
86	64	0
34	86	0
94	82	0
30	86	0
94	83	0
39	28	0
58	64	0
63	97	0
45	64	0
72	96	0
71	45	0
30	64	0
35	68	0
87	4	0
7	87	0
93	51	0
18	83	0
48	72	0
45	81	0
90	43	0
37	50	0
50	26	0
80	59	0
64	9	0
89	89	0
65	92	0
48	45	0
49	8	0
37	40	0
55	83	0
36	23	0
44	62	0
79	73	0
35	18	0
96	96	0
56	11	0
7	8	0
51	28	0
20	79	0
40	1	0
13	65	0
92	89	0
60	85	0
60	52	0
59	5	0
43	68	0
44	54	0
98	54	0
88	5	0
7	72	0
74	4	0
56	70	0
63	27	0
38	18	0
34	68	0
86	84	0
28	80	0
39	83	0
79	32	0
16	49	0
68	33	0
43	68	0
63	85	0
31	99	0
90	10	0
93	32	0
70	16	0
24	78	0
28	99	0
28	82	0
76	47	0
82	82	0
81	86	0
9	39	0
75	44	0
73	74	0
77	64	0
65	78	0
15	81	0
14	64	0
37	27	0
38	16	0
2	41	0
47	54	0
28	46	0
81	32	0
81	41	0
74	7	0
73	49	0
50	63	0
23	58	0
51	29	0
88	77	0
50	91	0
81	65	0
33	60	0
36	89	0
80	55	0
29	51	0
78	28	0
23	49	0
32	12	0
88	57	0
73	96	0
55	56	0
7	57	0
52	7	0
63	59	0
37	88	0
39	29	0
78	91	0
96	63	0
12	85	0
68	45	0
7	65	0
77	58	0
36	61	0
50	58	0
38	79	0
62	65	0
4	55	0
70	58	0
69	48	0
75	46	0
28	74	0
65	85	0
55	6	0
95	21	0
56	35	0
97	11	0
10	76	0
32	42	1
36	69	0
82	66	0
26	57	0
77	73	0
20	95	0
13	85	0
90	86	0
47	31	0
0	67	0
71	97	0
49	67	0
87	60	0
24	96	0
94	33	0
19	9	0
35	80	0
21	84	0
27	8	0
15	45	0
11	25	0
79	69	0
98	20	0
54	14	0
71	31	0
91	25	0
31	7	0
31	67	0
99	36	0
6	62	0
47	93	0
0	56	0
24	82	0
70	51	0
53	94	0
78	46	0
67	87	0
32	42	1
70	60	0
40	55	0
72	63	0
1	77	0
57	34	0
27	83	0
86	44	0
75	26	0
91	75	0
90	92	0
87	85	0
48	73	0
69	40	0
51	64	0
39	21	0
29	9	0
37	74	0
6	41	0
67	8	0
60	81	0
84	83	0
87	3	0
15	45	0
58	81	0
23	91	0
64	2	0
54	42	0
59	23	0
44	21	0
47	18	0
83	10	0
39	99	0
67	20	0
28	99	0
95	17	0
24	46	0
47	62	0
74	28	0
80	96	0
71	70	0
42	63	0
59	96	0
73	67	0
87	49	0
9	60	0
87	84	0
82	98	0
13	67	0
94	44	0
28	69	0
99	83	0
50	99	0
38	13	0
74	71	0
91	59	0
57	81	0
71	65	0
92	66	0
66	35	0
17	57	0
6	63	0
60	76	0
71	37	0
54	47	0
47	1	0
33	22	0
99	73	0
17	60	0
33	45	0
63	23	0
47	4	0
57	24	0
20	98	0
15	60	0
11	80	0
69	50	0
87	24	0
90	37	0
94	2	0
61	90	0
10	51	0
60	31	0
55	51	0
50	84	0
95	16	0
62	58	0
39	90	0
17	89	0
39	65	0
27	90	0
35	13	0
73	74	0
48	25	0
35	80	0
52	42	0
6	46	0
72	61	0
66	11	0
27	86	0
99	47	0
21	39	1
23	58	0
21	22	0
6	66	0
80	60	0
73	64	0
42	50	0
81	59	0
92	71	0
63	39	0
61	20	0
79	67	0
78	23	0
7	50	0
74	86	0
26	34	1
60	33	0
15	65	0
2	86	0
35	95	0
34	53	0
89	26	0
4	47	0
58	88	0
2	89	0
84	55	0
47	35	0
83	31	0
11	14	0
44	35	0
75	5	0
25	82	0
50	50	0
98	65	0
85	36	0
6	4	0
4	44	0
53	18	0
8	56	0
84	8	0
52	72	0
32	27	0
89	95	0
9	17	0
30	97	0
94	51	0
36	10	0
90	97	0
49	56	0
59	59	0
35	34	0
91	32	0
91	85	0
7	62	0
4	72	0
19	47	0
24	78	0
17	95	0
60	23	0
32	60	0
12	90	0
39	20	0
66	20	0
36	66	0
60	48	0
50	16	0
34	73	0
31	35	0
91	16	0
5	33	0
80	53	0
93	21	0
51	45	0
34	21	0
51	6	0
23	93	0
44	69	0
45	60	0
30	14	0
23	89	0
10	86	0
66	46	0
93	36	0
30	29	0
30	68	0
85	94	0
51	24	0
68	76	0
56	83	0
7	85	0
76	39	0
49	60	0
17	37	0
90	79	0
53	57	0
94	17	0
77	14	0
83	22	0
66	96	0
54	58	0
39	51	0
61	24	0
45	7	0
56	90	0
56	75	0
13	59	0
78	40	0
50	94	0
91	33	0
87	58	0
32	82	0
39	59	0
82	32	0
42	53	0
84	3	0
98	97	0
75	75	0
46	82	0
77	39	0
72	88	0
13	77	0
47	8	0
10	94	0
14	62	0
47	66	0
72	77	0
65	15	0
96	91	0
91	9	0
93	95	0
63	9	0
83	27	0
72	60	0
52	35	0
12	88	0
57	92	0
65	81	0
25	48	0
11	33	0
24	89	0
12	66	0
39	13	0
41	45	0
20	59	0
32	42	1
0	44	0
90	56	0
41	21	0
12	62	0
30	81	0
62	86	0
91	52	0
2	77	0
67	40	0
30	64	0
79	51	0
63	29	0
10	55	0
23	48	0
83	49	0
62	50	0
84	54	0
0	65	0
65	54	0
7	78	0
6	4	0
88	70	0
13	60	0
31	2	0
31	23	0
9	99	0
22	78	0
89	42	0
71	70	0
83	61	0
76	83	0
49	63	0
61	41	0
8	75	0
42	70	0
33	55	0
73	53	0
85	11	0
