93	61	0
28	3	0
28	26	0
62	98	0
14	1	0
87	39	0
96	93	0
51	11	0
58	78	0
60	26	0
82	50	0
7	81	0
13	0	0
19	85	0
98	24	0
75	77	0
51	45	0
17	58	1
91	57	0
96	15	0
47	97	0
61	66	0
75	75	0
51	5	0
27	71	0
59	16	0
94	71	0
73	95	0
92	79	0
7	38	0
54	11	0
48	26	0
99	28	0
16	57	1
78	67	0
16	90	0
37	93	0
83	14	0
78	89	0
38	10	0
39	62	0
86	67	0
94	70	0
51	62	0
95	49	0
14	80	0
68	0	0
98	69	0
14	71	0
68	7	0
6	75	0
51	89	0
29	71	0
93	68	0
54	37	0
38	34	0
88	82	0
94	90	0
98	8	0
20	95	0
98	12	0
29	0	0
74	88	0
33	0	0
6	87	0
86	12	0
34	76	0
65	96	0
38	61	0
6	29	0
67	80	0
12	52	1
87	31	0
27	88	0
50	98	0
64	27	0
28	89	0
54	98	0
0	16	0
95	12	0
80	18	0
49	74	0
87	41	0
95	58	0
56	18	0
34	9	0
68	47	0
3	95	0
56	2	0
44	66	0
44	8	0
55	28	0
83	25	0
39	59	0
90	47	0
9	58	0
83	93	0
0	87	0
46	95	0
87	49	0
70	19	0
36	68	0
31	61	0
60	2	0
73	54	0
10	65	0
31	1	0
16	47	1
37	51	1
63	81	0
43	36	0
9	91	0
79	31	0
39	83	0
72	72	0
90	10	0
71	87	0
68	71	0
24	25	0
64	96	0
98	84	0
73	63	0
23	94	0
65	34	0
32	21	0
71	8	0
15	55	1
97	74	0
97	29	0
88	50	0
39	50	0
53	2	0
67	68	0
12	27	0
45	25	0
99	56	0
50	25	0
59	76	0
57	81	0
50	17	0
40	37	0
58	31	0
8	50	0
16	52	1
65	88	0
46	64	0
44	94	0
72	37	0
73	63	0
57	67	0
94	63	0
23	21	0
47	51	0
15	12	0
16	76	0
26	66	0
82	43	0
39	47	0
90	2	0
37	87	0
53	27	0
37	44	0
77	81	0
28	64	0
50	64	0
41	94	0
34	51	0
38	15	0
56	17	0
37	96	0
27	63	0
77	83	0
92	67	0
23	96	0
94	74	0
28	50	0
22	71	0
52	69	0
51	61	0
12	28	0
76	89	0
98	79	0
44	67	0
70	39	0
3	45	0
55	7	0
72	59	0
55	16	0
79	18	0
19	46	1
0	53	0
41	61	0
63	33	0
47	66	0
87	30	0
34	95	0
24	56	0
41	18	1
82	86	0
45	57	0
26	10	0
23	74	0
64	11	0
97	92	0
42	90	0
99	5	0
8	66	0
17	67	0
99	27	0
49	88	0
58	75	0
69	67	0
45	64	0
20	76	0
18	49	0
59	3	0
14	55	1
61	88	0
96	52	0
42	87	0
79	66	0
84	20	0
55	77	0
25	82	0
37	93	0
43	24	0
74	26	0
80	48	0
56	42	0
72	70	0
2	47	0
64	23	0
19	95	0
65	68	0
80	42	0
62	31	0
47	0	0
3	47	0
92	21	0
35	23	1
70	71	0
60	96	0
75	53	0
93	32	0
92	11	0
2	32	0
87	78	0
35	99	0
90	84	0
36	96	0
60	33	0
75	28	0
17	90	0
82	23	0
22	58	0
32	75	0
49	11	0
31	99	0
79	91	0
78	78	0
92	52	0
95	55	0
13	82	0
37	70	0
84	11	0
75	45	0
36	20	1
37	4	0
47	29	0
49	51	0
82	47	0
29	59	0
41	46	0
32	79	0
74	90	0
86	58	0
59	75	0
85	4	0
91	41	0
61	12	0
29	40	1
85	42	0
71	51	0
67	70	0
2	37	0
35	72	0
60	28	0
14	94	0
30	83	0
11	86	0
91	77	0
48	18	0
41	2	0
38	52	0
75	68	0
65	7	0
87	92	0
29	4	0
53	95	0
14	61	0
51	90	0
48	37	0
6	50	0
76	34	0
77	13	0
47	18	0
79	9	0
39	59	0
12	51	1
75	17	0
78	57	0
2	9	0
7	62	0
35	96	0
14	84	0
46	97	0
47	67	0
72	41	0
69	7	0
46	82	0
44	70	0
99	84	0
1	57	0
68	49	0
72	77	0
85	21	0
33	5	0
42	0	0
52	16	0
42	30	0
79	56	0
62	14	0
17	48	0
28	12	0
38	57	0
44	38	0
90	75	0
82	62	0
4	47	0
53	35	0
90	6	0
65	13	0
71	21	0
54	42	0
43	30	0
2	78	0
70	86	0
38	74	0
11	98	0
25	68	0
57	6	0
48	40	0
95	42	0
87	50	0
11	60	0
82	68	0
76	85	0
85	26	0
78	91	0
77	3	0
71	67	0
75	59	0
62	51	0
85	77	0
66	7	0
91	18	0
33	53	0
53	94	0
65	74	0
83	13	0
25	75	0
96	20	0
60	99	0
90	24	0
61	23	0
34	57	0
64	39	0
35	56	0
49	87	0
79	32	0
34	18	1
81	80	0
40	57	0
18	95	0
95	99	0
49	31	0
2	88	0
53	51	0
96	9	0
81	37	0
29	66	0
66	55	0
60	53	0
18	95	0
82	24	0
38	13	0
87	50	0
47	45	0
36	92	0
19	4	0
56	57	0
50	86	0
3	47	0
42	78	0
43	82	0
54	26	0
20	82	0
16	30	0
74	0	0
70	16	0
95	6	0
85	88	0
25	68	0
40	24	0
80	0	0
73	56	0
73	98	0
2	24	0
56	95	0
94	61	0
32	78	0
82	4	0
44	61	0
76	22	0
64	6	0
43	14	1
43	13	1
99	14	0
83	43	0
11	88	0
78	13	0
91	97	0
23	98	0
99	68	0
43	45	0
15	30	0
75	97	0
60	51	0
4	85	0
68	36	0
77	41	0
68	46	0
78	72	0
32	66	0
92	60	0
35	99	0
95	66	0
23	98	0
91	92	0
40	34	0
59	62	0
60	91	0
46	64	0
60	96	0
77	48	0
40	45	0
32	54	0
89	3	0
1	84	0
96	58	0
18	87	0
46	65	0
43	82	0
81	39	0
34	48	0
50	25	0
87	53	0
70	17	0
84	94	0
48	97	0
39	57	0
49	12	0
37	43	0
55	99	0
46	17	0
44	68	0
84	75	0
35	8	0
89	89	0
72	5	0
12	11	0
42	37	0
21	74	0
43	0	0
9	79	0
88	80	0
62	89	0
63	44	0
68	0	0
39	63	0
42	71	0
96	54	0
98	2	0
10	69	0
83	8	0
50	67	0
51	27	0
35	4	0
35	56	0
84	86	0
30	70	0
47	77	0
63	27	0
20	54	1
74	33	0
49	54	0
66	91	0
28	98	0
99	12	0
92	18	0
71	14	0
12	61	0
30	95	0
22	89	0
62	40	0
76	81	0
76	93	0
6	36	0
55	40	0
67	83	0
74	64	0
63	82	0
13	93	0
18	75	0
41	29	0
48	14	0
9	33	0
43	41	0
37	45	0
98	29	0
84	39	0
72	12	0
74	39	0
61	50	0
27	53	1
46	24	0
94	79	0
45	88	0
85	58	0
33	66	0
38	93	0
79	53	0
24	46	1
76	24	0
31	16	0
97	53	0
73	88	0
45	43	0
7	51	1
43	13	1
51	54	0
40	86	0
65	93	0
96	59	0
13	84	0
64	46	0
12	64	0
64	45	0
42	73	0
58	55	0
46	76	0
64	76	0
3	62	0
61	65	0
78	51	0
85	57	0
33	73	0
69	85	0
44	19	0
94	17	0
49	42	0
95	6	0
5	80	0
42	87	0
86	59	0
8	49	1
75	74	0
16	89	0
14	80	0
83	82	0
43	28	0
0	74	0
69	99	0
52	60	0
94	66	0
22	99	0
82	44	0
12	1	0
39	70	0
20	82	0
35	15	0
7	15	0
88	57	0
99	22	0
49	13	0
74	36	0
81	14	0
21	7	0
34	62	0
79	31	0
8	68	0
55	82	0
0	42	0
22	80	0
71	53	0
53	97	0
72	50	0
77	84	0
76	60	0
43	51	0
79	75	0
7	80	0
40	39	0
25	77	0
82	49	0
70	39	0
91	52	0
96	95	0
89	89	0
43	70	0
73	42	0
60	58	0
28	23	1
29	19	1
37	56	0
5	43	0
68	2	0
68	79	0
92	76	0
88	12	0
55	85	0
1	92	0
53	12	0
51	24	0
70	25	0
57	28	0
33	18	1
79	11	0
31	92	0
72	21	0
34	88	0
96	18	0
43	70	0
62	36	0
67	93	0
79	68	0
41	82	0
68	94	0
89	69	0
88	44	0
16	56	1
93	79	0
74	95	0
13	57	1
98	47	0
36	71	0
94	86	0
54	85	0
33	15	1
78	78	0
96	42	0
51	86	0
79	70	0
93	54	0
77	38	0
31	50	0
1	60	0
61	78	0
64	20	0
53	36	0
46	13	0
91	86	0
13	49	1
65	32	0
44	13	0
46	17	0
11	85	0
11	60	0
6	85	0
67	43	0
95	22	0
97	28	0
98	0	0
75	95	0
3	56	0
61	19	0
57	51	0
34	81	0
96	21	0
60	51	0
38	88	0
26	98	0
36	70	0
18	97	0
32	7	0
70	70	0
46	22	0
44	73	0
49	42	0
9	44	0
69	62	0
67	16	0
26	90	0
98	57	0
24	45	1
17	29	0
17	72	0
79	63	0
61	60	0
48	50	0
96	53	0
98	65	0
70	49	0
58	13	0
71	63	0
84	43	0
11	38	0
89	79	0
54	38	0
22	79	0
5	81	0
29	94	0
23	59	0
96	23	0
1	52	0
58	90	0
7	85	0
89	68	0
45	27	0
86	25	0
17	24	0
33	33	0
73	15	0
24	75	0
39	53	0
95	52	0
88	44	0
7	0	0
3	50	0
50	16	0
2	45	0
76	4	0
48	68	0
26	29	1
90	88	0
0	9	0
44	95	0
92	36	0
35	1	0
91	88	0
48	66	0
71	65	0
37	36	0
99	38	0
94	79	0
15	61	0
13	76	0
1	42	0
22	70	0
14	90	0
69	16	0
26	55	0
10	90	0
29	25	0
59	14	0
34	67	0
69	45	0
47	8	0
37	72	0
98	28	0
3	28	0
75	46	0
88	26	0
43	54	0
26	24	0
45	7	0
18	91	0
48	69	0
31	58	0
22	17	0
17	90	0
23	82	0
60	49	0
90	47	0
34	68	0
82	91	0
50	31	0
67	70	0
48	89	0
3	83	0
83	42	0
46	55	0
13	19	0
98	67	0
51	55	0
94	22	0
83	10	0
83	34	0
59	92	0
47	47	0
49	35	0
66	28	0
40	3	0
47	92	0
46	71	0
15	42	1
87	30	0
59	93	0
91	49	0
84	52	0
38	75	0
31	68	0
81	31	0
53	41	0
72	6	0
98	90	0
75	78	0
47	72	0
71	44	0
71	92	0
12	76	0
54	15	0
22	98	0
7	59	0
47	58	0
79	80	0
62	13	0
97	98	0
88	16	0
98	98	0
61	10	0
72	22	0
66	55	0
55	25	0
19	89	0
53	84	0
77	79	0
7	33	0
12	77	0
14	72	0
39	9	0
40	44	0
16	47	1
1	47	0
81	42	0
47	26	0
14	64	0
20	82	0
58	99	0
88	41	0
3	71	0
66	46	0
26	78	0
81	64	0
71	34	0
6	53	0
24	54	0
84	38	0
71	54	0
84	54	0
12	66	0
59	54	0
2	91	0
3	5	0
86	65	0
19	66	0
19	5	0
0	92	0
19	86	0
92	38	0
73	80	0
84	62	0
87	86	0
53	69	0
62	34	0
6	70	0
48	61	0
35	61	0
62	51	0
94	19	0
