93	61	0
42	9	0
31	32	0
64	99	0
14	11	0
96	37	0
95	89	0
41	5	0
61	82	0
49	18	0
83	44	0
1	77	0
18	1	0
23	70	0
99	24	0
77	73	0
57	31	0
17	55	0
89	62	0
99	10	0
50	92	0
62	67	0
80	86	0
59	3	0
34	81	0
55	10	0
84	74	0
65	83	0
88	80	0
0	27	0
49	18	0
41	18	0
90	31	0
28	53	0
86	61	0
6	90	0
41	99	0
91	30	0
70	90	0
45	2	0
23	71	0
94	61	0
90	70	0
54	67	0
97	47	0
4	80	0
62	1	0
98	66	0
12	68	0
60	9	0
14	81	0
60	94	0
35	76	0
96	71	0
51	34	0
27	23	0
94	77	0
93	99	0
93	5	0
17	97	0
99	18	0
35	8	0
74	76	0
41	9	0
13	97	0
86	9	0
44	89	0
69	90	0
45	66	0
2	35	0
69	91	0
9	57	0
94	30	0
31	40	1
32	87	0
55	94	0
60	28	0
35	95	0
58	97	0
1	22	0
99	6	0
94	17	0
43	57	0
82	42	0
84	59	0
49	12	0
36	7	0
71	45	0
13	95	0
54	3	0
54	88	0
38	0	0
48	33	0
82	45	0
37	65	0
74	48	0
11	60	0
77	81	0
4	81	0
32	98	0
96	59	0
64	15	0
39	69	0
38	67	0
64	2	0
73	52	0
1	61	0
28	1	0
12	39	0
41	36	0
68	88	0
51	46	0
13	96	0
85	3	0
48	77	0
78	78	0
97	2	0
67	80	0
50	70	0
36	6	0
53	98	0
99	69	0
70	63	0
28	97	0
62	38	0
32	16	0
16	44	0
80	3	0
6	59	0
95	57	0
98	20	0
80	37	0
36	52	0
49	12	0
83	72	0
18	13	0
33	14	0
89	59	0
43	37	0
63	72	0
67	89	0
49	33	0
45	37	0
57	40	0
12	44	0
29	50	0
23	56	0
78	87	0
49	59	0
28	97	0
73	44	0
75	63	0
54	79	0
94	74	0
19	27	0
55	52	0
15	14	0
25	82	0
30	69	0
86	30	0
42	40	0
77	10	0
43	85	0
48	26	0
50	46	0
73	75	0
28	65	0
51	78	0
34	82	0
33	46	0
40	10	0
53	10	0
38	73	0
22	76	0
81	74	0
91	67	0
28	91	0
90	70	0
29	52	0
20	86	0
54	65	0
36	54	0
21	13	0
8	29	1
75	94	0
87	80	0
58	63	0
70	38	0
3	50	0
58	5	0
81	40	0
62	25	0
74	29	0
17	61	0
10	48	0
46	50	0
79	18	0
42	64	0
90	29	0
32	95	0
26	67	0
37	23	0
84	78	0
37	54	0
36	9	0
21	83	0
57	14	0
98	83	0
63	92	0
91	0	0
4	76	0
24	60	0
92	30	0
48	79	0
44	34	0
52	66	0
49	66	0
47	63	0
20	78	0
27	55	0
68	4	0
0	64	0
61	79	0
94	41	0
42	89	0
80	60	0
64	30	0
50	66	0
26	88	0
37	97	0
54	34	0
76	36	0
82	59	0
66	39	0
68	67	0
4	42	0
48	17	0
9	88	0
64	53	0
69	38	0
67	27	0
52	8	0
9	55	0
85	18	0
39	10	0
68	66	0
58	74	0
71	33	0
98	38	0
98	7	0
3	53	0
96	77	0
21	98	0
93	77	0
31	96	0
60	30	0
60	19	0
20	85	0
76	34	0
38	70	0
36	72	0
43	6	0
34	93	0
81	91	0
71	94	0
83	44	0
92	68	0
19	90	0
44	64	0
64	6	0
71	36	0
32	21	0
38	5	0
50	11	0
50	57	0
78	43	0
30	46	0
38	49	0
36	73	0
74	86	0
82	67	0
56	76	0
83	1	0
84	43	0
66	0	0
17	50	0
27	34	1
71	43	0
71	55	0
67	70	0
15	36	0
34	70	0
57	18	0
19	87	0
29	88	0
27	68	0
91	66	0
46	16	0
37	0	0
29	55	0
78	71	0
62	8	0
74	90	0
13	0	0
52	99	0
4	70	0
39	94	0
46	39	0
1	55	0
76	26	0
76	6	0
55	12	0
86	15	0
37	56	0
12	54	0
73	24	0
88	64	0
11	12	0
0	64	0
26	95	0
0	89	0
48	97	0
53	73	0
53	41	0
62	11	0
43	88	0
44	62	0
79	99	0
30	33	0
9	54	0
27	45	0
61	57	0
73	80	0
29	23	0
78	29	0
37	2	0
50	2	0
61	16	0
32	44	0
76	68	0
81	10	0
10	42	0
51	17	0
50	55	0
42	40	0
31	50	0
88	75	0
77	57	0
11	49	0
55	34	0
97	8	0
55	6	0
53	29	0
49	40	0
42	31	0
6	77	0
57	81	0
21	76	0
17	93	0
26	98	0
60	13	0
38	35	0
97	46	0
87	57	0
0	70	0
80	71	0
66	71	0
79	26	0
83	85	0
83	11	0
79	57	0
78	63	0
36	20	0
61	50	0
27	52	0
90	80	0
71	15	0
96	17	0
32	50	0
42	93	0
70	65	0
88	13	0
15	72	0
91	23	0
51	98	0
83	22	0
72	40	0
43	54	0
58	38	0
31	39	1
34	50	0
59	84	0
83	26	0
39	23	0
73	77	0
28	67	0
13	98	0
86	97	0
38	37	0
3	89	0
56	34	0
93	19	0
85	41	0
13	62	0
60	43	0
44	29	0
47	44	0
13	94	0
85	19	0
54	1	0
87	40	0
49	46	0
26	84	0
21	3	0
58	60	0
53	88	0
12	52	0
41	74	0
36	80	0
56	38	0
17	86	0
5	49	0
23	44	1
63	11	0
88	34	0
93	3	0
83	85	0
20	69	0
29	32	1
46	24	0
82	1	0
77	60	0
76	91	0
7	46	0
65	92	0
93	58	0
32	87	0
71	5	0
57	53	0
60	27	0
77	12	0
47	27	0
39	11	0
96	1	0
88	29	0
10	81	0
84	15	0
91	98	0
23	89	0
97	62	0
48	50	0
10	24	0
84	95	0
65	44	0
0	97	0
69	40	0
75	35	0
75	52	0
86	67	0
25	72	0
88	64	0
31	86	0
97	82	0
31	90	0
94	82	0
38	28	0
59	67	0
62	96	0
44	64	0
72	95	0
67	49	0
32	66	0
37	65	0
84	3	0
7	87	0
93	52	0
17	81	0
50	70	0
46	78	0
89	45	0
38	54	0
47	27	0
79	59	0
67	9	0
87	88	0
63	92	0
47	47	0
49	5	0
41	39	0
56	83	0
36	26	0
47	65	0
79	72	0
37	16	0
98	96	0
55	13	0
12	11	0
53	23	0
19	77	0
40	0	0
12	60	0
90	95	0
57	85	0
60	53	0
59	5	0
43	70	0
45	51	0
94	59	0
86	3	0
4	71	0
74	0	0
55	73	0
63	31	0
39	14	0
36	65	0
85	82	0
26	76	0
41	83	0
77	30	0
19	51	0
63	34	0
41	71	0
61	84	0
35	98	0
86	9	0
96	28	0
72	17	0
27	78	0
27	98	0
27	80	0
74	43	0
80	80	0
81	87	0
10	41	0
74	38	0
70	74	0
76	70	0
60	81	0
18	80	0
17	66	0
42	23	0
38	16	0
0	37	0
46	55	0
26	45	0
82	29	0
86	37	0
75	4	0
78	48	0
52	64	0
21	64	0
56	28	0
89	81	0
52	92	0
76	64	0
33	58	0
34	86	0
79	54	0
25	51	0
79	32	0
22	50	0
32	17	0
89	51	0
77	94	0
55	56	0
7	59	0
54	6	0
62	55	0
33	84	0
35	27	0
80	91	0
94	62	0
15	82	0
64	46	0
6	66	0
81	56	0
32	62	0
48	59	0
36	78	0
61	64	0
5	57	0
73	59	0
67	49	0
76	44	0
22	74	0
67	84	0
55	9	0
94	20	0
52	34	0
98	10	0
8	80	0
34	43	0
37	69	0
84	67	0
26	57	0
77	71	0
19	94	0
15	86	0
90	87	0
47	28	0
0	66	0
76	97	0
47	67	0
85	58	0
24	97	0
94	33	0
22	8	0
34	79	0
23	79	0
26	10	0
14	45	0
12	27	0
78	71	0
97	17	0
57	15	0
72	33	0
86	29	0
32	9	0
32	62	0
96	35	0
5	62	0
50	92	0
5	55	0
26	83	0
67	50	0
53	96	0
78	48	0
65	83	0
32	40	1
70	60	0
43	54	0
71	61	0
3	74	0
57	32	0
28	88	0
83	44	0
73	23	0
89	73	0
90	95	0
84	81	0
51	72	0
70	38	0
50	68	0
42	22	0
32	11	0
35	76	0
1	44	0
65	10	0
60	84	0
83	85	0
81	3	0
12	43	0
55	80	0
20	92	0
64	4	0
56	43	0
58	22	0
44	21	0
48	17	0
83	8	0
41	99	0
67	26	0
30	98	0
98	14	0
26	50	0
44	64	0
70	24	0
77	95	0
71	72	0
42	64	0
58	95	0
71	68	0
89	49	0
11	59	0
85	85	0
82	94	0
13	64	0
92	48	0
31	71	0
99	85	0
53	95	0
39	17	0
70	67	0
87	57	0
57	81	0
72	65	0
90	67	0
68	34	0
18	54	0
6	60	0
63	72	0
69	35	0
54	46	0
49	2	0
29	20	0
98	72	0
17	56	0
27	46	0
60	25	0
43	6	0
54	26	0
20	99	0
13	58	0
16	81	0
71	51	0
82	27	0
90	34	0
93	4	0
64	90	0
10	53	0
56	26	0
56	50	0
46	77	0
95	16	0
62	57	0
44	92	0
18	91	0
42	63	0
25	90	0
37	16	0
76	78	0
51	28	0
36	82	0
53	39	0
10	45	0
67	61	0
66	12	0
27	82	0
93	48	0
22	40	1
22	57	0
19	19	0
5	66	0
79	64	0
72	60	0
40	53	0
80	60	0
91	66	0
66	40	0
64	21	0
81	67	0
79	23	0
6	51	0
75	86	0
28	35	0
58	34	0
11	62	0
1	84	0
36	92	0
36	52	0
88	25	0
1	47	0
59	89	0
3	88	0
85	58	0
47	38	0
84	31	0
13	15	0
47	37	0
74	5	0
25	86	0
48	45	0
99	61	0
88	37	0
6	1	0
8	43	0
56	16	0
7	56	0
83	7	0
52	72	0
34	25	0
90	96	0
10	18	0
29	94	0
94	55	0
35	10	0
88	98	0
49	58	0
59	61	0
36	37	0
94	33	0
93	86	0
6	60	0
3	73	0
19	48	0
23	78	0
22	94	0
64	29	0
33	57	0
12	92	0
40	19	0
69	19	0
36	65	0
58	47	0
53	14	0
33	72	0
35	34	0
87	17	0
4	35	0
79	52	0
92	19	0
51	43	0
38	23	0
49	2	0
20	89	0
47	65	0
48	61	0
34	14	0
23	87	0
8	86	0
69	46	0
96	36	0
30	26	0
28	65	0
86	91	0
47	28	0
67	74	0
56	83	0
8	83	0
76	36	0
47	60	0
15	39	0
92	76	0
53	60	0
95	18	0
78	14	0
88	22	0
70	97	0
54	59	0
42	53	0
64	26	0
46	8	0
56	88	0
56	72	0
18	53	0
76	36	0
48	92	0
90	31	0
88	58	0
30	81	0
43	53	0
24	38	1
79	33	0
41	52	0
86	4	0
97	96	0
73	73	0
49	83	0
75	39	0
71	86	0
11	80	0
45	4	0
11	90	0
11	63	0
49	70	0
74	77	0
66	15	0
98	93	0
92	9	0
95	95	0
63	11	0
84	28	0
72	61	0
53	36	0
13	89	0
59	92	0
68	86	0
29	45	0
10	33	0
26	89	0
13	63	0
38	11	0
43	44	0
20	64	0
35	41	0
2	44	0
94	57	0
42	23	0
14	64	0
29	79	0
62	84	0
89	53	0
2	79	0
66	43	0
26	58	0
78	51	0
64	28	0
3	53	0
23	47	0
80	48	0
64	49	0
86	54	0
1	66	0
61	51	0
10	78	0
2	6	0
87	72	0
14	59	0
33	1	0
33	22	0
11	96	0
18	78	0
90	39	0
69	72	0
79	62	0
75	85	0
50	64	0
61	43	0
5	73	0
46	71	0
34	53	0
70	55	0
85	11	0
