92	62	0
41	9	0
32	32	0
64	99	0
17	9	0
99	39	0
94	89	0
40	11	0
61	79	0
53	23	0
83	43	0
1	80	0
15	1	0
23	74	0
98	24	0
77	73	0
55	32	0
17	56	0
86	57	0
95	9	0
50	90	0
60	71	0
80	89	0
58	6	0
34	82	0
53	11	0
84	72	0
65	85	0
88	80	0
0	27	0
49	17	0
40	21	0
92	29	0
27	51	0
86	64	0
5	90	0
41	99	0
88	30	0
73	88	0
45	3	0
21	72	0
91	61	0
93	70	0
56	65	0
94	48	0
2	81	0
60	5	0
99	67	0
12	68	0
67	10	0
15	77	0
60	94	0
34	76	0
94	71	0
50	31	0
30	25	0
96	79	0
99	99	0
91	4	0
12	94	0
99	16	0
35	8	0
72	76	0
39	3	0
17	97	0
86	8	0
39	85	0
69	92	0
42	65	0
0	34	0
72	91	0
8	60	0
95	29	0
33	41	1
33	87	0
55	93	0
61	30	0
33	94	0
56	94	0
3	21	0
99	5	0
95	16	0
46	60	0
83	41	0
83	57	0
48	9	0
38	6	0
72	46	0
11	95	0
54	3	0
54	88	0
41	1	0
46	37	0
82	42	0
37	65	0
73	48	0
7	60	0
75	82	0
4	77	0
28	98	0
92	61	0
65	14	0
39	65	0
38	68	0
65	3	0
74	53	0
2	60	0
27	4	0
11	36	0
40	38	0
66	86	0
48	44	0
12	97	0
84	7	0
50	78	0
75	80	0
98	0	0
68	80	0
52	69	0
39	12	0
52	96	0
97	67	0
69	58	0
28	99	0
62	37	0
33	14	0
22	43	0
78	5	0
7	57	0
91	58	0
95	20	0
81	41	0
40	50	0
51	14	0
79	67	0
19	12	0
32	16	0
94	57	0
39	33	0
63	72	0
66	90	0
48	33	0
41	40	0
58	39	0
16	43	0
29	52	0
23	56	0
82	90	0
43	61	0
31	99	0
73	45	0
78	64	0
55	78	0
92	73	0
20	24	0
55	52	0
13	15	0
25	80	0
35	66	0
86	32	0
41	42	0
77	12	0
44	84	0
50	26	0
47	45	0
75	75	0
25	68	0
48	73	0
39	80	0
34	45	0
39	14	0
55	14	0
38	80	0
21	72	0
79	74	0
93	62	0
29	94	0
93	72	0
26	49	0
17	82	0
56	69	0
40	52	0
21	15	0
7	32	1
76	91	0
86	78	0
53	62	0
66	36	0
3	49	0
59	4	0
80	44	0
61	23	0
79	27	0
20	62	0
11	47	0
45	51	0
78	23	0
39	65	0
86	29	0
35	94	0
27	70	0
34	24	0
82	79	0
40	58	0
35	7	0
20	83	0
57	15	0
99	83	0
59	90	0
92	0	0
8	70	0
23	59	0
98	28	0
47	78	0
39	35	0
56	71	0
54	65	0
48	64	0
20	76	0
26	55	0
67	0	0
3	65	0
60	79	0
92	38	0
42	87	0
81	63	0
62	27	0
51	69	0
26	84	0
36	97	0
50	33	0
76	37	0
84	62	0
69	46	0
67	63	0
4	41	0
50	16	0
9	89	0
57	52	0
67	41	0
68	31	0
56	8	0
11	54	0
88	18	0
39	7	0
68	65	0
56	77	0
71	32	0
98	37	0
99	10	0
1	50	0
95	79	0
17	98	0
89	77	0
30	95	0
60	31	0
67	22	0
19	86	0
77	36	0
34	72	0
35	78	0
45	2	0
34	92	0
79	93	0
69	88	0
82	47	0
93	68	0
17	95	0
43	67	0
64	3	0
69	40	0
32	22	0
39	3	0
49	10	0
53	58	0
78	41	0
34	48	0
36	48	0
37	73	0
75	87	0
83	64	0
59	78	0
85	1	0
85	42	0
69	0	0
19	44	0
67	41	0
70	53	0
72	70	0
15	35	0
35	66	0
61	18	0
17	86	0
27	86	0
24	70	0
83	68	0
48	17	0
36	0	0
32	54	0
75	71	0
59	8	0
73	88	0
11	2	0
50	98	0
6	71	0
38	98	0
47	39	0
4	54	0
76	29	0
76	4	0
57	15	0
88	13	0
37	59	0
7	57	0
72	24	0
88	65	0
13	12	0
1	64	0
28	96	0
4	91	0
46	97	0
58	72	0
54	43	0
63	8	0
45	87	0
46	62	0
82	97	0
35	32	0
11	53	0
26	48	0
62	55	0
69	81	0
25	23	0
79	31	0
36	3	0
52	4	0
62	16	0
37	42	0
74	68	0
79	9	0
13	43	0
47	17	0
54	55	0
44	37	0
31	48	0
87	76	0
77	58	0
15	46	0
56	35	0
97	8	0
60	10	0
53	30	0
48	42	0
41	31	0
6	79	0
55	82	0
22	74	0
19	98	0
30	97	0
55	12	0
41	38	0
98	44	0
84	51	0
1	67	0
81	73	0
68	73	0
78	27	0
84	86	0
86	5	0
77	54	0
85	66	0
35	20	0
64	44	0
29	51	0
92	75	0
72	11	0
97	22	0
30	50	0
40	94	0
68	63	0
85	14	0
17	75	0
90	25	0
53	98	0
83	21	0
74	37	0
46	47	0
55	40	0
30	39	1
32	53	0
60	83	0
81	24	0
37	21	0
73	79	0
32	69	0
12	96	0
93	96	0
40	38	0
1	88	0
57	36	0
92	18	0
82	40	0
13	63	0
62	48	0
41	29	0
50	43	0
11	96	0
86	22	0
52	4	0
86	40	0
48	44	0
28	85	0
20	4	0
60	58	0
55	90	0
10	52	0
43	79	0
36	80	0
53	35	0
20	84	0
7	45	0
25	40	1
62	10	0
82	30	0
88	2	0
84	85	0
22	69	0
27	29	1
49	26	0
85	2	0
78	60	0
74	92	0
7	43	0
64	93	0
93	57	0
32	86	0
69	1	0
58	50	0
63	25	0
72	11	0
45	28	0
39	15	0
98	0	0
88	33	0
8	85	0
82	16	0
91	99	0
21	89	0
93	61	0
48	53	0
8	27	0
80	96	0
64	46	0
1	99	0
70	39	0
74	38	0
81	45	0
88	67	0
20	71	0
86	64	0
34	86	0
93	83	0
31	86	0
93	82	0
40	28	0
58	65	0
63	97	0
45	63	0
72	97	0
71	44	0
30	64	0
35	69	0
87	5	0
7	87	0
93	51	0
19	84	0
49	72	0
45	82	0
90	43	0
38	51	0
49	26	0
79	60	0
65	9	0
88	89	0
64	92	0
48	44	0
50	9	0
37	39	0
54	83	0
36	23	0
43	63	0
80	74	0
34	18	0
96	95	0
56	11	0
6	7	0
51	28	0
20	79	0
40	1	0
14	65	0
92	89	0
60	85	0
61	51	0
58	4	0
44	68	0
44	55	0
99	54	0
89	5	0
6	71	0
75	4	0
56	70	0
63	26	0
39	19	0
34	67	0
87	83	0
27	80	0
40	82	0
80	32	0
16	50	0
68	33	0
42	69	0
63	85	0
31	98	0
89	10	0
93	32	0
70	17	0
25	77	0
29	99	0
29	82	0
76	47	0
82	82	0
82	86	0
9	40	0
76	44	0
72	73	0
77	64	0
65	78	0
14	81	0
14	64	0
37	27	0
38	16	0
1	42	0
48	53	0
29	47	0
80	32	0
81	41	0
74	7	0
73	48	0
50	63	0
24	57	0
50	29	0
88	78	0
51	92	0
82	66	0
33	60	0
35	88	0
81	55	0
29	50	0
78	28	0
22	50	0
32	12	0
89	57	0
72	97	0
56	56	0
7	57	0
53	6	0
63	60	0
37	87	0
39	29	0
77	91	0
96	64	0
13	85	0
69	45	0
6	64	0
76	58	0
36	61	0
51	58	0
37	79	0
61	65	0
3	56	0
69	59	0
69	48	0
75	47	0
29	75	0
66	85	0
55	7	0
95	21	0
55	34	0
96	11	0
11	76	0
31	42	1
35	69	0
82	66	0
27	56	0
77	73	0
20	94	0
12	85	0
89	85	0
47	30	0
0	68	0
70	96	0
50	66	0
87	59	0
23	95	0
94	33	0
19	8	0
34	80	0
21	84	0
27	9	0
15	45	0
12	25	0
79	70	0
97	21	0
53	14	0
70	30	0
91	25	0
31	7	0
31	67	0
98	35	0
5	62	0
47	93	0
1	55	0
25	81	0
71	51	0
53	95	0
78	46	0
68	88	0
32	41	1
70	59	0
40	55	0
72	62	0
1	78	0
57	33	0
27	84	0
86	45	0
76	26	0
91	74	0
91	93	0
87	84	0
47	74	0
69	39	0
51	64	0
39	20	0
28	9	0
37	74	0
5	42	0
67	8	0
61	80	0
84	83	0
88	4	0
14	45	0
58	82	0
23	91	0
63	3	0
55	41	0
60	23	0
44	22	0
47	19	0
82	9	0
40	98	0
68	19	0
27	98	0
94	16	0
25	45	0
48	63	0
74	29	0
80	96	0
71	70	0
42	64	0
60	96	0
73	68	0
88	50	0
8	60	0
88	83	0
83	98	0
13	67	0
94	45	0
28	69	0
99	83	0
49	99	0
38	13	0
74	70	0
91	58	0
57	81	0
70	66	0
92	66	0
67	34	0
17	56	0
5	63	0
61	76	0
70	36	0
54	47	0
47	2	0
33	22	0
99	73	0
17	59	0
32	44	0
63	24	0
47	4	0
57	24	0
19	99	0
14	61	0
12	80	0
70	50	0
86	23	0
89	38	0
95	2	0
61	90	0
11	52	0
61	32	0
55	50	0
50	85	0
95	16	0
61	59	0
39	90	0
17	88	0
38	65	0
27	90	0
36	14	0
72	74	0
49	25	0
35	79	0
52	42	0
5	45	0
72	62	0
65	12	0
28	87	0
99	48	0
20	38	1
23	57	0
22	22	0
7	67	0
80	60	0
73	65	0
43	51	0
81	59	0
93	70	0
62	38	0
61	20	0
79	68	0
78	23	0
6	50	0
74	87	0
27	35	1
59	32	0
15	66	0
2	87	0
35	95	0
34	53	0
90	26	0
3	47	0
58	89	0
2	90	0
85	55	0
47	36	0
84	30	0
12	14	0
45	35	0
76	6	0
25	81	0
50	50	0
99	65	0
84	37	0
6	5	0
5	43	0
52	17	0
8	56	0
83	8	0
52	73	0
31	27	0
89	94	0
8	16	0
30	96	0
95	51	0
36	10	0
90	98	0
49	56	0
60	60	0
35	34	0
92	33	0
91	85	0
8	61	0
4	72	0
19	46	0
25	77	0
16	95	0
60	23	0
32	61	0
13	90	0
40	20	0
67	21	0
37	65	0
59	47	0
50	15	0
34	72	0
32	36	0
90	15	0
5	32	0
80	53	0
93	22	0
51	45	0
34	22	0
51	6	0
24	93	0
45	68	0
44	61	0
29	14	0
23	88	0
10	86	0
66	45	0
94	36	0
30	30	0
30	68	0
86	95	0
52	24	0
68	77	0
56	84	0
8	85	0
76	39	0
49	60	0
16	36	0
90	78	0
52	57	0
94	17	0
76	15	0
83	22	0
67	96	0
54	58	0
40	52	0
62	24	0
45	8	0
56	90	0
57	76	0
13	59	0
78	39	0
50	94	0
91	33	0
88	58	0
32	81	0
39	59	0
82	32	0
42	52	0
84	3	0
99	97	0
74	74	0
47	82	0
76	39	0
72	88	0
12	77	0
48	9	0
10	93	0
15	62	0
47	67	0
72	78	0
64	14	0
96	91	0
92	9	0
93	94	0
64	8	0
83	28	0
72	59	0
52	35	0
13	88	0
56	92	0
66	80	0
25	47	0
11	33	0
25	90	0
12	66	0
38	12	0
40	44	0
20	58	0
32	43	1
0	44	0
89	55	0
41	21	0
11	62	0
31	82	0
62	86	0
91	51	0
2	78	0
66	41	0
30	63	0
78	51	0
63	29	0
9	55	0
24	48	0
83	48	0
63	49	0
83	54	0
0	66	0
64	54	0
6	78	0
6	3	0
87	70	0
12	59	0
30	2	0
31	22	0
8	98	0
21	79	0
89	42	0
71	69	0
83	61	0
75	83	0
49	64	0
60	41	0
7	74	0
43	70	0
32	56	0
73	53	0
85	11	0
