92	61	0
30	4	0
29	28	0
64	99	0
18	2	0
86	40	0
95	95	0
51	10	0
58	78	0
60	29	0
81	48	0
6	82	0
12	2	0
19	84	0
98	23	0
75	78	0
51	43	0
19	61	1
88	54	0
96	13	0
46	99	0
59	67	0
74	76	0
51	6	0
29	72	0
56	18	0
93	71	0
73	93	0
93	78	0
6	36	0
54	10	0
46	27	0
99	29	0
17	57	1
80	65	0
14	89	0
35	95	0
84	16	0
77	89	0
37	9	0
42	64	0
88	66	0
94	70	0
54	62	0
96	50	0
15	81	0
69	0	0
95	69	0
16	72	0
69	4	0
8	73	0
53	86	0
28	70	0
94	67	0
52	39	0
40	33	0
88	82	0
95	91	0
97	5	0
20	97	0
97	12	0
30	0	0
74	89	0
34	1	0
6	89	0
87	12	0
32	79	0
64	99	0
40	62	0
8	27	0
66	81	0
10	53	1
87	30	0
30	86	0
50	99	0
64	28	0
29	88	0
57	95	0
1	15	0
96	12	0
80	20	0
48	72	0
86	41	0
93	58	0
56	18	0
33	11	0
70	48	0
2	95	0
56	1	0
45	66	0
46	8	0
54	28	0
83	26	0
36	58	0
89	47	0
7	58	0
84	95	0
0	88	0
45	96	0
87	50	0
71	19	0
36	67	0
32	64	0
58	4	0
71	54	0
8	64	0
30	0	0
14	47	0
37	51	1
64	83	0
41	38	0
8	92	0
78	29	0
42	82	0
73	71	0
92	6	0
70	88	0
67	72	0
27	26	0
66	96	0
97	82	0
71	61	0
23	94	0
66	35	0
32	21	0
73	8	0
14	53	1
96	74	0
98	28	0
88	52	0
40	48	0
53	0	0
69	66	0
14	26	0
45	24	0
98	56	0
50	26	0
60	75	0
57	82	0
50	19	0
40	38	0
60	32	0
9	51	0
17	53	1
67	88	0
45	61	0
41	94	0
71	38	0
74	63	0
56	66	0
93	64	0
21	23	0
48	51	0
17	12	0
13	75	0
29	64	0
81	44	0
39	47	0
90	3	0
34	88	0
53	29	0
39	43	0
78	83	0
28	66	0
50	63	0
38	90	0
36	51	0
40	11	0
53	15	0
36	96	0
27	66	0
74	82	0
93	66	0
21	95	0
94	74	0
30	50	0
23	73	0
53	69	0
52	60	0
11	25	0
77	90	0
96	79	0
46	67	0
70	36	0
2	45	0
56	9	0
71	58	0
55	17	0
80	18	0
21	46	1
2	52	0
44	58	0
61	34	0
43	67	0
84	30	0
34	97	0
23	58	0
40	19	1
84	85	0
45	54	0
25	10	0
23	76	0
64	8	0
95	90	0
44	92	0
98	6	0
6	66	0
15	67	0
99	29	0
50	89	0
24	50	1
59	76	0
69	65	0
45	64	0
18	76	0
18	51	0
61	4	0
12	54	1
63	87	0
95	53	0
41	86	0
80	67	0
84	21	0
53	78	0
26	82	0
36	94	0
43	27	0
74	28	0
81	48	0
56	42	0
73	69	0
2	46	0
64	24	0
21	96	0
64	66	0
79	41	0
65	30	0
47	3	0
4	45	0
93	21	0
36	22	1
69	72	0
59	97	0
76	52	0
93	33	0
96	13	0
0	31	0
86	77	0
35	97	0
91	82	0
36	99	0
59	33	0
73	30	0
18	91	0
83	23	0
23	57	0
32	71	0
50	11	0
30	99	0
79	89	0
79	78	0
92	53	0
95	55	0
12	83	0
35	68	0
84	12	0
76	44	0
35	20	1
36	3	0
48	28	0
47	53	0
82	46	0
29	58	0
42	45	0
33	81	0
73	89	0
88	56	0
61	77	0
85	5	0
92	42	0
63	11	0
29	40	1
84	42	0
72	52	0
68	70	0
5	37	0
36	68	0
57	25	0
16	95	0
32	82	0
11	85	0
90	79	0
48	17	0
41	4	0
38	54	0
75	69	0
62	5	0
84	93	0
27	3	0
56	94	0
15	60	0
52	88	0
45	38	0
6	51	0
76	33	0
76	10	0
46	19	0
80	11	0
40	58	0
9	53	0
72	18	0
80	59	0
5	9	0
5	61	0
37	96	0
11	85	0
48	97	0
52	67	0
69	40	0
68	6	0
44	81	0
44	68	0
99	84	0
3	59	0
67	49	0
74	77	0
86	21	0
30	4	0
45	1	0
53	17	0
42	32	0
78	57	0
63	13	0
17	50	0
28	11	0
40	57	0
42	35	0
90	74	0
82	61	0
1	46	0
53	33	0
88	9	0
64	13	0
71	24	0
53	42	0
44	31	0
5	81	0
70	85	0
37	73	0
12	97	0
26	70	0
55	9	0
46	41	0
99	41	0
86	48	0
9	63	0
80	69	0
77	87	0
84	26	0
77	90	0
79	7	0
71	67	0
74	59	0
62	50	0
82	75	0
65	9	0
91	19	0
35	50	0
51	93	0
64	75	0
83	12	0
23	73	0
97	23	0
58	99	0
92	21	0
58	25	0
33	55	0
63	39	0
33	55	0
52	86	0
79	33	0
33	19	1
80	83	0
38	58	0
17	95	0
95	99	0
49	31	0
1	88	0
51	52	0
95	9	0
82	34	0
26	64	0
68	54	0
59	54	0
15	94	0
82	25	0
36	11	0
87	53	0
49	43	0
35	92	0
18	4	0
56	57	0
49	89	0
3	46	0
42	76	0
40	82	0
53	26	0
19	83	0
15	27	0
73	1	0
69	17	0
95	4	0
86	91	0
26	68	0
41	23	0
81	0	0
73	57	0
74	97	0
4	25	0
57	96	0
96	62	0
32	78	0
83	3	0
45	61	0
73	19	0
63	5	0
42	16	1
43	15	1
99	13	0
84	42	0
12	91	0
78	13	0
91	94	0
22	99	0
98	71	0
42	43	0
15	30	0
76	98	0
61	48	0
4	86	0
66	37	0
75	41	0
67	45	0
77	74	0
29	67	0
91	60	0
33	98	0
97	68	0
23	99	0
89	90	0
40	32	0
60	64	0
59	93	0
47	65	0
62	95	0
77	50	0
40	45	0
33	56	0
91	3	0
0	84	0
97	58	0
20	87	0
44	67	0
42	82	0
81	41	0
35	49	0
51	24	0
85	52	0
69	15	0
84	95	0
49	95	0
39	57	0
47	12	0
38	42	0
55	97	0
45	19	0
44	66	0
84	76	0
35	9	0
90	88	0
69	6	0
11	8	0
42	38	0
20	72	0
42	0	0
8	77	0
85	80	0
64	88	0
63	40	0
68	1	0
41	62	0
43	71	0
96	54	0
99	3	0
9	70	0
84	6	0
51	70	0
54	28	0
32	4	0
36	59	0
84	88	0
32	67	0
45	77	0
64	28	0
20	55	1
73	31	0
47	56	0
64	89	0
26	99	0
96	13	0
90	17	0
75	16	0
15	64	0
31	98	0
24	90	0
65	39	0
75	81	0
77	92	0
6	34	0
57	38	0
68	83	0
74	63	0
64	82	0
12	89	0
17	76	0
44	27	0
49	16	0
6	35	0
43	42	0
36	44	0
99	29	0
85	40	0
73	11	0
75	38	0
60	51	0
28	51	1
46	23	0
93	80	0
44	91	0
85	57	0
35	68	0
38	92	0
78	54	0
20	48	1
77	27	0
32	18	0
96	54	0
73	88	0
46	42	0
10	51	1
44	11	0
52	52	0
41	87	0
64	90	0
95	58	0
11	81	0
65	46	0
13	64	0
64	47	0
43	73	0
57	55	0
45	75	0
64	76	0
2	63	0
62	64	0
80	49	0
85	56	0
34	71	0
66	86	0
45	18	0
95	17	0
49	42	0
97	7	0
5	83	0
41	87	0
88	61	0
10	50	1
76	73	0
16	89	0
16	82	0
85	82	0
43	25	0
0	73	0
72	97	0
50	57	0
94	66	0
22	98	0
83	43	0
15	0	0
38	69	0
22	82	0
35	14	0
9	15	0
88	60	0
99	19	0
50	13	0
73	39	0
82	14	0
20	6	0
32	65	0
78	31	0
12	65	0
56	82	0
0	45	0
21	78	0
72	55	0
54	96	0
72	52	0
76	82	0
75	61	0
45	52	0
79	75	0
5	80	0
40	40	0
27	79	0
80	49	0
68	38	0
93	52	0
98	95	0
90	89	0
41	73	0
75	42	0
59	61	0
29	24	1
29	19	1
38	59	0
1	43	0
69	4	0
71	77	0
93	75	0
87	10	0
56	83	0
1	96	0
53	10	0
52	23	0
69	22	0
55	28	0
34	18	1
82	11	0
32	91	0
67	21	0
37	90	0
98	17	0
39	69	0
62	35	0
66	96	0
80	68	0
38	80	0
67	94	0
90	68	0
89	43	0
16	57	1
90	79	0
73	94	0
13	57	1
97	48	0
34	70	0
95	85	0
54	87	0
32	13	1
81	80	0
97	43	0
50	88	0
76	70	0
94	56	0
78	38	0
29	51	0
2	58	0
59	80	0
68	24	0
51	36	0
44	13	0
88	84	0
12	51	1
65	30	0
43	13	0
45	20	0
8	85	0
11	61	0
6	85	0
65	43	0
95	22	0
96	28	0
96	0	0
75	94	0
4	58	0
62	19	0
58	50	0
33	79	0
95	26	0
60	50	0
38	88	0
24	97	0
34	72	0
19	98	0
31	7	0
71	69	0
46	22	0
43	74	0
50	43	0
7	44	0
69	66	0
68	16	0
25	89	0
95	58	0
24	43	1
16	30	0
15	74	0
81	64	0
59	60	0
46	50	0
96	55	0
98	66	0
69	50	0
55	11	0
72	65	0
85	42	0
13	38	0
88	82	0
52	38	0
24	78	0
4	83	0
26	94	0
26	59	0
96	20	0
0	53	0
55	87	0
5	86	0
91	66	0
46	28	0
87	25	0
18	25	0
35	33	0
72	14	0
23	77	0
40	50	0
97	53	0
87	43	0
6	0	0
5	50	0
52	16	0
1	44	0
80	5	0
48	70	0
24	28	1
91	91	0
0	10	0
44	95	0
89	36	0
35	2	0
90	86	0
47	66	0
71	65	0
39	40	0
97	38	0
93	79	0
15	60	0
12	76	0
1	41	0
22	71	0
17	93	0
69	19	0
26	54	0
8	91	0
30	26	0
60	12	0
32	66	0
67	44	0
45	8	0
40	73	0
97	26	0
3	27	0
75	44	0
87	26	0
41	51	0
25	23	0
45	6	0
18	89	0
49	68	0
30	59	0
22	15	0
17	89	0
21	80	0
58	48	0
89	47	0
34	69	0
83	92	0
52	29	0
68	69	0
49	89	0
3	84	0
83	41	0
45	53	0
12	21	0
96	65	0
51	53	0
94	22	0
81	11	0
84	34	0
61	94	0
46	47	0
50	36	0
68	28	0
41	3	0
48	90	0
47	72	0
15	43	1
87	29	0
58	97	0
89	48	0
85	52	0
36	74	0
29	68	0
78	27	0
50	38	0
71	5	0
99	89	0
75	81	0
49	71	0
71	43	0
74	91	0
14	75	0
53	15	0
21	99	0
6	60	0
46	58	0
77	81	0
61	11	0
96	98	0
90	19	0
98	99	0
62	9	0
76	23	0
66	57	0
55	26	0
19	88	0
50	86	0
77	78	0
6	36	0
13	78	0
13	75	0
39	9	0
39	44	0
17	48	1
0	46	0
82	44	0
47	24	0
13	63	0
22	83	0
60	97	0
88	43	0
2	72	0
66	46	0
29	78	0
80	63	0
73	31	0
5	53	0
25	54	0
84	39	0
74	54	0
83	54	0
10	67	0
59	55	0
0	92	0
2	5	0
86	66	0
18	67	0
20	7	0
0	94	0
22	85	0
92	39	0
74	79	0
84	60	0
87	83	0
51	71	0
63	36	0
5	68	0
49	62	0
36	60	0
62	50	0
94	19	0
