91	68	0
27	18	0
60	99	0
14	5	0
99	48	0
95	99	0
40	72	0
63	46	0
1	92	0
0	7	0
13	90	0
91	50	0
67	81	0
29	33	0
89	82	0
92	40	0
45	92	0
44	78	0
70	76	0
48	10	0
35	81	1
80	72	0
94	87	0
79	97	0
8	22	0
87	19	0
70	68	0
13	67	1
33	91	0
86	15	0
65	90	0
52	71	0
76	77	0
98	49	0
98	28	0
20	75	0
91	71	0
16	65	0
42	2	0
10	77	0
31	87	0
88	46	0
41	17	0
99	95	0
87	90	0
97	15	0
31	77	0
96	10	0
22	22	0
71	90	0
0	84	0
87	1	0
69	91	0
6	25	0
71	73	0
85	30	0
24	86	0
57	96	0
83	21	0
29	89	0
35	90	0
21	12	0
99	13	0
77	34	0
47	82	0
89	21	0
61	46	0
72	33	0
5	98	0
49	92	0
74	7	1
97	67	0
69	91	0
5	74	0
40	92	0
96	58	0
81	27	0
58	11	1
55	35	0
11	69	1
35	8	0
69	59	0
2	89	0
93	26	0
40	70	0
84	60	0
83	0	0
66	92	0
65	86	0
4	32	0
65	77	0
86	72	0
74	48	0
11	98	0
68	40	0
89	61	0
92	28	0
99	35	0
16	52	0
7	19	0
88	64	0
52	80	0
55	60	0
55	72	0
51	98	0
73	32	0
64	72	0
66	81	0
94	59	0
25	17	0
45	38	1
16	12	0
21	83	1
77	49	0
92	0	0
28	93	0
24	45	0
65	76	0
56	77	0
49	77	0
48	4	0
49	89	0
73	88	0
88	55	0
19	89	0
86	81	0
3	75	0
50	62	1
11	42	0
75	78	0
96	66	0
49	73	0
71	41	0
90	34	0
35	94	0
56	77	0
23	40	0
45	79	0
38	23	0
87	91	0
32	95	0
94	5	0
23	80	1
84	35	0
59	96	0
74	81	0
67	70	0
27	38	0
20	65	0
65	2	1
61	94	0
85	68	0
46	91	0
63	85	0
72	18	0
60	68	1
30	79	1
47	90	0
22	20	0
82	58	0
62	44	0
71	58	0
79	37	0
19	96	0
63	57	0
86	38	0
69	32	0
51	16	0
97	32	0
67	82	0
77	96	0
73	65	0
98	21	0
97	26	0
88	83	0
34	96	0
68	87	0
47	96	0
82	35	0
14	96	0
86	23	0
23	43	0
23	92	0
28	97	0
85	78	0
71	76	0
91	53	0
92	58	0
22	79	1
45	85	0
73	1	1
83	57	0
49	2	0
36	28	0
88	41	0
25	66	1
46	56	1
29	73	0
69	90	0
82	58	0
51	64	1
84	1	0
90	43	0
93	43	0
74	62	0
70	79	0
51	64	1
67	14	0
7	88	0
3	92	0
84	66	0
82	63	0
93	5	0
94	84	0
19	4	0
29	98	0
56	98	0
44	34	1
91	15	0
95	7	0
98	24	0
75	28	0
68	48	0
3	1	0
26	96	0
14	74	0
47	79	0
43	73	0
90	43	0
61	91	0
99	86	0
68	35	0
84	86	0
84	17	0
17	5	0
44	2	0
36	29	0
99	42	0
85	13	0
12	47	0
15	21	0
85	82	0
98	65	0
74	25	0
99	11	0
60	1	0
79	16	0
35	15	0
17	70	1
97	91	0
34	86	0
4	94	0
32	40	0
72	44	0
71	60	0
73	76	0
81	80	0
77	27	0
66	82	0
97	41	0
80	56	0
66	51	0
99	69	0
69	21	0
93	19	0
28	48	0
67	96	0
50	71	1
93	29	0
19	86	0
97	40	0
73	95	0
95	36	0
63	23	0
51	44	0
61	90	0
60	25	1
73	79	0
24	94	0
91	82	0
3	85	0
92	4	0
88	14	0
51	74	0
62	48	1
8	96	0
74	36	0
95	61	0
44	44	1
33	82	1
26	15	0
53	93	0
36	83	0
49	77	0
4	71	1
1	23	0
82	33	0
98	8	0
79	94	0
25	24	0
65	11	1
65	35	0
65	89	0
1	12	0
45	87	0
84	47	0
26	86	0
79	8	0
80	20	0
90	55	0
14	84	0
68	12	0
91	95	0
35	96	0
68	62	0
9	37	0
58	90	0
61	43	0
16	70	0
60	24	1
91	49	0
76	47	0
73	60	0
12	38	0
98	59	0
23	98	0
90	51	0
17	95	0
85	82	0
35	20	0
75	66	0
60	86	0
58	97	0
83	50	0
81	12	0
3	76	0
72	44	0
20	96	0
87	28	0
91	47	0
74	15	0
82	72	0
50	98	0
54	96	0
33	99	0
97	77	0
73	82	0
74	5	1
19	1	0
11	76	0
83	98	0
68	83	0
73	53	0
68	30	0
39	73	0
83	53	0
98	7	0
17	70	1
89	2	0
57	68	1
85	85	0
59	87	0
74	24	0
88	12	0
72	86	0
24	98	0
93	18	0
92	0	0
66	23	0
7	54	0
14	87	0
11	87	0
76	84	0
86	98	0
57	53	1
74	95	0
84	60	0
75	62	0
8	87	0
15	79	0
35	23	0
0	17	0
39	35	0
98	27	0
85	37	0
74	53	0
60	56	1
47	18	0
83	83	0
61	84	0
89	51	0
33	88	0
80	62	0
20	8	0
97	43	0
60	97	0
34	43	0
29	98	0
72	95	0
90	71	0
28	87	0
63	26	1
10	71	0
45	66	0
62	65	1
61	77	0
55	89	0
13	47	0
72	62	0
81	46	0
90	67	0
43	72	0
70	82	0
44	29	1
87	13	0
60	52	1
82	11	0
9	82	0
43	97	0
79	75	0
66	72	0
6	88	0
12	77	0
81	98	0
32	24	0
10	82	0
64	94	0
57	74	0
81	83	0
11	91	0
74	51	0
16	8	0
45	98	0
2	98	0
1	18	0
84	60	0
84	16	0
80	31	0
75	18	0
10	18	0
15	51	0
75	29	0
0	68	1
67	68	0
28	90	0
61	60	0
83	88	0
77	44	0
72	86	0
67	53	0
74	78	0
6	69	0
33	80	1
71	64	0
58	44	0
99	36	0
97	96	0
74	81	0
69	56	0
62	55	0
64	81	0
96	80	0
98	0	0
57	80	0
5	96	0
57	35	0
64	22	0
71	16	0
29	69	0
76	25	0
83	19	0
30	27	0
54	97	0
72	64	0
45	85	0
71	95	0
77	58	0
82	35	0
90	70	0
85	93	0
94	43	0
89	89	0
45	89	0
71	75	0
82	48	0
40	90	0
79	79	0
77	60	0
88	25	0
1	74	0
51	76	0
77	18	0
61	35	0
83	87	0
75	56	0
13	86	0
18	97	0
78	39	0
84	30	0
98	51	0
98	4	0
80	92	0
50	38	1
88	15	0
73	36	0
18	73	0
11	96	0
19	75	0
6	87	0
59	53	0
42	25	0
40	67	0
59	80	0
68	2	0
19	88	0
84	52	0
20	17	0
21	69	0
78	66	0
64	59	0
88	58	0
86	56	0
67	66	0
79	51	0
3	31	0
95	89	0
63	48	0
46	88	0
6	68	0
29	81	1
94	20	0
53	93	0
17	91	0
99	45	0
69	20	0
16	14	0
29	30	0
70	4	1
22	65	0
79	58	0
97	41	0
16	3	0
60	8	0
38	88	0
90	79	0
18	4	0
49	80	0
76	33	0
98	71	0
63	63	0
67	89	0
8	41	0
97	42	0
93	69	0
13	75	0
22	77	0
23	95	0
73	5	1
8	97	0
61	43	0
93	19	0
6	16	0
86	33	0
92	14	0
41	31	0
21	91	0
54	86	0
18	78	0
26	23	0
14	73	0
21	92	0
61	63	0
92	50	0
74	90	0
56	69	1
20	97	0
82	42	0
7	1	0
82	58	0
52	56	0
94	25	0
74	27	0
76	35	0
55	96	0
34	36	1
49	39	1
64	12	0
35	98	0
48	54	1
90	38	0
65	97	0
75	54	0
84	46	0
51	87	0
32	77	0
91	35	0
99	98	0
80	82	0
56	82	0
88	12	0
71	74	0
24	78	1
67	27	0
30	93	0
95	54	0
97	85	0
85	9	0
98	96	0
84	26	0
88	65	0
8	91	0
75	94	0
67	79	0
2	17	0
12	98	0
6	73	0
87	29	0
24	98	0
58	88	0
88	42	0
14	67	1
80	42	0
27	94	0
80	48	0
85	54	0
77	49	0
82	31	0
0	85	0
4	4	0
68	72	0
16	60	0
23	0	0
4	89	0
31	74	0
99	51	0
79	88	0
94	59	0
92	77	0
80	45	0
4	82	0
79	33	0
86	30	0
