94	63	0
25	13	0
61	96	0
6	4	0
99	44	0
98	96	0
41	66	0
61	24	1
73	51	0
1	88	0
1	7	0
14	97	0
96	37	0
62	79	0
33	33	0
89	77	0
94	24	0
53	97	0
37	76	0
81	69	0
51	17	0
25	80	0
83	69	0
78	76	0
83	88	0
3	30	0
48	34	0
91	22	0
81	66	0
7	73	0
31	97	0
82	10	0
62	90	0
52	71	0
79	70	0
91	60	0
54	56	0
96	34	0
14	73	0
91	70	0
23	74	0
51	5	0
10	74	0
37	94	0
92	53	0
47	35	0
34	17	0
97	86	0
88	96	0
91	19	0
28	81	0
98	11	0
16	15	0
72	92	0
3	85	0
90	5	0
28	63	1
66	85	0
45	59	1
5	26	0
74	77	0
86	34	0
22	91	0
52	96	0
73	33	0
33	90	0
45	90	0
17	16	0
98	16	0
80	26	0
51	75	0
88	33	0
70	58	0
62	37	0
0	98	0
69	5	0
50	80	0
55	29	1
84	6	0
93	59	0
1	57	0
70	93	0
0	73	0
36	92	0
98	62	0
80	27	0
38	67	1
72	8	0
57	50	0
12	64	0
34	1	0
66	73	0
60	26	1
1	97	0
94	32	0
47	74	0
75	67	0
91	4	0
65	86	0
64	81	0
2	27	0
64	81	0
93	85	0
78	49	0
21	91	0
69	37	0
73	0	0
94	57	0
92	32	0
99	45	0
24	46	0
54	62	0
7	25	0
47	31	0
89	66	0
55	74	0
65	66	0
56	20	1
42	34	0
61	66	0
49	60	1
44	97	0
75	38	0
62	67	0
53	73	0
92	55	0
25	13	0
49	38	0
25	20	0
16	73	0
30	49	1
75	44	0
50	40	1
93	7	0
25	89	0
21	37	0
68	76	0
24	71	1
60	63	0
42	76	0
42	5	0
41	88	0
24	67	1
72	78	0
95	54	0
25	91	0
87	73	0
29	56	1
18	75	0
53	69	0
13	37	0
74	79	0
96	78	0
39	77	0
77	46	0
55	57	0
55	24	1
64	13	0
44	53	1
53	13	1
28	64	1
94	31	0
26	97	0
26	64	1
66	84	0
29	25	0
40	75	0
53	17	0
97	95	0
29	76	0
95	11	0
26	75	0
94	34	0
60	97	0
76	79	0
65	60	0
26	44	0
7	58	0
62	0	0
68	95	0
96	55	0
43	90	0
61	78	0
78	17	0
60	80	0
41	75	0
41	87	0
22	17	0
57	22	1
82	52	0
58	42	0
67	69	0
69	31	0
17	97	0
55	62	0
86	42	0
77	39	0
54	11	0
89	28	0
74	77	0
70	94	0
79	61	0
96	25	0
99	17	0
1	31	1
86	82	0
31	90	0
70	84	0
48	94	0
33	38	1
90	35	0
16	99	0
89	22	0
23	43	0
21	85	0
29	99	0
80	86	0
81	78	0
94	62	0
95	55	0
23	89	0
54	75	0
76	13	0
83	50	0
48	4	0
34	31	0
76	41	0
20	63	0
35	50	0
19	69	0
75	95	0
94	58	0
59	72	0
96	5	0
90	48	0
62	7	1
97	44	0
68	53	0
70	81	0
44	68	0
68	24	0
8	85	0
28	61	1
13	87	0
85	61	0
77	70	0
89	11	0
99	86	0
27	3	0
34	94	0
24	68	1
60	94	0
47	33	0
81	20	0
95	8	0
94	26	0
52	52	1
77	25	0
73	59	0
6	8	0
25	98	0
21	72	0
50	92	0
35	70	0
84	44	0
67	9	1
59	87	0
58	58	0
96	84	0
65	42	0
73	87	0
87	18	0
15	10	0
42	1	0
47	25	1
34	23	0
95	45	0
76	11	0
20	46	0
17	31	0
53	37	0
93	77	0
97	60	0
72	29	0
93	5	0
64	5	0
75	15	0
44	37	1
36	17	0
10	70	0
87	95	0
49	94	0
5	97	0
29	46	0
49	43	0
75	42	0
68	54	0
76	73	0
82	75	0
73	29	0
73	85	0
65	5	0
95	49	0
76	47	0
60	52	0
96	70	0
74	18	0
96	13	0
23	44	0
71	99	0
57	65	0
82	22	0
12	75	0
97	40	0
61	99	0
96	30	0
67	22	0
32	56	0
58	47	0
62	84	0
70	30	0
82	76	0
19	88	0
97	93	0
6	76	0
90	3	0
88	22	0
51	72	0
42	55	1
63	45	0
15	92	0
76	34	0
96	56	0
48	37	0
37	90	0
34	9	0
39	40	1
56	90	0
36	85	0
41	77	0
14	69	0
11	21	0
71	0	0
79	35	0
97	10	0
82	98	0
28	57	1
27	26	0
65	12	0
59	42	0
68	95	0
0	20	0
39	88	0
86	45	0
24	85	0
80	1	0
49	59	1
59	21	0
86	20	0
89	45	0
16	86	0
71	18	0
83	97	0
33	97	0
85	62	0
12	29	0
65	98	0
66	42	0
10	79	0
64	28	0
90	46	0
79	46	0
74	62	0
21	48	0
97	57	0
17	93	0
89	51	0
20	94	0
80	79	0
40	17	0
80	70	0
59	96	0
66	95	0
78	52	0
45	51	1
29	58	1
83	6	0
0	77	0
72	51	0
21	97	0
50	63	0
82	34	0
26	59	1
55	39	1
89	56	0
70	23	0
78	82	0
50	95	0
41	53	1
67	97	0
30	92	0
95	83	0
87	73	0
75	6	0
21	4	0
47	37	0
34	59	1
9	77	0
79	82	0
67	82	0
70	48	0
67	20	0
37	63	0
40	71	0
77	54	0
97	0	0
20	71	0
80	11	0
56	62	0
40	38	0
87	86	0
29	73	0
54	90	0
76	19	0
82	12	0
49	61	1
61	87	0
26	94	0
92	15	0
86	13	0
74	21	0
15	64	0
11	89	0
12	87	0
50	28	1
68	88	0
76	96	0
1	35	1
63	56	0
82	94	0
74	61	0
68	64	0
14	87	0
6	73	0
40	30	0
8	19	0
34	36	0
26	52	0
97	37	0
80	47	0
69	9	1
67	46	0
53	51	0
44	28	0
93	78	0
55	75	0
82	49	0
26	53	1
39	90	0
74	51	0
22	11	0
93	47	0
61	92	0
34	31	0
56	57	1
30	94	0
67	99	0
86	67	0
25	81	0
59	35	0
8	81	0
58	55	1
43	73	0
67	58	0
63	72	0
56	86	0
11	50	0
64	59	0
80	42	0
84	61	0
37	75	0
66	87	0
44	30	0
96	23	0
51	45	0
86	12	0
11	79	0
54	90	0
85	71	0
75	69	0
12	90	0
7	70	0
80	88	0
34	28	0
8	88	0
68	98	0
53	68	0
89	67	0
22	93	0
75	44	0
17	4	0
47	97	0
20	91	0
11	9	0
83	54	0
90	24	0
79	29	0
70	18	0
14	17	0
15	54	0
77	30	0
5	73	0
63	70	0
32	80	0
69	46	0
76	95	0
68	36	0
66	88	0
74	52	0
66	84	0
8	73	0
43	50	1
28	79	0
66	57	0
57	47	0
90	42	0
95	99	0
81	85	0
47	59	1
73	52	0
62	59	0
70	4	1
67	77	0
88	76	0
88	9	0
59	77	0
2	94	0
46	45	1
64	33	0
66	27	0
78	22	0
21	81	0
76	20	0
88	19	0
31	54	0
46	33	0
57	92	0
66	73	0
51	83	0
69	88	0
83	58	0
82	45	0
97	62	0
76	96	0
96	44	0
30	63	1
94	88	0
38	78	0
76	76	0
85	45	0
44	90	0
84	72	0
86	49	0
83	27	0
4	67	0
50	75	0
70	17	0
64	36	0
82	85	0
63	45	0
11	87	0
18	90	0
69	44	0
84	26	0
94	45	0
97	4	0
87	92	0
58	39	0
30	73	1
98	18	0
63	45	0
20	74	0
18	98	0
26	72	0
10	84	0
61	56	0
41	26	0
36	74	0
52	48	1
62	75	0
67	12	0
22	87	0
87	49	0
17	21	0
16	73	0
78	66	0
69	50	0
38	55	1
93	51	0
85	53	0
77	59	0
56	64	0
78	50	0
1	28	0
93	80	0
62	49	0
41	83	0
3	79	0
24	86	0
28	58	0
89	18	0
56	99	0
7	96	0
99	59	0
76	17	0
18	16	0
29	29	0
75	7	0
19	69	0
83	59	0
89	39	0
13	9	0
1	38	1
69	8	0
43	88	0
98	82	0
7	8	0
50	89	0
80	34	0
99	82	0
52	65	0
66	78	0
21	37	0
92	43	0
94	68	0
15	78	0
22	79	0
28	69	1
21	89	0
74	14	0
33	59	1
9	88	0
35	35	0
44	57	1
67	45	0
31	68	1
96	23	0
4	26	0
84	40	0
76	15	0
46	49	1
36	27	0
42	2	1
23	90	0
47	82	0
18	72	0
24	25	0
16	77	0
20	88	0
64	56	0
87	44	0
41	55	1
77	92	0
48	29	1
59	69	0
43	67	0
16	96	0
84	35	0
46	53	1
4	12	0
86	59	0
61	48	0
92	26	0
80	29	0
73	33	0
55	90	0
42	35	0
59	44	0
60	32	1
45	10	0
36	94	0
47	63	0
94	34	0
59	98	0
73	53	0
80	44	0
45	90	0
33	79	0
94	25	0
52	57	1
70	5	0
95	99	0
78	82	0
53	89	0
78	20	0
84	69	0
24	80	0
69	24	0
21	97	0
43	61	1
93	58	0
90	88	0
83	9	0
96	91	0
77	24	0
80	54	0
65	22	1
4	85	0
68	96	0
63	77	0
2	25	0
6	95	0
13	69	0
47	46	1
79	32	0
6	61	1
24	96	0
63	95	0
95	43	0
7	73	0
74	45	0
33	91	0
81	46	0
70	46	0
27	60	1
78	42	0
81	40	0
54	73	0
48	45	1
3	85	0
6	0	0
78	74	0
16	55	0
18	9	0
3	98	0
33	73	0
94	45	0
73	84	0
87	63	0
98	85	0
50	58	1
67	33	0
1	74	0
55	64	0
78	38	0
87	21	0
