81	67	0
29	31	0
60	97	0
16	10	0
94	44	0
90	91	0
71	43	0
7	82	0
4	10	0
13	91	0
80	40	0
71	79	0
34	31	0
65	73	0
88	52	0
62	72	0
40	36	0
92	86	0
96	82	0
69	82	0
9	25	0
73	72	0
77	26	0
57	83	0
52	65	0
63	83	0
96	51	0
96	30	0
85	70	0
37	0	0
80	32	0
32	13	0
96	69	0
94	73	0
88	26	1
95	7	0
21	33	0
63	78	0
5	88	0
59	98	1
18	31	0
73	77	0
95	41	0
55	87	0
2	22	0
88	14	0
65	35	0
50	46	0
79	40	0
21	99	1
89	73	0
54	98	1
20	59	0
95	58	0
44	34	0
34	10	0
59	54	0
9	88	0
96	20	0
42	67	0
87	59	0
97	7	0
74	92	0
71	77	0
5	23	0
75	80	0
84	66	0
79	38	0
60	41	0
83	45	0
83	39	0
90	39	0
17	59	0
13	15	0
85	69	0
58	95	1
37	81	0
60	94	1
79	48	0
61	67	0
86	74	0
79	77	0
28	14	0
12	9	0
84	59	0
88	2	0
19	49	0
77	80	0
60	78	0
59	81	0
48	7	0
53	96	1
77	86	0
75	51	0
12	84	0
96	92	0
2	97	0
18	60	0
93	89	0
99	73	0
54	83	0
71	48	0
85	35	0
54	61	0
15	53	0
49	19	0
85	86	0
74	1	0
82	41	0
84	96	0
59	72	0
78	77	0
12	21	0
71	97	0
56	99	1
31	80	0
28	38	0
59	39	0
60	79	0
66	39	0
9	97	0
95	29	0
69	27	1
51	31	0
70	67	0
72	94	0
86	69	0
98	27	0
92	83	0
71	74	0
47	82	0
10	71	1
9	46	0
73	71	0
74	73	0
86	57	0
91	56	0
92	67	0
58	16	0
36	28	0
76	57	0
27	81	0
59	91	1
82	77	0
98	50	0
98	29	0
71	62	0
65	97	0
65	15	0
1	92	0
11	95	1
99	62	0
87	77	0
14	20	0
89	10	0
94	22	0
85	18	1
86	30	0
15	16	0
34	77	0
55	93	1
84	42	0
69	96	0
91	78	0
62	38	0
58	81	0
6	6	0
32	14	0
45	29	0
71	40	0
0	56	0
36	11	0
98	81	0
94	50	0
95	9	1
58	3	0
33	8	0
98	85	0
29	73	0
8	95	0
36	34	0
65	50	0
71	67	0
50	73	0
86	75	0
75	31	0
79	77	0
85	35	0
87	73	0
52	33	0
97	68	0
67	10	0
98	10	1
31	56	0
80	95	0
94	43	0
88	45	0
74	87	0
90	41	0
44	53	0
50	97	1
70	86	0
24	78	0
83	86	0
0	91	0
86	29	0
91	62	0
34	3	0
45	51	0
16	16	0
88	40	0
90	8	1
62	89	0
17	25	0
75	34	0
73	76	0
18	34	0
83	46	0
79	6	0
91	70	0
69	21	0
97	92	0
19	34	0
55	98	1
67	55	0
91	40	0
63	48	0
5	53	0
98	72	0
97	61	0
9	83	0
79	86	0
43	19	0
69	55	0
55	94	1
68	93	0
96	41	0
61	13	0
75	46	0
74	31	0
91	59	0
70	29	0
90	74	0
90	92	0
82	97	0
15	8	0
2	81	0
81	88	0
66	93	0
50	14	0
85	55	0
98	3	0
96	82	0
59	77	0
60	75	0
96	4	0
88	31	0
10	46	0
4	98	0
86	91	0
90	89	0
85	88	0
79	63	0
73	78	0
8	87	0
26	27	0
1	16	0
42	37	0
83	42	0
59	59	0
61	4	0
77	84	0
80	77	0
84	46	0
73	63	1
27	15	0
99	41	0
70	90	0
56	31	0
65	81	0
89	68	0
16	56	0
54	75	0
56	82	1
2	44	0
71	80	0
97	44	0
91	64	0
48	90	1
86	28	0
90	6	1
99	68	0
67	70	0
7	91	0
82	93	0
14	25	0
10	87	0
64	73	0
65	60	0
94	94	0
5	83	0
83	54	0
12	0	0
14	87	0
4	18	0
92	58	0
17	25	0
9	38	0
80	32	0
70	76	0
91	79	0
83	41	0
80	81	0
66	83	0
3	75	0
92	63	0
62	24	0
96	35	0
79	88	0
74	70	0
39	83	0
91	71	0
98	13	1
39	73	0
0	97	0
77	39	0
31	33	0
62	84	0
37	70	0
67	96	0
92	52	0
84	29	0
75	67	0
98	78	0
97	46	0
96	99	0
88	70	0
66	25	0
82	75	0
82	62	0
96	26	0
52	65	0
64	31	0
88	92	0
89	64	0
25	79	0
92	37	0
83	38	0
86	42	0
97	82	0
76	51	0
3	81	0
15	97	1
38	28	0
31	67	0
63	10	0
2	93	0
79	44	0
3	14	0
21	54	0
59	65	0
69	76	0
77	52	0
69	45	0
77	69	1
77	49	0
13	38	0
90	79	0
61	93	0
84	18	0
12	90	0
92	58	0
57	23	1
24	16	0
29	35	0
69	47	0
96	38	0
12	0	0
38	3	0
54	58	0
97	84	0
27	4	0
58	1	0
92	82	0
60	84	0
25	50	0
88	49	0
85	61	0
5	90	0
2	96	0
46	35	0
96	33	0
19	33	0
87	36	0
78	13	0
37	33	0
14	98	1
55	81	1
22	38	0
79	40	0
66	91	0
75	44	0
13	10	0
95	54	0
82	44	0
80	19	1
60	97	1
75	39	0
51	93	0
60	52	0
70	45	0
54	96	1
87	44	0
97	94	0
90	88	0
68	73	0
72	29	0
96	44	0
92	99	0
95	93	0
85	24	1
86	67	0
82	96	0
56	79	0
1	14	0
33	93	0
85	36	0
21	93	1
75	30	0
82	43	0
74	47	0
94	57	0
89	36	0
15	76	0
11	10	0
54	84	0
28	72	0
36	5	0
6	84	0
98	44	0
96	83	0
79	49	0
91	87	0
95	46	0
