98	70	0
22	12	0
56	96	0
3	5	0
93	42	0
98	97	0
43	78	0
56	22	1
76	56	0
1	89	0
0	7	0
17	97	0
96	39	0
65	76	0
41	33	0
84	69	0
94	21	0
59	99	0
39	73	0
83	65	0
49	15	0
26	83	0
58	22	1
86	66	0
83	82	0
83	81	0
8	25	0
45	39	0
85	22	0
84	66	0
10	79	0
32	95	0
83	8	0
63	94	0
37	8	1
52	71	0
81	73	0
97	68	0
65	57	0
98	31	0
15	69	0
65	3	1
93	68	0
18	77	0
55	0	0
8	77	0
34	95	0
25	64	1
85	51	0
51	36	0
33	13	0
97	87	0
90	99	0
87	15	0
33	87	0
99	9	0
18	17	0
76	89	0
0	91	0
85	8	0
25	65	0
65	91	0
42	62	0
14	24	0
74	80	0
85	31	0
24	93	0
48	98	0
67	30	0
31	99	0
46	94	0
16	13	0
97	18	0
80	26	0
52	76	0
89	32	0
81	63	0
58	10	1
65	37	0
7	98	0
69	7	0
52	76	0
58	32	1
86	9	0
89	61	0
2	58	0
75	90	0
5	75	0
35	95	0
98	58	0
80	29	0
37	69	0
29	64	1
73	3	0
64	49	0
9	73	0
34	4	0
70	70	0
54	29	0
2	97	0
99	28	0
40	77	0
79	70	0
90	0	0
62	85	0
65	83	0
5	25	0
57	88	0
95	86	0
81	51	0
24	89	0
68	37	0
78	2	0
99	63	0
88	30	0
99	51	0
26	50	0
52	64	0
9	20	0
48	33	0
85	65	0
49	78	0
63	73	0
62	17	1
46	36	0
64	75	0
47	58	0
43	97	0
77	39	0
64	69	0
56	76	0
95	52	0
27	11	0
46	36	0
19	18	0
14	78	0
25	57	0
77	49	0
52	36	0
86	6	0
28	83	0
55	25	1
26	38	0
68	79	0
27	66	1
58	61	0
47	73	0
43	5	0
50	15	1
41	89	0
26	67	0
74	76	0
93	65	0
21	95	0
87	71	0
32	56	0
21	71	0
53	71	0
40	49	1
19	37	0
75	81	0
93	82	0
43	68	0
83	50	0
56	49	0
55	18	1
67	17	0
43	57	1
51	19	1
28	69	1
95	32	0
27	96	0
26	60	1
70	88	0
46	50	1
24	25	0
40	79	0
49	11	0
94	95	0
31	86	0
98	5	0
22	78	0
96	30	0
59	98	0
71	83	0
62	59	0
26	52	0
11	66	0
57	4	0
66	90	0
98	52	0
42	89	0
64	72	0
84	18	0
54	76	0
39	81	0
32	81	0
24	18	0
66	22	0
83	53	0
54	45	0
77	67	0
67	27	0
24	96	0
56	64	0
92	39	0
75	43	0
50	6	0
2	38	1
90	26	0
74	82	0
69	95	0
75	57	0
94	28	0
96	18	0
2	37	1
88	75	0
36	97	0
76	85	0
42	96	0
35	39	0
91	31	0
26	98	0
89	21	0
22	51	0
28	83	0
53	13	1
23	93	0
72	91	0
80	78	0
91	56	0
94	53	0
25	89	0
47	76	0
80	8	0
83	57	0
43	4	0
34	28	0
40	57	1
76	38	0
24	56	0
37	45	0
23	76	0
76	95	0
94	58	0
56	70	0
94	3	0
90	39	0
60	9	1
92	47	0
66	53	0
68	77	0
2	34	1
42	65	0
70	28	0
9	81	0
29	61	0
8	90	0
92	63	0
42	5	1
79	64	0
89	8	0
98	81	0
27	1	0
36	94	0
25	69	0
59	92	0
40	27	0
76	14	0
87	10	0
93	17	0
50	51	0
73	24	0
79	56	0
6	3	0
4	57	1
30	99	0
23	73	0
56	94	0
40	71	0
84	41	0
65	6	1
50	85	0
56	64	0
95	91	0
58	37	0
66	91	0
79	20	0
24	12	0
48	0	0
51	23	1
32	23	0
93	54	0
78	11	0
21	46	0
19	25	0
38	49	1
48	36	0
94	73	0
95	65	0
69	31	0
89	6	0
71	9	0
78	12	0
45	41	0
41	23	0
7	72	0
83	89	0
48	88	0
5	98	0
33	48	0
51	35	0
77	40	0
66	51	0
78	78	0
82	83	0
71	27	0
67	84	0
70	8	0
83	52	0
77	53	0
61	53	0
94	78	0
72	16	0
91	19	0
18	44	0
63	96	0
63	70	0
79	19	0
18	76	0
92	44	0
61	96	0
95	27	0
64	26	0
36	57	0
57	48	0
29	70	1
61	83	0
76	33	0
79	76	0
16	87	0
94	94	0
3	82	0
99	0	0
89	30	0
41	71	0
53	53	0
68	44	0
19	91	0
72	34	0
93	58	0
45	31	0
35	92	0
32	10	0
38	44	1
53	93	0
38	88	0
39	82	0
15	74	0
11	20	0
69	3	0
74	36	0
96	10	0
80	98	0
33	65	1
31	26	0
71	8	0
59	43	0
66	98	0
4	22	0
48	91	0
90	44	0
26	83	0
75	1	0
41	64	0
62	22	0
56	11	1
85	17	0
86	43	0
14	82	0
73	13	0
84	97	0
30	95	0
89	67	0
8	32	0
65	94	0
66	43	0
10	78	0
63	24	0
87	44	0
79	46	0
76	62	0
13	50	0
96	55	0
19	95	0
93	58	0
20	95	0
85	89	0
40	22	0
72	77	0
57	94	0
45	42	1
60	99	0
77	50	0
44	48	1
24	63	0
87	6	0
3	79	0
78	56	0
21	94	0
41	51	1
44	65	0
78	31	0
23	54	0
50	31	0
87	53	0
71	23	0
79	83	0
46	98	0
41	59	1
41	46	1
65	98	0
58	20	1
38	88	0
90	89	0
87	74	0
77	7	0
22	0	0
43	34	0
31	58	0
3	78	0
83	84	0
66	81	0
66	49	0
67	18	0
39	67	0
35	70	0
81	58	0
91	0	0
16	71	0
81	6	0
61	55	0
37	38	0
86	94	0
20	78	0
55	93	0
73	17	0
73	15	0
47	59	0
57	83	0
25	97	0
93	24	0
81	13	0
77	28	0
13	66	0
17	99	0
15	82	0
53	34	1
69	87	0
76	93	0
3	36	0
62	56	0
80	92	0
73	59	0
66	64	0
21	93	0
7	75	0
43	26	0
6	22	0
45	36	0
25	49	0
98	36	0
82	48	0
65	12	1
67	40	0
57	51	0
43	24	0
93	75	0
54	80	0
80	49	0
29	57	1
42	97	0
76	54	0
25	9	0
98	45	0
64	87	0
37	29	0
50	56	1
29	98	0
64	98	0
86	67	0
25	84	0
64	43	0
2	74	0
54	50	0
44	73	0
66	54	0
58	73	0
62	90	0
12	52	0
60	56	0
83	48	0
80	61	0
36	76	0
66	86	0
46	30	0
97	22	0
57	46	0
87	9	0
6	77	0
55	91	0
87	71	0
75	69	0
18	94	0
7	66	0
76	88	0
34	27	0
5	84	0
71	99	0
57	63	0
88	67	0
21	88	0
77	51	0
16	3	0
51	95	0
24	86	0
13	15	0
88	57	0
87	24	0
76	26	0
75	17	0
19	13	0
24	53	0
78	30	0
2	75	0
62	73	0
5	41	1
24	76	0
67	48	0
68	94	0
68	38	0
69	85	0
76	53	0
74	84	0
3	84	0
49	47	0
32	76	0
69	57	0
55	47	0
92	45	0
99	98	0
83	95	0
51	59	0
74	56	0
66	65	0
69	3	0
71	79	0
89	75	0
88	11	0
55	81	0
3	99	0
53	41	0
68	39	0
67	30	0
74	23	0
21	80	0
76	19	0
31	65	1
89	17	0
39	62	0
49	33	0
58	94	0
72	77	0
49	82	0
70	87	0
81	64	0
82	45	0
94	64	0
76	97	0
96	45	0
37	65	0
91	85	0
36	71	0
81	81	0
97	50	0
43	87	0
86	74	0
87	52	0
80	29	0
43	47	1
6	63	0
50	77	0
72	20	0
65	29	0
80	88	0
67	47	0
11	83	0
20	89	0
64	43	0
84	24	0
86	45	0
96	0	0
84	94	0
58	36	0
33	77	0
93	23	0
66	47	0
27	78	0
16	98	0
28	75	0
7	85	0
57	57	0
44	27	0
43	78	0
52	51	1
67	75	0
72	12	0
21	83	0
93	46	0
18	23	0
17	78	0
72	66	0
67	48	0
40	60	0
91	47	0
86	51	0
76	53	0
59	67	0
83	49	0
3	29	0
97	79	0
60	49	0
41	87	0
6	78	0
24	88	0
30	55	0
91	23	0
56	91	0
4	95	0
99	63	0
56	30	1
76	18	0
23	14	0
32	31	0
74	7	0
18	76	0
87	54	0
92	36	0
9	5	0
1	38	1
67	15	0
39	83	0
99	83	0
2	8	0
48	88	0
85	37	0
97	81	0
45	61	0
62	71	0
27	38	0
95	38	0
89	64	0
21	75	0
17	82	0
29	70	1
23	87	0
76	8	0
24	56	0
11	85	0
39	33	0
51	21	1
45	65	0
69	46	0
33	73	0
95	20	0
4	33	0
84	46	0
75	21	0
47	51	1
32	23	0
42	7	1
23	89	0
47	77	0
18	64	0
21	24	0
20	81	0
14	81	0
63	59	0
90	43	0
37	56	0
80	98	0
47	26	0
59	75	0
40	74	0
17	91	0
89	37	0
47	54	0
11	18	0
87	56	0
60	49	0
88	24	0
86	28	0
77	37	0
55	90	0
41	34	0
58	42	0
65	31	0
41	4	0
33	99	0
54	63	0
91	37	0
60	95	0
86	53	0
78	46	0
38	83	0
35	77	0
92	26	0
52	50	0
73	4	0
92	99	0
76	84	0
51	82	0
71	24	0
84	78	0
22	79	0
64	26	0
22	95	0
42	59	1
90	65	0
66	11	1
95	91	0
83	8	0
95	95	0
61	11	1
69	24	0
76	60	0
65	26	0
4	83	0
65	99	0
62	77	0
1	25	0
8	93	0
14	75	0
44	18	1
49	38	0
80	40	0
47	14	1
3	60	0
27	89	0
63	93	0
94	46	0
3	68	0
70	45	0
31	92	0
82	46	0
71	43	0
26	60	1
78	39	0
75	45	0
59	68	0
51	49	0
3	82	0
0	4	0
80	67	0
19	61	0
17	5	0
3	93	0
29	72	0
95	39	0
70	87	0
85	59	0
98	83	0
52	54	1
66	34	0
2	75	0
52	63	0
37	44	1
74	38	0
87	20	0
