80	67	0
32	30	0
60	96	0
15	12	0
94	42	0
89	94	0
71	43	0
8	80	0
3	9	0
14	89	0
84	41	0
71	79	0
32	32	0
66	73	0
89	52	0
52	94	1
60	70	0
42	34	0
93	84	0
95	83	0
70	82	0
8	23	0
72	70	0
77	27	0
60	80	0
54	67	0
64	82	0
98	52	0
96	32	0
87	70	0
37	0	0
81	34	0
35	13	0
93	72	0
92	72	0
88	23	1
95	9	0
20	33	0
62	77	0
3	88	0
59	96	1
21	32	0
76	76	0
93	40	0
54	90	0
6	21	0
87	13	0
66	34	0
75	14	1
49	46	0
81	42	0
20	99	1
86	72	0
54	98	1
21	59	0
97	57	0
43	37	0
34	10	0
60	57	0
9	89	0
98	20	0
40	67	0
89	59	0
99	7	0
74	93	0
74	79	0
6	24	0
76	80	0
83	65	0
80	39	0
61	40	0
84	42	0
84	39	0
90	41	0
16	62	0
11	14	0
83	68	0
59	94	1
34	82	0
59	94	1
76	48	0
60	68	0
81	72	0
81	80	0
30	12	0
11	9	0
85	59	0
89	2	0
17	47	0
76	79	0
60	76	0
60	83	0
50	7	0
54	95	1
76	87	0
76	50	0
10	85	0
96	91	0
2	97	0
19	61	0
93	87	0
98	73	0
54	81	0
69	51	0
84	37	0
56	60	0
16	53	0
47	20	0
85	83	0
76	1	0
82	43	0
84	95	0
58	73	0
77	77	0
12	22	0
68	98	0
57	98	1
31	80	0
31	38	0
60	40	0
60	79	0
65	38	0
8	98	0
95	31	0
68	26	1
51	33	0
70	66	0
73	96	0
86	68	0
96	27	0
91	82	0
69	74	0
46	82	0
11	72	1
8	47	0
74	72	0
77	74	0
86	57	0
89	57	0
91	68	0
57	17	0
36	28	0
75	59	0
27	80	0
59	89	1
85	75	0
98	47	0
98	29	0
71	63	0
66	95	0
64	14	0
3	90	0
10	94	1
99	60	0
87	79	0
12	19	0
84	8	1
88	13	0
93	22	0
85	18	1
85	30	0
15	18	0
31	77	0
55	92	1
82	41	0
72	95	0
91	77	0
61	38	0
60	81	0
5	4	0
33	16	0
45	27	0
69	39	0
1	55	0
35	12	0
97	80	0
95	50	0
95	8	1
59	1	0
37	8	0
96	83	0
30	77	0
8	94	0
33	37	0
68	51	0
70	70	0
51	71	0
84	76	0
75	33	0
79	77	0
86	33	0
87	71	0
52	34	0
99	67	0
66	12	0
97	10	1
31	58	0
80	92	0
94	46	0
88	46	0
75	88	0
90	41	0
42	51	0
52	97	1
69	86	0
25	77	0
85	90	0
2	90	0
90	18	1
19	99	1
88	28	0
92	62	0
32	0	0
47	91	1
47	50	0
15	16	0
87	42	0
89	7	1
64	88	0
16	26	0
76	31	0
74	76	0
20	33	0
81	44	0
79	5	0
91	67	0
68	20	0
97	92	0
19	35	0
53	98	1
65	55	0
90	40	0
65	47	0
5	55	0
97	70	0
94	62	0
9	83	0
81	87	0
44	19	0
70	53	0
57	94	1
68	92	0
95	41	0
61	12	0
76	46	0
75	32	0
90	61	0
71	31	0
89	73	0
50	91	1
93	94	0
81	99	0
15	7	0
2	84	0
76	87	0
67	92	0
53	16	0
87	57	0
99	2	0
95	82	0
62	80	0
61	76	0
96	3	0
87	31	0
10	46	0
2	97	0
87	91	0
88	90	0
84	85	0
80	61	0
75	78	0
7	86	0
25	27	0
2	14	0
40	40	0
82	41	0
60	59	0
63	6	0
77	83	0
77	74	0
81	47	0
71	61	1
29	14	0
98	41	0
71	93	0
54	31	0
66	80	0
91	67	0
14	55	0
54	74	0
59	82	0
4	46	0
72	79	0
97	44	0
90	66	0
48	88	1
84	26	0
87	8	1
98	68	0
67	69	0
6	90	0
81	92	0
16	25	0
9	88	0
66	72	0
63	63	0
93	91	0
6	83	0
82	54	0
15	0	0
13	85	0
2	18	0
94	58	0
16	24	0
9	35	0
77	32	0
71	78	0
90	79	0
82	39	0
78	79	0
68	84	0
2	75	0
91	65	0
60	23	0
95	39	0
80	86	0
75	69	0
37	84	0
89	68	0
97	13	1
42	73	0
0	99	0
76	41	0
29	32	0
60	81	0
36	70	0
68	96	0
93	53	0
84	31	0
75	67	0
99	79	0
98	45	0
98	97	0
88	69	0
68	27	0
81	75	0
83	63	0
96	26	0
51	65	0
65	33	0
86	89	0
90	65	0
24	80	0
94	35	0
81	37	0
89	40	0
96	82	0
74	51	0
6	80	0
14	99	0
36	29	0
31	68	0
61	9	0
2	94	0
79	48	0
4	12	0
21	54	0
59	66	0
70	75	0
78	50	0
69	43	0
80	66	1
76	47	0
16	38	0
88	82	0
62	93	0
82	16	0
14	91	0
94	58	0
58	24	1
23	17	0
32	33	0
72	47	0
96	36	0
12	2	0
40	1	0
54	55	0
96	86	0
26	5	0
57	3	0
92	84	0
60	84	0
26	51	0
89	47	0
86	61	0
5	88	0
0	96	0
45	33	0
94	34	0
19	33	0
84	36	0
79	13	0
39	31	0
16	97	1
58	82	1
18	36	0
79	39	0
67	90	0
73	42	0
14	10	0
95	54	0
83	44	0
81	20	1
60	95	0
75	39	0
51	91	0
57	54	0
71	45	0
56	95	0
88	46	0
98	94	0
89	87	0
68	73	0
71	24	0
97	43	0
93	98	0
95	93	0
84	25	1
85	68	0
10	98	1
82	95	0
56	79	0
0	15	0
32	92	0
85	37	0
21	94	1
74	32	0
79	42	0
76	47	0
95	58	0
88	33	0
84	25	1
13	78	0
9	14	0
55	84	0
26	71	0
35	5	0
3	86	0
99	44	0
97	86	0
81	48	0
92	88	0
69	59	1
96	45	0
