94	64	0
49	18	0
42	20	0
46	89	0
3	42	0
88	31	0
96	79	0
8	5	0
45	15	0
69	91	0
44	38	0
76	43	0
2	91	0
26	3	0
18	59	0
96	5	0
88	79	0
66	30	0
29	64	0
95	62	0
99	1	0
40	73	0
70	79	0
79	81	0
75	0	0
26	94	0
56	13	0
78	76	0
67	92	0
97	56	0
1	41	0
30	31	0
46	23	0
81	19	0
44	51	0
89	72	0
7	91	0
66	70	0
93	14	0
83	96	0
41	15	0
26	57	0
68	53	0
96	58	0
61	88	0
94	50	0
19	98	0
34	45	0
59	14	0
91	42	0
22	63	0
59	9	0
33	88	0
60	91	0
29	64	0
98	70	0
56	20	0
38	59	0
88	73	0
99	94	0
79	12	0
23	94	0
88	2	0
51	8	0
92	67	0
40	28	0
14	86	0
91	7	0
33	82	0
89	73	0
58	52	0
23	28	0
94	78	0
22	42	0
29	50	0
91	37	0
24	17	0
16	43	0
38	83	0
61	96	0
70	23	0
42	94	0
67	95	0
6	7	0
16	26	0
94	12	0
94	15	0
46	50	0
81	42	0
19	30	0
75	51	0
46	51	0
29	11	0
30	3	0
71	47	0
23	83	0
56	1	0
46	82	0
40	0	0
32	31	0
85	43	0
49	63	0
59	48	0
21	78	0
66	74	0
6	78	0
51	90	0
86	49	0
69	17	0
55	79	0
0	53	0
63	8	0
51	71	0
7	77	0
48	0	0
27	55	0
22	31	0
92	80	0
9	29	1
46	27	0
5	1	0
35	97	0
89	4	0
63	64	0
14	37	0
77	76	0
95	15	0
65	67	0
56	86	0
33	18	0
59	99	0
18	16	0
74	82	0
67	51	0
30	93	0
74	33	0
39	33	0
18	24	0
75	5	0
9	6	0
0	78	0
16	13	1
96	81	0
91	8	0
84	40	0
49	57	0
66	9	0
85	92	0
5	2	0
38	15	0
12	11	0
80	78	0
39	40	0
89	75	0
85	83	0
55	26	0
56	37	0
74	54	0
5	50	0
26	76	0
16	58	0
83	77	0
49	62	0
37	94	0
87	49	0
71	71	0
61	84	0
16	35	0
94	78	0
6	48	0
34	32	0
21	23	0
22	77	0
30	71	0
97	23	0
49	33	0
76	8	0
42	80	0
70	20	0
57	28	0
80	74	0
18	46	0
67	60	0
34	97	0
30	61	0
30	3	0
70	22	0
22	96	0
5	87	0
67	83	0
83	47	0
21	87	0
26	41	0
81	75	0
25	50	0
32	74	0
34	91	0
54	37	0
31	3	0
19	43	0
79	90	0
92	90	0
61	93	0
70	16	0
9	57	0
61	5	0
59	23	0
63	26	0
83	22	0
30	60	0
1	75	0
51	67	0
65	36	0
34	67	0
85	24	0
61	84	0
32	72	0
19	15	0
85	80	0
31	75	0
42	2	0
0	86	0
82	18	0
95	71	0
76	89	0
82	26	0
0	78	0
21	85	0
97	50	0
61	70	0
34	45	0
43	78	0
70	70	0
53	57	0
10	81	0
33	66	0
67	7	0
10	58	0
65	97	0
70	43	0
29	83	0
92	67	0
42	8	0
37	59	0
5	71	0
40	91	0
56	32	0
73	19	0
17	37	0
91	59	0
63	40	0
79	49	0
11	92	0
56	14	0
23	77	0
61	70	0
61	57	0
69	58	0
56	1	0
27	13	0
9	57	0
74	49	0
52	10	0
63	58	0
45	86	0
61	53	0
92	27	0
99	12	0
16	64	0
82	65	0
22	91	0
14	15	1
94	56	0
40	95	0
52	35	0
49	0	0
11	98	0
72	37	0
44	57	0
39	76	0
42	1	0
18	86	0
83	81	0
84	81	0
57	32	0
89	68	0
12	90	0
41	43	0
68	2	0
71	18	0
27	28	0
54	5	0
60	13	0
52	36	0
67	37	0
26	51	0
21	47	0
56	50	0
70	73	0
86	82	0
50	93	0
71	15	0
99	56	0
72	7	0
12	54	0
22	13	0
90	40	0
53	32	0
72	73	0
13	46	0
51	61	0
59	26	0
28	94	0
31	89	0
37	75	0
94	50	0
45	25	0
49	0	0
29	43	0
87	55	0
74	9	0
66	97	0
23	5	0
70	92	0
10	77	0
42	77	0
30	23	0
5	54	0
17	14	1
85	11	0
22	34	0
79	17	0
41	5	0
10	5	0
83	14	0
27	62	0
22	44	0
88	30	0
93	53	0
13	33	0
21	34	0
3	55	0
34	90	0
13	71	0
2	8	0
38	93	0
54	66	0
44	22	0
9	17	1
56	31	0
45	86	0
37	71	0
91	96	0
31	31	0
17	57	0
38	44	0
56	68	0
76	98	0
44	11	0
70	0	0
29	11	0
43	7	0
58	0	0
20	54	0
76	59	0
63	4	0
26	48	0
58	2	0
53	58	0
52	54	0
36	57	0
77	81	0
67	54	0
17	67	0
54	37	0
21	15	0
98	6	0
43	2	0
63	25	0
57	28	0
16	40	0
11	75	0
64	74	0
11	81	0
34	97	0
25	87	0
40	23	0
38	38	0
88	64	0
55	39	0
8	72	0
76	80	0
63	84	0
28	33	0
69	20	0
70	91	0
67	7	0
98	62	0
75	44	0
38	19	0
35	43	0
38	40	0
89	74	0
17	20	0
69	19	0
84	8	0
12	52	0
33	86	0
74	76	0
80	2	0
3	67	0
91	45	0
57	94	0
11	14	0
70	3	0
57	59	0
36	56	0
60	47	0
24	36	0
50	37	0
76	82	0
68	51	0
42	31	0
73	72	0
24	51	0
23	81	0
79	89	0
45	15	0
1	78	0
74	20	0
85	19	0
69	45	0
16	63	0
66	20	0
18	30	0
55	42	0
11	96	0
67	49	0
53	12	0
89	51	0
42	23	0
27	75	0
43	0	0
81	37	0
5	4	0
63	92	0
4	92	0
31	37	0
52	76	0
54	27	0
8	98	0
11	48	0
17	38	0
55	20	0
97	34	0
76	18	0
89	98	0
33	61	0
18	21	0
41	13	0
42	27	0
92	12	0
56	64	0
81	78	0
34	34	0
63	96	0
76	60	0
40	75	0
77	1	0
71	43	0
82	11	0
66	21	0
42	24	0
33	33	0
98	4	0
62	21	0
2	70	0
96	10	0
98	86	0
8	91	0
7	29	1
90	68	0
44	50	0
32	3	0
91	84	0
81	58	0
23	97	0
67	25	0
74	37	0
91	63	0
10	20	1
84	69	0
32	77	0
76	79	0
29	97	0
93	73	0
34	47	0
26	86	0
96	85	0
27	32	0
30	39	0
71	72	0
67	98	0
51	74	0
14	12	1
50	82	0
65	62	0
38	57	0
34	71	0
90	21	0
15	92	0
84	51	0
25	77	0
40	61	0
47	85	0
86	32	0
32	32	0
21	50	0
3	18	1
60	41	0
99	70	0
59	22	0
78	91	0
71	92	0
33	39	0
52	17	0
27	47	0
19	77	0
35	31	0
56	67	0
69	96	0
32	28	0
76	82	0
48	34	0
38	13	0
66	35	0
20	73	0
47	12	0
7	58	0
96	82	0
59	99	0
45	51	0
79	8	0
45	67	0
46	56	0
95	58	0
91	2	0
1	68	0
75	4	0
84	80	0
68	29	0
34	1	0
29	69	0
79	76	0
35	85	0
54	79	0
83	15	0
14	73	0
57	15	0
57	70	0
63	96	0
29	94	0
95	10	0
93	20	0
70	5	0
41	90	0
11	91	0
0	90	0
73	57	0
76	64	0
80	64	0
10	45	0
87	51	0
66	52	0
10	17	1
77	70	0
67	61	0
16	47	0
16	69	0
40	27	0
40	40	0
9	57	0
59	57	0
48	46	0
97	43	0
76	35	0
79	1	0
77	32	0
45	88	0
19	17	0
23	50	0
71	43	0
99	88	0
72	74	0
98	77	0
21	48	0
59	73	0
60	48	0
25	61	0
83	38	0
9	27	1
24	62	0
41	23	0
82	60	0
71	96	0
52	55	0
26	59	0
36	4	0
82	66	0
24	76	0
50	26	0
89	81	0
92	78	0
16	90	0
44	58	0
12	77	0
75	79	0
43	57	0
54	62	0
37	84	0
71	71	0
32	29	0
20	66	0
91	77	0
76	58	0
97	62	0
32	81	0
54	79	0
66	30	0
25	24	0
88	27	0
38	32	0
99	1	0
17	83	0
21	24	0
2	19	1
35	97	0
87	66	0
21	40	0
92	60	0
18	94	0
17	65	0
32	2	0
95	88	0
24	25	0
1	84	0
72	97	0
40	60	0
81	70	0
24	79	0
92	24	0
25	23	0
31	82	0
28	75	0
39	15	0
23	42	0
11	37	0
98	69	0
88	11	0
51	12	0
71	7	0
85	46	0
28	5	0
43	30	0
98	35	0
9	57	0
46	89	0
8	51	0
17	77	0
74	55	0
50	95	0
67	50	0
74	81	0
39	26	0
89	72	0
32	67	0
89	45	0
10	77	0
66	45	0
30	72	0
72	32	0
3	26	1
59	40	0
92	83	0
84	88	0
85	92	0
26	86	0
21	41	0
46	53	0
47	63	0
38	28	0
24	7	0
39	66	0
11	48	0
66	0	0
77	84	0
89	51	0
98	12	0
13	51	0
6	2	0
77	98	0
3	82	0
50	18	0
52	35	0
72	10	0
21	3	0
50	14	0
18	37	0
5	32	1
51	14	0
54	6	0
34	83	0
52	18	0
29	98	0
76	1	0
30	45	0
49	63	0
66	15	0
93	60	0
64	72	0
48	62	0
51	97	0
82	87	0
11	12	0
93	56	0
15	64	0
84	70	0
56	87	0
17	36	0
13	64	0
97	48	0
26	83	0
94	94	0
63	87	0
45	13	0
43	58	0
75	56	0
44	90	0
78	50	0
98	75	0
76	25	0
13	62	0
6	67	0
77	95	0
68	38	0
56	63	0
59	6	0
20	20	0
70	70	0
30	36	0
17	64	0
32	48	0
53	45	0
32	13	0
58	30	0
6	88	0
26	44	0
11	59	0
4	60	0
82	57	0
27	22	0
64	17	0
93	24	0
83	2	0
55	68	0
3	63	0
59	26	0
37	36	0
15	15	1
16	19	0
73	72	0
70	17	0
40	43	0
51	76	0
54	82	0
15	96	0
20	61	0
49	89	0
30	40	0
78	90	0
48	40	0
28	77	0
16	9	0
57	23	0
8	45	0
59	52	0
71	16	0
30	71	0
84	60	0
56	51	0
50	45	0
41	22	0
1	69	0
75	66	0
72	52	0
41	32	0
74	60	0
75	72	0
78	43	0
60	11	0
88	76	0
86	23	0
4	76	0
71	70	0
4	26	1
24	5	0
47	27	0
7	0	0
11	52	0
16	83	0
34	89	0
29	51	0
98	30	0
9	50	0
53	98	0
20	86	0
98	65	0
46	63	0
82	39	0
23	0	0
60	21	0
53	7	0
16	2	0
26	85	0
50	63	0
83	75	0
68	43	0
18	6	0
24	32	0
56	10	0
10	22	1
0	77	0
72	0	0
38	72	0
56	30	0
70	98	0
13	37	0
8	88	0
90	54	0
27	19	0
87	74	0
64	53	0
68	40	0
47	29	0
94	28	0
86	66	0
12	59	0
4	92	0
27	51	0
1	89	0
6	95	0
94	23	0
31	47	0
1	97	0
53	9	0
66	0	0
43	50	0
22	19	0
66	40	0
39	22	0
19	82	0
24	34	0
57	9	0
6	39	0
92	50	0
91	5	0
60	50	0
34	5	0
43	24	0
11	94	0
56	76	0
31	66	0
13	4	0
35	20	0
8	83	0
1	80	0
65	52	0
89	43	0
52	36	0
15	79	0
23	33	0
93	82	0
68	28	0
44	80	0
64	93	0
22	16	0
5	90	0
66	16	0
57	77	0
35	40	0
94	70	0
30	74	0
96	24	0
85	17	0
98	16	0
80	86	0
44	57	0
15	83	0
80	13	0
36	7	0
69	82	0
67	73	0
18	41	0
71	43	0
62	78	0
81	17	0
95	46	0
15	66	0
57	47	0
29	29	0
90	24	0
61	44	0
69	15	0
90	92	0
82	71	0
52	67	0
77	34	0
57	72	0
5	92	0
33	1	0
8	94	0
20	78	0
65	64	0
73	94	0
88	11	0
95	94	0
78	0	0
6	6	0
90	73	0
69	10	0
99	34	0
72	60	0
51	46	0
19	64	0
67	90	0
58	73	0
3	42	0
7	44	0
36	95	0
0	79	0
54	6	0
39	46	0
14	67	0
41	35	0
14	24	1
6	42	0
97	53	0
56	29	0
2	47	0
25	88	0
76	64	0
3	3	0
88	83	0
21	83	0
63	49	0
42	55	0
89	43	0
60	39	0
2	6	0
11	11	0
5	54	0
24	58	0
94	77	0
61	47	0
94	70	0
8	55	0
74	59	0
17	77	0
0	4	0
76	78	0
0	16	1
29	70	0
43	5	0
29	21	0
8	75	0
35	91	0
5	2	0
76	35	0
59	62	0
78	63	0
81	84	0
43	85	0
31	29	0
2	66	0
8	10	0
38	70	0
44	47	0
52	53	0
84	15	0
