90	65	0
50	13	0
44	16	0
51	99	0
5	23	0
94	33	0
99	83	0
45	12	0
76	81	0
42	36	0
81	36	0
4	85	0
21	12	0
21	63	0
99	14	0
95	80	0
65	24	0
30	50	0
96	68	0
93	6	0
44	78	0
71	82	0
72	99	0
74	0	0
40	92	0
57	0	0
76	77	0
69	96	0
96	57	0
5	37	0
37	39	0
44	27	0
87	29	0
41	49	0
88	67	0
13	92	0
58	85	0
96	26	0
78	93	0
52	1	0
20	49	0
79	51	0
96	58	0
57	73	0
99	41	0
9	84	0
28	48	0
56	12	0
90	50	0
16	63	0
59	15	0
28	90	0
49	89	0
30	62	0
95	68	0
39	27	0
42	46	0
81	72	0
98	90	0
82	14	0
11	92	0
95	7	0
46	3	0
78	74	0
45	21	0
21	82	0
78	10	0
39	78	0
86	81	0
63	66	0
14	28	0
77	88	0
24	40	0
14	45	0
90	41	0
8	38	0
37	74	0
50	81	0
74	24	0
42	98	0
64	99	0
4	5	0
10	11	0
95	17	0
98	16	0
33	52	0
83	44	0
22	27	0
80	57	0
29	48	0
32	12	0
36	4	0
67	39	0
15	87	0
73	11	0
50	75	0
43	9	0
43	27	0
93	38	0
39	73	0
75	48	0
19	61	0
72	94	0
4	76	0
45	81	0
87	44	0
58	6	0
43	68	0
14	62	0
56	6	0
63	58	0
15	61	0
40	5	0
39	64	0
27	37	0
91	80	0
54	44	0
0	1	0
30	93	0
81	7	0
69	66	0
14	34	0
85	81	0
95	13	0
66	68	0
55	82	0
30	12	0
56	96	0
75	78	0
77	53	0
35	98	0
67	28	0
33	23	0
25	36	0
86	6	0
5	74	0
95	72	0
97	13	0
85	31	0
42	54	0
56	17	0
88	87	0
5	13	0
36	15	0
85	77	0
35	44	0
89	75	0
80	85	0
57	18	0
45	31	0
52	61	0
9	47	0
28	75	0
16	60	0
79	76	0
40	51	0
48	97	0
79	56	0
74	76	0
49	81	0
20	43	0
87	78	0
4	34	0
40	45	0
19	15	0
19	77	0
40	77	0
95	34	0
31	31	0
79	15	0
37	79	0
59	29	0
52	37	0
78	86	0
28	53	0
71	76	0
38	88	0
32	56	0
36	14	0
65	14	0
38	86	0
16	74	0
72	85	0
88	55	0
17	91	0
21	33	0
99	63	0
29	59	0
23	88	0
46	94	0
48	50	0
34	8	0
18	41	0
73	84	0
82	94	0
59	86	0
73	22	0
6	69	0
59	0	0
74	11	0
65	24	0
77	21	0
25	60	0
3	66	0
53	57	0
78	33	0
32	73	0
91	25	0
46	90	0
32	65	0
30	15	0
75	76	0
27	62	0
40	12	0
7	94	0
68	15	0
98	82	0
85	93	0
93	20	0
0	82	0
14	71	0
94	45	0
51	77	0
35	45	0
53	70	0
53	71	0
46	55	0
6	77	0
27	60	0
68	11	0
1	67	0
73	99	0
74	46	0
42	87	0
90	57	0
46	12	0
42	64	0
22	79	0
39	87	0
57	36	0
66	32	0
21	29	0
98	64	0
74	45	0
85	55	0
7	78	0
60	18	0
13	89	0
71	64	0
56	46	0
57	53	0
56	16	0
4	51	0
81	43	0
53	7	0
78	60	0
50	87	0
68	44	0
95	37	0
96	4	0
0	62	0
81	71	0
16	98	0
98	65	0
44	86	0
62	32	0
45	0	0
22	93	0
71	36	0
39	58	0
46	78	0
47	9	0
22	94	0
70	92	0
89	81	0
68	30	0
89	70	0
6	89	0
50	42	0
52	6	0
67	24	0
32	14	0
35	4	0
52	8	0
55	51	0
73	33	0
33	55	0
28	49	0
49	60	0
72	82	0
87	82	0
59	84	0
87	17	0
90	56	0
80	5	0
12	54	0
26	6	0
87	37	0
61	23	0
74	74	0
1	38	0
47	70	0
53	27	0
29	96	0
33	92	0
20	70	0
96	67	0
39	30	0
38	5	0
28	58	0
87	54	0
74	22	0
73	89	0
24	12	0
67	92	0
9	72	0
47	84	0
36	38	0
1	56	0
77	7	0
23	30	0
88	12	0
40	16	0
11	3	1
88	7	0
35	47	0
16	48	0
86	27	0
95	57	0
3	29	0
32	27	0
4	64	0
34	86	0
17	85	0
3	10	0
40	86	0
51	68	0
46	39	0
64	26	0
42	92	0
36	67	0
90	95	0
46	34	0
17	47	0
27	38	0
58	70	0
84	94	0
48	20	0
87	6	0
32	2	0
56	6	0
58	9	0
21	44	0
79	58	0
67	1	0
15	35	0
51	10	0
56	52	0
48	49	0
23	66	0
83	83	0
76	54	0
18	52	0
49	35	0
20	5	1
96	8	0
52	7	0
63	18	0
56	44	0
25	33	0
3	71	0
68	77	0
17	81	0
35	92	0
24	95	0
53	28	0
41	43	0
91	58	0
71	44	0
9	83	0
79	80	0
58	87	0
17	30	1
75	19	0
55	98	0
72	3	0
88	60	0
86	49	0
41	20	0
43	39	0
33	48	0
89	78	0
9	11	0
77	24	0
94	1	0
14	41	0
32	99	0
70	74	0
85	2	0
3	59	0
97	33	0
46	98	0
72	10	0
61	51	0
44	51	0
44	40	0
30	37	0
51	36	0
72	83	0
78	44	0
38	34	0
78	71	0
22	56	0
15	90	0
86	91	0
38	34	0
3	81	0
64	21	0
89	13	0
79	42	0
13	60	0
65	42	0
34	34	0
52	42	0
2	98	0
71	28	0
54	13	0
86	55	0
44	26	0
29	83	0
23	4	0
80	50	0
10	0	1
74	96	0
4	83	0
38	54	0
51	75	0
56	31	0
20	99	0
18	44	0
27	43	0
59	15	0
90	25	0
84	22	0
87	92	0
20	62	0
30	19	0
28	29	0
79	22	0
54	64	0
73	96	0
21	40	0
72	99	0
88	69	0
33	73	0
75	5	0
71	39	0
82	17	0
72	9	0
42	17	0
42	34	0
97	2	0
78	29	0
0	68	0
88	14	0
97	98	0
8	98	0
89	53	0
55	50	0
27	13	0
92	86	0
68	58	0
17	99	0
69	33	0
81	44	0
85	54	0
84	66	0
27	71	0
77	75	0
42	93	0
79	73	0
27	34	0
29	97	0
98	81	0
31	33	0
30	43	0
68	76	0
59	89	0
45	63	0
58	99	0
58	53	0
39	65	0
34	65	0
81	23	0
21	90	0
84	54	0
27	91	0
40	63	0
40	72	0
86	29	0
29	28	0
21	49	0
53	30	0
93	68	0
71	11	0
87	99	0
71	95	0
39	49	0
64	5	0
28	45	0
38	89	0
40	32	0
52	66	0
64	79	0
33	21	0
80	96	0
45	24	0
31	19	0
66	37	0
30	81	0
41	16	0
5	60	0
89	81	0
60	95	0
51	44	0
83	10	0
46	76	0
39	51	0
96	60	0
86	0	0
5	71	0
72	3	0
70	71	0
74	31	0
38	13	0
29	72	0
85	80	0
28	72	0
55	85	0
74	19	0
11	67	0
65	18	0
44	59	0
61	97	0
31	95	0
87	6	0
91	19	0
59	13	0
40	90	0
11	89	0
9	90	0
71	44	0
67	64	0
78	72	0
15	49	0
81	36	0
71	66	0
86	73	0
57	64	0
18	60	0
24	67	0
34	23	0
44	31	0
3	44	0
51	63	0
41	47	0
95	35	0
80	38	0
73	5	0
80	37	0
57	72	0
15	51	0
59	30	0
90	76	0
62	84	0
93	73	0
20	54	0
58	72	0
65	47	0
25	53	0
88	33	0
17	52	0
41	24	0
82	48	0
80	96	0
59	55	0
18	67	0
43	6	0
57	72	0
31	86	0
44	26	0
78	79	0
95	71	0
19	96	0
52	75	0
10	74	0
74	60	0
31	51	0
48	63	0
35	78	0
63	73	0
24	28	0
15	59	0
92	82	0
80	55	0
98	56	0
26	60	0
54	86	0
63	26	0
90	27	0
40	45	0
95	11	0
17	88	0
28	30	0
32	82	0
91	57	0
23	43	0
91	66	0
18	95	0
7	73	0
20	5	1
89	89	0
38	29	0
2	70	0
75	92	0
47	63	0
85	65	0
29	91	0
99	36	0
27	13	0
35	82	0
30	71	0
37	19	0
24	41	0
4	15	0
83	69	0
93	7	0
58	8	0
75	14	0
94	45	0
30	7	0
37	46	0
96	42	0
7	54	0
54	80	0
0	51	0
15	72	0
78	55	0
47	96	0
75	48	0
71	82	0
34	35	0
74	63	0
39	55	0
84	46	0
16	74	0
54	38	0
32	69	0
71	34	0
55	35	0
99	80	0
99	96	0
89	81	0
26	75	0
17	31	0
57	49	0
46	74	0
32	16	0
22	0	0
35	71	0
9	40	0
63	1	0
69	86	0
76	66	0
93	20	0
10	45	0
69	91	0
5	94	0
54	10	0
62	49	0
68	14	0
41	19	0
24	35	0
44	16	0
74	2	0
44	86	0
54	32	0
29	87	0
77	9	0
30	45	0
52	65	0
75	21	0
91	73	0
60	76	0
33	69	0
52	85	0
81	87	0
83	54	0
16	69	0
78	71	0
63	95	0
15	40	0
19	51	0
96	34	0
33	94	0
97	85	0
70	83	0
50	2	0
56	46	0
92	57	0
62	84	0
82	52	0
96	75	0
82	28	0
12	68	0
0	56	0
70	85	0
77	40	0
50	61	0
60	9	0
34	12	0
79	74	0
29	35	0
13	62	0
45	53	0
53	38	0
36	13	0
53	29	0
15	87	0
25	41	0
7	60	0
12	71	0
77	53	0
17	18	0
60	8	0
97	22	0
81	3	0
55	79	0
10	59	0
61	27	0
44	33	0
64	81	0
88	13	0
37	48	0
54	63	0
51	81	0
20	94	0
33	64	0
42	85	0
24	34	0
77	83	0
48	49	0
37	83	0
60	29	0
13	50	0
60	64	0
60	24	0
28	71	0
79	39	0
52	45	0
47	44	0
33	15	0
6	60	0
80	65	0
73	61	0
42	41	0
85	61	0
86	71	0
77	26	0
59	6	0
88	80	0
83	11	0
3	69	0
71	76	0
33	18	0
65	39	0
15	6	1
13	65	0
12	85	0
36	90	0
26	53	0
93	32	0
21	52	0
55	99	0
19	83	0
98	72	0
56	62	0
84	42	0
19	3	0
53	21	0
58	10	0
5	7	1
12	79	0
63	61	0
85	61	0
69	49	0
14	0	0
28	41	0
66	9	0
4	81	0
78	5	0
44	69	0
46	20	0
74	98	0
7	37	0
14	91	0
99	55	0
30	12	0
98	78	0
60	65	0
74	47	0
55	27	0
89	26	0
90	74	0
12	69	0
0	81	0
21	55	0
11	88	0
0	83	0
80	24	0
40	43	0
1	93	0
49	10	0
61	3	0
34	50	0
70	43	0
45	18	0
26	68	0
28	29	0
82	15	0
15	41	0
86	51	0
91	5	0
65	60	0
27	11	0
51	14	0
12	99	0
58	79	0
37	72	0
37	16	0
4	80	0
4	92	0
65	55	0
92	38	0
40	30	0
33	78	0
25	23	1
99	93	0
53	28	0
57	72	0
62	93	0
5	85	0
67	25	0
55	60	0
24	37	0
94	72	0
45	67	0
99	23	0
74	16	0
89	22	0
76	87	0
46	61	0
35	83	0
82	18	0
25	8	0
62	91	0
75	73	0
19	50	0
71	42	0
74	89	0
87	10	0
94	53	0
24	71	0
60	50	0
22	28	0
89	17	0
38	48	0
60	1	0
94	94	0
81	68	0
48	74	0
77	29	0
75	73	0
8	87	0
46	5	0
11	89	0
7	67	0
68	67	0
66	98	0
76	4	0
91	94	0
83	7	0
79	76	0
60	5	0
86	33	0
83	48	0
53	32	0
15	76	0
52	87	0
61	80	0
18	54	0
3	38	0
37	99	0
9	68	0
44	0	0
34	52	0
12	60	0
42	28	0
2	43	0
96	51	0
54	19	0
10	44	0
27	86	0
76	69	0
0	1	0
88	68	0
17	70	0
61	46	0
30	60	0
93	46	0
53	40	0
1	11	0
3	51	0
19	61	0
96	67	0
70	51	0
99	59	0
4	54	0
67	59	0
12	76	0
1	19	0
85	57	0
28	61	0
38	13	0
37	31	0
8	81	0
32	89	0
4	6	0
80	42	0
77	58	0
78	61	0
76	79	0
39	81	0
48	20	0
0	72	0
48	71	0
42	46	0
56	53	0
84	9	0
