91	68	0
51	17	0
41	17	0
49	98	0
5	22	0
92	32	0
95	86	0
40	14	0
77	83	0
40	37	0
79	36	0
4	84	0
17	14	0
21	62	0
99	18	0
96	74	0
61	30	0
30	49	0
99	62	0
90	0	0
42	81	0
69	80	0
74	97	0
68	0	0
44	91	0
58	0	0
74	78	0
69	94	0
98	57	0
3	36	0
42	38	0
45	29	0
90	29	0
44	44	0
91	66	0
14	92	0
60	85	0
97	24	0
79	94	0
54	0	0
22	52	0
80	52	0
95	62	0
59	74	0
97	43	0
11	82	0
29	42	0
61	10	0
91	56	0
12	67	0
60	8	0
31	85	0
49	95	0
32	67	0
96	61	0
39	29	0
43	38	0
77	75	0
93	95	0
82	18	0
13	94	0
90	13	0
45	2	0
75	72	0
45	19	0
13	82	0
79	12	0
40	80	0
85	85	0
62	65	0
14	24	0
77	83	0
29	35	0
19	47	0
89	38	0
10	36	0
41	77	0
49	83	0
71	21	0
39	98	0
64	99	0
1	2	0
9	12	0
96	12	0
99	19	0
32	48	0
82	42	0
24	19	0
77	58	0
32	47	0
37	10	0
39	10	0
71	37	0
12	89	0
72	9	0
54	74	0
39	9	0
46	29	0
96	40	0
38	73	0
79	58	0
24	58	0
76	93	0
4	79	0
44	81	0
87	45	0
63	3	0
44	68	0
15	62	0
56	1	0
65	60	0
14	61	0
44	4	0
41	59	0
31	39	0
94	84	0
55	43	0
0	0	0
29	91	0
77	8	0
69	68	0
14	31	0
88	81	0
94	12	0
69	66	0
57	76	0
34	8	0
55	96	0
78	80	0
75	55	0
33	97	0
67	26	0
41	23	0
20	36	0
82	9	0
4	78	0
99	71	0
99	17	0
87	33	0
41	53	0
56	19	0
87	79	0
4	17	0
37	11	0
89	68	0
34	41	0
84	75	0
80	90	0
56	16	0
45	32	0
54	62	0
8	51	0
28	72	0
14	58	0
78	72	0
35	51	0
47	96	0
79	55	0
71	76	0
48	83	0
16	41	0
90	71	0
3	30	0
40	46	0
25	14	0
18	76	0
41	77	0
92	37	0
32	30	0
84	16	0
38	82	0
58	28	0
47	40	0
83	82	0
24	52	0
70	80	0
33	87	0
31	58	0
37	19	0
62	7	0
36	77	0
17	76	0
74	85	0
91	55	0
15	85	0
20	32	0
98	67	0
29	61	0
28	90	0
46	88	0
42	51	0
33	10	0
19	38	0
67	82	0
83	95	0
57	86	0
77	24	0
4	72	0
54	3	0
78	17	0
69	27	0
74	25	0
23	55	0
2	66	0
53	60	0
77	36	0
34	69	0
92	25	0
38	91	0
32	64	0
35	17	0
73	74	0
30	56	0
37	9	0
4	95	0
69	14	0
98	86	0
84	89	0
96	16	0
2	77	0
13	68	0
94	46	0
53	74	0
39	47	0
50	65	0
58	71	0
47	55	0
8	74	0
30	64	0
68	7	0
1	66	0
62	97	0
81	48	0
43	86	0
87	58	0
47	10	0
43	65	0
19	81	0
39	93	0
60	31	0
63	32	0
20	30	0
96	63	0
73	41	0
80	61	0
7	73	0
55	18	0
6	89	0
71	60	0
55	45	0
67	48	0
54	17	0
1	55	0
83	41	0
55	8	0
73	66	0
43	86	0
75	40	0
97	39	0
99	4	0
1	67	0
86	72	0
18	97	0
96	63	0
47	89	0
62	29	0
48	0	0
23	93	0
67	37	0
42	58	0
43	76	0
48	5	0
20	90	0
69	95	0
87	81	0
69	34	0
87	67	0
13	88	0
51	47	0
50	7	0
69	25	0
32	14	0
35	2	0
48	10	0
59	50	0
71	35	0
33	54	0
33	47	0
45	62	0
68	86	0
88	83	0
60	82	0
88	17	0
84	53	0
80	10	0
21	52	0
33	10	0
85	37	0
62	26	0
71	70	0
5	39	0
49	73	0
53	25	0
26	95	0
32	94	0
20	72	0
92	64	0
44	29	0
39	8	0
26	59	0
90	58	0
72	16	0
81	90	0
21	10	0
69	92	0
8	77	0
48	84	0
40	35	0
1	53	0
79	5	0
22	29	0
89	16	0
46	21	0
11	4	1
83	12	0
33	45	0
19	49	0
83	23	0
91	54	0
0	26	0
27	32	0
0	64	0
36	85	0
18	85	0
3	7	0
45	84	0
56	69	0
49	42	0
66	23	0
48	91	0
39	69	0
88	98	0
40	34	0
13	47	0
21	40	0
56	72	0
82	91	0
46	19	0
87	7	0
29	2	0
62	1	0
58	13	0
20	43	0
75	65	0
69	1	0
17	34	0
46	14	0
56	48	0
44	49	0
23	61	0
85	81	0
75	50	0
14	59	0
49	35	0
97	11	0
58	6	0
62	19	0
58	42	0
26	29	0
6	70	0
70	74	0
17	80	0
35	88	0
21	96	0
49	26	0
41	42	0
85	58	0
75	40	0
6	83	0
75	80	0
60	87	0
15	33	1
78	27	0
58	97	0
73	3	0
86	59	0
80	50	0
29	13	0
41	43	0
36	45	0
88	82	0
2	7	0
73	23	0
93	4	0
18	39	0
30	97	0
67	71	0
88	4	0
6	58	0
96	33	0
44	97	0
75	14	0
66	47	0
50	54	0
45	37	0
30	37	0
43	36	0
70	87	0
78	39	0
37	35	0
76	67	0
22	59	0
15	92	0
90	87	0
33	35	0
0	79	0
62	26	0
89	14	0
79	45	0
13	60	0
66	45	0
38	36	0
50	45	0
0	97	0
70	23	0
53	11	0
86	57	0
47	23	0
28	82	0
21	3	0
75	46	0
71	98	0
2	78	0
41	57	0
46	76	0
56	29	0
21	97	0
17	46	0
32	39	0
60	18	0
88	27	0
88	21	0
85	86	0
20	59	0
32	22	0
29	31	0
83	19	0
56	59	0
69	91	0
15	36	0
70	97	0
86	63	0
34	72	0
65	6	0
70	41	0
77	20	0
75	11	0
43	23	0
41	34	0
94	3	0
81	27	0
1	71	0
86	11	0
99	97	0
4	99	0
88	56	0
53	47	0
24	16	0
97	88	0
67	58	0
12	96	0
64	29	0
79	42	0
83	50	0
83	62	0
31	71	0
72	75	0
41	98	0
78	72	0
23	29	0
32	98	0
98	83	0
34	34	0
26	39	0
67	80	0
60	92	0
45	68	0
60	96	0
56	53	0
36	66	0
29	68	0
83	26	0
19	93	0
84	51	0
26	90	0
49	65	0
42	76	0
84	34	0
34	32	0
21	51	0
54	24	0
92	66	0
70	19	0
85	96	0
73	98	0
39	51	0
69	0	0
27	44	0
36	89	0
36	31	0
51	69	0
69	80	0
27	22	0
83	99	0
38	26	0
24	22	0
64	38	0
25	77	0
44	14	0
3	54	0
87	83	0
61	89	0
53	46	0
78	11	0
50	71	0
42	52	0
97	59	0
86	4	0
1	69	0
76	0	0
68	73	0
74	34	0
36	16	0
34	70	0
84	77	0
26	69	0
55	80	0
77	24	0
11	64	0
69	18	0
44	62	0
61	98	0
30	92	0
87	5	0
93	22	0
63	12	0
36	86	0
13	88	0
6	85	0
75	41	0
67	65	0
70	82	0
18	49	0
77	34	0
67	67	0
88	72	0
56	61	0
20	62	0
24	64	0
39	24	0
43	29	0
1	43	0
48	63	0
40	45	0
94	32	0
75	33	0
76	2	0
86	42	0
55	69	0
25	56	0
57	29	0
91	76	0
64	86	0
94	71	0
15	50	0
60	74	0
66	49	0
31	54	0
78	33	0
19	51	0
40	22	0
78	54	0
80	96	0
57	55	0
17	66	0
47	4	0
52	64	0
29	85	0
44	27	0
86	80	0
93	72	0
17	98	0
54	72	0
11	74	0
72	60	0
33	53	0
46	59	0
36	76	0
60	71	0
20	28	1
11	65	0
96	79	0
73	57	0
96	56	0
27	61	0
51	86	0
60	27	0
93	27	0
36	50	0
98	9	0
19	90	0
27	31	0
32	75	0
88	57	0
20	46	0
81	68	0
20	97	0
8	73	0
12	6	1
91	87	0
41	32	0
4	68	0
79	86	0
50	64	0
81	67	0
27	94	0
99	36	0
28	7	0
36	81	0
32	74	0
35	19	0
24	38	0
3	15	0
83	71	0
91	5	0
59	6	0
74	11	0
97	45	0
32	6	0
30	48	0
99	42	0
10	56	0
59	80	0
3	58	0
17	74	0
77	56	0
47	93	0
79	48	0
72	81	0
30	35	0
78	68	0
39	59	0
83	48	0
14	75	0
44	36	0
33	72	0
82	33	0
57	35	0
98	80	0
98	97	0
87	82	0
32	69	0
19	31	0
58	40	0
47	74	0
32	13	0
25	3	0
38	71	0
19	39	0
58	2	0
71	82	0
74	64	0
90	16	0
6	48	0
66	88	0
1	93	0
54	9	0
66	51	0
69	16	0
36	17	0
26	34	0
39	16	0
72	7	0
41	87	0
54	29	0
31	81	0
73	14	0
32	43	0
49	65	0
75	22	0
89	72	0
61	70	0
33	66	0
49	86	0
73	83	0
82	46	0
21	64	0
73	75	0
63	94	0
18	43	0
21	56	0
97	35	0
32	90	0
93	85	0
71	85	0
47	0	0
58	60	0
88	56	0
67	83	0
85	52	0
98	78	0
84	29	0
10	62	0
6	57	0
72	87	0
75	40	0
52	61	0
58	10	0
33	14	0
83	70	0
27	32	0
13	61	0
46	52	0
53	38	0
35	19	0
50	26	0
16	82	0
24	39	0
8	62	0
16	72	0
72	44	0
17	19	0
63	12	0
99	27	0
80	0	0
56	77	0
6	58	0
61	29	0
48	33	0
60	82	0
90	15	0
36	43	0
56	62	0
55	79	0
16	97	0
40	68	0
39	85	0
28	28	0
75	82	0
43	48	0
35	85	0
63	34	0
14	46	0
60	63	0
58	25	0
29	74	0
81	38	0
55	42	0
45	46	0
31	15	0
9	61	0
75	70	0
72	65	0
40	42	0
87	62	0
85	73	0
75	27	0
59	7	0
81	77	0
78	12	0
6	66	0
71	76	0
39	20	0
69	39	0
16	66	0
14	88	0
39	91	0
29	51	0
97	28	0
21	53	0
51	98	0
18	89	0
98	69	0
56	58	0
82	41	0
21	0	0
51	22	0
59	4	0
11	79	0
61	57	0
81	65	0
72	45	0
15	0	0
25	43	0
69	12	0
6	82	0
79	3	0
44	67	0
48	24	0
78	92	0
1	25	0
19	90	0
97	51	0
34	13	0
98	82	0
58	63	0
75	50	0
46	25	0
89	31	0
90	75	0
7	69	0
0	79	0
18	54	0
10	86	0
1	89	0
79	25	0
41	40	0
4	93	0
53	9	0
69	6	0
43	52	0
73	44	0
48	22	0
26	65	0
27	25	0
84	14	0
14	42	0
86	61	0
96	3	0
58	57	0
31	16	0
54	11	0
12	95	0
56	76	0
38	63	0
37	14	0
2	84	0
7	89	0
67	55	0
92	41	0
39	28	0
29	77	0
25	28	1
98	93	0
52	32	0
58	76	0
66	88	0
1	80	0
75	26	0
58	61	0
24	35	0
99	74	0
45	67	0
97	20	0
74	12	0
88	20	0
79	92	0
42	62	0
39	78	0
82	21	0
29	8	0
63	95	0
68	74	0
20	47	0
71	42	0
67	92	0
80	12	0
96	53	0
28	76	0
60	51	0
30	33	0
85	23	0
31	47	0
66	0	0
93	99	0
77	65	0
52	78	0
81	25	0
76	73	0
7	87	0
39	6	0
16	92	0
3	65	0
64	70	0
67	94	0
76	10	0
94	98	0
82	13	0
82	78	0
64	4	0
88	35	0
81	43	0
52	37	0
12	76	0
54	88	0
58	77	0
19	53	0
8	40	0
31	98	0
9	64	0
40	0	0
29	50	0
13	61	0
44	33	0
2	40	0
94	55	0
53	22	0
12	48	0
26	87	0
76	78	0
0	1	0
89	64	0
16	70	0
63	44	0
31	58	0
89	49	0
56	40	0
0	10	0
3	52	0
23	59	0
94	64	0
70	48	0
97	64	0
5	58	0
72	60	0
8	79	0
2	22	0
85	58	0
28	62	0
40	11	0
34	31	0
13	82	0
32	86	0
4	7	1
79	45	0
73	67	0
77	59	0
74	78	0
39	76	0
47	22	0
2	67	0
51	70	0
37	43	0
58	52	0
85	11	0
