92	65	0
51	16	0
44	16	0
46	99	0
6	24	0
92	34	0
96	87	0
43	15	0
76	77	0
39	39	0
81	39	0
5	84	0
18	12	0
23	63	0
99	21	0
99	77	0
66	28	0
31	48	0
98	61	0
89	1	0
41	85	0
71	75	0
70	96	0
68	0	0
45	89	0
62	1	0
76	81	0
65	94	0
98	59	0
1	35	0
43	37	0
47	29	0
89	29	0
47	43	0
91	67	0
18	92	0
58	85	0
99	24	0
77	95	0
52	1	0
21	51	0
81	55	0
93	62	0
57	72	0
95	42	0
13	86	0
28	41	0
61	9	0
90	57	0
12	66	0
62	10	0
29	87	0
51	95	0
32	66	0
96	62	0
42	26	0
43	34	0
78	73	0
95	96	0
81	19	0
9	94	0
88	10	0
44	3	0
75	70	0
44	22	0
12	83	0
78	12	0
41	77	0
85	88	0
60	65	0
13	24	0
77	84	0
31	34	0
22	48	0
88	38	0
11	33	0
41	77	0
49	86	0
71	23	0
42	96	0
62	97	0
2	2	0
5	13	0
98	14	0
98	25	0
34	51	0
81	42	0
23	18	0
78	55	0
32	46	0
34	11	0
42	10	0
69	35	0
12	87	0
73	10	0
52	76	0
41	10	0
48	31	0
96	42	0
35	71	0
77	57	0
22	56	0
74	93	0
5	77	0
42	81	0
88	45	0
62	0	0
48	65	0
16	62	0
55	0	0
63	57	0
15	60	0
47	4	0
40	58	0
32	38	0
92	89	0
54	43	0
0	1	0
30	91	0
73	8	0
66	65	0
16	31	1
84	80	0
93	12	0
69	65	0
56	76	0
33	9	0
54	98	0
80	80	0
80	52	0
35	99	0
66	28	0
42	21	0
20	40	0
81	10	0
4	78	0
98	67	0
97	21	0
88	32	0
39	55	0
57	19	0
87	81	0
6	20	0
42	12	0
89	69	0
35	39	0
81	71	0
85	90	0
51	17	0
44	33	0
55	62	0
6	50	0
25	69	0
11	56	0
78	72	0
37	51	0
46	95	0
80	57	0
72	77	0
50	85	0
16	44	0
90	66	0
0	32	0
43	48	0
25	15	0
19	75	0
37	75	0
91	38	0
32	32	0
83	17	0
38	83	0
58	30	0
46	44	0
81	83	0
24	53	0
67	82	0
33	87	0
34	59	0
34	21	0
59	10	0
35	76	0
19	76	0
75	83	0
91	58	0
16	83	0
18	34	0
97	68	0
30	62	0
28	92	0
50	89	0
42	49	0
32	11	0
20	41	0
67	81	0
82	93	0
55	84	0
77	25	0
2	74	0
51	4	0
78	19	0
69	29	0
77	23	0
23	57	0
1	65	0
54	60	0
76	33	0
33	71	0
95	24	0
38	92	0
32	66	0
37	15	0
78	74	0
32	55	0
32	8	0
8	96	0
69	11	0
99	87	0
83	91	0
94	15	0
1	79	0
13	69	0
98	45	0
53	73	0
39	48	0
52	61	0
58	73	0
45	58	0
9	74	0
33	65	0
72	6	0
1	63	0
64	96	0
84	46	0
45	87	0
88	60	0
47	12	0
45	67	0
21	81	0
34	98	0
63	32	0
66	30	0
20	35	0
96	61	0
73	41	0
79	64	0
8	72	0
55	20	0
7	88	0
71	61	0
52	45	0
68	49	0
53	16	0
3	57	0
83	37	0
53	9	0
75	64	0
46	83	0
71	37	0
97	38	0
97	6	0
0	67	0
88	73	0
22	96	0
96	66	0
44	92	0
61	29	0
53	1	0
21	94	0
67	36	0
39	57	0
44	78	0
50	5	0
23	88	0
72	93	0
86	81	0
71	33	0
87	70	0
14	87	0
48	47	0
51	8	0
69	27	0
32	15	0
36	0	0
47	7	0
58	51	0
72	34	0
34	55	0
34	51	0
45	63	0
70	87	0
92	83	0
60	83	0
84	18	0
83	54	0
80	12	0
20	53	0
30	14	0
86	39	0
63	28	0
73	73	0
7	41	0
50	72	0
53	24	0
27	93	0
33	93	0
21	71	0
95	67	0
45	27	0
39	8	0
24	58	0
91	56	0
72	16	0
79	87	0
15	9	0
70	90	0
9	78	0
48	83	0
42	32	0
1	50	0
79	4	0
24	29	0
90	15	0
49	18	0
83	14	0
30	44	0
16	48	0
83	24	0
93	56	0
2	23	0
23	33	0
3	62	0
35	83	0
20	87	0
2	7	1
45	87	0
56	72	0
48	44	0
67	24	0
47	92	0
39	71	0
89	95	0
39	34	0
15	47	0
20	39	0
57	70	0
79	88	0
43	20	0
87	9	0
28	1	0
62	1	0
59	14	0
21	42	0
75	63	0
69	1	0
14	36	0
46	17	0
56	45	0
42	49	0
23	59	0
86	81	0
72	48	0
16	58	0
50	34	0
95	9	0
57	10	0
61	22	0
58	40	0
26	31	0
9	74	0
74	75	0
16	80	0
36	85	0
23	97	0
50	29	0
39	45	0
90	54	0
74	40	0
5	81	0
74	77	0
62	84	0
17	32	1
75	28	0
63	97	0
74	1	0
84	56	0
77	52	0
29	17	0
41	44	0
35	44	0
92	80	0
2	7	1
70	22	0
94	2	0
16	42	0
33	94	0
65	73	0
86	4	0
2	59	0
98	35	0
44	95	0
77	16	0
67	50	0
48	52	0
45	41	0
29	41	0
43	36	0
73	81	0
79	39	0
41	36	0
75	69	0
22	58	0
16	93	0
92	90	0
32	36	0
0	80	0
63	25	0
91	15	0
81	42	0
12	60	0
65	47	0
39	33	0
48	45	0
2	98	0
70	18	0
51	13	0
88	55	0
49	23	0
24	82	0
20	5	0
71	46	0
70	99	0
0	79	0
42	56	0
44	72	0
57	27	0
19	97	0
17	49	0
30	39	0
61	17	0
87	25	0
88	20	0
83	88	0
21	60	0
30	23	0
30	34	0
85	19	0
59	61	0
70	90	0
17	39	0
70	97	0
88	63	0
38	73	0
69	8	0
68	39	0
75	20	0
75	9	0
44	22	0
41	33	0
94	0	0
82	31	0
1	71	0
86	10	0
97	97	0
1	99	0
89	56	0
55	46	0
24	17	0
94	84	0
68	59	0
11	96	0
65	29	0
80	38	0
80	54	0
81	62	0
28	70	0
72	77	0
41	98	0
81	71	0
21	30	0
33	98	0
95	82	0
36	35	0
27	37	0
64	80	0
58	94	0
42	69	0
59	99	0
56	52	0
37	64	0
28	68	0
86	23	0
19	97	0
87	50	0
24	92	0
52	66	0
47	76	0
88	34	0
34	36	0
22	49	0
52	26	0
93	66	0
69	18	0
89	98	0
71	98	0
37	54	0
64	1	0
30	46	0
38	88	0
39	27	0
50	67	0
69	82	0
24	24	0
83	98	0
38	23	0
24	22	0
64	41	0
25	76	0
48	14	0
6	54	0
88	85	0
56	87	0
55	43	0
81	11	0
49	70	0
45	53	0
99	59	0
86	1	0
0	73	0
77	0	0
68	73	0
73	33	0
37	14	0
33	70	0
84	78	0
26	67	0
51	82	0
78	25	0
12	63	0
68	19	0
45	59	0
62	96	0
33	90	0
87	5	0
92	25	0
64	14	0
33	87	0
13	88	0
5	86	0
73	39	0
67	62	0
70	83	0
16	49	0
74	32	0
64	62	0
86	76	0
55	60	0
19	61	0
27	62	0
40	24	0
45	26	0
0	42	0
46	64	0
40	46	0
93	31	0
75	32	0
77	1	0
87	44	0
54	70	0
22	52	0
58	26	0
91	78	0
63	89	0
94	70	0
16	47	0
58	74	0
67	48	0
33	53	0
76	34	0
17	54	0
39	22	0
80	52	0
84	99	0
59	55	0
17	62	0
48	4	0
48	61	0
31	84	0
40	28	0
85	82	0
92	72	0
16	98	0
57	72	0
10	74	0
74	61	0
32	48	0
47	60	0
36	75	0
64	71	0
20	29	1
7	62	0
96	79	0
72	55	0
96	57	0
24	63	0
51	85	0
58	27	0
94	29	0
36	45	0
97	8	0
17	88	0
27	30	0
34	74	0
87	57	0
19	45	0
82	66	0
19	97	0
13	72	0
11	6	1
89	85	0
41	31	0
1	70	0
78	88	0
51	62	0
82	70	0
23	91	0
99	35	0
29	3	0
38	84	0
34	75	0
34	21	0
22	39	0
5	18	0
80	74	0
94	4	0
60	5	0
73	13	0
98	47	0
32	8	0
28	50	0
98	42	0
8	53	0
57	83	0
1	60	0
19	77	0
75	55	0
48	95	0
79	48	0
72	84	0
27	34	0
76	65	0
43	58	0
82	47	0
15	74	0
46	34	0
34	74	0
84	32	0
59	38	0
99	77	0
96	99	0
85	78	0
34	69	0
18	28	0
58	39	0
46	76	0
33	17	0
23	2	0
37	73	0
17	39	0
62	4	0
70	81	0
74	65	0
92	15	0
7	48	0
64	89	0
1	94	0
55	10	0
67	54	0
65	19	0
35	19	0
25	34	0
37	16	0
72	6	0
40	86	0
55	31	0
29	80	0
78	14	0
32	44	0
47	63	0
76	20	0
89	70	0
61	72	0
34	68	0
50	88	0
75	84	0
84	48	0
23	66	0
74	74	0
61	96	0
19	44	0
21	54	0
97	35	0
31	86	0
97	87	0
70	84	0
46	0	0
58	58	0
90	57	0
69	84	0
82	53	0
96	78	0
82	31	0
10	63	0
6	57	0
70	85	0
74	41	0
56	62	0
56	9	0
31	15	0
84	69	0
23	31	0
10	62	0
43	53	0
54	38	0
39	19	0
47	31	0
15	84	0
22	37	0
8	62	0
15	74	0
71	47	0
18	21	0
64	12	0
96	28	0
79	1	0
56	77	0
5	59	0
60	30	0
50	33	0
55	79	0
95	14	0
34	41	0
56	62	0
53	80	0
20	98	0
39	68	0
36	85	0
28	25	0
73	81	0
43	47	0
32	84	0
63	28	0
15	41	0
61	60	0
62	24	0
30	74	0
82	39	0
54	43	0
47	46	0
29	12	0
9	65	0
76	71	0
72	65	0
43	44	0
86	58	0
84	73	0
73	26	0
63	9	0
78	81	0
77	12	0
7	66	0
75	78	0
40	21	0
72	38	0
18	66	0
13	87	0
37	92	0
28	54	0
97	28	0
20	54	0
50	99	0
18	85	0
99	70	0
57	62	0
83	39	0
22	4	0
52	22	0
60	3	0
10	80	0
63	58	0
84	65	0
73	46	0
16	3	0
23	46	0
71	12	0
7	82	0
77	0	0
48	66	0
47	24	0
79	94	0
3	22	0
21	90	0
98	54	0
33	14	0
97	85	0
58	64	0
72	52	0
42	28	0
88	30	0
92	76	0
6	66	0
0	80	0
20	55	0
8	89	0
2	87	0
81	26	0
46	41	0
5	94	0
51	9	0
68	6	0
41	52	0
75	48	0
48	21	0
25	61	0
28	28	0
83	13	0
11	41	0
87	64	0
92	4	0
56	53	0
28	16	0
56	11	0
13	94	0
56	74	0
40	63	0
39	16	0
4	87	0
6	88	0
69	54	0
93	37	0
41	27	0
29	78	0
99	94	0
53	30	0
57	75	0
68	86	0
0	78	0
72	24	0
56	60	0
22	35	0
97	76	0
44	67	0
97	16	0
74	14	0
86	22	0
77	92	0
41	65	0
36	80	0
81	21	0
31	8	0
64	95	0
68	75	0
18	51	0
73	43	0
68	93	0
80	12	0
98	53	0
32	77	0
60	50	0
32	31	0
84	21	0
32	47	0
67	1	0
89	98	0
76	65	0
53	79	0
81	26	0
76	75	0
9	88	0
39	5	0
16	94	0
1	64	0
65	68	0
70	92	0
75	8	0
93	97	0
83	10	0
81	80	0
66	4	0
84	34	0
84	44	0
55	35	0
11	77	0
60	88	0
55	76	0
16	53	0
9	38	0
33	99	0
11	64	0
42	2	0
30	52	0
13	63	0
43	34	0
0	43	0
96	52	0
52	23	0
12	51	0
26	83	0
78	81	0
2	2	0
90	64	0
16	68	0
60	42	0
31	62	0
90	50	0
58	40	0
1	9	0
1	49	0
23	60	0
90	62	0
74	52	0
96	64	0
7	56	0
72	61	0
7	79	0
5	22	0
88	59	0
27	63	0
41	12	0
37	29	0
10	84	0
32	90	0
4	2	1
82	44	0
73	68	0
74	59	0
76	77	0
39	75	0
46	23	0
2	67	0
53	68	0
36	46	0
63	51	0
85	15	0
