97	65	0
24	4	0
30	23	1
63	99	0
14	1	0
89	45	0
97	94	0
46	15	0
57	79	0
59	24	0
79	49	0
9	81	0
14	1	0
15	89	0
92	25	0
74	74	0
51	40	0
19	60	1
88	59	0
95	14	0
47	96	0
53	67	0
81	70	0
48	9	0
22	69	0
59	15	0
93	70	0
75	93	0
91	76	0
4	41	0
54	6	0
50	28	0
96	30	0
77	65	0
7	87	0
35	89	0
79	16	0
75	92	0
31	9	0
44	65	0
81	65	0
94	68	0
54	62	0
98	44	0
17	78	0
66	5	0
99	67	0
23	75	0
69	7	0
5	76	0
45	92	0
27	70	0
92	67	0
54	35	0
43	28	0
93	82	0
97	91	0
97	11	0
20	93	0
99	12	0
26	4	0
73	92	0
32	0	0
0	82	0
84	14	0
33	80	0
59	89	0
36	61	0
4	27	0
73	78	0
87	28	0
28	93	0
52	97	0
62	31	0
30	90	0
56	99	0
5	15	0
96	14	0
80	22	0
49	74	0
86	42	0
93	57	0
53	14	0
36	12	1
67	44	0
6	99	0
63	2	0
45	63	0
45	4	0
58	28	0
86	21	0
34	60	0
87	44	0
2	60	0
80	96	0
1	85	0
40	93	0
86	53	0
71	17	0
32	67	0
33	60	0
59	0	0
70	60	0
14	60	0
36	4	0
14	47	1
39	50	1
61	79	0
46	38	0
12	94	0
87	31	0
41	75	0
76	72	0
92	5	0
69	86	0
67	75	0
21	19	0
59	91	0
97	85	0
76	59	0
27	94	0
65	32	0
33	23	1
74	7	0
12	52	1
94	65	0
95	37	0
87	52	0
38	48	0
59	1	0
67	72	0
15	27	0
44	26	0
97	55	0
53	19	0
55	73	0
57	84	0
56	24	0
35	39	0
55	29	0
9	46	1
14	55	1
61	85	0
48	63	0
45	92	0
73	42	0
67	71	0
58	68	0
99	65	0
26	23	0
45	48	0
15	16	0
15	77	0
26	67	0
85	47	0
45	45	0
90	2	0
36	89	0
56	25	0
31	44	0
70	80	0
34	65	0
57	65	0
42	92	0
31	54	0
40	6	0
57	18	0
37	98	0
31	63	0
76	81	0
93	59	0
21	91	0
94	67	0
29	49	0
25	72	0
49	70	0
47	59	0
15	34	0
71	86	0
98	78	0
36	67	0
76	40	0
6	42	0
61	8	0
67	54	0
59	15	0
75	17	0
1	47	0
41	61	0
61	35	0
45	64	0
94	33	0
33	92	0
21	58	0
76	90	0
42	59	0
25	14	0
29	70	0
58	18	0
93	97	0
46	91	0
96	2	0
10	63	0
14	65	0
96	35	0
49	91	0
64	77	0
70	67	0
46	62	0
16	73	0
21	52	1
59	0	0
17	55	1
58	94	0
99	57	0
44	89	0
75	66	0
83	23	0
49	76	0
30	83	0
40	95	0
40	27	0
67	23	0
82	42	0
54	44	0
70	68	0
2	47	0
67	25	0
20	96	0
68	68	0
84	41	0
68	32	0
46	2	0
3	40	0
85	20	0
37	20	1
70	74	0
59	93	0
73	52	0
92	31	0
92	9	0
2	31	0
85	75	0
34	93	0
90	80	0
40	99	0
64	36	0
77	30	0
23	90	0
83	22	0
23	60	0
32	77	0
54	12	0
31	98	0
79	91	0
78	76	0
92	56	0
94	55	0
18	83	0
37	71	0
84	11	0
75	44	0
35	19	1
38	3	0
41	32	0
45	52	0
80	47	0
25	51	0
42	41	0
29	79	0
72	92	0
89	58	0
58	73	0
89	1	0
97	38	0
62	8	0
30	39	1
81	49	0
75	53	0
63	69	0
2	40	0
36	66	0
60	28	0
11	94	0
30	80	0
8	90	0
87	69	0
44	11	0
39	2	0
41	50	1
76	65	0
63	3	0
92	89	0
25	5	0
50	92	0
14	67	0
54	90	0
45	36	0
7	45	1
74	31	0
79	14	0
48	17	0
82	10	0
39	57	0
8	58	1
77	23	0
78	56	0
6	6	0
4	61	0
33	99	0
17	82	0
52	98	0
49	66	0
74	41	0
66	9	0
48	82	0
44	70	0
95	80	0
1	53	0
64	52	0
71	81	0
80	24	0
29	6	0
46	1	0
48	16	0
37	31	0
84	55	0
69	17	0
24	45	0
22	21	0
34	58	0
42	36	0
87	74	0
85	59	0
1	48	0
59	37	0
91	4	0
67	13	0
75	23	0
54	38	0
38	31	0
1	77	0
67	85	0
41	81	0
10	99	0
25	64	0
53	6	0
49	36	0
87	44	0
81	54	0
14	62	0
82	72	0
84	84	0
80	28	0
72	92	0
79	3	0
74	67	0
75	53	0
70	54	0
82	80	0
73	1	0
93	17	0
27	49	0
55	91	0
66	72	0
82	13	0
27	75	0
94	25	0
60	97	0
95	27	0
63	23	0
26	56	0
65	39	0
37	56	0
57	89	0
79	28	0
84	78	0
41	55	0
15	92	0
93	96	0
47	27	0
9	84	0
48	49	0
96	2	0
78	39	0
27	68	0
61	52	0
57	47	0
15	96	0
83	23	0
38	9	0
91	49	0
49	44	0
37	90	0
20	7	0
50	52	0
48	86	0
4	47	0
39	77	0
42	84	0
49	23	0
18	78	0
14	30	0
72	9	0
73	13	0
97	6	0
89	95	0
26	63	0
35	26	0
82	4	0
69	52	0
69	98	0
2	25	0
57	95	0
94	62	0
33	83	0
80	6	0
41	68	0
70	21	0
59	6	0
41	8	1
90	13	0
84	41	0
12	87	0
79	13	0
90	96	0
24	98	0
97	72	0
44	47	0
9	30	0
75	98	0
64	55	0
4	85	0
70	39	0
75	50	0
68	52	0
81	70	0
30	62	0
98	53	0
29	95	0
93	68	0
21	95	0
88	92	0
46	35	0
64	64	0
59	89	0
46	59	0
58	98	0
73	52	0
45	46	0
30	57	0
89	1	0
3	82	0
88	61	0
23	89	0
51	64	0
42	85	0
83	31	0
31	51	0
52	25	0
92	55	0
72	20	0
85	91	0
44	96	0
44	58	0
45	11	0
36	46	0
56	97	0
50	21	0
42	70	0
84	77	0
37	12	0
91	87	0
75	8	0
15	11	0
43	34	0
22	70	0
43	0	0
10	81	0
89	79	0
60	90	0
68	43	0
72	7	0
39	65	0
41	72	0
95	48	0
97	1	0
15	70	0
76	7	0
47	68	0
45	28	0
33	6	0
35	54	0
81	89	0
32	68	0
53	80	0
64	24	0
73	29	0
53	59	0
63	88	0
30	96	0
98	18	0
83	20	0
73	15	0
12	67	0
27	98	0
21	89	0
64	38	0
74	73	0
71	98	0
8	35	0
56	43	0
63	87	0
69	65	0
62	77	0
19	88	0
22	76	0
42	32	0
43	14	1
11	30	0
42	37	0
38	40	0
98	25	0
83	44	0
73	9	0
69	35	0
57	52	0
42	26	0
99	77	0
50	86	0
84	57	0
40	64	0
37	92	0
81	48	0
67	18	0
30	15	0
95	47	0
76	84	0
46	38	0
12	55	1
48	10	1
50	58	0
41	87	0
64	97	0
93	60	0
15	80	0
62	48	0
7	62	0
64	43	0
42	73	0
62	55	0
46	75	0
62	84	0
0	58	0
57	58	0
75	50	0
86	59	0
36	77	0
67	83	0
44	22	0
91	18	0
57	43	0
99	12	0
1	81	0
40	86	0
87	57	0
73	69	0
15	88	0
15	79	0
81	87	0
47	25	0
1	76	0
71	97	0
47	67	0
94	62	0
22	97	0
80	45	0
11	1	0
40	71	0
23	81	0
35	14	1
3	19	0
87	57	0
98	27	0
49	20	0
78	31	0
81	13	0
18	12	0
30	64	0
74	34	0
0	66	0
55	83	0
1	44	0
20	76	0
71	49	0
55	96	0
69	46	0
75	82	0
78	57	0
42	48	1
75	77	0
9	86	0
43	41	0
25	77	0
73	50	0
67	39	0
97	48	0
93	93	0
84	90	0
48	67	0
69	43	0
64	59	0
34	51	0
8	44	1
68	2	0
69	85	0
87	81	0
84	9	0
57	87	0
5	95	0
53	15	0
55	31	0
74	31	0
57	23	0
38	22	1
79	14	0
25	93	0
71	24	0
29	84	0
95	17	0
43	69	0
54	39	0
65	96	0
82	73	0
41	79	0
68	95	0
85	65	0
88	45	0
25	51	1
97	80	0
77	94	0
13	58	1
96	50	0
36	69	0
93	83	0
55	85	0
34	16	1
77	80	0
89	44	0
47	84	0
80	66	0
90	55	0
73	37	0
34	49	0
0	61	0
56	76	0
65	17	0
57	34	0
41	17	0
86	84	0
15	46	1
67	35	0
36	12	1
38	19	0
11	89	0
12	59	0
6	87	0
62	42	0
94	24	0
93	39	0
95	5	0
80	96	0
9	51	1
60	21	0
52	50	0
36	79	0
95	19	0
66	50	0
36	92	0
27	96	0
31	70	0
16	89	0
32	3	0
67	65	0
46	29	0
45	73	0
47	46	0
6	46	0
70	66	0
67	16	0
25	89	0
96	54	0
21	32	0
16	68	0
76	62	0
62	57	0
52	59	0
93	54	0
96	62	0
71	49	0
59	13	0
66	67	0
86	42	0
10	37	0
86	78	0
58	44	0
25	78	0
7	79	0
29	99	0
20	58	0
91	28	0
4	49	0
57	90	0
3	84	0
90	66	0
46	25	0
79	21	0
22	23	0
34	41	0
71	10	0
20	75	0
41	55	0
91	55	0
88	40	0
2	3	0
10	48	1
44	16	1
3	41	0
70	6	0
49	69	0
95	90	0
6	11	0
47	98	0
89	29	0
39	4	0
89	88	0
43	63	0
72	68	0
37	32	0
97	39	0
92	78	0
15	61	0
14	76	0
0	47	0
19	65	0
16	96	0
70	18	0
31	55	0
5	89	0
28	27	0
57	17	0
34	66	0
70	48	0
45	4	0
35	79	0
93	22	0
7	26	0
72	48	0
96	30	0
48	60	0
28	18	0
43	0	0
19	92	0
49	69	0
26	58	0
20	16	0
17	88	0
26	81	0
59	51	0
90	44	0
36	72	0
81	97	0
47	31	0
65	72	0
47	85	0
3	87	0
79	43	0
45	59	0
7	18	0
98	65	0
52	53	0
95	17	0
81	13	0
80	34	0
62	97	0
47	44	0
52	33	0
61	29	0
41	0	0
41	93	0
49	69	0
88	29	0
58	94	0
91	43	0
80	52	0
40	74	0
27	66	0
79	31	0
56	36	0
77	0	0
98	99	0
78	81	0
49	78	0
72	42	0
77	86	0
10	81	0
55	26	0
18	94	0
5	61	0
46	56	0
76	74	0
64	14	0
96	94	0
86	13	0
95	93	0
62	10	0
76	20	0
70	57	0
64	30	0
20	83	0
51	86	0
68	83	0
7	32	0
12	79	0
14	71	0
37	7	0
38	44	0
12	49	1
4	42	0
77	41	0
48	23	0
13	61	0
17	84	0
66	97	0
88	40	0
0	74	0
64	45	0
30	83	0
80	66	0
68	40	0
7	51	1
29	55	0
82	38	0
66	48	0
75	58	0
17	62	0
59	49	0
1	95	0
4	5	0
90	65	0
19	67	0
20	0	0
3	93	0
24	79	0
97	40	0
73	82	0
89	64	0
85	86	0
48	64	0
64	33	0
3	74	0
47	64	0
36	56	0
62	47	0
90	23	0
