90	66	0
36	4	0
38	36	0
64	96	0
20	9	0
99	44	0
96	86	0
50	11	0
61	74	0
54	21	0
88	52	0
1	86	0
15	0	0
20	78	0
97	24	0
79	76	0
58	35	0
18	56	0
88	60	0
99	6	0
48	89	0
59	68	0
74	89	0
55	7	0
29	74	0
47	15	0
84	69	0
66	88	0
90	77	0
4	29	0
50	14	0
38	21	0
92	30	0
25	54	0
84	65	0
13	87	0
35	98	0
91	27	0
75	84	0
39	4	0
24	67	0
93	64	0
95	73	0
54	63	0
98	44	0
0	78	0
61	5	0
96	66	0
15	70	0
70	14	0
13	75	0
60	94	0
32	75	0
99	71	0
47	43	0
28	26	0
93	82	0
99	98	0
95	9	0
14	96	0
99	16	0
29	9	0
73	77	0
38	4	0
11	96	0
88	4	0
35	85	0
62	93	0
44	62	0
5	31	0
73	89	0
10	62	0
92	30	0
29	85	0
57	93	0
61	33	0
34	96	0
62	96	0
3	19	0
99	8	0
95	23	0
43	66	0
81	38	0
91	57	0
48	15	0
33	3	0
69	51	0
8	94	0
51	3	0
52	80	0
46	2	0
51	41	0
84	42	0
33	60	0
76	46	0
1	57	0
82	85	0
1	84	0
33	96	0
99	58	0
64	12	0
39	70	0
37	67	0
64	4	0
70	50	0
4	67	0
32	7	0
10	41	0
38	41	0
66	77	0
47	44	0
14	98	0
87	8	0
45	83	0
77	69	0
95	5	0
73	91	0
53	77	0
36	19	0
57	95	0
93	68	0
74	63	0
21	99	0
60	34	0
31	16	0
21	44	0
79	9	0
4	58	0
96	61	0
96	17	0
81	43	0
42	49	0
52	5	0
79	67	0
22	13	0
32	23	0
96	59	0
37	37	0
64	73	0
68	82	0
54	32	0
44	43	0
59	37	0
18	42	0
27	46	0
21	54	0
81	92	0
44	61	0
33	96	0
71	41	0
72	70	0
50	74	0
85	67	0
25	21	0
54	53	0
18	13	0
14	75	0
34	63	0
90	38	0
41	44	0
86	11	0
42	84	0
53	25	0
44	52	0
77	78	0
25	68	0
54	68	0
39	80	0
34	49	0
41	13	0
59	14	0
38	85	0
28	69	0
79	77	0
86	61	0
30	95	0
96	76	0
26	46	0
21	76	0
51	70	0
51	53	0
24	13	0
76	86	0
90	81	0
53	65	0
65	32	0
1	51	0
60	0	0
78	48	0
62	22	0
83	23	0
19	52	0
8	52	0
44	54	0
70	27	0
37	63	0
84	27	0
40	92	0
29	72	0
40	24	0
78	81	0
42	56	0
31	9	0
24	81	0
53	7	0
93	85	0
58	93	0
92	7	0
9	77	0
20	66	0
96	25	0
48	81	0
31	34	0
58	72	0
57	65	0
43	64	0
20	79	0
29	59	0
65	0	0
6	63	0
61	79	0
91	38	0
40	88	0
82	58	0
65	21	0
50	68	0
18	84	0
34	97	0
46	30	0
76	40	0
87	55	0
71	46	0
68	66	0
7	43	0
55	15	0
11	90	0
58	51	0
70	39	0
70	25	0
58	9	0
6	50	0
90	18	0
38	9	0
65	68	0
59	82	0
73	38	0
98	37	0
95	3	0
0	46	0
95	75	0
21	98	0
98	79	0
26	95	0
62	34	0
70	25	0
15	81	0
82	25	0
31	65	0
31	74	0
45	1	0
27	98	0
77	89	0
68	86	0
88	51	0
96	67	0
15	98	0
40	73	0
70	2	0
71	45	0
33	21	0
36	0	0
47	11	0
52	51	0
79	43	0
37	48	0
34	49	0
33	70	0
75	90	0
82	63	0
59	82	0
86	4	0
87	40	0
67	7	0
21	42	0
72	40	0
70	50	0
75	67	0
11	35	0
36	65	0
65	18	0
16	90	0
31	83	0
19	70	0
83	65	0
51	17	0
29	3	0
33	55	0
77	71	0
64	10	0
78	92	0
18	2	0
50	97	0
12	73	0
45	97	0
45	36	0
0	51	0
70	35	0
75	8	0
58	10	0
81	10	0
36	57	0
14	57	0
72	24	0
88	65	0
8	10	0
5	69	0
33	95	0
7	90	0
41	99	0
57	70	0
54	44	0
73	5	0
47	83	0
43	64	0
88	98	0
38	25	0
6	54	0
24	48	0
60	50	0
73	82	0
29	23	0
82	27	0
35	5	0
52	5	0
55	16	0
37	41	0
74	67	0
77	10	0
13	46	0
37	10	0
50	59	0
43	34	0
26	48	0
89	77	0
78	55	0
16	48	0
63	34	0
93	9	0
65	9	0
55	24	0
47	42	0
37	33	0
6	78	0
63	82	0
30	70	0
22	99	0
32	89	0
51	13	0
40	40	0
92	45	0
84	49	0
2	64	0
79	74	0
73	77	0
79	27	0
85	92	0
82	2	0
73	57	0
79	68	0
32	25	0
63	46	0
29	42	1
91	75	0
66	10	0
98	24	0
23	50	0
43	90	0
71	69	0
80	14	0
13	69	0
91	31	0
61	93	0
81	24	0
76	38	0
48	52	0
58	43	0
30	47	0
62	87	0
79	31	0
41	24	0
70	78	0
28	62	0
18	97	0
94	95	0
43	37	0
4	92	0
55	47	0
95	9	0
76	37	0
15	69	0
60	47	0
37	29	0
51	44	0
14	98	0
87	22	0
47	6	0
85	40	0
53	46	0
29	88	0
19	4	0
60	52	0
55	90	0
9	51	0
43	86	0
33	83	0
51	27	0
21	82	0
12	36	0
66	12	0
78	26	0
85	1	0
88	91	0
20	67	0
51	22	0
84	8	0
84	57	0
70	90	0
2	28	0
63	91	0
95	61	0
32	82	0
74	1	0
53	59	0
70	30	0
69	10	0
43	25	0
38	14	0
97	5	0
87	38	0
8	91	0
78	14	0
89	97	0
23	89	0
96	64	0
40	50	0
17	30	0
76	95	0
65	42	0
6	97	0
68	32	0
81	41	0
76	41	0
87	66	0
25	61	0
84	59	0
35	88	0
90	76	0
27	89	0
91	82	0
45	33	0
56	67	0
65	97	0
42	67	0
65	98	0
68	54	0
32	60	0
40	65	0
85	6	0
10	90	0
95	52	0
22	87	0
46	75	0
48	77	0
90	43	0
37	51	0
43	17	0
81	63	0
61	12	0
85	92	0
51	91	0
48	47	0
52	15	0
39	41	0
54	91	0
38	23	0
45	63	0
79	70	0
37	9	0
95	94	0
60	9	0
5	8	0
45	34	0
22	74	0
48	0	0
16	69	0
89	85	0
61	85	0
64	49	0
59	7	0
42	67	0
36	55	0
96	55	0
88	5	0
6	74	0
77	2	0
55	75	0
60	27	0
37	15	0
32	63	0
83	82	0
32	73	0
37	81	0
77	30	0
20	46	0
70	32	0
42	64	0
61	93	0
29	97	0
93	10	0
93	29	0
63	13	0
27	78	0
28	96	0
30	82	0
73	49	0
81	78	0
82	89	0
6	39	0
74	41	0
72	78	0
75	62	0
56	78	0
12	80	0
15	66	0
35	17	0
49	16	0
4	38	0
43	48	0
28	49	0
84	32	0
87	42	0
77	8	0
74	48	0
52	55	0
26	53	0
51	26	0
92	78	0
52	95	0
84	63	0
34	63	0
33	91	0
77	53	0
32	53	0
78	29	0
27	44	1
33	12	0
94	55	0
75	98	0
52	52	0
6	51	0
47	6	0
55	59	0
42	90	0
31	31	1
74	90	0
98	59	0
8	86	0
68	45	0
4	61	0
71	54	0
36	63	0
53	57	0
40	83	0
62	66	0
4	60	0
62	62	0
70	45	0
74	51	0
32	70	0
63	82	0
52	8	0
93	20	0
57	34	0
92	4	0
15	79	0
31	40	1
38	75	0
81	67	0
21	51	0
78	74	0
16	94	0
17	80	0
86	83	0
49	29	0
1	65	0
72	94	0
50	64	0
90	65	0
20	99	0
92	35	0
16	10	0
34	73	0
21	86	0
39	11	0
13	45	0
9	24	0
83	72	0
99	20	0
56	14	0
72	31	0
92	24	0
34	9	0
34	65	0
92	31	0
6	64	0
50	90	0
3	52	0
27	77	0
73	54	0
50	99	0
78	48	0
70	90	0
28	44	1
69	65	0
45	54	0
74	72	0
9	80	0
52	34	0
23	84	0
85	50	0
73	30	0
90	71	0
94	96	0
90	86	0
41	73	0
69	39	0
55	63	0
35	20	0
34	12	0
37	72	0
5	44	0
68	11	0
58	76	0
85	79	0
89	2	0
15	48	0
61	84	0
15	92	0
59	6	0
55	38	0
63	24	0
48	22	0
40	13	0
82	8	0
36	97	0
65	20	0
34	97	0
96	20	0
21	46	1
42	62	0
72	31	0
80	99	0
71	68	0
40	66	0
61	93	0
79	66	0
91	46	0
12	59	0
84	80	0
79	95	0
14	69	0
99	46	0
27	67	0
99	85	0
48	98	0
33	14	0
68	66	0
91	50	0
51	76	0
68	76	0
95	67	0
73	40	0
20	57	0
1	58	0
63	81	0
70	32	0
50	50	0
56	3	0
35	22	0
95	74	0
13	58	0
32	39	1
69	26	0
48	4	0
56	20	0
17	91	0
12	59	0
7	79	0
67	48	0
95	20	0
86	40	0
88	3	0
62	88	0
8	57	0
64	33	0
54	53	0
42	88	0
97	17	0
57	59	0
36	87	0
21	89	0
42	68	0
30	90	0
36	10	0
68	75	0
47	21	0
40	72	0
49	43	0
4	40	0
74	61	0
61	14	0
29	82	0
94	49	0
29	54	0
20	27	0
9	67	0
82	56	0
71	62	0
46	47	0
87	66	0
94	70	0
64	43	0
65	19	0
78	65	0
76	26	0
6	51	0
77	82	0
35	30	1
59	34	0
15	66	0
4	88	0
26	92	0
34	54	0
87	23	0
2	52	0
50	92	0
3	89	0
86	59	0
46	34	0
89	35	0
12	16	0
42	34	0
74	12	0
29	80	0
46	54	0
98	62	0
89	35	0
2	0	0
4	39	0
54	14	0
2	53	0
81	8	0
54	80	0
31	28	0
89	87	0
2	13	0
39	98	0
97	48	0
41	1	0
86	96	0
49	60	0
58	62	0
36	30	0
91	34	0
89	85	0
7	59	0
5	74	0
14	51	0
20	76	0
15	89	0
65	23	0
35	60	0
17	90	0
39	22	0
64	20	0
37	61	0
59	47	0
49	11	0
33	70	0
34	30	1
90	15	0
1	32	0
78	43	0
94	18	0
50	45	0
33	23	0
49	7	0
20	93	0
43	70	0
47	67	0
26	10	0
24	91	0
14	80	0
71	44	0
92	38	0
29	29	1
28	69	0
85	99	0
49	22	0
68	72	0
59	90	0
7	92	0
80	34	0
47	59	0
17	26	0
91	70	0
54	54	0
94	16	0
70	10	0
82	23	0
64	92	0
52	52	0
40	44	0
66	23	0
46	9	0
56	87	0
55	77	0
16	57	0
79	37	0
52	91	0
92	30	0
94	57	0
39	83	0
34	62	0
84	30	0
47	50	0
74	9	0
95	99	0
76	71	0
43	81	0
73	42	0
71	89	0
10	74	0
54	15	0
9	94	0
10	61	0
49	67	0
73	79	0
66	14	0
99	91	0
85	9	0
94	98	0
64	7	0
85	29	0
72	63	0
57	32	0
18	80	0
45	89	0
65	83	0
27	45	0
5	33	0
23	85	0
13	77	0
41	15	0
44	48	0
22	59	0
33	45	1
2	48	0
84	44	0
40	23	0
6	66	0
29	84	0
65	90	0
91	48	0
7	67	0
69	39	0
38	69	0
80	48	0
61	31	0
6	52	0
27	55	0
86	42	0
69	56	0
82	57	0
5	66	0
70	48	0
3	82	0
0	5	0
93	69	0
11	60	0
28	3	0
35	22	0
4	99	0
20	78	0
88	41	0
71	67	0
87	61	0
76	76	0
52	65	0
65	38	0
4	71	0
42	69	0
30	58	0
68	49	0
91	13	0
