99	70	0
20	13	0
56	97	0
3	4	0
94	40	0
98	99	0
45	81	0
57	23	1
78	55	0
2	88	0
1	9	0
15	97	0
98	37	0
65	77	0
40	34	0
83	69	0
96	20	0
59	99	0
38	73	0
84	66	0
51	13	0
27	83	0
58	22	1
85	68	0
83	81	0
85	82	0
7	24	0
46	40	0
84	24	0
84	65	0
10	79	0
32	96	0
84	9	0
63	92	0
39	8	1
52	71	0
81	73	0
97	68	0
64	57	0
97	31	0
16	68	0
64	3	1
93	70	0
19	77	0
56	1	0
7	80	0
34	96	0
27	65	1
84	53	0
50	34	0
32	13	0
97	86	0
90	99	0
86	15	0
33	87	0
98	12	0
20	17	0
77	88	0
1	92	0
85	9	0
25	64	0
66	91	0
42	61	0
12	25	0
73	80	0
86	33	0
25	94	0
49	99	0
69	29	0
31	99	0
48	92	0
17	15	0
96	17	0
79	27	0
52	76	0
87	34	0
82	64	0
58	9	1
67	39	0
7	98	0
68	7	0
51	78	0
57	32	1
85	8	0
89	61	0
3	58	0
73	88	0
5	77	0
33	94	0
99	59	0
81	29	0
37	70	0
31	64	1
76	3	0
66	50	0
10	74	0
34	3	0
69	70	0
53	30	0
2	99	0
99	28	0
39	78	0
79	70	0
90	2	0
63	86	0
63	83	0
5	26	0
58	87	0
95	85	0
81	52	0
24	89	0
68	35	0
78	3	0
99	63	0
88	31	0
99	52	0
29	50	0
56	10	1
54	64	0
10	21	0
48	33	0
86	63	0
51	78	0
62	73	0
62	16	1
47	36	0
64	77	0
46	59	0
45	98	0
74	37	0
63	69	0
55	74	0
95	52	0
26	11	0
46	34	0
18	19	0
15	77	0
25	56	0
78	50	0
53	36	0
87	7	0
28	82	0
54	24	1
25	38	0
68	80	0
26	66	1
59	59	0
47	75	0
42	45	1
43	2	0
51	16	1
40	89	0
25	67	0
73	76	0
95	65	0
20	95	0
88	71	0
31	55	0
21	70	0
53	70	0
42	49	1
18	37	0
76	81	0
94	81	0
42	69	0
80	49	0
6	37	1
56	48	0
57	19	1
67	16	0
43	55	1
52	18	1
31	70	0
95	32	0
25	95	0
27	60	1
70	88	0
46	48	1
22	25	0
39	79	0
50	10	0
94	96	0
31	88	0
99	6	0
21	79	0
98	29	0
58	99	0
72	83	0
63	60	0
27	55	0
11	67	0
57	4	0
65	89	0
98	51	0
42	90	0
64	72	0
83	19	0
53	77	0
39	83	0
33	82	0
24	18	0
67	23	0
84	52	0
53	46	0
77	67	0
69	26	0
23	95	0
55	65	0
92	37	0
74	43	0
49	6	0
3	37	1
90	28	0
76	81	0
69	96	0
75	56	0
94	28	0
94	17	0
1	36	1
89	74	0
36	96	0
78	87	0
43	97	0
35	40	0
89	32	0
27	99	0
88	21	0
20	51	0
29	83	0
51	14	1
24	93	0
72	91	0
80	77	0
90	57	0
95	53	0
24	87	0
45	77	0
81	9	0
84	56	0
43	1	0
33	28	0
40	54	1
75	36	0
25	56	0
38	46	0
24	78	0
78	95	0
93	58	0
56	72	0
94	3	0
91	38	0
62	8	1
94	49	0
67	52	0
68	77	0
3	34	1
44	65	0
71	26	0
9	81	0
27	60	0
8	92	0
91	61	0
42	5	1
78	66	0
88	6	0
99	81	0
25	0	0
37	95	0
22	69	0
59	92	0
41	27	0
76	16	0
87	11	0
91	15	0
52	49	0
73	23	0
79	56	0
6	3	0
3	58	1
31	99	0
23	74	0
57	95	0
40	69	0
85	42	0
65	8	1
50	85	0
54	62	0
94	91	0
60	37	0
65	92	0
78	20	0
24	11	0
47	0	0
50	23	1
32	22	0
92	55	0
76	11	0
20	46	0
18	25	0
37	49	1
47	34	0
94	74	0
93	64	0
67	31	0
88	6	0
69	11	0
78	12	0
45	41	0
42	23	0
7	72	0
83	89	0
48	88	0
6	99	0
35	49	0
53	35	0
76	39	0
66	50	0
78	78	0
83	83	0
72	27	0
68	82	0
71	9	0
81	52	0
74	53	0
62	55	0
94	78	0
71	15	0
90	19	0
19	42	0
63	95	0
61	71	0
80	20	0
17	78	0
92	45	0
61	97	0
95	27	0
64	27	0
36	56	0
55	46	0
30	70	1
61	83	0
76	34	0
77	76	0
17	87	0
95	94	0
3	81	0
49	56	1
98	1	0
88	28	0
41	70	0
52	50	0
70	43	0
18	90	0
74	34	0
94	59	0
46	32	0
33	93	0
30	11	0
38	45	1
54	91	0
38	87	0
37	81	0
16	73	0
12	22	0
70	5	0
74	35	0
97	10	0
80	98	0
33	65	1
30	26	0
71	8	0
59	44	0
67	98	0
5	20	0
47	90	0
90	47	0
27	81	0
76	0	0
41	63	0
62	20	0
55	12	1
84	19	0
86	44	0
11	81	0
73	13	0
83	97	0
30	96	0
90	66	0
9	32	0
64	95	0
66	44	0
11	77	0
64	25	0
87	44	0
78	48	0
76	62	0
12	50	0
95	55	0
18	95	0
95	58	0
20	94	0
86	88	0
41	23	0
72	74	0
56	94	0
45	43	1
58	97	0
78	48	0
41	47	1
24	64	0
87	5	0
2	79	0
77	55	0
22	95	0
41	51	1
46	66	0
81	28	0
23	56	0
50	30	0
88	53	0
72	21	0
78	84	0
46	97	0
40	57	1
41	45	1
65	99	0
59	21	1
38	90	0
91	90	0
87	74	0
75	7	0
23	1	0
43	34	0
32	58	0
3	78	0
84	82	0
66	82	0
65	51	0
69	18	0
38	67	0
33	71	0
82	57	0
89	1	0
14	71	0
81	7	0
62	56	0
38	40	0
86	93	0
20	75	0
56	91	0
74	16	0
74	17	0
46	58	0
57	84	0
25	96	0
95	25	0
83	12	0
79	27	0
12	65	0
17	99	0
17	83	0
53	32	1
69	87	0
76	94	0
5	37	0
61	55	0
79	92	0
73	58	0
65	64	0
21	91	0
8	77	0
43	28	0
7	24	0
45	35	0
28	48	0
98	35	0
83	47	0
63	9	1
65	41	0
56	49	0
41	25	0
92	76	0
52	79	0
79	50	0
27	59	1
41	98	0
78	55	0
25	9	0
97	47	0
65	85	0
38	28	0
51	57	1
29	97	0
62	97	0
86	65	0
25	85	0
61	44	0
1	74	0
54	51	0
44	72	0
68	52	0
58	71	0
61	91	0
11	51	0
61	56	0
82	49	0
78	61	0
38	76	0
69	87	0
45	29	0
96	21	0
58	44	0
89	9	0
5	80	0
55	89	0
88	71	0
74	70	0
18	92	0
7	66	0
75	87	0
35	28	0
4	85	0
73	98	0
57	61	0
88	65	0
20	88	0
78	49	0
16	1	0
51	95	0
23	86	0
11	14	0
88	58	0
86	24	0
76	27	0
76	18	0
20	12	0
25	54	0
78	30	0
0	76	0
61	73	0
2	41	1
23	76	0
65	50	0
70	94	0
66	38	0
69	85	0
76	52	0
75	84	0
2	83	0
49	47	0
32	77	0
69	56	0
57	46	0
93	45	0
99	99	0
84	96	0
51	58	0
76	57	0
66	66	0
67	3	0
69	79	0
89	76	0
91	10	0
54	82	0
3	99	0
54	40	0
67	40	0
65	30	0
74	21	0
20	81	0
77	19	0
32	66	1
90	17	0
38	61	0
47	31	0
59	94	0
70	77	0
50	81	0
69	87	0
83	65	0
82	45	0
94	63	0
76	96	0
96	43	0
39	64	0
89	82	0
39	72	0
80	81	0
98	49	0
46	88	0
88	74	0
87	54	0
79	29	0
42	47	1
3	63	0
51	80	0
71	19	0
67	28	0
83	87	0
67	45	0
13	86	0
20	91	0
65	44	0
85	25	0
84	46	0
95	0	0
83	94	0
57	37	0
32	77	0
95	23	0
65	47	0
28	78	0
17	98	0
28	75	0
8	83	0
59	58	0
42	26	0
45	77	0
50	52	1
69	76	0
73	13	0
22	84	0
92	48	0
20	25	0
15	79	0
73	65	0
69	47	0
41	62	0
92	49	0
86	51	0
74	53	0
57	66	0
82	48	0
2	27	0
97	79	0
61	48	0
42	88	0
6	78	0
22	86	0
31	56	0
91	26	0
56	91	0
3	94	0
98	65	0
58	29	1
78	18	0
23	14	0
32	30	0
73	7	0
18	73	0
86	52	0
91	35	0
10	5	0
0	38	1
69	15	0
39	83	0
99	84	0
1	8	0
50	89	0
84	36	0
95	81	0
43	60	0
65	73	0
27	37	0
93	39	0
91	66	0
19	75	0
18	82	0
27	70	0
22	89	0
75	9	0
22	58	0
12	86	0
40	35	0
51	23	1
45	66	0
70	45	0
32	74	0
96	21	0
5	31	0
82	45	0
77	22	0
46	50	1
32	24	0
42	8	1
20	92	0
49	77	0
18	62	0
20	24	0
20	81	0
16	81	0
66	58	0
91	42	0
37	56	0
80	97	0
47	25	0
59	73	0
41	76	0
15	89	0
90	37	0
46	55	0
9	17	0
89	55	0
61	49	0
87	23	0
87	28	0
77	37	0
56	90	0
42	36	0
58	43	0
63	32	0
40	1	0
32	97	0
57	63	0
89	35	0
59	95	0
87	52	0
77	45	0
37	85	0
35	76	0
91	28	0
51	48	0
71	3	0
93	99	0
75	86	0
51	80	0
72	24	0
84	77	0
20	79	0
63	27	0
22	94	0
42	59	0
90	64	0
66	9	1
96	92	0
82	8	0
95	97	0
61	10	1
70	25	0
76	60	0
66	28	0
4	84	0
64	98	0
62	77	0
3	26	0
8	90	0
15	77	0
43	19	1
47	37	0
79	40	0
47	13	1
5	62	0
28	90	0
62	92	0
95	48	0
3	68	0
70	43	0
30	91	0
83	47	0
69	43	0
26	61	0
80	41	0
77	45	0
60	67	0
54	48	0
4	80	0
0	4	0
79	67	0
19	62	0
20	5	0
3	92	0
29	72	0
96	40	0
71	87	0
83	60	0
96	81	0
51	54	1
64	31	0
0	76	0
51	63	0
36	46	1
72	40	0
85	22	0
