86	62	0
31	30	0
58	94	1
9	15	0
92	46	0
91	83	0
71	41	0
7	77	0
0	7	0
13	88	0
78	35	0
77	78	0
28	31	0
63	71	0
90	50	0
65	68	0
44	36	0
91	85	0
99	85	0
68	91	0
4	28	0
70	85	0
75	31	0
56	76	1
48	69	0
67	83	0
84	47	0
98	28	0
88	76	0
38	2	0
81	31	0
33	19	0
97	63	0
92	73	0
88	7	0
18	33	0
57	81	1
7	87	0
19	32	0
71	78	0
95	41	0
54	80	0
9	20	0
88	16	0
63	29	1
51	35	0
76	42	0
86	67	0
15	60	0
96	53	0
46	34	0
32	11	0
61	59	0
0	94	0
91	23	0
37	68	0
84	68	0
96	10	0
80	90	0
56	82	1
8	20	0
70	86	0
82	66	0
83	41	0
61	50	0
85	39	0
83	35	0
85	38	0
30	59	0
15	20	0
83	74	0
45	83	0
78	44	0
59	70	0
82	76	0
82	76	0
25	14	0
8	13	0
84	65	0
96	6	0
16	52	0
77	79	0
53	77	1
56	75	1
48	17	0
70	80	0
76	57	0
10	88	0
96	95	0
6	97	1
15	59	0
92	86	0
93	70	0
54	89	1
66	50	0
97	32	0
51	56	0
16	53	0
55	11	0
82	86	0
72	6	0
85	49	0
80	95	0
55	63	0
61	80	0
16	18	0
77	94	0
37	81	0
24	27	0
61	38	0
62	87	1
64	49	0
12	94	1
93	28	0
49	24	0
71	71	0
72	90	0
81	67	0
95	28	0
85	84	0
76	82	0
56	67	0
14	43	0
70	68	0
74	71	0
91	60	0
89	37	0
91	65	0
62	15	0
42	31	0
79	53	0
32	83	0
84	77	0
99	49	0
92	24	0
71	61	1
62	96	1
60	16	0
4	94	1
96	56	0
93	73	0
11	21	0
92	14	0
85	21	0
82	26	0
8	11	0
37	82	0
92	53	0
68	91	0
86	86	0
72	29	1
51	92	0
4	17	0
37	24	0
51	34	0
62	41	0
1	57	0
45	10	0
93	79	0
92	54	0
64	1	0
30	14	0
99	84	0
32	70	0
5	95	1
37	30	0
62	53	0
77	63	0
55	82	1
83	73	0
74	29	0
77	89	0
91	33	0
88	80	0
51	28	0
95	74	0
61	11	0
36	55	0
77	92	0
88	43	0
92	49	0
85	91	0
94	44	0
32	50	0
65	82	0
20	77	0
82	78	0
1	96	0
89	35	0
96	67	0
41	4	0
47	53	0
20	10	0
93	27	0
66	86	0
10	39	0
79	33	0
74	76	0
22	37	0
82	45	0
80	10	0
99	62	0
70	31	0
97	95	0
17	41	0
77	57	0
89	41	0
58	45	0
2	56	0
98	74	0
94	59	0
16	87	0
74	85	0
41	19	0
68	60	1
76	97	0
94	41	0
65	5	0
61	44	0
72	33	0
93	60	0
63	29	1
87	81	0
95	84	0
78	95	0
13	10	0
3	73	0
77	90	0
64	92	1
50	15	0
86	53	0
90	8	0
99	81	0
62	69	0
65	73	0
99	4	0
87	38	0
8	38	0
7	98	1
85	82	0
97	98	0
90	91	0
71	66	0
62	78	0
16	88	0
25	27	0
3	12	0
40	37	0
86	39	0
63	62	1
68	11	0
75	91	0
77	74	0
83	44	0
28	15	0
92	45	0
66	93	0
60	27	0
64	80	0
95	61	0
10	45	0
52	83	0
3	44	0
67	82	0
95	44	0
91	70	0
82	30	0
92	63	0
66	63	1
7	96	0
79	98	0
18	19	0
6	87	0
60	76	1
65	63	1
90	97	0
5	76	0
85	55	0
10	8	0
13	81	0
11	10	0
90	59	0
15	30	0
8	35	0
84	31	0
67	69	0
94	81	0
85	52	0
78	77	0
73	83	0
0	80	0
90	59	0
62	25	0
93	34	0
72	85	0
77	62	0
40	83	0
95	77	0
45	74	0
5	93	0
73	41	0
33	40	0
53	84	0
39	66	0
62	87	1
96	51	0
86	29	0
68	67	0
96	75	0
90	39	0
99	99	0
92	65	0
63	20	0
83	74	0
87	60	0
97	29	0
46	60	0
67	34	1
91	86	0
86	64	0
26	73	0
83	33	0
81	40	0
87	40	0
98	85	0
75	55	0
0	97	0
20	99	1
41	35	0
24	69	0
63	12	0
1	92	0
84	49	0
14	13	0
20	57	0
54	66	0
78	86	0
74	57	0
66	45	0
84	40	0
14	43	0
91	78	0
60	89	1
78	11	0
10	92	0
96	52	0
18	9	0
22	33	0
73	41	0
96	33	0
16	3	0
41	4	0
59	62	0
96	86	0
27	2	0
63	2	0
87	85	0
55	85	0
26	49	0
96	50	0
84	64	0
11	97	1
10	90	0
50	37	0
93	47	0
16	35	0
84	28	0
79	8	0
34	34	0
26	40	0
83	42	0
59	85	1
79	43	0
21	15	0
94	54	0
78	44	0
75	49	0
54	90	0
55	54	0
69	40	0
80	43	0
94	90	0
87	84	0
72	70	0
75	25	0
91	47	0
89	99	0
95	99	0
81	68	0
83	94	0
52	78	0
6	10	0
28	95	0
82	47	0
73	27	0
89	49	0
77	46	0
94	62	0
88	38	0
21	76	0
8	8	0
42	88	0
26	67	0
41	2	0
9	85	0
99	44	0
92	85	0
80	51	0
95	99	0
95	36	0
