92	68	0
50	17	0
42	17	0
47	98	0
5	22	0
93	31	0
95	86	0
41	14	0
77	82	0
41	36	0
79	36	0
4	84	0
17	14	0
22	63	0
98	19	0
97	73	0
63	29	0
29	47	0
99	63	0
90	2	0
42	81	0
70	78	0
74	97	0
68	0	0
45	90	0
59	0	0
73	80	0
68	95	0
99	57	0
3	36	0
43	37	0
47	28	0
90	29	0
46	44	0
91	68	0
16	90	0
60	84	0
99	25	0
78	95	0
54	1	0
22	52	0
79	52	0
94	61	0
59	73	0
97	42	0
12	83	0
28	43	0
60	8	0
92	58	0
11	66	0
61	8	0
30	84	0
49	96	0
32	67	0
95	60	0
40	29	0
43	36	0
78	76	0
91	94	0
82	19	0
13	93	0
89	11	0
45	3	0
75	71	0
44	19	0
13	81	0
78	12	0
39	80	0
84	86	0
61	65	0
13	24	0
78	83	0
29	34	0
21	47	0
89	36	0
10	38	0
41	77	0
47	85	0
73	21	0
39	98	0
63	98	0
1	2	0
9	14	0
98	11	0
99	20	0
33	49	0
81	41	0
24	18	0
76	57	0
31	47	0
35	10	0
40	10	0
70	37	0
12	89	0
72	9	0
53	74	0
40	9	0
47	29	0
97	40	0
37	74	0
79	58	0
23	57	0
75	93	0
3	78	0
42	81	0
88	44	0
63	3	0
45	66	0
15	63	0
56	0	0
64	60	0
14	60	0
44	4	0
41	58	0
31	40	0
94	85	0
55	43	0
0	0	0
30	90	0
75	9	0
68	68	0
14	31	0
86	82	0
94	12	0
68	65	0
56	76	0
34	7	0
54	97	0
80	78	0
77	54	0
33	98	0
67	27	0
42	22	0
19	37	0
82	8	0
3	80	0
97	69	0
98	18	0
88	32	0
41	52	0
57	19	0
89	78	0
4	18	0
39	10	0
88	67	0
34	40	0
84	73	0
81	91	0
54	15	0
43	34	0
55	61	0
8	51	0
27	72	0
14	57	0
77	71	0
35	53	0
48	94	0
81	56	0
72	76	0
50	85	0
15	42	0
90	70	0
2	31	0
41	47	0
24	14	0
17	77	0
39	77	0
90	38	0
32	29	0
83	16	0
37	81	0
58	29	0
49	41	0
82	82	0
23	52	0
69	82	0
33	87	0
32	60	0
37	19	0
60	8	0
37	76	0
18	76	0
73	85	0
91	55	0
16	84	0
19	33	0
98	67	0
30	60	0
28	91	0
48	89	0
43	50	0
33	9	0
19	38	0
65	82	0
83	94	0
57	85	0
78	23	0
3	73	0
52	3	0
79	18	0
69	27	0
75	24	0
23	56	0
2	65	0
54	61	0
76	37	0
35	68	0
93	25	0
39	91	0
31	65	0
34	17	0
75	74	0
30	56	0
35	10	0
5	96	0
68	13	0
99	86	0
84	89	0
95	16	0
3	78	0
13	68	0
95	46	0
51	73	0
38	46	0
51	63	0
60	70	0
46	55	0
9	74	0
32	64	0
68	8	0
1	64	0
63	97	0
82	47	0
44	86	0
86	59	0
48	10	0
45	65	0
19	80	0
39	94	0
60	32	0
65	33	0
21	32	0
95	63	0
73	40	0
80	63	0
9	73	0
55	17	0
6	89	0
71	59	0
55	45	0
68	50	0
52	16	0
0	54	0
83	40	0
54	10	0
75	65	0
45	86	0
75	40	0
97	40	0
99	3	0
2	68	0
87	72	0
20	97	0
95	63	0
46	90	0
61	29	0
49	0	0
23	92	0
66	37	0
42	59	0
44	76	0
49	5	0
22	89	0
70	95	0
88	82	0
69	36	0
88	68	0
12	88	0
50	47	0
51	8	0
70	25	0
32	15	0
35	1	0
49	8	0
60	50	0
71	35	0
34	54	0
33	47	0
45	62	0
68	87	0
88	84	0
59	83	0
86	17	0
85	53	0
81	12	0
22	52	0
32	11	0
87	37	0
63	26	0
71	70	0
7	38	0
49	73	0
54	24	0
26	94	0
31	95	0
21	72	0
91	65	0
44	29	0
40	7	0
26	60	0
91	57	0
72	17	0
80	89	0
20	9	0
69	93	0
9	78	0
49	83	0
40	34	0
1	53	0
79	5	0
22	28	0
90	17	0
47	19	0
11	4	1
83	11	0
31	44	0
18	50	0
83	23	0
91	53	0
0	26	0
27	31	0
1	63	0
38	85	0
19	85	0
3	6	1
46	85	0
56	69	0
49	42	0
67	24	0
47	90	0
39	70	0
88	99	0
41	32	0
14	47	0
21	38	0
57	71	0
82	90	0
46	21	0
86	9	0
29	3	0
63	1	0
58	13	0
22	42	0
75	64	0
69	2	0
18	34	0
46	16	0
57	47	0
46	50	0
24	61	0
86	80	0
75	50	0
14	57	0
49	35	0
97	10	0
58	7	0
62	18	0
59	43	0
25	29	0
7	71	0
70	75	0
16	81	0
36	88	0
21	96	0
50	27	0
41	42	0
85	57	0
76	39	0
7	82	0
76	79	0
61	86	0
15	32	1
76	27	0
59	99	0
73	3	0
87	58	0
80	51	0
29	13	0
42	44	0
35	44	0
89	81	0
2	6	0
72	22	0
93	2	0
18	38	0
30	96	0
67	70	0
87	4	0
5	56	0
97	32	0
44	97	0
76	15	0
65	48	0
48	54	0
45	39	0
30	39	0
42	37	0
70	86	0
77	38	0
39	36	0
77	67	0
22	58	0
15	92	0
91	88	0
33	35	0
0	80	0
62	25	0
88	14	0
80	45	0
13	59	0
66	47	0
39	34	0
49	45	0
1	98	0
70	21	0
51	11	0
87	55	0
48	24	0
28	83	0
20	3	0
74	46	0
70	98	0
2	79	0
41	55	0
47	76	0
56	28	0
20	99	0
16	46	0
31	39	0
59	16	0
88	25	0
89	20	0
86	87	0
20	61	0
31	23	0
29	33	0
83	19	0
56	58	0
70	90	0
15	37	0
71	98	0
87	64	0
35	72	0
67	5	0
70	41	0
76	20	0
75	11	0
43	23	0
43	34	0
94	3	0
81	27	0
2	72	0
87	10	0
99	98	0
3	99	0
89	55	0
54	46	0
23	17	0
96	86	0
69	59	0
11	96	0
64	29	0
80	41	0
81	51	0
81	62	0
31	71	0
71	75	0
41	98	0
78	71	0
22	30	0
32	97	0
97	82	0
35	35	0
27	38	0
66	80	0
59	92	0
44	69	0
60	98	0
55	53	0
37	65	0
28	68	0
85	25	0
20	94	0
86	51	0
26	91	0
50	65	0
43	75	0
85	34	0
35	32	0
20	51	0
53	24	0
92	67	0
69	20	0
86	96	0
74	99	0
38	53	0
69	0	0
29	45	0
37	89	0
36	30	0
50	67	0
69	81	0
26	21	0
83	99	0
39	25	0
22	21	0
63	39	0
27	77	0
44	14	0
5	54	0
87	85	0
59	87	0
52	45	0
79	10	0
50	71	0
42	51	0
97	58	0
87	3	0
0	70	0
78	0	0
68	74	0
75	33	0
38	15	0
35	70	0
84	78	0
25	68	0
54	81	0
77	24	0
12	65	0
70	18	0
46	62	0
61	96	0
32	91	0
85	6	0
92	22	0
62	12	0
35	85	0
12	87	0
5	85	0
74	41	0
67	64	0
71	82	0
18	48	0
76	33	0
67	67	0
87	74	0
55	60	0
20	63	0
24	63	0
40	25	0
45	28	0
1	44	0
47	65	0
40	45	0
94	30	0
75	32	0
78	1	0
87	42	0
54	68	0
24	55	0
57	28	0
90	76	0
64	87	0
94	69	0
16	50	0
59	73	0
65	50	0
30	54	0
77	34	0
19	51	0
39	21	0
79	52	0
81	97	0
56	56	0
17	65	0
47	5	0
50	63	0
29	84	0
44	27	0
86	80	0
94	72	0
18	98	0
54	72	0
10	74	0
73	61	0
34	52	0
48	60	0
36	76	0
61	72	0
19	28	1
9	63	0
97	80	0
73	55	0
96	56	0
27	61	0
50	87	0
58	27	0
94	29	0
36	49	0
98	11	0
19	89	0
27	31	0
32	74	0
87	56	0
21	45	0
81	69	0
18	96	0
9	72	0
12	7	1
91	86	0
42	32	0
4	68	0
80	86	0
51	64	0
82	67	0
27	94	0
99	37	0
30	6	0
35	83	0
33	75	0
35	20	0
23	37	0
4	17	0
82	72	0
91	5	0
60	7	0
74	12	0
98	45	0
33	8	0
29	48	0
99	41	0
9	55	0
58	81	0
2	60	0
17	74	0
76	55	0
48	93	0
80	47	0
72	83	0
29	35	0
79	67	0
40	59	0
84	48	0
14	76	0
45	35	0
32	74	0
82	32	0
58	35	0
99	78	0
97	97	0
86	82	0
32	70	0
17	31	0
59	39	0
45	74	0
33	15	0
26	3	0
39	72	0
17	39	0
60	2	0
71	82	0
75	64	0
90	15	0
5	48	0
66	88	0
0	94	0
53	10	0
66	52	0
69	18	0
37	17	0
25	33	0
38	14	0
72	9	0
41	88	0
54	31	0
30	81	0
74	15	0
32	44	0
49	64	0
75	22	0
90	70	0
60	71	0
33	66	0
50	88	0
74	84	0
83	48	0
22	65	0
74	77	0
64	94	0
18	43	0
22	54	0
98	36	0
32	90	0
95	85	0
69	87	0
47	0	0
57	58	0
89	56	0
67	83	0
85	52	0
96	78	0
82	29	0
10	63	0
7	57	0
71	88	0
74	40	0
53	61	0
58	9	0
32	13	0
84	69	0
25	33	0
13	61	0
45	52	0
52	37	0
37	19	0
49	28	0
15	82	0
23	38	0
9	63	0
16	72	0
72	44	0
18	20	0
65	12	0
98	28	0
80	0	0
58	76	0
6	58	0
62	30	0
49	34	0
59	80	0
92	14	0
34	42	0
55	62	0
54	80	0
17	97	0
40	67	0
38	84	0
28	27	0
75	82	0
43	49	0
34	85	0
61	33	0
13	44	0
60	61	0
59	26	0
30	75	0
82	38	0
55	42	0
46	46	0
32	14	0
9	63	0
77	71	0
72	63	0
40	43	0
85	61	0
85	73	0
74	28	0
61	8	0
80	77	0
76	13	0
6	67	0
73	77	0
39	20	0
70	40	0
17	67	0
15	88	0
39	91	0
28	53	0
98	28	0
21	54	0
50	97	0
17	89	0
98	68	0
56	59	0
81	40	0
21	1	0
50	21	0
59	3	0
11	79	0
62	56	0
81	65	0
72	45	0
16	1	0
25	44	0
69	13	0
7	80	0
78	2	0
45	68	0
48	23	0
78	92	0
2	24	0
19	90	0
97	53	0
33	12	0
98	81	0
59	63	0
74	50	0
46	25	0
90	32	0
91	75	0
7	67	0
0	79	0
18	54	0
11	88	0
1	90	0
79	26	0
43	41	0
5	93	0
53	11	0
69	7	0
44	52	0
74	45	0
47	23	0
25	64	0
27	26	0
84	14	0
13	42	0
85	61	0
94	5	0
58	55	0
29	16	0
55	10	0
12	94	0
55	76	0
37	63	0
37	16	0
3	84	0
5	88	0
69	55	0
92	41	0
41	28	0
28	79	0
98	93	0
53	32	0
58	76	0
66	88	0
1	79	0
74	24	0
58	61	0
23	36	0
98	74	0
44	66	0
97	18	0
74	12	0
88	19	0
79	93	0
41	63	0
38	78	0
82	20	0
28	8	0
63	96	0
67	75	0
19	47	0
71	40	0
66	91	0
81	12	0
96	55	0
28	76	0
60	50	0
32	33	0
84	22	0
31	47	0
67	0	0
92	99	0
77	65	0
53	79	0
80	24	0
74	73	0
9	87	0
38	5	0
15	94	0
2	64	0
64	69	0
67	94	0
76	9	0
94	99	0
81	13	0
82	78	0
63	5	0
86	37	0
83	44	0
52	37	0
12	76	0
55	88	0
56	77	0
17	52	0
8	39	0
32	98	0
11	63	0
40	0	0
30	50	0
14	62	0
45	34	0
1	40	0
96	54	0
53	22	0
12	48	0
25	88	0
77	79	0
0	1	0
91	62	0
16	70	0
63	43	0
31	57	0
90	50	0
57	41	0
1	9	0
2	51	0
22	59	0
92	63	0
71	50	0
96	65	0
5	58	0
72	59	0
8	78	0
4	21	0
86	58	0
28	61	0
39	10	0
35	31	0
12	83	0
33	87	0
2	5	1
80	44	0
71	68	0
77	57	0
73	78	0
39	76	0
46	23	0
1	68	0
52	71	0
36	43	0
58	53	0
86	12	0
