98	65	0
53	10	0
36	20	0
41	95	0
6	36	0
88	27	0
86	78	0
11	5	0
50	7	0
73	92	0
42	36	0
78	36	0
0	85	0
21	4	0
15	68	0
94	10	0
95	91	0
60	31	0
29	54	0
99	67	0
90	1	0
43	73	0
73	84	0
80	93	0
65	4	0
30	96	0
56	12	0
75	78	0
71	92	0
99	58	0
0	43	0
29	29	0
39	29	0
77	21	0
40	47	0
90	73	0
11	92	0
67	76	0
92	25	0
81	92	0
45	9	0
27	51	0
69	57	0
99	56	0
55	74	0
99	49	0
17	99	0
37	45	0
56	14	0
85	47	0
17	63	0
59	12	0
34	92	0
54	86	0
26	64	0
94	71	0
47	25	0
37	46	0
84	76	0
96	99	0
92	13	0
15	96	0
93	12	0
51	7	0
95	70	0
40	31	0
20	83	0
85	6	0
31	82	0
85	74	0
62	51	0
22	30	0
85	84	0
31	39	0
14	47	0
85	38	0
22	27	1
15	37	0
38	81	0
59	91	0
72	23	0
46	96	0
65	99	0
1	8	0
14	20	0
93	22	0
99	21	0
38	57	0
82	45	0
19	29	0
75	51	0
40	56	0
33	11	0
34	2	0
71	48	0
22	88	0
57	6	0
50	76	0
42	5	0
37	27	0
94	45	0
48	59	0
62	48	0
18	76	0
71	84	0
9	79	0
44	77	0
85	47	0
66	13	0
54	70	0
5	57	0
57	8	0
53	63	0
7	68	0
47	3	0
32	56	0
21	33	0
85	81	0
47	40	0
3	3	0
22	94	0
81	0	0
70	65	0
15	31	0
83	77	0
91	14	0
61	73	0
54	86	0
32	23	0
64	93	0
23	20	1
74	87	0
64	53	0
37	98	0
75	34	0
39	24	0
22	36	0
80	2	0
12	9	1
3	71	0
96	72	0
92	13	0
91	34	0
43	55	0
60	5	0
94	94	0
5	5	0
39	12	0
82	83	0
37	39	0
95	68	0
83	78	0
54	28	0
49	36	0
67	59	0
2	48	0
25	83	0
14	60	0
80	75	0
57	72	0
45	98	0
81	50	0
69	77	0
53	84	0
26	45	0
87	81	0
0	37	0
34	40	0
25	25	0
18	72	0
38	71	0
99	20	0
42	35	0
77	11	0
36	84	0
70	22	0
53	29	0
78	78	0
26	52	0
63	69	0
35	99	0
39	62	0
37	7	0
67	16	0
32	88	0
15	82	0
69	85	0
90	56	0
18	92	0
30	33	0
94	70	0
27	59	0
37	79	0
38	95	0
54	46	0
33	9	0
19	36	0
79	94	0
89	99	0
62	91	0
77	14	0
3	64	0
63	0	0
61	16	0
67	22	0
84	17	0
28	61	0
4	72	0
61	63	0
75	36	0
31	75	0
87	20	0
56	86	0
32	64	0
28	16	0
84	73	0
33	68	0
40	9	0
2	87	0
78	16	0
96	82	0
83	93	0
86	20	0
1	79	0
18	75	0
95	50	0
50	73	0
36	46	0
46	76	0
58	73	0
53	57	0
6	82	0
34	71	0
63	14	0
4	66	0
69	94	0
66	44	0
36	94	0
88	57	0
41	17	0
41	53	0
11	76	0
39	92	0
56	33	0
69	25	0
11	32	0
85	67	0
72	45	0
80	50	0
10	85	0
57	11	0
14	82	0
64	66	0
56	44	0
68	54	0
57	2	0
14	7	1
4	57	0
75	43	0
50	12	0
74	60	0
49	81	0
62	51	0
93	30	0
93	12	0
3	61	0
88	66	0
21	96	0
92	56	0
38	89	0
58	34	0
44	1	0
19	91	0
70	36	0
44	56	0
43	75	0
51	5	0
23	96	0
72	87	0
86	86	0
62	28	0
95	72	0
8	86	0
39	39	0
58	2	0
64	19	0
34	23	0
44	5	0
56	11	0
56	49	0
73	34	0
36	51	0
22	46	0
52	53	0
72	77	0
91	75	0
56	87	0
81	12	0
99	53	0
79	1	0
10	56	0
31	6	0
91	34	0
47	23	0
75	72	0
8	43	0
47	73	0
54	28	0
24	95	0
34	88	0
28	70	0
92	56	0
44	27	0
37	3	0
25	54	0
93	51	0
77	19	0
75	99	0
15	8	0
62	90	0
7	77	0
43	82	0
33	34	0
3	54	0
82	9	0
20	35	0
82	12	0
43	9	0
16	1	0
81	5	0
29	50	0
13	39	0
89	31	0
93	62	0
9	28	0
27	34	0
1	59	0
31	82	0
13	72	0
4	8	0
35	94	0
46	66	0
38	31	0
61	29	0
48	83	0
40	66	0
88	97	0
39	24	0
18	47	0
30	39	0
53	76	0
79	97	0
53	10	0
75	1	0
34	6	0
45	10	0
61	11	0
19	47	0
76	58	0
67	2	0
24	44	0
64	5	0
51	56	0
46	49	0
29	65	0
78	83	0
64	52	0
19	63	0
59	35	0
22	19	0
96	9	0
48	5	0
69	17	0
54	38	0
21	41	0
16	70	0
68	74	0
12	77	0
34	94	0
23	97	0
49	23	0
32	31	0
87	64	0
57	50	0
7	79	0
78	76	0
62	92	0
23	34	0
69	25	0
65	95	0
72	1	0
97	64	0
76	42	0
31	16	0
39	45	0
36	47	0
90	81	0
11	24	0
74	28	0
87	8	0
13	54	0
29	91	0
69	79	0
86	6	0
4	71	0
97	32	0
45	91	0
3	10	1
80	9	0
62	53	0
40	52	0
56	46	0
28	40	0
51	38	0
72	74	0
73	51	0
45	30	0
74	65	0
26	51	0
24	93	0
83	84	0
44	18	0
2	74	0
66	20	0
83	19	0
69	44	0
16	59	0
62	28	0
26	32	0
52	39	0
3	95	0
61	35	0
53	18	0
92	52	0
46	22	0
34	76	0
33	7	0
81	44	0
7	3	0
61	99	0
4	89	0
38	40	0
53	86	0
55	32	0
17	97	0
19	44	0
23	40	0
59	19	0
95	34	0
83	20	0
88	98	0
23	58	0
13	15	1
36	12	0
36	25	0
84	22	0
50	60	0
75	81	0
21	35	0
66	99	0
85	69	0
39	77	0
73	11	0
72	39	0
85	18	0
67	19	0
46	22	0
36	31	0
96	3	0
66	28	0
2	66	0
93	16	0
89	95	0
9	93	0
86	62	0
44	49	0
24	2	0
93	86	0
80	55	0
28	97	0
66	21	0
78	47	0
93	58	0
83	65	0
28	80	0
75	82	0
34	93	0
85	77	0
35	40	0
25	90	0
99	86	0
33	33	0
24	45	0
64	71	0
62	93	0
51	70	0
46	94	0
60	60	0
34	62	0
33	62	0
82	23	0
15	91	0
86	51	0
19	84	0
43	54	0
46	79	0
83	29	0
22	31	0
19	43	0
61	41	0
94	75	0
63	18	0
84	97	0
71	97	0
39	45	0
57	9	0
31	45	0
21	85	0
37	33	0
56	69	0
69	79	0
34	21	0
78	90	0
52	33	0
38	19	0
65	43	0
22	77	0
42	12	0
5	61	0
91	79	0
63	94	0
54	46	0
82	10	0
41	72	0
40	56	0
97	53	0
93	0	0
0	75	0
70	3	0
82	75	0
71	23	0
33	3	0
35	70	0
78	83	0
37	74	0
52	79	0
76	19	0
15	66	0
63	6	0
44	66	0
63	97	0
31	92	0
90	8	0
91	22	0
59	12	0
32	87	0
16	91	0
7	91	0
79	50	0
72	61	0
78	65	0
18	42	0
85	46	0
67	60	0
84	75	0
70	63	0
26	55	0
17	71	0
37	28	0
48	42	0
4	48	0
55	66	0
45	39	0
94	39	0
76	33	0
73	4	0
75	33	0
52	81	0
22	18	1
16	46	0
65	40	0
92	77	0
66	82	0
96	76	0
23	48	0
52	62	0
62	52	0
30	62	0
87	40	0
22	59	0
43	22	0
90	55	0
72	97	0
55	53	0
21	64	0
42	2	0
68	68	0
28	84	0
45	27	0
74	78	0
89	74	0
22	93	0
51	64	0
13	72	0
74	66	0
38	57	0
47	66	0
41	80	0
61	68	0
27	35	0
15	65	0
88	82	0
77	56	0
96	59	0
35	77	0
57	75	0
70	32	0
21	16	1
85	23	0
41	35	0
95	7	0
13	92	0
34	34	0
28	77	0
89	57	0
20	35	0
96	62	0
13	94	0
13	72	0
26	2	0
98	94	0
35	26	0
0	82	0
74	91	0
37	61	0
80	72	0
32	84	0
99	30	0
32	17	0
38	84	0
30	76	0
33	11	0
25	41	0
8	25	0
91	68	0
92	13	0
55	9	0
70	9	0
93	39	0
33	7	0
39	39	0
98	44	0
11	57	0
43	88	0
1	48	0
15	82	0
73	60	0
49	97	0
67	44	0
72	78	0
36	34	0
78	65	0
35	64	0
87	45	0
8	72	0
57	36	0
35	68	0
73	33	0
56	40	0
98	83	0
91	98	0
85	88	0
20	84	0
20	34	0
54	54	0
51	68	0
33	24	0
20	9	0
34	69	0
11	41	0
62	10	0
63	82	0
89	61	0
95	17	0
9	45	0
10	3	0
77	90	0
5	96	0
51	11	0
56	49	0
70	12	0
14	3	0
47	18	0
19	35	0
45	20	0
59	3	0
37	85	0
57	21	0
29	90	0
73	4	0
28	39	0
52	68	0
72	18	0
90	69	0
64	74	0
40	67	0
52	93	0
78	90	0
4	14	1
87	58	0
14	65	0
79	73	0
60	92	0
15	33	0
20	58	0
94	47	0
34	84	0
97	96	0
64	84	0
50	4	0
45	50	0
83	54	0
55	87	0
75	49	0
96	69	0
85	27	0
12	63	0
3	56	0
68	91	0
78	42	0
51	62	0
57	10	0
34	23	0
73	73	0
24	35	0
14	61	0
39	46	0
58	42	0
34	11	0
57	31	0
9	83	0
20	39	0
11	59	0
7	73	0
76	54	0
27	27	0
61	12	0
91	24	0
80	2	0
54	70	0
2	62	0
66	31	0
48	35	0
73	75	0
76	18	0
45	39	0
51	64	0
47	86	0
18	97	0
30	64	0
41	87	0
31	40	0
76	82	0
45	42	0
26	78	0
55	26	0
6	41	0
61	57	0
68	16	0
29	75	0
83	52	0
53	46	0
52	45	0
41	17	0
4	70	0
68	61	0
76	54	0
45	37	0
81	58	0
85	71	0
79	38	0
65	11	0
87	78	0
91	18	0
6	75	0
69	85	0
32	14	0
59	36	0
8	4	0
17	55	0
11	87	0
32	91	0
22	46	0
93	38	0
17	50	0
56	98	0
16	85	0
97	64	0
52	61	0
86	40	0
20	1	0
58	16	0
47	6	0
6	2	0
13	75	0
60	61	0
85	67	0
73	49	0
18	2	0
31	37	0
68	12	0
2	79	0
75	2	0
45	74	0
54	26	0
73	98	0
13	36	0
2	92	0
99	60	0
35	18	0
87	69	0
62	59	0
76	43	0
42	28	0
93	33	0
84	65	0
14	62	0
2	87	0
22	54	0
2	87	0
9	92	0
91	32	0
32	50	0
2	99	0
53	15	0
60	0	0
40	49	0
25	19	0
63	42	0
38	20	0
28	77	0
31	31	0
72	15	0
5	42	0
87	50	0
88	8	0
65	50	0
32	12	0
45	17	0
9	98	0
59	79	0
39	66	0
13	4	1
38	18	0
5	82	0
3	85	0
71	55	0
90	44	0
43	31	0
26	75	0
26	29	0
99	88	0
60	31	0
45	73	0
67	98	0
21	22	1
2	83	0
69	23	0
55	65	0
30	36	0
97	66	0
39	72	0
98	20	0
79	16	0
97	17	0
88	86	0
42	57	0
24	88	0
87	11	0
32	3	0
63	85	0
62	71	0
19	47	0
65	41	0
68	82	0
90	12	0
93	55	0
21	65	0
56	51	0
25	23	0
88	26	0
45	46	0
69	9	0
91	98	0
85	81	0
49	65	0
72	33	0
65	74	0
3	91	0
43	2	0
10	98	0
11	76	0
62	64	0
77	97	0
85	5	0
97	90	0
82	1	0
21	13	1
84	73	0
66	1	0
97	36	0
73	52	0
56	36	0
15	68	0
60	90	0
55	78	0
14	44	0
4	40	0
39	98	0
8	71	0
42	0	0
41	56	0
14	64	0
40	27	0
6	45	0
96	45	0
57	22	0
2	46	0
24	87	0
72	57	0
0	6	0
93	71	0
26	82	0
59	49	0
35	58	0
94	53	0
63	42	0
0	16	0
4	47	0
23	61	0
90	73	0
67	46	0
99	61	0
1	50	0
59	56	0
19	65	0
2	13	0
73	73	0
28	61	0
46	9	0
28	28	0
8	79	0
37	89	0
4	3	0
76	43	0
67	63	0
81	65	0
77	74	0
46	87	0
35	17	0
3	71	0
10	12	1
47	65	0
38	48	0
55	51	0
83	14	0
