91	69	0
31	15	0
59	97	0
10	2	0
98	49	0
96	95	0
44	72	0
61	47	0
1	88	0
3	8	0
11	91	0
91	49	0
62	82	0
31	32	0
93	85	0
92	36	0
44	96	0
42	72	0
70	75	0
48	7	0
33	78	1
83	70	0
93	80	0
82	99	0
7	25	0
41	34	1
82	22	0
73	69	0
8	65	1
32	91	0
85	17	0
69	87	0
51	73	0
80	76	0
95	51	0
63	59	1
97	33	0
17	73	0
91	69	0
18	67	0
48	2	0
12	78	0
35	90	0
87	46	0
46	34	1
39	19	0
99	92	0
85	91	0
95	15	0
27	79	0
94	7	0
25	19	0
71	85	0
0	86	0
87	2	0
67	92	0
7	31	0
73	76	0
85	27	0
24	88	0
51	97	0
85	25	0
32	92	0
36	89	0
20	13	0
99	14	0
79	30	0
51	80	0
88	25	0
62	47	0
71	36	0
6	93	0
52	87	0
78	3	0
91	65	0
3	65	1
64	88	0
2	74	0
41	91	0
94	58	0
82	27	0
60	11	0
59	44	0
10	65	1
37	10	0
73	58	0
0	93	0
96	28	0
42	69	0
84	63	0
84	2	0
70	89	0
66	83	0
3	31	0
64	74	0
89	75	0
70	45	0
11	96	0
70	38	0
76	3	1
90	60	0
94	29	0
98	40	0
18	53	0
54	73	1
5	20	0
90	62	0
59	78	0
54	60	0
46	40	1
57	69	0
46	96	0
74	34	0
60	74	0
62	79	0
95	55	0
29	9	0
49	38	1
19	13	0
26	80	0
78	48	0
92	1	0
29	96	0
22	44	0
60	71	0
59	76	0
51	74	0
50	6	0
50	91	0
77	88	0
89	54	0
23	97	0
87	81	0
9	73	0
51	61	0
12	40	0
72	78	0
97	68	0
48	67	0
71	47	0
64	8	1
94	35	0
30	94	0
62	78	0
21	35	0
45	80	0
40	23	0
92	92	0
27	87	0
95	6	0
26	81	1
90	35	0
57	95	0
73	81	0
67	70	0
25	42	0
13	64	0
69	6	1
65	94	0
89	65	0
46	89	0
63	84	0
72	16	0
55	71	1
33	81	0
50	89	0
22	19	0
82	59	0
61	40	0
71	60	0
79	33	0
17	97	0
67	59	0
87	41	0
72	32	0
54	19	0
97	31	0
71	84	0
76	95	0
71	64	0
97	25	0
94	22	0
89	83	0
36	94	0
64	87	0
49	99	0
88	34	0
13	99	0
89	28	0
21	46	0
20	91	0
31	96	0
81	76	0
76	72	0
94	56	0
93	58	0
23	80	1
53	81	0
75	8	0
79	53	0
48	2	0
39	31	0
82	39	0
22	68	1
45	57	1
27	72	0
74	90	0
82	57	0
53	69	1
91	0	0
91	39	0
95	42	0
72	61	0
67	84	0
49	63	0
69	16	0
9	88	0
2	93	0
86	63	0
80	69	0
85	8	0
93	85	0
18	1	0
34	99	0
57	98	0
44	30	1
90	15	0
96	1	0
96	25	0
74	26	0
65	51	0
6	6	0
27	99	0
18	75	0
47	86	0
43	74	0
89	41	0
54	91	0
99	85	0
66	31	0
85	87	0
86	21	0
15	4	0
40	1	0
37	29	0
99	43	0
81	10	0
8	49	0
14	24	0
53	35	1
89	83	0
97	65	0
74	31	0
97	13	0
65	3	0
83	16	0
38	13	0
13	68	1
95	93	0
36	85	0
6	99	0
28	44	0
47	46	1
69	47	0
71	59	0
75	76	0
77	76	0
81	26	0
67	82	0
70	5	1
99	46	0
77	54	0
63	53	0
96	67	0
73	17	0
92	20	0
25	50	0
68	99	0
48	64	1
96	25	0
18	84	0
93	43	0
70	92	0
90	30	0
61	17	0
26	58	1
54	45	0
60	83	0
63	24	1
73	84	0
25	90	0
94	83	0
0	83	0
88	5	0
90	17	0
52	70	0
63	50	0
15	96	0
74	35	0
93	62	0
46	44	1
28	83	0
31	13	0
52	87	0
34	86	0
50	76	0
8	67	1
3	19	0
66	0	1
83	39	0
99	8	0
78	97	0
22	31	0
63	10	1
65	38	0
65	88	0
4	13	0
41	85	0
81	43	0
27	85	0
80	5	0
54	16	1
85	18	0
89	52	0
13	87	0
69	13	0
90	99	0
35	99	0
70	64	0
9	36	0
62	92	0
60	41	0
16	70	0
59	28	0
91	49	0
72	45	0
72	57	0
13	43	0
96	57	0
27	97	0
88	55	0
19	93	0
83	82	0
35	19	0
72	65	0
55	83	0
59	95	0
80	49	0
83	8	0
5	77	0
76	42	0
21	97	0
51	59	1
86	29	0
89	51	0
73	17	0
74	70	0
49	96	0
57	91	0
33	99	0
96	76	0
75	81	0
71	3	1
26	1	0
51	44	1
4	79	0
80	88	0
67	82	0
74	47	0
68	24	0
42	64	1
41	77	0
82	52	0
99	9	0
17	71	0
83	4	0
57	66	0
84	85	0
57	90	0
72	23	0
86	11	0
68	84	0
23	96	0
88	15	0
88	5	0
67	25	0
13	55	0
13	85	0
13	89	0
72	85	0
82	97	0
57	55	1
78	95	0
82	60	0
76	61	0
11	92	0
13	76	0
35	23	0
1	16	0
37	37	0
28	49	1
98	31	0
87	38	0
73	54	0
61	58	1
50	20	0
88	80	0
63	77	0
87	52	0
30	85	0
79	58	0
19	12	0
95	43	0
55	98	0
33	43	0
32	99	0
72	96	0
88	69	0
26	85	0
58	27	1
9	72	0
41	68	0
65	59	0
57	78	0
59	88	0
19	49	0
73	62	0
78	47	0
89	67	0
40	72	0
71	88	0
48	30	1
92	14	0
61	53	1
83	12	0
8	83	0
43	97	0
82	74	0
67	70	0
7	88	0
14	72	0
82	95	0
34	29	0
9	87	0
65	99	0
62	71	0
88	80	0
15	91	0
77	47	0
16	12	0
45	96	0
2	98	0
2	16	0
86	58	0
86	19	0
79	33	0
69	19	0
12	14	0
12	49	0
80	24	0
2	66	1
66	76	0
29	89	0
65	55	0
85	91	0
79	39	0
72	81	0
69	52	0
70	80	0
10	70	0
29	82	1
65	62	0
60	45	0
98	41	0
96	96	0
77	88	0
74	52	0
62	53	0
66	84	0
99	77	0
99	0	0
54	80	0
0	91	0
60	34	0
65	21	0
73	15	0
21	70	0
76	25	0
82	22	0
33	59	1
31	30	0
52	99	0
69	63	0
43	84	0
71	93	0
79	55	0
82	36	0
89	65	0
77	98	0
99	40	0
93	89	0
48	88	0
68	81	0
86	44	0
40	91	0
84	81	0
79	54	0
89	29	0
3	71	0
49	73	0
76	16	0
59	34	0
85	80	0
69	51	0
14	87	0
19	97	0
76	40	0
82	31	0
98	53	0
98	2	0
76	90	0
50	36	1
89	14	0
72	38	0
15	72	0
17	96	0
20	79	0
7	88	0
64	49	0
45	26	0
38	64	0
63	82	0
69	9	0
19	87	0
86	55	0
20	16	0
21	71	0
76	62	0
64	56	0
87	55	0
85	60	0
70	64	0
63	49	1
73	56	0
0	32	0
91	83	0
61	49	0
44	84	0
3	71	0
28	82	0
95	21	0
55	95	0
17	89	0
99	47	0
71	16	0
14	14	0
31	27	0
72	4	1
18	64	0
78	62	0
91	33	0
12	2	0
65	12	0
40	91	0
93	80	0
16	10	0
54	83	0
76	34	0
97	77	0
58	62	0
67	87	0
14	43	0
94	42	0
93	69	0
13	80	0
23	74	0
19	89	0
73	8	1
8	96	0
61	43	0
96	17	0
4	16	0
87	36	0
95	12	0
40	28	0
23	94	0
50	81	0
18	74	0
27	26	0
14	72	0
20	90	0
62	66	0
93	51	0
72	90	0
60	67	0
53	67	1
20	98	0
82	39	0
6	0	0
80	57	0
53	50	0
98	24	0
77	28	0
76	34	0
56	97	0
40	38	1
51	43	0
59	10	0
37	99	0
44	56	1
95	34	0
63	99	0
72	50	0
84	48	0
50	90	0
34	75	0
88	33	0
96	96	0
76	82	0
57	84	0
86	14	0
75	75	0
26	80	1
65	22	0
26	96	0
92	56	0
92	86	0
82	8	0
97	96	0
82	25	0
88	61	0
11	86	0
74	90	0
66	81	0
3	20	0
14	96	0
8	73	0
81	24	0
21	98	0
57	91	0
86	46	0
12	70	0
77	43	0
29	92	0
78	49	0
79	54	0
81	49	0
83	32	0
46	66	1
4	85	0
1	3	0
69	70	0
15	60	0
22	7	0
8	90	0
30	71	0
94	47	0
78	88	0
91	59	0
93	77	0
82	45	0
5	80	0
49	60	1
85	35	0
87	33	0
