85	69	0
47	19	0
38	27	0
49	96	0
11	9	0
97	36	0
99	89	0
39	5	0
65	82	0
45	17	0
94	45	0
7	76	0
20	6	0
20	65	0
98	23	0
81	78	0
59	31	0
20	50	0
92	66	0
92	10	0
44	90	0
61	71	0
79	85	0
53	0	0
44	78	0
56	5	0
85	77	0
61	86	0
84	73	0
1	28	0
61	24	0
37	16	0
85	32	0
37	51	0
90	63	0
7	94	0
43	97	0
95	25	0
76	93	0
49	4	0
24	62	0
93	59	0
92	72	0
53	67	0
95	52	0
4	82	0
23	39	1
65	2	0
89	59	0
18	70	0
63	5	0
8	79	0
51	93	0
37	76	0
97	66	0
48	33	0
24	28	0
88	80	0
97	98	0
98	16	0
10	92	0
92	18	0
42	0	0
74	78	0
45	11	0
7	92	0
81	6	0
44	81	0
71	96	0
52	66	0
7	32	0
71	90	0
28	37	1
13	56	0
88	31	0
15	39	0
26	87	0
53	97	0
65	27	0
33	95	0
62	98	0
0	25	0
98	10	0
92	24	0
37	58	0
77	38	0
19	37	1
81	57	0
28	34	1
44	9	0
36	1	0
65	39	0
18	96	0
61	14	0
54	88	0
37	8	0
45	28	0
84	42	0
36	66	0
75	41	0
11	63	0
78	81	0
2	74	0
29	91	0
99	54	0
60	8	0
44	68	0
29	56	0
62	6	0
68	51	0
2	59	0
30	2	0
22	44	0
40	33	0
70	93	0
58	44	0
22	97	0
84	7	0
55	74	0
80	82	0
96	7	0
64	78	0
45	73	0
32	10	0
56	93	0
94	74	0
71	64	0
24	99	0
69	35	0
35	17	0
16	44	0
78	10	0
12	65	0
93	64	0
96	27	0
86	33	0
37	55	0
59	21	0
84	71	0
17	14	0
33	13	0
80	64	0
36	32	0
69	74	0
69	88	0
52	29	0
42	30	0
58	41	0
15	43	0
31	54	0
18	62	0
76	81	0
43	53	0
38	95	0
80	47	0
80	69	0
58	85	0
27	32	1
97	68	0
14	28	0
50	46	0
21	12	0
25	87	0
36	77	0
85	34	0
37	37	0
70	13	0
40	83	0
55	28	0
45	49	0
80	78	0
28	61	0
54	73	0
36	86	0
37	46	0
42	12	0
54	12	0
28	74	0
25	82	0
77	79	0
92	67	0
29	86	0
28	33	1
95	71	0
31	50	0
25	87	0
57	73	0
39	55	0
29	12	0
12	29	0
70	94	0
89	83	0
59	72	0
71	35	0
4	59	0
54	10	0
78	30	0
63	27	0
68	28	0
17	68	0
0	57	0
53	50	0
78	26	0
35	63	0
93	33	0
32	97	0
27	64	0
41	20	0
81	79	0
33	57	0
32	10	0
18	90	0
59	11	0
95	88	0
71	94	0
96	8	0
6	80	0
22	64	0
90	37	0
54	75	0
45	39	0
54	62	0
50	71	0
48	65	0
20	76	0
29	56	0
71	1	0
2	65	0
60	82	0
90	45	0
43	89	0
79	60	0
64	29	0
45	69	0
20	86	0
40	96	0
50	38	0
72	31	0
26	32	1
88	58	0
76	41	0
70	70	0
5	51	0
52	15	0
11	86	0
63	62	0
57	39	0
65	36	0
51	25	0
6	58	0
86	17	0
46	10	0
66	66	0
48	77	0
73	34	0
98	35	0
90	0	0
5	58	0
96	75	0
25	93	0
92	71	0
41	94	0
58	34	0
55	11	0
18	89	0
70	27	0
42	68	0
39	78	0
47	7	0
28	96	0
80	87	0
67	88	0
74	43	0
89	75	0
21	94	0
44	62	0
66	2	0
68	35	0
32	14	0
37	0	0
56	9	0
57	61	0
77	41	0
43	48	0
36	51	0
36	71	0
70	87	0
82	68	0
58	79	0
87	1	0
80	40	0
66	2	0
24	44	0
30	30	0
74	45	0
61	43	0
71	64	0
13	34	0
40	67	0
63	28	0
25	87	0
25	89	0
30	74	0
95	66	0
47	16	0
37	1	0
24	53	0
86	65	0
58	12	0
75	92	0
12	5	0
54	99	0
2	68	0
36	86	0
39	32	0
3	59	0
83	21	0
22	36	1
74	3	0
47	15	0
90	11	0
37	45	0
23	49	0
77	27	0
84	59	0
14	23	0
28	32	1
4	60	0
35	96	0
0	88	0
46	91	0
56	73	0
55	40	0
62	15	0
40	84	0
45	71	0
84	92	0
26	24	0
12	55	0
27	47	0
62	63	0
71	83	0
35	21	0
79	22	0
41	0	0
53	0	0
57	23	0
35	43	0
78	73	0
89	11	0
23	41	0
52	18	0
51	48	0
43	34	0
36	54	0
80	73	0
79	52	0
15	54	0
58	32	0
96	10	0
62	5	0
54	27	0
53	34	0
35	29	0
2	71	0
64	76	0
28	74	0
24	93	0
24	95	0
60	16	0
43	35	0
99	41	0
84	51	0
0	77	0
82	73	0
71	75	0
78	28	0
76	82	0
82	5	0
86	59	0
71	54	0
38	21	0
61	48	0
29	50	0
83	80	0
67	18	0
94	8	0
28	47	0
34	92	0
71	73	0
83	16	0
13	66	0
95	26	0
39	97	0
82	17	0
68	48	0
39	54	0
55	38	0
25	42	0
28	48	0
61	85	0
81	35	0
37	14	0
71	73	0
23	67	0
12	94	0
91	90	0
34	38	0
0	82	0
58	33	0
86	20	0
83	42	0
6	64	0
64	31	0
47	27	0
44	40	0
7	99	0
77	23	0
54	5	0
88	46	0
50	42	0
23	75	0
12	0	0
59	64	0
58	90	0
3	52	0
46	67	0
40	81	0
52	32	0
17	94	0
7	46	0
21	46	0
63	14	0
91	30	0
92	16	0
78	87	0
23	59	0
30	27	0
40	24	0
81	5	0
67	62	0
73	92	0
16	42	0
63	92	0
99	64	0
37	82	0
70	9	0
69	54	0
68	21	0
74	8	0
47	26	0
46	15	0
98	2	0
83	34	0
6	76	0
85	8	0
89	97	0
22	94	0
98	68	0
48	56	0
13	28	0
92	94	0
60	44	0
5	97	0
68	33	0
72	38	0
72	61	0
84	64	0
27	73	0
85	69	0
33	89	0
96	80	0
36	95	0
97	78	0
32	34	1
41	31	0
54	69	0
65	98	0
43	65	0
71	99	0
67	50	0
32	62	0
31	67	0
81	9	0
12	86	0
93	51	0
25	87	0
51	72	0
46	86	0
86	44	0
38	56	0
22	33	1
46	23	0
86	53	0
67	14	0
89	90	0
57	90	0
41	50	0
58	2	0
37	42	0
49	89	0
32	21	0
51	60	0
72	75	0
37	22	0
99	94	0
47	19	0
20	5	0
54	27	0
23	77	0
41	7	0
19	58	0
92	91	0
64	88	0
60	56	0
64	10	0
40	69	0
46	49	0
98	53	0
88	2	0
4	69	0
77	1	0
57	75	0
64	30	0
45	17	0
37	66	0
82	79	0
34	71	0
40	76	0
81	26	0
26	48	0
65	30	0
43	65	0
66	87	0
32	92	0
83	6	0
98	23	0
68	13	0
26	79	0
18	97	0
18	83	0
70	41	0
78	71	0
72	80	0
14	43	0
79	40	0
72	73	0
79	76	0
55	66	0
15	72	0
14	64	0
48	21	0
38	16	0
1	35	0
41	55	0
30	43	0
86	27	0
79	34	0
72	2	0
79	45	0
51	62	0
20	67	0
50	22	0
91	85	0
50	91	0
73	65	0
28	54	0
39	83	0
70	47	0
32	50	0
80	25	0
19	51	0
37	24	0
89	52	0
89	96	0
52	54	0
4	62	0
49	9	0
57	59	0
26	85	0
41	27	0
84	92	0
96	71	0
20	83	0
69	52	0
7	68	0
85	60	0
34	55	0
53	58	0
34	79	0
58	71	0
5	49	0
81	68	0
66	59	0
87	47	0
18	68	0
61	87	0
54	23	0
94	29	0
52	32	0
99	12	0
10	87	0
32	36	0
34	63	0
84	60	0
27	56	0
82	68	0
16	96	0
17	82	0
97	91	0
46	28	0
9	71	0
78	99	0
43	62	0
87	59	0
19	95	0
92	27	0
29	5	0
35	78	0
35	71	0
34	13	0
13	42	0
5	24	0
83	66	0
95	12	0
57	10	0
81	30	0
93	30	0
34	10	0
33	52	0
96	36	0
10	56	0
51	92	0
7	54	0
26	83	0
69	51	0
54	98	0
78	57	0
71	82	0
39	35	0
75	59	0
38	59	0
83	62	0
12	69	0
50	31	0
29	79	0
82	39	0
71	31	0
82	69	0
96	99	0
86	80	0
53	69	0
67	37	0
46	74	0
44	20	0
34	11	0
30	76	0
2	38	0
59	5	0
59	88	0
76	85	0
81	6	0
17	44	0
55	77	0
16	98	0
61	3	0
60	43	0
54	22	0
38	22	0
16	37	1
46	16	0
83	5	0
43	94	0
68	30	0
31	93	0
93	13	0
31	51	0
46	62	0
67	28	0
84	87	0
63	72	0
41	66	0
52	95	0
76	69	0
85	43	0
15	75	0
80	86	0
85	97	0
25	30	1
15	56	0
96	44	0
30	73	0
99	88	0
59	99	0
41	6	0
69	66	0
88	59	0
61	82	0
74	57	0
94	68	0
70	37	0
16	54	0
3	66	0
64	76	0
76	39	0
54	53	0
49	3	0
33	16	0
96	75	0
12	52	0
30	51	0
58	33	0
38	17	0
54	28	0
19	89	0
3	57	0
16	81	0
72	53	0
80	22	0
90	36	0
85	3	0
55	88	0
10	49	0
52	28	0
60	53	0
45	82	0
93	12	0
25	35	1
62	55	0
45	87	0
17	91	0
37	61	0
31	85	0
36	22	0
77	78	0
44	36	0
45	80	0
58	41	0
12	39	0
60	60	0
66	13	0
23	84	0
89	41	0
27	40	0
31	48	0
24	19	0
1	61	0
80	68	0
76	64	0
39	53	0
85	52	0
79	70	0
73	32	0
66	15	0
81	75	0
79	19	0
6	60	0
78	84	0
27	29	0
65	31	0
12	60	0
0	87	0
33	93	0
37	55	0
97	29	0
4	48	0
60	90	0
6	89	0
90	59	0
55	50	0
83	28	0
14	6	0
45	32	0
70	2	0
12	82	0
50	52	0
95	62	0
80	38	0
9	7	0
12	44	0
63	16	0
6	69	0
83	1	0
48	70	0
37	26	0
87	88	0
12	18	0
31	93	0
96	56	0
30	13	0
90	98	0
49	57	0
63	61	0
43	38	0
97	27	0
91	89	0
2	65	0
9	72	0
6	52	0
21	80	0
15	98	0
70	25	0
39	53	0
8	87	0
45	16	0
71	12	0
40	57	0
64	57	0
50	22	0
36	69	0
34	27	0
88	23	0
5	43	0
78	62	0
87	6	0
58	43	0
28	21	0
46	7	0
13	95	0
52	67	0
42	63	0
34	13	0
12	98	0
0	91	0
67	46	0
98	34	0
35	28	0
26	64	0
87	95	0
47	29	0
64	71	0
65	88	0
7	83	0
76	33	0
53	57	0
13	43	0
90	73	0
54	62	0
93	14	0
77	11	0
86	23	0
65	92	0
46	64	0
43	52	0
68	12	0
45	9	0
63	95	0
68	64	0
19	53	0
72	39	0
52	92	0
86	32	0
88	56	0
34	75	0
50	53	0
23	32	0
86	27	0
32	54	0
82	6	0
97	95	0
73	59	0
58	83	0
75	36	0
70	82	0
11	93	0
37	5	0
11	85	0
16	59	0
60	71	0
73	82	0
66	9	0
96	98	0
88	13	0
96	86	0
62	7	0
81	31	0
78	50	0
51	41	0
18	86	0
59	94	0
66	80	0
28	47	0
7	31	0
21	88	0
13	63	0
47	8	0
38	45	0
18	68	0
43	42	0
4	40	0
99	53	0
45	21	0
16	61	0
32	84	0
67	77	0
92	60	0
6	67	0
65	45	0
20	63	0
74	42	0
56	34	0
2	49	0
23	48	0
85	55	0
70	55	0
91	53	0
2	67	0
60	53	0
4	83	0
5	16	0
91	74	0
15	60	0
33	4	0
40	21	0
13	97	0
17	82	0
86	40	0
65	69	0
75	60	0
75	84	0
39	67	0
54	44	0
6	73	0
42	67	0
35	46	0
63	58	0
78	20	0
