87	63	0
33	28	0
10	17	0
93	44	0
90	81	0
70	41	0
8	78	0
1	5	0
14	91	0
79	32	0
76	80	0
24	30	0
64	71	0
89	54	0
66	66	0
44	31	0
92	87	0
98	81	0
70	92	0
7	33	0
67	81	0
77	29	0
50	68	0
69	82	0
84	50	0
96	27	0
92	76	0
37	3	0
85	30	0
34	16	0
95	58	0
94	71	0
88	8	0
19	34	0
51	80	1
3	86	0
17	34	0
75	74	0
91	42	0
56	80	1
5	22	0
90	14	0
61	31	1
46	34	0
82	45	0
84	67	0
16	59	0
96	57	0
47	35	0
27	9	0
61	58	0
0	98	0
90	20	0
38	70	0
85	65	0
93	11	0
83	90	0
54	82	1
7	23	0
72	88	0
81	61	0
84	40	0
54	47	0
85	41	0
86	37	0
84	35	0
30	57	0
21	23	0
84	78	0
43	86	0
79	40	0
61	66	0
81	73	0
82	79	0
26	16	0
15	16	0
85	66	0
97	7	0
11	50	0
80	81	0
56	78	1
53	73	1
45	17	0
69	79	0
76	53	0
8	88	0
93	93	0
8	99	1
15	58	0
93	84	0
99	69	0
51	90	1
70	50	0
95	30	0
49	54	0
12	50	0
57	9	0
81	84	0
75	4	0
87	56	0
79	98	0
55	63	0
63	78	1
16	21	0
72	98	0
36	82	0
23	30	0
59	38	0
62	91	1
65	45	0
91	27	0
52	24	0
72	68	0
70	89	0
84	63	0
95	27	0
86	85	0
77	85	0
58	65	0
11	42	0
77	66	0
75	74	0
94	62	0
91	35	0
86	66	0
62	18	0
41	29	0
82	51	0
30	80	0
84	76	0
97	49	0
93	26	0
70	61	1
60	99	1
57	18	0
3	97	1
97	57	0
89	71	0
14	20	0
96	10	0
84	25	0
86	28	0
8	9	0
34	80	0
88	50	0
67	93	0
82	88	0
72	30	1
52	95	0
3	15	0
37	19	0
52	36	0
62	42	0
0	60	0
51	9	0
94	81	0
89	51	0
63	2	0
26	16	0
97	87	0
34	70	0
35	29	0
62	55	0
75	68	0
54	82	1
83	74	0
74	27	0
75	96	0
94	30	0
86	78	0
53	26	0
95	76	0
64	14	0
39	52	0
73	88	0
87	39	0
92	45	0
82	93	0
98	45	0
34	47	0
66	86	1
19	78	0
80	79	0
0	91	0
92	36	0
98	69	0
40	6	0
49	51	0
22	10	0
94	29	0
68	87	1
8	39	0
77	30	0
71	77	0
23	36	0
83	44	0
77	13	0
94	65	0
71	33	0
93	93	0
20	43	0
79	55	0
93	38	0
59	44	0
2	52	0
96	73	0
90	60	0
19	87	0
73	86	0
39	28	0
69	61	1
72	94	0
94	45	0
70	3	0
62	43	0
73	29	0
96	55	0
88	79	0
92	86	0
79	94	0
15	15	0
5	74	0
82	92	0
63	90	1
50	18	0
90	56	0
93	11	0
99	84	0
62	68	0
65	75	0
99	7	0
92	39	0
8	39	0
5	94	1
86	86	0
95	95	0
91	88	0
70	65	0
62	77	0
13	85	0
25	31	0
5	11	0
42	37	0
86	39	0
65	62	1
68	8	0
73	91	0
79	72	0
86	50	0
32	13	0
88	43	0
63	90	1
62	23	0
64	78	0
97	60	0
13	43	0
57	83	1
9	42	0
67	78	0
97	45	0
90	69	0
80	31	0
87	61	0
61	60	1
3	92	1
79	97	0
18	18	0
1	88	0
57	78	1
63	66	1
84	98	0
7	78	0
88	57	0
9	8	0
12	80	0
10	11	0
88	61	0
16	28	0
8	31	0
82	34	0
68	71	0
87	81	0
82	54	0
77	73	0
69	82	0
5	83	0
90	62	0
64	27	0
94	34	0
75	88	0
81	61	0
40	86	0
92	73	0
48	73	0
7	93	1
75	39	0
36	37	0
47	81	0
37	69	0
64	85	1
99	54	0
86	30	0
67	65	0
93	76	0
91	37	0
96	99	0
90	66	0
59	22	0
81	76	0
88	56	0
99	28	0
45	61	0
68	33	1
93	87	0
88	63	0
25	74	0
84	37	0
81	38	0
86	41	0
96	86	0
73	56	0
0	98	0
41	34	0
21	70	0
61	10	0
1	87	0
82	52	0
14	12	0
18	58	0
53	64	0
78	86	0
72	61	0
65	47	0
85	40	0
11	41	0
89	79	0
63	88	1
77	10	0
9	96	1
98	49	0
16	8	0
20	33	0
70	41	0
96	33	0
18	5	0
46	8	0
55	60	0
99	85	0
26	4	0
65	5	0
81	86	0
57	86	0
26	47	0
93	50	0
83	62	0
13	99	1
8	95	0
51	36	0
94	47	0
20	37	0
83	31	0
74	12	0
35	33	0
26	39	0
80	41	0
58	90	1
79	43	0
16	13	0
93	54	0
76	42	0
74	51	0
50	94	0
57	51	0
69	42	0
82	42	0
92	87	0
85	84	0
73	75	0
75	23	0
90	50	0
85	99	0
94	96	0
77	65	0
82	95	0
49	84	1
7	8	0
29	93	0
87	49	0
74	26	0
89	50	0
77	47	0
95	61	0
90	40	0
23	78	0
9	10	0
44	87	0
27	73	0
44	4	0
8	85	0
97	48	0
98	86	0
82	48	0
90	98	0
96	38	0
