90	65	0
32	26	0
61	99	0
14	5	0
88	38	0
84	96	0
47	79	0
71	48	0
0	84	0
0	1	0
17	99	0
92	50	0
67	75	0
33	39	0
74	82	0
97	50	0
48	96	0
41	81	1
63	76	0
39	17	0
80	69	0
87	95	0
81	85	0
5	32	0
71	16	1
67	67	0
23	93	1
83	32	0
71	95	0
49	66	0
72	78	0
95	52	0
99	21	0
92	80	0
34	6	0
45	92	0
74	40	0
28	17	0
99	81	0
79	80	0
97	13	0
95	16	0
20	39	0
60	85	0
6	90	0
90	2	0
66	93	0
8	29	0
84	83	0
93	31	0
23	87	1
53	94	0
82	12	1
31	88	1
15	12	0
94	10	0
75	38	0
43	80	0
76	24	0
51	51	0
80	32	0
8	94	0
46	82	0
89	65	0
65	93	0
4	68	0
50	92	0
92	52	0
66	18	1
43	35	0
33	6	0
74	61	0
7	89	0
96	31	0
45	63	0
83	53	0
95	1	0
77	97	0
75	83	0
12	25	0
64	81	0
83	65	0
80	41	0
17	97	0
63	41	0
88	51	0
95	35	0
96	35	0
15	56	0
7	14	0
97	57	0
52	94	0
41	73	0
57	91	0
74	34	0
71	70	0
76	78	0
84	69	0
23	22	0
14	8	0
87	58	0
93	4	0
24	98	1
15	42	0
75	68	0
63	83	0
58	80	0
42	11	0
48	85	0
62	76	0
78	54	0
21	96	0
89	82	0
3	79	0
20	54	0
79	87	0
89	74	0
51	69	0
62	41	0
81	37	0
31	93	1
49	73	0
21	48	0
49	79	0
42	23	0
92	87	0
33	98	1
84	2	0
77	32	0
70	87	0
63	80	0
63	66	0
22	28	0
20	71	0
59	88	0
78	70	0
46	94	0
57	87	0
76	17	1
40	93	0
29	32	0
77	67	0
62	44	0
67	73	0
72	31	0
7	85	0
61	55	0
93	38	0
62	34	0
50	21	0
88	23	0
67	73	0
73	97	0
85	71	0
93	20	0
99	33	0
96	65	0
26	84	1
67	70	0
58	89	0
73	21	0
11	81	0
91	9	0
15	43	0
34	87	1
30	91	1
80	76	0
73	80	0
90	47	0
89	59	0
47	82	0
94	66	0
51	4	0
47	28	0
81	48	0
28	73	0
58	77	0
82	73	0
80	8	0
95	50	0
96	39	0
71	59	0
68	89	0
59	7	0
5	92	0
3	88	0
94	61	0
74	61	0
75	13	0
95	76	0
24	17	0
31	95	1
45	96	0
85	1	0
83	7	0
98	32	0
84	31	0
74	31	0
9	8	0
26	87	0
43	85	0
87	45	0
70	99	0
97	80	0
67	37	0
68	85	0
78	14	1
10	3	0
34	4	0
36	23	0
81	34	0
76	20	0
7	45	0
27	20	0
92	82	0
95	73	0
81	20	1
98	9	0
64	1	0
77	18	1
36	10	0
96	89	0
25	82	0
1	97	0
34	34	0
70	43	0
72	68	0
64	79	0
88	85	0
68	33	0
77	77	0
95	30	0
83	64	0
62	46	0
99	71	0
64	15	0
96	8	0
27	45	0
69	90	0
99	41	0
93	38	0
73	92	0
86	37	0
66	17	0
48	51	0
62	91	0
74	85	0
21	82	0
88	81	0
2	93	0
96	4	0
89	15	0
57	82	0
14	99	0
86	39	0
90	67	0
26	2	0
48	95	0
54	74	0
2	23	0
87	36	0
99	6	0
76	91	0
14	23	0
77	29	0
74	79	0
10	32	0
45	80	0
80	46	0
27	96	1
86	7	0
78	13	1
91	64	0
10	77	1
64	15	0
89	94	0
40	97	0
62	59	1
7	35	0
63	87	0
60	52	0
92	46	0
70	43	0
68	55	0
3	51	0
89	69	0
27	97	1
85	66	0
6	95	0
78	91	0
33	22	0
75	61	0
67	99	0
55	91	0
98	55	0
66	9	0
3	70	1
68	41	0
30	97	0
87	24	0
99	50	0
73	31	0
82	69	0
46	95	0
57	99	0
29	96	1
91	89	0
71	84	0
15	0	0
4	89	0
82	85	0
59	98	0
67	28	0
82	65	0
98	3	0
89	11	0
92	84	0
62	87	0
87	16	0
85	14	1
69	88	0
36	98	1
85	12	0
99	4	0
76	30	0
5	49	0
13	93	0
21	97	0
85	89	0
86	96	0
83	91	0
85	73	0
75	80	0
11	88	0
29	15	0
2	0	0
39	40	0
89	18	0
84	37	0
68	61	0
60	9	0
88	80	0
74	82	0
86	49	0
74	66	0
28	8	0
99	41	0
71	92	0
50	39	0
24	93	1
76	89	0
98	66	0
22	69	0
45	66	0
61	73	0
48	94	0
8	46	0
79	69	0
99	46	0
95	73	0
35	77	1
60	83	0
89	18	0
83	7	0
14	78	0
34	91	1
96	68	0
69	75	0
2	92	0
9	78	0
78	95	0
27	19	0
2	81	0
68	80	0
62	68	0
81	86	0
0	86	0
80	48	0
17	2	0
55	90	0
12	89	0
1	15	0
93	61	0
83	13	1
78	22	0
15	16	0
19	48	0
69	31	0
61	79	0
65	59	1
88	78	0
84	45	0
75	80	0
78	85	0
1	64	0
80	57	0
63	30	0
96	43	0
87	90	0
82	76	0
44	79	0
99	78	0
89	9	0
54	73	0
2	95	0
69	32	0
66	18	1
75	20	1
78	27	0
27	30	0
54	87	0
56	56	1
32	78	0
62	92	0
91	57	0
90	33	0
78	65	0
92	94	0
90	51	0
85	99	0
33	83	1
73	70	0
75	40	0
46	85	0
93	80	0
80	71	0
96	28	0
49	80	0
80	22	0
54	38	0
89	81	0
91	53	0
18	83	0
31	96	1
81	31	0
74	31	0
94	41	0
84	11	0
96	83	0
81	13	1
78	38	0
11	84	0
19	98	0
50	32	0
27	65	0
49	83	0
64	4	0
11	94	0
71	47	0
14	12	0
17	61	0
71	72	0
75	65	0
78	67	0
81	49	0
74	67	0
92	51	0
6	40	0
93	88	0
65	59	1
48	92	0
2	72	1
85	18	0
45	97	0
20	89	0
91	51	0
66	31	0
20	16	0
30	34	0
79	52	0
98	31	0
20	10	0
44	5	0
53	70	0
99	86	0
16	7	0
48	80	0
60	24	0
83	78	0
68	64	0
64	88	0
9	50	0
99	46	0
87	64	0
0	84	0
0	93	0
51	31	0
89	18	0
8	23	0
93	36	0
77	11	0
42	30	0
11	99	0
63	84	0
28	27	0
29	96	1
59	56	1
75	45	0
62	86	0
21	97	0
71	42	0
4	5	0
85	54	0
80	35	0
82	33	0
69	24	0
57	91	0
36	97	0
80	32	0
58	98	0
70	61	0
82	48	0
62	93	0
90	41	0
92	98	0
85	84	0
54	85	0
89	12	0
73	78	0
69	24	0
91	50	0
89	98	0
80	12	1
92	95	0
91	20	0
79	68	0
6	91	0
84	96	0
76	82	0
5	20	0
15	97	0
85	27	0
17	93	0
53	85	0
83	34	0
78	50	0
22	96	0
83	50	0
93	49	0
77	39	0
82	27	0
1	91	0
15	12	0
60	82	0
17	57	0
30	8	0
1	89	0
96	40	0
83	81	0
89	52	0
87	76	0
70	44	0
5	74	1
80	25	0
99	39	0
