99	66	0
23	6	0
29	25	1
63	99	0
11	1	0
90	41	0
97	94	0
46	13	0
55	80	0
59	25	0
80	50	0
9	83	0
10	2	0
12	91	0
92	28	0
72	75	0
49	36	0
89	62	0
96	18	0
49	96	0
52	62	0
80	72	0
47	9	0
21	72	0
56	20	0
94	68	0
80	94	0
90	76	0
5	37	0
50	10	0
51	29	0
97	24	0
73	67	0
9	86	0
36	92	0
77	17	0
73	91	0
29	10	0
46	69	0
80	70	0
94	70	0
56	62	0
97	42	0
17	78	0
66	5	0
98	67	0
23	74	0
67	8	0
3	77	0
43	90	0
28	71	0
89	63	0
56	39	0
44	28	0
88	85	0
99	90	0
99	12	0
23	94	0
99	11	0
25	5	0
72	94	0
33	4	0
2	85	0
86	12	0
32	80	0
57	93	0
36	58	0
5	23	0
75	79	0
85	31	0
30	98	0
47	98	0
64	31	0
30	89	0
58	97	0
3	16	0
97	14	0
81	24	0
50	76	0
85	45	0
92	59	0
55	11	0
39	14	1
67	41	0
2	98	0
66	0	0
46	67	0
43	5	0
54	25	0
86	19	0
34	60	0
90	46	0
2	58	0
77	92	0
3	87	0
37	91	0
83	53	0
74	20	0
32	63	0
34	59	0
61	1	0
72	58	0
12	63	0
37	1	0
11	49	1
37	52	1
60	77	0
43	34	0
10	97	0
88	30	0
43	78	0
75	71	0
92	6	0
64	85	0
64	72	0
20	21	0
59	92	0
99	85	0
74	56	0
23	93	0
65	32	0
34	27	1
73	7	0
99	65	0
96	35	0
86	52	0
42	47	0
60	4	0
69	70	0
14	25	0
42	29	0
97	56	0
49	25	0
56	76	0
55	81	0
54	22	0
40	36	0
54	26	0
12	49	1
12	53	1
58	80	0
50	62	0
47	92	0
71	44	0
62	74	0
62	67	0
96	63	0
25	22	0
42	47	0
16	15	0
13	77	0
26	66	0
84	47	0
45	46	0
92	3	0
36	90	0
52	18	0
33	43	0
72	79	0
35	66	0
55	67	0
41	92	0
36	56	0
43	4	0
57	17	0
40	97	0
31	63	0
75	82	0
91	57	0
18	90	0
93	70	0
30	49	0
26	73	0
50	69	0
44	61	0
17	32	0
71	84	0
96	80	0
38	67	0
78	39	0
8	42	0
60	11	0
66	52	0
63	17	0
78	17	0
1	49	0
43	63	0
59	32	0
44	67	0
94	34	0
35	90	0
21	59	0
74	93	0
46	58	0
24	14	0
32	75	0
59	19	0
92	95	0
41	89	0
93	0	0
11	62	0
12	67	0
96	37	0
49	93	0
64	82	0
68	65	0
46	63	0
13	74	0
22	53	1
59	0	0
19	54	1
57	98	0
98	55	0
43	89	0
71	70	0
84	23	0
48	78	0
28	83	0
46	92	0
39	25	0
66	19	0
82	44	0
51	44	0
71	67	0
0	50	0
67	22	0
19	97	0
69	67	0
87	39	0
72	32	0
46	0	0
2	39	0
87	21	0
70	77	0
56	91	0
71	52	0
93	30	0
89	14	0
0	33	0
84	71	0
37	94	0
87	81	0
43	97	0
63	33	0
77	30	0
28	94	0
80	24	0
19	63	0
28	73	0
52	16	0
30	97	0
79	93	0
79	78	0
93	54	0
98	55	0
20	83	0
35	69	0
84	14	0
78	49	0
36	22	1
40	0	0
44	32	0
47	55	0
80	45	0
23	50	0
41	40	0
32	76	0
72	96	0
90	58	0
57	75	0
92	5	0
99	39	0
63	4	0
86	49	0
78	52	0
64	72	0
1	38	0
37	62	0
64	30	0
12	90	0
30	80	0
6	85	0
91	69	0
50	12	1
39	1	0
39	54	1
78	67	0
64	1	0
92	88	0
24	0	0
49	93	0
11	67	0
56	91	0
43	37	0
8	46	1
77	28	0
78	15	0
51	15	0
83	8	0
41	57	0
7	59	1
77	22	0
79	56	0
11	4	0
1	57	0
31	97	0
20	81	0
54	99	0
49	67	0
78	41	0
64	9	0
53	82	0
45	69	0
97	83	0
1	53	0
63	50	0
67	80	0
79	24	0
31	3	0
44	1	0
50	16	0
36	30	0
82	51	0
69	18	0
21	44	0
19	25	0
30	56	0
44	37	0
89	71	0
87	64	0
0	47	0
65	37	0
88	2	0
69	14	0
75	22	0
52	37	0
39	31	0
0	75	0
66	86	0
40	81	0
11	98	0
29	62	0
56	9	0
48	37	0
84	41	0
76	53	0
13	60	1
84	72	0
82	84	0
77	31	0
73	90	0
77	5	0
75	66	0
73	53	0
69	53	0
79	79	0
76	1	0
91	15	0
26	47	0
56	87	0
65	73	0
81	14	0
26	71	0
94	30	0
59	99	0
95	26	0
64	22	0
25	58	0
67	43	0
39	59	0
56	88	0
80	27	0
81	76	0
38	53	0
12	95	0
94	96	0
47	27	0
8	85	0
49	51	0
96	2	0
78	40	0
28	68	0
61	51	0
59	51	0
18	96	0
82	22	0
39	12	1
89	51	0
50	43	0
36	92	0
21	10	0
49	51	0
49	85	0
2	47	0
40	77	0
37	84	0
48	26	0
19	74	0
16	30	0
71	11	0
75	13	0
95	5	0
88	94	0
26	64	0
33	30	0
82	3	0
64	53	0
69	99	0
3	24	0
55	93	0
96	58	0
33	80	0
78	4	0
40	66	0
67	20	0
55	10	0
41	9	1
87	18	0
84	43	0
11	89	0
77	14	0
91	97	0
24	93	0
98	73	0
44	47	0
11	26	0
72	95	0
65	53	0
4	86	0
72	36	0
78	48	0
70	54	0
77	69	0
28	59	0
99	55	0
30	96	0
95	69	0
21	97	0
89	94	0
47	35	0
61	60	0
58	90	0
46	58	0
59	99	0
75	51	0
49	48	0
31	55	0
86	1	0
6	84	0
89	62	0
26	95	0
51	60	0
43	83	0
87	33	0
33	50	0
52	23	0
94	55	0
72	24	0
85	89	0
40	97	0
42	58	0
48	11	1
35	47	0
58	96	0
51	22	0
42	74	0
86	82	0
34	13	1
92	85	0
76	8	0
17	9	0
44	33	0
20	72	0
43	3	0
10	83	0
90	78	0
55	92	0
70	43	0
68	7	0
40	65	0
39	69	0
96	45	0
98	4	0
13	71	0
77	9	0
47	66	0
43	30	0
35	3	0
36	54	0
81	85	0
29	68	0
55	82	0
64	19	0
72	27	0
50	56	0
64	86	0
32	98	0
98	18	0
84	19	0
78	15	0
13	67	0
28	96	0
19	90	0
65	40	0
74	77	0
73	99	0
3	33	0
59	47	0
64	89	0
69	65	0
61	77	0
18	90	0
21	74	0
46	33	0
44	18	1
9	32	0
41	40	0
35	39	0
95	24	0
79	43	0
71	8	0
67	33	0
58	50	0
44	30	0
98	77	0
48	82	0
82	58	0
38	62	0
37	92	0
80	54	0
60	20	0
31	17	0
97	49	0
76	86	0
47	39	0
11	59	1
47	11	1
52	60	0
43	90	0
61	97	0
96	59	0
18	80	0
62	49	0
8	67	0
62	44	0
49	75	0
62	53	0
47	76	0
65	83	0
0	56	0
55	58	0
76	48	0
85	60	0
34	79	0
71	82	0
41	23	0
93	18	0
57	40	0
99	8	0
0	81	0
43	83	0
89	56	0
73	68	0
14	90	0
16	78	0
77	87	0
48	23	0
5	73	0
74	98	0
46	67	0
96	65	0
28	98	0
81	42	0
13	0	0
40	75	0
20	80	0
35	13	1
5	17	0
90	56	0
97	27	0
50	22	0
77	37	0
84	14	0
20	12	0
30	63	0
75	32	0
3	67	0
60	84	0
3	43	0
17	78	0
70	46	0
56	97	0
70	45	0
76	81	0
73	57	0
39	48	1
77	82	0
13	86	0
44	44	0
23	76	0
71	49	0
65	37	0
99	50	0
95	95	0
85	89	0
48	66	0
71	45	0
62	59	0
37	51	0
10	48	1
70	3	0
68	85	0
84	76	0
84	7	0
54	86	0
5	97	0
49	17	0
55	32	0
71	33	0
58	21	0
34	19	1
75	19	0
22	96	0
70	25	0
28	79	0
96	16	0
43	68	0
55	39	0
66	97	0
77	74	0
39	78	0
68	91	0
87	64	0
89	43	0
28	53	1
99	75	0
80	95	0
99	49	0
35	70	0
97	86	0
55	86	0
76	83	0
93	45	0
48	85	0
81	66	0
89	57	0
75	34	0
34	50	0
0	58	0
56	79	0
67	17	0
55	34	0
46	19	1
89	85	0
68	36	0
36	12	1
44	17	0
16	87	0
13	58	1
8	90	0
63	40	0
96	21	0
90	39	0
94	6	0
79	96	0
10	48	1
60	21	0
52	50	0
37	76	0
97	19	0
63	49	0
34	91	0
27	96	0
30	68	0
19	92	0
32	2	0
68	62	0
47	32	0
45	74	0
46	44	0
5	46	1
71	66	0
71	16	0
25	91	0
95	56	0
24	30	0
16	70	0
75	63	0
63	59	0
52	62	0
90	56	0
92	64	0
72	52	0
60	13	0
64	66	0
83	43	0
9	37	0
90	77	0
57	41	0
31	76	0
10	82	0
31	98	0
21	58	0
92	28	0
8	49	0
57	90	0
0	85	0
89	65	0
46	27	0
77	19	0
21	22	0
36	38	0
73	9	0
16	74	0
39	51	0
90	57	0
89	38	0
4	7	0
11	49	1
45	17	1
6	40	0
71	7	0
48	70	0
92	93	0
3	13	0
47	98	0
89	30	0
40	4	0
91	88	0
41	65	0
71	70	0
37	34	0
97	37	0
89	75	0
19	61	0
14	80	0
4	47	0
21	68	0
15	99	0
73	17	0
31	54	0
5	86	0
27	28	0
60	16	0
37	64	0
71	50	0
43	5	0
33	77	0
94	20	0
7	27	0
72	46	0
97	30	0
50	62	0
28	13	0
44	0	0
20	94	0
47	74	0
25	61	0
21	18	0
20	88	0
27	81	0
66	53	0
88	42	0
38	71	0
80	99	0
52	32	0
65	70	0
47	89	0
2	85	0
83	43	0
43	60	0
8	19	0
95	62	0
53	51	0
94	17	0
79	16	0
81	32	0
61	98	0
46	44	0
54	36	0
60	29	0
41	0	0
41	90	0
53	70	0
89	28	0
60	97	0
85	42	0
80	54	0
37	72	0
24	67	0
79	32	0
55	38	0
74	0	0
99	98	0
75	78	0
44	76	0
72	40	0
80	88	0
13	82	0
59	29	0
16	94	0
3	62	0
43	59	0
77	71	0
65	13	0
94	95	0
84	8	0
97	93	0
64	12	0
72	19	0
76	58	0
64	32	0
20	83	0
48	86	0
64	84	0
5	33	0
14	79	0
14	70	0
38	9	0
33	38	0
3	43	0
76	42	0
48	24	0
11	62	0
18	86	0
65	93	0
90	42	0
2	76	0
63	43	0
32	82	0
75	67	0
71	42	0
8	50	1
27	56	0
82	37	0
72	50	0
75	57	0
17	62	0
60	46	0
3	90	0
6	4	0
86	67	0
17	66	0
23	0	0
3	92	0
23	78	0
99	40	0
73	80	0
85	68	0
83	87	0
48	63	0
63	31	0
0	73	0
47	64	0
34	58	0
62	47	0
92	22	0
