98	66	0
50	17	0
41	20	0
42	88	0
2	44	0
88	29	0
94	77	0
7	3	0
43	13	0
70	93	0
43	35	0
79	43	0
4	86	0
23	3	0
16	61	0
96	4	0
91	80	0
69	28	0
30	62	0
97	65	0
95	1	0
41	71	0
77	80	0
82	81	0
73	0	0
26	90	0
57	11	0
80	78	0
70	90	0
93	54	0
3	38	0
26	30	0
44	24	0
82	19	0
36	47	0
92	75	0
9	95	0
71	72	0
87	13	0
83	96	0
42	12	0
26	56	0
68	52	0
99	56	0
57	82	0
96	51	0
17	98	0
36	43	0
60	17	0
88	40	0
22	62	0
60	11	0
35	87	0
53	87	0
25	68	0
98	69	0
52	19	0
37	56	0
87	69	0
97	97	0
81	14	0
23	94	0
88	4	0
52	14	0
90	68	0
41	35	0
14	84	0
87	7	0
34	82	0
87	76	0
57	50	0
19	30	0
91	77	0
25	38	0
24	51	0
90	39	0
19	19	0
15	36	0
38	83	0
64	94	0
72	28	0
39	97	0
66	99	0
3	10	0
16	28	0
93	13	0
96	17	0
42	59	0
81	40	0
20	29	0
74	50	0
43	52	0
33	10	0
33	3	0
70	49	0
26	81	0
58	4	0
48	82	0
38	3	0
37	30	0
87	43	0
49	65	0
61	51	0
20	74	0
66	77	0
8	77	0
50	81	0
85	48	0
67	12	0
52	78	0
6	49	0
61	10	0
53	72	0
10	72	0
45	1	0
23	57	0
18	35	0
92	82	0
45	35	0
1	4	0
32	97	0
86	3	0
67	63	0
22	37	0
78	82	0
95	17	0
65	67	0
59	90	0
35	19	0
61	98	0
24	19	0
68	81	0
63	50	0
32	96	0
81	28	0
38	37	0
18	28	0
76	1	0
9	10	1
3	76	0
15	13	1
98	71	0
87	9	0
85	39	0
45	60	0
64	7	0
77	97	0
5	5	0
37	13	0
13	11	1
84	79	0
36	34	0
92	70	0
83	84	0
57	27	0
50	36	0
72	53	0
4	50	0
26	80	0
12	57	0
83	81	0
53	62	0
37	98	0
85	48	0
71	73	0
58	82	0
19	42	0
92	82	0
4	46	0
32	37	0
23	21	0
25	73	0
33	77	0
98	27	0
47	33	0
74	10	0
42	79	0
70	23	0
58	29	0
77	76	0
19	47	0
65	60	0
30	98	0
33	63	0
35	3	0
69	17	0
25	94	0
11	85	0
71	82	0
86	51	0
22	87	0
27	34	0
81	73	0
27	50	0
36	76	0
36	97	0
50	39	0
35	4	0
16	42	0
79	92	0
93	89	0
58	92	0
72	17	0
4	61	0
61	2	0
61	17	0
63	23	0
85	22	0
27	58	0
7	72	0
53	62	0
67	36	0
32	74	0
88	21	0
61	87	0
30	67	0
27	16	0
82	75	0
36	72	0
43	4	0
1	88	0
85	19	0
99	74	0
80	91	0
84	22	0
3	81	0
19	83	0
99	50	0
57	73	0
36	47	0
42	76	0
59	69	0
55	52	0
10	81	0
36	65	0
64	13	0
7	60	0
64	99	0
68	40	0
32	86	0
93	61	0
42	9	0
41	60	0
4	76	0
39	88	0
58	31	0
71	18	0
13	38	0
90	60	0
67	49	0
81	49	0
13	88	0
61	11	0
19	81	0
62	72	0
59	54	0
67	62	0
54	1	0
26	10	0
8	62	0
79	47	0
51	10	0
64	58	0
48	80	0
58	52	0
91	31	0
97	15	0
9	66	0
85	66	0
21	93	0
15	18	1
92	55	0
37	95	0
56	36	0
45	0	0
11	99	0
78	34	0
40	58	0
37	75	0
50	3	0
21	87	0
79	79	0
83	87	0
56	31	0
91	72	0
13	88	0
37	46	0
64	6	0
61	20	0
30	29	0
50	0	0
60	11	0
52	43	0
65	34	0
26	51	0
23	48	0
55	52	0
67	73	0
82	77	0
51	93	0
75	11	0
97	56	0
74	6	0
12	54	0
26	9	0
91	37	0
53	29	0
75	78	0
9	42	0
53	64	0
62	26	0
28	96	0
30	90	0
37	73	0
89	51	0
46	29	0
48	1	0
24	47	0
89	55	0
70	11	0
70	94	0
18	3	0
69	94	0
10	76	0
44	85	0
35	31	0
2	55	0
11	11	1
82	8	0
21	33	0
77	15	0
40	10	0
7	2	0
84	15	0
28	57	0
17	40	0
89	29	0
95	53	0
10	30	0
24	34	0
6	57	0
39	91	0
11	73	0
2	6	0
42	96	0
52	62	0
42	24	0
10	15	1
54	30	0
44	82	0
38	68	0
94	95	0
35	27	0
17	51	0
36	42	0
57	68	0
75	99	0
46	9	0
75	2	0
31	8	0
42	7	0
54	4	0
21	53	0
78	60	0
64	2	0
26	44	0
59	4	0
53	54	0
53	52	0
31	58	0
76	77	0
67	55	0
14	73	0
54	36	0
26	15	0
99	7	0
45	2	0
62	21	0
56	30	0
18	41	0
12	75	0
63	77	0
11	80	0
37	95	0
23	87	0
42	21	0
33	37	0
83	66	0
54	43	0
5	72	0
72	79	0
63	83	0
27	30	0
71	18	0
70	92	0
66	8	0
99	64	0
77	42	0
37	18	0
36	43	0
36	40	0
89	80	0
17	25	0
72	22	0
87	4	0
14	54	0
32	91	0
73	76	0
79	3	0
1	70	0
93	39	0
54	93	0
11	11	1
68	0	0
60	54	0
38	55	0
62	51	0
29	36	0
50	37	0
78	78	0
65	51	0
39	34	0
71	67	0
24	48	0
28	86	0
81	89	0
44	16	0
0	77	0
72	20	0
84	20	0
72	45	0
16	63	0
60	22	0
21	31	0
55	40	0
11	96	0
65	45	0
59	18	0
88	48	0
46	23	0
32	76	0
45	1	0
82	38	0
5	0	0
62	96	0
2	93	0
34	34	0
53	77	0
53	27	0
15	97	0
15	48	0
12	37	0
58	16	0
98	34	0
76	23	0
92	97	0
33	59	0
19	18	1
39	16	0
34	25	0
86	14	0
52	62	0
79	79	0
27	29	0
67	96	0
77	65	0
38	76	0
75	2	0
67	43	0
82	14	0
67	25	0
41	23	0
34	35	0
99	1	0
60	25	0
6	72	0
94	15	0
98	89	0
8	90	0
86	66	0
44	44	0
34	5	0
91	83	0
83	55	0
26	96	0
65	24	0
75	38	0
91	65	0
82	70	0
33	76	0
76	78	0
30	93	0
94	75	0
34	45	0
27	88	0
99	89	0
30	31	0
30	41	0
73	70	0
61	96	0
52	74	0
13	11	1
51	82	0
65	63	0
36	56	0
35	70	0
87	20	0
13	90	0
89	48	0
24	78	0
40	56	0
44	84	0
85	30	0
29	34	0
19	50	0
4	19	1
63	41	0
99	69	0
60	23	0
78	91	0
65	94	0
32	37	0
57	16	0
30	46	0
17	76	0
38	31	0
57	69	0
67	91	0
29	22	0
73	84	0
52	34	0
35	9	0
63	34	0
25	77	0
46	11	0
9	58	0
97	84	0
59	99	0
48	47	0
80	11	0
42	65	0
47	50	0
92	57	0
92	2	0
3	70	0
76	2	0
81	78	0
70	28	0
36	0	0
34	71	0
77	74	0
35	82	0
54	81	0
83	17	0
10	73	0
59	11	0
52	72	0
64	97	0
28	91	0
93	9	0
89	20	0
68	7	0
36	88	0
10	90	0
5	90	0
74	54	0
76	60	0
75	65	0
13	40	0
87	51	0
66	53	0
15	18	1
84	74	0
67	59	0
18	45	0
16	72	0
37	30	0
43	35	0
2	54	0
58	60	0
46	42	0
93	40	0
79	32	0
78	0	0
78	31	0
47	87	0
23	16	0
17	54	0
68	39	0
99	85	0
69	75	0
96	74	0
24	42	0
57	66	0
63	54	0
24	62	0
80	39	0
12	28	1
24	63	0
45	27	0
88	60	0
74	96	0
50	52	0
22	65	0
34	4	0
78	68	0
23	77	0
46	26	0
82	80	0
88	76	0
17	86	0
46	56	0
17	77	0
83	73	0
40	58	0
53	59	0
38	81	0
64	67	0
32	32	0
16	63	0
92	78	0
78	54	0
96	61	0
36	84	0
56	74	0
65	31	0
18	23	0
86	26	0
36	34	0
94	2	0
19	88	0
28	30	0
0	20	1
32	91	0
81	64	0
20	41	0
93	62	0
16	95	0
14	71	0
29	2	0
97	88	0
24	32	0
1	84	0
73	91	0
37	62	0
80	71	0
24	81	0
95	22	0
24	20	0
38	86	0
25	71	0
33	14	0
24	38	0
13	31	0
98	69	0
89	9	0
54	11	0
70	8	0
88	43	0
28	7	0
42	35	0
98	37	0
9	59	0
45	91	0
4	47	0
20	82	0
72	56	0
46	95	0
66	49	0
75	81	0
38	29	0
84	70	0
33	66	0
86	47	0
11	80	0
61	38	0
31	71	0
74	30	0
56	41	0
91	87	0
85	93	0
86	90	0
24	87	0
22	40	0
52	52	0
47	64	0
41	29	0
23	10	0
42	67	0
8	44	0
67	0	0
72	86	0
89	54	0
99	14	0
12	48	0
3	1	0
81	99	0
5	87	0
54	16	0
55	41	0
73	11	0
16	0	0
44	12	0
16	37	0
0	29	1
49	17	0
56	8	0
37	81	0
54	20	0
36	93	0
73	1	0
28	43	0
46	62	0
65	17	0
91	65	0
65	75	0
44	66	0
53	99	0
80	87	0
4	14	0
91	57	0
14	62	0
80	71	0
52	86	0
18	35	0
16	62	0
96	49	0
31	85	0
93	95	0
62	86	0
45	12	0
44	55	0
75	58	0
46	92	0
78	52	0
95	73	0
79	23	0
21	66	0
5	65	0
73	93	0
72	41	0
57	65	0
59	7	0
28	18	0
70	73	0
27	40	0
13	65	0
34	46	0
51	45	0
27	14	0
61	30	0
5	88	0
23	38	0
11	63	0
0	65	0
80	59	0
28	25	0
60	12	0
95	22	0
81	0	0
54	68	0
0	63	0
63	27	0
39	37	0
12	13	1
20	20	1
73	69	0
75	17	0
43	41	0
48	69	0
52	86	0
17	95	0
22	63	0
45	90	0
26	39	0
75	86	0
49	38	0
29	82	0
13	16	1
51	26	0
10	47	0
55	54	0
67	18	0
28	75	0
85	54	0
53	46	0
53	48	0
46	19	0
1	70	0
71	63	0
70	51	0
43	36	0
77	59	0
79	75	0
75	41	0
65	15	0
87	75	0
87	20	0
6	76	0
70	75	0
25	8	0
52	32	0
8	1	0
10	54	0
10	83	0
29	91	0
30	53	0
92	31	0
12	50	0
54	96	0
15	83	0
96	68	0
53	70	0
86	40	0
18	0	0
60	22	0
48	10	0
12	4	0
22	87	0
50	62	0
81	75	0
67	48	0
15	5	0
23	34	0
59	10	0
1	76	0
72	4	0
41	74	0
58	27	0
70	96	0
8	38	0
7	93	0
91	59	0
26	22	0
84	75	0
63	57	0
70	40	0
45	29	0
93	30	0
88	66	0
17	63	0
6	90	0
24	52	0
0	90	0
6	95	0
92	29	0
30	51	0
0	98	0
50	10	0
66	0	0
39	46	0
26	20	0
74	44	0
37	21	0
22	82	0
26	35	0
62	10	0
4	41	0
91	50	0
87	5	0
58	50	0
34	2	0
45	24	0
10	96	0
57	80	0
33	62	0
12	10	0
36	16	0
3	82	0
2	77	0
63	54	0
87	47	0
46	35	0
26	77	0
26	34	0
91	88	0
68	27	0
41	82	0
63	95	0
22	18	0
4	88	0
66	16	0
59	70	0
37	38	0
96	69	0
31	69	0
96	22	0
83	19	0
98	20	0
85	86	0
45	55	0
21	85	0
83	12	0
34	3	0
70	82	0
69	69	0
17	42	0
69	42	0
65	82	0
82	17	0
93	43	0
14	67	0
54	46	0
29	24	0
92	23	0
53	48	0
68	14	0
91	90	0
83	72	0
52	70	0
76	33	0
61	68	0
7	93	0
35	4	0
7	96	0
16	77	0
63	66	0
76	96	0
86	11	0
96	91	0
78	2	0
14	8	0
88	71	0
67	11	0
99	34	0
74	56	0
53	43	0
19	64	0
59	93	0
53	72	0
7	44	0
9	42	0
39	93	0
1	73	0
50	8	0
39	51	0
9	66	0
44	34	0
12	21	1
0	41	0
99	47	0
56	27	0
1	43	0
25	89	0
74	63	0
2	4	0
87	78	0
20	80	0
62	43	0
40	55	0
90	47	0
60	43	0
0	10	0
8	11	1
5	54	0
24	61	0
88	75	0
61	46	0
96	69	0
8	55	0
70	58	0
20	73	0
0	9	0
74	74	0
1	16	1
30	68	0
44	6	0
30	24	0
9	74	0
35	90	0
2	2	0
78	38	0
64	64	0
79	65	0
78	79	0
44	87	0
28	21	0
2	68	0
9	12	0
41	65	0
41	49	0
55	48	0
82	13	0
