90	63	0
51	12	0
41	17	0
51	99	0
8	24	0
96	31	0
98	82	0
10	9	1
46	12	0
73	86	0
43	40	0
83	39	0
3	85	0
20	12	0
19	63	0
98	13	0
94	81	0
64	24	0
30	49	0
96	68	0
92	8	0
43	78	0
71	85	0
73	99	0
71	0	0
41	96	0
52	1	0
79	77	0
70	92	0
94	59	0
5	39	0
36	38	0
42	27	0
85	28	0
41	46	0
88	67	0
12	88	0
60	82	0
95	28	0
76	93	0
50	3	0
21	48	0
78	54	0
98	58	0
61	72	0
98	42	0
10	86	0
32	46	0
55	13	0
91	48	0
19	66	0
57	16	0
28	91	0
51	89	0
32	61	0
96	68	0
38	31	0
38	47	0
79	74	0
99	92	0
84	14	0
10	93	0
91	10	0
49	2	0
79	76	0
43	20	0
20	84	0
76	13	0
36	76	0
85	82	0
64	61	0
16	29	0
79	88	0
28	43	0
13	47	0
91	41	0
9	41	0
35	76	0
52	85	0
74	26	0
45	99	0
65	97	0
2	5	0
12	13	0
93	18	0
96	14	0
36	53	0
82	45	0
23	29	0
82	57	0
35	47	0
33	10	0
38	2	0
66	41	0
17	89	0
66	9	0
48	77	0
43	11	0
41	25	0
90	38	0
37	72	0
73	49	0
17	68	0
70	89	0
2	78	0
46	81	0
84	49	0
61	5	0
44	68	0
12	63	0
56	5	0
63	57	0
14	63	0
41	6	0
42	62	0
25	37	0
91	78	0
52	41	0
2	3	0
27	99	0
80	3	0
67	66	0
12	33	0
84	80	0
94	11	0
66	66	0
53	78	0
31	16	0
57	96	0
79	77	0
75	52	0
36	98	0
68	30	0
35	21	0
22	33	0
80	4	0
4	71	0
96	70	0
99	12	0
89	30	0
44	55	0
58	18	0
88	86	0
7	11	0
39	15	0
87	80	0
36	44	0
89	75	0
78	84	0
55	19	0
47	30	0
52	60	0
10	48	0
28	78	0
20	58	0
79	72	0
44	57	0
48	96	0
79	56	0
76	75	0
52	79	0
19	42	0
88	76	0
0	34	0
42	43	0
21	17	0
17	77	0
40	71	0
96	29	0
30	35	0
78	14	0
38	77	0
62	27	0
52	36	0
79	81	0
24	53	0
69	76	0
39	90	0
35	59	0
35	13	0
63	12	0
34	85	0
14	72	0
73	86	0
87	58	0
15	93	0
24	32	0
99	66	0
27	58	0
25	83	0
46	95	0
50	49	0
35	8	0
18	39	0
70	87	0
83	96	0
62	87	0
74	21	0
6	73	0
59	0	0
76	12	0
66	23	0
79	20	0
25	61	0
2	69	0
54	59	0
78	33	0
28	77	0
93	27	0
49	91	0
31	67	0
29	12	0
76	75	0
31	64	0
41	12	0
7	96	0
70	15	0
99	86	0
86	94	0
88	20	0
3	83	0
15	72	0
96	44	0
49	77	0
34	47	0
55	73	0
58	75	0
45	58	0
8	78	0
27	60	0
68	11	0
2	67	0
75	99	0
77	46	0
41	88	0
89	61	0
44	16	0
41	61	0
23	80	0
39	92	0
56	36	0
66	31	0
20	30	0
99	67	0
75	49	0
85	56	0
4	81	0
63	18	0
15	88	0
69	66	0
54	43	0
58	49	0
57	16	0
5	53	0
82	45	0
52	7	0
79	59	0
50	85	0
68	44	0
96	37	0
97	3	0
3	60	0
85	71	0
18	98	0
98	66	0
47	89	0
61	30	0
45	0	0
22	93	0
68	33	0
38	57	0
48	78	0
44	10	0
24	96	0
67	93	0
88	81	0
70	28	0
89	68	0
2	89	0
49	38	0
54	2	0
70	21	0
35	14	0
34	2	0
57	10	0
54	49	0
69	35	0
34	57	0
27	50	0
51	62	0
71	78	0
86	81	0
59	84	0
89	14	0
89	56	0
77	7	0
17	53	0
25	4	0
86	38	0
59	19	0
74	73	0
6	41	0
49	69	0
53	26	0
26	96	0
35	90	0
24	70	0
97	68	0
36	31	0
39	4	0
26	58	0
87	54	0
77	26	0
72	86	0
24	11	0
66	91	0
8	74	0
48	88	0
37	36	0
2	57	0
74	5	0
27	32	0
90	16	0
40	13	0
10	2	1
84	7	0
33	49	0
17	45	0
84	26	0
95	59	0
5	29	0
34	26	0
1	62	0
31	89	0
13	87	0
2	7	0
37	91	0
48	68	0
51	37	0
62	25	0
44	89	0
35	70	0
89	94	0
45	29	0
19	45	0
28	38	0
59	70	0
79	94	0
51	19	0
86	4	0
32	0	0
56	7	0
59	13	0
21	42	0
83	54	0
68	5	0
17	38	0
51	9	0
55	53	0
49	52	0
24	65	0
84	86	0
74	52	0
18	50	0
52	32	0
19	8	1
97	5	0
51	8	0
60	20	0
57	44	0
31	35	0
4	72	0
67	76	0
18	81	0
31	92	0
24	92	0
49	26	0
41	39	0
96	53	0
68	45	0
8	80	0
80	80	0
58	90	0
18	32	0
76	17	0
55	95	0
73	1	0
88	60	0
87	48	0
38	19	0
43	43	0
34	49	0
88	77	0
7	10	0
76	22	0
90	6	0
15	44	0
28	97	0
69	75	0
83	1	0
0	61	0
96	31	0
45	99	0
74	8	0
64	50	0
45	50	0
45	43	0
34	38	0
49	35	0
74	83	0
76	52	0
37	31	0
77	70	0
21	54	0
15	91	0
85	89	0
41	31	0
2	77	0
67	18	0
90	14	0
75	43	0
15	61	0
65	39	0
31	37	0
53	42	0
6	96	0
69	27	0
55	15	0
84	55	0
43	25	0
31	83	0
24	5	0
82	51	0
9	1	1
72	98	0
5	81	0
35	56	0
51	79	0
57	31	0
18	98	0
19	43	0
28	39	0
59	15	0
95	25	0
82	21	0
84	91	0
20	62	0
34	19	0
33	29	0
77	21	0
54	61	0
76	95	0
18	37	0
72	99	0
89	70	0
34	74	0
74	9	0
73	40	0
81	16	0
70	11	0
42	19	0
43	37	0
96	1	0
79	29	0
0	65	0
90	17	0
94	97	0
7	94	0
89	55	0
52	49	0
24	12	0
94	85	0
70	54	0
20	96	0
68	33	0
80	47	0
86	55	0
83	65	0
30	70	0
82	75	0
40	96	0
80	71	0
31	36	0
27	95	0
97	82	0
32	32	0
28	42	0
68	75	0
61	92	0
48	58	0
56	98	0
57	54	0
36	62	0
33	69	0
80	23	0
20	93	0
83	54	0
25	89	0
40	64	0
42	72	0
84	28	0
27	28	0
22	53	0
55	32	0
93	68	0
67	14	0
89	98	0
72	96	0
37	50	0
63	5	0
30	42	0
36	86	0
44	31	0
56	67	0
66	78	0
33	21	0
81	95	0
45	25	0
31	15	0
68	36	0
32	79	0
41	17	0
8	62	0
88	79	0
55	94	0
53	42	0
85	12	0
46	75	0
41	51	0
95	59	0
84	0	0
5	73	0
72	5	0
70	77	0
72	30	0
34	10	0
30	70	0
82	85	0
30	75	0
56	83	0
72	21	0
11	69	0
68	16	0
46	62	0
63	98	0
31	96	0
87	10	0
90	19	0
63	15	0
43	90	0
9	88	0
5	89	0
71	45	0
68	65	0
79	70	0
17	48	0
81	41	0
72	65	0
88	73	0
61	63	0
18	58	0
24	67	0
34	25	0
43	32	0
3	47	0
51	63	0
41	44	0
91	32	0
78	37	0
67	6	0
78	36	0
57	74	0
17	53	0
58	31	0
89	76	0
63	83	0
95	75	0
19	53	0
53	71	0
64	48	0
28	51	0
89	31	0
20	56	0
37	24	0
87	47	0
78	97	0
60	54	0
20	67	0
43	5	0
59	74	0
31	86	0
44	26	0
78	79	0
97	71	0
15	99	0
52	74	0
10	72	0
74	60	0
34	52	0
48	63	0
37	76	0
64	73	0
24	28	0
15	62	0
91	83	0
81	54	0
96	56	0
26	63	0
55	83	0
62	27	0
90	30	0
41	42	0
96	12	0
14	88	0
28	32	0
30	82	0
87	58	0
19	41	0
94	65	0
16	97	0
9	72	0
23	8	0
91	88	0
38	28	0
5	75	0
80	91	0
44	62	0
84	69	0
28	91	0
99	33	0
28	13	0
36	83	0
30	72	0
37	19	0
23	41	0
2	16	0
87	69	0
92	11	0
55	11	0
74	11	0
96	43	0
28	8	0
36	44	0
97	39	0
9	55	0
53	83	0
1	48	0
18	76	0
76	55	0
45	95	0
73	53	0
76	82	0
35	32	0
74	62	0
38	57	0
85	43	0
13	74	0
55	37	0
36	68	0
72	30	0
56	35	0
99	80	0
98	98	0
87	80	0
24	77	0
16	31	0
57	52	0
48	76	0
31	14	0
20	1	0
36	72	0
8	41	0
62	2	0
68	85	0
81	65	0
92	18	0
13	44	0
8	2	1
73	91	0
5	97	0
52	7	0
60	50	0
68	14	0
9	5	1
39	20	0
23	37	0
43	18	0
70	2	0
44	86	0
57	28	0
31	89	0
75	10	0
31	44	0
49	70	0
72	21	0
92	74	0
61	75	0
36	71	0
49	84	0
77	89	0
88	56	0
16	71	0
79	74	0
61	96	0
16	36	0
20	51	0
95	35	0
33	92	0
98	89	0
69	82	0
47	0	0
54	46	0
88	55	0
59	84	0
83	49	0
94	75	0
79	31	0
11	65	0
3	56	0
70	83	0
78	38	0
51	63	0
58	10	0
29	13	0
76	74	0
28	31	0
11	64	0
44	50	0
57	39	0
36	12	0
52	28	0
16	82	0
20	39	0
8	60	0
11	73	0
72	50	0
18	21	0
60	11	0
97	22	0
79	0	0
54	75	0
9	61	0
61	29	0
45	31	0
64	81	0
86	11	0
39	49	0
51	62	0
49	81	0
20	95	0
31	64	0
42	84	0
27	31	0
79	81	0
49	47	0
36	83	0
60	32	0
9	49	0
61	61	0
60	22	0
33	71	0
80	41	0
53	46	0
49	44	0
37	16	0
5	62	0
73	64	0
72	60	0
44	38	0
83	62	0
85	67	0
76	27	0
65	5	0
95	80	0
83	11	0
7	68	0
71	78	0
31	18	0
64	41	0
12	2	1
15	64	0
13	89	0
36	86	0
27	54	0
95	26	0
22	53	0
54	99	0
17	78	0
96	73	0
53	62	0
85	41	0
20	4	0
52	20	0
55	7	0
7	7	1
14	79	0
60	61	0
82	64	0
69	51	0
17	0	0
28	42	0
70	9	0
3	80	0
76	3	0
45	69	0
50	23	0
76	99	0
9	35	0
13	93	0
99	58	0
31	15	0
98	75	0
62	65	0
71	47	0
51	28	0
93	26	0
89	75	0
15	68	0
2	80	0
23	57	0
8	92	0
1	81	0
82	25	0
37	48	0
0	96	0
50	13	0
61	4	0
39	47	0
19	30	1
69	41	0
45	19	0
26	70	0
31	30	0
80	13	0
15	40	0
83	52	0
89	5	0
64	56	0
25	12	0
49	16	0
11	98	0
58	79	0
33	73	0
38	18	0
4	83	0
0	91	0
63	53	0
92	39	0
39	29	0
32	77	0
23	23	1
99	90	0
53	30	0
53	72	0
62	95	0
3	86	0
67	27	0
59	62	0
24	32	0
97	70	0
45	68	0
97	23	0
70	16	0
90	22	0
81	83	0
46	60	0
33	87	0
84	14	0
25	5	0
61	92	0
72	70	0
19	49	0
69	40	0
74	86	0
89	11	0
96	54	0
27	73	0
58	49	0
21	25	0
90	19	0
35	48	0
60	3	0
95	96	0
84	73	0
48	70	0
76	31	0
78	74	0
4	89	0
47	6	0
9	89	0
7	70	0
67	70	0
70	99	0
81	7	0
94	94	0
82	7	0
77	74	0
62	4	0
86	36	0
79	49	0
52	30	0
11	72	0
54	87	0
60	80	0
17	49	0
1	40	0
37	98	0
10	67	0
44	0	0
35	54	0
11	60	0
42	27	0
1	41	0
98	51	0
53	17	0
5	45	0
27	85	0
74	67	0
0	0	0
92	69	0
18	71	0
59	45	0
33	57	0
92	44	0
55	40	0
0	12	0
1	50	0
18	59	0
94	69	0
67	47	0
97	59	0
2	52	0
65	60	0
9	72	0
1	18	0
85	57	0
24	64	0
43	13	0
36	30	0
7	82	0
36	90	0
2	4	0
81	41	0
74	58	0
79	61	0
72	83	0
40	86	0
48	20	0
0	71	0
46	69	0
43	49	0
58	54	0
83	10	0
