94	70	0
46	22	0
42	23	0
41	98	0
8	12	0
88	34	0
91	81	0
41	19	0
70	78	0
36	26	0
95	38	0
1	80	0
18	6	0
22	60	0
98	24	0
87	73	0
65	33	0
27	49	0
98	61	0
90	9	0
44	91	0
66	66	0
79	89	0
65	1	0
40	88	0
59	5	0
84	78	0
67	85	0
93	69	0
6	26	0
49	37	0
41	21	0
83	37	0
44	46	0
91	65	0
11	93	0
51	95	0
98	21	0
75	92	0
46	3	0
19	60	0
83	53	0
82	63	0
53	68	0
94	52	0
10	86	0
17	41	0
64	8	0
85	66	0
17	66	0
63	8	0
18	80	0
54	90	0
33	74	0
95	60	0
47	31	0
36	28	0
84	73	0
99	89	0
85	19	0
6	99	0
92	13	0
47	1	0
76	72	0
44	8	0
11	88	0
83	6	0
47	72	0
78	95	0
49	69	0
1	28	0
72	88	0
25	48	0
12	61	0
85	34	0
10	39	0
37	83	0
44	96	0
58	15	0
36	91	0
59	96	0
4	0	1
10	19	0
99	13	0
96	30	0
39	54	0
80	37	0
20	26	0
81	52	0
29	39	0
42	13	0
38	11	0
73	34	0
17	89	0
68	11	0
59	82	0
46	6	0
55	28	0
89	48	0
35	68	0
79	51	0
13	56	0
73	91	0
5	73	0
33	95	0
91	48	0
58	8	0
47	69	0
26	58	0
59	1	0
64	50	0
9	60	0
39	4	0
32	52	0
41	38	0
84	93	0
56	46	0
19	98	0
81	4	0
64	63	0
77	84	0
96	8	0
61	69	0
49	75	0
32	10	0
54	94	0
91	72	0
80	60	0
38	93	0
64	31	0
37	20	0
16	43	0
81	11	0
7	70	0
91	69	0
96	26	0
88	37	0
32	54	0
56	17	0
83	79	0
12	14	0
36	15	0
77	57	0
40	37	0
74	82	0
77	97	0
50	15	0
44	32	0
54	53	0
10	44	0
25	57	0
12	55	0
76	76	0
41	55	0
41	94	0
82	48	0
71	68	0
47	87	0
23	37	0
92	62	0
2	26	0
47	44	0
22	13	0
30	76	0
37	80	0
91	33	0
36	29	0
80	17	0
43	79	0
57	31	0
56	43	0
79	79	0
30	58	0
55	79	0
36	90	0
40	51	0
39	16	0
59	5	0
32	73	0
25	79	0
73	79	0
92	65	0
18	91	0
32	37	0
92	66	0
31	51	0
33	93	0
55	84	0
41	54	0
30	7	0
18	35	0
74	94	0
85	93	0
62	79	0
70	29	0
7	62	0
57	7	0
78	23	0
69	27	0
71	27	0
24	58	0
1	67	0
47	51	0
76	29	0
34	65	0
91	27	0
38	99	0
26	64	0
35	20	0
81	70	0
36	56	0
30	11	0
11	95	0
61	8	0
99	85	0
70	90	0
97	9	0
0	82	0
18	66	0
94	39	0
50	70	0
45	41	0
56	55	0
53	72	0
57	62	0
15	75	0
32	57	0
67	8	0
0	63	0
62	85	0
86	45	0
39	94	0
79	57	0
60	22	0
46	70	0
17	80	0
34	95	0
50	38	0
67	35	0
30	35	0
92	57	0
80	44	0
75	64	0
3	68	0
49	18	0
10	81	0
62	59	0
59	40	0
56	47	0
52	21	0
0	56	0
86	31	0
52	6	0
73	71	0
49	76	0
74	31	0
98	43	0
93	6	0
4	64	0
94	69	0
27	98	0
90	68	0
43	94	0
64	31	0
51	5	0
19	89	0
67	30	0
38	62	0
42	84	0
50	4	0
23	93	0
82	93	0
79	83	0
71	39	0
88	76	0
19	92	0
46	51	0
54	4	0
64	27	0
24	13	0
38	0	0
57	11	0
51	52	0
80	45	0
37	49	0
35	52	0
39	71	0
69	88	0
78	78	0
60	72	0
79	3	0
82	46	0
78	8	0
24	48	0
29	16	0
81	36	0
70	34	0
78	71	0
12	38	0
42	73	0
60	25	0
29	92	0
22	95	0
24	82	0
97	65	0
40	27	0
37	2	0
26	59	0
89	69	0
65	19	0
81	92	0
11	2	0
69	90	0
9	71	0
39	88	0
37	27	0
0	51	0
81	4	0
17	38	0
76	5	0
55	18	0
84	7	0
36	44	0
20	44	0
73	25	0
88	57	0
7	24	0
27	39	0
10	59	0
36	94	0
10	85	0
43	90	0
62	73	0
49	44	0
66	23	0
37	93	0
44	67	0
90	93	0
27	27	0
17	52	0
26	39	0
53	71	0
80	84	0
33	24	0
87	13	0
31	8	0
57	6	0
62	16	0
26	41	0
75	66	0
77	11	0
13	38	0
42	11	0
49	45	0
38	37	0
26	57	0
88	82	0
81	51	0
12	52	0
52	33	0
92	12	0
59	11	0
57	27	0
57	35	0
26	24	0
1	77	0
66	79	0
22	78	0
28	89	0
19	94	0
53	18	0
47	36	0
92	50	0
81	49	0
9	82	0
87	76	0
65	75	0
75	33	0
68	97	0
79	2	0
84	57	0
72	63	0
39	17	0
45	46	0
33	48	0
82	84	0
68	14	0
93	4	0
21	39	0
38	89	0
67	72	0
88	15	0
4	58	0
92	28	0
43	97	0
81	26	0
63	47	0
43	52	0
53	35	0
20	40	0
44	45	0
70	80	0
85	37	0
41	25	0
73	75	0
23	64	0
7	97	0
94	83	0
32	33	0
0	83	0
61	35	0
92	10	0
77	45	0
7	68	0
69	40	0
47	34	0
49	46	0
10	97	0
74	19	0
53	8	0
94	52	0
48	28	0
21	75	0
24	7	0
67	56	0
60	92	0
0	64	0
49	62	0
39	76	0
54	24	0
23	97	0
8	44	0
24	41	0
62	15	0
83	27	0
98	18	0
81	88	0
20	59	0
28	20	0
40	25	0
77	12	0
67	60	0
71	89	0
22	44	0
62	95	0
92	70	0
38	85	0
73	9	0
66	49	0
82	27	0
70	11	0
43	19	0
41	24	0
94	7	0
83	27	0
0	78	0
83	10	0
92	97	0
3	93	0
95	60	0
44	53	0
19	18	0
96	97	0
64	47	0
7	99	0
67	27	0
71	40	0
71	60	0
81	66	0
25	75	0
83	72	0
39	96	0
87	73	0
14	34	1
38	93	0
96	81	0
31	35	0
36	33	0
56	76	0
57	94	0
38	64	0
63	94	0
64	49	0
29	58	0
28	66	0
81	22	0
12	87	0
88	41	0
24	88	0
51	67	0
40	89	0
89	39	0
41	44	0
24	41	0
47	22	0
78	62	0
71	13	0
91	96	0
68	94	0
39	55	0
61	6	0
30	40	0
42	92	0
36	20	0
45	56	0
76	71	0
27	23	0
91	97	0
49	14	0
26	17	0
65	31	0
20	77	0
32	15	0
7	62	0
87	89	0
59	89	0
59	43	0
76	6	0
39	70	0
43	49	0
95	55	0
87	1	0
3	70	0
77	0	0
70	75	0
80	30	0
39	12	0
35	67	0
83	78	0
36	60	0
43	80	0
82	28	0
19	60	0
74	23	0
45	66	0
67	92	0
32	94	0
82	12	0
87	27	0
67	19	0
33	79	0
20	87	0
11	88	0
67	42	0
75	67	0
67	81	0
17	39	0
77	40	0
67	59	0
80	78	0
50	65	0
15	59	0
21	69	0
50	22	0
42	22	0
3	37	0
44	62	0
38	46	0
81	29	0
74	32	0
77	4	0
71	47	0
53	69	0
22	54	0
51	22	0
96	76	0
58	90	0
83	66	0
20	53	0
50	76	0
67	41	0
43	50	0
78	28	0
17	52	0
38	25	0
78	50	0
92	96	0
56	57	0
8	59	0
47	6	0
58	61	0
25	87	0
40	32	0
86	88	0
99	69	0
18	86	0
67	61	0
4	68	0
78	53	0
35	60	0
50	59	0
33	72	0
57	67	0
6	60	0
86	77	0
69	53	0
97	52	0
21	62	0
62	89	0
54	27	0
99	25	0
44	35	0
97	20	0
17	89	0
36	33	0
39	68	0
89	52	0
29	47	0
83	63	0
7	98	0
17	81	0
98	83	0
47	29	0
2	72	0
78	91	0
47	66	0
87	70	0
18	92	0
95	37	0
26	0	0
29	81	0
36	75	0
36	14	0
27	36	0
11	18	0
88	71	0
93	10	0
57	9	0
71	27	0
96	49	0
32	11	0
23	50	0
98	43	0
10	54	0
59	82	0
6	56	0
22	78	0
67	58	0
54	92	0
77	52	0
67	83	0
33	35	0
67	63	0
42	56	0
78	55	0
17	74	0
56	35	0
29	78	0
82	38	0
61	31	0
91	71	0
93	98	0
90	77	0
46	66	0
10	23	1
56	41	0
56	75	0
33	26	0
26	9	0
32	70	0
12	34	0
59	2	0
63	84	0
71	77	0
88	5	0
12	50	0
61	89	0
12	94	0
55	8	0
64	46	0
65	20	0
37	23	0
28	35	0
44	24	0
76	0	0
40	90	0
61	33	0
37	87	0
91	13	0
33	46	0
46	66	0
79	21	0
84	76	0
61	71	0
32	66	0
43	90	0
76	74	0
80	48	0
18	71	0
83	81	0
78	98	0
26	36	0
14	49	0
97	46	0
27	84	0
99	83	0
63	94	0
41	4	0
67	60	0
88	66	0
72	88	0
79	52	0
90	73	0
78	38	0
16	54	0
3	59	0
68	87	0
73	37	0
52	62	0
55	9	0
34	19	0
85	72	0
27	33	1
10	58	0
33	48	0
58	36	0
44	21	0
54	29	0
18	86	0
28	33	0
6	61	0
15	79	0
74	50	0
14	28	1
72	18	0
94	35	0
81	7	0
59	79	0
2	50	0
54	28	0
54	44	0
50	86	0
91	11	0
27	36	0
61	63	0
46	85	0
17	95	0
37	63	0
34	86	0
34	24	0
77	74	0
43	42	0
43	83	0
58	33	0
12	47	0
61	58	0
62	26	0
28	79	0
83	43	0
32	37	0
40	48	0
24	14	0
2	61	0
77	60	0
84	67	0
40	51	0
87	56	0
81	69	0
74	27	0
62	15	0
79	79	0
76	24	0
2	61	0
78	83	0
34	23	0
72	37	0
23	65	0
13	89	0
32	96	0
29	61	0
99	28	0
18	50	0
56	90	0
8	84	0
94	69	0
59	60	0
84	36	0
16	9	0
48	25	0
61	1	0
6	81	0
53	51	0
88	67	0
74	37	0
12	6	0
12	44	0
67	15	0
19	85	0
79	0	0
45	74	0
39	30	0
88	96	0
12	18	0
26	96	0
96	58	0
32	9	0
92	84	0
51	53	0
71	60	0
49	23	0
91	31	0
90	76	0
7	62	0
1	76	0
15	48	0
8	84	0
5	94	0
80	21	0
41	46	0
10	93	0
50	12	0
74	4	0
35	62	0
71	56	0
51	21	0
34	66	0
31	31	0
87	24	0
3	40	0
86	64	0
87	11	0
61	49	0
25	24	0
48	2	0
11	95	0
51	62	0
44	61	0
37	13	0
6	97	0
1	96	0
62	57	0
91	32	0
32	23	0
26	73	0
94	87	0
50	32	0
58	75	0
66	89	0
5	75	0
69	26	0
52	57	0
22	33	0
93	68	0
50	68	0
98	13	0
82	9	0
86	23	0
69	97	0
45	62	0
40	68	0
76	14	0
38	10	0
68	96	0
71	71	0
19	56	0
66	39	0
66	93	0
82	16	0
90	53	0
25	74	0
46	59	0
22	25	0
90	25	0
31	52	0
76	8	0
87	96	0
73	61	0
57	78	0
75	34	0
75	79	0
6	97	0
41	6	0
8	93	0
6	60	0
62	71	0
71	91	0
76	7	0
89	97	0
83	12	0
83	87	0
64	9	0
86	35	0
79	42	0
57	36	0
15	86	0
61	97	0
62	81	0
19	48	0
10	38	0
28	94	0
10	66	0
42	5	0
39	51	0
19	62	0
41	32	0
1	41	0
96	53	0
49	28	0
14	53	0
26	83	0
74	78	0
3	1	1
98	66	0
14	66	0
60	48	0
27	62	0
83	45	0
57	38	0
6	15	1
4	44	0
21	55	0
83	54	0
71	54	0
85	57	0
2	61	0
67	61	0
2	81	0
0	24	0
91	64	0
21	61	0
42	4	0
35	31	0
9	90	0
24	84	0
75	42	0
63	69	0
73	53	0
73	83	0
43	70	0
52	32	0
5	68	0
47	66	0
37	47	0
63	57	0
83	19	0
