87	62	0
44	12	0
33	30	0
59	96	0
12	9	0
93	37	0
94	89	0
42	4	0
62	85	0
47	17	0
86	43	0
0	79	0
17	7	0
18	65	0
99	22	0
80	77	0
58	29	0
20	51	0
89	61	0
96	12	0
50	92	0
61	70	0
77	84	0
56	2	0
35	83	0
54	8	0
82	74	0
63	81	0
87	77	0
3	24	0
54	19	0
40	16	0
89	34	0
29	52	0
85	62	0
6	88	0
37	98	0
92	28	0
74	90	0
48	1	0
22	70	0
91	58	0
92	72	0
54	70	0
99	50	0
7	81	0
22	38	1
65	0	0
98	65	0
16	69	0
64	7	0
12	78	0
57	94	0
37	74	0
98	71	0
48	31	0
29	25	0
94	76	0
95	97	0
96	9	0
17	97	0
99	17	0
38	10	0
74	76	0
41	9	0
11	98	0
82	6	0
40	87	0
71	95	0
49	64	0
2	33	0
67	94	0
24	32	1
13	54	0
93	33	0
25	41	1
27	89	0
53	98	0
62	29	0
31	97	0
57	99	0
0	22	0
98	9	0
94	17	0
38	60	0
81	41	0
23	39	1
80	57	0
52	10	0
38	7	0
70	46	0
15	95	0
55	6	0
55	83	0
42	3	0
48	31	0
86	45	0
37	65	0
73	44	0
8	61	0
76	83	0
2	78	0
33	98	0
97	57	0
63	10	0
45	68	0
35	67	0
64	3	0
71	51	0
3	59	0
31	0	0
15	40	0
40	31	0
67	88	0
54	51	0
16	91	0
87	7	0
49	78	0
78	81	0
97	3	0
66	82	0
52	69	0
31	8	0
55	98	0
99	72	0
67	64	0
26	97	0
62	36	0
35	15	0
17	47	0
77	8	0
7	62	0
95	61	0
98	22	0
84	38	0
38	51	0
50	14	0
83	73	0
18	16	0
32	13	0
85	62	0
43	40	0
67	71	0
64	93	0
50	33	0
49	34	0
58	39	0
15	44	0
32	54	0
27	55	0
79	85	0
44	56	0
27	97	0
73	43	0
72	65	0
55	82	0
92	70	0
17	27	0
53	52	0
14	9	0
24	83	0
31	72	0
87	34	0
42	38	0
78	10	0
43	85	0
53	25	0
51	44	0
72	76	0
28	67	0
49	77	0
33	82	0
32	46	0
44	12	0
53	6	0
32	72	0
24	82	0
77	75	0
92	68	0
26	89	0
93	69	0
27	55	0
26	85	0
57	69	0
36	56	0
23	13	0
7	28	1
75	97	0
91	82	0
55	63	0
76	34	0
2	51	0
59	6	0
79	37	0
64	25	0
73	29	0
17	63	0
9	52	0
51	54	0
76	20	0
43	61	0
91	27	0
33	96	0
24	66	0
37	22	0
81	79	0
35	56	0
34	9	0
18	83	0
54	13	0
96	84	0
63	89	0
94	2	0
9	74	0
23	64	0
94	29	0
53	82	0
47	35	0
54	63	0
48	70	0
48	67	0
21	76	0
26	58	0
66	2	0
1	60	0
58	76	0
93	42	0
43	88	0
77	64	0
63	30	0
49	70	0
25	86	0
40	94	0
52	36	0
76	39	0
85	60	0
71	37	0
64	67	0
11	45	0
48	17	0
7	86	0
66	54	0
68	40	0
67	26	0
53	19	0
7	58	0
87	15	0
38	10	0
65	66	0
54	75	0
71	34	0
98	35	0
95	9	0
8	57	0
99	73	0
21	99	0
90	73	0
34	95	0
55	30	0
62	18	0
18	87	0
72	34	0
43	67	0
35	70	0
42	11	0
32	97	0
82	89	0
73	92	0
81	45	0
93	73	0
24	91	0
42	65	0
63	8	0
71	38	0
31	16	0
37	0	0
51	16	0
50	60	0
74	42	0
35	48	0
38	50	0
35	73	0
73	87	0
81	67	0
57	77	0
80	0	0
83	41	0
63	3	0
20	45	0
28	35	1
74	44	0
69	53	0
66	67	0
12	34	0
37	70	0
57	20	0
23	86	0
30	90	0
29	70	0
93	63	0
45	13	0
37	3	0
32	55	0
76	70	0
61	11	0
74	91	0
11	7	0
55	98	0
2	69	0
37	91	0
44	37	0
1	57	0
83	26	0
24	31	1
75	4	0
50	11	0
88	14	0
36	55	0
14	53	0
73	22	0
86	59	0
6	17	0
1	67	0
30	93	0
3	84	0
47	98	0
56	73	0
53	37	0
61	11	0
44	85	0
43	65	0
81	95	0
30	30	0
6	57	0
28	49	0
64	56	0
71	82	0
27	21	0
79	28	0
37	1	0
48	1	0
60	18	0
32	44	0
79	71	0
87	10	0
17	39	0
52	19	0
53	53	0
43	35	0
34	51	0
84	77	0
72	61	0
11	50	0
55	29	0
96	8	0
57	9	0
53	28	0
49	36	0
42	28	0
1	72	0
61	83	0
29	74	0
21	91	0
28	98	0
58	12	0
37	34	0
96	46	0
88	58	0
0	73	0
81	70	0
69	71	0
79	24	0
78	82	0
79	7	0
78	61	0
80	63	0
38	22	0
64	54	0
24	50	0
89	81	0
71	20	0
95	15	0
31	49	0
40	92	0
69	68	0
87	12	0
13	66	0
96	28	0
50	97	0
79	19	0
70	44	0
43	53	0
57	40	0
27	40	1
35	49	0
59	86	0
83	29	0
36	23	0
72	74	0
30	69	0
8	98	0
87	95	0
37	35	0
1	87	0
61	31	0
90	22	0
83	42	0
9	63	0
62	35	0
47	30	0
43	42	0
13	98	0
81	21	0
55	5	0
88	45	0
48	49	0
27	78	0
17	2	0
57	59	0
51	91	0
10	51	0
41	71	0
36	75	0
54	37	0
19	88	0
5	48	0
22	44	1
60	15	0
90	29	0
95	8	0
78	83	0
17	61	0
25	34	1
45	24	0
86	0	0
72	61	0
78	89	0
10	46	0
67	89	0
96	61	0
35	88	0
72	3	0
61	51	0
65	26	0
74	11	0
45	31	0
42	13	0
96	3	0
85	33	0
9	82	0
83	13	0
92	98	0
23	92	0
95	64	0
45	54	0
9	24	0
89	91	0
63	46	0
2	99	0
66	38	0
76	37	0
73	56	0
83	66	0
27	74	0
87	65	0
33	87	0
98	81	0
33	90	0
99	78	0
27	32	1
38	28	0
60	65	0
63	96	0
43	65	0
72	96	0
68	50	0
32	64	0
37	66	0
84	8	0
8	86	0
92	53	0
19	87	0
52	72	0
43	81	0
89	42	0
40	51	0
45	27	0
84	54	0
66	12	0
89	89	0
62	90	0
43	52	0
52	7	0
37	38	0
57	84	0
36	26	0
44	64	0
77	70	0
37	17	0
98	93	0
51	16	0
19	6	0
55	21	0
20	77	0
37	2	0
14	60	0
90	94	0
57	84	0
64	53	0
59	2	0
41	70	0
44	47	0
96	59	0
84	5	0
4	67	0
75	1	0
56	75	0
61	32	0
42	14	0
37	67	0
87	83	0
30	75	0
38	84	0
80	26	0
20	48	0
63	34	0
43	68	0
62	82	0
34	97	0
85	5	0
95	25	0
72	19	0
27	75	0
25	97	0
27	76	0
67	39	0
85	75	0
78	87	0
12	46	0
75	43	0
71	74	0
77	73	0
58	77	0
19	78	0
15	66	0
46	25	0
36	14	0
4	37	0
42	57	0
27	46	0
84	30	0
84	37	0
73	1	0
78	48	0
52	61	0
20	63	0
53	29	0
88	85	0
50	96	0
76	63	0
31	57	0
36	86	0
76	49	0
25	46	0
79	29	0
21	51	0
37	17	0
89	50	0
86	92	0
53	54	0
12	61	0
54	7	0
58	52	0
34	83	0
36	29	0
83	90	0
95	67	0
16	81	0
64	46	0
7	66	0
81	57	0
30	59	0
49	59	0
35	78	0
58	65	0
4	55	0
75	61	0
66	53	0
80	47	0
23	76	0
63	86	0
54	15	0
94	18	0
52	31	0
99	11	0
8	81	0
37	41	0
35	68	0
86	64	0
23	54	0
79	72	0
19	98	0
15	87	0
91	91	0
48	27	0
9	65	0
77	92	0
47	66	0
83	58	0
24	92	0
95	33	0
26	6	0
31	81	0
25	81	0
26	11	0
18	45	0
10	25	0
77	69	0
98	21	0
57	12	0
75	27	0
89	30	0
30	8	0
36	56	0
94	38	0
8	59	0
53	93	0
8	56	0
31	83	0
66	53	0
53	97	0
79	51	0
70	86	0
32	39	0
72	60	0
42	55	0
73	64	0
8	70	0
56	29	0
29	84	0
82	39	0
74	26	0
86	73	0
96	94	0
83	81	0
51	68	0
68	42	0
52	73	0
40	21	0
33	7	0
37	79	0
1	39	0
63	7	0
58	89	0
87	84	0
80	5	0
14	40	0
60	82	0
17	96	0
61	5	0
56	45	0
59	20	0
44	21	0
15	34	1
48	19	0
82	9	0
39	98	0
70	30	0
27	99	0
94	18	0
22	45	0
41	65	0
69	28	0
78	92	0
67	71	0
45	63	0
58	92	0
72	68	0
83	48	0
12	63	0
82	83	0
81	98	0
16	61	0
92	49	0
31	72	0
96	86	0
53	92	0
41	16	0
72	67	0
89	60	0
58	80	0
74	63	0
93	67	0
68	36	0
18	57	0
2	62	0
64	73	0
71	37	0
54	47	0
49	0	0
32	22	0
97	73	0
15	57	0
25	48	0
61	28	0
42	13	0
57	25	0
19	96	0
10	56	0
21	78	0
71	51	0
80	23	0
90	32	0
93	1	0
59	88	0
9	54	0
55	30	0
55	52	0
46	79	0
93	16	0
60	58	0
44	87	0
21	89	0
41	60	0
27	91	0
35	17	0
73	77	0
46	34	0
41	81	0
57	40	0
8	46	0
64	62	0
66	13	0
25	84	0
91	45	0
23	40	1
22	55	0
22	14	0
3	66	0
79	64	0
74	64	0
45	54	0
81	57	0
86	68	0
64	36	0
66	25	0
81	70	0
79	21	0
0	49	0
75	87	0
30	34	0
61	34	0
8	63	0
0	87	0
35	91	0
36	54	0
95	25	0
3	49	0
61	92	0
5	90	0
87	60	0
48	42	0
82	25	0
11	10	0
48	33	0
72	3	0
23	85	0
51	44	0
97	62	0
87	34	0
11	1	0
9	45	0
61	16	0
6	57	0
82	4	0
52	70	0
40	27	0
90	95	0
10	17	0
30	92	0
95	54	0
30	13	0
91	98	0
48	60	0
62	60	0
39	33	0
91	31	0
93	92	0
6	58	0
4	71	0
14	50	0
20	81	0
22	94	0
64	28	0
36	55	0
13	89	0
43	21	0
69	15	0
37	62	0
61	47	0
51	13	0
35	73	0
37	33	0
89	20	0
4	33	0
77	57	0
91	15	0
53	42	0
36	20	0
49	4	0
17	90	0
45	70	0
46	63	0
38	10	0
18	91	0
8	85	0
68	48	0
95	34	0
30	28	0
29	60	0
86	91	0
51	29	0
67	73	0
59	84	0
7	80	0
75	35	0
46	59	0
12	41	0
97	75	0
52	63	0
91	16	0
75	19	0
90	21	0
67	93	0
54	62	0
46	49	0
64	21	0
42	6	0
60	90	0
61	66	0
16	57	0
73	35	0
48	94	0
93	31	0
88	63	0
30	79	0
47	55	0
26	35	1
83	31	0
39	52	0
85	2	0
96	94	0
69	68	0
53	81	0
76	38	0
67	89	0
14	83	0
41	5	0
11	92	0
13	63	0
51	68	0
75	78	0
65	15	0
95	94	0
91	11	0
97	90	0
62	12	0
82	29	0
73	60	0
53	39	0
11	84	0
56	95	0
69	86	0
34	47	0
10	34	0
20	92	0
14	64	0
42	9	0
42	45	0
19	65	0
34	41	0
0	42	0
95	59	0
44	23	0
16	63	0
28	81	0
66	79	0
90	54	0
3	74	0
64	46	0
24	60	0
77	47	0
59	31	0
3	53	0
25	47	0
82	56	0
65	54	0
83	53	0
3	66	0
62	53	0
5	79	0
4	9	0
86	73	0
14	60	0
30	1	0
35	18	0
12	95	0
18	80	0
94	39	0
65	71	0
77	61	0
77	82	0
48	64	0
59	40	0
4	71	0
47	70	0
33	52	0
69	59	0
79	15	0
