84	67	0
32	29	0
58	95	1
15	11	0
93	44	0
90	90	0
70	43	0
5	79	0
0	7	0
16	89	0
79	38	0
73	76	0
34	32	0
65	74	0
90	53	0
65	70	0
40	36	0
92	83	0
99	81	0
74	88	0
7	24	0
73	75	0
77	31	0
56	78	1
49	70	0
65	83	0
94	54	0
95	29	0
86	77	0
40	1	0
78	30	0
31	17	0
96	68	0
89	71	0
93	8	0
25	38	0
63	80	0
4	86	0
59	96	1
19	31	0
71	75	0
92	43	0
52	85	0
2	22	0
88	12	0
65	33	0
50	40	0
80	40	0
84	70	0
55	99	1
18	59	0
98	55	0
44	35	0
35	7	0
60	59	0
8	88	0
96	16	0
42	67	0
87	60	0
97	7	0
72	89	0
68	77	0
10	22	0
70	84	0
89	65	0
80	43	0
57	43	0
82	45	0
84	38	0
90	39	0
21	60	0
14	19	0
86	70	0
57	95	1
37	83	0
56	96	1
81	51	0
59	64	0
82	75	0
80	73	0
31	13	0
12	15	0
84	66	0
91	4	0
17	50	0
78	79	0
60	77	0
61	82	0
50	14	0
76	87	0
76	53	0
9	85	0
93	97	0
4	96	0
14	61	0
94	87	0
98	73	0
53	85	0
68	52	0
91	33	0
54	56	0
16	54	0
55	17	0
86	87	0
75	5	0
84	42	0
83	93	0
59	70	0
74	80	0
15	23	0
72	94	0
59	99	1
30	82	0
30	34	0
57	37	0
63	81	0
68	40	0
12	98	1
92	29	0
51	25	0
70	67	0
69	94	0
87	68	0
98	25	0
91	87	0
72	78	0
51	76	0
10	72	1
12	49	0
72	72	0
73	75	0
87	57	0
92	51	0
90	68	0
58	16	0
38	32	0
76	57	0
30	80	0
60	91	1
85	75	0
98	49	0
96	27	0
69	60	1
58	97	0
66	16	0
2	93	0
6	97	1
97	61	0
87	75	0
14	20	0
91	14	0
91	21	0
85	20	1
85	31	0
12	13	0
34	79	0
57	93	1
89	43	0
68	93	0
90	81	0
69	34	0
57	85	0
0	8	0
33	14	0
49	31	0
69	39	0
1	55	0
40	5	0
93	78	0
95	52	0
96	10	1
60	0	0
37	7	0
99	84	0
28	72	0
8	97	1
34	31	0
64	52	0
75	66	0
54	75	0
80	74	0
74	31	0
75	81	0
86	34	0
90	74	0
48	34	0
97	70	0
63	10	0
35	59	0
77	95	0
91	46	0
86	45	0
77	85	0
91	39	0
39	55	0
52	93	1
71	89	0
21	73	0
84	82	0
0	92	0
87	34	0
93	62	0
39	7	0
45	50	0
17	17	0
92	36	0
60	88	0
18	26	0
77	35	0
73	78	0
20	36	0
82	44	0
82	6	0
95	67	0
67	23	0
98	90	0
21	37	0
73	55	0
86	41	0
62	55	0
4	56	0
99	70	0
97	59	0
15	83	0
73	85	0
44	16	0
72	59	1
56	97	1
71	95	0
96	43	0
59	10	0
71	44	0
74	33	0
90	59	0
69	32	1
91	78	0
94	87	0
82	96	0
11	13	0
3	79	0
83	89	0
64	92	0
53	15	0
81	50	0
97	4	0
94	80	0
57	73	0
60	73	0
98	4	0
86	36	0
9	45	0
1	96	0
88	88	0
95	94	0
87	93	0
80	62	0
71	81	0
11	85	0
27	26	0
2	16	0
45	38	0
81	42	0
56	56	0
64	6	0
77	88	0
78	73	0
81	45	0
69	59	1
28	15	0
95	45	0
70	92	0
59	33	0
62	82	0
91	66	0
9	57	0
53	78	0
55	79	1
0	44	0
70	78	0
97	42	0
91	66	0
47	92	1
88	32	0
92	6	1
99	66	0
64	71	0
6	95	0
84	92	0
15	21	0
11	86	0
65	73	0
65	61	0
92	97	0
1	81	0
80	57	0
12	2	0
10	90	0
9	15	0
91	56	0
14	25	0
5	37	0
80	31	0
69	77	0
93	78	0
84	47	0
82	78	0
68	83	0
4	80	0
97	63	0
62	27	0
95	35	0
75	86	0
76	73	0
40	86	0
93	76	0
37	74	0
2	97	0
74	42	0
30	35	0
61	89	0
35	71	0
64	94	0
89	54	0
85	28	0
69	68	0
99	79	0
93	47	0
96	98	0
90	69	0
68	23	0
79	79	0
81	65	0
97	28	0
49	64	0
67	32	0
86	89	0
87	64	0
24	76	0
88	36	0
86	41	0
85	40	0
99	81	0
80	52	0
1	86	0
17	97	1
35	28	0
25	67	0
65	8	0
3	94	0
81	44	0
8	11	0
17	53	0
59	67	0
69	81	0
77	53	0
68	42	0
79	71	1
77	44	0
11	38	0
93	78	0
56	93	0
83	17	0
11	85	0
98	51	0
55	23	1
24	14	0
26	37	0
68	47	0
97	35	0
15	2	0
40	1	0
55	64	0
96	85	0
28	2	0
56	0	0
88	81	0
59	83	0
23	51	0
90	47	0
84	65	0
10	94	0
4	96	0
46	35	0
97	39	0
20	32	0
85	34	0
80	9	0
36	34	0
55	82	1
22	40	0
82	39	0
64	92	0
79	40	0
12	11	0
90	54	0
81	44	0
82	24	1
59	98	1
77	43	0
51	95	0
59	49	0
72	43	0
47	93	1
87	47	0
98	94	0
90	87	0
71	72	0
76	28	0
95	46	0
91	96	0
93	95	0
82	25	1
85	66	0
82	94	0
54	77	0
0	17	0
32	93	0
86	34	0
15	94	1
79	27	0
81	47	0
74	49	0
93	62	0
90	37	0
13	76	0
9	8	0
50	83	0
28	73	0
37	2	0
6	79	0
94	43	0
94	81	0
80	50	0
94	92	0
98	38	0
