92	61	0
27	3	0
30	32	0
65	98	0
18	1	0
87	39	0
98	92	0
54	12	0
60	76	0
63	30	0
83	50	0
3	84	0
12	9	0
22	84	0
94	21	0
78	80	0
53	43	0
19	60	1
85	54	0
99	17	0
44	98	0
62	66	0
74	76	0
52	3	0
28	75	0
53	18	0
90	73	0
68	89	0
91	78	0
3	35	0
53	11	0
44	24	0
98	28	0
16	59	1
79	65	0
9	85	0
36	92	0
86	18	0
79	83	0
38	7	0
40	64	0
87	71	0
92	72	0
53	65	0
98	49	0
18	81	0
73	2	0
98	65	0
16	74	0
67	6	0
9	73	0
53	86	0
26	72	0
96	70	0
48	37	0
41	32	0
91	87	0
97	90	0
99	6	0
17	98	0
98	14	0
33	2	0
76	89	0
36	0	0
6	93	0
89	10	0
31	80	0
65	96	0
42	60	0
9	29	0
69	83	0
14	55	1
88	27	0
30	88	0
54	99	0
62	28	0
28	90	0
61	95	0
1	12	0
98	10	0
84	19	0
53	70	0
84	38	0
93	57	0
51	18	0
33	12	0
69	52	0
0	92	0
54	1	0
43	67	0
47	8	0
59	29	0
84	31	0
34	62	0
86	47	0
3	60	0
83	96	0
0	91	0
42	96	0
93	51	0
74	16	0
37	71	0
31	59	0
60	1	0
71	56	0
6	68	0
33	0	0
12	47	0
37	51	0
63	83	0
41	38	0
8	93	0
79	33	0
44	81	0
74	70	0
93	11	0
72	93	0
62	74	0
29	22	0
61	94	0
99	78	0
75	60	0
26	93	0
66	34	0
32	20	0
71	8	0
14	53	0
98	75	0
96	26	0
89	51	0
39	51	0
52	0	0
74	62	0
16	26	0
44	26	0
99	57	0
49	28	0
63	80	0
59	79	0
50	26	0
38	37	0
59	36	0
12	53	0
20	57	0
69	88	0
46	61	0
40	95	0
70	41	0
74	59	0
53	63	0
91	63	0
22	21	0
51	51	0
21	13	0
12	72	0
31	63	0
86	43	0
39	47	0
91	0	0
38	86	0
56	29	0
39	42	0
77	81	0
25	67	0
52	66	0
41	89	0
36	51	0
42	12	0
53	16	0
39	95	0
26	67	0
77	83	0
93	62	0
21	98	0
98	77	0
28	52	0
23	74	0
50	72	0
54	57	0
12	25	0
75	88	0
99	78	0
47	65	0
66	30	0
3	46	0
56	6	0
72	55	0
53	18	0
76	21	0
22	49	1
1	46	0
44	58	0
64	32	0
43	67	0
86	28	0
34	95	0
25	61	0
40	18	1
81	81	0
44	50	0
25	10	0
24	78	0
64	10	0
94	87	0
44	91	0
99	4	0
6	66	0
17	68	0
98	30	0
52	88	0
24	51	1
54	75	0
70	61	0
46	63	0
19	76	0
18	51	0
67	3	0
13	57	0
60	83	0
94	53	0
43	85	0
82	65	0
82	22	0
51	77	0
26	78	0
33	98	0
44	31	0
75	34	0
79	42	0
54	42	0
69	70	0
6	46	0
61	24	0
21	98	0
59	68	0
79	41	0
69	29	0
49	4	0
7	42	0
93	19	0
36	19	1
68	73	0
58	94	0
74	45	0
92	33	0
94	11	0
0	35	0
89	75	0
35	96	0
90	82	0
33	98	0
62	35	0
75	34	0
14	92	0
86	23	0
26	59	0
31	73	0
48	11	0
33	91	0
79	88	0
79	81	0
95	53	0
96	60	0
12	88	0
35	72	0
77	7	0
77	43	0
33	19	0
38	0	0
49	25	0
47	54	0
84	50	0
32	54	0
39	48	0
30	83	0
75	86	0
85	56	0
58	79	0
82	7	0
90	38	0
65	9	0
27	43	1
81	42	0
76	52	0
71	70	0
4	40	0
36	69	0
62	22	0
17	92	0
31	82	0
13	80	0
87	79	0
48	13	0
36	3	0
39	55	0
79	72	0
63	6	0
85	92	0
25	3	0
52	91	0
11	64	0
51	89	0
46	37	0
5	50	0
77	34	0
74	13	0
46	16	0
78	13	0
39	58	0
7	52	0
72	17	0
86	60	0
5	10	0
7	62	0
36	95	0
10	86	0
49	96	0
49	67	0
63	43	0
72	2	0
46	81	0
49	68	0
97	85	0
0	57	0
34	48	1
64	50	0
73	78	0
86	24	0
32	4	0
45	1	0
51	17	0
43	35	0
79	57	0
63	13	0
19	53	0
30	9	0
43	57	0
44	39	0
31	40	1
90	76	0
82	58	0
5	47	0
56	34	0
94	10	0
64	17	0
69	23	0
48	40	0
43	31	0
2	76	0
69	85	0
38	72	0
17	96	0
25	72	0
51	8	0
43	38	0
96	39	0
84	46	0
9	62	0
80	67	0
76	82	0
82	28	0
76	88	0
79	4	0
72	67	0
75	57	0
64	51	0
87	76	0
65	5	0
91	17	0
33	49	0
50	95	0
63	76	0
82	16	0
23	71	0
99	26	0
64	96	0
91	21	0
63	25	0
31	55	0
62	39	0
30	55	0
52	85	0
79	33	0
35	19	1
75	84	0
37	56	0
20	94	0
96	99	0
49	31	0
6	89	0
50	52	0
93	10	0
82	37	0
28	62	0
65	53	0
56	54	0
12	97	0
81	25	0
40	7	0
87	54	0
50	43	0
34	90	0
15	8	0
57	58	0
51	91	0
2	45	0
42	77	0
42	82	0
55	28	0
22	83	0
18	28	0
74	0	0
71	15	0
90	6	0
89	91	0
23	67	0
46	22	0
83	0	0
77	59	0
76	96	0
2	27	0
61	96	0
96	64	0
31	77	0
82	0	0
47	57	0
72	20	0
66	5	0
42	18	1
45	13	0
99	10	0
83	40	0
10	91	0
81	12	0
91	93	0
26	99	0
98	71	0
41	44	0
13	28	0
77	97	0
63	44	0
4	88	0
65	37	0
77	38	0
67	42	0
78	71	0
29	69	0
94	67	0
39	94	0
96	68	0
24	96	0
89	93	0
41	33	0
62	66	0
61	98	0
49	64	0
63	94	0
75	50	0
38	44	0
36	57	0
88	4	0
0	84	0
97	57	0
21	87	0
45	65	0
40	84	0
84	42	0
34	52	0
46	22	0
86	53	0
71	14	0
82	95	0
48	96	0
40	57	0
47	11	0
36	44	0
57	98	0
45	18	0
43	66	0
84	78	0
34	11	0
94	92	0
69	5	0
8	7	0
44	36	0
21	72	0
42	2	0
10	75	0
88	85	0
65	86	0
64	41	0
68	0	0
43	63	0
46	68	0
97	57	0
96	1	0
10	74	0
82	5	0
51	73	0
55	28	0
33	6	0
33	63	0
81	88	0
32	70	0
43	78	0
66	30	0
21	53	1
70	31	0
44	56	0
65	93	0
28	98	0
97	14	0
94	19	0
74	16	0
17	63	0
33	98	0
22	91	0
66	39	0
76	81	0
79	93	0
4	36	0
61	37	0
70	80	0
73	61	0
62	82	0
9	87	0
16	77	0
44	22	0
47	17	0
6	36	0
43	42	0
37	46	0
99	29	0
85	39	0
75	13	0
74	41	0
56	51	0
27	48	1
45	23	0
92	80	0
44	92	0
84	57	0
37	67	0
38	88	0
78	54	0
22	51	1
76	25	0
30	16	0
97	52	0
78	91	0
50	45	0
8	51	0
43	11	0
49	52	0
43	82	0
66	90	0
95	59	0
13	80	0
66	47	0
13	63	0
61	47	0
44	70	0
54	52	0
47	78	0
63	72	0
2	65	0
65	65	0
78	49	0
84	58	0
34	70	0
65	83	0
41	14	0
99	19	0
51	46	0
95	4	0
8	82	0
38	84	0
87	63	0
13	48	1
76	70	0
18	91	0
15	79	0
86	82	0
39	23	0
4	72	0
67	95	0
51	59	0
94	68	0
24	96	0
81	40	0
16	2	0
39	69	0
22	83	0
36	18	0
18	55	1
11	18	0
87	65	0
96	20	0
48	11	0
71	37	0
86	13	0
19	7	0
33	65	0
78	33	0
13	64	0
58	82	0
0	48	0
25	76	0
77	57	0
51	97	0
74	52	0
79	83	0
73	61	0
47	53	0
78	77	0
7	81	0
43	41	0
27	80	0
80	47	0
67	33	0
91	49	0
97	99	0
89	88	0
39	72	0
76	43	0
59	55	0
30	22	1
34	19	1
35	65	0
3	43	0
64	2	0
73	76	0
92	79	0
90	9	0
19	49	1
59	81	0
5	96	0
53	10	0
53	24	0
70	22	0
57	25	0
38	22	0
79	14	0
32	90	0
69	21	0
31	92	0
98	18	0
40	66	0
63	36	0
66	95	0
78	67	0
32	78	0
64	96	0
92	67	0
89	43	0
17	60	0
90	79	0
72	92	0
16	58	0
98	48	0
32	70	0
95	84	0
52	91	0
31	19	0
78	77	0
98	48	0
49	88	0
77	72	0
94	56	0
80	40	0
30	52	0
4	58	0
60	78	0
70	26	0
53	39	0
45	11	0
34	22	1
88	77	0
16	49	1
66	29	0
48	9	0
49	21	0
5	86	0
11	56	0
8	80	0
68	43	0
96	26	0
92	27	0
98	1	0
72	94	0
7	57	0
61	22	0
60	47	0
34	83	0
92	29	0
63	52	0
35	86	0
23	95	0
36	69	0
20	97	0
29	8	0
73	70	0
46	21	0
40	74	0
48	45	0
8	45	0
69	66	0
65	16	0
27	90	0
94	53	0
24	43	1
16	30	0
17	71	0
80	63	0
61	57	0
46	45	0
97	57	0
98	67	0
64	51	0
59	14	0
70	62	0
87	36	0
8	40	0
86	78	0
50	36	0
21	75	0
0	82	0
26	95	0
27	59	0
94	23	0
1	54	0
57	89	0
6	85	0
86	66	0
47	32	0
89	27	0
17	21	0
32	34	0
75	14	0
28	74	0
44	52	0
98	57	0
87	43	0
7	0	0
4	49	0
51	19	0
1	46	0
78	6	0
49	69	0
22	30	1
91	89	0
0	10	0
44	99	0
92	39	0
36	2	0
89	84	0
50	64	0
70	68	0
38	38	0
93	36	0
93	75	0
11	64	0
13	73	0
7	41	0
23	70	0
16	91	0
64	17	0
28	57	0
9	91	0
32	21	0
58	11	0
33	63	0
65	44	0
45	7	0
39	77	0
95	21	0
6	24	0
71	45	0
87	26	0
42	49	0
26	24	0
46	4	0
19	92	0
45	70	0
30	60	0
24	15	0
21	92	0
19	77	0
61	47	0
94	48	0
33	73	0
85	91	0
51	27	0
64	70	0
54	91	0
1	86	0
83	42	0
49	54	0
12	18	0
98	68	0
52	52	0
94	22	0
76	13	0
83	28	0
60	96	0
46	46	0
44	35	0
69	27	0
42	1	0
49	91	0
46	74	0
19	43	1
84	29	0
59	95	0
93	43	0
85	55	0
35	76	0
31	68	0
79	25	0
49	42	0
74	9	0
97	92	0
79	78	0
53	70	0
73	43	0
75	92	0
17	76	0
53	17	0
18	96	0
7	61	0
45	60	0
74	82	0
61	13	0
99	95	0
87	16	0
98	98	0
63	7	0
74	22	0
66	56	0
56	29	0
20	86	0
49	88	0
73	81	0
7	34	0
15	78	0
7	74	0
37	10	0
42	45	0
18	50	0
2	44	0
84	46	0
46	22	0
14	66	0
23	84	0
64	98	0
93	44	0
0	69	0
65	44	0
32	76	0
76	55	0
76	30	0
0	52	0
29	55	0
84	42	0
73	54	0
84	50	0
12	67	0
58	54	0
0	89	0
0	7	0
85	65	0
18	69	0
20	6	0
38	27	1
5	95	0
20	84	0
94	40	0
76	77	0
83	59	0
89	81	0
46	67	0
65	37	0
4	68	0
49	62	0
34	61	0
64	49	0
94	21	0
