97	64	0
54	15	0
36	21	0
51	98	0
4	28	0
97	31	0
94	84	0
6	11	1
46	13	0
72	88	0
43	43	0
82	38	0
1	81	0
22	10	0
18	65	0
97	13	0
97	81	0
65	25	0
29	54	0
96	68	0
89	2	0
44	78	0
70	83	0
75	98	0
67	1	0
42	97	0
52	3	0
78	81	0
69	89	0
92	55	0
3	39	0
32	36	0
43	29	0
84	26	0
38	46	0
89	71	0
11	90	0
61	81	0
93	26	0
78	89	0
46	5	0
22	47	0
77	50	0
99	54	0
60	73	0
95	46	0
8	87	0
38	44	0
54	16	0
88	49	0
21	69	0
58	15	0
27	89	0
53	88	0
31	63	0
98	71	0
39	33	0
35	46	0
80	76	0
98	92	0
85	14	0
12	93	0
96	11	0
47	1	0
85	72	0
39	27	0
23	82	0
74	10	0
35	74	0
87	78	0
59	60	0
17	30	0
76	87	0
28	39	0
15	46	0
87	40	0
14	41	0
36	79	0
56	84	0
76	22	0
44	98	0
65	99	0
0	7	0
13	15	0
94	19	0
98	19	0
38	55	0
79	48	0
24	34	0
79	54	0
34	48	0
33	7	0
34	1	0
70	42	0
18	89	0
63	6	0
52	76	0
44	7	0
40	26	0
87	39	0
38	63	0
68	48	0
13	69	0
69	87	0
7	80	0
47	76	0
83	49	0
61	6	0
50	66	0
5	60	0
57	7	0
54	59	0
11	67	0
44	4	0
39	59	0
23	35	0
89	80	0
52	42	0
0	4	0
22	99	0
79	0	0
66	69	0
12	32	0
84	76	0
92	10	0
66	66	0
55	81	0
31	18	0
62	94	0
21	24	1
82	84	0
72	53	0
36	95	0
73	32	0
34	21	0
21	33	0
82	1	0
0	68	0
99	72	0
96	16	0
91	28	0
41	57	0
60	12	0
90	89	0
3	11	0
38	13	0
85	79	0
39	42	0
91	70	0
81	78	0
58	21	0
48	32	0
58	61	0
6	49	0
28	80	0
16	58	0
79	71	0
47	62	0
44	95	0
78	60	0
72	77	0
57	79	0
22	44	0
90	80	0
0	33	0
40	39	0
23	20	0
20	77	0
38	71	0
96	21	0
34	33	0
71	12	0
34	82	0
66	24	0
52	35	0
76	79	0
22	52	0
66	74	0
40	91	0
35	61	0
37	14	0
65	13	0
38	89	0
7	72	0
72	87	0
89	58	0
16	89	0
29	32	0
99	69	0
27	60	0
27	84	0
48	97	0
49	45	0
36	3	0
19	39	0
71	91	0
81	98	0
60	85	0
76	21	0
5	69	0
59	2	0
74	10	0
71	20	0
80	20	0
31	62	0
0	68	0
53	60	0
79	35	0
32	77	0
88	25	0
53	87	0
28	66	0
28	12	0
76	72	0
30	68	0
42	12	0
4	99	0
76	18	0
97	85	0
85	96	0
86	21	0
5	78	0
13	72	0
94	46	0
50	75	0
34	47	0
53	72	0
57	75	0
51	58	0
8	80	0
27	64	0
65	10	0
5	66	0
74	99	0
74	41	0
39	91	0
89	59	0
40	16	0
40	57	0
22	75	0
36	93	0
53	38	0
67	28	0
19	30	0
96	67	0
78	45	0
83	57	0
3	81	0
61	17	0
18	85	0
68	68	0
50	43	0
58	53	0
54	12	0
8	9	1
2	55	0
77	45	0
51	10	0
79	59	0
46	87	0
68	47	0
98	28	0
93	9	0
1	60	0
87	71	0
22	96	0
93	63	0
42	93	0
56	31	0
46	0	0
20	92	0
68	32	0
41	55	0
46	76	0
47	8	0
28	97	0
69	94	0
85	79	0
67	29	0
89	72	0
7	88	0
47	38	0
60	2	0
70	24	0
37	17	0
40	3	0
55	9	0
53	45	0
71	36	0
37	54	0
26	49	0
52	58	0
69	83	0
84	78	0
57	91	0
89	9	0
93	52	0
80	2	0
14	55	0
28	2	0
83	38	0
53	21	0
78	71	0
3	39	0
49	68	0
50	22	0
27	97	0
35	90	0
26	71	0
99	67	0
39	29	0
37	4	0
27	61	0
91	55	0
80	26	0
68	90	0
17	12	0
64	95	0
9	73	0
42	90	0
42	35	0
1	56	0
77	5	0
22	27	0
87	12	0
39	16	0
13	3	0
84	5	0
34	49	0
10	39	0
82	24	0
92	59	0
6	31	0
31	25	0
0	57	0
25	89	0
14	81	0
5	9	0
35	92	0
45	65	0
45	37	0
65	22	0
46	87	0
35	66	0
88	95	0
45	26	0
20	49	0
30	37	0
56	79	0
81	97	0
49	18	0
85	1	0
33	0	0
50	12	0
61	10	0
18	42	0
82	55	0
65	3	0
18	37	0
55	8	0
54	50	0
48	49	0
23	62	0
80	84	0
69	51	0
19	51	0
57	32	0
18	12	1
94	7	0
53	8	0
64	16	0
60	42	0
27	36	0
6	71	0
67	75	0
16	78	0
31	92	0
22	93	0
47	23	0
39	35	0
93	59	0
66	48	0
8	79	0
82	79	0
57	93	0
19	32	0
75	21	0
57	95	0
74	2	0
92	59	0
81	47	0
36	18	0
44	49	0
36	50	0
91	78	0
7	16	0
72	24	0
90	8	0
14	44	0
29	93	0
70	74	0
81	0	0
4	62	0
98	30	0
44	96	0
76	8	0
60	48	0
44	51	0
49	39	0
34	41	0
51	35	0
76	79	0
78	53	0
38	35	0
81	69	0
21	53	0
16	92	0
86	86	0
37	29	0
1	74	0
67	18	0
90	15	0
73	44	0
14	62	0
62	35	0
30	35	0
56	44	0
8	99	0
64	29	0
52	14	0
84	50	0
46	21	0
32	82	0
28	4	0
80	50	0
11	3	1
70	96	0
0	86	0
36	51	0
51	78	0
56	31	0
20	96	0
14	44	0
27	39	0
58	14	0
89	30	0
85	22	0
87	94	0
21	60	0
34	16	0
33	29	0
81	23	0
51	60	0
74	92	0
21	38	0
74	95	0
84	72	0
38	78	0
78	5	0
71	41	0
82	16	0
70	12	0
45	17	0
42	31	0
92	4	0
76	30	0
4	63	0
91	19	0
89	95	0
10	95	0
91	61	0
51	47	0
23	12	0
92	86	0
77	55	0
23	99	0
66	27	0
80	48	0
91	54	0
83	61	0
28	74	0
85	78	0
37	93	0
89	72	0
35	39	0
24	92	0
95	85	0
32	37	0
31	44	0
70	74	0
61	90	0
50	65	0
54	95	0
55	59	0
37	62	0
30	63	0
83	19	0
16	90	0
79	56	0
21	91	0
43	63	0
43	75	0
83	27	0
28	29	0
20	48	0
59	38	0
95	72	0
69	12	0
90	97	0
73	99	0
36	47	0
63	7	0
34	41	0
30	85	0
45	33	0
58	68	0
69	81	0
35	20	0
81	94	0
43	27	0
34	15	0
66	42	0
33	80	0
43	16	0
7	62	0
89	78	0
57	94	0
53	42	0
81	11	0
45	74	0
43	50	0
98	59	0
90	0	0
4	76	0
72	7	0
71	78	0
71	30	0
36	3	0
37	69	0
79	78	0
34	72	0
55	79	0
74	21	0
17	70	0
66	14	0
43	63	0
59	99	0
29	98	0
95	4	0
88	15	0
65	11	0
42	88	0
13	88	0
6	84	0
76	48	0
72	66	0
82	60	0
23	45	0
80	43	0
69	60	0
86	73	0
62	63	0
20	59	0
26	73	0
37	26	0
45	37	0
2	46	0
53	63	0
38	43	0
89	34	0
80	36	0
67	1	0
81	33	0
54	78	0
16	50	0
57	34	0
92	72	0
62	86	0
96	73	0
20	55	0
51	71	0
63	51	0
27	55	0
92	27	0
20	59	0
36	26	0
90	50	0
78	99	0
58	52	0
20	63	0
45	5	0
63	71	0
30	85	0
43	25	0
75	80	0
94	69	0
18	99	0
56	70	0
12	71	0
72	62	0
31	54	0
47	64	0
37	77	0
60	69	0
25	32	0
14	63	0
88	78	0
81	50	0
99	57	0
26	68	0
56	81	0
68	30	0
89	25	0
39	41	0
96	16	0
13	87	0
27	32	0
31	78	0
84	56	0
21	40	0
93	68	0
13	98	0
9	73	0
19	10	0
94	91	0
35	29	0
4	77	0
76	91	0
43	60	0
82	74	0
31	89	0
99	33	0
26	16	0
37	85	0
33	72	0
37	19	0
22	40	0
1	22	0
88	72	0
87	14	0
59	9	0
72	15	0
94	40	0
26	8	0
33	43	0
93	41	0
13	57	0
48	84	0
3	49	0
15	76	0
81	53	0
44	96	0
70	51	0
75	75	0
37	33	0
76	63	0
36	57	0
84	44	0
10	70	0
60	34	0
35	67	0
75	33	0
56	37	0
98	84	0
97	95	0
85	85	0
21	80	0
21	33	0
58	49	0
49	74	0
32	18	0
18	3	0
37	72	0
9	37	0
65	4	0
66	86	0
81	63	0
91	16	0
14	46	0
11	1	1
76	91	0
3	99	0
48	5	0
62	52	0
71	15	0
11	4	1
42	17	0
21	35	0
47	16	0
67	4	0
44	84	0
59	21	0
31	92	0
75	4	0
30	38	0
53	70	0
73	25	0
92	73	0
63	77	0
33	73	0
45	86	0
74	89	0
85	58	0
19	66	0
79	78	0
60	96	0
12	35	0
18	48	0
93	38	0
31	91	0
99	94	0
67	81	0
46	1	0
51	47	0
85	55	0
57	87	0
80	50	0
95	72	0
85	30	0
15	61	0
0	56	0
74	84	0
75	38	0
51	61	0
54	9	0
32	16	0
79	74	0
26	36	0
11	66	0
45	48	0
58	43	0
35	12	0
57	31	0
16	85	0
20	41	0
11	55	0
7	72	0
77	52	0
18	19	0
63	12	0
95	25	0
81	3	0
56	73	0
7	62	0
65	28	0
47	31	0
66	79	0
80	10	0
42	46	0
50	61	0
48	83	0
20	98	0
26	68	0
44	86	0
27	37	0
74	81	0
52	46	0
31	77	0
61	33	0
8	47	0
60	61	0
60	19	0
34	78	0
79	48	0
53	48	0
50	41	0
39	17	0
3	63	0
72	66	0
75	59	0
44	38	0
84	58	0
82	66	0
77	34	0
68	4	0
94	80	0
86	11	0
6	68	0
70	79	0
36	18	0
61	41	0
12	0	1
17	55	0
12	86	0
32	87	0
25	48	0
95	33	0
22	54	0
52	99	0
18	80	0
99	71	0
52	59	0
82	38	0
21	3	0
53	19	0
52	7	0
8	8	1
11	78	0
64	59	0
83	63	0
72	48	0
16	2	0
27	39	0
70	7	0
0	80	0
73	4	0
43	74	0
49	23	0
76	97	0
6	34	0
9	92	0
98	56	0
33	15	0
93	73	0
62	62	0
75	41	0
50	27	0
94	25	0
88	73	0
14	66	0
2	83	0
24	60	0
3	86	0
6	82	0
84	27	0
33	50	0
2	98	0
52	11	0
59	0	0
39	48	0
21	25	1
65	37	0
39	22	0
24	75	0
33	33	0
78	12	0
12	38	0
84	53	0
89	1	0
65	52	0
26	11	0
49	17	0
11	99	0
59	78	0
38	70	0
36	14	0
3	81	0
0	93	0
64	50	0
89	42	0
37	29	0
30	77	0
22	26	1
94	83	0
56	26	0
48	72	0
64	98	0
20	25	1
1	85	0
66	25	0
55	64	0
27	32	0
98	71	0
42	67	0
99	19	0
73	16	0
92	19	0
84	84	0
45	59	0
27	88	0
84	6	0
23	5	0
66	89	0
66	73	0
18	51	0
71	38	0
73	86	0
89	13	0
95	53	0
22	71	0
59	47	0
26	23	0
92	21	0
38	43	0
62	10	0
90	99	0
84	74	0
45	70	0
75	31	0
70	76	0
1	91	0
47	3	0
10	92	0
10	72	0
69	70	0
76	97	0
80	7	0
96	87	0
84	4	0
82	71	0
60	1	0
88	37	0
80	52	0
56	28	0
11	70	0
58	87	0
56	74	0
17	48	0
5	40	0
33	97	0
9	67	0
44	1	0
38	57	0
14	67	0
39	25	0
6	46	0
91	50	0
50	17	0
1	46	0
27	88	0
76	65	0
0	1	0
94	70	0
20	80	0
57	45	0
33	52	0
94	41	0
57	41	0
1	13	0
1	50	0
21	58	0
94	70	0
67	49	0
99	61	0
1	55	0
60	57	0
13	67	0
3	17	0
79	60	0
27	66	0
45	10	0
34	33	0
8	82	0
31	88	0
5	4	0
80	46	0
69	59	0
83	66	0
75	79	0
44	86	0
44	17	0
0	73	0
47	67	0
41	55	0
59	49	0
85	11	0
