95	64	0
54	14	0
36	20	0
51	97	0
5	28	0
99	32	0
94	83	0
8	9	1
46	15	0
73	87	0
42	43	0
81	38	0
2	81	0
23	12	0
17	64	0
97	13	0
96	80	0
65	26	0
29	54	0
95	68	0
90	3	0
44	79	0
68	84	0
75	98	0
69	1	0
42	97	0
51	1	0
78	80	0
69	88	0
91	56	0
3	38	0
34	36	0
43	28	0
85	26	0
38	45	0
90	69	0
12	90	0
61	82	0
95	26	0
79	89	0
48	4	0
21	47	0
77	50	0
99	54	0
61	73	0
96	46	0
9	87	0
38	44	0
55	15	0
90	48	0
22	69	0
58	14	0
29	88	0
53	88	0
30	64	0
98	71	0
39	33	0
34	46	0
79	78	0
96	90	0
85	14	0
13	93	0
97	12	0
48	2	0
86	72	0
39	28	0
23	83	0
73	12	0
35	74	0
88	79	0
59	59	0
17	29	0
76	87	0
27	41	0
15	46	0
88	41	0
14	42	0
36	79	0
57	85	0
78	22	0
45	98	0
65	99	0
0	7	0
12	14	0
94	19	0
98	18	0
37	55	0
78	47	0
24	33	0
78	54	0
35	49	0
33	8	0
35	1	0
70	42	0
16	90	0
63	7	0
51	78	0
44	9	0
39	24	0
87	38	0
38	65	0
68	48	0
12	70	0
70	88	0
7	80	0
46	76	0
83	49	0
62	5	0
49	66	0
7	61	0
56	7	0
55	59	0
11	67	0
44	4	0
39	60	0
24	34	0
88	79	0
52	42	0
0	4	0
24	98	0
80	0	0
66	68	0
13	32	0
84	77	0
91	10	0
66	66	0
54	82	0
31	18	0
60	94	0
22	23	1
81	83	0
72	54	0
37	95	0
72	33	0
34	22	0
22	34	0
81	2	0
0	68	0
98	71	0
97	16	0
92	28	0
41	58	0
62	14	0
88	89	0
4	13	0
38	14	0
86	80	0
39	40	0
91	70	0
80	80	0
57	21	0
47	30	0
56	61	0
7	47	0
29	78	0
18	56	0
80	70	0
47	62	0
45	95	0
79	59	0
72	77	0
56	78	0
20	44	0
91	81	0
0	35	0
40	40	0
22	21	0
18	76	0
38	70	0
95	22	0
33	32	0
73	12	0
34	81	0
66	23	0
52	36	0
77	79	0
22	52	0
67	72	0
40	92	0
35	61	0
35	15	0
65	13	0
38	88	0
9	72	0
72	85	0
89	57	0
18	90	0
29	33	0
99	67	0
27	59	0
27	85	0
48	96	0
49	44	0
35	2	0
19	38	0
71	90	0
82	98	0
61	86	0
75	21	0
4	71	0
60	2	0
75	9	0
69	21	0
80	19	0
30	62	0
0	67	0
52	61	0
78	36	0
32	78	0
90	25	0
52	88	0
29	66	0
29	10	0
75	72	0
29	68	0
42	14	0
6	98	0
75	18	0
98	86	0
84	95	0
86	22	0
5	78	0
12	71	0
95	46	0
50	76	0
33	47	0
53	72	0
58	74	0
50	58	0
9	80	0
28	64	0
64	10	0
7	66	0
74	98	0
74	41	0
41	90	0
91	57	0
40	15	0
41	57	0
22	75	0
35	93	0
53	38	0
67	28	0
19	30	0
95	67	0
77	44	0
83	57	0
3	81	0
62	16	0
19	86	0
69	67	0
51	45	0
57	52	0
53	12	0
8	9	1
2	55	0
78	44	0
50	9	0
80	58	0
46	86	0
68	47	0
99	30	0
93	9	0
1	60	0
87	70	0
21	98	0
95	64	0
44	94	0
56	30	0
45	0	0
21	92	0
67	31	0
40	56	0
47	76	0
49	8	0
27	99	0
68	93	0
86	80	0
69	29	0
90	73	0
6	89	0
46	37	0
60	1	0
70	23	0
37	17	0
41	3	0
54	9	0
53	46	0
70	36	0
38	53	0
26	49	0
51	59	0
69	84	0
83	79	0
57	89	0
89	9	0
92	51	0
79	3	0
14	55	0
28	3	0
82	39	0
54	21	0
77	72	0
4	37	0
49	70	0
48	22	0
27	98	0
35	90	0
25	70	0
99	66	0
38	30	0
38	4	0
28	61	0
91	54	0
81	26	0
68	88	0
17	11	0
66	93	0
9	73	0
42	88	0
41	36	0
0	54	0
75	4	0
24	29	0
86	12	0
39	15	0
11	2	1
83	5	0
34	47	0
11	40	0
82	24	0
93	59	0
6	29	0
31	26	0
0	59	0
27	91	0
14	82	0
5	8	0
36	91	0
45	66	0
46	36	0
65	22	0
45	89	0
35	67	0
88	96	0
46	26	0
20	50	0
30	37	0
55	77	0
81	96	0
48	18	0
85	1	0
33	0	0
51	12	0
59	10	0
18	42	0
82	55	0
64	4	0
19	37	0
53	7	0
54	51	0
47	47	0
24	63	0
81	84	0
67	50	0
20	52	0
57	32	0
17	12	1
95	7	0
53	8	0
65	17	0
60	43	0
25	35	0
6	72	0
68	75	0
17	80	0
30	91	0
22	93	0
48	22	0
40	34	0
92	57	0
67	48	0
9	79	0
83	78	0
57	93	0
19	33	0
75	21	0
57	97	0
72	2	0
93	59	0
82	48	0
37	19	0
45	48	0
36	49	0
91	78	0
7	16	0
72	23	0
89	8	0
14	43	0
29	93	0
70	75	0
81	1	0
4	63	0
98	29	0
45	94	0
76	8	0
60	47	0
45	51	0
48	40	0
35	40	0
52	35	0
76	79	0
78	51	0
37	36	0
82	70	0
21	53	0
17	93	0
86	88	0
36	29	0
0	76	0
68	18	0
90	15	0
74	44	0
14	63	0
63	35	0
31	36	0
55	44	0
6	99	0
65	27	0
52	15	0
84	50	0
47	21	0
34	82	0
28	5	0
80	52	0
10	1	1
71	96	0
1	87	0
34	51	0
51	78	0
55	31	0
21	97	0
14	44	0
27	38	0
59	14	0
90	28	0
85	22	0
86	93	0
20	59	0
35	17	0
32	28	0
80	22	0
52	60	0
76	91	0
21	39	0
75	95	0
85	71	0
36	78	0
79	5	0
73	42	0
82	17	0
70	13	0
44	17	0
43	31	0
92	4	0
76	30	0
3	63	0
90	18	0
90	95	0
9	96	0
92	60	0
51	48	0
22	13	0
90	86	0
77	54	0
23	99	0
67	28	0
79	49	0
89	54	0
82	61	0
28	73	0
84	78	0
38	93	0
87	74	0
35	39	0
26	92	0
96	85	0
31	37	0
32	43	0
70	74	0
62	91	0
51	64	0
55	95	0
55	58	0
38	63	0
31	63	0
82	20	0
15	91	0
80	56	0
23	92	0
45	62	0
42	76	0
84	27	0
28	29	0
20	48	0
58	36	0
95	70	0
69	12	0
89	98	0
71	98	0
35	46	0
63	7	0
33	40	0
31	86	0
46	34	0
56	67	0
70	80	0
35	21	0
82	95	0
42	26	0
36	14	0
66	42	0
32	80	0
42	18	0
7	62	0
88	78	0
56	94	0
54	43	0
82	11	0
46	74	0
43	49	0
96	59	0
90	0	0
4	75	0
73	8	0
70	80	0
72	29	0
36	3	0
38	69	0
79	80	0
33	73	0
54	81	0
74	23	0
16	71	0
66	14	0
44	62	0
60	99	0
30	98	0
93	6	0
89	15	0
65	12	0
43	87	0
13	89	0
5	86	0
75	47	0
72	65	0
82	62	0
23	47	0
81	42	0
68	60	0
87	74	0
62	62	0
19	59	0
28	71	0
39	28	0
45	38	0
3	46	0
54	63	0
39	44	0
90	34	0
80	36	0
68	0	0
80	33	0
53	76	0
15	52	0
57	33	0
93	73	0
62	87	0
96	73	0
19	55	0
52	71	0
62	50	0
26	53	0
92	28	0
20	57	0
36	26	0
88	50	0
79	99	0
58	54	0
19	64	0
44	5	0
64	72	0
31	85	0
43	25	0
75	82	0
95	70	0
19	99	0
55	69	0
13	71	0
72	61	0
31	56	0
46	64	0
37	78	0
61	70	0
25	32	0
13	62	0
87	80	0
81	51	0
99	57	0
27	68	0
57	82	0
67	30	0
89	26	0
40	42	0
95	16	0
12	87	0
28	31	0
29	79	0
84	57	0
20	39	0
93	67	0
12	98	0
8	72	0
20	9	0
94	91	0
34	29	0
4	77	0
76	91	0
44	62	0
84	73	0
31	89	0
98	33	0
27	17	0
37	85	0
33	71	0
37	19	0
22	41	0
0	20	0
87	72	0
87	14	0
59	10	0
73	13	0
95	41	0
26	8	0
33	43	0
95	40	0
12	57	0
50	84	0
2	49	0
15	76	0
81	54	0
46	96	0
71	50	0
75	77	0
37	32	0
75	64	0
37	58	0
84	43	0
9	71	0
59	34	0
36	67	0
74	33	0
57	38	0
98	83	0
99	96	0
85	84	0
21	80	0
21	33	0
58	50	0
50	75	0
33	18	0
18	5	0
36	73	0
10	38	0
65	3	0
68	87	0
79	62	0
92	17	0
15	45	0
11	2	1
76	92	0
3	99	0
48	6	0
62	53	0
71	15	0
11	5	1
42	18	0
21	37	0
46	15	0
67	4	0
44	85	0
58	22	0
32	90	0
75	6	0
31	39	0
52	70	0
72	24	0
91	74	0
62	76	0
34	73	0
47	85	0
74	87	0
84	58	0
19	66	0
80	77	0
60	98	0
12	34	0
20	47	0
92	36	0
31	92	0
99	93	0
67	81	0
47	2	0
52	47	0
86	54	0
55	87	0
81	49	0
94	73	0
84	30	0
16	61	0
1	56	0
72	83	0
77	36	0
50	61	0
53	11	0
31	16	0
78	75	0
26	34	0
10	65	0
47	50	0
59	43	0
35	12	0
58	32	0
16	86	0
19	40	0
10	56	0
9	71	0
76	52	0
18	21	0
63	13	0
96	25	0
80	1	0
56	74	0
8	61	0
65	27	0
47	31	0
65	79	0
81	10	0
43	47	0
50	63	0
49	84	0
20	98	0
26	68	0
43	86	0
27	35	0
75	80	0
53	46	0
30	77	0
62	33	0
8	48	0
60	63	0
60	19	0
34	77	0
79	48	0
54	48	0
52	41	0
40	17	0
4	63	0
73	66	0
73	58	0
43	36	0
83	58	0
84	67	0
76	33	0
69	4	0
93	80	0
86	13	0
6	68	0
70	78	0
35	17	0
61	40	0
13	2	1
16	57	0
11	86	0
33	86	0
26	48	0
95	31	0
22	54	0
53	97	0
19	80	0
98	72	0
51	60	0
84	38	0
21	3	0
54	18	0
52	7	0
6	8	1
11	78	0
64	60	0
83	65	0
72	49	0
16	2	0
27	38	0
69	7	0
0	81	0
72	4	0
42	73	0
50	21	0
76	98	0
8	34	0
9	94	0
98	54	0
32	14	0
93	75	0
61	64	0
75	41	0
49	28	0
94	26	0
87	73	0
15	65	0
3	81	0
24	61	0
5	86	0
5	81	0
82	26	0
33	49	0
1	99	0
50	10	0
59	0	0
39	47	0
22	26	1
66	37	0
39	22	0
24	74	0
32	32	0
80	12	0
11	38	0
82	52	0
90	0	0
64	53	0
25	10	0
50	19	0
10	99	0
58	78	0
36	71	0
35	14	0
2	80	0
0	93	0
65	50	0
90	40	0
37	31	0
30	76	0
22	25	1
93	83	0
55	27	0
48	71	0
63	99	0
19	25	1
2	86	0
67	27	0
56	63	0
26	32	0
97	70	0
41	67	0
98	19	0
72	16	0
93	20	0
85	82	0
45	60	0
29	88	0
83	8	0
22	5	0
67	90	0
66	72	0
19	51	0
72	38	0
74	86	0
89	13	0
95	52	0
23	71	0
60	46	0
25	23	0
92	21	0
38	44	0
62	10	0
91	98	0
85	74	0
44	71	0
75	32	0
72	75	0
0	92	0
48	2	0
9	90	0
9	72	0
69	69	0
74	96	0
81	8	0
96	88	0
82	5	0
81	71	0
60	1	0
88	36	0
81	51	0
56	29	0
11	70	0
57	89	0
57	75	0
18	48	0
4	40	0
34	97	0
11	67	0
44	0	0
39	55	0
13	67	0
40	25	0
5	46	0
91	52	0
51	17	0
1	46	0
27	87	0
75	65	0
0	2	0
93	69	0
20	80	0
58	46	0
33	52	0
95	41	0
56	43	0
1	11	0
0	50	0
21	58	0
94	69	0
66	47	0
98	61	0
3	54	0
61	59	0
13	67	0
2	18	0
79	59	0
25	66	0
45	11	0
35	35	0
8	81	0
31	87	0
5	3	0
82	45	0
70	58	0
81	66	0
74	79	0
44	86	0
45	16	0
0	73	0
46	66	0
41	53	0
58	48	0
85	12	0
