93	71	0
29	26	0
60	99	0
11	8	0
90	36	0
83	97	0
44	78	0
69	46	0
2	83	0
0	4	0
18	94	0
93	48	0
68	76	0
29	38	0
75	84	0
98	49	0
46	97	0
38	84	1
64	75	0
41	16	0
80	67	0
85	91	0
83	82	0
5	29	0
74	16	1
70	67	0
26	91	1
84	28	0
69	93	0
47	67	0
72	78	0
97	54	0
99	20	0
94	81	0
35	8	0
7	74	1
41	92	0
77	42	0
28	14	0
98	84	0
84	83	0
96	14	0
97	17	0
20	41	0
61	87	0
8	90	0
92	2	0
68	95	0
7	30	0
81	82	0
95	32	0
28	83	1
57	94	0
82	12	1
27	85	1
20	13	0
92	8	0
78	36	0
41	79	0
74	24	0
53	52	0
83	31	0
12	96	0
43	81	0
95	66	0
67	91	0
1	62	0
52	91	0
96	53	0
70	20	1
43	36	0
32	8	0
70	59	0
6	88	0
98	29	0
40	64	0
86	56	0
93	2	0
75	94	0
73	82	0
10	26	0
65	80	0
84	68	0
81	43	0
18	98	0
66	39	0
90	55	0
92	34	0
96	37	0
16	56	0
7	16	0
98	53	0
53	91	0
42	75	0
56	89	0
74	31	0
71	68	0
79	77	0
86	69	0
23	21	0
18	9	0
85	55	0
94	5	0
26	98	0
18	42	0
74	71	0
61	81	0
57	79	0
43	9	0
50	83	0
62	77	0
79	54	0
21	95	0
87	81	0
2	78	0
20	53	0
77	86	0
89	74	0
48	67	0
60	44	0
83	36	0
33	95	1
52	75	0
23	46	0
51	82	0
42	27	0
93	85	0
30	97	1
86	4	0
78	33	0
65	85	0
62	79	0
62	70	0
23	29	0
23	67	0
55	89	0
79	67	0
44	94	0
58	87	0
75	19	1
41	91	0
27	33	0
77	67	0
62	49	0
72	73	0
74	33	0
14	86	0
57	53	0
92	35	0
62	39	0
50	19	0
87	27	0
67	76	0
72	99	0
84	72	0
96	22	0
99	33	0
96	67	0
27	85	1
67	71	0
54	90	0
75	20	0
11	82	0
90	9	0
15	41	0
30	91	1
29	90	0
80	73	0
74	78	0
90	50	0
89	60	0
48	83	0
92	67	0
54	3	0
46	26	0
83	47	0
33	76	0
60	76	0
78	72	0
80	6	0
96	51	0
99	34	0
69	59	0
72	90	0
56	10	0
5	90	0
6	88	0
96	62	0
77	59	0
76	13	0
98	77	0
22	14	0
32	96	1
46	95	0
87	3	0
85	8	0
97	32	0
82	34	0
71	30	0
7	6	0
21	87	0
44	88	0
89	43	0
72	94	0
97	85	0
66	39	0
66	83	0
77	17	1
8	1	0
33	7	0
33	21	0
83	38	0
79	23	0
7	45	0
24	19	0
92	80	0
95	71	0
81	19	1
98	9	0
66	0	0
78	16	1
35	13	0
97	91	0
23	82	0
2	97	0
35	38	0
71	43	0
69	69	0
63	82	0
92	84	0
68	30	0
74	77	0
97	30	0
83	65	0
65	47	0
95	74	0
64	13	0
97	9	0
29	46	0
65	95	0
97	38	0
93	36	0
74	96	0
92	36	0
65	15	0
47	50	0
62	93	0
74	86	0
20	84	0
90	82	0
2	97	0
93	1	0
88	13	0
56	82	0
14	99	0
83	42	0
92	69	0
27	0	0
46	92	0
54	76	0
0	24	0
88	33	0
99	6	0
77	95	0
11	23	0
77	30	0
70	81	0
10	34	0
45	83	0
83	48	0
31	96	1
84	8	0
80	15	1
94	67	0
9	76	1
63	17	0
85	91	0
38	97	0
65	56	0
5	36	0
63	86	0
61	49	0
94	47	0
70	44	0
70	55	0
4	51	0
91	68	0
26	95	1
87	64	0
8	96	0
78	86	0
33	21	0
74	62	0
66	96	0
54	92	0
94	53	0
69	6	0
3	71	1
68	40	0
28	99	0
88	21	0
95	50	0
73	33	0
87	71	0
46	93	0
58	99	0
29	96	1
94	89	0
69	83	0
16	0	0
6	85	0
79	84	0
60	93	0
69	32	0
81	62	0
97	5	0
88	11	0
95	86	0
63	86	0
86	18	0
87	16	0
69	93	0
32	96	1
86	12	0
98	2	0
76	28	0
7	50	0
11	91	0
22	99	0
84	87	0
85	98	0
83	93	0
86	68	0
75	79	0
9	91	0
28	17	0
5	1	0
40	41	0
91	21	0
83	38	0
70	59	0
59	12	0
86	83	0
68	83	0
84	51	0
74	63	0
24	10	0
95	40	0
67	91	0
47	39	0
22	90	0
77	95	0
97	67	0
18	71	0
40	67	0
65	73	0
49	97	0
9	45	0
77	72	0
96	49	0
92	69	0
32	79	0
60	82	0
91	20	0
81	8	0
11	77	0
36	90	0
93	68	0
72	73	0
1	92	0
9	79	0
77	93	0
29	18	0
3	80	0
71	79	0
64	66	0
84	87	0
0	85	0
80	49	0
15	5	0
58	88	0
7	92	0
0	13	0
89	63	0
82	15	1
77	23	0
15	16	0
18	48	0
70	34	0
63	77	0
32	79	1
63	58	1
88	78	0
85	43	0
73	78	0
74	85	0
1	61	0
83	60	0
62	31	0
92	44	0
87	90	0
82	72	0
58	57	1
43	80	0
96	77	0
90	8	0
51	76	0
1	98	0
68	31	0
64	14	0
77	20	1
73	17	1
79	27	0
26	30	0
55	92	0
60	57	0
34	80	0
66	91	0
90	61	0
89	32	0
83	67	0
91	95	0
87	47	0
85	97	0
36	86	1
73	73	0
76	44	0
48	86	0
90	82	0
80	71	0
96	29	0
50	78	0
78	24	0
58	41	0
88	85	0
90	50	0
19	83	0
31	91	1
84	31	0
72	33	0
98	41	0
86	9	0
98	81	0
84	14	0
78	35	0
10	84	0
20	98	0
52	33	0
29	63	0
50	81	0
65	5	0
11	92	0
75	50	0
16	13	0
17	62	0
74	73	0
73	66	0
80	67	0
83	51	0
74	69	0
91	49	0
5	40	0
94	84	0
64	58	1
49	92	0
4	72	1
87	18	0
43	95	0
20	89	0
96	49	0
67	30	0
20	14	0
29	34	0
7	63	1
80	53	0
95	33	0
20	15	0
46	8	0
52	71	0
97	81	0
14	5	0
44	79	0
59	26	0
85	77	0
69	66	0
63	86	0
8	49	0
99	46	0
88	64	0
1	80	0
32	92	1
0	93	0
50	35	0
88	22	0
10	17	0
91	32	0
77	14	0
45	32	0
13	98	0
61	82	0
19	80	1
27	27	0
30	93	1
58	55	1
76	46	0
62	86	0
20	91	0
71	39	0
7	4	0
81	58	0
79	34	0
83	35	0
69	27	0
54	94	0
37	98	0
79	35	0
59	96	0
71	63	0
84	45	0
59	98	0
90	42	0
95	99	0
85	85	0
55	89	0
90	12	0
75	78	0
66	27	0
90	52	0
85	99	0
82	14	1
93	98	0
85	19	0
79	67	0
6	91	0
82	96	0
78	81	0
3	18	0
14	92	0
11	79	1
85	32	0
21	94	0
54	82	0
84	32	0
82	48	0
22	99	0
86	46	0
92	49	0
77	44	0
85	30	0
0	91	0
12	12	0
62	79	0
14	58	0
28	11	0
3	91	0
98	40	0
84	86	0
91	54	0
88	78	0
75	45	0
4	75	1
78	23	0
98	38	0
