97	66	0
54	8	0
37	19	0
40	94	0
4	38	0
90	27	0
86	78	0
12	4	0
50	10	0
72	92	0
42	37	0
79	37	0
0	85	0
21	2	0
15	68	0
96	8	0
96	90	0
62	29	0
29	54	0
98	65	0
91	1	0
42	73	0
75	84	0
79	93	0
65	4	0
30	94	0
57	10	0
76	79	0
71	91	0
99	58	0
0	42	0
30	31	0
40	29	0
78	20	0
41	47	0
92	74	0
11	92	0
68	76	0
91	23	0
80	93	0
45	7	0
26	53	0
69	56	0
98	54	0
57	75	0
97	48	0
20	99	0
37	46	0
56	15	0
83	45	0
17	63	0
60	10	0
31	92	0
55	86	0
27	65	0
94	71	0
48	27	0
37	46	0
83	75	0
95	98	0
92	13	0
15	97	0
94	12	0
51	7	0
93	71	0
40	33	0
20	83	0
83	6	0
31	79	0
84	73	0
63	50	0
21	29	0
86	83	0
30	39	0
14	48	0
88	37	0
22	26	1
16	39	0
38	82	0
59	90	0
72	26	0
47	95	0
63	98	0
0	7	0
13	18	0
94	22	0
99	21	0
36	59	0
82	46	0
21	29	0
75	52	0
40	56	0
33	12	0
36	2	0
71	49	0
23	88	0
57	5	0
50	74	0
42	3	0
38	26	0
93	45	0
50	60	0
64	48	0
16	76	0
69	82	0
9	78	0
45	76	0
86	47	0
67	13	0
55	69	0
6	56	0
57	6	0
52	63	0
9	69	0
48	2	0
32	57	0
20	33	0
85	81	0
44	40	0
4	1	0
23	96	0
81	0	0
69	64	0
14	31	0
82	77	0
94	15	0
62	70	0
54	87	0
31	22	0
64	92	0
20	18	1
73	88	0
62	53	0
36	96	0
75	33	0
38	23	0
22	34	0
79	1	0
11	11	1
4	72	0
95	71	0
92	12	0
88	33	0
41	56	0
60	5	0
91	95	0
4	7	0
40	13	0
15	13	1
82	82	0
36	38	0
94	68	0
84	78	0
52	27	0
49	36	0
67	59	0
3	47	0
25	82	0
15	58	0
82	75	0
55	71	0
43	96	0
82	50	0
68	77	0
51	84	0
28	44	0
88	80	0
1	37	0
33	39	0
26	24	0
19	73	0
36	72	0
99	20	0
42	35	0
77	10	0
36	82	0
70	23	0
54	28	0
79	78	0
26	53	0
62	69	0
35	99	0
37	63	0
39	5	0
68	16	0
32	90	0
17	82	0
70	85	0
93	57	0
18	92	0
29	33	0
92	69	0
26	59	0
36	79	0
38	94	0
52	45	0
32	8	0
17	35	0
78	95	0
89	97	0
61	92	0
78	15	0
4	63	0
66	0	0
60	15	0
66	21	0
84	19	0
28	62	0
6	73	0
63	63	0
75	36	0
30	76	0
88	19	0
56	86	0
32	64	0
28	17	0
84	73	0
33	68	0
42	9	0
4	88	0
81	15	0
95	79	0
83	92	0
85	20	0
3	80	0
17	76	0
94	51	0
51	73	0
36	46	0
47	76	0
59	71	0
55	57	0
6	82	0
34	71	0
62	16	0
5	65	0
68	95	0
65	43	0
36	94	0
88	57	0
41	16	0
42	56	0
9	78	0
40	92	0
57	34	0
69	27	0
10	32	0
86	66	0
72	46	0
79	51	0
9	86	0
56	12	0
13	82	0
65	63	0
57	45	0
70	57	0
57	4	0
16	5	1
4	56	0
75	43	0
52	12	0
72	58	0
50	82	0
64	51	0
92	30	0
91	14	0
4	60	0
89	66	0
22	94	0
92	56	0
36	88	0
57	33	0
46	1	0
19	91	0
69	35	0
44	56	0
43	75	0
51	4	0
23	95	0
74	85	0
87	87	0
61	30	0
94	73	0
8	89	0
40	40	0
59	0	0
63	17	0
36	22	0
44	4	0
56	10	0
55	50	0
74	34	0
36	51	0
25	47	0
51	54	0
70	78	0
92	74	0
55	87	0
79	12	0
98	53	0
79	1	0
9	56	0
29	7	0
91	33	0
47	24	0
74	74	0
8	43	0
48	72	0
54	30	0
25	96	0
35	88	0
29	69	0
91	56	0
41	26	0
38	2	0
24	56	0
91	52	0
76	19	0
77	99	0
14	8	0
64	89	0
9	77	0
43	83	0
32	33	0
4	54	0
82	9	0
20	35	0
81	13	0
42	9	0
18	0	0
81	4	0
30	50	0
10	42	0
88	29	0
94	60	0
7	27	0
27	35	0
1	60	0
32	82	0
14	73	0
4	9	0
36	95	0
45	66	0
37	29	0
63	31	0
48	83	0
39	68	0
89	96	0
37	25	0
16	49	0
31	39	0
53	77	0
80	95	0
53	7	0
74	1	0
34	6	0
47	9	0
61	9	0
19	48	0
75	59	0
67	2	0
23	46	0
63	7	0
52	55	0
46	50	0
29	65	0
77	85	0
63	52	0
18	62	0
61	36	0
23	18	0
96	8	0
49	5	0
68	16	0
52	38	0
21	41	0
18	72	0
69	74	0
12	76	0
33	95	0
25	95	0
49	22	0
32	33	0
86	63	0
58	48	0
6	78	0
76	75	0
62	90	0
23	34	0
69	24	0
66	97	0
73	2	0
96	62	0
76	43	0
32	18	0
40	47	0
38	48	0
89	80	0
10	27	0
75	31	0
86	9	0
14	55	0
30	92	0
70	79	0
86	6	0
4	72	0
96	33	0
47	90	0
3	10	1
78	8	0
61	54	0
40	53	0
57	47	0
29	40	0
48	38	0
73	73	0
74	51	0
43	30	0
74	66	0
23	49	0
25	92	0
83	85	0
42	17	0
3	73	0
68	20	0
84	21	0
68	45	0
17	60	0
62	28	0
28	33	0
52	38	0
5	96	0
62	37	0
55	19	0
92	52	0
45	23	0
34	74	0
33	7	0
81	42	0
8	3	0
61	98	0
4	89	0
38	41	0
55	84	0
55	30	0
19	95	0
17	44	0
22	41	0
59	19	0
97	34	0
81	19	0
86	99	0
24	58	0
15	16	1
35	13	0
34	25	0
85	21	0
51	61	0
76	83	0
22	33	0
67	99	0
86	68	0
41	76	0
74	10	0
70	38	0
82	18	0
69	21	0
45	20	0
36	31	0
96	2	0
66	28	0
1	65	0
92	16	0
91	95	0
11	93	0
86	61	0
42	49	0
24	2	0
92	88	0
79	55	0
27	98	0
63	22	0
77	44	0
93	59	0
82	67	0
29	80	0
75	83	0
33	91	0
85	75	0
36	39	0
26	90	0
99	87	0
34	34	0
25	46	0
64	69	0
63	93	0
52	68	0
46	93	0
61	62	0
36	61	0
34	64	0
80	23	0
14	92	0
86	52	0
20	84	0
43	53	0
46	79	0
80	28	0
22	32	0
18	42	0
60	42	0
93	73	0
62	19	0
85	97	0
71	98	0
38	44	0
57	10	0
32	44	0
23	85	0
37	33	0
55	69	0
68	80	0
35	21	0
78	89	0
50	33	0
39	18	0
65	41	0
22	77	0
41	12	0
4	60	0
90	78	0
64	95	0
53	46	0
81	12	0
39	71	0
41	55	0
98	53	0
95	0	0
0	75	0
70	2	0
83	75	0
69	23	0
31	2	0
34	67	0
77	82	0
38	75	0
51	80	0
78	19	0
16	66	0
61	6	0
43	67	0
62	98	0
30	91	0
89	7	0
91	22	0
61	12	0
34	87	0
15	92	0
7	91	0
79	51	0
74	58	0
79	66	0
16	44	0
85	46	0
65	60	0
85	76	0
71	63	0
26	52	0
18	69	0
38	28	0
46	43	0
4	48	0
56	65	0
45	40	0
93	39	0
76	33	0
73	4	0
75	32	0
53	81	0
23	18	1
15	45	0
64	41	0
94	76	0
68	80	0
96	76	0
23	48	0
51	63	0
61	50	0
30	61	0
86	38	0
21	59	0
43	21	0
91	56	0
71	96	0
54	53	0
21	65	0
41	3	0
67	68	0
29	83	0
45	26	0
74	79	0
87	74	0
20	93	0
50	63	0
12	72	0
74	66	0
37	57	0
49	63	0
40	78	0
63	68	0
29	35	0
16	66	0
89	83	0
79	56	0
98	59	0
33	77	0
57	75	0
69	34	0
21	17	1
85	23	0
40	34	0
96	5	0
15	90	0
34	34	0
28	78	0
91	57	0
19	34	0
97	63	0
14	95	0
14	72	0
28	2	0
97	95	0
34	26	0
0	82	0
73	92	0
37	61	0
79	72	0
33	83	0
98	29	0
33	18	0
36	85	0
29	76	0
33	12	0
24	39	0
9	25	0
90	68	0
94	14	0
56	8	0
69	9	0
91	40	0
32	7	0
39	39	0
99	45	0
11	58	0
44	87	0
2	47	0
17	81	0
72	58	0
47	95	0
66	45	0
70	79	0
36	35	0
79	65	0
36	66	0
87	44	0
8	72	0
58	36	0
36	66	0
72	31	0
55	41	0
98	83	0
91	96	0
84	87	0
21	82	0
20	35	0
53	52	0
51	71	0
34	25	0
22	8	0
36	68	0
9	41	0
64	8	0
65	82	0
90	61	0
95	18	0
9	44	0
12	1	0
77	91	0
5	94	0
51	11	0
57	48	0
69	12	0
15	3	0
46	16	0
19	34	0
46	19	0
60	2	0
38	84	0
56	21	0
27	90	0
73	3	0
28	39	0
53	66	0
71	19	0
90	69	0
64	75	0
40	65	0
52	95	0
81	90	0
6	16	1
88	58	0
15	67	0
80	73	0
59	92	0
14	34	0
20	60	0
93	49	0
34	81	0
96	97	0
65	84	0
49	6	0
47	53	0
81	56	0
56	87	0
73	49	0
97	72	0
82	28	0
13	64	0
1	57	0
71	90	0
77	43	0
53	60	0
57	12	0
34	25	0
74	73	0
24	35	0
13	60	0
39	45	0
59	43	0
33	12	0
58	28	0
7	85	0
22	38	0
12	58	0
6	73	0
76	53	0
27	26	0
60	11	0
91	23	0
78	3	0
54	72	0
3	63	0
65	30	0
50	37	0
21	21	1
72	75	0
76	18	0
46	39	0
51	66	0
46	86	0
19	98	0
31	64	0
40	88	0
31	39	0
77	84	0
44	40	0
27	78	0
55	24	0
6	41	0
60	57	0
67	18	0
29	76	0
80	51	0
53	44	0
52	47	0
41	18	0
2	72	0
68	59	0
75	53	0
44	36	0
80	57	0
85	73	0
78	39	0
65	10	0
86	77	0
90	17	0
6	76	0
66	85	0
30	15	0
57	36	0
7	4	0
16	54	0
9	86	0
34	91	0
20	47	0
93	37	0
15	48	0
56	99	0
13	84	0
96	63	0
53	64	0
87	38	0
20	0	0
59	14	0
45	6	0
8	0	0
13	76	0
60	62	0
83	66	0
72	48	0
18	2	0
30	35	0
66	12	0
1	79	0
75	3	0
45	74	0
55	27	0
73	97	0
12	36	0
1	93	0
99	61	0
37	19	0
87	69	0
61	59	0
74	43	0
41	29	0
92	31	0
83	68	0
15	64	0
0	88	0
22	52	0
2	86	0
9	95	0
91	31	0
33	50	0
4	99	0
54	14	0
60	0	0
40	49	0
26	19	0
62	44	0
39	17	0
26	80	0
31	31	0
72	14	0
5	42	0
87	48	0
86	10	0
66	50	0
32	12	0
45	19	0
10	97	0
60	80	0
40	66	0
12	3	1
36	17	0
5	81	0
3	83	0
72	55	0
89	46	0
44	30	0
28	75	0
26	28	0
99	89	0
62	31	0
45	71	0
65	98	0
20	21	1
2	85	0
69	23	0
56	65	0
28	36	0
97	67	0
37	72	0
99	19	0
80	18	0
98	18	0
89	86	0
43	58	0
23	89	0
86	10	0
31	1	0
64	85	0
62	73	0
19	47	0
66	40	0
68	81	0
88	14	0
93	55	0
22	64	0
55	52	0
24	22	0
89	25	0
48	43	0
69	9	0
91	97	0
85	79	0
50	65	0
71	31	0
64	72	0
5	90	0
41	2	0
9	97	0
14	76	0
62	64	0
77	95	0
87	5	0
98	91	0
80	1	0
20	11	1
84	75	0
67	2	0
98	35	0
74	52	0
56	36	0
17	69	0
60	90	0
54	76	0
12	42	0
3	41	0
38	95	0
6	73	0
41	0	0
42	56	0
14	63	0
40	27	0
8	43	0
96	47	0
56	23	0
0	46	0
25	88	0
72	58	0
1	7	0
92	71	0
27	83	0
56	49	0
34	59	0
96	54	0
62	43	0
3	16	0
3	48	0
24	60	0
88	72	0
67	49	0
99	62	0
0	51	0
60	56	0
18	66	0
3	13	0
72	75	0
29	61	0
46	8	0
27	27	0
9	76	0
36	89	0
6	1	0
74	44	0
65	62	0
80	66	0
77	75	0
43	87	0
36	16	0
4	70	0
11	11	1
46	67	0
40	48	0
56	52	0
83	15	0
