95	71	0
27	25	0
60	99	0
14	8	0
88	32	0
84	99	0
43	79	0
70	43	0
3	82	0
1	2	0
18	91	0
92	46	0
69	73	0
29	36	0
78	89	0
97	47	0
45	98	0
37	81	1
65	77	0
42	16	0
76	65	0
82	89	0
80	82	0
3	30	0
76	12	0
73	68	0
28	91	1
84	24	0
70	93	0
47	65	0
74	74	0
97	55	0
97	20	0
92	83	0
36	5	0
3	73	1
42	89	0
76	46	0
28	12	0
99	85	0
84	82	0
96	14	0
97	16	0
22	39	0
61	87	0
7	86	0
90	0	0
67	96	0
5	29	0
77	83	0
93	31	0
27	83	1
57	93	0
82	17	0
27	85	1
23	12	0
92	6	0
77	35	0
43	78	0
76	24	0
53	52	0
81	29	0
11	98	0
44	80	0
96	64	0
70	94	0
1	64	0
51	90	0
94	49	0
69	18	1
46	40	0
30	9	0
70	61	0
7	84	0
95	30	0
42	64	0
89	55	0
92	2	0
76	97	0
76	82	0
7	28	0
67	80	0
84	70	0
80	44	0
21	99	0
67	39	0
88	52	0
91	30	0
99	37	0
17	54	0
4	16	0
98	56	0
54	90	0
43	78	0
56	91	0
71	33	0
70	68	0
79	81	0
85	66	0
23	23	0
18	11	0
81	55	0
94	4	0
26	99	0
23	45	0
71	71	0
61	83	0
55	80	0
43	4	0
52	79	0
61	79	0
81	55	0
21	93	0
89	81	0
1	78	0
17	53	0
77	85	0
90	74	0
46	68	0
61	43	0
83	38	0
30	92	1
51	72	0
25	44	0
57	80	0
41	25	0
92	84	0
29	98	0
88	5	0
79	36	0
65	88	0
66	75	0
59	68	0
21	32	0
22	68	0
56	89	0
79	68	0
44	94	0
55	85	0
74	18	1
42	91	0
25	29	0
75	67	0
60	47	0
72	72	0
76	34	0
10	86	0
56	54	0
93	37	0
65	38	0
49	18	0
88	27	0
64	76	0
76	99	0
82	70	0
94	23	0
99	34	0
98	69	0
28	86	1
69	73	0
53	91	0
77	21	0
11	84	0
93	7	0
17	39	0
33	92	1
27	89	0
82	72	0
73	76	0
92	49	0
86	57	0
45	82	0
91	65	0
57	3	0
43	24	0
82	46	0
32	73	0
62	76	0
76	70	0
81	5	0
95	51	0
97	35	0
69	63	0
71	88	0
58	10	0
4	93	0
8	87	0
95	61	0
74	61	0
78	13	0
97	77	0
21	14	0
31	96	0
48	93	0
90	1	0
86	4	0
98	31	0
80	32	0
72	34	0
5	6	0
17	90	0
47	88	0
50	64	1
90	43	0
70	95	0
99	87	0
67	36	0
72	82	0
76	15	1
11	3	0
33	4	0
35	24	0
82	39	0
80	23	0
7	47	0
25	21	0
90	82	0
94	69	0
80	20	1
97	8	0
67	3	0
82	13	1
34	13	0
98	89	0
23	83	0
1	98	0
38	37	0
71	41	0
67	69	0
61	80	0
89	83	0
69	28	0
75	79	0
98	33	0
86	70	0
68	50	0
94	75	0
62	14	0
96	8	0
29	47	0
66	94	0
99	37	0
24	86	1
98	37	0
73	96	0
94	35	0
64	15	0
49	50	0
60	93	0
73	86	0
21	86	0
92	84	0
2	98	0
90	0	0
91	16	0
56	82	0
14	99	0
81	40	0
92	69	0
26	1	0
48	90	0
38	80	1
54	74	0
0	24	0
90	33	0
99	4	0
77	97	0
12	23	0
77	30	0
67	82	0
13	29	0
47	84	0
83	51	0
28	94	1
84	8	0
82	16	1
93	66	0
9	75	0
60	17	0
85	94	0
35	99	0
67	57	0
3	36	0
63	87	0
59	51	0
94	47	0
71	48	0
71	57	0
6	47	0
90	68	0
25	94	1
88	64	0
7	97	0
79	84	0
33	20	0
72	62	0
67	95	0
55	94	0
91	55	0
72	3	0
5	73	1
67	41	0
30	99	0
89	25	0
94	47	0
73	33	0
85	72	0
45	95	0
59	99	0
28	95	0
97	86	0
71	83	0
18	0	0
6	84	0
79	85	0
59	92	0
58	57	1
70	31	0
82	60	0
99	5	0
87	10	0
94	88	0
65	85	0
84	18	0
88	13	0
70	93	0
31	96	0
82	10	0
99	0	0
75	29	0
8	52	0
12	94	0
20	99	0
87	84	0
86	95	0
85	92	0
84	68	0
75	77	0
8	90	0
30	19	0
5	2	0
41	41	0
93	23	0
81	40	0
67	58	0
57	11	0
83	83	0
68	81	0
84	52	0
75	62	0
24	10	0
96	40	0
66	92	0
47	41	0
21	90	0
74	94	0
96	69	0
18	73	0
38	67	0
66	72	0
48	97	0
10	45	0
79	69	0
93	51	0
90	68	0
32	78	0
59	84	0
91	21	0
84	7	0
12	79	0
36	88	0
96	73	0
75	76	0
2	92	0
9	80	0
78	93	0
29	19	0
4	80	0
69	80	0
62	62	0
83	89	0
4	86	0
76	48	0
16	5	0
56	89	0
5	92	0
1	16	0
91	64	0
82	14	1
78	23	0
14	18	0
16	51	0
71	35	0
66	76	0
33	81	1
63	57	1
89	78	0
84	43	0
75	77	0
73	82	0
0	60	0
84	60	0
65	31	0
91	43	0
90	92	0
81	74	0
67	53	1
56	58	1
42	79	0
96	76	0
92	8	0
49	76	0
1	99	0
68	28	0
66	15	0
80	20	1
75	18	1
77	25	0
27	31	0
56	90	0
62	59	0
34	82	0
66	92	0
90	60	0
88	29	0
85	69	0
88	95	0
90	46	0
86	94	0
34	84	1
73	75	0
77	46	0
48	85	0
87	81	0
81	71	0
94	26	0
54	80	0
78	23	0
59	41	0
88	88	0
91	53	0
19	85	0
31	92	1
86	28	0
75	33	0
97	43	0
86	9	0
97	82	0
84	16	0
79	34	0
13	86	0
21	98	0
52	34	0
31	62	0
50	80	0
63	4	0
13	92	0
78	51	0
15	11	0
18	61	0
73	73	0
72	63	0
81	67	0
84	48	0
73	67	0
87	50	0
6	44	0
94	85	0
66	57	0
49	95	0
6	73	1
89	18	0
47	92	0
22	88	0
98	44	0
67	28	0
21	14	0
30	37	0
9	63	1
80	54	0
93	32	0
21	13	0
46	5	0
52	74	0
99	83	0
12	4	0
44	78	0
61	26	0
87	73	0
69	66	0
65	84	0
9	48	0
96	47	0
89	63	0
1	81	0
31	91	1
0	97	0
53	34	0
91	22	0
9	20	0
90	30	0
79	15	0
47	35	0
14	98	0
60	83	0
19	78	1
28	26	0
28	94	1
58	57	1
79	46	0
64	83	0
20	88	0
71	41	0
8	4	0
82	56	0
84	32	0
80	35	0
69	29	0
55	90	0
35	99	0
81	38	0
60	97	0
68	60	0
84	45	0
62	94	0
91	42	0
93	99	0
85	83	0
51	88	0
90	15	0
77	76	0
65	27	0
28	91	1
86	55	0
86	99	0
85	14	0
95	95	0
86	21	0
78	69	0
10	92	0
81	96	0
77	79	0
5	17	0
13	91	0
10	76	1
85	29	0
23	98	0
56	81	0
82	31	0
80	47	0
20	99	0
84	45	0
92	48	0
75	47	0
86	30	0
1	89	0
13	8	0
62	78	0
12	59	0
28	9	0
4	90	0
99	44	0
83	88	0
89	54	0
86	78	0
75	46	0
3	75	1
77	21	0
98	37	0
