82	60	0
33	27	0
63	94	0
17	4	0
90	38	0
81	93	0
45	82	1
72	49	0
0	83	0
1	2	0
15	97	0
92	47	0
68	76	0
34	41	0
70	83	0
98	49	0
53	97	0
63	75	0
35	23	0
81	70	0
86	94	0
79	80	0
3	33	0
76	17	1
65	66	0
24	97	1
79	32	0
69	91	0
51	69	0
64	76	0
93	52	0
94	21	0
93	75	0
35	6	0
44	97	0
71	34	0
31	17	0
95	78	0
81	78	0
95	17	0
99	13	0
24	38	0
58	80	0
6	88	0
93	8	0
62	94	0
16	25	0
84	82	0
89	27	0
54	97	0
82	9	1
14	15	0
95	14	0
73	43	0
43	86	1
70	21	0
52	48	0
75	30	0
7	99	0
50	83	1
88	61	0
67	91	0
10	65	0
44	91	0
93	57	0
38	39	0
26	7	0
72	64	0
6	85	0
94	34	0
45	68	0
89	53	0
99	8	0
74	99	0
74	83	0
2	23	0
65	83	0
91	64	0
84	44	0
18	97	0
57	47	0
90	51	0
88	40	0
91	34	0
14	58	0
5	10	0
98	61	0
54	99	0
43	76	0
57	93	0
70	38	0
65	68	0
78	73	0
87	70	0
21	22	0
13	9	0
85	56	0
90	1	0
26	93	1
12	48	0
73	77	0
63	77	0
57	79	0
49	9	0
48	88	0
66	85	0
75	57	0
15	90	0
89	81	0
3	79	0
15	53	0
84	85	0
84	72	0
50	67	0
67	39	0
79	36	0
47	71	0
21	47	0
45	78	1
40	24	0
93	85	0
32	99	1
78	7	0
77	35	0
74	91	0
61	82	0
62	66	0
16	23	0
17	73	0
59	89	0
75	69	0
40	95	1
52	94	0
34	89	0
33	34	0
72	66	0
58	52	0
65	74	0
71	31	0
3	94	0
68	56	1
93	40	0
63	35	0
46	22	0
87	19	0
62	70	0
77	99	0
88	74	0
93	19	0
95	34	0
98	70	0
67	74	0
60	89	0
67	16	1
17	75	0
88	11	0
8	45	0
32	86	1
83	79	0
78	78	0
95	50	0
86	53	0
45	80	1
91	65	0
54	8	0
49	24	0
75	57	0
30	78	0
59	77	0
78	76	0
82	7	0
92	49	0
94	33	0
73	54	0
65	91	0
54	9	0
0	93	0
6	89	0
96	58	0
70	58	0
81	12	1
96	70	0
22	20	0
28	94	1
46	96	0
86	2	0
78	4	0
98	28	0
88	29	0
76	26	0
11	9	0
27	80	0
50	89	0
85	43	0
73	92	0
96	76	0
70	36	0
65	82	0
8	2	0
37	10	0
40	23	0
72	34	0
78	17	1
4	52	0
33	21	0
93	82	0
97	67	0
82	22	1
98	13	0
64	3	0
38	6	0
96	89	0
27	88	0
6	98	0
41	38	0
75	40	0
74	69	0
61	69	0
84	86	0
66	35	0
75	78	0
93	29	0
87	66	0
66	41	0
97	77	0
63	17	0
99	8	0
28	48	0
71	88	0
97	40	0
92	43	0
72	97	0
90	38	0
65	15	1
44	53	0
59	93	0
69	82	0
19	79	0
83	83	0
3	97	0
96	2	0
86	15	1
51	81	1
13	95	0
86	39	0
89	70	0
28	1	0
45	97	0
51	62	0
6	17	0
86	37	0
94	8	0
68	91	0
17	22	0
78	29	0
67	82	0
11	26	0
47	84	1
78	44	0
84	4	0
88	65	0
13	79	1
65	13	0
94	96	0
38	92	1
61	60	1
5	36	0
62	90	0
62	58	0
93	40	0
65	44	0
67	54	1
1	56	0
91	72	0
87	69	0
6	90	0
78	89	0
37	24	0
69	62	0
63	99	0
54	90	0
99	52	0
62	11	0
2	68	1
70	41	0
31	98	1
82	29	0
96	53	0
75	33	0
87	69	0
46	99	0
53	96	0
23	93	1
90	94	0
72	84	0
15	1	0
2	91	0
77	91	0
60	97	0
66	27	0
84	57	0
97	0	0
89	7	1
91	81	0
65	82	0
93	17	0
84	12	1
67	83	0
42	98	1
96	16	0
98	8	0
77	33	0
7	45	0
14	91	0
23	99	1
85	88	0
88	93	0
82	87	0
88	65	0
76	80	0
8	91	0
25	18	0
4	3	0
34	40	0
87	14	0
79	33	0
64	66	0
62	5	0
90	82	0
81	82	0
81	48	0
73	64	0
31	8	0
98	40	0
70	88	0
53	33	0
26	92	1
73	85	0
97	64	0
24	62	0
45	66	0
59	77	0
49	91	0
1	45	0
78	71	0
98	46	0
98	69	0
38	85	1
60	88	0
85	21	0
86	10	0
15	78	1
36	85	1
96	67	0
67	73	0
1	97	0
11	77	1
81	90	0
20	21	0
4	79	0
62	74	0
64	67	0
81	87	0
3	88	0
80	58	0
19	4	0
51	88	0
6	88	0
4	16	0
91	60	0
88	9	1
73	21	0
15	18	0
14	42	0
70	38	0
64	79	0
92	72	0
82	46	0
75	78	0
71	85	0
0	63	0
81	64	0
65	28	0
95	44	0
86	88	0
85	79	0
49	76	0
98	75	0
99	9	0
51	70	0
0	97	0
74	36	0
65	18	1
80	24	1
29	28	0
56	82	0
54	49	1
36	72	0
64	89	0
86	49	0
90	37	0
74	66	0
96	89	0
85	53	0
89	99	0
32	88	1
78	71	0
73	37	0
42	85	0
92	76	0
83	76	0
98	33	0
43	72	0
80	24	1
53	35	0
88	87	0
88	55	0
27	84	0
80	33	0
70	35	0
96	41	0
84	14	1
89	83	0
83	16	1
75	41	0
7	85	0
14	96	0
46	33	0
24	66	0
50	87	0
62	1	0
5	93	0
74	47	0
15	12	0
18	62	0
63	69	0
73	68	0
76	61	0
75	48	0
74	67	0
87	47	0
9	45	0
93	86	0
68	58	1
49	94	0
83	23	0
44	99	0
20	90	0
93	55	0
63	30	0
22	16	0
29	33	0
81	52	0
97	27	0
21	2	0
45	1	0
52	65	0
96	82	0
21	8	0
44	80	1
57	21	0
89	76	0
68	63	0
65	88	0
11	50	0
97	48	0
89	61	0
3	84	0
0	92	0
51	32	0
94	24	0
11	22	0
90	40	0
76	12	0
39	32	0
16	96	0
60	89	0
23	30	0
26	99	1
74	40	0
63	84	0
23	95	1
68	33	0
4	2	0
84	54	0
87	33	0
84	27	0
67	21	0
52	96	0
39	94	1
79	32	0
58	99	0
68	66	0
79	50	0
53	90	0
94	43	0
98	96	0
88	91	0
46	83	1
88	6	1
79	75	0
72	24	0
96	46	0
92	97	0
85	14	1
89	99	0
86	20	0
81	70	0
10	94	0
83	96	0
74	80	0
9	23	0
18	92	0
89	27	0
16	95	0
48	85	0
79	37	0
76	55	0
23	93	1
78	48	0
93	56	0
84	39	0
84	24	0
1	91	0
16	7	0
59	79	0
23	62	0
29	14	0
2	83	0
90	40	0
88	84	0
86	47	0
89	78	0
73	51	0
7	83	1
85	13	1
98	37	0
