87	61	0
31	30	0
58	94	1
10	15	0
92	46	0
90	82	0
71	41	0
7	77	0
0	7	0
14	88	0
78	35	0
77	78	0
27	30	0
64	71	0
89	49	0
65	69	0
44	36	0
90	85	0
98	84	0
68	90	0
4	27	0
69	85	0
75	30	0
55	77	1
48	70	0
67	83	0
84	46	0
97	27	0
89	77	0
37	2	0
81	31	0
33	19	0
96	64	0
91	74	0
89	7	0
18	33	0
57	82	1
8	88	0
20	32	0
72	78	0
95	41	0
53	81	0
8	19	0
89	16	0
63	29	1
50	36	0
76	43	0
86	66	0
15	61	0
95	53	0
46	34	0
32	11	0
61	60	0
1	94	0
90	23	0
37	67	0
85	67	0
96	9	0
80	89	0
56	81	1
7	20	0
70	85	0
82	65	0
84	41	0
60	49	0
86	39	0
82	36	0
85	39	0
30	59	0
16	21	0
84	75	0
45	84	0
78	43	0
59	71	0
81	76	0
82	75	0
25	14	0
8	14	0
85	64	0
97	6	0
15	53	0
78	78	0
52	77	1
56	75	1
49	18	0
70	80	0
77	57	0
9	88	0
97	96	0
6	97	1
14	60	0
92	85	0
93	70	0
53	89	1
66	50	0
97	31	0
51	56	0
16	52	0
56	11	0
81	85	0
71	6	0
84	48	0
79	94	0
54	64	0
62	80	0
17	19	0
78	95	0
36	80	0
23	28	0
60	38	0
62	87	0
64	49	0
12	95	1
93	27	0
49	24	0
71	72	0
72	90	0
81	67	0
95	28	0
86	84	0
76	81	0
56	67	0
14	42	0
70	68	0
74	72	0
92	60	0
90	37	0
90	65	0
61	15	0
41	30	0
80	54	0
32	84	0
84	78	0
98	50	0
92	24	0
70	61	1
62	95	1
60	17	0
3	93	0
96	55	0
94	74	0
11	20	0
92	14	0
85	21	0
82	26	0
8	12	0
37	82	0
92	53	0
68	92	0
87	86	0
72	28	1
52	91	0
4	17	0
37	24	0
50	34	0
63	41	0
2	58	0
45	11	0
93	79	0
93	54	0
64	0	0
29	14	0
99	84	0
31	69	0
4	94	1
37	31	0
62	52	0
78	63	0
55	82	1
84	74	0
75	29	0
77	88	0
91	33	0
89	80	0
51	29	0
95	74	0
61	12	0
37	55	0
76	92	0
88	44	0
91	49	0
86	91	0
94	43	0
31	51	0
66	83	0
20	77	0
82	78	0
1	97	0
89	35	0
97	68	0
42	5	0
47	54	0
19	11	0
93	28	0
67	86	0
11	38	0
80	33	0
74	76	0
22	37	0
81	46	0
80	10	0
99	63	0
71	31	0
97	94	0
18	40	0
76	56	0
90	41	0
58	46	0
1	55	0
97	74	0
94	58	0
17	87	0
75	85	0
42	19	0
69	61	1
75	97	0
94	40	0
66	4	0
60	44	0
72	33	0
93	60	0
63	30	1
86	81	0
94	84	0
78	94	0
14	10	0
3	74	0
76	89	0
63	91	1
49	15	0
86	53	0
90	7	0
99	81	0
61	70	0
66	72	0
99	3	0
87	38	0
8	39	0
7	98	1
85	83	0
97	99	0
90	90	0
71	65	0
62	78	0
15	88	0
25	27	0
2	13	0
39	38	0
86	38	0
64	61	1
68	10	0
75	91	0
77	74	0
84	44	0
29	16	0
91	45	0
66	92	0
59	27	0
65	80	0
96	61	0
11	44	0
52	82	0
3	45	0
66	81	0
94	43	0
92	69	0
82	30	0
93	64	0
65	63	1
7	95	0
79	98	0
18	20	0
7	88	0
60	75	1
64	63	1
89	96	0
5	75	0
84	54	0
10	8	0
14	82	0
12	11	0
91	60	0
16	31	0
8	35	0
85	31	0
67	69	0
95	80	0
85	52	0
77	78	0
74	82	0
0	79	0
90	59	0
61	25	0
93	34	0
72	85	0
77	63	0
41	84	0
95	77	0
44	74	0
5	92	0
73	41	0
33	40	0
53	83	0
40	66	0
61	87	1
95	51	0
86	29	0
69	67	0
96	75	0
91	40	0
99	99	0
92	66	0
63	21	0
83	74	0
87	61	0
97	29	0
46	59	0
67	33	1
91	86	0
87	64	0
25	72	0
84	32	0
80	40	0
87	39	0
98	84	0
75	55	0
0	96	0
19	99	1
40	35	0
25	70	0
63	12	0
2	92	0
84	49	0
14	13	0
19	57	0
53	66	0
78	86	0
73	57	0
67	45	0
85	40	0
15	44	0
92	77	0
61	89	1
77	11	0
10	93	0
96	52	0
19	10	0
23	33	0
73	42	0
95	33	0
15	3	0
41	5	0
59	62	0
96	86	0
26	1	0
63	2	0
87	84	0
56	85	0
25	49	0
96	49	0
83	65	0
10	98	1
9	91	0
51	36	0
93	46	0
17	35	0
84	28	0
78	7	0
34	35	0
25	40	0
83	41	0
59	85	1
80	43	0
20	14	0
94	54	0
77	45	0
64	97	1
74	48	0
53	90	0
55	55	0
69	40	0
49	91	1
80	43	0
94	91	0
87	84	0
72	71	0
76	26	0
91	47	0
89	99	0
96	99	0
82	69	0
83	94	0
51	77	0
6	11	0
28	95	0
82	47	0
74	28	0
89	49	0
76	46	0
95	63	0
87	38	0
20	76	0
8	9	0
42	88	0
25	68	0
42	3	0
9	85	0
99	44	0
92	84	0
80	51	0
95	99	0
95	36	0
