79	64	0
33	31	0
64	98	0
13	13	0
94	39	0
89	94	0
70	42	0
7	81	0
3	8	0
16	93	0
81	40	0
68	80	0
29	30	0
63	72	0
90	49	0
49	95	1
60	68	0
39	33	0
88	81	0
96	84	0
70	81	0
5	24	0
70	69	0
75	28	0
63	81	0
51	66	0
61	81	0
96	49	0
96	36	0
92	71	0
40	0	0
83	34	0
33	13	0
94	69	0
93	69	0
88	23	1
93	10	0
19	31	0
62	73	0
2	87	0
61	95	0
21	33	0
76	75	0
92	40	0
57	91	0
5	18	0
88	14	0
69	36	0
76	12	1
48	46	0
82	40	0
18	97	1
86	71	0
57	95	0
22	59	0
94	58	0
40	36	0
33	9	0
62	56	0
12	89	0
99	23	0
40	68	0
85	61	0
97	6	0
73	94	0
72	81	0
7	22	0
74	82	0
80	67	0
81	41	0
59	39	0
87	44	0
81	36	0
90	40	0
14	60	0
6	11	0
84	66	0
57	97	1
33	83	0
62	94	0
76	45	0
60	68	0
79	76	0
80	78	0
24	16	0
9	8	0
85	58	0
90	0	0
18	46	0
74	77	0
61	79	0
60	80	0
53	6	0
58	97	1
76	87	0
76	49	0
11	90	0
97	86	0
2	97	0
17	57	0
93	87	0
95	74	0
50	79	0
69	48	0
80	37	0
56	62	0
15	58	0
47	22	0
86	86	0
75	4	0
81	42	0
81	95	0
59	75	0
76	74	0
15	23	0
67	98	0
69	61	1
57	97	1
32	79	0
28	37	0
60	42	0
63	80	0
65	37	0
7	98	0
95	33	0
65	23	1
51	30	0
83	21	1
69	63	0
76	97	0
88	68	0
87	12	1
97	26	0
95	82	0
69	75	0
45	81	0
14	73	1
8	45	0
74	74	0
76	74	0
86	57	0
88	55	0
87	67	0
53	16	0
37	26	0
75	59	0
28	76	0
57	85	1
85	74	0
99	45	0
99	32	0
68	65	0
67	97	0
64	13	0
0	95	0
13	96	1
99	59	0
90	75	0
11	16	0
84	8	1
85	13	0
90	25	0
83	20	1
83	34	0
14	17	0
28	76	0
55	95	1
85	36	0
75	98	0
88	75	0
64	35	0
64	84	0
7	5	0
36	11	0
44	26	0
70	39	0
2	56	0
31	14	0
97	83	0
95	54	0
98	9	1
58	2	0
36	6	0
95	83	0
27	75	0
9	95	0
33	35	0
70	53	0
72	72	0
52	72	0
83	77	0
74	34	0
79	80	0
84	32	0
87	69	0
54	34	0
98	70	0
67	9	0
99	9	1
31	56	0
77	89	0
94	45	0
88	46	0
75	91	0
92	41	0
44	50	0
55	96	1
70	84	0
26	76	0
83	87	0
4	92	0
93	16	1
20	98	1
88	28	0
91	61	0
30	0	0
48	92	1
47	51	0
13	15	0
85	47	0
88	8	1
67	90	0
16	25	0
73	31	0
75	80	0
20	34	0
80	44	0
77	2	0
95	65	0
69	20	0
98	96	0
15	35	0
54	99	1
66	55	0
90	40	0
67	47	0
2	52	0
94	70	0
94	63	0
7	81	0
79	88	0
40	15	0
68	54	0
56	96	1
67	94	0
97	41	0
61	12	0
74	42	0
75	31	0
90	57	0
76	32	0
90	73	0
52	90	1
92	96	0
81	98	0
15	6	0
0	85	0
73	86	0
69	92	0
54	17	0
83	58	0
98	0	0
98	80	0
62	81	0
93	24	1
60	76	0
96	1	0
89	32	0
11	44	0
4	98	0
86	91	0
88	90	0
82	87	0
80	60	0
72	78	0
6	88	0
27	25	0
1	13	0
41	43	0
86	39	0
60	61	0
59	5	0
75	82	0
79	73	0
81	47	0
72	60	0
28	21	0
98	43	0
72	97	0
56	32	0
67	78	0
90	69	0
16	54	0
54	74	0
60	80	0
4	48	0
75	75	0
98	45	0
90	69	0
50	89	1
84	27	0
85	6	1
94	70	0
65	69	0
4	95	0
79	92	0
18	24	0
10	91	0
67	73	0
66	63	0
90	90	0
7	80	0
84	55	0
16	1	0
13	84	0
0	18	0
94	58	0
78	30	1
16	21	0
10	35	0
79	37	0
70	79	0
90	77	0
79	39	0
77	75	0
71	86	0
1	72	0
91	67	0
63	27	0
93	40	0
82	87	0
76	73	0
38	86	0
90	65	0
97	11	1
42	74	0
0	99	0
74	40	0
27	32	0
63	85	0
35	70	0
67	95	0
91	53	0
83	31	0
73	68	0
97	81	0
97	44	0
98	99	0
87	69	0
68	30	0
36	87	1
84	76	0
82	66	0
99	31	0
49	64	0
66	29	0
85	89	0
87	62	0
25	84	0
92	36	0
82	40	0
89	39	0
97	81	0
72	51	0
8	81	0
14	95	0
36	28	0
28	68	0
61	10	0
0	94	0
76	48	0
5	14	0
19	56	0
63	64	0
72	77	0
79	49	0
70	45	0
77	66	1
73	48	0
15	39	0
90	77	0
61	92	0
79	16	0
17	92	0
96	55	0
56	25	1
28	17	0
29	35	0
71	48	0
94	36	0
13	6	0
40	1	0
53	57	0
96	89	0
27	4	0
58	9	0
93	84	0
72	65	1
61	83	0
25	54	0
93	48	0
84	62	0
4	88	0
0	98	0
48	31	0
95	30	0
18	28	0
84	36	0
80	15	0
37	34	0
15	98	1
60	84	1
17	38	0
80	40	0
69	91	0
71	42	0
11	9	0
93	55	0
84	40	0
83	19	1
61	30	1
60	98	0
78	38	0
49	97	0
57	53	0
72	42	0
56	94	0
90	48	0
94	98	0
85	88	0
70	73	0
71	24	0
97	43	0
95	99	0
97	97	0
86	24	1
85	68	0
12	97	1
85	95	0
57	77	0
1	17	0
31	91	0
84	33	0
21	95	1
74	38	0
80	46	0
77	49	0
96	55	0
88	34	0
81	23	1
9	77	0
9	13	0
54	84	0
25	70	0
36	1	0
2	86	0
99	43	0
92	89	0
82	49	0
91	90	0
70	59	1
95	45	0
