90	60	0
30	3	0
31	38	0
61	97	0
19	4	0
95	41	0
96	91	0
55	14	0
56	70	0
62	25	0
83	52	0
3	87	0
14	2	0
26	88	0
97	26	0
73	77	0
55	37	0
15	56	0
88	52	0
94	12	0
46	95	0
58	63	0
73	83	0
55	8	0
31	76	0
48	14	0
90	71	0
64	88	0
90	82	0
3	36	0
54	13	0
41	20	0
96	27	0
21	54	0
82	63	0
13	87	0
36	92	0
90	20	0
81	84	0
44	7	0
35	66	0
90	66	0
97	74	0
53	62	0
99	49	0
10	81	0
68	3	0
98	66	0
12	70	0
73	9	0
11	77	0
63	89	0
30	75	0
99	70	0
43	39	0
40	27	0
93	87	0
98	94	0
98	6	0
17	94	0
96	10	0
35	4	0
69	80	0
34	1	0
3	95	0
87	13	0
32	82	0
63	93	0
43	60	0
5	28	0
67	86	0
14	56	0
97	27	0
36	85	0
58	98	0
61	33	0
29	95	0
58	94	0
3	17	0
99	14	0
89	19	0
50	72	0
84	37	0
91	60	0
50	14	0
27	10	0
69	50	0
7	96	0
50	1	0
45	72	0
45	4	0
57	31	0
83	35	0
32	61	0
74	47	0
4	61	0
84	94	0
2	87	0
38	98	0
96	57	0
70	14	0
34	69	0
33	63	0
66	3	0
71	50	0
3	67	0
35	0	0
11	42	0
38	46	0
61	77	0
48	38	0
12	96	0
81	24	0
47	82	0
71	66	0
94	11	0
72	91	0
54	77	0
35	19	0
60	95	0
98	75	0
78	63	0
22	95	0
64	31	0
31	16	0
21	47	1
72	12	0
11	59	0
95	71	0
99	23	0
81	44	0
38	49	0
59	2	0
79	65	0
23	21	0
41	28	0
97	61	0
46	36	0
59	82	0
58	80	0
52	27	0
44	41	0
61	42	0
13	46	0
22	47	1
22	56	0
78	86	0
50	59	0
41	99	0
74	42	0
71	63	0
53	71	0
89	65	0
20	18	0
53	54	0
22	13	0
16	71	0
32	63	0
88	35	0
38	44	0
90	3	0
42	89	0
56	25	0
41	47	0
80	78	0
30	71	0
51	66	0
41	85	0
37	53	0
41	12	0
51	18	0
43	88	0
26	65	0
76	81	0
95	66	0
31	99	0
98	73	0
32	51	0
22	70	0
47	74	0
54	54	0
23	19	0
71	87	0
97	74	0
54	67	0
63	31	0
4	41	0
55	2	0
73	50	0
58	21	0
78	18	0
21	50	0
6	47	0
46	50	0
71	26	0
37	67	0
81	24	0
41	98	0
25	64	0
38	24	0
79	84	0
39	53	0
30	8	0
25	83	0
60	3	0
91	86	0
48	89	0
92	2	0
8	73	0
18	65	0
99	32	0
56	85	0
29	46	1
57	71	0
60	65	0
44	57	0
19	75	0
25	58	0
70	3	0
9	59	0
62	79	0
96	45	0
42	88	0
83	63	0
73	22	0
53	68	0
17	83	0
35	98	0
46	28	0
76	35	0
82	52	0
58	42	0
72	66	0
5	41	0
57	27	0
19	93	0
60	61	0
75	40	0
71	27	0
47	5	0
13	46	0
93	22	0
34	19	0
67	69	0
59	83	0
70	42	0
93	36	0
98	8	0
2	39	0
94	76	0
27	97	0
96	78	0
33	97	0
63	33	0
74	32	0
22	85	0
82	21	0
32	60	0
29	77	0
47	9	0
29	96	0
76	90	0
78	86	0
94	47	0
99	67	0
13	92	0
36	73	0
74	6	0
77	52	0
34	18	0
38	0	0
50	24	0
54	50	0
82	46	0
34	52	0
38	47	0
35	73	0
74	90	0
88	60	0
58	82	0
83	11	0
95	36	0
63	15	0
24	38	0
77	47	0
79	49	0
74	70	0
6	39	0
32	64	0
61	19	0
15	90	0
31	84	0
16	79	0
85	72	0
51	17	0
35	0	0
34	53	0
79	74	0
64	6	0
78	93	0
19	1	0
50	96	0
8	67	0
50	90	0
45	35	0
6	53	0
72	36	0
73	14	0
51	19	0
77	12	0
38	62	0
6	56	0
70	20	0
85	63	0
5	7	0
5	63	0
31	94	0
8	88	0
48	94	0
50	66	0
62	43	0
69	2	0
47	81	0
47	70	0
88	91	0
37	27	1
3	56	0
27	45	1
59	51	0
73	78	0
31	29	1
83	27	0
34	5	0
52	9	0
51	18	0
37	39	0
72	66	0
70	9	0
7	46	0
31	10	0
48	61	0
42	32	0
27	45	1
88	78	0
79	54	0
10	47	0
62	35	0
96	9	0
61	9	0
67	26	0
43	39	0
37	33	0
1	75	0
61	81	0
35	75	0
23	96	0
25	80	0
53	13	0
42	40	0
98	42	0
80	50	0
3	59	0
80	69	0
78	78	0
84	27	0
80	85	0
79	6	0
75	63	0
77	61	0
25	31	1
60	48	0
30	46	1
91	75	0
69	5	0
96	23	0
34	48	0
46	96	0
62	76	0
83	17	0
16	68	0
97	28	0
65	96	0
84	19	0
66	28	0
40	60	0
60	37	0
35	52	0
56	84	0
78	35	0
34	19	0
74	84	0
34	55	0
20	99	0
98	98	0
50	36	0
2	93	0
52	51	0
95	10	0
83	39	0
19	68	0
68	50	0
37	21	1
53	46	0
6	96	0
86	25	0
46	8	0
94	45	0
54	47	0
27	91	0
11	4	0
62	59	0
58	95	0
4	48	0
40	82	0
35	81	0
45	28	0
18	84	0
17	32	0
68	4	0
78	17	0
85	3	0
96	90	0
24	69	0
48	22	0
83	4	0
76	58	0
73	92	0
1	20	0
60	93	0
98	64	0
32	81	0
79	0	0
45	59	0
69	18	0
67	11	0
40	21	0
39	16	0
96	10	0
84	34	0
11	93	0
80	12	0
95	96	0
26	97	0
94	70	0
39	50	0
16	26	0
79	98	0
64	44	0
3	92	0
70	35	0
80	37	0
74	44	0
83	67	0
26	65	0
90	61	0
39	93	0
93	75	0
29	94	0
88	84	0
46	34	0
63	66	0
62	98	0
46	65	0
60	99	0
70	54	0
40	48	0
39	61	0
87	4	0
2	88	0
99	55	0
24	87	0
46	69	0
43	82	0
90	45	0
31	53	0
41	18	0
83	56	0
62	17	0
82	99	0
42	91	0
44	53	0
50	15	0
32	42	0
55	95	0
41	18	0
34	70	0
84	77	0
40	10	0
94	90	0
66	6	0
2	9	0
44	38	0
20	68	0
41	0	0
13	74	0
92	81	0
62	83	0
66	42	0
63	2	0
45	63	0
46	59	0
96	56	0
93	7	0
5	67	0
84	5	0
50	71	0
56	30	0
35	9	0
32	61	0
85	88	0
32	71	0
43	83	0
69	32	0
23	45	1
70	34	0
43	57	0
63	94	0
27	98	0
96	15	0
96	17	0
73	11	0
21	76	0
28	97	0
24	89	0
62	40	0
76	82	0
74	90	0
5	38	0
68	35	0
72	78	0
73	62	0
64	74	0
15	86	0
16	72	0
38	18	0
48	16	0
8	36	0
42	48	0
41	48	0
89	29	0
86	39	0
81	14	0
72	50	0
56	52	0
26	47	0
47	26	0
91	81	0
46	99	0
82	54	0
38	65	0
38	93	0
77	57	0
29	52	0
78	24	0
24	35	1
32	12	0
92	54	0
78	92	0
48	45	0
11	47	0
48	10	0
48	57	0
41	84	0
28	25	1
74	88	0
96	57	0
8	81	0
74	47	0
12	60	0
63	48	0
43	69	0
54	50	0
43	77	0
63	67	0
4	63	0
67	62	0
73	44	0
84	55	0
35	64	0
65	81	0
42	8	0
96	23	0
55	44	0
94	4	0
11	84	0
36	84	0
84	61	0
20	51	0
74	75	0
14	89	0
17	81	0
89	85	0
45	28	0
1	66	0
66	99	0
49	65	0
89	66	0
24	95	0
89	32	0
17	1	0
36	69	0
25	82	0
36	15	0
16	52	1
17	18	0
83	68	0
97	14	0
52	6	0
69	40	0
90	16	0
22	8	0
29	64	0
87	32	0
5	61	0
56	82	0
0	51	0
28	75	0
75	61	0
54	96	0
71	49	0
66	82	0
69	55	0
50	52	0
78	76	0
6	78	0
47	38	0
22	77	0
87	48	0
71	29	0
94	59	0
94	97	0
89	89	0
41	72	0
77	43	0
58	60	0
35	25	0
34	13	0
36	67	0
8	42	0
70	8	0
74	76	0
84	85	0
88	0	0
16	45	1
59	81	0
13	92	0
50	9	0
56	30	0
63	22	0
54	20	0
40	19	0
75	10	0
36	99	0
71	21	0
32	96	0
98	21	0
38	62	0
67	39	0
72	99	0
75	68	0
39	73	0
66	97	0
84	61	0
91	46	0
12	64	0
88	80	0
77	93	0
11	60	0
99	41	0
30	70	0
99	88	0
46	90	0
30	13	0
76	69	0
95	56	0
53	79	0
73	78	0
98	61	0
75	37	0
28	58	0
1	62	0
63	80	0
68	31	0
50	41	0
53	11	0
30	27	1
87	78	0
14	57	0
66	24	0
41	4	0
54	22	0
10	86	0
12	58	0
9	77	0
72	48	0
93	22	0
93	31	0
95	6	0
65	94	0
6	58	0
61	25	0
58	50	0
39	83	0
92	25	0
61	58	0
33	82	0
22	88	0
38	68	0
24	96	0
30	5	0
69	74	0
46	17	0
38	74	0
51	43	0
4	42	0
68	63	0
63	15	0
28	85	0
94	56	0
28	50	0
21	35	0
16	67	0
80	57	0
66	59	0
44	50	0
94	69	0
98	67	0
65	46	0
65	16	0
80	61	0
82	35	0
10	47	0
86	81	0
53	34	0
16	69	0
2	85	0
28	95	0
25	58	0
93	22	0
1	52	0
58	91	0
0	88	0
85	63	0
46	35	0
87	27	0
16	20	0
31	35	0
73	17	0
32	74	0
46	48	0
99	62	0
85	35	0
3	0	0
1	43	0
54	14	0
4	46	0
77	9	0
47	74	0
31	35	0
96	92	0
1	10	0
41	93	0
94	44	0
40	3	0
90	90	0
52	63	0
66	63	0
38	38	0
91	37	0
88	83	0
11	62	0
6	76	0
7	44	0
22	72	0
12	84	0
67	19	0
31	59	0
18	90	0
33	14	0
58	18	0
38	64	0
60	45	0
43	9	0
34	70	0
27	25	1
96	19	0
3	31	0
80	41	0
94	23	0
49	48	0
28	19	0
46	1	0
17	92	0
43	66	0
40	58	0
27	13	0
21	98	0
21	79	0
62	43	0
96	38	0
32	70	0
90	98	0
54	25	0
64	68	0
61	89	0
4	90	0
85	40	0
54	60	0
16	23	0
94	67	0
53	52	0
98	17	0
69	11	0
86	28	0
61	92	0
51	42	0
45	37	0
67	24	0
47	5	0
46	85	0
51	75	0
24	54	0
83	32	0
51	91	0
91	40	0
93	54	0
36	78	0
38	64	0
83	26	0
48	47	0
71	10	0
97	96	0
76	76	0
45	72	0
72	42	0
73	91	0
12	79	0
52	17	0
12	98	0
13	60	0
51	62	0
73	78	0
62	16	0
98	90	0
91	14	0
98	97	0
61	4	0
77	24	0
70	66	0
60	33	0
20	83	0
45	87	0
70	80	0
29	40	1
7	33	0
21	83	0
8	78	0
39	12	0
40	49	0
22	55	0
0	46	0
89	45	0
47	22	0
14	64	0
29	81	0
65	94	0
94	38	0
0	67	0
70	42	0
33	71	0
80	47	0
72	37	0
3	49	0
25	53	0
83	38	0
70	59	0
83	49	0
8	65	0
62	52	0
0	83	0
2	1	0
92	64	0
13	65	0
22	5	0
37	23	1
3	95	0
21	77	0
92	41	0
76	81	0
82	60	0
88	85	0
50	65	0
64	40	0
4	72	0
45	65	0
30	63	0
64	41	0
95	14	0
