91	65	0
34	0	0
35	35	0
61	98	0
17	8	0
98	40	0
97	89	0
50	11	0
55	76	0
57	22	0
89	50	0
2	87	0
12	0	0
25	82	0
95	26	0
75	77	0
54	38	0
16	55	0
87	58	0
96	10	0
47	94	0
58	66	0
70	88	0
53	7	0
31	78	0
47	13	0
88	72	0
65	88	0
89	77	0
0	32	0
54	15	0
40	19	0
91	31	0
25	55	0
82	67	0
15	90	0
32	97	0
90	20	0
78	84	0
43	5	0
28	68	0
88	65	0
94	70	0
53	61	0
98	47	0
7	79	0
65	3	0
98	64	0
15	68	0
74	13	0
14	78	0
64	92	0
31	72	0
99	72	0
44	37	0
33	23	0
89	84	0
98	98	0
98	6	0
17	98	0
99	13	0
32	5	0
69	76	0
36	4	0
7	95	0
89	9	0
35	78	0
64	93	0
42	61	0
2	32	0
70	88	0
14	60	0
94	31	0
28	85	0
57	97	0
65	32	0
32	98	0
61	96	0
4	19	0
97	8	0
93	23	0
47	69	0
84	39	0
91	57	0
49	15	0
33	7	0
67	49	0
9	97	0
48	1	0
50	75	0
44	2	0
57	35	0
81	33	0
31	63	0
77	42	0
4	58	0
79	92	0
0	87	0
36	99	0
94	57	0
67	12	0
38	71	0
39	65	0
65	4	0
67	50	0
3	67	0
32	5	0
10	38	0
35	44	0
62	80	0
43	43	0
13	97	0
80	15	0
43	89	0
75	68	0
99	8	0
75	91	0
51	76	0
38	21	0
62	97	0
93	70	0
78	63	0
19	94	0
64	28	0
30	13	0
17	43	1
75	11	0
9	59	0
98	67	0
96	19	0
78	44	0
42	48	0
58	6	0
79	71	0
21	20	0
36	29	0
99	60	0
38	39	0
62	81	0
62	83	0
48	27	0
42	44	0
60	35	0
12	45	0
28	44	1
19	53	0
81	91	0
48	57	0
37	99	0
76	43	0
76	66	0
53	70	0
88	63	0
22	21	0
57	52	0
17	12	0
15	72	0
35	63	0
92	35	0
39	44	0
88	9	0
42	87	0
55	24	0
41	47	0
77	76	0
29	71	0
53	70	0
41	83	0
39	45	0
36	14	0
59	17	0
40	83	0
25	62	0
77	79	0
89	64	0
33	96	0
96	72	0
25	47	0
25	72	0
51	73	0
52	53	0
25	16	0
77	85	0
92	78	0
53	66	0
60	33	0
1	47	0
58	3	0
76	51	0
64	23	0
78	19	0
23	49	0
2	51	0
44	50	0
69	28	0
37	64	0
81	26	0
45	95	0
28	71	0
41	27	0
80	79	0
42	55	0
36	6	0
25	81	0
56	3	0
91	84	0
52	93	0
92	3	0
8	76	0
17	68	0
94	27	0
47	84	0
27	37	0
60	69	0
54	62	0
42	62	0
18	70	0
23	60	0
69	0	0
11	61	0
61	80	0
95	43	0
40	89	0
82	61	0
72	17	0
51	66	0
20	86	0
33	99	0
46	31	0
73	33	0
84	55	0
66	42	0
67	64	0
6	39	0
55	19	0
14	90	0
58	53	0
72	37	0
69	28	0
54	8	0
12	51	0
90	21	0
35	11	0
64	68	0
61	80	0
69	43	0
94	39	0
97	1	0
2	44	0
96	77	0
24	97	0
94	81	0
29	93	0
64	29	0
74	28	0
17	84	0
79	25	0
32	64	0
25	76	0
46	8	0
28	99	0
75	91	0
72	87	0
89	50	0
97	69	0
18	96	0
34	74	0
71	4	0
75	47	0
31	24	0
33	2	0
53	14	0
53	54	0
81	46	0
35	52	0
33	46	0
37	67	0
71	91	0
88	63	0
59	83	0
82	6	0
90	43	0
65	12	0
20	37	0
75	40	0
76	52	0
74	69	0
12	41	0
36	62	0
66	18	0
16	89	0
32	83	0
22	76	0
85	71	0
53	15	0
32	3	0
32	55	0
82	76	0
61	8	0
77	92	0
16	3	0
49	96	0
7	70	0
45	98	0
43	37	0
2	53	0
70	35	0
73	11	0
53	14	0
84	10	0
42	60	0
11	58	0
71	24	0
85	61	0
6	7	0
2	68	0
34	93	0
8	87	0
41	95	0
54	68	0
57	44	0
70	5	0
47	79	0
42	66	0
85	98	0
34	30	1
7	53	0
24	44	0
63	46	0
73	79	0
31	24	0
81	30	0
31	5	0
50	6	0
52	18	0
37	46	0
77	64	0
73	12	0
9	44	0
38	15	0
49	62	0
38	33	0
27	47	0
91	77	0
77	54	0
14	45	0
64	36	0
92	8	0
60	11	0
60	23	0
42	40	0
33	32	0
4	74	0
64	84	0
27	70	0
26	98	0
31	85	0
52	10	0
41	39	0
97	45	0
81	46	0
5	62	0
81	70	0
72	80	0
81	24	0
84	88	0
82	2	0
72	61	0
79	62	0
33	30	1
66	48	0
28	42	1
93	77	0
69	5	0
98	21	0
29	52	0
43	96	0
68	76	0
81	17	0
15	67	0
98	32	0
62	95	0
83	23	0
72	32	0
45	54	0
58	37	0
31	54	0
57	89	0
83	32	0
37	27	0
72	84	0
27	58	0
23	99	0
96	95	0
48	33	0
4	92	0
53	51	0
98	10	0
76	33	0
16	71	0
63	46	0
34	27	1
55	43	0
10	98	0
87	23	0
48	9	0
90	43	0
51	49	0
26	88	0
19	7	0
59	59	0
55	93	0
7	49	0
37	83	0
31	84	0
48	26	0
25	85	0
12	37	0
66	8	0
74	24	0
83	2	0
91	92	0
24	64	0
50	17	0
84	9	0
82	59	0
67	86	0
1	26	0
64	92	0
95	62	0
31	85	0
74	1	0
53	60	0
71	23	0
67	7	0
42	24	0
44	14	0
99	10	0
86	41	0
14	91	0
75	10	0
90	95	0
23	92	0
97	67	0
44	47	0
15	25	0
79	98	0
64	41	0
6	96	0
69	32	0
81	40	0
72	46	0
86	68	0
24	58	0
87	61	0
36	93	0
89	75	0
30	92	0
91	82	0
45	31	0
59	69	0
59	94	0
43	69	0
60	97	0
71	51	0
35	55	0
42	65	0
88	5	0
5	92	0
99	53	0
24	87	0
46	73	0
48	76	0
87	45	0
34	52	0
43	18	0
87	58	0
61	13	0
85	93	0
49	90	0
48	45	0
54	18	0
33	41	0
54	88	0
42	18	0
39	67	0
86	70	0
42	10	0
96	92	0
66	6	0
5	12	0
45	35	0
19	66	0
43	3	0
12	72	0
93	83	0
62	77	0
63	42	0
61	5	0
45	69	0
40	56	0
91	56	0
87	9	0
5	71	0
81	7	0
51	71	0
56	28	0
37	16	0
31	63	0
83	78	0
33	71	0
39	79	0
73	36	0
16	47	0
71	34	0
42	61	0
64	93	0
26	98	0
92	12	0
98	24	0
70	14	0
23	80	0
29	99	0
27	88	0
70	45	0
77	78	0
79	90	0
5	37	0
70	38	0
73	80	0
72	64	0
61	75	0
13	79	0
18	72	0
35	17	0
52	16	0
9	37	0
43	52	0
33	50	0
86	31	0
88	40	0
78	9	0
71	49	0
51	53	0
22	51	0
47	29	0
89	80	0
51	97	0
84	58	0
37	61	0
36	93	0
80	54	0
30	53	0
81	24	0
28	40	1
29	11	0
95	51	0
76	95	0
54	48	0
6	49	0
46	8	0
53	56	0
42	84	0
30	25	1
80	86	0
94	59	0
7	82	0
70	44	0
10	56	0
69	52	0
40	67	0
53	50	0
40	80	0
63	67	0
4	58	0
69	63	0
70	45	0
82	53	0
37	68	0
65	83	0
47	7	0
93	23	0
56	40	0
93	3	0
13	84	0
30	42	1
36	78	0
84	65	0
20	51	0
80	73	0
14	93	0
14	83	0
84	89	0
47	34	0
0	65	0
70	96	0
50	66	0
93	64	0
23	98	0
91	33	0
17	6	0
36	73	0
27	79	0
32	14	0
16	48	0
12	21	0
85	72	0
99	17	0
55	10	0
71	39	0
89	22	0
26	5	0
31	68	0
88	31	0
4	65	0
53	85	0
2	51	0
28	78	0
77	56	0
54	99	0
76	51	0
64	83	0
68	62	0
46	54	0
76	75	0
6	79	0
51	37	0
25	82	0
85	50	0
73	26	0
96	66	0
98	96	0
90	84	0
43	75	0
71	38	0
56	62	0
33	23	0
33	14	0
33	68	0
6	44	0
65	8	0
63	77	0
80	81	0
94	4	0
17	48	0
60	86	0
19	88	0
55	8	0
58	35	0
64	24	0
51	23	0
40	15	0
77	9	0
36	98	0
73	18	0
33	96	0
99	19	0
18	47	1
43	61	0
70	38	0
81	99	0
73	70	0
40	69	0
62	95	0
83	62	0
92	46	0
13	59	0
86	78	0
78	97	0
13	66	0
99	41	0
29	68	0
97	84	0
48	92	0
29	19	0
72	70	0
91	52	0
53	76	0
69	78	0
94	65	0
72	42	0
26	59	0
0	60	0
65	79	0
72	30	0
53	46	0
52	7	0
35	24	0
93	75	0
17	58	0
31	39	1
67	28	0
43	3	0
55	18	0
12	90	0
10	61	0
7	76	0
68	47	0
92	20	0
87	35	0
92	1	0
64	93	0
6	56	0
64	29	0
55	49	0
40	85	0
96	20	0
61	58	0
29	85	0
20	87	0
42	69	0
30	93	0
29	6	0
69	74	0
44	19	0
39	73	0
46	45	0
4	40	0
73	63	0
65	12	0
32	85	0
99	55	0
25	52	0
20	33	0
15	67	0
81	59	0
71	58	0
43	46	0
91	68	0
99	64	0
58	47	0
68	17	0
79	64	0
78	29	0
9	47	0
82	82	0
53	34	0
15	69	0
4	90	0
30	93	0
28	57	0
90	23	0
3	52	0
55	93	0
2	87	0
84	62	0
47	36	0
90	33	0
15	15	0
38	34	0
70	16	0
33	79	0
47	51	0
95	63	0
89	33	0
4	2	0
1	43	0
53	12	0
1	48	0
78	6	0
55	75	0
30	30	0
90	90	0
1	13	0
38	97	0
96	42	0
39	3	0
89	93	0
51	61	0
64	58	0
33	34	0
93	34	0
89	87	0
10	62	0
7	75	0
9	48	0
20	76	0
15	82	0
66	25	0
34	57	0
19	88	0
37	19	0
64	18	0
37	64	0
62	50	0
46	11	0
34	70	0
34	26	1
93	16	0
0	35	0
76	41	0
94	14	0
45	54	0
32	21	0
50	2	0
19	97	0
45	69	0
43	66	0
26	13	0
22	97	0
16	80	0
66	47	0
94	36	0
28	32	1
28	68	0
91	99	0
55	27	0
68	68	0
57	91	0
9	91	0
87	40	0
52	58	0
16	27	0
91	70	0
52	51	0
98	14	0
67	9	0
84	25	0
62	93	0
51	48	0
44	41	0
64	22	0
45	4	0
48	87	0
53	76	0
19	58	0
79	34	0
53	92	0
89	35	0
92	55	0
37	79	0
35	63	0
89	26	0
48	47	0
70	11	0
98	97	0
73	72	0
46	76	0
70	45	0
74	88	0
8	75	0
49	15	0
10	93	0
10	65	0
50	64	0
73	82	0
69	13	0
98	90	0
94	11	0
98	94	0
61	4	0
81	28	0
69	65	0
61	37	0
21	77	0
45	86	0
68	85	0
28	44	1
9	32	0
21	85	0
10	78	0
41	14	0
41	49	0
17	54	0
36	49	1
0	51	0
90	43	0
44	21	0
11	67	0
33	83	0
62	93	0
95	46	0
5	66	0
75	35	0
38	68	0
83	48	0
68	33	0
6	48	0
26	55	0
91	42	0
67	58	0
82	51	0
9	65	0
68	52	0
2	81	0
3	2	0
89	68	0
9	59	0
26	4	0
35	27	0
3	99	0
16	79	0
90	45	0
76	72	0
84	58	0
83	79	0
50	67	0
62	36	0
5	71	0
42	69	0
31	59	0
68	45	0
89	8	0
