4	25	1
90	60	0
48	13	0
41	19	0
56	91	0
7	41	0
87	31	0
86	72	0
1	12	0
49	12	0
67	94	0
45	43	0
70	44	0
3	91	0
28	8	0
21	53	0
85	3	0
84	79	0
64	34	0
28	57	0
96	62	0
98	7	0
49	75	0
77	74	0
83	84	0
82	0	0
19	98	0
63	15	0
72	71	0
62	81	0
95	59	0
8	45	0
26	32	0
46	18	0
74	14	0
47	46	0
90	80	0
11	95	0
68	64	0
99	15	0
81	97	0
40	17	0
30	64	0
67	50	0
91	45	0
53	82	0
94	48	0
22	98	0
34	44	0
60	9	0
89	46	0
23	69	0
62	9	0
37	83	0
74	92	0
22	63	0
97	67	0
46	10	0
33	53	0
74	70	0
94	95	0
73	0	0
20	97	0
89	1	0
46	14	0
90	62	0
46	22	0
13	89	0
84	4	0
36	78	0
91	77	0
57	52	0
23	41	0
83	70	0
16	38	0
27	51	0
82	40	0
17	8	0
4	48	0
51	86	0
67	99	0
61	21	0
46	97	0
77	97	0
10	9	0
10	29	0
87	10	0
84	14	0
53	50	0
85	39	0
23	17	0
76	49	0
50	53	0
35	13	0
32	8	0
63	52	0
27	85	0
49	2	0
41	82	0
42	2	0
35	39	0
82	36	0
47	64	0
62	47	0
23	80	0
68	81	0
0	82	0
53	88	0
81	48	0
60	21	0
53	80	0
3	44	0
69	14	0
52	74	0
10	86	0
36	5	0
24	49	0
18	29	0
80	86	0
3	30	0
43	22	0
2	0	0
39	98	0
94	10	0
64	59	0
2	38	0
71	87	0
95	16	0
65	60	0
58	87	0
34	25	0
63	94	0
20	16	0
75	85	0
67	49	0
27	95	0
81	25	0
45	37	0
15	17	0
65	1	0
3	5	0
10	87	0
18	0	0
99	93	0
99	21	0
81	40	0
44	63	0
65	25	0
84	91	0
3	4	0
40	19	0
18	11	0
77	78	0
44	40	0
90	72	0
83	80	0
47	26	0
53	29	0
82	54	0
3	53	0
25	74	0
18	68	0
95	75	0
47	62	0
38	98	0
94	42	0
67	73	0
50	86	0
25	44	0
98	75	0
3	49	0
38	36	0
20	28	0
33	78	0
30	70	0
93	18	0
60	40	0
79	8	0
47	85	0
61	22	0
61	43	0
75	77	0
16	54	0
65	57	0
27	98	0
32	59	0
27	9	0
56	21	0
28	99	0
6	76	0
67	74	0
84	48	0
21	86	0
20	45	0
94	79	0
31	45	0
33	78	0
31	85	0
60	37	0
30	1	0
19	50	0
70	93	0
97	76	0
66	92	0
72	12	0
17	52	0
63	10	0
55	21	0
54	34	0
72	12	0
25	69	0
17	80	0
47	60	0
68	36	0
29	74	0
89	28	0
61	84	0
35	72	0
23	13	0
96	73	0
31	82	0
45	1	0
3	91	0
81	22	0
91	72	0
87	83	0
85	27	0
2	81	0
13	74	0
97	51	0
65	67	0
45	48	0
43	71	0
76	73	0
39	69	0
20	92	0
36	64	0
74	3	0
2	59	0
69	99	0
66	37	0
27	91	0
87	65	0
47	17	0
35	61	0
15	77	0
33	98	0
64	29	0
69	22	0
23	35	0
97	58	0
58	46	0
76	42	0
0	88	0
61	17	0
24	81	0
75	72	0
66	64	0
70	55	0
59	0	0
13	10	0
1	62	0
83	57	0
54	12	0
70	55	0
43	93	0
64	52	0
89	33	0
97	15	0
22	58	0
93	73	0
11	78	0
22	23	0
91	46	0
39	98	0
45	41	0
46	6	0
17	88	0
71	31	0
38	43	0
32	76	0
41	5	0
19	79	0
89	86	0
89	72	0
54	33	0
80	64	0
17	84	0
46	49	0
59	2	0
66	19	0
36	23	0
51	10	0
57	12	0
56	29	0
75	24	0
33	47	0
27	41	0
56	38	0
67	69	0
86	84	0
37	99	0
77	12	0
89	53	0
66	12	0
14	58	0
23	8	0
85	37	0
61	25	0
81	67	0
14	42	0
53	65	0
60	11	0
35	93	0
32	86	0
50	79	0
97	52	0
44	24	0
50	8	0
29	44	0
79	43	0
74	6	0
71	88	0
31	6	0
67	89	0
8	67	0
43	73	0
38	21	0
3	56	0
11	16	0
82	6	0
29	39	0
73	19	0
34	8	0
1	3	0
77	19	0
28	68	0
31	47	0
96	23	0
76	53	0
12	33	0
22	39	0
0	55	0
41	92	0
20	75	0
11	2	0
27	94	0
54	56	0
45	13	0
20	13	0
56	37	0
50	76	0
38	73	0
81	89	0
28	30	0
24	62	0
29	48	0
50	70	0
81	96	0
48	11	0
68	6	0
29	11	0
53	16	0
50	10	0
19	60	0
81	49	0
65	0	0
23	48	0
60	9	0
55	63	0
43	53	0
42	57	0
77	84	0
73	40	0
20	66	0
54	55	0
18	20	0
97	9	0
49	4	0
61	32	0
57	26	0
20	39	0
14	76	0
62	73	0
12	70	0
37	90	0
31	85	0
38	23	0
42	37	0
92	55	0
61	41	0
11	70	0
70	75	0
5	22	0
63	94	0
27	25	0
67	18	0
73	88	0
69	3	0
88	58	0
75	39	0
42	21	0
40	41	0
37	35	0
90	86	0
10	21	0
62	20	0
81	4	0
13	52	0
47	77	0
74	75	0
73	6	0
1	65	0
92	41	0
63	97	0
4	14	0
70	4	0
51	62	0
37	72	0
62	46	0
25	35	0
54	40	0
74	89	0
60	57	0
34	25	0
80	75	0
20	45	0
20	77	0
80	82	0
46	18	0
3	80	0
70	13	0
88	26	0
67	33	0
18	57	0
63	17	0
24	20	0
68	53	0
17	93	0
74	51	0
49	6	0
85	53	0
33	26	0
31	79	0
42	3	0
86	36	0
12	8	0
66	98	0
15	90	0
31	37	0
56	60	0
55	32	0
10	83	0
7	41	0
23	44	0
59	5	0
96	39	0
65	23	0
87	93	0
29	67	0
19	24	0
43	26	0
34	28	0
89	12	0
53	60	0
72	79	0
32	51	0
59	96	0
73	63	0
40	87	0
72	8	0
72	45	0
76	15	0
61	11	0
54	19	0
33	35	0
94	6	0
57	24	0
7	78	0
94	6	0
99	84	0
7	94	0
12	24	0
91	68	0
46	51	0
26	1	0
88	82	0
82	62	0
24	98	0
65	28	0
78	37	0
90	55	0
10	25	0
88	79	0
29	77	0
69	77	0
27	98	0
97	66	0
32	55	0
15	80	0
99	78	0
36	30	0
25	33	0
66	68	0
60	97	0
49	70	0
8	13	0
48	76	0
61	64	0
37	62	0
33	72	0
88	23	0
10	96	0
78	52	0
23	74	0
32	62	0
45	74	0
95	34	0
44	30	0
17	50	0
0	23	0
64	40	0
94	74	0
56	19	0
84	91	0
74	94	0
29	30	0
46	16	0
22	58	0
28	67	0
1	26	0
31	32	0
48	73	0
55	86	0
31	27	0
69	88	0
51	35	0
39	11	0
67	34	0
23	75	0
46	16	0
7	56	0
93	82	0
61	99	0
59	56	0
72	5	0
43	62	0
8	25	0
3	21	0
41	45	0
88	60	0
89	3	0
2	69	0
75	6	0
91	87	0
70	15	0
31	1	0
21	64	0
76	77	0
37	83	0
51	80	0
78	26	0
20	72	0
55	19	0
68	76	0
57	90	0
32	91	0
98	8	0
97	15	0
65	10	0
37	90	0
13	97	0
8	90	0
75	61	0
73	68	0
93	65	0
10	48	0
83	44	0
68	67	0
8	17	0
79	63	0
59	71	0
21	51	0
11	63	0
36	26	0
43	41	0
15	64	0
63	48	0
47	50	0
93	47	0
79	37	0
83	7	0
76	37	0
50	89	0
6	20	0
17	16	0
18	53	0
74	52	0
98	82	0
73	76	0
95	77	0
24	39	0
48	73	0
51	39	0
39	60	0
76	45	0
7	38	0
19	71	0
48	20	0
79	71	0
64	94	0
52	69	0
5	25	0
33	73	0
23	12	0
84	67	0
29	73	0
55	38	0
86	82	0
96	85	0
8	98	0
38	51	0
15	71	0
80	76	0
35	46	0
53	62	0
46	86	0
79	74	0
20	32	0
14	61	0
87	73	0
74	59	0
94	55	0
51	85	0
56	87	0
67	34	0
36	21	0
89	25	0
46	27	0
87	6	0
16	80	0
15	30	0
0	10	0
32	95	0
92	73	0
25	36	0
95	55	0
17	98	0
14	75	0
32	0	0
94	90	0
25	18	0
9	79	0
69	98	0
42	61	0
80	72	0
22	84	0
83	23	0
16	25	0
37	81	0
23	69	0
27	24	0
28	33	0
28	41	0
99	62	0
82	14	0
54	12	0
75	10	0
93	49	0
36	13	0
57	26	0
85	30	0
8	48	0
42	86	0
12	50	0
15	81	0
78	56	0
53	97	0
57	47	0
70	86	0
43	21	0
94	75	0
40	66	0
95	51	0
7	69	0
58	47	0
25	68	0
70	32	0
9	27	0
57	39	0
85	74	0
80	80	0
87	93	0
24	79	0
18	41	0
46	42	0
40	63	0
33	32	0
25	11	0
39	63	0
10	56	0
64	3	0
78	77	0
83	52	0
90	6	0
10	46	0
10	6	0
85	90	0
16	86	0
52	27	0
53	33	0
79	19	0
17	1	0
55	11	0
11	46	0
1	36	0
49	16	0
51	1	0
0	31	0
32	81	0
63	22	0
36	99	0
80	6	0
39	46	0
62	62	0
69	10	0
90	59	0
62	63	0
47	66	0
43	91	0
80	94	0
21	9	0
87	56	0
16	57	0
87	77	0
55	78	0
15	37	0
18	54	0
98	47	0
29	74	0
90	95	0
63	83	0
48	5	0
31	52	0
85	57	0
41	87	0
76	41	0
87	73	0
68	30	0
11	63	0
15	63	0
91	90	0
72	32	0
60	63	0
55	2	0
10	11	0
82	60	0
32	23	0
17	61	0
36	58	0
58	50	0
35	8	0
57	35	0
5	81	0
21	47	0
10	64	0
3	51	0
83	55	0
23	22	0
59	20	0
96	14	0
91	8	0
48	64	0
1	77	0
56	28	0
30	25	0
9	20	0
17	14	0
78	63	0
68	20	0
42	38	0
44	74	0
52	81	0
14	90	0
31	64	0
55	83	0
22	43	0
87	93	0
49	28	0
38	79	0
19	11	0
54	11	0
11	47	0
62	46	0
67	15	0
31	78	0
83	67	0
65	53	0
47	49	0
44	14	0
4	79	0
79	67	0
67	54	0
55	43	0
72	68	0
73	82	0
73	37	0
65	5	0
99	76	0
87	10	0
1	78	0
73	64	0
0	32	0
2	24	0
24	2	0
49	33	0
2	9	0
7	43	0
20	70	0
28	96	0
36	53	0
94	32	0
5	47	0
61	96	0
27	87	0
0	22	0
98	60	0
37	68	0
12	23	0
87	44	0
27	2	0
62	16	0
62	1	0
12	5	0
27	81	0
46	54	0
81	76	0
71	44	0
14	0	0
35	31	0
49	10	0
5	32	0
2	67	0
72	5	0
34	61	0
51	43	0
72	94	0
17	42	0
13	97	0
94	48	0
25	20	0
88	80	0
53	59	0
66	34	0
49	37	0
95	22	0
89	63	0
21	57	0
19	92	0
30	46	0
1	83	0
7	95	0
84	14	0
42	49	0
1	92	0
54	2	0
68	7	0
45	41	0
25	21	0
60	40	0
37	25	0
12	76	0
23	31	0
58	5	0
8	49	0
98	46	0
99	14	0
52	54	0
36	3	0
38	17	0
19	98	0
63	82	0
30	67	0
11	10	0
39	21	0
14	81	0
1	75	0
62	44	0
78	44	0
54	38	0
14	73	0
24	27	0
86	71	0
66	33	0
52	78	0
60	94	0
28	14	0
2	87	0
64	18	0
58	78	0
36	44	0
95	73	0
34	75	0
93	20	0
81	22	0
99	21	0
82	87	0
51	56	0
23	75	0
72	17	0
42	5	0
65	80	0
63	78	0
14	46	0
61	54	0
64	86	0
79	19	0
93	47	0
5	63	0
60	43	0
19	26	0
91	27	0
65	37	0
71	18	0
92	96	0
77	80	0
52	68	0
76	36	0
60	72	0
18	94	0
30	9	0
1	91	0
18	75	0
59	60	0
65	93	0
81	18	0
92	96	0
81	2	0
8	3	0
86	78	0
65	14	0
95	25	0
80	69	0
54	39	0
11	56	0
66	84	0
66	70	0
0	46	0
9	49	0
43	90	0
4	78	0
55	6	0
49	43	0
10	69	0
36	25	0
20	30	0
16	45	0
98	52	0
53	38	0
4	47	0
25	87	0
88	71	0
3	13	0
85	96	0
29	82	0
59	50	0
40	67	0
98	38	0
65	40	0
1	6	0
16	4	0
0	49	0
15	51	0
96	81	0
77	48	0
97	70	0
14	58	0
79	58	0
17	84	0
4	1	0
73	75	0
2	17	0
24	64	0
34	2	0
26	29	0
8	70	0
44	88	0
0	7	0
66	46	0
55	69	0
76	63	0
82	83	0
32	91	0
35	26	0
10	67	0
3	15	0
38	69	0
45	52	0
62	55	0
85	15	0
