93	61	0
27	5	0
29	27	0
64	97	0
12	0	0
85	40	0
94	92	0
50	11	0
58	79	0
59	28	0
81	48	0
8	80	0
14	0	0
13	85	0
96	21	0
74	74	0
52	44	0
18	62	1
92	58	0
96	14	0
48	99	0
59	67	0
75	73	0
51	6	0
29	70	0
58	16	0
94	70	0
73	96	0
91	82	0
9	42	0
55	7	0
48	27	0
99	28	0
15	57	1
77	65	0
13	88	0
36	93	0
81	14	0
78	91	0
37	9	0
40	64	0
85	65	0
94	70	0
51	62	0
96	47	0
16	80	0
68	2	0
97	71	0
15	72	0
67	9	0
3	76	0
49	90	0
29	70	0
96	68	0
57	37	0
40	35	0
89	83	0
95	92	0
98	7	0
17	95	0
99	12	0
26	3	0
75	90	0
34	0	0
5	85	0
84	16	0
31	78	0
61	95	0
36	60	0
5	30	0
69	80	0
10	49	1
86	33	0
25	89	0
50	99	0
66	26	0
26	88	0
56	97	0
1	15	0
97	11	0
79	17	0
49	75	0
86	41	0
94	58	0
55	18	0
34	11	0
67	47	0
3	95	0
60	3	0
43	64	0
44	8	0
55	30	0
83	24	0
35	57	0
87	46	0
9	61	0
82	95	0
2	88	0
45	92	0
87	54	0
73	17	0
36	67	0
34	60	0
62	5	0
70	54	0
9	63	0
32	2	0
14	47	1
39	47	1
62	82	0
44	38	0
7	94	0
79	32	0
40	81	0
72	72	0
93	7	0
73	88	0
64	72	0
24	24	0
63	96	0
96	83	0
72	61	0
24	95	0
65	34	0
33	19	1
73	9	0
15	55	1
95	70	0
94	31	0
87	50	0
38	47	0
54	1	0
67	72	0
12	26	0
47	27	0
97	55	0
50	25	0
56	76	0
54	81	0
51	20	0
38	42	0
59	28	0
9	48	1
14	52	1
63	88	0
47	61	0
41	94	0
69	38	0
71	65	0
58	65	0
96	63	0
24	19	0
47	49	0
13	15	0
17	75	0
24	67	0
82	42	0
40	47	0
91	2	0
35	85	0
52	25	0
36	40	0
76	81	0
28	62	0
55	62	0
43	95	0
31	51	0
39	14	0
55	14	0
38	98	0
30	63	0
78	79	0
93	65	0
19	94	0
95	70	0
30	50	0
23	75	0
49	73	0
53	61	0
12	30	0
72	88	0
98	80	0
39	68	0
74	35	0
4	46	0
60	8	0
72	60	0
56	15	0
79	15	0
18	43	1
0	52	0
40	60	0
62	33	0
46	67	0
88	30	0
32	96	0
23	57	0
42	16	1
79	88	0
45	56	0
27	12	0
25	76	0
61	13	0
98	94	0
45	89	0
98	5	0
8	66	0
15	69	0
99	29	0
47	90	0
60	75	0
70	68	0
45	63	0
17	76	0
18	51	0
58	1	0
16	58	1
58	91	0
96	53	0
42	86	0
81	68	0
85	22	0
55	79	0
28	84	0
36	92	0
39	24	0
71	27	0
81	44	0
56	45	0
69	67	0
1	46	0
66	23	0
19	95	0
67	67	0
80	40	0
65	29	0
49	1	0
4	43	0
88	24	0
35	25	1
70	72	0
60	96	0
76	54	0
94	35	0
95	12	0
2	31	0
83	76	0
34	97	0
90	83	0
36	99	0
60	36	0
75	27	0
18	89	0
81	24	0
24	58	0
30	72	0
49	14	0
31	98	0
81	87	0
80	78	0
92	51	0
95	55	0
15	81	0
38	69	0
84	12	0
72	46	0
35	20	1
38	6	0
45	28	0
48	51	0
83	48	0
25	57	0
39	45	0
29	78	0
72	91	0
86	56	0
57	76	0
84	4	0
92	38	0
60	12	0
29	39	1
86	44	0
74	52	0
65	72	0
5	36	0
37	69	0
61	28	0
14	93	0
29	84	0
10	89	0
89	76	0
46	19	0
39	2	0
37	50	1
74	66	0
67	4	0
88	89	0
28	5	0
50	96	0
15	63	0
51	91	0
47	36	0
7	46	0
75	35	0
77	13	0
46	19	0
80	9	0
39	57	0
11	52	1
77	18	0
77	56	0
6	9	0
7	63	0
35	98	0
15	83	0
46	98	0
46	65	0
72	39	0
66	7	0
46	83	0
45	71	0
99	79	0
2	55	0
64	48	0
72	80	0
84	18	0
33	7	0
41	0	0
51	16	0
43	28	0
78	56	0
63	15	0
18	48	0
27	16	0
36	58	0
45	38	0
87	73	0
84	60	0
0	50	0
53	38	0
91	8	0
66	13	0
73	21	0
51	42	0
41	32	0
0	78	0
67	88	0
37	75	0
11	99	0
23	69	0
55	5	0
46	39	0
90	43	0
87	51	0
12	64	0
82	71	0
79	84	0
82	27	0
76	91	0
76	3	0
71	66	0
77	55	0
63	52	0
84	78	0
67	3	0
95	16	0
31	51	0
53	93	0
66	73	0
82	13	0
26	73	0
93	20	0
58	96	0
92	23	0
63	24	0
33	56	0
64	38	0
37	54	0
51	87	0
80	30	0
33	19	1
82	80	0
41	55	0
17	93	0
94	98	0
49	29	0
4	87	0
53	50	0
95	7	0
81	39	0
26	66	0
66	53	0
58	48	0
16	97	0
83	24	0
36	14	0
85	50	0
47	43	0
36	89	0
15	7	0
54	58	0
49	88	0
3	47	0
43	79	0
44	82	0
53	27	0
21	80	0
14	28	0
74	2	0
72	20	0
97	4	0
87	89	0
25	66	0
39	27	0
82	2	0
72	54	0
71	99	0
2	22	0
56	95	0
96	59	0
33	80	0
83	5	0
45	64	0
73	24	0
62	6	0
45	12	1
39	11	1
96	12	0
84	42	0
12	89	0
80	14	0
87	99	0
24	96	0
97	70	0
44	44	0
11	32	0
76	97	0
57	50	0
4	83	0
68	37	0
76	44	0
70	46	0
79	69	0
31	65	0
93	59	0
33	99	0
93	70	0
20	98	0
92	91	0
44	35	0
64	60	0
60	91	0
47	62	0
57	98	0
77	48	0
43	43	0
34	55	0
91	2	0
2	84	0
94	62	0
19	89	0
46	64	0
44	82	0
81	36	0
33	51	0
51	24	0
85	53	0
67	18	0
83	91	0
44	96	0
44	57	0
49	10	0
37	46	0
54	97	0
48	17	0
45	71	0
85	73	0
35	9	0
91	86	0
71	7	0
13	8	0
44	37	0
19	71	0
43	0	0
10	77	0
87	81	0
60	89	0
62	44	0
66	2	0
40	66	0
42	71	0
94	53	0
98	3	0
13	69	0
82	9	0
49	68	0
48	27	0
31	3	0
34	54	0
82	86	0
31	71	0
48	80	0
64	29	0
72	31	0
51	55	0
63	93	0
28	97	0
99	16	0
87	20	0
73	13	0
13	63	0
30	98	0
22	89	0
63	41	0
77	82	0
73	95	0
9	35	0
52	42	0
64	85	0
72	65	0
60	79	0
14	91	0
20	76	0
41	30	0
46	13	1
11	31	0
42	38	0
38	45	0
98	27	0
82	42	0
74	9	0
73	34	0
59	52	0
43	25	0
96	77	0
49	85	0
87	63	0
36	64	0
38	93	0
79	51	0
25	46	1
73	22	0
34	15	0
96	50	0
73	87	0
44	42	0
7	51	1
46	10	1
49	57	0
39	87	0
65	93	0
96	61	0
15	81	0
63	47	0
11	63	0
62	45	0
43	74	0
56	57	0
44	75	0
64	80	0
1	60	0
59	63	0
75	49	0
87	57	0
30	76	0
69	86	0
44	21	0
93	16	0
53	44	0
96	10	0
6	81	0
40	88	0
85	58	0
7	45	1
75	70	0
15	89	0
16	80	0
80	85	0
42	27	0
1	73	0
71	98	0
50	60	0
93	64	0
23	99	0
83	45	0
13	2	0
38	70	0
20	81	0
35	14	0
6	15	0
86	57	0
99	22	0
50	14	0
76	36	0
81	14	0
21	7	0
31	62	0
77	31	0
4	69	0
57	83	0
1	44	0
18	78	0
71	50	0
52	98	0
72	49	0
74	84	0
80	60	0
43	50	0
79	75	0
7	80	0
37	40	0
25	77	0
79	50	0
71	37	0
92	54	0
94	95	0
87	90	0
45	69	0
73	42	0
60	58	0
29	22	1
29	20	1
37	54	0
5	46	0
65	3	0
69	82	0
90	79	0
86	11	0
53	87	0
1	94	0
53	15	0
51	24	0
69	27	0
56	27	0
33	20	1
80	12	0
30	93	0
69	23	0
33	85	0
95	19	0
42	72	0
58	39	0
66	96	0
77	71	0
42	82	0
66	94	0
87	66	0
89	44	0
18	52	1
94	81	0
75	94	0
14	58	1
99	48	0
36	69	0
95	86	0
52	86	0
34	13	1
81	78	0
93	43	0
51	87	0
78	69	0
92	52	0
77	38	0
31	50	0
1	59	0
62	77	0
67	21	0
55	35	0
42	14	0
89	85	0
14	51	1
68	34	0
40	12	1
46	19	0
11	87	0
10	62	0
9	86	0
66	42	0
97	23	0
95	31	0
98	0	0
76	97	0
5	54	0
61	18	0
56	50	0
34	81	0
95	22	0
61	51	0
38	88	0
26	99	0
33	70	0
19	97	0
34	7	0
68	69	0
46	24	0
42	73	0
50	46	0
9	44	0
67	63	0
66	13	0
27	88	0
98	58	0
22	46	1
16	28	0
16	69	0
81	63	0
64	58	0
50	50	0
95	49	0
97	67	0
70	49	0
59	12	0
71	64	0
85	44	0
7	37	0
88	79	0
55	39	0
24	82	0
9	82	0
29	98	0
25	58	0
95	27	0
2	49	0
59	92	0
7	82	0
91	67	0
45	28	0
83	26	0
17	24	0
32	35	0
74	13	0
24	76	0
36	53	0
91	51	0
90	40	0
6	2	0
5	50	0
46	16	0
0	44	0
72	4	0
44	69	0
27	27	1
92	89	0
0	11	0
49	95	0
93	34	0
38	0	0
90	87	0
46	67	0
71	65	0
35	35	0
99	37	0
91	76	0
13	61	0
15	75	0
1	41	0
17	67	0
11	91	0
70	20	0
30	56	0
8	91	0
26	23	0
57	16	0
37	70	0
68	46	0
44	6	0
37	73	0
93	26	0
3	25	0
72	49	0
89	26	0
44	56	0
29	20	0
45	6	0
17	91	0
49	67	0
31	57	0
22	18	0
15	90	0
25	83	0
58	48	0
91	46	0
32	66	0
83	94	0
50	30	0
69	71	0
47	89	0
2	85	0
83	43	0
45	57	0
11	17	0
99	68	0
50	55	0
94	18	0
83	11	0
84	35	0
58	95	0
47	44	0
48	34	0
64	30	0
38	6	0
44	94	0
44	73	0
16	42	1
90	33	0
61	93	0
89	46	0
82	49	0
38	72	0
29	67	0
78	35	0
54	39	0
73	5	0
98	93	0
76	81	0
47	72	0
71	44	0
70	90	0
11	77	0
55	19	0
22	97	0
9	57	0
46	58	0
77	80	0
60	14	0
97	99	0
87	15	0
98	99	0
64	7	0
73	23	0
68	56	0
57	26	0
20	89	0
54	85	0
73	79	0
6	32	0
11	78	0
12	72	0
36	10	0
39	45	0
15	51	1
0	45	0
78	42	0
47	23	0
14	64	0
18	85	0
57	99	0
89	41	0
3	71	0
65	47	0
28	77	0
77	66	0
72	35	0
6	51	0
26	52	0
85	35	0
66	51	0
83	56	0
14	67	0
63	53	0
2	91	0
6	6	0
86	63	0
19	66	0
16	3	0
1	93	0
22	84	0
92	39	0
73	80	0
86	63	0
85	90	0
51	68	0
64	33	0
3	73	0
48	64	0
33	63	0
59	48	0
93	20	0
