97	69	0
28	26	0
60	97	0
13	9	0
87	32	0
85	99	0
44	80	0
70	48	0
4	83	0
1	0	0
17	88	0
98	46	0
74	75	0
33	36	0
83	92	0
97	44	0
42	96	0
40	78	1
63	76	0
46	18	0
77	70	0
83	88	0
79	86	0
4	25	0
80	13	0
72	70	0
30	97	0
82	22	0
69	91	0
50	64	0
78	80	0
98	53	0
98	22	0
20	74	1
86	83	0
14	73	1
36	2	0
6	74	1
39	86	0
74	45	0
29	11	0
99	84	0
86	86	0
95	16	0
97	16	0
19	36	0
63	88	0
8	82	0
89	1	0
61	98	0
3	30	0
80	84	0
91	31	0
30	82	1
57	94	0
85	21	0
26	84	1
32	92	1
28	8	0
95	4	0
76	33	0
44	82	0
84	28	0
55	51	0
83	28	0
12	97	0
45	81	0
96	66	0
70	99	0
9	62	0
48	90	0
94	51	0
73	19	1
47	39	0
32	8	0
71	57	0
7	83	0
94	27	0
42	68	0
90	55	0
86	0	0
76	99	0
73	85	0
7	29	0
67	79	0
84	71	0
78	45	0
19	95	0
70	40	0
91	55	0
92	28	0
98	37	0
15	54	0
4	16	0
95	57	0
52	87	0
48	62	1
41	77	0
57	92	0
73	33	0
72	68	0
82	78	0
82	64	0
26	19	0
15	12	0
78	53	0
96	1	0
24	97	0
26	42	0
69	73	0
58	83	0
55	80	0
40	3	0
51	83	0
67	78	0
82	56	0
19	93	0
89	85	0
2	76	0
20	51	0
76	85	0
92	74	0
46	68	0
62	40	0
88	40	0
25	92	0
58	75	0
21	44	0
54	84	0
36	29	0
92	84	0
30	98	0
91	3	0
79	35	0
67	88	0
67	81	0
60	72	0
28	36	0
23	68	0
59	91	0
82	69	0
42	90	0
52	88	0
72	16	0
40	92	0
28	22	0
80	64	0
61	43	0
74	68	0
79	36	0
13	90	0
59	50	0
91	38	0
60	36	0
48	22	0
90	29	0
60	76	0
78	98	0
85	70	0
95	21	0
98	33	0
98	71	0
30	87	1
66	77	0
52	94	0
81	21	0
16	87	0
95	6	0
21	45	0
28	91	1
25	92	0
82	73	0
74	80	0
90	50	0
84	52	0
45	83	0
90	62	0
56	4	0
41	28	0
81	44	0
33	71	0
64	79	0
75	67	0
82	5	0
96	50	0
99	34	0
72	61	0
72	86	0
58	7	0
9	93	0
6	91	0
95	64	0
74	60	0
84	11	0
98	76	0
20	12	0
30	94	0
53	91	0
90	3	0
85	2	0
98	33	0
76	28	0
73	43	0
5	5	0
18	88	0
47	89	0
52	65	1
90	47	0
69	93	0
98	83	0
71	37	0
76	80	0
74	20	1
11	7	0
28	7	0
35	24	0
85	37	0
82	21	0
7	49	0
26	23	0
88	80	0
94	70	0
79	19	0
98	10	0
63	1	0
81	14	1
36	18	0
97	89	0
26	86	0
0	94	0
35	35	0
74	41	0
66	66	0
60	80	0
87	86	0
68	24	0
71	81	0
99	37	0
85	66	0
66	50	0
94	70	0
62	14	0
95	10	0
28	48	0
67	99	0
99	35	0
25	85	1
99	36	0
73	96	0
98	33	0
64	15	0
52	50	0
60	91	0
77	89	0
19	87	0
93	85	0
1	97	0
92	5	0
93	16	0
57	83	0
12	99	0
78	41	0
93	68	0
27	0	0
47	92	0
39	80	1
56	74	0
1	25	0
90	33	0
99	4	0
78	95	0
15	22	0
71	32	0
69	80	0
9	26	0
43	86	0
82	50	0
25	92	1
86	8	0
82	14	0
90	65	0
15	80	0
67	19	0
86	92	0
32	96	0
63	58	0
4	34	0
61	87	0
61	49	0
93	46	0
78	50	0
72	56	0
6	38	0
91	68	0
25	94	0
89	59	0
8	97	0
80	87	0
37	18	0
72	64	0
63	91	0
52	96	0
87	57	0
73	1	0
1	75	0
70	42	0
26	98	0
86	27	0
91	42	0
72	30	0
85	72	0
44	97	0
59	98	0
29	94	0
98	85	0
72	83	0
20	2	0
8	83	0
77	84	0
59	89	0
62	57	1
68	31	0
83	63	0
96	7	0
87	8	0
92	85	0
65	81	0
81	21	0
87	11	0
70	91	0
34	97	0
82	9	0
95	1	0
73	27	0
9	57	0
15	96	0
16	95	0
90	82	0
86	99	0
80	92	0
85	69	0
76	75	0
7	94	0
17	74	1
31	20	0
4	6	0
44	37	0
93	24	0
80	38	0
66	62	0
58	12	0
83	82	0
66	78	0
85	58	0
76	60	0
22	8	0
98	39	0
63	94	0
45	38	0
20	90	0
72	98	0
96	71	0
30	84	1
21	77	0
40	67	0
69	72	0
51	98	0
11	45	0
80	69	0
91	48	0
89	67	0
33	77	0
64	82	0
90	16	0
81	10	0
8	84	0
35	95	0
88	75	0
73	71	0
2	95	0
12	78	0
79	95	0
32	24	0
4	79	0
69	88	0
57	64	0
82	85	0
5	84	0
75	45	0
21	4	0
54	92	0
7	93	0
3	12	0
89	63	0
87	11	0
76	25	0
80	15	1
11	21	0
15	58	0
72	35	0
64	74	0
32	88	1
58	57	1
88	79	0
84	41	0
75	79	0
60	56	1
72	83	0
2	65	0
82	59	0
60	34	0
94	43	0
90	91	0
83	73	0
69	58	1
58	55	1
46	77	0
99	73	0
91	8	0
52	78	0
2	98	0
66	28	0
66	14	0
78	19	1
29	65	1
73	14	1
79	25	0
27	29	0
59	93	0
65	59	0
37	86	0
69	94	0
85	60	0
84	28	0
82	68	0
88	93	0
94	47	0
86	95	0
33	87	0
73	78	0
82	44	0
49	88	0
87	86	0
76	70	0
93	27	0
54	74	0
79	21	0
58	43	0
88	88	0
86	53	0
19	87	0
31	92	1
84	29	0
78	31	0
92	43	0
84	9	0
94	83	0
85	16	0
81	37	0
11	84	0
19	72	1
16	96	0
50	31	0
33	63	0
48	84	0
65	0	0
10	92	0
78	50	0
18	8	0
21	60	0
76	70	0
71	61	0
83	64	0
83	46	0
70	65	0
84	50	0
6	43	0
99	85	0
68	60	0
49	94	0
4	69	1
90	17	0
51	95	0
22	87	0
99	43	0
67	30	0
19	12	0
27	37	0
13	64	1
80	54	0
93	33	0
26	13	0
49	9	0
50	75	0
97	83	0
16	4	0
46	79	0
65	28	0
90	66	0
73	66	0
62	85	0
13	47	0
99	45	0
92	65	0
6	86	0
31	89	1
1	97	0
54	35	0
87	18	0
9	21	0
90	32	0
76	15	0
47	33	0
13	98	0
59	84	0
17	76	1
26	24	0
23	93	0
56	56	1
81	44	0
62	83	0
17	90	0
71	38	0
10	0	0
85	57	0
49	62	1
86	29	0
81	30	0
69	28	0
54	88	0
37	98	0
82	41	0
61	97	0
70	61	0
81	43	0
61	95	0
90	39	0
94	97	0
85	83	0
55	86	0
89	15	0
74	77	0
64	28	0
28	91	1
87	57	0
85	94	0
84	11	0
99	98	0
81	25	0
81	66	0
13	91	0
80	97	0
73	78	0
6	15	0
15	97	0
12	72	1
86	30	0
24	96	0
52	82	0
80	36	0
76	49	0
18	99	0
81	41	0
89	57	0
77	45	0
90	30	0
3	88	0
14	6	0
63	78	0
18	59	0
30	8	0
1	93	0
99	50	0
81	92	0
91	55	0
85	80	0
74	48	0
2	76	0
77	23	0
97	38	0
