79	61	0
32	30	0
67	99	0
15	8	0
95	38	0
82	94	0
68	43	0
5	78	0
4	7	0
14	93	0
91	44	0
67	76	0
34	32	0
68	76	0
96	57	0
51	95	1
59	73	0
39	29	0
85	74	0
95	85	0
73	75	0
9	30	0
68	73	0
76	33	0
65	92	0
50	73	0
66	80	0
95	46	0
97	25	0
92	75	0
34	2	0
44	88	1
83	33	0
32	17	0
96	73	0
91	70	0
92	21	1
92	12	0
20	35	0
62	78	0
3	87	0
96	10	1
59	95	0
18	29	0
81	74	0
90	35	0
55	94	0
3	15	0
94	16	0
70	40	0
72	18	1
53	43	0
73	32	0
15	99	1
90	65	0
61	91	0
16	60	0
41	82	1
96	54	0
34	35	0
28	7	0
69	62	0
13	92	0
99	32	0
39	66	0
87	56	0
97	4	0
75	97	0
70	84	0
6	27	0
77	79	0
81	64	0
78	38	0
19	98	1
59	39	0
85	43	0
88	35	0
88	37	0
17	59	0
4	14	0
89	59	0
57	96	0
39	77	0
58	93	0
70	36	0
61	66	0
83	75	0
77	76	0
19	18	0
13	10	0
84	61	0
89	1	0
15	52	0
71	79	0
64	80	0
59	76	0
54	6	0
50	94	1
72	91	0
77	52	0
13	90	0
91	83	0
4	89	0
16	54	0
88	89	0
86	75	0
52	77	0
74	42	0
80	39	0
52	67	0
23	54	0
41	20	0
92	91	0
72	4	0
82	37	0
83	95	0
62	77	0
72	73	0
13	24	0
12	77	1
66	99	0
74	63	1
45	92	1
60	93	0
27	84	0
38	38	0
75	53	1
58	45	0
58	79	0
69	35	0
1	96	0
93	36	0
63	26	0
51	21	0
80	18	1
64	68	0
73	94	0
85	74	0
88	8	1
96	29	0
96	77	0
68	72	0
54	82	0
14	72	0
94	8	1
10	51	0
77	75	0
79	70	0
91	52	0
83	54	0
92	67	0
54	11	0
39	25	0
76	61	0
25	75	0
57	83	0
80	75	0
79	6	1
93	46	0
99	33	0
72	59	0
67	99	0
61	9	0
2	94	0
11	98	0
95	59	0
59	62	1
94	72	0
15	17	0
47	98	1
80	8	1
78	9	0
90	24	0
86	23	0
80	30	0
13	11	0
31	75	0
57	91	0
84	40	0
75	94	0
91	72	0
63	31	0
63	81	0
5	7	0
32	8	0
43	27	0
65	35	0
3	54	0
30	13	0
96	84	0
96	59	0
99	14	0
61	0	0
38	9	0
98	85	0
28	77	0
9	93	0
34	34	0
75	46	0
74	69	0
56	73	0
86	84	0
71	30	0
75	76	0
87	34	0
86	69	0
61	38	0
99	76	0
62	14	0
97	9	0
30	57	0
77	89	0
98	45	0
90	44	0
74	95	0
92	39	0
46	45	0
55	99	0
72	83	0
23	78	0
83	81	0
4	95	0
91	12	1
93	13	1
43	84	1
18	98	1
87	32	0
93	64	0
31	2	0
48	92	1
43	57	0
11	13	0
89	44	0
88	8	1
69	90	0
16	21	0
76	25	0
73	79	0
15	29	0
76	38	0
80	2	0
95	69	0
68	16	0
95	93	0
11	36	0
55	96	0
64	55	0
94	40	0
60	44	0
73	55	1
2	55	0
90	74	0
92	61	0
3	87	0
75	86	0
39	21	0
65	54	0
63	97	0
68	90	0
96	52	0
63	13	0
66	39	0
79	31	0
92	58	0
76	39	0
87	68	0
45	97	1
50	90	1
89	96	0
80	95	0
15	8	0
4	83	0
74	83	0
71	97	0
57	19	0
81	52	0
94	1	0
90	14	1
94	78	0
66	80	0
90	19	1
63	79	0
87	18	1
94	4	0
85	28	0
10	44	0
7	96	0
14	99	1
89	88	0
86	90	0
83	86	0
85	59	0
77	86	0
8	91	0
25	22	0
3	10	0
36	41	0
88	12	1
85	37	0
63	65	0
57	4	0
76	84	0
81	80	0
79	49	0
74	61	0
32	19	0
98	38	0
77	95	0
55	38	0
70	85	0
99	63	0
17	57	0
43	72	0
52	78	0
52	85	1
0	47	0
71	73	0
94	45	0
95	67	0
54	91	0
88	25	0
84	10	0
94	68	0
63	72	0
5	95	0
79	91	0
22	19	0
6	85	0
66	73	0
61	68	0
82	85	0
0	85	0
82	52	0
15	0	0
48	86	1
8	83	0
0	16	0
98	52	0
75	20	1
18	18	0
15	33	0
68	38	0
68	78	0
91	78	0
87	42	0
80	75	0
72	90	0
2	68	0
88	65	0
64	24	0
99	44	0
77	86	0
81	70	0
44	77	0
95	67	0
93	10	1
48	77	0
0	98	0
74	34	0
80	24	1
30	33	0
64	84	0
33	71	0
63	92	0
94	52	0
88	36	0
71	69	0
92	81	0
92	44	0
96	98	0
78	70	0
70	36	0
44	87	1
82	77	0
86	71	0
94	31	0
45	65	0
62	31	0
81	90	0
85	51	0
24	84	0
83	36	0
78	44	0
89	40	0
99	84	0
72	42	0
4	87	0
9	97	0
39	33	0
26	71	0
44	87	1
62	8	0
1	96	0
76	47	0
14	15	0
17	61	0
68	71	0
68	68	0
81	52	0
77	41	0
74	66	0
79	46	0
14	39	0
97	78	0
57	97	0
82	19	0
41	94	1
20	90	0
95	58	0
62	36	0
25	17	0
27	30	0
77	50	0
99	32	0
17	1	0
42	1	0
51	63	0
94	84	0
27	7	0
41	83	1
59	17	0
85	82	0
72	64	1
63	92	0
14	48	0
99	46	0
86	62	0
6	90	0
2	93	0
49	25	0
92	27	0
17	28	0
88	39	0
74	12	0
40	27	0
20	96	0
62	86	0
21	34	0
73	39	0
67	87	0
69	36	0
10	7	0
93	55	0
87	37	0
86	22	0
60	27	1
52	96	0
86	37	0
58	97	0
61	55	0
72	53	0
52	92	0
92	51	0
93	99	0
83	87	0
54	86	1
80	78	0
74	19	0
95	48	0
94	99	0
94	96	0
85	20	0
84	67	0
14	96	1
85	97	0
61	73	0
5	20	0
28	92	0
89	29	0
16	96	0
53	78	1
72	38	0
77	50	0
77	54	0
99	56	0
83	38	0
80	20	1
5	82	0
13	12	0
60	81	0
28	69	0
36	5	0
1	81	0
96	43	0
92	86	0
87	50	0
90	83	0
68	54	1
85	18	1
96	40	0
