99	66	0
23	11	0
59	96	0
8	2	0
95	47	0
99	98	0
39	73	0
59	23	1
74	54	0
2	87	0
2	8	0
20	96	0
99	36	0
64	76	0
37	34	0
90	74	0
95	28	0
54	97	0
38	76	0
83	66	0
48	14	0
26	81	0
58	29	1
84	68	0
80	79	0
83	80	0
8	27	0
48	37	0
90	23	0
84	70	0
8	75	0
31	92	0
82	13	0
67	91	0
32	8	1
50	72	0
78	70	0
95	65	0
58	60	0
94	33	0
12	70	0
68	0	1
92	66	0
18	75	0
51	0	0
10	75	0
35	95	0
25	63	1
90	53	0
44	38	0
30	15	0
93	89	0
87	97	0
89	16	0
27	82	0
98	13	0
16	13	0
74	91	0
2	89	0
90	4	0
26	64	0
62	86	0
47	59	1
11	28	0
70	78	0
85	32	0
24	92	0
46	98	0
68	31	0
34	91	0
47	93	0
18	16	0
99	16	0
79	23	0
49	77	0
89	30	0
76	60	0
56	14	1
62	38	0
0	99	0
74	7	0
51	79	0
59	31	1
85	4	0
91	62	0
0	62	0
70	89	0
2	76	0
33	94	0
99	60	0
80	28	0
37	70	0
73	6	0
56	49	0
10	68	0
36	2	0
66	70	0
57	30	0
4	98	0
94	30	0
44	75	0
77	65	0
89	0	0
64	82	0
67	81	0
2	26	0
61	83	0
89	84	0
78	48	0
23	89	0
69	38	0
76	0	0
96	59	0
90	33	0
98	45	0
23	48	0
52	66	0
9	20	0
48	31	0
87	65	0
51	77	0
62	72	0
59	19	1
44	36	0
63	71	0
48	59	0
41	96	0
72	41	0
61	70	0
56	76	0
90	53	0
25	16	0
48	38	0
23	16	0
19	79	0
29	54	1
76	44	0
51	40	1
90	8	0
26	85	0
24	38	0
68	76	0
24	70	1
61	61	0
43	75	0
41	2	0
46	12	1
40	92	0
27	69	1
71	78	0
97	59	0
23	94	0
87	70	0
31	58	0
17	75	0
51	73	0
16	38	0
74	81	0
93	81	0
43	74	0
80	48	0
53	56	0
57	22	1
65	16	0
47	56	1
55	16	1
27	67	1
91	32	0
29	97	0
27	61	1
70	83	0
30	23	0
40	78	0
53	14	0
94	99	0
29	79	0
98	11	0
24	79	0
99	33	0
58	98	0
77	78	0
64	62	0
28	49	0
10	61	0
60	0	0
68	95	0
98	52	0
46	88	0
65	75	0
84	17	0
57	78	0
36	80	0
35	87	0
24	18	0
62	23	0
82	51	0
56	42	0
74	67	0
68	28	0
19	95	0
53	63	0
87	41	0
74	43	0
50	7	0
93	27	0
76	79	0
71	91	0
76	61	0
94	30	0
97	20	0
0	35	1
85	79	0
36	92	0
71	83	0
43	95	0
35	40	1
92	32	0
19	99	0
87	24	0
23	48	0
28	84	0
54	10	1
28	99	0
73	90	0
78	77	0
94	59	0
95	55	0
24	91	0
49	80	0
77	13	0
82	55	0
47	4	0
31	33	0
42	57	1
75	36	0
23	59	0
38	48	0
23	69	0
74	94	0
95	58	0
55	73	0
94	3	0
90	41	0
64	11	1
98	47	0
67	54	0
69	82	0
5	37	1
44	66	0
71	26	0
7	81	0
32	63	0
12	89	0
88	60	0
81	68	0
89	7	0
97	81	0
26	2	0
35	92	0
27	68	0
57	93	0
42	30	0
79	18	0
98	7	0
95	19	0
48	50	1
75	26	0
77	60	0
5	5	0
1	60	1
29	99	0
21	71	0
55	95	0
35	72	0
84	45	0
66	11	1
53	88	0
58	62	0
98	87	0
62	40	0
71	92	0
83	15	0
18	14	0
46	2	0
49	21	1
33	24	0
95	48	0
78	11	0
19	43	0
20	26	0
40	50	1
50	35	0
95	76	0
97	62	0
70	32	0
92	6	0
67	5	0
78	14	0
45	38	1
39	17	0
11	70	0
83	92	0
48	89	0
2	97	0
30	47	0
48	36	0
74	37	0
62	51	0
77	75	0
82	75	0
68	28	0
68	83	0
71	6	0
95	49	0
72	50	0
60	53	0
96	72	0
75	19	0
98	16	0
19	44	0
68	96	0
60	70	0
83	24	0
16	75	0
97	41	0
57	98	0
97	30	0
67	23	0
35	61	0
55	48	0
33	70	1
61	82	0
75	33	0
81	72	0
19	87	0
97	92	0
0	78	0
96	0	0
87	24	0
48	73	0
47	54	0
63	45	0
16	89	0
73	36	0
96	58	0
46	29	0
34	93	0
35	8	0
40	41	1
55	89	0
36	89	0
39	81	0
16	73	0
14	24	0
69	0	0
76	34	0
95	12	0
84	97	0
28	64	1
27	25	0
71	11	0
60	39	0
64	99	0
2	23	0
45	88	0
89	42	0
23	82	0
80	0	0
43	61	1
61	24	0
88	18	0
89	46	0
17	88	0
75	16	0
80	98	0
33	94	0
88	65	0
10	31	0
65	99	0
67	42	0
12	80	0
66	24	0
85	46	0
81	45	0
74	59	0
20	49	0
92	57	0
20	93	0
94	58	0
18	95	0
84	83	0
40	18	0
75	75	0
60	98	0
44	40	1
64	97	0
79	52	0
45	51	1
26	61	1
84	13	0
1	77	0
71	54	0
22	96	0
42	52	1
52	65	0
80	31	0
24	59	0
50	39	0
87	56	0
72	22	0
76	82	0
46	98	0
37	50	1
63	99	0
34	91	0
92	87	0
88	76	0
75	9	0
23	0	0
48	37	0
32	62	0
6	80	0
81	84	0
67	80	0
66	54	0
67	18	0
40	67	0
36	74	0
78	56	0
94	0	0
18	73	0
82	8	0
59	55	0
37	39	0
86	91	0
26	75	0
56	92	0
72	20	0
76	16	0
45	61	0
57	87	0
24	97	0
89	20	0
84	16	0
77	22	0
14	66	0
13	93	0
13	85	0
50	31	1
65	86	0
75	94	0
0	32	1
61	53	0
82	91	0
73	59	0
69	65	0
14	91	0
8	78	0
41	29	0
9	21	0
38	37	0
22	52	0
96	35	0
78	46	0
63	9	1
65	44	0
54	53	0
43	26	0
91	76	0
57	80	0
79	49	0
30	56	1
40	92	0
75	55	0
26	7	0
94	47	0
63	93	0
35	30	0
54	58	1
30	96	0
64	98	0
84	66	0
26	83	0
62	42	0
7	79	0
57	55	1
39	73	0
70	57	0
61	71	0
57	88	0
12	48	0
61	57	0
84	44	0
81	60	0
36	73	0
66	90	0
45	32	0
97	21	0
52	45	0
87	7	0
12	78	0
54	93	0
85	73	0
76	68	0
14	94	0
6	70	0
77	88	0
31	29	0
5	88	0
68	99	0
55	66	0
91	69	0
20	90	0
76	47	0
18	3	0
49	96	0
21	92	0
13	13	0
86	57	0
88	21	0
77	27	0
70	16	0
14	16	0
18	52	0
77	27	0
3	71	0
65	69	0
9	42	1
23	78	0
70	45	0
70	98	0
70	36	0
68	87	0
76	51	0
73	84	0
5	80	0
43	49	0
30	76	0
64	56	0
56	48	0
90	43	0
98	98	0
82	89	0
48	59	0
76	53	0
62	60	0
70	5	0
69	78	0
88	75	0
91	9	0
57	79	0
6	99	0
46	44	1
67	38	0
65	31	0
76	23	0
20	79	0
76	19	0
31	64	1
88	19	0
35	61	0
47	35	0
59	93	0
65	75	0
48	83	0
72	86	0
83	61	0
81	45	0
99	62	0
75	95	0
95	45	0
32	65	0
93	89	0
38	73	0
77	79	0
89	43	0
45	92	0
88	75	0
90	49	0
80	25	0
48	45	1
5	68	0
50	74	0
73	20	0
61	35	0
81	84	0
65	47	0
12	85	0
17	88	0
67	41	0
84	25	0
91	46	0
98	3	0
87	90	0
58	38	0
29	75	0
96	23	0
63	48	0
23	77	0
15	96	0
25	71	0
7	86	0
60	55	0
41	29	0
38	78	0
50	47	1
64	76	0
70	11	0
21	88	0
88	49	0
17	19	0
18	77	0
75	69	0
68	47	0
39	56	1
90	50	0
87	51	0
77	57	0
58	67	0
80	53	0
6	27	0
97	83	0
59	50	0
42	86	0
6	77	0
25	88	0
29	56	0
88	23	0
53	94	0
8	93	0
99	62	0
78	17	0
20	12	0
30	30	0
72	10	0
17	72	0
81	55	0
94	36	0
12	3	0
0	38	1
69	14	0
39	84	0
99	83	0
7	9	0
51	86	0
81	32	0
97	78	0
51	62	0
63	76	0
23	38	0
92	39	0
94	66	0
16	73	0
23	78	0
26	69	1
23	88	0
74	12	0
30	60	1
8	86	0
38	32	0
47	59	1
68	46	0
33	71	0
93	24	0
4	32	0
84	40	0
73	17	0
45	50	1
36	24	0
40	8	1
21	91	0
48	83	0
14	68	0
23	27	0
17	78	0
18	86	0
62	61	0
87	42	0
39	56	1
80	93	0
49	26	0
61	75	0
40	70	0
15	91	0
84	36	0
46	52	1
7	16	0
89	55	0
61	51	0
91	28	0
82	29	0
77	33	0
57	90	0
40	32	0
59	42	0
60	31	0
41	8	0
34	97	0
48	65	0
94	39	0
58	97	0
79	53	0
79	46	0
39	89	0
35	79	0
93	27	0
50	54	1
71	6	0
96	99	0
76	82	0
53	90	0
74	22	0
83	74	0
24	76	0
65	21	0
19	96	0
42	60	1
88	60	0
68	10	1
94	90	0
84	8	0
96	95	0
60	9	1
74	24	0
77	56	0
64	20	0
4	84	0
68	98	0
60	77	0
4	26	0
5	95	0
14	72	0
50	41	0
80	35	0
1	59	1
25	90	0
65	97	0
95	43	0
1	72	0
68	47	0
32	90	0
85	43	0
72	46	0
25	61	1
81	41	0
78	44	0
54	72	0
49	47	0
3	82	0
4	5	0
81	71	0
18	58	0
16	9	0
0	96	0
33	74	0
93	42	0
71	85	0
90	63	0
98	83	0
51	57	1
63	30	0
1	72	0
56	64	0
35	40	1
78	37	0
86	23	0
