95	66	0
24	17	0
62	98	0
15	4	0
89	41	0
88	98	0
46	79	0
67	46	0
3	86	0
0	4	0
17	86	0
94	45	0
66	80	0
32	34	0
87	88	0
97	43	0
47	96	0
39	84	0
66	74	0
43	12	0
78	73	0
91	89	0
74	85	0
6	18	0
80	14	0
68	75	0
34	96	0
81	22	0
65	88	0
48	66	0
79	81	0
99	51	0
95	24	0
18	73	1
90	79	0
14	66	1
39	2	0
8	72	0
34	84	0
81	48	0
31	13	0
97	91	0
86	89	0
98	18	0
29	81	1
92	11	0
25	28	0
70	88	0
4	87	0
90	8	0
66	92	0
6	21	0
75	83	0
88	28	0
25	85	0
59	96	0
83	17	0
27	87	0
32	88	1
25	7	0
95	4	0
77	32	0
47	78	0
86	22	0
62	46	0
78	35	0
10	97	0
47	87	0
75	13	1
91	64	0
72	96	0
6	69	0
40	97	0
97	57	0
77	17	0
53	11	1
49	33	0
33	4	0
72	56	0
3	84	0
91	27	0
48	68	0
85	54	0
83	4	0
71	96	0
65	91	0
8	31	0
65	79	0
86	72	0
77	42	0
18	99	0
67	44	0
90	60	0
94	28	0
97	39	0
11	51	0
6	21	0
90	58	0
50	81	0
51	61	1
54	77	0
55	99	0
73	34	0
69	71	0
72	75	0
87	63	0
26	14	0
17	12	0
20	83	1
78	53	0
94	5	0
23	95	0
22	40	0
63	74	0
60	86	0
57	74	0
43	0	0
55	83	0
71	83	0
80	56	0
18	92	0
90	81	0
2	73	0
52	57	1
19	48	0
74	79	0
95	70	0
48	67	0
68	40	0
92	37	0
24	88	0
54	81	0
22	44	0
47	80	0
39	24	0
90	88	0
28	96	0
93	5	0
78	37	0
65	92	0
71	81	0
63	74	0
23	42	0
23	63	0
60	89	0
80	66	0
41	90	0
57	86	0
71	19	0
23	69	1
46	92	0
27	26	0
81	59	0
66	42	0
76	66	0
84	38	0
10	91	0
62	48	0
90	36	0
60	34	0
52	18	0
96	29	0
68	80	0
79	97	0
83	66	0
95	25	0
95	32	0
88	76	0
31	93	0
68	84	0
48	92	0
80	32	0
11	96	0
88	15	0
23	45	0
27	87	0
23	97	0
82	75	0
74	81	0
88	51	0
84	58	0
45	88	0
73	2	1
83	63	0
48	6	0
46	27	0
85	42	0
28	72	0
68	83	0
76	66	0
74	1	0
86	49	0
94	39	0
78	65	0
69	83	0
58	70	1
58	13	0
6	88	0
1	92	0
83	66	0
75	66	0
87	7	0
96	83	0
20	6	0
29	90	0
54	93	0
89	10	0
90	9	0
94	29	0
76	24	0
65	46	0
2	3	0
23	99	0
2	77	1
46	86	0
58	69	0
93	42	0
63	86	0
95	82	0
72	37	0
83	80	0
76	17	0
14	10	0
36	8	0
34	25	0
94	40	0
83	14	0
8	48	0
21	23	0
92	84	0
97	76	0
75	22	0
97	14	0
60	8	0
85	14	0
36	14	0
95	87	0
29	87	0
8	96	0
34	41	0
75	43	0
62	60	0
64	78	0
84	83	0
74	24	0
72	81	0
96	39	0
83	56	0
62	48	0
96	71	0
65	16	0
89	13	0
28	51	0
68	97	0
95	31	0
19	86	0
98	42	0
68	96	0
94	34	0
59	19	0
55	49	0
57	97	0
72	88	0
25	91	0
93	80	0
2	90	0
93	3	0
93	11	0
60	76	0
12	94	0
75	39	0
93	65	0
31	75	1
28	7	0
51	92	0
31	85	1
55	76	0
6	31	0
88	34	0
92	11	0
77	98	0
18	29	0
70	30	0
65	87	0
5	20	0
48	84	0
83	49	0
25	91	0
84	9	0
80	17	0
92	59	0
15	82	0
64	20	0
91	89	0
33	94	0
67	58	0
9	36	0
63	90	0
60	44	0
16	70	1
61	27	1
92	42	0
75	53	0
70	56	0
0	39	0
90	64	0
20	98	0
91	54	0
8	92	0
87	86	0
40	18	0
74	59	0
59	91	0
56	97	0
82	53	0
74	11	0
0	82	0
71	40	0
26	99	0
79	27	0
89	46	0
72	25	0
84	72	0
51	98	0
57	94	0
28	99	0
97	83	0
72	86	0
25	0	0
9	82	0
77	93	0
70	91	0
63	50	0
68	28	0
34	80	1
78	61	0
99	4	0
17	76	1
91	3	0
51	68	1
90	82	0
64	83	0
78	24	0
91	11	0
74	90	0
29	99	0
92	12	0
92	2	0
71	22	0
7	53	0
13	95	0
14	85	0
83	84	0
86	93	0
75	91	0
85	68	0
74	64	0
9	99	0
17	75	1
28	19	0
2	10	0
46	39	0
96	25	0
82	37	0
70	58	0
53	15	0
86	78	0
65	78	0
87	53	0
33	83	1
76	63	0
22	8	0
98	38	0
55	97	0
41	41	0
23	91	0
71	93	0
96	75	0
29	85	1
13	77	0
42	65	0
58	60	1
65	78	0
54	95	0
11	46	0
78	65	0
83	53	0
90	68	0
40	75	0
67	78	0
89	16	0
83	7	0
13	84	0
45	95	0
84	76	0
71	72	0
7	91	0
17	83	0
79	95	0
29	24	0
7	81	0
66	89	0
60	73	0
81	83	0
7	92	0
72	48	0
21	4	0
45	93	0
8	93	0
0	17	0
81	66	0
82	14	0
78	25	0
76	15	1
13	22	0
15	54	0
73	29	0
64	72	0
27	92	0
57	56	0
87	87	0
82	39	0
75	83	0
64	51	1
71	85	0
8	67	0
79	59	0
54	40	0
98	41	0
96	90	0
78	74	0
63	52	0
63	54	0
51	74	0
97	79	0
95	2	0
60	78	0
6	98	0
62	33	0
69	23	0
68	17	0
28	70	1
77	21	0
74	26	0
27	26	0
59	93	0
67	64	0
39	90	0
64	99	0
79	63	0
82	27	0
85	68	0
90	97	0
90	43	0
88	84	0
40	87	0
73	79	0
79	47	0
45	91	0
82	80	0
72	67	0
92	24	0
3	71	1
54	73	0
83	20	0
60	39	0
84	86	0
75	59	0
17	85	0
23	88	0
79	31	0
83	31	0
96	47	0
94	10	0
82	84	0
90	18	0
81	39	0
18	72	1
12	93	0
20	77	1
11	91	0
57	50	1
47	28	0
38	63	0
54	79	0
66	2	0
15	87	0
81	50	0
21	12	0
23	63	0
79	71	0
71	61	0
84	60	0
80	52	0
70	62	0
81	50	0
8	38	0
93	88	0
71	57	0
47	87	0
8	71	0
89	19	0
56	92	0
21	89	0
99	43	0
64	31	0
19	19	0
25	32	0
15	64	0
77	55	0
94	40	0
29	6	0
58	9	0
46	84	0
91	82	0
19	5	0
50	77	0
68	27	0
91	61	0
72	67	0
63	89	0
6	44	0
96	44	0
93	67	0
7	83	0
24	80	1
27	96	0
4	99	0
65	35	0
87	15	0
7	16	0
87	29	0
84	20	0
42	33	0
20	98	0
58	84	0
11	79	0
22	26	0
19	73	1
19	95	0
62	55	0
84	44	0
63	90	0
56	67	1
22	94	0
78	41	0
12	3	0
84	57	0
54	56	1
92	30	0
74	26	0
73	33	0
58	92	0
64	9	1
37	99	0
84	42	0
67	99	0
76	55	0
85	46	0
61	92	0
40	74	1
93	34	0
97	99	0
81	84	0
58	88	0
88	19	0
69	77	0
66	20	0
31	89	0
91	53	0
94	90	0
82	7	0
99	97	0
82	21	0
87	68	0
9	91	0
75	98	0
67	76	0
0	16	0
12	99	0
11	68	0
86	28	0
26	96	0
60	81	0
84	44	0
12	67	1
79	45	0
23	98	0
85	46	0
93	58	0
72	49	0
84	24	0
3	84	0
11	5	0
64	74	0
21	62	0
26	10	0
3	91	0
35	83	1
97	52	0
81	82	0
88	61	0
90	77	0
76	47	0
3	83	0
83	24	0
94	32	0
