98	67	0
25	18	0
64	96	0
12	7	0
87	38	0
88	97	0
48	78	0
70	46	0
6	85	0
2	2	0
13	84	0
98	44	0
71	76	0
33	37	0
81	91	0
97	44	0
42	96	0
42	81	0
63	71	0
45	16	0
73	73	0
85	92	0
75	89	0
5	23	0
82	13	0
72	74	0
31	95	0
81	21	0
68	88	0
52	65	0
81	82	0
97	50	0
98	25	0
21	76	1
89	83	0
13	74	1
35	0	0
6	73	1
40	87	0
77	44	0
27	12	0
99	88	0
85	88	0
96	18	0
97	14	0
21	33	0
69	89	0
6	88	0
94	5	0
64	95	0
5	24	0
79	83	0
88	27	0
27	85	0
62	98	0
83	20	0
24	87	1
31	88	1
28	6	0
96	2	0
71	32	0
44	78	0
81	25	0
57	50	0
83	27	0
8	94	0
45	79	0
96	66	0
71	96	0
8	65	0
40	93	0
98	51	0
75	17	0
47	35	0
32	6	0
72	55	0
7	82	0
95	25	0
46	68	0
89	57	0
85	0	0
75	99	0
67	89	0
10	32	0
65	81	0
86	72	0
84	41	0
18	97	0
67	43	0
88	57	0
95	28	0
97	41	0
16	54	0
7	17	0
92	55	0
48	85	0
51	58	1
48	78	0
55	96	0
73	30	0
70	69	0
76	77	0
88	66	0
25	14	0
20	15	0
78	51	0
94	1	0
24	97	0
23	41	0
67	75	0
60	85	0
53	80	0
39	0	0
51	84	0
69	81	0
81	57	0
17	90	0
90	81	0
2	74	0
18	46	0
77	84	0
95	72	0
47	66	0
62	44	0
89	43	0
22	93	0
56	79	0
22	47	0
51	81	0
40	24	0
93	87	0
29	99	0
88	3	0
81	38	0
68	90	0
66	82	0
59	73	0
26	41	0
21	65	0
59	90	0
81	66	0
39	92	0
54	88	0
75	19	0
46	88	0
26	25	0
79	62	0
64	39	0
77	68	0
82	37	0
12	91	0
61	49	0
90	34	0
59	34	0
50	21	0
95	31	0
60	75	0
76	97	0
85	69	0
99	28	0
93	34	0
96	71	0
27	89	1
65	80	0
49	89	0
79	28	0
13	91	0
92	12	0
21	45	0
30	91	0
25	92	0
83	78	0
77	78	0
87	48	0
86	49	0
45	86	0
86	59	0
54	3	0
40	24	0
85	43	0
32	72	0
65	79	0
77	70	0
80	1	0
92	52	0
98	36	0
71	62	0
69	86	0
56	11	0
8	90	0
6	94	0
90	64	0
75	58	0
84	12	0
98	80	0
21	9	0
29	95	0
50	93	0
88	7	0
89	8	0
94	31	0
76	30	0
69	43	0
1	4	0
20	95	0
4	78	1
43	87	0
57	68	1
95	43	0
67	95	0
97	85	0
67	37	0
76	78	0
73	16	0
13	10	0
32	7	0
32	25	0
91	41	0
82	20	0
6	46	0
21	23	0
91	81	0
97	72	0
78	22	0
98	12	0
63	2	0
85	17	0
39	19	0
96	87	0
25	85	0
5	95	0
34	41	0
76	42	0
66	64	0
63	78	0
88	85	0
72	27	0
68	82	0
99	38	0
84	60	0
65	49	0
96	69	0
65	15	0
92	11	0
26	48	0
66	96	0
98	36	0
20	89	1
94	41	0
71	94	0
94	34	0
61	15	0
51	49	0
60	94	0
74	91	0
21	90	0
94	85	0
0	96	0
93	1	0
91	13	0
58	81	0
15	96	0
75	37	0
95	64	0
28	2	0
45	93	0
34	85	1
54	77	0
0	26	0
88	35	0
97	7	0
81	94	0
18	22	0
67	32	0
66	80	0
11	25	0
46	89	0
81	52	0
26	88	0
84	4	0
81	15	0
91	64	0
13	81	0
63	18	0
88	89	0
34	96	0
67	61	0
6	31	0
62	86	0
59	47	0
94	44	0
79	54	0
71	57	0
0	36	0
91	64	0
23	97	0
90	57	0
9	94	0
87	85	0
39	18	0
71	61	0
63	92	0
53	98	0
86	54	0
76	3	0
2	79	0
70	44	0
24	99	0
83	31	0
93	41	0
71	28	0
87	74	0
53	96	0
55	99	0
27	95	0
97	81	0
71	82	0
22	3	0
10	80	0
78	88	0
65	89	0
59	55	1
69	30	0
30	79	1
80	62	0
92	4	0
92	8	0
91	84	0
66	83	0
78	24	0
93	10	0
73	90	0
32	99	0
87	9	0
97	0	0
72	25	0
4	59	0
17	97	0
13	92	0
86	85	0
86	98	0
78	93	0
85	69	0
73	70	0
7	98	0
16	71	1
27	21	0
3	9	0
42	39	0
95	27	0
83	39	0
69	59	0
56	15	0
85	81	0
67	79	0
85	57	0
32	80	1
73	61	0
21	6	0
99	42	0
58	98	0
40	40	0
21	92	0
75	96	0
97	73	0
31	82	1
18	76	0
41	69	0
73	74	0
50	98	0
13	49	0
74	68	0
91	52	0
92	68	0
39	76	0
65	83	0
88	16	0
80	6	0
11	85	0
37	99	0
90	72	0
70	73	0
1	91	0
13	81	0
81	94	0
29	26	0
9	81	0
67	87	0
60	70	0
84	82	0
5	90	0
72	45	0
19	2	0
47	91	0
11	95	0
1	19	0
85	65	0
83	13	0
77	23	0
78	18	1
10	19	0
17	58	0
77	29	0
66	74	0
29	89	1
59	55	1
87	80	0
81	46	0
75	83	0
63	53	1
71	83	0
0	66	0
78	57	0
60	36	0
98	44	0
91	88	0
81	70	0
67	51	1
59	54	1
48	77	0
97	78	0
93	2	0
58	77	0
0	96	0
65	28	0
67	19	0
76	17	0
26	69	1
76	18	1
78	24	0
29	30	0
59	94	0
67	62	0
36	91	0
66	99	0
83	61	0
83	29	0
89	70	0
88	92	0
94	41	0
83	87	0
35	87	0
73	79	0
82	49	0
55	91	0
83	84	0
75	68	0
91	23	0
5	75	1
53	74	0
79	22	0
56	41	0
86	85	0
82	57	0
20	85	0
28	88	0
81	31	0
80	31	0
92	43	0
86	11	0
85	81	0
83	17	0
80	35	0
18	76	1
13	87	0
18	72	1
15	94	0
57	50	1
49	29	0
36	60	0
49	81	0
66	6	0
14	92	0
76	49	0
23	12	0
25	62	0
77	72	0
70	60	0
82	65	0
85	50	0
72	64	0
81	50	0
6	43	0
95	85	0
68	58	0
47	94	0
6	73	1
91	21	0
55	94	0
22	90	0
99	43	0
66	30	0
21	9	0
28	36	0
13	68	1
81	53	0
94	38	0
28	6	0
54	11	0
49	78	0
94	82	0
16	6	0
46	77	0
65	30	0
89	62	0
72	68	0
65	88	0
12	46	0
96	46	0
92	65	0
9	87	0
29	88	1
2	98	0
64	35	0
88	17	0
7	19	0
91	30	0
82	20	0
43	33	0
15	97	0
58	83	0
18	75	1
21	27	0
19	76	1
24	99	0
57	56	0
82	45	0
59	84	0
23	92	0
75	45	0
11	2	0
84	61	0
49	58	1
92	24	0
82	28	0
73	32	0
57	89	0
66	11	1
40	99	0
87	42	0
61	99	0
71	58	0
83	44	0
62	93	0
39	71	1
92	38	0
91	99	0
83	88	0
53	86	0
91	18	0
71	75	0
68	23	0
28	89	1
89	53	0
87	93	0
83	7	0
96	95	0
84	25	0
85	67	0
10	85	0
75	98	0
70	79	0
2	15	0
11	98	0
14	76	1
80	32	0
21	98	0
55	78	0
83	39	0
77	48	0
20	97	0
83	43	0
92	59	0
76	43	0
84	28	0
2	86	0
12	8	0
64	73	0
18	59	0
26	5	0
2	90	0
39	80	1
99	54	0
77	88	0
89	54	0
89	77	0
74	46	0
3	82	0
83	25	0
97	36	0
