99	68	0
24	13	0
60	97	0
3	2	0
92	39	0
98	98	0
43	19	1
42	85	0
59	23	0
82	54	0
4	91	0
2	9	0
19	99	0
99	34	0
65	73	0
40	34	0
81	68	0
94	17	0
55	97	0
40	70	0
82	66	0
49	14	0
26	84	0
54	20	1
88	68	0
84	82	0
83	82	0
10	25	0
52	38	0
85	24	0
81	66	0
12	76	0
33	97	0
85	10	0
63	93	0
32	7	1
50	67	0
80	72	0
97	69	0
63	62	0
99	29	0
15	71	0
66	8	1
94	70	0
19	76	0
54	1	0
7	74	0
37	98	0
30	63	1
83	53	0
53	36	0
33	14	0
98	90	0
90	99	0
90	11	0
33	91	0
96	10	0
22	21	0
75	89	0
2	93	0
81	7	0
24	71	0
67	89	0
43	63	0
13	25	0
73	81	0
89	39	0
21	91	0
48	93	0
69	26	0
29	95	0
49	93	0
17	14	0
96	15	0
77	30	0
52	75	0
86	34	0
84	64	0
57	8	1
67	40	0
1	95	0
72	4	0
51	79	0
56	29	1
83	15	0
33	55	1
90	57	0
3	54	0
77	87	0
6	78	0
33	92	0
99	56	0
75	29	0
32	70	0
34	65	1
76	2	0
70	48	0
15	76	0
33	1	0
66	69	0
48	32	0
4	98	0
96	26	0
41	81	0
81	68	0
89	2	0
61	86	0
63	80	0
7	27	0
59	88	0
97	85	0
84	53	0
23	86	0
71	34	0
80	5	0
98	61	0
85	33	0
96	52	0
30	51	0
56	11	1
55	65	0
10	22	0
50	34	0
85	61	0
50	23	1
49	81	0
59	73	0
61	16	0
48	37	0
55	21	1
63	81	0
46	58	0
41	97	0
75	41	0
62	69	0
55	72	0
93	56	0
26	13	0
44	32	0
17	22	0
15	77	0
29	60	0
77	49	0
56	37	0
89	8	0
29	80	0
55	22	1
28	38	0
68	79	0
27	65	0
59	62	0
46	78	0
40	46	1
40	1	0
56	19	1
42	90	0
25	64	0
73	77	0
92	66	0
21	95	0
85	74	0
28	51	0
23	69	0
53	73	0
49	49	1
18	34	0
76	80	0
95	86	0
44	68	0
74	46	0
6	39	1
71	9	1
58	46	0
55	18	0
70	19	0
43	55	1
52	18	1
34	70	0
96	34	0
28	93	0
23	60	0
72	89	0
48	52	1
21	22	0
38	78	0
52	14	0
94	96	0
30	86	0
99	6	0
19	79	0
98	31	0
58	98	0
70	81	0
62	57	0
28	52	0
14	70	0
59	4	0
66	90	0
96	51	0
39	89	0
67	72	0
84	18	0
54	75	0
36	84	0
34	86	0
25	19	0
66	23	0
80	51	0
52	42	0
75	69	0
71	21	0
22	93	0
56	66	0
92	33	0
77	41	0
50	6	0
0	39	1
88	31	0
77	80	0
67	99	0
78	56	0
97	28	0
89	15	0
1	39	1
85	77	0
32	98	0
86	85	0
40	98	0
38	37	0
86	34	0
25	96	0
86	22	0
17	54	0
29	84	0
48	14	1
24	91	0
75	89	0
79	77	0
94	60	0
94	52	0
24	85	0
41	71	0
86	11	0
86	55	0
41	2	0
36	24	0
42	55	1
77	41	0
25	55	0
37	44	0
25	76	0
78	98	0
93	56	0
55	73	0
93	0	0
93	36	0
61	8	0
93	50	0
67	51	0
65	78	0
3	35	1
42	63	0
74	27	0
11	85	0
26	62	0
9	93	0
91	62	0
44	6	1
80	66	0
83	6	0
99	79	0
23	2	0
41	98	0
25	67	0
61	96	0
41	30	0
77	16	0
89	12	0
59	14	1
90	12	0
52	52	0
74	29	0
78	57	0
7	1	0
0	56	1
30	98	0
20	74	0
56	95	0
43	67	0
83	42	0
67	7	1
48	86	0
51	63	0
97	96	0
4	41	1
62	39	0
67	91	0
81	23	0
26	8	0
47	0	0
48	21	1
28	28	0
91	55	0
73	12	0
20	43	0
16	29	0
36	54	1
44	35	0
95	75	0
91	65	0
63	29	0
88	7	0
71	11	0
75	14	0
50	42	0
42	25	0
9	73	0
83	90	0
49	89	0
7	98	0
36	51	0
54	9	1
53	38	0
79	38	0
69	48	0
79	76	0
82	88	0
74	26	0
70	81	0
71	8	0
78	59	0
72	53	0
65	54	0
94	76	0
72	11	0
88	18	0
20	45	0
64	94	0
62	71	0
76	18	0
18	77	0
95	44	0
58	96	0
99	25	0
61	25	0
35	55	0
57	49	0
30	69	1
61	82	0
76	31	0
79	78	0
20	88	0
94	94	0
40	11	1
1	77	0
48	52	1
98	4	0
89	31	0
42	72	0
56	52	0
69	45	0
18	93	0
72	29	0
91	58	0
44	32	0
36	93	0
29	12	0
42	47	0
56	96	0
3	46	1
36	86	0
37	80	0
14	70	0
12	24	0
74	6	0
75	32	0
98	9	0
81	97	0
30	67	1
30	25	0
74	9	0
57	48	0
67	95	0
2	22	0
46	85	0
91	49	0
30	77	0
75	3	0
41	66	0
61	21	0
59	10	1
81	20	0
89	45	0
7	82	0
76	12	0
81	96	0
31	98	0
88	68	0
42	54	1
8	32	0
66	93	0
70	44	0
7	75	0
62	23	0
88	42	0
77	47	0
73	59	0
18	51	0
98	53	0
19	93	0
99	58	0
19	95	0
86	89	0
41	26	0
73	76	0
56	92	0
48	47	1
60	95	0
79	49	0
45	47	1
23	64	0
84	4	0
3	79	0
79	57	0
21	98	0
44	52	1
43	67	0
78	26	0
25	56	0
52	30	0
90	55	0
71	22	0
80	86	0
42	95	0
38	57	1
41	44	0
66	99	0
58	20	1
39	87	0
87	82	0
85	74	0
75	11	0
22	4	0
41	36	0
32	56	0
36	5	1
1	78	0
84	80	0
62	84	0
65	49	0
71	16	0
37	66	0
36	73	0
85	54	0
90	3	0
14	71	0
78	11	0
57	60	0
57	27	1
36	7	1
38	38	0
84	88	0
25	77	0
56	88	0
72	19	0
78	15	0
48	57	0
60	84	0
24	96	0
94	24	0
82	10	0
82	26	0
13	67	0
19	99	0
13	82	0
58	32	0
73	88	0
76	95	0
1	34	0
65	60	0
76	92	0
77	63	0
67	66	0
23	94	0
12	76	0
43	27	0
11	22	0
45	35	0
32	45	0
96	34	0
85	48	0
65	9	1
63	34	0
58	48	0
39	26	0
94	74	0
53	80	0
81	48	0
33	61	1
39	98	0
81	57	0
27	9	0
96	48	0
65	85	0
39	33	0
48	56	0
32	96	0
59	96	0
88	66	0
24	83	0
63	43	0
0	74	0
57	50	0
46	70	0
68	53	0
56	72	0
60	87	0
10	53	0
58	54	0
85	49	0
81	62	0
38	77	0
70	87	0
46	29	0
97	22	0
55	48	0
93	8	0
4	80	0
55	91	0
88	72	0
73	69	0
16	93	0
7	67	0
79	86	0
38	27	0
7	85	0
72	97	0
53	61	0
86	64	0
21	88	0
73	44	0
21	1	0
50	91	0
22	86	0
9	18	0
89	57	0
89	23	0
77	30	0
76	15	0
20	14	0
22	54	0
80	30	0
1	79	0
59	72	0
1	39	1
24	76	0
65	49	0
66	92	0
66	41	0
72	85	0
75	51	0
76	81	0
5	83	0
51	47	0
30	78	0
70	55	0
60	45	0
92	44	0
99	99	0
82	96	0
51	60	0
76	51	0
67	70	0
68	3	0
67	80	0
84	73	0
87	10	0
57	80	0
5	99	0
49	41	0
67	38	0
65	29	0
71	20	0
20	82	0
77	21	0
31	67	1
90	13	0
38	59	0
46	32	0
58	93	0
68	75	0
49	81	0
72	88	0
83	65	0
84	48	0
97	65	0
80	95	0
99	44	0
36	64	0
85	82	0
40	74	0
77	84	0
99	49	0
46	88	0
87	74	0
86	51	0
79	31	0
42	47	1
4	63	0
50	81	0
74	16	0
67	31	0
81	83	0
66	45	0
13	87	0
23	88	0
65	45	0
88	22	0
84	50	0
97	2	0
83	97	0
53	20	1
58	41	0
34	78	0
97	21	0
69	49	0
28	78	0
17	98	0
27	73	0
8	85	0
62	60	0
45	29	0
44	79	0
42	47	1
69	75	0
75	12	0
21	86	0
91	52	0
20	21	0
12	77	0
73	62	0
70	47	0
43	60	0
93	46	0
88	53	0
76	51	0
56	11	1
56	68	0
84	47	0
3	29	0
98	80	0
56	47	0
44	85	0
7	78	0
24	86	0
31	59	0
88	28	0
57	92	0
7	99	0
98	68	0
55	29	1
76	22	0
23	18	0
31	32	0
70	11	0
17	72	0
84	51	0
93	36	0
6	6	0
0	34	0
69	17	0
39	83	0
98	85	0
3	11	0
50	92	0
82	31	0
39	9	1
98	82	0
43	59	0
65	70	0
24	36	0
92	39	0
90	68	0
19	75	0
19	84	0
28	72	0
22	94	0
76	10	0
23	57	0
12	88	0
39	37	0
48	19	1
44	64	0
67	44	0
49	8	1
34	73	0
96	20	0
6	30	0
79	50	0
82	21	0
49	50	1
28	23	0
45	13	1
20	93	0
43	83	0
22	63	0
20	22	0
22	81	0
19	79	0
69	58	0
91	44	0
36	58	0
82	99	0
46	29	0
63	74	0
41	81	0
17	90	0
92	40	0
46	55	0
7	16	0
89	52	0
62	51	0
89	24	0
88	23	0
76	33	0
58	90	0
43	37	0
60	46	0
59	33	0
41	1	0
36	93	0
57	64	0
93	32	0
59	98	0
83	55	0
76	46	0
41	84	0
35	77	0
90	29	0
51	45	0
69	4	0
97	99	0
78	84	0
50	80	0
71	25	0
86	81	0
20	81	0
60	25	0
19	95	0
40	58	0
87	66	0
68	10	1
94	95	0
84	9	0
94	95	0
60	13	1
70	24	0
76	58	0
66	30	0
8	80	0
58	99	0
65	78	0
1	22	0
8	90	0
12	76	0
42	18	1
44	38	0
10	46	1
78	40	0
45	13	1
2	65	0
27	86	0
62	93	0
99	48	0
3	66	0
70	41	0
27	93	0
81	50	0
72	43	0
30	55	0
83	37	0
78	44	0
62	67	0
54	49	0
0	81	0
1	6	0
77	67	0
20	62	0
19	4	0
1	91	0
26	71	0
98	41	0
71	85	0
86	63	0
99	83	0
50	51	0
59	31	0
2	79	0
55	60	0
38	50	1
71	40	0
84	21	0
