92	62	0
30	5	0
29	28	0
64	98	0
18	1	0
87	40	0
95	95	0
50	11	0
59	77	0
60	28	0
82	48	0
5	82	0
11	3	0
19	85	0
97	23	0
75	79	0
50	43	0
19	60	1
87	54	0
96	14	0
47	99	0
60	66	0
75	75	0
51	5	0
29	72	0
56	17	0
92	72	0
72	92	0
92	77	0
6	37	0
53	10	0
46	26	0
99	28	0
17	56	1
80	66	0
13	88	0
35	94	0
85	16	0
78	88	0
38	10	0
41	65	0
89	66	0
93	70	0
55	62	0
97	49	0
15	80	0
68	0	0
96	68	0
17	72	0
68	4	0
8	73	0
52	86	0
29	71	0
95	67	0
52	39	0
41	33	0
87	82	0
96	91	0
97	5	0
21	97	0
97	12	0
30	0	0
75	89	0
35	0	0
6	90	0
88	12	0
32	78	0
64	99	0
41	61	0
8	27	0
66	80	0
10	54	1
87	31	0
30	86	0
49	99	0
65	29	0
30	88	0
57	96	0
2	14	0
95	11	0
81	21	0
47	72	0
86	41	0
92	58	0
56	19	0
33	10	0
71	48	0
2	94	0
57	1	0
45	65	0
46	9	0
54	28	0
82	26	0
35	57	0
89	47	0
8	59	0
84	96	0
0	89	0
45	96	0
88	50	0
72	20	0
37	66	0
32	64	0
58	4	0
71	54	0
8	63	0
31	0	0
13	47	0
38	50	1
63	83	0
41	38	0
8	91	0
78	30	0
42	81	0
73	72	0
91	6	0
71	89	0
66	72	0
27	26	0
66	97	0
98	82	0
72	61	0
23	94	0
65	35	0
31	21	0
73	8	0
15	54	1
97	74	0
97	29	0
88	52	0
39	48	0
52	1	0
69	66	0
14	25	0
46	25	0
99	56	0
51	27	0
60	75	0
57	81	0
51	20	0
39	37	0
60	31	0
9	52	0
16	54	1
67	87	0
45	61	0
41	94	0
71	37	0
73	62	0
56	65	0
92	63	0
21	23	0
48	52	0
18	12	0
14	75	0
29	65	0
81	43	0
40	47	0
90	2	0
35	88	0
54	30	0
39	42	0
78	84	0
27	67	0
50	64	0
38	90	0
35	50	0
40	11	0
53	16	0
37	95	0
27	66	0
74	81	0
94	65	0
20	96	0
95	75	0
30	50	0
23	74	0
52	69	0
52	60	0
10	26	0
77	90	0
96	78	0
45	67	0
69	35	0
2	46	0
57	8	0
70	59	0
55	17	0
80	18	0
22	46	1
1	52	0
44	58	0
61	34	0
44	66	0
84	30	0
33	96	0
22	58	0
41	18	1
84	85	0
45	55	0
25	11	0
23	76	0
63	8	0
96	90	0
44	91	0
97	6	0
6	66	0
15	68	0
98	29	0
50	88	0
24	50	1
59	77	0
70	64	0
46	63	0
18	77	0
18	50	0
61	4	0
12	55	1
63	88	0
95	54	0
41	85	0
79	67	0
84	21	0
53	78	0
26	82	0
36	93	0
43	27	0
73	28	0
80	47	0
56	43	0
73	69	0
1	46	0
63	24	0
22	97	0
63	66	0
79	41	0
65	30	0
47	3	0
4	45	0
93	20	0
36	21	1
68	72	0
59	97	0
76	51	0
92	34	0
96	13	0
0	31	0
86	78	0
35	97	0
91	82	0
35	98	0
59	32	0
74	30	0
17	92	0
84	23	0
23	56	0
33	70	0
50	11	0
31	98	0
80	89	0
79	78	0
93	52	0
95	55	0
13	83	0
34	69	0
83	11	0
76	43	0
34	20	1
37	3	0
47	27	0
48	52	0
83	47	0
29	57	0
41	45	0
33	82	0
73	88	0
87	57	0
60	77	0
85	4	0
91	42	0
62	12	0
28	40	1
84	42	0
73	52	0
68	69	0
5	38	0
36	68	0
57	24	0
15	96	0
32	82	0
11	84	0
90	80	0
48	17	0
40	3	0
39	54	0
75	70	0
63	5	0
84	93	0
27	3	0
56	93	0
16	59	0
52	89	0
46	37	0
7	50	0
75	34	0
75	10	0
45	20	0
79	10	0
40	59	0
8	54	0
72	19	0
81	59	0
5	9	0
5	61	0
37	97	0
11	85	0
48	96	0
51	68	0
68	41	0
68	5	0
44	81	0
44	68	0
99	83	0
3	58	0
66	49	0
75	76	0
86	20	0
29	4	0
45	1	0
54	16	0
43	33	0
79	58	0
62	12	0
16	51	0
27	10	0
41	57	0
42	36	0
89	75	0
83	61	0
1	46	0
53	33	0
88	8	0
63	14	0
72	23	0
53	41	0
45	32	0
5	81	0
71	86	0
36	72	0
13	96	0
26	70	0
54	10	0
45	40	0
98	40	0
85	47	0
8	63	0
80	70	0
77	87	0
83	27	0
77	89	0
79	6	0
71	68	0
74	58	0
62	50	0
82	74	0
64	8	0
91	18	0
35	50	0
51	93	0
65	74	0
83	12	0
22	73	0
97	23	0
59	99	0
91	21	0
58	25	0
33	55	0
62	39	0
34	55	0
52	86	0
79	34	0
33	19	1
79	82	0
38	57	0
16	94	0
95	99	0
50	31	0
1	87	0
50	52	0
94	9	0
83	34	0
27	64	0
68	54	0
59	54	0
15	93	0
82	25	0
36	10	0
86	54	0
48	44	0
34	93	0
18	5	0
56	56	0
50	88	0
2	46	0
42	76	0
40	82	0
53	27	0
19	82	0
16	27	0
73	0	0
68	16	0
94	4	0
85	92	0
26	67	0
41	22	0
82	1	0
73	57	0
74	97	0
4	25	0
58	96	0
96	62	0
32	78	0
82	2	0
45	61	0
73	20	0
63	5	0
42	16	1
43	14	1
99	13	0
83	42	0
11	91	0
78	14	0
90	95	0
22	99	0
98	72	0
43	43	0
14	30	0
76	98	0
62	47	0
5	87	0
66	38	0
75	41	0
66	46	0
78	75	0
29	66	0
92	60	0
33	97	0
96	68	0
24	98	0
90	89	0
41	32	0
60	65	0
58	94	0
46	65	0
63	94	0
76	51	0
40	45	0
34	56	0
91	2	0
0	83	0
97	57	0
20	87	0
43	67	0
42	82	0
82	41	0
34	50	0
51	24	0
86	52	0
69	16	0
84	95	0
50	95	0
39	56	0
46	12	0
37	42	0
55	98	0
44	19	0
45	67	0
85	77	0
35	10	0
90	88	0
70	7	0
10	8	0
43	38	0
21	72	0
42	0	0
7	76	0
86	80	0
65	88	0
64	41	0
69	0	0
41	62	0
44	70	0
96	55	0
99	4	0
10	70	0
84	5	0
50	69	0
54	28	0
32	4	0
36	59	0
84	88	0
32	68	0
44	77	0
64	28	0
20	55	1
72	30	0
46	55	0
63	90	0
26	99	0
96	13	0
91	18	0
75	15	0
14	64	0
32	97	0
23	90	0
65	40	0
75	82	0
76	92	0
6	33	0
57	38	0
67	82	0
74	64	0
64	82	0
11	88	0
16	75	0
43	27	0
48	16	0
7	36	0
43	42	0
37	44	0
99	30	0
85	40	0
74	12	0
75	37	0
59	52	0
28	50	1
47	23	0
93	79	0
43	91	0
85	57	0
35	69	0
38	93	0
77	55	0
21	49	1
77	26	0
33	18	0
95	53	0
74	89	0
47	42	0
10	50	0
44	11	0
51	52	0
41	87	0
64	91	0
95	58	0
10	81	0
64	46	0
12	63	0
63	47	0
43	73	0
58	54	0
45	76	0
63	76	0
2	64	0
62	65	0
80	50	0
85	56	0
34	72	0
67	86	0
44	18	0
94	18	0
49	43	0
98	7	0
6	83	0
40	87	0
87	61	0
9	50	1
76	73	0
16	90	0
15	81	0
85	83	0
42	24	0
0	73	0
72	97	0
51	58	0
93	67	0
22	98	0
84	43	0
15	0	0
38	68	0
22	83	0
35	14	0
8	16	0
87	61	0
98	20	0
51	13	0
72	40	0
83	14	0
21	6	0
32	65	0
78	32	0
12	65	0
56	83	0
0	46	0
22	78	0
73	54	0
54	96	0
72	51	0
76	81	0
75	60	0
46	53	0
78	74	0
5	80	0
41	40	0
28	79	0
80	48	0
68	38	0
94	52	0
99	95	0
90	88	0
41	72	0
76	42	0
60	60	0
28	24	1
30	18	1
38	60	0
0	42	0
69	4	0
71	77	0
92	76	0
87	9	0
57	83	0
1	96	0
53	10	0
52	23	0
70	22	0
55	27	0
35	18	1
82	11	0
31	91	0
67	21	0
36	90	0
98	17	0
40	69	0
62	36	0
66	95	0
79	69	0
37	80	0
67	95	0
91	68	0
90	43	0
16	57	1
91	79	0
72	93	0
13	58	1
98	48	0
34	70	0
95	85	0
54	87	0
32	14	1
80	79	0
97	44	0
50	89	0
76	70	0
95	55	0
78	38	0
29	52	0
2	57	0
60	79	0
67	23	0
51	36	0
45	13	0
87	83	0
11	51	1
65	29	0
44	13	0
45	20	0
9	85	0
11	60	0
6	84	0
65	43	0
96	23	0
96	28	0
96	0	0
74	94	0
4	59	0
62	20	0
58	51	0
33	79	0
95	27	0
61	49	0
39	87	0
24	96	0
34	71	0
18	97	0
31	7	0
72	69	0
46	21	0
43	75	0
51	43	0
7	44	0
68	66	0
67	16	0
25	89	0
95	59	0
25	43	1
16	30	0
16	75	0
80	63	0
59	60	0
46	50	0
96	55	0
99	67	0
68	50	0
55	12	0
71	64	0
86	41	0
13	38	0
88	82	0
52	37	0
23	78	0
4	83	0
27	95	0
25	59	0
96	20	0
0	54	0
55	86	0
5	85	0
90	67	0
45	28	0
87	26	0
18	25	0
35	33	0
71	14	0
24	77	0
39	49	0
97	54	0
86	44	0
6	1	0
5	51	0
52	16	0
1	44	0
80	6	0
49	69	0
23	29	1
90	90	0
0	10	0
43	95	0
90	36	0
35	3	0
89	86	0
47	66	0
71	64	0
38	40	0
96	38	0
92	79	0
15	61	0
13	75	0
2	41	0
22	71	0
18	93	0
69	20	0
26	55	0
8	91	0
31	26	0
59	13	0
32	65	0
66	44	0
46	8	0
39	73	0
96	26	0
3	27	0
75	44	0
87	25	0
41	52	0
25	23	0
45	6	0
19	90	0
50	68	0
30	60	0
22	14	0
17	89	0
20	81	0
59	47	0
89	47	0
34	70	0
84	91	0
53	28	0
67	69	0
49	89	0
4	84	0
83	41	0
44	52	0
13	21	0
96	65	0
50	54	0
94	21	0
80	10	0
85	34	0
60	94	0
47	47	0
49	36	0
68	28	0
41	3	0
48	90	0
46	72	0
16	43	1
88	28	0
58	96	0
89	47	0
86	53	0
37	75	0
29	67	0
78	27	0
49	38	0
71	6	0
99	89	0
75	81	0
49	71	0
71	43	0
75	91	0
14	76	0
53	14	0
21	99	0
6	59	0
45	58	0
77	80	0
60	12	0
96	98	0
89	18	0
98	99	0
61	10	0
75	23	0
67	56	0
54	27	0
19	87	0
49	87	0
78	78	0
7	36	0
12	78	0
13	75	0
39	10	0
39	44	0
18	47	1
0	47	0
82	44	0
46	23	0
14	63	0
23	83	0
61	98	0
88	44	0
1	72	0
66	46	0
29	77	0
80	62	0
74	30	0
6	52	0
26	54	0
84	39	0
74	54	0
83	53	0
11	68	0
58	54	0
1	92	0
2	5	0
85	66	0
18	67	0
20	7	0
0	94	0
21	85	0
93	38	0
75	79	0
84	60	0
86	82	0
50	71	0
63	37	0
4	69	0
49	62	0
37	59	0
61	50	0
94	20	0
