93	61	0
28	4	0
30	29	0
66	99	0
17	1	0
86	41	0
97	95	0
51	11	0
59	76	0
62	28	0
84	51	0
5	85	0
11	7	0
20	87	0
96	23	0
77	79	0
52	43	0
19	61	1
85	54	0
99	15	0
45	98	0
63	68	0
75	74	0
51	5	0
28	74	0
56	17	0
92	74	0
70	91	0
93	76	0
4	36	0
50	10	0
44	26	0
97	29	0
16	57	1
79	66	0
12	87	0
35	92	0
87	19	0
77	85	0
37	9	0
40	65	0
89	70	0
91	72	0
55	62	0
98	51	0
15	81	0
71	1	0
97	67	0
16	73	0
68	7	0
7	74	0
55	85	0
28	72	0
95	69	0
50	37	0
43	31	0
90	86	0
95	90	0
96	7	0
19	96	0
98	12	0
33	0	0
74	91	0
36	1	0
4	93	0
90	9	0
31	80	0
64	97	0
41	60	0
8	27	0
65	82	0
12	56	1
89	26	0
29	86	0
52	98	0
62	29	0
28	89	0
58	96	0
2	13	0
95	10	0
82	20	0
50	70	0
85	41	0
94	58	0
54	20	0
34	11	0
71	50	0
1	94	0
56	1	0
43	67	0
47	8	0
57	29	0
81	27	0
35	60	0
89	46	0
6	59	0
85	97	0
1	90	0
43	99	0
90	50	0
72	18	0
38	68	0
31	61	0
60	2	0
73	53	0
6	64	0
32	0	0
10	46	0
36	49	1
62	81	0
42	38	0
10	94	0
77	33	0
42	81	0
73	70	0
91	9	0
71	92	0
65	76	0
28	23	0
62	95	0
98	79	0
75	61	0
25	93	0
66	35	0
29	19	0
71	8	0
14	53	1
99	77	0
97	25	0
87	51	0
39	49	0
53	0	0
72	62	0
16	23	0
44	25	0
99	57	0
49	26	0
62	77	0
59	82	0
50	22	0
38	37	0
60	35	0
10	54	0
17	58	0
68	89	0
42	61	0
41	96	0
72	39	0
77	60	0
54	63	0
91	63	0
20	24	0
51	50	0
22	13	0
14	75	0
32	64	0
84	44	0
40	48	0
92	1	0
36	86	0
55	32	0
39	40	0
78	82	0
28	69	0
52	65	0
39	88	0
34	50	0
42	11	0
54	17	0
38	94	0
27	67	0
75	82	0
92	61	0
21	99	0
98	74	0
32	51	0
25	75	0
50	69	0
54	57	0
12	25	0
76	89	0
98	78	0
46	66	0
69	33	0
2	45	0
57	6	0
69	58	0
54	17	0
76	20	0
23	49	1
2	50	0
45	60	0
64	34	0
42	67	0
86	29	0
34	95	0
25	59	0
41	18	1
83	82	0
44	51	0
25	10	0
22	76	0
64	10	0
97	89	0
44	91	0
99	3	0
8	65	0
16	67	0
99	31	0
51	88	0
24	48	1
58	78	0
69	63	0
47	64	0
18	76	0
18	50	0
66	2	0
13	55	0
61	85	0
95	52	0
40	85	0
82	65	0
83	23	0
51	77	0
26	81	0
35	95	0
45	30	0
74	32	0
79	44	0
56	42	0
72	70	0
3	48	0
61	23	0
21	98	0
60	68	0
78	41	0
69	30	0
48	2	0
6	45	0
93	22	0
36	18	1
69	73	0
57	97	0
76	47	0
91	33	0
93	14	0
0	33	0
87	76	0
36	95	0
91	82	0
35	97	0
61	35	0
77	30	0
16	92	0
86	21	0
24	55	0
32	71	0
48	11	0
32	94	0
81	89	0
78	79	0
94	52	0
97	58	0
12	86	0
35	70	0
80	9	0
76	44	0
34	21	0
36	0	0
50	23	0
49	54	0
86	49	0
29	56	0
42	45	0
32	83	0
75	87	0
86	56	0
58	80	0
85	5	0
90	40	0
65	9	0
28	43	1
83	42	0
74	53	0
70	70	0
2	39	0
35	68	0
61	24	0
17	91	0
30	82	0
14	82	0
88	79	0
47	16	0
38	1	0
40	54	0
77	71	0
63	6	0
86	92	0
26	3	0
52	94	0
14	63	0
52	92	0
45	37	0
6	51	0
75	35	0
76	12	0
45	18	0
77	13	0
38	59	0
8	53	0
73	19	0
83	58	0
6	9	0
5	62	0
36	96	0
10	86	0
47	94	0
48	65	0
64	42	0
71	3	0
47	82	0
46	69	0
98	85	0
1	57	0
65	50	0
75	77	0
85	23	0
30	4	0
44	0	0
53	18	0
44	35	0
81	57	0
62	13	0
18	52	0
30	8	0
43	54	0
43	38	0
30	39	1
88	75	0
83	59	0
2	48	0
54	33	0
92	11	0
64	14	0
72	22	0
50	39	0
44	32	0
2	80	0
68	86	0
37	72	0
14	98	0
27	73	0
52	9	0
44	40	0
99	43	0
83	47	0
9	64	0
80	69	0
76	85	0
81	26	0
76	89	0
78	6	0
71	67	0
73	58	0
62	52	0
85	75	0
63	6	0
93	16	0
34	49	0
49	94	0
65	77	0
81	12	0
23	71	0
98	25	0
62	98	0
92	21	0
61	26	0
32	54	0
61	38	0
33	54	0
53	85	0
80	33	0
34	19	1
77	82	0
36	56	0
18	93	0
95	99	0
49	31	0
3	87	0
50	52	0
94	11	0
84	33	0
28	61	0
65	54	0
58	54	0
14	94	0
83	26	0
39	9	0
85	53	0
49	43	0
34	91	0
18	6	0
53	56	0
51	89	0
1	45	0
42	78	0
42	80	0
55	28	0
22	82	0
18	27	0
73	0	0
69	13	0
92	4	0
87	93	0
23	66	0
44	23	0
83	0	0
73	59	0
73	97	0
4	28	0
60	95	0
96	64	0
32	77	0
85	0	0
46	60	0
73	20	0
65	5	0
44	16	1
44	16	1
97	13	0
84	40	0
10	90	0
79	13	0
91	92	0
25	99	0
99	72	0
43	43	0
13	29	0
77	97	0
62	46	0
3	87	0
64	36	0
77	40	0
65	44	0
78	72	0
28	69	0
93	63	0
36	96	0
96	70	0
24	97	0
89	91	0
42	31	0
65	67	0
59	96	0
47	65	0
62	94	0
77	50	0
40	47	0
35	58	0
92	3	0
1	85	0
98	58	0
19	88	0
43	65	0
41	83	0
82	40	0
36	52	0
47	23	0
85	52	0
71	17	0
85	95	0
50	95	0
42	57	0
46	12	0
36	42	0
56	98	0
46	20	0
45	65	0
87	78	0
33	11	0
91	90	0
70	6	0
8	7	0
46	37	0
22	72	0
41	2	0
9	77	0
88	82	0
65	87	0
62	41	0
68	1	0
43	62	0
45	68	0
97	56	0
97	1	0
9	72	0
85	5	0
50	70	0
57	28	0
32	7	0
35	59	0
84	87	0
31	70	0
44	78	0
65	31	0
19	53	1
72	31	0
45	53	0
64	91	0
28	99	0
94	12	0
93	18	0
75	15	0
14	62	0
33	94	0
23	92	0
66	38	0
76	79	0
76	90	0
8	34	0
59	39	0
71	81	0
74	62	0
61	82	0
9	88	0
15	76	0
44	24	0
47	16	0
6	38	0
43	42	0
38	44	0
99	30	0
85	38	0
75	13	0
74	38	0
59	52	0
29	48	1
45	24	0
93	80	0
44	89	0
85	58	0
36	66	0
37	89	0
77	57	0
21	52	1
76	23	0
33	17	0
97	51	0
76	91	0
48	43	0
9	53	0
45	14	0
49	54	0
42	82	0
66	89	0
96	56	0
13	81	0
64	46	0
12	62	0
60	45	0
43	72	0
57	53	0
45	76	0
62	74	0
2	64	0
64	65	0
78	50	0
86	57	0
34	71	0
65	84	0
43	15	0
97	18	0
51	46	0
97	6	0
7	84	0
40	85	0
86	62	0
11	48	1
74	71	0
18	91	0
15	79	0
85	84	0
41	23	0
2	72	0
70	98	0
49	59	0
95	67	0
22	97	0
85	40	0
14	0	0
39	71	0
24	85	0
35	16	0
11	14	0
86	63	0
98	22	0
49	13	0
72	38	0
83	14	0
20	8	0
31	65	0
77	34	0
13	65	0
56	82	0
0	46	0
23	77	0
76	56	0
51	94	0
72	51	0
78	83	0
77	60	0
46	52	0
78	77	0
6	83	0
41	39	0
28	81	0
79	49	0
70	34	0
92	51	0
99	97	0
89	89	0
42	72	0
76	43	0
61	59	0
30	21	1
32	18	1
37	60	0
3	43	0
67	2	0
69	78	0
92	79	0
90	9	0
57	80	0
2	97	0
52	9	0
53	26	0
70	23	0
56	27	0
37	19	0
79	13	0
29	90	0
68	23	0
33	91	0
97	16	0
41	66	0
63	37	0
66	96	0
79	69	0
35	81	0
66	96	0
91	67	0
90	43	0
17	58	0
91	78	0
73	93	0
16	59	1
97	48	0
33	69	0
94	84	0
52	89	0
32	19	1
78	75	0
97	46	0
51	91	0
76	72	0
95	55	0
78	40	0
30	51	0
4	57	0
60	81	0
68	26	0
53	37	0
45	12	0
87	80	0
14	50	1
65	30	0
48	10	0
47	20	0
7	85	0
11	59	0
8	80	0
68	42	0
95	26	0
93	29	0
97	0	0
72	90	0
4	57	0
61	22	0
59	50	0
34	81	0
92	27	0
61	51	0
36	85	0
23	98	0
35	68	0
19	98	0
30	6	0
74	71	0
48	22	0
42	74	0
49	44	0
5	43	0
68	65	0
66	18	0
26	92	0
94	56	0
25	41	1
18	31	0
16	73	0
79	64	0
61	58	0
46	48	0
98	55	0
99	69	0
66	50	0
57	12	0
71	63	0
86	38	0
10	40	0
87	81	0
49	36	0
21	77	0
1	82	0
26	94	0
25	59	0
94	22	0
0	55	0
56	88	0
5	87	0
88	66	0
48	31	0
88	27	0
18	21	0
33	36	0
75	16	0
27	75	0
43	52	0
99	55	0
85	44	0
6	0	0
4	51	0
52	17	0
1	46	0
79	7	0
49	68	0
22	31	1
89	89	0
0	11	0
42	98	0
91	37	0
36	2	0
89	85	0
48	66	0
71	67	0
38	39	0
94	37	0
94	78	0
13	65	0
12	74	0
5	41	0
23	70	0
19	92	0
65	18	0
29	56	0
8	92	0
31	25	0
60	11	0
31	65	0
65	43	0
44	7	0
38	75	0
97	24	0
4	27	0
74	45	0
88	26	0
41	51	0
26	24	0
44	4	0
20	92	0
45	69	0
28	58	0
23	17	0
18	91	0
18	78	0
60	47	0
93	47	0
33	72	0
84	90	0
53	29	0
65	70	0
53	89	0
4	84	0
85	42	0
47	53	0
12	18	0
98	66	0
50	53	0
93	21	0
78	12	0
82	31	0
58	94	0
47	46	0
47	36	0
70	27	0
43	2	0
48	90	0
45	74	0
17	42	1
85	28	0
58	95	0
92	43	0
86	54	0
37	75	0
32	68	0
79	27	0
49	41	0
73	10	0
97	92	0
76	80	0
49	71	0
74	43	0
75	92	0
16	77	0
53	16	0
20	97	0
8	59	0
45	59	0
76	81	0
62	13	0
96	95	0
88	16	0
99	99	0
63	9	0
77	22	0
67	56	0
54	27	0
20	86	0
48	88	0
77	80	0
8	33	0
14	79	0
10	75	0
38	10	0
40	46	0
18	49	1
3	44	0
82	45	0
46	22	0
16	62	0
23	84	0
62	97	0
90	44	0
0	71	0
62	44	0
33	75	0
78	58	0
75	30	0
3	49	0
28	54	0
84	41	0
75	54	0
82	51	0
8	65	0
56	52	0
0	89	0
0	7	0
84	65	0
17	67	0
21	4	0
2	96	0
19	84	0
96	40	0
76	80	0
83	59	0
88	80	0
46	71	0
65	37	0
6	69	0
51	62	0
34	61	0
62	49	0
92	19	0
