93	65	0
34	0	0
35	35	0
58	96	0
19	7	0
97	42	0
95	91	0
51	11	0
58	74	0
58	22	0
87	49	0
3	87	0
12	0	0
28	84	0
97	25	0
74	80	0
52	39	0
19	55	0
85	55	0
97	10	0
47	93	0
56	65	0
70	87	0
54	8	0
29	78	0
47	14	0
89	71	0
67	87	0
89	78	0
1	32	0
56	14	0
42	21	0
92	31	0
24	54	0
83	65	0
15	88	0
32	96	0
91	20	0
79	84	0
42	4	0
31	68	0
90	64	0
94	72	0
53	59	0
96	48	0
9	79	0
64	3	0
99	66	0
15	69	0
73	12	0
16	78	0
62	92	0
29	74	0
99	70	0
44	39	0
33	24	0
89	87	0
98	99	0
99	3	0
16	99	0
99	12	0
33	6	0
70	78	0
35	2	0
7	95	0
89	10	0
35	79	0
63	95	0
42	60	0
5	30	0
70	86	0
14	60	0
96	30	0
31	84	0
61	98	0
67	31	0
30	98	0
58	96	0
5	17	0
98	9	0
92	22	0
46	69	0
80	40	0
90	59	0
52	15	0
31	8	0
66	51	0
11	97	0
49	1	0
48	76	0
46	3	0
57	33	0
82	33	0
31	62	0
75	42	0
3	60	0
80	93	0
1	86	0
37	99	0
94	57	0
68	12	0
39	71	0
37	65	0
67	3	0
68	51	0
5	66	0
33	1	0
10	37	0
36	43	0
63	81	0
43	42	0
16	96	0
82	17	0
42	85	0
75	68	0
98	9	0
75	92	0
49	78	0
40	19	0
60	99	0
96	71	0
77	64	0
22	92	0
63	29	0
33	13	0
19	43	1
73	12	0
8	62	0
96	68	0
97	19	0
80	46	0
43	49	0
59	6	0
79	69	0
24	20	0
37	28	0
99	59	0
39	38	0
61	82	0
59	80	0
50	26	0
42	42	0
59	35	0
12	46	0
27	43	1
19	53	0
82	90	0
48	55	0
39	99	0
75	42	0
74	64	0
55	68	0
90	65	0
22	21	0
54	53	0
21	14	0
15	73	0
36	64	0
89	35	0
37	45	0
87	8	0
40	88	0
54	24	0
41	50	0
76	76	0
29	70	0
51	70	0
41	82	0
40	47	0
37	13	0
57	19	0
39	84	0
25	63	0
78	80	0
91	62	0
34	95	0
96	73	0
25	46	0
23	71	0
48	74	0
52	50	0
23	17	0
75	86	0
91	78	0
54	67	0
58	31	0
4	44	0
59	2	0
74	51	0
61	23	0
78	20	0
24	49	0
3	49	0
47	49	0
71	27	0
38	63	0
82	25	0
45	94	0
26	72	0
41	25	0
78	81	0
42	53	0
36	8	0
25	82	0
59	3	0
92	83	0
52	91	0
92	1	0
6	78	0
19	68	0
93	27	0
50	87	0
28	41	0
60	68	0
56	62	0
42	62	0
17	71	0
26	61	0
69	1	0
9	61	0
60	78	0
95	45	0
40	90	0
82	62	0
73	18	0
51	69	0
19	86	0
34	99	0
47	29	0
74	31	0
85	54	0
62	45	0
67	65	0
6	40	0
55	23	0
16	92	0
60	53	0
73	39	0
69	29	0
51	9	0
12	51	0
90	24	0
34	10	0
64	70	0
61	82	0
68	44	0
92	40	0
99	1	0
3	41	0
96	76	0
25	96	0
97	80	0
30	92	0
63	30	0
75	28	0
17	85	0
81	26	0
30	63	0
27	77	0
47	6	0
27	99	0
76	91	0
72	88	0
91	49	0
98	66	0
14	95	0
35	74	0
71	5	0
74	49	0
33	23	0
34	4	0
53	17	0
51	51	0
81	46	0
34	53	0
34	47	0
36	67	0
73	91	0
87	63	0
61	83	0
83	9	0
91	41	0
62	14	0
22	38	0
76	39	0
74	50	0
75	70	0
11	39	0
35	63	0
65	20	0
15	89	0
34	86	0
18	77	0
89	72	0
50	16	0
34	1	0
34	54	0
82	73	0
63	9	0
77	92	0
15	3	0
51	98	0
7	69	0
48	95	0
42	38	0
2	51	0
71	34	0
73	10	0
54	16	0
80	10	0
39	63	0
9	57	0
71	23	0
85	63	0
5	7	0
5	65	0
34	93	0
7	87	0
43	94	0
53	67	0
58	44	0
68	5	0
46	79	0
45	66	0
86	98	0
34	31	1
6	52	0
26	44	1
61	46	0
76	78	0
30	26	1
81	29	0
31	8	0
50	8	0
52	18	0
36	44	0
76	64	0
72	11	0
8	44	0
39	16	0
49	64	0
40	32	0
25	45	0
89	77	0
79	51	0
12	47	0
64	39	0
93	8	0
64	12	0
61	25	0
43	41	0
36	31	0
4	76	0
61	81	0
28	71	0
25	99	0
29	85	0
52	10	0
42	40	0
95	43	0
79	46	0
5	61	0
82	71	0
73	82	0
83	25	0
83	87	0
83	2	0
73	58	0
77	61	0
30	34	1
64	48	0
30	43	1
91	77	0
70	8	0
97	23	0
32	51	0
44	96	0
66	75	0
84	18	0
12	66	0
99	34	0
61	96	0
82	24	0
71	31	0
43	55	0
58	36	0
32	55	0
58	89	0
82	31	0
35	23	0
73	83	0
29	59	0
26	98	0
98	96	0
49	34	0
3	94	0
53	50	0
97	11	0
79	35	0
16	72	0
63	48	0
35	24	1
53	45	0
10	99	0
88	24	0
46	8	0
93	43	0
53	47	0
27	89	0
18	5	0
58	60	0
57	95	0
8	47	0
38	83	0
32	85	0
46	25	0
23	82	0
12	39	0
67	6	0
76	24	0
82	2	0
93	93	0
26	64	0
48	18	0
82	10	0
80	59	0
65	86	0
0	25	0
64	92	0
96	62	0
31	84	0
76	0	0
52	60	0
72	22	0
67	7	0
42	25	0
46	15	0
97	8	0
87	37	0
13	91	0
78	10	0
90	92	0
23	92	0
95	67	0
43	47	0
14	26	0
77	99	0
61	41	0
5	96	0
70	33	0
81	36	0
71	46	0
86	67	0
23	63	0
87	61	0
39	92	0
89	75	0
27	94	0
91	83	0
44	31	0
60	70	0
59	98	0
45	66	0
59	97	0
69	52	0
38	54	0
42	65	0
86	5	0
2	94	0
97	54	0
24	87	0
47	71	0
48	80	0
87	46	0
33	52	0
41	17	0
88	58	0
59	12	0
84	96	0
49	91	0
46	47	0
55	16	0
33	42	0
56	90	0
42	18	0
38	68	0
87	71	0
41	11	0
96	91	0
66	6	0
5	10	0
45	36	0
19	67	0
43	2	0
12	73	0
92	82	0
64	79	0
64	40	0
61	6	0
44	66	0
42	56	0
91	54	0
89	11	0
5	67	0
82	7	0
50	71	0
56	27	0
41	14	0
33	65	0
85	82	0
33	70	0
41	80	0
74	36	0
16	49	0
71	35	0
42	61	0
65	94	0
25	96	0
93	12	0
99	23	0
70	14	0
23	79	0
31	96	0
27	87	0
69	43	0
76	79	0
79	90	0
3	36	0
71	37	0
73	80	0
72	62	0
62	75	0
13	81	0
18	72	0
36	16	0
48	14	0
10	37	0
43	49	0
33	51	0
86	29	0
88	41	0
77	10	0
71	48	0
53	53	0
21	50	0
46	29	0
89	80	0
49	97	0
84	59	0
34	63	0
35	95	0
80	55	0
31	51	0
80	23	0
29	39	1
30	9	0
94	52	0
74	94	0
52	48	0
7	47	0
45	8	0
52	54	0
43	82	0
29	24	1
78	86	0
95	58	0
7	83	0
72	44	0
9	58	0
67	50	0
41	66	0
53	48	0
39	78	0
62	65	0
5	58	0
69	62	0
69	45	0
79	52	0
36	66	0
64	83	0
44	5	0
94	21	0
55	40	0
95	0	0
14	85	0
37	79	0
82	65	0
21	52	0
78	73	0
15	90	0
12	82	0
83	86	0
48	34	0
1	67	0
66	96	0
49	68	0
94	65	0
23	98	0
91	33	0
18	4	0
34	71	0
27	82	0
34	14	0
17	49	1
14	20	0
85	71	0
99	14	0
54	9	0
73	39	0
89	20	0
25	6	0
30	68	0
87	33	0
5	62	0
50	84	0
2	51	0
27	77	0
76	56	0
54	98	0
75	51	0
65	82	0
69	59	0
44	53	0
76	73	0
4	77	0
50	36	0
23	80	0
86	50	0
75	27	0
95	64	0
97	96	0
91	83	0
43	73	0
75	40	0
58	61	0
33	23	0
36	15	0
34	65	0
7	43	0
65	7	0
65	77	0
79	80	0
92	2	0
16	47	1
62	84	0
18	90	0
55	10	0
58	36	0
65	25	0
50	22	0
42	16	0
81	10	0
38	98	0
72	20	0
35	97	0
99	19	0
16	47	1
42	61	0
70	41	0
77	99	0
72	71	0
40	70	0
64	95	0
84	63	0
89	46	0
9	60	0
87	79	0
78	97	0
12	65	0
97	41	0
30	67	0
99	87	0
49	89	0
29	15	0
74	70	0
91	52	0
54	75	0
69	77	0
92	64	0
74	40	0
26	57	0
0	59	0
67	77	0
69	29	0
51	45	0
50	10	0
31	25	0
93	78	0
17	60	0
30	39	1
67	31	0
45	4	0
54	18	0
12	89	0
11	59	0
6	76	0
71	48	0
93	21	0
90	36	0
91	1	0
65	93	0
5	59	0
63	31	0
55	49	0
38	86	0
95	21	0
62	59	0
29	83	0
21	89	0
38	71	0
29	91	0
28	6	0
70	73	0
46	19	0
40	74	0
48	46	0
4	40	0
72	63	0
64	13	0
34	85	0
99	55	0
27	53	0
19	35	0
15	66	0
80	58	0
70	57	0
43	46	0
90	70	0
99	67	0
58	45	0
68	16	0
80	62	0
81	30	0
10	48	0
83	81	0
54	33	0
16	68	0
5	88	0
29	94	0
27	56	0
91	25	0
0	52	0
56	92	0
2	87	0
85	61	0
46	34	0
89	32	0
16	17	0
35	35	0
69	16	0
34	79	0
45	50	0
95	63	0
90	32	0
4	2	0
2	43	0
54	11	0
3	50	0
77	8	0
54	74	0
30	32	0
91	90	0
1	12	0
39	98	0
96	44	0
41	2	0
89	92	0
50	61	0
65	59	0
36	33	0
93	36	0
90	86	0
13	60	0
7	77	0
10	49	0
18	74	0
14	83	0
65	23	0
32	56	0
19	90	0
36	16	0
65	17	0
35	65	0
61	49	0
46	12	0
33	70	0
32	26	1
94	17	0
0	36	0
75	40	0
93	16	0
45	52	0
32	20	0
48	2	0
19	98	0
44	68	0
42	65	0
27	11	0
22	99	0
18	82	0
65	46	0
94	36	0
29	32	1
30	70	0
91	99	0
56	27	0
67	68	0
54	90	0
10	90	0
85	40	0
53	58	0
13	28	0
92	69	0
54	50	0
99	16	0
65	9	0
84	26	0
61	95	0
50	46	0
46	40	0
65	25	0
47	3	0
50	88	0
54	77	0
19	56	0
79	34	0
54	92	0
90	35	0
92	54	0
37	78	0
35	62	0
88	25	0
47	49	0
71	10	0
95	98	0
74	72	0
44	76	0
69	44	0
74	88	0
9	77	0
50	14	0
9	92	0
12	63	0
51	65	0
74	82	0
68	15	0
99	91	0
95	14	0
97	94	0
61	6	0
78	27	0
69	64	0
60	38	0
19	77	0
48	87	0
67	85	0
28	42	1
8	30	0
21	84	0
8	76	0
40	15	0
41	46	0
16	54	0
0	48	0
89	41	0
44	22	0
12	68	0
33	84	0
63	93	0
95	45	0
3	66	0
72	36	0
38	68	0
84	50	0
69	35	0
2	48	0
26	56	0
91	42	0
67	60	0
81	50	0
6	66	0
65	52	0
1	80	0
2	1	0
91	65	0
13	60	0
26	5	0
33	26	1
2	99	0
19	79	0
90	46	0
79	74	0
84	60	0
85	82	0
50	67	0
64	36	0
5	71	0
42	69	0
31	61	0
67	42	0
89	10	0
