98	65	0
50	16	0
41	21	0
40	90	0
2	41	0
92	28	0
89	77	0
7	4	0
44	15	0
70	91	0
42	39	0
79	40	0
1	88	0
22	1	0
15	62	0
96	6	0
90	80	0
66	30	0
30	60	0
98	65	0
98	2	0
39	71	0
79	80	0
80	86	0
72	0	0
29	92	0
56	12	0
80	83	0
72	91	0
96	53	0
2	42	0
28	32	0
49	26	0
82	21	0
39	45	0
97	78	0
11	96	0
70	74	0
88	16	0
81	97	0
44	12	0
24	55	0
68	53	0
98	55	0
60	82	0
94	51	0
16	97	0
33	44	0
57	14	0
88	42	0
22	67	0
62	11	0
32	90	0
53	89	0
25	68	0
97	69	0
54	20	0
35	53	0
87	72	0
98	99	0
85	14	0
24	99	0
89	9	0
54	15	0
91	67	0
39	36	0
10	85	0
87	9	0
35	85	0
84	75	0
60	53	0
19	29	0
86	79	0
31	40	0
21	52	0
89	39	0
22	20	1
17	36	0
41	81	0
63	91	0
69	26	0
42	94	0
63	99	0
0	12	0
16	25	0
93	18	0
95	18	0
38	52	0
80	40	0
21	31	0
76	51	0
39	53	0
34	11	0
37	0	0
69	49	0
19	81	0
57	5	0
45	80	0
42	3	0
36	27	0
89	41	0
49	61	0
63	47	0
19	79	0
65	79	0
7	78	0
50	76	0
87	47	0
68	13	0
55	76	0
6	46	0
61	10	0
51	72	0
11	72	0
40	1	0
22	57	0
19	32	0
90	80	0
44	37	0
0	4	0
32	98	0
81	3	0
67	64	0
20	35	0
80	84	0
92	16	0
63	70	0
58	88	0
35	17	0
61	95	0
20	18	0
69	83	0
60	51	0
34	95	0
78	26	0
35	32	0
16	35	0
80	4	0
11	11	1
4	74	0
18	14	1
97	71	0
86	12	0
86	37	0
45	60	0
62	5	0
80	97	0
5	4	0
37	12	0
11	16	1
84	81	0
36	34	0
93	66	0
83	82	0
56	23	0
54	40	0
73	54	0
3	49	0
26	78	0
7	57	0
81	79	0
54	68	0
40	94	0
84	50	0
71	72	0
56	83	0
21	39	0
89	84	0
7	42	0
31	36	0
25	22	0
21	71	0
33	77	0
96	22	0
46	37	0
75	10	0
38	81	0
72	21	0
59	27	0
73	76	0
21	49	0
63	62	0
33	96	0
32	65	0
37	7	0
65	18	0
29	89	0
13	86	0
73	84	0
90	53	0
21	87	0
29	36	0
82	72	0
25	53	0
38	77	0
33	99	0
52	44	0
31	4	0
18	42	0
80	89	0
90	92	0
59	95	0
75	14	0
4	60	0
62	5	0
61	17	0
63	23	0
84	25	0
27	57	0
4	69	0
54	62	0
66	37	0
33	74	0
90	18	0
62	89	0
31	66	0
27	17	0
80	72	0
35	73	0
41	3	0
1	87	0
83	21	0
98	77	0
85	90	0
87	19	0
2	79	0
20	79	0
95	47	0
55	73	0
36	47	0
42	79	0
59	71	0
57	51	0
11	85	0
35	66	0
61	17	0
9	60	0
67	99	0
64	39	0
34	86	0
91	62	0
40	12	0
44	60	0
7	75	0
37	93	0
59	32	0
70	22	0
11	36	0
92	61	0
68	44	0
81	51	0
13	88	0
62	5	0
19	83	0
62	68	0
61	48	0
71	59	0
55	1	0
21	8	0
7	58	0
81	47	0
49	13	0
67	56	0
51	81	0
64	53	0
89	28	0
95	17	0
11	60	0
88	68	0
23	93	0
14	17	1
93	53	0
35	94	0
55	34	0
47	2	0
14	95	0
78	37	0
43	59	0
37	75	0
49	5	0
22	91	0
77	77	0
84	90	0
58	32	0
95	71	0
14	92	0
39	46	0
62	4	0
62	20	0
30	28	0
48	1	0
60	10	0
56	45	0
70	35	0
30	49	0
23	45	0
50	53	0
69	73	0
88	74	0
55	87	0
74	13	0
99	54	0
74	3	0
7	56	0
26	10	0
92	38	0
51	28	0
72	76	0
10	42	0
52	64	0
62	26	0
28	99	0
33	88	0
36	72	0
90	53	0
45	27	0
46	1	0
24	51	0
89	53	0
71	12	0
74	94	0
18	7	0
68	95	0
9	77	0
44	86	0
33	29	0
0	56	0
8	12	1
83	10	0
20	33	0
78	16	0
39	12	0
7	0	0
83	12	0
29	52	0
14	42	0
89	28	0
95	52	0
8	28	0
24	35	0
4	57	0
37	89	0
14	73	0
3	4	0
40	96	0
50	62	0
39	28	0
12	13	1
58	32	0
45	85	0
39	67	0
92	95	0
37	26	0
15	52	0
33	42	0
53	70	0
74	98	0
48	8	0
72	1	0
34	11	0
43	5	0
57	9	0
23	48	0
80	59	0
63	2	0
24	46	0
61	11	0
52	57	0
51	55	0
34	60	0
76	78	0
67	54	0
13	71	0
53	34	0
24	16	0
94	7	0
48	1	0
63	19	0
59	32	0
20	40	0
11	72	0
70	74	0
11	78	0
33	93	0
25	92	0
46	21	0
32	39	0
84	68	0
58	49	0
6	77	0
73	77	0
62	84	0
23	32	0
68	17	0
68	92	0
67	4	0
98	64	0
76	40	0
37	16	0
34	45	0
40	40	0
90	79	0
14	24	0
72	24	0
88	4	0
12	60	0
34	93	0
73	78	0
83	4	0
0	73	0
94	38	0
51	91	0
12	9	1
70	2	0
63	54	0
41	54	0
63	51	0
27	38	0
50	37	0
78	74	0
66	50	0
38	34	0
68	68	0
26	48	0
26	88	0
82	89	0
44	17	0
0	75	0
72	17	0
85	15	0
73	43	0
18	61	0
63	20	0
28	34	0
54	39	0
11	97	0
66	44	0
60	16	0
87	48	0
45	27	0
32	76	0
40	3	0
81	42	0
7	0	0
63	91	0
3	93	0
35	36	0
51	78	0
54	30	0
16	96	0
18	52	0
15	38	0
64	17	0
96	35	0
80	21	0
90	97	0
34	61	0
21	16	1
38	12	0
32	27	0
84	19	0
52	63	0
79	79	0
24	29	0
66	99	0
81	67	0
38	75	0
75	5	0
70	37	0
82	19	0
67	28	0
40	25	0
36	32	0
97	3	0
60	28	0
5	71	0
93	18	0
96	94	0
7	90	0
90	64	0
41	47	0
30	3	0
91	87	0
81	56	0
30	94	0
66	21	0
73	37	0
93	63	0
82	72	0
31	77	0
76	80	0
32	93	0
93	75	0
37	39	0
30	89	0
98	91	0
29	34	0
27	42	0
72	67	0
62	97	0
53	70	0
10	10	1
50	85	0
64	60	0
36	58	0
36	69	0
81	20	0
16	90	0
93	47	0
19	77	0
43	57	0
41	83	0
83	30	0
27	31	0
19	46	0
4	14	1
64	47	0
94	67	0
60	24	0
82	91	0
69	96	0
34	37	0
60	12	0
31	42	0
18	77	0
38	33	0
60	66	0
66	87	0
33	21	0
72	85	0
52	35	0
39	14	0
60	31	0
24	76	0
45	13	0
6	60	0
94	84	0
62	99	0
50	45	0
76	11	0
39	68	0
45	49	0
97	54	0
95	4	0
4	71	0
72	2	0
84	80	0
70	27	0
36	2	0
37	64	0
76	78	0
32	83	0
49	83	0
81	16	0
13	70	0
57	8	0
51	72	0
65	98	0
32	91	0
92	7	0
88	19	0
66	12	0
36	89	0
13	90	0
7	90	0
75	50	0
72	59	0
79	64	0
15	44	0
87	51	0
67	58	0
17	21	1
83	75	0
68	60	0
22	49	0
16	72	0
36	29	0
44	35	0
2	52	0
56	62	0
44	39	0
94	39	0
79	32	0
78	0	0
77	28	0
50	86	0
20	19	0
16	48	0
68	35	0
98	81	0
70	77	0
97	79	0
21	47	0
56	67	0
61	54	0
28	61	0
82	39	0
23	62	0
48	23	0
92	59	0
71	97	0
51	50	0
18	65	0
37	6	0
73	63	0
27	77	0
48	25	0
76	78	0
88	76	0
21	90	0
52	55	0
19	77	0
79	72	0
40	57	0
51	60	0
39	79	0
60	70	0
28	30	0
17	61	0
87	77	0
79	56	0
93	62	0
33	82	0
55	74	0
69	34	0
20	23	0
87	23	0
36	30	0
99	2	0
19	90	0
30	34	0
1	18	1
30	85	0
86	62	0
18	38	0
95	63	0
15	92	0
16	72	0
31	4	0
97	90	0
28	30	0
3	84	0
74	90	0
33	63	0
80	72	0
27	82	0
98	24	0
24	17	0
37	82	0
28	72	0
33	19	0
26	36	0
13	29	0
96	69	0
87	12	0
53	11	0
69	11	0
89	42	0
32	7	0
38	34	0
99	38	0
10	62	0
44	91	0
2	47	0
22	83	0
73	57	0
46	97	0
66	48	0
76	78	0
37	32	0
80	69	0
36	67	0
86	43	0
7	77	0
57	39	0
32	69	0
72	28	0
60	42	0
95	86	0
89	91	0
86	89	0
22	89	0
21	39	0
53	56	0
45	63	0
37	27	0
18	5	0
43	68	0
12	45	0
61	1	0
70	88	0
87	58	0
98	13	0
13	49	0
3	2	0
82	97	0
6	89	0
56	12	0
56	45	0
73	11	0
16	1	0
49	12	0
21	35	0
3	26	1
47	18	0
55	3	0
36	77	0
55	22	0
36	91	0
70	2	0
27	40	0
49	63	0
64	16	0
89	64	0
64	75	0
43	65	0
53	98	0
81	85	0
4	16	1
93	60	0
14	63	0
78	73	0
54	88	0
21	35	0
17	62	0
94	50	0
30	86	0
94	97	0
67	84	0
46	10	0
42	55	0
74	61	0
51	92	0
77	50	0
96	73	0
78	26	0
17	68	0
7	60	0
71	89	0
75	42	0
57	63	0
58	8	0
30	22	0
70	68	0
25	42	0
13	67	0
37	46	0
53	43	0
25	15	0
61	32	0
7	88	0
24	39	0
18	62	0
2	67	0
76	57	0
30	25	0
59	12	0
93	24	0
81	0	0
52	68	0
1	63	0
66	28	0
42	37	0
10	13	1
20	21	1
77	71	0
76	16	0
45	40	0
50	66	0
48	86	0
19	94	0
27	62	0
45	87	0
27	38	0
74	85	0
50	36	0
26	80	0
12	16	1
53	26	0
3	45	0
54	55	0
64	16	0
30	73	0
85	54	0
56	45	0
56	47	0
42	19	0
4	69	0
68	59	0
71	51	0
39	36	0
78	55	0
82	76	0
74	39	0
62	14	0
84	74	0
84	19	0
6	75	0
69	81	0
27	13	0
50	30	0
6	1	0
10	54	0
12	86	0
29	90	0
27	50	0
93	31	0
16	50	0
57	98	0
13	84	0
98	67	0
54	66	0
85	42	0
14	2	0
63	17	0
46	4	0
12	4	0
23	82	0
51	62	0
83	71	0
72	46	0
13	0	0
25	37	0
64	12	0
0	77	0
71	5	0
38	70	0
56	29	0
72	96	0
8	40	0
5	93	0
93	60	0
28	20	0
85	73	0
62	56	0
69	40	0
43	30	0
92	35	0
89	68	0
19	66	0
3	91	0
24	52	0
4	85	0
7	96	0
93	32	0
32	51	0
3	98	0
52	10	0
66	0	0
42	45	0
27	20	0
72	43	0
38	20	0
26	81	0
27	35	0
65	12	0
3	46	0
90	48	0
87	6	0
58	53	0
37	7	0
45	26	0
10	99	0
56	76	0
36	66	0
11	7	1
37	13	0
2	83	0
2	78	0
68	55	0
85	44	0
45	34	0
31	74	0
27	31	0
93	88	0
65	28	0
38	82	0
64	97	0
22	18	0
7	90	0
66	15	0
58	67	0
39	38	0
98	68	0
30	72	0
97	22	0
82	17	0
99	22	0
88	86	0
46	57	0
23	86	0
87	10	0
34	2	0
73	81	0
68	69	0
17	41	0
67	42	0
64	81	0
84	11	0
95	48	0
17	66	0
54	44	0
26	29	0
86	24	0
47	49	0
68	12	0
92	90	0
82	73	0
53	69	0
74	28	0
60	65	0
7	91	0
36	0	0
6	94	0
16	77	0
64	67	0
77	98	0
89	12	0
99	90	0
77	2	0
14	8	1
87	75	0
68	7	0
98	36	0
75	53	0
53	40	0
19	65	0
61	92	0
55	72	0
9	41	0
8	42	0
41	90	0
2	74	0
49	4	0
42	55	0
13	60	0
44	34	0
1	40	0
98	46	0
57	30	0
0	42	0
23	89	0
70	62	0
2	7	0
86	76	0
18	82	0
59	44	0
38	59	0
88	49	0
60	41	0
1	8	0
8	12	1
5	52	0
28	58	0
85	74	0
63	47	0
96	70	0
4	54	0
65	58	0
16	72	0
1	13	0
75	78	0
0	14	1
30	69	0
41	7	0
30	26	0
9	78	0
34	87	0
4	3	0
78	39	0
63	63	0
80	67	0
77	80	0
46	88	0
33	20	0
1	67	0
10	12	1
42	65	0
41	49	0
56	51	0
83	11	0
