99	64	0
56	11	0
40	25	0
48	97	0
7	26	0
94	29	0
93	76	0
8	9	1
46	9	0
71	91	0
43	40	0
80	38	0
1	81	0
23	8	0
17	67	0
99	13	0
96	82	0
64	26	0
27	57	0
97	70	0
90	0	0
44	80	0
71	82	0
75	98	0
66	2	0
37	99	0
53	8	0
78	82	0
69	90	0
97	54	0
5	40	0
32	35	0
40	32	0
84	27	0
37	46	0
89	71	0
14	93	0
64	80	0
94	24	0
78	88	0
45	3	0
23	49	0
74	51	0
98	54	0
58	74	0
97	48	0
10	88	0
41	43	0
58	12	0
86	49	0
20	70	0
56	12	0
29	92	0
50	89	0
30	58	0
98	73	0
40	28	0
36	48	0
83	81	0
98	91	0
88	13	0
12	94	0
96	8	0
51	3	0
90	71	0
39	28	0
24	86	0
76	9	0
38	76	0
86	77	0
59	56	0
18	28	0
81	88	0
27	40	0
15	50	0
86	38	0
15	36	0
39	78	0
57	88	0
75	25	0
43	99	0
63	99	0
0	10	0
13	12	0
94	21	0
96	19	0
38	58	0
77	43	0
23	29	0
80	56	0
36	50	0
30	9	0
35	2	0
71	45	0
17	90	0
60	7	0
52	74	0
43	8	0
41	26	0
89	41	0
39	63	0
63	46	0
14	70	0
69	87	0
7	79	0
43	78	0
82	50	0
61	7	0
53	68	0
7	63	0
60	6	0
55	61	0
5	67	0
47	4	0
37	62	0
22	38	0
87	82	0
50	43	0
2	2	0
24	97	0
77	1	0
66	69	0
10	35	0
84	79	0
91	11	0
66	66	0
56	84	0
29	20	0
60	90	0
21	22	1
81	86	0
68	57	0
35	96	0
74	31	0
31	23	0
18	34	0
84	2	0
1	70	0
95	71	0
92	16	0
92	31	0
43	59	0
59	10	0
92	91	0
4	8	0
41	12	0
83	83	0
37	45	0
93	68	0
85	75	0
57	23	0
49	34	0
57	60	0
7	51	0
28	79	0
14	56	0
79	72	0
51	66	0
45	99	0
80	54	0
71	78	0
55	79	0
25	46	0
85	78	0
0	36	0
38	41	0
24	22	0
22	78	0
39	70	0
98	22	0
37	33	0
73	13	0
36	84	0
68	24	0
50	36	0
76	77	0
26	56	0
64	71	0
41	95	0
37	62	0
38	11	0
67	15	0
38	87	0
8	76	0
71	86	0
90	56	0
18	88	0
31	30	0
97	70	0
28	59	0
31	86	0
44	99	0
53	48	0
35	7	0
18	39	0
70	92	0
81	95	0
59	88	0
78	22	0
4	68	0
58	3	0
69	10	0
68	22	0
80	22	0
33	60	0
1	73	0
54	58	0
77	37	0
34	75	0
87	20	0
54	85	0
31	65	0
30	14	0
79	70	0
33	68	0
42	13	0
0	92	0
74	17	0
97	83	0
85	94	0
86	19	0
3	77	0
13	75	0
93	48	0
48	73	0
34	46	0
51	75	0
57	77	0
51	59	0
7	79	0
31	66	0
65	10	0
5	66	0
72	99	0
72	41	0
39	93	0
88	56	0
39	13	0
41	54	0
17	74	0
38	93	0
51	36	0
67	28	0
19	32	0
93	68	0
78	44	0
83	53	0
8	78	0
57	15	0
15	82	0
69	68	0
52	42	0
62	51	0
54	11	0
9	8	1
3	56	0
76	47	0
52	11	0
77	60	0
47	87	0
64	48	0
96	28	0
90	7	0
1	63	0
89	70	0
21	99	0
92	63	0
42	90	0
57	31	0
45	2	0
21	93	0
66	31	0
42	52	0
44	76	0
50	5	0
24	98	0
71	96	0
86	83	0
67	28	0
94	70	0
9	84	0
46	35	0
60	1	0
69	22	0
37	20	0
41	3	0
51	10	0
55	45	0
72	37	0
35	52	0
26	48	0
51	56	0
71	80	0
86	75	0
55	89	0
85	11	0
95	52	0
80	1	0
10	52	0
29	2	0
86	38	0
49	24	0
73	74	0
5	43	0
51	72	0
53	24	0
25	98	0
31	87	0
26	71	0
97	63	0
45	30	0
35	1	0
25	56	0
89	55	0
80	25	0
68	94	0
17	8	0
63	94	0
10	75	0
43	86	0
36	33	0
4	55	0
81	6	0
25	26	0
84	12	0
43	13	0
13	2	0
86	6	0
34	46	0
14	39	0
82	27	0
91	62	0
8	27	0
27	27	0
0	54	0
30	85	0
16	79	0
4	6	0
37	91	0
45	65	0
43	38	0
64	21	0
46	83	0
38	70	0
83	97	0
42	26	0
21	48	0
32	35	0
56	79	0
84	97	0
54	17	0
83	0	0
35	3	0
50	11	0
61	12	0
18	44	0
80	58	0
67	4	0
20	36	0
58	5	0
53	52	0
46	50	0
27	61	0
80	84	0
67	52	0
18	52	0
55	36	0
20	10	1
93	6	0
52	8	0
66	16	0
56	41	0
26	36	0
8	70	0
67	75	0
18	79	0
32	94	0
20	95	0
49	21	0
34	36	0
90	62	0
64	46	0
4	79	0
81	80	0
60	91	0
23	32	0
75	23	0
59	95	0
70	1	0
93	60	0
81	43	0
33	16	0
45	47	0
40	49	0
91	77	0
7	15	0
77	28	0
87	9	0
12	47	0
27	93	0
69	75	0
82	3	0
4	67	0
99	33	0
44	93	0
75	7	0
65	50	0
40	51	0
52	44	0
32	39	0
50	38	0
75	78	0
77	51	0
41	32	0
76	67	0
22	52	0
20	92	0
83	81	0
41	23	0
4	70	0
65	17	0
88	16	0
72	43	0
14	60	0
62	34	0
28	36	0
54	41	0
7	97	0
62	32	0
54	12	0
88	50	0
46	24	0
30	81	0
28	5	0
81	49	0
6	3	0
67	98	0
1	86	0
38	45	0
52	81	0
56	29	0
20	98	0
18	43	0
25	40	0
61	15	0
91	33	0
83	16	0
87	95	0
19	58	0
33	14	0
32	30	0
80	22	0
52	61	0
72	91	0
17	36	0
74	99	0
86	72	0
40	80	0
73	9	0
72	37	0
84	14	0
72	17	0
44	17	0
42	33	0
92	4	0
72	30	0
3	62	0
93	17	0
87	94	0
8	93	0
91	64	0
45	47	0
23	11	0
94	85	0
77	56	0
25	99	0
66	25	0
79	47	0
91	55	0
83	65	0
32	74	0
82	80	0
36	94	0
90	74	0
36	38	0
24	92	0
99	89	0
34	35	0
31	41	0
67	70	0
62	91	0
49	64	0
51	95	0
56	59	0
34	63	0
30	64	0
83	19	0
17	90	0
81	55	0
20	86	0
42	58	0
41	77	0
80	28	0
28	28	0
20	47	0
65	41	0
98	73	0
68	15	0
86	95	0
72	97	0
34	43	0
64	8	0
31	45	0
29	86	0
43	33	0
56	68	0
69	81	0
38	20	0
79	93	0
45	31	0
32	17	0
65	42	0
32	80	0
42	10	0
5	62	0
91	80	0
57	91	0
53	45	0
82	11	0
45	74	0
43	54	0
99	57	0
91	1	0
3	75	0
72	5	0
77	73	0
71	32	0
32	3	0
35	68	0
81	79	0
38	72	0
54	77	0
77	20	0
15	66	0
64	13	0
42	62	0
57	98	0
29	94	0
96	3	0
90	16	0
64	10	0
40	88	0
19	87	0
6	84	0
75	48	0
72	64	0
79	61	0
19	44	0
83	45	0
70	62	0
86	73	0
63	59	0
22	58	0
22	71	0
38	28	0
46	40	0
2	47	0
51	66	0
41	41	0
93	38	0
80	36	0
69	3	0
79	29	0
53	77	0
15	17	1
17	48	0
60	35	0
93	75	0
61	85	0
95	71	0
23	53	0
53	69	0
60	52	0
24	57	0
92	32	0
24	62	0
37	24	0
85	50	0
76	99	0
61	53	0
22	64	0
45	2	0
63	68	0
29	85	0
38	27	0
76	78	0
95	69	0
19	97	0
53	69	0
12	71	0
74	65	0
30	55	0
50	66	0
40	76	0
61	70	0
25	35	0
15	65	0
87	79	0
82	51	0
95	59	0
25	75	0
56	79	0
70	31	0
22	19	1
87	23	0
40	38	0
98	14	0
14	86	0
26	33	0
27	75	0
83	55	0
23	37	0
93	64	0
11	98	0
8	74	0
20	7	0
97	93	0
37	27	0
4	78	0
76	87	0
42	61	0
79	74	0
32	89	0
98	33	0
30	13	0
39	86	0
33	75	0
37	17	0
23	38	0
4	23	0
89	69	0
90	11	0
58	9	0
73	13	0
98	40	0
28	7	0
35	44	0
97	41	0
14	58	0
44	86	0
5	47	0
16	78	0
80	55	0
47	96	0
69	50	0
74	77	0
38	37	0
77	62	0
35	57	0
89	45	0
14	69	0
58	34	0
36	68	0
76	35	0
56	39	0
97	83	0
95	98	0
85	85	0
17	81	0
19	33	0
55	47	0
52	74	0
30	19	0
17	3	0
37	68	0
9	40	0
64	7	0
67	82	0
84	61	0
90	18	0
14	45	0
11	3	1
79	93	0
6	98	0
50	8	0
57	55	0
69	12	0
11	4	1
45	21	0
21	36	0
44	17	0
67	6	0
42	86	0
58	24	0
31	94	0
74	4	0
30	39	0
53	70	0
74	24	0
92	72	0
64	80	0
33	72	0
44	90	0
75	91	0
82	57	0
17	63	0
82	75	0
60	96	0
12	36	0
17	52	0
93	42	0
34	90	0
99	96	0
69	84	0
46	3	0
51	47	0
86	56	0
57	88	0
76	49	0
99	75	0
90	30	0
13	65	0
0	57	0
73	86	0
76	40	0
52	59	0
55	9	0
34	17	0
76	76	0
25	39	0
14	65	0
44	47	0
59	43	0
33	14	0
60	29	0
15	85	0
20	40	0
11	59	0
5	73	0
76	50	0
17	24	0
62	14	0
91	26	0
81	2	0
56	72	0
4	63	0
63	25	0
47	32	0
68	78	0
76	12	0
45	44	0
51	61	0
46	86	0
18	99	0
24	67	0
44	85	0
30	36	0
74	80	0
52	45	0
30	78	0
60	31	0
10	43	0
61	60	0
60	21	0
32	77	0
79	49	0
51	45	0
49	41	0
37	17	0
6	65	0
71	65	0
75	55	0
43	37	0
85	57	0
81	68	0
81	36	0
69	9	0
92	78	0
89	13	0
5	71	0
71	81	0
32	18	0
60	35	0
8	0	1
18	55	0
11	87	0
35	87	0
21	50	0
94	33	0
19	51	0
54	99	0
17	84	0
99	72	0
54	60	0
88	40	0
22	1	0
54	15	0
52	8	0
7	6	0
12	74	0
63	61	0
85	68	0
73	49	0
17	1	0
28	40	0
66	6	0
1	78	0
76	3	0
42	72	0
52	21	0
76	98	0
8	34	0
8	93	0
99	56	0
31	16	0
89	72	0
61	58	0
76	41	0
45	27	0
91	28	0
86	73	0
15	63	0
2	85	0
22	58	0
2	91	0
9	84	0
87	28	0
32	50	0
4	96	0
53	11	0
61	2	0
38	47	0
22	24	1
64	39	0
38	21	0
23	75	0
30	33	0
73	16	0
9	43	0
83	50	0
89	0	0
67	52	0
29	11	0
52	16	0
11	96	0
60	81	0
40	68	0
37	12	0
2	82	0
2	90	0
63	51	0
91	45	0
38	28	0
29	79	0
20	27	0
96	84	0
58	26	0
51	73	0
63	99	0
20	25	1
4	84	0
67	27	0
53	67	0
29	32	0
98	68	0
42	71	0
99	18	0
76	15	0
95	18	0
87	84	0
45	56	0
22	89	0
84	5	0
28	3	0
68	87	0
66	76	0
19	51	0
69	41	0
72	82	0
88	13	0
93	52	0
22	71	0
58	49	0
24	22	0
90	22	0
40	41	0
62	10	0
90	97	0
82	79	0
45	69	0
73	33	0
70	76	0
0	90	0
45	0	0
12	95	0
12	74	0
70	70	0
76	97	0
81	8	0
95	86	0
80	4	0
81	69	0
60	0	0
91	35	0
76	54	0
56	30	0
13	70	0
58	89	0
52	75	0
13	46	0
3	42	0
35	96	0
10	67	0
44	1	0
38	56	0
12	65	0
36	23	0
4	49	0
89	50	0
51	18	0
2	45	0
27	86	0
76	59	0
1	2	0
91	71	0
24	81	0
58	47	0
35	55	0
94	44	0
56	40	0
1	15	0
2	51	0
21	56	0
94	69	0
68	50	0
98	62	0
2	55	0
65	57	0
14	69	0
3	15	0
72	66	0
29	64	0
46	13	0
33	32	0
7	80	0
35	85	0
4	4	0
79	46	0
69	61	0
83	66	0
77	77	0
45	88	0
45	15	0
1	71	0
50	65	0
41	53	0
62	50	0
86	13	0
