99	67	0
19	15	0
62	97	0
7	4	0
93	37	0
99	97	0
42	13	1
45	83	0
56	24	0
83	49	0
6	90	0
3	5	0
13	94	0
93	32	0
72	74	0
42	33	0
83	71	0
98	16	0
59	97	0
45	71	0
84	71	0
47	8	0
28	82	0
55	20	0
93	66	0
80	88	0
83	78	0
12	34	0
58	16	1
56	36	0
87	26	0
78	72	0
9	74	0
30	94	0
85	11	0
67	90	0
31	11	0
47	71	0
81	72	0
94	72	0
58	68	0
96	33	0
15	75	0
65	9	0
99	68	0
19	74	0
57	2	0
9	75	0
42	98	0
33	64	0
93	55	0
55	38	0
38	21	0
97	86	0
90	94	0
93	14	0
28	91	0
95	8	0
23	15	0
78	94	0
32	5	1
3	90	0
82	9	0
25	70	0
65	89	0
37	58	0
8	26	0
73	82	0
89	33	0
20	95	0
44	97	0
68	27	0
27	91	0
55	98	0
13	13	0
97	17	0
77	25	0
53	76	0
85	37	0
86	61	0
59	6	0
72	39	0
3	99	0
69	4	0
45	73	0
41	5	1
59	24	0
86	11	0
38	52	1
84	59	0
1	51	0
77	87	0
2	78	0
36	95	0
95	55	0
74	28	0
32	69	0
36	59	1
72	3	0
66	53	0
13	76	0
31	2	0
63	69	0
45	33	0
6	97	0
92	29	0
42	80	0
77	67	0
94	2	0
64	86	0
65	75	0
8	26	0
58	91	0
99	84	0
81	55	0
24	89	0
66	30	0
79	5	0
97	62	0
91	37	0
94	53	0
34	44	0
60	14	1
58	70	0
9	25	0
49	33	0
87	57	0
52	23	1
51	78	0
56	74	0
61	20	0
48	34	0
49	20	1
58	80	0
47	57	0
49	97	0
75	40	0
63	68	0
53	72	0
93	54	0
29	17	0
45	43	0
16	15	0
17	82	0
30	60	0
80	43	0
50	39	0
88	0	0
34	82	0
53	21	1
32	37	0
67	83	0
31	67	0
59	63	0
43	87	0
43	50	1
37	1	0
58	18	0
40	97	0
26	59	0
77	77	0
92	63	0
20	96	0
91	74	0
32	50	0
23	75	0
54	71	0
45	51	1
15	33	0
72	84	0
99	90	0
46	73	0
78	43	0
5	41	1
61	10	1
62	47	0
61	16	0
74	20	0
5	54	1
38	58	0
54	16	0
35	64	0
92	30	0
31	94	0
20	61	0
79	93	0
51	52	0
20	19	0
37	79	0
48	16	0
98	96	0
35	89	0
94	1	0
12	54	1
17	77	0
99	32	0
55	96	0
72	84	0
60	59	0
24	51	0
12	69	0
59	1	0
55	89	0
99	53	0
38	93	0
69	69	0
87	26	0
51	75	0
30	81	0
36	88	0
30	21	0
68	25	0
84	49	0
52	39	0
76	69	0
0	57	1
75	19	0
20	90	0
60	61	0
86	34	0
76	41	0
45	1	0
5	38	0
86	31	0
75	79	0
60	98	0
74	55	0
98	29	0
90	7	0
2	37	0
91	74	0
35	98	0
85	78	0
42	99	0
52	34	0
85	36	0
24	99	0
83	22	0
22	60	0
32	83	0
49	14	0
24	88	0
74	88	0
85	74	0
93	58	0
98	55	0
16	84	0
40	68	0
85	6	0
85	52	0
41	0	0
33	22	0
45	56	0
79	44	0
24	55	0
34	37	0
28	75	0
75	98	0
97	53	0
59	73	0
95	8	0
99	31	0
64	4	0
91	50	0
79	52	0
63	78	0
6	35	0
41	58	0
71	24	0
14	88	0
32	66	0
5	93	0
91	63	0
40	3	0
82	67	0
78	1	0
98	80	0
20	1	0
42	94	0
18	62	0
57	92	0
40	33	0
77	18	0
80	11	0
56	12	1
89	14	0
50	49	0
74	28	0
77	58	0
8	5	0
1	59	0
31	96	0
21	80	0
53	95	0
45	70	0
79	40	0
63	5	0
47	87	0
48	63	0
96	94	0
0	46	1
60	42	0
66	87	0
80	23	0
23	5	0
49	3	0
54	13	0
36	34	0
83	52	0
71	15	0
18	43	0
16	28	0
32	52	0
43	34	0
97	69	0
88	60	0
6	53	1
65	34	0
83	7	0
67	9	0
75	19	0
53	38	0
41	30	0
5	75	0
76	83	0
39	89	0
9	93	0
34	58	0
57	10	1
52	39	0
85	36	0
74	51	0
80	72	0
82	86	0
80	34	0
71	82	0
74	8	0
76	56	0
71	54	0
67	53	0
92	72	0
75	5	0
89	16	0
23	44	0
60	91	0
62	71	0
77	12	0
23	78	0
97	36	0
52	99	0
98	26	0
60	26	0
34	56	0
61	43	0
35	61	0
59	79	0
77	26	0
82	79	0
20	93	0
94	94	0
44	13	1
9	81	0
43	52	1
98	2	0
87	33	0
36	73	0
55	53	0
66	46	0
23	99	0
78	30	0
92	55	0
52	34	0
41	90	0
26	10	0
47	45	0
53	92	0
4	44	1
37	82	0
40	84	0
51	21	1
20	70	0
11	29	0
72	6	0
72	33	0
96	10	0
79	99	0
35	65	0
35	26	0
75	9	0
58	52	0
70	99	0
0	27	0
52	86	0
92	52	0
34	75	0
74	1	0
38	64	0
62	19	0
54	9	0
84	18	0
94	40	0
4	82	0
70	8	0
84	99	0
30	97	0
88	72	0
46	50	1
10	29	0
64	98	0
72	45	0
6	81	0
73	24	0
88	49	0
72	51	0
75	60	0
22	55	0
96	49	0
23	90	0
96	63	0
25	98	0
90	90	0
43	33	0
70	71	0
58	91	0
49	52	0
61	93	0
79	50	0
44	48	0
26	59	0
90	2	0
2	84	0
83	57	0
23	97	0
48	49	0
46	71	0
79	27	0
28	52	0
53	26	0
93	55	0
71	19	0
81	88	0
46	93	0
40	56	1
39	45	0
63	99	0
54	22	1
42	82	0
90	80	0
86	75	0
75	10	0
21	8	0
42	35	0
31	57	0
40	3	1
5	78	0
84	76	0
60	91	0
66	53	0
65	13	0
35	64	0
38	81	0
92	50	0
88	3	0
17	72	0
73	9	0
51	62	0
48	24	1
40	10	1
36	42	0
87	83	0
24	72	0
57	86	0
66	19	0
76	14	0
50	55	0
64	88	0
20	99	0
95	24	0
79	9	0
79	27	0
11	67	0
16	99	0
14	78	0
60	37	0
73	84	0
79	95	0
2	30	0
64	56	0
72	91	0
77	61	0
64	67	0
19	99	0
13	75	0
48	26	0
4	26	0
47	35	0
28	40	0
99	33	0
80	49	0
61	9	0
68	29	0
55	49	0
39	21	0
93	79	0
53	79	0
83	49	0
33	63	0
39	99	0
76	52	0
53	11	1
29	15	0
98	50	0
65	84	0
47	32	0
52	58	0
30	97	0
64	98	0
93	66	0
22	78	0
66	50	0
0	74	0
59	53	0
47	76	0
67	56	0
53	78	0
61	88	0
6	59	0
57	52	0
80	47	0
77	61	0
38	82	0
77	82	0
46	30	0
99	18	0
53	43	0
99	12	0
5	80	0
51	89	0
89	68	0
70	69	0
18	90	0
12	69	0
81	87	0
43	28	0
4	82	0
71	99	0
48	65	0
91	62	0
21	90	0
78	41	0
20	0	0
48	83	0
20	81	0
11	17	0
91	53	0
93	18	0
50	17	1
71	29	0
76	15	0
22	13	0
28	58	0
77	27	0
1	77	0
61	73	0
6	39	0
23	78	0
60	52	0
63	96	0
71	44	0
77	88	0
74	54	0
73	81	0
2	87	0
51	44	0
25	78	0
81	53	0
58	42	0
94	46	0
98	93	0
78	93	0
50	67	0
76	51	0
67	69	0
40	57	1
64	5	0
67	84	0
84	72	0
86	2	0
59	81	0
3	99	0
49	26	1
51	39	0
71	38	0
67	31	0
73	22	0
19	89	0
72	28	0
30	70	0
91	15	0
43	64	0
46	38	0
62	92	0
74	75	0
49	80	0
74	96	0
83	61	0
86	52	0
94	71	0
79	98	0
99	44	0
33	65	0
86	81	0
46	79	0
81	87	0
99	51	0
46	86	0
88	69	0
84	51	0
81	33	0
41	46	0
5	64	0
57	78	0
73	12	0
65	27	0
80	82	0
65	42	0
14	88	0
14	90	0
62	36	0
87	15	0
88	51	0
98	3	0
78	97	0
51	27	1
52	41	0
33	75	0
98	19	0
67	51	0
32	77	0
26	99	0
27	75	0
12	89	0
31	14	1
63	64	0
44	31	0
49	71	0
39	46	0
67	74	0
75	11	0
15	87	0
94	53	0
19	24	0
17	80	0
69	59	0
71	49	0
45	65	0
91	49	0
88	59	0
79	58	0
52	12	1
59	69	0
84	45	0
2	32	0
99	77	0
53	47	0
40	79	0
5	75	0
24	91	0
28	59	0
92	31	0
11	51	1
57	93	0
6	92	0
95	66	0
55	28	0
73	21	0
27	21	0
33	39	0
76	7	0
15	74	0
41	50	1
84	56	0
90	38	0
0	6	0
2	36	0
75	13	0
43	73	0
93	89	0
0	11	0
51	94	0
80	31	0
40	11	1
93	80	0
44	58	0
75	77	0
29	33	0
98	35	0
88	75	0
23	70	0
16	83	0
3	47	1
28	75	0
23	99	0
71	14	0
30	59	0
10	85	0
35	35	0
50	18	1
41	60	0
64	45	0
43	5	1
32	79	0
97	24	0
5	26	0
75	48	0
90	25	0
54	59	0
30	20	0
38	5	0
18	91	0
42	80	0
25	62	0
21	17	0
21	81	0
25	76	0
71	57	0
93	41	0
36	65	0
82	99	0
47	31	0
61	70	0
44	82	0
12	87	0
86	42	0
42	62	0
7	22	0
92	51	0
63	49	0
90	25	0
88	18	0
75	33	0
58	92	0
46	37	0
63	42	0
57	29	0
42	1	0
34	93	0
57	69	0
88	28	0
62	98	0
84	55	0
78	45	0
34	77	0
29	75	0
79	29	0
53	43	0
73	0	0
98	97	0
75	77	0
50	80	0
74	32	0
85	80	0
16	79	0
60	32	0
16	98	0
11	56	1
34	66	0
84	63	0
64	15	0
99	92	0
86	12	0
99	93	0
58	11	0
67	22	0
75	54	0
69	32	0
10	83	0
54	89	0
66	78	0
5	27	0
8	85	0
17	71	0
44	9	1
39	38	0
5	49	1
80	41	0
50	17	1
2	59	0
22	84	0
65	93	0
92	46	0
1	73	0
66	43	0
25	91	0
82	56	0
69	41	0
24	53	0
84	39	0
75	43	0
67	64	0
9	59	1
53	47	0
4	88	0
3	6	0
82	71	0
16	66	0
18	9	0
4	93	0
24	75	0
97	41	0
69	82	0
86	63	0
95	84	0
53	58	0
58	37	0
3	77	0
51	59	0
36	56	0
65	35	0
83	25	0
