95	63	0
51	11	0
38	21	0
53	99	0
6	28	0
99	31	0
92	83	0
7	9	1
49	12	0
71	87	0
42	40	0
82	40	0
2	83	0
24	10	0
15	63	0
99	14	0
97	80	0
64	27	0
28	50	0
94	66	0
89	5	0
44	79	0
71	84	0
74	99	0
69	0	0
41	97	0
52	1	0
78	77	0
67	91	0
91	56	0
4	37	0
35	36	0
42	26	0
85	26	0
38	47	0
92	66	0
13	90	0
61	82	0
96	27	0
78	92	0
50	4	0
21	48	0
77	52	0
98	55	0
62	71	0
97	44	0
9	86	0
34	44	0
55	14	0
88	48	0
23	66	0
58	13	0
31	89	0
51	88	0
32	65	0
96	69	0
38	34	0
36	46	0
80	75	0
98	90	0
85	14	0
10	94	0
92	10	0
46	3	0
83	74	0
41	26	0
22	85	0
74	13	0
37	74	0
88	78	0
62	59	0
17	32	0
78	87	0
28	45	0
11	47	0
90	39	0
12	42	0
37	79	0
55	85	0
77	24	0
45	98	0
67	99	0
1	8	0
12	15	0
94	17	0
98	16	0
38	53	0
82	46	0
23	30	0
80	55	0
33	45	0
32	8	0
35	0	0
69	45	0
17	90	0
63	9	0
49	79	0
43	8	0
38	24	0
88	38	0
38	68	0
69	48	0
16	69	0
70	88	0
5	81	0
47	78	0
83	51	0
61	5	0
47	66	0
10	63	0
56	7	0
57	57	0
12	64	0
45	4	0
41	60	0
24	34	0
89	77	0
51	41	0
0	4	0
26	97	0
78	0	0
65	65	0
14	35	0
82	79	0
94	8	0
65	64	0
54	79	0
34	18	0
59	95	0
78	80	0
74	53	0
34	94	0
71	33	0
33	22	0
23	34	0
80	4	0
2	69	0
98	69	0
99	18	0
90	29	0
45	57	0
60	15	0
88	88	0
4	11	0
38	14	0
84	83	0
38	41	0
91	72	0
80	83	0
57	20	0
47	30	0
53	62	0
6	47	0
30	80	0
19	59	0
81	72	0
48	59	0
47	97	0
80	58	0
74	75	0
55	77	0
21	42	0
89	81	0
0	35	0
40	41	0
23	19	0
20	78	0
40	70	0
96	25	0
33	31	0
76	10	0
34	78	0
65	25	0
51	36	0
79	78	0
24	53	0
67	74	0
40	91	0
36	60	0
37	15	0
62	11	0
36	86	0
10	73	0
73	86	0
87	58	0
17	91	0
26	33	0
98	65	0
25	57	0
27	84	0
47	94	0
50	46	0
36	5	0
19	39	0
71	88	0
82	98	0
62	86	0
73	21	0
5	73	0
60	1	0
76	12	0
67	23	0
82	17	0
27	61	0
2	67	0
52	59	0
79	36	0
29	77	0
91	28	0
49	88	0
29	67	0
28	10	0
76	74	0
30	65	0
39	11	0
7	95	0
73	16	0
99	86	0
85	97	0
87	21	0
5	79	0
12	74	0
94	45	0
48	76	0
33	46	0
53	70	0
56	75	0
48	57	0
7	79	0
27	61	0
66	13	0
3	66	0
75	98	0
76	44	0
43	90	0
92	59	0
41	14	0
40	59	0
23	76	0
38	93	0
54	40	0
68	29	0
18	30	0
96	66	0
76	47	0
83	56	0
4	81	0
63	17	0
18	85	0
66	64	0
54	42	0
57	50	0
55	14	0
1	55	0
79	46	0
48	11	0
79	59	0
49	86	0
68	46	0
98	33	0
94	5	0
1	62	0
87	72	0
20	98	0
97	65	0
46	92	0
58	29	0
45	0	0
23	93	0
68	33	0
38	60	0
46	78	0
47	11	0
26	99	0
70	94	0
86	81	0
68	28	0
91	72	0
6	91	0
48	35	0
58	1	0
70	21	0
37	16	0
37	2	0
55	9	0
52	47	0
64	38	0
36	55	0
27	51	0
49	60	0
71	83	0
84	78	0
60	87	0
90	11	0
91	52	0
79	6	0
14	54	0
27	3	0
83	38	0
54	19	0
75	75	0
5	38	0
49	70	0
53	24	0
28	97	0
34	88	0
27	71	0
99	65	0
37	31	0
38	4	0
27	60	0
92	52	0
79	28	0
70	87	0
19	12	0
64	91	0
8	72	0
45	88	0
40	35	0
2	57	0
73	4	0
24	29	0
87	15	0
38	14	0
10	4	1
83	7	0
35	46	0
14	42	0
82	25	0
94	57	0
5	31	0
34	27	0
1	58	0
30	88	0
16	83	0
3	8	0
34	92	0
45	67	0
49	37	0
65	24	0
46	88	0
36	68	0
88	94	0
45	27	0
20	47	0
29	38	0
55	74	0
81	93	0
49	18	0
86	5	0
34	0	0
52	12	0
61	11	0
21	42	0
85	55	0
67	4	0
18	37	0
49	5	0
58	51	0
45	49	0
22	64	0
82	83	0
69	50	0
20	52	0
55	30	0
18	10	1
99	8	0
51	9	0
64	18	0
57	44	0
27	36	0
7	70	0
70	75	0
17	82	0
28	92	0
24	94	0
49	21	0
40	38	0
94	54	0
65	46	0
9	81	0
83	83	0
57	92	0
18	31	0
76	20	0
57	97	0
73	2	0
90	58	0
84	48	0
37	21	0
45	47	0
34	47	0
89	80	0
5	16	0
72	22	0
88	6	0
15	41	0
26	95	0
68	73	0
81	1	0
3	62	0
99	30	0
45	97	0
75	9	0
60	48	0
45	50	0
48	39	0
33	40	0
49	34	0
75	81	0
77	52	0
39	35	0
81	70	0
22	53	0
17	94	0
85	91	0
38	28	0
0	78	0
68	17	0
92	14	0
75	42	0
16	64	0
65	36	0
32	36	0
54	43	0
5	96	0
65	30	0
52	15	0
83	51	0
47	22	0
33	82	0
28	4	0
80	51	0
10	0	1
70	97	0
3	86	0
33	53	0
52	76	0
57	32	0
20	96	0
17	46	0
27	39	0
60	14	0
91	27	0
84	20	0
84	92	0
20	63	0
34	16	0
31	28	0
78	23	0
52	59	0
77	94	0
20	38	0
72	98	0
87	72	0
34	76	0
76	7	0
72	42	0
81	16	0
70	13	0
42	17	0
42	34	0
95	1	0
78	32	0
1	63	0
89	18	0
92	94	0
7	96	0
92	57	0
51	48	0
22	12	0
91	86	0
75	54	0
22	98	0
67	27	0
79	48	0
85	56	0
84	61	0
27	71	0
85	78	0
40	96	0
84	71	0
33	39	0
25	94	0
99	84	0
30	35	0
32	43	0
71	76	0
63	91	0
50	61	0
56	98	0
54	56	0
39	61	0
30	66	0
81	21	0
19	93	0
80	53	0
24	90	0
42	62	0
43	74	0
87	29	0
25	30	0
21	52	0
56	33	0
93	69	0
68	14	0
88	99	0
74	96	0
34	48	0
63	9	0
33	42	0
33	86	0
46	33	0
56	67	0
69	79	0
34	23	0
81	96	0
45	28	0
36	18	0
66	41	0
31	80	0
41	17	0
6	62	0
87	77	0
57	95	0
51	41	0
81	11	0
48	74	0
41	50	0
96	59	0
86	1	0
4	75	0
72	8	0
70	78	0
70	28	0
36	5	0
34	69	0
80	81	0
32	74	0
52	80	0
73	22	0
12	71	0
67	14	0
43	61	0
60	99	0
29	96	0
89	5	0
88	17	0
63	15	0
45	90	0
12	89	0
4	90	0
74	48	0
69	65	0
81	65	0
20	47	0
84	42	0
70	63	0
87	72	0
61	62	0
20	59	0
24	69	0
37	26	0
44	35	0
2	48	0
53	61	0
39	43	0
89	35	0
83	34	0
69	1	0
81	35	0
56	76	0
17	54	0
56	32	0
90	76	0
63	84	0
94	75	0
21	54	0
51	71	0
63	47	0
27	53	0
91	29	0
20	56	0
38	24	0
89	50	0
81	99	0
59	53	0
19	65	0
46	6	0
60	73	0
28	82	0
43	26	0
77	82	0
95	68	0
18	98	0
55	69	0
12	71	0
73	60	0
33	52	0
48	63	0
37	77	0
62	72	0
25	32	0
14	63	0
88	79	0
81	54	0
98	57	0
27	66	0
57	82	0
66	27	0
90	27	0
41	41	0
95	15	0
15	86	0
25	31	0
29	80	0
85	58	0
21	39	0
94	66	0
15	98	0
9	71	0
22	9	0
93	91	0
34	29	0
5	75	0
77	92	0
44	62	0
83	73	0
29	91	0
99	31	0
24	18	0
38	85	0
29	72	0
34	18	0
22	41	0
0	16	0
88	69	0
91	11	0
57	13	0
73	15	0
94	42	0
28	8	0
33	41	0
97	40	0
10	58	0
47	84	0
0	49	0
17	77	0
78	55	0
46	95	0
70	51	0
75	79	0
36	35	0
75	62	0
40	60	0
86	42	0
10	72	0
59	37	0
35	68	0
72	33	0
57	37	0
99	82	0
99	96	0
85	82	0
23	82	0
18	30	0
58	47	0
49	76	0
32	16	0
20	2	0
35	73	0
8	37	0
65	4	0
70	87	0
79	65	0
93	16	0
14	44	0
9	1	1
75	90	0
4	98	0
49	4	0
60	51	0
69	15	0
11	4	1
40	20	0
22	37	0
45	15	0
67	3	0
43	84	0
56	24	0
31	88	0
74	7	0
30	42	0
51	70	0
72	20	0
93	75	0
62	75	0
36	71	0
48	84	0
76	87	0
86	58	0
16	68	0
78	75	0
58	97	0
14	34	0
21	51	0
94	35	0
34	94	0
98	92	0
69	81	0
47	3	0
53	47	0
86	52	0
58	84	0
83	50	0
96	75	0
82	30	0
14	63	0
3	56	0
73	81	0
80	36	0
48	60	0
55	11	0
29	14	0
78	75	0
27	32	0
9	66	0
45	50	0
58	42	0
36	11	0
56	30	0
17	87	0
20	39	0
9	56	0
10	71	0
74	50	0
18	21	0
61	11	0
99	25	0
79	0	0
58	77	0
10	61	0
62	28	0
47	32	0
65	80	0
83	12	0
40	46	0
50	64	0
50	82	0
19	99	0
29	63	0
42	84	0
28	34	0
78	79	0
50	46	0
33	79	0
62	31	0
9	49	0
61	63	0
63	20	0
33	74	0
78	44	0
54	45	0
51	42	0
39	15	0
4	63	0
73	65	0
74	57	0
42	38	0
83	61	0
83	66	0
75	32	0
67	6	0
94	80	0
86	13	0
6	69	0
70	77	0
33	15	0
65	42	0
12	3	1
16	58	0
13	88	0
34	85	0
25	51	0
94	29	0
22	52	0
52	96	0
19	79	0
99	73	0
54	59	0
83	40	0
22	2	0
52	19	0
53	8	0
6	9	1
10	80	0
65	60	0
84	61	0
71	50	0
16	0	0
24	39	0
69	7	0
1	81	0
73	2	0
44	74	0
52	19	0
78	98	0
10	33	0
10	94	0
98	57	0
30	14	0
94	75	0
62	65	0
73	43	0
51	25	0
92	27	0
87	73	0
16	66	0
2	80	0
24	58	0
7	90	0
2	81	0
81	25	0
34	48	0
1	97	0
50	10	0
59	1	0
39	47	0
21	27	1
69	39	0
42	20	0
25	73	0
30	31	0
80	13	0
12	38	0
82	51	0
89	0	0
63	57	0
25	10	0
50	18	0
10	99	0
57	77	0
35	71	0
36	16	0
0	80	0
0	90	0
64	50	0
93	39	0
36	30	0
31	77	0
22	23	1
97	84	0
53	28	0
47	72	0
61	98	0
1	86	0
66	26	0
59	61	0
25	30	0
95	71	0
41	68	0
98	21	0
73	17	0
93	20	0
83	84	0
47	61	0
31	87	0
82	10	0
23	6	0
63	92	0
68	70	0
19	51	0
71	39	0
76	87	0
88	13	0
96	53	0
22	71	0
60	47	0
24	26	0
90	20	0
37	45	0
63	4	0
93	96	0
84	72	0
44	73	0
76	33	0
73	75	0
2	90	0
47	4	0
10	89	0
9	70	0
69	70	0
71	98	0
80	8	0
95	92	0
84	6	0
80	72	0
61	4	0
86	38	0
82	52	0
57	30	0
12	72	0
56	88	0
58	76	0
18	48	0
1	38	0
35	97	0
9	69	0
44	1	0
35	56	0
14	64	0
41	25	0
4	45	0
95	51	0
52	16	0
0	46	0
28	87	0
74	65	0
1	0	0
95	69	0
20	77	0
59	45	0
35	54	0
93	41	0
55	41	0
3	11	0
0	50	0
19	60	0
97	67	0
66	44	0
99	62	0
1	55	0
61	60	0
13	72	0
0	19	0
82	58	0
25	65	0
46	11	0
33	33	0
9	82	0
34	89	0
2	3	0
81	43	0
73	59	0
81	64	0
75	79	0
41	85	0
45	17	0
0	73	0
47	68	0
41	52	0
56	52	0
85	10	0
