95	71	0
30	25	0
60	99	0
15	8	0
87	31	0
83	99	0
42	81	0
70	41	0
4	83	0
2	2	0
18	90	0
94	47	0
71	75	0
31	34	0
82	89	0
99	48	0
43	97	0
39	80	1
66	74	0
45	17	0
77	66	0
84	87	0
83	85	0
3	28	0
77	15	0
72	68	0
27	95	0
85	25	0
71	92	0
49	63	0
74	76	0
98	52	0
96	21	0
20	77	1
89	84	0
14	73	1
34	5	0
5	73	1
40	88	0
75	47	0
30	12	0
99	83	0
85	85	0
96	15	0
96	16	0
23	37	0
59	86	0
8	85	0
90	0	0
64	95	0
4	30	0
77	83	0
93	30	0
29	82	1
58	92	0
81	19	0
29	85	1
26	9	0
94	5	0
76	36	0
44	81	0
79	26	0
53	51	0
80	28	0
13	99	0
43	80	0
95	67	0
73	94	0
6	63	0
48	90	0
96	49	0
71	20	1
48	38	0
31	9	0
71	59	0
7	84	0
95	27	0
41	66	0
89	56	0
90	2	0
75	99	0
75	84	0
7	27	0
66	80	0
85	70	0
80	44	0
20	99	0
71	39	0
91	53	0
89	29	0
98	36	0
15	53	0
2	16	0
98	57	0
50	90	0
41	76	0
54	92	0
70	34	0
71	68	0
78	79	0
85	66	0
25	21	0
19	11	0
80	56	0
96	3	0
24	99	0
23	42	0
69	72	0
61	83	0
54	80	0
40	4	0
50	84	0
64	80	0
82	54	0
21	92	0
90	82	0
1	76	0
18	54	0
77	86	0
90	76	0
49	68	0
61	42	0
85	39	0
28	90	1
53	71	0
26	43	0
56	81	0
41	27	0
92	83	0
29	98	0
88	4	0
80	35	0
67	86	0
65	78	0
61	71	0
22	32	0
22	68	0
56	91	0
80	70	0
43	91	0
54	85	0
73	19	1
42	91	0
24	26	0
77	65	0
62	46	0
73	70	0
76	39	0
12	87	0
57	52	0
93	39	0
65	35	0
49	19	0
89	29	0
62	74	0
77	98	0
84	70	0
96	21	0
99	34	0
99	69	0
28	84	1
67	75	0
53	89	0
79	20	0
15	82	0
93	4	0
20	39	0
30	92	1
28	88	0
82	71	0
72	77	0
91	48	0
85	54	0
46	83	0
92	64	0
54	5	0
43	26	0
81	46	0
31	71	0
66	75	0
75	67	0
82	5	0
94	50	0
99	35	0
70	62	0
72	87	0
57	7	0
6	92	0
7	91	0
95	63	0
72	59	0
81	14	0
99	76	0
20	12	0
33	97	0
52	93	0
90	3	0
86	3	0
99	30	0
78	31	0
72	38	0
5	7	0
15	88	0
46	88	0
50	63	1
90	46	0
69	95	0
98	85	0
70	36	0
74	82	0
73	19	1
9	3	0
30	7	0
33	23	0
83	40	0
80	21	0
9	47	0
27	22	0
89	81	0
94	71	0
80	20	0
98	9	0
65	2	0
82	14	1
37	15	0
99	89	0
26	80	0
2	95	0
35	39	0
72	42	0
65	66	0
60	78	0
87	83	0
67	26	0
74	80	0
99	35	0
85	67	0
67	51	0
93	71	0
63	15	0
95	9	0
29	48	0
68	98	0
99	37	0
23	85	1
98	36	0
76	95	0
94	34	0
64	16	0
49	50	0
59	94	0
76	87	0
20	84	0
92	84	0
0	99	0
91	2	0
94	16	0
57	81	0
13	97	0
79	41	0
94	70	0
27	1	0
49	90	0
39	80	1
56	75	0
1	23	0
91	35	0
98	3	0
75	95	0
16	22	0
75	30	0
69	82	0
10	29	0
45	83	0
81	52	0
27	94	1
83	11	0
79	15	1
91	66	0
12	77	0
64	19	0
84	93	0
34	98	0
65	58	0
6	38	0
64	89	0
61	49	0
92	45	0
75	49	0
72	58	0
4	43	0
91	66	0
25	94	1
86	63	0
8	94	0
81	85	0
37	20	0
70	62	0
65	94	0
55	94	0
89	55	0
72	1	0
0	73	0
69	41	0
28	99	0
90	24	0
93	44	0
73	34	0
85	74	0
44	94	0
59	99	0
27	92	0
99	84	0
72	83	0
19	0	0
8	84	0
77	84	0
59	90	0
60	56	1
68	31	0
83	61	0
99	6	0
85	7	0
93	88	0
65	83	0
83	18	0
86	14	0
70	92	0
32	96	0
83	9	0
96	0	0
74	27	0
7	53	0
13	94	0
17	98	0
88	82	0
84	98	0
83	93	0
84	71	0
74	77	0
8	90	0
29	21	0
7	6	0
43	40	0
92	22	0
79	39	0
66	60	0
60	13	0
85	82	0
68	79	0
85	53	0
74	59	0
23	10	0
98	39	0
67	92	0
47	40	0
22	87	0
74	97	0
97	69	0
21	76	0
39	66	0
71	74	0
49	96	0
10	46	0
80	68	0
93	50	0
87	69	0
33	76	0
61	84	0
91	19	0
83	8	0
12	81	0
36	89	0
91	76	0
75	73	0
1	94	0
11	78	0
80	94	0
31	20	0
4	80	0
69	84	0
59	61	0
83	85	0
6	85	0
75	47	0
17	6	0
57	91	0
6	91	0
1	16	0
90	64	0
84	11	0
77	21	0
81	16	1
13	20	0
14	52	0
73	34	0
68	76	0
35	86	1
61	56	1
88	82	0
83	41	0
74	76	0
59	59	1
76	80	0
0	61	0
83	60	0
64	33	0
93	43	0
89	89	0
82	73	0
68	54	1
56	57	1
45	78	0
97	75	0
93	9	0
51	76	0
3	97	0
66	27	0
66	13	0
78	20	1
72	16	1
80	26	0
28	31	0
57	91	0
62	60	0
36	83	0
67	93	0
88	59	0
86	28	0
83	69	0
88	93	0
93	46	0
87	97	0
32	87	0
76	78	0
78	46	0
49	84	0
88	79	0
79	72	0
93	27	0
53	78	0
78	21	0
58	42	0
87	88	0
89	53	0
21	86	0
32	93	1
85	29	0
76	32	0
94	43	0
85	7	0
95	82	0
83	15	0
81	33	0
12	85	0
16	96	0
51	32	0
29	64	0
50	80	0
64	2	0
12	92	0
77	50	0
17	11	0
20	61	0
75	70	0
73	61	0
82	67	0
85	47	0
71	63	0
85	49	0
6	45	0
94	87	0
66	59	0
47	92	0
4	72	1
90	17	0
49	95	0
21	87	0
97	42	0
64	27	0
20	13	0
27	36	0
11	62	1
83	55	0
95	33	0
25	14	0
47	5	0
51	77	0
97	83	0
13	5	0
46	77	0
64	25	0
88	69	0
74	65	0
63	83	0
12	46	0
99	46	0
89	64	0
3	84	0
31	91	1
0	97	0
55	35	0
89	20	0
7	20	0
89	34	0
78	13	0
46	32	0
14	97	0
59	82	0
18	78	1
27	26	0
25	93	0
56	57	1
80	46	0
66	85	0
19	88	0
70	41	0
8	5	0
80	57	0
48	61	1
87	30	0
81	31	0
69	30	0
54	86	0
37	99	0
79	38	0
60	97	0
70	62	0
83	47	0
62	93	0
91	41	0
94	99	0
84	83	0
54	89	0
90	16	0
79	77	0
62	27	0
28	90	1
88	57	0
85	98	0
83	13	0
97	94	0
83	25	0
80	67	0
11	93	0
78	94	0
73	77	0
5	17	0
13	94	0
10	73	1
85	30	0
26	95	0
56	82	0
81	33	0
77	49	0
18	99	0
85	44	0
91	53	0
76	45	0
88	27	0
0	86	0
14	7	0
63	77	0
14	59	0
27	9	0
5	94	0
98	46	0
79	91	0
90	54	0
85	77	0
74	46	0
2	74	0
76	22	0
95	38	0
