88	60	0
33	27	0
62	99	0
12	5	0
89	39	0
82	97	0
46	79	0
72	49	0
2	81	0
2	1	0
16	97	0
93	46	0
68	76	0
36	39	0
73	86	0
98	49	0
51	97	0
59	77	0
39	19	0
81	67	0
88	94	0
83	82	0
4	33	0
73	16	1
70	66	0
23	96	1
82	34	0
74	95	0
48	67	0
69	79	0
93	52	0
98	23	0
92	77	0
35	8	0
46	91	0
74	37	0
28	20	0
99	81	0
80	79	0
98	15	0
99	15	0
19	41	0
58	82	0
3	88	0
89	3	0
62	92	0
13	29	0
83	80	0
93	28	0
25	90	1
52	96	0
83	11	1
12	13	0
98	9	0
74	39	0
42	81	1
74	20	0
53	51	0
80	32	0
9	94	0
46	80	1
89	63	0
64	94	0
8	71	0
44	91	0
94	52	0
67	19	1
42	39	0
30	6	0
73	60	0
5	87	0
96	31	0
44	63	0
83	53	0
94	3	0
74	99	0
73	80	0
8	26	0
67	82	0
83	67	0
80	46	0
15	97	0
59	41	0
88	52	0
91	38	0
94	36	0
13	59	0
4	14	0
98	57	0
50	97	0
43	73	0
56	92	0
69	34	0
70	68	0
75	77	0
87	74	0
23	19	0
14	9	0
87	58	0
91	2	0
24	99	1
13	42	0
72	68	0
63	84	0
56	77	0
46	9	0
48	83	0
60	76	0
79	55	0
20	96	0
90	84	0
1	77	0
17	56	0
80	85	0
89	73	0
52	68	0
64	40	0
78	38	0
35	92	1
45	73	0
19	49	0
46	80	1
45	25	0
91	86	0
32	99	1
84	3	0
80	35	0
71	89	0
60	81	0
66	69	0
19	24	0
18	72	0
60	86	0
75	68	0
44	92	0
53	88	0
76	17	1
39	90	0
30	31	0
76	68	0
60	46	0
68	72	0
73	32	0
3	90	0
63	57	1
96	37	0
61	33	0
48	23	0
86	22	0
67	73	0
77	99	0
84	70	0
91	21	0
95	34	0
97	67	0
67	71	0
60	90	0
70	19	0
14	80	0
89	11	0
10	42	0
32	88	1
81	74	0
74	80	0
91	50	0
88	59	0
45	80	1
93	67	0
51	6	0
46	26	0
79	52	0
30	73	0
61	78	0
80	76	0
81	7	0
93	54	0
96	41	0
72	57	0
68	88	0
57	9	0
2	91	0
4	88	0
93	62	0
74	59	0
80	15	0
95	76	0
24	17	0
29	94	1
48	99	0
84	3	0
81	7	0
99	30	0
85	32	0
73	32	0
10	9	0
26	88	0
43	86	0
87	42	0
71	98	0
98	78	0
68	39	0
68	84	0
79	13	1
10	1	0
34	5	0
39	25	0
78	33	0
78	18	0
3	46	0
30	20	0
95	83	0
99	71	0
81	21	1
99	10	0
65	0	0
77	13	1
35	9	0
97	88	0
25	86	0
0	97	0
39	34	0
71	42	0
76	71	0
63	75	0
87	84	0
68	35	0
78	81	0
90	31	0
86	62	0
60	48	0
99	74	0
64	14	0
99	9	0
28	46	0
71	93	0
98	41	0
92	45	0
74	91	0
85	36	0
67	15	0
46	50	0
59	92	0
76	85	0
20	79	0
85	84	0
4	94	0
96	3	0
89	13	0
54	78	0
13	99	0
84	38	0
88	64	0
29	2	0
47	94	0
55	69	0
0	17	0
88	37	0
97	8	0
78	92	0
16	22	0
79	30	0
72	78	0
9	29	0
46	80	1
76	46	0
86	5	0
79	11	1
90	66	0
10	78	1
67	16	0
91	95	0
38	99	0
63	57	1
4	34	0
64	85	0
62	53	0
91	47	0
70	43	0
70	55	0
3	54	0
91	69	0
25	98	1
85	69	0
7	92	0
80	94	0
37	26	0
72	61	0
68	97	0
55	89	0
99	52	0
64	8	0
4	69	1
70	43	0
28	96	1
88	26	0
98	50	0
73	28	0
84	69	0
47	95	0
57	96	0
28	92	1
88	89	0
70	83	0
13	0	0
2	90	0
80	86	0
63	97	0
67	29	0
78	61	0
99	0	0
87	8	0
92	83	0
63	86	0
91	14	0
86	13	1
70	87	0
37	99	1
91	15	0
98	3	0
77	30	0
4	47	0
16	92	0
19	96	0
86	90	0
88	94	0
85	86	0
86	70	0
79	78	0
9	88	0
29	11	0
3	5	0
36	37	0
88	19	0
85	32	0
67	64	0
58	7	0
86	80	0
77	82	0
83	49	0
79	65	0
27	5	0
99	41	0
70	89	0
54	36	0
26	93	1
76	88	0
97	62	0
23	66	0
46	67	0
60	75	0
46	95	0
3	46	0
83	71	0
95	48	0
96	73	0
36	82	1
58	88	0
88	19	0
83	10	0
13	79	0
35	87	1
96	69	0
68	75	0
0	98	0
9	73	1
79	94	0
23	22	0
1	79	0
67	80	0
64	68	0
82	86	0
1	87	0
79	52	0
19	2	0
50	85	0
8	87	0
0	15	0
93	63	0
85	11	1
76	23	0
16	17	0
18	47	0
66	32	0
63	79	0
89	75	0
88	45	0
77	76	0
77	86	0
0	65	0
80	60	0
63	29	0
97	40	0
90	90	0
84	79	0
50	79	0
98	78	0
93	9	0
53	74	0
0	95	0
69	33	0
66	15	1
80	27	0
27	29	0
56	89	0
55	53	1
33	77	0
60	91	0
93	53	0
88	31	0
78	65	0
93	91	0
87	53	0
87	96	0
31	85	1
76	70	0
74	41	0
45	86	0
91	82	0
82	70	0
97	30	0
51	77	0
81	21	1
52	38	0
88	83	0
89	55	0
16	84	0
77	33	0
76	34	0
95	41	0
85	12	1
93	85	0
82	13	1
77	41	0
11	86	0
20	96	0
48	31	0
27	64	0
49	84	0
65	4	0
10	93	0
72	46	0
18	12	0
19	61	0
70	71	0
76	67	0
76	63	0
80	47	0
74	67	0
87	52	0
9	45	0
95	87	0
64	58	1
46	91	0
85	21	0
46	99	0
20	87	0
91	52	0
65	31	0
21	20	0
27	40	0
81	51	0
99	26	0
20	9	0
42	4	0
54	68	0
97	86	0
16	7	0
44	85	0
58	23	0
86	77	0
68	64	0
63	87	0
9	53	0
98	46	0
88	62	0
1	85	0
1	91	0
50	33	0
89	19	0
11	23	0
91	36	0
76	10	0
40	30	0
16	96	0
65	87	0
27	25	0
28	99	1
56	57	1
76	45	0
62	86	0
19	99	0
71	37	0
7	4	0
83	51	0
84	35	0
81	32	0
67	25	0
57	94	0
37	94	0
78	37	0
58	98	0
69	63	0
82	45	0
62	89	0
91	43	0
92	99	0
85	86	0
53	85	0
88	10	0
73	74	0
70	25	0
91	47	0
91	99	0
82	16	1
92	98	0
89	18	0
78	71	0
4	89	0
81	95	0
76	81	0
2	20	0
17	95	0
84	25	0
17	90	0
53	84	0
83	36	0
78	50	0
23	93	1
81	53	0
94	51	0
81	39	0
82	26	0
0	93	0
14	11	0
61	83	0
21	55	0
31	8	0
3	88	0
94	39	0
83	81	0
87	52	0
88	76	0
71	46	0
4	79	1
85	23	0
96	39	0
