82	62	0
32	33	0
65	94	0
14	4	0
95	41	0
79	95	0
41	77	1
71	44	0
1	78	0
6	5	0
11	99	0
95	44	0
68	77	0
34	39	0
68	81	0
97	54	0
51	93	0
61	74	0
39	30	0
84	71	0
92	88	0
79	76	0
7	32	0
67	72	0
73	37	0
66	92	0
52	70	0
66	78	0
95	47	0
96	25	0
93	71	0
32	1	0
41	91	1
79	29	0
35	18	0
96	74	0
88	71	0
92	20	0
89	15	0
22	32	0
60	78	0
4	87	0
93	12	1
56	98	0
23	31	0
80	75	0
88	33	0
53	96	0
2	17	0
97	19	0
68	41	0
70	17	0
55	44	0
74	34	0
11	95	0
47	87	1
90	62	0
63	89	0
8	67	0
43	82	1
91	55	0
39	37	0
30	7	0
67	64	0
10	93	0
99	33	0
41	69	0
90	55	0
96	6	0
75	98	0
71	83	0
6	24	0
72	78	0
81	64	0
83	42	0
22	97	1
54	36	0
88	46	0
91	41	0
85	35	0
12	58	0
6	15	0
92	60	0
59	97	0
39	76	0
59	96	0
68	39	0
60	65	0
81	75	0
82	76	0
17	17	0
10	10	0
82	58	0
86	0	0
15	49	0
71	81	0
61	80	0
63	77	0
55	7	0
44	93	0
73	89	0
76	53	0
15	89	0
92	82	0
3	85	0
14	50	0
82	88	0
91	75	0
51	74	0
71	39	0
81	39	0
54	71	0
22	52	0
46	81	1
41	22	0
91	88	0
71	6	0
81	34	0
80	98	0
63	79	0
71	70	0
16	22	0
15	78	1
63	96	0
73	62	1
47	95	1
57	97	0
30	86	0
36	39	0
75	59	1
60	48	0
63	75	0
72	35	0
5	96	0
72	66	1
91	35	0
61	28	0
48	20	0
80	20	1
64	70	0
75	92	0
84	71	0
90	16	1
99	29	0
94	76	0
68	70	0
59	84	0
72	13	1
13	73	0
95	11	1
8	45	0
76	79	0
76	72	0
93	49	0
84	57	0
47	83	1
91	66	0
54	13	0
42	22	0
78	58	0
26	79	0
59	82	0
76	70	0
80	8	1
95	48	0
95	36	0
72	53	0
66	94	0
60	8	0
5	92	0
8	92	0
96	58	0
60	61	1
83	17	1
93	69	0
16	19	0
44	96	1
79	4	0
81	11	0
91	23	0
87	24	0
81	30	0
12	13	0
30	81	0
52	91	0
82	43	0
73	93	0
91	73	0
65	35	0
64	82	0
6	10	0
33	10	0
44	27	0
70	33	0
79	15	1
4	55	0
33	14	0
97	80	0
97	61	0
98	16	0
63	2	0
41	6	0
98	91	0
28	76	0
8	94	0
36	35	0
74	44	0
73	67	0
54	69	0
84	84	0
70	32	0
74	79	0
87	28	0
88	65	0
64	40	0
98	76	0
63	17	0
97	8	0
30	53	0
75	84	0
97	43	0
94	46	0
72	93	0
92	42	0
70	15	1
46	45	0
58	99	0
69	87	0
24	78	0
83	86	0
6	95	0
91	9	0
89	17	1
45	80	1
18	97	0
88	33	0
90	68	0
29	4	0
50	96	0
45	59	0
8	12	0
87	42	0
88	10	0
68	88	0
16	20	0
76	29	0
69	81	0
11	29	0
48	95	1
80	42	0
82	2	0
94	68	0
66	16	0
93	98	0
33	92	1
12	37	0
57	94	0
65	59	0
93	40	0
61	46	0
68	53	1
5	52	0
93	77	0
93	63	0
0	86	0
75	84	0
37	21	0
65	56	0
65	97	0
64	94	0
99	51	0
61	12	0
66	42	0
78	30	0
94	58	0
78	35	0
88	66	0
43	98	1
48	95	0
87	97	0
78	94	0
19	7	0
6	84	0
77	91	0
67	97	0
63	21	0
84	51	0
91	1	0
93	12	1
94	82	0
66	78	0
88	16	1
66	83	0
92	18	1
99	4	0
84	29	0
7	45	0
11	95	0
16	99	1
83	90	0
87	91	0
84	83	0
86	62	0
77	83	0
10	92	0
24	17	0
1	8	0
33	41	0
85	14	1
83	37	0
63	65	0
57	4	0
81	85	0
85	83	0
81	50	0
73	64	0
32	15	0
99	40	0
76	96	0
53	36	0
71	85	0
98	63	0
16	59	0
44	69	0
57	78	0
50	87	1
2	44	0
70	71	0
96	44	0
93	65	0
56	93	0
87	24	0
84	10	0
13	77	1
99	68	0
67	72	0
6	95	0
77	89	0
19	23	0
4	83	0
65	77	0
64	67	0
80	86	0
3	88	0
81	54	0
17	0	0
45	82	1
9	87	0
5	15	0
96	54	0
79	22	0
17	20	0
17	34	0
70	35	0
65	77	0
89	79	0
85	44	0
79	75	0
75	91	0
0	65	0
85	63	0
63	23	0
97	44	0
79	89	0
81	68	0
48	76	0
94	67	0
95	7	0
48	74	0
2	97	0
74	36	0
80	19	1
31	31	0
64	84	0
33	71	0
64	95	0
95	51	0
88	37	0
73	68	0
93	83	0
89	44	0
90	97	0
79	67	0
72	37	0
41	90	0
86	78	0
83	75	0
96	30	0
42	64	0
82	21	1
60	33	0
81	94	0
87	56	0
24	86	0
82	34	0
73	41	0
91	43	0
77	12	1
99	83	0
76	42	0
4	83	0
11	97	0
39	28	0
21	68	0
45	88	1
63	7	0
1	93	0
75	42	0
13	14	0
15	60	0
64	70	0
72	66	0
77	56	0
75	44	0
74	66	0
83	43	0
16	43	0
95	81	0
55	99	0
86	24	0
43	97	1
21	91	0
92	59	0
61	35	0
24	23	0
25	29	0
81	49	0
99	30	0
15	0	0
43	0	0
52	67	0
96	84	0
27	10	0
44	76	1
56	17	0
83	81	0
72	62	1
61	87	0
14	48	0
95	46	0
87	63	0
2	87	0
1	92	0
58	31	0
94	27	0
13	27	0
88	39	0
73	13	0
41	29	0
19	98	0
61	88	0
25	34	0
71	40	0
63	85	0
14	96	1
67	35	0
7	6	0
91	54	0
87	37	0
86	28	0
57	26	1
53	95	0
48	91	1
86	33	0
55	97	0
62	58	0
73	53	0
54	94	0
91	51	0
93	95	0
87	87	0
53	84	1
90	7	1
80	74	0
72	18	0
95	49	0
93	95	0
92	96	0
88	22	0
84	69	0
13	97	0
86	97	0
65	75	0
5	18	0
25	94	0
88	26	0
17	97	0
51	80	1
75	37	0
77	52	0
24	93	1
75	51	0
95	56	0
82	35	0
82	23	0
1	86	0
17	10	0
58	83	0
27	65	0
39	4	0
1	85	0
97	41	0
89	85	0
86	46	0
88	83	0
73	54	0
84	17	1
95	38	0
