99	66	0
20	10	0
33	22	1
64	99	0
12	0	0
87	42	0
97	94	0
49	12	0
54	79	0
56	24	0
81	51	0
9	86	0
8	2	0
15	94	0
94	28	0
70	77	0
48	32	0
87	68	0
96	18	0
54	96	0
48	62	0
80	71	0
46	11	0
21	76	0
55	20	0
97	69	0
83	93	0
88	73	0
7	37	0
53	9	0
49	29	0
95	24	0
76	71	0
11	81	0
36	92	0
76	17	0
75	87	0
28	7	0
47	68	0
78	69	0
93	73	0
59	63	0
97	41	0
16	78	0
70	4	0
97	66	0
19	75	0
65	4	0
5	76	0
42	91	0
28	73	0
89	60	0
59	42	0
43	25	0
89	83	0
99	88	0
99	13	0
28	93	0
99	9	0
26	7	0
76	90	0
29	4	0
2	86	0
86	8	0
30	75	0
59	94	0
36	59	0
3	24	0
75	78	0
86	28	0
26	98	0
49	99	0
64	27	0
26	90	0
57	97	0
7	18	0
99	18	0
82	24	0
54	74	0
86	45	0
91	58	0
56	8	0
40	17	1
65	40	0
0	98	0
66	0	0
46	70	0
41	8	0
53	23	0
85	18	0
36	57	0
86	47	0
2	58	0
74	94	0
3	88	0
41	95	0
88	54	0
73	24	0
34	64	0
36	60	0
62	0	0
69	53	0
13	69	0
37	3	0
12	51	1
65	75	0
44	32	0
9	97	0
84	28	0
43	76	0
79	69	0
93	4	0
67	86	0
63	74	0
15	22	0
58	88	0
98	80	0
72	57	0
23	94	0
64	31	0
30	31	1
72	3	0
99	61	0
99	33	0
87	54	0
42	48	0
62	6	0
68	68	0
12	28	0
43	31	0
96	56	0
50	27	0
56	78	0
56	75	0
58	22	0
41	36	0
56	22	0
14	45	1
56	83	0
47	58	0
47	90	0
74	46	0
58	74	0
62	72	0
97	65	0
26	21	0
42	43	0
17	18	0
12	80	0
27	64	0
86	44	0
45	46	0
91	4	0
35	87	0
55	20	0
31	39	0
68	79	0
32	70	0
56	63	0
45	90	0
36	53	0
39	0	0
53	16	0
40	99	0
33	61	0
76	81	0
88	58	0
15	94	0
90	72	0
29	47	0
22	71	0
50	71	0
47	58	0
12	33	0
71	83	0
98	80	0
38	72	0
78	40	0
9	41	0
59	12	0
65	53	0
62	18	0
80	18	0
0	49	0
43	66	0
57	27	0
43	63	0
98	36	0
33	91	0
20	55	0
76	94	0
45	57	0
22	18	0
35	76	0
58	19	0
91	98	0
37	87	0
95	0	0
14	61	1
11	66	0
96	35	0
55	95	0
64	82	0
65	67	0
39	59	0
14	67	0
22	57	1
60	0	0
55	99	0
98	56	0
44	89	0
72	67	0
82	25	0
48	76	0
31	83	0
44	94	0
40	23	0
66	23	0
80	45	0
54	44	0
75	68	0
0	54	0
71	24	0
20	93	0
67	66	0
87	36	0
74	38	0
47	0	0
5	40	0
86	24	0
69	76	0
58	93	0
68	55	0
88	31	0
90	10	0
2	36	0
87	72	0
39	99	0
89	80	0
41	99	0
61	35	0
78	31	0
21	89	0
78	18	0
20	62	0
27	75	0
49	14	0
27	91	0
76	90	0
83	79	0
91	56	0
96	53	0
22	81	0
34	69	0
82	13	0
82	49	0
43	0	0
41	28	0
45	54	0
79	46	0
24	52	0
43	40	0
33	74	0
75	98	0
90	60	0
56	76	0
93	5	0
98	37	0
62	5	0
84	54	0
78	51	0
64	76	0
1	33	0
42	65	0
68	28	0
16	90	0
28	78	0
8	85	0
91	66	0
55	12	1
36	1	0
40	52	1
77	68	0
69	1	0
94	88	0
27	3	0
49	90	0
14	66	0
54	91	0
44	36	0
7	47	1
77	28	0
78	18	0
52	16	0
88	10	0
42	56	0
3	54	1
77	26	0
80	54	0
5	8	0
3	58	0
30	99	0
15	84	0
53	97	0
49	71	0
80	44	0
65	11	0
52	84	0
46	70	0
97	84	0
2	52	0
65	50	0
66	85	0
81	25	0
29	4	0
42	3	0
51	18	0
38	30	0
81	54	0
73	20	0
24	43	0
20	23	0
30	54	0
45	34	0
96	70	0
91	61	0
1	52	0
63	36	0
90	6	0
66	13	0
77	23	0
52	40	0
39	29	0
1	75	0
68	84	0
43	81	0
8	99	0
34	62	0
57	10	0
49	41	0
81	38	0
74	53	0
15	62	1
83	70	0
85	86	0
79	31	0
71	90	0
77	6	0
77	64	0
69	50	0
69	54	0
85	79	0
73	2	0
90	12	0
24	44	0
56	85	0
62	74	0
78	11	0
22	72	0
95	33	0
56	97	0
97	26	0
62	25	0
28	56	0
62	42	0
38	58	0
56	84	0
81	28	0
85	80	0
37	51	1
17	92	0
93	95	0
45	22	0
5	80	0
45	52	0
95	3	0
81	37	0
30	66	0
62	48	0
59	49	0
17	92	0
81	22	0
42	11	1
87	54	0
49	40	0
34	93	0
22	12	0
49	48	0
51	87	0
0	45	0
39	76	0
38	83	0
48	25	0
20	75	0
16	27	0
72	8	0
72	17	0
97	3	0
86	96	0
28	65	0
34	34	0
81	5	0
60	57	0
71	98	0
3	25	0
51	89	0
97	57	0
32	77	0
80	4	0
40	70	0
67	18	0
55	5	0
88	20	0
88	45	0
10	84	0
75	17	0
88	99	0
23	95	0
92	73	0
42	46	0
10	29	0
68	95	0
67	50	0
5	85	0
73	33	0
78	54	0
74	52	0
81	70	0
28	58	0
98	52	0
28	95	0
96	68	0
23	98	0
91	99	0
46	35	0
63	65	0
57	92	0
45	56	0
60	99	0
74	52	0
48	47	0
30	58	0
87	1	0
3	87	0
93	63	0
25	93	0
49	63	0
42	79	0
83	32	0
32	51	0
53	24	0
96	52	0
73	23	0
87	94	0
43	95	0
37	58	0
50	6	1
33	49	0
60	92	0
50	20	0
42	73	0
88	82	0
35	9	1
93	85	0
79	11	0
20	7	0
43	31	0
26	67	0
46	3	0
11	81	0
86	77	0
54	90	0
65	48	0
65	8	0
37	66	0
39	76	0
99	48	0
97	3	0
15	67	0
76	12	0
44	65	0
42	26	0
39	2	0
33	47	0
83	84	0
26	72	0
51	84	0
66	23	0
75	25	0
49	57	0
63	83	0
27	95	0
93	19	0
84	17	0
77	16	0
18	66	0
21	90	0
18	87	0
62	36	0
73	78	0
73	99	0
0	29	0
61	51	0
64	91	0
69	63	0
60	76	0
15	94	0
20	75	0
46	31	0
45	14	1
8	31	0
41	42	0
31	41	0
97	28	0
81	44	0
68	11	0
69	31	0
58	49	0
44	30	0
98	77	0
49	80	0
82	55	0
37	60	0
34	94	0
77	53	0
56	19	0
31	16	0
98	50	0
72	83	0
49	37	0
45	9	1
51	62	0
41	93	0
63	93	0
96	61	0
23	79	0
62	51	0
6	66	0
63	45	0
50	74	0
65	51	0
51	75	0
63	89	0
2	55	0
54	55	0
78	46	0
81	62	0
36	79	0
71	83	0
43	26	0
93	15	0
54	43	0
99	10	0
0	82	0
45	87	0
88	62	0
70	68	0
13	86	0
16	76	0
78	86	0
46	27	0
7	75	0
77	99	0
45	68	0
95	66	0
29	94	0
75	45	0
13	4	0
41	74	0
21	81	0
36	19	1
7	15	0
92	56	0
97	25	0
50	21	0
73	37	0
84	13	0
23	13	0
31	64	0
74	32	0
0	70	0
59	81	0
5	40	0
15	76	0
67	47	0
59	99	0
69	42	0
75	84	0
75	56	0
37	50	1
74	78	0
10	87	0
44	38	0
23	78	0
74	51	0
64	36	0
99	49	0
91	95	0
85	88	0
45	71	0
68	47	0
62	64	0
37	50	0
10	48	1
70	3	0
68	83	0
87	77	0
84	2	0
56	81	0
8	96	0
49	20	0
54	35	0
68	28	0
59	25	0
77	22	0
22	92	0
74	30	0
28	76	0
95	16	0
43	69	0
52	39	0
64	98	0
72	74	0
42	79	0
69	93	0
87	65	0
91	45	0
97	75	0
83	95	0
98	49	0
37	68	0
95	86	0
50	87	0
80	83	0
96	49	0
48	83	0
84	65	0
87	53	0
77	33	0
36	48	0
2	60	0
58	80	0
67	18	0
54	33	0
47	19	1
87	84	0
66	39	0
34	12	1
47	14	1
16	88	0
12	57	1
10	91	0
61	40	0
91	19	0
89	44	0
96	5	0
76	97	0
10	48	1
57	21	0
54	51	0
36	74	0
94	17	0
64	49	0
28	89	0
31	96	0
25	66	0
20	93	0
32	6	0
67	62	0
48	31	0
47	71	0
45	42	0
5	53	1
70	68	0
69	15	0
19	87	0
93	59	0
23	28	0
17	70	0
75	62	0
67	56	0
51	57	0
91	52	0
91	66	0
72	55	0
57	13	0
68	65	0
80	45	0
10	32	0
91	76	0
54	42	0
37	76	0
11	81	0
26	96	0
23	60	0
91	31	0
9	50	1
62	95	0
4	88	0
91	63	0
49	29	0
78	20	0
20	23	0
34	40	0
77	10	0
17	72	0
38	53	1
88	55	0
88	37	0
4	8	0
12	48	1
46	16	1
5	41	0
67	11	0
48	70	0
93	93	0
5	13	0
48	99	0
86	34	0
40	3	0
89	85	0
41	65	0
76	73	0
35	31	0
97	37	0
91	80	0
21	64	0
14	84	0
3	46	0
22	69	0
14	99	0
73	18	0
31	54	0
9	84	0
26	32	0
62	18	0
42	62	0
75	52	0
46	3	0
33	74	0
94	26	0
7	26	0
72	46	0
98	33	0
48	62	0
29	13	0
44	0	0
19	93	0
43	77	0
24	60	0
17	16	0
21	82	0
26	81	0
67	51	0
89	40	0
36	70	0
85	99	0
48	32	0
64	68	0
46	85	0
2	84	0
84	43	0
44	62	0
11	18	0
93	59	0
54	51	0
89	21	0
81	19	0
80	34	0
60	99	0
43	38	0
58	36	0
61	32	0
42	0	0
42	89	0
53	72	0
88	30	0
57	99	0
88	43	0
78	55	0
39	70	0
27	69	0
80	35	0
52	37	0
74	3	0
96	99	0
73	78	0
45	77	0
70	43	0
82	87	0
15	77	0
56	33	0
14	93	0
6	58	1
41	62	0
78	70	0
66	11	0
93	92	0
84	9	0
99	93	0
59	10	0
70	23	0
76	55	0
66	31	0
15	86	0
51	88	0
66	81	0
7	33	0
16	82	0
14	71	0
37	10	0
38	38	0
1	44	0
75	45	0
51	29	0
8	62	0
14	88	0
65	94	0
92	42	0
0	74	0
61	42	0
30	85	0
79	64	0
69	47	0
4	48	1
26	54	0
84	37	0
70	51	0
70	60	0
16	66	0
58	47	0
4	90	0
7	5	0
87	65	0
18	69	0
25	0	0
2	99	0
24	77	0
97	37	0
76	79	0
89	66	0
83	88	0
52	59	0
62	30	0
1	71	0
48	64	0
32	58	0
63	46	0
91	18	0
