92	64	0
38	5	0
35	35	0
62	98	0
19	10	0
99	42	0
92	86	0
50	9	0
59	74	0
51	19	0
86	49	0
1	87	0
13	3	0
21	76	0
94	25	0
81	77	0
55	34	0
18	53	0
88	61	0
98	8	0
50	90	0
55	68	0
76	88	0
56	8	0
29	76	0
49	14	0
85	68	0
62	86	0
90	80	0
2	30	0
51	17	0
41	23	0
90	31	0
27	50	0
85	63	0
11	86	0
38	99	0
91	26	0
73	85	0
39	4	0
24	68	0
93	61	0
95	72	0
53	64	0
97	45	0
2	79	0
63	4	0
99	64	0
15	70	0
68	15	0
12	76	0
58	96	0
34	76	0
95	69	0
48	41	0
30	24	0
93	79	0
98	97	0
95	6	0
14	92	0
98	16	0
28	9	0
75	75	0
39	6	0
13	97	0
90	4	0
37	86	0
63	93	0
43	64	0
5	30	0
70	87	0
9	59	0
93	32	0
30	84	0
58	93	0
62	33	0
32	95	0
63	94	0
3	20	0
99	7	0
98	20	0
43	64	0
84	40	0
88	54	0
49	14	0
33	5	0
64	51	0
10	94	0
53	5	0
54	81	0
45	3	0
49	41	0
84	41	0
32	62	0
74	51	0
3	58	0
81	84	0
0	83	0
33	94	0
98	59	0
65	13	0
39	68	0
37	67	0
62	2	0
68	51	0
2	67	0
33	7	0
12	39	0
38	43	0
65	79	0
45	45	0
12	96	0
84	12	0
47	82	0
78	73	0
96	4	0
71	92	0
53	70	0
35	16	0
55	98	0
93	66	0
74	63	0
22	96	0
61	35	0
31	14	0
20	47	0
79	7	0
5	60	0
95	59	0
98	16	0
81	44	0
43	51	0
51	11	0
80	70	0
21	11	0
33	22	0
97	57	0
35	38	0
62	75	0
67	82	0
50	32	0
46	44	0
56	39	0
18	42	0
29	45	0
17	54	0
83	95	0
43	61	0
35	98	0
71	42	0
74	66	0
49	76	0
87	67	0
24	22	0
52	52	0
17	15	0
16	76	0
35	63	0
90	37	0
42	44	0
82	11	0
43	84	0
53	25	0
45	51	0
75	78	0
26	70	0
53	69	0
37	81	0
34	51	0
39	13	0
59	15	0
40	83	0
29	71	0
79	74	0
87	62	0
30	95	0
95	74	0
27	45	0
21	77	0
53	71	0
47	53	0
23	12	0
76	87	0
88	81	0
54	65	0
65	35	0
2	52	0
59	0	0
79	49	0
61	22	0
81	23	0
18	56	0
10	50	0
44	54	0
73	27	0
36	65	0
83	27	0
38	95	0
29	73	0
41	24	0
79	81	0
43	58	0
31	8	0
22	78	0
55	9	0
92	87	0
61	93	0
93	4	0
5	74	0
19	66	0
97	25	0
46	81	0
34	36	0
56	70	0
54	63	0
43	63	0
18	81	0
27	58	0
65	0	0
6	61	0
62	80	0
91	40	0
40	91	0
82	62	0
63	22	0
49	67	0
19	83	0
37	98	0
50	31	0
75	43	0
87	59	0
71	46	0
66	66	0
9	44	0
51	12	0
7	89	0
58	53	0
67	41	0
69	29	0
59	8	0
6	51	0
87	21	0
40	8	0
66	65	0
56	80	0
75	35	0
98	37	0
98	5	0
3	48	0
95	77	0
20	99	0
96	78	0
25	96	0
63	34	0
70	23	0
17	82	0
78	26	0
34	67	0
33	76	0
45	0	0
30	97	0
77	89	0
67	85	0
87	50	0
93	65	0
16	99	0
41	68	0
70	2	0
70	40	0
33	19	0
38	0	0
46	8	0
53	52	0
81	45	0
37	46	0
34	48	0
34	71	0
75	89	0
83	64	0
60	80	0
85	5	0
88	43	0
67	5	0
19	42	0
68	40	0
70	52	0
74	69	0
12	36	0
36	64	0
65	18	0
17	89	0
32	87	0
23	75	0
84	63	0
52	16	0
28	3	0
33	55	0
76	71	0
63	8	0
78	92	0
17	2	0
49	95	0
9	71	0
43	99	0
48	38	0
0	51	0
72	31	0
73	9	0
58	10	0
82	10	0
38	57	0
16	58	0
72	25	0
91	67	0
10	12	0
4	67	0
29	94	0
7	88	0
45	99	0
61	74	0
53	44	0
70	7	0
47	83	0
42	61	0
85	99	0
38	25	0
6	57	0
27	48	0
60	53	0
73	84	0
29	25	0
79	28	0
37	4	0
54	3	0
56	16	0
37	41	0
73	66	0
80	9	0
13	46	0
40	13	0
51	61	0
43	35	0
26	48	0
87	76	0
75	55	0
13	49	0
62	33	0
90	9	0
62	8	0
56	27	0
49	42	0
36	34	0
9	77	0
62	81	0
27	73	0
23	95	0
33	92	0
52	17	0
42	39	0
94	46	0
85	49	0
1	65	0
81	72	0
71	77	0
77	28	0
83	90	0
83	0	0
74	60	0
81	71	0
34	24	0
65	48	0
27	45	0
92	77	0
67	9	0
99	25	0
27	51	0
43	88	0
71	72	0
79	15	0
14	75	0
89	32	0
61	94	0
81	27	0
77	38	0
46	51	0
55	42	0
30	50	0
64	87	0
80	29	0
40	26	0
72	76	0
30	61	0
17	98	0
91	94	0
42	36	0
4	93	0
56	46	0
92	12	0
76	40	0
16	69	0
59	46	0
39	30	0
50	44	0
15	99	0
86	22	0
50	3	0
85	40	0
52	49	0
29	85	0
21	5	0
62	54	0
52	91	0
8	50	0
44	83	0
35	82	0
52	29	0
22	83	0
11	41	0
64	12	0
76	27	0
82	1	0
87	89	0
18	68	0
48	24	0
85	6	0
84	59	0
73	94	0
5	30	0
63	92	0
95	61	0
29	82	0
76	2	0
54	58	0
69	27	0
71	11	0
44	27	0
40	15	0
99	6	0
90	39	0
4	91	0
79	12	0
90	95	0
23	88	0
94	62	0
41	52	0
15	30	0
79	98	0
63	42	0
5	95	0
67	35	0
78	39	0
76	42	0
90	68	0
25	62	0
83	59	0
37	88	0
90	78	0
26	88	0
92	83	0
47	32	0
55	62	0
65	95	0
42	67	0
67	97	0
66	50	0
31	61	0
39	66	0
85	5	0
8	91	0
92	53	0
19	87	0
47	76	0
47	78	0
91	45	0
38	51	0
45	18	0
82	61	0
61	10	0
86	91	0
57	90	0
48	45	0
51	15	0
39	37	0
54	88	0
34	24	0
44	62	0
79	70	0
35	11	0
94	94	0
57	12	0
3	11	0
46	35	0
22	76	0
45	0	0
15	69	0
90	87	0
63	85	0
63	49	0
58	10	0
43	69	0
37	55	0
98	53	0
87	7	0
6	75	0
77	5	0
51	75	0
61	26	0
38	15	0
31	64	0
86	84	0
31	74	0
37	82	0
76	32	0
19	45	0
68	32	0
43	64	0
63	90	0
28	99	0
92	11	0
92	30	0
67	11	0
29	76	0
31	96	0
30	83	0
75	49	0
81	77	0
80	91	0
9	40	0
74	42	0
73	78	0
74	63	0
59	76	0
10	80	0
17	63	0
34	18	0
46	15	0
1	39	0
43	50	0
29	49	0
85	31	0
86	42	0
74	7	0
73	49	0
49	58	0
23	53	0
54	27	0
91	76	0
53	94	0
82	65	0
36	64	0
34	91	0
78	52	0
30	51	0
76	29	0
27	46	0
36	14	0
92	57	0
75	98	0
51	57	0
5	53	0
48	4	0
56	59	0
40	89	0
32	29	0
74	90	0
99	59	0
10	87	0
63	44	0
6	63	0
74	58	0
34	62	0
52	56	0
40	83	0
65	67	0
4	59	0
64	62	0
71	44	0
75	51	0
32	71	0
62	84	0
54	5	0
96	21	0
57	35	0
94	8	0
14	78	0
30	42	1
35	69	0
83	68	0
25	51	0
78	73	0
18	91	0
13	83	0
84	83	0
48	29	0
3	68	0
70	97	0
50	63	0
93	61	0
20	98	0
91	35	0
16	9	0
36	74	0
20	85	0
36	10	0
14	44	0
10	28	0
82	74	0
99	20	0
58	11	0
71	30	0
90	24	0
33	9	0
32	63	0
95	30	0
7	63	0
50	93	0
1	52	0
28	78	0
73	55	0
49	99	0
79	50	0
68	88	0
28	43	1
69	65	0
43	53	0
74	69	0
8	76	0
52	34	0
27	85	0
83	48	0
76	27	0
89	71	0
93	97	0
89	87	0
41	73	0
67	39	0
52	63	0
35	19	0
33	12	0
39	74	0
6	42	0
68	12	0
59	77	0
88	80	0
88	2	0
15	50	0
58	82	0
15	91	0
58	5	0
53	39	0
62	21	0
48	24	0
44	13	0
84	9	0
36	96	0
67	17	0
34	96	0
99	16	0
23	44	1
45	62	0
73	30	0
81	98	0
70	68	0
39	65	0
62	94	0
79	63	0
92	45	0
11	60	0
82	82	0
81	94	0
14	67	0
97	47	0
28	67	0
99	85	0
49	98	0
36	15	0
68	65	0
93	49	0
53	74	0
68	72	0
96	66	0
73	39	0
16	58	0
2	59	0
62	81	0
70	33	0
47	47	0
56	4	0
35	25	0
95	73	0
12	57	0
31	41	1
69	27	0
47	3	0
57	20	0
16	91	0
10	58	0
5	76	0
66	50	0
93	25	0
86	38	0
91	2	0
61	88	0
9	54	0
63	31	0
55	51	0
44	86	0
99	18	0
58	59	0
36	91	0
18	92	0
43	66	0
29	90	0
32	12	0
72	73	0
51	23	0
37	73	0
50	43	0
5	43	0
73	61	0
61	16	0
29	84	0
93	50	0
25	57	0
20	23	0
7	68	0
84	59	0
71	63	0
45	48	0
84	63	0
96	70	0
64	40	0
66	17	0
79	64	0
76	24	0
6	49	0
78	83	0
32	31	1
61	32	0
16	67	0
3	86	0
27	93	0
38	52	0
86	24	0
4	50	0
52	92	0
2	91	0
84	59	0
49	33	0
87	33	0
13	18	0
43	35	0
72	10	0
28	83	0
48	52	0
98	63	0
89	35	0
1	0	0
4	41	0
55	15	0
4	52	0
79	7	0
56	80	0
31	28	0
94	87	0
3	11	0
37	96	0
94	49	0
39	4	0
88	97	0
47	58	0
56	64	0
36	30	0
93	38	0
87	89	0
8	61	0
5	72	0
18	49	0
19	77	0
16	90	0
63	25	0
35	60	0
14	90	0
39	22	0
66	19	0
37	62	0
63	45	0
48	11	0
36	69	0
34	32	0
90	15	0
2	29	0
83	48	0
95	18	0
49	47	0
32	21	0
51	4	0
23	96	0
42	68	0
46	66	0
24	11	0
20	89	0
11	79	0
71	45	0
92	37	0
31	29	1
28	67	0
87	99	0
49	21	0
70	75	0
59	86	0
9	90	0
81	34	0
47	58	0
15	27	0
90	75	0
56	56	0
97	14	0
73	10	0
80	23	0
65	92	0
55	52	0
42	45	0
65	22	0
48	8	0
57	87	0
54	79	0
13	60	0
77	39	0
54	91	0
90	29	0
93	59	0
39	83	0
36	61	0
81	33	0
44	52	0
77	10	0
95	99	0
75	70	0
42	79	0
73	43	0
70	87	0
10	77	0
52	13	0
11	96	0
11	62	0
51	66	0
72	83	0
67	14	0
98	93	0
89	8	0
91	98	0
66	8	0
85	27	0
77	60	0
53	32	0
17	81	0
46	92	0
63	83	0
27	46	0
8	32	0
22	86	0
12	73	0
42	12	0
42	48	0
21	57	0
34	44	1
1	50	0
86	45	0
42	23	0
8	65	0
28	83	0
64	86	0
91	48	0
6	70	0
68	39	0
33	68	0
79	49	0
61	29	0
8	55	0
27	52	0
86	45	0
66	53	0
84	58	0
4	67	0
69	51	0
3	81	0
0	2	0
92	72	0
11	60	0
27	3	0
31	23	0
6	96	0
22	79	0
88	41	0
70	71	0
85	62	0
77	77	0
51	66	0
62	40	0
7	72	0
45	68	0
29	56	0
71	49	0
87	11	0
