82	61	0
31	28	0
65	94	0
17	5	0
91	37	0
79	93	0
44	81	1
74	47	0
2	81	0
3	3	0
14	94	0
92	46	0
69	75	0
35	40	0
71	84	0
98	49	0
51	94	0
61	76	0
35	24	0
83	70	0
87	90	0
79	80	0
2	33	0
77	18	1
69	69	0
77	35	0
66	89	0
53	71	0
64	77	0
95	50	0
94	23	0
94	74	0
37	4	0
43	96	1
72	32	0
31	16	0
94	77	0
83	78	0
95	18	0
97	13	0
22	38	0
59	78	0
7	88	0
92	8	0
63	95	0
19	27	0
82	84	0
89	27	0
56	96	0
85	5	1
11	15	0
96	12	0
73	41	0
43	85	1
69	20	0
52	47	0
73	31	0
7	97	0
50	81	1
89	63	0
65	93	0
11	65	0
46	88	0
92	58	0
40	37	0
28	6	0
70	64	0
8	86	0
97	35	0
46	67	0
91	53	0
97	9	0
74	99	0
70	83	0
3	27	0
67	83	0
90	64	0
84	41	0
19	98	0
55	43	0
88	48	0
90	40	0
92	34	0
17	59	0
4	12	0
97	63	0
56	98	0
43	74	0
58	94	0
69	37	0
65	68	0
81	73	0
87	72	0
20	21	0
13	8	0
85	57	0
89	0	0
26	89	1
11	48	0
73	77	0
62	78	0
59	80	0
48	8	0
49	90	0
67	86	0
76	57	0
13	90	0
94	82	0
3	82	0
16	53	0
83	89	0
84	73	0
49	68	0
68	42	0
78	36	0
48	70	0
21	47	0
44	77	1
40	22	0
94	83	0
33	99	1
76	8	0
78	36	0
74	90	0
61	81	0
66	66	0
17	22	0
14	76	0
61	92	0
74	66	0
43	96	1
52	93	0
34	90	0
32	36	0
73	64	0
57	50	0
67	72	0
69	31	0
1	94	0
69	57	1
95	40	0
63	35	0
46	23	0
83	18	0
62	69	0
74	99	0
89	73	0
93	19	0
97	34	0
99	70	0
67	74	0
59	90	0
68	16	1
15	74	0
89	10	0
8	46	0
32	87	1
83	79	0
80	76	0
99	53	0
86	53	0
47	79	1
92	63	0
53	10	0
48	23	0
77	56	0
28	76	0
60	80	0
78	75	0
82	6	1
94	49	0
94	32	0
71	54	0
63	92	0
54	10	0
2	91	0
6	89	0
96	59	0
68	59	0
82	16	1
93	69	0
21	21	0
27	97	1
43	96	1
83	1	0
76	4	0
95	25	0
86	31	0
75	30	0
12	11	0
27	76	0
50	90	0
82	43	0
73	95	0
97	76	0
70	35	0
68	82	0
9	2	0
37	10	0
40	25	0
71	31	0
78	16	1
2	54	0
36	21	0
94	81	0
95	65	0
81	23	1
97	12	0
65	2	0
38	4	0
99	92	0
27	87	0
7	97	0
42	39	0
76	39	0
72	69	0
59	70	0
82	85	0
68	35	0
74	78	0
90	30	0
87	67	0
65	42	0
98	77	0
63	19	0
98	6	0
30	48	0
71	87	0
97	40	0
93	44	0
71	98	0
91	39	0
65	16	1
43	53	0
61	93	0
68	82	0
20	78	0
82	82	0
3	96	0
97	2	0
88	15	1
51	80	1
14	96	0
86	40	0
91	70	0
27	0	0
46	97	0
49	62	0
7	16	0
87	39	0
93	8	0
66	92	0
16	21	0
77	31	0
68	79	0
8	26	0
48	86	1
76	43	0
85	3	0
89	68	0
16	80	1
66	16	0
92	96	0
36	92	1
62	62	1
8	36	0
60	91	0
64	58	0
94	43	0
65	42	0
66	53	1
1	54	0
92	72	0
90	69	0
5	90	0
78	88	0
39	25	0
68	60	0
66	98	0
56	89	0
98	51	0
63	9	0
70	39	0
31	98	1
82	27	0
96	55	0
75	33	0
87	67	0
43	99	1
52	96	0
23	91	1
87	96	0
73	87	0
14	2	0
2	90	0
81	90	0
61	97	0
66	24	0
86	57	0
94	2	0
90	8	1
91	80	0
64	80	0
92	18	0
86	11	1
65	84	0
42	99	1
93	14	0
96	5	0
78	32	0
5	45	0
11	91	0
22	99	1
86	89	0
85	92	0
79	86	0
87	64	0
79	80	0
10	92	0
23	20	0
2	4	0
34	39	0
87	14	1
80	33	0
64	64	0
62	3	0
87	83	0
81	84	0
84	49	0
72	63	0
32	11	0
98	41	0
71	92	0
54	33	0
25	95	1
73	86	0
96	63	0
22	61	0
44	67	0
60	77	0
49	91	0
2	44	0
81	73	0
96	45	0
96	71	0
37	84	1
60	89	0
86	23	0
84	11	0
13	78	1
33	82	1
94	68	0
67	72	0
2	97	0
11	75	1
77	88	0
20	21	0
3	79	0
62	75	0
64	69	0
83	86	0
3	86	0
82	56	0
17	1	0
50	86	0
8	89	0
4	17	0
93	59	0
87	7	1
74	21	0
17	18	0
15	39	0
70	38	0
65	77	0
95	72	0
81	47	0
77	80	0
72	85	0
1	62	0
81	65	0
65	28	0
99	46	0
84	87	0
84	77	0
49	74	0
95	74	0
99	8	0
49	70	0
1	98	0
74	37	0
62	22	1
83	22	1
31	30	0
57	83	0
55	49	1
37	69	0
63	90	0
87	52	0
90	39	0
74	64	0
95	88	0
85	51	0
90	97	0
79	74	0
74	37	0
43	87	0
90	76	0
84	75	0
99	31	0
43	71	0
80	22	1
54	36	0
86	89	0
91	57	0
29	85	0
80	33	0
68	36	0
95	41	0
83	14	1
91	83	0
84	16	1
72	42	0
7	85	0
11	97	0
45	31	0
23	66	0
48	86	1
63	1	0
4	93	0
74	46	0
13	12	0
18	63	0
62	66	0
74	69	0
77	60	0
77	47	0
73	69	0
89	47	0
11	43	0
93	88	0
69	58	1
49	94	0
86	24	0
43	99	0
18	90	0
92	57	0
60	29	0
22	18	0
31	32	0
80	51	0
97	28	0
20	2	0
42	1	0
52	68	0
99	82	0
21	7	0
43	80	1
56	20	0
87	77	0
69	63	0
65	87	0
12	46	0
97	47	0
90	63	0
3	84	0
1	90	0
54	31	0
96	26	0
11	25	0
90	40	0
76	11	0
37	30	0
18	97	0
59	90	0
21	31	0
75	38	0
63	83	0
22	94	1
69	32	0
5	1	0
84	53	0
87	32	0
84	31	0
67	20	0
56	96	0
40	95	1
81	32	0
57	97	0
69	68	0
76	51	0
52	93	0
92	46	0
98	97	0
90	90	0
44	84	1
87	5	1
81	76	0
73	21	0
94	50	0
92	95	0
85	17	1
87	99	0
88	21	0
81	68	0
9	96	0
83	96	0
72	81	0
8	22	0
18	95	0
89	26	0
19	96	0
50	82	0
80	38	0
76	57	0
24	96	1
78	49	0
95	57	0
82	38	0
87	25	0
2	88	0
17	8	0
57	79	0
24	64	0
32	12	0
3	83	0
90	42	0
88	85	0
86	46	0
89	79	0
73	52	0
88	15	1
99	37	0
