86	67	0
44	20	0
38	28	0
47	95	0
9	8	0
97	36	0
98	87	0
39	10	0
62	82	0
45	18	0
97	43	0
5	78	0
17	7	0
17	65	0
98	18	0
83	80	0
58	29	0
23	50	0
95	67	0
95	10	0
44	93	0
62	69	0
80	85	0
52	1	0
43	81	0
57	7	0
85	78	0
64	87	0
82	76	0
4	25	0
55	26	0
39	18	0
85	32	0
39	56	0
90	58	0
8	91	0
42	97	0
94	23	0
76	89	0
49	0	0
23	60	0
91	59	0
92	71	0
52	69	0
92	54	0
3	81	0
23	36	1
66	1	0
91	63	0
17	70	0
64	3	0
8	78	0
50	92	0
35	75	0
94	65	0
48	33	0
27	29	0
87	78	0
98	94	0
97	17	0
11	93	0
93	18	0
40	0	0
72	78	0
46	11	0
7	91	0
84	11	0
46	80	0
72	98	0
52	69	0
6	33	0
70	88	0
29	36	0
15	62	0
90	35	0
16	37	0
27	86	0
50	97	0
64	25	0
30	94	0
60	95	0
2	23	0
98	13	0
92	25	0
39	58	0
76	36	0
19	36	0
80	50	0
25	31	1
43	11	0
37	5	0
66	40	0
15	99	0
62	14	0
55	89	0
38	7	0
46	27	0
85	45	0
35	69	0
74	42	0
9	59	0
77	83	0
2	73	0
25	94	0
97	53	0
61	7	0
45	70	0
26	59	0
60	3	0
67	51	0
2	59	0
35	0	0
22	47	0
41	33	0
73	94	0
55	46	0
24	97	0
86	4	0
54	76	0
82	83	0
99	6	0
64	75	0
46	74	0
32	10	0
58	93	0
91	79	0
75	63	0
26	99	0
67	35	0
34	20	0
15	44	0
76	13	0
14	67	0
92	66	0
99	29	0
87	35	0
34	54	0
57	18	0
84	71	0
17	17	0
32	10	0
79	63	0
39	34	0
68	79	0
72	91	0
52	26	0
44	29	0
56	42	0
17	40	0
30	56	0
17	61	0
76	81	0
42	52	0
41	95	0
78	46	0
83	71	0
55	84	0
27	34	1
96	68	0
12	29	0
48	45	0
21	12	0
29	86	0
39	76	0
85	32	0
38	37	0
72	14	0
39	81	0
58	27	0
45	44	0
82	81	0
28	61	0
57	72	0
34	86	0
38	47	0
38	16	0
51	11	0
26	71	0
26	83	0
78	82	0
94	68	0
30	88	0
28	35	1
94	69	0
27	49	0
26	84	0
52	73	0
39	55	0
26	11	0
14	29	0
72	94	0
87	86	0
61	77	0
67	33	0
2	60	0
57	8	0
77	27	0
64	24	0
71	31	0
14	65	0
2	55	0
55	52	0
74	25	0
38	64	0
93	35	0
33	98	0
25	64	0
39	20	0
78	79	0
36	58	0
32	7	0
15	89	0
60	11	0
94	93	0
70	93	0
95	7	0
5	80	0
23	63	0
90	36	0
56	72	0
45	39	0
55	61	0
48	70	0
51	63	0
14	72	0
29	57	0
71	2	0
4	66	0
61	86	0
91	42	0
42	91	0
77	59	0
61	28	0
44	71	0
18	85	0
38	96	0
53	39	0
75	34	0
26	33	1
87	62	0
78	41	0
73	67	0
1	53	0
51	18	0
10	88	0
60	63	0
56	41	0
64	36	0
52	25	0
5	59	0
82	23	0
47	9	0
70	64	0
49	75	0
73	36	0
99	33	0
94	0	0
1	57	0
97	74	0
20	95	0
93	74	0
39	93	0
55	36	0
57	10	0
20	92	0
71	30	0
41	68	0
41	79	0
48	11	0
27	96	0
81	85	0
70	88	0
76	40	0
90	75	0
20	93	0
46	59	0
63	0	0
69	32	0
33	12	0
38	1	0
55	7	0
58	58	0
76	45	0
42	45	0
36	51	0
37	73	0
69	87	0
82	68	0
60	78	0
85	1	0
83	41	0
67	3	0
21	43	0
27	28	0
77	42	0
63	38	0
71	67	0
11	35	0
39	65	0
63	24	0
27	86	0
22	88	0
27	73	0
96	67	0
44	20	0
34	3	0
25	53	0
89	66	0
59	12	0
76	91	0
9	4	0
57	99	0
2	69	0
37	88	0
42	33	0
2	59	0
83	19	0
24	36	1
74	2	0
49	15	0
86	10	0
38	47	0
24	47	0
78	27	0
84	55	0
12	23	0
26	37	1
4	61	0
35	99	0
2	90	0
47	90	0
58	73	0
51	40	0
65	17	0
39	88	0
45	70	0
88	91	0
24	26	0
16	55	0
24	43	0
60	64	0
70	85	0
31	20	0
79	23	0
37	4	0
54	3	0
60	19	0
37	48	0
79	72	0
90	13	0
23	40	0
48	17	0
52	47	0
44	34	0
32	56	0
81	75	0
82	52	0
14	53	0
56	35	0
97	10	0
63	6	0
52	28	0
51	36	0
29	29	0
0	70	0
66	77	0
28	77	0
26	92	0
22	97	0
54	14	0
45	33	0
98	41	0
84	50	0
1	80	0
84	72	0
71	76	0
77	30	0
73	84	0
83	5	0
86	59	0
74	56	0
41	22	0
58	47	0
27	48	0
82	81	0
67	15	0
94	4	0
28	44	0
34	90	0
72	71	0
83	20	0
9	65	0
96	28	0
40	97	0
84	18	0
68	48	0
38	54	0
56	40	0
22	42	0
31	44	0
62	85	0
82	33	0
36	16	0
71	70	0
22	66	0
11	98	0
94	88	0
34	38	0
4	84	0
59	38	0
90	19	0
84	43	0
6	67	0
64	34	0
45	30	0
45	41	0
8	98	0
76	21	0
52	6	0
85	48	0
51	42	0
26	74	0
14	3	0
57	60	0
60	91	0
1	51	0
45	71	0
37	79	0
52	27	0
18	94	0
5	47	0
22	45	0
61	14	0
89	30	0
92	16	0
75	89	0
22	56	0
33	26	0
41	25	0
78	3	0
70	62	0
72	94	0
16	43	0
58	91	0
98	64	0
39	80	0
70	9	0
66	52	0
68	23	0
76	10	0
45	24	0
44	14	0
98	0	0
85	35	0
5	74	0
82	9	0
90	99	0
18	94	0
97	70	0
49	56	0
16	30	0
93	96	0
60	47	0
5	96	0
71	31	0
71	39	0
68	58	0
81	64	0
25	77	0
82	69	0
34	89	0
95	80	0
34	95	0
98	79	0
27	34	1
40	29	0
53	69	0
64	95	0
44	65	0
70	99	0
67	51	0
33	59	0
31	65	0
80	15	0
11	83	0
92	50	0
21	88	0
54	72	0
44	82	0
84	43	0
37	52	0
19	34	1
49	22	0
85	52	0
66	16	0
89	92	0
56	89	0
41	54	0
55	0	0
38	41	0
48	92	0
35	20	0
50	59	0
75	76	0
34	21	0
96	94	0
45	17	0
19	7	0
56	27	0
23	77	0
40	11	0
19	58	0
91	95	0
60	87	0
59	56	0
65	10	0
42	69	0
51	52	0
99	53	0
88	2	0
4	68	0
76	3	0
59	73	0
70	31	0
45	14	0
36	65	0
81	77	0
36	69	0
43	79	0
83	31	0
23	50	0
68	28	0
42	67	0
67	87	0
32	95	0
82	10	0
96	25	0
66	12	0
30	82	0
19	97	0
18	82	0
68	41	0
75	68	0
71	81	0
12	45	0
77	39	0
70	69	0
79	78	0
58	68	0
14	71	0
14	65	0
49	26	0
38	20	0
3	36	0
43	56	0
32	45	0
84	30	0
80	36	0
75	4	0
76	45	0
53	67	0
20	63	0
53	22	0
90	88	0
52	92	0
74	62	0
28	52	0
45	81	0
68	46	0
35	52	0
80	27	0
22	48	0
37	23	0
88	52	0
93	95	0
55	54	0
4	65	0
48	7	0
58	60	0
25	87	0
40	32	0
84	91	0
99	73	0
17	83	0
66	51	0
5	71	0
81	56	0
34	57	0
49	56	0
37	80	0
59	73	0
4	52	0
81	70	0
67	59	0
83	45	0
17	66	0
62	87	0
54	24	0
96	27	0
50	31	0
97	12	0
12	87	0
32	35	0
36	65	0
84	57	0
27	57	0
79	66	0
15	98	0
21	84	0
99	90	0
51	29	0
8	74	0
83	97	0
40	64	0
87	64	0
18	91	0
94	26	0
27	5	0
35	79	0
35	74	0
35	14	0
15	40	0
3	22	0
85	66	0
96	12	0
60	12	0
81	28	0
96	33	0
32	12	0
32	53	0
97	37	0
9	57	0
52	96	0
5	51	0
23	83	0
69	50	0
54	94	0
75	57	0
67	84	0
40	36	0
75	63	0
39	59	0
81	57	0
13	70	0
51	28	0
30	79	0
83	39	0
69	31	0
81	74	0
96	98	0
85	78	0
53	68	0
68	39	0
47	71	0
40	22	0
30	8	0
30	77	0
7	38	0
60	2	0
62	87	0
72	85	0
80	4	0
13	43	0
54	77	0
18	97	0
61	2	0
61	41	0
57	25	0
39	25	0
19	34	1
50	15	0
79	3	0
43	95	0
66	27	0
32	94	0
92	15	0
28	54	0
48	63	0
70	29	0
86	82	0
61	71	0
39	67	0
48	95	0
75	72	0
84	43	0
16	73	0
81	84	0
86	98	0
25	30	1
15	54	0
94	43	0
27	74	0
99	92	0
58	96	0
39	5	0
70	64	0
87	62	0
65	84	0
76	55	0
93	72	0
72	36	0
15	51	0
1	66	0
65	77	0
74	38	0
49	55	0
48	2	0
34	16	0
93	78	0
14	54	0
26	52	0
59	36	0
38	14	0
53	30	0
20	85	0
22	35	1
0	58	0
14	82	0
76	51	0
79	21	0
89	36	0
80	2	0
52	85	0
10	48	0
52	28	0
61	52	0
47	85	0
90	12	0
25	34	1
65	55	0
47	89	0
17	91	0
37	64	0
34	87	0
36	24	0
75	78	0
48	35	0
43	81	0
60	37	0
11	38	0
64	62	0
65	17	0
22	84	0
86	41	0
30	38	0
29	49	0
24	19	0
0	64	0
81	65	0
77	67	0
39	53	0
85	57	0
81	72	0
74	36	0
66	19	0
80	77	0
77	19	0
9	59	0
82	83	0
26	25	0
64	31	0
15	63	0
2	87	0
32	95	0
36	57	0
98	30	0
6	50	0
58	89	0
6	91	0
90	61	0
59	54	0
85	28	0
14	6	0
44	33	0
70	3	0
11	82	0
47	56	0
93	63	0
78	38	0
10	5	0
14	45	0
68	15	0
9	74	0
81	2	0
50	72	0
39	27	0
85	93	0
14	18	0
29	96	0
94	58	0
31	14	0
88	95	0
50	55	0
66	60	0
43	37	0
98	25	0
91	91	0
1	64	0
7	69	0
8	51	0
19	81	0
13	98	0
73	26	0
39	53	0
10	88	0
45	18	0
73	12	0
38	60	0
64	58	0
50	25	0
33	71	0
31	30	0
89	24	0
2	42	0
79	65	0
88	8	0
56	47	0
28	17	0
48	5	0
15	95	0
56	67	0
41	62	0
36	13	0
11	95	0
3	92	0
66	51	0
97	35	0
32	25	0
24	64	0
88	93	0
49	30	0
64	74	0
64	89	0
9	82	0
75	30	0
53	57	0
14	39	0
90	75	0
55	62	0
97	17	0
78	14	0
87	24	0
64	92	0
45	61	0
42	56	0
67	14	0
44	6	0
63	96	0
67	65	0
18	53	0
70	38	0
54	92	0
86	32	0
90	57	0
34	75	0
49	56	0
21	29	0
88	25	0
30	53	0
83	6	0
98	97	0
73	59	0
60	81	0
70	33	0
69	81	0
9	95	0
36	8	0
11	85	0
18	61	0
60	70	0
71	87	0
69	10	0
98	98	0
91	9	0
93	84	0
60	7	0
83	31	0
79	51	0
51	45	0
25	87	0
61	96	0
64	79	0
28	49	0
8	31	0
22	89	0
12	63	0
47	6	0
41	46	0
19	68	0
39	41	0
6	40	0
98	54	0
45	24	0
14	57	0
30	82	0
68	76	0
96	62	0
7	66	0
63	47	0
26	62	0
75	42	0
54	38	0
3	47	0
23	50	0
83	51	0
71	56	0
89	54	0
1	70	0
58	54	0
4	87	0
6	18	0
92	71	0
13	61	0
39	7	0
39	22	0
15	99	0
18	83	0
85	38	0
68	67	0
74	60	0
72	84	0
39	62	0
57	44	0
7	69	0
43	67	0
33	46	0
66	56	0
76	21	0
