98	66	0
24	10	0
60	97	0
8	2	0
97	47	0
99	97	0
39	70	0
61	22	1
75	53	0
3	88	0
0	8	0
19	95	0
99	37	0
63	76	0
36	34	0
89	74	0
95	28	0
56	98	0
40	76	0
84	66	0
49	15	0
25	81	0
59	30	1
86	69	0
79	77	0
83	81	0
6	25	0
48	37	0
89	21	0
84	70	0
8	74	0
30	93	0
83	14	0
66	91	0
34	7	1
49	71	0
77	69	0
95	64	0
57	60	0
95	34	0
11	71	0
71	0	1
93	66	0
19	75	0
50	1	0
10	74	0
36	95	0
22	60	1
91	52	0
47	37	0
31	15	0
93	87	0
86	94	0
90	15	0
28	83	0
99	15	0
17	13	0
74	90	0
1	88	0
89	4	0
27	62	0
62	86	0
45	58	1
9	29	0
72	76	0
86	34	0
25	92	0
47	97	0
69	31	0
34	91	0
47	92	0
18	17	0
99	16	0
78	22	0
49	77	0
89	31	0
74	59	0
55	14	1
63	36	0
1	99	0
73	7	0
50	79	0
59	29	1
85	4	0
92	61	0
0	61	0
69	92	0
1	76	0
34	93	0
98	62	0
79	28	0
34	70	1
73	7	0
56	49	0
10	67	0
34	0	0
66	72	0
58	29	0
4	98	0
92	31	0
43	75	0
77	64	0
91	3	0
63	83	0
64	80	0
2	26	0
64	83	0
90	84	0
79	49	0
22	90	0
69	36	0
76	0	0
95	57	0
90	34	0
97	45	0
24	48	0
52	66	0
9	22	0
49	32	0
88	66	0
51	75	0
63	71	0
59	20	1
43	35	0
63	69	0
49	58	0
43	96	0
73	41	0
62	68	0
57	75	0
91	54	0
25	15	0
48	38	0
23	17	0
19	79	0
29	52	1
74	43	0
51	40	1
90	10	0
26	87	0
24	38	0
68	77	0
23	70	1
63	61	0
44	76	0
42	4	0
45	13	1
41	91	0
26	68	1
73	78	0
97	59	0
22	92	0
88	69	0
30	56	1
16	75	0
51	73	0
15	37	0
73	81	0
93	80	0
40	75	0
79	48	0
53	56	0
55	23	1
65	16	0
45	55	1
54	15	1
29	67	1
91	33	0
29	97	0
28	62	1
70	84	0
29	26	0
39	76	0
53	15	0
94	99	0
30	79	0
98	13	0
23	77	0
97	32	0
58	99	0
77	78	0
65	62	0
28	47	0
8	61	0
60	0	0
67	96	0
99	52	0
44	87	0
62	76	0
82	18	0
59	81	0
37	77	0
37	86	0
21	18	0
61	24	0
83	50	0
56	40	0
71	67	0
67	28	0
18	95	0
51	61	0
86	38	0
74	43	0
52	7	0
92	26	0
77	79	0
70	93	0
77	60	0
93	29	0
96	19	0
0	34	1
85	80	0
34	93	0
70	83	0
45	96	0
33	41	1
93	32	0
18	98	0
86	22	0
22	46	0
29	84	0
53	12	1
29	99	0
76	89	0
80	79	0
94	60	0
95	55	0
24	91	0
52	81	0
77	14	0
82	54	0
48	4	0
33	33	0
41	56	1
76	38	0
23	57	0
37	49	0
22	69	0
74	94	0
94	55	0
58	72	0
94	2	0
90	42	0
64	9	1
99	46	0
67	55	0
71	81	0
4	38	1
44	67	0
71	23	0
8	83	0
32	61	0
11	88	0
87	60	0
80	67	0
87	8	0
97	83	0
28	1	0
33	93	0
25	69	1
58	94	0
42	32	0
80	17	0
99	10	0
94	21	0
48	50	1
75	23	0
75	60	0
6	7	0
30	98	0
21	73	0
55	95	0
34	71	0
84	46	0
67	11	1
55	88	0
60	61	0
97	87	0
63	39	0
69	90	0
84	16	0
15	14	0
43	1	0
47	22	1
32	23	0
95	48	0
78	12	0
19	43	0
19	28	0
41	52	1
52	35	0
94	77	0
98	61	0
71	31	0
93	7	0
67	8	0
75	16	0
46	39	1
38	17	0
10	71	0
84	94	0
47	91	0
2	96	0
28	47	0
51	37	0
74	40	0
63	51	0
77	74	0
79	76	0
69	28	0
67	84	0
69	5	0
93	48	0
72	49	0
59	53	0
94	72	0
76	18	0
97	15	0
19	43	0
71	98	0
59	71	0
83	23	0
15	75	0
98	42	0
57	99	0
96	32	0
66	23	0
35	59	0
57	47	0
35	70	1
63	81	0
75	33	0
82	74	0
19	88	0
96	91	0
2	77	0
93	0	0
87	24	0
49	72	0
44	54	0
65	45	0
16	90	0
73	36	0
96	57	0
46	31	0
34	91	0
34	9	0
39	42	1
56	89	0
37	88	0
40	80	0
15	73	0
14	22	0
70	0	0
76	33	0
96	12	0
83	97	0
29	62	1
28	26	0
69	11	0
60	38	0
67	98	0
1	22	0
45	89	0
89	42	0
22	83	0
80	1	0
45	58	1
61	25	0
87	20	0
90	46	0
18	88	0
73	16	0
80	99	0
34	94	0
87	63	0
11	31	0
66	99	0
68	43	0
10	80	0
65	23	0
84	47	0
80	47	0
73	60	0
20	49	0
94	55	0
20	91	0
92	57	0
19	95	0
83	81	0
39	18	0
75	73	0
60	96	0
64	95	0
79	52	0
46	52	1
28	61	1
84	12	0
0	77	0
71	52	0
23	98	0
42	51	1
53	66	0
82	33	0
23	60	0
51	40	1
88	56	0
72	23	0
78	83	0
46	95	0
39	50	1
63	99	0
34	93	0
93	87	0
89	77	0
75	10	0
23	0	0
49	36	0
33	62	0
6	79	0
80	84	0
67	82	0
66	53	0
66	19	0
40	67	0
36	74	0
76	57	0
95	1	0
18	74	0
81	7	0
58	56	0
38	39	0
86	89	0
27	75	0
56	92	0
72	21	0
78	13	0
46	59	1
60	88	0
24	95	0
89	17	0
85	14	0
77	21	0
13	67	0
11	94	0
14	85	0
49	33	1
64	84	0
74	95	0
1	33	1
61	53	0
82	90	0
73	58	0
68	64	0
12	88	0
8	78	0
39	29	0
8	20	0
37	38	0
23	50	0
96	35	0
77	48	0
63	9	1
66	45	0
55	52	0
44	27	0
94	77	0
57	78	0
79	48	0
29	54	1
39	92	0
75	56	0
25	6	0
93	45	0
62	95	0
35	32	0
55	58	1
30	95	0
65	99	0
87	66	0
27	84	0
62	39	0
8	80	0
58	55	1
39	71	0
71	57	0
61	72	0
57	87	0
12	49	0
59	58	0
83	44	0
83	60	0
37	74	0
67	88	0
45	31	0
97	20	0
51	45	0
86	8	0
10	77	0
55	92	0
87	73	0
77	70	0
12	93	0
8	72	0
79	90	0
33	29	0
5	89	0
69	98	0
54	67	0
90	70	0
21	91	0
76	47	0
17	4	0
49	98	0
18	91	0
11	12	0
86	55	0
89	21	0
79	27	0
71	17	0
15	16	0
17	54	0
76	28	0
4	73	0
65	69	0
10	43	1
24	78	0
70	45	0
71	98	0
71	37	0
67	89	0
77	52	0
70	83	0
7	79	0
43	47	0
32	77	0
64	56	0
57	49	0
89	43	0
97	98	0
82	86	0
48	61	0
77	55	0
63	63	0
72	4	0
69	81	0
87	74	0
90	9	0
57	79	0
7	99	0
47	45	1
67	37	0
66	31	0
78	23	0
20	79	0
75	20	0
33	62	1
88	20	0
34	60	0
46	34	0
58	92	0
66	74	0
49	82	0
71	86	0
83	63	0
78	43	0
98	63	0
73	97	0
95	46	0
32	64	0
94	90	0
38	74	0
77	78	0
88	44	0
45	93	0
87	73	0
88	51	0
82	26	0
48	43	1
5	68	0
50	75	0
74	21	0
61	36	0
79	83	0
63	47	0
11	86	0
17	88	0
68	42	0
83	23	0
92	46	0
98	4	0
87	91	0
60	38	0
29	72	0
97	22	0
60	48	0
22	78	0
15	97	0
25	70	0
8	85	0
59	54	0
40	26	0
36	76	0
51	48	1
63	76	0
70	12	0
21	87	0
88	49	0
15	20	0
18	74	0
76	69	0
66	47	0
40	55	1
90	51	0
87	51	0
77	58	0
57	65	0
80	53	0
5	28	0
97	82	0
62	50	0
42	84	0
5	77	0
25	88	0
27	58	0
89	22	0
55	95	0
9	94	0
98	61	0
78	19	0
20	13	0
30	29	0
73	10	0
18	72	0
82	57	0
93	38	0
12	4	0
0	40	1
69	13	0
42	84	0
99	83	0
5	10	0
50	87	0
83	33	0
98	79	0
52	62	0
63	75	0
20	37	0
92	39	0
94	67	0
16	74	0
21	80	0
28	71	1
23	91	0
76	14	0
29	60	1
7	88	0
37	32	0
46	58	1
67	45	0
33	69	1
93	23	0
5	32	0
85	41	0
74	15	0
45	50	1
36	26	0
42	9	1
23	90	0
48	83	0
14	69	0
22	26	0
16	78	0
18	85	0
62	60	0
88	43	0
41	56	1
78	92	0
48	28	0
61	72	0
42	69	0
15	91	0
86	34	0
46	52	1
8	16	0
88	58	0
64	51	0
91	26	0
82	31	0
76	33	0
55	93	0
42	32	0
59	42	0
61	31	1
42	8	0
34	98	0
49	64	0
94	39	0
59	97	0
78	52	0
79	46	0
40	90	0
36	82	0
94	26	0
51	55	1
70	6	0
95	97	0
76	81	0
53	90	0
75	21	0
83	73	0
25	77	0
65	22	0
18	95	0
41	59	1
89	61	0
92	90	0
81	8	0
94	94	0
59	10	1
75	23	0
77	53	0
62	22	0
5	84	0
67	98	0
60	80	0
5	28	0
6	93	0
15	70	0
48	42	0
81	35	0
2	60	1
24	91	0
66	98	0
95	44	0
1	73	0
69	45	0
32	91	0
83	43	0
72	47	0
27	60	1
81	41	0
79	42	0
55	74	0
51	47	1
1	83	0
5	2	0
81	72	0
17	58	0
16	8	0
0	95	0
33	75	0
93	43	0
72	85	0
89	62	0
99	82	0
50	58	1
63	31	0
0	73	0
56	65	0
80	36	0
88	22	0
