94	62	0
26	0	0
29	30	0
62	98	0
19	3	0
91	42	0
99	92	0
57	14	0
59	76	0
62	27	0
81	52	0
5	89	0
13	8	0
21	87	0
97	25	0
78	77	0
55	41	0
16	60	0
89	53	0
96	14	0
46	97	0
63	67	0
73	79	0
53	4	0
27	76	0
52	17	0
88	74	0
69	91	0
91	79	0
1	37	0
50	11	0
43	22	0
95	28	0
17	58	1
81	65	0
11	88	0
35	95	0
89	18	0
80	84	0
41	9	0
37	67	0
90	69	0
93	72	0
55	64	0
99	50	0
13	84	0
76	4	0
99	62	0
17	71	0
70	11	0
9	74	0
56	84	0
27	72	0
96	68	0
46	37	0
39	30	0
94	86	0
98	91	0
98	5	0
18	99	0
99	13	0
32	3	0
72	89	0
35	2	0
6	95	0
89	15	0
30	80	0
63	94	0
45	59	0
9	30	0
67	83	0
14	54	1
89	28	0
29	88	0
57	99	0
63	30	0
29	94	0
62	96	0
1	14	0
99	9	0
88	18	0
52	72	0
87	35	0
93	59	0
50	17	0
29	11	0
68	52	0
4	95	0
51	1	0
44	66	0
47	9	0
59	30	0
84	33	0
32	65	0
82	46	0
2	61	0
80	92	0
3	91	0
40	94	0
96	53	0
70	12	0
36	70	0
31	60	0
60	4	0
67	54	0
7	66	0
33	1	0
9	49	0
37	49	0
63	81	0
42	38	0
11	91	0
78	29	0
45	82	0
76	65	0
92	8	0
76	93	0
59	69	0
28	22	0
61	92	0
98	76	0
74	59	0
28	95	0
66	32	0
31	18	0
71	8	0
12	58	0
95	76	0
97	25	0
89	48	0
35	51	0
55	0	0
76	63	0
17	25	0
47	27	0
99	58	0
47	31	0
60	80	0
60	80	0
50	25	0
38	39	0
59	35	0
8	52	0
17	44	1
21	60	0
71	88	0
47	59	0
42	95	0
72	39	0
74	65	0
50	65	0
90	65	0
20	20	0
53	54	0
22	13	0
11	77	0
31	63	0
85	40	0
39	47	0
91	1	0
39	84	0
57	27	0
41	42	0
75	78	0
28	71	0
51	66	0
43	90	0
37	52	0
42	13	0
53	17	0
38	92	0
26	66	0
75	82	0
95	64	0
23	97	0
99	73	0
29	51	0
24	73	0
49	72	0
57	55	0
16	22	0
73	87	0
98	78	0
49	64	0
63	29	0
4	44	0
55	9	0
71	51	0
56	18	0
79	21	0
20	50	1
1	48	0
43	54	0
67	31	0
40	68	0
87	23	0
39	96	0
24	61	0
38	19	1
78	83	0
44	53	0
25	10	0
27	78	0
63	7	0
93	87	0
46	92	0
96	3	0
8	68	0
19	68	0
97	34	0
51	87	0
25	51	1
56	75	0
69	64	0
46	62	0
21	75	0
20	53	0
69	2	0
10	56	0
60	80	0
94	48	0
42	86	0
82	63	0
81	22	0
49	72	0
22	77	0
34	99	0
45	29	0
76	32	0
80	43	0
58	42	0
73	69	0
7	44	0
65	25	0
21	98	0
59	64	0
78	44	0
68	28	0
53	6	0
6	46	0
95	22	0
36	21	0
69	73	0
61	90	0
73	45	0
94	34	0
96	11	0
0	35	0
88	73	0
33	96	0
95	78	0
35	99	0
60	32	0
77	34	0
17	89	0
89	22	0
28	59	0
29	73	0
50	11	0
32	94	0
80	88	0
79	82	0
94	53	0
98	62	0
10	90	0
36	74	0
78	6	0
74	48	0
34	18	0
39	2	0
51	25	0
52	52	0
85	50	0
33	55	0
40	49	0
29	79	0
73	87	0
83	57	0
57	76	0
81	8	0
92	41	0
64	11	0
26	42	0
82	43	0
77	51	0
69	70	0
4	39	0
30	65	0
59	22	0
18	91	0
31	80	0
14	79	0
86	78	0
49	14	0
34	1	0
36	53	0
79	71	0
63	5	0
83	95	0
21	0	0
50	90	0
7	67	0
49	90	0
46	34	0
8	47	0
75	33	0
74	10	0
48	15	0
75	14	0
39	63	0
7	51	0
72	18	0
84	59	0
6	7	0
7	64	0
33	95	0
10	85	0
52	97	0
50	67	0
63	42	0
69	5	0
47	80	0
48	72	0
99	87	0
37	24	1
0	56	0
31	45	1
59	46	0
75	77	0
32	32	1
84	27	0
34	2	0
48	0	0
50	18	0
42	33	0
74	60	0
63	15	0
16	53	0
30	11	0
46	58	0
42	37	0
31	41	1
90	74	0
85	58	0
9	49	0
60	34	0
95	11	0
63	12	0
69	23	0
45	42	0
41	36	0
5	72	0
66	83	0
39	75	0
17	98	0
26	76	0
53	13	0
40	38	0
99	37	0
85	42	0
3	61	0
81	63	0
75	83	0
82	27	0
78	86	0
78	1	0
72	71	0
78	60	0
28	33	1
61	51	0
88	73	0
65	9	0
95	18	0
31	48	0
48	94	0
62	74	0
80	16	0
24	70	0
99	25	0
68	97	0
89	17	0
62	27	0
33	59	0
64	38	0
35	54	0
54	87	0
80	37	0
35	18	1
75	86	0
36	53	0
18	95	0
96	97	0
49	31	0
4	93	0
53	50	0
92	10	0
83	38	0
25	65	0
64	55	0
36	22	1
57	51	0
10	97	0
79	25	0
42	7	0
89	51	0
52	47	0
32	90	0
14	8	0
58	61	0
54	98	0
1	47	0
39	80	0
40	83	0
51	27	0
22	83	0
18	28	0
73	0	0
73	14	0
88	4	0
87	92	0
18	69	0
45	22	0
84	0	0
76	58	0
74	92	0
1	25	0
60	96	0
99	65	0
34	80	0
83	5	0
44	60	0
71	19	0
68	9	0
39	18	0
44	15	0
97	9	0
84	38	0
10	91	0
81	12	0
91	91	0
27	95	0
98	74	0
39	47	0
15	27	0
79	97	0
63	46	0
5	84	0
67	37	0
77	38	0
70	39	0
82	69	0
28	67	0
93	65	0
41	92	0
91	72	0
25	97	0
90	87	0
42	36	0
61	66	0
64	99	0
49	63	0
60	94	0
76	53	0
41	47	0
36	57	0
86	0	0
1	86	0
95	58	0
22	85	0
42	67	0
44	83	0
86	42	0
33	52	0
43	23	0
85	56	0
69	12	0
83	97	0
48	94	0
40	56	0
50	14	0
36	43	0
57	98	0
44	17	0
40	66	0
82	77	0
37	11	0
97	91	0
65	4	0
6	6	0
44	34	0
20	69	0
46	3	0
12	72	0
88	81	0
64	83	0
63	41	0
69	0	0
40	62	0
44	63	0
97	56	0
94	2	0
12	75	0
84	3	0
55	71	0
56	26	0
36	10	0
32	63	0
82	85	0
33	67	0
47	81	0
64	34	0
23	52	1
73	34	0
43	56	0
67	95	0
24	98	0
96	16	0
96	19	0
73	13	0
21	65	0
30	96	0
23	89	0
66	42	0
77	81	0
80	94	0
4	37	0
64	38	0
71	82	0
70	60	0
64	81	0
8	86	0
16	78	0
42	20	0
47	15	0
7	36	0
42	44	0
38	43	0
98	31	0
86	40	0
79	10	0
75	43	0
55	55	0
29	44	1
43	25	0
93	80	0
46	93	0
82	56	0
39	70	0
37	90	0
79	56	0
25	51	1
77	23	0
30	15	0
93	50	0
79	93	0
48	47	0
6	48	0
48	12	0
49	53	0
41	83	0
69	91	0
94	60	0
10	79	0
70	49	0
13	63	0
64	48	0
43	70	0
55	52	0
47	74	0
64	74	0
4	63	0
66	65	0
78	50	0
84	55	0
36	69	0
64	86	0
42	11	0
99	21	0
53	48	0
91	4	0
7	86	0
37	81	0
87	66	0
16	48	1
74	72	0
17	91	0
17	80	0
84	85	0
41	23	0
3	71	0
66	99	0
52	61	0
91	69	0
23	98	0
84	40	0
14	0	0
39	72	0
23	81	0
36	16	0
17	55	1
13	18	0
86	66	0
98	19	0
48	12	0
67	39	0
86	12	0
22	6	0
33	64	0
82	31	0
11	63	0
53	80	0
3	47	0
24	74	0
75	59	0
51	99	0
72	52	0
74	80	0
74	58	0
47	54	0
76	75	0
8	79	0
41	41	0
28	81	0
82	48	0
69	29	0
93	52	0
98	98	0
90	89	0
38	71	0
77	45	0
58	56	0
34	22	1
36	20	1
35	63	0
7	43	0
68	5	0
71	76	0
89	81	0
89	5	0
17	49	1
58	80	0
8	94	0
51	9	0
50	28	0
68	24	0
59	23	0
37	20	0
77	10	0
36	90	0
69	19	0
33	95	0
99	21	0
41	63	0
64	35	0
69	99	0
77	69	0
33	77	0
65	98	0
90	64	0
90	43	0
14	64	0
89	82	0
72	92	0
17	59	0
99	47	0
33	73	0
93	87	0
52	92	0
30	15	0
75	74	0
97	50	0
46	84	0
75	73	0
96	57	0
80	40	0
30	55	0
4	59	0
59	81	0
66	26	0
50	42	0
49	10	0
33	23	1
87	79	0
15	51	0
65	27	0
46	10	0
51	23	0
5	87	0
12	55	0
9	78	0
69	44	0
94	23	0
94	24	0
98	0	0
67	94	0
5	57	0
62	22	0
56	50	0
36	84	0
91	26	0
58	53	0
33	85	0
20	94	0
37	65	0
22	97	0
33	8	0
71	71	0
46	18	0
40	74	0
51	44	0
2	42	0
67	65	0
65	19	0
26	89	0
94	54	0
25	45	1
19	30	0
15	69	0
81	60	0
65	56	0
45	41	0
95	62	0
96	66	0
65	46	0
58	12	0
72	63	0
83	38	0
8	40	0
89	79	0
52	36	0
20	74	0
1	84	0
27	99	0
25	59	0
94	25	0
0	54	0
57	90	0
5	86	0
86	65	0
51	31	0
87	28	0
19	20	0
30	33	0
71	13	0
28	72	0
46	56	0
99	59	0
87	37	0
6	0	0
2	46	0
54	18	0
4	44	0
76	7	0
48	72	0
26	30	1
89	88	0
0	10	0
42	99	0
93	41	0
37	3	0
92	88	0
56	61	0
70	64	0
40	41	0
92	34	0
93	77	0
9	65	0
8	77	0
7	42	0
23	68	0
13	87	0
65	16	0
31	56	0
10	93	0
36	14	0
59	10	0
35	64	0
65	44	0
43	7	0
40	78	0
96	21	0
6	26	0
74	43	0
89	24	0
47	45	0
26	26	0
45	4	0
18	90	0
48	68	0
31	58	0
29	16	0
21	97	0
22	76	0
61	45	0
93	48	0
32	76	0
83	93	0
52	28	0
66	68	0
59	92	0
3	87	0
83	41	0
51	53	0
11	22	0
96	69	0
54	54	0
98	22	0
72	14	0
83	29	0
60	98	0
47	46	0
44	37	0
68	27	0
44	2	0
51	91	0
50	74	0
18	47	1
80	30	0
56	91	0
92	44	0
88	56	0
38	77	0
31	66	0
83	29	0
50	40	0
73	8	0
94	93	0
79	77	0
52	70	0
74	46	0
77	92	0
16	79	0
53	15	0
18	98	0
9	57	0
44	58	0
74	83	0
61	17	0
99	93	0
88	15	0
99	97	0
65	8	0
74	25	0
66	61	0
56	31	0
22	87	0
48	87	0
76	80	0
9	36	0
18	78	0
5	77	0
36	10	0
40	47	0
19	52	0
2	45	0
85	44	0
46	20	0
13	65	0
26	84	0
66	98	0
96	44	0
1	71	0
68	45	0
32	75	0
81	53	0
76	30	0
5	51	0
26	56	0
85	40	0
71	55	0
83	51	0
10	66	0
61	52	0
0	86	0
2	5	0
87	66	0
16	67	0
22	8	0
37	24	1
3	96	0
19	81	0
92	42	0
74	78	0
83	60	0
90	81	0
51	66	0
62	43	0
0	66	0
49	63	0
32	63	0
61	48	0
91	22	0
