92	66	0
22	14	0
59	93	0
3	0	0
96	43	0
97	99	0
41	66	0
70	54	0
0	90	0
3	10	0
13	92	0
92	38	0
56	79	0
33	35	0
88	82	0
92	28	0
48	98	0
38	75	0
79	69	0
51	16	0
28	81	0
84	69	0
85	74	0
84	89	0
6	29	0
45	37	1
88	19	0
83	66	0
7	73	0
29	92	0
83	13	0
67	91	0
48	72	0
81	74	0
93	61	0
54	56	1
96	34	0
8	77	0
87	71	0
17	67	0
50	7	0
9	76	0
35	89	0
86	53	0
44	37	0
33	19	0
93	85	0
90	93	0
93	20	0
27	77	0
99	8	0
20	15	0
67	87	0
2	83	0
88	2	0
29	64	1
64	89	0
43	61	1
4	25	0
69	81	0
84	34	0
22	90	0
50	94	0
76	31	0
35	90	0
44	91	0
18	15	0
99	17	0
81	27	0
53	76	0
88	33	0
67	58	0
66	37	0
4	96	0
75	0	1
50	82	0
84	2	0
93	63	0
3	60	0
71	91	0
4	76	0
39	89	0
98	58	0
79	29	0
48	66	1
69	10	0
59	47	0
12	65	0
34	6	0
71	72	0
62	26	1
1	97	0
92	33	0
46	74	0
81	70	0
84	3	0
71	88	0
68	80	0
0	28	0
59	77	0
96	82	0
74	50	0
20	92	0
67	38	0
71	1	0
92	58	0
92	31	0
99	44	0
21	48	0
52	65	0
8	27	0
46	29	1
87	65	0
57	74	0
62	66	0
46	38	0
57	66	0
52	60	1
44	96	0
81	38	0
57	68	0
54	75	0
93	56	0
28	14	0
50	42	0
22	17	0
20	70	0
29	56	1
77	48	0
52	45	1
91	7	0
27	92	0
24	38	0
71	74	0
21	68	1
58	67	0
51	77	0
43	12	0
46	91	0
22	69	1
72	75	0
92	53	0
24	90	0
85	76	0
26	54	1
16	73	0
54	67	0
11	38	0
73	79	0
96	74	0
42	73	0
76	44	0
55	62	1
61	9	1
33	58	1
93	34	0
26	92	0
65	79	0
30	29	0
45	76	0
49	22	0
93	92	0
31	81	0
93	12	0
29	76	0
94	35	0
59	95	0
73	75	0
66	62	0
24	44	0
7	59	0
64	5	0
67	96	0
96	59	0
48	90	0
63	81	0
77	14	0
60	76	0
38	77	0
46	92	0
22	17	0
55	21	1
85	54	0
63	43	0
68	65	0
73	32	0
17	99	0
57	63	0
82	41	0
75	36	0
52	16	0
90	28	0
73	76	0
74	98	0
77	62	0
94	27	0
99	15	0
83	79	0
30	89	0
68	82	0
49	95	0
34	41	1
86	35	0
17	97	0
90	20	0
23	49	0
21	85	0
30	99	0
76	86	0
82	73	0
92	59	0
95	56	0
23	91	0
54	80	0
70	11	0
81	51	0
47	4	0
42	35	0
78	37	0
24	62	0
35	53	0
21	73	0
72	93	0
87	57	0
57	70	0
95	1	0
89	42	0
92	45	0
68	56	0
70	83	0
46	65	0
66	18	0
9	87	0
28	63	1
5	90	0
82	61	0
77	71	0
89	12	0
98	85	0
24	3	0
34	96	0
23	65	1
56	97	0
39	33	0
80	21	0
99	4	0
96	27	0
51	53	1
76	29	0
73	59	0
2	9	0
26	99	0
19	75	0
49	90	0
38	71	0
89	44	0
58	84	0
56	54	1
99	86	0
64	39	0
82	92	0
84	19	0
14	6	0
41	0	0
33	24	0
95	44	0
77	16	0
19	48	0
17	26	0
52	35	1
94	81	0
95	60	0
77	32	0
95	6	0
62	2	0
73	12	0
45	32	1
35	15	0
12	70	0
85	92	0
43	92	0
4	98	0
28	40	0
50	44	1
71	42	0
68	58	0
78	76	0
79	76	0
77	28	0
74	86	0
72	2	1
97	45	0
80	50	0
61	52	0
96	69	0
72	18	0
93	15	0
24	46	0
74	97	0
58	66	0
88	23	0
13	80	0
95	36	0
66	97	0
94	26	0
65	20	0
30	55	1
56	44	0
58	83	0
69	28	0
79	78	0
22	87	0
91	90	0
5	82	0
89	6	0
89	22	0
52	76	0
38	55	1
66	44	0
15	97	0
75	35	0
94	56	0
50	38	0
36	85	0
33	10	0
54	90	0
38	84	0
42	79	0
14	66	0
8	24	0
71	0	0
82	33	0
97	12	0
84	99	0
30	26	0
58	9	0
55	45	0
69	92	0
1	18	0
42	88	0
82	42	0
27	88	0
77	5	0
53	57	1
57	21	0
84	18	0
90	47	0
17	89	0
70	18	0
86	99	0
34	98	0
81	64	0
9	33	0
61	98	0
64	39	0
16	77	0
62	27	0
89	51	0
76	45	0
73	59	0
23	43	0
99	60	0
15	97	0
89	54	0
18	93	0
81	80	0
39	17	0
74	67	0
62	95	0
63	93	0
74	51	0
25	57	1
84	7	0
7	77	0
73	48	0
24	96	0
50	63	0
82	31	0
28	60	1
52	40	1
89	52	0
73	22	0
76	77	0
51	94	0
36	49	1
60	97	0
29	96	0
95	80	0
87	76	0
74	7	0
20	4	0
51	36	0
39	65	1
6	76	0
80	85	0
64	82	0
70	51	0
65	18	0
34	63	1
41	70	0
77	51	0
95	0	0
23	71	0
81	8	0
56	65	0
36	35	1
85	83	0
31	72	1
54	89	0
75	19	0
87	14	0
51	63	1
65	88	0
29	96	0
91	10	0
84	10	0
74	21	0
18	63	0
8	86	0
12	88	0
72	86	0
81	97	0
1	35	1
60	54	0
78	96	0
78	62	0
68	64	0
13	90	0
6	74	0
41	24	0
4	18	0
33	37	0
27	52	1
95	36	0
81	47	0
71	46	0
56	52	0
44	25	0
90	78	0
54	75	0
86	53	0
41	90	0
78	52	0
25	8	0
99	44	0
59	93	0
30	34	0
31	92	0
74	96	0
88	69	0
26	84	0
61	34	0
11	78	0
57	59	1
41	74	0
64	62	0
57	70	0
57	87	0
13	46	0
70	62	0
80	43	0
87	60	0
35	75	0
69	95	0
41	31	0
92	20	0
52	47	0
87	12	0
10	80	0
50	95	0
86	73	0
72	66	0
9	89	0
10	73	0
79	88	0
34	23	0
6	87	0
66	94	0
58	69	0
85	69	0
17	93	0
76	45	0
17	5	0
52	97	0
17	93	0
3	14	0
82	55	0
86	24	0
78	29	0
70	17	0
10	16	0
17	51	0
76	32	0
3	72	0
64	74	0
31	80	0
68	49	0
75	93	0
71	44	0
68	87	0
74	54	0
64	82	0
8	77	0
42	48	1
25	82	0
65	61	0
60	46	0
89	40	0
95	96	0
83	88	0
46	60	1
73	51	0
64	60	0
69	4	1
67	78	0
86	78	0
92	5	0
62	79	0
3	94	0
50	49	1
62	31	0
64	27	0
79	21	0
22	79	0
73	20	0
89	19	0
32	58	1
39	32	0
51	99	0
68	72	0
51	80	0
74	89	0
84	58	0
84	43	0
94	66	0
75	99	0
99	43	0
29	64	1
98	87	0
42	82	0
76	78	0
85	43	0
42	91	0
83	71	0
87	50	0
85	29	0
2	70	0
50	74	0
74	19	0
67	32	0
80	80	0
66	52	0
13	87	0
23	94	0
73	40	0
83	26	0
95	48	0
98	0	0
85	93	0
57	37	0
30	73	1
89	19	0
68	48	0
14	73	0
16	96	0
23	73	0
10	86	0
62	51	0
39	25	0
33	69	0
65	83	0
68	15	0
20	83	0
88	49	0
16	16	0
16	70	0
78	65	0
67	55	0
39	57	1
91	55	0
83	61	0
77	63	0
53	58	1
75	51	0
1	27	0
90	85	0
60	52	0
39	84	0
4	78	0
25	85	0
31	55	1
88	18	0
50	96	0
8	96	0
99	56	0
73	19	0
17	16	0
30	25	0
72	7	0
14	69	0
84	62	0
85	36	0
15	6	0
68	10	0
44	87	0
97	82	0
11	8	0
47	84	0
81	34	0
99	81	0
56	68	0
66	75	0
19	39	0
89	43	0
91	71	0
15	80	0
22	78	0
35	64	1
18	91	0
79	9	0
32	55	1
7	93	0
37	41	1
43	56	1
61	43	0
25	66	1
94	22	0
6	25	0
84	37	0
79	15	0
36	25	0
22	88	0
45	82	0
15	67	0
27	28	0
15	76	0
23	90	0
63	57	0
89	43	0
41	55	1
76	92	0
48	38	1
61	68	0
46	67	0
19	98	0
84	44	0
50	51	1
1	9	0
86	63	0
58	48	0
96	30	0
76	31	0
72	33	0
59	95	0
39	37	0
57	43	0
64	34	1
49	8	0
35	93	0
49	60	0
90	32	0
59	97	0
73	51	0
83	47	0
44	89	0
33	80	0
93	24	0
52	60	1
69	3	1
93	99	0
76	83	0
55	86	0
81	19	0
82	68	0
27	78	0
71	24	0
20	95	0
42	63	1
96	58	0
89	88	0
84	11	0
93	92	0
79	21	0
81	54	0
65	22	1
7	85	0
68	93	0
62	78	0
6	19	0
5	98	0
13	72	0
45	42	1
77	25	0
5	60	1
18	99	0
63	98	0
94	44	0
14	74	0
73	42	0
31	93	0
83	45	0
70	48	0
29	61	1
80	42	0
86	41	0
51	69	0
53	41	1
0	84	0
4	3	0
75	74	0
19	57	0
20	7	0
5	99	0
31	74	0
92	46	0
73	84	0
89	62	0
99	87	0
72	35	0
1	79	0
52	60	1
78	41	0
84	25	0
