93	66	0
21	14	0
59	94	0
3	0	0
96	43	0
97	99	0
42	66	0
59	25	1
71	54	0
0	90	0
3	11	0
14	92	0
93	37	0
57	79	0
33	34	0
88	81	0
92	28	0
49	99	0
39	75	0
79	69	0
52	15	0
28	81	0
85	69	0
84	75	0
84	88	0
6	30	0
45	36	1
88	19	0
84	65	0
6	73	0
29	92	0
83	13	0
66	91	0
49	73	0
80	73	0
93	61	0
54	57	1
95	35	0
8	76	0
88	71	0
18	68	0
51	6	0
9	76	0
35	90	0
86	52	0
44	36	0
33	20	0
93	85	0
91	92	0
93	20	0
26	77	0
98	8	0
20	15	0
68	88	0
3	83	0
88	2	0
29	65	1
64	88	0
44	61	1
3	24	0
69	81	0
83	33	0
22	89	0
51	95	0
76	30	0
35	90	0
43	91	0
17	15	0
99	17	0
81	28	0
53	77	0
87	33	0
68	59	0
66	36	0
3	96	0
74	0	1
51	82	0
83	3	0
93	62	0
2	60	0
71	92	0
5	76	0
38	89	0
98	58	0
79	29	0
47	67	1
68	10	0
59	47	0
11	65	0
34	5	0
71	72	0
62	26	1
0	96	0
92	32	0
45	73	0
80	70	0
85	3	0
71	87	0
67	80	0
0	28	0
59	77	0
95	82	0
75	49	0
19	91	0
68	39	0
70	1	0
92	59	0
93	31	0
99	43	0
21	48	0
52	64	0
8	28	0
47	29	1
88	66	0
56	74	0
62	67	0
45	37	0
57	66	0
53	60	1
44	96	0
81	38	0
58	67	0
54	74	0
92	56	0
28	13	0
49	43	0
23	17	0
19	71	0
28	56	1
78	48	0
52	44	1
92	8	0
28	92	0
23	38	0
71	75	0
21	69	1
58	66	0
50	77	0
44	11	0
45	91	0
22	69	1
71	75	0
92	52	0
25	90	0
85	76	0
25	53	1
16	73	0
53	66	0
11	38	0
73	78	0
97	74	0
42	74	0
77	45	0
55	62	1
60	10	1
32	59	1
93	33	0
26	93	0
65	80	0
30	29	0
45	77	0
50	21	0
94	92	0
30	82	0
94	13	0
28	76	0
94	35	0
59	95	0
73	75	0
66	62	0
25	43	0
7	58	0
63	4	0
67	96	0
96	59	0
49	91	0
64	81	0
76	14	0
61	76	0
37	76	0
45	91	0
23	17	0
54	21	1
86	53	0
62	43	0
68	64	0
72	32	0
18	99	0
58	63	0
81	41	0
76	36	0
53	16	0
89	28	0
73	75	0
73	99	0
77	61	0
94	28	0
99	16	0
83	80	0
30	89	0
68	83	0
48	96	0
34	41	1
86	36	0
16	98	0
91	20	0
23	48	0
22	85	0
30	98	0
77	86	0
82	73	0
93	59	0
96	55	0
22	90	0
55	81	0
70	11	0
82	52	0
47	4	0
42	35	0
77	38	0
24	62	0
34	54	0
20	73	0
73	93	0
87	57	0
56	70	0
96	0	0
90	42	0
92	45	0
69	56	0
69	82	0
45	65	0
66	19	0
9	88	0
28	63	1
6	89	0
83	61	0
77	71	0
89	12	0
98	84	0
25	3	0
33	96	0
23	64	1
57	97	0
39	33	0
79	21	0
99	3	0
96	27	0
52	54	1
77	29	0
72	59	0
1	8	0
26	99	0
20	74	0
48	91	0
38	70	0
89	43	0
58	84	0
56	54	1
99	86	0
64	39	0
81	91	0
84	19	0
15	6	0
42	0	0
32	25	0
95	44	0
78	16	0
19	47	0
16	26	0
53	36	1
93	81	0
96	60	0
77	31	0
94	5	0
63	2	0
74	12	0
46	33	1
35	15	0
12	70	0
85	92	0
44	92	0
4	98	0
27	40	0
50	44	1
72	42	0
67	59	0
78	75	0
80	76	0
76	29	0
75	86	0
71	3	1
97	46	0
79	49	0
61	51	0
96	68	0
73	19	0
94	15	0
23	45	0
74	97	0
57	65	0
88	23	0
12	81	0
94	36	0
66	97	0
95	26	0
65	20	0
30	56	1
57	44	0
58	83	0
69	28	0
79	78	0
22	87	0
92	89	0
4	81	0
90	6	0
89	21	0
52	75	0
37	55	1
65	44	0
15	96	0
74	35	0
94	56	0
50	38	0
35	84	0
32	10	0
54	90	0
38	84	0
42	79	0
14	67	0
8	25	0
70	0	0
83	33	0
96	12	0
83	99	0
30	26	0
59	8	0
56	45	0
68	92	0
1	19	0
42	88	0
81	43	0
27	88	0
78	5	0
54	57	1
58	21	0
85	19	0
90	47	0
17	89	0
69	18	0
86	99	0
34	98	0
80	63	0
9	32	0
62	98	0
63	39	0
15	78	0
62	27	0
89	51	0
76	45	0
73	59	0
23	43	0
99	60	0
14	98	0
89	53	0
18	93	0
82	79	0
39	17	0
74	68	0
62	96	0
62	94	0
74	51	0
25	57	1
83	6	0
7	76	0
73	48	0
25	97	0
50	62	0
81	31	0
27	60	1
52	39	1
90	52	0
73	23	0
76	77	0
50	95	0
36	49	1
61	96	0
30	96	0
94	80	0
87	76	0
74	7	0
20	4	0
51	37	0
39	65	1
7	77	0
79	85	0
65	82	0
70	50	0
66	18	0
34	63	1
40	70	0
78	51	0
95	0	0
23	71	0
81	9	0
55	66	0
37	35	1
86	82	0
31	72	1
55	90	0
75	19	0
86	13	0
51	62	1
65	89	0
28	96	0
90	10	0
84	9	0
75	21	0
18	63	0
9	87	0
12	87	0
72	87	0
81	97	0
0	34	1
60	55	0
77	95	0
77	62	0
67	65	0
14	89	0
6	73	0
41	24	0
4	18	0
33	37	0
28	52	1
96	36	0
81	48	0
72	46	0
55	53	0
44	25	0
90	78	0
53	74	0
86	52	0
41	91	0
78	52	0
24	7	0
98	44	0
60	93	0
30	33	0
57	55	1
30	92	0
73	96	0
88	69	0
25	83	0
60	34	0
11	79	0
57	60	1
41	74	0
64	62	0
57	71	0
57	86	0
12	47	0
69	62	0
80	43	0
88	60	0
36	75	0
69	94	0
41	30	0
92	20	0
52	48	0
87	13	0
10	79	0
50	94	0
86	73	0
73	66	0
9	89	0
11	72	0
78	88	0
35	23	0
6	88	0
66	95	0
58	68	0
86	69	0
18	94	0
75	44	0
16	5	0
51	97	0
18	93	0
4	13	0
83	54	0
87	24	0
78	28	0
70	18	0
11	16	0
16	50	0
76	31	0
3	73	0
64	74	0
31	79	0
69	50	0
76	94	0
72	44	0
67	87	0
73	55	0
64	82	0
8	76	0
43	48	1
25	81	0
65	61	0
60	45	0
90	41	0
96	97	0
84	87	0
46	60	1
73	51	0
64	60	0
68	5	1
68	78	0
86	78	0
92	6	0
63	80	0
3	93	0
50	49	1
62	31	0
65	27	0
78	21	0
21	80	0
74	20	0
89	19	0
31	58	1
39	32	0
51	99	0
68	73	0
51	80	0
74	89	0
84	58	0
84	42	0
94	66	0
75	98	0
99	43	0
29	65	1
98	86	0
42	81	0
76	78	0
84	44	0
42	92	0
84	70	0
87	49	0
85	29	0
3	70	0
50	74	0
74	18	0
68	33	0
80	81	0
65	51	0
12	87	0
22	95	0
73	41	0
83	26	0
96	47	0
99	0	0
86	93	0
57	36	0
31	74	1
90	18	0
68	48	0
15	74	0
16	97	0
23	74	0
9	86	0
62	52	0
40	25	0
33	70	0
64	82	0
69	14	0
19	82	0
87	50	0
16	16	0
16	70	0
78	65	0
67	54	0
40	56	1
91	55	0
82	61	0
76	63	0
54	58	1
75	51	0
1	28	0
91	85	0
61	51	0
39	85	0
4	78	0
25	86	0
32	56	1
87	17	0
50	96	0
8	97	0
99	55	0
74	18	0
17	15	0
31	25	0
72	7	0
14	69	0
84	62	0
85	37	0
14	7	0
68	9	0
43	86	0
98	81	0
11	8	0
47	84	0
82	35	0
99	81	0
55	68	0
67	76	0
20	38	0
90	44	0
91	70	0
15	79	0
22	79	0
34	63	1
18	90	0
78	9	0
32	56	1
7	93	0
37	40	1
42	56	1
62	42	0
26	65	1
94	21	0
5	25	0
84	37	0
79	15	0
35	26	0
21	89	0
45	81	0
15	68	0
27	29	0
14	76	0
24	90	0
63	57	0
89	44	0
42	55	1
76	92	0
47	37	1
61	69	0
46	67	0
18	97	0
83	44	0
49	51	1
2	10	0
85	63	0
58	48	0
95	30	0
77	30	0
72	34	0
60	95	0
40	37	0
56	44	0
63	35	1
48	8	0
34	94	0
48	61	0
91	32	0
60	98	0
73	51	0
82	47	0
45	88	0
33	80	0
92	23	0
52	59	1
70	3	1
93	98	0
76	83	0
54	87	0
81	19	0
82	68	0
26	78	0
71	24	0
21	95	0
42	63	1
95	59	0
90	88	0
83	10	0
94	92	0
79	21	0
80	53	0
66	23	1
7	85	0
67	93	0
62	78	0
7	20	0
5	98	0
13	73	0
46	42	1
76	26	0
4	61	1
18	98	0
63	99	0
95	44	0
13	73	0
73	43	0
32	94	0
82	45	0
70	47	0
29	61	1
81	42	0
87	41	0
52	70	0
53	41	1
1	85	0
5	3	0
75	73	0
19	56	0
20	8	0
6	99	0
32	73	0
93	46	0
74	85	0
90	63	0
99	86	0
71	34	0
0	78	0
53	61	0
78	41	0
84	24	0
