84	61	0
32	26	0
62	98	0
14	3	0
90	38	0
83	94	0
49	80	1
71	49	0
1	83	0
1	2	0
18	97	0
93	45	0
66	76	0
36	40	0
73	84	0
95	47	0
50	98	0
62	76	0
36	22	0
85	70	0
85	94	0
78	83	0
2	33	0
74	18	1
66	66	0
22	96	1
82	33	0
67	94	0
48	71	0
66	75	0
92	52	0
97	21	0
93	74	0
36	7	0
46	94	0
71	34	0
29	18	0
98	78	0
81	77	0
98	16	0
98	12	0
21	40	0
58	79	0
4	90	0
94	6	0
63	93	0
14	27	0
83	82	0
92	27	0
52	97	0
83	12	1
13	15	0
95	12	0
73	42	0
41	85	1
71	23	0
54	50	0
77	29	0
10	98	0
54	82	1
88	61	0
65	93	0
10	68	0
43	90	0
96	53	0
38	37	0
28	7	0
73	63	0
5	85	0
91	32	0
45	65	0
87	54	0
97	5	0
74	98	0
75	80	0
6	24	0
66	81	0
87	65	0
82	45	0
16	95	0
60	46	0
89	52	0
91	40	0
94	34	0
12	59	0
6	14	0
97	61	0
53	99	0
43	75	0
57	92	0
69	36	0
67	68	0
75	75	0
87	73	0
22	21	0
13	5	0
87	56	0
86	0	0
22	95	1
13	46	0
71	73	0
62	83	0
56	79	0
48	10	0
49	86	0
65	81	0
76	52	0
16	92	0
89	80	0
2	77	0
17	55	0
82	84	0
89	73	0
51	68	0
65	42	0
79	38	0
36	89	1
48	72	0
20	49	0
45	77	1
44	25	0
94	89	0
34	99	1
81	4	0
76	35	0
74	90	0
62	85	0
63	67	0
17	22	0
20	73	0
60	86	0
74	67	0
43	98	0
54	93	0
79	15	1
37	87	0
34	33	0
73	65	0
59	51	0
65	72	0
74	31	0
2	93	0
68	55	1
96	39	0
63	34	0
48	23	0
87	19	0
67	72	0
77	97	0
87	70	0
92	21	0
95	33	0
97	69	0
66	71	0
60	89	0
65	18	1
19	76	0
86	10	0
9	43	0
33	87	1
83	77	0
78	79	0
91	49	0
88	55	0
45	77	1
92	65	0
52	7	0
47	23	0
76	54	0
31	77	0
59	77	0
80	76	0
83	8	0
94	50	0
92	37	0
73	54	0
67	90	0
55	10	0
2	91	0
6	90	0
95	62	0
70	60	0
79	13	1
94	71	0
22	20	0
27	93	1
47	98	0
81	1	0
79	6	0
99	30	0
86	29	0
76	31	0
10	8	0
26	85	0
50	88	0
86	42	0
71	94	0
96	77	0
70	38	0
68	83	0
10	2	0
38	7	0
38	25	0
75	34	0
76	17	1
5	45	0
34	20	0
96	83	0
96	68	0
83	21	1
97	11	0
65	2	0
37	6	0
95	89	0
26	88	0
3	98	0
43	38	0
72	43	0
75	70	0
63	73	0
86	85	0
66	35	0
76	79	0
92	31	0
88	64	0
64	44	0
98	75	0
62	15	0
98	5	0
27	47	0
70	90	0
98	41	0
92	44	0
73	93	0
87	35	0
67	15	1
44	53	0
59	90	0
72	84	0
21	78	0
81	83	0
6	96	0
99	4	0
86	15	0
54	80	0
12	98	0
84	39	0
88	68	0
29	2	0
46	96	0
54	65	0
2	17	0
85	37	0
94	9	0
71	90	0
16	21	0
78	28	0
68	81	0
12	26	0
47	83	1
79	45	0
84	3	0
89	64	0
13	77	1
64	14	0
94	96	0
39	96	1
60	60	1
5	36	0
61	86	0
62	57	0
91	43	0
67	42	0
67	55	1
0	52	0
91	70	0
24	98	1
86	68	0
6	91	0
78	89	0
37	26	0
68	60	0
63	99	0
54	90	0
99	51	0
65	9	0
3	68	1
72	41	0
30	99	1
84	26	0
94	52	0
76	30	0
85	68	0
45	98	0
56	93	0
22	94	1
93	89	0
72	84	0
16	2	0
1	91	0
80	88	0
59	98	0
69	28	0
81	59	0
99	1	0
89	11	1
92	80	0
62	84	0
91	16	0
84	13	1
68	85	0
39	97	1
94	13	0
99	4	0
77	30	0
7	45	0
16	92	0
24	97	0
86	89	0
89	93	0
85	87	0
84	66	0
80	78	0
8	90	0
27	12	0
4	2	0
37	37	0
88	18	0
80	32	0
64	64	0
63	8	0
89	83	0
82	83	0
82	47	0
75	64	0
27	5	0
98	39	0
70	88	0
51	34	0
27	93	1
73	86	0
98	61	0
22	65	0
45	67	0
59	75	0
47	92	0
1	47	0
81	72	0
95	45	0
96	69	0
35	83	1
59	88	0
86	20	0
85	10	0
15	78	1
33	87	1
96	69	0
69	76	0
0	98	0
9	75	1
80	92	0
23	21	0
2	79	0
62	76	0
63	65	0
82	87	0
0	90	0
81	56	0
19	4	0
52	88	0
6	86	0
1	18	0
91	61	0
90	10	1
73	21	0
14	18	0
16	45	0
67	35	0
63	80	0
92	74	0
85	45	0
77	77	0
75	85	0
1	62	0
81	61	0
66	27	0
94	44	0
88	92	0
85	78	0
51	78	0
95	78	0
97	11	0
49	72	0
2	95	0
72	34	0
63	16	1
81	24	0
26	29	0
55	83	0
54	52	1
35	74	0
63	89	0
87	51	0
88	33	0
78	65	0
94	89	0
87	51	0
90	95	0
29	85	1
78	70	0
73	38	0
43	86	0
93	82	0
82	74	0
99	32	0
45	74	0
82	23	1
52	37	0
90	87	0
90	56	0
20	83	0
75	32	0
74	33	0
97	40	0
85	13	1
89	84	0
82	15	1
77	42	0
9	85	0
17	96	0
48	33	0
24	66	0
49	87	0
63	1	0
7	91	0
73	45	0
15	11	0
17	62	0
65	72	0
75	66	0
75	64	0
75	48	0
74	67	0
88	49	0
8	44	0
97	86	0
65	59	1
45	91	0
84	23	0
44	98	0
19	90	0
92	51	0
63	32	0
20	16	0
27	36	0
79	54	0
97	27	0
20	4	0
44	2	0
51	65	0
97	83	0
18	6	0
46	82	1
60	20	0
89	77	0
70	64	0
63	86	0
10	51	0
96	47	0
86	61	0
3	83	0
1	90	0
49	35	0
93	24	0
13	23	0
91	38	0
77	11	0
40	32	0
19	95	0
60	91	0
22	28	0
25	99	1
77	41	0
61	84	0
21	96	1
67	38	0
6	2	0
85	53	0
86	33	0
82	29	0
66	23	0
55	96	0
40	93	1
77	33	0
56	99	0
69	68	0
80	48	0
57	91	0
93	44	0
94	99	0
86	88	0
49	83	0
87	7	1
75	76	0
68	24	0
94	44	0
91	99	0
84	17	1
92	99	0
88	19	0
79	70	0
7	94	0
83	93	0
75	79	0
7	20	0
18	94	0
87	26	0
17	92	0
50	84	0
82	36	0
75	53	0
24	93	1
78	48	0
94	53	0
83	38	0
82	25	0
0	94	0
15	9	0
60	81	0
24	58	0
29	10	0
2	85	0
93	40	0
86	82	0
85	49	0
89	79	0
72	47	0
6	81	1
85	17	0
98	38	0
