98	64	0
50	16	0
41	21	0
39	90	0
1	41	0
92	29	0
89	77	0
8	4	0
45	14	0
71	92	0
42	38	0
80	41	0
0	88	0
22	1	0
16	61	0
96	7	0
89	80	0
67	30	0
30	60	0
97	65	0
98	1	0
40	72	0
79	81	0
79	86	0
71	1	0
28	91	0
55	12	0
81	82	0
72	90	0
96	54	0
1	41	0
27	31	0
49	26	0
81	21	0
38	46	0
96	79	0
11	95	0
70	73	0
88	17	0
82	96	0
44	12	0
24	55	0
68	53	0
97	54	0
59	82	0
95	51	0
16	97	0
33	44	0
57	15	0
88	41	0
23	67	0
62	11	0
31	91	0
53	89	0
24	69	0
98	69	0
54	19	0
36	53	0
87	71	0
97	99	0
85	14	0
24	98	0
88	8	0
53	14	0
91	67	0
40	36	0
10	84	0
87	9	0
34	85	0
84	74	0
60	53	0
19	29	0
86	79	0
31	40	0
21	52	0
88	38	0
21	20	1
18	36	0
41	81	0
62	90	0
70	26	0
42	94	0
62	99	0
0	12	0
15	25	0
93	18	0
96	18	0
38	53	0
80	40	0
21	30	0
76	51	0
40	53	0
33	10	0
36	0	0
68	48	0
20	81	0
57	5	0
45	80	0
42	4	0
36	27	0
88	41	0
49	61	0
64	48	0
19	78	0
65	79	0
6	77	0
49	77	0
87	47	0
68	14	0
55	77	0
5	46	0
61	11	0
51	73	0
12	72	0
40	1	0
21	56	0
19	32	0
90	80	0
44	38	0
0	5	0
32	99	0
82	2	0
67	65	0
20	35	0
80	84	0
93	17	0
63	70	0
58	87	0
35	16	0
62	95	0
21	19	0
68	83	0
61	51	0
35	95	0
77	26	0
36	33	0
17	34	0
79	4	0
11	11	1
4	73	0
18	14	1
97	71	0
86	12	0
86	37	0
44	61	0
61	5	0
80	97	0
5	5	0
37	12	0
11	15	1
85	80	0
36	33	0
93	66	0
82	82	0
57	22	0
53	39	0
74	53	0
4	50	0
26	78	0
8	57	0
80	79	0
54	69	0
40	94	0
84	49	0
71	73	0
56	83	0
21	39	0
90	84	0
6	42	0
32	36	0
25	21	0
21	71	0
33	78	0
96	23	0
46	37	0
75	9	0
38	80	0
72	21	0
60	27	0
73	77	0
21	48	0
62	62	0
32	96	0
33	64	0
37	6	0
65	17	0
30	90	0
12	86	0
73	84	0
89	53	0
22	87	0
29	36	0
82	71	0
24	53	0
37	76	0
33	99	0
51	44	0
31	3	0
17	43	0
80	89	0
90	92	0
59	95	0
75	14	0
5	60	0
62	5	0
60	18	0
63	23	0
85	24	0
26	57	0
5	70	0
54	62	0
66	37	0
33	75	0
90	18	0
61	89	0
31	67	0
27	18	0
80	73	0
35	73	0
41	3	0
1	87	0
84	21	0
98	76	0
84	91	0
87	19	0
1	80	0
20	80	0
96	47	0
55	73	0
35	48	0
42	79	0
59	72	0
58	52	0
11	84	0
35	65	0
62	16	0
9	59	0
66	99	0
65	40	0
34	87	0
90	62	0
41	12	0
44	61	0
7	76	0
37	93	0
60	31	0
70	22	0
11	35	0
92	61	0
68	45	0
81	51	0
13	88	0
61	5	0
19	82	0
62	69	0
60	48	0
70	60	0
55	0	0
22	8	0
8	58	0
81	47	0
50	12	0
68	56	0
52	81	0
63	53	0
88	28	0
95	17	0
10	61	0
88	69	0
24	92	0
14	16	1
93	53	0
36	95	0
55	35	0
46	1	0
13	96	0
79	36	0
43	59	0
37	75	0
49	4	0
23	91	0
77	77	0
83	90	0
58	31	0
94	72	0
14	91	0
39	46	0
61	4	0
61	20	0
30	29	0
49	0	0
60	9	0
56	45	0
70	36	0
30	49	0
24	46	0
51	54	0
69	72	0
87	75	0
54	88	0
73	12	0
99	54	0
73	3	0
8	57	0
26	10	0
91	39	0
51	28	0
73	75	0
11	41	0
51	64	0
61	27	0
27	98	0
33	88	0
36	72	0
91	53	0
44	27	0
46	1	0
23	50	0
90	52	0
72	11	0
74	95	0
19	7	0
69	96	0
9	77	0
44	85	0
33	29	0
1	56	0
9	11	1
83	11	0
20	32	0
78	16	0
39	12	0
7	0	0
83	12	0
30	53	0
14	42	0
89	28	0
95	52	0
9	29	0
24	35	0
4	57	0
37	90	0
14	74	0
4	4	0
41	97	0
50	61	0
39	28	0
11	14	1
58	33	0
46	86	0
38	68	0
93	95	0
38	26	0
15	52	0
32	42	0
53	71	0
73	98	0
47	8	0
72	2	0
34	11	0
44	6	0
56	9	0
22	49	0
79	59	0
63	2	0
25	46	0
60	10	0
52	56	0
52	55	0
34	60	0
76	77	0
66	54	0
12	71	0
53	34	0
25	16	0
95	7	0
47	1	0
62	19	0
59	32	0
19	40	0
11	73	0
69	74	0
11	78	0
34	92	0
25	92	0
46	22	0
33	38	0
84	68	0
57	48	0
5	76	0
73	77	0
62	84	0
24	32	0
67	17	0
68	93	0
66	4	0
99	65	0
77	41	0
37	15	0
34	45	0
39	40	0
91	78	0
13	25	0
72	23	0
89	4	0
12	59	0
35	92	0
73	78	0
83	4	0
0	73	0
94	38	0
50	92	0
12	10	1
70	2	0
62	53	0
41	55	0
63	51	0
27	38	0
49	37	0
79	74	0
66	50	0
39	34	0
68	68	0
25	48	0
27	88	0
81	90	0
43	17	0
0	74	0
72	18	0
84	16	0
72	43	0
18	62	0
62	20	0
27	33	0
54	39	0
11	97	0
66	45	0
60	17	0
88	49	0
45	27	0
31	77	0
41	4	0
81	42	0
8	1	0
64	91	0
3	92	0
35	36	0
51	78	0
54	30	0
15	96	0
18	52	0
14	38	0
64	18	0
96	34	0
80	21	0
90	97	0
33	60	0
20	16	1
39	12	0
32	26	0
85	18	0
52	62	0
78	79	0
23	29	0
65	98	0
81	68	0
38	75	0
76	5	0
69	38	0
83	19	0
67	28	0
40	24	0
36	32	0
97	2	0
60	27	0
6	71	0
94	17	0
96	93	0
7	90	0
89	64	0
42	47	0
30	4	0
90	88	0
81	56	0
29	93	0
65	22	0
72	38	0
93	63	0
82	72	0
32	76	0
76	80	0
32	94	0
93	74	0
37	40	0
29	89	0
99	91	0
29	35	0
28	41	0
71	67	0
62	97	0
53	70	0
11	10	1
50	85	0
65	60	0
35	57	0
36	69	0
82	20	0
15	91	0
93	48	0
19	77	0
42	57	0
41	82	0
83	30	0
27	32	0
19	45	0
5	14	1
64	46	0
94	67	0
59	24	0
81	91	0
68	97	0
35	36	0
60	13	0
30	43	0
18	77	0
38	33	0
59	66	0
67	87	0
34	22	0
72	85	0
52	34	0
38	14	0
61	31	0
25	76	0
46	13	0
6	59	0
94	84	0
63	99	0
50	46	0
76	11	0
38	67	0
44	48	0
97	54	0
96	4	0
4	71	0
73	1	0
85	80	0
70	28	0
36	1	0
36	65	0
75	78	0
33	83	0
49	83	0
82	16	0
13	69	0
58	8	0
51	73	0
65	99	0
31	91	0
92	7	0
88	19	0
66	11	0
36	90	0
13	90	0
6	90	0
74	51	0
72	59	0
78	64	0
15	44	0
87	51	0
67	58	0
18	21	1
83	74	0
68	59	0
21	48	0
17	71	0
36	29	0
44	35	0
2	52	0
56	62	0
44	38	0
94	40	0
80	31	0
77	1	0
77	28	0
50	86	0
21	19	0
15	49	0
69	36	0
98	82	0
70	77	0
97	78	0
21	47	0
56	66	0
62	54	0
27	60	0
82	39	0
22	63	0
47	23	0
92	59	0
72	96	0
51	51	0
19	64	0
37	7	0
73	63	0
27	76	0
48	25	0
76	79	0
88	76	0
20	90	0
52	56	0
18	77	0
79	73	0
40	58	0
50	61	0
39	80	0
60	70	0
28	30	0
18	61	0
87	77	0
79	56	0
93	61	0
33	81	0
55	73	0
69	35	0
19	23	0
87	24	0
36	30	0
98	2	0
18	90	0
29	33	0
2	18	1
30	86	0
85	61	0
19	38	0
95	63	0
14	92	0
15	72	0
32	4	0
97	89	0
27	30	0
3	85	0
74	91	0
34	63	0
79	72	0
28	81	0
98	23	0
24	17	0
36	83	0
28	71	0
34	19	0
26	36	0
13	29	0
97	68	0
87	11	0
53	11	0
69	10	0
88	42	0
33	8	0
39	34	0
99	39	0
9	62	0
44	90	0
1	47	0
22	83	0
73	57	0
46	96	0
65	48	0
77	78	0
37	31	0
80	69	0
37	67	0
86	44	0
8	78	0
58	39	0
32	69	0
72	28	0
59	41	0
95	85	0
88	92	0
86	89	0
23	89	0
21	39	0
53	55	0
45	64	0
37	27	0
19	6	0
42	67	0
11	45	0
62	1	0
70	88	0
86	57	0
97	13	0
13	49	0
3	3	0
82	97	0
6	89	0
57	12	0
57	45	0
73	11	0
16	1	0
49	12	0
21	35	0
3	27	1
46	19	0
56	4	0
36	78	0
54	22	0
36	91	0
71	2	0
27	40	0
48	63	0
63	16	0
88	64	0
64	75	0
44	65	0
53	98	0
81	85	0
3	15	1
92	60	0
14	62	0
79	73	0
53	89	0
20	36	0
18	61	0
95	49	0
30	86	0
94	97	0
66	84	0
45	10	0
42	54	0
74	62	0
50	93	0
78	50	0
97	73	0
78	25	0
16	68	0
7	61	0
71	88	0
76	42	0
56	63	0
58	7	0
29	21	0
69	68	0
26	42	0
13	68	0
36	45	0
53	44	0
24	15	0
61	31	0
8	89	0
25	40	0
17	63	0
2	66	0
77	58	0
30	25	0
60	12	0
94	23	0
81	0	0
53	68	0
1	62	0
66	28	0
42	37	0
11	14	1
19	20	1
77	72	0
76	16	0
45	41	0
50	66	0
49	86	0
18	94	0
26	62	0
45	87	0
28	38	0
74	86	0
50	36	0
27	80	0
13	16	1
52	26	0
4	45	0
54	55	0
65	16	0
31	72	0
85	54	0
56	44	0
55	48	0
43	18	0
4	68	0
69	60	0
71	52	0
39	35	0
77	56	0
81	75	0
73	39	0
62	14	0
85	74	0
84	20	0
6	75	0
69	80	0
27	12	0
51	31	0
5	2	0
9	54	0
12	85	0
30	91	0
27	51	0
93	32	0
17	50	0
58	98	0
13	84	0
99	67	0
54	67	0
85	41	0
15	3	0
63	18	0
46	5	0
13	4	0
22	83	0
51	62	0
83	72	0
72	46	0
14	1	0
25	36	0
64	11	0
0	77	0
71	5	0
38	70	0
56	30	0
71	97	0
7	39	0
5	93	0
93	61	0
27	20	0
84	74	0
63	56	0
70	41	0
44	30	0
92	34	0
89	68	0
20	65	0
3	91	0
24	52	0
5	85	0
8	97	0
93	31	0
31	52	0
2	99	0
52	9	0
67	0	0
42	44	0
27	20	0
73	42	0
38	20	0
25	81	0
27	35	0
64	11	0
2	45	0
91	47	0
86	7	0
58	53	0
36	6	0
45	25	0
10	99	0
55	76	0
35	65	0
11	8	1
37	14	0
2	83	0
2	78	0
68	54	0
86	43	0
44	34	0
30	74	0
27	31	0
92	88	0
65	27	0
37	83	0
64	97	0
22	18	0
6	90	0
67	15	0
59	68	0
39	39	0
98	69	0
31	71	0
96	22	0
82	17	0
99	23	0
88	85	0
46	56	0
24	85	0
87	11	0
35	1	0
73	82	0
69	68	0
17	40	0
66	42	0
64	81	0
85	12	0
96	48	0
16	66	0
53	44	0
27	28	0
86	24	0
48	49	0
69	12	0
92	91	0
82	73	0
52	70	0
74	29	0
60	66	0
8	92	0
37	1	0
6	94	0
17	77	0
64	67	0
76	99	0
88	12	0
99	91	0
76	1	0
15	8	1
86	75	0
68	8	0
98	36	0
75	54	0
53	40	0
20	66	0
61	92	0
54	72	0
9	41	0
7	43	0
41	90	0
1	75	0
49	3	0
42	55	0
12	61	0
44	34	0
11	19	1
2	40	0
99	46	0
57	30	0
0	43	0
24	89	0
69	63	0
2	8	0
86	76	0
18	82	0
58	45	0
37	59	0
87	49	0
60	42	0
1	7	0
8	11	1
4	52	0
27	59	0
86	75	0
62	46	0
96	71	0
5	54	0
66	58	0
17	72	0
0	12	0
75	78	0
0	15	1
30	69	0
42	7	0
30	27	0
9	77	0
35	87	0
4	3	0
79	38	0
63	62	0
79	66	0
77	81	0
46	89	0
32	20	0
1	67	0
10	12	1
42	65	0
41	48	0
56	51	0
83	12	0
