87	62	0
32	29	0
9	16	0
94	46	0
90	81	0
71	40	0
8	79	0
2	5	0
13	90	0
77	33	0
77	80	0
24	31	0
65	72	0
90	53	0
67	67	0
44	32	0
91	85	0
98	82	0
70	91	0
4	32	0
68	82	0
75	29	0
48	69	0
68	82	0
84	50	0
98	29	0
91	77	0
36	3	0
83	32	0
33	17	0
95	58	0
92	72	0
88	7	0
16	33	0
53	79	1
4	87	0
18	35	0
75	74	0
91	41	0
56	81	1
6	23	0
89	14	0
64	32	1
47	35	0
80	43	0
83	66	0
15	60	0
96	57	0
48	35	0
27	10	0
60	57	0
0	98	0
88	20	0
38	68	0
85	67	0
93	12	0
82	92	0
56	84	1
8	23	0
73	87	0
81	62	0
84	41	0
56	47	0
84	40	0
86	35	0
85	37	0
31	58	0
20	21	0
82	77	0
41	84	0
78	42	0
61	68	0
81	73	0
83	78	0
25	16	0
14	15	0
85	66	0
95	7	0
13	52	0
78	79	0
55	78	1
54	72	1
47	15	0
69	81	0
76	53	0
7	87	0
93	93	0
7	99	1
14	57	0
93	85	0
98	69	0
50	90	1
68	49	0
95	32	0
47	56	0
13	53	0
55	8	0
82	86	0
74	4	0
87	55	0
79	97	0
55	61	0
61	80	1
15	19	0
72	99	0
36	81	0
23	30	0
59	37	0
63	91	1
65	46	0
92	28	0
51	26	0
72	70	0
69	90	0
85	64	0
96	27	0
85	85	0
76	86	0
56	66	0
13	42	0
77	68	0
76	73	0
92	63	0
90	37	0
88	64	0
62	17	0
43	29	0
80	52	0
32	80	0
84	75	0
96	48	0
94	26	0
69	61	1
61	99	1
57	18	0
6	97	1
95	57	0
91	71	0
12	23	0
95	13	0
84	24	0
84	25	0
7	9	0
35	81	0
91	50	0
68	94	0
83	89	0
70	30	1
53	94	0
2	16	0
38	21	0
51	36	0
64	40	0
0	59	0
50	10	0
94	81	0
89	51	0
64	2	0
28	17	0
96	85	0
34	70	0
36	28	0
62	58	0
75	66	0
54	83	1
82	73	0
75	28	0
77	96	0
92	32	0
86	80	0
53	26	0
96	74	0
63	14	0
37	54	0
73	88	0
88	41	0
94	45	0
84	93	0
98	45	0
31	47	0
67	86	0
19	77	0
81	79	0
2	92	0
91	35	0
97	69	0
41	5	0
49	52	0
21	9	0
93	27	0
67	87	0
8	39	0
77	30	0
73	78	0
24	35	0
82	44	0
77	13	0
95	66	0
72	32	0
93	94	0
19	43	0
79	56	0
91	38	0
59	43	0
1	53	0
96	72	0
91	60	0
19	88	0
75	86	0
40	25	0
68	62	1
74	96	0
94	43	0
69	3	0
62	43	0
73	29	0
94	56	0
88	81	0
94	84	0
79	95	0
13	13	0
5	75	0
81	91	0
63	91	1
51	18	0
89	57	0
93	10	0
99	83	0
63	68	0
64	75	0
99	6	0
90	38	0
8	39	0
5	93	1
86	86	0
96	96	0
90	90	0
70	63	0
61	77	0
13	87	0
27	29	0
5	8	0
40	38	0
86	40	0
65	62	1
68	9	0
73	90	0
77	73	0
84	48	0
31	13	0
90	43	0
63	91	1
62	22	0
65	77	0
96	61	0
12	45	0
56	84	1
7	45	0
68	80	0
97	44	0
89	70	0
80	30	0
88	60	0
61	60	1
3	94	1
79	95	0
18	19	0
1	88	0
58	77	1
64	65	1
86	98	0
7	77	0
86	54	0
10	9	0
13	82	0
9	10	0
90	61	0
15	29	0
9	31	0
83	33	0
68	71	0
89	80	0
84	53	0
78	74	0
71	84	0
3	83	0
90	62	0
64	25	0
93	33	0
75	87	0
80	60	0
41	87	0
92	76	0
48	73	0
5	94	1
75	41	0
35	39	0
48	81	0
38	67	0
67	87	1
99	53	0
85	31	0
66	66	0
92	75	0
91	38	0
97	99	0
92	65	0
59	22	0
81	74	0
86	59	0
99	28	0
45	62	0
69	32	1
93	87	0
89	63	0
26	75	0
83	36	0
81	38	0
86	41	0
96	84	0
73	53	0
0	98	0
41	33	0
23	70	0
60	11	0
1	88	0
82	52	0
13	12	0
18	59	0
52	64	0
80	85	0
72	61	0
65	47	0
83	41	0
13	41	0
89	79	0
62	88	1
75	12	0
6	94	1
97	49	0
18	8	0
18	34	0
71	42	0
96	34	0
17	6	0
45	7	0
55	60	0
99	84	0
26	4	0
63	5	0
82	86	0
58	86	0
25	46	0
94	49	0
85	64	0
12	99	1
9	93	0
51	37	0
94	47	0
17	35	0
82	31	0
76	12	0
34	34	0
26	39	0
80	42	0
60	89	1
80	44	0
15	14	0
93	54	0
77	42	0
75	49	0
51	91	0
55	51	0
68	41	0
83	43	0
94	88	0
86	84	0
72	75	0
75	24	0
89	51	0
84	98	0
95	96	0
79	65	0
82	96	0
50	81	1
8	10	0
30	94	0
85	50	0
75	26	0
89	50	0
78	48	0
94	59	0
89	43	0
22	76	0
9	9	0
44	89	0
26	70	0
43	4	0
10	85	0
97	46	0
96	86	0
82	48	0
93	99	0
98	38	0
