92	61	0
29	4	0
29	28	0
64	99	0
18	1	0
85	40	0
95	94	0
52	11	0
58	78	0
59	28	0
81	49	0
6	82	0
12	2	0
19	85	0
98	24	0
75	78	0
51	44	0
18	62	1
89	55	0
97	14	0
46	98	0
60	66	0
75	76	0
51	6	0
29	71	0
56	18	0
93	71	0
73	94	0
93	78	0
6	36	0
54	10	0
47	26	0
98	29	0
17	57	1
80	66	0
15	90	0
35	94	0
84	16	0
77	90	0
37	8	0
41	64	0
89	66	0
94	69	0
53	62	0
96	50	0
15	81	0
69	0	0
95	68	0
16	72	0
69	5	0
7	73	0
52	87	0
28	70	0
94	68	0
53	39	0
39	33	0
88	82	0
96	90	0
97	6	0
19	98	0
98	13	0
30	0	0
74	89	0
35	2	0
5	89	0
87	12	0
32	79	0
65	98	0
40	62	0
7	27	0
66	82	0
10	53	1
87	31	0
30	87	0
50	99	0
65	28	0
28	88	0
57	96	0
0	15	0
96	12	0
81	20	0
48	73	0
86	41	0
94	59	0
55	18	0
34	12	0
69	47	0
2	94	0
56	2	0
44	65	0
45	8	0
55	27	0
83	27	0
37	59	0
90	47	0
7	58	0
84	95	0
0	88	0
45	95	0
87	51	0
71	18	0
36	67	0
32	64	0
58	3	0
72	53	0
8	65	0
31	1	0
15	48	0
37	50	1
63	83	0
41	38	0
8	92	0
78	29	0
42	82	0
72	72	0
91	7	0
71	88	0
68	72	0
26	26	0
66	96	0
98	83	0
71	61	0
23	93	0
65	34	0
32	20	0
73	7	0
14	54	1
97	73	0
97	28	0
87	52	0
40	49	0
54	1	0
69	67	0
14	26	0
46	25	0
99	56	0
51	26	0
59	76	0
57	82	0
50	19	0
39	38	0
60	31	0
8	51	0
16	53	1
66	89	0
46	62	0
42	94	0
72	37	0
74	64	0
56	66	0
93	65	0
21	23	0
48	51	0
16	12	0
14	76	0
29	64	0
80	44	0
40	47	0
90	2	0
34	89	0
52	29	0
38	43	0
78	82	0
28	66	0
49	63	0
39	90	0
36	52	0
40	12	0
53	14	0
37	95	0
27	66	0
75	82	0
92	66	0
21	96	0
94	75	0
29	50	0
23	73	0
53	69	0
52	60	0
12	25	0
77	90	0
97	79	0
46	67	0
70	36	0
2	46	0
55	9	0
72	59	0
55	17	0
79	17	0
21	46	1
1	53	0
45	59	0
61	33	0
43	67	0
84	30	0
34	97	0
23	58	0
40	20	1
83	86	0
45	54	0
26	10	0
24	75	0
65	8	0
95	91	0
43	92	0
99	5	0
6	65	0
16	67	0
99	28	0
49	89	0
23	50	1
59	76	0
69	65	0
44	64	0
18	76	0
17	51	0
61	4	0
12	54	1
63	87	0
95	53	0
41	86	0
79	66	0
84	21	0
54	78	0
25	81	0
37	94	0
43	26	0
75	27	0
80	48	0
56	41	0
72	68	0
3	46	0
64	24	0
20	97	0
64	67	0
78	41	0
64	30	0
46	2	0
3	46	0
93	21	0
35	22	1
70	72	0
59	96	0
75	53	0
93	34	0
95	12	0
0	32	0
86	77	0
35	97	0
91	82	0
35	98	0
58	33	0
73	29	0
17	90	0
83	23	0
23	58	0
32	71	0
50	12	0
29	99	0
80	88	0
78	78	0
91	53	0
96	55	0
13	82	0
36	69	0
83	11	0
75	44	0
36	20	1
35	2	0
48	27	0
47	52	0
82	45	0
30	58	0
43	45	0
32	80	0
73	89	0
88	57	0
60	77	0
84	6	0
91	42	0
63	11	0
30	39	1
85	43	0
71	53	0
68	69	0
4	36	0
36	69	0
57	25	0
16	94	0
31	83	0
11	86	0
90	79	0
48	17	0
41	4	0
38	53	0
75	69	0
62	5	0
84	92	0
27	3	0
55	94	0
14	61	0
52	89	0
46	38	0
6	50	0
76	33	0
77	10	0
46	18	0
79	11	0
41	58	0
8	53	0
72	18	0
79	59	0
4	9	0
6	62	0
36	96	0
12	84	0
48	97	0
51	67	0
69	40	0
68	7	0
44	80	0
44	68	0
99	83	0
3	60	0
67	49	0
73	77	0
86	21	0
30	3	0
45	0	0
54	17	0
42	31	0
79	56	0
62	13	0
17	50	0
27	12	0
40	56	0
43	35	0
90	74	0
83	61	0
2	47	0
53	33	0
89	8	0
64	14	0
72	23	0
54	42	0
44	31	0
5	81	0
69	86	0
37	72	0
11	97	0
26	71	0
56	9	0
46	40	0
98	42	0
87	49	0
10	63	0
81	68	0
76	87	0
84	25	0
76	90	0
78	6	0
71	66	0
74	59	0
63	50	0
83	75	0
66	9	0
91	19	0
35	51	0
51	93	0
64	75	0
83	12	0
23	74	0
97	22	0
59	99	0
91	22	0
58	24	0
34	56	0
63	39	0
33	55	0
52	87	0
79	32	0
34	18	1
81	82	0
39	58	0
18	95	0
96	99	0
50	31	0
0	88	0
51	52	0
94	9	0
83	34	0
26	65	0
68	55	0
58	54	0
16	93	0
82	24	0
36	12	0
88	52	0
48	42	0
35	93	0
18	5	0
56	57	0
49	88	0
2	46	0
42	77	0
41	83	0
53	27	0
19	83	0
16	28	0
74	0	0
70	16	0
95	4	0
86	91	0
26	68	0
41	22	0
81	1	0
72	57	0
74	98	0
3	24	0
57	96	0
96	62	0
31	78	0
82	2	0
45	61	0
73	20	0
62	5	0
43	16	1
43	14	1
99	12	0
84	43	0
12	90	0
79	14	0
91	95	0
22	99	0
98	70	0
41	43	0
15	30	0
76	99	0
60	48	0
5	85	0
67	37	0
76	42	0
67	45	0
78	73	0
30	67	0
92	61	0
33	98	0
96	68	0
22	98	0
90	91	0
39	32	0
61	63	0
60	93	0
46	65	0
62	96	0
77	49	0
41	44	0
33	55	0
90	2	0
1	83	0
97	57	0
20	87	0
44	66	0
42	82	0
81	40	0
35	48	0
50	24	0
86	53	0
70	16	0
85	94	0
49	96	0
39	56	0
48	11	0
38	42	0
56	98	0
46	19	0
44	66	0
84	75	0
34	9	0
89	89	0
70	5	0
12	8	0
42	37	0
20	73	0
42	0	0
8	78	0
86	80	0
63	88	0
63	40	0
69	0	0
41	62	0
44	72	0
96	54	0
98	3	0
9	71	0
84	6	0
51	69	0
53	27	0
32	4	0
36	58	0
84	87	0
31	67	0
45	77	0
65	27	0
20	54	1
73	32	0
48	55	0
64	89	0
26	99	0
96	14	0
90	17	0
74	16	0
14	63	0
30	98	0
25	90	0
66	40	0
75	82	0
76	93	0
5	35	0
57	39	0
67	84	0
74	63	0
64	82	0
12	90	0
18	76	0
44	28	0
48	16	0
6	34	0
43	41	0
37	45	0
99	29	0
85	40	0
72	12	0
74	38	0
60	52	0
29	52	1
45	23	0
93	79	0
44	90	0
85	58	0
34	67	0
39	92	0
79	54	0
21	47	1
78	26	0
31	18	0
97	54	0
73	89	0
46	43	0
10	50	1
43	12	0
53	53	0
42	86	0
64	90	0
96	58	0
11	82	0
65	45	0
14	63	0
64	46	0
43	72	0
57	54	0
45	74	0
64	76	0
3	63	0
63	64	0
81	49	0
86	56	0
34	70	0
66	86	0
45	17	0
94	17	0
49	43	0
96	7	0
5	83	0
42	87	0
88	60	0
9	49	1
76	74	0
17	89	0
15	82	0
85	81	0
43	26	0
0	74	0
71	98	0
50	58	0
94	66	0
22	99	0
82	42	0
15	0	0
39	69	0
22	81	0
36	14	0
9	15	0
87	61	0
99	19	0
50	13	0
74	38	0
82	14	0
20	5	0
32	64	0
78	31	0
12	66	0
56	82	0
0	44	0
22	78	0
71	54	0
53	96	0
73	51	0
76	82	0
76	60	0
45	52	0
79	74	0
5	79	0
41	40	0
27	78	0
80	48	0
69	38	0
94	52	0
98	94	0
89	90	0
41	72	0
75	41	0
60	61	0
29	23	1
29	19	1
38	59	0
2	43	0
69	4	0
70	78	0
92	76	0
87	11	0
56	84	0
1	96	0
53	10	0
51	23	0
68	23	0
55	27	0
35	17	1
81	11	0
32	92	0
68	21	0
36	89	0
97	17	0
40	69	0
62	35	0
65	96	0
80	67	0
38	81	0
67	94	0
89	69	0
90	43	0
17	56	1
90	79	0
74	95	0
13	57	1
97	47	0
34	70	0
95	86	0
54	87	0
32	13	1
80	80	0
96	43	0
50	88	0
77	69	0
94	55	0
78	39	0
29	51	0
1	57	0
60	80	0
67	24	0
52	37	0
45	12	0
88	85	0
12	51	1
66	31	0
43	13	0
46	19	0
8	86	0
11	62	0
5	86	0
65	43	0
95	22	0
96	28	0
96	0	0
75	94	0
3	57	0
62	19	0
57	49	0
33	80	0
96	25	0
61	50	0
38	89	0
24	97	0
35	73	0
19	97	0
32	6	0
71	69	0
45	21	0
43	75	0
50	43	0
8	44	0
69	65	0
67	15	0
26	88	0
95	59	0
23	44	1
16	29	0
15	73	0
80	64	0
60	60	0
46	50	0
96	54	0
99	66	0
69	50	0
55	12	0
72	65	0
85	43	0
13	38	0
89	81	0
52	38	0
23	78	0
5	83	0
26	94	0
26	59	0
96	20	0
0	54	0
56	88	0
5	87	0
91	67	0
45	27	0
86	24	0
18	24	0
35	34	0
73	14	0
24	76	0
40	51	0
97	53	0
87	43	0
6	0	0
4	50	0
52	16	0
1	45	0
79	5	0
48	69	0
24	28	1
90	91	0
0	10	0
43	94	0
90	37	0
35	1	0
90	86	0
47	67	0
70	66	0
39	39	0
98	39	0
93	79	0
15	61	0
13	76	0
1	42	0
23	71	0
16	92	0
70	19	0
26	54	0
9	90	0
30	25	0
60	13	0
33	66	0
68	43	0
44	9	0
40	74	0
96	26	0
2	27	0
76	44	0
87	26	0
41	52	0
25	23	0
45	6	0
18	88	0
48	68	0
31	60	0
22	16	0
18	88	0
22	81	0
58	49	0
89	47	0
35	69	0
83	92	0
51	29	0
68	69	0
49	89	0
2	85	0
82	40	0
45	53	0
12	20	0
97	65	0
52	54	0
93	22	0
81	11	0
84	35	0
61	94	0
46	47	0
49	36	0
67	27	0
41	3	0
48	90	0
47	72	0
15	44	1
86	29	0
58	96	0
88	48	0
86	51	0
37	75	0
30	67	0
78	28	0
51	39	0
72	6	0
99	89	0
75	81	0
48	71	0
71	43	0
73	91	0
14	76	0
54	15	0
21	98	0
7	59	0
47	58	0
77	80	0
62	12	0
97	98	0
91	18	0
98	99	0
61	8	0
75	23	0
65	56	0
55	25	0
20	89	0
51	85	0
77	77	0
7	35	0
13	78	0
14	74	0
40	8	0
39	44	0
18	49	1
0	45	0
81	44	0
47	24	0
13	63	0
21	83	0
59	97	0
88	43	0
2	71	0
65	47	0
28	78	0
81	62	0
73	31	0
5	54	0
24	54	0
83	38	0
73	53	0
83	53	0
11	66	0
58	54	0
1	93	0
2	6	0
87	66	0
19	67	0
20	8	0
0	93	0
21	86	0
91	38	0
73	79	0
83	61	0
86	83	0
51	70	0
63	35	0
5	69	0
50	62	0
36	61	0
62	51	0
94	19	0
