90	67	0
50	16	0
42	15	0
48	97	0
7	20	0
96	32	0
97	85	0
42	10	0
77	83	0
42	39	0
79	35	0
4	85	0
18	15	0
21	63	0
99	16	0
95	75	0
65	28	0
32	47	0
99	66	0
92	1	0
41	81	0
69	81	0
70	97	0
71	0	0
44	91	0
57	0	0
75	75	0
71	95	0
98	53	0
4	38	0
38	37	0
45	27	0
90	27	0
43	47	0
87	65	0
12	92	0
60	85	0
98	26	0
81	89	0
55	0	0
20	51	0
81	50	0
96	61	0
58	74	0
96	42	0
11	83	0
30	43	0
61	10	0
95	55	0
12	64	0
62	8	0
31	88	0
50	96	0
33	64	0
98	64	0
40	29	0
43	39	0
78	75	0
93	96	0
82	15	0
14	94	0
92	12	0
47	2	0
75	73	0
45	19	0
16	81	0
76	11	0
39	78	0
86	85	0
62	65	0
17	23	0
76	85	0
29	34	0
16	47	0
89	41	0
13	36	0
39	76	0
50	82	0
73	23	0
41	96	0
63	99	0
0	1	0
8	11	0
99	13	0
98	15	0
33	48	0
81	43	0
23	22	0
78	57	0
30	51	0
34	12	0
39	9	0
73	36	0
17	87	0
72	7	0
54	78	0
40	11	0
48	29	0
96	40	0
38	73	0
77	55	0
23	60	0
77	94	0
3	77	0
43	83	0
84	45	0
63	5	0
44	66	0
13	64	0
55	4	0
66	57	0
15	60	0
44	4	0
40	61	0
29	39	0
94	83	0
52	45	0
1	1	0
29	96	0
78	9	0
66	68	0
14	31	0
85	81	0
94	16	0
69	66	0
57	79	0
32	10	0
57	98	0
75	78	0
75	55	0
35	98	0
68	27	0
39	23	0
21	36	0
83	11	0
2	75	0
98	69	0
96	16	0
86	33	0
39	52	0
56	19	0
85	80	0
3	17	0
38	12	0
85	70	0
31	42	0
87	77	0
77	90	0
59	14	0
44	31	0
53	62	0
9	50	0
28	77	0
15	58	0
80	73	0
38	51	0
48	97	0
80	59	0
73	74	0
48	81	0
18	38	0
88	73	0
2	30	0
40	46	0
25	16	0
18	76	0
39	76	0
95	36	0
33	30	0
82	15	0
37	81	0
59	28	0
50	38	0
83	81	0
24	53	0
72	78	0
33	86	0
31	56	0
36	17	0
59	11	0
34	80	0
16	77	0
73	85	0
89	54	0
16	86	0
21	34	0
97	66	0
29	61	0
26	93	0
47	92	0
44	51	0
33	10	0
18	40	0
69	85	0
83	97	0
58	86	0
75	23	0
6	71	0
56	2	0
76	12	0
66	27	0
72	23	0
25	57	0
3	66	0
55	57	0
80	36	0
34	73	0
89	23	0
43	88	0
30	67	0
33	18	0
74	72	0
30	59	0
39	10	0
5	93	0
68	14	0
99	85	0
86	92	0
96	16	0
2	80	0
15	68	0
93	44	0
49	71	0
39	48	0
52	68	0
56	69	0
45	59	0
6	72	0
31	64	0
67	8	0
0	65	0
63	99	0
81	47	0
42	87	0
88	59	0
47	8	0
43	63	0
22	79	0
41	92	0
60	37	0
62	31	0
22	31	0
95	63	0
73	44	0
82	60	0
7	75	0
57	19	0
10	89	0
72	61	0
56	46	0
63	51	0
55	15	0
2	53	0
81	41	0
55	5	0
74	63	0
44	86	0
73	42	0
99	35	0
97	3	0
3	64	0
85	71	0
21	93	0
98	64	0
47	88	0
62	30	0
46	2	0
22	91	0
68	35	0
42	58	0
45	78	0
46	7	0
22	91	0
66	94	0
88	83	0
69	32	0
87	68	0
10	85	0
52	47	0
52	7	0
69	25	0
32	16	0
31	5	0
49	9	0
59	51	0
70	35	0
36	55	0
33	47	0
44	64	0
69	84	0
88	81	0
60	84	0
87	19	0
84	55	0
78	11	0
19	52	0
32	9	0
85	40	0
61	26	0
71	72	0
5	38	0
47	71	0
54	26	0
27	97	0
35	91	0
19	71	0
92	63	0
43	31	0
37	5	0
28	59	0
89	61	0
74	17	0
80	91	0
21	8	0
67	96	0
10	78	0
48	87	0
40	36	0
1	54	0
79	4	0
20	30	0
94	15	0
43	19	0
12	2	1
85	11	0
35	45	0
19	49	0
85	27	0
94	54	0
2	28	0
28	32	0
0	65	0
36	88	0
19	86	0
4	11	0
45	85	0
53	70	0
49	43	0
65	24	0
47	92	0
37	66	0
88	96	0
42	34	0
14	46	0
23	40	0
58	70	0
84	91	0
46	20	0
90	6	0
29	2	0
63	2	0
57	13	0
20	41	0
77	64	0
67	0	0
13	32	0
48	14	0
54	47	0
45	50	0
22	62	0
84	79	0
76	50	0
17	54	0
48	34	0
98	12	0
58	5	0
63	18	0
57	41	0
25	31	0
8	71	0
67	74	0
19	80	0
36	87	0
23	95	0
51	28	0
42	41	0
87	58	0
72	43	0
6	84	0
76	80	0
56	84	0
18	30	1
74	27	0
56	98	0
73	2	0
89	59	0
81	48	0
32	15	0
41	40	0
33	45	0
89	84	0
3	8	0
73	22	0
93	1	0
14	43	0
33	98	0
67	72	0
87	3	0
6	56	0
95	33	0
46	95	0
74	14	0
64	50	0
48	54	0
44	40	0
31	36	0
46	34	0
69	85	0
80	43	0
37	34	0
76	69	0
22	57	0
15	91	0
90	88	0
39	36	0
0	80	0
61	23	0
87	15	0
80	46	0
13	58	0
66	47	0
36	34	0
51	44	0
3	97	0
68	26	0
52	13	0
86	57	0
47	21	0
29	82	0
21	3	0
78	46	0
12	0	1
73	98	0
5	78	0
38	54	0
47	78	0
58	33	0
21	98	0
16	46	0
30	43	0
58	17	0
88	26	0
85	22	0
86	89	0
21	62	0
30	23	0
29	32	0
82	20	0
55	59	0
70	93	0
16	37	0
72	99	0
89	66	0
35	70	0
66	9	0
71	41	0
78	18	0
77	9	0
44	23	0
42	33	0
98	3	0
81	30	0
2	69	0
89	12	0
99	99	0
4	99	0
85	54	0
54	48	0
23	17	0
95	89	0
66	57	0
14	99	0
66	31	0
80	40	0
85	52	0
82	63	0
31	72	0
75	77	0
41	97	0
78	71	0
23	30	0
32	98	0
98	82	0
32	34	0
28	43	0
67	80	0
59	92	0
43	65	0
56	94	0
57	54	0
37	65	0
29	66	0
84	27	0
18	90	0
85	52	0
25	90	0
45	64	0
41	74	0
86	33	0
32	31	0
21	48	0
53	27	0
92	67	0
71	13	0
86	98	0
73	98	0
37	52	0
67	3	0
32	45	0
35	90	0
38	32	0
52	68	0
67	80	0
27	23	0
81	98	0
41	26	0
27	21	0
65	37	0
28	79	0
43	16	0
2	60	0
88	81	0
56	92	0
52	44	0
81	11	0
49	71	0
43	53	0
98	59	0
83	4	0
1	71	0
75	1	0
69	71	0
72	30	0
37	16	0
31	71	0
86	80	0
28	69	0
56	84	0
77	22	0
11	65	0
67	18	0
44	62	0
60	98	0
30	95	0
89	4	0
95	21	0
61	12	0
36	90	0
14	91	0
5	87	0
75	42	0
69	64	0
69	77	0
17	51	0
78	33	0
68	68	0
91	73	0
57	61	0
22	61	0
23	64	0
39	21	0
43	33	0
0	42	0
44	63	0
40	45	0
96	34	0
76	34	0
74	1	0
83	39	0
55	69	0
22	55	0
58	32	0
90	77	0
62	87	0
96	75	0
15	49	0
61	75	0
66	49	0
30	56	0
83	34	0
18	56	0
42	23	0
79	53	0
82	95	0
57	55	0
19	68	0
44	6	0
54	66	0
30	84	0
44	28	0
84	80	0
89	73	0
16	97	0
52	72	0
11	76	0
70	60	0
34	53	0
46	62	0
37	75	0
61	73	0
22	26	1
11	64	0
95	80	0
76	56	0
99	58	0
28	60	0
52	86	0
64	24	0
93	26	0
38	52	0
97	6	0
19	89	0
27	31	0
34	76	0
93	59	0
21	43	0
85	70	0
20	96	0
6	70	0
15	4	1
92	87	0
40	32	0
2	69	0
74	87	0
48	63	0
83	64	0
26	93	0
98	38	0
24	8	0
37	82	0
29	73	0
33	19	0
25	39	0
2	17	0
79	72	0
93	7	0
60	5	0
75	10	0
93	44	0
29	6	0
30	48	0
96	41	0
11	53	0
58	79	0
1	58	0
17	75	0
75	55	0
48	95	0
75	48	0
70	79	0
32	36	0
76	67	0
38	55	0
83	49	0
15	78	0
46	38	0
31	69	0
78	34	0
59	36	0
99	79	0
97	99	0
87	80	0
29	72	0
16	30	0
56	42	0
49	74	0
29	12	0
25	3	0
37	68	0
15	38	0
62	4	0
69	83	0
77	64	0
92	15	0
7	51	0
66	89	0
3	94	0
51	7	0
67	51	0
70	14	0
36	19	0
25	37	0
39	17	0
73	6	0
43	85	0
57	29	0
32	82	0
75	11	0
31	46	0
49	63	0
75	21	0
90	71	0
63	71	0
33	67	0
51	85	0
75	84	0
83	47	0
20	65	0
75	76	0
65	94	0
18	41	0
19	56	0
95	35	0
34	93	0
96	85	0
72	85	0
50	3	0
58	55	0
87	57	0
67	85	0
83	49	0
98	80	0
83	28	0
9	65	0
3	59	0
69	87	0
76	38	0
53	62	0
56	6	0
34	15	0
80	72	0
30	36	0
14	62	0
46	50	0
53	36	0
34	16	0
52	27	0
14	84	0
28	39	0
9	63	0
16	73	0
74	47	0
19	17	0
62	11	0
98	28	0
79	2	0
57	79	0
7	59	0
64	30	0
48	32	0
61	81	0
91	16	0
37	45	0
59	62	0
51	77	0
16	96	0
40	67	0
39	84	0
27	31	0
73	83	0
44	46	0
33	85	0
62	34	0
13	46	0
62	62	0
61	24	0
28	73	0
79	39	0
54	44	0
46	44	0
31	15	0
8	61	0
77	71	0
74	65	0
38	44	0
85	62	0
85	71	0
75	25	0
59	8	0
83	79	0
80	11	0
6	66	0
73	75	0
35	17	0
68	37	0
14	65	0
10	88	0
38	90	0
28	53	0
95	30	0
20	53	0
55	97	0
18	87	0
97	69	0
54	59	0
81	42	0
20	0	0
52	18	0
62	5	0
5	6	1
11	76	0
61	59	0
81	66	0
71	45	0
15	1	0
25	44	0
66	8	0
7	82	0
78	4	0
43	68	0
48	22	0
76	94	0
0	30	0
17	90	0
99	52	0
31	11	0
99	82	0
57	65	0
75	47	0
50	27	0
91	28	0
90	74	0
10	68	0
0	79	0
18	54	0
9	86	0
1	85	0
79	22	0
38	41	0
1	94	0
50	11	0
70	3	0
38	54	0
72	45	0
49	20	0
27	68	0
30	28	0
82	15	0
14	43	0
88	57	0
94	4	0
59	59	0
27	13	0
51	8	0
13	99	0
54	77	0
39	66	0
39	15	0
3	83	0
3	94	0
65	51	0
91	41	0
38	30	0
30	77	0
23	25	1
99	94	0
51	32	0
56	72	0
65	90	0
2	82	0
71	25	0
59	64	0
25	35	0
97	75	0
45	67	0
99	23	0
73	12	0
85	22	0
78	91	0
45	61	0
36	79	0
81	20	0
28	9	0
64	92	0
73	74	0
18	46	0
71	40	0
70	95	0
85	11	0
95	54	0
28	75	0
61	51	0
26	31	0
86	21	0
33	48	0
64	3	0
97	98	0
76	63	0
49	79	0
76	28	0
74	70	0
8	88	0
42	6	0
13	90	0
2	66	0
67	69	0
69	94	0
75	9	0
92	94	0
83	12	0
81	77	0
63	5	0
87	34	0
86	46	0
52	36	0
13	79	0
55	87	0
60	79	0
20	54	0
7	42	0
32	97	0
10	64	0
41	0	0
30	52	0
12	62	0
43	33	0
4	38	0
95	54	0
53	23	0
9	49	0
26	86	0
78	75	0
0	0	0
92	65	0
17	69	0
64	44	0
30	57	0
91	48	0
54	40	0
0	12	0
3	50	0
23	61	0
96	64	0
70	49	0
96	60	0
5	59	0
70	63	0
7	76	0
0	22	0
87	59	0
26	62	0
40	9	0
35	31	0
11	83	0
31	87	0
3	3	1
80	46	0
72	66	0
79	60	0
73	78	0
39	75	0
43	21	0
0	71	0
50	71	0
38	46	0
60	53	0
88	9	0
