95	66	0
47	19	0
44	17	0
46	98	0
4	21	0
95	33	0
94	84	0
41	15	0
68	76	0
33	37	0
84	38	0
9	82	0
15	10	0
25	60	0
98	25	0
94	71	0
64	31	0
31	49	0
96	60	0
93	2	0
46	85	0
68	79	0
75	92	0
69	0	0
41	85	0
61	1	0
75	81	0
67	93	0
98	64	0
1	35	0
46	38	0
45	27	0
86	32	0
50	47	0
87	62	0
17	93	0
56	88	0
97	25	0
77	98	0
53	2	0
21	49	0
80	49	0
87	65	0
54	73	0
96	43	0
14	83	0
25	44	0
60	11	0
89	62	0
13	64	0
62	6	0
26	84	0
54	95	0
33	67	0
96	61	0
41	25	0
40	33	0
78	72	0
96	94	0
82	18	0
9	95	0
89	10	0
44	3	0
78	71	0
41	17	0
13	82	0
79	11	0
41	76	0
79	92	0
58	65	0
10	25	0
77	82	0
27	35	0
20	50	0
90	36	0
10	36	0
40	76	0
44	86	0
70	20	0
36	97	0
60	94	0
3	2	1
7	14	0
97	16	0
93	23	0
37	50	0
82	42	0
24	19	0
79	57	0
29	43	0
34	12	0
43	8	0
74	36	0
15	91	0
66	9	0
53	77	0
41	8	0
47	29	0
94	45	0
34	71	0
83	55	0
17	55	0
73	87	0
9	78	0
44	86	0
87	49	0
59	1	0
50	67	0
20	63	0
60	1	0
60	57	0
14	62	0
45	5	0
37	55	0
36	39	0
90	92	0
53	43	0
1	6	1
26	90	0
75	7	0
66	65	0
20	31	1
82	78	0
98	8	0
67	67	0
54	77	0
30	13	0
53	98	0
84	80	0
80	54	0
32	97	0
67	25	0
44	22	0
18	40	0
84	9	0
5	77	0
96	68	0
98	21	0
89	32	0
39	56	0
60	17	0
87	84	0
8	15	0
46	15	0
90	65	0
36	37	0
77	79	0
85	91	0
49	14	0
44	30	0
55	60	0
5	44	0
24	68	0
11	62	0
81	74	0
41	51	0
45	97	0
79	58	0
72	74	0
53	85	0
19	46	0
90	62	0
3	29	0
40	52	0
20	18	0
25	77	0
37	83	0
90	35	0
34	35	0
84	16	0
37	86	0
60	33	0
52	42	0
78	81	0
24	55	0
66	86	0
35	87	0
32	51	0
33	24	0
61	12	0
34	76	0
24	77	0
79	81	0
90	59	0
9	87	0
23	34	0
99	71	0
29	60	0
30	92	0
55	87	0
41	53	0
27	11	0
18	37	0
65	86	0
81	94	0
56	83	0
73	26	0
5	72	0
54	4	0
76	21	0
68	27	0
69	26	0
21	58	0
1	65	0
50	57	0
75	32	0
38	66	0
97	26	0
39	90	0
30	63	0
36	13	0
79	70	0
32	53	0
31	5	0
11	94	0
67	11	0
96	87	0
81	90	0
93	17	0
1	78	0
13	70	0
98	45	0
51	73	0
40	47	0
51	61	0
57	69	0
49	63	0
12	77	0
36	60	0
69	7	0
0	65	0
66	92	0
84	46	0
41	88	0
86	60	0
52	16	0
46	68	0
21	82	0
36	99	0
57	36	0
67	30	0
26	40	0
97	59	0
77	42	0
78	61	0
9	71	0
56	23	0
5	87	0
70	61	0
53	49	0
63	45	0
52	20	0
3	57	0
82	35	0
51	6	0
74	68	0
46	80	0
68	32	0
95	35	0
95	3	0
0	68	0
91	68	0
25	98	0
98	68	0
44	92	0
65	29	0
52	2	0
23	94	0
66	36	0
42	59	0
44	76	0
48	7	0
23	88	0
71	90	0
87	81	0
72	38	0
88	69	0
18	89	0
45	48	0
55	9	0
63	24	0
27	15	0
38	0	0
52	7	0
56	56	0
76	38	0
36	53	0
30	53	0
40	65	0
71	86	0
90	83	0
62	79	0
82	15	0
80	50	0
82	10	0
19	55	0
29	17	0
84	37	0
67	31	0
73	76	0
5	40	0
50	76	0
55	20	0
29	91	0
31	93	0
23	75	0
98	64	0
44	21	0
37	8	0
29	58	0
86	59	0
72	15	0
81	91	0
12	6	0
66	85	0
8	73	0
48	86	0
40	33	0
0	50	0
83	5	0
22	36	0
84	13	0
57	16	0
87	12	0
35	43	0
17	48	0
81	27	0
90	56	0
2	23	0
24	35	0
6	63	0
35	86	0
16	85	0
3	13	1
45	87	0
56	76	0
49	46	0
72	23	0
45	92	0
41	68	0
90	97	0
37	33	0
16	47	0
21	44	0
59	76	0
81	87	0
40	26	0
86	9	0
27	5	0
62	1	0
61	13	0
24	43	0
77	65	0
73	4	0
14	34	0
44	19	0
53	42	0
44	47	0
20	59	0
89	81	0
76	50	0
11	56	0
52	33	0
93	8	0
56	7	0
62	21	0
53	39	0
26	34	0
10	72	0
69	75	0
16	79	0
32	91	0
24	99	0
53	26	0
39	42	0
92	50	0
74	46	0
5	81	0
80	81	0
61	82	0
77	29	0
65	96	0
78	3	0
80	57	0
79	55	0
29	13	0
41	47	0
32	41	0
88	84	0
0	4	1
68	23	0
89	4	0
19	39	0
37	90	0
67	72	0
83	8	0
6	59	0
97	30	0
46	95	0
78	20	0
66	48	0
48	56	0
47	40	0
27	38	0
43	39	0
71	80	0
83	38	0
44	29	0
75	71	0
27	56	0
14	95	0
92	90	0
29	37	0
0	78	0
66	28	0
95	14	0
80	48	0
5	59	0
63	45	0
40	34	0
44	48	0
4	98	0
69	20	0
51	8	0
90	53	0
51	18	0
28	80	0
22	6	0
71	51	0
64	94	0
1	73	0
46	58	0
45	74	0
56	25	0
26	99	0
14	43	0
28	38	0
61	16	0
86	26	0
94	18	0
86	91	0
21	57	0
30	24	0
32	30	0
86	18	0
61	60	0
70	90	0
21	42	0
70	98	0
90	67	0
36	76	0
67	8	0
65	41	0
74	23	0
73	8	0
47	21	0
44	31	0
91	0	0
81	32	0
0	73	0
84	11	0
93	99	0
0	99	0
88	54	0
51	45	0
20	16	0
95	86	0
66	57	0
12	94	0
60	26	0
83	36	0
81	55	0
81	64	0
30	71	0
77	75	0
39	98	0
80	73	0
15	27	0
38	99	0
95	84	0
37	38	0
30	35	0
61	81	0
56	96	0
43	67	0
59	99	0
56	50	0
34	64	0
29	67	0
86	19	0
20	98	0
88	43	0
28	92	0
50	67	0
43	81	0
89	34	0
33	42	0
24	49	0
51	24	0
91	62	0
66	12	0
90	98	0
71	99	0
40	56	0
61	3	0
31	46	0
39	92	0
37	24	0
47	64	0
69	79	0
28	22	0
87	97	0
40	25	0
25	19	0
65	38	0
23	79	0
43	13	0
6	56	0
87	85	0
55	88	0
59	43	0
80	8	0
47	72	0
44	52	0
97	58	0
83	3	0
5	70	0
80	2	0
69	73	0
77	34	0
37	11	0
34	68	0
84	77	0
28	65	0
48	86	0
80	23	0
14	61	0
71	23	0
45	61	0
67	96	0
32	93	0
87	8	0
93	28	0
64	18	0
34	86	0
12	87	0
8	87	0
70	45	0
69	65	0
67	82	0
11	43	0
75	33	0
63	63	0
84	74	0
52	60	0
19	61	0
26	62	0
39	22	0
43	23	0
0	40	0
43	64	0
36	47	0
88	31	0
72	29	0
76	0	0
83	45	0
56	71	0
24	58	0
57	28	0
92	77	0
62	88	0
94	70	0
17	52	0
55	75	0
71	48	0
30	52	0
75	31	0
20	57	0
38	22	0
79	53	0
86	97	0
58	57	0
14	61	0
51	2	0
52	60	0
33	88	0
36	36	0
85	83	0
92	71	0
14	99	0
65	73	0
10	73	0
79	57	0
31	48	0
50	60	0
30	76	0
58	70	0
19	31	1
9	61	0
93	79	0
73	53	0
97	54	0
23	62	0
56	88	0
57	29	0
93	25	0
40	43	0
97	13	0
21	86	0
30	34	0
35	73	0
85	56	0
22	43	0
86	61	0
12	99	0
15	72	0
10	9	1
95	86	0
39	32	0
1	70	0
77	85	0
51	62	0
81	71	0
18	91	0
99	36	0
31	1	0
34	90	0
35	77	0
38	23	0
19	38	0
6	20	0
83	73	0
99	5	0
60	7	0
71	17	0
99	45	0
34	11	0
25	52	0
99	44	0
7	51	0
55	84	0
0	59	0
24	76	0
68	56	0
47	95	0
79	49	0
71	85	0
31	38	0
72	62	0
40	58	0
80	51	0
17	77	0
47	33	0
29	78	0
85	33	0
59	34	0
99	71	0
93	99	0
87	75	0
39	69	0
16	25	0
55	41	0
49	75	0
30	18	0
23	2	0
34	73	0
20	37	0
65	3	0
69	81	0
72	69	0
94	11	0
6	44	0
65	87	0
9	90	0
56	7	0
67	51	0
64	22	0
36	18	0
28	38	0
35	15	0
75	10	0
40	89	0
57	28	0
32	83	0
81	9	0
32	44	0
46	60	0
75	20	0
85	72	0
64	70	0
37	63	0
48	91	0
77	83	0
83	46	0
21	69	0
72	76	0
66	95	0
22	38	0
18	53	0
96	36	0
28	87	0
98	85	0
70	87	0
47	1	0
59	64	0
93	57	0
64	83	0
81	49	0
92	74	0
85	34	0
10	58	0
7	59	0
70	87	0
77	42	0
54	62	0
59	13	0
32	15	0
83	67	0
21	32	1
11	61	0
39	50	0
54	38	0
38	22	0
48	31	0
13	83	0
25	34	0
9	60	0
17	77	0
69	49	0
16	23	0
68	10	0
96	31	0
78	0	0
57	77	0
8	58	0
60	29	0
53	34	0
53	84	0
93	11	0
34	39	0
53	60	0
47	80	0
18	99	0
37	68	0
35	85	0
28	23	0
76	81	0
39	46	0
34	85	0
62	31	0
12	40	0
61	66	0
62	24	0
32	77	0
76	37	0
50	42	0
45	44	0
29	11	0
8	66	0
78	67	0
76	66	0
44	46	0
85	60	0
81	71	0
69	23	0
57	6	0
79	83	0
80	14	0
4	66	0
77	79	0
40	20	0
70	35	0
20	68	0
12	89	0
35	95	0
28	58	0
94	26	0
18	50	0
52	99	0
16	84	0
99	69	0
55	62	0
84	38	0
25	4	0
47	26	0
63	1	0
5	83	0
57	57	0
86	65	0
72	45	0
14	0	0
24	45	0
71	10	0
12	83	0
78	2	0
47	69	0
44	26	0
82	94	0
3	22	0
20	92	0
98	52	0
33	15	0
91	80	0
56	60	0
72	53	0
42	31	0
89	33	0
94	76	0
8	64	0
0	78	0
20	53	0
5	88	0
8	91	0
78	25	0
43	45	0
4	94	0
48	4	0
67	7	0
40	55	0
74	52	0
47	19	0
31	64	0
28	29	0
84	18	0
14	40	0
89	67	0
93	9	0
56	51	0
25	22	0
55	11	0
14	95	0
53	70	0
40	63	0
42	13	0
5	94	0
6	91	0
65	53	0
94	36	0
40	26	0
29	78	0
99	91	0
50	30	0
58	74	0
70	87	0
3	77	0
70	26	0
54	58	0
19	40	0
95	73	0
45	67	0
97	12	0
77	15	0
83	20	0
76	92	0
42	65	0
34	73	0
80	23	0
34	12	0
69	94	0
64	74	0
21	55	0
69	44	0
66	91	0
76	9	0
97	52	0
29	76	0
59	53	0
29	29	0
84	25	0
32	49	0
63	5	0
87	96	0
74	65	0
53	75	0
81	32	0
78	74	0
8	88	0
39	4	0
14	99	0
2	63	0
64	68	0
73	92	0
74	7	0
92	92	0
83	13	0
79	82	0
66	4	0
83	37	0
79	41	0
57	35	0
11	80	0
60	90	0
56	74	0
21	55	0
7	38	0
33	99	0
5	65	0
39	3	0
32	51	0
16	62	0
42	34	0
4	41	0
93	54	0
54	24	0
9	53	0
25	86	0
80	81	0
3	1	0
93	70	0
16	68	0
56	47	0
35	64	0
85	49	0
56	36	0
1	8	0
2	51	0
26	58	0
92	60	0
74	52	0
96	61	0
1	60	0
75	65	0
2	79	0
4	24	0
93	59	0
26	65	0
46	12	0
37	31	0
9	86	0
31	88	0
3	3	1
81	46	0
69	65	0
72	55	0
76	81	0
41	74	0
46	23	0
5	68	0
49	65	0
34	47	0
61	49	0
87	18	0
