92	60	0
27	6	0
29	26	0
64	97	0
12	1	0
85	40	0
96	93	0
49	11	0
58	78	0
60	29	0
80	49	0
9	82	0
14	1	0
15	86	0
96	22	0
74	74	0
53	45	0
16	61	1
92	57	0
97	14	0
48	99	0
59	66	0
74	74	0
50	4	0
28	71	0
58	15	0
93	71	0
72	97	0
91	82	0
8	42	0
54	9	0
48	27	0
99	29	0
15	56	1
76	66	0
15	89	0
37	92	0
81	15	0
78	90	0
39	11	0
40	63	0
84	64	0
93	70	0
51	61	0
95	47	0
15	79	0
68	1	0
97	71	0
15	71	0
67	9	0
4	77	0
50	90	0
30	72	0
95	67	0
56	38	0
39	35	0
89	83	0
94	91	0
98	6	0
19	95	0
99	12	0
26	3	0
75	89	0
34	0	0
5	86	0
85	17	0
32	76	0
63	95	0
38	61	0
6	31	0
69	81	0
11	50	1
86	34	0
26	89	0
50	98	0
65	26	0
28	88	0
54	99	0
0	16	0
96	10	0
79	16	0
49	75	0
87	41	0
93	57	0
55	17	0
34	9	0
67	47	0
4	95	0
58	2	0
43	64	0
45	9	0
55	31	0
82	24	0
36	57	0
88	47	0
9	62	0
82	93	0
2	87	0
46	94	0
87	52	0
72	17	0
36	69	0
32	60	0
62	4	0
71	54	0
10	64	0
31	2	0
13	46	1
40	48	1
63	82	0
44	37	0
8	92	0
78	32	0
38	82	0
73	73	0
91	9	0
72	88	0
65	70	0
23	24	0
62	95	0
95	83	0
72	62	0
22	94	0
66	36	0
33	20	0
74	9	0
15	54	1
96	71	0
94	31	0
86	50	0
38	47	0
54	0	0
66	70	0
13	26	0
47	27	0
97	55	0
51	26	0
57	76	0
56	81	0
50	19	0
39	40	0
60	29	0
9	48	1
15	52	1
62	89	0
47	62	0
41	94	0
70	38	0
72	64	0
58	66	0
97	62	0
24	18	0
46	48	0
14	14	0
18	75	0
24	67	0
83	43	0
40	48	0
91	2	0
37	86	0
52	26	0
36	42	0
76	80	0
27	61	0
54	63	0
44	95	0
31	50	0
40	14	0
56	15	0
39	97	0
30	64	0
78	79	0
91	66	0
19	95	0
97	71	0
29	51	0
24	74	0
49	73	0
52	62	0
12	30	0
74	89	0
98	80	0
40	69	0
72	37	0
4	46	0
58	8	0
72	60	0
55	17	0
81	17	0
18	44	1
0	51	0
40	59	0
63	33	0
46	67	0
88	30	0
34	95	0
24	57	0
42	16	1
80	87	0
45	57	0
27	10	0
23	77	0
62	12	0
98	94	0
44	89	0
97	4	0
8	66	0
15	69	0
99	29	0
48	88	0
60	76	0
70	69	0
45	65	0
18	77	0
17	51	0
59	3	0
16	58	1
59	89	0
97	54	0
41	86	0
80	68	0
84	21	0
57	78	0
27	85	0
35	92	0
40	24	0
72	27	0
82	44	0
55	44	0
70	69	0
1	45	0
66	22	0
19	95	0
67	68	0
79	41	0
64	31	0
48	0	0
5	45	0
89	24	0
34	26	1
69	72	0
60	95	0
77	53	0
94	33	0
95	12	0
0	30	0
84	77	0
33	96	0
89	83	0
37	99	0
60	35	0
74	27	0
18	89	0
82	24	0
24	58	0
29	73	0
48	13	0
31	97	0
82	88	0
79	78	0
92	52	0
97	55	0
14	82	0
37	69	0
83	11	0
73	45	0
36	19	1
37	4	0
46	29	0
48	51	0
83	49	0
26	57	0
41	46	0
30	78	0
71	90	0
85	56	0
58	77	0
84	5	0
92	39	0
61	11	0
30	39	1
85	44	0
73	52	0
66	72	0
4	35	0
37	70	0
59	29	0
16	94	0
30	84	0
11	88	0
90	77	0
47	19	0
40	1	0
37	50	1
75	67	0
67	4	0
88	91	0
28	5	0
50	95	0
15	62	0
51	91	0
45	37	0
7	46	0
76	36	0
77	13	0
46	18	0
79	9	0
40	57	0
11	52	1
77	16	0
78	57	0
6	9	0
6	65	0
35	96	0
15	85	0
45	98	0
47	66	0
72	41	0
65	7	0
45	84	0
45	71	0
98	80	0
1	56	0
65	48	0
72	79	0
85	19	0
32	6	0
43	0	0
51	15	0
42	28	0
78	55	0
61	15	0
18	48	0
26	16	0
36	59	0
44	38	0
87	73	0
84	60	0
1	48	0
53	38	0
91	7	0
68	15	0
72	22	0
52	42	0
41	32	0
0	78	0
69	89	0
37	75	0
12	99	0
24	69	0
54	5	0
47	38	0
92	44	0
88	50	0
13	63	0
81	70	0
79	83	0
83	25	0
78	92	0
75	2	0
72	67	0
77	56	0
62	51	0
84	78	0
66	5	0
95	16	0
32	52	0
52	94	0
66	73	0
83	14	0
25	72	0
94	20	0
59	97	0
90	22	0
61	23	0
34	57	0
64	36	0
36	55	0
50	87	0
80	30	0
33	19	1
83	81	0
41	55	0
18	93	0
96	98	0
49	28	0
2	88	0
53	50	0
95	7	0
80	39	0
26	66	0
65	55	0
59	50	0
16	96	0
83	25	0
37	14	0
86	50	0
48	44	0
37	90	0
17	6	0
53	59	0
51	87	0
4	47	0
41	79	0
43	82	0
53	26	0
22	80	0
15	29	0
75	1	0
72	20	0
96	3	0
86	89	0
25	68	0
40	26	0
82	1	0
72	54	0
72	98	0
2	22	0
55	96	0
95	61	0
34	80	0
84	5	0
46	63	0
74	25	0
63	6	0
45	13	1
40	11	1
97	13	0
84	44	0
13	89	0
79	13	0
89	98	0
23	97	0
98	70	0
46	44	0
12	30	0
76	98	0
58	49	0
5	83	0
67	36	0
76	44	0
70	45	0
78	70	0
32	66	0
93	59	0
32	99	0
93	69	0
21	97	0
92	91	0
43	35	0
62	60	0
60	92	0
47	63	0
58	98	0
79	47	0
42	43	0
33	55	0
89	2	0
1	85	0
95	61	0
18	89	0
45	64	0
44	82	0
82	37	0
33	51	0
51	22	0
86	53	0
68	19	0
83	92	0
45	98	0
43	57	0
48	10	0
39	44	0
54	99	0
47	17	0
45	70	0
86	72	0
36	8	0
90	88	0
73	7	0
13	8	0
43	37	0
19	72	0
41	1	0
9	78	0
88	81	0
60	89	0
63	44	0
65	2	0
38	65	0
42	73	0
94	54	0
99	4	0
11	69	0
81	8	0
49	69	0
48	28	0
33	4	0
35	54	0
82	86	0
31	70	0
47	79	0
63	28	0
73	32	0
51	56	0
63	91	0
28	96	0
99	15	0
89	20	0
73	14	0
13	63	0
30	97	0
22	89	0
63	40	0
76	82	0
74	93	0
8	35	0
53	40	0
66	85	0
74	64	0
60	79	0
14	91	0
18	76	0
41	29	0
46	13	1
10	31	0
43	40	0
37	43	0
98	28	0
81	42	0
75	11	0
73	36	0
59	50	0
45	25	0
97	79	0
48	86	0
87	61	0
35	66	0
39	92	0
80	52	0
25	47	1
74	23	0
33	15	0
95	50	0
74	87	0
46	42	0
7	50	1
45	11	1
51	56	0
40	88	0
65	93	0
96	61	0
15	81	0
64	45	0
11	62	0
61	46	0
42	74	0
56	55	0
44	76	0
64	78	0
1	61	0
59	62	0
75	51	0
87	56	0
30	76	0
69	86	0
44	20	0
94	15	0
51	44	0
96	9	0
6	82	0
42	87	0
86	58	0
9	47	1
75	72	0
15	89	0
15	79	0
81	83	0
44	28	0
1	73	0
71	98	0
50	60	0
93	65	0
24	99	0
83	45	0
13	3	0
39	69	0
21	82	0
35	15	0
7	15	0
86	58	0
98	21	0
49	12	0
75	36	0
81	15	0
21	7	0
31	62	0
78	33	0
5	70	0
55	83	0
1	44	0
17	79	0
70	50	0
52	97	0
73	49	0
74	84	0
78	60	0
44	51	0
80	75	0
8	79	0
39	39	0
25	78	0
80	51	0
71	38	0
91	53	0
94	94	0
86	91	0
45	69	0
73	43	0
59	58	0
29	23	1
28	20	1
38	55	0
4	47	0
66	3	0
70	81	0
90	78	0
86	12	0
54	85	0
2	94	0
53	14	0
52	23	0
71	27	0
56	27	0
34	18	1
80	12	0
31	93	0
70	21	0
33	86	0
96	19	0
44	72	0
60	39	0
66	94	0
77	70	0
40	81	0
67	94	0
88	68	0
90	42	0
17	54	1
94	81	0
74	95	0
15	58	1
98	49	0
36	71	0
96	86	0
52	84	0
32	13	1
80	79	0
94	43	0
51	86	0
78	69	0
93	52	0
77	39	0
33	51	0
3	59	0
62	79	0
65	21	0
55	34	0
42	13	0
88	86	0
13	50	1
68	34	0
40	12	1
46	19	0
10	86	0
10	63	0
7	85	0
65	42	0
97	23	0
96	30	0
99	0	0
76	96	0
5	55	0
60	19	0
58	50	0
33	81	0
96	21	0
61	50	0
37	88	0
26	99	0
34	71	0
19	98	0
32	6	0
67	71	0
47	23	0
43	73	0
50	46	0
8	44	0
69	61	0
67	13	0
26	90	0
99	58	0
23	46	1
16	29	0
16	69	0
80	64	0
63	59	0
49	50	0
95	50	0
98	66	0
70	49	0
59	13	0
71	63	0
86	43	0
8	39	0
88	79	0
55	39	0
22	81	0
7	81	0
28	97	0
24	59	0
95	25	0
1	49	0
58	91	0
9	83	0
90	68	0
46	27	0
83	26	0
16	24	0
31	35	0
74	13	0
23	76	0
37	53	0
92	50	0
90	42	0
7	1	0
6	51	0
47	16	0
0	46	0
72	4	0
45	68	0
27	29	1
93	88	0
1	11	0
47	96	0
91	34	0
37	1	0
90	87	0
46	66	0
72	65	0
36	34	0
99	36	0
93	78	0
14	62	0
15	75	0
0	42	0
19	68	0
12	91	0
69	19	0
28	55	0
8	91	0
26	24	0
57	14	0
36	70	0
70	44	0
44	6	0
37	73	0
94	26	0
2	25	0
73	49	0
88	25	0
44	55	0
27	21	0
46	7	0
19	92	0
49	69	0
31	57	0
22	19	0
13	88	0
25	84	0
59	48	0
92	47	0
32	67	0
84	93	0
50	29	0
69	70	0
48	91	0
1	85	0
82	42	0
44	56	0
11	18	0
98	68	0
51	54	0
95	20	0
84	12	0
85	35	0
57	94	0
48	46	0
48	34	0
65	28	0
38	5	0
46	95	0
45	71	0
17	42	1
90	31	0
61	93	0
90	46	0
82	49	0
38	74	0
30	69	0
78	34	0
53	39	0
73	4	0
99	92	0
76	80	0
46	72	0
70	44	0
70	90	0
11	76	0
55	18	0
21	96	0
8	59	0
46	58	0
77	79	0
61	13	0
95	98	0
89	16	0
98	99	0
64	7	0
73	23	0
67	56	0
57	26	0
20	89	0
56	84	0
75	77	0
7	32	0
12	77	0
12	71	0
36	9	0
39	43	0
14	50	1
0	44	0
79	44	0
46	23	0
14	64	0
19	84	0
57	99	0
88	42	0
4	71	0
65	47	0
27	78	0
77	66	0
72	34	0
6	50	0
26	52	0
84	37	0
68	53	0
83	56	0
12	68	0
62	53	0
3	92	0
4	6	0
85	64	0
20	65	0
16	3	0
0	92	0
21	85	0
93	37	0
72	80	0
86	62	0
86	89	0
51	69	0
63	32	0
4	72	0
48	64	0
33	62	0
59	49	0
93	21	0
