90	60	0
30	3	0
31	37	0
62	97	0
20	5	0
96	41	0
96	91	0
55	14	0
56	70	0
62	24	0
82	51	0
2	86	0
14	2	0
26	87	0
97	26	0
73	77	0
56	37	0
15	57	0
89	51	0
95	12	0
45	95	0
58	64	0
73	83	0
54	7	0
30	75	0
48	15	0
89	70	0
64	89	0
89	82	0
2	36	0
53	12	0
42	21	0
96	28	0
20	54	0
82	63	0
13	87	0
37	93	0
90	20	0
80	84	0
43	8	0
35	67	0
89	67	0
98	74	0
52	62	0
99	49	0
9	82	0
68	4	0
99	66	0
11	70	0
72	9	0
11	77	0
63	89	0
30	75	0
99	70	0
44	39	0
40	27	0
94	86	0
98	93	0
99	6	0
17	93	0
96	10	0
34	4	0
69	80	0
33	0	0
3	95	0
87	14	0
32	82	0
63	94	0
44	60	0
5	28	0
67	87	0
14	56	0
96	27	0
37	85	0
58	99	0
61	32	0
30	96	0
58	94	0
3	17	0
99	14	0
89	18	0
50	72	0
84	37	0
91	59	0
50	15	0
28	10	0
69	51	0
7	96	0
49	0	0
45	71	0
44	5	0
57	30	0
82	36	0
31	61	0
75	47	0
3	62	0
83	94	0
1	86	0
37	97	0
95	56	0
69	15	0
34	69	0
33	63	0
66	2	0
71	51	0
2	66	0
34	1	0
11	43	0
38	47	0
60	78	0
48	37	0
11	95	0
80	24	0
47	82	0
71	67	0
93	11	0
73	90	0
54	77	0
34	20	0
60	95	0
98	75	0
79	62	0
23	95	0
65	31	0
32	16	0
22	47	1
72	12	0
11	59	0
95	71	0
99	24	0
81	43	0
38	50	0
59	1	0
78	65	0
24	21	0
42	28	0
97	60	0
46	37	0
59	81	0
58	80	0
52	26	0
43	42	0
60	42	0
14	47	0
21	46	1
22	57	0
77	86	0
49	59	0
41	99	0
74	42	0
71	63	0
53	71	0
89	65	0
19	18	0
52	55	0
22	13	0
15	71	0
32	63	0
87	35	0
38	44	0
91	3	0
42	89	0
56	25	0
42	47	0
79	78	0
29	70	0
50	66	0
41	85	0
38	54	0
42	11	0
52	18	0
43	87	0
25	65	0
76	82	0
95	67	0
31	99	0
99	74	0
32	51	0
23	71	0
47	75	0
53	54	0
24	20	0
72	87	0
98	74	0
54	67	0
62	30	0
5	40	0
55	3	0
72	51	0
58	21	0
79	19	0
21	50	0
6	47	0
47	51	0
71	27	0
37	68	0
80	25	0
41	98	0
24	64	0
38	24	0
80	83	0
39	52	0
29	9	0
24	83	0
60	3	0
91	85	0
47	90	0
91	3	0
8	72	0
18	65	0
99	32	0
55	84	0
28	47	1
56	71	0
60	64	0
45	56	0
19	75	0
25	58	0
69	4	0
9	60	0
62	79	0
97	46	0
42	89	0
82	63	0
72	23	0
52	68	0
17	83	0
35	97	0
46	28	0
77	35	0
82	51	0
58	41	0
72	67	0
5	41	0
58	27	0
19	93	0
59	61	0
76	41	0
71	26	0
48	5	0
12	47	0
93	22	0
35	19	0
67	70	0
60	84	0
70	42	0
92	37	0
99	9	0
3	38	0
94	75	0
27	97	0
96	77	0
33	96	0
62	33	0
74	31	0
22	86	0
81	21	0
32	59	0
29	76	0
47	9	0
29	96	0
76	89	0
78	86	0
95	47	0
98	67	0
13	92	0
36	73	0
74	6	0
78	52	0
35	17	0
38	1	0
50	25	0
54	49	0
81	46	0
33	52	0
38	48	0
34	72	0
73	90	0
88	59	0
57	83	0
82	11	0
95	37	0
63	15	0
25	39	0
76	46	0
80	49	0
73	70	0
6	39	0
31	64	0
62	20	0
15	89	0
31	84	0
17	79	0
86	72	0
52	17	0
35	0	0
33	53	0
79	73	0
64	6	0
79	93	0
20	0	0
51	96	0
8	66	0
51	91	0
44	35	0
5	53	0
71	35	0
72	15	0
50	18	0
77	12	0
39	63	0
6	56	0
70	19	0
85	64	0
4	7	0
5	64	0
31	95	0
7	87	0
48	93	0
51	66	0
62	44	0
68	2	0
46	80	0
47	69	0
89	90	0
37	26	1
2	56	0
27	45	1
59	51	0
74	77	0
31	29	1
82	27	0
35	5	0
51	8	0
50	18	0
37	39	0
72	65	0
70	10	0
7	47	0
32	10	0
47	61	0
42	32	0
26	45	1
89	77	0
80	54	0
9	47	0
63	36	0
96	9	0
61	10	0
66	25	0
44	39	0
36	33	0
1	75	0
62	80	0
36	75	0
22	96	0
25	80	0
54	12	0
43	40	0
99	43	0
80	50	0
3	59	0
81	68	0
79	79	0
84	27	0
80	85	0
79	7	0
75	64	0
77	61	0
25	31	1
59	49	0
31	46	1
91	75	0
68	4	0
96	23	0
33	48	0
45	96	0
61	76	0
82	16	0
17	68	0
97	28	0
65	97	0
85	19	0
65	27	0
39	60	0
60	37	0
34	52	0
56	85	0
78	35	0
34	20	0
74	83	0
34	55	0
20	99	0
97	98	0
50	36	0
2	92	0
52	52	0
95	10	0
83	39	0
19	68	0
68	50	0
38	20	1
54	46	0
6	97	0
86	24	0
45	9	0
93	46	0
54	47	0
28	91	0
11	4	0
62	59	0
58	96	0
4	48	0
39	82	0
36	82	0
45	27	0
18	83	0
17	31	0
68	4	0
77	16	0
84	3	0
96	89	0
24	69	0
48	21	0
83	4	0
76	57	0
73	92	0
2	21	0
60	93	0
98	63	0
32	81	0
79	0	0
44	59	0
69	19	0
67	11	0
39	21	0
40	15	0
95	10	0
83	34	0
10	92	0
81	12	0
95	97	0
25	96	0
94	70	0
39	50	0
16	26	0
79	97	0
64	44	0
3	91	0
69	35	0
80	36	0
74	44	0
83	67	0
27	65	0
90	62	0
39	93	0
92	75	0
29	94	0
89	84	0
46	33	0
62	65	0
62	99	0
46	64	0
60	99	0
71	53	0
40	48	0
40	61	0
87	3	0
1	89	0
99	56	0
25	87	0
46	68	0
44	83	0
89	45	0
31	54	0
40	17	0
83	55	0
62	17	0
82	99	0
43	91	0
44	53	0
49	16	0
32	42	0
56	96	0
42	18	0
34	70	0
83	76	0
39	10	0
95	90	0
66	5	0
2	9	0
44	38	0
21	68	0
41	0	0
14	73	0
91	80	0
61	83	0
67	42	0
63	2	0
46	63	0
46	59	0
96	55	0
94	6	0
5	67	0
84	4	0
50	71	0
57	30	0
35	8	0
31	62	0
85	87	0
32	71	0
44	84	0
70	31	0
23	46	1
70	35	0
42	58	0
62	94	0
28	98	0
97	14	0
96	16	0
73	12	0
22	76	0
28	96	0
24	88	0
61	40	0
75	82	0
75	90	0
4	37	0
68	36	0
72	78	0
72	62	0
64	75	0
15	86	0
15	72	0
38	18	0
49	17	0
8	37	0
42	47	0
40	47	0
90	30	0
87	39	0
81	13	0
72	49	0
56	52	0
26	47	0
46	27	0
92	81	0
46	98	0
83	55	0
38	65	0
38	93	0
78	57	0
28	52	0
77	24	0
24	35	1
31	11	0
91	54	0
78	93	0
49	45	0
12	47	0
48	10	0
49	56	0
40	84	0
29	26	1
74	89	0
96	57	0
9	82	0
73	47	0
13	59	0
63	48	0
43	70	0
54	50	0
42	77	0
64	68	0
4	63	0
67	62	0
73	44	0
83	54	0
36	63	0
65	81	0
42	8	0
95	22	0
55	45	0
93	4	0
12	85	0
36	83	0
84	61	0
20	51	0
73	75	0
14	90	0
18	82	0
89	85	0
45	27	0
1	66	0
67	99	0
50	64	0
89	66	0
24	95	0
89	32	0
16	2	0
36	70	0
25	83	0
36	15	0
15	52	1
16	19	0
84	68	0
97	14	0
53	7	0
69	40	0
91	17	0
22	8	0
30	64	0
87	33	0
5	61	0
57	82	0
0	51	0
28	76	0
75	62	0
55	96	0
71	50	0
67	82	0
69	56	0
50	52	0
78	76	0
6	78	0
46	38	0
22	77	0
86	49	0
70	28	0
93	59	0
95	98	0
88	89	0
40	72	0
78	44	0
58	60	0
34	26	0
34	13	0
35	66	0
8	43	0
70	8	0
73	77	0
85	86	0
89	0	0
15	46	1
58	81	0
12	92	0
49	9	0
56	30	0
62	22	0
54	20	0
40	20	0
76	10	0
36	99	0
71	21	0
31	96	0
98	21	0
39	63	0
67	39	0
73	99	0
74	68	0
39	73	0
67	97	0
83	61	0
90	46	0
12	64	0
88	79	0
76	93	0
12	61	0
99	42	0
31	70	0
98	88	0
47	90	0
30	13	0
76	70	0
95	55	0
52	80	0
73	77	0
99	61	0
75	38	0
29	58	0
1	63	0
63	80	0
68	32	0
50	41	0
53	11	0
30	27	1
88	79	0
15	57	0
66	25	0
41	4	0
53	22	0
10	86	0
12	58	0
8	78	0
73	48	0
93	21	0
93	30	0
95	5	0
66	95	0
6	58	0
61	26	0
58	50	0
39	83	0
93	25	0
61	57	0
32	81	0
22	88	0
39	68	0
23	96	0
31	4	0
69	74	0
46	16	0
39	74	0
52	43	0
3	43	0
69	64	0
64	15	0
29	85	0
94	56	0
27	50	0
20	34	0
15	68	0
79	57	0
67	58	0
45	50	0
94	69	0
98	67	0
65	46	0
65	16	0
79	62	0
82	35	0
10	48	0
85	81	0
52	34	0
16	69	0
1	84	0
29	96	0
25	58	0
93	22	0
1	51	0
57	91	0
1	87	0
85	63	0
47	36	0
87	27	0
17	20	0
32	36	0
73	16	0
32	75	0
46	48	0
99	63	0
84	35	0
4	0	0
2	43	0
54	14	0
3	46	0
77	8	0
47	75	0
31	34	0
96	92	0
2	10	0
40	94	0
94	45	0
39	4	0
90	89	0
51	62	0
66	63	0
38	39	0
90	37	0
88	82	0
12	63	0
7	76	0
7	44	0
23	72	0
13	84	0
66	18	0
30	59	0
18	90	0
33	14	0
57	17	0
37	63	0
60	46	0
44	9	0
34	71	0
27	24	1
96	20	0
3	30	0
79	41	0
94	23	0
48	48	0
29	19	0
46	1	0
16	92	0
44	66	0
39	57	0
28	13	0
20	97	0
22	80	0
62	43	0
95	39	0
31	71	0
89	99	0
53	25	0
64	69	0
60	90	0
3	89	0
85	40	0
54	60	0
15	23	0
95	67	0
54	51	0
99	17	0
70	11	0
87	29	0
60	93	0
51	43	0
46	38	0
67	25	0
46	5	0
45	85	0
50	76	0
25	53	0
83	31	0
51	91	0
92	40	0
93	54	0
35	78	0
37	64	0
83	27	0
48	47	0
71	9	0
98	95	0
77	77	0
45	73	0
72	42	0
72	92	0
13	78	0
51	17	0
12	99	0
13	59	0
51	61	0
73	78	0
63	16	0
98	91	0
91	14	0
98	97	0
62	5	0
77	24	0
69	66	0
60	33	0
20	83	0
46	87	0
71	80	0
29	39	1
8	33	0
20	83	0
8	78	0
39	13	0
40	49	0
21	56	0
0	46	0
88	45	0
48	22	0
14	63	0
30	82	0
66	94	0
95	38	0
0	68	0
70	42	0
32	72	0
80	48	0
73	36	0
4	48	0
25	53	0
84	39	0
71	58	0
84	48	0
7	65	0
63	51	0
1	82	0
2	1	0
92	63	0
14	64	0
22	6	0
37	23	1
2	95	0
20	77	0
91	42	0
76	81	0
82	59	0
87	84	0
50	66	0
64	39	0
4	72	0
46	66	0
30	62	0
64	42	0
94	15	0
