95	60	0
58	15	0
42	21	0
47	92	0
1	43	0
86	30	0
97	76	0
11	9	0
44	12	0
64	88	0
42	37	0
74	43	0
0	93	0
29	7	0
16	55	0
97	2	0
83	81	0
67	29	0
31	62	0
97	57	0
96	1	0
42	76	0
71	79	0
82	87	0
77	1	0
22	94	0
62	18	0
76	71	0
69	89	0
94	57	0
3	43	0
31	28	0
44	18	0
81	20	0
49	48	0
87	76	0
10	95	0
69	67	0
90	17	0
82	96	0
42	17	0
29	61	0
67	57	0
99	59	0
58	86	0
92	51	0
19	99	0
29	43	0
59	13	0
94	47	0
22	65	0
59	6	0
33	82	0
66	96	0
29	65	0
91	70	0
53	18	0
39	59	0
81	76	0
99	90	0
75	10	0
23	93	0
91	2	0
49	12	0
92	66	0
44	27	0
12	86	0
93	9	0
34	83	0
87	72	0
59	51	0
20	30	0
91	78	0
24	39	0
27	48	0
87	36	0
24	12	0
12	36	0
42	82	0
66	97	0
73	23	0
45	99	0
70	93	0
8	8	0
16	28	0
92	11	0
90	12	0
50	48	0
81	37	0
22	31	0
76	49	0
46	53	0
29	8	0
34	6	0
72	51	0
22	81	0
53	0	0
44	83	0
40	1	0
34	26	0
86	37	0
50	61	0
56	47	0
19	79	0
70	78	0
0	84	0
46	95	0
84	46	0
66	17	0
51	79	0
3	52	0
66	6	0
50	73	0
5	83	0
47	2	0
24	53	0
20	30	0
96	78	0
10	30	1
41	28	0
6	1	0
35	96	0
89	3	0
61	62	0
11	36	0
75	79	0
98	19	0
64	60	0
54	82	0
29	17	0
61	94	0
15	15	0
75	80	0
66	52	0
25	93	0
80	30	0
38	33	0
20	20	0
72	7	0
12	5	0
1	75	0
12	10	0
94	81	0
93	11	0
83	42	0
52	59	0
69	11	0
87	89	0
3	3	0
36	15	0
16	7	0
80	74	0
36	38	0
89	74	0
83	82	0
53	30	0
57	36	0
72	54	0
2	48	0
26	78	0
16	56	0
91	76	0
46	61	0
36	95	0
88	44	0
70	71	0
58	84	0
19	40	0
99	77	0
5	46	0
33	35	0
15	21	0
23	73	0
30	67	0
97	24	0
51	32	0
78	8	0
40	82	0
69	24	0
56	36	0
75	73	0
24	49	0
64	62	0
34	99	0
32	66	0
27	2	0
70	24	0
24	93	0
5	86	0
65	83	0
79	45	0
18	87	0
19	45	0
83	68	0
21	54	0
35	73	0
35	87	0
57	42	0
31	1	0
16	46	0
74	90	0
90	87	0
62	94	0
71	11	0
6	56	0
64	9	0
58	24	0
59	26	0
78	19	0
27	60	0
2	75	0
48	66	0
65	41	0
31	66	0
84	21	0
57	87	0
35	73	0
23	13	0
85	78	0
32	80	0
45	3	0
3	86	0
83	21	0
92	73	0
77	87	0
86	28	0
3	79	0
22	82	0
93	46	0
61	68	0
36	43	0
45	76	0
72	71	0
45	62	0
15	76	0
36	65	0
67	4	0
7	60	0
68	96	0
69	41	0
25	81	0
90	65	0
38	9	0
41	62	0
8	73	0
39	89	0
59	29	0
75	13	0
18	37	0
92	61	0
63	41	0
75	45	0
14	91	0
56	11	0
17	80	0
67	69	0
64	56	0
70	58	0
60	4	0
23	11	0
11	52	0
75	51	0
52	12	0
71	58	0
43	85	0
62	48	0
90	29	0
92	11	0
15	60	0
84	66	0
19	88	0
14	17	0
97	52	0
38	94	0
48	38	0
49	1	0
14	99	0
70	42	0
40	53	0
34	77	0
42	5	0
18	83	0
80	82	0
83	75	0
60	34	0
87	71	0
13	87	0
42	44	0
66	1	0
69	18	0
31	27	0
52	7	0
58	17	0
54	35	0
69	36	0
27	48	0
23	50	0
55	43	0
72	71	0
88	85	0
46	99	0
75	11	0
97	59	0
72	8	0
13	52	0
17	13	0
89	37	0
56	29	0
75	72	0
13	46	0
49	64	0
62	24	0
32	96	0
29	88	0
41	78	0
98	47	0
44	25	0
47	0	0
30	43	0
91	51	0
72	3	0
65	93	0
25	3	0
66	90	0
5	78	0
44	76	0
29	21	0
6	47	0
11	15	0
83	10	0
22	34	0
79	20	0
41	4	0
6	7	0
85	12	0
26	67	0
24	42	0
90	27	0
87	50	0
10	34	0
20	41	0
2	52	0
33	89	0
13	77	0
3	6	0
34	91	0
50	65	0
42	17	0
11	16	0
54	27	0
44	85	0
39	71	0
85	98	0
32	28	0
16	55	0
34	46	0
56	69	0
74	99	0
45	16	0
74	6	0
27	9	0
43	10	0
54	5	0
18	56	0
79	58	0
65	1	0
28	47	0
61	2	0
54	59	0
48	57	0
37	61	0
80	81	0
67	49	0
20	69	0
53	42	0
21	17	0
99	10	0
43	4	0
63	23	0
54	25	0
15	40	0
11	70	0
62	72	0
9	82	0
38	98	0
27	87	0
39	22	0
42	35	0
89	63	0
59	34	0
12	69	0
74	81	0
3	19	1
65	85	0
26	29	0
67	20	0
72	92	0
70	2	0
95	63	0
75	43	0
41	26	0
33	39	0
36	41	0
90	74	0
14	22	0
68	24	0
84	5	0
8	53	0
39	84	0
74	77	0
77	2	0
3	63	0
95	45	0
57	97	0
8	16	0
69	4	0
58	58	0
38	61	0
59	48	0
19	39	0
50	38	0
75	79	0
64	52	0
39	28	0
70	72	0
21	47	0
21	80	0
78	84	0
42	16	0
0	78	0
74	16	0
85	23	0
69	44	0
17	64	0
70	20	0
20	26	0
61	48	0
16	99	0
67	49	0
54	7	0
86	52	0
39	27	0
28	76	0
41	4	0
77	36	0
3	0	0
59	96	0
12	92	0
27	35	0
52	67	0
59	27	0
10	97	0
9	47	0
16	40	0
53	13	0
93	36	0
73	24	0
86	99	0
33	65	0
20	25	0
40	20	0
44	25	0
94	12	0
53	60	0
80	79	0
32	40	0
64	94	0
74	58	0
39	78	0
78	0	0
70	45	0
78	14	0
65	19	0
44	23	0
31	34	0
96	5	0
64	25	0
6	76	0
97	3	0
95	87	0
6	93	0
6	32	1
89	65	0
42	49	0
36	4	0
91	86	0
78	60	0
25	97	0
70	31	0
75	38	0
92	61	0
10	20	1
88	73	0
31	78	0
77	77	0
26	98	0
95	68	0
35	46	0
23	84	0
96	83	0
37	30	0
29	36	0
70	72	0
65	97	0
46	74	0
12	16	1
46	80	0
60	62	0
40	58	0
34	72	0
86	21	0
12	95	0
84	49	0
24	77	0
38	63	0
44	80	0
89	35	0
30	31	0
22	54	0
3	18	0
66	40	0
98	69	0
59	23	0
81	91	0
71	94	0
29	38	0
49	18	0
27	47	0
21	77	0
4	21	1
31	31	0
52	69	0
67	92	0
34	29	0
71	90	0
54	35	0
40	12	0
70	40	0
24	76	0
51	9	0
8	59	0
97	85	0
61	97	0
41	56	0
76	12	0
48	68	0
3	19	1
6	21	1
46	54	0
96	58	0
91	2	0
5	66	0
73	7	0
84	85	0
69	26	0
34	1	0
26	67	0
79	75	0
36	82	0
54	79	0
86	17	0
16	76	0
56	17	0
58	73	0
63	95	0
33	90	0
99	12	0
92	17	0
69	12	0
40	91	0
14	91	0
1	88	0
76	58	0
74	61	0
84	64	0
8	46	0
86	48	0
63	53	0
9	18	0
81	69	0
68	66	0
17	45	0
10	66	0
39	27	0
39	39	0
10	58	0
60	53	0
45	48	0
97	41	0
74	31	0
80	0	0
74	39	0
48	90	0
18	17	0
20	48	0
71	48	0
98	84	0
73	71	0
98	75	0
23	45	0
55	74	0
53	41	0
31	65	0
80	42	0
5	27	1
20	66	0
38	22	0
77	64	0
69	99	0
49	55	0
23	60	0
36	6	0
85	64	0
20	81	0
50	33	0
88	82	0
94	82	0
12	94	0
42	54	0
16	81	0
78	79	0
41	54	0
53	60	0
42	80	0
74	69	0
29	31	0
17	63	0
95	76	0
75	60	0
95	62	0
31	82	0
62	82	0
67	28	0
28	26	0
86	26	0
42	31	0
96	1	0
20	83	0
24	21	0
4	14	0
35	98	0
91	67	0
23	38	0
95	56	0
12	98	0
16	69	0
33	1	0
93	94	0
22	25	0
2	87	0
70	99	0
37	60	0
78	67	0
22	79	0
88	29	0
24	26	0
38	80	0
30	75	0
38	22	0
23	41	0
14	33	0
94	69	0
86	16	0
50	13	0
70	8	0
90	48	0
29	12	0
45	29	0
96	37	0
6	56	0
47	87	0
10	52	0
19	79	0
74	54	0
47	94	0
62	51	0
72	80	0
34	25	0
88	73	0
35	63	0
92	41	0
12	74	0
71	45	0
26	65	0
72	29	0
4	28	1
64	38	0
88	76	0
87	88	0
89	96	0
26	81	0
20	45	0
46	50	0
45	63	0
40	28	0
25	10	0
34	59	0
8	50	0
62	1	0
73	85	0
87	53	0
95	5	0
9	52	0
7	0	0
78	99	0
9	82	0
51	23	0
55	32	0
75	14	0
20	0	0
51	10	0
16	40	0
2	35	1
51	14	0
52	5	0
0	26	1
29	82	0
56	24	0
34	98	0
80	1	0
31	42	0
50	64	0
67	20	0
92	62	0
61	70	0
45	63	0
52	95	0
83	95	0
17	15	0
95	56	0
17	63	0
85	67	0
55	84	0
16	33	0
17	61	0
98	42	0
25	78	0
92	98	0
70	83	0
43	9	0
42	62	0
75	57	0
39	89	0
80	48	0
92	74	0
75	24	0
11	64	0
10	67	0
85	94	0
71	34	0
61	65	0
58	7	0
18	22	0
74	72	0
33	34	0
14	63	0
32	50	0
48	49	0
34	14	0
59	29	0
8	87	0
24	42	0
12	59	0
7	55	0
81	58	0
27	21	0
62	18	0
94	22	0
83	2	0
57	63	0
0	70	0
60	29	0
37	30	0
16	11	0
17	18	0
75	72	0
71	21	0
36	41	0
47	74	0
55	81	0
13	93	0
21	66	0
47	82	0
26	39	0
79	94	0
52	35	0
35	78	0
14	5	0
54	17	0
10	46	0
59	49	0
72	13	0
26	72	0
85	64	0
60	51	0
49	42	0
43	24	0
0	64	0
77	68	0
75	55	0
46	31	0
76	62	0
75	74	0
78	44	0
61	9	0
92	77	0
82	21	0
2	73	0
72	66	0
5	28	1
10	27	1
25	0	0
47	27	0
5	3	0
11	53	0
18	81	0
30	94	0
31	48	0
96	32	0
11	47	0
58	94	0
17	86	0
5	34	1
97	61	0
43	59	0
6	23	1
84	44	0
25	2	0
61	23	0
55	5	0
14	1	0
26	84	0
47	59	0
86	75	0
66	43	0
16	6	0
28	27	0
59	10	0
10	25	1
4	72	0
75	6	0
41	67	0
55	35	0
67	99	0
14	43	0
8	92	0
88	51	0
26	18	0
92	77	0
61	60	0
68	39	0
47	31	0
97	28	0
89	60	0
11	60	0
3	93	0
33	49	0
0	90	0
5	95	0
93	23	0
30	52	0
2	98	0
53	7	0
66	5	0
46	48	0
25	16	0
66	43	0
42	26	0
18	80	0
23	33	0
61	7	0
6	40	0
92	47	0
90	4	0
55	56	0
35	0	0
43	25	0
13	95	0
58	75	0
27	65	0
16	7	0
36	25	0
9	88	0
1	77	0
72	52	0
87	45	0
53	36	0
14	80	0
22	35	0
91	82	0
69	25	0
46	75	0
62	92	0
20	15	0
8	88	0
66	16	0
55	75	0
33	39	0
93	66	0
33	72	0
94	26	0
86	17	0
99	17	0
85	85	0
42	56	0
18	84	0
82	12	0
35	2	0
63	79	0
65	75	0
22	44	0
65	49	0
60	80	0
78	22	0
91	49	0
11	68	0
61	43	0
26	35	0
90	27	0
65	41	0
68	15	0
91	96	0
81	72	0
49	71	0
79	38	0
55	68	0
7	98	0
38	2	0
6	92	0
17	81	0
63	63	0
71	92	0
80	13	0
94	97	0
76	0	0
8	8	0
94	74	0
65	9	0
99	33	0
75	62	0
49	42	0
15	65	0
64	93	0
60	73	0
0	46	0
6	42	0
35	98	0
0	85	0
57	4	0
39	46	0
12	68	0
40	33	0
14	26	1
3	46	0
95	54	0
52	32	0
0	48	0
24	89	0
78	64	0
1	9	0
88	89	0
22	81	0
63	49	0
39	53	0
90	44	0
55	43	0
3	5	0
10	12	0
0	54	0
21	57	0
97	74	0
64	49	0
97	67	0
11	53	0
75	58	0
17	78	0
1	3	0
75	78	0
2	17	0
27	74	0
38	10	0
29	22	0
2	75	0
32	93	0
4	6	0
73	39	0
57	61	0
81	62	0
88	79	0
42	89	0
31	27	0
5	64	0
7	13	0
39	68	0
49	51	0
56	49	0
82	15	0
