95	61	0
27	3	0
32	24	0
65	99	0
13	0	0
84	41	0
96	93	0
49	12	0
55	80	0
61	26	0
78	46	0
8	81	0
15	0	0
17	88	0
93	24	0
73	72	0
50	42	0
17	61	1
90	59	0
95	13	0
47	99	0
58	68	0
77	70	0
48	8	0
26	72	0
57	15	0
92	71	0
74	93	0
90	81	0
8	42	0
58	7	0
50	27	0
99	31	0
13	55	1
79	65	0
11	88	0
37	94	0
81	16	0
77	93	0
35	8	0
41	65	0
84	66	0
97	69	0
50	63	0
95	49	0
17	81	0
66	5	0
99	69	0
18	75	0
69	7	0
3	75	0
46	92	0
29	68	0
96	68	0
57	34	0
39	31	0
90	82	0
96	93	0
98	7	0
20	96	0
98	10	0
26	3	0
75	88	0
33	1	0
2	84	0
86	15	0
31	81	0
59	93	0
34	60	0
5	26	0
71	81	0
12	52	1
86	32	0
26	90	0
51	97	0
62	27	0
29	87	0
55	98	0
2	14	0
95	11	0
80	22	0
52	73	0
85	40	0
95	58	0
54	16	0
34	10	0
69	45	0
2	95	0
60	3	0
43	63	0
40	9	0
59	30	0
85	22	0
35	58	0
87	46	0
6	59	0
83	97	0
3	87	0
44	90	0
86	53	0
72	18	0
35	68	0
34	59	0
61	3	0
70	55	0
12	62	0
32	2	0
13	49	1
40	49	1
61	80	0
43	38	0
11	95	0
82	34	0
41	80	0
74	72	0
93	8	0
71	86	0
66	72	0
22	23	0
61	94	0
96	84	0
74	59	0
24	96	0
64	33	0
34	22	1
72	9	0
12	54	1
94	67	0
94	34	0
86	53	0
37	48	0
55	2	0
68	71	0
15	27	0
45	24	0
98	54	0
52	22	0
57	76	0
56	82	0
55	23	0
37	42	0
57	30	0
12	50	1
15	52	1
63	88	0
48	61	0
43	94	0
69	38	0
69	65	0
59	66	0
99	65	0
23	19	0
46	51	0
11	14	0
16	77	0
24	66	0
83	47	0
43	47	0
89	2	0
37	86	0
54	25	0
34	41	0
73	82	0
32	64	0
53	63	0
44	95	0
31	53	0
38	11	0
56	14	0
39	99	0
27	62	0
76	81	0
94	63	0
20	91	0
96	69	0
30	50	0
26	73	0
52	72	0
49	61	0
14	32	0
71	90	0
98	80	0
38	69	0
76	36	0
3	44	0
59	6	0
70	59	0
56	16	0
81	15	0
0	50	0
40	61	0
61	32	0
45	67	0
89	33	0
33	92	0
22	59	0
77	90	0
45	57	0
26	12	0
28	74	0
60	18	0
95	93	0
47	90	0
99	4	0
9	66	0
14	67	0
99	32	0
47	89	0
60	75	0
70	69	0
45	63	0
19	75	0
19	52	1
58	2	0
16	57	1
56	93	0
98	56	0
44	85	0
79	66	0
85	25	0
54	78	0
31	83	0
38	93	0
38	26	0
71	25	0
82	43	0
56	47	0
68	67	0
1	46	0
65	23	0
18	94	0
67	68	0
80	41	0
67	30	0
47	1	0
4	42	0
86	23	0
35	24	1
71	72	0
60	96	0
74	55	0
95	33	0
93	8	0
1	30	0
82	73	0
36	96	0
89	83	0
39	99	0
60	38	0
75	27	0
22	90	0
83	22	0
22	60	0
32	74	0
50	12	0
30	99	0
81	89	0
77	78	0
91	54	0
94	55	0
19	83	0
38	72	0
84	12	0
74	47	0
35	22	1
40	6	0
42	29	0
47	50	0
82	46	0
29	56	0
38	43	0
28	78	0
75	91	0
88	58	0
58	74	0
86	3	0
96	36	0
59	12	0
28	38	1
83	44	0
74	49	0
64	73	0
5	36	0
35	70	0
60	27	0
14	94	0
25	83	0
9	91	0
91	74	0
45	16	0
41	1	0
40	51	1
76	66	0
65	1	0
90	90	0
25	4	0
50	94	0
13	66	0
52	88	0
49	38	0
8	46	1
74	34	0
77	15	0
46	20	0
83	10	0
41	56	0
10	56	1
77	19	0
78	56	0
8	7	0
2	62	0
35	98	0
14	81	0
47	97	0
48	63	0
73	39	0
67	8	0
45	84	0
47	68	0
98	78	0
1	55	0
63	50	0
73	78	0
82	20	0
31	5	0
44	1	0
51	14	0
43	28	0
80	56	0
66	15	0
22	48	0
26	17	0
37	58	0
41	37	0
89	72	0
86	60	0
2	50	0
56	40	0
91	5	0
67	13	0
72	20	0
53	40	0
41	35	0
2	75	0
68	86	0
39	78	0
11	98	0
24	68	0
53	4	0
47	37	0
91	41	0
86	53	0
12	63	0
81	69	0
83	85	0
83	29	0
74	91	0
76	4	0
73	67	0
75	54	0
68	52	0
83	77	0
69	1	0
94	16	0
29	49	0
54	91	0
67	72	0
82	12	0
26	73	0
93	22	0
59	96	0
92	27	0
64	24	0
27	58	0
63	41	0
38	53	0
53	88	0
80	29	0
32	21	1
83	79	0
41	55	0
20	90	0
93	94	0
48	29	0
2	86	0
48	53	0
95	8	0
79	38	0
25	69	0
64	54	0
58	49	0
17	98	0
81	22	0
34	11	0
89	49	0
46	45	0
35	87	0
18	10	0
54	56	0
50	88	0
4	49	0
40	77	0
45	83	0
53	25	0
21	81	0
15	30	0
74	4	0
71	18	0
97	7	0
90	91	0
25	65	0
35	29	0
81	1	0
71	55	0
69	99	0
3	22	0
55	96	0
97	59	0
35	81	0
83	2	0
44	65	0
74	21	0
62	6	0
44	12	1
40	12	1
95	15	0
81	41	0
12	88	0
79	12	0
90	98	0
23	96	0
97	69	0
48	44	0
12	32	0
75	96	0
59	53	0
5	84	0
69	37	0
73	46	0
68	48	0
81	71	0
31	64	0
96	59	0
29	97	0
94	68	0
22	99	0
92	91	0
44	36	0
64	61	0
60	90	0
45	62	0
58	98	0
76	51	0
44	46	0
32	55	0
90	1	0
2	84	0
93	62	0
19	86	0
46	62	0
43	85	0
81	35	0
30	53	0
48	22	0
84	55	0
70	20	0
83	90	0
45	96	0
44	57	0
47	9	0
37	43	0
54	96	0
49	16	0
42	69	0
83	76	0
35	11	0
89	86	0
69	7	0
12	8	0
45	35	0
18	68	0
44	2	0
11	78	0
87	81	0
59	88	0
64	45	0
67	3	0
40	70	0
42	72	0
94	48	0
98	2	0
14	68	0
80	10	0
48	68	0
47	29	0
30	6	0
37	54	0
83	88	0
32	70	0
50	79	0
66	25	0
72	31	0
51	55	0
63	92	0
28	99	0
98	15	0
86	20	0
75	13	0
12	63	0
29	98	0
19	89	0
64	41	0
77	81	0
75	96	0
8	35	0
55	41	0
67	82	0
70	65	0
62	76	0
15	89	0
19	73	0
41	31	0
45	13	1
12	29	0
43	38	0
38	43	0
97	27	0
83	43	0
74	10	0
69	35	0
57	51	0
41	26	0
96	76	0
48	86	0
87	62	0
37	63	0
39	95	0
80	47	0
27	46	1
73	20	0
32	12	0
96	47	0
73	87	0
44	39	0
10	51	1
47	12	1
51	56	0
42	87	0
65	97	0
95	63	0
14	82	0
63	46	0
7	63	0
65	46	0
40	75	0
57	56	0
45	75	0
64	79	0
1	59	0
57	61	0
77	50	0
89	56	0
30	75	0
70	86	0
43	22	0
93	17	0
55	43	0
98	11	0
5	78	0
40	87	0
85	58	0
5	45	1
76	67	0
14	86	0
17	80	0
80	85	0
42	24	0
1	70	0
72	99	0
47	63	0
93	62	0
24	98	0
81	46	0
12	2	0
39	68	0
22	80	0
37	11	0
5	16	0
86	56	0
99	23	0
52	17	0
75	33	0
81	15	0
20	10	0
30	63	0
75	35	0
2	68	0
55	83	0
0	44	0
20	77	0
70	53	0
53	98	0
71	48	0
73	85	0
79	57	0
42	51	0
77	73	0
8	82	0
38	41	0
28	79	0
80	52	0
74	38	0
97	50	0
93	94	0
87	89	0
47	69	0
71	44	0
61	59	0
32	19	1
38	52	0
7	47	0
63	6	0
70	84	0
88	80	0
83	12	0
54	88	0
1	93	0
53	16	0
53	28	0
70	30	0
56	25	0
33	21	1
80	12	0
27	93	0
69	24	0
30	86	0
97	19	0
44	72	0
57	39	0
66	98	0
80	70	0
40	81	0
68	95	0
86	69	0
88	43	0
20	52	1
96	81	0
78	94	0
14	57	1
98	50	0
36	68	0
97	84	0
53	86	0
34	13	1
78	82	0
94	44	0
50	84	0
79	67	0
90	55	0
75	37	0
33	48	0
1	61	0
62	77	0
65	24	0
55	36	0
44	15	0
89	84	0
17	48	1
68	36	0
37	12	1
42	21	0
11	87	0
12	61	0
6	90	0
66	44	0
98	23	0
94	32	0
96	2	0
80	96	0
10	53	0
60	21	0
56	49	0
36	83	0
95	21	0
65	50	0
39	89	0
23	97	0
35	70	0
17	96	0
34	6	0
67	67	0
45	26	0
44	72	0
50	46	0
7	45	0
69	63	0
65	13	0
28	89	0
96	55	0
18	31	0
15	66	0
80	64	0
65	56	0
50	52	0
96	51	0
96	67	0
70	49	0
60	12	0
69	67	0
83	43	0
7	38	0
86	79	0
54	40	0
26	84	0
11	83	0
32	99	0
24	57	0
94	28	0
0	50	0
57	93	0
7	83	0
92	65	0
46	26	0
81	25	0
19	23	0
33	40	0
73	15	0
21	75	0
38	53	0
91	51	0
91	41	0
5	2	0
9	51	1
44	14	1
0	42	0
72	4	0
45	68	0
92	89	0
2	9	0
47	94	0
90	36	0
37	2	0
91	87	0
45	66	0
70	66	0
38	35	0
97	38	0
90	77	0
14	62	0
14	75	0
0	42	0
18	65	0
15	93	0
67	18	0
32	56	0
10	90	0
26	24	0
59	18	0
37	69	0
67	47	0
45	7	0
39	76	0
95	23	0
3	26	0
73	51	0
89	30	0
44	59	0
27	18	0
44	2	0
18	93	0
48	66	0
27	57	0
23	17	0
13	90	0
24	83	0
58	51	0
91	45	0
34	66	0
83	95	0
50	29	0
69	71	0
47	88	0
0	85	0
81	43	0
44	58	0
9	20	0
97	69	0
51	55	0
96	17	0
79	11	0
82	33	0
59	98	0
46	44	0
50	31	0
62	27	0
40	2	0
44	94	0
46	71	0
16	44	1
90	32	0
60	92	0
90	46	0
83	51	0
38	72	0
27	67	0
79	32	0
55	38	0
76	3	0
97	97	0
78	81	0
47	75	0
70	41	0
72	89	0
9	77	0
56	22	0
19	96	0
8	59	0
48	58	0
80	76	0
62	13	0
97	98	0
88	15	0
98	96	0
63	8	0
75	22	0
70	56	0
59	28	0
17	87	0
54	85	0
72	82	0
5	33	0
11	79	0
11	71	0
36	8	0
38	46	0
14	51	1
1	44	0
77	44	0
48	24	0
14	62	0
17	83	0
59	99	0
87	39	0
1	72	0
64	46	0
30	78	0
77	65	0
69	38	0
7	50	1
27	53	0
82	35	0
68	52	0
79	58	0
15	67	0
61	52	0
4	93	0
4	5	0
90	62	0
21	68	0
16	1	0
2	93	0
21	86	0
95	40	0
72	80	0
86	63	0
85	89	0
49	66	0
64	33	0
0	70	0
47	64	0
33	60	0
59	50	0
91	21	0
