97	69	0
28	20	0
62	99	0
11	9	0
87	38	0
88	98	0
47	78	0
69	46	0
7	84	0
0	1	0
14	86	0
96	45	0
72	76	0
31	37	0
82	91	0
96	45	0
44	96	0
39	80	1
62	73	0
47	19	0
76	73	0
84	92	0
77	86	0
5	23	0
81	13	0
71	73	0
30	95	0
84	24	0
68	90	0
53	64	0
79	81	0
99	50	0
98	23	0
21	75	1
88	82	0
15	73	1
33	0	0
6	74	1
43	87	0
77	46	0
28	10	0
99	86	0
84	89	0
96	18	0
97	16	0
18	33	0
65	87	0
7	83	0
92	4	0
61	96	0
4	25	0
80	84	0
89	29	0
30	86	0
59	97	0
83	20	0
24	88	1
33	90	1
27	8	0
95	1	0
73	32	0
44	81	0
82	26	0
59	47	0
81	27	0
12	96	0
45	78	0
95	66	0
71	97	0
7	64	0
43	92	0
99	50	0
75	20	0
46	37	0
31	9	0
74	57	0
9	81	0
96	27	0
44	69	0
87	58	0
85	0	0
76	97	0
69	89	0
9	32	0
65	79	0
86	72	0
81	42	0
20	97	0
66	41	0
89	55	0
95	28	0
99	42	0
15	54	0
8	19	0
93	54	0
52	85	0
49	57	1
46	78	0
56	92	0
71	31	0
70	67	0
78	74	0
84	63	0
25	16	0
18	14	0
77	51	0
95	0	0
23	97	0
24	40	0
68	72	0
61	83	0
54	77	0
41	2	0
51	84	0
69	80	0
82	56	0
17	91	0
89	83	0
2	73	0
20	46	0
76	85	0
96	75	0
47	69	0
62	41	0
89	42	0
25	91	0
56	75	0
23	47	0
51	81	0
39	26	0
90	83	0
29	99	0
91	4	0
80	39	0
66	87	0
65	84	0
59	73	0
27	38	0
20	68	0
59	93	0
80	69	0
39	91	0
56	92	0
76	16	0
45	91	0
27	24	0
82	64	0
65	44	0
77	68	0
81	36	0
12	90	0
58	51	0
91	35	0
58	35	0
50	22	0
95	30	0
59	76	0
77	99	0
86	69	0
99	26	0
92	35	0
98	68	0
30	89	1
67	81	0
48	92	0
77	25	0
15	87	0
93	10	0
19	44	0
28	89	1
22	93	0
84	75	0
77	79	0
88	48	0
87	49	0
41	87	0
88	62	0
52	4	0
39	23	0
84	42	0
33	71	0
64	81	0
74	71	0
81	5	0
92	51	0
98	31	0
71	63	0
69	85	0
56	8	0
7	91	0
4	93	0
93	63	0
71	58	0
85	11	0
98	80	0
21	9	0
29	94	0
51	94	0
89	4	0
90	4	0
96	31	0
75	29	0
68	43	0
0	6	0
17	92	0
44	88	0
54	69	1
93	43	0
68	93	0
96	84	0
65	37	0
77	79	0
72	17	0
12	8	0
31	7	0
31	25	0
91	39	0
82	23	0
8	48	0
21	24	0
88	80	0
96	73	0
80	21	0
98	12	0
64	1	0
81	18	0
39	18	0
97	87	0
25	84	0
5	94	0
36	38	0
76	40	0
67	65	0
60	81	0
85	88	0
73	26	0
68	82	0
99	39	0
86	62	0
66	49	0
94	69	0
65	18	0
93	10	0
26	49	0
68	96	0
99	35	0
23	90	1
96	37	0
72	95	0
95	33	0
64	17	0
53	49	0
63	89	0
73	91	0
22	92	0
94	86	0
1	97	0
91	0	0
88	14	0
58	81	0
14	96	0
75	40	0
96	65	0
27	2	0
48	92	0
37	83	1
56	74	0
0	28	0
90	34	0
99	7	0
79	96	0
17	25	0
67	33	0
65	79	0
10	26	0
44	88	0
83	51	0
25	89	0
87	4	0
79	16	0
92	64	0
14	83	0
67	21	0
84	89	0
32	94	0
64	60	0
8	32	0
62	84	0
59	48	0
93	44	0
79	54	0
74	56	0
1	35	0
90	65	0
25	97	0
90	57	0
11	94	0
85	87	0
38	21	0
74	63	0
65	87	0
54	97	0
85	56	0
76	2	0
2	78	0
72	45	0
24	98	0
87	29	0
91	43	0
71	29	0
86	74	0
51	98	0
57	98	0
29	97	0
99	81	0
70	83	0
20	3	0
7	82	0
78	84	0
63	89	0
58	56	1
70	33	0
28	81	1
82	63	0
94	6	0
89	7	0
91	84	0
68	82	0
80	24	0
92	11	0
72	90	0
29	99	0
87	12	0
97	0	0
72	27	0
7	59	0
16	98	0
16	93	0
84	83	0
85	99	0
77	95	0
85	68	0
73	70	0
7	98	0
18	70	1
26	18	0
2	7	0
45	41	0
93	28	0
81	40	0
66	62	0
55	15	0
85	81	0
67	79	0
87	57	0
34	80	1
74	64	0
24	7	0
99	43	0
62	96	0
44	39	0
21	91	0
74	95	0
98	71	0
29	82	1
20	79	0
39	67	0
69	74	0
52	99	0
11	48	0
76	69	0
91	52	0
92	67	0
35	75	0
65	83	0
88	14	0
83	8	0
12	85	0
34	98	0
89	72	0
71	73	0
1	89	0
15	78	0
80	93	0
28	27	0
5	79	0
69	88	0
57	68	0
82	81	0
7	86	0
76	47	0
19	5	0
48	90	0
10	96	0
0	17	0
88	62	0
85	13	0
77	22	0
78	18	1
10	20	0
16	57	0
77	32	0
68	75	0
30	89	1
57	54	1
88	79	0
80	46	0
75	82	0
61	54	1
73	84	0
1	63	0
81	58	0
64	34	0
95	46	0
92	89	0
80	69	0
66	55	1
63	57	1
46	77	0
96	75	0
91	3	0
55	77	0
2	95	0
66	28	0
67	17	0
77	17	1
27	67	1
73	18	1
77	23	0
29	29	0
58	93	0
66	60	0
35	90	0
67	97	0
85	61	0
82	30	0
88	69	0
89	92	0
92	42	0
86	91	0
35	88	0
70	76	0
82	47	0
54	90	0
83	86	0
74	68	0
91	24	0
6	74	1
53	74	0
81	22	0
59	42	0
87	85	0
85	56	0
19	89	0
28	91	1
80	27	0
79	28	0
91	45	0
84	11	0
88	82	0
84	16	0
81	38	0
16	78	1
12	87	0
21	71	1
16	95	0
49	29	0
35	63	0
51	84	0
67	3	0
14	91	0
78	48	0
22	11	0
26	60	0
77	69	0
70	61	0
83	63	0
86	47	0
72	64	0
83	50	0
5	43	0
95	84	0
67	59	0
48	94	0
6	73	1
92	20	0
53	94	0
23	92	0
98	42	0
68	31	0
22	8	0
26	35	0
10	66	1
81	55	0
93	38	0
30	11	0
52	10	0
51	76	0
95	81	0
18	5	0
44	80	0
67	29	0
90	64	0
73	69	0
63	86	0
12	45	0
96	44	0
90	63	0
7	87	0
31	88	1
1	98	0
59	35	0
88	18	0
10	16	0
91	31	0
81	22	0
44	34	0
15	97	0
59	83	0
18	74	1
22	25	0
26	97	0
56	56	0
83	44	0
62	82	0
21	92	0
74	42	0
8	1	0
84	60	0
50	60	1
90	27	0
81	27	0
70	28	0
56	89	0
40	99	0
85	41	0
61	97	0
72	61	0
83	44	0
60	91	0
36	71	1
92	37	0
91	98	0
84	86	0
52	85	0
89	19	0
74	78	0
68	24	0
26	90	1
86	54	0
85	92	0
81	10	0
99	96	0
80	27	0
83	67	0
10	86	0
78	99	0
69	78	0
6	14	0
13	99	0
12	73	1
83	33	0
22	94	0
55	77	0
80	39	0
77	48	0
18	98	0
83	43	0
90	59	0
75	44	0
89	30	0
3	88	0
10	7	0
65	73	0
16	57	0
26	6	0
1	93	0
38	79	1
99	52	0
80	90	0
88	54	0
85	79	0
75	43	0
0	80	0
80	24	0
97	37	0
