82	66	0
31	29	0
58	96	1
16	12	0
93	45	0
91	88	0
71	41	0
5	81	0
0	8	0
14	88	0
79	37	0
72	78	0
34	33	0
64	73	0
88	53	0
63	70	0
40	36	0
93	85	0
98	82	0
73	84	0
6	25	0
74	73	0
80	28	0
56	80	1
49	68	0
63	81	0
94	52	0
95	30	0
84	75	0
38	0	0
80	31	0
32	15	0
97	69	0
91	73	0
95	7	0
23	39	0
64	78	0
5	88	0
56	97	1
17	32	0
70	77	0
94	42	0
55	84	0
0	22	0
89	11	0
64	33	0
49	43	0
79	41	0
86	71	0
54	98	1
19	57	0
96	54	0
46	35	0
36	9	0
60	57	0
9	87	0
96	19	0
43	66	0
86	59	0
98	6	0
71	91	0
69	77	0
9	22	0
70	84	0
88	66	0
80	42	0
58	44	0
83	46	0
84	39	0
90	38	0
19	59	0
15	18	0
85	69	0
58	96	1
37	82	0
57	95	1
81	50	0
61	64	0
82	75	0
79	74	0
30	14	0
13	14	0
83	64	0
91	4	0
19	51	0
75	79	0
60	78	0
61	82	0
50	12	0
77	87	0
76	55	0
11	86	0
93	96	0
3	95	0
16	63	0
95	87	0
99	73	0
53	86	0
71	52	0
90	33	0
53	57	0
14	53	0
55	18	0
88	86	0
75	4	0
81	41	0
84	95	0
60	70	0
76	77	0
11	21	0
72	93	0
57	99	1
31	81	0
28	36	0
61	37	0
64	80	0
69	39	0
10	98	1
92	29	0
70	28	1
52	26	0
68	67	0
68	95	0
88	70	0
99	26	0
91	86	0
72	78	0
50	77	0
12	72	1
10	48	0
72	71	0
74	75	0
86	57	0
92	52	0
90	68	0
57	16	0
35	29	0
77	56	0
29	80	0
61	91	1
83	76	0
99	48	0
97	29	0
71	58	0
61	97	0
67	16	0
4	94	0
6	97	1
98	62	0
87	77	0
13	19	0
92	15	0
92	19	0
83	20	1
85	33	0
12	15	0
33	78	0
57	91	1
86	42	0
69	95	0
92	81	0
67	36	0
56	85	0
2	6	0
31	14	0
47	30	0
71	40	0
2	57	0
40	8	0
94	78	0
97	51	0
95	10	1
59	0	0
36	7	0
97	84	0
27	71	0
7	96	1
36	32	0
65	53	0
73	67	0
54	73	0
80	72	0
75	32	0
77	79	0
85	36	0
90	74	0
51	34	0
96	69	0
65	8	0
33	58	0
77	95	0
91	44	0
86	45	0
75	87	0
89	39	0
42	53	0
51	94	1
73	89	0
23	75	0
85	84	0
1	93	0
88	34	0
92	62	0
37	6	0
46	49	0
18	17	0
92	38	0
62	86	0
16	24	0
77	32	0
74	78	0
20	35	0
83	43	0
82	6	0
95	67	0
64	24	0
98	91	0
20	35	0
53	99	1
70	53	0
89	40	0
61	51	0
5	54	0
98	72	0
97	59	0
15	82	0
74	84	0
43	15	0
70	59	0
53	96	1
69	94	0
95	42	0
61	12	0
72	46	0
74	31	0
89	59	0
69	32	1
90	76	0
93	90	0
81	97	0
12	11	0
4	80	0
82	89	0
63	92	0
53	14	0
83	52	0
97	3	0
94	82	0
56	75	0
60	73	0
97	6	0
85	34	0
8	45	0
1	95	0
88	88	0
92	92	0
87	92	0
81	61	0
72	79	0
10	85	0
28	29	0
2	16	0
43	35	0
83	42	0
58	57	0
65	6	0
77	88	0
78	72	0
83	45	0
71	60	1
27	15	0
97	46	0
71	91	0
58	33	0
63	82	0
89	66	0
12	56	0
54	78	0
53	81	1
1	45	0
70	78	0
97	44	0
91	65	0
46	91	1
88	31	0
93	6	1
99	67	0
65	71	0
6	96	0
84	92	0
12	21	0
11	87	0
64	72	0
65	61	0
94	97	0
1	81	0
79	57	0
13	3	0
12	90	0
8	17	0
91	56	0
13	23	0
8	36	0
83	30	0
71	76	0
93	80	0
84	45	0
83	78	0
66	83	0
4	77	0
98	65	0
61	29	0
96	33	0
74	85	0
74	73	0
39	84	0
93	75	0
36	75	0
3	98	0
75	42	0
30	34	0
61	88	0
35	70	0
65	95	0
91	55	0
85	29	0
69	68	0
99	79	0
95	49	0
96	98	0
90	71	0
67	22	0
80	77	0
81	63	0
97	29	0
48	65	0
67	33	0
87	90	0
88	65	0
24	77	0
90	35	0
85	40	0
87	40	0
97	80	0
79	52	0
2	84	0
17	96	1
35	27	0
27	69	0
63	8	0
3	94	0
80	43	0
7	13	0
17	56	0
59	66	0
70	78	0
78	49	0
69	42	0
77	71	1
77	45	0
13	39	0
91	79	0
60	93	0
82	16	0
12	86	0
97	53	0
56	25	1
24	14	0
29	37	0
71	47	0
97	36	0
15	1	0
39	0	0
54	61	0
96	86	0
27	4	0
56	0	0
89	80	0
61	82	0
23	52	0
89	48	0
85	63	0
8	92	0
3	98	0
47	35	0
99	37	0
18	31	0
85	36	0
80	10	0
35	33	0
13	99	1
58	81	1
22	38	0
82	39	0
65	92	0
80	41	0
11	13	0
92	54	0
82	46	0
81	23	1
58	98	1
76	44	0
53	95	0
60	50	0
74	45	0
48	94	1
88	47	0
98	95	0
90	88	0
71	73	0
73	28	0
96	46	0
94	96	0
94	93	0
84	24	1
85	68	0
82	95	0
55	77	0
0	16	0
33	92	0
84	34	0
15	93	1
78	28	0
80	47	0
74	50	0
95	59	0
89	38	0
13	77	0
11	8	0
53	83	0
29	71	0
36	4	0
6	79	0
96	43	0
94	84	0
80	48	0
93	90	0
99	41	0
