96	65	0
24	13	0
61	98	0
5	1	0
97	46	0
99	94	0
41	67	0
62	24	1
72	52	0
2	89	0
0	8	0
14	96	0
97	37	0
63	76	0
34	34	0
91	75	0
96	26	0
55	99	0
40	76	0
83	69	0
50	17	0
26	79	0
84	67	0
78	77	0
82	84	0
3	30	0
48	35	0
92	21	0
82	68	0
8	74	0
31	96	0
82	11	0
63	89	0
51	72	0
81	69	0
92	62	0
54	57	0
95	34	0
13	72	0
71	2	1
91	69	0
22	73	0
49	2	0
10	75	0
35	93	0
92	53	0
46	35	0
33	17	0
93	85	0
86	97	0
89	16	0
28	82	0
98	13	0
16	15	0
74	92	0
3	86	0
88	3	0
27	62	1
63	85	0
44	60	1
8	26	0
74	78	0
87	35	0
22	92	0
51	97	0
71	32	0
36	90	0
45	90	0
18	19	0
98	15	0
81	24	0
51	76	0
90	31	0
72	59	0
54	14	1
63	38	0
0	99	0
71	5	0
50	79	0
57	30	1
85	5	0
94	60	0
1	60	0
71	95	0
0	74	0
37	93	0
99	62	0
80	26	0
36	68	1
72	8	0
58	50	0
14	65	0
32	0	0
65	72	0
60	28	1
2	97	0
95	32	0
45	73	0
76	65	0
93	3	0
65	83	0
63	82	0
0	25	0
64	80	0
92	86	0
80	48	0
21	88	0
68	39	0
75	0	0
95	55	0
91	32	0
99	44	0
26	47	0
54	62	0
7	25	0
47	30	0
87	66	0
54	74	0
65	67	0
57	21	1
43	36	0
62	67	0
48	60	1
47	97	0
72	40	0
60	67	0
56	76	0
90	54	0
25	13	0
49	39	0
24	20	0
16	76	0
30	49	1
73	43	0
51	40	1
91	7	0
26	88	0
23	37	0
66	76	0
23	72	1
60	60	0
42	75	0
43	7	0
43	13	1
41	89	0
26	68	1
73	79	0
95	56	0
22	92	0
87	72	0
29	56	1
17	74	0
53	70	0
14	37	0
73	80	0
96	78	0
40	76	0
78	47	0
56	55	0
56	23	1
65	15	0
43	54	1
53	13	1
28	63	1
95	33	0
28	98	0
28	64	1
67	83	0
29	25	0
39	75	0
55	18	0
96	98	0
29	78	0
97	12	0
26	75	0
95	33	0
59	98	0
77	77	0
66	59	0
26	47	0
6	59	0
62	1	0
67	97	0
97	55	0
45	89	0
61	76	0
80	17	0
57	79	0
40	76	0
40	87	0
22	17	0
58	22	1
83	52	0
59	42	0
66	69	0
70	30	0
17	96	0
55	62	0
87	41	0
75	40	0
55	8	0
89	26	0
75	76	0
69	95	0
77	61	0
93	25	0
99	16	0
1	31	1
85	81	0
34	92	0
70	84	0
48	93	0
32	39	1
92	33	0
17	98	0
88	20	0
21	45	0
24	84	0
28	97	0
79	88	0
80	77	0
93	61	0
96	56	0
21	90	0
53	76	0
78	14	0
83	52	0
47	3	0
33	32	0
41	56	1
76	41	0
21	59	0
36	50	0
21	69	0
73	97	0
96	57	0
60	73	0
94	4	0
91	45	0
63	8	1
98	45	0
68	52	0
69	82	0
45	65	0
68	25	0
8	83	0
28	61	1
12	88	0
85	61	0
78	69	0
88	9	0
99	84	0
27	1	0
33	93	0
25	68	1
59	92	0
43	33	0
80	17	0
96	8	0
94	24	0
51	51	1
77	24	0
72	59	0
5	8	0
27	99	0
22	73	0
52	93	0
35	69	0
85	45	0
66	11	1
56	87	0
58	59	0
96	86	0
64	41	0
70	87	0
85	16	0
15	13	0
43	1	0
46	24	1
33	22	0
96	47	0
76	12	0
20	43	0
18	28	0
40	51	1
52	37	0
93	79	0
98	62	0
71	28	0
95	5	0
65	8	0
74	14	0
44	38	1
37	17	0
9	71	0
86	94	0
47	92	0
4	96	0
28	44	0
50	41	0
73	41	0
66	53	0
76	74	0
81	75	0
71	27	0
69	87	0
66	4	0
94	48	0
75	48	0
62	53	0
96	72	0
74	20	0
96	14	0
22	43	0
70	99	0
57	69	0
84	24	0
15	76	0
99	39	0
60	99	0
94	32	0
67	23	0
33	55	0
56	46	0
64	82	0
72	29	0
81	76	0
20	88	0
97	93	0
5	76	0
92	1	0
88	23	0
51	72	0
42	55	1
65	44	0
14	90	0
76	35	0
97	56	0
49	34	0
34	91	0
33	7	0
37	41	1
57	90	0
36	86	0
42	77	0
14	72	0
12	23	0
71	0	0
79	33	0
99	12	0
85	98	0
29	59	1
28	26	0
65	12	0
60	42	0
68	97	0
1	21	0
42	89	0
88	45	0
23	85	0
81	0	0
49	57	1
60	21	0
86	20	0
89	46	0
15	84	0
72	18	0
82	99	0
32	95	0
84	64	0
11	30	0
64	98	0
69	44	0
11	79	0
64	25	0
87	45	0
77	45	0
74	61	0
23	49	0
97	57	0
17	92	0
90	54	0
19	93	0
82	80	0
39	17	0
77	74	0
58	93	0
65	95	0
78	53	0
45	53	1
32	59	1
86	10	0
0	79	0
73	53	0
23	97	0
42	47	1
51	65	0
81	34	0
26	60	0
52	38	1
88	57	0
69	24	0
78	82	0
48	96	0
40	50	1
66	98	0
30	93	0
94	87	0
88	76	0
74	7	0
22	2	0
48	37	0
32	63	1
9	80	0
79	82	0
67	83	0
69	50	0
64	21	0
39	64	0
38	74	0
74	56	0
97	0	0
19	71	0
80	8	0
58	59	0
39	38	0
88	87	0
26	73	0
53	90	0
76	20	0
80	13	0
47	60	1
60	86	0
26	94	0
91	16	0
86	15	0
76	21	0
16	67	0
9	92	0
13	87	0
48	28	1
65	86	0
76	96	0
1	34	1
62	56	0
82	91	0
74	58	0
70	66	0
13	87	0
7	74	0
39	29	0
5	20	0
37	36	0
26	52	0
97	37	0
80	45	0
66	9	1
65	46	0
53	52	0
43	26	0
94	76	0
56	75	0
82	49	0
28	53	1
38	91	0
74	52	0
25	10	0
91	46	0
61	94	0
36	32	0
56	58	1
29	95	0
65	98	0
88	64	0
27	81	0
60	36	0
7	80	0
58	56	1
40	72	0
70	58	0
63	72	0
55	85	0
10	50	0
62	60	0
80	44	0
83	59	0
36	75	0
66	86	0
46	31	0
97	22	0
50	46	0
86	11	0
11	79	0
55	91	0
86	70	0
75	70	0
12	93	0
6	71	0
80	89	0
33	27	0
7	90	0
67	97	0
53	68	0
91	67	0
21	92	0
75	44	0
15	4	0
49	97	0
19	90	0
12	11	0
85	54	0
90	21	0
78	27	0
69	18	0
15	18	0
17	54	0
76	29	0
4	73	0
66	70	0
29	80	0
69	44	0
74	98	0
69	38	0
69	88	0
75	53	0
67	81	0
8	75	0
43	48	1
29	78	0
65	57	0
58	50	0
90	45	0
95	98	0
81	86	0
47	61	1
75	52	0
62	62	0
71	2	1
67	77	0
88	76	0
88	9	0
57	79	0
6	96	0
46	46	1
66	33	0
67	30	0
77	24	0
19	82	0
77	18	0
33	63	1
89	20	0
32	57	0
47	33	0
59	91	0
65	72	0
52	83	0
68	87	0
84	60	0
81	44	0
97	60	0
74	98	0
97	45	0
30	63	1
94	89	0
38	76	0
76	76	0
86	43	0
44	90	0
86	73	0
86	50	0
83	26	0
4	67	0
48	76	0
72	16	0
63	37	0
81	83	0
63	47	0
10	89	0
18	86	0
70	43	0
81	27	0
92	45	0
98	3	0
86	92	0
58	38	0
30	73	1
99	19	0
64	45	0
22	74	0
17	98	0
24	70	0
12	83	0
60	55	0
42	28	0
37	74	0
51	49	1
61	75	0
68	12	0
21	87	0
88	48	0
16	22	0
17	72	0
77	68	0
68	48	0
39	54	1
93	52	0
87	51	0
76	60	0
57	64	0
78	51	0
3	28	0
94	80	0
63	48	0
42	85	0
5	79	0
26	87	0
27	58	0
89	20	0
54	96	0
9	98	0
98	60	0
77	18	0
18	13	0
29	30	0
73	8	0
18	71	0
85	57	0
89	40	0
13	8	0
0	39	1
69	12	0
42	85	0
99	84	0
7	8	0
50	88	0
81	36	0
99	79	0
51	61	0
64	79	0
20	38	0
90	43	0
95	68	0
16	76	0
20	79	0
29	69	1
21	90	0
75	14	0
32	60	1
10	88	0
35	34	0
45	58	1
67	45	0
29	67	1
97	24	0
6	28	0
83	40	0
75	16	0
46	50	1
36	27	0
41	5	1
23	90	0
48	83	0
16	70	0
22	26	0
16	79	0
19	85	0
62	58	0
88	43	0
42	55	1
78	90	0
48	29	1
59	70	0
42	68	0
16	94	0
86	35	0
46	54	1
6	13	0
89	59	0
64	49	0
91	26	0
81	27	0
73	32	0
55	91	0
42	34	0
60	45	0
60	30	1
44	8	0
35	95	0
45	64	0
94	36	0
61	98	0
74	51	0
81	44	0
43	88	0
34	80	0
94	26	0
51	56	1
70	4	0
94	99	0
77	82	0
53	90	0
76	21	0
83	69	0
26	80	0
66	24	0
19	97	0
43	60	1
90	60	0
90	91	0
84	8	0
96	93	0
57	12	1
76	24	0
79	52	0
61	22	1
3	83	0
66	96	0
61	78	0
3	26	0
6	96	0
13	70	0
47	45	1
78	34	0
3	62	1
22	93	0
64	99	0
97	43	0
4	73	0
72	46	0
31	90	0
82	47	0
70	46	0
27	60	1
79	41	0
80	41	0
56	73	0
50	48	1
3	83	0
5	1	0
78	76	0
17	57	0
18	8	0
1	98	0
34	73	0
93	45	0
73	87	0
87	63	0
99	84	0
50	59	1
67	34	0
1	75	0
55	64	0
79	38	0
86	22	0
