90	65	0
32	26	0
60	99	0
14	6	0
89	38	0
83	96	0
47	79	0
71	47	0
0	83	0
1	1	0
18	98	0
92	50	0
66	75	0
32	38	0
74	82	0
97	51	0
47	96	0
41	82	1
64	75	0
39	17	0
80	69	0
86	94	0
82	84	0
5	32	0
71	16	1
68	67	0
23	93	1
83	31	0
71	95	0
48	66	0
72	77	0
96	52	0
98	21	0
93	79	0
35	7	0
44	93	0
75	40	0
28	17	0
99	80	0
79	81	0
96	13	0
95	16	0
19	39	0
61	86	0
5	90	0
91	1	0
66	93	0
7	30	0
83	83	0
92	31	0
23	87	1
54	94	0
83	12	1
30	88	1
15	12	0
93	9	0
76	38	0
43	80	0
76	25	0
51	52	0
81	33	0
8	95	0
45	82	0
90	65	0
65	93	0
3	67	0
50	91	0
92	52	0
67	18	1
44	36	0
33	6	0
73	62	0
7	90	0
96	30	0
44	64	0
83	53	0
96	2	0
77	96	0
74	83	0
11	25	0
63	81	0
83	66	0
80	42	0
18	97	0
63	41	0
89	52	0
95	34	0
95	34	0
15	56	0
8	14	0
98	57	0
52	93	0
41	73	0
57	91	0
74	34	0
71	69	0
77	77	0
85	70	0
23	23	0
14	8	0
87	58	0
93	4	0
25	98	1
14	42	0
74	69	0
62	83	0
58	80	0
42	10	0
48	85	0
62	76	0
79	54	0
21	95	0
88	81	0
2	79	0
20	54	0
79	88	0
88	74	0
50	70	0
61	41	0
81	36	0
31	94	1
50	73	0
22	48	0
49	80	0
41	23	0
92	87	0
32	99	1
85	3	0
76	32	0
69	88	0
63	80	0
63	67	0
22	28	0
21	71	0
58	89	0
79	70	0
46	95	0
57	86	0
75	18	1
41	94	0
29	32	0
77	68	0
62	45	0
67	73	0
71	31	0
8	85	0
60	54	0
94	39	0
62	35	0
50	21	0
87	24	0
67	73	0
72	97	0
84	71	0
94	20	0
99	33	0
95	66	0
27	84	1
68	71	0
57	90	0
73	22	0
11	81	0
91	9	0
15	44	0
34	88	1
30	91	1
80	77	0
73	80	0
90	47	0
89	60	0
48	83	0
94	66	0
51	3	0
47	27	0
82	48	0
28	74	0
58	77	0
83	73	0
81	7	0
95	50	0
97	38	0
71	59	0
69	90	0
58	8	0
5	93	0
4	87	0
94	62	0
74	61	0
75	12	0
96	76	0
24	17	0
31	96	1
45	97	0
85	1	0
84	6	0
97	33	0
83	30	0
74	32	0
10	8	0
25	88	0
43	86	0
87	45	0
71	99	0
97	81	0
68	38	0
69	85	0
78	13	1
10	2	0
34	4	0
35	23	0
81	34	0
76	20	0
8	46	0
27	19	0
92	83	0
95	73	0
81	21	1
98	10	0
65	2	0
77	18	1
36	11	0
96	89	0
25	82	0
0	97	0
34	33	0
71	43	0
72	68	0
64	79	0
88	85	0
68	33	0
77	77	0
96	31	0
84	64	0
63	47	0
98	72	0
64	15	0
96	9	0
26	45	0
69	91	0
99	41	0
94	38	0
73	93	0
87	37	0
67	17	0
48	52	0
63	90	0
73	86	0
20	82	0
87	81	0
3	93	0
96	3	0
89	14	0
58	82	0
15	99	0
85	38	0
89	67	0
27	2	0
49	94	0
54	75	0
3	23	0
87	35	0
99	5	0
77	90	0
13	23	0
78	29	0
74	78	0
11	31	0
44	79	0
80	47	0
27	97	1
86	8	0
77	13	1
92	65	0
10	76	1
64	14	0
89	93	0
41	96	0
63	59	1
6	35	0
64	87	0
60	52	0
93	46	0
71	44	0
68	55	0
2	51	0
89	69	0
26	97	1
86	65	0
7	95	0
79	91	0
32	22	0
75	62	0
66	99	0
55	91	0
98	54	0
66	10	0
3	70	1
68	41	0
29	97	0
88	24	0
99	50	0
72	31	0
82	69	0
47	95	0
57	99	0
30	96	1
91	89	0
70	83	0
14	1	0
3	89	0
81	85	0
58	99	0
66	28	0
81	64	0
98	3	0
89	11	0
93	84	0
61	86	0
86	17	0
85	14	0
69	88	0
35	97	1
85	13	0
99	4	0
77	29	0
6	50	0
14	92	0
21	98	0
84	90	0
86	96	0
83	91	0
84	72	0
75	80	0
10	89	0
28	16	0
2	0	0
39	41	0
89	18	0
85	36	0
69	60	0
59	8	0
88	80	0
74	82	0
86	49	0
74	66	0
28	9	0
98	41	0
70	92	0
49	38	0
23	92	0
76	88	0
97	66	0
22	69	0
45	67	0
62	72	0
48	95	0
7	46	0
79	70	0
99	47	0
94	72	0
35	77	1
60	83	0
88	19	0
84	7	0
14	78	0
35	91	1
96	67	0
69	74	0
1	92	0
9	77	0
77	95	0
26	19	0
2	80	0
69	79	0
62	67	0
82	85	0
0	86	0
79	48	0
16	3	0
54	89	0
12	89	0
1	14	0
92	60	0
84	14	1
78	21	0
16	16	0
18	48	0
69	31	0
62	80	0
66	60	1
88	78	0
84	46	0
74	80	0
77	85	0
0	64	0
80	58	0
63	30	0
95	43	0
88	90	0
82	76	0
44	79	0
98	78	0
88	10	0
54	73	0
2	96	0
68	32	0
66	18	0
75	20	1
78	27	0
27	30	0
55	88	0
55	57	1
32	78	0
62	92	0
91	57	0
89	32	0
79	66	0
92	94	0
89	51	0
86	99	0
33	84	1
73	70	0
75	39	0
46	85	0
93	80	0
80	71	0
96	29	0
50	80	0
79	22	0
53	38	0
89	81	0
91	52	0
18	84	0
31	96	1
82	31	0
74	31	0
95	40	0
85	11	0
97	83	0
81	12	1
79	38	0
12	85	0
19	98	0
51	33	0
28	64	0
50	82	0
65	4	0
11	93	0
71	47	0
15	12	0
16	61	0
72	73	0
75	65	0
78	67	0
82	49	0
75	67	0
92	50	0
6	40	0
93	87	0
65	59	1
48	92	0
2	72	1
85	18	0
45	96	0
19	89	0
92	50	0
65	31	0
21	16	0
29	33	0
78	52	0
97	30	0
19	11	0
45	5	0
53	70	0
98	85	0
15	7	0
48	79	0
59	25	0
82	78	0
68	63	0
64	89	0
9	50	0
99	45	0
86	65	0
1	83	0
0	93	0
50	31	0
89	19	0
9	23	0
94	35	0
77	12	0
42	31	0
12	98	0
62	85	0
17	81	1
27	28	0
28	95	1
59	56	1
76	45	0
61	86	0
22	97	0
71	42	0
5	5	0
85	54	0
79	35	0
83	34	0
69	25	0
56	91	0
37	98	0
81	33	0
59	98	0
70	61	0
82	48	0
61	94	0
90	41	0
93	99	0
84	83	0
54	85	0
90	11	0
73	78	0
70	24	0
91	50	0
89	98	0
81	12	1
93	95	0
90	20	0
79	68	0
7	91	0
85	96	0
75	81	0
5	19	0
15	97	0
85	28	0
17	93	0
53	85	0
83	33	0
79	49	0
22	97	0
84	49	0
94	48	0
78	40	0
83	27	0
1	90	0
15	11	0
60	82	0
16	57	0
30	9	0
1	89	0
97	39	0
84	81	0
89	51	0
88	76	0
71	43	0
5	74	1
80	26	0
99	39	0
