93	64	0
49	16	0
42	20	0
48	89	0
3	41	0
88	30	0
95	78	0
10	5	0
44	15	0
68	91	0
45	40	0
78	44	0
4	90	0
26	6	0
18	57	0
96	6	0
88	78	0
65	29	0
28	65	0
97	61	0
98	2	0
39	73	0
69	77	0
79	83	0
75	2	0
25	94	0
57	15	0
75	75	0
68	91	0
97	57	0
1	43	0
30	32	0
46	21	0
81	19	0
45	53	0
88	73	0
7	90	0
67	68	0
95	15	0
84	97	0
44	15	0
25	57	0
68	54	0
98	61	0
60	87	0
92	50	0
22	97	0
35	44	0
60	13	0
90	44	0
24	64	0
57	6	0
30	86	0
61	92	0
31	65	0
97	70	0
57	18	0
39	59	0
88	73	0
98	95	0
80	11	0
22	96	0
88	3	0
50	10	0
92	66	0
39	27	0
15	87	0
92	6	0
32	80	0
88	71	0
61	52	0
24	29	0
95	78	0
23	40	0
26	49	0
92	35	0
26	15	0
15	43	0
38	82	0
61	96	0
71	23	0
41	95	0
70	94	0
5	7	0
15	27	0
93	13	0
93	17	0
47	50	0
84	41	0
21	32	0
75	50	0
47	49	0
28	10	0
31	3	0
71	49	0
23	82	0
56	2	0
48	84	0
39	1	0
34	28	0
86	43	0
49	63	0
57	47	0
21	78	0
69	74	0
2	82	0
51	91	0
86	49	0
71	18	0
54	79	0
1	54	0
64	8	0
51	71	0
6	79	0
48	1	0
27	55	0
19	30	0
93	79	0
9	29	1
43	27	0
4	1	0
37	97	0
88	4	0
61	64	0
13	37	0
77	78	0
95	18	0
66	67	0
53	86	0
31	19	0
59	97	0
19	14	0
74	81	0
64	50	0
28	92	0
75	32	0
39	33	0
19	24	0
73	7	0
10	5	0
0	76	0
15	14	0
95	78	0
92	9	0
85	38	0
50	58	0
65	9	0
86	90	0
7	2	0
39	16	0
11	11	0
83	77	0
38	41	0
89	75	0
82	81	0
56	26	0
57	36	0
74	56	0
4	48	0
28	76	0
16	59	0
85	76	0
47	62	0
35	95	0
87	46	0
73	71	0
61	84	0
18	35	0
95	78	0
5	49	0
31	33	0
21	22	0
23	76	0
29	70	0
96	23	0
46	33	0
77	7	0
43	82	0
69	20	0
55	31	0
80	73	0
22	47	0
69	59	0
35	97	0
32	64	0
29	4	0
68	23	0
19	96	0
7	87	0
64	82	0
85	47	0
21	87	0
23	44	0
82	73	0
22	51	0
33	75	0
33	88	0
52	39	0
31	2	0
17	42	0
77	91	0
92	86	0
62	94	0
70	16	0
8	55	0
63	6	0
57	23	0
61	27	0
81	21	0
31	61	0
4	74	0
50	68	0
64	37	0
34	68	0
87	23	0
59	85	0
33	72	0
20	15	0
85	79	0
32	74	0
43	1	0
2	87	0
82	17	0
96	72	0
76	87	0
86	26	0
1	79	0
22	83	0
97	49	0
60	68	0
35	45	0
43	77	0
72	69	0
51	57	0
12	81	0
35	67	0
67	6	0
9	60	0
66	96	0
70	41	0
29	82	0
91	66	0
42	10	0
39	60	0
6	71	0
38	92	0
58	29	0
73	18	0
16	39	0
92	61	0
65	41	0
80	51	0
11	91	0
57	13	0
21	79	0
63	70	0
62	56	0
69	58	0
59	1	0
25	13	0
8	56	0
75	50	0
52	11	0
66	56	0
47	85	0
63	53	0
94	27	0
98	10	0
16	64	0
85	67	0
22	91	0
14	15	1
95	55	0
40	96	0
49	35	0
49	1	0
12	99	0
73	38	0
44	57	0
38	77	0
42	4	0
16	84	0
81	82	0
82	78	0
59	33	0
88	70	0
14	90	0
41	44	0
68	3	0
73	21	0
28	26	0
53	4	0
61	14	0
53	36	0
67	38	0
28	50	0
21	49	0
54	49	0
70	72	0
86	81	0
48	95	0
73	16	0
97	56	0
72	9	0
13	54	0
24	13	0
91	40	0
53	32	0
74	75	0
12	45	0
50	60	0
59	22	0
30	97	0
29	88	0
39	75	0
94	50	0
45	25	0
48	2	0
28	45	0
89	54	0
73	6	0
65	95	0
26	2	0
70	93	0
8	79	0
43	77	0
30	24	0
4	52	0
17	15	1
85	11	0
20	33	0
78	18	0
42	4	0
10	3	0
82	13	0
27	65	0
24	45	0
88	29	0
91	49	0
15	36	0
21	37	0
4	54	0
33	91	0
12	74	0
2	10	0
36	92	0
53	66	0
45	21	0
11	17	1
55	31	0
44	86	0
37	72	0
89	98	0
31	31	0
17	56	0
37	46	0
55	69	0
75	98	0
43	11	0
68	1	0
29	11	0
44	7	0
57	0	0
19	55	0
76	59	0
63	1	0
26	47	0
60	3	0
55	57	0
49	55	0
35	59	0
78	80	0
68	52	0
18	68	0
54	38	0
20	15	0
99	7	0
42	1	0
62	24	0
55	31	0
17	41	0
9	74	0
63	72	0
12	82	0
34	97	0
26	87	0
39	21	0
39	38	0
88	64	0
55	38	0
8	70	0
77	82	0
64	85	0
30	32	0
68	20	0
73	91	0
66	6	0
99	61	0
77	44	0
40	21	0
34	43	0
37	39	0
88	76	0
17	20	0
70	19	0
82	7	0
11	53	0
33	86	0
76	76	0
80	1	0
3	66	0
92	46	0
57	94	0
10	15	0
69	3	0
58	60	0
36	58	0
58	48	0
21	38	0
49	38	0
74	82	0
67	50	0
42	29	0
71	74	0
24	48	0
24	80	0
79	89	0
45	14	0
2	79	0
74	18	0
85	22	0
69	44	0
17	63	0
66	19	0
20	28	0
55	44	0
12	94	0
68	49	0
53	11	0
89	50	0
41	23	0
28	77	0
44	0	0
81	37	0
5	3	0
63	93	0
6	91	0
30	37	0
51	75	0
54	30	0
9	96	0
11	47	0
16	40	0
55	19	0
95	35	0
76	18	0
88	99	0
34	63	0
18	22	0
40	16	0
43	27	0
92	13	0
57	62	0
82	77	0
33	34	0
63	96	0
74	57	0
38	78	0
77	1	0
72	42	0
80	13	0
67	21	0
42	25	0
31	33	0
98	4	0
63	23	0
4	72	0
97	9	0
96	87	0
7	93	0
8	30	1
91	68	0
44	49	0
34	3	0
91	85	0
81	58	0
22	97	0
67	26	0
73	38	0
90	63	0
9	19	1
83	71	0
31	80	0
76	79	0
31	99	0
92	71	0
34	47	0
24	87	0
97	85	0
29	30	0
32	38	0
69	72	0
70	98	0
51	75	0
15	11	1
48	81	0
64	62	0
38	56	0
33	72	0
89	21	0
14	93	0
83	50	0
24	75	0
38	61	0
49	83	0
88	30	0
30	31	0
22	50	0
3	18	1
62	40	0
98	69	0
59	21	0
80	89	0
71	93	0
32	39	0
50	16	0
26	47	0
20	78	0
34	29	0
56	68	0
69	95	0
33	29	0
76	82	0
50	32	0
40	12	0
68	38	0
21	76	0
47	14	0
7	60	0
96	83	0
59	99	0
44	55	0
76	10	0
46	69	0
47	57	0
94	58	0
91	3	0
1	69	0
75	6	0
83	79	0
66	29	0
33	0	0
29	70	0
80	76	0
33	85	0
53	78	0
85	17	0
13	77	0
58	15	0
57	73	0
65	97	0
30	94	0
97	11	0
92	16	0
70	8	0
41	92	0
10	89	0
0	88	0
74	58	0
75	65	0
82	65	0
10	44	0
85	51	0
65	51	0
10	20	1
78	70	0
65	61	0
16	45	0
14	67	0
41	26	0
42	39	0
10	57	0
58	57	0
47	47	0
98	44	0
76	32	0
78	3	0
78	36	0
43	89	0
18	19	0
23	48	0
72	43	0
99	87	0
72	74	0
99	75	0
22	47	0
57	76	0
59	47	0
27	63	0
85	40	0
6	30	1
23	62	0
41	22	0
81	63	0
69	96	0
52	55	0
25	58	0
35	4	0
84	67	0
24	75	0
50	27	0
88	81	0
91	79	0
17	90	0
45	57	0
13	77	0
75	79	0
41	57	0
52	62	0
39	84	0
71	70	0
32	31	0
20	65	0
92	76	0
78	59	0
99	62	0
33	80	0
56	80	0
69	31	0
25	24	0
88	25	0
40	31	0
98	1	0
18	83	0
21	23	0
3	19	1
37	98	0
88	67	0
21	40	0
94	61	0
17	95	0
16	65	0
31	1	0
95	88	0
25	26	0
0	84	0
72	99	0
41	61	0
80	68	0
23	79	0
91	23	0
25	24	0
31	82	0
28	78	0
38	17	0
23	41	0
11	34	0
98	71	0
88	12	0
51	11	0
72	8	0
89	46	0
27	7	0
43	28	0
97	35	0
9	55	0
46	88	0
10	55	0
17	77	0
73	56	0
50	94	0
66	50	0
74	81	0
37	26	0
90	70	0
32	66	0
89	44	0
9	76	0
68	42	0
30	70	0
71	31	0
4	26	1
61	38	0
89	82	0
85	90	0
84	93	0
28	83	0
20	42	0
46	51	0
47	63	0
39	28	0
23	8	0
41	64	0
9	46	0
65	0	0
75	85	0
89	51	0
99	10	0
12	52	0
5	2	0
80	96	0
5	82	0
52	17	0
54	34	0
75	11	0
22	1	0
49	15	0
20	38	0
4	34	1
54	14	0
56	6	0
31	82	0
54	17	0
30	99	0
77	0	0
30	45	0
48	63	0
66	15	0
92	60	0
62	71	0
45	61	0
52	96	0
83	88	0
13	12	0
95	57	0
16	64	0
84	69	0
56	85	0
15	35	0
13	60	0
97	46	0
28	82	0
93	95	0
65	85	0
45	13	0
44	58	0
75	55	0
44	90	0
82	50	0
97	76	0
77	26	0
11	64	0
5	67	0
79	94	0
70	37	0
55	64	0
57	6	0
18	20	0
69	68	0
33	37	0
16	64	0
34	50	0
50	48	0
32	12	0
60	31	0
4	87	0
26	44	0
12	60	0
6	60	0
81	57	0
28	21	0
65	20	0
93	25	0
81	1	0
56	67	0
3	66	0
59	26	0
37	34	0
14	15	1
15	18	0
75	72	0
69	19	0
40	44	0
50	76	0
54	84	0
15	95	0
19	61	0
50	87	0
28	41	0
79	94	0
49	39	0
29	78	0
14	8	0
56	23	0
7	45	0
61	51	0
72	15	0
31	74	0
84	61	0
57	52	0
52	44	0
42	23	0
0	68	0
75	67	0
72	50	0
40	32	0
75	61	0
74	72	0
76	45	0
59	11	0
90	75	0
83	23	0
4	72	0
68	70	0
6	29	1
26	3	0
48	27	0
7	0	0
12	52	0
15	81	0
36	91	0
27	48	0
99	31	0
10	51	0
55	97	0
18	85	0
98	65	0
46	63	0
3	23	1
82	41	0
24	0	0
60	22	0
55	7	0
15	4	0
26	84	0
50	62	0
84	76	0
66	44	0
16	7	0
25	30	0
56	9	0
9	23	1
1	76	0
72	1	0
39	70	0
55	30	0
68	99	0
11	37	0
7	90	0
88	52	0
26	18	0
87	75	0
62	55	0
67	38	0
45	30	0
96	26	0
87	64	0
13	60	0
3	92	0
29	52	0
0	89	0
7	92	0
92	22	0
33	49	0
0	97	0
54	7	0
67	2	0
43	50	0
22	19	0
66	41	0
38	22	0
19	78	0
22	35	0
55	8	0
7	38	0
93	51	0
92	4	0
59	51	0
34	3	0
42	26	0
11	94	0
57	75	0
31	64	0
12	4	0
35	22	0
9	85	0
0	77	0
66	52	0
88	42	0
53	36	0
14	81	0
22	33	0
92	81	0
69	27	0
43	79	0
62	95	0
21	13	0
4	88	0
67	17	0
56	77	0
33	40	0
93	70	0
29	76	0
95	26	0
86	16	0
97	15	0
83	86	0
44	56	0
16	83	0
81	13	0
38	8	0
67	82	0
68	73	0
17	41	0
69	44	0
62	78	0
81	19	0
95	45	0
12	66	0
58	45	0
27	30	0
89	25	0
61	42	0
69	16	0
91	94	0
78	71	0
51	69	0
77	35	0
57	71	0
4	91	0
35	2	0
7	93	0
18	77	0
67	63	0
74	95	0
87	12	0
95	94	0
78	1	0
7	5	0
91	72	0
69	8	0
99	34	0
73	60	0
51	44	0
17	64	0
67	91	0
59	73	0
1	42	0
8	45	0
36	96	0
0	80	0
57	6	0
38	46	0
13	66	0
38	34	0
15	22	1
4	42	0
98	55	0
56	30	0
2	46	0
25	87	0
78	62	0
1	6	0
88	86	0
21	82	0
64	50	0
40	55	0
89	43	0
61	39	0
1	6	0
12	9	0
2	53	0
23	57	0
96	78	0
59	47	0
94	68	0
11	54	0
76	59	0
18	79	0
0	3	0
75	81	0
1	15	1
29	71	0
41	6	0
29	21	0
6	74	0
33	93	0
4	2	0
76	37	0
59	62	0
79	63	0
81	84	0
41	87	0
31	27	0
3	65	0
9	10	0
38	72	0
47	49	0
52	54	0
84	14	0
