90	62	0
34	29	0
10	20	0
92	41	0
93	82	0
69	42	0
5	80	0
1	5	0
12	92	0
82	32	0
76	80	0
25	27	0
64	70	0
90	54	0
70	64	0
43	32	0
93	90	0
99	80	0
71	93	0
10	30	0
69	80	0
77	28	0
48	66	0
71	83	0
85	51	0
97	27	0
90	76	0
36	3	0
84	28	0
37	16	0
97	60	0
91	70	0
90	7	0
17	36	0
50	77	1
5	87	0
20	34	0
76	75	0
89	45	0
57	78	1
6	21	0
90	15	0
64	34	1
45	36	0
79	43	0
84	66	0
13	61	0
98	59	0
46	37	0
26	8	0
61	57	0
0	97	0
90	21	0
40	73	0
85	63	0
92	13	0
86	87	0
55	83	1
5	26	0
74	88	0
81	61	0
80	41	0
52	47	0
86	41	0
84	37	0
87	35	0
29	57	0
20	23	0
82	81	0
41	85	0
80	40	0
60	65	0
82	72	0
80	78	0
25	18	0
14	17	0
83	68	0
94	5	0
10	52	0
79	81	0
57	79	1
56	71	1
49	19	0
70	80	0
75	54	0
8	88	0
94	91	0
7	98	1
13	58	0
90	85	0
97	68	0
51	91	1
67	48	0
94	29	0
48	56	0
10	48	0
55	6	0
82	84	0
76	6	0
86	56	0
80	97	0
55	62	0
66	79	1
18	20	0
72	99	0
35	81	0
22	27	0
60	41	0
64	89	1
66	45	0
91	23	0
50	20	0
74	65	0
70	91	0
85	63	0
95	30	0
86	83	0
78	84	0
59	65	0
10	44	0
77	61	0
75	73	0
97	60	0
90	34	0
86	68	0
62	16	0
41	25	0
85	49	0
27	81	0
82	77	0
98	45	0
93	26	0
59	97	1
57	20	0
0	98	1
97	54	0
91	74	0
14	22	0
94	13	0
83	27	0
88	28	0
8	7	0
35	80	0
90	49	0
68	94	0
83	89	0
70	31	1
51	95	0
3	19	0
37	18	0
51	38	0
61	42	0
1	60	0
51	9	0
96	81	0
90	51	0
60	4	0
24	18	0
98	88	0
32	72	0
33	27	0
63	55	0
77	66	0
54	85	1
82	76	0
74	26	0
75	98	0
95	31	0
86	80	0
55	29	0
93	77	0
63	15	0
41	54	0
72	89	0
90	41	0
90	42	0
82	96	0
98	42	0
34	48	0
64	86	1
23	78	0
81	80	0
2	92	0
95	35	0
96	66	0
40	4	0
48	50	0
23	13	0
96	30	0
65	89	1
8	40	0
74	28	0
71	75	0
24	36	0
84	43	0
76	10	0
95	65	0
71	33	0
96	94	0
21	42	0
83	56	0
94	37	0
56	45	0
2	52	0
97	75	0
87	63	0
19	86	0
76	88	0
38	28	0
76	92	0
92	48	0
69	3	0
61	42	0
69	34	1
95	55	0
88	78	0
91	84	0
77	96	0
16	15	0
4	75	0
82	94	0
62	91	1
49	14	0
90	56	0
91	10	0
99	86	0
61	69	0
67	78	0
97	6	0
92	39	0
8	37	0
3	97	1
88	86	0
96	95	0
95	85	0
72	61	0
60	76	0
10	86	0
24	31	0
4	10	0
42	34	0
90	37	0
64	61	1
67	9	0
71	92	0
77	75	0
83	48	0
33	14	0
90	41	0
65	88	1
65	24	0
64	76	1
97	58	0
10	44	0
56	84	1
9	41	0
69	78	0
95	43	0
90	72	0
80	32	0
89	61	0
59	59	1
2	93	1
82	99	0
16	15	0
0	91	0
55	76	1
65	65	1
86	99	0
4	79	0
87	59	0
7	6	0
12	80	0
11	11	0
90	59	0
16	33	0
6	31	0
81	33	0
69	69	0
89	80	0
84	57	0
80	73	0
72	81	0
6	84	0
88	62	0
68	25	0
92	34	0
72	88	0
83	60	0
42	85	0
94	73	0
50	71	0
7	90	1
73	39	0
37	37	0
49	79	0
36	71	0
64	84	1
98	56	0
88	28	0
65	61	1
95	77	0
92	37	0
94	98	0
90	68	0
60	22	0
79	76	0
93	56	0
97	29	0
44	65	0
70	33	1
91	87	0
86	65	0
24	69	0
82	39	0
83	36	0
89	43	0
97	87	0
73	58	0
1	98	0
40	35	0
22	71	0
61	12	0
0	87	0
81	50	0
15	12	0
17	57	0
54	67	0
78	86	0
71	59	0
62	48	0
87	42	0
9	41	0
88	80	0
81	9	0
7	99	1
97	47	0
18	9	0
20	35	0
69	40	0
95	34	0
16	3	0
44	7	0
53	63	0
99	84	0
25	2	0
65	8	0
84	86	0
60	86	0
26	47	0
94	51	0
85	60	0
8	97	1
50	37	0
93	48	0
19	37	0
83	33	0
74	14	0
36	32	0
25	40	0
82	38	0
60	90	1
78	45	0
15	13	0
95	55	0
74	45	0
74	56	0
48	96	0
58	52	0
67	41	0
81	46	0
93	90	0
86	82	0
74	74	0
74	23	0
91	51	0
84	98	0
94	94	0
76	63	0
83	92	0
47	84	1
9	9	0
30	92	0
86	50	0
74	24	0
88	50	0
75	45	0
95	59	0
89	40	0
25	83	0
6	12	0
43	87	0
26	73	0
41	0	0
9	87	0
95	47	0
99	87	0
82	45	0
90	98	0
99	40	0
