81	62	0
32	32	0
65	94	0
16	4	0
96	40	0
79	95	0
42	78	1
72	44	0
1	79	0
6	4	0
10	97	0
96	43	0
71	76	0
34	37	0
68	81	0
95	54	0
51	94	0
60	73	0
38	29	0
87	70	0
92	88	0
80	78	0
6	32	0
67	71	0
72	38	0
65	91	0
52	70	0
66	77	0
95	47	0
96	24	0
93	72	0
34	1	0
42	91	1
79	30	0
33	18	0
96	75	0
87	73	0
93	20	0
90	16	0
22	31	0
60	80	0
4	86	0
92	13	1
55	97	0
22	30	0
80	75	0
87	31	0
53	96	0
3	17	0
98	18	0
68	41	0
43	87	1
69	18	0
55	45	0
76	33	0
10	95	0
47	86	1
90	60	0
61	90	0
9	65	0
42	82	1
92	56	0
40	37	0
31	7	0
69	65	0
10	91	0
99	34	0
41	67	0
89	55	0
97	5	0
74	97	0
69	82	0
6	22	0
71	78	0
82	63	0
83	44	0
23	97	1
52	39	0
87	47	0
90	40	0
87	34	0
14	57	0
5	15	0
94	61	0
60	95	0
38	77	0
60	97	0
69	40	0
62	65	0
83	73	0
81	76	0
15	18	0
11	9	0
82	59	0
84	0	0
15	49	0
72	82	0
60	80	0
63	79	0
53	8	0
43	93	0
72	89	0
75	53	0
16	89	0
93	81	0
2	85	0
14	50	0
83	88	0
90	77	0
49	73	0
70	41	0
81	39	0
55	72	0
21	53	0
46	80	1
40	23	0
90	87	0
72	6	0
82	35	0
80	96	0
61	79	0
72	71	0
16	21	0
14	78	1
64	97	0
72	63	1
46	96	1
55	96	0
30	86	0
34	40	0
73	60	1
58	48	0
66	74	0
70	35	0
5	95	0
73	65	1
91	34	0
62	30	0
48	18	0
81	19	0
64	70	0
76	92	0
85	72	0
91	18	0
99	28	0
95	76	0
67	71	0
59	84	0
72	12	1
13	71	0
94	10	1
7	45	0
77	80	0
77	74	0
95	52	0
81	57	0
45	83	1
93	64	0
54	12	0
42	22	0
77	57	0
25	78	0
59	83	0
76	68	0
81	8	1
94	46	0
97	37	0
74	55	0
66	93	0
58	9	0
4	92	0
8	90	0
95	59	0
62	62	1
83	17	1
91	69	0
17	18	0
45	95	1
81	3	0
82	8	0
92	25	0
84	23	0
78	31	0
12	12	0
29	82	0
52	90	0
83	43	0
73	94	0
91	74	0
67	36	0
64	84	0
7	10	0
34	13	0
44	28	0
69	34	0
79	15	1
5	55	0
34	15	0
97	79	0
97	63	0
97	15	0
63	1	0
40	6	0
98	92	0
28	79	0
7	95	0
37	36	0
75	44	0
74	68	0
54	68	0
85	83	0
71	33	0
74	79	0
86	30	0
88	65	0
62	40	0
98	77	0
60	20	0
99	8	0
32	51	0
75	84	0
98	43	0
94	45	0
72	94	0
90	43	0
69	15	1
44	45	0
59	99	0
67	85	0
23	80	0
82	86	0
5	93	0
91	10	0
90	16	1
47	83	1
19	97	0
88	34	0
91	68	0
28	3	0
51	96	0
45	60	0
9	10	0
85	42	0
86	10	0
68	87	0
17	19	0
77	30	0
70	82	0
10	29	0
47	96	1
79	42	0
84	2	0
92	66	0
65	17	0
93	98	0
31	91	1
11	38	0
58	92	0
64	59	0
94	40	0
60	44	0
69	54	1
5	54	0
92	76	0
93	63	0
0	86	0
77	85	0
39	21	0
65	59	0
64	97	0
62	94	0
98	50	0
59	12	0
67	40	0
80	29	0
96	57	0
78	35	0
88	68	0
44	97	1
50	94	0
86	96	0
76	93	0
18	5	0
6	84	0
76	91	0
65	99	0
64	23	0
85	51	0
90	3	0
91	11	1
95	82	0
65	78	0
91	16	1
67	82	0
92	17	1
99	3	0
84	29	0
7	47	0
9	93	0
17	99	1
84	91	0
86	91	0
82	85	0
86	62	0
76	83	0
9	92	0
24	17	0
3	7	0
34	41	0
85	16	1
84	36	0
62	65	0
57	5	0
82	84	0
85	81	0
83	51	0
71	65	0
31	14	0
99	40	0
74	98	0
53	37	0
71	84	0
99	62	0
16	58	0
44	69	0
57	78	0
51	88	1
2	45	0
70	74	0
96	46	0
94	65	0
56	92	0
87	24	0
83	9	0
13	77	1
99	69	0
64	72	0
5	95	0
12	74	1
78	90	0
19	22	0
3	84	0
64	78	0
64	67	0
82	86	0
5	88	0
80	53	0
18	1	0
47	81	1
10	88	0
3	17	0
96	55	0
80	21	0
18	21	0
18	35	0
71	36	0
63	77	0
88	77	0
86	45	0
80	76	0
74	91	0
1	64	0
86	65	0
63	25	0
97	44	0
79	89	0
80	70	0
47	75	0
95	68	0
96	8	0
48	73	0
0	99	0
73	37	0
81	21	1
29	30	0
63	86	0
35	71	0
64	93	0
93	49	0
91	36	0
73	67	0
94	84	0
88	46	0
90	99	0
79	69	0
73	38	0
42	89	0
86	78	0
82	74	0
97	31	0
42	66	0
83	21	1
60	32	0
81	93	0
87	58	0
25	88	0
81	35	0
73	42	0
90	41	0
78	13	1
99	86	0
74	40	0
3	81	0
10	95	0
41	28	0
22	69	0
46	86	1
62	7	0
0	94	0
76	43	0
13	14	0
15	60	0
63	68	0
72	67	0
76	56	0
76	45	0
75	65	0
86	42	0
15	43	0
93	81	0
53	99	0
88	25	0
44	97	1
22	91	0
90	56	0
61	34	0
24	20	0
26	31	0
80	50	0
97	27	0
17	0	0
43	0	0
52	67	0
96	84	0
28	8	0
46	76	1
56	16	0
84	81	0
72	62	0
63	88	0
14	47	0
96	45	0
87	62	0
0	88	0
2	92	0
58	32	0
93	27	0
13	28	0
87	38	0
75	12	0
41	28	0
20	98	0
61	88	0
23	34	0
73	40	0
60	84	0
14	95	1
66	34	0
8	4	0
90	55	0
88	36	0
86	29	0
59	25	1
54	94	0
47	90	1
85	32	0
56	99	0
61	58	0
74	52	0
56	95	0
90	50	0
91	98	0
86	85	0
50	83	1
89	7	1
81	75	0
72	19	0
93	50	0
93	96	0
91	95	0
88	23	0
84	69	0
12	95	0
87	98	0
67	75	0
6	20	0
25	94	0
88	25	0
18	97	0
49	81	1
77	37	0
78	50	0
22	94	1
74	53	0
95	56	0
83	34	0
82	24	0
0	88	0
17	11	0
57	83	0
27	65	0
37	7	0
0	87	0
99	41	0
89	85	0
88	47	0
88	81	0
74	52	0
85	16	1
95	39	0
