95	64	0
26	3	0
33	25	0
65	98	0
13	0	0
86	42	0
95	93	0
49	12	0
55	79	0
61	25	0
79	46	0
9	81	0
16	0	0
17	89	0
92	25	0
74	71	0
49	41	0
18	62	1
90	58	0
96	15	0
47	99	0
56	69	0
78	70	0
50	8	0
25	70	0
58	15	0
92	70	0
75	93	0
91	78	0
8	44	0
55	7	0
50	29	0
98	30	0
79	66	0
10	88	0
35	93	0
79	15	0
77	91	0
34	9	0
42	64	0
81	65	0
95	70	0
51	63	0
95	46	0
18	81	0
66	6	0
99	68	0
19	76	0
69	8	0
4	75	0
46	91	0
29	69	0
94	69	0
56	35	0
40	31	0
91	81	0
96	93	0
99	7	0
21	94	0
98	9	0
25	2	0
74	88	0
31	1	0
3	85	0
86	15	0
31	81	0
60	91	0
35	60	0
3	27	0
71	80	0
12	52	1
84	31	0
26	91	0
52	97	0
61	28	0
29	88	0
55	99	0
4	14	0
95	12	0
81	22	0
50	74	0
86	39	0
94	57	0
54	14	0
35	10	0
70	44	0
4	96	0
61	3	0
44	63	0
42	8	0
61	28	0
85	23	0
36	60	0
87	45	0
7	58	0
83	95	0
2	87	0
42	90	0
86	52	0
71	19	0
35	66	0
35	60	0
60	2	0
71	58	0
12	62	0
34	3	0
14	48	1
41	50	1
60	79	0
43	39	0
12	97	0
83	33	0
42	79	0
75	72	0
93	7	0
71	85	0
65	73	0
22	23	0
59	94	0
97	86	0
74	59	0
25	98	0
64	33	0
33	22	1
73	8	0
12	53	1
93	67	0
97	36	0
87	53	0
38	47	0
57	2	0
67	70	0
15	26	0
47	25	0
99	54	0
51	21	0
58	76	0
58	81	0
55	23	0
36	42	0
54	30	0
13	49	1
15	55	1
60	86	0
47	61	0
43	92	0
70	39	0
68	67	0
60	65	0
99	64	0
22	19	0
46	51	0
12	15	0
15	76	0
24	68	0
84	47	0
44	48	0
89	2	0
37	87	0
54	25	0
32	40	0
72	80	0
32	65	0
55	63	0
44	94	0
30	53	0
39	11	0
56	15	0
39	99	0
28	61	0
77	82	0
95	61	0
19	90	0
95	67	0
31	49	0
26	72	0
49	70	0
48	60	0
14	31	0
72	89	0
98	81	0
37	68	0
77	37	0
4	41	0
59	4	0
69	58	0
56	16	0
79	14	0
0	49	0
40	61	0
61	34	0
47	66	0
91	34	0
33	90	0
23	59	0
76	89	0
45	57	0
26	13	0
29	73	0
59	19	0
96	93	0
46	88	0
98	2	0
7	66	0
15	65	0
99	33	0
47	90	0
62	75	0
68	69	0
46	62	0
19	76	0
21	52	1
58	3	0
18	56	1
55	94	0
98	58	0
46	85	0
79	68	0
86	22	0
53	77	0
30	83	0
40	94	0
39	26	0
70	26	0
81	42	0
57	47	0
68	66	0
0	46	0
65	24	0
18	93	0
68	68	0
81	43	0
67	31	0
49	1	0
3	42	0
85	22	0
36	23	1
72	73	0
60	96	0
75	53	0
94	34	0
94	8	0
0	30	0
83	73	0
34	95	0
89	82	0
39	99	0
60	40	0
76	26	0
24	92	0
82	23	0
21	59	0
31	75	0
52	10	0
30	99	0
81	90	0
76	77	0
91	54	0
95	55	0
18	83	0
39	72	0
85	12	0
71	46	0
34	22	1
39	3	0
41	31	0
46	51	0
81	46	0
27	56	0
39	42	0
26	77	0
74	92	0
89	58	0
61	73	0
88	3	0
94	36	0
61	10	0
30	36	1
84	46	0
73	48	0
65	73	0
5	37	0
35	68	0
61	28	0
14	96	0
25	80	0
10	90	0
91	73	0
45	14	0
41	1	0
40	51	1
75	65	0
65	1	0
91	90	0
24	3	0
49	94	0
13	67	0
53	88	0
46	39	0
7	47	1
74	32	0
77	13	0
49	18	0
82	11	0
40	56	0
9	58	1
78	21	0
79	55	0
8	6	0
2	62	0
36	98	0
15	81	0
49	97	0
49	65	0
74	41	0
68	9	0
45	81	0
45	69	0
97	79	0
0	54	0
62	50	0
73	79	0
82	23	0
29	3	0
44	0	0
51	15	0
41	30	0
79	56	0
66	17	0
23	47	0
23	17	0
36	60	0
41	36	0
87	72	0
87	58	0
1	51	0
58	39	0
92	5	0
70	13	0
74	21	0
53	39	0
39	35	0
3	74	0
66	85	0
40	77	0
12	98	0
23	68	0
53	3	0
45	38	0
91	44	0
84	54	0
14	64	0
80	68	0
83	85	0
81	29	0
73	92	0
78	5	0
73	68	0
75	56	0
69	52	0
83	78	0
71	2	0
94	18	0
28	48	0
53	90	0
67	73	0
82	13	0
26	73	0
92	23	0
59	98	0
93	28	0
65	24	0
30	57	0
65	40	0
39	55	0
55	89	0
80	28	0
83	78	0
40	56	0
20	89	0
90	96	0
48	30	0
4	86	0
50	50	0
95	7	0
80	40	0
25	67	0
63	53	0
57	49	0
16	99	0
82	24	0
35	9	0
91	49	0
45	45	0
36	89	0
16	11	0
53	54	0
50	87	0
4	49	0
40	78	0
44	83	0
52	22	0
18	79	0
13	30	0
75	6	0
70	17	0
97	7	0
91	92	0
26	66	0
35	27	0
82	0	0
68	55	0
70	99	0
1	21	0
55	96	0
95	61	0
32	81	0
83	3	0
43	64	0
74	21	0
60	5	0
43	11	1
41	10	1
94	16	0
82	42	0
12	90	0
80	13	0
91	97	0
23	96	0
97	69	0
46	44	0
11	30	0
75	97	0
60	55	0
6	86	0
70	37	0
73	46	0
68	49	0
83	69	0
31	61	0
98	60	0
31	96	0
93	69	0
22	97	0
91	92	0
46	35	0
66	62	0
61	89	0
46	62	0
57	98	0
74	51	0
46	46	0
31	56	0
89	2	0
3	82	0
91	60	0
21	87	0
48	63	0
44	86	0
81	35	0
32	54	0
50	23	0
87	53	0
70	20	0
84	92	0
45	95	0
43	57	0
46	7	0
34	45	0
54	97	0
49	18	0
42	69	0
83	78	0
34	11	0
89	87	0
70	8	0
11	11	0
45	34	0
18	66	0
43	1	0
10	78	0
86	80	0
57	89	0
66	45	0
67	4	0
40	68	0
43	73	0
95	47	0
96	4	0
13	69	0
79	10	0
47	68	0
46	30	0
32	7	0
37	55	0
82	89	0
34	70	0
52	79	0
65	24	0
72	30	0
51	55	0
63	91	0
30	97	0
99	17	0
84	20	0
73	12	0
12	65	0
29	99	0
18	90	0
64	40	0
76	78	0
75	97	0
10	36	0
55	42	0
66	84	0
70	65	0
63	76	0
17	88	0
21	72	0
42	31	0
44	13	1
12	29	0
43	39	0
37	42	0
96	27	0
82	43	0
72	10	0
69	35	0
57	52	0
40	26	0
98	76	0
49	86	0
85	60	0
38	63	0
39	95	0
79	47	0
27	46	1
73	19	0
32	14	0
95	46	0
73	88	0
44	39	0
10	53	1
46	11	1
51	56	0
42	85	0
65	97	0
93	64	0
16	79	0
64	46	0
5	62	0
67	46	0
39	73	0
59	55	0
44	75	0
63	80	0
1	61	0
58	60	0
76	49	0
89	57	0
32	74	0
69	85	0
44	21	0
93	17	0
57	44	0
98	10	0
3	77	0
39	88	0
85	58	0
5	46	1
76	69	0
13	85	0
17	80	0
80	86	0
45	23	0
2	71	0
71	99	0
47	63	0
94	61	0
24	99	0
81	46	0
12	1	0
38	69	0
22	80	0
37	12	1
4	18	0
85	57	0
97	25	0
50	17	0
77	32	0
81	14	0
19	10	0
30	63	0
74	35	0
2	68	0
56	85	0
1	46	0
19	77	0
69	52	0
56	98	0
71	48	0
75	85	0
78	56	0
43	51	0
77	74	0
9	85	0
39	40	0
26	78	0
77	51	0
71	36	0
97	50	0
93	94	0
88	89	0
50	66	0
71	42	0
63	58	0
31	20	1
37	51	0
7	45	1
65	5	0
69	84	0
89	81	0
83	10	0
54	87	0
2	93	0
54	15	0
53	28	0
70	30	0
57	26	0
34	22	1
80	11	0
26	91	0
68	23	0
30	86	0
97	17	0
44	70	0
56	38	0
66	97	0
80	71	0
40	81	0
68	95	0
85	68	0
86	44	0
21	54	1
96	81	0
76	93	0
13	57	1
97	51	0
37	69	0
96	84	0
54	85	0
33	13	1
78	81	0
93	44	0
49	83	0
80	67	0
90	54	0
74	39	0
33	49	0
1	60	0
61	76	0
67	22	0
56	35	0
44	16	0
88	85	0
18	49	1
67	37	0
38	11	1
40	21	0
11	86	0
12	62	0
5	90	0
63	43	0
98	24	0
93	34	0
96	2	0
81	95	0
9	52	1
61	20	0
57	48	0
35	82	0
94	21	0
65	49	0
38	89	0
25	99	0
34	70	0
17	94	0
33	6	0
67	67	0
46	28	0
45	72	0
50	46	0
6	44	0
68	64	0
67	14	0
29	90	0
97	54	0
18	32	0
15	67	0
78	63	0
64	54	0
52	54	0
95	50	0
98	65	0
71	50	0
61	11	0
68	66	0
84	44	0
8	36	0
88	79	0
56	43	0
27	84	0
9	83	0
31	99	0
23	58	0
95	29	0
1	50	0
57	93	0
4	83	0
92	65	0
45	26	0
81	23	0
21	23	0
33	40	0
72	14	0
22	75	0
40	54	0
91	53	0
90	42	0
4	2	0
9	49	1
45	14	1
1	42	0
72	7	0
46	69	0
91	90	0
4	10	0
48	94	0
89	35	0
39	3	0
92	86	0
43	63	0
71	66	0
37	35	0
97	38	0
90	77	0
12	62	0
14	75	0
1	44	0
16	65	0
14	94	0
68	18	0
31	57	0
10	90	0
26	23	0
60	18	0
35	68	0
68	46	0
45	7	0
36	79	0
95	22	0
4	27	0
74	49	0
91	30	0
45	60	0
27	18	0
42	2	0
16	93	0
49	67	0
28	58	0
23	17	0
13	88	0
25	82	0
59	51	0
91	43	0
33	69	0
83	96	0
51	30	0
70	71	0
46	88	0
1	86	0
78	42	0
46	60	0
7	19	0
96	67	0
52	53	0
95	18	0
81	11	0
82	34	0
59	97	0
46	42	0
49	32	0
62	26	0
41	1	0
42	92	0
47	71	0
16	46	1
89	31	0
59	91	0
91	46	0
83	50	0
38	72	0
28	68	0
80	32	0
56	38	0
75	2	0
97	98	0
80	80	0
47	76	0
72	41	0
74	87	0
10	78	0
56	23	0
18	95	0
9	61	0
47	59	0
79	75	0
62	12	0
95	96	0
86	14	0
98	94	0
64	8	0
75	22	0
69	57	0
60	30	0
19	86	0
53	84	0
70	82	0
7	31	0
11	80	0
11	70	0
35	9	0
39	45	0
15	49	1
1	43	0
77	41	0
51	25	0
16	61	0
17	84	0
62	99	0
87	38	0
2	74	0
65	45	0
30	79	0
78	64	0
68	38	0
7	50	1
28	53	0
80	35	0
67	52	0
76	57	0
15	64	0
59	50	0
2	93	0
2	3	0
90	63	0
19	68	0
19	1	0
2	92	0
22	85	0
96	40	0
72	81	0
88	65	0
86	92	0
49	67	0
62	32	0
1	71	0
48	66	0
36	58	0
60	49	0
92	21	0
