78	66	0
36	32	0
64	99	0
17	14	0
92	36	0
88	92	0
71	42	0
6	76	0
2	7	0
12	94	0
86	41	0
68	78	0
32	31	0
66	74	0
91	50	0
52	93	1
58	67	0
41	30	0
89	80	0
96	85	0
70	77	0
7	24	0
68	71	0
74	32	0
64	83	0
51	66	0
62	82	0
95	50	0
99	31	0
92	71	0
39	1	0
83	34	0
33	15	0
93	69	0
92	70	0
91	22	1
90	10	0
16	30	0
65	74	0
2	87	0
94	11	1
63	96	0
20	33	0
78	73	0
92	39	0
58	95	0
4	19	0
91	14	0
67	37	0
75	13	1
51	41	0
77	39	0
14	97	1
87	70	0
59	92	0
20	62	0
94	54	0
35	37	0
33	8	0
64	61	0
10	92	0
99	27	0
35	70	0
87	60	0
97	6	0
76	93	0
69	79	0
6	22	0
73	82	0
83	67	0
81	44	0
18	98	1
58	36	0
88	43	0
84	36	0
91	42	0
14	61	0
3	14	0
87	63	0
59	99	0
35	82	0
61	91	0
77	42	0
61	68	0
80	77	0
79	79	0
21	15	0
7	8	0
84	58	0
87	0	0
15	46	0
75	76	0
65	79	0
61	79	0
54	8	0
55	95	1
75	86	0
79	52	0
10	88	0
95	86	0
0	94	0
18	53	0
90	86	0
91	74	0
52	79	0
71	46	0
81	37	0
57	65	0
18	56	0
45	21	0
89	85	0
74	4	0
84	39	0
81	94	0
61	75	0
73	75	0
19	26	0
17	76	1
68	98	0
71	63	1
58	92	0
32	80	0
31	38	0
71	53	1
57	47	0
60	82	0
68	39	0
4	99	0
93	33	0
65	21	1
51	28	0
85	19	1
68	68	0
73	96	0
92	70	0
87	10	1
93	26	0
99	81	0
69	77	0
49	83	0
17	76	0
96	9	1
10	49	0
76	73	0
76	74	0
86	54	0
88	59	0
86	67	0
54	14	0
32	22	0
78	62	0
29	75	0
60	84	0
84	74	0
99	43	0
99	30	0
71	61	0
68	99	0
65	10	0
0	93	0
13	99	0
97	60	0
59	70	1
90	74	0
11	17	0
86	7	1
82	9	0
92	27	0
86	20	1
82	32	0
13	16	0
30	76	0
54	95	1
84	36	0
75	98	0
90	77	0
66	33	0
67	82	0
6	6	0
33	9	0
46	25	0
68	41	0
1	55	0
30	13	0
99	85	0
96	53	0
97	12	1
60	1	0
37	8	0
98	85	0
28	74	0
8	96	0
35	33	0
73	50	0
72	69	0
51	72	0
82	79	0
72	33	0
81	76	0
87	34	0
85	68	0
56	35	0
98	72	0
66	11	0
99	11	1
32	57	0
78	89	0
96	42	0
91	43	0
79	92	0
93	41	0
44	47	0
55	96	0
68	83	0
24	76	0
85	85	0
4	93	0
92	13	1
22	98	1
86	30	0
91	62	0
29	3	0
49	93	1
45	54	0
12	16	0
85	48	0
89	7	1
67	91	0
15	21	0
74	31	0
74	78	0
17	32	0
80	41	0
77	0	0
92	67	0
69	19	0
93	93	0
15	34	0
54	97	1
67	54	0
91	39	0
62	47	0
3	57	0
93	71	0
95	64	0
4	84	0
77	87	0
37	17	0
67	52	0
60	97	0
67	95	0
99	45	0
64	10	0
71	41	0
79	30	0
91	55	0
77	33	0
89	72	0
51	89	1
88	99	0
81	97	0
14	10	0
2	85	0
74	83	0
70	91	0
53	17	0
82	57	0
98	2	0
99	81	0
65	81	0
91	22	1
60	77	0
86	22	1
97	3	0
90	33	0
12	45	0
3	96	0
90	87	0
86	93	0
85	86	0
79	60	0
72	78	0
6	88	0
28	25	0
4	11	0
39	42	0
83	40	0
62	61	0
60	2	0
74	81	0
79	77	0
82	47	0
73	59	0
27	21	0
98	41	0
75	97	0
55	40	0
71	81	0
94	67	0
18	53	0
50	71	0
57	79	0
58	85	1
4	48	0
75	79	0
96	43	0
90	70	0
49	91	1
88	28	0
86	8	1
95	69	0
65	71	0
0	96	0
79	93	0
18	22	0
8	95	0
66	75	0
66	64	0
88	91	0
3	81	0
85	56	0
17	2	0
48	90	1
7	84	0
0	15	0
98	54	0
76	27	1
17	19	0
10	36	0
76	38	0
70	78	0
92	76	0
83	39	0
78	73	0
69	87	0
2	72	0
88	67	0
62	24	0
95	42	0
76	85	0
75	71	0
42	80	0
91	62	0
93	8	1
41	73	0
0	99	0
75	36	0
28	33	0
64	84	0
35	72	0
65	96	0
92	52	0
87	36	0
73	66	0
96	81	0
95	45	0
95	96	0
82	68	0
69	33	0
41	85	1
85	75	0
83	68	0
98	31	0
48	64	0
67	30	0
85	91	0
87	59	0
25	82	0
89	36	0
80	42	0
89	39	0
99	84	0
74	49	0
8	81	0
14	98	0
39	32	0
29	72	0
59	9	0
1	95	0
76	45	0
7	14	0
20	57	0
66	69	0
70	76	0
80	47	0
72	43	0
77	63	1
74	45	0
14	41	0
94	76	0
61	94	0
77	16	0
15	92	0
95	55	0
60	27	1
29	20	0
27	32	0
73	51	0
95	35	0
12	6	0
42	1	0
55	61	0
96	87	0
27	7	0
59	12	0
90	82	0
72	61	1
60	87	0
22	53	0
94	45	0
86	62	0
4	89	0
2	99	0
46	31	0
93	31	0
17	30	0
85	37	0
80	16	0
35	29	0
17	97	1
56	85	1
19	37	0
79	42	0
65	90	0
71	40	0
9	11	0
92	54	0
85	39	0
83	19	0
61	30	1
56	99	0
82	38	0
51	98	0
60	52	0
73	47	0
54	94	0
92	48	0
95	97	0
85	86	0
74	72	0
73	23	0
94	44	0
95	98	0
95	97	0
86	23	0
82	67	0
13	97	1
84	94	0
57	73	0
3	18	0
35	93	0
85	33	0
19	96	1
73	32	0
80	46	0
76	51	0
99	51	0
87	33	0
82	23	1
4	76	0
10	13	0
56	81	0
27	68	0
36	0	0
4	87	0
97	38	0
94	89	0
85	49	0
91	88	0
70	59	1
93	45	0
