90	66	0
32	27	0
61	99	0
14	6	0
89	38	0
83	96	0
47	79	0
70	48	0
0	83	0
0	1	0
18	98	0
92	50	0
68	75	0
33	38	0
74	82	0
98	51	0
49	96	0
42	80	1
63	77	0
38	17	0
80	68	0
87	95	0
82	85	0
5	33	0
71	16	1
67	68	0
24	94	1
84	32	0
70	96	0
49	67	0
72	78	0
94	52	0
99	21	0
92	81	0
35	7	0
46	92	0
74	40	0
28	18	0
99	80	0
79	80	0
97	13	0
96	15	0
19	39	0
59	85	0
6	91	0
89	3	0
66	92	0
9	30	0
85	83	0
92	31	0
24	88	1
52	95	0
83	12	1
31	88	1
14	13	0
94	10	0
75	38	0
43	81	0
75	23	0
51	51	0
79	31	0
9	94	0
46	82	0
89	64	0
64	93	0
5	68	0
50	92	0
93	51	0
66	19	1
43	35	0
32	6	0
73	61	0
7	90	0
97	30	0
44	62	0
83	53	0
94	2	0
76	97	0
74	83	0
11	25	0
65	81	0
83	66	0
80	41	0
16	97	0
62	42	0
87	51	0
95	36	0
96	36	0
15	56	0
8	14	0
96	57	0
52	94	0
41	72	0
57	92	0
74	35	0
72	69	0
76	77	0
85	70	0
22	21	0
14	8	0
88	58	0
92	4	0
25	97	1
14	43	0
74	68	0
62	82	0
57	80	0
42	10	0
49	86	0
61	76	0
79	55	0
22	96	0
89	82	0
3	79	0
20	55	0
80	87	0
89	73	0
50	68	0
63	41	0
81	38	0
32	93	1
49	74	0
20	47	0
48	79	0
43	24	0
92	88	0
32	98	1
84	3	0
77	32	0
70	88	0
63	80	0
63	66	0
23	28	0
20	72	0
59	87	0
78	70	0
45	93	0
57	87	0
77	18	1
40	93	0
29	32	0
78	66	0
63	45	0
66	74	0
73	32	0
7	85	0
60	56	0
94	38	0
61	35	0
49	22	0
88	23	0
67	73	0
74	98	0
86	72	0
93	20	0
99	32	0
97	65	0
67	69	0
57	89	0
72	21	0
12	80	0
91	9	0
14	43	0
35	87	1
31	91	1
80	75	0
74	79	0
90	48	0
90	59	0
46	82	0
94	66	0
52	4	0
47	27	0
81	48	0
29	73	0
59	77	0
81	74	0
80	7	0
95	51	0
95	40	0
70	58	0
68	89	0
59	7	0
5	93	0
4	88	0
94	61	0
75	61	0
76	13	0
94	76	0
25	17	0
30	95	1
46	95	0
85	2	0
83	8	0
99	32	0
84	31	0
74	32	0
8	7	0
26	87	0
43	86	0
86	45	0
70	99	0
98	80	0
67	38	0
68	85	0
79	14	1
10	3	0
34	4	0
36	23	0
81	35	0
77	20	0
6	45	0
27	20	0
93	82	0
96	72	0
82	21	1
98	8	0
63	2	0
77	18	1
37	10	0
97	88	0
24	83	0
0	96	0
33	34	0
71	43	0
72	69	0
63	78	0
88	85	0
69	33	0
76	78	0
95	31	0
83	64	0
61	47	0
98	70	0
63	15	0
97	8	0
28	44	0
69	91	0
98	41	0
93	38	0
73	91	0
86	38	0
65	16	0
47	51	0
61	91	0
74	84	0
21	81	0
88	82	0
1	93	0
96	4	0
90	16	0
58	82	0
13	99	0
85	38	0
90	68	0
27	1	0
47	95	0
53	73	0
2	22	0
86	36	0
98	7	0
77	91	0
14	22	0
76	28	0
74	79	0
10	31	0
44	81	0
79	46	0
27	96	1
85	7	0
78	14	1
90	64	0
9	76	1
65	15	0
89	95	0
39	98	0
63	59	1
6	34	0
63	87	0
60	51	0
92	46	0
71	43	0
67	54	0
3	51	0
88	68	0
27	96	1
85	67	0
6	94	0
78	92	0
34	23	0
74	62	0
67	99	0
55	90	0
98	55	0
66	9	0
2	71	1
67	41	0
30	96	1
88	25	0
99	50	0
73	31	0
83	68	0
46	95	0
57	98	0
30	95	1
91	89	0
72	83	0
15	0	0
3	90	0
82	85	0
59	98	0
66	28	0
81	65	0
99	3	0
88	11	0
93	83	0
63	87	0
87	15	0
84	14	1
69	88	0
35	98	1
86	13	0
98	4	0
76	30	0
4	49	0
13	93	0
21	97	0
84	89	0
86	97	0
83	90	0
84	73	0
75	80	0
10	87	0
28	14	0
2	1	0
39	39	0
90	18	0
85	37	0
68	61	0
61	8	0
88	79	0
75	83	0
86	49	0
74	66	0
28	8	0
99	41	0
70	92	0
51	38	0
24	92	1
76	89	0
98	66	0
21	68	0
45	66	0
61	73	0
47	93	0
8	45	0
80	70	0
98	45	0
95	73	0
35	78	1
59	84	0
89	17	0
84	8	0
14	78	0
35	91	1
96	67	0
69	75	0
3	92	0
9	77	0
78	95	0
27	19	0
1	81	0
69	80	0
61	68	0
80	86	0
0	85	0
79	48	0
18	2	0
54	90	0
11	89	0
0	15	0
92	62	0
82	14	1
77	23	0
16	15	0
20	48	0
68	31	0
61	79	0
65	59	1
87	79	0
84	45	0
75	79	0
77	85	0
1	64	0
81	57	0
64	29	0
95	42	0
86	89	0
82	77	0
45	80	0
99	78	0
90	10	0
54	74	0
3	94	0
69	32	0
66	17	1
75	19	1
79	27	0
26	31	0
55	88	0
56	57	1
32	77	0
61	92	0
92	57	0
89	33	0
78	65	0
92	94	0
90	50	0
85	98	0
32	84	1
73	70	0
75	39	0
47	84	0
93	80	0
80	71	0
96	29	0
50	80	0
79	21	0
54	39	0
90	82	0
92	53	0
17	83	0
30	97	1
80	31	0
75	31	0
94	42	0
85	12	0
96	82	0
82	13	1
78	39	0
11	84	0
18	98	0
49	31	0
26	64	0
50	83	0
65	3	0
12	95	0
71	47	0
15	12	0
16	61	0
70	73	0
75	66	0
79	67	0
80	48	0
73	66	0
92	51	0
6	40	0
92	89	0
65	59	1
49	92	0
2	72	1
85	18	0
45	97	0
19	88	0
90	50	0
66	32	0
20	16	0
29	35	0
79	52	0
98	30	0
21	9	0
44	4	0
54	69	0
98	86	0
15	7	0
48	80	0
59	23	0
84	78	0
69	65	0
63	88	0
9	50	0
99	46	0
87	64	0
0	84	0
0	93	0
50	32	0
89	18	0
9	23	0
93	35	0
77	12	0
42	31	0
12	98	0
63	84	0
28	27	0
30	95	1
58	56	1
74	46	0
62	86	0
21	98	0
71	41	0
5	5	0
84	53	0
79	35	0
81	32	0
69	24	0
56	91	0
36	96	0
81	33	0
59	97	0
70	61	0
83	47	0
63	92	0
90	42	0
92	97	0
85	84	0
53	86	0
89	12	0
73	77	0
68	24	0
91	49	0
89	99	0
81	13	1
91	96	0
90	19	0
80	68	0
6	90	0
83	95	0
75	82	0
5	20	0
15	97	0
85	27	0
16	93	0
53	85	0
83	35	0
78	50	0
23	96	0
82	50	0
92	48	0
77	38	0
83	27	0
1	91	0
16	12	0
60	82	0
18	58	0
30	8	0
2	89	0
97	41	0
82	80	0
90	52	0
88	75	0
70	45	0
6	75	1
80	25	0
98	39	0
