1	21	1
93	58	0
53	12	0
43	22	0
51	94	0
4	42	0
86	35	0
93	73	0
6	11	0
48	11	0
69	88	0
42	40	0
71	47	0
2	93	0
33	10	0
17	55	0
94	3	0
83	78	0
69	34	0
33	60	0
98	54	0
97	1	0
47	80	0
71	78	0
82	90	0
79	4	0
24	98	0
64	19	0
73	70	0
67	88	0
96	56	0
2	43	0
29	25	0
48	16	0
77	17	0
49	46	0
89	77	0
11	97	0
71	69	0
94	19	0
82	93	0
41	14	0
32	57	0
65	57	0
94	54	0
57	85	0
97	50	0
15	96	0
26	45	0
63	10	0
93	44	0
25	67	0
61	6	0
34	85	0
64	98	0
24	66	0
91	66	0
50	15	0
37	59	0
78	74	0
97	90	0
76	11	0
23	96	0
88	7	0
51	14	0
88	62	0
47	22	0
12	87	0
87	4	0
31	81	0
89	76	0
58	49	0
23	32	0
92	73	0
23	38	0
25	45	0
84	39	0
22	12	0
8	37	0
47	83	0
68	97	0
68	21	0
44	99	0
71	92	0
6	10	0
11	26	0
92	12	0
86	15	0
53	50	0
88	37	0
20	32	0
76	50	0
49	52	0
33	7	0
32	8	0
68	48	0
20	80	0
50	1	0
44	82	0
40	2	0
34	27	0
87	35	0
48	64	0
58	47	0
18	79	0
70	74	0
2	83	0
41	94	0
86	48	0
67	17	0
54	82	0
4	48	0
63	7	0
51	74	0
5	81	0
43	5	0
24	56	0
20	32	0
89	80	0
7	32	1
38	25	0
2	1	0
36	95	0
90	8	0
61	60	0
7	35	0
73	81	0
95	19	0
61	63	0
48	83	0
31	21	0
60	94	0
14	16	0
74	79	0
64	53	0
25	94	0
82	33	0
40	39	0
19	21	0
69	10	0
12	6	0
0	80	0
15	9	0
96	86	0
94	14	0
82	42	0
54	61	0
62	13	0
87	86	0
4	5	0
38	15	0
18	3	0
83	71	0
41	39	0
91	72	0
87	78	0
51	29	0
56	37	0
77	51	0
0	49	0
26	75	0
14	58	0
91	79	0
46	61	0
37	91	0
89	44	0
71	75	0
55	84	0
20	39	0
99	79	0
5	43	0
32	34	0
16	24	0
24	75	0
29	65	0
96	23	0
52	33	0
77	11	0
42	79	0
66	21	0
58	38	0
76	75	0
25	47	0
69	62	0
35	98	0
32	60	0
28	2	0
68	25	0
22	97	0
7	79	0
65	80	0
80	50	0
18	86	0
12	49	0
84	70	0
24	52	0
32	74	0
38	85	0
58	39	0
33	4	0
20	44	0
77	84	0
93	87	0
61	94	0
71	10	0
10	56	0
61	8	0
62	26	0
58	26	0
72	13	0
25	63	0
8	77	0
46	64	0
67	36	0
30	71	0
81	23	0
57	90	0
33	74	0
22	14	0
89	77	0
33	77	0
45	4	0
1	85	0
83	24	0
91	73	0
78	86	0
87	27	0
4	79	0
19	81	0
94	44	0
64	71	0
39	46	0
44	75	0
70	72	0
48	67	0
19	77	0
39	66	0
67	6	0
4	57	0
67	97	0
66	39	0
25	87	0
86	69	0
41	14	0
37	61	0
12	76	0
39	94	0
63	27	0
67	16	0
18	39	0
99	56	0
63	42	0
74	42	0
12	93	0
53	14	0
20	78	0
66	67	0
61	56	0
68	57	0
57	4	0
25	5	0
8	53	0
83	51	0
51	15	0
75	57	0
45	86	0
64	46	0
95	31	0
90	12	0
15	59	0
83	69	0
19	86	0
18	20	0
96	52	0
40	95	0
47	37	0
51	0	0
14	99	0
71	36	0
39	54	0
34	71	0
46	2	0
18	80	0
81	86	0
87	75	0
60	34	0
89	70	0
17	88	0
43	42	0
64	0	0
70	19	0
33	25	0
55	4	0
55	16	0
51	34	0
65	31	0
31	48	0
25	48	0
58	43	0
68	70	0
90	88	0
42	98	0
73	7	0
92	57	0
69	12	0
12	56	0
16	14	0
88	36	0
57	30	0
76	71	0
16	45	0
48	67	0
60	21	0
32	95	0
28	82	0
44	75	0
94	46	0
50	28	0
52	4	0
26	45	0
86	48	0
73	3	0
64	93	0
30	0	0
66	87	0
7	74	0
41	77	0
31	28	0
8	54	0
8	13	0
87	10	0
28	36	0
78	18	0
40	7	0
3	11	0
82	13	0
25	67	0
23	43	0
93	25	0
81	54	0
10	32	0
26	40	0
0	48	0
35	87	0
14	77	0
10	4	0
34	91	0
52	62	0
42	16	0
8	13	0
53	31	0
46	85	0
38	70	0
85	99	0
30	29	0
19	56	0
31	47	0
58	69	0
73	98	0
50	11	0
71	7	0
31	7	0
45	11	0
53	2	0
15	59	0
79	57	0
65	2	0
26	49	0
61	0	0
55	59	0
45	58	0
34	60	0
80	83	0
71	47	0
23	62	0
52	48	0
22	15	0
99	12	0
49	3	0
61	28	0
57	26	0
19	41	0
11	71	0
59	72	0
8	77	0
38	97	0
29	85	0
37	28	0
41	32	0
90	60	0
64	33	0
13	69	0
71	75	0
5	22	1
63	89	0
29	29	0
66	20	0
72	92	0
73	0	0
96	63	0
73	45	0
41	26	0
37	39	0
36	40	0
91	77	0
16	19	0
64	22	0
81	3	0
9	51	0
40	82	0
74	77	0
78	10	0
2	62	0
93	46	0
58	96	0
8	15	0
67	0	0
55	60	0
37	63	0
60	47	0
20	36	0
54	40	0
70	85	0
59	52	0
38	26	0
76	73	0
20	46	0
21	79	0
79	85	0
45	19	0
5	74	0
71	19	0
88	26	0
70	40	0
17	62	0
69	19	0
24	26	0
64	44	0
19	97	0
67	51	0
55	3	0
86	56	0
37	29	0
30	72	0
42	11	0
80	40	0
6	4	0
60	98	0
14	93	0
29	34	0
52	67	0
59	26	0
9	94	0
13	46	0
17	40	0
54	8	0
95	36	0
69	23	0
86	99	0
35	67	0
23	26	0
38	23	0
43	26	0
92	12	0
55	58	0
79	79	0
30	40	0
63	97	0
72	59	0
42	75	0
80	2	0
71	47	0
75	11	0
64	17	0
43	22	0
30	28	0
95	9	0
62	23	0
0	74	0
96	3	0
96	88	0
7	95	0
5	30	1
88	66	0
40	46	0
34	2	0
92	84	0
82	65	0
25	97	0
70	33	0
75	40	0
91	61	0
8	21	1
85	75	0
32	77	0
78	76	0
26	99	0
97	67	0
35	46	0
21	87	0
98	83	0
37	32	0
30	35	0
73	69	0
66	96	0
46	74	0
14	13	0
43	80	0
62	61	0
38	62	0
37	74	0
84	20	0
14	95	0
81	48	0
24	77	0
38	65	0
39	77	0
91	34	0
36	30	0
21	52	0
2	19	0
69	43	0
97	71	0
57	19	0
79	93	0
72	95	0
32	35	0
44	17	0
23	47	0
27	78	0
9	20	1
38	31	0
51	70	0
63	90	0
32	29	0
74	86	0
53	32	0
35	10	0
70	37	0
23	73	0
49	12	0
15	57	0
98	86	0
59	95	0
44	56	0
76	7	0
46	65	0
6	26	1
5	22	1
44	47	0
93	57	0
91	0	0
5	66	0
75	8	0
87	88	0
72	24	0
32	0	0
27	70	0
80	73	0
33	80	0
51	82	0
84	18	0
19	74	0
60	18	0
59	77	0
59	94	0
35	89	0
96	11	0
92	19	0
67	14	0
42	91	0
11	95	0
0	85	0
78	60	0
72	58	0
91	64	0
8	47	0
86	48	0
61	60	0
9	16	0
77	67	0
64	72	0
20	42	0
11	68	0
43	28	0
40	42	0
12	60	0
61	49	0
47	50	0
97	42	0
76	32	0
79	3	0
75	38	0
49	87	0
1	28	1
17	15	0
26	47	0
69	48	0
98	82	0
71	73	0
97	77	0
21	48	0
54	70	0
57	38	0
33	64	0
79	45	0
5	27	0
22	69	0
41	27	0
77	64	0
64	99	0
49	57	0
10	17	1
25	64	0
33	11	0
86	65	0
26	76	0
48	33	0
86	82	0
95	85	0
12	98	0
40	51	0
15	79	0
79	79	0
38	50	0
55	57	0
44	78	0
75	72	0
27	30	0
17	64	0
93	74	0
78	61	0
92	54	0
36	83	0
57	83	0
64	30	0
29	25	0
86	29	0
42	27	0
93	1	0
19	85	0
23	25	0
0	13	0
37	97	0
92	70	0
22	39	0
97	53	0
17	99	0
14	68	0
27	3	0
98	93	0
22	24	0
7	86	0
70	97	0
42	60	0
79	70	0
22	80	0
87	25	0
25	23	0
36	82	0
27	72	0
36	22	0
22	38	0
17	36	0
96	66	0
84	17	0
51	12	0
73	9	0
85	49	0
33	13	0
47	26	0
91	32	0
8	53	0
46	86	0
13	52	0
15	82	0
76	54	0
45	95	0
59	50	0
70	80	0
39	28	0
94	74	0
38	65	0
92	44	0
12	69	0
67	46	0
24	63	0
72	32	0
3	29	1
60	37	0
86	76	0
90	88	0
91	97	0
25	85	0
18	43	0
47	49	0
47	60	0
32	26	0
26	11	0
37	61	0
10	50	0
62	5	0
73	82	0
85	54	0
93	6	0
9	48	0
7	0	0
78	97	0
8	81	0
51	28	0
53	33	0
76	14	0
18	1	0
52	8	0
13	39	0
0	34	0
52	14	0
52	4	0
1	24	1
28	81	0
56	24	0
35	97	0
80	0	0
29	39	0
52	65	0
65	19	0
95	60	0
57	68	0
43	64	0
49	95	0
83	94	0
19	15	0
93	60	0
18	61	0
87	66	0
54	88	0
14	35	0
19	60	0
98	40	0
26	78	0
91	98	0
68	83	0
43	4	0
38	62	0
78	56	0
36	89	0
75	44	0
91	75	0
74	27	0
11	63	0
11	64	0
89	93	0
70	33	0
60	65	0
59	5	0
16	23	0
76	67	0
32	33	0
14	65	0
35	51	0
47	46	0
33	12	0
60	31	0
5	86	0
20	43	0
10	60	0
2	52	0
79	63	0
25	21	0
56	20	0
98	17	0
86	7	0
55	65	0
0	75	0
57	29	0
35	27	0
13	13	0
17	17	0
74	68	0
67	23	0
34	40	0
44	74	0
59	79	0
14	89	0
24	66	0
48	79	0
27	43	0
79	94	0
55	30	0
36	81	0
17	7	0
53	17	0
15	42	0
62	45	0
72	10	0
25	75	0
85	64	0
67	53	0
51	43	0
41	21	0
0	69	0
81	68	0
72	53	0
46	35	0
72	64	0
75	77	0
72	45	0
64	9	0
93	74	0
83	18	0
1	75	0
72	62	0
1	29	1
9	26	1
26	2	0
46	29	0
1	3	0
10	51	0
22	77	0
30	96	0
31	49	0
97	30	0
9	49	0
59	91	0
19	88	0
6	29	1
99	58	0
40	60	0
6	20	1
83	47	0
26	2	0
61	24	0
56	4	0
15	3	0
25	85	0
45	58	0
81	73	0
65	45	0
12	0	0
28	30	0
55	5	0
8	26	1
7	76	0
76	7	0
43	68	0
57	41	0
68	96	0
15	40	0
11	96	0
90	49	0
23	18	0
92	78	0
59	60	0
65	38	0
51	30	0
99	23	0
87	60	0
14	56	0
1	92	0
32	43	0
4	88	0
3	99	0
90	25	0
29	51	0
0	95	0
54	4	0
64	7	0
44	47	0
30	20	0
66	43	0
41	25	0
17	82	0
24	30	0
57	2	0
7	42	0
91	50	0
92	4	0
56	57	0
34	1	0
42	25	0
13	96	0
59	74	0
26	64	0
12	9	0
39	24	0
7	86	0
3	74	0
71	51	0
87	50	0
53	32	0
13	79	0
22	30	0
89	80	0
67	30	0
50	75	0
67	97	0
22	16	0
10	87	0
67	16	0
57	77	0
35	42	0
93	66	0
36	76	0
97	20	0
84	19	0
99	19	0
88	84	0
42	54	0
18	76	0
78	11	0
34	1	0
65	79	0
66	74	0
19	47	0
66	56	0
60	80	0
76	23	0
92	48	0
8	65	0
61	44	0
26	31	0
92	26	0
68	41	0
65	18	0
93	99	0
77	73	0
49	72	0
78	38	0
55	66	0
9	98	0
36	4	0
6	95	0
18	82	0
59	62	0
69	92	0
80	11	0
93	99	0
77	0	0
12	3	0
94	76	0
62	12	0
97	31	0
78	61	0
50	43	0
18	62	0
61	93	0
65	68	0
0	45	0
10	40	0
42	93	0
1	84	0
59	2	0
40	48	0
9	67	0
39	35	0
16	32	0
7	45	0
98	54	0
52	37	0
2	50	0
26	88	0
83	63	0
1	12	0
86	92	0
24	80	0
62	42	0
39	55	0
94	44	0
58	42	0
6	8	0
9	13	0
5	55	0
19	58	0
99	76	0
68	49	0
96	65	0
10	54	0
75	60	0
23	79	0
2	5	0
77	79	0
4	17	0
26	68	0
37	8	0
30	23	0
4	74	0
39	91	0
5	5	0
75	44	0
55	57	0
81	64	0
88	75	0
41	89	0
32	27	0
6	63	0
3	12	0
38	69	0
51	48	0
56	53	0
81	16	0
