98	67	0
50	17	0
41	21	0
41	88	0
1	43	0
89	29	0
95	76	0
6	3	0
43	12	0
70	92	0
44	35	0
79	43	0
4	87	0
23	4	0
16	61	0
97	4	0
91	80	0
68	28	0
29	63	0
97	65	0
96	2	0
41	72	0
77	81	0
82	82	0
72	0	0
27	90	0
57	10	0
79	77	0
70	90	0
93	53	0
2	39	0
26	30	0
44	24	0
82	20	0
36	47	0
93	75	0
9	95	0
72	72	0
86	13	0
83	96	0
41	12	0
27	55	0
68	53	0
99	56	0
57	82	0
95	52	0
17	99	0
37	43	0
60	17	0
89	40	0
23	62	0
60	11	0
34	87	0
54	86	0
25	69	0
97	69	0
51	20	0
37	57	0
88	70	0
98	97	0
81	14	0
23	95	0
89	4	0
52	14	0
91	67	0
41	35	0
13	83	0
87	7	0
33	82	0
86	75	0
58	50	0
19	31	0
90	78	0
26	37	0
23	52	0
90	40	0
19	18	1
16	37	0
38	82	0
64	93	0
72	28	0
39	96	0
65	99	0
3	11	0
16	28	0
94	13	0
96	17	0
42	58	0
81	40	0
19	29	0
74	50	0
43	52	0
33	9	0
33	2	0
70	49	0
25	81	0
58	4	0
48	83	0
38	3	0
36	29	0
87	43	0
48	65	0
61	50	0
20	74	0
67	77	0
8	78	0
50	82	0
85	48	0
67	13	0
51	79	0
7	49	0
61	10	0
54	71	0
11	71	0
44	2	0
23	57	0
19	34	0
92	83	0
45	36	0
2	3	0
33	98	0
85	3	0
67	64	0
22	37	0
78	82	0
95	17	0
64	68	0
59	91	0
36	19	0
60	98	0
24	18	0
67	81	0
62	50	0
31	96	0
80	29	0
37	36	0
18	29	0
75	2	0
10	10	1
2	75	0
16	13	1
98	70	0
88	9	0
86	39	0
46	60	0
65	6	0
78	96	0
6	6	0
37	13	0
12	11	1
85	80	0
37	34	0
92	70	0
83	84	0
57	26	0
50	37	0
72	53	0
5	51	0
26	81	0
12	56	0
83	81	0
52	62	0
37	98	0
84	49	0
71	73	0
58	81	0
19	42	0
93	83	0
4	45	0
32	36	0
23	20	0
24	72	0
33	76	0
98	26	0
46	33	0
74	10	0
42	79	0
70	23	0
58	28	0
76	77	0
19	48	0
66	60	0
31	99	0
33	64	0
35	4	0
69	17	0
25	94	0
11	85	0
72	83	0
85	52	0
21	87	0
27	33	0
81	72	0
26	50	0
36	76	0
35	98	0
50	40	0
35	4	0
17	42	0
78	92	0
92	90	0
58	92	0
72	16	0
4	62	0
60	3	0
61	18	0
63	23	0
84	23	0
27	58	0
7	72	0
53	62	0
67	37	0
32	74	0
89	20	0
61	87	0
29	68	0
27	16	0
82	74	0
35	72	0
43	5	0
1	88	0
85	19	0
98	75	0
81	92	0
84	22	0
2	81	0
19	82	0
98	50	0
58	72	0
36	48	0
42	77	0
59	69	0
56	53	0
9	81	0
36	65	0
65	13	0
6	61	0
65	99	0
68	40	0
31	87	0
92	61	0
41	9	0
40	59	0
5	77	0
39	88	0
58	31	0
71	19	0
13	37	0
90	61	0
68	49	0
81	49	0
14	89	0
60	10	0
19	81	0
61	72	0
58	54	0
68	62	0
54	0	0
26	10	0
8	62	0
78	48	0
51	10	0
64	57	0
49	80	0
59	53	0
91	30	0
97	15	0
9	66	0
85	67	0
20	92	0
16	17	1
92	55	0
38	95	0
56	36	0
45	1	0
12	99	0
78	34	0
40	58	0
36	75	0
51	3	0
21	87	0
79	79	0
83	87	0
55	32	0
91	73	0
13	88	0
37	46	0
64	7	0
60	19	0
31	29	0
50	0	0
59	11	0
52	43	0
65	34	0
27	51	0
24	48	0
55	52	0
67	73	0
83	76	0
51	92	0
74	10	0
98	56	0
74	6	0
11	55	0
25	10	0
91	38	0
53	29	0
74	79	0
10	43	0
52	64	0
61	26	0
27	96	0
30	90	0
37	73	0
89	51	0
46	30	0
47	1	0
24	47	0
90	55	0
71	10	0
70	94	0
19	4	0
69	94	0
11	75	0
44	86	0
34	31	0
2	56	0
10	12	1
82	8	0
22	34	0
78	15	0
39	10	0
7	2	0
85	15	0
28	56	0
17	41	0
88	28	0
95	53	0
10	30	0
23	35	0
5	57	0
39	92	0
11	74	0
2	5	0
42	96	0
51	62	0
43	25	0
11	15	1
54	30	0
45	81	0
37	68	0
94	95	0
36	27	0
16	52	0
35	42	0
58	67	0
76	98	0
46	9	0
74	2	0
31	7	0
42	8	0
54	5	0
21	53	0
79	60	0
64	1	0
26	45	0
59	4	0
53	55	0
52	53	0
30	58	0
76	77	0
67	55	0
13	74	0
53	37	0
26	16	0
99	7	0
44	2	0
62	21	0
57	30	0
19	42	0
12	75	0
63	77	0
12	79	0
36	94	0
23	88	0
42	21	0
32	37	0
84	67	0
55	44	0
5	72	0
72	78	0
63	82	0
27	30	0
70	18	0
71	93	0
67	9	0
99	64	0
77	41	0
37	17	0
35	44	0
37	40	0
89	79	0
17	24	0
71	22	0
88	4	0
13	54	0
33	90	0
73	75	0
80	4	0
1	71	0
93	40	0
53	92	0
11	10	1
68	1	0
60	53	0
39	56	0
61	50	0
28	37	0
50	36	0
79	78	0
66	51	0
38	34	0
71	67	0
24	49	0
28	86	0
81	90	0
44	15	0
0	77	0
72	20	0
84	19	0
73	45	0
15	63	0
60	21	0
22	31	0
55	40	0
11	97	0
64	46	0
59	17	0
88	48	0
45	24	0
32	76	0
45	2	0
81	38	0
5	0	0
62	96	0
2	93	0
35	35	0
53	77	0
53	27	0
15	97	0
15	49	0
12	38	0
59	16	0
98	35	0
77	23	0
92	97	0
33	59	0
20	18	1
39	15	0
33	25	0
87	15	0
53	61	0
80	79	0
27	30	0
68	96	0
77	65	0
38	76	0
74	2	0
68	43	0
81	15	0
67	25	0
42	23	0
35	35	0
99	1	0
59	25	0
6	73	0
93	15	0
98	90	0
8	90	0
87	66	0
43	44	0
34	6	0
91	84	0
83	55	0
26	96	0
66	25	0
76	37	0
92	64	0
81	70	0
32	76	0
76	77	0
31	94	0
93	75	0
34	45	0
27	88	0
99	89	0
30	31	0
30	40	0
73	70	0
61	96	0
52	73	0
13	10	1
50	82	0
65	63	0
36	56	0
36	70	0
87	20	0
13	90	0
89	47	0
24	78	0
40	57	0
43	83	0
85	30	0
29	34	0
19	50	0
5	18	1
62	42	0
98	69	0
60	24	0
77	92	0
65	95	0
33	37	0
56	16	0
30	46	0
17	77	0
38	30	0
57	69	0
68	91	0
30	21	0
74	84	0
51	34	0
35	10	0
64	34	0
25	76	0
45	11	0
8	58	0
96	84	0
60	99	0
48	48	0
79	12	0
42	64	0
46	49	0
93	57	0
92	3	0
3	70	0
75	2	0
81	78	0
70	28	0
36	0	0
34	70	0
77	75	0
36	81	0
53	82	0
83	16	0
11	73	0
58	10	0
52	72	0
63	98	0
28	91	0
92	9	0
89	20	0
68	8	0
37	87	0
10	89	0
4	91	0
74	55	0
75	60	0
76	66	0
12	40	0
87	51	0
65	54	0
14	17	1
83	74	0
68	60	0
19	46	0
16	72	0
36	30	0
44	35	0
2	54	0
59	60	0
47	41	0
92	40	0
79	32	0
78	0	0
78	32	0
47	87	0
22	15	0
17	53	0
68	39	0
99	84	0
68	76	0
96	74	0
24	42	0
57	65	0
62	55	0
24	62	0
81	39	0
11	29	1
24	63	0
46	27	0
89	60	0
74	96	0
50	51	0
22	66	0
33	3	0
78	68	0
24	76	0
46	26	0
82	81	0
87	75	0
17	87	0
47	57	0
17	77	0
83	74	0
40	58	0
52	60	0
38	81	0
64	66	0
32	33	0
17	62	0
91	78	0
77	53	0
96	62	0
35	84	0
57	74	0
66	31	0
18	24	0
87	25	0
36	34	0
95	2	0
18	89	0
28	31	0
0	20	1
32	91	0
81	64	0
20	40	0
92	63	0
15	96	0
14	71	0
28	2	0
97	89	0
24	33	0
0	84	0
72	91	0
37	63	0
80	72	0
25	80	0
95	22	0
23	20	0
37	87	0
26	72	0
33	14	0
24	38	0
14	31	0
99	69	0
88	9	0
54	11	0
69	9	0
88	42	0
28	7	0
42	35	0
98	36	0
9	59	0
45	90	0
4	48	0
21	82	0
72	55	0
46	95	0
65	49	0
76	80	0
38	30	0
83	70	0
34	66	0
87	47	0
11	80	0
62	37	0
32	71	0
73	30	0
56	42	0
92	87	0
85	93	0
86	90	0
25	87	0
22	39	0
51	52	0
46	63	0
41	29	0
23	9	0
43	67	0
8	44	0
66	0	0
72	86	0
88	55	0
99	13	0
12	47	0
4	0	0
81	99	0
5	87	0
54	16	0
55	42	0
74	11	0
16	1	0
45	12	0
17	37	0
1	28	1
49	18	0
57	7	0
38	80	0
53	20	0
36	92	0
72	0	0
27	43	0
45	63	0
65	16	0
91	65	0
64	74	0
43	67	0
53	99	0
81	86	0
4	15	0
92	57	0
14	62	0
80	72	0
51	86	0
17	35	0
17	62	0
96	49	0
30	86	0
93	95	0
63	86	0
45	11	0
43	54	0
75	58	0
47	91	0
78	51	0
96	73	0
79	23	0
21	66	0
5	64	0
73	92	0
73	41	0
57	65	0
58	6	0
29	18	0
71	73	0
26	40	0
12	65	0
34	46	0
50	45	0
27	14	0
60	30	0
6	89	0
23	37	0
12	64	0
1	65	0
81	60	0
28	24	0
60	12	0
95	21	0
82	1	0
53	67	0
0	62	0
64	27	0
39	37	0
11	13	1
20	21	1
73	69	0
75	16	0
43	40	0
49	69	0
52	86	0
18	95	0
21	63	0
45	90	0
25	39	0
75	87	0
50	38	0
28	82	0
14	17	1
50	25	0
10	47	0
55	53	0
67	17	0
27	75	0
85	55	0
53	45	0
54	48	0
45	20	0
1	70	0
70	63	0
69	51	0
42	36	0
77	58	0
79	75	0
74	41	0
65	14	0
87	75	0
86	20	0
5	75	0
71	76	0
26	8	0
52	31	0
8	0	0
10	54	0
10	83	0
29	91	0
31	53	0
92	31	0
13	51	0
55	96	0
15	83	0
96	68	0
54	70	0
86	40	0
17	0	0
61	21	0
47	10	0
12	4	0
22	87	0
51	61	0
81	74	0
68	48	0
15	4	0
24	34	0
59	11	0
0	75	0
73	3	0
40	73	0
59	27	0
70	97	0
8	39	0
6	92	0
91	59	0
26	22	0
85	75	0
64	57	0
70	40	0
45	30	0
94	31	0
89	67	0
17	63	0
5	91	0
24	51	0
1	89	0
6	96	0
92	28	0
30	52	0
0	99	0
50	9	0
67	0	0
39	46	0
26	20	0
74	43	0
38	20	0
23	81	0
26	34	0
61	9	0
5	41	0
90	49	0
87	5	0
58	49	0
34	2	0
46	23	0
10	97	0
57	79	0
34	62	0
13	9	0
35	16	0
3	83	0
3	77	0
64	53	0
87	47	0
45	35	0
26	76	0
25	35	0
91	88	0
68	27	0
40	82	0
63	95	0
21	17	0
4	87	0
66	15	0
60	71	0
38	38	0
96	70	0
31	70	0
96	22	0
82	19	0
99	20	0
86	86	0
46	55	0
21	85	0
84	11	0
34	3	0
71	82	0
70	69	0
16	41	0
69	42	0
64	83	0
82	16	0
93	43	0
15	66	0
53	46	0
29	25	0
92	23	0
53	48	0
69	14	0
91	90	0
84	73	0
53	70	0
76	32	0
60	68	0
7	93	0
35	4	0
6	96	0
17	76	0
63	66	0
75	97	0
86	11	0
96	90	0
77	1	0
13	9	0
88	72	0
66	11	0
98	35	0
73	56	0
52	43	0
19	63	0
60	92	0
52	71	0
8	44	0
9	42	0
39	93	0
2	74	0
50	7	0
38	51	0
9	66	0
45	34	0
13	21	1
1	40	0
99	47	0
56	28	0
0	44	0
25	90	0
74	63	0
3	4	0
87	78	0
20	80	0
62	43	0
40	55	0
89	46	0
60	43	0
0	9	0
9	11	1
6	53	0
25	61	0
88	74	0
62	46	0
96	70	0
7	55	0
69	57	0
19	73	0
0	9	0
74	75	0
1	15	1
30	68	0
45	6	0
29	25	0
10	74	0
34	89	0
1	2	0
78	37	0
64	64	0
79	65	0
78	79	0
45	87	0
29	20	0
2	69	0
10	12	1
41	64	0
41	48	0
55	48	0
81	13	0
