81	60	0
32	27	0
63	95	0
16	5	0
90	38	0
80	94	0
44	82	1
72	48	0
1	83	0
1	3	0
14	97	0
92	47	0
68	75	0
34	41	0
70	84	0
98	49	0
52	96	0
64	75	0
36	23	0
81	69	0
85	93	0
80	80	0
3	34	0
76	17	1
66	67	0
80	33	0
68	91	0
51	69	0
64	77	0
94	52	0
93	22	0
94	75	0
36	5	0
44	98	0
70	33	0
30	16	0
94	77	0
81	79	0
96	18	0
99	13	0
25	37	0
59	79	0
6	89	0
93	9	0
61	93	0
16	26	0
83	82	0
90	28	0
55	97	0
82	8	1
14	15	0
95	13	0
73	43	0
44	85	1
69	21	0
53	47	0
74	31	0
7	99	0
50	82	1
87	61	0
67	92	0
10	65	0
44	90	0
93	58	0
39	38	0
26	7	0
71	64	0
6	85	0
94	33	0
45	67	0
89	54	0
98	9	0
73	98	0
73	83	0
1	23	0
65	83	0
91	63	0
84	43	0
17	97	0
57	46	0
90	50	0
88	39	0
90	33	0
15	57	0
5	10	0
99	62	0
54	99	0
43	76	0
58	93	0
70	39	0
64	68	0
78	73	0
86	71	0
20	22	0
12	10	0
86	56	0
91	1	0
25	92	1
11	48	0
72	76	0
62	78	0
57	79	0
49	8	0
48	88	0
66	85	0
75	57	0
15	90	0
90	80	0
3	80	0
16	52	0
83	85	0
83	72	0
49	67	0
66	39	0
79	36	0
48	71	0
21	48	0
44	78	1
40	23	0
93	85	0
33	99	1
78	7	0
77	36	0
75	90	0
61	82	0
63	66	0
17	22	0
16	73	0
59	89	0
74	68	0
41	94	1
52	93	0
34	89	0
33	34	0
73	66	0
58	52	0
66	73	0
71	32	0
3	93	0
68	56	1
93	39	0
63	36	0
47	22	0
86	19	0
62	69	0
76	99	0
89	73	0
92	18	0
96	34	0
99	71	0
67	73	0
59	89	0
67	15	1
17	75	0
89	11	0
8	46	0
32	86	1
84	78	0
78	77	0
96	51	0
85	52	0
45	79	1
91	65	0
53	8	0
49	23	0
74	56	0
29	78	0
59	78	0
78	76	0
81	8	0
93	49	0
93	32	0
73	54	0
66	91	0
55	8	0
1	92	0
7	90	0
96	58	0
71	57	0
81	13	1
95	69	0
22	20	0
28	95	1
45	96	0
86	2	0
77	3	0
97	27	0
88	29	0
75	27	0
12	10	0
27	80	0
50	89	0
85	44	0
74	92	0
96	76	0
70	36	0
65	81	0
8	2	0
37	10	0
39	24	0
71	33	0
78	17	1
4	53	0
34	21	0
92	82	0
97	66	0
83	22	1
99	14	0
63	2	0
38	6	0
97	89	0
26	87	0
5	98	0
42	39	0
75	41	0
74	69	0
61	70	0
84	86	0
67	35	0
76	78	0
92	29	0
87	67	0
65	41	0
96	77	0
63	18	0
99	7	0
29	48	0
70	89	0
96	41	0
92	43	0
72	96	0
91	39	0
66	16	1
43	52	0
59	93	0
68	82	0
20	80	0
82	83	0
3	97	0
96	2	0
86	14	1
50	81	1
13	95	0
86	38	0
89	70	0
29	2	0
45	97	0
51	62	0
6	17	0
86	37	0
94	7	0
67	90	0
17	22	0
78	29	0
67	82	0
10	26	0
46	84	1
78	43	0
85	4	0
88	65	0
14	79	1
66	14	0
93	96	0
37	92	1
61	60	1
5	36	0
62	90	0
63	58	0
93	41	0
64	43	0
66	53	1
0	55	0
92	73	0
87	69	0
7	90	0
78	88	0
37	25	0
68	61	0
64	99	0
54	90	0
99	52	0
61	11	0
3	68	1
69	41	0
30	98	1
82	29	0
96	54	0
75	33	0
87	68	0
46	99	0
53	97	0
24	93	1
89	93	0
72	84	0
15	1	0
3	91	0
78	91	0
61	98	0
66	27	0
84	57	0
97	1	0
88	7	1
90	81	0
66	81	0
92	16	0
84	12	1
67	83	0
42	98	1
95	16	0
97	8	0
77	32	0
7	45	0
14	91	0
22	99	1
86	89	0
87	93	0
81	87	0
88	64	0
76	80	0
9	92	0
25	19	0
4	3	0
34	41	0
87	15	0
80	33	0
63	66	0
63	5	0
90	81	0
81	83	0
82	47	0
73	63	0
31	9	0
98	40	0
70	89	0
54	32	0
25	93	1
74	85	0
97	64	0
24	62	0
44	67	0
60	78	0
49	91	0
1	44	0
79	71	0
98	46	0
97	69	0
38	85	1
61	88	0
86	22	0
86	11	0
14	78	1
35	84	1
96	67	0
67	74	0
1	97	0
12	76	1
80	89	0
20	20	0
4	78	0
62	75	0
64	67	0
81	87	0
3	87	0
79	58	0
18	3	0
50	87	0
6	89	0
4	17	0
91	60	0
87	9	1
73	22	0
16	19	0
15	41	0
71	38	0
65	79	0
92	72	0
81	45	0
76	79	0
71	84	0
0	63	0
81	65	0
66	29	0
96	45	0
85	88	0
84	79	0
49	76	0
97	75	0
99	9	0
50	71	0
0	97	0
74	36	0
65	19	1
81	23	1
29	28	0
56	83	0
55	48	1
36	71	0
64	89	0
86	49	0
89	36	0
73	65	0
96	88	0
85	52	0
89	98	0
32	87	1
78	72	0
73	36	0
43	84	0
91	75	0
83	75	0
98	33	0
44	72	0
80	24	1
54	35	0
87	87	0
89	55	0
27	84	0
80	33	0
69	35	0
96	42	0
84	14	1
90	82	0
83	17	1
75	41	0
8	86	0
14	96	0
45	33	0
23	65	0
50	86	0
62	0	0
4	94	0
74	47	0
14	11	0
18	62	0
62	69	0
74	69	0
76	61	0
76	47	0
73	67	0
88	48	0
10	44	0
93	86	0
68	58	1
48	93	0
84	23	0
43	99	0
20	90	0
92	56	0
62	29	0
22	16	0
29	34	0
81	52	0
97	27	0
20	2	0
44	1	0
52	66	0
96	82	0
21	7	0
44	79	1
57	21	0
88	77	0
68	62	0
65	88	0
11	49	0
98	47	0
88	62	0
3	84	0
0	91	0
52	31	0
94	24	0
10	23	0
90	41	0
75	12	0
39	32	0
16	97	0
59	89	0
22	30	0
26	98	1
74	40	0
64	84	0
23	94	1
68	33	0
3	1	0
85	53	0
87	33	0
83	28	0
67	21	0
53	97	0
40	93	1
79	32	0
58	99	0
69	66	0
78	51	0
53	90	0
93	44	0
98	96	0
88	91	0
46	83	1
88	6	1
79	76	0
73	23	0
95	47	0
92	96	0
86	15	1
90	99	0
87	21	0
81	69	0
9	95	0
83	96	0
74	80	0
10	22	0
18	93	0
90	26	0
16	94	0
49	85	0
80	37	0
77	55	0
23	94	1
78	49	0
94	57	0
84	38	0
84	24	0
2	90	0
16	8	0
58	78	0
24	63	0
30	14	0
2	83	0
89	40	0
88	84	0
86	47	0
89	78	0
74	50	0
7	82	1
86	14	1
97	36	0
