97	66	0
24	6	0
29	24	1
63	99	0
11	1	0
88	40	0
97	94	0
48	13	0
56	79	0
61	25	0
79	51	0
8	81	0
10	3	0
12	91	0
93	27	0
73	74	0
48	36	0
89	61	0
97	16	0
49	97	0
51	62	0
81	71	0
45	8	0
19	72	0
58	19	0
95	70	0
78	93	0
89	77	0
3	37	0
49	11	0
51	28	0
96	24	0
75	67	0
7	86	0
35	92	0
76	16	0
73	91	0
30	9	0
46	68	0
81	70	0
94	71	0
54	61	0
98	44	0
17	78	0
67	5	0
99	65	0
24	75	0
67	7	0
4	77	0
44	90	0
29	71	0
89	65	0
56	38	0
45	28	0
89	85	0
97	91	0
97	12	0
23	94	0
99	11	0
25	5	0
73	95	0
34	3	0
2	85	0
85	12	0
31	81	0
58	93	0
37	58	0
6	24	0
75	81	0
86	30	0
32	97	0
47	97	0
63	32	0
31	89	0
58	98	0
3	18	0
95	15	0
81	23	0
51	75	0
84	45	0
92	59	0
54	13	0
38	14	1
68	42	0
3	98	0
65	1	0
46	67	0
43	6	0
55	26	0
86	19	0
34	59	0
90	45	0
2	57	0
77	94	0
3	87	0
38	91	0
85	54	0
74	19	0
30	64	0
34	58	0
61	2	0
74	59	0
12	62	0
36	2	0
11	50	1
37	53	1
61	77	0
42	33	0
11	98	0
88	30	0
42	77	0
76	71	0
92	5	0
65	85	0
65	73	0
20	20	0
60	91	0
98	84	0
74	56	0
24	93	0
65	32	0
33	27	1
72	5	0
11	55	1
98	66	0
96	35	0
86	51	0
41	46	0
59	4	0
69	69	0
13	26	0
42	29	0
97	55	0
51	24	0
55	75	0
56	81	0
54	20	0
39	37	0
55	26	0
13	49	1
13	52	1
59	81	0
50	61	0
46	92	0
72	44	0
63	74	0
62	68	0
96	65	0
24	23	0
44	46	0
17	15	0
13	77	0
26	66	0
83	48	0
45	45	0
92	2	0
37	89	0
52	18	0
32	43	0
73	79	0
36	66	0
56	66	0
42	94	0
36	55	0
43	4	0
56	18	0
39	98	0
31	64	0
74	83	0
91	57	0
19	89	0
94	69	0
30	48	0
26	74	0
51	69	0
46	60	0
18	33	0
70	83	0
95	80	0
39	67	0
78	39	0
7	41	0
61	11	0
67	53	0
62	17	0
78	17	0
1	48	0
44	61	0
58	34	0
44	66	0
94	34	0
34	89	0
21	58	0
73	92	0
46	58	0
24	13	0
32	74	0
58	20	0
93	94	0
41	88	0
93	1	0
11	62	0
14	66	0
95	37	0
48	92	0
63	81	0
68	66	0
46	63	0
13	72	0
24	53	1
59	1	0
17	55	1
56	96	0
98	56	0
44	88	0
72	71	0
85	22	0
50	79	0
28	83	0
45	94	0
40	25	0
66	21	0
82	45	0
52	44	0
70	67	0
0	49	0
67	24	0
20	98	0
68	68	0
86	39	0
71	31	0
46	0	0
2	39	0
86	23	0
70	77	0
57	92	0
71	52	0
93	30	0
89	12	0
2	33	0
83	71	0
37	94	0
88	80	0
42	97	0
63	34	0
77	29	0
26	93	0
80	23	0
19	64	0
30	73	0
54	15	0
30	97	0
79	91	0
80	78	0
92	53	0
97	55	0
18	84	0
36	69	0
84	14	0
78	48	0
36	22	1
39	0	0
42	31	0
48	56	0
80	45	0
24	51	0
41	40	0
31	77	0
70	94	0
91	59	0
57	75	0
90	4	0
98	38	0
62	6	0
84	50	0
78	51	0
65	72	0
1	38	0
36	62	0
63	29	0
12	90	0
29	79	0
6	85	0
91	68	0
49	10	1
38	0	0
41	53	1
80	67	0
65	1	0
92	87	0
25	2	0
50	93	0
12	68	0
55	91	0
43	38	0
7	46	1
76	28	0
77	14	0
50	15	0
83	10	0
42	57	0
8	58	1
77	22	0
77	56	0
9	4	0
2	58	0
32	98	0
19	80	0
54	99	0
49	67	0
77	40	0
65	8	0
51	83	0
46	67	0
98	83	0
1	52	0
63	52	0
67	80	0
78	25	0
32	4	0
45	0	0
51	15	0
37	29	0
82	52	0
71	17	0
20	44	0
20	23	0
31	56	0
44	36	0
88	69	0
88	63	0
0	47	0
64	37	0
88	3	0
69	13	0
76	22	0
53	36	0
41	30	0
1	75	0
65	86	0
40	82	0
12	98	0
29	62	0
57	9	0
48	37	0
86	42	0
76	54	0
13	58	1
83	73	0
82	84	0
78	30	0
72	90	0
78	5	0
74	66	0
73	54	0
69	54	0
81	80	0
74	1	0
90	15	0
27	46	0
54	88	0
65	71	0
82	13	0
26	72	0
93	28	0
59	99	0
95	27	0
63	21	0
24	57	0
67	44	0
39	58	0
56	87	0
78	27	0
80	76	0
38	54	0
13	95	0
94	95	0
46	26	0
8	83	0
50	50	0
95	2	0
77	41	0
28	67	0
60	50	0
59	50	0
19	96	0
82	22	0
38	13	1
90	51	0
49	43	0
36	90	0
21	10	0
49	50	0
49	86	0
3	46	0
39	77	0
39	83	0
49	25	0
19	73	0
15	31	0
73	10	0
74	13	0
93	5	0
89	94	0
26	63	0
34	29	0
83	3	0
64	53	0
69	99	0
2	24	0
56	94	0
96	59	0
34	80	0
78	5	0
40	66	0
69	20	0
56	10	0
41	9	1
86	17	0
85	41	0
11	87	0
77	14	0
92	96	0
22	94	0
98	73	0
45	46	0
11	27	0
73	96	0
64	52	0
5	86	0
71	37	0
77	47	0
70	53	0
78	70	0
29	59	0
99	55	0
30	95	0
96	69	0
21	98	0
88	94	0
48	35	0
61	61	0
57	90	0
46	59	0
59	98	0
74	51	0
47	47	0
31	56	0
87	1	0
4	82	0
90	63	0
25	94	0
52	61	0
43	83	0
85	32	0
32	50	0
53	24	0
95	57	0
72	23	0
84	90	0
42	97	0
44	60	0
47	10	1
34	48	0
57	96	0
50	23	0
42	74	0
86	80	0
35	13	1
92	86	0
75	8	0
18	8	0
42	33	0
21	73	0
43	4	0
12	84	0
89	78	0
56	91	0
68	44	0
69	6	0
39	64	0
38	69	0
96	46	0
97	3	0
14	71	0
77	7	0
47	65	0
42	30	0
35	3	0
36	53	0
81	86	0
29	67	0
53	82	0
63	21	0
73	28	0
51	58	0
63	88	0
32	96	0
97	19	0
85	19	0
78	14	0
13	66	0
28	98	0
19	91	0
65	41	0
75	76	0
72	99	0
3	34	0
58	46	0
64	90	0
68	65	0
60	76	0
17	89	0
21	75	0
46	32	0
45	19	1
11	31	0
40	39	0
36	38	0
95	24	0
81	42	0
71	8	0
67	35	0
59	50	0
43	28	0
99	79	0
49	83	0
83	56	0
37	64	0
37	91	0
81	53	0
61	19	0
30	17	0
97	50	0
77	85	0
46	39	0
12	58	1
46	11	1
50	59	0
42	88	0
62	96	0
95	60	0
17	81	0
62	48	0
8	66	0
63	45	0
48	75	0
62	55	0
48	76	0
63	84	0
0	58	0
54	58	0
75	47	0
85	59	0
35	78	0
71	83	0
42	24	0
91	19	0
56	41	0
99	9	0
1	81	0
43	85	0
90	58	0
74	68	0
14	89	0
17	79	0
78	87	0
50	24	0
5	73	0
72	97	0
47	67	0
97	64	0
27	96	0
81	42	0
13	0	0
41	75	0
22	81	0
37	12	1
5	17	0
90	55	0
97	26	0
51	23	0
77	35	0
84	14	0
19	12	0
29	62	0
76	33	0
4	68	0
58	83	0
4	44	0
18	76	0
71	45	0
56	97	0
69	45	0
77	80	0
72	57	0
39	49	1
77	81	0
12	86	0
44	42	0
23	75	0
72	48	0
65	38	0
99	51	0
95	96	0
85	89	0
48	67	0
71	45	0
61	60	0
35	51	0
9	47	1
69	2	0
68	85	0
82	77	0
84	7	0
55	88	0
6	98	0
51	17	0
54	33	0
72	32	0
57	21	0
35	21	1
75	17	0
21	95	0
71	26	0
27	80	0
95	16	0
43	67	0
54	37	0
66	97	0
78	74	0
40	79	0
69	91	0
87	65	0
89	44	0
28	51	1
98	77	0
80	94	0
13	57	1
99	50	0
34	71	0
95	86	0
55	87	0
33	21	1
76	81	0
92	44	0
46	86	0
80	67	0
90	58	0
75	33	0
34	49	0
0	59	0
56	78	0
67	16	0
56	34	0
45	17	1
89	83	0
68	35	0
36	13	1
42	18	0
14	88	0
12	59	0
6	89	0
63	40	0
95	21	0
89	38	0
94	6	0
80	94	0
11	48	1
61	20	0
51	50	0
36	78	0
97	19	0
62	49	0
35	90	0
25	96	0
29	68	0
17	90	0
32	2	0
69	62	0
47	31	0
47	73	0
47	44	0
6	46	1
71	66	0
69	16	0
26	90	0
95	57	0
24	30	0
16	71	0
76	63	0
63	58	0
52	62	0
89	55	0
92	62	0
73	52	0
60	11	0
64	66	0
83	42	0
9	36	0
89	78	0
56	42	0
29	76	0
8	82	0
32	99	0
20	56	0
93	28	0
7	49	0
57	90	0
1	84	0
90	64	0
45	25	0
77	18	0
21	23	0
36	38	0
72	9	0
16	74	0
41	51	0
90	57	0
89	38	0
5	5	0
10	49	1
44	16	1
4	38	0
71	6	0
49	69	0
92	91	0
4	13	0
46	98	0
88	30	0
39	4	0
90	89	0
41	66	0
72	71	0
37	33	0
96	38	0
89	76	0
18	61	0
13	79	0
3	47	0
22	67	0
15	99	0
72	18	0
31	54	0
4	87	0
28	28	0
61	17	0
36	64	0
72	50	0
42	5	0
32	77	0
92	19	0
7	26	0
72	45	0
97	29	0
49	61	0
29	12	0
43	0	0
19	93	0
49	75	0
25	60	0
20	17	0
20	89	0
25	82	0
66	52	0
90	44	0
39	71	0
81	98	0
51	33	0
65	71	0
46	88	0
3	84	0
82	42	0
44	60	0
7	20	0
94	62	0
54	50	0
95	16	0
79	15	0
82	33	0
61	96	0
46	43	0
54	35	0
60	31	0
41	0	0
42	89	0
52	69	0
88	28	0
60	95	0
86	40	0
79	54	0
37	74	0
25	68	0
79	31	0
55	37	0
75	0	0
99	99	0
76	80	0
45	78	0
72	39	0
80	87	0
12	83	0
57	27	0
17	94	0
5	63	0
43	58	0
76	72	0
66	13	0
94	94	0
85	8	0
98	94	0
63	11	0
73	20	0
75	58	0
64	31	0
21	83	0
50	86	0
63	83	0
5	33	0
14	80	0
14	71	0
38	9	0
34	40	0
11	46	1
4	42	0
77	40	0
49	24	0
11	62	0
17	84	0
66	95	0
90	42	0
1	77	0
64	44	0
33	82	0
77	67	0
70	42	0
9	50	1
29	55	0
82	37	0
70	51	0
74	56	0
17	62	0
59	47	0
2	88	0
7	2	0
87	67	0
16	67	0
22	1	0
2	92	0
23	78	0
99	40	0
72	80	0
87	68	0
84	86	0
48	62	0
61	32	0
1	75	0
48	64	0
34	56	0
62	48	0
90	23	0
