94	65	0
52	17	0
43	21	0
44	89	0
2	45	0
89	31	0
96	78	0
7	6	0
45	14	0
69	92	0
45	38	0
78	41	0
3	89	0
25	4	0
18	60	0
98	4	0
88	80	0
66	31	0
31	65	0
97	62	0
97	2	0
40	71	0
72	77	0
80	81	0
75	0	0
26	94	0
56	14	0
77	75	0
67	92	0
95	55	0
0	40	0
29	32	0
44	22	0
81	20	0
42	50	0
89	72	0
6	91	0
66	71	0
91	12	0
83	96	0
42	15	0
26	56	0
66	55	0
97	57	0
60	87	0
97	50	0
17	99	0
35	44	0
62	13	0
91	41	0
21	65	0
59	11	0
34	88	0
58	91	0
29	64	0
97	69	0
57	20	0
36	60	0
86	75	0
99	95	0
79	11	0
23	93	0
87	3	0
54	9	0
91	66	0
42	30	0
14	87	0
88	7	0
34	80	0
89	74	0
57	51	0
21	28	0
95	76	0
22	43	0
28	52	0
90	36	0
23	16	0
18	41	0
40	83	0
61	97	0
72	23	0
42	96	0
65	97	0
5	8	0
15	26	0
95	14	0
94	16	0
46	52	0
81	42	0
20	31	0
75	51	0
46	51	0
30	10	0
31	4	0
71	48	0
24	82	0
56	1	0
46	81	0
40	0	0
33	31	0
86	41	0
50	61	0
61	47	0
22	79	0
67	75	0
6	79	0
51	89	0
85	49	0
68	17	0
54	79	0
0	53	0
61	9	0
51	72	0
8	75	0
47	0	0
26	52	0
20	32	0
92	78	0
8	29	1
45	28	0
4	2	0
37	98	0
89	5	0
63	63	0
16	38	0
79	76	0
94	17	0
64	68	0
55	85	0
33	18	0
59	98	0
20	16	0
72	80	0
67	50	0
31	92	0
74	31	0
39	34	0
17	25	0
76	3	0
9	6	0
2	79	0
17	12	1
97	81	0
91	9	0
84	42	0
46	58	0
65	10	0
84	92	0
5	4	0
39	15	0
12	11	0
79	79	0
38	41	0
87	73	0
86	83	0
56	28	0
54	36	0
72	53	0
6	51	0
24	78	0
15	57	0
83	77	0
49	62	0
36	94	0
88	49	0
72	70	0
60	83	0
19	37	0
93	80	0
6	46	0
33	35	0
21	25	0
22	75	0
33	71	0
98	23	0
50	33	0
75	8	0
40	81	0
71	20	0
58	29	0
79	73	0
18	46	0
65	61	0
33	99	0
31	61	0
32	2	0
70	25	0
21	95	0
6	85	0
69	82	0
82	47	0
22	89	0
24	40	0
79	76	0
26	51	0
33	75	0
34	94	0
56	39	0
31	2	0
20	44	0
78	91	0
93	89	0
61	95	0
71	16	0
9	60	0
62	4	0
60	22	0
64	26	0
83	21	0
30	60	0
0	75	0
52	66	0
65	36	0
32	68	0
86	25	0
61	84	0
34	72	0
20	15	0
83	79	0
33	74	0
42	4	0
2	85	0
82	16	0
97	72	0
76	89	0
84	23	0
2	78	0
22	85	0
96	50	0
61	70	0
34	46	0
43	77	0
68	70	0
52	56	0
10	81	0
35	66	0
66	8	0
10	57	0
64	96	0
71	44	0
31	86	0
92	66	0
43	9	0
38	58	0
5	71	0
39	91	0
55	32	0
74	19	0
16	38	0
90	61	0
62	43	0
80	50	0
12	92	0
56	14	0
22	78	0
59	72	0
60	57	0
71	57	0
53	1	0
27	14	0
10	57	0
73	49	0
52	8	0
63	58	0
45	86	0
59	53	0
91	28	0
99	12	0
15	64	0
80	67	0
20	90	0
15	16	1
93	56	0
41	95	0
53	35	0
49	1	0
12	95	0
73	35	0
41	57	0
38	76	0
44	0	0
20	86	0
84	80	0
82	82	0
58	33	0
90	70	0
14	88	0
39	43	0
67	2	0
69	20	0
28	28	0
53	4	0
59	11	0
52	39	0
68	38	0
25	49	0
21	48	0
57	51	0
68	74	0
85	81	0
52	93	0
73	13	0
99	57	0
72	5	0
14	54	0
20	13	0
90	40	0
53	31	0
73	75	0
12	44	0
52	62	0
59	26	0
28	93	0
31	91	0
38	74	0
93	49	0
45	25	0
49	1	0
28	44	0
87	58	0
72	10	0
64	96	0
20	5	0
70	92	0
11	79	0
42	78	0
30	26	0
4	52	0
18	16	1
86	13	0
21	36	0
77	16	0
42	6	0
10	4	0
84	15	0
28	60	0
20	43	0
89	30	0
92	52	0
11	31	0
21	35	0
4	54	0
36	91	0
15	72	0
0	8	0
40	93	0
56	67	0
43	22	0
7	18	1
57	31	0
45	85	0
38	70	0
92	95	0
33	29	0
15	55	0
37	43	0
57	68	0
76	98	0
44	10	0
70	0	0
29	9	0
41	8	0
57	2	0
20	55	0
79	59	0
62	2	0
26	47	0
57	4	0
52	58	0
51	55	0
35	58	0
79	79	0
68	55	0
18	70	0
53	37	0
22	16	0
98	7	0
45	2	0
66	23	0
56	29	0
16	40	0
11	74	0
64	72	0
11	82	0
35	97	0
24	85	0
38	24	0
38	38	0
87	64	0
56	37	0
7	69	0
75	79	0
62	86	0
27	33	0
70	18	0
70	90	0
69	7	0
99	61	0
76	43	0
36	20	0
35	45	0
40	40	0
88	73	0
19	21	0
71	18	0
84	8	0
12	52	0
33	87	0
76	74	0
80	2	0
1	68	0
91	43	0
58	94	0
12	15	0
72	4	0
58	61	0
35	55	0
61	48	0
25	36	0
50	38	0
74	82	0
67	51	0
41	31	0
70	71	0
22	51	0
25	83	0
79	89	0
44	15	0
2	77	0
74	21	0
84	20	0
71	45	0
15	64	0
68	21	0
19	32	0
55	42	0
12	95	0
68	48	0
54	14	0
89	51	0
44	23	0
25	76	0
43	0	0
80	35	0
3	4	0
62	91	0
5	94	0
30	37	0
51	76	0
54	26	0
8	97	0
13	47	0
16	38	0
54	18	0
98	33	0
76	19	0
88	96	0
34	61	0
17	19	0
42	13	0
41	26	0
92	13	0
54	65	0
80	77	0
33	35	0
62	95	0
74	61	0
41	75	0
77	0	0
69	44	0
81	12	0
67	21	0
42	24	0
34	33	0
99	3	0
61	21	0
4	70	0
96	10	0
99	86	0
8	92	0
7	28	1
90	68	0
45	48	0
32	2	0
92	83	0
82	57	0
25	99	0
68	24	0
75	38	0
91	62	0
12	20	1
83	71	0
33	78	0
78	78	0
29	96	0
94	74	0
32	47	0
27	86	0
94	86	0
29	32	0
27	38	0
72	71	0
68	99	0
51	74	0
13	10	1
50	83	0
65	63	0
40	58	0
33	70	0
89	20	0
17	91	0
84	49	0
24	77	0
37	60	0
46	84	0
88	30	0
31	33	0
20	51	0
4	20	1
61	40	0
99	69	0
60	22	0
78	91	0
72	92	0
35	38	0
54	18	0
26	47	0
18	77	0
36	32	0
57	69	0
71	94	0
30	27	0
74	84	0
50	34	0
37	14	0
66	37	0
23	75	0
48	12	0
8	57	0
97	82	0
59	98	0
46	49	0
80	8	0
43	67	0
46	54	0
95	57	0
89	0	0
2	67	0
74	4	0
84	81	0
68	30	0
34	2	0
30	70	0
78	76	0
35	85	0
56	78	0
82	16	0
12	75	0
56	14	0
56	69	0
64	97	0
28	93	0
94	10	0
92	21	0
69	5	0
40	90	0
10	91	0
0	91	0
73	55	0
76	62	0
77	64	0
13	45	0
88	50	0
68	54	0
11	17	1
80	72	0
68	61	0
16	45	0
16	71	0
41	27	0
40	39	0
9	55	0
57	57	0
48	46	0
97	43	0
75	33	0
80	0	0
77	31	0
45	87	0
20	15	0
22	52	0
71	45	0
98	86	0
72	73	0
98	78	0
20	46	0
57	72	0
61	49	0
26	60	0
85	38	0
10	27	1
25	62	0
41	25	0
82	59	0
73	96	0
52	54	0
25	62	0
38	6	0
84	66	0
24	76	0
49	25	0
89	83	0
90	75	0
15	90	0
47	58	0
13	76	0
76	78	0
44	56	0
53	62	0
38	83	0
68	70	0
30	30	0
20	66	0
91	77	0
77	60	0
97	62	0
33	82	0
55	77	0
66	30	0
23	24	0
89	25	0
37	31	0
99	1	0
16	85	0
22	23	0
1	18	1
35	94	0
85	66	0
21	40	0
94	59	0
16	97	0
19	67	0
33	3	0
96	87	0
23	27	0
0	86	0
71	96	0
39	61	0
81	71	0
22	80	0
93	23	0
26	25	0
33	82	0
25	76	0
37	15	0
24	41	0
11	36	0
99	69	0
89	11	0
52	12	0
72	7	0
85	46	0
27	8	0
44	29	0
99	35	0
10	57	0
44	89	0
7	50	0
19	78	0
75	56	0
50	94	0
68	51	0
75	81	0
38	27	0
89	71	0
32	66	0
88	45	0
11	78	0
65	44	0
29	72	0
72	34	0
58	38	0
91	82	0
84	88	0
86	91	0
24	86	0
20	41	0
47	54	0
46	63	0
39	30	0
22	9	0
39	67	0
10	47	0
65	1	0
75	86	0
90	52	0
99	10	0
14	49	0
5	2	0
77	97	0
3	82	0
51	17	0
52	36	0
72	12	0
22	4	0
49	14	0
17	35	0
4	31	1
49	15	0
55	5	0
36	85	0
54	20	0
31	96	0
74	1	0
30	45	0
48	61	0
66	13	0
93	60	0
63	73	0
48	63	0
50	99	0
81	88	0
11	13	0
92	54	0
14	66	0
85	70	0
54	88	0
17	35	0
14	64	0
99	49	0
27	82	0
93	93	0
64	87	0
46	12	0
44	57	0
75	56	0
43	90	0
78	50	0
98	76	0
79	24	0
12	61	0
6	67	0
75	95	0
66	39	0
56	62	0
59	7	0
23	20	0
70	71	0
30	37	0
15	65	0
34	47	0
52	45	0
33	13	0
59	30	0
4	87	0
25	42	0
10	59	0
3	62	0
82	57	0
30	22	0
64	15	0
94	22	0
83	0	0
57	66	0
3	63	0
59	27	0
39	34	0
15	16	1
15	19	0
73	73	0
72	15	0
40	42	0
51	76	0
53	80	0
14	96	0
21	61	0
49	91	0
28	40	0
80	89	0
49	41	0
29	79	0
14	10	0
57	23	0
9	46	0
59	54	0
69	16	0
29	73	0
84	60	0
55	49	0
51	45	0
41	24	0
1	69	0
75	66	0
71	54	0
40	34	0
74	59	0
76	69	0
75	44	0
61	11	0
87	76	0
86	24	0
4	77	0
70	71	0
25	5	0
47	28	0
9	0	0
11	52	0
14	84	0
33	88	0
30	52	0
96	31	0
10	50	0
52	99	0
19	85	0
98	64	0
48	63	0
85	39	0
23	1	0
60	21	0
54	7	0
14	2	0
26	86	0
50	65	0
82	76	0
69	43	0
17	6	0
26	31	0
56	8	0
0	78	0
72	0	0
38	72	0
58	30	0
72	98	0
11	38	0
9	87	0
92	53	0
26	19	0
86	72	0
64	55	0
69	39	0
45	30	0
94	29	0
86	66	0
13	61	0
7	92	0
26	51	0
2	88	0
4	95	0
94	23	0
32	48	0
1	99	0
52	12	0
68	0	0
42	50	0
21	19	0
66	41	0
36	22	0
19	82	0
23	35	0
58	11	0
5	40	0
90	49	0
88	5	0
60	51	0
34	7	0
42	23	0
12	93	0
58	77	0
30	63	0
13	2	0
36	20	0
8	85	0
2	78	0
65	54	0
88	44	0
50	35	0
17	78	0
23	31	0
91	84	0
68	28	0
44	80	0
65	94	0
21	17	0
5	90	0
67	13	0
58	74	0
33	40	0
93	71	0
29	76	0
97	25	0
86	18	0
97	18	0
80	86	0
45	58	0
15	81	0
82	13	0
36	6	0
69	83	0
65	72	0
18	43	0
71	43	0
64	79	0
83	18	0
94	47	0
13	66	0
57	46	0
27	28	0
89	23	0
60	44	0
69	14	0
90	91	0
81	71	0
53	68	0
78	33	0
57	72	0
7	92	0
34	1	0
9	96	0
19	79	0
65	65	0
73	96	0
89	10	0
97	92	0
77	2	0
6	6	0
90	72	0
69	11	0
97	34	0
73	59	0
53	44	0
20	62	0
64	93	0
59	73	0
5	42	0
6	46	0
38	93	0
0	77	0
54	8	0
39	46	0
14	66	0
40	38	0
14	24	1
4	41	0
98	53	0
55	27	0
1	45	0
25	90	0
76	65	0
2	3	0
87	83	0
20	82	0
63	47	0
42	55	0
90	44	0
62	39	0
1	8	0
12	10	0
6	53	0
24	59	0
93	77	0
62	48	0
94	70	0
9	56	0
73	59	0
18	77	0
1	7	0
74	78	0
0	16	1
30	71	0
43	5	0
28	22	0
7	76	0
33	91	0
4	3	0
77	35	0
62	63	0
79	63	0
81	81	0
44	88	0
31	28	0
2	66	0
8	8	0
38	70	0
43	47	0
54	52	0
84	14	0
