92	61	0
41	11	0
32	31	0
61	99	0
12	8	0
93	35	0
95	91	0
44	6	0
61	85	0
47	18	0
86	44	0
0	78	0
17	4	0
21	69	0
99	24	0
78	74	0
58	29	0
18	51	0
91	61	0
99	12	0
52	92	0
59	70	0
80	85	0
57	2	0
35	81	0
54	7	0
82	74	0
64	83	0
91	78	0
2	28	0
51	18	0
41	17	0
87	30	0
29	53	0
89	62	0
7	89	0
42	99	0
92	29	0
72	91	0
47	3	0
22	69	0
94	58	0
92	70	0
53	67	0
98	47	0
6	79	0
63	0	0
97	69	0
11	68	0
61	9	0
14	80	0
58	95	0
35	76	0
98	72	0
49	33	0
27	24	0
94	78	0
95	97	0
94	4	0
17	98	0
98	18	0
37	10	0
74	76	0
39	9	0
14	99	0
84	7	0
43	90	0
70	91	0
46	65	0
3	35	0
69	90	0
26	30	1
12	56	0
94	30	0
29	39	1
30	89	0
54	97	0
59	27	0
34	99	0
58	99	0
2	20	0
98	8	0
94	18	0
42	59	0
81	43	0
26	40	1
83	58	0
50	11	0
36	6	0
71	46	0
14	95	0
56	4	0
57	86	0
39	0	0
46	33	0
83	45	0
36	67	0
72	45	0
7	60	0
77	83	0
3	79	0
32	98	0
97	58	0
61	13	0
40	69	0
38	68	0
64	3	0
72	52	0
3	59	0
27	0	0
12	40	0
40	33	0
68	88	0
52	50	0
13	92	0
85	5	0
48	78	0
78	77	0
97	2	0
67	80	0
49	69	0
35	8	0
55	98	0
98	71	0
70	62	0
26	98	0
61	36	0
34	14	0
17	44	0
78	5	0
8	59	0
96	58	0
99	21	0
80	34	0
38	53	0
49	13	0
84	73	0
18	14	0
35	13	0
87	63	0
42	38	0
66	72	0
65	92	0
49	34	0
48	36	0
57	38	0
13	44	0
31	52	0
26	56	0
76	87	0
45	57	0
27	97	0
74	43	0
74	62	0
54	79	0
91	72	0
16	30	0
55	51	0
16	12	0
24	82	0
32	71	0
87	34	0
44	40	0
78	8	0
44	84	0
48	26	0
53	45	0
74	75	0
28	64	0
49	77	0
33	82	0
33	44	0
41	12	0
53	6	0
35	71	0
22	78	0
80	74	0
90	68	0
29	92	0
92	70	0
28	54	0
23	86	0
56	67	0
38	56	0
22	15	0
8	28	1
73	96	0
89	80	0
56	65	0
72	36	0
1	50	0
59	7	0
81	40	0
61	27	0
74	27	0
15	63	0
9	49	0
49	51	0
78	18	0
43	63	0
91	30	0
30	94	0
24	66	0
36	22	0
80	78	0
34	54	0
34	10	0
21	83	0
55	14	0
99	82	0
62	92	0
92	0	0
5	77	0
24	63	0
93	30	0
48	79	0
47	37	0
54	64	0
50	69	0
47	64	0
17	75	0
28	54	0
67	2	0
0	62	0
60	77	0
93	42	0
42	88	0
80	63	0
64	29	0
49	68	0
24	87	0
36	96	0
50	37	0
76	37	0
82	58	0
67	36	0
66	66	0
7	43	0
48	19	0
7	87	0
65	53	0
68	38	0
68	27	0
54	12	0
11	56	0
87	14	0
40	12	0
65	66	0
55	76	0
71	34	0
98	36	0
99	8	0
6	52	0
98	77	0
20	99	0
92	77	0
31	98	0
58	30	0
61	21	0
17	84	0
71	34	0
39	69	0
37	70	0
42	9	0
31	95	0
82	93	0
70	93	0
83	45	0
94	70	0
22	91	0
41	66	0
64	7	0
69	37	0
30	20	0
37	4	0
50	15	0
50	59	0
77	42	0
34	46	0
38	51	0
36	73	0
73	88	0
81	67	0
57	77	0
84	0	0
84	44	0
64	1	0
17	48	0
26	34	1
72	41	0
69	54	0
66	69	0
13	34	0
35	69	0
59	18	0
19	87	0
31	89	0
28	69	0
92	64	0
48	16	0
38	1	0
31	57	0
79	68	0
62	10	0
71	88	0
13	2	0
53	98	0
3	67	0
37	92	0
45	38	0
2	55	0
79	29	0
77	7	0
51	11	0
86	15	0
38	53	0
14	52	0
73	22	0
85	63	0
9	13	0
3	64	0
29	96	0
1	89	0
48	98	0
56	75	0
53	39	0
59	10	0
44	87	0
44	65	0
80	98	0
29	33	0
10	56	0
28	48	0
65	54	0
73	81	0
29	24	0
78	29	0
36	2	0
51	4	0
60	19	0
34	43	0
76	68	0
84	10	0
12	41	0
51	18	0
52	55	0
41	37	0
33	51	0
84	75	0
73	59	0
11	48	0
56	31	0
96	8	0
58	8	0
54	28	0
49	39	0
42	32	0
2	75	0
59	83	0
24	76	0
20	92	0
29	98	0
59	13	0
37	35	0
96	47	0
89	56	0
0	71	0
81	68	0
68	68	0
79	23	0
79	82	0
81	10	0
78	56	0
77	62	0
35	21	0
63	52	0
26	52	0
89	80	0
70	17	0
95	17	0
32	54	0
42	95	0
68	68	0
87	13	0
14	67	0
93	22	0
53	99	0
80	22	0
72	41	0
42	54	0
59	40	0
30	41	1
35	51	0
60	85	0
82	29	0
39	23	0
72	75	0
31	68	0
12	96	0
86	97	0
36	36	0
4	87	0
58	32	0
91	19	0
85	41	0
11	62	0
62	39	0
46	27	0
44	42	0
11	93	0
83	19	0
56	4	0
87	41	0
48	46	0
27	80	0
21	1	0
58	60	0
52	88	0
8	55	0
40	74	0
36	77	0
55	39	0
19	87	0
3	50	0
22	42	1
62	13	0
88	31	0
94	6	0
80	84	0
19	65	0
27	31	1
48	22	0
85	2	0
74	62	0
77	90	0
8	47	0
66	91	0
95	60	0
32	88	0
72	3	0
60	53	0
61	24	0
79	10	0
45	29	0
39	12	0
96	0	0
88	31	0
7	82	0
82	15	0
93	99	0
22	92	0
98	66	0
48	51	0
10	25	0
87	92	0
65	43	0
2	99	0
67	38	0
77	35	0
74	55	0
86	67	0
27	74	0
89	65	0
33	86	0
99	79	0
35	88	0
97	81	0
38	29	0
60	64	0
62	99	0
44	66	0
71	95	0
69	49	0
33	64	0
36	65	0
84	5	0
10	88	0
92	53	0
20	81	0
50	71	0
44	79	0
89	43	0
36	52	0
44	26	0
81	59	0
67	11	0
86	89	0
63	90	0
45	49	0
52	6	0
38	40	0
56	84	0
38	26	0
46	65	0
79	71	0
38	16	0
97	94	0
52	14	0
16	9	0
54	22	0
22	76	0
38	1	0
14	59	0
90	94	0
56	84	0
64	53	0
60	1	0
42	70	0
45	49	0
95	59	0
85	7	0
4	69	0
75	1	0
56	71	0
63	31	0
39	14	0
36	68	0
87	82	0
26	76	0
38	85	0
78	28	0
20	48	0
63	32	0
42	72	0
64	81	0
34	99	0
88	8	0
95	25	0
71	16	0
30	78	0
26	99	0
28	76	0
71	40	0
83	80	0
80	87	0
11	44	0
75	39	0
73	74	0
77	72	0
59	78	0
19	79	0
19	68	0
46	23	0
37	15	0
4	37	0
44	55	0
28	47	0
82	30	0
85	37	0
74	3	0
79	46	0
52	61	0
20	64	0
51	27	0
90	82	0
50	92	0
77	62	0
32	57	0
35	86	0
78	52	0
27	49	0
80	31	0
21	49	0
33	17	0
88	51	0
80	93	0
55	55	0
11	60	0
55	6	0
60	54	0
34	84	0
36	28	0
80	90	0
95	64	0
14	85	0
65	45	0
7	69	0
83	55	0
34	62	0
50	62	0
36	79	0
61	66	0
5	56	0
75	59	0
66	52	0
79	46	0
23	74	0
65	86	0
54	12	0
94	18	0
51	31	0
96	11	0
7	81	0
35	40	0
36	69	0
85	65	0
24	54	0
78	69	0
18	96	0
14	88	0
89	90	0
48	28	0
6	68	0
75	95	0
47	69	0
85	58	0
23	96	0
95	34	0
26	6	0
33	82	0
24	78	0
27	11	0
15	43	0
11	26	0
76	69	0
97	18	0
61	11	0
75	29	0
87	29	0
30	9	0
31	61	0
93	37	0
5	61	0
53	92	0
6	55	0
29	87	0
68	53	0
54	99	0
79	51	0
68	84	0
30	41	1
69	61	0
44	53	0
72	62	0
2	71	0
56	30	0
29	85	0
82	43	0
73	23	0
88	74	0
94	95	0
85	80	0
50	70	0
70	39	0
51	72	0
41	21	0
31	9	0
37	78	0
1	44	0
65	10	0
57	88	0
85	85	0
79	5	0
14	43	0
57	82	0
19	95	0
65	3	0
56	44	0
60	21	0
41	20	0
51	19	0
82	9	0
40	98	0
67	26	0
31	98	0
96	16	0
25	49	0
42	64	0
72	27	0
76	96	0
69	72	0
42	64	0
57	97	0
73	67	0
83	48	0
12	60	0
85	87	0
80	96	0
14	61	0
92	51	0
31	73	0
98	83	0
51	92	0
39	18	0
69	67	0
87	57	0
58	82	0
71	65	0
88	70	0
69	35	0
15	56	0
3	60	0
64	73	0
70	35	0
52	50	0
51	1	0
33	22	0
99	70	0
16	57	0
27	49	0
58	26	0
42	9	0
53	28	0
22	97	0
12	56	0
19	80	0
71	53	0
81	28	0
91	33	0
90	2	0
61	91	0
9	51	0
56	29	0
56	49	0
46	76	0
97	15	0
61	56	0
45	89	0
19	92	0
39	60	0
27	90	0
37	17	0
74	79	0
46	30	0
38	83	0
54	39	0
11	45	0
65	61	0
64	11	0
25	84	0
93	48	0
22	39	1
20	57	0
20	18	0
4	67	0
80	63	0
72	62	0
43	54	0
82	57	0
91	68	0
66	38	0
67	23	0
81	68	0
78	22	0
2	49	0
75	84	0
29	34	0
58	34	0
9	60	0
1	85	0
34	91	0
39	54	0
91	23	0
0	46	0
60	90	0
6	90	0
85	57	0
47	41	0
84	28	0
15	12	0
47	35	0
74	2	0
24	87	0
52	48	0
97	62	0
89	36	0
8	1	0
10	42	0
58	20	0
6	53	0
83	6	0
53	72	0
36	28	0
89	97	0
9	19	0
30	93	0
94	53	0
33	12	0
88	96	0
48	59	0
60	61	0
37	35	0
93	35	0
96	90	0
6	58	0
4	70	0
19	49	0
21	80	0
23	92	0
66	29	0
33	55	0
12	91	0
42	20	0
69	17	0
36	64	0
59	46	0
52	14	0
36	73	0
34	36	0
86	20	0
4	34	0
76	53	0
91	17	0
52	43	0
37	21	0
49	4	0
17	91	0
47	68	0
46	64	0
33	12	0
20	90	0
9	84	0
68	48	0
97	36	0
26	25	0
26	63	0
86	92	0
49	29	0
65	73	0
57	83	0
7	82	0
76	37	0
46	59	0
16	41	0
95	75	0
51	60	0
94	18	0
77	17	0
90	23	0
67	96	0
53	60	0
44	49	0
63	24	0
44	8	0
58	86	0
59	69	0
17	57	0
75	37	0
48	92	0
90	30	0
86	58	0
30	79	0
47	53	0
25	38	1
78	33	0
40	51	0
84	1	0
96	94	0
71	71	0
50	84	0
75	38	0
69	87	0
11	81	0
42	6	0
11	89	0
14	64	0
50	67	0
72	77	0
67	12	0
98	93	0
92	9	0
96	94	0
63	10	0
83	28	0
71	60	0
53	38	0
11	89	0
57	93	0
65	86	0
31	45	0
11	33	0
24	90	0
14	64	0
40	9	0
40	43	0
20	64	0
33	38	0
2	43	0
96	60	0
43	24	0
15	64	0
30	80	0
62	81	0
92	53	0
2	76	0
64	46	0
25	59	0
79	51	0
62	29	0
3	51	0
26	48	0
83	52	0
63	49	0
86	53	0
2	67	0
59	52	0
9	79	0
5	8	0
86	71	0
15	58	0
31	2	0
34	22	0
12	96	0
17	80	0
91	40	0
69	72	0
78	63	0
76	84	0
47	62	0
59	44	0
1	71	0
47	71	0
34	53	0
69	57	0
83	13	0
