95	71	0
29	27	0
61	99	0
13	8	0
88	33	0
83	99	0
43	80	0
70	42	0
2	82	0
1	1	0
19	90	0
94	47	0
70	74	0
31	36	0
79	87	0
98	48	0
45	99	0
39	80	1
67	76	0
42	16	0
77	66	0
82	88	0
82	84	0
2	29	0
76	13	0
73	68	0
26	92	1
87	24	0
70	93	0
50	63	0
74	74	0
99	55	0
97	21	0
20	75	1
90	83	0
36	5	0
4	73	1
40	87	0
77	47	0
28	13	0
98	84	0
83	83	0
95	14	0
97	17	0
21	37	0
59	87	0
8	85	0
90	0	0
65	95	0
4	29	0
76	83	0
93	30	0
29	83	1
58	93	0
81	17	0
28	85	1
24	11	0
93	6	0
75	35	0
45	79	0
77	24	0
52	52	0
81	29	0
13	99	0
44	79	0
95	66	0
72	93	0
4	64	0
49	90	0
94	50	0
69	19	1
46	38	0
31	9	0
69	60	0
7	84	0
95	29	0
43	65	0
89	55	0
91	2	0
75	97	0
76	82	0
6	28	0
65	81	0
84	72	0
80	44	0
20	98	0
70	38	0
88	52	0
91	29	0
99	36	0
17	55	0
4	16	0
98	57	0
53	91	0
42	77	0
54	90	0
71	33	0
71	69	0
78	81	0
84	67	0
25	22	0
18	11	0
79	56	0
96	5	0
26	99	0
24	43	0
69	73	0
59	83	0
54	80	0
40	3	0
50	82	0
64	79	0
82	55	0
21	91	0
89	81	0
0	76	0
18	54	0
76	85	0
90	75	0
47	68	0
61	42	0
84	40	0
29	89	1
51	72	0
25	43	0
56	80	0
42	27	0
92	83	0
29	98	0
87	4	0
78	35	0
67	89	0
66	77	0
61	69	0
21	33	0
21	68	0
55	90	0
80	69	0
43	93	0
54	84	0
75	18	1
42	92	0
24	27	0
76	65	0
60	46	0
71	71	0
76	37	0
12	88	0
57	54	0
93	38	0
66	37	0
48	18	0
88	28	0
63	73	0
77	99	0
83	69	0
93	22	0
99	34	0
99	70	0
28	86	1
69	73	0
53	90	0
78	21	0
13	84	0
93	6	0
19	38	0
31	94	1
27	89	0
82	71	0
73	76	0
90	48	0
84	54	0
45	84	0
90	65	0
55	3	0
43	25	0
83	45	0
32	71	0
65	76	0
75	68	0
82	6	0
94	51	0
98	34	0
69	62	0
71	87	0
58	9	0
4	91	0
7	88	0
94	62	0
71	59	0
80	12	0
98	77	0
21	13	0
31	97	0
50	93	0
88	2	0
87	4	0
99	30	0
79	31	0
72	35	0
5	7	0
16	89	0
45	88	0
51	64	1
92	45	0
68	96	0
99	87	0
68	37	0
74	81	0
75	17	1
10	3	0
31	6	0
34	24	0
81	40	0
80	21	0
8	47	0
26	23	0
89	82	0
92	69	0
80	19	0
98	8	0
66	2	0
83	13	1
34	14	0
98	88	0
25	80	0
3	97	0
35	38	0
72	40	0
66	68	0
61	80	0
87	83	0
68	28	0
76	79	0
99	33	0
87	68	0
68	51	0
93	73	0
63	14	0
96	9	0
28	46	0
67	97	0
98	36	0
25	85	1
98	36	0
74	95	0
93	34	0
65	15	0
49	49	0
58	92	0
74	87	0
21	84	0
92	83	0
1	99	0
90	1	0
92	16	0
56	81	0
14	99	0
80	42	0
91	70	0
28	0	0
48	90	0
39	78	1
56	74	0
1	24	0
90	34	0
97	4	0
76	96	0
14	24	0
76	32	0
69	82	0
12	28	0
47	84	0
82	51	0
28	94	1
84	11	0
81	15	1
93	66	0
10	77	0
62	16	0
84	94	0
35	97	0
66	57	0
3	37	0
63	87	0
60	51	0
93	44	0
73	49	0
71	57	0
5	45	0
92	67	0
24	94	1
87	64	0
8	95	0
80	84	0
36	19	0
71	61	0
66	94	0
55	94	0
90	55	0
71	1	0
3	72	0
68	41	0
27	99	0
90	24	0
94	44	0
74	32	0
86	73	0
44	94	0
59	99	0
27	94	0
98	84	0
72	83	0
18	0	0
7	85	0
77	84	0
59	91	0
59	57	1
69	31	0
84	61	0
99	6	0
86	9	0
93	88	0
65	85	0
83	19	0
87	14	0
70	92	0
30	97	0
82	8	0
97	0	0
75	27	0
8	52	0
13	93	0
18	99	0
88	84	0
86	96	0
84	92	0
85	69	0
74	76	0
8	91	0
29	18	0
6	5	0
44	41	0
93	22	0
81	39	0
66	59	0
59	12	0
84	82	0
68	80	0
84	54	0
76	61	0
24	11	0
97	38	0
66	91	0
46	40	0
21	89	0
73	96	0
95	69	0
19	75	0
38	68	0
68	74	0
49	98	0
10	45	0
80	70	0
93	51	0
88	69	0
33	77	0
60	85	0
90	20	0
84	8	0
12	79	0
36	88	0
93	74	0
75	75	0
0	93	0
9	79	0
79	93	0
31	19	0
3	81	0
68	81	0
60	64	0
83	87	0
5	86	0
75	48	0
16	5	0
56	92	0
5	92	0
2	16	0
91	63	0
83	12	0
77	22	0
81	15	1
13	18	0
14	51	0
72	33	0
67	76	0
33	84	1
61	57	1
88	80	0
83	42	0
74	76	0
75	80	0
0	60	0
84	60	0
65	33	0
92	43	0
90	90	0
82	72	0
67	53	1
55	56	1
43	77	0
97	77	0
92	9	0
51	76	0
1	97	0
68	26	0
67	14	0
79	19	1
73	16	1
79	25	0
28	32	0
56	91	0
62	60	0
35	83	0
66	92	0
90	60	0
86	30	0
84	70	0
86	94	0
91	47	0
86	95	0
34	85	1
75	76	0
78	45	0
47	85	0
89	79	0
81	72	0
93	26	0
53	79	0
80	22	0
60	41	0
88	89	0
90	52	0
19	86	0
32	93	1
86	30	0
74	33	0
96	43	0
86	7	0
95	83	0
82	16	0
80	33	0
13	86	0
18	98	0
50	34	0
30	64	0
50	80	0
63	4	0
12	92	0
76	51	0
16	12	0
20	60	0
75	72	0
71	61	0
82	67	0
84	47	0
73	65	0
87	50	0
5	45	0
95	87	0
65	59	0
47	94	0
6	73	1
91	17	0
49	94	0
20	87	0
98	44	0
65	27	0
20	12	0
28	37	0
9	62	1
83	55	0
95	32	0
23	13	0
48	5	0
51	76	0
99	83	0
14	4	0
45	78	0
62	25	0
88	70	0
72	64	0
65	82	0
11	49	0
98	47	0
89	64	0
1	83	0
31	92	1
0	99	0
53	34	0
90	21	0
9	19	0
90	32	0
79	13	0
45	33	0
14	97	0
60	83	0
20	79	1
26	29	0
26	96	1
57	58	1
79	46	0
65	82	0
19	88	0
71	41	0
8	4	0
81	58	0
87	31	0
81	33	0
69	30	0
54	88	0
37	98	0
80	38	0
58	97	0
69	62	0
83	47	0
63	94	0
90	41	0
94	99	0
84	82	0
53	89	0
91	14	0
76	76	0
63	26	0
27	91	1
88	56	0
85	98	0
84	14	0
97	94	0
84	22	0
78	67	0
11	93	0
79	95	0
75	77	0
6	18	0
13	92	0
10	74	1
85	29	0
25	96	0
57	82	0
81	32	0
79	47	0
19	99	0
83	44	0
92	50	0
75	48	0
85	29	0
0	88	0
13	7	0
62	79	0
12	58	0
28	8	0
6	93	0
99	45	0
81	89	0
89	54	0
85	78	0
73	47	0
3	75	0
76	21	0
96	39	0
