87	63	0
32	29	0
9	16	0
93	45	0
89	80	0
70	40	0
8	78	0
1	6	0
14	90	0
78	32	0
77	81	0
25	31	0
65	72	0
89	53	0
66	67	0
44	31	0
92	86	0
99	82	0
70	92	0
5	32	0
68	82	0
76	30	0
49	68	0
67	82	0
85	51	0
97	28	0
91	76	0
35	4	0
84	31	0
33	16	0
96	59	0
93	72	0
88	7	0
17	33	0
52	80	1
3	86	0
18	35	0
75	74	0
91	42	0
57	81	1
5	22	0
88	14	0
63	33	1
46	34	0
81	43	0
83	66	0
16	60	0
96	56	0
47	34	0
27	10	0
61	58	0
0	99	0
89	20	0
37	69	0
85	66	0
93	12	0
81	91	0
55	83	1
9	24	0
72	87	0
81	62	0
85	40	0
55	47	0
85	40	0
86	36	0
85	36	0
31	57	0
21	22	0
83	77	0
41	84	0
79	42	0
62	67	0
82	72	0
83	79	0
25	16	0
15	16	0
85	66	0
96	8	0
12	51	0
79	80	0
56	79	1
54	72	1
46	16	0
68	81	0
76	53	0
8	87	0
93	93	0
8	98	1
14	57	0
94	84	0
98	69	0
50	89	1
68	50	0
95	31	0
47	55	0
12	52	0
56	8	0
82	85	0
75	4	0
86	56	0
79	98	0
55	61	0
62	80	1
15	20	0
72	99	0
35	82	0
22	30	0
59	37	0
63	91	1
64	45	0
91	27	0
52	25	0
71	69	0
69	90	0
84	63	0
96	27	0
85	85	0
76	86	0
56	65	0
13	42	0
78	67	0
75	73	0
93	62	0
91	37	0
87	64	0
62	18	0
43	28	0
81	51	0
31	80	0
85	76	0
96	49	0
94	27	0
70	61	1
60	99	1
58	18	0
5	96	1
96	56	0
90	70	0
12	22	0
96	12	0
84	24	0
84	26	0
7	10	0
36	81	0
90	51	0
67	93	0
82	90	0
71	30	1
53	94	0
3	15	0
37	20	0
50	36	0
63	41	0
0	59	0
51	10	0
93	81	0
89	50	0
64	2	0
28	17	0
96	86	0
35	70	0
36	28	0
62	57	0
75	67	0
54	83	1
82	73	0
75	28	0
76	97	0
93	31	0
86	79	0
53	26	0
96	75	0
63	14	0
38	53	0
73	89	0
88	40	0
93	45	0
83	93	0
97	45	0
32	47	0
67	86	0
20	77	0
80	79	0
1	92	0
92	35	0
97	69	0
41	5	0
49	52	0
20	10	0
94	28	0
67	87	1
8	38	0
77	31	0
72	78	0
24	35	0
81	44	0
77	13	0
94	66	0
71	33	0
93	94	0
19	44	0
78	57	0
92	38	0
59	44	0
2	53	0
96	73	0
91	60	0
20	87	0
74	86	0
40	26	0
68	62	1
74	95	0
95	43	0
69	2	0
62	43	0
73	30	0
95	55	0
87	80	0
93	85	0
78	95	0
14	14	0
5	75	0
81	92	0
63	91	1
51	18	0
89	57	0
93	10	0
99	83	0
62	67	0
63	76	0
99	7	0
91	37	0
8	40	0
5	94	1
87	86	0
96	96	0
91	89	0
70	64	0
62	76	0
12	86	0
26	30	0
5	9	0
40	37	0
85	40	0
65	62	1
69	10	0
73	90	0
77	73	0
84	49	0
31	14	0
90	43	0
63	90	1
62	22	0
64	77	0
97	61	0
13	44	0
55	83	1
7	44	0
68	79	0
97	45	0
89	70	0
80	30	0
88	61	0
60	60	1
4	93	1
79	95	0
18	18	0
1	87	0
58	78	1
64	66	1
86	98	0
6	77	0
87	55	0
10	9	0
13	81	0
9	10	0
89	61	0
15	29	0
10	31	0
83	34	0
68	70	0
88	80	0
83	53	0
77	73	0
70	83	0
3	82	0
90	61	0
64	26	0
93	34	0
75	88	0
80	60	0
40	87	0
93	75	0
47	72	0
6	94	1
75	40	0
35	38	0
47	82	0
38	67	0
66	86	1
99	54	0
85	31	0
67	66	0
93	76	0
91	38	0
96	99	0
91	64	0
59	22	0
81	74	0
87	58	0
98	28	0
45	62	0
69	33	1
93	87	0
88	62	0
26	75	0
83	37	0
81	39	0
86	41	0
97	85	0
73	54	0
0	97	0
41	33	0
22	69	0
61	11	0
1	88	0
83	52	0
14	12	0
17	59	0
53	64	0
80	86	0
72	62	0
65	47	0
83	40	0
12	41	0
89	79	0
63	88	1
75	12	0
7	95	1
97	49	0
17	9	0
19	35	0
71	42	0
96	35	0
18	6	0
45	8	0
55	60	0
99	84	0
26	5	0
64	5	0
82	86	0
58	86	0
25	47	0
94	49	0
84	64	0
13	99	1
8	93	0
52	36	0
95	46	0
18	36	0
83	31	0
75	12	0
34	34	0
26	39	0
81	41	0
59	90	1
79	44	0
15	13	0
94	54	0
78	42	0
74	49	0
51	92	0
56	52	0
69	41	0
83	44	0
93	88	0
86	84	0
71	75	0
75	24	0
89	51	0
83	98	0
96	97	0
79	64	0
82	96	0
50	82	1
7	10	0
30	94	0
86	50	0
74	25	0
90	50	0
77	48	0
95	60	0
89	42	0
23	77	0
9	9	0
44	89	0
27	71	0
42	4	0
9	84	0
97	47	0
96	86	0
82	48	0
92	98	0
98	39	0
