89	62	0
33	28	0
12	16	0
92	43	0
92	82	0
71	43	0
6	79	0
1	4	0
14	91	0
81	33	0
76	80	0
25	28	0
64	72	0
89	55	0
68	65	0
43	31	0
93	88	0
98	80	0
68	92	0
7	32	0
67	80	0
78	28	0
50	66	0
68	84	0
83	52	0
98	28	0
92	77	0
36	2	0
86	30	0
36	14	0
95	59	0
94	70	0
89	8	0
18	34	0
51	80	1
4	86	0
18	36	0
75	74	0
90	44	0
57	80	1
6	21	0
91	13	0
63	33	1
46	34	0
81	45	0
85	66	0
15	58	0
97	58	0
47	36	0
28	9	0
60	58	0
0	98	0
89	22	0
40	70	0
86	64	0
93	11	0
85	90	0
53	84	1
5	23	0
73	88	0
82	60	0
82	40	0
53	45	0
85	41	0
86	37	0
84	35	0
30	57	0
20	21	0
82	78	0
43	86	0
79	40	0
62	65	0
80	72	0
81	77	0
25	18	0
13	17	0
85	67	0
96	6	0
11	50	0
80	82	0
56	79	1
53	72	1
48	19	0
69	80	0
77	53	0
8	87	0
94	92	0
8	99	1
15	57	0
91	85	0
99	68	0
50	90	1
71	49	0
94	29	0
49	56	0
10	50	0
57	9	0
82	85	0
76	4	0
86	54	0
81	97	0
56	63	0
65	77	1
18	22	0
72	97	0
36	83	0
23	29	0
61	39	0
61	91	1
66	45	0
91	26	0
50	23	0
73	67	0
69	91	0
83	64	0
96	27	0
85	84	0
77	85	0
58	67	0
11	42	0
76	64	0
76	73	0
94	61	0
91	35	0
87	66	0
62	17	0
42	27	0
83	50	0
28	81	0
83	77	0
98	46	0
93	26	0
59	98	1
57	20	0
2	98	1
96	57	0
90	73	0
15	21	0
95	11	0
84	26	0
86	28	0
7	9	0
36	79	0
89	49	0
69	94	0
85	90	0
72	31	1
53	97	0
2	17	0
38	19	0
53	36	0
62	41	0
0	59	0
51	8	0
93	81	0
91	51	0
61	3	0
25	16	0
99	87	0
33	71	0
36	27	0
64	54	0
76	69	0
53	83	1
81	76	0
73	26	0
75	97	0
94	29	0
86	79	0
53	28	0
93	77	0
63	15	0
41	51	0
72	89	0
88	41	0
91	44	0
83	93	0
99	44	0
34	47	0
64	86	1
21	78	0
81	79	0
0	91	0
93	37	0
97	67	0
40	5	0
50	50	0
23	12	0
96	29	0
68	88	1
8	39	0
76	29	0
70	76	0
23	37	0
84	43	0
79	11	0
93	66	0
72	34	0
94	95	0
22	44	0
81	56	0
94	37	0
57	45	0
2	52	0
97	75	0
89	61	0
19	86	0
73	88	0
39	28	0
73	93	0
93	47	0
70	4	0
61	41	0
72	30	1
96	55	0
86	78	0
93	86	0
78	95	0
14	16	0
3	74	0
83	93	0
64	92	1
50	15	0
89	55	0
92	11	0
99	85	0
61	68	0
67	77	0
98	6	0
92	39	0
9	38	0
6	96	1
87	87	0
95	95	0
92	86	0
70	64	0
61	76	0
12	86	0
25	30	0
4	12	0
42	36	0
87	38	0
67	62	1
68	6	0
73	92	0
79	74	0
85	49	0
32	14	0
89	41	0
63	89	1
62	24	0
63	77	1
96	59	0
12	45	0
57	84	1
10	41	0
69	79	0
96	44	0
90	71	0
79	32	0
88	62	0
60	59	1
4	94	1
80	97	0
18	16	0
0	88	0
57	77	1
64	65	1
85	99	0
6	79	0
86	57	0
6	5	0
13	81	0
10	11	0
88	60	0
17	31	0
5	32	0
81	33	0
68	70	0
89	80	0
83	57	0
78	74	0
70	80	0
6	83	0
89	61	0
66	27	0
92	35	0
74	87	0
82	60	0
41	85	0
92	74	0
49	72	0
5	93	1
73	39	0
36	37	0
48	79	0
38	71	0
62	84	1
98	55	0
85	28	0
65	64	0
94	76	0
92	37	0
95	99	0
90	67	0
61	21	0
80	76	0
90	55	0
99	29	0
44	63	0
69	32	1
91	88	0
86	65	0
25	72	0
84	36	0
82	35	0
88	41	0
95	86	0
74	57	0
1	98	0
39	34	0
23	71	0
62	11	0
0	88	0
82	52	0
13	13	0
16	58	0
54	65	0
78	85	0
72	59	0
63	46	0
85	41	0
11	41	0
87	80	0
62	87	1
79	9	0
8	98	1
96	48	0
17	9	0
22	33	0
72	40	0
97	32	0
18	5	0
45	7	0
53	60	0
99	85	0
26	4	0
66	6	0
82	86	0
60	85	0
24	46	0
93	51	0
85	61	0
13	98	1
7	96	0
51	34	0
94	48	0
20	37	0
83	31	0
74	12	0
35	32	0
26	39	0
82	40	0
60	90	1
77	43	0
14	13	0
95	54	0
74	43	0
73	54	0
49	94	0
58	52	0
67	41	0
82	43	0
93	87	0
86	82	0
74	74	0
74	24	0
91	51	0
86	98	0
93	96	0
76	64	0
83	94	0
49	85	1
8	8	0
29	92	0
86	49	0
73	26	0
87	52	0
77	46	0
95	60	0
89	41	0
24	81	0
7	11	0
45	87	0
26	74	0
42	3	0
7	86	0
96	46	0
98	87	0
83	45	0
90	97	0
97	38	0
