98	64	0
55	15	0
37	24	0
49	98	0
5	27	0
95	32	0
94	82	0
8	10	1
47	12	0
73	89	0
44	43	0
83	39	0
1	80	0
22	9	0
17	66	0
97	12	0
95	82	0
64	24	0
27	55	0
98	67	0
90	1	0
43	78	0
69	81	0
77	99	0
66	2	0
40	99	0
55	5	0
77	82	0
68	89	0
94	53	0
5	39	0
33	35	0
41	30	0
84	27	0
37	46	0
87	71	0
12	91	0
62	79	0
91	26	0
78	91	0
45	4	0
23	46	0
77	50	0
99	56	0
60	72	0
96	47	0
7	89	0
38	44	0
57	14	0
86	51	0
21	71	0
56	15	0
27	91	0
52	87	0
30	61	0
98	69	0
38	31	0
36	48	0
81	79	0
98	92	0
86	14	0
13	92	0
94	10	0
50	0	0
87	71	0
40	26	0
25	82	0
76	11	0
34	72	0
86	79	0
60	58	0
18	28	0
76	88	0
27	38	0
14	47	0
87	40	0
14	39	0
37	79	0
56	85	0
77	21	0
47	98	0
63	99	0
0	10	0
14	15	0
95	21	0
98	19	0
39	56	0
78	47	0
24	32	0
81	54	0
34	47	0
32	7	0
35	1	0
71	42	0
16	89	0
62	5	0
52	75	0
44	6	0
41	26	0
88	41	0
39	62	0
66	47	0
13	69	0
69	87	0
7	81	0
46	78	0
82	50	0
61	5	0
51	66	0
6	62	0
59	6	0
54	59	0
9	69	0
45	4	0
38	60	0
25	36	0
87	80	0
50	42	0
3	2	0
23	99	0
78	2	0
68	71	0
10	35	0
83	76	0
92	10	0
66	65	0
56	81	0
29	20	0
59	93	0
20	25	1
82	83	0
72	53	0
36	94	0
72	32	0
34	21	0
18	34	0
83	0	0
0	68	0
99	72	0
95	17	0
92	29	0
41	56	0
61	12	0
89	88	0
5	10	0
38	13	0
86	81	0
38	44	0
92	70	0
81	77	0
59	21	0
48	33	0
57	60	0
6	51	0
28	81	0
15	57	0
79	72	0
48	62	0
45	96	0
76	59	0
72	78	0
57	80	0
23	44	0
89	79	0
0	34	0
40	38	0
23	21	0
21	78	0
39	70	0
97	21	0
37	32	0
72	13	0
35	82	0
66	23	0
51	35	0
76	79	0
24	54	0
64	73	0
39	93	0
35	61	0
38	11	0
64	12	0
38	89	0
8	72	0
70	86	0
89	58	0
16	90	0
30	30	0
99	70	0
27	58	0
30	84	0
48	96	0
49	47	0
35	5	0
17	40	0
72	90	0
82	96	0
61	86	0
77	23	0
6	68	0
61	1	0
72	10	0
69	21	0
81	23	0
31	61	0
1	70	0
53	60	0
80	35	0
34	76	0
90	25	0
53	87	0
30	65	0
28	13	0
77	71	0
30	70	0
42	14	0
2	98	0
75	19	0
97	83	0
87	96	0
85	21	0
5	77	0
14	73	0
95	48	0
48	75	0
34	48	0
53	74	0
56	76	0
52	60	0
6	79	0
28	66	0
67	12	0
5	67	0
75	99	0
73	42	0
40	91	0
89	57	0
39	15	0
41	57	0
22	75	0
37	94	0
51	40	0
66	30	0
19	30	0
95	68	0
79	45	0
84	56	0
5	79	0
61	19	0
16	85	0
69	67	0
50	41	0
60	53	0
54	14	0
8	9	1
3	55	0
76	45	0
52	8	0
79	60	0
45	87	0
68	46	0
98	29	0
90	9	0
0	63	0
88	71	0
22	96	0
92	65	0
41	90	0
57	29	0
45	0	0
19	92	0
69	32	0
41	53	0
46	76	0
48	8	0
25	95	0
71	95	0
84	81	0
68	29	0
91	70	0
7	87	0
47	38	0
59	4	0
71	24	0
38	18	0
41	3	0
54	7	0
53	46	0
72	37	0
36	53	0
26	46	0
50	56	0
70	80	0
85	77	0
56	90	0
89	10	0
92	51	0
79	1	0
14	54	0
28	1	0
85	38	0
51	23	0
78	72	0
3	40	0
49	69	0
51	23	0
27	97	0
34	90	0
27	71	0
98	66	0
40	29	0
38	3	0
26	59	0
90	55	0
80	25	0
70	92	0
17	11	0
64	95	0
9	74	0
42	88	0
39	35	0
2	56	0
77	5	0
23	27	0
87	13	0
40	14	0
13	2	0
85	5	0
34	49	0
11	39	0
83	25	0
92	59	0
5	29	0
29	26	0
0	58	0
26	88	0
13	79	0
5	7	0
36	91	0
45	66	0
46	38	0
65	22	0
47	88	0
36	68	0
87	96	0
45	27	0
18	47	0
31	37	0
56	78	0
83	97	0
50	18	0
83	2	0
34	0	0
50	12	0
61	9	0
19	43	0
80	57	0
67	4	0
18	37	0
55	7	0
54	50	0
46	51	0
25	61	0
81	84	0
69	51	0
16	52	0
58	32	0
18	10	1
94	6	0
52	7	0
64	17	0
60	42	0
27	36	0
8	71	0
66	75	0
16	80	0
31	93	0
21	93	0
48	22	0
36	36	0
92	61	0
66	48	0
6	77	0
82	80	0
57	93	0
20	31	0
73	21	0
58	95	0
72	4	0
92	60	0
81	45	0
37	17	0
45	50	0
36	50	0
91	79	0
9	17	0
74	25	0
89	9	0
14	45	0
28	94	0
68	74	0
81	0	0
3	65	0
99	29	0
43	95	0
76	7	0
62	49	0
44	51	0
50	40	0
33	42	0
52	36	0
75	77	0
78	52	0
39	34	0
80	68	0
20	52	0
16	92	0
85	83	0
37	27	0
1	74	0
65	19	0
91	17	0
71	42	0
13	60	0
64	34	0
31	34	0
54	45	0
8	99	0
63	29	0
52	13	0
84	49	0
46	22	0
31	82	0
27	6	0
80	51	0
9	2	0
69	96	0
0	86	0
38	49	0
52	79	0
58	30	0
20	97	0
16	44	0
28	40	0
57	13	0
90	31	0
83	20	0
86	94	0
20	61	0
34	14	0
32	30	0
79	24	0
50	61	0
74	92	0
19	38	0
74	97	0
85	72	0
41	77	0
76	5	0
71	40	0
83	14	0
71	13	0
45	17	0
42	32	0
92	4	0
76	30	0
3	63	0
90	19	0
88	94	0
10	96	0
92	60	0
51	48	0
23	13	0
94	85	0
77	56	0
26	98	0
67	26	0
81	47	0
91	54	0
83	63	0
29	74	0
85	77	0
36	93	0
91	72	0
37	38	0
23	92	0
96	86	0
35	37	0
33	44	0
70	72	0
61	91	0
49	64	0
53	96	0
56	60	0
36	63	0
30	61	0
84	19	0
16	90	0
79	55	0
21	90	0
44	60	0
43	74	0
81	28	0
28	26	0
21	48	0
62	40	0
96	73	0
69	14	0
88	96	0
71	99	0
37	45	0
63	6	0
34	43	0
31	86	0
45	35	0
57	69	0
70	79	0
35	19	0
80	93	0
44	28	0
34	16	0
65	41	0
34	78	0
43	15	0
7	62	0
90	78	0
56	92	0
54	43	0
79	12	0
45	76	0
43	51	0
97	57	0
90	3	0
2	75	0
72	6	0
73	76	0
70	30	0
37	5	0
37	69	0
79	80	0
36	73	0
54	77	0
75	19	0
16	67	0
66	15	0
43	62	0
57	99	0
28	97	0
97	6	0
90	15	0
65	12	0
43	88	0
14	88	0
5	84	0
76	49	0
73	65	0
81	60	0
22	42	0
82	43	0
70	61	0
86	73	0
63	62	0
20	59	0
24	72	0
37	28	0
47	39	0
2	48	0
52	64	0
39	42	0
89	36	0
81	36	0
68	1	0
82	31	0
55	77	0
16	49	0
59	35	0
93	73	0
61	85	0
95	72	0
20	54	0
51	70	0
64	53	0
26	55	0
93	27	0
22	60	0
37	26	0
89	50	0
78	99	0
59	51	0
22	64	0
45	4	0
63	70	0
30	85	0
42	27	0
77	80	0
94	68	0
18	96	0
53	71	0
13	71	0
74	62	0
31	55	0
49	64	0
39	76	0
60	69	0
24	33	0
15	64	0
88	76	0
81	49	0
99	58	0
25	69	0
57	81	0
70	29	0
90	25	0
39	41	0
99	16	0
13	85	0
25	32	0
30	76	0
85	56	0
21	38	0
94	66	0
11	99	0
10	73	0
18	9	0
93	92	0
33	28	0
4	78	0
75	89	0
41	59	0
81	75	0
33	89	0
99	35	0
27	15	0
38	85	0
32	73	0
36	18	0
21	39	0
0	24	0
88	70	0
88	13	0
58	9	0
73	14	0
95	40	0
28	8	0
33	44	0
94	42	0
13	54	0
46	86	0
4	50	0
17	76	0
82	54	0
47	95	0
69	50	0
75	76	0
35	34	0
77	62	0
34	54	0
86	45	0
10	69	0
58	32	0
34	67	0
74	34	0
56	39	0
97	86	0
98	95	0
85	86	0
20	81	0
21	32	0
58	51	0
49	76	0
29	18	0
18	3	0
37	71	0
9	38	0
64	6	0
66	84	0
82	63	0
89	18	0
14	45	0
11	2	1
77	91	0
3	99	0
49	4	0
62	52	0
72	14	0
11	4	1
43	18	0
21	36	0
45	16	0
66	3	0
44	86	0
58	20	0
33	92	0
74	3	0
31	39	0
53	71	0
74	25	0
90	73	0
64	78	0
33	73	0
46	88	0
74	90	0
85	58	0
20	66	0
80	77	0
59	96	0
12	37	0
18	49	0
93	39	0
32	90	0
97	95	0
68	82	0
45	2	0
51	49	0
87	56	0
56	86	0
79	51	0
95	72	0
88	30	0
14	63	0
0	56	0
73	85	0
76	37	0
49	60	0
54	9	0
32	16	0
79	74	0
26	35	0
12	66	0
43	47	0
60	43	0
35	12	0
57	30	0
14	85	0
20	40	0
12	56	0
7	71	0
75	52	0
17	21	0
64	12	0
95	24	0
81	3	0
58	72	0
7	61	0
65	29	0
46	31	0
67	79	0
77	11	0
43	44	0
50	60	0
47	83	0
19	99	0
25	68	0
44	86	0
25	36	0
73	82	0
52	45	0
29	76	0
60	31	0
9	45	0
61	59	0
59	17	0
35	77	0
80	48	0
53	46	0
48	41	0
39	16	0
3	64	0
70	67	0
77	58	0
44	38	0
84	56	0
82	66	0
80	36	0
70	7	0
91	80	0
86	12	0
7	69	0
70	81	0
34	16	0
62	39	0
10	0	1
18	55	0
11	87	0
33	85	0
25	48	0
94	33	0
20	52	0
53	98	0
17	81	0
99	71	0
53	60	0
84	38	0
22	2	0
53	18	0
52	8	0
9	8	1
12	76	0
62	58	0
82	65	0
72	48	0
15	0	0
27	38	0
69	7	0
0	81	0
75	1	0
44	74	0
48	21	0
77	99	0
8	35	0
8	92	0
97	57	0
32	14	0
92	72	0
61	62	0
76	42	0
48	26	0
94	25	0
89	72	0
13	65	0
2	83	0
26	60	0
3	88	0
6	84	0
85	28	0
35	50	0
3	96	0
51	10	0
60	1	0
39	47	0
23	25	1
63	38	0
38	23	0
24	73	0
30	32	0
76	15	0
11	39	0
84	52	0
89	0	0
67	52	0
28	11	0
50	14	0
10	99	0
60	78	0
38	71	0
37	13	0
3	81	0
1	93	0
63	49	0
89	45	0
37	28	0
29	78	0
21	26	0
95	85	0
55	24	0
48	72	0
62	98	0
21	26	1
1	85	0
66	25	0
55	64	0
26	31	0
98	71	0
41	69	0
99	19	0
74	17	0
93	19	0
85	85	0
45	57	0
26	88	0
84	4	0
25	5	0
66	90	0
68	75	0
19	51	0
68	38	0
72	85	0
89	12	0
95	52	0
23	72	0
59	47	0
26	22	0
90	21	0
38	42	0
64	12	0
92	99	0
84	76	0
48	70	0
77	33	0
71	77	0
1	91	0
45	0	0
10	92	0
12	72	0
68	70	0
75	97	0
79	7	0
96	88	0
83	5	0
82	71	0
60	1	0
90	38	0
79	51	0
55	28	0
12	70	0
57	87	0
56	75	0
16	48	0
4	39	0
34	97	0
9	66	0
45	0	0
39	58	0
14	66	0
38	22	0
5	49	0
90	50	0
51	17	0
2	47	0
27	87	0
75	64	0
1	2	0
92	70	0
22	80	0
57	46	0
34	50	0
95	43	0
57	40	0
0	14	0
1	51	0
21	57	0
93	69	0
69	51	0
97	62	0
1	54	0
61	57	0
12	69	0
2	17	0
78	62	0
26	66	0
46	12	0
34	32	0
8	84	0
33	85	0
5	5	0
80	46	0
68	60	0
83	68	0
76	79	0
43	85	0
45	17	0
0	70	0
47	66	0
42	54	0
60	48	0
86	13	0
