99	66	0
50	10	0
41	18	0
40	95	0
4	39	0
88	29	0
88	76	0
12	4	0
45	13	0
73	93	0
44	40	0
77	39	0
0	88	0
21	0	0
14	63	0
99	6	0
92	85	0
64	29	0
29	59	0
98	65	0
97	3	0
41	70	0
77	81	0
80	89	0
67	0	0
30	96	0
54	12	0
79	79	0
74	92	0
96	56	0
0	41	0
28	30	0
45	25	0
81	18	0
42	47	0
96	79	0
13	92	0
71	77	0
87	22	0
81	97	0
47	11	0
24	52	0
70	53	0
99	56	0
62	80	0
97	48	0
19	99	0
35	43	0
53	16	0
85	44	0
18	67	0
61	10	0
32	87	0
54	88	0
27	67	0
96	69	0
49	23	0
34	49	0
87	73	0
97	99	0
89	12	0
18	99	0
94	13	0
51	10	0
91	68	0
38	37	0
16	86	0
84	9	0
35	82	0
84	75	0
66	53	0
19	29	0
87	80	0
31	39	0
18	51	0
91	38	0
18	24	1
16	35	0
41	83	0
61	92	0
70	25	0
46	96	0
65	97	0
2	10	0
13	22	0
92	20	0
92	20	0
34	55	0
84	43	0
23	32	0
78	49	0
35	57	0
33	12	0
36	3	0
69	47	0
21	82	0
58	5	0
46	76	0
46	1	0
34	29	0
91	44	0
47	63	0
67	46	0
17	80	0
61	85	0
9	79	0
47	77	0
88	47	0
68	12	0
54	74	0
6	52	0
60	10	0
53	68	0
10	73	0
44	1	0
27	59	0
15	36	0
87	83	0
41	38	0
0	6	0
24	96	0
82	0	0
70	64	0
17	30	0
80	81	0
94	14	0
59	70	0
56	86	0
32	20	0
63	96	0
22	18	0
71	87	0
60	53	0
33	93	0
75	28	0
37	26	0
18	35	0
79	2	0
12	10	1
6	74	0
14	16	1
94	72	0
86	12	0
89	36	0
41	57	0
61	5	0
84	96	0
3	6	0
36	13	0
10	12	1
83	81	0
35	36	0
92	67	0
83	80	0
54	27	0
50	39	0
69	56	0
6	48	0
24	79	0
8	59	0
81	79	0
56	71	0
41	95	0
82	51	0
69	72	0
56	83	0
27	44	0
90	83	0
3	37	0
33	36	0
27	21	0
17	73	0
30	73	0
97	22	0
42	36	0
75	7	0
36	81	0
73	19	0
58	27	0
76	78	0
22	50	0
60	65	0
33	99	0
37	65	0
42	8	0
67	17	0
30	93	0
14	83	0
73	83	0
92	57	0
19	90	0
30	37	0
87	70	0
25	57	0
39	80	0
35	96	0
52	45	0
33	4	0
22	39	0
81	95	0
90	95	0
57	94	0
77	15	0
3	59	0
64	1	0
60	18	0
66	23	0
85	23	0
28	59	0
6	72	0
59	65	0
72	35	0
32	76	0
90	19	0
58	88	0
34	64	0
31	19	0
80	68	0
32	71	0
40	7	0
1	90	0
82	18	0
99	75	0
85	92	0
87	21	0
3	80	0
20	76	0
95	47	0
52	70	0
37	45	0
42	76	0
56	71	0
57	52	0
9	85	0
34	70	0
63	15	0
6	62	0
66	99	0
64	39	0
32	90	0
88	58	0
39	17	0
44	59	0
9	74	0
38	97	0
56	33	0
70	26	0
10	36	0
90	64	0
69	48	0
81	55	0
13	88	0
58	8	0
15	85	0
63	63	0
60	49	0
69	59	0
58	4	0
17	8	0
4	56	0
79	48	0
46	9	0
70	56	0
52	81	0
65	53	0
89	32	0
93	16	0
7	59	0
88	67	0
25	92	0
14	19	1
90	52	0
35	91	0
56	34	0
48	0	0
15	94	0
74	34	0
43	59	0
42	75	0
47	1	0
20	93	0
75	83	0
83	88	0
57	30	0
94	70	0
13	90	0
37	42	0
61	0	0
65	22	0
32	23	0
46	0	0
58	12	0
58	46	0
74	36	0
35	48	0
21	48	0
52	49	0
70	78	0
89	75	0
55	86	0
77	11	0
98	53	0
77	2	0
8	55	0
26	10	0
93	35	0
47	22	0
74	77	0
8	45	0
54	69	0
60	25	0
26	97	0
33	89	0
35	70	0
93	53	0
42	25	0
44	0	0
25	55	0
89	51	0
74	17	0
73	97	0
19	5	0
66	90	0
10	74	0
45	86	0
33	29	0
4	55	0
80	9	0
24	32	0
82	13	0
38	11	0
13	1	0
82	6	0
28	53	0
13	44	0
89	29	0
92	58	0
9	25	0
22	35	0
5	59	0
33	85	0
16	76	0
6	6	0
37	96	0
44	63	0
37	28	0
59	31	0
45	81	0
37	68	0
95	91	0
35	30	0
17	49	0
32	42	0
53	76	0
77	99	0
48	7	0
72	2	0
35	6	0
48	6	0
61	8	0
24	48	0
78	59	0
67	3	0
27	42	0
66	8	0
50	57	0
48	51	0
30	62	0
75	81	0
63	52	0
15	68	0
58	32	0
23	16	0
94	4	0
49	4	0
66	17	0
56	35	0
20	39	0
13	70	0
72	74	0
13	75	0
31	98	0
28	92	0
47	21	0
33	36	0
87	64	0
59	48	0
8	75	0
77	79	0
66	86	0
21	33	0
68	21	0
69	91	0
70	3	0
96	60	0
78	37	0
36	18	0
41	44	0
38	47	0
89	79	0
13	27	0
75	25	0
86	6	0
12	60	0
33	91	0
72	77	0
86	7	0
5	73	0
94	37	0
49	90	0
6	9	1
71	9	0
63	53	0
43	54	0
59	51	0
28	37	0
48	39	0
75	76	0
69	53	0
41	34	0
70	66	0
25	49	0
28	89	0
86	87	0
44	18	0
0	74	0
71	17	0
86	17	0
72	44	0
17	59	0
63	24	0
29	33	0
53	40	0
10	95	0
62	40	0
59	19	0
89	51	0
43	26	0
34	72	0
36	7	0
83	41	0
11	3	0
64	91	0
4	87	0
37	42	0
53	82	0
54	33	0
19	95	0
19	46	0
15	39	0
63	19	0
95	33	0
83	20	0
88	99	0
28	59	0
15	14	1
35	14	0
34	27	0
83	20	0
53	66	0
78	86	0
24	30	0
65	99	0
84	70	0
37	75	0
76	9	0
69	36	0
84	19	0
68	24	0
40	22	0
37	31	0
96	5	0
65	26	0
2	67	0
91	16	0
94	95	0
11	93	0
88	63	0
44	49	0
28	0	0
92	89	0
79	54	0
28	98	0
63	24	0
74	42	0
95	63	0
82	71	0
29	75	0
77	83	0
34	91	0
90	71	0
39	37	0
29	86	0
99	90	0
31	33	0
24	46	0
67	66	0
61	94	0
51	70	0
44	86	0
66	64	0
35	59	0
36	65	0
85	23	0
14	92	0
90	49	0
16	81	0
42	54	0
47	80	0
81	33	0
26	35	0
15	45	0
6	16	1
65	44	0
91	70	0
61	20	0
85	93	0
70	98	0
35	40	0
59	9	0
28	43	0
17	81	0
37	31	0
56	69	0
67	85	0
33	22	0
75	87	0
51	33	0
35	17	0
62	36	0
26	75	0
41	14	0
1	60	0
89	82	0
65	99	0
50	44	0
78	14	0
39	71	0
42	51	0
97	54	0
97	2	0
0	71	0
70	2	0
85	75	0
71	23	0
34	2	0
36	69	0
76	78	0
37	81	0
48	78	0
77	18	0
15	70	0
57	9	0
50	71	0
66	98	0
28	93	0
90	4	0
93	19	0
66	15	0
37	84	0
13	92	0
5	89	0
78	49	0
71	58	0
78	62	0
14	44	0
88	50	0
66	57	0
19	18	1
81	75	0
69	61	0
24	50	0
16	69	0
39	24	0
48	38	0
3	52	0
56	65	0
42	40	0
92	40	0
79	37	0
79	3	0
73	31	0
51	86	0
20	18	1
15	48	0
66	41	0
95	78	0
70	79	0
94	78	0
22	49	0
52	62	0
59	54	0
29	60	0
84	40	0
24	64	0
42	22	0
93	58	0
73	96	0
51	50	0
20	63	0
38	3	0
71	66	0
26	78	0
46	25	0
72	80	0
89	72	0
24	89	0
56	60	0
14	74	0
75	68	0
41	55	0
52	62	0
37	80	0
62	65	0
27	34	0
14	64	0
86	78	0
77	60	0
97	61	0
33	81	0
55	73	0
69	31	0
22	22	1
86	24	0
36	31	0
99	3	0
20	92	0
31	31	0
2	17	1
29	80	0
91	63	0
21	38	0
98	63	0
12	91	0
16	68	0
32	5	0
97	92	0
29	25	0
4	85	0
75	97	0
35	63	0
76	70	0
31	85	0
98	26	0
28	19	0
35	80	0
29	73	0
34	19	0
23	35	0
12	27	0
92	71	0
88	14	0
56	6	0
68	10	0
89	42	0
32	7	0
41	39	0
98	38	0
12	61	0
44	93	0
1	48	0
22	84	0
77	59	0
45	98	0
68	47	0
76	79	0
36	32	0
80	68	0
36	66	0
86	44	0
6	74	0
58	37	0
33	66	0
71	36	0
60	38	0
97	83	0
91	92	0
85	90	0
21	87	0
20	36	0
55	52	0
48	66	0
37	24	0
22	9	0
40	70	0
10	43	0
61	2	0
67	85	0
92	61	0
94	17	0
11	48	0
7	2	0
80	94	0
8	92	0
51	12	0
53	48	0
70	9	0
17	0	0
48	13	0
21	35	0
49	17	0
56	0	0
42	81	0
55	22	0
27	94	0
74	3	0
27	38	0
50	65	0
66	20	0
88	70	0
63	78	0
42	67	0
51	98	0
78	90	0
6	13	1
88	57	0
15	61	0
80	71	0
57	91	0
18	34	0
18	60	0
95	47	0
29	87	0
97	97	0
65	83	0
43	8	0
47	53	0
80	60	0
53	89	0
76	49	0
94	71	0
80	26	0
17	68	0
7	58	0
69	88	0
76	42	0
57	61	0
58	11	0
32	24	0
69	70	0
24	39	0
13	64	0
37	47	0
54	44	0
29	14	0
60	30	0
6	87	0
24	34	0
14	58	0
6	69	0
76	52	0
30	29	0
59	12	0
94	26	0
80	0	0
52	69	0
2	63	0
63	28	0
44	39	0
21	18	1
71	74	0
76	15	0
47	41	0
49	68	0
47	83	0
19	94	0
27	63	0
40	90	0
29	41	0
74	83	0
47	38	0
26	78	0
10	17	1
58	23	0
4	40	0
56	55	0
63	17	0
30	72	0
83	51	0
53	43	0
52	46	0
43	15	0
0	74	0
66	59	0
75	52	0
45	37	0
78	54	0
82	72	0
75	37	0
66	11	0
85	74	0
89	16	0
6	74	0
66	83	0
28	19	0
54	33	0
8	1	0
16	52	0
10	88	0
30	92	0
23	50	0
93	34	0
15	49	0
58	99	0
10	82	0
94	65	0
52	67	0
86	40	0
16	2	0
57	17	0
44	4	0
5	1	0
16	83	0
55	62	0
82	69	0
75	48	0
16	1	0
28	35	0
66	11	0
2	81	0
74	0	0
42	71	0
56	25	0
70	97	0
11	37	0
1	96	0
98	64	0
35	20	0
85	71	0
61	57	0
74	41	0
42	29	0
90	33	0
87	67	0
19	65	0
2	90	0
22	48	0
4	87	0
7	95	0
90	32	0
34	51	0
3	98	0
53	13	0
62	1	0
43	47	0
26	23	0
68	45	0
36	19	0
23	80	0
28	33	0
69	13	0
1	43	0
90	48	0
87	7	0
62	53	0
35	7	0
48	23	0
9	93	0
61	80	0
37	66	0
13	6	1
38	16	0
0	79	0
3	83	0
65	53	0
85	45	0
45	34	0
28	71	0
25	28	0
95	89	0
62	33	0
41	79	0
64	98	0
23	17	0
7	89	0
63	17	0
59	67	0
35	37	0
99	70	0
32	72	0
98	19	0
81	17	0
98	20	0
88	88	0
44	61	0
25	87	0
86	8	0
34	1	0
69	82	0
68	71	0
19	45	0
68	41	0
65	81	0
83	13	0
92	49	0
18	64	0
52	50	0
24	25	0
89	25	0
47	46	0
71	11	0
93	94	0
83	76	0
51	68	0
72	28	0
62	68	0
8	89	0
36	0	0
5	99	0
17	76	0
63	67	0
79	95	0
92	11	0
96	92	0
81	3	0
15	9	1
85	77	0
66	2	0
99	35	0
73	50	0
56	37	0
16	69	0
60	90	0
54	75	0
11	41	0
7	41	0
39	90	0
3	78	0
45	3	0
42	57	0
15	60	0
44	32	0
4	41	0
97	45	0
54	26	0
1	45	0
25	87	0
72	60	0
2	6	0
90	74	0
22	80	0
56	42	0
35	56	0
96	51	0
62	40	0
3	11	0
13	15	1
3	52	0
26	62	0
83	71	0
65	45	0
97	65	0
2	54	0
62	60	0
17	68	0
0	13	0
73	75	0
31	67	0
42	7	0
28	27	0
8	78	0
35	86	0
5	2	0
77	45	0
66	62	0
82	66	0
79	79	0
44	89	0
35	15	0
3	71	0
12	14	1
46	66	0
37	47	0
53	47	0
83	13	0
