98	68	0
21	11	0
58	98	0
2	5	0
93	42	0
98	97	0
41	78	0
58	23	1
75	57	0
1	89	0
1	9	0
18	96	0
95	37	0
64	76	0
41	31	0
85	70	0
95	21	0
60	99	0
39	74	0
83	65	0
51	15	0
26	84	0
60	23	1
86	65	0
82	80	0
82	81	0
9	25	0
44	40	0
84	23	0
84	67	0
10	78	0
32	94	0
84	10	0
63	93	0
37	8	1
52	72	0
79	72	0
96	66	0
63	57	0
99	32	0
14	69	0
65	2	1
92	67	0
17	76	0
56	0	0
8	76	0
33	93	0
25	64	1
86	52	0
49	35	0
34	13	0
96	87	0
89	98	0
88	16	0
32	85	0
98	9	0
16	16	0
77	90	0
0	89	0
83	8	0
25	66	0
65	90	0
42	61	0
14	24	0
74	79	0
84	32	0
23	94	0
48	99	0
68	31	0
30	99	0
47	94	0
15	14	0
98	17	0
81	25	0
51	75	0
89	33	0
80	64	0
59	11	1
65	37	0
6	98	0
69	8	0
52	77	0
60	32	1
86	7	0
90	62	0
2	59	0
74	90	0
5	77	0
34	95	0
98	59	0
81	28	0
37	70	0
29	63	1
73	3	0
62	49	0
10	72	0
33	2	0
72	70	0
54	31	0
2	96	0
99	28	0
39	77	0
79	71	0
90	0	0
62	85	0
65	82	0
6	25	0
58	87	0
93	85	0
80	52	0
22	89	0
67	36	0
78	2	0
99	62	0
89	29	0
99	50	0
25	50	0
53	65	0
10	21	0
47	34	0
85	65	0
49	79	0
63	75	0
62	17	1
46	36	0
62	74	0
47	60	0
43	97	0
75	39	0
64	69	0
54	75	0
94	53	0
26	11	0
45	35	0
19	19	0
15	78	0
27	57	0
77	48	0
53	35	0
87	7	0
28	83	0
54	25	1
25	38	0
68	78	0
26	67	1
59	62	0
45	73	0
43	5	0
51	15	1
41	90	0
28	67	0
75	78	0
95	64	0
21	96	0
87	72	0
33	56	0
20	70	0
53	71	0
20	36	0
74	80	0
94	83	0
44	69	0
84	49	0
56	49	0
57	18	1
69	17	0
44	57	1
52	19	1
28	68	1
94	32	0
29	95	0
27	59	1
69	88	0
45	51	1
24	25	0
41	79	0
49	12	0
92	95	0
32	85	0
99	4	0
22	78	0
96	29	0
59	98	0
71	82	0
62	59	0
27	53	0
12	65	0
56	5	0
66	90	0
99	52	0
42	88	0
66	73	0
83	17	0
54	78	0
38	81	0
32	81	0
23	18	0
66	22	0
82	53	0
54	45	0
77	66	0
68	29	0
23	96	0
57	66	0
90	39	0
74	43	0
50	4	0
3	37	1
90	27	0
74	84	0
67	94	0
74	58	0
93	28	0
95	17	0
2	36	1
88	75	0
37	98	0
75	85	0
43	96	0
36	39	0
90	31	0
25	99	0
90	20	0
22	50	0
27	84	0
53	13	1
22	94	0
71	90	0
80	79	0
91	57	0
93	52	0
25	89	0
48	78	0
79	8	0
82	57	0
45	4	0
33	29	0
40	57	1
75	38	0
26	58	0
37	46	0
23	74	0
76	96	0
95	58	0
55	71	0
93	5	0
91	38	0
62	8	1
92	46	0
65	53	0
68	78	0
2	35	1
42	66	0
71	28	0
8	80	0
29	61	0
8	92	0
91	61	0
42	5	1
79	66	0
89	7	0
98	80	0
27	1	0
35	94	0
24	68	0
60	91	0
41	27	0
77	14	0
88	10	0
93	18	0
52	50	0
75	24	0
79	56	0
4	1	0
3	58	1
31	98	0
23	74	0
56	94	0
40	70	0
86	43	0
65	6	1
50	85	0
55	63	0
94	90	0
57	39	0
67	92	0
80	18	0
25	10	0
49	0	0
51	23	1
31	22	0
92	54	0
77	12	0
20	46	0
20	25	0
38	49	1
49	36	0
92	71	0
94	65	0
68	32	0
89	7	0
70	8	0
77	12	0
46	41	0
40	22	0
8	71	0
83	89	0
47	87	0
5	98	0
32	49	0
50	35	0
77	38	0
65	51	0
79	79	0
82	82	0
71	28	0
65	83	0
71	8	0
85	51	0
77	54	0
60	53	0
94	77	0
72	17	0
93	18	0
17	43	0
64	97	0
62	71	0
80	19	0
17	76	0
93	42	0
60	98	0
96	27	0
64	25	0
36	56	0
57	48	0
31	70	1
60	83	0
74	31	0
80	75	0
17	86	0
94	93	0
3	81	0
98	0	0
89	28	0
41	70	0
52	53	0
67	44	0
18	92	0
70	35	0
94	59	0
46	31	0
35	91	0
33	9	0
40	42	1
53	91	0
37	89	0
41	82	0
14	73	0
11	20	0
69	3	0
74	35	0
96	10	0
80	97	0
32	65	1
32	26	0
71	8	0
59	43	0
66	99	0
2	23	0
48	90	0
91	44	0
26	82	0
76	2	0
41	64	0
62	22	0
55	11	1
87	17	0
85	44	0
14	83	0
72	12	0
82	97	0
31	96	0
89	67	0
7	32	0
63	96	0
65	43	0
11	79	0
64	23	0
87	45	0
78	46	0
78	64	0
14	50	0
95	55	0
21	96	0
93	57	0
22	94	0
86	88	0
41	20	0
72	76	0
59	94	0
45	40	1
61	99	0
76	49	0
45	49	1
24	62	0
87	8	0
2	78	0
79	55	0
22	94	0
42	52	1
45	66	0
80	32	0
25	54	0
50	32	0
89	51	0
71	22	0
78	83	0
46	97	0
39	58	1
41	46	1
66	99	0
59	20	1
36	88	0
90	90	0
87	74	0
79	7	0
21	0	0
43	34	0
30	57	0
4	79	0
83	83	0
65	81	0
66	51	0
67	17	0
37	67	0
34	72	0
80	57	0
92	0	0
18	70	0
80	6	0
60	55	0
36	39	0
85	93	0
22	77	0
55	92	0
73	18	0
73	15	0
46	60	0
58	82	0
24	96	0
92	23	0
82	14	0
78	26	0
14	65	0
17	98	0
15	82	0
53	34	1
69	88	0
77	93	0
2	37	0
62	55	0
81	92	0
73	58	0
67	66	0
21	95	0
8	75	0
43	26	0
7	23	0
43	37	0
24	49	0
99	34	0
82	48	0
63	10	1
67	39	0
57	50	0
43	24	0
93	76	0
54	79	0
80	48	0
28	55	1
40	98	0
76	52	0
25	8	0
97	46	0
64	88	0
36	29	0
50	57	1
29	98	0
65	98	0
87	69	0
26	84	0
64	42	0
3	74	0
53	51	0
45	73	0
67	53	0
60	74	0
62	90	0
13	51	0
61	55	0
84	46	0
82	61	0
36	75	0
67	88	0
47	31	0
96	23	0
56	46	0
88	7	0
7	77	0
55	93	0
87	71	0
76	68	0
16	94	0
6	67	0
77	90	0
34	27	0
7	84	0
70	99	0
57	63	0
87	67	0
20	88	0
77	49	0
15	3	0
52	96	0
24	87	0
14	13	0
89	55	0
87	25	0
74	26	0
75	16	0
17	15	0
24	55	0
78	28	0
1	73	0
62	74	0
6	43	1
24	74	0
67	47	0
69	93	0
69	38	0
70	84	0
77	52	0
72	83	0
3	84	0
48	46	0
31	75	0
67	55	0
55	47	0
91	47	0
98	99	0
83	93	0
50	59	0
75	56	0
66	65	0
69	4	0
70	78	0
89	76	0
90	10	0
54	80	0
4	99	0
53	43	0
68	37	0
67	29	0
73	22	0
20	80	0
76	20	0
29	64	1
89	17	0
38	62	0
48	34	0
58	92	0
71	75	0
49	83	0
69	88	0
81	64	0
83	45	0
95	63	0
75	96	0
94	46	0
37	64	0
90	84	0
37	72	0
81	81	0
97	48	0
43	87	0
85	73	0
88	52	0
80	31	0
44	48	1
6	64	0
51	76	0
71	21	0
67	30	0
79	87	0
66	47	0
11	85	0
18	89	0
65	42	0
84	24	0
87	46	0
98	1	0
83	93	0
56	36	0
33	77	0
93	24	0
67	46	0
27	77	0
18	98	0
28	74	0
7	85	0
59	58	0
43	26	0
41	79	0
51	51	1
67	76	0
73	10	0
20	83	0
92	47	0
16	22	0
18	76	0
72	66	0
67	48	0
39	59	0
91	48	0
87	51	0
76	53	0
58	69	0
82	50	0
4	30	0
99	79	0
61	48	0
41	86	0
5	77	0
23	89	0
31	55	0
91	23	0
56	92	0
3	95	0
99	65	0
56	29	1
75	17	0
22	13	0
31	31	0
74	6	0
18	76	0
86	54	0
92	35	0
9	4	0
0	39	1
69	13	0
41	82	0
98	81	0
3	7	0
50	89	0
84	38	0
97	81	0
45	60	0
62	71	0
27	37	0
94	38	0
88	65	0
22	76	0
17	81	0
28	69	1
24	87	0
75	8	0
25	57	0
9	85	0
40	32	0
52	22	1
46	65	0
68	47	0
33	72	0
94	20	0
2	31	0
82	45	0
75	21	0
47	50	1
32	24	0
42	8	1
22	89	0
48	78	0
18	64	0
21	23	0
20	81	0
15	82	0
63	59	0
90	43	0
38	57	0
80	96	0
48	25	0
60	75	0
40	75	0
17	90	0
90	38	0
46	54	0
10	18	0
87	56	0
61	49	0
89	25	0
86	27	0
78	36	0
56	90	0
41	34	0
58	42	0
64	30	0
41	3	0
32	98	0
54	64	0
92	39	0
60	95	0
86	53	0
79	47	0
38	84	0
34	77	0
91	25	0
52	52	1
75	5	0
92	99	0
76	85	0
50	82	0
70	23	0
84	79	0
23	78	0
64	26	0
23	96	0
43	60	1
91	64	0
65	12	1
93	89	0
84	8	0
95	94	0
61	11	1
68	25	0
75	61	0
65	25	0
4	84	0
66	99	0
61	77	0
1	25	0
8	93	0
14	75	0
46	18	1
49	38	0
80	39	0
47	12	1
2	61	0
26	90	0
64	95	0
95	46	0
3	68	0
70	44	0
31	93	0
82	45	0
70	43	0
25	60	1
78	39	0
75	45	0
60	70	0
51	49	0
4	82	0
0	3	0
80	68	0
20	60	0
16	6	0
1	93	0
28	72	0
96	39	0
70	87	0
85	59	0
97	83	0
53	55	1
66	34	0
1	75	0
51	61	0
37	45	1
76	38	0
88	21	0
