85	60	0
45	11	0
33	29	0
57	96	0
12	9	0
92	37	0
94	90	0
42	5	0
63	83	0
48	15	0
86	44	0
0	80	0
17	7	0
19	65	0
99	23	0
81	76	0
58	29	0
20	50	0
90	62	0
97	12	0
49	92	0
61	71	0
77	83	0
55	1	0
35	83	0
54	7	0
81	73	0
64	82	0
85	77	0
2	23	0
56	20	0
41	17	0
88	35	0
30	52	0
85	61	0
6	86	0
38	98	0
94	29	0
73	91	0
47	0	0
24	69	0
92	57	0
92	71	0
55	70	0
98	50	0
8	81	0
22	39	1
67	0	0
97	65	0
17	68	0
64	6	0
13	77	0
56	93	0
36	75	0
98	71	0
49	29	0
28	26	0
93	78	0
95	98	0
96	10	0
16	96	0
98	17	0
38	9	0
75	75	0
40	10	0
10	98	0
81	6	0
39	86	0
72	96	0
48	65	0
1	33	0
66	93	0
25	33	1
13	55	0
93	31	0
25	42	1
27	89	0
52	98	0
62	29	0
31	98	0
58	98	0
0	21	0
99	8	0
93	18	0
39	61	0
81	43	0
23	38	1
79	56	0
52	11	0
38	7	0
71	46	0
15	96	0
56	7	0
55	83	0
42	3	0
47	30	0
85	43	0
37	66	0
74	45	0
9	63	0
75	84	0
3	77	0
32	96	0
97	57	0
62	8	0
45	68	0
33	66	0
63	3	0
71	50	0
2	59	0
31	2	0
17	42	0
41	31	0
68	89	0
55	51	0
16	91	0
87	7	0
49	79	0
79	82	0
97	3	0
66	83	0
54	68	0
30	6	0
56	98	0
98	72	0
68	65	0
25	98	0
63	36	0
34	16	0
17	46	0
77	8	0
8	64	0
95	62	0
98	22	0
83	37	0
37	53	0
50	15	0
82	74	0
18	16	0
33	12	0
84	62	0
44	41	0
67	70	0
65	93	0
51	32	0
48	34	0
59	37	0
15	43	0
32	55	0
26	55	0
79	85	0
44	55	0
28	98	0
73	42	0
73	65	0
54	80	0
92	70	0
19	29	0
54	52	0
13	10	0
25	83	0
33	74	0
87	34	0
43	37	0
77	11	0
42	83	0
51	25	0
50	44	0
73	77	0
28	66	0
49	76	0
32	84	0
33	46	0
45	13	0
52	6	0
31	71	0
25	83	0
77	75	0
93	67	0
26	90	0
92	68	0
28	55	0
27	84	0
56	70	0
35	54	0
24	13	0
8	29	1
74	95	0
92	80	0
55	64	0
75	34	0
2	52	0
58	7	0
77	37	0
62	26	0
72	29	0
17	64	0
8	51	0
52	54	0
76	20	0
43	60	0
92	28	0
34	95	0
23	65	0
37	21	0
80	80	0
36	57	0
36	8	0
18	82	0
54	13	0
96	84	0
63	91	0
93	1	0
7	75	0
24	64	0
93	28	0
52	80	0
46	35	0
55	64	0
48	71	0
49	68	0
21	77	0
26	58	0
67	2	0
1	59	0
59	78	0
93	42	0
43	89	0
76	62	0
62	32	0
48	71	0
25	86	0
39	94	0
53	36	0
76	38	0
84	59	0
72	38	0
64	65	0
11	44	0
49	16	0
7	85	0
66	56	0
67	40	0
66	26	0
53	20	0
8	58	0
85	17	0
38	11	0
65	66	0
53	74	0
71	32	0
98	37	0
95	8	0
7	58	0
98	73	0
21	99	0
91	72	0
35	94	0
55	30	0
62	19	0
17	87	0
72	32	0
43	66	0
36	69	0
44	9	0
32	98	0
81	89	0
71	90	0
81	45	0
93	73	0
24	93	0
42	66	0
61	7	0
72	38	0
32	16	0
36	1	0
51	16	0
50	60	0
74	42	0
34	48	0
39	51	0
35	73	0
73	87	0
80	68	0
58	78	0
81	0	0
84	42	0
64	1	0
19	46	0
28	37	1
76	44	0
68	52	0
66	66	0
13	34	0
39	71	0
58	21	0
23	87	0
29	91	0
28	69	0
94	63	0
46	14	0
36	2	0
32	54	0
76	69	0
62	12	0
74	91	0
11	7	0
54	98	0
3	69	0
38	91	0
44	36	0
2	55	0
84	25	0
23	31	1
75	4	0
51	13	0
87	16	0
37	55	0
16	53	0
73	22	0
86	59	0
6	18	0
1	66	0
30	94	0
4	85	0
48	97	0
56	73	0
51	37	0
62	11	0
43	84	0
42	67	0
80	93	0
30	28	0
6	57	0
29	49	0
65	57	0
71	82	0
28	20	0
80	26	0
38	1	0
46	2	0
60	19	0
32	43	0
78	71	0
87	9	0
17	40	0
54	19	0
52	52	0
44	34	0
33	51	0
84	77	0
72	60	0
12	51	0
55	29	0
97	8	0
57	8	0
54	29	0
49	36	0
41	28	0
0	73	0
62	82	0
28	75	0
20	90	0
28	99	0
59	12	0
36	33	0
95	48	0
86	58	0
1	74	0
82	70	0
69	71	0
80	24	0
76	83	0
80	7	0
79	63	0
79	63	0
39	23	0
63	54	0
24	49	0
89	81	0
71	20	0
96	15	0
31	50	0
40	93	0
70	69	0
86	10	0
12	67	0
95	27	0
48	98	0
79	19	0
69	44	0
42	54	0
59	40	0
26	41	1
34	48	0
58	86	0
83	28	0
35	23	0
71	74	0
29	68	0
9	98	0
86	95	0
37	36	0
1	86	0
61	31	0
90	20	0
81	41	0
8	62	0
61	37	0
47	28	0
42	42	0
12	97	0
82	23	0
54	4	0
88	44	0
46	48	0
26	77	0
15	2	0
55	59	0
52	92	0
10	53	0
42	71	0
36	76	0
56	37	0
18	89	0
5	50	0
22	43	1
59	14	0
89	29	0
95	8	0
77	84	0
18	62	0
25	34	1
45	26	0
85	0	0
70	62	0
78	90	0
10	45	0
67	91	0
96	63	0
34	89	0
71	4	0
61	50	0
65	25	0
76	11	0
46	31	0
42	13	0
98	4	0
85	34	0
10	81	0
83	14	0
92	98	0
24	93	0
95	63	0
45	54	0
10	24	0
89	91	0
62	44	0
2	97	0
67	39	0
74	36	0
73	54	0
82	67	0
27	73	0
86	66	0
32	87	0
98	82	0
35	92	0
98	77	0
28	33	1
38	27	0
59	65	0
62	97	0
44	64	0
73	96	0
67	50	0
32	65	0
37	67	0
84	8	0
8	85	0
93	52	0
19	87	0
51	73	0
43	80	0
88	41	0
39	51	0
29	40	1
45	27	0
85	53	0
67	12	0
89	89	0
62	90	0
43	52	0
51	6	0
38	40	0
55	84	0
36	26	0
45	65	0
77	71	0
38	18	0
99	93	0
49	17	0
20	6	0
55	22	0
20	75	0
38	1	0
13	60	0
91	93	0
57	84	0
63	55	0
61	2	0
41	69	0
44	47	0
96	57	0
84	5	0
5	66	0
75	0	0
57	76	0
62	32	0
42	12	0
38	66	0
88	83	0
32	75	0
39	84	0
79	27	0
21	49	0
63	33	0
41	68	0
62	82	0
33	97	0
85	5	0
96	24	0
72	18	0
28	74	0
24	98	0
26	75	0
67	40	0
84	73	0
79	87	0
13	48	0
76	42	0
70	74	0
77	74	0
58	76	0
20	78	0
16	66	0
46	25	0
35	14	0
3	35	0
41	57	0
29	45	0
83	28	0
83	37	0
73	2	0
79	47	0
52	61	0
20	63	0
54	29	0
89	85	0
49	96	0
77	64	0
30	57	0
36	87	0
75	49	0
26	47	0
80	29	0
21	51	0
37	17	0
90	51	0
86	91	0
52	55	0
14	61	0
54	8	0
60	53	0
33	83	0
36	31	0
82	90	0
94	68	0
16	81	0
64	46	0
8	67	0
81	56	0
31	58	0
50	60	0
34	78	0
59	64	0
4	55	0
75	62	0
65	55	0
80	46	0
21	76	0
61	84	0
56	16	0
92	18	0
52	32	0
98	11	0
8	82	0
35	40	0
35	67	0
85	63	0
24	55	0
79	71	0
18	96	0
14	86	0
92	91	0
49	25	0
9	66	0
79	91	0
47	66	0
82	58	0
25	92	0
95	31	0
27	7	0
31	82	0
26	81	0
27	12	0
17	46	0
10	26	0
77	69	0
97	20	0
55	12	0
75	27	0
88	32	0
30	8	0
37	56	0
94	38	0
9	60	0
53	93	0
7	55	0
32	83	0
67	53	0
54	98	0
78	53	0
69	87	0
32	38	0
74	61	0
42	56	0
74	65	0
8	71	0
54	28	0
29	85	0
83	39	0
74	26	0
86	73	0
95	94	0
84	81	0
51	69	0
70	40	0
53	73	0
40	20	0
34	8	0
36	79	0
1	39	0
62	6	0
58	90	0
86	83	0
81	6	0
14	41	0
59	83	0
18	96	0
61	5	0
57	44	0
60	19	0
43	21	0
16	35	1
49	17	0
81	11	0
40	98	0
70	30	0
26	99	0
94	19	0
22	45	0
43	65	0
68	27	0
79	92	0
68	72	0
45	63	0
58	92	0
73	69	0
84	49	0
13	64	0
82	83	0
82	99	0
18	62	0
92	50	0
31	74	0
97	86	0
53	92	0
41	15	0
73	69	0
89	59	0
58	82	0
72	61	0
93	67	0
67	37	0
18	57	0
3	63	0
64	74	0
72	36	0
53	47	0
49	1	0
32	21	0
96	71	0
13	55	0
26	49	0
61	28	0
41	13	0
57	26	0
18	97	0
9	58	0
20	77	0
73	51	0
79	22	0
91	33	0
93	0	0
59	87	0
9	54	0
55	30	0
57	53	0
46	79	0
94	16	0
59	56	0
43	85	0
20	90	0
41	60	0
27	90	0
35	17	0
74	75	0
46	35	0
40	79	0
56	40	0
9	46	0
65	61	0
65	13	0
24	82	0
92	44	0
22	42	1
24	55	0
22	14	0
3	66	0
79	65	0
73	65	0
44	53	0
81	56	0
86	68	0
63	37	0
67	25	0
81	69	0
81	23	0
0	50	0
75	87	0
30	33	0
63	34	0
8	64	0
1	88	0
36	91	0
36	54	0
94	25	0
4	48	0
60	94	0
6	89	0
87	59	0
47	42	0
82	24	0
11	9	0
49	32	0
72	4	0
21	86	0
52	44	0
97	61	0
87	35	0
10	0	0
9	45	0
60	17	0
7	57	0
82	5	0
52	72	0
41	27	0
90	93	0
10	19	0
29	92	0
95	54	0
30	13	0
90	97	0
47	60	0
64	61	0
41	34	0
91	29	0
92	90	0
7	58	0
5	70	0
13	50	0
19	83	0
21	96	0
63	29	0
37	53	0
12	89	0
44	20	0
69	15	0
35	61	0
60	48	0
50	13	0
34	72	0
38	32	0
88	20	0
4	34	0
76	55	0
91	14	0
54	42	0
35	18	0
48	5	0
15	90	0
45	71	0
45	64	0
37	10	0
17	91	0
8	85	0
67	48	0
96	34	0
31	28	0
29	60	0
85	90	0
52	29	0
66	73	0
59	85	0
8	79	0
76	35	0
46	57	0
11	40	0
96	75	0
51	64	0
91	16	0
75	18	0
89	21	0
67	94	0
55	63	0
46	47	0
65	19	0
41	6	0
61	90	0
63	66	0
16	56	0
73	35	0
47	94	0
93	32	0
90	62	0
31	78	0
46	54	0
26	35	1
83	31	0
40	53	0
84	3	0
96	95	0
67	66	0
51	80	0
74	38	0
67	88	0
14	84	0
40	5	0
11	93	0
14	65	0
52	66	0
75	79	0
66	16	0
97	94	0
92	10	0
97	90	0
62	13	0
82	27	0
73	58	0
52	39	0
11	83	0
57	97	0
69	86	0
33	48	0
10	32	0
21	93	0
15	64	0
41	9	0
41	45	0
18	65	0
35	42	0
0	43	0
95	58	0
44	24	0
17	63	0
29	83	0
65	79	0
90	55	0
4	74	0
64	46	0
23	60	0
77	47	0
58	32	0
2	52	0
26	48	0
82	56	0
67	54	0
84	55	0
5	66	0
63	55	0
5	79	0
3	9	0
87	73	0
14	61	0
29	0	0
35	19	0
11	94	0
19	80	0
92	38	0
64	72	0
77	61	0
79	82	0
46	62	0
58	41	0
4	71	0
45	69	0
33	52	0
67	60	0
79	15	0
