97	66	0
24	7	0
30	24	1
63	99	0
12	1	0
88	42	0
97	94	0
47	14	0
55	79	0
60	25	0
77	50	0
8	82	0
12	3	0
13	90	0
94	26	0
73	75	0
49	36	0
89	61	0
97	14	0
47	99	0
52	63	0
81	70	0
46	8	0
19	71	0
58	20	0
95	68	0
77	93	0
90	76	0
5	40	0
50	9	0
51	28	0
96	26	0
76	66	0
8	85	0
37	91	0
77	16	0
74	92	0
29	9	0
45	67	0
81	68	0
94	70	0
56	61	0
98	44	0
18	78	0
67	4	0
99	65	0
23	77	0
66	5	0
3	77	0
44	90	0
28	71	0
91	66	0
56	37	0
44	27	0
91	84	0
99	90	0
97	12	0
21	94	0
99	12	0
26	6	0
74	93	0
33	1	0
2	85	0
86	12	0
32	80	0
58	91	0
37	58	0
6	26	0
74	82	0
86	28	0
31	95	0
49	95	0
64	31	0
30	89	0
58	98	0
1	16	0
94	14	0
82	25	0
50	75	0
83	45	0
92	57	0
54	13	0
38	14	1
68	43	0
4	99	0
65	2	0
45	65	0
43	5	0
58	27	0
85	20	0
34	59	0
88	45	0
1	59	0
79	95	0
2	87	0
40	92	0
86	55	0
73	18	0
31	67	0
35	58	0
60	0	0
72	58	0
13	63	0
35	3	0
12	49	1
37	52	1
61	76	0
44	36	0
11	97	0
87	30	0
42	76	0
76	73	0
91	5	0
66	86	0
65	73	0
21	20	0
61	91	0
99	82	0
76	58	0
27	93	0
64	31	0
33	26	1
73	6	0
12	54	1
97	66	0
97	35	0
85	52	0
40	45	0
60	4	0
67	70	0
15	28	0
41	28	0
97	55	0
52	22	0
56	74	0
57	82	0
55	22	0
37	38	0
53	27	0
12	48	1
14	53	1
61	83	0
48	62	0
45	91	0
73	42	0
64	73	0
61	67	0
96	64	0
26	23	0
44	48	0
15	15	0
15	77	0
26	67	0
82	47	0
46	44	0
91	3	0
36	90	0
53	20	0
31	44	0
72	78	0
34	65	0
57	67	0
43	92	0
34	54	0
43	5	0
56	18	0
39	96	0
30	65	0
75	82	0
94	56	0
20	90	0
96	69	0
30	49	0
25	73	0
52	69	0
45	62	0
16	34	0
68	85	0
95	80	0
38	69	0
78	40	0
7	42	0
60	9	0
67	53	0
60	16	0
76	18	0
0	48	0
43	60	0
61	35	0
44	64	0
94	33	0
34	90	0
23	59	0
75	89	0
44	57	0
23	15	0
31	71	0
59	18	0
92	95	0
41	89	0
94	3	0
11	63	0
13	67	0
95	35	0
50	92	0
63	79	0
69	66	0
46	63	0
14	72	0
23	54	1
58	0	0
17	55	1
55	94	0
99	54	0
46	88	0
74	70	0
85	21	0
49	79	0
29	83	0
44	94	0
39	25	0
66	23	0
82	43	0
52	44	0
69	68	0
0	48	0
66	25	0
20	97	0
67	70	0
84	40	0
70	32	0
46	0	0
2	41	0
85	24	0
71	75	0
58	92	0
72	53	0
92	29	0
91	11	0
3	33	0
85	74	0
35	95	0
90	80	0
41	99	0
62	34	0
78	31	0
26	91	0
80	23	0
21	63	0
30	75	0
52	14	0
31	97	0
78	90	0
79	79	0
91	54	0
96	55	0
18	83	0
36	70	0
82	13	0
75	47	0
35	22	1
39	1	0
42	33	0
47	55	0
81	45	0
26	52	0
40	41	0
30	77	0
70	94	0
90	59	0
58	74	0
91	2	0
96	38	0
63	6	0
83	50	0
77	51	0
64	71	0
4	39	0
35	65	0
62	29	0
12	92	0
31	80	0
7	87	0
90	68	0
46	10	1
39	0	0
42	52	1
79	66	0
65	3	0
90	87	0
26	2	0
50	93	0
15	68	0
55	91	0
44	38	0
6	44	1
76	29	0
78	14	0
48	15	0
84	9	0
43	56	0
9	59	1
78	24	0
78	56	0
8	5	0
4	57	0
30	99	0
17	79	0
53	99	0
49	68	0
75	40	0
66	10	0
50	83	0
46	68	0
98	83	0
1	54	0
65	52	0
69	82	0
80	24	0
31	6	0
46	0	0
50	15	0
37	29	0
82	54	0
69	17	0
22	44	0
19	22	0
31	58	0
44	36	0
88	72	0
87	61	0
1	47	0
61	36	0
88	5	0
68	14	0
77	22	0
52	37	0
42	29	0
0	74	0
67	84	0
40	83	0
12	99	0
27	61	0
55	8	0
50	36	0
87	45	0
78	56	0
14	59	0
82	72	0
83	83	0
78	31	0
70	89	0
79	5	0
75	67	0
74	52	0
70	54	0
82	80	0
74	0	0
92	15	0
27	47	0
53	90	0
67	70	0
83	13	0
25	73	0
93	28	0
59	99	0
96	28	0
63	20	0
25	57	0
66	41	0
39	58	0
57	89	0
79	29	0
82	78	0
39	54	0
13	93	0
96	94	0
45	27	0
8	84	0
50	51	0
94	0	0
79	40	0
28	65	0
62	51	0
57	48	0
18	98	0
83	22	0
39	12	0
91	51	0
49	43	0
38	88	0
20	11	0
49	51	0
51	86	0
5	48	0
38	78	0
39	86	0
48	25	0
18	74	0
14	31	0
73	10	0
73	13	0
94	5	0
90	95	0
27	62	0
34	29	0
83	2	0
66	53	0
70	98	0
2	25	0
55	94	0
94	61	0
35	81	0
79	5	0
42	69	0
70	21	0
57	8	0
41	9	1
88	15	0
83	39	0
10	86	0
78	12	0
93	96	0
20	95	0
97	72	0
45	48	0
10	27	0
74	97	0
65	54	0
5	87	0
72	38	0
77	49	0
70	52	0
80	70	0
30	60	0
99	54	0
29	96	0
96	69	0
20	98	0
88	93	0
47	34	0
62	62	0
59	91	0
46	59	0
60	99	0
75	51	0
46	45	0
29	57	0
88	1	0
5	82	0
89	64	0
24	93	0
52	63	0
42	84	0
85	31	0
32	51	0
54	23	0
94	58	0
73	21	0
84	90	0
42	96	0
43	59	0
45	10	1
35	47	0
57	97	0
51	21	0
42	73	0
85	78	0
36	13	1
90	88	0
76	8	0
16	9	0
43	34	0
21	72	0
43	3	0
12	82	0
90	79	0
59	89	0
69	43	0
70	6	0
39	65	0
39	71	0
96	47	0
99	2	0
15	71	0
76	7	0
47	67	0
42	28	0
33	5	0
37	53	0
82	87	0
30	68	0
52	81	0
64	23	0
73	28	0
52	58	0
63	88	0
31	99	0
98	18	0
84	21	0
76	15	0
12	68	0
29	98	0
20	89	0
66	40	0
75	76	0
71	98	0
5	33	0
57	45	0
63	89	0
68	66	0
59	76	0
19	90	0
20	76	0
43	31	0
45	18	1
12	30	0
41	38	0
36	38	0
98	24	0
84	43	0
72	8	0
67	35	0
58	50	0
42	27	0
98	77	0
50	83	0
84	58	0
38	64	0
39	92	0
82	51	0
64	19	0
31	20	0
96	50	0
75	85	0
47	39	0
11	56	1
46	10	1
49	59	0
41	89	0
61	96	0
94	61	0
18	79	0
63	47	0
7	64	0
63	44	0
46	74	0
62	54	0
47	76	0
64	85	0
0	58	0
55	56	0
76	47	0
86	59	0
36	79	0
71	84	0
42	24	0
92	17	0
56	43	0
99	10	0
0	82	0
42	86	0
89	57	0
74	69	0
13	88	0
15	80	0
78	86	0
50	25	0
5	73	0
74	99	0
48	67	0
96	61	0
25	97	0
82	43	0
13	0	0
41	72	0
23	81	0
36	13	1
4	18	0
88	57	0
98	25	0
49	22	0
76	33	0
83	13	0
18	12	0
29	64	0
77	32	0
1	67	0
57	82	0
4	44	0
16	75	0
70	46	0
55	99	0
70	47	0
75	80	0
73	56	0
41	48	1
76	80	0
11	85	0
43	42	0
23	76	0
71	49	0
67	37	0
98	48	0
94	94	0
84	89	0
48	67	0
69	44	0
63	59	0
36	54	0
8	45	1
69	2	0
69	87	0
83	78	0
84	8	0
56	88	0
6	98	0
50	17	0
54	33	0
73	32	0
57	22	0
37	22	1
78	17	0
22	93	0
71	25	0
29	81	0
96	17	0
43	67	0
53	38	0
65	96	0
81	73	0
38	79	0
70	92	0
86	66	0
88	44	0
27	51	1
99	77	0
79	94	0
13	58	1
99	50	0
34	70	0
94	84	0
55	85	0
33	18	1
77	80	0
90	44	0
46	86	0
79	66	0
90	56	0
74	35	0
36	48	0
1	60	0
57	80	0
68	15	0
56	35	0
44	17	0
86	84	0
67	35	0
37	13	1
40	18	0
14	89	0
12	59	0
7	89	0
62	40	0
95	23	0
91	39	0
95	5	0
80	95	0
9	49	1
61	22	0
51	51	0
36	81	0
97	20	0
63	49	0
36	90	0
25	95	0
29	69	0
17	91	0
32	2	0
67	62	0
47	29	0
47	73	0
48	44	0
8	46	0
71	66	0
68	16	0
26	89	0
95	56	0
21	30	0
15	71	0
75	63	0
61	58	0
52	60	0
90	54	0
91	62	0
72	50	0
60	11	0
64	65	0
83	43	0
8	36	0
87	77	0
57	44	0
29	77	0
9	80	0
30	99	0
20	55	0
93	28	0
7	49	0
57	91	0
3	83	0
91	66	0
45	24	0
77	19	0
23	23	0
34	40	0
72	8	0
17	74	0
41	53	0
93	57	0
87	38	0
6	5	0
11	49	1
44	17	1
5	40	0
72	5	0
49	70	0
91	91	0
3	15	0
47	98	0
88	31	0
38	5	0
92	90	0
43	65	0
70	69	0
39	32	0
98	38	0
91	77	0
17	59	0
13	77	0
2	46	0
21	65	0
15	98	0
72	19	0
32	55	0
5	87	0
27	29	0
59	17	0
34	64	0
71	51	0
42	4	0
34	80	0
94	20	0
6	25	0
71	47	0
96	30	0
48	60	0
29	14	0
42	0	0
18	91	0
47	74	0
25	59	0
19	18	0
19	89	0
25	81	0
64	51	0
91	44	0
38	70	0
81	96	0
50	33	0
64	72	0
45	86	0
3	84	0
81	43	0
44	61	0
7	21	0
95	64	0
53	51	0
96	17	0
81	14	0
81	34	0
62	96	0
45	43	0
53	35	0
61	30	0
41	1	0
41	91	0
52	69	0
89	27	0
58	95	0
88	41	0
80	53	0
38	74	0
24	66	0
79	31	0
55	37	0
77	1	0
99	99	0
76	81	0
46	78	0
73	40	0
78	87	0
11	81	0
55	27	0
17	93	0
4	63	0
43	56	0
75	72	0
67	13	0
94	94	0
85	10	0
95	91	0
63	10	0
73	22	0
73	57	0
65	31	0
20	84	0
52	85	0
64	86	0
6	31	0
13	80	0
14	71	0
37	6	0
36	43	0
12	48	1
2	41	0
78	40	0
48	23	0
13	63	0
17	84	0
66	95	0
89	41	0
0	76	0
64	44	0
31	83	0
77	67	0
69	41	0
8	50	1
29	56	0
81	36	0
69	49	0
75	57	0
18	62	0
60	48	0
1	91	0
4	3	0
89	67	0
18	67	0
21	1	0
3	91	0
22	80	0
99	41	0
72	80	0
88	66	0
83	86	0
48	62	0
63	31	0
1	74	0
47	62	0
36	55	0
62	46	0
90	22	0
