93	65	0
48	18	0
43	21	0
47	89	0
4	42	0
89	31	0
97	80	0
9	5	0
45	15	0
69	91	0
44	39	0
77	42	0
2	90	0
27	4	0
18	58	0
96	5	0
89	79	0
66	30	0
29	65	0
95	62	0
99	2	0
40	72	0
70	79	0
80	82	0
75	0	0
27	94	0
56	14	0
77	76	0
68	92	0
97	57	0
1	42	0
30	32	0
46	22	0
81	19	0
44	51	0
89	72	0
6	91	0
66	70	0
94	14	0
84	96	0
42	15	0
26	57	0
68	53	0
97	59	0
60	88	0
93	50	0
19	98	0
35	44	0
59	14	0
90	43	0
22	64	0
58	8	0
33	87	0
60	92	0
29	64	0
97	70	0
56	19	0
39	60	0
88	72	0
99	94	0
80	12	0
23	95	0
88	3	0
50	9	0
93	67	0
39	27	0
15	87	0
91	6	0
32	82	0
89	73	0
59	52	0
23	28	0
93	77	0
23	42	0
28	50	0
91	36	0
25	17	0
17	44	0
38	84	0
62	96	0
70	24	0
42	95	0
68	95	0
5	7	0
16	26	0
94	13	0
94	15	0
47	51	0
82	42	0
19	31	0
75	51	0
45	50	0
28	10	0
31	3	0
71	47	0
23	83	0
55	2	0
47	81	0
39	0	0
33	30	0
85	44	0
49	63	0
58	49	0
21	77	0
67	74	0
5	79	0
50	90	0
85	48	0
70	17	0
55	78	0
0	54	0
63	8	0
51	71	0
8	78	0
47	0	0
27	54	0
21	30	0
92	80	0
9	29	1
45	28	0
5	2	0
36	96	0
90	5	0
62	64	0
13	36	0
77	76	0
96	16	0
65	66	0
55	86	0
34	18	0
59	99	0
18	16	0
74	82	0
66	50	0
30	93	0
73	32	0
38	32	0
18	24	0
75	5	0
9	6	0
0	78	0
15	12	1
95	80	0
90	8	0
84	39	0
50	57	0
66	9	0
85	91	0
6	2	0
38	14	0
12	11	0
80	78	0
39	39	0
88	75	0
84	82	0
56	27	0
57	36	0
75	54	0
4	50	0
26	76	0
15	59	0
84	76	0
48	62	0
37	94	0
88	48	0
71	70	0
61	84	0
17	35	0
95	78	0
6	48	0
34	32	0
21	23	0
22	76	0
31	70	0
96	23	0
49	33	0
76	7	0
42	80	0
71	20	0
57	29	0
79	73	0
19	46	0
68	59	0
35	97	0
31	62	0
30	3	0
69	23	0
22	95	0
6	87	0
66	83	0
83	47	0
21	88	0
25	42	0
81	74	0
24	51	0
33	75	0
35	91	0
53	38	0
30	2	0
19	42	0
79	91	0
91	89	0
60	93	0
69	16	0
9	56	0
61	5	0
59	23	0
62	26	0
82	21	0
30	60	0
2	76	0
51	67	0
64	36	0
33	67	0
86	23	0
60	85	0
32	73	0
19	15	0
84	80	0
32	76	0
41	1	0
1	85	0
82	18	0
94	70	0
77	89	0
83	25	0
1	78	0
20	85	0
97	50	0
60	70	0
33	46	0
42	78	0
70	70	0
52	57	0
10	81	0
33	67	0
68	6	0
11	59	0
65	97	0
71	44	0
28	83	0
91	68	0
42	9	0
38	59	0
5	71	0
39	91	0
57	31	0
73	18	0
17	38	0
92	59	0
64	40	0
78	50	0
11	92	0
55	14	0
22	77	0
62	70	0
60	57	0
70	58	0
56	2	0
26	12	0
9	57	0
74	50	0
51	11	0
63	57	0
46	87	0
61	53	0
93	28	0
98	12	0
15	64	0
83	65	0
23	92	0
13	14	1
94	56	0
40	95	0
52	34	0
49	1	0
11	99	0
72	37	0
44	57	0
40	75	0
42	2	0
17	85	0
83	82	0
84	80	0
58	33	0
88	69	0
13	90	0
41	44	0
69	2	0
71	18	0
28	28	0
54	5	0
60	14	0
53	36	0
66	36	0
27	51	0
22	47	0
56	51	0
70	73	0
86	82	0
50	94	0
72	16	0
99	55	0
71	8	0
12	54	0
23	14	0
91	40	0
53	33	0
72	73	0
13	45	0
51	61	0
59	25	0
28	95	0
31	89	0
38	75	0
95	49	0
45	26	0
48	0	0
29	44	0
88	55	0
74	9	0
67	97	0
23	4	0
70	93	0
10	78	0
43	77	0
30	23	0
5	53	0
16	14	1
85	11	0
21	34	0
80	16	0
42	5	0
11	4	0
83	14	0
27	63	0
23	44	0
89	30	0
93	52	0
14	34	0
21	35	0
3	55	0
34	90	0
13	71	0
3	9	0
38	94	0
54	66	0
44	22	0
10	18	1
56	31	0
44	85	0
37	71	0
90	97	0
31	30	0
18	57	0
38	44	0
55	68	0
75	98	0
44	11	0
69	0	0
30	11	0
43	8	0
58	0	0
19	54	0
76	59	0
63	4	0
26	47	0
58	2	0
54	57	0
51	55	0
35	57	0
77	80	0
67	53	0
18	67	0
55	38	0
20	15	0
98	7	0
42	2	0
64	25	0
57	29	0
17	40	0
10	76	0
64	75	0
11	81	0
34	97	0
24	88	0
41	22	0
38	37	0
89	65	0
55	38	0
8	71	0
75	81	0
63	84	0
28	32	0
70	20	0
71	91	0
67	7	0
98	62	0
75	44	0
39	19	0
35	43	0
37	39	0
88	75	0
18	21	0
69	19	0
83	8	0
11	53	0
33	86	0
75	76	0
80	1	0
3	66	0
92	45	0
58	95	0
10	14	0
70	4	0
57	59	0
36	56	0
59	46	0
23	36	0
50	37	0
76	83	0
68	50	0
41	30	0
73	72	0
24	50	0
23	80	0
79	89	0
44	14	0
2	78	0
74	19	0
84	20	0
69	45	0
16	63	0
65	21	0
17	30	0
56	42	0
11	96	0
67	49	0
52	11	0
88	51	0
42	23	0
27	75	0
42	0	0
81	37	0
6	3	0
63	93	0
4	92	0
30	37	0
51	76	0
54	28	0
8	98	0
12	48	0
16	39	0
55	19	0
98	34	0
75	18	0
90	98	0
33	61	0
17	21	0
42	14	0
42	27	0
93	13	0
56	64	0
80	77	0
34	33	0
64	96	0
75	59	0
39	76	0
77	1	0
71	42	0
81	12	0
67	20	0
41	24	0
32	33	0
98	4	0
62	22	0
3	70	0
96	9	0
99	86	0
8	92	0
7	29	1
91	68	0
44	50	0
31	3	0
91	84	0
81	58	0
23	97	0
67	25	0
74	36	0
90	63	0
11	19	1
83	70	0
31	78	0
76	79	0
30	98	0
93	72	0
34	46	0
25	86	0
96	86	0
27	32	0
30	38	0
71	73	0
67	98	0
52	74	0
14	12	1
49	82	0
65	62	0
38	57	0
33	71	0
90	21	0
15	93	0
84	51	0
25	77	0
39	60	0
48	85	0
87	31	0
31	31	0
21	50	0
4	18	1
61	40	0
99	70	0
58	22	0
79	91	0
72	92	0
34	40	0
52	16	0
27	47	0
19	77	0
34	31	0
57	66	0
69	96	0
32	28	0
76	81	0
48	34	0
38	12	0
66	36	0
20	74	0
47	13	0
8	58	0
95	83	0
59	99	0
44	52	0
78	8	0
45	68	0
46	56	0
94	59	0
92	3	0
2	68	0
75	4	0
84	80	0
68	29	0
34	2	0
30	68	0
80	75	0
34	85	0
55	79	0
82	16	0
14	74	0
57	14	0
58	71	0
64	96	0
30	94	0
96	11	0
92	19	0
70	5	0
41	91	0
11	91	0
0	89	0
73	57	0
76	64	0
81	65	0
10	45	0
86	52	0
66	52	0
9	17	1
77	69	0
67	61	0
16	47	0
17	68	0
41	27	0
41	40	0
9	57	0
59	57	0
48	47	0
97	43	0
76	34	0
78	2	0
78	33	0
45	88	0
20	18	0
24	50	0
72	44	0
99	87	0
71	73	0
99	77	0
21	48	0
58	74	0
61	47	0
26	62	0
83	37	0
8	27	1
24	63	0
41	23	0
82	60	0
70	96	0
52	54	0
26	60	0
36	4	0
82	65	0
24	77	0
50	27	0
89	81	0
92	78	0
17	91	0
44	57	0
12	77	0
74	79	0
43	57	0
54	63	0
38	84	0
71	71	0
32	30	0
19	67	0
90	77	0
77	59	0
98	61	0
33	80	0
55	80	0
67	30	0
25	25	0
89	26	0
39	33	0
99	0	0
18	83	0
21	24	0
2	19	1
35	97	0
87	65	0
21	39	0
93	60	0
18	95	0
16	65	0
32	2	0
96	88	0
25	26	0
1	84	0
73	97	0
40	60	0
81	69	0
24	79	0
92	24	0
24	23	0
31	83	0
29	76	0
39	15	0
23	42	0
12	37	0
97	70	0
87	11	0
51	13	0
71	6	0
86	46	0
27	6	0
43	29	0
99	36	0
9	56	0
45	88	0
7	52	0
18	77	0
73	55	0
51	96	0
68	50	0
73	81	0
38	27	0
89	72	0
33	67	0
89	45	0
10	77	0
66	44	0
31	71	0
72	32	0
3	27	1
60	39	0
91	84	0
85	89	0
86	93	0
27	85	0
22	42	0
45	53	0
47	63	0
38	28	0
23	8	0
38	65	0
11	47	0
66	1	0
78	84	0
90	50	0
98	12	0
12	51	0
5	1	0
78	97	0
3	81	0
50	18	0
52	35	0
72	11	0
21	3	0
49	14	0
19	37	0
5	32	1
52	14	0
55	6	0
33	83	0
53	17	0
30	98	0
77	0	0
29	45	0
48	62	0
67	15	0
94	60	0
63	72	0
48	62	0
50	96	0
82	87	0
11	13	0
93	56	0
16	65	0
84	70	0
56	86	0
17	37	0
13	63	0
96	48	0
26	84	0
93	94	0
64	87	0
45	12	0
42	58	0
75	56	0
43	90	0
79	50	0
98	76	0
76	25	0
12	63	0
7	68	0
77	94	0
69	37	0
55	64	0
59	5	0
20	19	0
70	69	0
31	36	0
17	64	0
33	49	0
52	46	0
33	13	0
58	31	0
5	88	0
26	44	0
11	60	0
4	60	0
82	56	0
27	22	0
64	18	0
92	24	0
82	1	0
54	67	0
4	64	0
60	26	0
38	35	0
15	15	1
15	19	0
73	72	0
70	16	0
40	43	0
50	75	0
54	82	0
15	96	0
20	62	0
48	88	0
29	40	0
79	91	0
48	39	0
29	78	0
16	9	0
57	23	0
7	46	0
60	52	0
72	16	0
31	72	0
85	60	0
56	52	0
51	45	0
42	22	0
0	69	0
74	67	0
72	51	0
40	32	0
74	60	0
76	72	0
78	43	0
59	10	0
88	76	0
85	22	0
5	75	0
70	71	0
5	27	1
24	4	0
47	26	0
7	0	0
11	53	0
15	84	0
35	89	0
29	50	0
99	31	0
9	51	0
54	98	0
19	86	0
98	66	0
45	62	0
5	24	1
81	40	0
23	0	0
59	21	0
53	7	0
16	3	0
27	84	0
50	63	0
83	74	0
68	43	0
18	6	0
24	32	0
56	9	0
10	22	1
0	76	0
72	0	0
38	71	0
56	31	0
69	99	0
12	37	0
8	89	0
89	54	0
27	19	0
87	73	0
63	54	0
67	39	0
47	30	0
95	27	0
85	65	0
12	59	0
3	91	0
28	51	0
1	89	0
5	94	0
94	23	0
31	48	0
1	97	0
53	9	0
67	0	0
43	51	0
23	18	0
66	40	0
40	22	0
19	81	0
23	35	0
57	8	0
6	39	0
92	49	0
92	4	0
60	51	0
34	5	0
42	24	0
11	94	0
56	76	0
30	65	0
13	3	0
36	20	0
9	84	0
0	79	0
65	53	0
89	43	0
53	35	0
16	79	0
22	34	0
92	82	0
68	28	0
45	80	0
63	94	0
23	15	0
5	90	0
66	17	0
58	76	0
34	40	0
94	69	0
30	74	0
96	25	0
85	16	0
98	15	0
81	86	0
43	57	0
16	83	0
79	13	0
36	8	0
68	82	0
68	73	0
17	40	0
71	44	0
62	77	0
80	18	0
95	45	0
14	66	0
57	47	0
28	29	0
90	24	0
60	43	0
69	15	0
90	93	0
81	71	0
51	66	0
77	34	0
57	72	0
4	92	0
34	1	0
8	93	0
20	77	0
66	65	0
73	94	0
87	11	0
95	93	0
79	1	0
7	5	0
90	73	0
69	9	0
98	34	0
73	60	0
51	46	0
18	64	0
67	91	0
58	73	0
3	42	0
7	45	0
36	96	0
0	79	0
55	6	0
39	46	0
13	67	0
41	35	0
13	25	1
6	42	0
96	53	0
56	28	0
2	47	0
24	87	0
77	63	0
3	3	0
89	84	0
20	83	0
63	49	0
41	54	0
88	42	0
59	40	0
1	6	0
10	10	0
5	53	0
23	58	0
95	77	0
60	47	0
95	69	0
9	55	0
74	59	0
17	78	0
0	4	0
76	78	0
1	15	1
28	71	0
42	5	0
30	21	0
7	74	0
34	91	0
4	2	0
77	34	0
59	61	0
78	63	0
81	85	0
42	85	0
32	29	0
3	65	0
7	9	0
38	70	0
45	48	0
52	52	0
85	15	0
