94	71	0
28	25	0
60	99	0
12	7	0
89	35	0
83	96	0
44	79	0
68	45	0
2	83	0
0	4	0
18	94	0
94	48	0
67	76	0
29	37	0
75	85	0
98	48	0
46	98	0
38	83	1
64	76	0
41	15	0
79	67	0
84	90	0
83	82	0
5	29	0
75	16	1
71	68	0
26	90	1
85	27	0
70	93	0
47	66	0
72	78	0
97	54	0
99	20	0
94	81	0
36	7	0
6	75	1
41	91	0
76	42	0
29	14	0
99	84	0
85	82	0
96	15	0
96	17	0
21	41	0
61	86	0
7	89	0
91	2	0
69	95	0
7	31	0
81	81	0
94	32	0
28	82	1
58	94	0
82	13	1
27	85	1
21	14	0
92	7	0
77	36	0
42	78	0
73	25	0
52	52	0
83	30	0
11	97	0
44	80	0
96	67	0
68	90	0
1	62	0
51	91	0
95	52	0
70	20	1
43	37	0
32	7	0
70	60	0
7	88	0
97	30	0
41	63	0
86	56	0
92	1	0
76	94	0
73	82	0
9	26	0
66	81	0
83	68	0
82	43	0
19	98	0
66	40	0
89	55	0
91	34	0
97	37	0
16	56	0
7	16	0
98	53	0
54	92	0
43	75	0
56	89	0
74	31	0
70	69	0
78	78	0
85	69	0
23	22	0
17	9	0
84	55	0
95	5	0
26	98	0
19	42	0
75	71	0
62	82	0
57	80	0
43	8	0
50	82	0
62	78	0
79	54	0
22	95	0
88	81	0
1	78	0
20	52	0
76	85	0
90	74	0
49	66	0
61	45	0
83	35	0
32	94	1
51	75	0
24	47	0
52	82	0
42	27	0
92	85	0
30	97	1
85	4	0
79	32	0
65	86	0
63	78	0
63	70	0
23	30	0
23	68	0
56	89	0
79	66	0
43	95	0
57	86	0
76	18	1
41	90	0
26	33	0
76	67	0
62	49	0
72	73	0
73	33	0
14	86	0
57	53	0
92	35	0
63	39	0
50	18	0
87	27	0
66	76	0
72	99	0
85	72	0
96	22	0
99	33	0
96	68	0
28	84	1
67	71	0
55	91	0
75	20	0
10	81	0
91	9	0
15	40	0
31	91	1
29	90	0
80	73	0
73	78	0
91	50	0
88	59	0
47	82	0
92	66	0
53	3	0
46	27	0
83	48	0
32	77	0
61	76	0
79	73	0
80	6	0
96	51	0
99	33	0
69	60	0
71	90	0
56	9	0
4	91	0
6	87	0
96	62	0
77	58	0
76	13	0
99	76	0
21	14	0
33	95	1
45	96	0
88	2	0
86	8	0
98	32	0
82	34	0
70	31	0
8	6	0
21	86	0
43	88	0
89	43	0
71	93	0
98	86	0
66	38	0
67	84	0
78	18	1
9	1	0
34	6	0
34	21	0
83	38	0
78	23	0
8	44	0
24	19	0
92	81	0
94	72	0
81	19	1
97	9	0
66	0	0
79	15	1
36	13	0
96	91	0
23	82	0
2	97	0
36	38	0
70	42	0
68	70	0
63	82	0
93	85	0
68	29	0
74	76	0
96	31	0
83	66	0
64	47	0
95	74	0
64	14	0
97	9	0
29	46	0
64	95	0
98	39	0
93	36	0
73	97	0
93	36	0
65	15	0
48	51	0
61	92	0
74	87	0
21	83	0
91	82	0
2	97	0
93	2	0
88	12	0
57	82	0
14	99	0
82	42	0
93	69	0
27	1	0
45	91	0
53	76	0
0	24	0
89	33	0
99	6	0
77	95	0
10	24	0
77	29	0
69	81	0
10	34	0
45	83	0
83	49	0
30	97	1
84	7	0
80	16	1
95	66	0
10	77	1
63	17	0
84	91	0
39	97	0
66	55	0
4	35	0
63	87	0
60	49	0
93	47	0
69	45	0
70	55	0
5	51	0
90	69	0
27	95	1
86	64	0
8	96	0
78	86	0
32	20	0
73	62	0
67	95	0
53	92	0
94	52	0
68	6	0
3	72	1
67	40	0
28	99	0
88	21	0
95	50	0
74	33	0
87	71	0
46	94	0
59	99	0
28	95	1
95	89	0
69	83	0
17	0	0
6	85	0
78	85	0
60	94	0
69	32	0
82	61	0
96	5	0
89	11	0
96	86	0
63	87	0
85	17	0
87	15	0
69	94	0
31	96	0
86	11	0
99	2	0
75	28	0
7	51	0
11	92	0
22	98	0
84	86	0
86	98	0
83	92	0
86	68	0
75	78	0
8	91	0
28	18	0
5	1	0
40	41	0
92	21	0
84	39	0
70	59	0
59	11	0
85	83	0
68	83	0
85	51	0
74	63	0
23	11	0
95	40	0
68	91	0
48	39	0
22	90	0
76	94	0
98	68	0
18	71	0
40	68	0
65	73	0
49	97	0
10	44	0
78	71	0
95	50	0
92	69	0
32	79	0
59	83	0
91	19	0
81	8	0
12	76	0
35	90	0
94	69	0
72	74	0
2	92	0
10	80	0
77	93	0
29	18	0
3	80	0
72	79	0
64	65	0
83	88	0
0	85	0
79	49	0
16	4	0
58	87	0
8	92	0
1	13	0
89	62	0
82	15	1
77	23	0
14	17	0
19	48	0
70	33	0
64	76	0
33	80	1
64	58	1
88	78	0
85	44	0
72	78	0
75	84	0
1	61	0
83	59	0
61	31	0
92	44	0
88	91	0
82	72	0
58	58	1
42	80	0
96	76	0
89	7	0
50	75	0
1	99	0
69	30	0
64	14	0
76	19	1
74	17	1
79	26	0
26	31	0
55	92	0
60	56	0
34	80	0
66	91	0
90	61	0
88	32	0
84	68	0
91	96	0
87	47	0
85	97	0
36	85	1
73	73	0
76	44	0
48	86	0
89	82	0
80	72	0
97	29	0
51	78	0
79	24	0
59	42	0
87	85	0
91	51	0
18	84	0
30	91	1
85	30	0
72	32	0
99	42	0
87	10	0
99	82	0
85	14	0
79	35	0
10	84	0
20	98	0
53	33	0
29	62	0
49	81	0
64	6	0
11	91	0
76	50	0
15	13	0
18	62	0
75	74	0
72	66	0
81	67	0
84	51	0
74	69	0
90	50	0
6	41	0
94	84	0
63	58	1
49	93	0
5	72	1
87	17	0
43	94	0
21	88	0
97	48	0
66	29	0
20	15	0
29	34	0
7	63	1
79	53	0
94	33	0
20	14	0
46	7	0
52	72	0
98	81	0
13	5	0
43	79	0
59	26	0
85	76	0
69	67	0
63	86	0
9	48	0
99	46	0
89	64	0
2	80	0
31	93	1
0	94	0
50	34	0
87	22	0
10	17	0
90	32	0
78	15	0
46	31	0
12	98	0
61	82	0
19	79	1
27	27	0
29	94	1
58	55	1
76	46	0
63	86	0
20	90	0
71	39	0
7	4	0
82	58	0
80	34	0
84	34	0
70	28	0
54	93	0
37	98	0
79	36	0
59	96	0
70	63	0
85	44	0
60	97	0
91	41	0
95	99	0
85	84	0
55	89	0
90	12	0
76	77	0
67	28	0
89	52	0
85	98	0
83	15	0
93	98	0
84	19	0
79	67	0
7	92	0
81	96	0
78	81	0
3	19	0
14	92	0
10	79	1
86	32	0
22	94	0
54	82	0
84	31	0
82	49	0
22	99	0
86	45	0
92	48	0
76	45	0
85	31	0
0	91	0
13	11	0
62	78	0
14	58	0
28	10	0
3	92	0
99	41	0
85	87	0
91	54	0
87	78	0
75	45	0
4	74	1
77	22	0
98	39	0
