92	66	0
47	22	0
45	18	0
45	98	0
6	20	0
96	35	0
95	82	0
42	18	0
68	74	0
35	38	0
86	38	0
8	83	0
14	12	0
25	60	0
98	23	0
93	71	0
64	33	0
27	47	0
94	62	0
93	0	0
44	83	0
66	79	0
76	91	0
66	2	0
42	85	0
62	0	0
75	80	0
66	91	0
96	63	0
2	36	0
48	39	0
44	24	0
89	33	0
48	45	0
86	59	0
19	94	0
58	89	0
98	28	0
77	99	0
52	2	0
20	51	0
79	50	0
87	64	0
54	74	0
96	43	0
14	86	0
25	45	0
61	14	0
89	66	0
13	65	0
64	6	0
26	81	0
54	94	0
33	68	0
95	59	0
42	28	0
41	35	0
79	71	0
95	94	0
83	17	0
9	94	0
90	10	0
45	3	0
79	73	0
42	17	0
14	84	0
81	8	0
43	77	0
79	89	0
56	63	0
8	25	0
79	84	0
28	36	0
19	52	0
86	37	0
11	36	0
40	77	0
42	87	0
67	20	0
39	93	0
60	93	0
2	4	1
9	17	0
97	17	0
93	23	0
36	49	0
83	42	0
24	22	0
80	54	0
27	41	0
36	14	0
42	6	0
77	36	0
15	89	0
67	11	0
56	78	0
41	9	0
47	26	0
92	47	0
33	71	0
80	55	0
17	57	0
73	90	0
9	79	0
43	87	0
88	50	0
61	0	0
50	68	0
19	62	0
61	2	0
60	55	0
12	61	0
46	4	0
38	53	0
36	37	0
89	92	0
51	44	0
2	6	1
26	90	0
74	7	0
63	67	0
19	30	1
83	78	0
97	9	0
64	67	0
52	77	0
30	10	0
53	97	0
84	83	0
76	55	0
32	99	0
65	25	0
44	25	0
16	38	0
83	8	0
7	77	0
96	69	0
99	21	0
89	32	0
37	53	0
59	17	0
88	82	0
7	17	0
44	15	0
87	62	0
35	34	0
78	81	0
84	91	0
50	12	0
40	31	0
56	57	0
6	44	0
25	65	0
12	62	0
79	75	0
40	52	0
45	95	0
80	56	0
75	75	0
50	83	0
20	43	0
90	64	0
1	30	0
41	52	0
20	21	0
23	79	0
36	81	0
90	33	0
33	36	0
83	16	0
37	86	0
61	31	0
50	43	0
79	82	0
27	55	0
64	85	0
36	87	0
33	49	0
35	23	0
62	11	0
32	76	0
22	75	0
76	83	0
91	60	0
7	87	0
25	34	0
99	67	0
27	56	0
30	91	0
57	86	0
38	53	0
27	12	0
20	37	0
65	87	0
80	96	0
58	85	0
75	27	0
5	71	0
54	6	0
78	21	0
67	27	0
70	26	0
23	60	0
2	64	0
51	56	0
76	30	0
36	70	0
95	28	0
42	91	0
28	63	0
36	14	0
77	68	0
35	54	0
31	5	0
11	95	0
66	15	0
96	86	0
82	93	0
92	17	0
2	78	0
12	71	0
95	42	0
51	73	0
41	45	0
52	62	0
58	70	0
47	65	0
12	77	0
33	56	0
69	7	0
1	66	0
67	92	0
82	46	0
42	88	0
84	60	0
53	17	0
48	69	0
22	80	0
34	98	0
56	37	0
69	31	0
27	39	0
97	60	0
78	43	0
75	59	0
10	72	0
56	21	0
5	85	0
71	61	0
52	48	0
63	44	0
52	22	0
3	55	0
80	33	0
51	7	0
72	69	0
46	83	0
70	31	0
94	37	0
97	3	0
1	67	0
92	68	0
27	98	0
95	66	0
45	93	0
62	31	0
51	2	0
20	95	0
66	34	0
39	56	0
46	79	0
49	4	0
22	90	0
73	93	0
86	81	0
71	36	0
88	68	0
17	84	0
46	47	0
57	5	0
62	26	0
26	15	0
38	0	0
51	7	0
55	55	0
78	37	0
36	51	0
32	53	0
38	65	0
69	85	0
88	80	0
62	76	0
84	12	0
79	48	0
80	10	0
19	54	0
30	16	0
84	37	0
67	33	0
69	76	0
10	40	0
49	75	0
54	22	0
29	89	0
30	93	0
22	76	0
98	63	0
44	22	0
36	5	0
27	58	0
86	61	0
69	15	0
82	91	0
11	3	0
66	86	0
10	73	0
48	86	0
39	34	0
0	50	0
84	4	0
23	37	0
82	10	0
56	17	0
87	12	0
35	43	0
17	49	0
81	30	0
89	54	0
1	25	0
25	36	0
4	63	0
34	87	0
15	83	0
2	10	1
41	88	0
60	77	0
48	45	0
70	22	0
45	93	0
42	68	0
91	94	0
35	31	0
17	46	0
21	43	0
56	78	0
80	86	0
40	25	0
86	9	0
27	5	0
62	1	0
62	12	0
22	43	0
79	65	0
72	5	0
16	34	0
43	19	0
52	42	0
44	46	0
19	58	0
89	83	0
78	47	0
13	55	0
54	33	0
92	10	0
56	8	0
62	20	0
53	38	0
24	34	0
7	70	0
67	73	0
17	79	0
32	91	0
22	98	0
51	27	0
41	39	0
95	49	0
75	45	0
6	82	0
81	79	0
62	80	0
79	31	0
67	98	0
76	0	0
82	57	0
78	54	0
32	15	0
42	45	0
34	43	0
86	83	0
1	2	1
70	22	0
88	4	0
17	38	0
36	88	0
67	73	0
83	9	0
5	58	0
98	30	0
45	94	0
79	19	0
64	50	0
47	57	0
49	39	0
27	35	0
43	40	0
73	79	0
83	38	0
43	28	0
76	68	0
25	57	0
12	96	0
92	89	0
30	38	0
1	79	0
66	30	0
95	13	0
81	49	0
8	58	0
64	45	0
39	34	0
46	47	0
3	95	0
69	20	0
52	6	0
91	51	0
53	19	0
29	79	0
22	6	0
70	54	0
65	96	0
1	70	0
46	61	0
42	75	0
56	24	0
25	99	0
13	42	0
29	40	0
61	15	0
86	26	0
95	21	0
85	92	0
21	55	0
29	26	0
32	31	0
84	19	0
62	61	0
74	91	0
21	45	0
69	99	0
91	66	0
38	75	0
66	11	0
65	45	0
75	23	0
75	8	0
48	21	0
43	30	0
91	0	0
84	34	0
2	72	0
83	10	0
93	99	0
0	99	0
91	53	0
51	47	0
20	16	0
98	88	0
65	54	0
13	95	0
59	25	0
80	34	0
81	56	0
82	64	0
27	70	0
76	72	0
38	99	0
80	75	0
16	30	0
40	98	0
92	81	0
36	38	0
30	36	0
59	77	0
57	95	0
44	68	0
58	97	0
58	50	0
34	62	0
30	67	0
87	19	0
17	99	0
88	42	0
28	95	0
51	66	0
42	80	0
87	34	0
34	45	0
26	48	0
51	23	0
89	63	0
67	15	0
91	98	0
73	98	0
41	53	0
61	2	0
32	47	0
38	91	0
35	25	0
45	65	0
68	77	0
27	20	0
88	99	0
41	24	0
23	19	0
63	38	0
22	81	0
39	13	0
8	58	0
86	86	0
58	90	0
58	42	0
77	6	0
45	72	0
42	54	0
97	55	0
85	3	0
5	66	0
78	4	0
68	71	0
77	33	0
38	10	0
34	68	0
85	77	0
30	66	0
49	84	0
79	24	0
13	63	0
72	23	0
44	63	0
66	96	0
35	93	0
87	9	0
93	28	0
65	21	0
32	85	0
13	84	0
10	87	0
69	43	0
69	68	0
67	79	0
11	41	0
77	33	0
64	64	0
84	72	0
50	62	0
17	58	0
25	62	0
42	23	0
42	24	0
0	37	0
43	63	0
37	44	0
86	31	0
72	32	0
73	0	0
80	44	0
56	71	0
25	57	0
56	28	0
91	77	0
62	88	0
91	70	0
16	52	0
56	78	0
75	45	0
32	53	0
76	31	0
20	56	0
38	22	0
77	53	0
89	98	0
58	57	0
12	63	0
49	0	0
54	60	0
34	88	0
37	35	0
85	84	0
93	73	0
14	96	0
64	72	0
8	74	0
78	58	0
34	47	0
50	61	0
28	76	0
59	70	0
17	29	1
8	59	0
90	79	0
76	53	0
99	50	0
23	61	0
58	90	0
57	27	0
97	27	0
43	42	0
98	13	0
20	85	0
30	33	0
38	72	0
87	56	0
23	45	0
87	61	0
12	98	0
17	75	0
93	86	0
39	30	0
0	70	0
79	86	0
53	59	0
79	71	0
19	90	0
99	35	0
33	1	0
33	89	0
37	77	0
39	21	0
22	37	0
4	21	0
83	71	0
99	8	0
60	8	0
72	16	0
98	47	0
34	8	0
24	51	0
99	46	0
7	52	0
55	83	0
1	58	0
25	78	0
69	56	0
48	95	0
78	51	0
71	84	0
34	37	0
70	62	0
40	57	0
78	52	0
16	77	0
47	32	0
28	79	0
85	35	0
60	35	0
97	70	0
95	99	0
87	75	0
40	69	0
15	28	0
53	39	0
51	74	0
27	20	0
25	4	0
35	73	0
18	35	0
64	3	0
70	81	0
70	71	0
91	10	0
7	43	0
66	86	0
10	90	0
57	9	0
65	51	0
65	23	0
36	21	0
28	37	0
35	16	0
74	8	0
38	87	0
56	26	0
32	81	0
82	8	0
33	44	0
45	61	0
76	18	0
86	71	0
63	71	0
35	63	0
48	89	0
76	82	0
84	46	0
20	69	0
73	77	0
68	94	0
23	37	0
18	50	0
97	38	0
26	84	0
96	84	0
71	87	0
49	2	0
57	66	0
96	58	0
62	84	0
83	50	0
93	76	0
84	34	0
9	56	0
7	59	0
68	87	0
76	43	0
53	62	0
58	13	0
32	14	0
82	71	0
20	30	1
12	61	0
39	53	0
53	39	0
36	21	0
48	29	0
16	82	0
28	33	0
12	63	0
17	78	0
67	49	0
16	24	0
67	11	0
94	33	0
78	1	0
58	76	0
5	57	0
61	30	0
51	35	0
52	83	0
94	12	0
32	39	0
53	60	0
47	78	0
15	99	0
35	68	0
38	84	0
28	22	0
77	79	0
38	48	0
38	84	0
61	31	0
11	43	0
59	64	0
63	25	0
30	78	0
75	37	0
46	42	0
46	45	0
30	12	0
7	68	0
79	68	0
80	65	0
44	46	0
87	60	0
81	71	0
68	23	0
58	8	0
80	83	0
82	14	0
5	63	0
77	81	0
39	20	0
70	36	0
23	66	0
13	92	0
35	96	0
28	61	0
97	26	0
22	51	0
55	99	0
15	83	0
96	72	0
57	62	0
84	34	0
22	7	0
48	25	0
63	0	0
6	82	0
56	58	0
86	67	0
74	43	0
12	0	0
22	48	0
72	13	0
13	81	0
80	1	0
48	67	0
40	26	0
81	93	0
6	23	0
23	92	0
99	51	0
30	14	0
89	80	0
56	58	0
73	55	0
43	31	0
89	32	0
92	76	0
8	65	0
2	79	0
19	52	0
7	88	0
8	92	0
79	27	0
40	45	0
4	93	0
48	1	0
69	7	0
40	58	0
74	51	0
47	21	0
30	63	0
26	28	0
86	17	0
13	39	0
87	66	0
93	11	0
58	50	0
24	21	0
53	10	0
13	93	0
54	70	0
39	58	0
42	10	0
6	94	0
5	92	0
67	51	0
92	33	0
38	27	0
30	76	0
99	93	0
50	30	0
57	74	0
70	89	0
0	77	0
70	26	0
56	57	0
19	38	0
95	70	0
45	70	0
97	11	0
79	12	0
85	23	0
77	91	0
42	64	0
33	74	0
81	23	0
36	13	0
71	94	0
65	74	0
21	54	0
69	45	0
67	91	0
76	7	0
94	51	0
25	75	0
59	53	0
28	28	0
85	24	0
33	49	0
62	8	0
89	95	0
74	65	0
54	73	0
83	34	0
78	74	0
9	87	0
40	2	0
15	99	0
3	63	0
65	68	0
73	91	0
75	8	0
91	93	0
83	13	0
79	82	0
66	7	0
82	38	0
79	42	0
58	33	0
14	80	0
60	91	0
55	76	0
18	55	0
12	37	0
32	97	0
7	64	0
40	2	0
34	52	0
18	63	0
42	36	0
5	42	0
93	57	0
52	24	0
8	54	0
24	86	0
80	82	0
3	0	0
92	71	0
13	67	0
57	50	0
32	65	0
88	48	0
56	36	0
2	7	1
1	49	0
25	58	0
94	58	0
72	55	0
96	62	0
0	61	0
75	63	0
1	81	0
6	22	0
95	58	0
24	64	0
46	12	0
39	31	0
7	86	0
27	83	0
1	2	1
81	44	0
68	66	0
70	57	0
76	80	0
40	74	0
45	23	0
5	67	0
49	66	0
35	46	0
61	51	0
84	18	0
