98	65	0
18	15	0
63	97	0
6	4	0
92	37	0
97	95	0
44	13	1
45	82	0
57	24	0
82	48	0
5	88	0
3	5	0
13	94	0
95	32	0
74	74	0
42	32	0
80	72	0
96	14	0
61	96	0
43	71	0
81	67	0
48	10	0
26	82	0
56	21	0
94	64	0
79	88	0
82	77	0
10	33	0
57	17	1
54	34	0
87	25	0
78	73	0
11	74	0
31	95	0
85	10	0
69	91	0
30	10	0
48	70	0
81	70	0
96	71	0
58	66	0
99	35	0
17	74	0
67	6	0
97	67	0
19	76	0
58	1	0
8	74	0
41	99	0
33	65	0
91	53	0
56	37	0
39	22	0
98	85	0
90	94	0
94	14	0
30	88	0
94	10	0
24	15	0
78	94	0
32	5	1
2	89	0
81	11	0
25	68	0
64	89	0
37	59	0
6	28	0
71	84	0
89	34	0
20	96	0
42	99	0
67	26	0
29	91	0
54	97	0
13	14	0
99	18	0
78	27	0
51	77	0
87	38	0
87	62	0
57	6	0
72	37	0
2	99	0
69	2	0
45	76	0
42	6	1
57	23	0
86	14	0
39	56	1
85	57	0
2	52	0
77	86	0
1	78	0
37	94	0
95	54	0
74	27	0
30	67	0
38	56	1
72	3	0
64	54	0
13	74	0
31	3	0
62	71	0
45	34	0
6	94	0
92	30	0
41	80	0
75	66	0
94	0	0
64	85	0
65	72	0
7	26	0
58	93	0
98	81	0
78	56	0
24	90	0
65	30	0
79	3	0
96	63	0
90	35	0
93	53	0
37	45	0
60	14	1
60	68	0
8	25	0
50	31	0
89	56	0
52	23	1
53	79	0
56	73	0
60	22	0
47	33	0
49	23	1
56	81	0
49	59	0
49	96	0
74	40	0
62	69	0
54	71	0
93	56	0
28	18	0
43	42	0
15	16	0
17	81	0
28	61	0
78	44	0
53	41	0
86	0	0
36	84	0
53	22	0
31	38	0
65	82	0
32	65	0
58	61	0
46	85	0
42	52	1
36	2	0
58	20	0
39	97	0
26	60	0
78	78	0
92	64	0
19	97	0
91	74	0
33	51	0
23	73	0
52	70	0
44	52	1
16	32	0
72	85	0
98	90	0
46	74	0
75	41	0
5	43	1
60	13	1
63	46	0
60	15	0
75	21	0
5	54	1
37	60	0
53	18	0
36	62	0
93	30	0
32	92	0
22	59	0
80	92	0
52	50	0
19	19	0
36	77	0
50	15	0
96	94	0
36	90	0
92	0	0
16	55	1
18	77	0
98	35	0
55	96	0
71	85	0
62	61	0
27	51	0
12	68	0
57	0	0
53	89	0
98	52	0
37	93	0
71	69	0
85	26	0
52	75	0
30	79	0
34	88	0
33	22	0
68	27	0
85	50	0
52	41	0
75	69	0
0	56	1
75	19	0
20	90	0
61	64	0
86	35	0
76	40	0
44	0	0
5	36	0
88	32	0
74	77	0
59	98	0
72	55	0
99	27	0
89	10	0
4	36	0
93	73	0
36	99	0
87	81	0
40	98	0
54	34	0
85	35	0
25	95	0
82	22	0
21	61	0
31	82	0
49	12	0
25	89	0
75	89	0
86	73	0
94	58	0
97	56	0
18	83	0
38	67	0
83	6	0
87	54	0
41	2	0
37	24	0
45	57	0
79	46	0
24	56	0
34	38	0
28	77	0
75	97	0
95	52	0
61	72	0
97	7	0
99	32	0
63	6	0
92	49	0
79	49	0
61	79	0
5	37	0
42	60	0
70	24	0
14	88	0
30	67	0
4	93	0
92	64	0
41	4	0
79	66	0
78	0	0
99	79	0
20	1	0
44	92	0
16	65	0
55	93	0
39	37	0
76	20	0
81	13	0
58	12	1
89	12	0
49	50	0
77	29	0
76	58	0
9	7	0
2	60	0
30	97	0
20	81	0
54	95	0
45	69	0
79	42	0
64	5	0
49	87	0
49	66	0
97	94	0
2	46	1
61	42	0
66	88	0
79	21	0
24	5	0
49	1	0
52	16	0
34	35	0
82	53	0
72	15	0
19	41	0
17	31	0
31	55	0
42	33	0
97	68	0
89	61	0
8	54	1
65	33	0
84	7	0
69	11	0
75	21	0
54	37	0
39	30	0
5	75	0
75	83	0
41	88	0
9	95	0
33	59	0
57	13	1
53	41	0
86	35	0
73	53	0
82	71	0
85	88	0
83	32	0
71	83	0
74	9	0
76	56	0
69	54	0
65	52	0
91	73	0
74	4	0
90	15	0
23	43	0
57	94	0
59	73	0
77	13	0
21	77	0
97	38	0
51	99	0
99	25	0
59	24	0
33	58	0
60	43	0
33	60	0
57	80	0
79	27	0
83	82	0
44	49	1
22	91	0
94	96	0
47	13	1
9	82	0
43	53	1
98	0	0
89	32	0
36	70	0
55	52	0
65	47	0
21	99	0
78	30	0
91	55	0
49	34	0
41	89	0
27	8	0
47	46	0
52	91	0
1	42	1
41	80	0
39	85	0
49	22	1
21	69	0
10	31	0
72	8	0
71	33	0
96	8	0
80	98	0
33	67	0
33	25	0
77	8	0
56	50	0
69	96	0
1	27	0
51	86	0
94	53	0
31	75	0
75	2	0
37	63	0
63	19	0
54	11	0
84	17	0
92	41	0
2	83	0
70	8	0
84	99	0
28	98	0
90	73	0
44	49	1
9	29	0
64	98	0
71	43	0
6	82	0
72	26	0
86	52	0
71	51	0
74	59	0
22	57	0
95	49	0
24	91	0
97	63	0
24	99	0
91	90	0
41	36	0
71	71	0
57	91	0
49	52	0
61	95	0
78	51	0
45	49	0
26	60	0
91	2	0
2	84	0
86	58	0
23	96	0
47	49	0
43	74	0
80	28	0
27	52	0
56	25	0
91	57	0
72	20	0
80	87	0
47	96	0
38	56	1
39	44	0
62	99	0
52	22	1
42	81	0
90	80	0
88	76	0
75	11	0
20	9	0
42	35	0
31	58	0
42	4	1
5	78	0
83	76	0
61	88	0
66	55	0
65	12	0
36	66	0
39	79	0
91	50	0
89	6	0
16	70	0
74	9	0
50	63	0
48	24	1
41	8	1
35	42	0
86	85	0
22	72	0
57	85	0
67	19	0
77	15	0
52	54	0
64	85	0
20	98	0
94	23	0
81	10	0
77	26	0
12	66	0
16	96	0
16	78	0
59	38	0
75	83	0
76	94	0
3	33	0
65	54	0
73	89	0
75	61	0
63	70	0
17	97	0
16	74	0
47	27	0
6	25	0
46	38	0
30	41	0
99	31	0
79	50	0
62	9	0
69	29	0
57	50	0
37	19	0
94	78	0
52	79	0
83	49	0
33	61	0
40	98	0
75	52	0
53	13	1
30	13	0
99	50	0
66	86	0
49	33	0
52	59	0
31	99	0
64	97	0
93	64	0
21	76	0
64	49	0
1	73	0
58	53	0
48	73	0
66	55	0
54	77	0
64	87	0
5	59	0
56	53	0
80	48	0
77	58	0
38	81	0
79	79	0
47	27	0
98	15	0
54	42	0
96	12	0
2	80	0
50	88	0
87	66	0
69	68	0
15	90	0
13	71	0
82	88	0
43	27	0
3	81	0
71	98	0
51	64	0
90	63	0
22	90	0
76	38	0
21	0	0
48	81	0
21	80	0
12	20	0
91	54	0
95	19	0
50	18	1
72	30	0
76	16	0
21	14	0
31	59	0
77	30	0
2	77	0
61	75	0
7	40	0
23	77	0
62	54	0
66	98	0
70	45	0
77	87	0
73	53	0
75	81	0
3	87	0
50	43	0
26	79	0
79	53	0
58	44	0
95	45	0
96	94	0
79	93	0
49	67	0
76	48	0
67	69	0
40	56	1
66	4	0
65	83	0
82	71	0
85	4	0
58	81	0
4	98	0
49	27	1
51	39	0
71	36	0
64	32	0
72	22	0
21	91	0
72	30	0
29	70	0
91	16	0
45	65	0
44	38	0
61	94	0
74	75	0
48	79	0
73	94	0
84	61	0
87	52	0
94	70	0
80	99	0
99	45	0
36	65	0
88	82	0
49	79	0
83	87	0
99	50	0
46	87	0
92	69	0
84	52	0
83	34	0
40	45	0
7	63	0
56	77	0
73	12	0
64	29	0
81	83	0
64	42	0
43	9	1
12	91	0
11	51	1
13	90	0
63	37	0
88	13	0
90	51	0
99	2	0
77	97	0
51	26	1
52	43	0
32	75	0
99	17	0
67	53	0
31	78	0
25	97	0
26	74	0
11	93	0
30	11	1
66	64	0
44	32	0
49	70	0
40	45	0
67	76	0
75	12	0
16	85	0
93	53	0
22	26	0
15	79	0
68	61	0
72	51	0
48	64	0
91	49	0
86	60	0
80	59	0
54	12	1
58	69	0
85	45	0
2	32	0
99	78	0
53	46	0
41	77	0
6	77	0
25	93	0
27	59	0
91	31	0
11	53	1
60	93	0
8	91	0
95	66	0
57	27	0
71	20	0
27	21	0
33	38	0
76	7	0
16	73	0
41	51	1
85	57	0
91	37	0
1	6	0
0	37	0
73	15	0
46	74	0
94	92	0
0	12	0
52	95	0
80	30	0
41	11	1
93	82	0
42	60	0
78	77	0
27	33	0
97	33	0
88	77	0
23	68	0
17	82	0
4	48	1
26	72	0
21	99	0
73	14	0
29	59	0
9	84	0
34	33	0
52	17	0
41	58	0
65	46	0
43	6	1
30	75	0
93	27	0
4	27	0
75	49	0
92	27	0
55	61	0
32	19	0
39	5	0
16	91	0
44	78	0
25	62	0
21	18	0
20	83	0
23	76	0
69	57	0
94	40	0
33	66	0
81	99	0
48	33	0
61	70	0
43	85	0
11	87	0
87	42	0
41	62	0
10	20	0
92	53	0
62	48	0
90	25	0
86	19	0
75	33	0
57	93	0
45	39	0
62	41	0
57	31	0
40	2	0
36	93	0
56	69	0
89	28	0
63	97	0
85	55	0
77	45	0
33	76	0
29	74	0
79	31	0
52	43	0
73	0	0
95	96	0
73	77	0
50	78	0
75	34	0
86	82	0
17	79	0
59	32	0
18	96	0
11	58	1
32	65	0
85	64	0
62	15	0
99	93	0
89	11	0
99	91	0
58	10	0
65	22	0
75	52	0
67	31	0
12	85	0
53	91	0
66	79	0
4	29	0
10	84	0
19	72	0
43	10	0
38	37	0
2	50	1
80	41	0
51	18	0
3	61	0
19	87	0
65	94	0
92	47	0
1	74	0
65	40	0
27	90	0
83	60	0
69	40	0
23	55	0
85	36	0
76	46	0
68	62	0
12	59	1
54	46	0
6	87	0
0	6	0
84	69	0
17	65	0
19	8	0
3	94	0
22	76	0
98	38	0
68	83	0
83	60	0
92	86	0
55	61	0
59	38	0
3	75	0
50	61	0
35	55	0
65	36	0
85	25	0
