88	68	0
42	18	0
39	24	0
47	96	0
10	6	0
93	33	0
95	85	0
38	12	0
64	80	0
46	19	0
99	43	0
2	78	0
17	9	0
17	62	0
99	20	0
79	77	0
62	31	0
22	52	0
97	69	0
93	9	0
43	97	0
64	68	0
81	88	0
54	3	0
41	82	0
57	8	0
84	80	0
60	90	0
88	71	0
7	24	0
51	28	0
40	16	0
87	32	0
39	55	0
88	61	0
10	92	0
45	98	0
93	22	0
79	88	0
45	1	0
22	59	0
93	56	0
90	68	0
52	70	0
92	52	0
8	81	0
24	39	0
70	0	0
92	62	0
18	71	0
61	1	0
7	76	0
52	90	0
35	76	0
97	66	0
48	35	0
30	30	0
90	76	0
95	92	0
95	16	0
9	93	0
96	18	0
40	3	0
73	75	0
46	13	0
9	91	0
84	7	0
43	80	0
75	98	0
51	69	0
7	30	0
69	89	0
25	42	0
18	64	0
91	36	0
14	39	0
30	84	0
49	98	0
61	20	0
31	93	0
58	96	0
4	24	0
99	13	0
93	26	0
40	55	0
80	38	0
20	30	0
79	51	0
24	33	1
40	11	0
40	6	0
68	37	0
11	95	0
64	11	0
55	90	0
41	11	0
47	29	0
89	42	0
35	68	0
76	45	0
9	61	0
77	84	0
1	70	0
26	95	0
94	52	0
60	8	0
47	69	0
28	57	0
61	0	0
65	52	0
0	61	0
37	1	0
24	47	0
43	34	0
75	92	0
56	42	0
22	99	0
87	4	0
54	70	0
80	87	0
97	3	0
67	72	0
48	78	0
31	9	0
57	96	0
91	78	0
78	60	0
30	97	0
65	32	0
31	19	0
16	40	0
76	10	0
11	65	0
92	64	0
99	31	0
88	37	0
35	54	0
59	16	0
83	72	0
15	18	0
31	6	0
81	63	0
35	35	0
68	81	0
74	93	0
50	21	0
43	29	0
57	43	0
13	44	0
28	57	0
17	59	0
79	80	0
44	52	0
43	97	0
81	48	0
80	71	0
55	84	0
26	35	1
93	67	0
11	25	0
47	41	0
20	12	0
28	84	0
37	77	0
90	31	0
39	36	0
69	19	0
38	81	0
60	25	0
49	43	0
82	77	0
28	63	0
58	76	0
33	87	0
42	48	0
38	12	0
56	11	0
27	72	0
27	84	0
75	81	0
90	64	0
29	87	0
24	33	1
91	67	0
25	46	0
29	84	0
53	74	0
40	54	0
27	10	0
14	32	0
72	93	0
86	90	0
61	79	0
67	33	0
1	61	0
57	7	0
78	26	0
67	24	0
69	31	0
14	63	0
0	57	0
52	49	0
74	27	0
39	62	0
88	33	0
32	99	0
29	66	0
36	19	0
78	74	0
37	56	0
32	6	0
14	92	0
61	8	0
96	91	0
71	91	0
93	4	0
7	77	0
21	62	0
90	34	0
56	71	0
45	40	0
53	61	0
48	70	0
56	62	0
13	72	0
28	58	0
71	7	0
0	63	0
62	82	0
91	43	0
45	91	0
78	58	0
64	26	0
42	75	0
14	83	0
35	96	0
53	42	0
75	36	0
25	33	1
91	63	0
78	41	0
74	66	0
1	57	0
50	16	0
12	85	0
59	61	0
58	45	0
62	38	0
51	24	0
7	57	0
84	24	0
51	9	0
68	69	0
51	75	0
72	37	0
98	37	0
97	3	0
2	58	0
99	72	0
23	96	0
94	71	0
43	96	0
57	36	0
59	10	0
19	90	0
74	29	0
39	66	0
44	80	0
47	9	0
23	95	0
79	85	0
73	86	0
72	39	0
92	76	0
20	95	0
46	59	0
59	0	0
67	31	0
33	12	0
39	4	0
57	8	0
58	55	0
76	42	0
43	47	0
36	52	0
38	71	0
70	87	0
79	69	0
60	78	0
80	2	0
81	44	0
71	7	0
21	44	0
28	23	0
79	41	0
64	37	0
71	69	0
9	38	0
38	69	0
62	22	0
32	83	0
22	88	0
25	80	0
97	68	0
42	23	0
34	3	0
23	58	0
87	68	0
62	14	0
78	92	0
11	3	0
61	99	0
3	69	0
36	90	0
42	32	0
0	58	0
79	15	0
22	35	0
74	4	0
50	16	0
88	10	0
37	45	0
26	50	0
78	25	0
85	61	0
7	24	0
23	34	1
4	62	0
37	96	0
4	90	0
46	86	0
54	73	0
51	44	0
68	20	0
38	85	0
45	70	0
88	92	0
27	26	0
18	54	0
23	41	0
61	68	0
70	87	0
30	23	0
79	22	0
35	4	0
53	3	0
62	16	0
33	49	0
82	70	0
90	14	0
21	40	0
46	15	0
51	45	0
38	35	0
31	58	0
87	77	0
80	51	0
14	52	0
54	32	0
96	14	0
64	6	0
54	30	0
58	37	0
30	32	0
1	68	0
66	83	0
30	78	0
25	91	0
23	99	0
51	10	0
46	34	0
99	45	0
84	50	0
0	78	0
86	73	0
70	75	0
78	30	0
68	85	0
81	4	0
87	60	0
75	56	0
39	18	0
54	50	0
29	48	0
81	80	0
68	18	0
95	6	0
28	42	0
38	89	0
76	73	0
82	18	0
10	63	0
98	29	0
43	93	0
80	21	0
65	51	0
37	55	0
58	41	0
22	40	0
36	46	0
64	87	0
81	34	0
32	19	0
73	67	0
22	66	0
5	98	0
96	85	0
32	37	0
4	87	0
61	38	0
90	15	0
84	44	0
4	67	0
63	36	0
45	32	0
44	43	0
10	99	0
76	20	0
51	7	0
88	46	0
47	39	0
25	75	0
15	3	0
60	60	0
61	92	0
0	52	0
45	71	0
40	80	0
53	27	0
20	97	0
7	47	0
21	44	0
63	17	0
86	30	0
94	17	0
74	90	0
21	56	0
33	25	0
43	27	0
80	8	0
68	60	0
75	91	0
16	42	0
61	87	0
95	68	0
39	77	0
72	6	0
68	50	0
71	23	0
72	11	0
42	22	0
44	16	0
99	4	0
84	33	0
2	76	0
83	8	0
91	98	0
16	94	0
96	67	0
48	54	0
18	28	0
96	95	0
63	48	0
3	96	0
70	29	0
66	38	0
70	58	0
79	63	0
26	77	0
81	68	0
36	89	0
93	79	0
37	94	0
99	79	0
27	32	0
38	31	0
56	66	0
60	95	0
45	64	0
70	97	0
67	53	0
31	59	0
32	63	0
81	18	0
11	82	0
90	45	0
20	88	0
54	73	0
44	82	0
82	40	0
39	51	0
22	34	1
45	24	0
83	49	0
68	16	0
92	94	0
61	92	0
39	54	0
53	0	0
38	40	0
50	90	0
33	20	0
49	58	0
76	75	0
37	19	0
94	98	0
45	17	0
21	7	0
56	26	0
21	77	0
37	13	0
16	61	0
91	95	0
60	88	0
58	51	0
67	8	0
43	70	0
51	51	0
97	54	0
88	1	0
1	66	0
74	4	0
61	70	0
70	31	0
47	11	0
33	61	0
86	75	0
37	67	0
41	78	0
85	32	0
19	52	0
72	26	0
39	66	0
67	83	0
34	94	0
80	10	0
92	23	0
62	15	0
29	81	0
16	99	0
17	83	0
64	42	0
74	69	0
68	80	0
14	44	0
78	42	0
69	69	0
78	75	0
57	66	0
16	72	0
17	66	0
46	29	0
39	20	0
4	35	0
46	59	0
32	45	0
87	28	0
83	37	0
75	4	0
74	48	0
53	67	0
19	60	0
54	27	0
96	87	0
54	90	0
77	61	0
25	51	0
46	81	0
69	46	0
35	50	0
77	26	0
20	47	0
37	22	0
84	52	0
91	94	0
55	51	0
8	62	0
45	6	0
58	62	0
28	91	0
37	31	0
86	91	0
99	73	0
21	85	0
64	51	0
4	73	0
83	57	0
37	56	0
49	58	0
35	77	0
60	72	0
5	53	0
82	74	0
66	58	0
88	47	0
19	61	0
60	87	0
54	27	0
96	27	0
47	32	0
97	12	0
14	90	0
33	35	0
39	67	0
87	56	0
32	55	0
82	63	0
11	95	0
22	81	0
99	90	0
48	28	0
9	71	0
82	96	0
45	69	0
86	65	0
23	89	0
93	29	0
24	4	0
33	78	0
36	76	0
34	15	0
19	41	0
7	20	0
86	68	0
94	13	0
62	7	0
79	28	0
94	33	0
32	9	0
26	51	0
98	36	0
8	55	0
56	98	0
6	56	0
24	84	0
65	50	0
58	93	0
76	55	0
68	88	0
35	36	0
75	66	0
39	61	0
79	57	0
15	70	0
53	31	0
28	81	0
84	40	0
68	31	0
84	72	0
94	96	0
88	77	0
49	68	0
67	38	0
53	71	0
37	23	0
26	9	0
32	73	0
9	36	0
60	1	0
60	86	0
74	81	0
80	3	0
14	45	0
55	79	0
21	95	0
58	4	0
58	40	0
56	22	0
38	24	0
21	33	0
52	17	0
77	1	0
40	96	0
63	32	0
31	95	0
92	15	0
27	52	0
47	66	0
71	29	0
84	82	0
63	71	0
36	64	0
46	91	0
76	75	0
87	47	0
19	73	0
79	80	0
87	97	0
26	32	1
14	54	0
95	46	0
28	79	0
99	91	0
58	96	0
41	6	0
69	63	0
85	65	0
65	86	0
76	55	0
95	72	0
76	37	0
17	51	0
2	65	0
67	81	0
74	41	0
50	58	0
49	4	0
34	14	0
92	78	0
10	56	0
26	52	0
58	33	0
39	15	0
50	31	0
15	86	0
22	37	1
0	61	0
9	80	0
76	54	0
78	19	0
88	34	0
80	3	0
52	81	0
8	50	0
53	28	0
58	48	0
47	85	0
88	11	0
23	34	1
64	54	0
47	84	0
19	91	0
37	61	0
35	87	0
35	26	0
79	78	0
48	36	0
44	80	0
59	36	0
10	39	0
64	62	0
66	21	0
21	84	0
85	42	0
28	34	0
31	47	0
27	17	0
0	65	0
81	65	0
78	63	0
42	51	0
87	60	0
84	73	0
76	38	0
67	18	0
81	79	0
77	21	0
5	59	0
80	83	0
22	24	0
67	30	0
16	63	0
3	89	0
31	92	0
37	55	0
99	31	0
10	46	0
60	92	0
5	87	0
91	62	0
59	55	0
86	29	0
17	3	0
47	31	0
67	3	0
8	79	0
45	56	0
91	65	0
76	36	0
12	7	0
16	41	0
68	16	0
13	75	0
80	1	0
49	72	0
40	26	0
86	92	0
14	21	0
28	98	0
99	56	0
29	10	0
87	95	0
49	58	0
68	57	0
42	35	0
95	26	0
90	90	0
6	65	0
7	72	0
12	49	0
18	79	0
12	98	0
76	24	0
37	50	0
8	91	0
48	17	0
71	11	0
40	61	0
62	58	0
47	26	0
32	69	0
30	32	0
90	19	0
0	43	0
81	65	0
88	7	0
56	48	0
28	18	0
49	1	0
15	93	0
53	67	0
40	61	0
36	11	0
8	93	0
5	94	0
68	54	0
94	35	0
32	22	0
26	69	0
89	94	0
52	31	0
64	76	0
66	89	0
9	81	0
75	31	0
51	55	0
17	38	0
94	74	0
54	62	0
99	15	0
78	13	0
87	27	0
63	94	0
43	59	0
41	57	0
70	15	0
40	5	0
62	91	0
65	65	0
17	53	0
70	40	0
56	91	0
82	26	0
89	56	0
30	74	0
50	59	0
23	28	0
93	30	0
31	55	0
82	8	0
96	96	0
72	62	0
58	80	0
71	36	0
72	83	0
9	96	0
39	7	0
10	87	0
16	63	0
59	68	0
69	86	0
69	8	0
96	98	0
91	9	0
91	88	0
62	11	0
81	31	0
79	46	0
51	40	0
20	87	0
62	97	0
64	74	0
23	48	0
8	29	0
20	92	0
14	62	0
44	4	0
43	51	0
20	69	0
36	36	0
6	40	0
98	54	0
42	27	0
16	56	0
30	80	0
73	75	0
95	63	0
8	66	0
64	46	0
25	62	0
76	44	0
53	42	0
3	46	0
22	53	0
81	51	0
67	55	0
90	51	0
1	68	0
58	54	0
4	86	0
2	20	0
89	69	0
13	62	0
36	7	0
37	26	0
13	99	0
16	85	0
83	39	0
66	68	0
72	57	0
71	83	0
39	61	0
56	40	0
7	68	0
41	66	0
33	43	0
65	60	0
82	20	0
