98	67	0
23	10	0
59	97	0
4	4	0
93	45	0
97	96	0
42	78	0
57	23	1
74	57	0
1	89	0
1	9	0
19	95	0
97	38	0
63	76	0
38	31	0
84	71	0
96	25	0
59	97	0
38	75	0
84	64	0
50	16	0
26	83	0
59	23	1
83	67	0
82	79	0
82	80	0
8	24	0
47	38	0
84	22	0
84	69	0
10	76	0
32	94	0
83	11	0
63	94	0
34	9	1
53	72	0
79	73	0
97	66	0
64	57	0
99	32	0
14	70	0
65	3	1
92	65	0
17	74	0
54	1	0
9	74	0
32	92	0
26	65	1
87	52	0
45	36	0
34	13	0
96	86	0
90	97	0
88	16	0
32	82	0
98	11	0
15	14	0
74	89	0
0	90	0
85	6	0
23	67	0
65	90	0
43	60	1
11	25	0
73	78	0
84	32	0
22	95	0
48	99	0
70	32	0
31	97	0
46	94	0
16	13	0
97	16	0
80	24	0
50	76	0
90	32	0
77	62	0
58	12	1
63	35	0
5	98	0
72	7	0
51	78	0
60	31	1
86	5	0
89	64	0
0	60	0
72	90	0
4	78	0
34	97	0
98	60	0
82	28	0
35	70	0
73	5	0
62	49	0
12	74	0
36	2	0
69	69	0
55	31	0
3	99	0
97	29	0
41	77	0
80	70	0
90	1	0
63	84	0
64	82	0
4	24	0
60	87	0
92	85	0
81	52	0
22	88	0
66	36	0
78	1	0
96	61	0
89	29	0
99	51	0
23	50	0
54	65	0
10	20	0
46	33	0
88	64	0
51	81	0
62	75	0
60	14	1
45	36	0
64	72	0
46	59	0
41	96	0
78	40	0
61	68	0
54	75	0
93	53	0
24	13	0
46	34	0
19	18	0
17	77	0
28	55	1
77	47	0
52	35	1
87	8	0
27	84	0
54	25	1
26	38	0
68	77	0
26	69	1
60	62	0
44	74	0
41	4	0
49	14	1
40	91	0
29	69	1
73	78	0
93	61	0
22	94	0
87	71	0
32	55	0
18	73	0
52	73	0
18	36	0
74	81	0
93	83	0
45	67	0
83	50	0
56	51	0
56	19	1
67	17	0
44	57	1
53	19	1
28	64	1
92	32	0
30	95	0
27	61	1
69	87	0
45	49	1
28	24	0
43	78	0
52	13	0
95	98	0
31	84	0
99	6	0
23	78	0
97	31	0
56	97	0
73	80	0
64	60	0
29	52	0
11	66	0
58	3	0
68	93	0
99	51	0
42	89	0
67	73	0
86	16	0
56	78	0
36	81	0
32	84	0
25	18	0
65	22	0
82	52	0
55	46	0
75	66	0
66	27	0
19	96	0
56	63	0
89	37	0
75	42	0
49	5	0
6	40	1
93	27	0
76	85	0
69	92	0
75	62	0
94	28	0
95	19	0
0	34	1
88	76	0
39	97	0
73	86	0
42	95	0
36	39	0
91	32	0
24	98	0
89	21	0
23	48	0
27	85	0
52	15	1
25	98	0
73	89	0
79	80	0
93	60	0
91	53	0
26	89	0
49	79	0
79	12	0
81	57	0
48	4	0
35	30	0
39	57	1
74	38	0
26	59	0
39	46	0
22	73	0
75	95	0
92	56	0
55	71	0
94	3	0
91	40	0
63	8	1
92	45	0
66	52	0
68	78	0
2	34	1
41	66	0
74	25	0
9	80	0
31	62	0
8	91	0
90	61	0
42	7	1
81	65	0
90	8	0
96	79	0
27	0	0
34	91	0
24	67	0
62	89	0
42	29	0
77	13	0
91	9	0
92	17	0
49	51	1
75	24	0
78	56	0
4	2	0
2	59	1
29	96	0
23	73	0
56	96	0
38	69	0
86	44	0
64	7	1
50	88	0
57	62	0
95	88	0
60	39	0
67	90	0
81	16	0
24	10	0
49	3	0
50	22	1
30	22	0
93	52	0
78	12	0
21	46	0
20	24	0
39	49	1
50	36	0
91	72	0
95	64	0
69	29	0
89	8	0
70	6	0
77	12	0
46	40	1
39	19	0
11	71	0
83	90	0
48	87	0
3	99	0
30	48	0
50	35	0
77	37	0
63	51	0
79	76	0
81	83	0
70	30	0
68	80	0
72	7	0
87	49	0
76	53	0
62	52	0
93	76	0
74	18	0
93	18	0
17	43	0
66	96	0
60	70	0
81	20	0
16	74	0
95	41	0
60	96	0
95	28	0
63	24	0
37	58	0
57	48	0
33	69	1
61	83	0
72	32	0
77	73	0
18	88	0
95	95	0
2	80	0
99	0	0
89	27	0
43	73	0
50	52	0
65	45	0
19	94	0
70	35	0
96	59	0
45	29	0
36	91	0
34	10	0
41	42	1
53	90	0
37	91	0
40	82	0
15	74	0
12	21	0
71	4	0
74	34	0
94	10	0
80	98	0
31	66	1
30	23	0
71	10	0
59	41	0
65	99	0
3	22	0
46	90	0
91	43	0
27	80	0
76	3	0
42	63	0
63	24	0
56	11	1
86	17	0
86	44	0
15	87	0
72	13	0
82	99	0
32	95	0
88	68	0
9	33	0
63	98	0
65	43	0
12	78	0
64	24	0
85	44	0
78	44	0
77	63	0
16	51	0
93	54	0
20	99	0
91	57	0
19	96	0
86	85	0
42	18	0
72	74	0
60	96	0
47	39	1
61	99	0
75	51	0
46	51	1
24	62	0
87	8	0
2	75	0
77	56	0
21	94	0
42	52	1
45	68	0
79	32	0
25	56	0
50	33	0
90	54	0
71	21	0
77	83	0
46	98	0
41	48	1
66	99	0
38	89	0
90	89	0
86	75	0
80	8	0
20	0	0
45	34	0
31	57	0
4	79	0
85	83	0
65	79	0
65	51	0
65	17	0
40	66	0
34	73	0
80	57	0
92	1	0
18	70	0
84	8	0
58	53	0
36	41	0
82	94	0
23	76	0
56	94	0
72	18	0
73	18	0
46	59	0
60	83	0
23	96	0
93	21	0
83	15	0
77	26	0
15	64	0
17	96	0
15	84	0
52	34	1
69	87	0
75	93	0
0	34	1
59	55	0
81	90	0
75	56	0
68	66	0
20	94	0
9	78	0
43	26	0
6	22	0
43	38	0
23	49	0
99	34	0
84	47	0
63	10	1
67	41	0
56	51	0
42	23	0
92	75	0
55	80	0
81	49	0
28	56	1
39	97	0
74	53	0
26	7	0
97	46	0
64	89	0
35	29	0
52	57	1
29	97	0
65	98	0
87	68	0
26	85	0
63	41	0
6	75	0
53	55	1
45	72	0
68	55	0
59	73	0
60	89	0
12	49	0
60	54	0
82	46	0
79	62	0
35	75	0
67	88	0
44	30	0
97	22	0
56	46	0
87	7	0
7	77	0
55	94	0
85	75	0
77	69	0
15	93	0
6	68	0
80	88	0
30	28	0
7	84	0
68	98	0
56	64	0
88	66	0
20	88	0
78	50	0
18	4	0
53	98	0
23	90	0
12	13	0
90	57	0
88	25	0
76	27	0
74	14	0
16	15	0
23	55	0
81	29	0
0	76	0
63	74	0
6	44	1
24	75	0
67	45	0
69	94	0
68	38	0
70	84	0
77	52	0
74	84	0
5	84	0
48	48	0
31	75	0
66	55	0
57	46	0
90	45	0
97	99	0
82	92	0
50	59	0
75	55	0
67	66	0
67	5	0
71	77	0
91	76	0
90	9	0
54	79	0
3	99	0
52	45	0
69	35	0
66	29	0
74	23	0
21	80	0
75	22	0
29	64	1
88	19	0
38	62	0
49	35	0
57	91	0
69	77	0
49	85	0
69	88	0
82	62	0
83	44	0
97	63	0
74	96	0
96	44	0
36	66	0
90	87	0
38	70	0
79	82	0
94	48	0
43	88	0
86	73	0
89	52	0
81	30	0
47	46	1
7	64	0
51	73	0
72	20	0
67	31	0
80	87	0
67	48	0
12	84	0
20	87	0
64	42	0
86	25	0
90	48	0
99	2	0
83	93	0
55	37	0
32	78	0
93	26	0
65	46	0
24	76	0
18	98	0
28	73	0
7	86	0
59	56	0
43	28	0
38	79	0
51	50	1
67	76	0
70	9	0
20	85	0
93	48	0
16	21	0
19	76	0
72	68	0
67	46	0
40	57	1
91	50	0
86	51	0
75	51	0
60	67	0
80	50	0
4	31	0
99	81	0
60	50	0
42	84	0
5	77	0
24	91	0
32	55	0
90	23	0
54	92	0
4	96	0
98	64	0
56	29	1
76	18	0
22	14	0
32	31	0
74	6	0
19	75	0
86	54	0
93	34	0
11	4	0
1	38	1
69	12	0
39	83	0
97	83	0
4	8	0
52	89	0
85	36	0
98	78	0
45	62	0
62	72	0
28	37	0
93	39	0
91	65	0
20	77	0
19	80	0
26	69	1
21	88	0
75	12	0
25	59	0
11	85	0
39	33	0
54	22	1
47	63	0
69	48	0
33	71	0
95	22	0
2	30	0
82	45	0
75	24	0
48	51	1
34	24	0
41	7	1
20	87	0
47	79	0
17	66	0
20	24	0
20	79	0
15	82	0
63	59	0
89	43	0
38	56	1
80	93	0
47	25	0
62	76	0
40	73	0
17	90	0
89	38	0
47	56	0
8	16	0
88	54	0
59	49	0
89	26	0
85	28	0
76	34	0
55	90	0
42	34	0
59	42	0
62	31	0
42	5	0
34	99	0
55	64	0
94	39	0
59	96	0
84	52	0
77	48	0
39	84	0
35	76	0
92	26	0
52	53	1
73	5	0
93	99	0
76	84	0
51	85	0
70	22	0
83	77	0
21	76	0
65	24	0
22	98	0
41	59	1
89	63	0
67	11	1
91	87	0
84	7	0
97	95	0
60	12	1
71	26	0
76	59	0
62	24	0
5	85	0
66	99	0
63	77	0
1	27	0
6	94	0
15	73	0
46	18	1
47	41	0
82	40	0
47	11	1
2	60	0
24	91	0
63	96	0
94	43	0
0	69	0
70	45	0
29	89	0
84	44	0
69	42	0
23	59	1
79	40	0
76	46	0
58	70	0
52	47	0
4	83	0
2	5	0
82	69	0
19	59	0
16	6	0
0	92	0
30	72	0
96	41	0
70	86	0
86	59	0
97	82	0
51	55	1
66	30	0
1	76	0
51	63	0
36	44	1
77	37	0
86	22	0
