94	62	0
26	3	0
32	25	0
64	99	0
13	0	0
84	42	0
97	94	0
49	12	0
56	81	0
60	26	0
79	46	0
8	81	0
16	0	0
16	88	0
93	25	0
74	72	0
49	41	0
16	62	1
90	58	0
95	14	0
48	99	0
57	67	0
77	71	0
48	9	0
26	72	0
58	14	0
92	71	0
75	94	0
91	80	0
8	43	0
57	6	0
49	28	0
99	31	0
13	55	1
79	66	0
10	88	0
36	93	0
80	15	0
77	92	0
34	8	0
41	65	0
83	66	0
96	70	0
50	62	0
96	48	0
17	81	0
66	5	0
99	69	0
19	76	0
68	8	0
3	75	0
47	92	0
29	69	0
95	68	0
57	35	0
40	30	0
91	83	0
97	93	0
99	8	0
20	95	0
98	9	0
25	4	0
74	87	0
32	2	0
3	84	0
86	14	0
30	81	0
60	93	0
34	60	0
4	26	0
71	80	0
13	52	1
85	31	0
26	90	0
52	98	0
61	27	0
29	88	0
55	98	0
3	14	0
94	12	0
80	21	0
52	74	0
85	40	0
95	57	0
54	16	0
34	9	0
69	44	0
3	96	0
60	4	0
43	63	0
40	8	0
59	30	0
85	23	0
36	58	0
88	46	0
7	58	0
83	96	0
2	87	0
44	91	0
87	53	0
71	18	0
34	68	0
35	59	0
61	4	0
71	56	0
11	62	0
33	2	0
12	48	1
41	49	1
60	80	0
43	38	0
11	96	0
83	33	0
42	80	0
75	72	0
93	7	0
70	85	0
65	73	0
22	22	0
60	94	0
96	84	0
74	58	0
24	96	0
65	33	0
34	22	1
72	9	0
12	53	1
94	67	0
95	34	0
86	53	0
38	48	0
56	1	0
68	71	0
16	26	0
45	24	0
99	55	0
51	21	0
57	75	0
57	81	0
55	22	0
37	42	0
56	30	0
13	49	1
15	53	1
62	88	0
49	61	0
43	94	0
70	38	0
69	66	0
60	66	0
99	64	0
22	19	0
46	51	0
11	15	0
15	76	0
24	67	0
84	46	0
44	48	0
89	1	0
37	87	0
54	25	0
34	41	0
73	82	0
33	65	0
54	64	0
43	95	0
30	53	0
39	12	0
56	14	0
40	98	0
28	62	0
76	81	0
94	62	0
19	90	0
96	69	0
30	50	0
27	72	0
51	72	0
48	60	0
14	32	0
72	91	0
98	80	0
37	69	0
76	37	0
3	43	0
59	5	0
70	58	0
56	17	0
80	15	0
0	49	0
39	61	0
61	33	0
46	68	0
89	33	0
34	91	0
22	59	0
76	90	0
45	58	0
27	12	0
29	74	0
60	19	0
96	93	0
47	90	0
99	3	0
8	66	0
14	67	0
99	33	0
47	88	0
61	76	0
69	68	0
45	63	0
19	75	0
19	53	1
58	2	0
16	58	1
56	93	0
98	57	0
45	85	0
79	66	0
85	24	0
54	77	0
30	83	0
39	93	0
38	26	0
71	25	0
82	43	0
56	47	0
69	67	0
1	46	0
65	23	0
19	93	0
67	69	0
80	42	0
66	29	0
47	1	0
4	43	0
85	23	0
35	24	1
72	73	0
61	96	0
74	55	0
94	34	0
94	8	0
0	30	0
82	73	0
35	96	0
90	82	0
39	99	0
60	39	0
75	27	0
23	91	0
83	22	0
23	60	0
32	75	0
50	12	0
30	99	0
81	89	0
77	78	0
90	55	0
94	55	0
18	83	0
39	72	0
83	11	0
73	47	0
35	21	1
41	5	0
41	29	0
46	51	0
81	46	0
28	56	0
38	43	0
27	77	0
75	91	0
89	58	0
59	73	0
87	3	0
95	36	0
60	11	0
29	37	1
84	44	0
73	49	0
65	73	0
4	37	0
35	70	0
60	28	0
15	94	0
25	82	0
9	90	0
91	74	0
45	16	0
41	1	0
40	50	1
75	65	0
64	1	0
90	91	0
25	3	0
50	94	0
13	65	0
52	88	0
48	38	0
7	46	1
74	34	0
77	15	0
47	20	0
83	11	0
40	56	0
9	56	1
78	20	0
77	55	0
8	6	0
3	61	0
36	97	0
13	80	0
48	97	0
47	63	0
74	40	0
68	8	0
46	83	0
47	69	0
98	78	0
0	54	0
62	50	0
72	77	0
82	21	0
30	5	0
45	0	0
51	14	0
43	29	0
79	56	0
66	15	0
22	49	0
25	17	0
36	59	0
41	37	0
88	71	0
86	60	0
2	49	0
57	40	0
91	4	0
68	13	0
73	21	0
54	39	0
41	35	0
3	74	0
68	86	0
39	78	0
11	97	0
23	67	0
52	5	0
46	38	0
91	42	0
86	54	0
13	63	0
80	68	0
83	85	0
82	29	0
73	91	0
77	5	0
73	68	0
76	55	0
69	52	0
82	78	0
70	1	0
93	17	0
28	49	0
54	91	0
67	72	0
82	12	0
26	73	0
93	21	0
58	96	0
93	27	0
64	25	0
28	58	0
64	41	0
38	54	0
53	88	0
80	29	0
33	22	1
83	79	0
41	56	0
20	89	0
92	94	0
48	30	0
3	85	0
49	52	0
95	8	0
79	39	0
26	68	0
63	53	0
57	50	0
17	99	0
82	23	0
35	11	0
90	50	0
47	45	0
36	87	0
17	10	0
53	55	0
50	87	0
4	49	0
41	77	0
45	83	0
52	24	0
20	80	0
14	30	0
74	5	0
72	18	0
96	7	0
91	91	0
24	65	0
34	28	0
81	0	0
70	54	0
69	99	0
2	22	0
55	96	0
96	59	0
34	81	0
82	2	0
44	65	0
74	20	0
61	6	0
45	12	1
41	11	1
95	15	0
81	41	0
12	88	0
80	12	0
91	97	0
23	97	0
96	69	0
47	44	0
12	31	0
75	96	0
59	53	0
4	85	0
70	37	0
73	46	0
68	49	0
82	71	0
32	63	0
97	59	0
30	97	0
93	68	0
22	99	0
91	91	0
45	35	0
65	61	0
61	91	0
45	62	0
58	99	0
76	52	0
45	45	0
32	55	0
90	1	0
2	84	0
93	61	0
20	86	0
47	63	0
44	85	0
82	35	0
30	53	0
49	22	0
85	54	0
69	20	0
83	91	0
45	96	0
44	56	0
46	8	0
36	44	0
54	97	0
50	17	0
41	69	0
83	76	0
35	12	0
89	87	0
69	7	0
12	9	0
44	35	0
19	68	0
45	1	0
11	78	0
87	80	0
58	88	0
65	45	0
67	2	0
39	70	0
42	72	0
95	47	0
98	3	0
14	68	0
81	10	0
47	68	0
47	29	0
30	6	0
37	55	0
84	88	0
32	70	0
51	79	0
66	26	0
72	31	0
51	54	0
62	91	0
29	98	0
99	16	0
85	20	0
74	13	0
12	64	0
30	99	0
19	89	0
64	41	0
77	80	0
75	95	0
9	36	0
55	42	0
67	83	0
70	66	0
62	75	0
16	89	0
20	72	0
40	31	0
44	13	1
12	28	0
43	39	0
38	42	0
98	27	0
82	43	0
74	10	0
69	36	0
56	51	0
41	25	0
97	77	0
48	85	0
86	61	0
36	63	0
40	95	0
79	47	0
28	46	1
73	20	0
32	13	0
95	47	0
73	87	0
45	40	0
9	52	1
46	11	1
51	56	0
42	87	0
65	97	0
95	63	0
15	81	0
64	45	0
6	64	0
66	46	0
40	74	0
57	56	0
45	74	0
63	80	0
0	60	0
57	60	0
77	49	0
89	57	0
31	75	0
70	86	0
43	21	0
93	17	0
55	44	0
98	12	0
4	78	0
40	87	0
85	58	0
5	46	1
76	68	0
13	85	0
17	79	0
80	84	0
43	24	0
1	70	0
72	99	0
46	64	0
93	61	0
24	99	0
81	46	0
11	2	0
39	68	0
22	80	0
37	12	0
5	17	0
85	57	0
99	24	0
51	18	0
76	34	0
82	14	0
19	10	0
30	63	0
74	35	0
2	68	0
55	84	0
0	45	0
20	78	0
70	53	0
54	98	0
72	48	0
74	84	0
80	58	0
42	51	0
77	74	0
9	83	0
38	41	0
27	78	0
79	51	0
73	37	0
98	50	0
92	95	0
87	89	0
48	68	0
71	43	0
62	59	0
31	20	1
38	52	0
7	47	0
64	5	0
70	83	0
88	81	0
83	12	0
53	88	0
0	93	0
53	15	0
53	27	0
70	31	0
57	25	0
33	22	1
81	13	0
27	92	0
69	23	0
29	86	0
97	18	0
43	71	0
56	38	0
67	98	0
79	69	0
40	82	0
69	95	0
85	69	0
88	43	0
20	52	1
96	81	0
77	93	0
14	57	1
97	51	0
36	68	0
96	84	0
53	86	0
34	12	1
78	82	0
93	44	0
49	83	0
79	66	0
90	54	0
74	38	0
33	49	0
2	62	0
61	76	0
65	23	0
56	35	0
44	16	0
89	84	0
17	49	1
68	36	0
38	12	1
41	21	0
11	87	0
12	62	0
5	90	0
65	44	0
97	23	0
94	33	0
97	2	0
81	97	0
10	53	0
61	20	0
57	48	0
36	83	0
95	21	0
65	49	0
38	90	0
23	98	0
36	70	0
18	95	0
34	6	0
67	66	0
46	27	0
44	72	0
51	46	0
7	45	0
68	63	0
66	13	0
29	88	0
96	55	0
18	32	0
15	66	0
79	64	0
64	55	0
51	53	0
95	50	0
97	66	0
70	49	0
60	11	0
68	67	0
84	42	0
7	37	0
87	78	0
55	41	0
27	84	0
10	82	0
31	99	0
24	58	0
95	28	0
0	50	0
57	94	0
6	84	0
92	65	0
45	27	0
81	24	0
20	23	0
34	40	0
72	14	0
21	76	0
39	54	0
92	52	0
91	42	0
4	3	0
10	50	1
43	14	1
1	41	0
71	5	0
45	68	0
92	89	0
3	10	0
47	93	0
90	36	0
38	3	0
92	86	0
45	65	0
70	66	0
37	34	0
98	37	0
89	77	0
13	62	0
13	75	0
0	43	0
17	65	0
16	94	0
68	18	0
33	56	0
9	90	0
26	24	0
60	18	0
37	68	0
67	47	0
45	7	0
38	77	0
95	23	0
4	26	0
74	51	0
89	29	0
45	59	0
27	18	0
43	3	0
17	93	0
47	66	0
28	57	0
24	18	0
13	89	0
24	82	0
59	51	0
91	44	0
33	67	0
84	94	0
51	28	0
70	71	0
46	88	0
1	86	0
80	42	0
45	59	0
8	19	0
96	68	0
52	54	0
95	17	0
80	11	0
82	33	0
59	98	0
45	43	0
49	31	0
62	27	0
40	2	0
43	93	0
45	70	0
16	44	1
90	31	0
59	92	0
90	46	0
83	51	0
38	72	0
28	66	0
80	32	0
55	38	0
75	3	0
96	97	0
78	81	0
47	75	0
70	41	0
73	88	0
9	77	0
56	22	0
19	96	0
9	60	0
48	58	0
80	76	0
63	13	0
97	98	0
87	15	0
99	95	0
64	8	0
75	22	0
71	56	0
59	28	0
18	87	0
54	85	0
71	83	0
6	32	0
11	80	0
10	70	0
36	8	0
38	46	0
14	50	1
0	43	0
77	43	0
49	24	0
15	61	0
16	83	0
60	98	0
86	39	0
1	73	0
65	46	0
29	77	0
77	65	0
68	38	0
6	50	1
28	52	0
82	34	0
68	52	0
78	58	0
16	66	0
60	51	0
4	93	0
3	4	0
91	62	0
20	68	0
17	1	0
2	93	0
21	86	0
96	39	0
72	81	0
87	63	0
86	90	0
48	65	0
63	32	0
0	70	0
47	65	0
34	60	0
59	50	0
92	20	0
