99	67	0
23	13	0
62	95	0
3	2	0
93	38	0
96	98	0
45	19	1
45	82	0
57	21	0
81	54	0
5	92	0
2	6	0
16	98	0
99	35	0
68	74	0
43	33	0
84	68	0
96	18	0
54	96	0
43	70	0
82	69	0
54	12	0
28	84	0
53	22	1
88	69	0
82	86	0
83	79	0
10	29	0
57	17	1
52	39	0
85	25	0
78	66	0
13	76	0
30	97	0
83	8	0
61	93	0
32	8	1
49	69	0
81	71	0
95	69	0
60	62	0
99	30	0
16	74	0
64	10	1
98	68	0
20	75	0
56	1	0
9	75	0
38	99	0
33	63	1
85	51	0
52	34	0
37	16	0
97	90	0
90	98	0
91	12	0
29	90	0
99	8	0
24	20	0
75	95	0
34	8	1
4	91	0
81	6	0
22	70	0
66	91	0
40	60	0
11	26	0
73	82	0
89	37	0
23	91	0
50	93	0
65	27	0
30	93	0
52	94	0
17	12	0
97	17	0
77	30	0
53	77	0
85	35	0
83	63	0
54	8	0
68	41	0
1	96	0
69	5	0
46	77	0
44	1	1
58	27	0
81	16	0
37	54	1
88	58	0
0	54	0
76	87	0
5	78	0
31	92	0
99	56	0
73	29	0
33	69	0
33	64	1
74	0	0
68	50	0
15	75	0
33	1	0
62	69	0
47	32	0
6	99	0
96	25	0
38	81	0
80	68	0
88	4	0
61	83	0
64	77	0
5	25	0
59	93	0
98	83	0
83	53	0
23	86	0
71	31	0
82	4	0
99	61	0
86	36	0
92	50	0
33	49	0
57	12	1
57	68	0
7	24	0
53	34	0
87	58	0
51	22	1
48	82	0
57	72	0
63	19	0
50	36	0
53	20	1
60	80	0
46	58	0
42	98	0
76	40	0
64	70	0
55	71	0
92	57	0
26	15	0
43	34	0
18	18	0
17	80	0
29	59	0
80	47	0
54	41	0
92	5	0
28	81	0
54	23	1
25	40	0
68	80	0
25	66	0
59	61	0
47	81	0
42	47	1
38	1	0
56	18	1
43	89	0
26	62	0
74	78	0
88	65	0
23	95	0
86	74	0
29	51	0
24	71	0
51	75	0
50	48	1
17	36	0
77	82	0
97	88	0
45	69	0
76	43	0
4	40	1
67	7	1
57	49	0
55	17	0
73	20	0
12	54	1
42	57	0
53	16	0
32	66	0
95	32	0
29	91	0
21	60	0
73	91	0
48	50	1
22	21	0
40	81	0
53	15	0
96	97	0
33	87	0
96	5	0
18	78	0
99	32	0
56	99	0
67	84	0
63	55	0
27	50	0
15	70	0
57	4	0
63	87	0
99	49	0
40	88	0
67	71	0
87	20	0
53	77	0
33	83	0
34	81	0
27	22	0
66	25	0
80	51	0
53	40	0
75	69	0
74	21	0
22	91	0
57	62	0
90	32	0
75	38	0
48	5	0
1	40	1
91	32	0
77	77	0
62	98	0
76	55	0
97	28	0
86	12	0
3	35	0
87	74	0
32	98	0
86	86	0
41	99	0
43	32	0
89	36	0
24	97	0
84	21	0
19	57	0
30	86	0
50	15	1
24	88	0
77	86	0
83	78	0
90	58	0
97	52	0
22	88	0
44	70	0
86	12	0
87	54	0
43	2	0
36	26	0
40	55	1
77	39	0
26	55	0
35	41	0
26	76	0
77	99	0
96	58	0
56	71	0
94	2	0
95	32	0
61	8	0
90	50	0
70	51	0
65	78	0
1	36	1
44	62	0
74	26	0
12	87	0
29	63	0
9	91	0
92	61	0
42	5	1
80	67	0
80	4	0
98	78	0
23	0	0
41	98	0
22	66	0
59	97	0
41	30	0
81	16	0
88	10	0
56	12	1
91	13	0
52	49	0
76	25	0
76	60	0
8	6	0
0	55	1
31	98	0
23	75	0
56	98	0
45	67	0
80	44	0
66	5	0
47	86	0
48	63	0
98	95	0
6	41	1
59	41	0
65	91	0
81	19	0
26	8	0
49	1	0
50	19	0
31	30	0
92	57	0
75	12	0
18	42	0
15	31	0
37	52	1
43	36	0
94	69	0
88	64	0
65	32	0
83	7	0
72	11	0
72	14	0
50	42	0
41	26	0
9	72	0
81	85	0
44	89	0
5	98	0
34	54	0
53	11	1
54	38	0
80	35	0
72	51	0
78	76	0
81	86	0
76	30	0
68	81	0
73	8	0
75	56	0
69	54	0
63	53	0
92	75	0
73	10	0
87	16	0
19	43	0
63	96	0
62	69	0
74	17	0
16	74	0
96	42	0
58	98	0
99	23	0
60	25	0
35	55	0
57	49	0
30	66	1
60	79	0
76	32	0
82	79	0
22	89	0
94	96	0
43	10	1
2	77	0
46	50	1
96	4	0
91	31	0
40	74	0
54	54	0
67	44	0
19	96	0
72	28	0
89	56	0
45	30	0
40	93	0
26	11	0
42	44	0
52	92	0
2	42	1
36	88	0
37	80	0
51	18	1
15	70	0
11	25	0
74	6	0
74	32	0
98	12	0
81	97	0
26	66	0
32	25	0
75	12	0
57	49	0
70	96	0
4	23	0
47	85	0
94	52	0
28	77	0
71	2	0
45	64	0
62	19	0
59	9	1
81	18	0
89	43	0
7	86	0
73	10	0
83	95	0
30	98	0
87	70	0
44	54	1
11	31	0
63	92	0
71	45	0
4	76	0
68	24	0
89	40	0
73	48	0
72	60	0
21	51	0
97	49	0
19	90	0
98	59	0
19	97	0
85	89	0
40	28	0
70	77	0
56	93	0
47	47	1
62	97	0
83	50	0
45	50	0
23	62	0
84	3	0
2	81	0
80	55	0
21	96	0
47	53	1
43	67	0
80	25	0
24	55	0
51	30	0
90	52	0
71	22	0
85	89	0
42	90	0
37	55	1
40	43	0
64	99	0
57	22	1
41	87	0
86	81	0
86	75	0
74	9	0
23	6	0
41	39	0
32	58	0
37	6	1
2	79	0
86	79	0
61	88	0
66	48	0
68	13	0
38	66	0
37	75	0
89	53	0
89	4	0
17	71	0
76	10	0
53	61	0
55	27	1
38	10	1
37	39	0
84	88	0
25	74	0
57	87	0
72	17	0
76	12	0
48	57	0
59	81	0
22	96	0
95	23	0
80	10	0
81	26	0
9	68	0
17	98	0
12	83	0
60	31	0
73	86	0
75	93	0
3	35	0
67	58	0
75	92	0
76	59	0
66	66	0
24	98	0
11	75	0
41	28	0
7	26	0
44	36	0
32	46	0
96	34	0
83	49	0
62	7	0
65	33	0
55	51	0
40	27	0
94	77	0
54	78	0
83	49	0
32	65	0
40	97	0
81	58	0
57	11	1
28	13	0
99	49	0
65	84	0
42	31	0
51	57	0
32	99	0
62	98	0
88	67	0
25	82	0
63	45	0
3	72	0
56	50	0
49	74	0
65	54	0
53	72	0
61	85	0
7	56	0
56	52	0
80	49	0
80	60	0
38	77	0
73	86	0
48	29	0
97	24	0
57	49	0
97	10	0
7	79	0
57	90	0
91	70	0
71	72	0
17	90	0
7	68	0
76	83	0
38	29	0
6	85	0
72	96	0
50	63	0
88	65	0
21	89	0
73	43	0
21	0	0
49	86	0
21	84	0
11	19	0
90	53	0
91	23	0
75	30	0
76	13	0
19	14	0
23	54	0
77	31	0
1	80	0
60	74	0
5	39	1
21	74	0
64	49	0
65	90	0
68	43	0
76	88	0
75	51	0
73	82	0
3	83	0
50	47	0
28	79	0
74	53	0
57	44	0
94	44	0
99	96	0
78	93	0
50	62	0
76	50	0
67	69	0
67	5	0
66	79	0
84	74	0
88	8	0
61	80	0
4	99	0
51	25	1
50	43	0
70	36	0
64	29	0
69	20	0
19	86	0
76	23	0
32	63	1
89	16	0
40	59	0
47	33	0
60	90	0
67	76	0
46	82	0
72	90	0
82	62	0
87	47	0
95	66	0
80	95	0
97	45	0
34	65	0
82	81	0
42	76	0
78	82	0
99	48	0
44	85	0
84	72	0
87	51	0
79	32	0
45	48	1
2	61	0
51	79	0
74	12	0
69	30	0
79	80	0
66	42	0
12	86	0
19	88	0
63	43	0
85	22	0
84	51	0
99	2	0
80	97	0
53	22	1
58	40	0
35	77	0
97	22	0
65	50	0
30	79	0
18	99	0
27	74	0
8	88	0
62	62	0
47	30	0
44	78	0
40	49	0
67	76	0
74	10	0
18	86	0
90	51	0
22	21	0
10	79	0
71	60	0
68	44	0
45	61	0
92	44	0
90	52	0
79	54	0
55	9	1
56	72	0
82	45	0
4	31	0
97	79	0
55	47	0
42	84	0
10	77	0
24	89	0
33	59	0
90	25	0
57	94	0
7	98	0
99	69	0
56	31	1
74	20	0
23	17	0
32	36	0
73	9	0
18	72	0
83	51	0
93	36	0
1	5	0
3	34	0
71	16	0
41	81	0
97	86	0
0	11	0
49	92	0
80	32	0
40	10	1
98	80	0
42	60	0
68	71	0
23	36	0
95	38	0
89	68	0
21	72	0
18	85	0
2	52	1
30	71	0
23	94	0
78	10	0
26	59	0
14	88	0
39	38	0
48	19	1
45	65	0
66	43	0
46	6	1
35	74	0
96	23	0
7	29	0
79	49	0
85	24	0
51	53	0
30	22	0
42	10	0
17	93	0
44	83	0
22	65	0
20	21	0
21	79	0
19	74	0
67	55	0
91	41	0
34	60	0
84	98	0
45	32	0
61	75	0
40	83	0
16	88	0
92	41	0
45	57	0
6	19	0
87	52	0
63	52	0
88	25	0
88	21	0
75	35	0
60	87	0
46	39	0
64	45	0
60	33	0
39	0	0
37	95	0
58	64	0
88	30	0
61	99	0
84	56	0
77	46	0
38	82	0
35	74	0
84	29	0
52	43	0
68	0	0
97	99	0
79	83	0
50	78	0
72	26	0
88	78	0
20	81	0
62	27	0
19	94	0
38	60	0
86	64	0
64	8	1
93	96	0
86	10	0
95	95	0
58	12	1
67	23	0
77	57	0
68	31	0
8	83	0
56	98	0
66	80	0
2	22	0
7	85	0
13	78	0
43	15	1
42	38	0
8	44	1
78	41	0
45	13	1
2	65	0
26	84	0
60	92	0
98	44	0
3	67	0
66	43	0
27	91	0
81	53	0
73	40	0
27	54	0
83	38	0
78	42	0
64	66	0
53	47	0
0	84	0
1	7	0
79	71	0
20	65	0
18	5	0
3	94	0
23	71	0
98	42	0
71	83	0
83	62	0
99	85	0
51	53	0
58	33	0
1	79	0
54	61	0
39	52	1
66	38	0
87	22	0
