1	25	1
92	57	0
55	13	0
43	20	0
52	96	0
3	42	0
84	33	0
89	76	0
3	13	0
50	13	0
70	93	0
39	41	0
69	49	0
3	94	0
34	8	0
16	56	0
93	3	0
80	77	0
66	32	0
30	58	0
95	56	0
98	2	0
47	77	0
75	77	0
83	86	0
79	0	0
20	96	0
65	19	0
72	72	0
67	85	0
98	57	0
3	43	0
28	25	0
50	17	0
78	17	0
45	48	0
87	83	0
10	98	0
66	65	0
95	18	0
83	95	0
38	16	0
33	61	0
64	52	0
92	52	0
55	86	0
96	52	0
18	97	0
28	46	0
59	12	0
92	42	0
24	67	0
58	6	0
36	87	0
67	96	0
24	63	0
90	65	0
50	17	0
34	59	0
80	72	0
98	92	0
74	6	0
21	96	0
88	2	0
44	13	0
87	62	0
48	22	0
14	91	0
88	5	0
30	79	0
88	78	0
55	48	0
24	36	0
87	74	0
20	38	0
28	47	0
89	39	0
18	9	0
8	39	0
51	85	0
63	96	0
70	18	0
48	99	0
75	94	0
7	11	0
12	29	0
86	9	0
83	17	0
54	48	0
84	39	0
23	26	0
77	48	0
50	52	0
28	4	0
32	7	0
65	55	0
23	81	0
49	1	0
43	85	0
41	3	0
34	34	0
84	35	0
49	65	0
59	46	0
16	83	0
71	78	0
5	85	0
45	93	0
87	47	0
68	19	0
53	83	0
3	46	0
63	8	0
53	75	0
6	87	0
40	8	0
25	55	0
19	32	0
86	82	0
5	25	0
38	26	0
0	2	0
36	96	0
90	7	0
65	58	0
4	36	0
72	85	0
94	17	0
58	66	0
51	87	0
32	21	0
61	96	0
15	18	0
74	80	0
66	51	0
23	98	0
79	30	0
42	40	0
19	24	0
66	6	0
11	6	0
6	81	0
16	4	0
95	89	0
97	12	0
82	39	0
53	64	0
62	17	0
84	88	0
2	7	0
33	14	0
16	7	0
84	70	0
45	38	0
90	75	0
86	80	0
50	26	0
56	35	0
79	49	0
0	51	0
24	74	0
16	58	0
92	75	0
50	58	0
38	91	0
93	42	0
71	77	0
50	85	0
26	43	0
97	77	0
0	45	0
35	34	0
19	27	0
25	77	0
33	64	0
94	19	0
52	34	0
76	10	0
45	75	0
66	21	0
59	38	0
76	72	0
23	52	0
67	59	0
31	99	0
30	64	0
31	4	0
63	21	0
26	99	0
6	77	0
65	76	0
80	46	0
19	86	0
12	48	0
84	71	0
26	51	0
34	76	0
34	90	0
60	38	0
32	4	0
22	47	0
76	87	0
97	84	0
64	96	0
72	12	0
6	55	0
58	6	0
58	27	0
57	29	0
76	11	0
24	63	0
11	76	0
45	64	0
69	33	0
30	74	0
81	24	0
58	87	0
34	74	0
23	14	0
90	78	0
30	76	0
44	4	0
4	86	0
83	22	0
93	71	0
82	86	0
84	29	0
0	80	0
15	81	0
96	46	0
65	69	0
42	44	0
43	73	0
70	73	0
46	65	0
18	76	0
34	65	0
69	3	0
3	58	0
68	97	0
67	34	0
26	89	0
86	71	0
43	14	0
38	62	0
15	77	0
35	97	0
65	30	0
67	17	0
18	40	0
96	54	0
61	44	0
74	40	0
10	87	0
55	12	0
20	77	0
68	66	0
62	57	0
70	56	0
57	4	0
21	5	0
8	54	0
84	51	0
55	15	0
73	57	0
47	89	0
62	48	0
94	35	0
92	13	0
18	60	0
89	69	0
16	81	0
19	24	0
95	51	0
38	97	0
46	41	0
52	0	0
18	95	0
70	33	0
39	49	0
34	69	0
44	2	0
21	77	0
84	88	0
87	77	0
60	37	0
83	64	0
16	89	0
46	42	0
66	0	0
68	19	0
32	26	0
55	6	0
58	18	0
52	28	0
68	31	0
32	51	0
27	45	0
54	43	0
67	69	0
89	85	0
45	99	0
71	3	0
92	57	0
67	15	0
14	60	0
15	14	0
86	35	0
61	31	0
76	67	0
19	46	0
49	67	0
61	14	0
33	93	0
30	81	0
47	79	0
94	52	0
49	24	0
53	2	0
25	42	0
81	45	0
76	7	0
66	94	0
31	4	0
69	89	0
6	71	0
41	78	0
33	24	0
6	53	0
7	17	0
83	7	0
30	38	0
76	17	0
37	7	0
1	8	0
80	17	0
25	66	0
26	46	0
91	29	0
79	53	0
12	33	0
21	41	0
2	54	0
37	87	0
12	72	0
10	2	0
32	92	0
55	58	0
42	17	0
11	14	0
54	31	0
46	84	0
36	72	0
80	95	0
27	28	0
20	59	0
32	47	0
56	70	0
74	98	0
50	12	0
69	5	0
29	6	0
49	11	0
54	7	0
14	57	0
82	53	0
65	4	0
22	49	0
60	2	0
53	60	0
45	54	0
37	55	0
78	80	0
74	46	0
24	63	0
52	52	0
22	14	0
98	13	0
46	2	0
59	27	0
61	25	0
23	41	0
14	74	0
56	73	0
12	73	0
39	95	0
29	85	0
38	27	0
40	34	0
88	56	0
65	34	0
13	71	0
73	75	0
7	23	1
66	92	0
30	27	0
65	19	0
69	89	0
72	1	0
92	62	0
73	41	0
46	25	0
41	37	0
35	37	0
92	77	0
16	19	0
64	23	0
81	2	0
12	54	0
41	82	0
74	74	0
76	8	0
2	60	0
96	43	0
57	94	0
6	19	0
66	1	0
54	60	0
36	69	0
58	45	0
17	35	0
56	39	0
68	85	0
62	54	0
36	25	0
78	68	0
21	47	0
21	80	0
83	84	0
48	19	0
5	79	0
66	17	0
91	23	0
69	37	0
21	60	0
67	19	0
23	25	0
65	45	0
18	95	0
67	52	0
51	1	0
84	54	0
37	28	0
28	74	0
41	5	0
78	43	0
6	4	0
64	96	0
16	93	0
29	31	0
55	66	0
60	30	0
10	90	0
10	40	0
20	43	0
56	8	0
92	35	0
68	22	0
84	96	0
30	67	0
20	29	0
39	23	0
37	28	0
92	10	0
53	59	0
82	78	0
30	41	0
63	94	0
69	61	0
44	78	0
78	6	0
70	49	0
73	12	0
65	16	0
44	24	0
31	31	0
94	12	0
62	19	0
4	75	0
95	5	0
99	84	0
11	96	0
10	28	0
89	66	0
41	49	0
30	2	0
89	87	0
84	66	0
22	96	0
69	34	0
76	42	0
91	61	0
11	21	0
85	80	0
29	80	0
76	72	0
27	98	0
98	67	0
33	49	0
20	86	0
98	82	0
38	30	0
27	34	0
73	69	0
65	95	0
47	73	0
13	10	0
42	75	0
61	60	0
38	62	0
34	73	0
86	23	0
12	89	0
83	48	0
22	75	0
40	64	0
42	75	0
90	32	0
42	33	0
19	45	0
0	18	0
69	44	0
98	74	0
55	16	0
79	94	0
73	96	0
29	35	0
43	18	0
23	51	0
26	77	0
11	21	1
37	29	0
49	71	0
63	89	0
33	31	0
76	84	0
58	33	0
37	10	0
68	35	0
23	74	0
50	12	0
10	61	0
99	87	0
59	99	0
48	55	0
74	10	0
42	61	0
3	28	1
4	25	1
42	50	0
91	59	0
91	0	0
5	68	0
78	10	0
89	89	0
71	20	0
27	0	0
24	69	0
76	73	0
34	84	0
52	80	0
81	20	0
21	74	0
60	21	0
64	78	0
61	92	0
32	93	0
93	11	0
93	16	0
67	13	0
42	87	0
11	97	0
3	89	0
75	63	0
72	59	0
95	63	0
9	51	0
89	49	0
65	60	0
10	18	0
76	65	0
62	71	0
23	48	0
11	66	0
40	29	0
41	40	0
14	57	0
59	50	0
45	54	0
96	43	0
81	33	0
79	4	0
70	36	0
54	91	0
2	23	1
15	18	0
25	52	0
75	53	0
99	81	0
70	70	0
99	80	0
24	45	0
48	71	0
56	39	0
33	65	0
81	44	0
1	31	0
21	72	0
42	27	0
78	67	0
61	97	0
49	62	0
5	22	1
25	67	0
31	10	0
83	67	0
25	76	0
48	35	0
85	80	0
97	83	0
14	99	0
39	54	0
13	77	0
78	81	0
38	48	0
57	57	0
46	82	0
81	70	0
26	30	0
21	62	0
90	76	0
76	59	0
90	53	0
41	83	0
55	82	0
64	33	0
34	21	0
87	30	0
43	26	0
89	2	0
21	86	0
22	30	0
0	15	0
36	94	0
93	74	0
23	40	0
93	51	0
17	97	0
20	69	0
25	0	0
94	92	0
21	22	0
6	81	0
73	98	0
41	65	0
82	70	0
25	78	0
82	26	0
25	27	0
34	80	0
25	69	0
35	22	0
25	35	0
16	39	0
99	64	0
82	16	0
53	12	0
75	9	0
87	48	0
33	14	0
48	26	0
90	32	0
7	50	0
47	91	0
15	54	0
15	82	0
79	59	0
51	96	0
56	47	0
72	81	0
41	25	0
93	74	0
41	66	0
94	47	0
11	68	0
64	47	0
23	65	0
68	32	0
5	28	1
57	37	0
89	76	0
87	83	0
90	92	0
25	83	0
19	43	0
49	46	0
46	60	0
37	25	0
25	11	0
36	63	0
15	52	0
61	6	0
77	82	0
83	54	0
91	7	0
13	46	0
6	3	0
80	91	0
9	79	0
49	25	0
52	35	0
72	15	0
18	3	0
56	8	0
12	41	0
0	36	0
50	14	0
50	3	0
0	28	1
31	77	0
58	24	0
35	94	0
80	4	0
32	41	0
52	64	0
69	18	0
96	59	0
59	64	0
43	66	0
45	96	0
82	96	0
17	13	0
94	63	0
13	63	0
88	72	0
57	82	0
14	31	0
18	59	0
98	46	0
25	78	0
90	98	0
70	84	0
47	0	0
38	59	0
81	53	0
37	87	0
73	47	0
86	73	0
75	28	0
12	64	0
12	61	0
90	90	0
74	35	0
58	65	0
58	2	0
13	19	0
77	63	0
32	29	0
11	66	0
40	55	0
51	50	0
32	10	0
60	30	0
5	82	0
19	48	0
9	65	0
0	54	0
83	66	0
26	19	0
60	22	0
98	18	0
86	6	0
52	62	0
1	72	0
58	30	0
33	26	0
10	13	0
16	20	0
75	67	0
66	25	0
33	38	0
44	74	0
58	77	0
13	87	0
24	71	0
51	82	0
25	43	0
78	95	0
55	32	0
37	85	0
19	10	0
54	16	0
11	43	0
61	44	0
70	9	0
29	75	0
85	69	0
66	53	0
51	48	0
41	15	0
0	75	0
79	71	0
68	53	0
45	39	0
74	64	0
72	77	0
73	42	0
64	10	0
93	76	0
85	16	0
1	75	0
72	62	0
0	28	1
8	27	1
27	2	0
49	31	0
1	6	0
8	48	0
23	72	0
31	99	0
33	50	0
99	30	0
7	48	0
58	91	0
23	85	0
6	30	1
99	63	0
39	63	0
7	24	1
86	49	0
24	0	0
59	23	0
62	6	0
13	5	0
26	83	0
48	57	0
85	73	0
68	46	0
12	3	0
29	31	0
55	9	0
8	26	1
3	73	0
73	10	0
42	64	0
56	43	0
67	96	0
15	42	0
12	94	0
92	48	0
22	21	0
94	79	0
59	64	0
67	32	0
49	31	0
97	19	0
91	61	0
18	56	0
10	91	0
30	43	0
2	89	0
3	94	0
91	20	0
34	51	0
3	91	0
54	1	0
64	6	0
47	48	0
28	15	0
67	40	0
42	25	0
14	85	0
27	33	0
58	1	0
6	44	0
95	50	0
96	6	0
55	54	0
35	3	0
41	26	0
16	98	0
60	78	0
27	62	0
9	12	0
40	26	0
8	83	0
2	70	0
68	50	0
82	46	0
52	34	0
14	76	0
22	31	0
87	77	0
68	27	0
47	79	0
67	93	0
27	11	0
9	88	0
67	17	0
62	80	0
39	43	0
95	68	0
34	74	0
99	19	0
81	18	0
99	23	0
87	86	0
43	57	0
21	77	0
73	9	0
35	0	0
64	78	0
64	74	0
18	42	0
68	52	0
61	81	0
78	25	0
92	53	0
7	69	0
59	45	0
26	30	0
94	25	0
68	39	0
69	18	0
92	98	0
76	74	0
49	74	0
78	38	0
59	65	0
12	99	0
31	7	0
4	91	0
18	78	0
57	62	0
67	94	0
81	11	0
90	98	0
80	2	0
11	0	0
88	74	0
65	13	0
98	29	0
77	64	0
53	42	0
16	61	0
62	87	0
63	68	0
2	46	0
14	41	0
44	93	0
2	81	0
57	2	0
43	48	0
10	66	0
37	32	0
17	34	0
14	44	0
97	53	0
50	35	0
4	47	0
26	89	0
82	67	0
0	11	0
84	97	0
24	78	0
64	40	0
42	57	0
96	42	0
60	41	0
5	8	0
12	10	0
3	50	0
18	51	0
98	76	0
74	48	0
97	67	0
10	52	0
76	61	0
20	81	0
1	5	0
75	78	0
2	16	0
24	66	0
37	5	0
31	27	0
6	71	0
43	89	0
2	7	0
72	49	0
53	57	0
80	63	0
84	77	0
41	88	0
34	24	0
4	65	0
5	13	0
38	68	0
51	44	0
57	54	0
81	13	0
