0	25	1
93	59	0
55	12	0
44	20	0
51	95	0
3	42	0
83	33	0
90	77	0
4	13	0
51	12	0
70	92	0
41	40	0
69	48	0
3	95	0
35	8	0
15	55	0
95	4	0
79	77	0
65	33	0
29	58	0
97	57	0
98	3	0
46	77	0
76	76	0
82	86	0
79	1	0
21	97	0
66	19	0
72	71	0
66	87	0
96	58	0
2	42	0
29	24	0
50	18	0
79	17	0
45	49	0
87	83	0
11	97	0
67	65	0
96	17	0
83	95	0
38	16	0
32	59	0
65	52	0
94	51	0
55	86	0
96	53	0
18	98	0
26	46	0
60	11	0
92	43	0
23	67	0
58	6	0
35	86	0
67	97	0
24	65	0
91	66	0
50	19	0
35	59	0
80	73	0
99	92	0
72	7	0
22	96	0
87	3	0
46	11	0
89	61	0
49	22	0
12	90	0
87	4	0
30	80	0
87	79	0
55	48	0
25	37	0
87	73	0
21	38	0
27	46	0
88	39	0
19	10	0
8	40	0
50	85	0
62	98	0
69	20	0
47	98	0
76	94	0
6	10	0
13	29	0
87	9	0
84	15	0
53	49	0
84	38	0
22	27	0
77	49	0
48	52	0
28	4	0
33	5	0
65	53	0
22	81	0
48	0	0
44	84	0
43	2	0
35	32	0
84	37	0
49	65	0
58	45	0
17	81	0
71	77	0
6	85	0
44	94	0
86	47	0
67	19	0
52	83	0
3	46	0
62	8	0
51	75	0
5	85	0
41	8	0
25	56	0
18	32	0
85	82	0
5	26	0
37	26	0
0	1	0
36	95	0
90	7	0
64	59	0
5	35	0
72	83	0
95	18	0
59	65	0
50	86	0
30	21	0
62	96	0
14	19	0
75	79	0
65	51	0
23	99	0
81	30	0
41	40	0
20	24	0
67	7	0
12	6	0
6	80	0
16	6	0
95	90	0
95	14	0
82	40	0
54	64	0
64	17	0
85	87	0
1	6	0
34	15	0
17	6	0
84	70	0
44	39	0
89	75	0
87	80	0
50	25	0
56	34	0
79	49	0
0	50	0
25	75	0
15	59	0
91	77	0
50	59	0
39	92	0
91	43	0
73	77	0
51	85	0
26	43	0
97	77	0
1	43	0
35	35	0
17	27	0
24	75	0
33	64	0
95	19	0
52	33	0
77	10	0
45	74	0
67	21	0
59	37	0
75	73	0
24	50	0
68	60	0
32	99	0
30	63	0
32	3	0
63	20	0
26	99	0
5	77	0
64	78	0
79	47	0
21	87	0
11	49	0
85	71	0
25	51	0
33	77	0
36	89	0
60	39	0
32	4	0
22	48	0
77	88	0
97	85	0
63	97	0
72	11	0
6	54	0
57	6	0
58	26	0
57	28	0
75	13	0
23	62	0
11	76	0
43	64	0
70	33	0
29	72	0
81	24	0
60	87	0
33	73	0
22	13	0
90	76	0
30	77	0
43	3	0
4	87	0
83	22	0
93	71	0
81	86	0
86	30	0
1	80	0
14	80	0
96	46	0
64	67	0
41	43	0
43	74	0
70	73	0
46	64	0
17	76	0
34	66	0
69	4	0
4	58	0
69	98	0
68	34	0
25	87	0
85	71	0
43	13	0
38	64	0
14	76	0
35	97	0
63	29	0
68	15	0
18	38	0
97	55	0
61	42	0
75	40	0
9	87	0
54	11	0
21	78	0
66	66	0
63	56	0
69	56	0
57	4	0
23	5	0
9	54	0
82	53	0
54	14	0
72	58	0
48	87	0
62	47	0
94	35	0
92	14	0
17	60	0
88	69	0
16	81	0
19	23	0
93	51	0
37	97	0
45	40	0
52	0	0
16	95	0
69	35	0
38	49	0
35	70	0
43	2	0
19	77	0
83	88	0
88	78	0
61	37	0
84	64	0
16	88	0
45	42	0
66	0	0
68	19	0
32	28	0
56	6	0
57	18	0
52	30	0
67	32	0
32	51	0
28	45	0
53	43	0
68	69	0
88	86	0
43	99	0
72	3	0
91	59	0
67	13	0
13	60	0
16	15	0
87	35	0
61	30	0
76	68	0
19	46	0
48	67	0
61	15	0
32	93	0
31	81	0
47	79	0
93	51	0
50	26	0
54	2	0
26	42	0
81	45	0
76	7	0
64	94	0
32	2	0
69	89	0
6	72	0
40	77	0
34	24	0
7	54	0
7	16	0
85	6	0
31	39	0
77	18	0
37	8	0
3	9	0
82	15	0
26	64	0
25	44	0
92	28	0
78	54	0
11	33	0
21	40	0
3	54	0
36	88	0
13	73	0
10	2	0
32	92	0
56	59	0
43	17	0
11	14	0
53	31	0
46	84	0
36	73	0
81	97	0
28	29	0
19	58	0
32	48	0
57	70	0
74	96	0
50	12	0
71	5	0
30	6	0
48	10	0
53	6	0
15	58	0
81	54	0
64	5	0
22	50	0
60	2	0
54	58	0
44	54	0
36	56	0
78	80	0
75	47	0
23	63	0
54	51	0
23	14	0
99	12	0
48	2	0
58	26	0
62	25	0
22	41	0
15	75	0
56	73	0
11	74	0
41	95	0
30	85	0
37	26	0
41	32	0
88	55	0
63	35	0
11	71	0
72	76	0
6	22	1
65	92	0
29	27	0
65	19	0
69	90	0
73	0	0
93	62	0
71	41	0
45	25	0
40	37	0
37	38	0
90	79	0
15	18	0
63	22	0
82	3	0
11	54	0
41	84	0
73	75	0
75	8	0
1	61	0
95	44	0
57	93	0
7	17	0
66	0	0
54	60	0
36	68	0
59	47	0
18	37	0
56	40	0
68	85	0
62	54	0
36	25	0
78	70	0
21	46	0
21	80	0
84	85	0
46	19	0
6	79	0
66	17	0
91	24	0
69	38	0
21	61	0
66	19	0
22	26	0
64	45	0
18	95	0
66	53	0
52	0	0
83	54	0
36	28	0
28	72	0
40	5	0
80	43	0
6	5	0
65	95	0
15	92	0
30	32	0
54	67	0
60	30	0
10	90	0
10	40	0
19	42	0
55	8	0
93	36	0
68	24	0
84	97	0
30	68	0
20	29	0
39	23	0
37	26	0
92	10	0
53	60	0
81	80	0
31	40	0
63	94	0
69	61	0
43	77	0
79	6	0
68	48	0
73	12	0
65	15	0
44	23	0
32	30	0
93	13	0
62	21	0
3	73	0
96	5	0
99	85	0
10	96	0
10	29	0
88	67	0
40	50	0
31	2	0
88	87	0
85	68	0
23	97	0
69	34	0
76	43	0
91	61	0
12	21	0
85	78	0
29	79	0
76	74	0
28	99	0
98	67	0
34	48	0
21	86	0
98	82	0
36	31	0
28	36	0
73	68	0
65	95	0
46	72	0
12	12	0
43	77	0
63	60	0
36	61	0
35	72	0
86	22	0
11	90	0
82	47	0
21	74	0
38	65	0
42	75	0
90	32	0
41	33	0
18	45	0
0	17	0
67	44	0
99	74	0
55	16	0
78	94	0
72	96	0
29	34	0
44	16	0
25	51	0
26	78	0
10	21	1
37	30	0
50	72	0
62	88	0
33	32	0
75	86	0
58	31	0
36	10	0
70	35	0
23	76	0
52	12	0
12	61	0
99	87	0
60	99	0
48	55	0
73	9	0
41	61	0
4	28	1
4	25	1
42	50	0
90	59	0
90	1	0
3	66	0
78	11	0
90	89	0
72	21	0
28	1	0
24	69	0
77	74	0
34	83	0
52	80	0
80	20	0
23	74	0
60	21	0
62	77	0
60	91	0
32	92	0
92	12	0
93	16	0
67	13	0
43	89	0
11	98	0
4	90	0
74	62	0
71	59	0
93	63	0
8	51	0
89	49	0
63	62	0
11	17	0
77	65	0
62	70	0
23	46	0
10	67	0
40	30	0
42	41	0
13	56	0
59	50	0
45	54	0
96	41	0
80	33	0
78	4	0
72	36	0
54	90	0
3	24	1
16	17	0
26	52	0
75	53	0
98	82	0
68	69	0
97	80	0
23	46	0
49	71	0
54	39	0
33	65	0
80	44	0
2	29	0
20	72	0
42	29	0
78	67	0
60	97	0
50	61	0
4	23	1
26	67	0
33	11	0
81	68	0
25	77	0
47	34	0
85	80	0
96	84	0
13	99	0
39	55	0
13	76	0
80	80	0
37	48	0
58	55	0
44	81	0
82	71	0
28	29	0
20	63	0
91	76	0
77	59	0
90	55	0
40	83	0
55	81	0
64	31	0
33	21	0
87	30	0
43	26	0
89	2	0
21	87	0
20	28	0
1	15	0
36	92	0
92	74	0
22	41	0
93	51	0
17	97	0
18	68	0
27	1	0
95	92	0
21	21	0
5	83	0
73	97	0
40	65	0
81	70	0
26	78	0
83	26	0
25	27	0
34	79	0
25	68	0
34	22	0
24	35	0
18	38	0
99	64	0
82	16	0
53	12	0
73	9	0
86	48	0
32	14	0
47	26	0
91	32	0
7	52	0
48	91	0
15	55	0
15	83	0
78	59	0
50	95	0
58	47	0
71	79	0
41	26	0
94	75	0
42	66	0
94	46	0
12	70	0
64	46	0
22	64	0
68	33	0
5	29	1
58	39	0
89	77	0
88	84	0
89	93	0
25	82	0
19	42	0
47	47	0
45	60	0
36	23	0
25	11	0
36	65	0
15	51	0
61	7	0
76	82	0
85	54	0
91	7	0
14	46	0
5	2	0
80	93	0
8	80	0
49	25	0
53	34	0
74	15	0
19	2	0
56	8	0
12	41	0
1	35	0
49	15	0
51	3	0
1	28	1
31	77	0
59	23	0
35	94	0
81	3	0
31	42	0
53	63	0
68	20	0
97	60	0
59	65	0
43	66	0
45	95	0
83	95	0
17	14	0
94	63	0
14	64	0
88	72	0
56	83	0
13	31	0
17	57	0
99	46	0
26	77	0
91	99	0
68	84	0
47	1	0
38	60	0
79	55	0
36	86	0
73	46	0
87	75	0
76	27	0
11	63	0
12	62	0
89	92	0
73	34	0
58	65	0
58	4	0
14	19	0
76	62	0
34	30	0
10	65	0
38	54	0
49	48	0
32	11	0
59	31	0
6	84	0
18	47	0
8	64	0
0	55	0
83	65	0
27	20	0
60	22	0
98	17	0
86	6	0
53	62	0
0	72	0
57	31	0
33	27	0
12	14	0
17	20	0
75	67	0
65	24	0
34	39	0
43	74	0
58	77	0
12	88	0
25	72	0
51	81	0
26	42	0
77	94	0
55	31	0
37	85	0
19	10	0
53	16	0
12	42	0
60	43	0
71	9	0
28	76	0
85	69	0
66	54	0
51	47	0
42	16	0
1	76	0
79	71	0
70	51	0
43	39	0
73	64	0
72	77	0
73	43	0
64	11	0
94	77	0
84	17	0
1	74	0
73	63	0
0	28	1
9	28	1
27	2	0
48	29	0
0	5	0
8	48	0
24	74	0
30	98	0
33	49	0
99	32	0
8	47	0
60	90	0
24	86	0
6	29	1
99	63	0
40	64	0
7	24	1
85	49	0
23	0	0
59	23	0
63	6	0
12	5	0
27	83	0
48	59	0
84	73	0
68	45	0
12	1	0
29	31	0
56	9	0
6	25	1
2	74	0
74	9	0
43	65	0
55	44	0
66	97	0
15	41	0
13	94	0
92	48	0
21	20	0
93	80	0
59	63	0
67	32	0
50	31	0
99	21	0
91	59	0
16	56	0
9	91	0
30	44	0
1	91	0
2	94	0
90	20	0
34	52	0
2	91	0
54	0	0
66	6	0
48	47	0
28	16	0
66	42	0
43	25	0
15	83	0
28	33	0
58	0	0
5	43	0
94	49	0
95	6	0
55	53	0
36	4	0
40	25	0
15	97	0
59	76	0
27	62	0
10	10	0
38	25	0
8	83	0
4	71	0
69	49	0
82	47	0
53	35	0
14	77	0
24	31	0
88	76	0
68	28	0
46	79	0
68	94	0
26	11	0
9	88	0
67	17	0
61	82	0
38	42	0
94	69	0
35	74	0
99	20	0
82	18	0
99	23	0
86	86	0
43	56	0
21	77	0
74	10	0
35	0	0
64	79	0
66	74	0
18	41	0
68	52	0
60	81	0
79	24	0
91	53	0
6	68	0
60	45	0
27	30	0
95	24	0
67	40	0
70	18	0
92	97	0
76	73	0
50	75	0
79	38	0
58	66	0
12	97	0
32	7	0
3	92	0
17	78	0
57	61	0
67	94	0
81	12	0
91	97	0
81	2	0
11	1	0
88	74	0
65	13	0
98	28	0
77	64	0
53	42	0
16	60	0
61	89	0
63	66	0
1	46	0
13	40	0
43	94	0
2	82	0
58	3	0
43	48	0
8	66	0
39	34	0
17	32	0
13	45	0
97	54	0
51	36	0
5	47	0
26	88	0
83	66	0
1	11	0
85	98	0
23	79	0
64	40	0
40	56	0
96	41	0
60	41	0
5	7	0
12	11	0
4	52	0
19	52	0
99	76	0
72	48	0
99	69	0
9	52	0
76	60	0
21	79	0
1	4	0
76	79	0
3	16	0
24	68	0
37	7	0
31	27	0
6	72	0
43	89	0
3	6	0
73	48	0
53	58	0
81	64	0
84	77	0
40	87	0
34	23	0
4	64	0
5	14	0
38	69	0
51	45	0
58	55	0
79	14	0
