92	59	0
31	3	0
31	37	0
60	97	0
19	3	0
96	42	0
96	91	0
54	13	0
58	69	0
62	25	0
84	51	0
3	89	0
15	2	0
26	88	0
97	25	0
73	79	0
54	37	0
15	57	0
88	52	0
93	10	0
46	97	0
57	63	0
74	83	0
55	8	0
31	75	0
48	14	0
90	71	0
63	88	0
89	82	0
2	35	0
54	12	0
41	19	0
95	27	0
23	54	0
80	65	0
12	87	0
36	93	0
90	19	0
81	84	0
44	6	0
35	67	0
91	67	0
97	73	0
53	63	0
99	49	0
10	79	0
67	3	0
98	66	0
12	70	0
71	10	0
12	76	0
62	90	0
28	75	0
98	69	0
42	40	0
39	27	0
94	88	0
98	95	0
99	5	0
16	96	0
96	10	0
35	3	0
70	79	0
35	2	0
4	95	0
88	12	0
32	82	0
62	92	0
43	60	0
5	28	0
68	86	0
14	57	0
97	27	0
36	85	0
58	98	0
63	33	0
29	95	0
57	94	0
4	17	0
98	13	0
90	19	0
48	71	0
83	36	0
90	59	0
50	13	0
29	9	0
69	51	0
7	95	0
50	2	0
46	73	0
46	5	0
56	31	0
83	35	0
32	59	0
74	47	0
2	61	0
83	94	0
2	87	0
39	99	0
96	58	0
70	14	0
35	70	0
32	64	0
66	5	0
71	52	0
3	67	0
34	0	0
10	40	0
38	45	0
61	78	0
48	36	0
11	95	0
82	23	0
49	81	0
73	66	0
95	13	0
74	92	0
55	77	0
35	17	0
60	96	0
99	74	0
78	62	0
22	96	0
64	31	0
30	16	0
20	46	1
72	13	0
9	59	0
95	71	0
99	23	0
80	45	0
40	48	0
59	3	0
79	66	0
21	22	0
40	29	0
98	62	0
46	37	0
59	83	0
57	79	0
53	25	0
44	42	0
60	42	0
12	46	0
22	46	1
22	56	0
80	87	0
51	58	0
40	98	0
73	42	0
71	63	0
53	69	0
90	64	0
20	18	0
52	53	0
22	14	0
16	70	0
34	62	0
89	33	0
36	45	0
89	4	0
41	88	0
55	26	0
42	48	0
81	77	0
28	72	0
52	66	0
43	84	0
36	51	0
39	11	0
53	17	0
43	88	0
25	65	0
76	82	0
94	66	0
31	99	0
99	74	0
31	50	0
21	70	0
47	75	0
53	54	0
23	17	0
72	86	0
98	76	0
56	68	0
62	31	0
4	41	0
55	3	0
73	50	0
58	21	0
78	17	0
23	49	0
7	47	0
47	50	0
71	27	0
38	65	0
82	24	0
43	97	0
24	65	0
40	24	0
79	82	0
39	52	0
31	7	0
25	83	0
61	3	0
91	85	0
50	89	0
91	2	0
8	74	0
18	64	0
97	31	0
54	86	0
28	46	1
56	71	0
60	65	0
43	57	0
17	74	0
27	59	0
69	3	0
9	59	0
62	81	0
95	45	0
42	89	0
83	62	0
73	21	0
53	66	0
17	84	0
35	99	0
46	29	0
78	33	0
82	51	0
57	41	0
72	65	0
5	40	0
58	27	0
19	93	0
59	59	0
75	40	0
70	27	0
46	4	0
12	46	0
93	21	0
35	17	0
66	71	0
60	82	0
68	42	0
94	36	0
99	6	0
4	40	0
96	76	0
26	97	0
97	77	0
34	97	0
63	32	0
74	32	0
21	84	0
82	21	0
31	59	0
29	77	0
46	7	0
29	97	0
77	89	0
79	86	0
94	48	0
99	67	0
13	93	0
36	73	0
74	5	0
76	53	0
33	18	0
37	1	0
51	23	0
54	50	0
83	45	0
34	53	0
37	46	0
34	72	0
73	91	0
88	60	0
58	81	0
84	10	0
95	38	0
63	14	0
23	37	0
75	45	0
78	49	0
73	71	0
5	39	0
33	63	0
61	18	0
15	90	0
32	85	0
17	79	0
84	72	0
52	17	0
36	1	0
35	54	0
79	74	0
62	6	0
77	92	0
19	2	0
50	97	0
7	66	0
51	91	0
43	34	0
5	53	0
73	37	0
73	13	0
52	20	0
77	11	0
39	62	0
7	56	0
72	22	0
85	62	0
7	6	0
6	62	0
31	94	0
10	88	0
47	94	0
51	66	0
62	43	0
67	3	0
46	80	0
48	70	0
88	92	0
37	28	1
3	55	0
26	45	1
60	50	0
73	78	0
32	30	1
84	27	0
34	5	0
50	10	0
51	18	0
36	40	0
71	67	0
71	11	0
6	45	0
31	10	0
48	62	0
42	34	0
28	44	1
89	78	0
78	53	0
10	47	0
63	36	0
95	8	0
62	8	0
66	26	0
41	40	0
38	35	0
2	76	0
60	82	0
34	74	0
24	96	0
24	80	0
53	13	0
42	40	0
98	42	0
81	51	0
3	57	0
80	68	0
77	77	0
85	28	0
81	85	0
79	7	0
75	64	0
76	61	0
25	30	1
62	48	0
28	48	1
91	75	0
70	4	0
98	24	0
34	50	0
46	95	0
62	75	0
84	19	0
17	68	0
96	29	0
64	96	0
84	20	0
67	29	0
40	59	0
61	37	0
34	53	0
58	84	0
79	35	0
34	21	0
74	84	0
35	55	0
21	98	0
98	99	0
50	36	0
3	93	0
52	52	0
96	11	0
84	37	0
19	68	0
66	50	0
37	21	1
54	47	0
6	95	0
87	26	0
47	8	0
93	45	0
52	46	0
28	90	0
12	5	0
62	59	0
59	96	0
3	46	0
39	83	0
34	83	0
45	26	0
18	84	0
18	33	0
69	4	0
78	18	0
84	2	0
96	91	0
25	70	0
47	22	0
82	5	0
77	58	0
74	92	0
3	20	0
60	92	0
99	63	0
32	81	0
79	1	0
46	60	0
71	19	0
67	12	0
41	23	0
40	16	0
95	9	0
83	34	0
11	93	0
80	14	0
94	96	0
26	95	0
96	69	0
39	49	0
16	27	0
78	98	0
65	44	0
2	92	0
70	34	0
82	38	0
73	46	0
84	68	0
26	64	0
88	61	0
39	92	0
93	76	0
29	94	0
88	84	0
44	35	0
63	67	0
60	96	0
44	64	0
59	98	0
69	54	0
40	49	0
40	61	0
86	6	0
2	89	0
99	55	0
23	87	0
44	68	0
44	82	0
90	45	0
32	54	0
39	18	0
83	56	0
61	17	0
83	99	0
44	92	0
45	51	0
51	14	0
31	42	0
56	94	0
41	18	0
35	71	0
84	76	0
41	10	0
94	90	0
65	5	0
3	9	0
44	37	0
18	66	0
43	0	0
13	73	0
91	82	0
61	83	0
66	43	0
63	2	0
44	62	0
46	58	0
95	56	0
93	8	0
4	67	0
83	6	0
50	71	0
55	30	0
35	9	0
33	60	0
85	86	0
30	72	0
43	81	0
69	32	0
23	46	1
69	35	0
43	56	0
63	95	0
28	99	0
96	15	0
96	18	0
74	12	0
20	76	0
28	97	0
25	88	0
63	42	0
75	83	0
74	92	0
5	38	0
68	35	0
71	78	0
73	61	0
64	76	0
16	86	0
15	71	0
38	18	0
48	17	0
8	36	0
41	48	0
39	48	0
89	29	0
85	41	0
79	14	0
72	51	0
56	53	0
25	48	0
48	26	0
90	81	0
46	99	0
82	54	0
36	64	0
37	94	0
78	57	0
30	53	0
79	24	0
25	35	1
33	11	0
91	53	0
80	92	0
48	45	0
11	45	0
48	11	0
48	57	0
42	84	0
29	27	1
75	87	0
96	59	0
7	83	0
73	46	0
13	59	0
64	50	0
43	70	0
55	48	0
41	76	0
64	67	0
5	64	0
67	62	0
73	44	0
84	55	0
35	63	0
64	83	0
42	8	0
95	22	0
54	44	0
93	4	0
12	84	0
36	83	0
83	62	0
18	50	0
73	73	0
15	90	0
16	81	0
89	85	0
46	29	0
1	67	0
65	99	0
48	64	0
90	65	0
23	96	0
90	33	0
18	2	0
36	71	0
27	84	0
36	14	0
18	53	1
17	18	0
84	66	0
96	13	0
53	6	0
69	39	0
90	17	0
22	7	0
28	64	0
87	32	0
7	62	0
54	83	0
0	52	0
28	76	0
74	62	0
54	97	0
71	49	0
66	83	0
71	55	0
49	51	0
78	75	0
5	78	0
47	37	0
23	78	0
86	49	0
71	28	0
94	58	0
95	97	0
89	88	0
42	73	0
76	43	0
59	61	0
35	26	0
34	14	0
36	67	0
9	43	0
68	6	0
74	76	0
82	84	0
88	2	0
16	46	1
60	81	0
14	92	0
50	9	0
54	30	0
64	22	0
54	21	0
40	17	0
76	9	0
36	98	0
71	21	0
32	95	0
98	21	0
39	62	0
68	40	0
73	99	0
76	69	0
38	73	0
66	97	0
84	61	0
91	46	0
11	64	0
88	80	0
78	94	0
11	62	0
99	41	0
29	69	0
99	87	0
46	91	0
30	14	0
75	68	0
95	56	0
54	78	0
72	78	0
99	61	0
76	37	0
27	60	0
1	60	0
64	81	0
69	30	0
51	41	0
53	10	0
29	26	1
88	79	0
15	58	0
66	25	0
40	2	0
53	22	0
11	86	0
12	58	0
8	77	0
71	49	0
93	23	0
93	33	0
94	5	0
65	94	0
5	58	0
61	25	0
57	50	0
38	84	0
92	24	0
60	58	0
32	83	0
22	90	0
40	70	0
25	96	0
31	4	0
70	74	0
46	17	0
39	74	0
50	43	0
4	42	0
68	63	0
64	15	0
30	85	0
95	56	0
28	50	0
21	36	0
18	67	0
80	58	0
67	60	0
43	51	0
93	70	0
98	66	0
63	45	0
65	17	0
80	60	0
83	33	0
10	45	0
85	82	0
53	34	0
18	70	0
2	86	0
28	96	0
26	58	0
91	22	0
2	53	0
56	89	0
0	88	0
84	62	0
45	35	0
86	28	0
16	20	0
31	37	0
74	15	0
33	74	0
45	49	0
99	62	0
87	34	0
3	0	0
2	45	0
53	14	0
3	47	0
78	10	0
47	73	0
31	34	0
96	93	0
0	12	0
43	92	0
96	43	0
41	1	0
90	89	0
51	64	0
66	63	0
38	37	0
91	37	0
89	84	0
10	62	0
7	75	0
7	45	0
21	73	0
12	85	0
67	19	0
29	59	0
20	91	0
34	13	0
60	16	0
38	65	0
59	46	0
43	9	0
34	71	0
28	25	1
94	19	0
2	33	0
79	40	0
94	23	0
48	49	0
29	21	0
48	2	0
17	94	0
44	67	0
41	60	0
27	12	0
22	98	0
20	79	0
63	42	0
95	38	0
31	69	0
90	98	0
54	25	0
64	68	0
59	90	0
4	90	0
86	40	0
53	61	0
14	22	0
95	67	0
54	52	0
99	16	0
69	9	0
85	26	0
60	91	0
53	44	0
46	38	0
65	25	0
46	4	0
46	84	0
52	75	0
22	55	0
82	32	0
51	90	0
90	38	0
92	55	0
35	77	0
39	63	0
84	27	0
46	46	0
72	9	0
96	98	0
75	75	0
46	72	0
73	43	0
73	90	0
12	79	0
50	15	0
12	98	0
15	62	0
53	61	0
73	77	0
62	14	0
99	91	0
91	13	0
99	96	0
61	4	0
77	24	0
70	66	0
60	35	0
18	83	0
46	86	0
71	79	0
28	40	1
5	31	0
21	83	0
8	78	0
40	11	0
40	51	0
21	55	0
1	46	0
89	44	0
47	24	0
14	65	0
31	80	0
65	94	0
94	38	0
0	68	0
70	40	0
34	69	0
82	47	0
71	38	0
3	49	0
25	54	0
85	38	0
70	58	0
84	48	0
8	64	0
62	52	0
0	83	0
1	0	0
92	64	0
13	64	0
21	5	0
36	24	1
3	95	0
22	78	0
91	42	0
77	79	0
81	60	0
88	84	0
50	67	0
64	38	0
5	73	0
45	66	0
31	64	0
63	41	0
95	12	0
