97	66	0
18	15	0
65	96	0
8	3	0
90	38	0
98	97	0
43	12	1
47	81	0
58	25	0
82	48	0
4	88	0
3	7	0
13	92	0
92	33	0
72	72	0
42	33	0
81	73	0
96	14	0
61	98	0
45	70	0
81	69	0
48	9	0
25	83	0
53	20	0
92	66	0
78	85	0
83	76	0
11	34	0
54	17	1
52	36	0
88	25	0
77	72	0
10	76	0
31	94	0
85	10	0
70	91	0
28	10	0
48	71	0
84	68	0
98	72	0
59	65	0
98	36	0
18	72	0
65	5	0
98	66	0
19	77	0
60	0	0
6	76	0
40	98	0
31	66	0
92	55	0
57	37	0
37	21	0
98	85	0
90	93	0
95	14	0
31	87	0
94	11	0
24	15	0
77	93	0
33	7	1
0	88	0
81	10	0
25	68	0
65	90	0
37	60	0
5	28	0
71	83	0
90	31	0
18	93	0
44	99	0
65	26	0
30	90	0
51	97	0
12	15	0
99	19	0
79	26	0
53	78	0
87	39	0
87	61	0
57	8	0
70	38	0
2	97	0
69	1	0
46	79	0
43	5	1
54	22	0
87	15	0
38	55	1
87	53	0
1	53	0
76	87	0
2	81	0
39	96	0
93	51	0
74	27	0
32	64	0
37	58	0
69	3	0
66	53	0
13	74	0
34	4	0
62	70	0
46	34	0
6	92	0
89	29	0
41	81	0
76	67	0
96	2	0
64	86	0
63	71	0
7	23	0
60	93	0
98	80	0
76	55	0
24	93	0
67	28	0
78	1	0
95	67	0
92	36	0
92	53	0
37	45	0
60	14	1
62	69	0
9	28	0
49	32	0
91	56	0
54	23	1
53	78	0
56	73	0
58	24	0
46	32	0
49	21	1
54	83	0
49	58	0
47	95	0
76	40	0
60	69	0
56	70	0
94	57	0
30	21	0
43	42	0
13	15	0
15	82	0
28	59	0
80	42	0
52	43	0
87	0	0
35	85	0
53	22	0
31	39	0
64	81	0
31	65	0
57	60	0
44	84	0
42	53	1
35	2	0
56	19	0
38	98	0
27	61	0
76	78	0
92	64	0
18	96	0
91	74	0
30	50	0
23	71	0
51	72	0
42	53	1
20	30	0
71	85	0
95	91	0
46	76	0
74	41	0
2	44	1
59	13	1
64	46	0
61	16	0
75	21	0
6	51	1
38	59	0
53	19	0
38	61	0
94	32	0
34	90	0
21	59	0
79	92	0
53	52	0
18	18	0
37	77	0
49	14	0
93	96	0
33	90	0
93	0	0
14	55	1
17	76	0
96	35	0
57	96	0
70	82	0
62	61	0
31	53	0
13	68	0
56	1	0
55	88	0
97	54	0
38	90	0
70	68	0
85	25	0
50	76	0
30	78	0
36	91	0
36	20	0
67	27	0
84	52	0
52	41	0
77	68	0
1	56	1
75	22	0
20	88	0
61	66	0
89	34	0
75	39	0
45	0	0
3	38	0
86	30	0
75	79	0
62	99	0
72	55	0
97	28	0
89	9	0
5	34	0
89	72	0
36	99	0
87	81	0
40	99	0
56	32	0
83	32	0
23	93	0
83	23	0
20	60	0
31	83	0
49	11	0
25	89	0
75	87	0
85	74	0
94	58	0
95	58	0
21	83	0
39	67	0
83	7	0
85	54	0
42	3	0
39	25	0
44	58	0
80	44	0
23	56	0
34	41	0
29	78	0
75	99	0
92	54	0
60	73	0
98	7	0
98	31	0
64	7	0
90	50	0
78	51	0
60	79	0
4	39	0
43	59	0
70	23	0
14	87	0
28	69	0
4	93	0
90	64	0
41	4	0
79	66	0
79	0	0
99	81	0
22	1	0
44	93	0
15	66	0
54	93	0
40	40	0
76	21	0
80	16	0
57	12	1
91	11	0
48	48	0
78	29	0
76	58	0
9	9	0
1	62	0
30	97	0
20	81	0
54	95	0
46	71	0
81	42	0
63	5	0
47	88	0
50	67	0
98	92	0
2	46	1
64	45	0
66	85	0
81	23	0
24	3	0
48	1	0
50	16	0
36	32	0
81	53	0
74	18	0
20	42	0
20	30	0
31	57	0
43	32	0
98	68	0
91	61	0
6	53	1
63	33	0
85	7	0
68	12	0
73	23	0
52	36	0
39	29	0
7	75	0
73	82	0
42	87	0
11	96	0
33	60	0
55	13	1
53	40	0
86	33	0
74	53	0
13	59	1
82	71	0
85	87	0
84	33	0
70	86	0
76	9	0
77	55	0
67	55	0
66	52	0
90	73	0
74	4	0
88	14	0
23	43	0
56	92	0
62	74	0
77	13	0
24	78	0
97	38	0
54	99	0
98	25	0
58	23	0
33	61	0
60	41	0
32	62	0
58	81	0
77	27	0
84	82	0
40	50	1
22	91	0
91	97	0
47	16	1
7	81	0
42	53	1
99	1	0
86	33	0
37	70	0
57	51	0
64	48	0
22	99	0
79	27	0
43	7	1
91	56	0
50	35	0
40	91	0
25	9	0
48	47	0
52	90	0
2	44	1
42	79	0
42	84	0
49	22	1
20	69	0
10	29	0
71	8	0
72	31	0
98	6	0
81	97	0
34	65	0
34	25	0
76	5	0
55	49	0
68	96	0
1	26	0
53	86	0
92	55	0
29	77	0
75	1	0
37	66	0
63	17	0
54	12	0
82	17	0
92	42	0
4	85	0
70	9	0
85	99	0
29	99	0
91	75	0
44	49	1
9	29	0
63	98	0
70	45	0
6	83	0
70	26	0
85	54	0
72	48	0
72	60	0
23	56	0
95	48	0
23	91	0
95	63	0
24	98	0
92	92	0
44	37	0
70	71	0
59	93	0
48	52	0
61	96	0
81	50	0
47	48	0
29	59	0
91	0	0
1	84	0
85	60	0
23	97	0
48	50	0
43	73	0
81	27	0
30	50	0
57	24	0
92	56	0
71	21	0
81	88	0
46	96	0
36	54	0
44	6	1
40	43	0
61	98	0
53	25	0
44	81	0
88	82	0
87	77	0
75	11	0
18	9	0
41	34	0
30	58	0
44	3	1
8	78	0
83	76	0
63	87	0
67	57	0
66	10	0
37	64	0
38	78	0
92	51	0
89	6	0
16	72	0
74	9	0
49	62	0
49	26	1
44	6	1
34	44	0
85	85	0
24	72	0
56	85	0
66	18	0
78	14	0
53	53	0
64	83	0
22	99	0
93	24	0
81	10	0
76	24	0
13	67	0
16	95	0
15	79	0
59	37	0
73	83	0
76	94	0
3	33	0
64	53	0
69	87	0
73	61	0
63	71	0
16	95	0
16	75	0
47	28	0
6	26	0
45	36	0
29	40	0
99	32	0
79	47	0
64	11	0
71	28	0
57	48	0
39	22	0
94	79	0
50	79	0
83	50	0
35	60	0
37	99	0
76	52	0
55	14	1
32	14	0
99	50	0
67	85	0
51	35	0
54	60	0
35	98	0
64	95	0
93	61	0
18	76	0
65	47	0
2	75	0
59	50	0
47	71	0
66	55	0
52	80	0
65	89	0
4	58	0
57	54	0
78	47	0
76	61	0
39	81	0
77	80	0
47	29	0
97	16	0
53	43	0
96	13	0
1	79	0
48	88	0
89	68	0
66	69	0
13	91	0
12	69	0
83	87	0
43	28	0
4	78	0
73	99	0
50	64	0
89	61	0
23	91	0
73	37	0
22	0	0
47	78	0
22	81	0
11	20	0
90	54	0
96	20	0
49	19	1
72	32	0
77	16	0
22	14	0
32	61	0
76	30	0
2	76	0
62	76	0
7	43	0
22	76	0
63	52	0
66	97	0
70	45	0
79	89	0
76	53	0
74	82	0
2	90	0
49	43	0
26	79	0
81	52	0
60	42	0
94	43	0
94	94	0
78	92	0
48	71	0
76	48	0
67	71	0
38	55	1
66	4	0
65	83	0
84	69	0
82	3	0
60	82	0
5	99	0
50	26	1
53	39	0
71	32	0
63	33	0
74	22	0
21	90	0
72	30	0
29	69	0
88	16	0
45	66	0
44	37	0
63	93	0
74	75	0
49	77	0
73	94	0
82	62	0
86	50	0
94	73	0
82	98	0
99	42	0
37	65	0
86	84	0
50	80	0
81	85	0
99	50	0
45	89	0
90	68	0
83	53	0
83	34	0
38	46	0
7	62	0
57	77	0
70	13	0
66	30	0
47	21	1
84	81	0
65	43	0
44	10	1
13	91	0
11	52	1
15	90	0
63	37	0
89	12	0
91	51	0
97	3	0
78	97	0
51	25	1
52	42	0
33	74	0
98	18	0
67	50	0
32	78	0
27	98	0
27	73	0
9	92	0
33	11	1
68	64	0
44	33	0
49	73	0
41	45	0
1	51	1
65	77	0
74	14	0
17	86	0
93	55	0
20	23	0
13	78	0
70	61	0
71	52	0
50	62	0
90	51	0
87	63	0
80	58	0
54	10	1
59	67	0
84	46	0
1	33	0
98	78	0
52	47	0
39	78	0
6	77	0
22	93	0
27	59	0
92	32	0
12	53	1
60	94	0
9	91	0
95	65	0
57	28	0
75	19	0
26	21	0
34	37	0
75	8	0
14	74	0
42	52	1
88	56	0
91	39	0
1	8	0
2	37	0
71	15	0
44	77	0
95	94	0
1	9	0
54	96	0
81	30	0
41	9	1
93	82	0
41	61	0
77	73	0
27	32	0
97	37	0
87	76	0
21	68	0
16	82	0
2	46	1
24	71	0
21	98	0
73	14	0
29	59	0
8	84	0
34	32	0
52	18	0
40	57	0
68	46	0
43	7	1
30	73	0
92	26	0
3	26	0
76	49	0
93	29	0
54	63	0
30	18	0
39	5	0
16	90	0
44	80	0
25	62	0
20	20	0
21	80	0
24	77	0
67	56	0
94	41	0
33	68	0
82	98	0
49	32	0
64	69	0
43	84	0
10	85	0
86	43	0
40	63	0
11	24	0
93	54	0
60	48	0
92	21	0
87	21	0
77	34	0
57	94	0
47	40	0
62	42	0
55	30	0
40	0	0
38	90	0
58	70	0
89	27	0
65	98	0
85	54	0
78	46	0
35	78	0
27	73	0
80	30	0
50	44	0
74	1	0
95	95	0
72	78	0
51	79	0
74	36	0
86	84	0
17	80	0
57	32	0
18	95	0
9	57	1
34	65	0
82	64	0
65	16	0
98	94	0
90	11	0
98	91	0
61	9	0
65	22	0
76	52	0
67	31	0
10	85	0
54	88	0
64	81	0
6	28	0
14	84	0
17	69	0
45	9	0
38	37	0
1	49	1
81	41	0
51	19	0
5	59	0
19	87	0
66	94	0
93	43	0
0	74	0
63	41	0
28	89	0
80	57	0
70	41	0
24	54	0
86	35	0
78	46	0
71	61	0
12	59	1
53	46	0
6	89	0
0	7	0
86	67	0
18	67	0
21	7	0
2	95	0
23	78	0
99	37	0
70	80	0
84	60	0
89	84	0
55	61	0
60	37	0
2	75	0
51	61	0
36	52	0
66	36	0
85	24	0
