96	64	0
25	12	0
60	99	0
7	1	0
97	46	0
99	96	0
41	69	0
61	23	1
75	52	0
2	88	0
1	9	0
17	96	0
99	37	0
64	77	0
35	33	0
91	75	0
97	26	0
55	99	0
39	75	0
82	66	0
50	16	0
26	80	0
59	29	1
85	67	0
78	76	0
81	82	0
3	28	0
47	35	0
90	20	0
82	69	0
8	74	0
31	94	0
84	12	0
64	91	0
34	7	1
50	72	0
79	69	0
93	63	0
56	59	0
93	34	0
11	72	0
71	1	1
92	68	0
21	74	0
48	1	0
11	75	0
36	94	0
92	52	0
47	35	0
31	15	0
94	86	0
86	94	0
89	16	0
28	83	0
97	14	0
16	14	0
74	90	0
2	87	0
89	2	0
29	63	1
62	86	0
44	60	1
10	26	0
74	77	0
86	35	0
24	90	0
50	98	0
71	30	0
35	91	0
45	90	0
17	17	0
98	17	0
81	23	0
50	76	0
90	33	0
73	57	0
56	14	1
63	37	0
0	99	0
71	5	0
49	78	0
60	28	1
86	4	0
93	60	0
1	62	0
70	95	0
0	75	0
34	94	0
97	63	0
79	26	0
35	69	1
73	7	0
57	49	0
13	64	0
34	0	0
64	72	0
59	29	1
3	97	0
92	31	0
44	74	0
78	65	0
94	5	0
65	84	0
64	80	0
1	26	0
63	81	0
91	85	0
80	48	0
23	89	0
70	37	0
77	0	0
95	57	0
91	33	0
99	45	0
23	47	0
53	64	0
10	22	0
46	30	0
89	68	0
52	75	0
65	70	0
58	21	1
43	36	0
63	68	0
50	60	0
45	97	0
73	40	0
62	69	0
57	77	0
90	53	0
25	14	0
49	40	0
24	19	0
18	79	0
29	51	1
74	43	0
50	41	1
91	9	0
27	87	0
22	38	0
68	76	0
21	72	1
62	62	0
43	76	0
42	7	0
45	13	1
42	89	0
25	68	1
75	79	0
95	58	0
23	90	0
86	71	0
28	55	1
17	74	0
53	71	0
16	37	0
73	80	0
94	79	0
39	78	0
78	47	0
54	54	0
55	23	1
64	14	0
43	53	1
52	15	1
27	64	1
94	33	0
29	96	0
28	63	1
69	84	0
29	26	0
38	74	0
54	17	0
96	97	0
30	78	0
97	13	0
24	76	0
95	33	0
57	98	0
77	78	0
66	59	0
27	48	0
6	61	0
63	0	0
68	97	0
97	53	0
46	87	0
60	77	0
82	17	0
58	80	0
38	77	0
38	86	0
23	16	0
58	22	0
82	52	0
58	41	0
68	68	0
69	29	0
18	95	0
53	62	0
87	39	0
75	41	0
52	7	0
91	25	0
76	78	0
69	94	0
77	60	0
94	27	0
99	16	0
1	32	1
85	81	0
35	91	0
71	84	0
46	95	0
32	39	1
92	33	0
18	99	0
86	22	0
21	45	0
27	84	0
28	96	0
78	88	0
81	78	0
94	60	0
95	56	0
22	89	0
53	79	0
78	14	0
81	54	0
48	5	0
34	33	0
42	57	1
76	39	0
22	58	0
36	49	0
22	69	0
73	96	0
95	56	0
59	71	0
93	3	0
90	44	0
63	9	1
98	46	0
68	54	0
70	80	0
3	41	1
45	67	0
70	23	0
9	83	0
30	60	1
9	89	0
87	60	0
79	68	0
87	7	0
99	84	0
27	1	0
31	93	0
26	69	1
58	92	0
43	32	0
81	17	0
98	10	0
95	23	0
50	50	1
77	23	0
72	59	0
7	7	0
29	98	0
21	73	0
54	94	0
33	71	0
84	45	0
66	11	1
55	88	0
59	60	0
94	85	0
65	39	0
70	89	0
85	17	0
15	13	0
44	2	0
46	23	1
32	23	0
94	46	0
77	11	0
19	43	0
19	28	0
40	51	1
52	37	0
94	79	0
98	61	0
72	29	0
94	6	0
66	8	0
74	16	0
43	38	1
37	18	0
11	73	0
86	93	0
47	91	0
3	96	0
27	45	0
51	38	0
74	43	0
65	51	0
77	73	0
81	75	0
69	29	0
70	85	0
69	6	0
94	47	0
74	48	0
60	54	0
95	70	0
75	19	0
97	16	0
19	44	0
70	99	0
57	70	0
84	23	0
15	77	0
99	41	0
60	99	0
94	32	0
67	23	0
33	57	0
57	47	0
64	80	0
73	31	0
81	75	0
20	88	0
95	92	0
4	76	0
93	0	0
87	24	0
50	71	0
44	53	0
65	46	0
15	90	0
75	36	0
96	57	0
47	33	0
35	90	0
34	7	0
38	41	1
57	89	0
38	87	0
40	79	0
15	71	0
14	23	0
69	2	0
79	33	0
98	10	0
84	99	0
30	61	1
29	27	0
67	11	0
59	41	0
67	98	0
1	23	0
43	89	0
88	44	0
22	84	0
80	1	0
46	58	1
59	23	0
86	19	0
90	47	0
16	86	0
73	18	0
81	99	0
35	94	0
85	63	0
10	31	0
66	98	0
68	44	0
11	79	0
64	22	0
86	46	0
78	45	0
75	61	0
21	48	0
95	54	0
18	93	0
91	57	0
19	95	0
82	81	0
38	19	0
75	74	0
60	96	0
65	95	0
79	53	0
47	53	1
30	60	1
86	12	0
0	80	0
72	52	0
23	97	0
43	50	1
52	66	0
80	34	0
25	59	0
53	39	1
88	57	0
70	24	0
77	83	0
48	95	0
39	50	1
65	99	0
32	94	0
93	87	0
89	77	0
74	8	0
23	2	0
48	38	0
31	62	0
7	79	0
79	82	0
67	82	0
66	51	0
64	21	0
38	66	0
37	73	0
74	56	0
97	0	0
19	73	0
81	8	0
57	58	0
39	38	0
86	89	0
26	76	0
55	91	0
73	21	0
79	12	0
48	61	1
60	88	0
25	94	0
90	18	0
84	15	0
75	22	0
15	66	0
11	94	0
14	86	0
49	30	1
65	84	0
74	95	0
0	33	1
62	54	0
83	91	0
71	59	0
69	65	0
12	88	0
9	76	0
39	28	0
6	19	0
36	37	0
25	50	0
95	37	0
79	47	0
65	9	1
66	46	0
54	52	0
42	26	0
95	77	0
56	78	0
80	47	0
28	54	1
39	90	0
74	55	0
26	8	0
91	45	0
62	95	0
36	32	0
56	58	1
29	95	0
65	97	0
88	66	0
28	83	0
62	38	0
7	78	0
58	56	1
40	72	0
71	57	0
62	73	0
56	85	0
10	50	0
61	58	0
81	44	0
83	58	0
37	73	0
66	88	0
45	29	0
96	21	0
50	45	0
87	9	0
11	77	0
55	93	0
86	72	0
76	71	0
12	92	0
7	71	0
80	89	0
32	28	0
6	90	0
68	98	0
52	67	0
91	68	0
21	90	0
76	46	0
16	2	0
50	97	0
19	90	0
12	11	0
85	55	0
90	21	0
79	28	0
71	16	0
16	17	0
18	54	0
78	28	0
5	75	0
65	69	0
27	79	0
69	44	0
72	97	0
71	37	0
68	88	0
75	52	0
68	81	0
7	77	0
42	49	0
32	78	0
65	55	0
57	50	0
89	44	0
96	99	0
81	86	0
47	62	0
76	54	0
63	62	0
73	2	0
67	80	0
87	74	0
90	9	0
58	79	0
6	97	0
48	46	1
65	36	0
65	31	0
79	22	0
19	80	0
75	20	0
31	62	1
87	21	0
34	59	0
47	34	0
57	90	0
66	73	0
50	82	0
70	87	0
85	63	0
79	43	0
96	61	0
73	97	0
96	45	0
31	62	1
95	90	0
38	75	0
77	77	0
88	42	0
44	91	0
86	74	0
87	50	0
84	26	0
46	43	1
5	68	0
50	75	0
74	19	0
63	36	0
79	86	0
65	48	0
12	88	0
19	87	0
69	40	0
82	25	0
92	45	0
97	4	0
88	93	0
58	38	0
29	71	1
98	21	0
63	48	0
22	75	0
18	97	0
24	70	0
9	85	0
58	55	0
41	27	0
37	75	0
52	48	1
62	77	0
68	14	0
20	87	0
88	48	0
16	21	0
18	73	0
78	70	0
67	48	0
40	54	1
92	50	0
88	50	0
77	60	0
57	65	0
79	51	0
2	27	0
96	81	0
62	50	0
41	84	0
3	77	0
25	86	0
28	59	0
89	21	0
54	96	0
9	96	0
97	61	0
78	18	0
20	13	0
31	30	0
73	9	0
19	71	0
84	57	0
90	39	0
12	6	0
0	40	1
68	14	0
40	85	0
98	82	0
6	9	0
50	87	0
83	35	0
99	79	0
51	61	0
65	76	0
21	37	0
90	40	0
94	68	0
17	76	0
19	79	0
29	71	1
23	90	0
75	14	0
31	60	1
9	87	0
37	32	0
44	59	1
67	45	0
31	69	1
95	24	0
5	31	0
83	40	0
74	16	0
44	50	1
35	26	0
40	8	1
23	91	0
48	84	0
14	71	0
21	27	0
18	79	0
19	85	0
62	59	0
88	43	0
40	56	1
78	91	0
49	29	0
61	70	0
42	69	0
16	91	0
86	34	0
47	53	1
9	15	0
89	58	0
64	51	0
91	27	0
81	29	0
75	33	0
55	91	0
43	31	0
59	44	0
61	31	1
44	8	0
33	97	0
47	64	0
93	38	0
60	98	0
76	51	0
79	44	0
41	91	0
35	82	0
94	26	0
51	57	1
71	6	0
94	97	0
77	82	0
52	91	0
75	19	0
82	71	0
26	78	0
67	23	0
18	96	0
42	59	1
88	61	0
92	89	0
82	8	0
94	93	0
58	12	1
77	24	0
78	53	0
63	21	0
3	83	0
67	96	0
60	80	0
3	27	0
7	93	0
13	70	0
47	43	1
79	34	0
1	60	1
23	92	0
65	99	0
95	42	0
4	72	0
70	45	0
31	90	0
82	45	0
71	46	0
26	60	1
79	42	0
81	41	0
56	73	0
50	47	1
2	82	0
6	2	0
80	74	0
17	57	0
18	9	0
2	96	0
34	75	0
92	45	0
71	85	0
88	61	0
99	82	0
50	59	1
65	33	0
0	73	0
56	64	0
79	36	0
88	24	0
