80	63	0
33	29	0
66	96	0
14	3	0
95	38	0
83	93	0
71	44	0
4	77	0
3	7	0
15	95	0
92	45	0
66	75	0
35	36	0
69	78	0
95	55	0
50	95	1
59	74	0
40	32	0
83	72	0
94	86	0
75	76	0
8	28	0
66	71	0
73	34	0
66	91	0
52	73	0
67	78	0
96	49	0
99	25	0
93	74	0
34	1	0
43	89	1
81	32	0
33	17	0
96	73	0
91	68	0
91	20	1
90	14	0
22	34	0
60	78	0
3	88	0
94	13	1
57	97	0
20	30	0
81	72	0
89	34	0
55	96	0
5	14	0
94	17	0
69	40	0
73	16	1
54	45	0
71	33	0
15	97	0
89	63	0
62	90	0
14	64	0
41	85	1
96	55	0
37	35	0
29	5	0
70	62	0
14	93	0
98	34	0
40	68	0
89	57	0
96	6	0
76	98	0
68	84	0
8	26	0
76	79	0
82	65	0
81	40	0
21	97	1
59	39	0
84	45	0
89	37	0
88	33	0
17	58	0
6	15	0
89	58	0
58	98	0
41	76	0
59	95	0
71	36	0
61	68	0
82	77	0
80	79	0
17	18	0
13	7	0
83	60	0
87	1	0
14	53	0
72	78	0
62	79	0
59	77	0
54	6	0
48	96	0
74	89	0
76	52	0
13	90	0
92	84	0
3	88	0
13	52	0
84	89	0
90	75	0
51	77	0
74	41	0
83	39	0
53	70	0
22	53	0
40	23	0
92	90	0
73	4	0
81	38	0
82	97	0
61	77	0
71	73	0
13	26	0
11	80	1
65	97	0
72	63	1
45	89	1
60	92	0
26	84	0
37	38	0
72	56	1
59	47	0
59	76	0
71	34	0
2	96	0
93	35	0
61	28	0
50	21	0
79	18	1
62	68	0
73	93	0
86	72	0
90	13	1
97	29	0
94	78	0
66	69	0
55	81	0
70	13	1
14	74	0
94	9	1
6	49	0
78	77	0
80	72	0
90	51	0
86	56	0
92	67	0
53	13	0
40	23	0
78	61	0
26	77	0
58	82	0
79	72	0
76	5	1
95	46	0
96	35	0
74	56	0
65	96	0
61	9	0
4	94	0
9	97	0
97	57	0
59	60	1
95	69	0
16	18	0
47	97	1
80	8	1
79	11	0
91	23	0
86	23	0
79	32	0
15	13	0
30	78	0
54	93	0
85	40	0
74	97	0
90	71	0
63	33	0
63	81	0
6	8	0
32	9	0
45	28	0
66	36	0
1	56	0
34	14	0
97	82	0
96	60	0
99	15	0
60	1	0
39	8	0
98	89	0
29	76	0
10	93	0
36	35	0
76	47	0
71	69	0
58	73	0
84	84	0
69	31	0
76	77	0
87	32	0
87	65	0
64	37	0
97	75	0
64	15	0
95	7	0
31	56	0
77	88	0
99	44	0
92	44	0
73	95	0
91	42	0
45	44	0
57	99	0
71	84	0
26	77	0
84	84	0
6	98	0
92	9	1
91	17	1
45	82	1
17	97	1
89	33	0
92	63	0
30	4	0
48	93	1
45	58	0
10	14	0
88	45	0
86	10	0
70	90	0
17	24	0
76	28	0
70	82	0
12	29	0
77	41	0
80	3	0
96	69	0
67	14	0
95	94	0
33	94	1
14	38	0
59	96	0
64	59	0
92	41	0
61	45	0
72	54	1
3	54	0
92	76	0
94	62	0
2	86	0
72	86	0
40	22	0
65	54	0
65	99	0
65	93	0
98	49	0
63	13	0
66	41	0
80	29	0
92	57	0
77	36	0
88	66	0
41	98	1
49	93	1
89	96	0
80	93	0
17	7	0
5	84	0
73	87	0
69	95	0
60	21	0
84	51	0
95	0	0
90	12	1
94	78	0
66	77	0
89	17	1
65	80	0
90	19	1
97	4	0
85	28	0
10	43	0
8	96	0
16	99	1
86	91	0
85	92	0
84	84	0
87	60	0
76	85	0
9	90	0
27	19	0
1	11	0
33	38	0
87	12	1
83	40	0
62	63	0
54	4	0
76	83	0
82	81	0
81	49	0
74	61	0
31	20	0
98	37	0
77	99	0
55	38	0
71	84	0
99	60	0
16	55	0
42	69	0
52	78	0
51	86	1
0	45	0
70	72	0
93	45	0
93	64	0
56	93	0
90	23	0
84	10	0
11	75	1
96	68	0
65	74	0
7	93	0
79	88	0
23	20	0
8	82	0
65	73	0
63	66	0
81	86	0
0	86	0
83	54	0
16	1	0
49	83	1
9	85	0
2	16	0
98	52	0
77	23	1
19	20	0
17	35	0
70	38	0
67	80	0
88	77	0
87	44	0
78	76	0
72	90	0
1	65	0
88	62	0
64	24	0
97	42	0
78	87	0
81	70	0
45	76	0
94	67	0
93	10	0
48	75	0
0	97	0
75	34	0
81	23	1
30	31	0
64	85	0
35	71	0
65	91	0
93	50	0
89	36	0
70	68	0
91	81	0
91	46	0
95	98	0
78	69	0
72	36	0
44	89	1
82	75	0
86	74	0
94	30	0
44	66	0
64	31	0
80	91	0
86	54	0
22	85	0
83	34	0
77	41	0
91	41	0
98	83	0
74	44	0
3	85	0
11	98	0
37	31	0
25	71	0
44	88	1
63	8	0
1	95	0
75	46	0
13	15	0
15	58	0
66	72	0
72	67	0
78	53	0
77	42	0
73	66	0
82	45	0
13	39	0
96	79	0
55	98	0
85	19	0
41	95	1
20	90	0
94	59	0
61	34	0
24	20	0
25	30	0
81	50	0
98	30	0
15	1	0
45	2	0
50	64	0
95	85	0
28	7	0
42	80	1
57	16	0
85	82	0
73	65	1
62	88	0
15	48	0
97	48	0
87	60	0
6	88	0
2	92	0
52	27	0
93	25	0
16	28	0
87	39	0
71	13	0
41	27	0
19	96	0
64	86	0
23	34	0
72	39	0
64	85	0
12	95	1
68	37	0
10	5	0
92	55	0
86	36	0
86	24	0
58	26	1
54	94	0
86	37	0
57	99	0
59	56	0
72	52	0
51	91	0
91	52	0
94	99	0
85	86	0
52	87	1
89	7	1
80	78	0
72	19	0
95	47	0
94	99	0
94	97	0
86	20	0
83	68	0
13	96	1
85	98	0
63	72	0
4	19	0
26	93	0
87	26	0
17	97	0
52	80	1
73	37	0
77	50	0
76	54	0
97	55	0
82	35	0
81	19	1
4	84	0
16	13	0
61	82	0
27	67	0
38	5	0
2	84	0
98	40	0
91	83	0
86	50	0
89	83	0
69	54	1
87	17	1
96	39	0
