99	65	0
18	16	0
62	97	0
6	4	0
91	37	0
97	96	0
44	13	1
45	82	0
57	24	0
82	48	0
6	89	0
3	5	0
13	94	0
95	31	0
74	73	0
42	32	0
81	72	0
97	15	0
61	97	0
44	70	0
81	68	0
48	9	0
27	82	0
55	20	0
94	65	0
79	88	0
82	77	0
10	34	0
57	17	1
54	34	0
86	25	0
78	72	0
11	74	0
30	95	0
86	10	0
69	92	0
31	9	0
47	70	0
82	71	0
96	71	0
58	66	0
98	35	0
16	73	0
67	7	0
98	67	0
20	75	0
58	2	0
8	75	0
42	99	0
34	64	0
91	53	0
56	38	0
40	22	0
97	84	0
89	95	0
93	13	0
29	88	0
93	10	0
23	15	0
79	94	0
32	5	1
3	89	0
82	11	0
24	69	0
65	89	0
37	59	0
7	28	0
71	84	0
89	33	0
21	95	0
43	98	0
68	27	0
28	91	0
54	97	0
12	13	0
99	18	0
77	27	0
51	77	0
86	39	0
87	62	0
57	6	0
73	37	0
3	98	0
69	3	0
45	75	0
42	6	1
56	23	0
87	13	0
38	55	1
85	58	0
1	52	0
76	86	0
2	79	0
37	94	0
95	53	0
75	28	0
31	68	0
37	56	1
72	2	0
64	54	0
13	75	0
30	3	0
62	71	0
46	34	0
5	95	0
92	30	0
42	80	0
75	67	0
95	0	0
64	86	0
65	73	0
8	27	0
59	93	0
98	82	0
79	56	0
24	90	0
66	30	0
80	4	0
96	62	0
90	36	0
93	53	0
36	46	0
60	14	1
60	69	0
9	25	0
49	31	0
89	56	0
53	22	1
52	79	0
56	74	0
61	21	0
47	33	0
49	23	1
56	81	0
49	59	0
49	96	0
73	41	0
63	68	0
53	71	0
92	55	0
28	17	0
44	42	0
16	16	0
17	81	0
29	60	0
79	44	0
53	40	0
87	0	0
35	83	0
53	23	0
32	38	0
65	82	0
31	65	0
58	62	0
45	86	0
43	52	1
37	2	0
59	19	0
39	97	0
26	61	0
78	78	0
91	65	0
19	96	0
92	74	0
33	52	0
23	73	0
52	71	0
44	51	1
16	31	0
72	85	0
99	89	0
45	73	0
75	42	0
5	42	1
60	13	1
62	46	0
61	16	0
75	21	0
4	54	1
38	59	0
54	18	0
36	62	0
93	30	0
32	93	0
22	59	0
80	93	0
51	51	0
19	20	0
36	77	0
50	16	0
97	94	0
36	90	0
92	0	0
15	54	1
18	78	0
99	34	0
54	95	0
72	84	0
61	62	0
26	51	0
13	68	0
58	1	0
54	90	0
98	53	0
37	93	0
70	68	0
86	27	0
52	74	0
30	79	0
34	89	0
32	21	0
67	26	0
86	50	0
52	40	0
76	69	0
0	56	1
75	18	0
19	91	0
61	63	0
87	34	0
76	41	0
45	1	0
6	36	0
87	32	0
75	77	0
59	98	0
72	55	0
99	26	0
90	9	0
4	35	0
92	74	0
35	98	0
86	80	0
40	98	0
54	34	0
86	35	0
24	96	0
82	22	0
22	60	0
30	83	0
49	13	0
24	89	0
75	89	0
85	73	0
95	58	0
98	55	0
18	83	0
39	67	0
84	6	0
87	53	0
41	1	0
36	23	0
45	56	0
79	46	0
23	56	0
34	38	0
28	76	0
76	97	0
94	53	0
61	71	0
97	6	0
99	32	0
64	6	0
92	49	0
79	50	0
61	79	0
5	37	0
41	59	0
71	24	0
14	89	0
30	67	0
5	93	0
91	63	0
41	4	0
79	66	0
77	0	0
99	80	0
20	1	0
43	93	0
17	65	0
55	92	0
39	36	0
77	20	0
80	13	0
58	13	1
89	13	0
49	49	0
76	28	0
76	58	0
9	6	0
2	59	0
31	97	0
21	82	0
54	96	0
46	69	0
79	42	0
63	4	0
49	87	0
48	65	0
96	95	0
3	45	1
61	42	0
66	88	0
79	21	0
24	5	0
49	2	0
52	15	0
34	35	0
83	54	0
73	15	0
19	40	0
16	31	0
32	54	0
43	33	0
98	69	0
88	61	0
8	53	1
65	34	0
84	6	0
68	10	0
75	21	0
54	37	0
40	31	0
6	76	0
75	82	0
40	89	0
9	94	0
33	59	0
56	13	1
52	40	0
85	35	0
74	52	0
82	71	0
84	88	0
82	33	0
70	82	0
74	9	0
76	57	0
69	55	0
66	53	0
92	72	0
74	4	0
90	16	0
23	44	0
58	93	0
59	72	0
78	13	0
22	77	0
96	37	0
52	99	0
99	26	0
59	24	0
32	58	0
61	42	0
34	61	0
58	79	0
78	27	0
84	81	0
45	49	1
21	92	0
93	96	0
46	14	1
9	81	0
42	52	1
98	1	0
89	32	0
36	71	0
55	52	0
65	47	0
22	98	0
78	30	0
91	55	0
50	33	0
42	89	0
27	9	0
47	46	0
52	92	0
2	43	1
40	81	0
39	85	0
49	23	1
21	69	0
10	30	0
72	8	0
72	32	0
96	9	0
80	97	0
32	67	0
34	26	0
77	8	0
57	50	0
70	97	0
0	28	0
52	87	0
94	52	0
32	75	0
74	2	0
38	64	0
64	18	0
53	10	0
84	17	0
93	40	0
3	83	0
70	8	0
84	99	0
28	97	0
89	73	0
45	49	1
10	29	0
64	98	0
72	43	0
6	82	0
71	26	0
87	51	0
72	51	0
74	60	0
23	57	0
95	50	0
23	90	0
98	63	0
25	99	0
91	90	0
42	36	0
72	71	0
58	91	0
49	51	0
61	95	0
78	50	0
44	50	0
25	60	0
90	2	0
2	84	0
85	59	0
22	95	0
48	49	0
43	73	0
81	27	0
27	52	0
56	26	0
91	56	0
72	19	0
79	87	0
47	96	0
38	56	1
40	45	0
61	99	0
53	22	1
41	80	0
90	79	0
87	75	0
76	10	0
21	8	0
42	35	0
32	58	0
41	3	1
5	79	0
84	76	0
61	88	0
66	54	0
65	13	0
36	66	0
39	80	0
90	50	0
88	5	0
17	70	0
73	9	0
51	62	0
47	23	1
41	8	1
34	42	0
85	85	0
23	71	0
56	85	0
66	20	0
77	15	0
51	54	0
65	86	0
21	98	0
95	24	0
80	10	0
77	25	0
13	66	0
16	97	0
16	78	0
60	38	0
74	84	0
76	95	0
3	32	0
64	54	0
72	90	0
75	60	0
62	69	0
18	98	0
15	74	0
47	27	0
6	25	0
46	37	0
30	40	0
99	32	0
78	49	0
62	9	0
68	28	0
57	49	0
38	19	0
93	79	0
52	80	0
84	48	0
33	61	0
40	98	0
74	51	0
52	13	1
30	13	0
99	50	0
65	85	0
48	33	0
53	58	0
32	98	0
64	96	0
94	65	0
21	77	0
64	49	0
1	74	0
59	53	0
47	74	0
65	56	0
55	78	0
63	88	0
6	58	0
57	54	0
81	48	0
76	59	0
37	81	0
78	80	0
47	27	0
99	15	0
54	43	0
97	13	0
3	80	0
51	88	0
88	67	0
69	69	0
15	89	0
14	71	0
82	89	0
43	27	0
3	82	0
71	98	0
50	64	0
91	62	0
21	90	0
77	39	0
20	0	0
48	81	0
20	80	0
12	19	0
91	54	0
94	19	0
50	18	1
71	29	0
75	16	0
21	14	0
31	59	0
78	29	0
2	76	0
61	74	0
7	39	0
22	78	0
61	54	0
66	97	0
70	44	0
77	87	0
72	53	0
74	81	0
2	87	0
49	43	0
26	80	0
80	53	0
59	43	0
96	46	0
97	94	0
79	93	0
50	67	0
76	49	0
67	69	0
39	57	1
65	5	0
65	83	0
83	72	0
85	4	0
58	81	0
4	98	0
48	27	1
51	39	0
72	36	0
65	31	0
72	22	0
21	91	0
73	30	0
29	70	0
91	16	0
45	65	0
43	39	0
61	94	0
75	75	0
49	79	0
74	95	0
84	61	0
86	52	0
94	71	0
80	99	0
99	45	0
35	64	0
87	82	0
49	78	0
83	87	0
99	50	0
47	86	0
91	69	0
83	52	0
82	34	0
41	45	0
7	63	0
56	78	0
73	12	0
64	29	0
81	83	0
64	42	0
42	10	1
13	90	0
14	90	0
63	37	0
87	14	0
89	51	0
99	2	0
78	96	0
50	26	1
52	42	0
31	75	0
98	18	0
67	52	0
32	78	0
25	98	0
27	74	0
12	92	0
30	12	1
66	65	0
44	32	0
49	70	0
39	46	0
67	76	0
75	13	0
17	86	0
93	53	0
21	26	0
15	79	0
69	61	0
72	51	0
47	63	0
91	50	0
86	59	0
80	58	0
53	13	1
58	69	0
84	46	0
2	31	0
99	77	0
53	47	0
40	77	0
5	77	0
25	93	0
27	59	0
91	31	0
10	53	1
60	92	0
7	90	0
94	66	0
56	28	0
71	20	0
27	21	0
33	38	0
76	7	0
16	74	0
42	51	1
85	57	0
91	38	0
1	5	0
1	37	0
73	15	0
46	73	0
95	91	0
0	12	0
51	94	0
79	30	0
41	10	1
93	81	0
42	59	0
77	78	0
28	33	0
97	32	0
87	77	0
23	69	0
16	83	0
3	48	1
26	72	0
20	99	0
72	14	0
29	59	0
9	85	0
35	34	0
52	17	0
42	59	0
65	46	0
43	5	1
30	76	0
94	26	0
5	26	0
75	48	0
91	26	0
55	61	0
32	19	0
39	5	0
16	91	0
43	78	0
24	61	0
21	18	0
20	83	0
24	76	0
70	57	0
93	40	0
34	67	0
81	99	0
48	32	0
61	70	0
44	85	0
11	88	0
86	42	0
41	62	0
9	21	0
92	52	0
62	48	0
91	25	0
87	19	0
74	33	0
57	92	0
46	38	0
63	41	0
57	31	0
40	2	0
35	93	0
57	68	0
89	28	0
62	98	0
85	55	0
77	45	0
33	77	0
29	75	0
79	30	0
52	43	0
72	0	0
96	97	0
74	78	0
51	78	0
74	34	0
86	81	0
16	80	0
58	31	0
17	96	0
11	58	1
33	65	0
84	63	0
62	16	0
99	93	0
89	11	0
99	92	0
57	10	0
65	22	0
75	52	0
68	31	0
12	84	0
53	91	0
66	79	0
4	28	0
11	84	0
19	71	0
44	10	1
38	37	0
2	50	1
80	41	0
50	18	0
3	60	0
20	86	0
65	93	0
92	47	0
1	74	0
66	41	0
26	90	0
83	59	0
70	41	0
24	54	0
85	37	0
76	46	0
68	63	0
11	58	1
53	46	0
6	87	0
1	6	0
83	69	0
17	65	0
19	8	0
3	94	0
23	75	0
98	38	0
68	83	0
84	61	0
93	85	0
54	60	0
59	37	0
3	76	0
49	60	0
36	55	0
64	35	0
84	26	0
