91	64	0
38	6	0
34	36	0
63	99	0
20	9	0
95	39	0
94	85	0
46	9	0
60	76	0
50	23	0
85	49	0
1	84	0
14	1	0
23	77	0
95	25	0
80	75	0
54	35	0
20	54	0
89	60	0
97	8	0
50	90	0
56	66	0
77	88	0
56	8	0
31	80	0
50	15	0
86	70	0
63	86	0
87	80	0
1	27	0
52	18	0
39	22	0
92	32	0
28	51	0
87	64	0
10	86	0
40	97	0
90	30	0
69	88	0
41	6	0
21	70	0
92	60	0
93	70	0
52	63	0
97	44	0
0	80	0
63	8	0
99	64	0
13	71	0
68	14	0
14	78	0
60	97	0
34	79	0
94	71	0
49	38	0
30	23	0
94	78	0
99	99	0
94	5	0
14	94	0
99	17	0
30	10	0
75	74	0
37	7	0
16	99	0
84	6	0
37	86	0
67	94	0
43	67	0
3	34	0
70	87	0
9	58	0
93	34	0
31	87	0
57	96	0
61	31	0
30	97	0
62	93	0
2	20	0
97	5	0
95	19	0
44	63	0
84	42	0
86	50	0
52	10	0
34	5	0
68	51	0
12	96	0
56	6	0
53	85	0
41	0	0
50	38	0
81	43	0
33	63	0
73	49	0
3	59	0
78	82	0
3	81	0
30	96	0
95	59	0
64	17	0
41	67	0
36	66	0
65	0	0
70	52	0
1	63	0
29	4	0
14	39	0
39	40	0
65	81	0
44	42	0
10	97	0
84	9	0
48	83	0
75	76	0
98	0	0
70	89	0
52	68	0
35	17	0
52	98	0
95	67	0
71	63	0
26	94	0
61	32	0
30	14	0
20	44	0
78	8	0
7	59	0
92	56	0
96	16	0
80	41	0
42	51	0
49	13	0
81	69	0
21	10	0
32	24	0
96	59	0
37	35	0
61	72	0
68	84	0
48	34	0
45	43	0
57	38	0
18	41	0
29	49	0
19	58	0
85	93	0
43	61	0
33	97	0
72	41	0
75	65	0
51	76	0
89	68	0
24	24	0
52	52	0
16	16	0
18	78	0
34	65	0
89	36	0
42	43	0
80	10	0
42	85	0
54	24	0
47	50	0
76	78	0
27	72	0
49	70	0
38	81	0
34	50	0
38	10	0
57	17	0
41	82	0
27	71	0
79	71	0
91	60	0
31	96	0
93	73	0
26	46	0
20	79	0
53	70	0
46	51	0
24	10	0
77	88	0
86	79	0
56	64	0
67	34	0
2	51	0
59	0	0
77	48	0
62	22	0
79	28	0
20	57	0
12	51	0
45	54	0
74	26	0
36	68	0
84	27	0
36	94	0
26	76	0
41	24	0
82	76	0
44	58	0
32	8	0
19	80	0
56	10	0
95	84	0
62	93	0
91	2	0
6	74	0
20	65	0
99	28	0
50	82	0
36	35	0
54	69	0
54	63	0
45	64	0
17	79	0
28	58	0
67	0	0
5	59	0
63	82	0
91	39	0
36	93	0
79	63	0
61	23	0
49	67	0
20	83	0
38	98	0
51	30	0
74	40	0
86	59	0
72	46	0
67	65	0
7	42	0
50	11	0
6	90	0
58	54	0
68	42	0
65	32	0
56	10	0
7	52	0
83	21	0
40	9	0
64	63	0
58	81	0
73	34	0
99	39	0
95	7	0
4	48	0
96	78	0
17	97	0
95	78	0
26	95	0
62	34	0
72	22	0
16	82	0
78	29	0
33	71	0
34	77	0
46	0	0
31	93	0
78	90	0
70	85	0
85	45	0
90	65	0
17	99	0
43	69	0
67	6	0
71	39	0
36	20	0
37	2	0
48	12	0
53	54	0
78	48	0
38	47	0
33	48	0
37	73	0
73	85	0
82	64	0
62	79	0
84	3	0
85	42	0
67	3	0
19	42	0
69	40	0
70	54	0
74	71	0
13	37	0
38	66	0
64	17	0
18	90	0
33	88	0
23	73	0
87	64	0
49	17	0
30	1	0
34	56	0
75	71	0
61	8	0
75	89	0
14	2	0
49	98	0
6	70	0
42	99	0
46	37	0
2	54	0
72	28	0
75	8	0
57	13	0
86	13	0
41	59	0
13	56	0
73	25	0
88	66	0
12	10	0
0	68	0
30	96	0
10	92	0
45	99	0
58	73	0
53	47	0
67	6	0
47	82	0
43	60	0
82	97	0
39	27	0
6	58	0
28	48	0
63	55	0
70	84	0
29	24	0
78	26	0
37	4	0
54	3	0
56	16	0
38	42	0
71	65	0
80	9	0
12	45	0
42	14	0
52	62	0
42	36	0
27	49	0
86	75	0
75	56	0
12	50	0
60	35	0
94	10	0
64	5	0
58	27	0
46	43	0
36	32	0
8	78	0
60	84	0
27	71	0
20	95	0
33	92	0
53	14	0
42	37	0
96	45	0
86	50	0
0	64	0
79	73	0
70	76	0
79	29	0
82	89	0
85	2	0
72	57	0
85	71	0
37	25	0
64	44	0
27	47	0
93	78	0
71	9	0
98	23	0
27	51	0
38	89	0
69	69	0
82	16	0
16	75	0
91	32	0
59	95	0
81	22	0
75	38	0
44	48	0
55	39	0
31	37	1
30	52	0
63	87	0
78	25	0
39	25	0
74	76	0
28	63	0
16	99	0
93	95	0
42	37	0
6	92	0
54	43	0
91	13	0
77	38	0
18	67	0
60	47	0
41	30	0
48	44	0
14	99	0
86	20	0
53	3	0
86	41	0
52	47	0
28	85	0
19	4	0
60	56	0
53	88	0
10	49	0
43	79	0
37	82	0
51	31	0
22	86	0
11	42	0
64	11	0
76	25	0
84	2	0
86	89	0
22	68	0
31	30	1
49	25	0
81	6	0
82	62	0
74	94	0
6	34	0
59	90	0
93	60	0
30	85	0
75	0	0
56	56	0
67	26	0
71	11	0
42	26	0
39	14	0
98	4	0
92	37	0
6	88	0
80	12	0
89	98	0
20	87	0
94	63	0
45	53	0
14	26	0
79	96	0
63	42	0
4	97	0
66	36	0
79	37	0
78	42	0
89	71	0
21	65	0
83	63	0
38	87	0
89	81	0
28	87	0
93	82	0
43	32	0
59	63	0
66	93	0
40	67	0
71	95	0
68	45	0
30	58	0
37	66	0
87	4	0
10	89	0
93	53	0
18	84	0
47	79	0
44	80	0
93	45	0
39	50	0
46	21	0
82	62	0
63	11	0
85	89	0
59	88	0
48	47	0
50	11	0
40	36	0
51	87	0
36	25	0
45	63	0
79	70	0
35	14	0
96	95	0
58	12	0
5	13	0
46	32	0
19	79	0
44	0	0
14	67	0
93	85	0
63	87	0
59	49	0
57	6	0
44	67	0
40	55	0
99	51	0
88	5	0
6	72	0
74	5	0
49	73	0
63	26	0
40	14	0
31	64	0
85	82	0
33	75	0
36	81	0
77	31	0
19	46	0
68	31	0
40	64	0
64	88	0
28	99	0
88	11	0
93	30	0
70	13	0
28	78	0
31	99	0
28	84	0
76	49	0
81	80	0
77	92	0
9	39	0
75	42	0
72	76	0
75	63	0
61	78	0
10	82	0
16	65	0
37	21	0
43	15	0
0	39	0
44	53	0
29	48	0
85	32	0
86	43	0
74	4	0
73	49	0
48	61	0
24	52	0
53	28	0
90	76	0
50	90	0
83	65	0
34	63	0
32	91	0
79	56	0
31	52	0
75	27	0
25	48	0
35	14	0
92	57	0
76	96	0
53	56	0
6	54	0
51	5	0
56	59	0
40	88	0
33	27	0
74	94	0
95	63	0
9	85	0
66	45	0
8	62	0
73	58	0
35	62	0
50	58	0
40	79	0
63	63	0
5	59	0
66	62	0
69	46	0
74	51	0
31	72	0
64	85	0
54	5	0
98	21	0
55	32	0
92	8	0
15	80	0
29	42	1
35	67	0
83	66	0
26	53	0
76	73	0
18	91	0
14	84	0
82	83	0
47	27	0
2	69	0
70	96	0
51	65	0
93	62	0
21	96	0
96	39	0
19	9	0
36	76	0
19	85	0
34	12	0
16	43	0
10	29	0
82	70	0
97	21	0
60	12	0
72	30	0
92	23	0
30	8	0
30	64	0
97	32	0
5	63	0
47	94	0
0	54	0
26	80	0
74	54	0
49	98	0
80	50	0
66	84	0
28	42	1
69	63	0
45	56	0
74	67	0
6	79	0
55	33	0
25	84	0
85	51	0
75	28	0
89	73	0
95	99	0
86	88	0
44	73	0
69	39	0
49	64	0
38	17	0
32	8	0
37	74	0
6	40	0
69	10	0
61	76	0
89	81	0
89	3	0
15	48	0
54	83	0
17	94	0
60	6	0
54	37	0
60	21	0
44	27	0
44	15	0
83	9	0
38	96	0
68	20	0
32	95	0
99	15	0
25	43	1
43	61	0
72	30	0
82	99	0
70	72	0
40	64	0
61	95	0
76	65	0
92	47	0
9	60	0
83	86	0
83	95	0
13	66	0
94	43	0
29	66	0
98	87	0
48	96	0
38	12	0
72	70	0
92	53	0
53	76	0
69	72	0
95	65	0
70	37	0
15	58	0
3	62	0
62	80	0
70	34	0
46	48	0
54	3	0
34	25	0
96	72	0
17	56	0
30	42	1
67	24	0
48	4	0
57	24	0
20	92	0
7	58	0
7	75	0
68	51	0
91	25	0
89	38	0
94	0	0
61	90	0
11	55	0
63	28	0
56	54	0
46	88	0
99	14	0
59	58	0
38	91	0
18	91	0
43	64	0
30	89	0
36	11	0
75	73	0
53	23	0
38	74	0
50	42	0
5	44	0
74	57	0
62	17	0
29	87	0
97	51	0
26	54	0
19	21	0
6	69	0
83	61	0
72	63	0
45	49	0
80	61	0
97	69	0
67	38	0
64	18	0
80	66	0
77	23	0
6	52	0
74	85	0
29	31	1
59	30	0
18	67	0
3	85	0
32	94	0
37	53	0
89	22	0
4	50	0
53	91	0
4	89	0
87	58	0
49	32	0
84	32	0
12	17	0
42	35	0
72	7	0
27	81	0
51	48	0
99	65	0
87	38	0
2	1	0
4	43	0
54	15	0
4	52	0
77	6	0
55	78	0
30	25	0
91	89	0
3	13	0
34	99	0
94	52	0
38	6	0
90	99	0
46	57	0
58	65	0
35	30	0
91	36	0
88	90	0
9	60	0
4	69	0
18	49	0
21	77	0
17	88	0
61	24	0
32	59	0
13	91	0
38	21	0
64	20	0
36	65	0
63	48	0
49	12	0
34	72	0
36	32	0
91	14	0
4	32	0
83	48	0
94	19	0
49	47	0
33	22	0
49	3	0
22	95	0
42	66	0
46	68	0
26	14	0
20	91	0
9	83	0
68	47	0
93	35	0
30	29	0
25	68	0
86	97	0
50	24	0
69	76	0
59	83	0
7	88	0
80	35	0
48	61	0
15	30	0
89	77	0
52	54	0
96	15	0
75	11	0
79	22	0
68	95	0
56	55	0
44	49	0
61	22	0
46	6	0
56	88	0
55	78	0
14	65	0
75	39	0
54	91	0
90	32	0
90	56	0
35	81	0
40	60	0
80	33	0
44	49	0
79	7	0
96	97	0
75	72	0
44	81	0
74	41	0
71	87	0
10	77	0
51	13	0
12	93	0
11	64	0
50	67	0
71	80	0
68	11	0
96	92	0
92	7	0
93	99	0
67	8	0
80	31	0
78	57	0
53	35	0
17	82	0
47	94	0
63	81	0
27	47	0
8	33	0
23	90	0
12	70	0
42	14	0
42	45	0
22	57	0
34	42	1
0	47	0
89	49	0
39	24	0
10	64	0
28	84	0
64	86	0
89	50	0
6	71	0
66	41	0
31	65	0
81	52	0
60	29	0
6	56	0
28	50	0
84	46	0
65	51	0
82	54	0
0	70	0
68	53	0
4	78	0
0	3	0
89	70	0
12	59	0
27	2	0
32	26	0
7	97	0
21	79	0
89	39	0
69	72	0
85	61	0
76	81	0
49	68	0
61	39	0
6	71	0
41	68	0
30	59	0
73	51	0
86	9	0
