91	68	0
28	15	0
60	99	0
12	4	0
98	48	0
95	97	0
40	74	0
63	45	0
1	90	0
1	10	0
13	92	0
89	49	0
66	82	0
30	33	0
90	83	0
91	38	0
43	93	0
44	75	0
70	75	0
50	8	0
36	80	1
83	72	0
94	87	0
79	98	0
8	24	0
86	20	0
71	67	0
14	64	1
32	93	0
88	15	0
67	89	0
53	73	0
79	78	0
98	49	0
96	29	0
18	75	0
92	73	0
14	65	0
43	3	0
10	75	0
32	88	0
86	47	0
42	17	0
99	95	0
89	90	0
97	16	0
31	76	0
95	8	0
23	19	0
69	89	0
2	82	0
86	0	0
68	92	0
5	27	0
70	74	0
84	29	0
23	85	0
54	98	0
84	22	0
32	90	0
35	88	0
21	13	0
98	13	0
79	34	0
47	80	0
89	22	0
61	44	0
72	33	0
5	98	0
50	89	0
76	5	1
95	66	0
65	90	0
6	76	0
41	91	0
96	60	0
82	24	0
58	13	1
56	37	0
10	67	1
36	8	0
71	60	0
1	88	0
95	27	0
40	72	0
87	59	0
83	1	0
64	92	0
64	86	0
3	30	0
65	77	0
86	71	0
73	48	0
11	99	0
68	39	0
76	5	1
89	62	0
91	29	0
98	38	0
17	52	0
8	20	0
88	63	0
53	78	0
53	60	0
57	72	0
49	97	0
74	31	0
63	73	0
65	81	0
92	57	0
25	15	0
46	38	1
16	12	0
21	82	1
78	48	0
93	0	0
28	95	0
25	47	0
65	73	0
56	78	0
50	75	0
49	4	0
49	89	0
73	89	0
87	54	0
21	91	0
85	81	0
3	74	0
51	63	1
12	41	0
76	77	0
98	66	0
50	71	0
70	42	0
91	32	0
36	96	0
54	79	0
23	39	0
46	79	0
38	24	0
91	90	0
30	93	0
94	4	0
26	79	1
87	34	0
57	95	0
74	80	0
65	70	0
27	40	0
20	64	0
67	0	1
62	93	0
86	66	0
46	91	0
60	85	0
71	16	0
58	70	1
30	81	1
46	91	0
21	20	0
83	57	0
64	44	0
72	59	0
78	35	0
20	97	0
65	55	0
85	39	0
70	31	0
50	18	0
99	32	0
66	80	0
77	97	0
72	66	0
98	23	0
97	28	0
90	82	0
35	96	0
70	86	0
48	97	0
84	32	0
14	96	0
86	24	0
22	44	0
21	91	0
28	99	0
84	79	0
72	74	0
93	54	0
92	56	0
22	80	1
47	82	0
72	2	1
80	57	0
48	2	0
38	29	0
86	41	0
27	65	1
46	59	1
28	72	0
71	89	0
83	59	0
53	63	1
86	2	0
90	41	0
95	42	0
73	64	0
69	80	0
50	63	1
67	14	0
9	88	0
4	94	0
86	65	0
83	64	0
92	5	0
93	84	0
20	4	0
29	98	0
55	95	0
45	33	1
92	15	0
93	7	0
99	25	0
76	27	0
68	48	0
5	2	0
26	98	0
14	73	0
46	79	0
43	72	0
90	40	0
60	92	0
97	88	0
68	35	0
86	87	0
83	17	0
17	4	0
42	2	0
37	31	0
99	40	0
84	13	0
10	46	0
17	21	0
86	82	0
99	64	0
75	27	0
96	10	0
61	2	0
80	15	0
34	15	0
17	69	1
95	91	0
35	88	0
3	97	0
30	40	0
72	43	0
68	60	0
74	76	0
78	78	0
78	29	0
67	82	0
99	40	0
78	56	0
64	50	0
99	68	0
69	21	0
93	19	0
29	48	0
68	97	0
49	71	1
95	29	0
19	87	0
97	42	0
71	95	0
94	32	0
62	22	0
52	46	0
60	88	0
61	24	1
74	80	0
22	94	0
93	82	0
3	84	0
92	7	0
88	15	0
51	76	0
64	48	1
8	98	0
73	39	0
95	60	0
42	45	1
32	83	1
27	14	0
53	93	0
37	82	0
48	77	0
5	68	1
1	24	0
81	36	0
97	8	0
79	95	0
26	23	0
64	10	1
65	35	0
64	88	0
2	11	0
44	86	0
84	46	0
26	85	0
81	9	0
82	18	0
90	55	0
14	87	0
67	13	0
89	97	0
37	98	0
68	63	0
10	37	0
58	91	0
59	43	0
16	69	0
59	25	0
90	49	0
75	48	0
72	62	0
13	39	0
96	58	0
24	99	0
90	52	0
18	93	0
85	80	0
35	20	0
75	66	0
59	87	0
58	97	0
82	50	0
80	11	0
5	76	0
72	43	0
19	98	0
60	55	1
86	28	0
90	50	0
73	16	0
79	70	0
49	97	0
53	94	0
33	98	0
98	77	0
75	82	0
73	3	1
22	1	0
10	76	0
81	96	0
71	83	0
73	53	0
69	29	0
42	72	0
81	54	0
98	7	0
18	72	0
88	1	0
56	69	1
84	86	0
59	87	0
74	23	0
88	13	0
72	83	0
24	99	0
91	16	0
90	2	0
67	21	0
9	54	0
14	87	0
12	87	0
76	82	0
85	99	0
57	52	1
74	94	0
85	60	0
75	61	0
8	88	0
13	81	0
34	24	0
1	19	0
38	37	0
99	28	0
87	36	0
73	52	0
60	56	1
47	17	0
84	82	0
62	81	0
88	51	0
32	87	0
79	62	0
20	11	0
99	43	0
60	98	0
34	44	0
28	98	0
72	95	0
89	69	0
28	85	0
61	25	1
9	68	0
45	66	0
63	65	1
61	78	0
57	87	0
13	47	0
72	62	0
79	44	0
91	67	0
42	74	0
73	85	0
46	30	1
87	11	0
61	51	1
83	10	0
11	80	0
41	99	0
80	74	0
67	74	0
4	89	0
12	77	0
82	96	0
34	25	0
9	84	0
65	98	0
60	73	0
83	83	0
12	90	0
74	49	0
16	10	0
43	99	0
2	98	0
1	18	0
86	60	0
85	18	0
79	30	0
73	20	0
9	19	0
14	51	0
76	28	0
0	67	1
67	69	0
29	90	0
64	59	0
83	90	0
75	43	0
72	87	0
67	53	0
74	80	0
6	68	0
32	78	1
71	64	0
58	43	0
99	38	0
99	96	0
74	81	0
71	56	0
63	55	0
65	84	0
98	77	0
99	0	0
57	81	0
2	96	0
56	34	0
65	21	0
71	17	0
27	71	0
76	26	0
82	18	0
31	26	0
53	96	0
71	61	0
46	85	0
73	95	0
76	55	0
80	37	0
89	68	0
84	95	0
95	42	0
90	92	0
48	87	0
69	76	0
82	45	0
41	92	0
78	81	0
78	60	0
90	24	0
2	74	0
49	76	0
76	16	0
62	37	0
84	84	0
76	53	0
13	85	0
20	96	0
77	38	0
86	31	0
99	51	0
98	6	0
79	92	0
50	34	1
88	13	0
73	38	0
20	73	0
13	96	0
19	77	0
7	87	0
58	54	0
40	23	0
38	66	0
59	81	0
69	3	0
18	86	0
83	52	0
21	19	0
18	69	0
79	65	0
65	56	0
88	56	0
86	57	0
68	66	0
78	54	0
2	29	0
94	87	0
62	47	0
44	87	0
6	70	0
28	80	1
94	22	0
53	94	0
16	91	0
99	46	0
69	21	0
16	16	0
31	30	0
71	3	1
20	65	0
78	59	0
97	40	0
17	2	0
61	6	0
37	88	0
90	78	0
16	6	0
50	82	0
74	35	0
98	72	0
62	62	0
67	89	0
9	39	0
97	43	0
93	66	0
15	76	0
20	76	0
20	93	0
75	7	1
6	98	0
63	43	0
93	17	0
5	14	0
84	33	0
94	13	0
42	30	0
20	94	0
55	84	0
18	76	0
24	23	0
16	75	0
20	91	0
64	63	0
91	50	0
74	92	0
57	68	0
18	98	0
82	41	0
8	1	0
81	57	0
53	54	0
97	24	0
73	27	0
77	31	0
57	96	0
35	37	1
50	41	1
63	11	0
36	99	0
47	55	1
92	36	0
65	97	0
75	54	0
86	44	0
51	89	0
30	78	0
90	34	0
99	98	0
79	82	0
55	80	0
88	14	0
73	74	0
27	81	1
66	28	0
29	93	0
94	52	0
95	85	0
83	7	0
96	99	0
83	26	0
87	65	0
9	88	0
75	93	0
67	80	0
3	19	0
13	97	0
5	71	0
86	28	0
24	96	0
56	87	0
87	45	0
12	67	1
80	42	0
28	93	0
80	47	0
84	54	0
77	48	0
81	31	0
50	64	1
2	87	0
5	4	0
70	70	0
15	60	0
21	0	0
4	89	0
30	73	0
99	51	0
80	85	0
94	59	0
94	77	0
81	45	0
4	80	0
80	35	0
86	28	0
