98	66	0
50	15	0
42	20	0
40	90	0
2	41	0
92	27	0
90	77	0
7	3	0
44	14	0
71	92	0
41	39	0
79	39	0
0	87	0
22	0	0
14	62	0
97	6	0
91	81	0
66	29	0
30	60	0
98	65	0
98	2	0
40	71	0
79	80	0
81	86	0
71	0	0
29	92	0
56	12	0
79	83	0
73	91	0
96	53	0
2	42	0
28	32	0
49	25	0
82	21	0
39	44	0
97	79	0
11	96	0
70	73	0
87	16	0
82	97	0
45	13	0
24	54	0
69	54	0
99	56	0
61	81	0
94	51	0
17	98	0
34	44	0
57	14	0
89	41	0
21	68	0
63	11	0
31	90	0
54	89	0
25	67	0
96	70	0
53	20	0
34	52	0
87	73	0
98	99	0
86	14	0
24	98	0
89	10	0
53	15	0
91	67	0
39	36	0
10	85	0
88	10	0
36	86	0
85	75	0
61	53	0
18	29	0
86	80	0
30	40	0
21	52	0
88	39	0
22	21	1
18	36	0
41	82	0
62	91	0
69	26	0
41	93	0
64	99	0
0	12	0
15	25	0
93	17	0
94	18	0
38	53	0
81	41	0
20	31	0
76	52	0
39	53	0
34	10	0
37	1	0
68	48	0
20	81	0
57	5	0
45	80	0
43	2	0
35	28	0
90	40	0
48	61	0
62	47	0
19	79	0
65	80	0
7	79	0
50	75	0
86	48	0
67	13	0
56	76	0
7	47	0
61	10	0
51	73	0
11	72	0
41	1	0
23	57	0
20	32	0
90	80	0
44	37	0
1	4	0
32	98	0
82	3	0
67	64	0
19	36	0
80	85	0
91	15	0
63	69	0
58	88	0
34	17	0
60	95	0
20	18	0
68	83	0
60	52	0
34	95	0
77	27	0
36	31	0
17	34	0
80	5	0
11	11	1
5	74	0
17	15	1
97	72	0
86	13	0
87	38	0
45	60	0
63	4	0
81	97	0
5	5	0
37	13	0
12	16	1
84	80	0
37	34	0
92	65	0
84	82	0
55	24	0
54	39	0
72	55	0
3	49	0
25	78	0
7	58	0
81	78	0
54	68	0
39	94	0
83	51	0
72	72	0
57	83	0
22	39	0
88	85	0
7	41	0
31	36	0
24	21	0
20	72	0
32	77	0
96	23	0
45	36	0
76	11	0
38	81	0
72	22	0
60	26	0
73	76	0
21	48	0
62	62	0
32	97	0
32	65	0
37	8	0
65	19	0
29	89	0
13	86	0
73	84	0
89	53	0
21	88	0
29	36	0
82	73	0
25	53	0
37	77	0
34	99	0
52	44	0
32	4	0
19	41	0
80	89	0
89	92	0
58	94	0
75	14	0
5	59	0
61	6	0
61	18	0
64	23	0
83	25	0
26	57	0
5	69	0
54	63	0
66	36	0
32	74	0
90	18	0
62	89	0
32	65	0
28	17	0
81	71	0
35	72	0
41	4	0
0	87	0
82	20	0
98	78	0
84	91	0
87	18	0
3	79	0
20	79	0
95	47	0
56	73	0
37	47	0
42	79	0
58	70	0
57	52	0
11	86	0
36	66	0
62	17	0
9	60	0
67	99	0
63	39	0
33	86	0
91	62	0
41	12	0
43	60	0
8	76	0
38	93	0
59	32	0
70	22	0
11	37	0
92	62	0
69	44	0
81	52	0
12	88	0
62	6	0
19	83	0
62	68	0
61	48	0
70	59	0
55	2	0
20	8	0
7	59	0
80	47	0
49	12	0
68	56	0
51	81	0
65	53	0
90	28	0
94	18	0
10	61	0
87	67	0
23	93	0
14	18	1
92	53	0
35	93	0
55	34	0
47	1	0
13	95	0
77	36	0
43	59	0
37	76	0
49	4	0
22	92	0
77	78	0
84	91	0
59	31	0
94	72	0
13	93	0
39	46	0
61	4	0
63	21	0
30	28	0
49	1	0
60	11	0
56	46	0
70	36	0
30	50	0
24	46	0
50	54	0
68	74	0
89	75	0
54	87	0
74	14	0
99	54	0
73	2	0
7	55	0
26	11	0
92	37	0
50	27	0
72	76	0
9	43	0
52	65	0
62	27	0
28	99	0
32	89	0
37	72	0
90	53	0
45	26	0
45	0	0
25	51	0
90	53	0
71	11	0
74	95	0
17	6	0
67	94	0
8	77	0
44	86	0
33	30	0
0	57	0
7	11	1
83	10	0
21	33	0
78	15	0
39	12	0
8	0	0
83	11	0
30	53	0
13	43	0
88	28	0
95	53	0
8	28	0
23	35	0
5	57	0
37	89	0
14	73	0
4	4	0
40	95	0
49	62	0
38	28	0
11	12	1
59	32	0
44	84	0
38	67	0
91	95	0
36	27	0
15	53	0
33	42	0
52	69	0
74	99	0
48	8	0
71	1	0
33	11	0
43	5	0
56	9	0
24	47	0
81	59	0
64	2	0
25	46	0
62	11	0
53	57	0
51	55	0
34	60	0
75	79	0
67	53	0
14	70	0
53	33	0
24	15	0
93	7	0
47	0	0
63	20	0
58	33	0
19	41	0
12	73	0
69	74	0
12	78	0
32	93	0
25	92	0
46	21	0
32	39	0
84	67	0
59	49	0
5	77	0
74	78	0
63	85	0
23	31	0
68	17	0
67	91	0
68	3	0
98	64	0
76	39	0
37	17	0
34	44	0
40	41	0
90	78	0
14	24	0
72	25	0
87	3	0
12	60	0
34	94	0
73	77	0
83	4	0
1	74	0
94	39	0
50	91	0
11	9	1
70	2	0
63	55	0
42	53	0
62	51	0
28	39	0
50	38	0
77	75	0
66	50	0
39	34	0
69	68	0
26	47	0
27	88	0
82	89	0
44	17	0
0	74	0
72	18	0
84	15	0
73	43	0
17	60	0
62	20	0
28	34	0
53	39	0
11	96	0
66	45	0
61	16	0
88	49	0
46	28	0
32	75	0
40	3	0
81	43	0
7	0	0
63	91	0
2	92	0
36	36	0
52	79	0
54	30	0
16	96	0
18	52	0
15	37	0
64	16	0
95	34	0
80	22	0
90	97	0
35	61	0
20	17	1
38	11	0
31	27	0
84	19	0
53	63	0
80	79	0
25	28	0
66	99	0
82	67	0
37	75	0
75	6	0
70	38	0
83	19	0
68	28	0
40	25	0
36	32	0
97	4	0
61	27	0
4	70	0
93	18	0
96	93	0
7	90	0
91	64	0
42	48	0
31	3	0
91	86	0
81	56	0
30	95	0
66	22	0
73	38	0
93	64	0
82	72	0
31	77	0
76	81	0
33	94	0
93	75	0
37	38	0
29	89	0
98	92	0
30	34	0
26	43	0
71	66	0
62	96	0
52	70	0
10	10	1
49	86	0
65	60	0
36	59	0
36	68	0
82	19	0
15	90	0
94	48	0
19	78	0
43	57	0
42	82	0
83	30	0
28	32	0
18	46	0
5	14	1
65	46	0
93	66	0
59	24	0
83	92	0
70	96	0
35	38	0
60	11	0
30	43	0
19	78	0
37	34	0
60	65	0
67	86	0
34	21	0
73	85	0
52	34	0
38	14	0
60	32	0
24	75	0
45	12	0
5	60	0
94	85	0
63	99	0
50	45	0
77	12	0
40	69	0
44	48	0
98	54	0
94	4	0
3	71	0
72	2	0
83	81	0
69	27	0
36	1	0
36	63	0
76	77	0
31	82	0
48	82	0
80	17	0
13	70	0
57	9	0
51	71	0
64	98	0
31	91	0
91	7	0
88	20	0
66	13	0
35	89	0
13	90	0
6	90	0
75	49	0
73	59	0
79	63	0
15	43	0
88	50	0
66	57	0
18	20	1
82	75	0
68	59	0
22	48	0
15	73	0
37	29	0
44	35	0
2	52	0
57	63	0
44	39	0
95	39	0
80	32	0
77	0	0
76	29	0
50	85	0
20	19	0
16	48	0
67	35	0
97	81	0
71	76	0
98	79	0
22	48	0
57	66	0
61	54	0
28	60	0
81	40	0
24	62	0
48	22	0
91	59	0
72	97	0
51	50	0
19	65	0
37	6	0
72	63	0
27	76	0
48	25	0
76	77	0
87	75	0
21	91	0
52	55	0
19	76	0
78	72	0
40	57	0
50	61	0
39	79	0
60	70	0
28	29	0
16	60	0
88	78	0
78	56	0
93	63	0
33	81	0
55	74	0
69	34	0
21	22	0
87	22	0
37	31	0
99	2	0
18	90	0
30	34	0
1	17	1
29	84	0
86	62	0
18	38	0
94	63	0
15	92	0
16	71	0
32	3	0
97	89	0
28	30	0
3	84	0
75	90	0
33	63	0
80	73	0
27	82	0
99	23	0
23	17	0
37	82	0
29	72	0
34	19	0
25	36	0
12	28	0
95	69	0
87	11	0
53	11	0
70	12	0
88	42	0
32	7	0
39	33	0
99	38	0
10	62	0
45	91	0
2	46	0
21	84	0
73	56	0
45	97	0
66	47	0
76	79	0
37	32	0
79	69	0
35	66	0
86	44	0
6	76	0
58	39	0
33	68	0
71	28	0
61	41	0
95	85	0
90	92	0
85	88	0
22	89	0
22	38	0
53	55	0
45	64	0
37	28	0
18	5	0
42	69	0
13	46	0
60	1	0
71	87	0
87	58	0
99	13	0
13	50	0
4	1	0
82	97	0
5	90	0
56	12	0
56	44	0
73	10	0
16	1	0
49	12	0
21	36	0
48	18	0
56	2	0
37	78	0
56	22	0
35	92	0
71	2	0
28	40	0
50	63	0
65	16	0
88	63	0
64	74	0
43	66	0
52	98	0
81	84	0
5	16	1
92	60	0
13	62	0
79	73	0
55	88	0
20	36	0
17	63	0
94	49	0
31	86	0
93	98	0
66	83	0
45	11	0
42	54	0
75	62	0
51	92	0
77	51	0
95	73	0
78	25	0
17	68	0
7	59	0
71	88	0
75	42	0
56	63	0
58	8	0
30	23	0
69	68	0
26	43	0
14	67	0
37	46	0
53	43	0
25	14	0
60	31	0
6	88	0
24	39	0
17	61	0
2	67	0
76	56	0
30	25	0
59	12	0
94	24	0
81	1	0
52	67	0
1	63	0
65	29	0
43	37	0
11	12	1
19	20	1
76	71	0
77	16	0
45	39	0
50	66	0
48	85	0
19	93	0
27	61	0
44	86	0
27	39	0
75	84	0
49	37	0
26	80	0
12	17	1
54	27	0
3	44	0
54	55	0
63	16	0
31	73	0
85	53	0
55	44	0
56	48	0
42	18	0
3	70	0
68	59	0
71	51	0
39	36	0
78	56	0
82	76	0
73	38	0
63	13	0
84	74	0
85	19	0
6	75	0
68	81	0
27	13	0
50	30	0
7	2	0
11	53	0
12	86	0
30	91	0
28	50	0
94	31	0
16	50	0
57	99	0
13	85	0
98	67	0
53	65	0
86	41	0
14	2	0
62	18	0
46	4	0
11	3	0
22	82	0
52	62	0
82	70	0
72	46	0
12	0	0
25	36	0
63	13	0
1	77	0
71	4	0
38	69	0
56	28	0
72	96	0
8	40	0
4	93	0
93	60	0
28	20	0
86	73	0
63	56	0
69	40	0
44	29	0
91	34	0
89	68	0
19	66	0
3	91	0
23	52	0
5	85	0
6	96	0
94	31	0
32	51	0
3	98	0
51	11	0
66	0	0
41	45	0
27	20	0
72	43	0
38	20	0
25	80	0
27	36	0
65	12	0
3	45	0
90	48	0
87	5	0
57	52	0
38	6	0
46	26	0
10	99	0
56	76	0
35	67	0
11	6	1
38	14	0
2	83	0
2	78	0
68	56	0
86	44	0
46	34	0
31	73	0
26	31	0
93	88	0
64	28	0
38	83	0
63	97	0
23	18	0
8	90	0
66	16	0
58	68	0
38	39	0
99	69	0
31	72	0
98	21	0
82	17	0
99	21	0
88	87	0
47	57	0
23	87	0
88	9	0
33	2	0
73	81	0
67	70	0
16	42	0
67	41	0
64	82	0
84	11	0
94	48	0
17	67	0
54	44	0
26	29	0
87	24	0
47	49	0
68	13	0
91	89	0
83	73	0
53	69	0
73	28	0
61	65	0
8	91	0
37	0	0
6	95	0
16	77	0
64	67	0
78	98	0
90	11	0
98	91	0
76	2	0
14	7	1
86	75	0
68	7	0
99	35	0
74	52	0
53	41	0
18	65	0
61	92	0
56	72	0
9	42	0
9	41	0
41	91	0
3	75	0
48	4	0
41	54	0
13	60	0
45	34	0
1	40	0
98	45	0
57	30	0
1	43	0
23	90	0
71	61	0
2	7	0
87	76	0
18	82	0
58	44	0
38	59	0
89	49	0
60	42	0
1	9	0
9	11	1
5	52	0
27	59	0
85	73	0
63	46	0
96	69	0
4	54	0
65	59	0
16	71	0
0	13	0
76	77	0
1	13	1
30	68	0
41	7	0
30	26	0
9	79	0
33	86	0
4	3	0
77	39	0
64	62	0
81	68	0
77	79	0
45	88	0
33	20	0
1	67	0
11	13	1
42	66	0
42	49	0
56	51	0
83	12	0
