87	61	0
31	29	0
59	93	1
8	14	0
92	46	0
90	82	0
72	40	0
6	77	0
0	6	0
13	88	0
78	35	0
76	78	0
28	31	0
64	70	0
91	49	0
66	68	0
43	35	0
91	85	0
99	84	0
67	91	0
3	28	0
70	85	0
75	31	0
56	76	1
47	70	0
66	83	0
84	48	0
98	28	0
89	76	0
37	3	0
82	31	0
34	19	0
97	63	0
92	72	0
88	7	0
18	34	0
56	81	1
7	87	0
19	33	0
71	77	0
94	40	0
53	80	0
8	19	0
88	16	0
63	30	1
51	35	0
75	42	0
85	68	0
14	60	0
95	53	0
47	34	0
32	12	0
60	59	0
0	94	0
91	24	0
37	68	0
85	69	0
95	10	0
80	91	0
55	83	1
8	20	0
71	87	0
82	66	0
83	40	0
61	50	0
84	40	0
84	35	0
86	39	0
30	59	0
16	19	0
83	75	0
44	83	0
78	45	0
60	70	0
82	76	0
82	76	0
25	14	0
9	13	0
84	65	0
96	7	0
16	53	0
77	78	0
53	78	1
56	76	1
48	16	0
70	80	0
77	56	0
11	88	0
97	95	0
6	97	1
15	60	0
91	86	0
94	71	0
53	88	1
67	50	0
96	31	0
50	57	0
15	52	0
54	10	0
83	87	0
72	6	0
84	50	0
79	96	0
56	63	0
60	79	0
15	18	0
77	95	0
37	80	0
24	28	0
61	37	0
63	88	1
64	48	0
12	94	1
93	28	0
49	24	0
70	71	0
71	89	0
82	66	0
96	27	0
84	85	0
75	83	0
56	67	0
15	43	0
71	69	0
75	72	0
91	61	0
90	38	0
90	65	0
62	14	0
43	32	0
78	54	0
32	83	0
84	76	0
99	50	0
93	24	0
70	62	1
62	97	1
59	17	0
4	93	1
95	56	0
94	72	0
11	21	0
92	14	0
84	21	0
83	26	0
9	10	0
37	83	0
92	53	0
67	91	0
86	86	0
72	29	1
51	92	0
3	16	0
37	23	0
52	33	0
62	41	0
1	58	0
46	10	0
93	78	0
91	53	0
65	1	0
29	14	0
99	84	0
32	70	0
5	95	1
38	29	0
61	53	0
77	62	0
55	83	1
82	73	0
75	30	0
78	90	0
92	32	0
88	79	0
52	28	0
95	74	0
60	12	0
36	55	0
77	93	0
89	43	0
93	48	0
85	92	0
95	44	0
32	49	0
64	83	0
19	78	0
81	77	0
1	96	0
89	36	0
96	67	0
40	4	0
46	53	0
20	10	0
94	27	0
66	85	0
10	40	0
78	32	0
74	76	0
21	36	0
82	45	0
80	11	0
99	63	0
70	30	0
97	94	0
17	41	0
77	56	0
89	42	0
57	44	0
1	55	0
97	75	0
93	59	0
16	88	0
75	86	0
42	20	0
67	60	1
75	96	0
94	42	0
66	5	0
61	44	0
71	33	0
93	60	0
63	28	1
87	82	0
95	84	0
79	95	0
13	11	0
3	72	0
77	89	0
63	93	1
50	15	0
86	53	0
90	8	0
99	82	0
62	69	0
64	72	0
99	3	0
87	37	0
7	38	0
7	97	1
85	82	0
97	97	0
90	90	0
71	66	0
62	78	0
16	89	0
25	27	0
4	11	0
41	37	0
86	39	0
64	62	1
67	12	0
75	91	0
76	74	0
84	44	0
29	15	0
92	46	0
65	93	0
59	27	0
63	81	0
95	60	0
10	44	0
53	83	0
4	45	0
68	81	0
95	43	0
91	69	0
83	30	0
91	62	0
66	62	1
7	95	0
79	97	0
18	19	0
5	88	0
59	77	1
65	63	1
89	97	0
5	76	0
86	55	0
11	7	0
13	81	0
11	9	0
90	60	0
15	30	0
7	35	0
84	32	0
67	69	0
94	82	0
84	53	0
79	76	0
72	83	0
0	80	0
90	60	0
62	24	0
93	35	0
73	85	0
77	62	0
41	84	0
94	76	0
45	74	0
5	92	0
74	42	0
33	40	0
52	83	0
39	66	0
63	88	1
96	51	0
87	29	0
67	66	0
95	75	0
89	40	0
99	98	0
91	66	0
63	20	0
83	74	0
87	59	0
98	28	0
46	59	0
68	34	1
91	87	0
87	65	0
27	74	0
83	33	0
82	41	0
87	41	0
97	85	0
74	55	0
1	98	0
42	34	0
24	70	0
62	11	0
2	92	0
84	50	0
15	13	0
21	57	0
53	65	0
78	85	0
75	58	0
67	46	0
85	41	0
15	44	0
91	79	0
61	90	1
78	11	0
9	92	0
96	52	0
19	9	0
21	33	0
73	41	0
95	34	0
17	3	0
42	5	0
58	61	0
96	85	0
27	3	0
64	1	0
87	86	0
55	85	0
26	49	0
96	50	0
85	64	0
12	97	1
10	91	0
50	38	0
93	48	0
17	36	0
84	29	0
78	8	0
34	35	0
25	40	0
82	42	0
59	86	1
79	43	0
21	15	0
94	54	0
78	43	0
75	49	0
53	91	0
54	54	0
69	40	0
81	43	0
93	90	0
87	84	0
73	70	0
74	24	0
90	48	0
88	98	0
95	98	0
81	67	0
83	94	0
52	77	0
7	10	0
28	95	0
83	48	0
74	27	0
89	49	0
77	46	0
93	62	0
88	39	0
21	75	0
7	8	0
43	88	0
27	68	0
41	2	0
9	84	0
99	45	0
92	85	0
80	50	0
96	99	0
95	36	0
