97	65	0
17	15	0
65	97	0
10	3	0
88	38	0
98	96	0
43	13	1
47	82	0
57	24	0
81	50	0
4	89	0
5	7	0
13	91	0
93	32	0
71	72	0
43	33	0
83	72	0
95	16	0
58	97	0
45	71	0
79	69	0
45	8	0
24	81	0
52	21	0
93	68	0
78	87	0
85	75	0
12	33	0
56	16	1
55	35	0
88	24	0
80	71	0
11	75	0
30	94	0
83	7	0
71	91	0
25	8	0
49	71	0
84	68	0
98	72	0
57	67	0
98	36	0
19	73	0
65	4	0
97	65	0
19	75	0
60	0	0
8	74	0
41	99	0
30	68	0
92	57	0
56	36	0
38	21	0
99	83	0
94	93	0
97	16	0
31	89	0
94	10	0
24	15	0
76	91	0
34	8	1
0	88	0
83	11	0
26	65	0
62	89	0
35	59	0
4	30	0
72	84	0
89	30	0
21	95	0
43	99	0
65	26	0
28	93	0
51	96	0
11	15	0
99	19	0
79	25	0
53	76	0
88	42	0
85	62	0
56	9	0
70	36	0
2	97	0
72	0	0
44	77	0
42	6	1
53	20	0
87	16	0
38	56	1
85	52	0
1	56	0
79	89	0
2	81	0
39	97	0
91	52	0
73	28	0
33	64	0
38	60	0
68	3	0
66	53	0
16	75	0
33	2	0
61	71	0
48	33	0
4	92	0
88	29	0
42	78	0
77	66	0
95	1	0
62	86	0
63	73	0
8	21	0
59	93	0
99	81	0
75	53	0
24	93	0
65	29	0
77	3	0
94	66	0
92	36	0
90	53	0
38	46	0
60	12	0
60	68	0
8	28	0
47	32	0
91	56	0
50	25	1
53	77	0
57	74	0
59	23	0
47	33	0
50	22	1
54	82	0
49	57	0
44	96	0
76	40	0
61	69	0
55	68	0
96	60	0
30	19	0
43	42	0
12	16	0
15	80	0
30	59	0
82	41	0
49	43	0
87	0	0
36	85	0
57	20	0
28	37	0
64	81	0
30	67	0
59	62	0
44	84	0
44	49	0
34	3	0
56	19	0
40	98	0
29	61	0
78	78	0
94	65	0
19	94	0
91	74	0
30	50	0
24	70	0
52	73	0
44	57	0
19	28	0
70	85	0
95	90	0
45	76	0
76	41	0
2	43	0
59	13	1
64	48	0
62	16	0
75	23	0
3	49	1
36	63	0
53	20	0
40	61	0
96	33	0
33	90	0
20	58	0
78	91	0
52	55	0
19	19	0
35	77	0
50	14	0
93	96	0
34	90	0
93	0	0
13	56	1
18	75	0
95	36	0
56	96	0
70	83	0
62	63	0
32	53	0
13	69	0
58	0	0
54	91	0
99	55	0
42	92	0
71	68	0
85	25	0
47	76	0
30	75	0
39	93	0
38	20	0
66	25	0
83	52	0
49	40	0
77	65	0
3	53	1
75	23	0
21	91	0
61	66	0
88	35	0
74	39	0
46	2	0
3	41	0
85	29	0
73	78	0
61	98	0
71	56	0
97	28	0
89	9	0
3	33	0
90	72	0
35	98	0
89	82	0
39	98	0
56	32	0
83	33	0
22	91	0
80	22	0
22	60	0
28	82	0
49	13	0
24	91	0
74	89	0
85	73	0
94	57	0
96	57	0
22	82	0
39	68	0
82	8	0
85	53	0
42	3	0
40	26	0
45	57	0
80	45	0
23	59	0
34	40	0
28	79	0
73	97	0
89	54	0
60	74	0
98	8	0
98	31	0
66	4	0
90	50	0
81	51	0
60	80	0
3	38	0
45	61	0
69	25	0
15	85	0
27	70	0
6	90	0
89	64	0
53	9	1
41	3	0
79	63	0
76	0	0
99	82	0
26	2	0
44	91	0
16	65	0
54	94	0
41	41	0
77	23	0
80	16	0
58	13	1
92	11	0
51	49	0
79	29	0
78	58	0
8	10	0
1	61	0
32	96	0
21	81	0
54	94	0
44	73	0
83	43	0
63	4	0
48	88	0
52	67	0
96	92	0
1	44	1
65	46	0
68	84	0
79	23	0
23	6	0
47	1	0
52	15	0
37	31	0
81	54	0
75	20	0
20	44	0
18	31	0
30	57	0
45	35	0
97	68	0
91	60	0
6	54	1
66	32	0
85	8	0
66	11	0
74	23	0
52	38	0
41	27	0
7	73	0
72	84	0
40	85	0
9	96	0
33	59	0
58	14	1
55	42	0
83	34	0
74	53	0
13	57	1
83	71	0
83	85	0
83	32	0
71	88	0
76	9	0
77	55	0
68	54	0
67	50	0
91	73	0
73	3	0
88	14	0
23	43	0
56	91	0
63	72	0
76	11	0
23	77	0
96	39	0
55	99	0
99	25	0
61	22	0
30	60	0
57	42	0
33	62	0
59	81	0
77	28	0
85	80	0
39	53	1
19	91	0
94	95	0
46	17	1
5	81	0
42	52	1
99	3	0
85	36	0
38	71	0
57	51	0
65	50	0
20	99	0
80	25	0
44	7	1
92	55	0
49	37	0
40	91	0
24	13	0
48	45	0
52	91	0
3	42	1
41	78	0
43	84	0
50	18	1
21	70	0
11	28	0
70	8	0
71	30	0
97	7	0
81	97	0
32	64	0
36	24	0
77	6	0
56	51	0
66	95	0
2	26	0
52	86	0
92	56	0
28	77	0
78	2	0
36	65	0
64	16	0
56	11	0
82	16	0
93	42	0
3	86	0
71	11	0
87	98	0
28	99	0
94	75	0
43	51	1
9	27	0
64	98	0
68	43	0
5	84	0
71	28	0
84	52	0
74	49	0
72	61	0
24	56	0
97	49	0
23	93	0
97	63	0
25	99	0
92	94	0
45	35	0
69	69	0
58	90	0
48	54	0
60	96	0
78	49	0
47	50	0
30	58	0
90	0	0
0	84	0
88	60	0
22	96	0
47	50	0
44	73	0
83	27	0
33	49	0
56	25	0
94	56	0
72	20	0
81	88	0
45	99	0
35	57	0
47	6	1
40	45	0
61	99	0
54	25	0
45	79	0
87	83	0
44	12	1
88	80	0
76	13	0
19	8	0
42	33	0
32	58	0
45	5	1
7	79	0
83	75	0
62	87	0
67	57	0
68	9	0
35	66	0
38	79	0
93	51	0
89	6	0
17	70	0
73	9	0
48	62	0
48	24	1
44	5	1
34	43	0
85	85	0
24	73	0
57	83	0
65	19	0
79	16	0
51	53	0
63	83	0
25	99	0
93	27	0
81	12	0
75	24	0
14	70	0
17	97	0
15	79	0
60	37	0
72	83	0
76	96	0
1	31	0
64	52	0
68	88	0
73	61	0
62	74	0
17	93	0
17	75	0
48	29	0
6	25	0
44	38	0
32	41	0
99	32	0
79	46	0
65	12	0
70	28	0
56	46	0
41	25	0
97	79	0
48	80	0
83	52	0
35	58	0
36	99	0
76	51	0
58	13	1
31	14	0
98	49	0
66	84	0
50	38	0
54	58	0
33	98	0
63	98	0
94	62	0
17	75	0
67	48	0
2	72	0
60	51	0
46	70	0
66	52	0
51	79	0
64	90	0
4	55	0
57	51	0
79	49	0
76	61	0
39	82	0
76	80	0
45	28	0
96	16	0
52	41	0
96	14	0
0	80	0
47	89	0
90	66	0
66	67	0
14	90	0
11	72	0
82	88	0
42	26	0
4	76	0
73	98	0
50	64	0
90	62	0
25	91	0
72	40	0
20	0	0
44	78	0
21	82	0
7	19	0
92	56	0
98	23	0
50	19	1
72	32	0
79	14	0
21	12	0
32	62	0
74	28	0
1	74	0
61	75	0
7	44	0
20	74	0
63	50	0
64	96	0
69	44	0
80	87	0
74	52	0
74	81	0
4	87	0
48	42	0
27	80	0
79	50	0
61	41	0
93	45	0
93	95	0
79	89	0
49	69	0
73	47	0
65	68	0
36	56	1
68	4	0
68	82	0
85	70	0
84	0	0
58	81	0
6	98	0
49	26	1
50	37	0
70	33	0
62	33	0
72	21	0
22	90	0
74	29	0
29	70	0
88	16	0
46	66	0
45	38	0
62	93	0
75	74	0
48	78	0
74	94	0
83	64	0
88	49	0
95	73	0
81	98	0
98	42	0
36	65	0
88	86	0
50	80	0
80	84	0
99	50	0
46	88	0
90	67	0
82	52	0
82	33	0
37	48	0
7	60	0
56	77	0
68	15	0
65	32	0
46	23	1
85	81	0
64	41	0
47	9	1
12	90	0
11	54	1
13	89	0
60	38	0
91	14	0
90	52	0
98	5	0
81	97	0
50	23	1
50	44	0
34	74	0
99	16	0
66	50	0
30	80	0
29	98	0
26	74	0
9	91	0
33	10	1
67	64	0
45	32	0
48	74	0
41	45	0
0	52	1
64	76	0
73	15	0
18	85	0
93	55	0
21	25	0
13	76	0
71	62	0
70	52	0
50	61	0
91	54	0
87	61	0
78	58	0
53	9	1
58	69	0
84	48	0
3	34	0
99	75	0
53	44	0
40	77	0
7	80	0
21	93	0
24	62	0
93	31	0
13	52	1
60	96	0
8	91	0
92	64	0
57	27	0
74	19	0
25	21	0
35	37	0
77	9	0
15	73	0
41	54	1
90	55	0
91	38	0
2	10	0
3	35	0
70	15	0
45	77	0
95	93	0
0	9	0
54	98	0
82	33	0
42	9	1
90	83	0
41	63	0
77	72	0
29	32	0
97	37	0
86	77	0
22	70	0
16	83	0
3	45	1
23	69	0
18	99	0
72	17	0
29	60	0
7	85	0
32	30	0
55	19	0
40	60	0
67	47	0
44	9	1
31	72	0
90	24	0
3	26	0
76	52	0
92	30	0
55	63	0
29	18	0
39	3	0
16	92	0
45	81	0
24	63	0
21	20	0
22	82	0
23	78	0
67	55	0
94	39	0
33	69	0
83	97	0
52	32	0
66	69	0
43	85	0
8	84	0
85	44	0
42	62	0
13	23	0
93	57	0
58	49	0
93	19	0
87	21	0
75	34	0
57	97	0
45	39	0
65	41	0
57	30	0
41	1	0
38	93	0
60	69	0
92	27	0
63	98	0
86	52	0
78	47	0
35	76	0
28	73	0
80	31	0
50	43	0
76	0	0
95	95	0
73	78	0
50	79	0
74	39	0
83	87	0
16	80	0
59	32	0
16	93	0
10	57	1
35	63	0
82	64	0
65	16	0
97	96	0
88	12	0
99	92	0
59	8	0
64	19	0
74	53	0
66	32	0
10	85	0
54	88	0
65	80	0
6	29	0
14	85	0
19	70	0
45	10	0
38	38	0
1	48	1
81	43	0
53	19	0
5	60	0
19	87	0
65	94	0
94	41	0
0	74	0
62	43	0
28	90	0
80	57	0
69	42	0
23	52	0
88	34	0
80	48	0
71	63	0
11	59	1
55	46	0
7	91	0
0	5	0
84	67	0
19	68	0
22	5	0
1	95	0
23	79	0
98	37	0
70	80	0
85	62	0
88	85	0
54	58	0
62	36	0
3	74	0
51	62	0
36	55	0
66	39	0
85	26	0
