89	65	0
34	1	0
35	36	0
61	97	0
20	7	0
99	43	0
98	87	0
48	9	0
56	77	0
57	23	0
90	51	0
3	87	0
12	1	0
23	83	0
95	23	0
74	76	0
56	36	0
15	58	0
88	61	0
97	10	0
45	95	0
58	66	0
71	89	0
51	7	0
32	75	0
46	16	0
88	73	0
64	87	0
90	76	0
3	30	0
51	15	0
41	20	0
94	31	0
25	56	0
83	67	0
14	88	0
31	98	0
92	22	0
75	85	0
40	5	0
28	66	0
87	67	0
93	71	0
54	65	0
99	47	0
4	79	0
64	3	0
97	63	0
16	69	0
72	11	0
13	78	0
63	92	0
34	73	0
99	74	0
43	40	0
33	23	0
89	82	0
99	99	0
98	5	0
19	98	0
99	11	0
31	7	0
70	78	0
36	6	0
9	94	0
90	8	0
34	78	0
66	92	0
40	61	0
4	34	0
72	88	0
14	63	0
94	31	0
28	84	0
55	99	0
64	35	0
31	99	0
63	97	0
3	20	0
99	7	0
95	25	0
46	66	0
83	37	0
92	56	0
48	16	0
31	7	0
66	51	0
9	96	0
48	5	0
49	79	0
47	2	0
56	37	0
82	35	0
34	62	0
77	46	0
3	57	0
78	90	0
2	87	0
35	97	0
96	59	0
66	11	0
38	74	0
39	65	0
64	5	0
67	53	0
5	67	0
34	8	0
9	41	0
37	44	0
61	78	0
43	45	0
15	99	0
82	13	0
46	86	0
78	67	0
99	9	0
77	90	0
52	76	0
38	21	0
59	95	0
95	71	0
77	64	0
18	96	0
63	30	0
30	14	0
17	41	1
77	10	0
8	58	0
98	67	0
98	17	0
78	42	0
42	46	0
58	3	0
78	70	0
21	19	0
33	27	0
98	58	0
40	40	0
63	80	0
63	82	0
48	28	0
45	44	0
62	37	0
12	45	0
29	46	1
18	54	0
82	91	0
47	58	0
35	99	0
75	42	0
74	67	0
54	72	0
85	64	0
22	21	0
54	52	0
17	12	0
13	72	0
34	64	0
92	36	0
39	46	0
89	11	0
43	89	0
53	25	0
43	49	0
76	76	0
29	69	0
54	69	0
40	84	0
36	47	0
35	15	0
59	17	0
39	85	0
25	61	0
80	77	0
89	63	0
34	96	0
96	73	0
24	47	0
22	73	0
52	72	0
53	51	0
26	17	0
78	84	0
91	78	0
54	64	0
62	33	0
1	48	0
59	1	0
74	52	0
63	22	0
81	17	0
21	50	0
5	48	0
44	52	0
70	28	0
38	62	0
83	25	0
44	94	0
29	72	0
40	25	0
79	81	0
41	56	0
36	8	0
24	82	0
54	4	0
89	84	0
52	93	0
91	5	0
9	77	0
16	67	0
95	28	0
49	86	0
28	37	0
62	70	0
56	62	0
42	61	0
17	72	0
27	60	0
67	2	0
9	61	0
61	80	0
96	42	0
40	87	0
82	63	0
69	18	0
52	64	0
19	85	0
32	98	0
46	29	0
73	35	0
84	56	0
68	45	0
67	65	0
7	40	0
55	18	0
15	90	0
59	53	0
71	36	0
68	26	0
55	12	0
12	48	0
91	22	0
35	10	0
64	67	0
62	79	0
69	43	0
97	39	0
96	2	0
0	44	0
95	78	0
24	98	0
97	80	0
28	95	0
63	31	0
74	28	0
18	85	0
81	25	0
30	65	0
25	75	0
48	6	0
26	99	0
75	91	0
71	87	0
88	51	0
98	70	0
18	97	0
37	75	0
73	1	0
73	47	0
31	25	0
33	1	0
50	13	0
53	55	0
81	44	0
33	52	0
33	46	0
35	69	0
72	89	0
88	62	0
61	80	0
85	6	0
91	42	0
65	11	0
20	40	0
75	42	0
75	53	0
74	68	0
10	40	0
37	65	0
67	18	0
19	88	0
31	81	0
23	74	0
85	69	0
52	17	0
30	3	0
34	54	0
79	74	0
61	8	0
79	93	0
17	6	0
50	97	0
7	71	0
46	99	0
44	38	0
4	52	0
69	35	0
73	10	0
54	13	0
83	9	0
42	61	0
12	58	0
71	25	0
86	63	0
5	9	0
3	68	0
34	94	0
9	87	0
43	96	0
55	70	0
58	43	0
73	6	0
48	82	0
44	66	0
84	98	0
38	32	0
7	53	0
25	44	0
61	44	0
73	81	0
28	24	0
81	32	0
33	7	0
51	5	0
54	16	0
39	44	0
76	67	0
73	11	0
9	45	0
35	12	0
47	61	0
39	36	0
27	50	0
89	75	0
75	55	0
16	46	0
64	36	0
92	8	0
63	10	0
60	22	0
45	42	0
33	34	0
5	73	0
65	83	0
29	71	0
26	99	0
33	86	0
49	11	0
42	40	0
94	42	0
84	48	0
3	63	0
80	70	0
70	78	0
79	27	0
85	89	0
82	2	0
72	59	0
80	63	0
35	28	0
68	47	0
29	43	1
91	77	0
66	7	0
99	24	0
27	52	0
44	94	0
69	76	0
82	14	0
13	66	0
97	31	0
61	95	0
82	23	0
74	35	0
47	54	0
55	38	0
29	51	0
58	89	0
82	33	0
38	29	0
71	81	0
25	59	0
24	98	0
94	93	0
48	35	0
4	91	0
55	49	0
95	12	0
78	34	0
16	72	0
62	45	0
38	29	0
52	42	0
11	97	0
88	23	0
48	9	0
89	40	0
51	49	0
26	87	0
19	6	0
58	58	0
56	92	0
6	50	0
40	84	0
32	82	0
48	27	0
24	83	0
13	39	0
67	9	0
74	26	0
85	0	0
89	89	0
22	65	0
49	17	0
86	9	0
80	58	0
70	89	0
4	25	0
64	93	0
97	61	0
30	85	0
74	0	0
52	58	0
69	26	0
66	8	0
42	24	0
41	15	0
97	8	0
89	39	0
13	93	0
76	12	0
89	94	0
22	91	0
98	66	0
44	47	0
13	25	0
78	98	0
64	39	0
4	98	0
71	33	0
82	41	0
71	45	0
87	69	0
24	59	0
88	60	0
36	92	0
90	79	0
27	91	0
92	82	0
46	32	0
57	67	0
60	94	0
41	69	0
62	97	0
72	52	0
34	56	0
43	65	0
87	6	0
8	90	0
99	53	0
21	84	0
46	73	0
50	78	0
88	44	0
36	50	0
44	19	0
83	60	0
62	14	0
84	90	0
49	91	0
48	46	0
54	16	0
35	38	0
52	89	0
41	20	0
38	65	0
84	67	0
40	10	0
95	94	0
63	5	0
5	13	0
46	34	0
20	66	0
45	1	0
14	72	0
94	82	0
61	79	0
62	44	0
64	7	0
42	68	0
38	57	0
92	57	0
86	6	0
5	69	0
82	6	0
50	74	0
56	29	0
37	17	0
30	63	0
84	79	0
34	74	0
38	81	0
73	35	0
17	45	0
71	29	0
42	61	0
63	93	0
26	97	0
93	10	0
98	27	0
68	13	0
24	79	0
30	96	0
28	87	0
73	45	0
79	76	0
79	90	0
6	36	0
72	38	0
71	77	0
73	62	0
58	78	0
12	78	0
17	68	0
33	19	0
50	15	0
8	37	0
44	51	0
28	50	0
87	30	0
87	41	0
79	11	0
72	47	0
49	53	0
24	50	0
47	29	0
92	78	0
51	97	0
85	60	0
35	62	0
35	92	0
78	55	0
29	55	0
81	24	0
29	43	1
32	12	0
94	53	0
75	98	0
53	50	0
8	49	0
47	7	0
52	56	0
41	84	0
29	26	1
79	86	0
97	57	0
6	82	0
71	45	0
8	58	0
71	53	0
36	67	0
52	53	0
39	82	0
62	66	0
5	60	0
67	61	0
71	44	0
79	53	0
36	70	0
66	81	0
47	8	0
95	21	0
55	41	0
90	6	0
13	80	0
28	41	1
38	78	0
83	65	0
20	50	0
79	74	0
15	92	0
15	81	0
84	87	0
47	34	0
0	67	0
71	97	0
49	64	0
92	64	0
20	98	0
91	35	0
16	9	0
37	73	0
25	83	0
35	11	0
16	45	0
12	19	0
85	72	0
99	17	0
57	10	0
72	37	0
90	22	0
26	6	0
31	69	0
87	31	0
4	66	0
49	86	0
0	54	0
28	79	0
75	56	0
54	99	0
77	49	0
67	86	0
67	64	0
45	51	0
74	74	0
8	79	0
52	36	0
23	83	0
84	50	0
74	27	0
97	68	0
96	96	0
90	85	0
43	74	0
69	36	0
54	62	0
34	24	0
31	16	0
32	70	0
5	46	0
67	11	0
60	77	0
81	79	0
94	4	0
16	50	0
59	83	0
17	89	0
56	8	0
60	35	0
64	24	0
47	22	0
40	14	0
78	8	0
37	99	0
70	20	0
35	98	0
99	17	0
21	45	1
41	61	0
68	36	0
80	99	0
74	70	0
40	68	0
61	95	0
83	64	0
92	46	0
13	58	0
86	76	0
77	97	0
14	69	0
99	41	0
27	68	0
97	84	0
47	93	0
33	19	0
72	69	0
91	51	0
53	74	0
68	79	0
95	65	0
74	42	0
22	57	0
0	61	0
61	80	0
71	31	0
52	48	0
56	9	0
35	24	0
95	73	0
18	58	0
32	39	1
66	28	0
43	4	0
53	18	0
13	91	0
10	61	0
8	76	0
66	46	0
93	19	0
87	34	0
93	1	0
65	92	0
8	57	0
64	30	0
54	49	0
40	87	0
99	21	0
62	56	0
31	84	0
20	89	0
42	69	0
30	96	0
30	9	0
71	75	0
43	22	0
39	74	0
47	46	0
4	41	0
73	65	0
65	13	0
34	83	0
97	55	0
28	51	0
21	34	0
13	67	0
81	58	0
71	59	0
44	45	0
89	67	0
98	67	0
60	44	0
65	19	0
79	63	0
79	30	0
10	47	0
80	83	0
54	36	0
15	68	0
6	89	0
28	94	0
28	56	0
91	22	0
1	50	0
54	90	0
4	90	0
84	61	0
45	35	0
90	34	0
13	16	0
40	33	0
69	15	0
34	78	0
47	52	0
96	63	0
90	31	0
3	2	0
2	41	0
52	15	0
0	48	0
78	7	0
53	78	0
32	30	0
91	89	0
0	13	0
38	98	0
97	44	0
42	1	0
88	94	0
47	62	0
63	59	0
34	33	0
93	32	0
90	87	0
10	60	0
6	77	0
10	47	0
20	76	0
14	85	0
65	26	0
35	57	0
20	88	0
38	19	0
61	19	0
39	63	0
60	47	0
48	8	0
35	69	0
34	29	1
93	16	0
1	34	0
79	43	0
92	14	0
46	52	0
32	20	0
50	3	0
18	99	0
44	67	0
43	63	0
27	13	0
21	95	0
14	81	0
66	46	0
95	36	0
28	32	1
26	69	0
87	98	0
52	25	0
69	73	0
55	92	0
8	89	0
87	37	0
50	57	0
15	26	0
91	70	0
54	53	0
98	13	0
67	10	0
86	24	0
60	90	0
52	50	0
41	40	0
63	23	0
46	6	0
49	88	0
52	77	0
18	58	0
79	35	0
51	92	0
90	32	0
93	56	0
38	81	0
34	65	0
88	27	0
48	49	0
70	13	0
99	98	0
72	74	0
45	75	0
71	43	0
73	87	0
9	75	0
50	16	0
11	94	0
10	62	0
51	66	0
73	80	0
70	12	0
98	90	0
92	10	0
95	92	0
63	6	0
81	28	0
71	66	0
59	33	0
19	78	0
42	88	0
66	85	0
28	43	1
7	33	0
21	84	0
11	75	0
42	14	0
40	50	0
19	56	0
35	47	1
2	52	0
87	43	0
45	23	0
10	64	0
34	83	0
62	93	0
93	48	0
5	66	0
73	36	0
36	67	0
83	47	0
65	33	0
8	50	0
26	54	0
91	41	0
66	56	0
83	52	0
8	66	0
68	50	0
0	82	0
1	1	0
90	67	0
10	61	0
28	1	0
36	26	0
5	99	0
17	82	0
92	43	0
76	70	0
86	59	0
80	79	0
50	65	0
62	38	0
5	72	0
41	69	0
31	61	0
68	45	0
89	9	0
