97	63	0
55	10	0
40	24	0
47	98	0
7	25	0
93	29	0
92	76	0
10	8	1
46	9	0
70	92	0
42	40	0
79	36	0
0	80	0
22	8	0
16	68	0
99	12	0
95	81	0
64	28	0
27	57	0
99	69	0
92	1	0
43	78	0
73	81	0
74	98	0
65	3	0
37	98	0
53	9	0
77	83	0
69	89	0
98	55	0
3	39	0
32	36	0
40	30	0
84	27	0
38	44	0
89	71	0
14	94	0
65	78	0
94	25	0
78	89	0
45	5	0
22	49	0
73	50	0
97	53	0
55	75	0
97	48	0
13	89	0
41	44	0
60	13	0
85	48	0
19	68	0
56	13	0
28	90	0
52	90	0
28	58	0
97	72	0
41	27	0
38	46	0
86	79	0
99	89	0
87	13	0
11	94	0
95	8	0
49	5	0
91	72	0
39	27	0
24	86	0
77	8	0
36	77	0
88	78	0
61	57	0
17	27	0
80	89	0
28	39	0
14	48	0
85	37	0
15	36	0
38	78	0
57	89	0
76	25	0
44	99	0
64	99	0
0	10	0
13	14	0
93	20	0
97	21	0
37	57	0
78	44	0
22	31	0
78	57	0
37	50	0
31	9	0
36	2	0
72	46	0
17	90	0
60	6	0
51	74	0
43	8	0
39	27	0
89	43	0
40	63	0
63	47	0
15	72	0
71	86	0
8	77	0
44	76	0
82	51	0
61	8	0
55	68	0
8	63	0
62	7	0
55	60	0
5	68	0
49	5	0
36	59	0
21	39	0
85	82	0
51	42	0
1	3	0
23	97	0
76	0	0
66	70	0
11	34	0
86	78	0
92	12	0
64	69	0
56	84	0
29	20	0
62	88	0
21	22	1
80	84	0
67	57	0
35	98	0
76	33	0
32	23	0
18	34	0
84	2	0
1	72	0
94	72	0
92	17	0
90	32	0
43	59	0
60	9	0
91	91	0
5	8	0
41	13	0
83	82	0
37	42	0
94	68	0
85	75	0
56	23	0
49	34	0
60	61	0
5	50	0
27	79	0
16	58	0
80	75	0
52	69	0
45	98	0
79	52	0
70	78	0
53	79	0
26	49	0
88	79	0
0	37	0
38	40	0
23	21	0
20	78	0
38	72	0
97	23	0
39	32	0
73	13	0
34	84	0
68	23	0
52	35	0
78	77	0
26	54	0
61	69	0
40	96	0
39	62	0
37	8	0
66	13	0
39	86	0
9	74	0
73	86	0
91	58	0
18	87	0
33	32	0
97	71	0
27	61	0
33	85	0
43	98	0
53	46	0
36	8	0
19	39	0
72	90	0
82	95	0
60	88	0
80	20	0
3	70	0
58	2	0
68	11	0
68	21	0
81	20	0
34	60	0
2	75	0
55	57	0
74	39	0
34	76	0
89	20	0
52	85	0
32	65	0
31	15	0
80	71	0
34	70	0
41	11	0
0	92	0
74	16	0
96	83	0
85	94	0
85	18	0
5	78	0
13	76	0
91	47	0
48	72	0
35	45	0
50	76	0
57	76	0
52	57	0
6	79	0
33	66	0
65	10	0
6	67	0
72	99	0
70	42	0
39	92	0
91	56	0
39	12	0
42	53	0
19	75	0
39	93	0
51	35	0
69	29	0
19	31	0
93	68	0
79	44	0
84	54	0
9	78	0
57	14	0
15	81	0
68	68	0
53	42	0
65	52	0
53	9	0
11	7	1
1	57	0
76	47	0
52	8	0
75	61	0
48	87	0
65	46	0
94	27	0
92	7	0
4	64	0
88	70	0
22	98	0
91	63	0
39	91	0
59	31	0
46	1	0
21	93	0
67	33	0
40	54	0
45	76	0
50	4	0
25	97	0
71	94	0
85	83	0
69	26	0
94	71	0
9	85	0
45	36	0
58	1	0
67	21	0
38	19	0
41	5	0
50	10	0
56	46	0
71	37	0
37	52	0
27	48	0
49	56	0
71	81	0
86	72	0
56	88	0
84	12	0
96	53	0
79	3	0
9	53	0
29	2	0
87	38	0
47	23	0
73	74	0
7	43	0
51	73	0
54	24	0
26	98	0
31	89	0
28	71	0
97	63	0
44	28	0
34	1	0
25	54	0
88	53	0
80	25	0
68	94	0
16	10	0
63	95	0
11	76	0
42	84	0
35	33	0
4	54	0
80	7	0
24	29	0
82	12	0
44	14	0
13	3	0
85	6	0
33	46	0
14	39	0
83	28	0
92	63	0
10	27	0
28	26	0
1	54	0
31	84	0
16	77	0
5	8	0
37	92	0
45	66	0
41	38	0
64	20	0
45	83	0
38	69	0
83	97	0
43	25	0
19	46	0
32	35	0
57	80	0
83	95	0
53	17	0
82	0	0
35	3	0
49	11	0
62	11	0
17	42	0
79	60	0
66	4	0
20	38	0
58	4	0
53	53	0
46	52	0
29	61	0
79	84	0
67	51	0
17	52	0
53	36	0
21	12	1
96	8	0
50	9	0
67	15	0
56	41	0
25	36	0
9	69	0
68	76	0
18	78	0
34	95	0
22	96	0
49	22	0
34	36	0
90	62	0
62	44	0
5	78	0
80	79	0
61	92	0
23	33	0
77	25	0
60	96	0
70	0	0
91	59	0
80	45	0
34	17	0
44	46	0
41	51	0
89	78	0
7	17	0
76	28	0
87	9	0
11	47	0
28	94	0
71	76	0
83	5	0
3	66	0
99	34	0
43	93	0
74	7	0
66	51	0
42	51	0
52	45	0
31	39	0
50	39	0
75	78	0
77	51	0
43	33	0
76	69	0
23	51	0
20	91	0
83	82	0
42	23	0
5	70	0
64	17	0
88	16	0
71	40	0
14	60	0
62	32	0
29	36	0
53	40	0
6	98	0
63	31	0
55	9	0
88	51	0
45	25	0
31	81	0
27	5	0
80	48	0
8	4	0
65	98	0
1	85	0
38	44	0
53	82	0
54	30	0
19	99	0
20	43	0
22	39	0
60	16	0
91	33	0
83	17	0
87	97	0
19	59	0
34	14	0
31	29	0
82	23	0
51	62	0
70	89	0
18	36	0
71	99	0
85	72	0
38	81	0
70	9	0
72	37	0
84	14	0
72	19	0
43	18	0
42	33	0
93	3	0
70	29	0
3	61	0
92	15	0
87	93	0
7	93	0
91	64	0
45	46	0
24	10	0
94	86	0
79	58	0
25	97	0
67	26	0
78	48	0
90	55	0
82	67	0
34	74	0
82	81	0
35	94	0
88	74	0
35	39	0
23	91	0
99	87	0
35	36	0
28	41	0
67	70	0
61	91	0
50	65	0
49	96	0
57	57	0
33	62	0
30	63	0
84	19	0
15	91	0
82	53	0
21	88	0
42	57	0
43	78	0
79	28	0
28	29	0
19	46	0
65	40	0
98	74	0
66	17	0
85	94	0
73	96	0
33	44	0
63	9	0
31	45	0
27	86	0
41	34	0
56	69	0
69	79	0
38	21	0
79	93	0
47	31	0
35	18	0
65	42	0
30	79	0
43	11	0
5	62	0
91	81	0
58	92	0
53	44	0
80	10	0
44	75	0
44	53	0
99	57	0
91	0	0
3	75	0
72	6	0
76	73	0
70	31	0
32	3	0
36	67	0
82	80	0
37	73	0
54	77	0
78	21	0
14	64	0
65	14	0
43	63	0
58	99	0
29	93	0
96	4	0
89	17	0
62	8	0
41	88	0
20	88	0
7	86	0
77	49	0
73	64	0
78	64	0
20	43	0
84	44	0
70	61	0
87	72	0
62	59	0
23	57	0
22	73	0
37	26	0
47	40	0
3	48	0
53	64	0
40	40	0
94	37	0
79	36	0
71	2	0
77	30	0
55	75	0
16	15	1
17	49	0
62	36	0
91	74	0
61	84	0
95	73	0
22	54	0
53	70	0
59	53	0
25	58	0
92	34	0
25	62	0
38	24	0
87	50	0
74	99	0
61	53	0
22	63	0
45	1	0
64	68	0
29	83	0
39	27	0
74	77	0
94	70	0
21	98	0
53	70	0
11	70	0
75	66	0
32	55	0
50	66	0
40	77	0
60	70	0
24	33	0
15	64	0
87	79	0
80	49	0
96	60	0
27	74	0
55	80	0
70	30	0
19	18	1
87	24	0
39	38	0
97	13	0
13	86	0
27	34	0
29	76	0
84	56	0
22	39	0
93	63	0
11	99	0
6	73	0
21	5	0
96	93	0
39	28	0
4	78	0
76	88	0
40	62	0
76	74	0
32	88	0
99	33	0
30	14	0
39	86	0
31	73	0
36	15	0
24	38	0
4	24	0
89	70	0
89	10	0
60	8	0
74	12	0
97	40	0
30	6	0
36	42	0
97	40	0
14	59	0
45	86	0
5	47	0
15	80	0
78	55	0
46	95	0
68	49	0
74	76	0
37	35	0
76	64	0
34	55	0
90	44	0
13	71	0
58	34	0
38	70	0
76	35	0
55	42	0
98	82	0
94	99	0
85	85	0
18	81	0
19	33	0
55	50	0
52	74	0
31	21	0
16	1	0
35	68	0
9	40	0
65	6	0
67	84	0
84	62	0
92	20	0
13	46	0
11	4	1
79	94	0
6	98	0
49	8	0
56	56	0
70	12	0
11	5	1
45	21	0
20	37	0
44	17	0
66	5	0
41	85	0
56	24	0
29	96	0
76	3	0
30	38	0
53	72	0
75	25	0
92	71	0
65	79	0
34	73	0
46	89	0
76	92	0
83	54	0
18	62	0
82	75	0
60	96	0
13	35	0
17	53	0
92	45	0
34	90	0
98	96	0
69	84	0
47	2	0
51	47	0
84	57	0
59	90	0
74	49	0
99	72	0
88	28	0
14	63	0
0	58	0
73	86	0
77	38	0
51	58	0
55	11	0
32	18	0
77	76	0
25	36	0
14	66	0
43	46	0
59	44	0
32	14	0
59	28	0
14	85	0
20	40	0
11	59	0
6	72	0
76	51	0
19	23	0
61	15	0
93	25	0
80	4	0
56	71	0
2	66	0
63	27	0
48	32	0
67	78	0
77	12	0
45	43	0
51	63	0
47	86	0
16	99	0
22	66	0
43	87	0
31	36	0
73	78	0
51	45	0
30	78	0
60	33	0
9	43	0
60	60	0
62	21	0
31	77	0
81	50	0
50	44	0
51	42	0
39	16	0
6	66	0
70	64	0
74	55	0
43	39	0
82	55	0
81	68	0
80	36	0
68	10	0
92	77	0
91	14	0
5	72	0
68	81	0
32	18	0
60	35	0
9	1	1
16	57	0
11	87	0
34	87	0
20	51	0
94	31	0
19	51	0
53	99	0
18	84	0
99	71	0
55	61	0
86	38	0
22	1	0
55	14	0
51	8	0
8	6	0
13	74	0
62	62	0
85	70	0
72	50	0
16	0	0
30	40	0
67	7	0
2	79	0
76	1	0
41	75	0
54	23	0
77	99	0
8	32	0
7	92	0
99	56	0
29	16	0
89	72	0
62	56	0
77	40	0
44	27	0
93	29	0
84	71	0
13	64	0
3	85	0
22	59	0
3	91	0
9	85	0
88	30	0
32	50	0
4	96	0
54	13	0
62	1	0
41	47	0
19	24	1
64	39	0
38	21	0
21	75	0
30	31	0
73	18	0
9	43	0
85	49	0
88	1	0
65	51	0
31	10	0
49	17	0
9	98	0
61	81	0
40	69	0
36	13	0
3	83	0
1	90	0
65	52	0
89	45	0
38	28	0
27	76	0
21	28	0
97	86	0
58	26	0
49	73	0
63	99	0
18	26	1
2	83	0
67	25	0
51	66	0
29	34	0
99	67	0
43	72	0
99	17	0
78	16	0
94	19	0
88	84	0
47	57	0
23	90	0
83	5	0
29	2	0
67	87	0
64	75	0
20	51	0
67	40	0
73	81	0
89	13	0
94	52	0
22	68	0
58	50	0
24	22	0
90	23	0
41	43	0
63	9	0
90	96	0
84	78	0
45	70	0
72	31	0
68	77	0
1	90	0
46	0	0
10	95	0
12	73	0
69	68	0
77	97	0
81	6	0
95	87	0
78	3	0
81	71	0
61	0	0
92	37	0
74	52	0
57	30	0
13	70	0
59	90	0
53	75	0
12	45	0
4	41	0
36	97	0
9	69	0
44	0	0
38	56	0
12	64	0
38	22	0
6	47	0
91	51	0
51	20	0
0	45	0
27	87	0
74	59	0
0	3	0
93	70	0
25	82	0
57	48	0
35	55	0
95	45	0
58	40	0
0	14	0
2	51	0
21	58	0
91	72	0
68	49	0
97	64	0
0	54	0
65	56	0
14	68	0
2	16	0
71	67	0
30	63	0
46	12	0
31	30	0
6	81	0
33	86	0
5	5	0
77	45	0
67	61	0
82	65	0
77	76	0
46	89	0
42	15	0
0	72	0
50	64	0
41	53	0
61	50	0
84	14	0
