88	61	0
34	27	0
62	99	0
12	6	0
90	39	0
82	97	0
47	79	0
72	48	0
1	81	0
1	1	0
15	97	0
94	45	0
68	75	0
35	39	0
73	85	0
99	49	0
50	96	0
60	78	0
38	19	0
81	66	0
87	93	0
83	82	0
3	33	0
74	16	1
69	66	0
22	95	1
82	34	0
74	96	0
48	68	0
69	79	0
93	53	0
99	22	0
92	77	0
36	8	0
46	92	0
75	37	0
29	21	0
99	80	0
79	79	0
99	15	0
99	14	0
19	41	0
58	82	0
3	88	0
90	3	0
63	93	0
12	29	0
82	81	0
93	28	0
26	91	1
51	95	0
82	12	1
12	13	0
98	10	0
75	40	0
42	82	1
74	20	0
53	52	0
79	31	0
9	93	0
47	79	1
89	62	0
64	94	0
9	70	0
44	90	0
93	52	0
67	20	1
42	39	0
30	6	0
72	60	0
5	86	0
96	30	0
45	63	0
83	53	0
94	3	0
75	98	0
74	80	0
8	26	0
66	82	0
83	67	0
81	46	0
15	98	0
59	42	0
88	52	0
91	38	0
94	36	0
14	60	0
5	14	0
98	57	0
51	97	0
43	73	0
57	92	0
69	33	0
70	68	0
76	76	0
87	74	0
23	19	0
13	9	0
87	58	0
91	1	0
25	98	1
14	42	0
72	69	0
63	83	0
56	78	0
46	9	0
48	84	0
61	76	0
79	54	0
20	95	0
91	85	0
2	78	0
16	56	0
80	85	0
88	74	0
51	67	0
65	39	0
78	38	0
36	92	1
46	72	0
19	48	0
46	80	1
44	25	0
90	87	0
32	99	1
84	3	0
80	34	0
72	88	0
60	82	0
66	69	0
19	24	0
19	73	0
61	87	0
74	67	0
44	93	0
53	89	0
77	17	1
38	90	0
30	31	0
75	67	0
60	46	0
68	72	0
73	32	0
3	91	0
63	56	1
96	37	0
61	32	0
47	22	0
87	21	0
66	73	0
78	99	0
85	71	0
91	21	0
95	34	0
97	67	0
67	70	0
60	90	0
69	18	0
14	81	0
89	12	0
11	43	0
32	88	1
80	74	0
73	79	0
91	51	0
88	59	0
45	80	1
93	67	0
51	6	0
46	25	0
79	52	0
30	74	0
61	78	0
80	77	0
81	7	0
94	54	0
95	41	0
73	57	0
67	88	0
56	8	0
2	90	0
3	88	0
94	62	0
74	59	0
80	14	1
95	75	0
24	17	0
29	93	1
48	99	0
83	4	0
81	7	0
99	31	0
84	31	0
74	32	0
11	9	0
26	88	0
43	87	0
87	42	0
70	98	0
98	79	0
69	39	0
68	84	0
80	13	1
10	0	0
35	5	0
38	25	0
77	33	0
77	17	0
4	46	0
31	21	0
95	84	0
99	71	0
81	22	1
99	11	0
65	0	0
77	13	1
35	8	0
96	89	0
25	86	0
0	97	0
40	35	0
71	43	0
76	70	0
63	74	0
87	84	0
68	35	0
78	80	0
90	31	0
86	62	0
60	48	0
99	73	0
63	14	0
99	9	0
29	46	0
71	93	0
98	42	0
91	45	0
74	92	0
86	35	0
66	15	1
45	51	0
60	93	0
76	85	0
21	80	0
84	84	0
4	94	0
96	3	0
89	13	0
53	78	0
12	99	0
84	38	0
89	64	0
28	2	0
47	95	0
54	68	0
0	18	0
87	38	0
97	9	0
78	93	0
16	23	0
79	29	0
72	79	0
10	29	0
47	81	1
76	46	0
86	6	0
80	11	1
90	65	0
10	79	1
67	15	0
91	96	0
39	99	0
62	56	1
4	34	0
63	86	0
61	53	0
91	46	0
69	42	0
70	56	0
3	53	0
91	68	0
25	98	1
85	68	0
6	91	0
81	93	0
36	26	0
71	61	0
67	97	0
54	89	0
99	51	0
64	8	0
4	68	1
70	43	0
29	96	1
88	26	0
97	51	0
74	28	0
84	70	0
47	96	0
56	95	0
27	92	1
89	90	0
69	83	0
12	0	0
1	90	0
80	86	0
62	97	0
68	30	0
79	61	0
99	0	0
88	8	0
92	83	0
63	87	0
91	15	0
86	13	1
70	88	0
38	99	1
92	16	0
98	3	0
76	29	0
4	47	0
15	92	0
20	96	0
85	91	0
88	94	0
84	87	0
85	70	0
79	78	0
8	89	0
28	12	0
4	4	0
36	38	0
88	18	0
85	32	0
66	64	0
59	8	0
86	80	0
78	82	0
83	49	0
78	64	0
27	5	0
98	40	0
70	88	0
54	37	0
27	94	1
76	88	0
97	61	0
24	66	0
46	66	0
61	75	0
46	94	0
3	47	0
83	72	0
95	49	0
95	72	0
37	81	1
58	87	0
87	19	0
83	10	0
13	80	0
34	88	1
97	69	0
68	74	0
0	99	0
8	72	1
78	94	0
23	22	0
2	78	0
67	79	0
64	69	0
81	86	0
0	86	0
79	53	0
18	3	0
51	85	0
7	87	0
1	15	0
93	63	0
85	11	1
75	22	0
16	17	0
18	46	0
66	31	0
62	80	0
89	75	0
87	46	0
76	76	0
77	86	0
1	64	0
80	61	0
63	29	0
97	41	0
90	91	0
84	79	0
51	78	0
99	78	0
92	10	0
52	73	0
1	94	0
69	33	0
65	16	1
80	26	0
28	30	0
55	88	0
55	52	1
34	76	0
61	91	0
93	53	0
88	32	0
79	66	0
93	91	0
87	52	0
88	96	0
30	84	1
77	71	0
74	40	0
46	87	0
91	82	0
81	71	0
97	30	0
50	76	0
82	22	1
53	37	0
88	84	0
90	54	0
17	84	0
78	33	0
76	34	0
96	42	0
86	12	1
92	85	0
83	14	1
77	41	0
11	86	0
20	96	0
48	31	0
26	63	0
49	83	0
64	4	0
10	94	0
72	46	0
18	11	0
19	62	0
70	72	0
76	67	0
76	63	0
80	47	0
74	67	0
87	51	0
8	45	0
95	87	0
63	57	1
46	91	0
85	20	0
46	99	0
19	87	0
91	51	0
64	31	0
20	20	0
26	40	0
81	52	0
99	27	0
19	9	0
42	5	0
54	67	0
98	85	0
17	7	0
43	84	0
59	23	0
85	77	0
67	64	0
64	87	0
9	52	0
98	47	0
88	62	0
1	85	0
1	91	0
50	34	0
90	18	0
12	23	0
90	36	0
77	10	0
40	30	0
17	95	0
65	87	0
26	26	0
28	99	1
56	56	1
76	44	0
61	86	0
19	98	0
70	37	0
7	3	0
84	52	0
83	35	0
82	31	0
67	25	0
57	94	0
36	93	0
78	36	0
58	99	0
69	63	0
81	46	0
62	90	0
90	43	0
92	99	0
84	86	0
53	84	0
87	9	0
74	74	0
70	25	0
91	47	0
92	99	0
82	15	1
91	99	0
89	17	0
78	71	0
4	90	0
81	96	0
76	82	0
3	19	0
17	96	0
85	26	0
16	89	0
52	83	0
83	36	0
78	51	0
23	94	1
80	52	0
93	51	0
82	40	0
82	25	0
1	94	0
15	11	0
62	84	0
22	55	0
31	9	0
3	87	0
94	40	0
84	80	0
87	51	0
88	77	0
70	45	0
5	78	1
86	22	0
97	39	0
