91	63	0
29	3	0
30	30	0
64	98	0
17	1	0
86	39	0
94	93	0
50	11	0
59	76	0
61	27	0
83	49	0
4	83	0
10	6	0
20	87	0
96	22	0
75	80	0
50	43	0
19	61	1
86	54	0
99	14	0
46	99	0
61	66	0
74	75	0
51	5	0
30	73	0
54	18	0
92	71	0
72	91	0
93	77	0
5	38	0
52	10	0
44	26	0
99	29	0
17	58	1
80	66	0
14	87	0
34	93	0
87	17	0
78	87	0
37	10	0
39	64	0
90	69	0
93	71	0
56	64	0
96	49	0
15	80	0
70	1	0
95	68	0
16	73	0
68	5	0
7	74	0
54	86	0
29	71	0
94	67	0
52	39	0
42	32	0
88	83	0
96	91	0
97	5	0
20	95	0
98	12	0
32	0	0
74	91	0
37	0	0
6	92	0
88	11	0
31	79	0
63	98	0
40	60	0
8	28	0
66	82	0
12	56	1
87	29	0
31	86	0
52	99	0
63	29	0
29	88	0
57	97	0
1	14	0
95	11	0
82	20	0
49	70	0
86	40	0
92	59	0
56	19	0
33	11	0
71	50	0
1	94	0
56	2	0
43	67	0
48	10	0
56	28	0
81	27	0
34	58	0
89	46	0
6	59	0
86	96	0
0	91	0
45	98	0
89	49	0
72	18	0
39	67	0
31	62	0
57	2	0
73	54	0
6	64	0
31	1	0
13	47	0
37	51	1
63	83	0
41	38	0
10	93	0
77	31	0
41	80	0
72	70	0
90	9	0
71	91	0
67	74	0
27	24	0
64	95	0
99	80	0
74	61	0
24	93	0
64	35	0
30	20	0
73	9	0
15	53	1
98	76	0
98	27	0
88	52	0
39	49	0
53	0	0
71	63	0
15	25	0
45	24	0
97	57	0
49	27	0
60	75	0
57	81	0
51	21	0
39	37	0
59	34	0
9	54	0
16	57	1
68	87	0
44	60	0
41	94	0
72	38	0
74	60	0
55	64	0
92	62	0
21	24	0
49	51	0
21	14	0
15	76	0
32	65	0
83	43	0
39	49	0
92	1	0
34	87	0
53	31	0
39	43	0
78	82	0
29	67	0
51	67	0
38	89	0
34	51	0
41	12	0
53	16	0
37	94	0
28	66	0
76	81	0
92	64	0
20	98	0
97	76	0
32	50	0
23	74	0
50	69	0
52	58	0
11	27	0
78	90	0
98	78	0
46	66	0
70	34	0
0	47	0
57	7	0
70	58	0
54	17	0
77	18	0
22	48	1
0	51	0
45	58	0
62	35	0
44	66	0
85	30	0
33	95	0
24	60	0
41	17	1
84	84	0
44	54	0
25	11	0
24	77	0
64	10	0
97	89	0
43	93	0
98	4	0
7	65	0
16	67	0
99	29	0
48	88	0
24	50	1
58	79	0
71	64	0
48	63	0
18	76	0
19	49	0
63	4	0
12	55	1
61	86	0
96	53	0
41	85	0
81	65	0
85	22	0
53	79	0
25	82	0
36	94	0
44	28	0
74	30	0
78	45	0
55	43	0
70	69	0
3	47	0
61	23	0
22	97	0
63	67	0
79	41	0
67	31	0
49	3	0
4	45	0
94	21	0
36	19	1
69	73	0
58	97	0
75	48	0
92	34	0
95	12	0
0	31	0
87	78	0
36	95	0
92	82	0
34	99	0
59	34	0
76	30	0
18	91	0
83	22	0
23	56	0
32	70	0
50	11	0
32	95	0
81	88	0
78	79	0
95	52	0
96	57	0
12	84	0
35	70	0
82	11	0
76	43	0
34	20	0
37	1	0
49	26	0
49	53	0
84	50	0
29	57	0
40	45	0
34	82	0
74	88	0
89	56	0
60	78	0
85	4	0
90	41	0
64	10	0
28	42	1
83	41	0
72	52	0
68	70	0
4	39	0
37	69	0
59	23	0
16	94	0
31	81	0
13	83	0
87	80	0
48	17	0
38	2	0
41	53	0
76	70	0
62	6	0
85	92	0
26	2	0
54	92	0
15	61	0
50	90	0
47	38	0
6	51	0
75	35	0
75	11	0
45	18	0
77	12	0
40	60	0
9	54	0
72	19	0
81	58	0
4	10	0
6	61	0
37	96	0
11	85	0
47	94	0
50	68	0
66	41	0
70	3	0
45	83	0
43	69	0
97	83	0
3	57	0
66	48	0
75	76	0
86	22	0
30	3	0
43	1	0
53	18	0
43	33	0
79	57	0
61	13	0
18	51	0
28	9	0
43	55	0
43	36	0
29	37	1
89	75	0
84	61	0
1	47	0
55	33	0
89	8	0
63	13	0
71	23	0
53	39	0
43	33	0
4	79	0
69	85	0
36	72	0
14	98	0
27	71	0
53	9	0
44	40	0
98	42	0
83	47	0
8	64	0
80	70	0
76	86	0
82	26	0
76	90	0
78	6	0
70	68	0
74	60	0
61	52	0
84	73	0
63	6	0
92	18	0
35	50	0
50	93	0
65	75	0
82	12	0
22	71	0
97	23	0
59	97	0
92	20	0
60	25	0
33	54	0
61	38	0
34	55	0
53	86	0
80	34	0
34	20	1
78	81	0
37	57	0
17	94	0
95	99	0
49	31	0
1	87	0
53	54	0
94	10	0
84	35	0
27	63	0
67	53	0
59	53	0
15	94	0
81	27	0
37	10	0
85	53	0
49	41	0
35	94	0
18	6	0
53	56	0
49	90	0
0	44	0
41	76	0
41	81	0
54	27	0
20	81	0
19	28	0
74	0	0
68	15	0
93	5	0
86	92	0
25	67	0
42	22	0
83	1	0
74	57	0
73	96	0
4	25	0
59	96	0
96	64	0
33	75	0
83	1	0
46	61	0
73	20	0
64	5	0
44	16	1
43	15	1
98	13	0
83	41	0
10	91	0
78	14	0
89	93	0
24	99	0
99	72	0
44	42	0
12	29	0
76	99	0
62	47	0
4	88	0
65	37	0
75	41	0
65	44	0
78	74	0
28	67	0
92	61	0
34	97	0
96	68	0
25	98	0
89	90	0
40	31	0
63	66	0
58	95	0
46	65	0
62	94	0
77	51	0
38	45	0
35	58	0
91	4	0
0	84	0
99	58	0
20	87	0
42	66	0
42	82	0
83	41	0
34	52	0
49	24	0
87	52	0
70	17	0
85	95	0
50	95	0
41	55	0
46	13	0
37	42	0
57	99	0
44	18	0
44	66	0
87	78	0
33	10	0
90	89	0
71	6	0
10	7	0
45	38	0
21	71	0
41	1	0
8	77	0
86	81	0
65	86	0
62	41	0
68	1	0
43	62	0
45	70	0
98	55	0
99	2	0
9	70	0
84	5	0
48	70	0
56	28	0
32	6	0
35	60	0
84	87	0
32	67	0
43	78	0
64	30	0
20	53	1
72	30	0
46	52	0
64	90	0
27	98	0
95	13	0
92	17	0
76	16	0
13	62	0
32	95	0
23	89	0
65	37	0
78	81	0
74	92	0
7	34	0
59	39	0
68	81	0
74	63	0
62	81	0
10	87	0
15	75	0
44	24	0
47	16	0
7	35	0
42	42	0
37	45	0
99	29	0
85	39	0
76	13	0
74	37	0
59	53	0
28	48	1
45	24	0
92	79	0
44	90	0
83	58	0
35	67	0
38	91	0
78	56	0
22	50	1
77	23	0
35	18	0
97	53	0
75	91	0
47	42	0
10	53	0
46	12	0
49	53	0
42	84	0
66	89	0
97	57	0
11	81	0
64	46	0
11	64	0
62	46	0
42	72	0
58	54	0
45	77	0
63	74	0
1	66	0
63	65	0
79	49	0
86	55	0
34	72	0
66	86	0
46	17	0
95	18	0
51	44	0
96	8	0
4	83	0
39	87	0
86	61	0
10	50	1
75	71	0
17	89	0
15	79	0
86	83	0
41	23	0
3	73	0
71	98	0
50	58	0
94	67	0
21	99	0
84	41	0
16	1	0
39	70	0
23	85	0
35	15	0
9	14	0
87	62	0
97	20	0
50	13	0
72	38	0
83	14	0
21	7	0
31	64	0
77	34	0
13	64	0
57	83	0
0	46	0
23	77	0
75	56	0
52	95	0
72	51	0
77	82	0
76	59	0
45	53	0
77	76	0
5	80	0
41	38	0
27	79	0
80	50	0
69	37	0
93	51	0
99	95	0
88	87	0
42	73	0
76	44	0
61	59	0
28	21	1
30	18	1
37	60	0
2	44	0
67	3	0
70	78	0
93	77	0
89	7	0
57	81	0
1	97	0
51	10	0
52	23	0
70	22	0
55	26	0
37	19	0
79	12	0
31	92	0
67	21	0
35	91	0
97	17	0
40	67	0
63	35	0
65	95	0
80	70	0
36	80	0
66	96	0
91	68	0
91	43	0
17	56	1
92	78	0
72	93	0
13	60	1
99	49	0
34	70	0
94	86	0
52	89	0
32	17	1
79	78	0
97	44	0
51	90	0
76	71	0
95	55	0
79	38	0
29	51	0
3	57	0
61	80	0
68	25	0
51	36	0
45	12	0
86	82	0
13	51	1
65	30	0
45	11	0
47	20	0
7	86	0
10	59	0
7	82	0
66	43	0
93	24	0
94	29	0
96	0	0
73	92	0
6	58	0
61	21	0
59	51	0
34	79	0
94	27	0
60	50	0
37	86	0
22	98	0
36	69	0
18	96	0
33	7	0
72	69	0
45	22	0
43	74	0
50	43	0
7	44	0
68	65	0
67	17	0
27	90	0
95	57	0
25	44	1
18	30	0
15	73	0
78	65	0
59	59	0
47	49	0
96	55	0
99	67	0
68	50	0
56	13	0
72	63	0
87	40	0
11	38	0
88	80	0
51	37	0
22	77	0
2	81	0
27	96	0
25	61	0
96	21	0
0	54	0
56	87	0
6	87	0
88	66	0
45	29	0
87	27	0
19	22	0
34	34	0
73	15	0
26	75	0
42	51	0
99	54	0
86	44	0
5	0	0
6	51	0
51	17	0
1	44	0
80	5	0
49	69	0
23	30	1
89	91	0
1	11	0
43	96	0
90	35	0
37	3	0
90	86	0
48	68	0
72	65	0
38	40	0
95	38	0
94	79	0
14	63	0
13	74	0
4	43	0
22	71	0
18	93	0
67	20	0
28	55	0
6	90	0
32	25	0
59	12	0
31	64	0
65	43	0
44	8	0
39	74	0
96	25	0
4	28	0
75	45	0
89	25	0
43	52	0
25	23	0
46	5	0
19	91	0
47	69	0
30	59	0
22	17	0
16	90	0
19	80	0
60	46	0
91	47	0
34	70	0
85	89	0
53	29	0
66	70	0
51	90	0
4	85	0
85	42	0
45	54	0
12	20	0
96	64	0
51	54	0
92	21	0
78	10	0
83	33	0
60	94	0
47	46	0
48	35	0
68	26	0
42	2	0
47	89	0
46	72	0
16	43	1
86	30	0
58	95	0
90	45	0
87	52	0
38	74	0
30	67	0
78	26	0
49	39	0
72	7	0
99	91	0
77	79	0
48	72	0
72	44	0
76	90	0
15	77	0
53	14	0
20	98	0
7	59	0
45	57	0
76	81	0
60	13	0
96	96	0
88	17	0
99	99	0
62	9	0
75	22	0
68	55	0
55	27	0
19	87	0
49	88	0
79	80	0
6	34	0
13	80	0
11	76	0
39	9	0
39	45	0
16	48	1
2	46	0
81	44	0
46	23	0
15	64	0
24	83	0
61	98	0
90	45	0
1	73	0
64	44	0
31	77	0
79	60	0
74	29	0
5	50	0
26	56	0
84	38	0
75	54	0
83	52	0
10	66	0
57	52	0
1	90	0
1	5	0
85	65	0
17	65	0
21	6	0
2	95	0
20	85	0
94	39	0
75	78	0
83	60	0
88	82	0
48	71	0
64	37	0
5	70	0
50	63	0
37	61	0
62	48	0
92	18	0
