99	67	0
23	14	0
60	95	0
2	1	0
92	40	0
97	97	0
45	19	1
45	83	0
58	21	0
82	53	0
6	92	0
0	7	0
18	97	0
98	34	0
68	72	0
42	33	0
83	69	0
95	18	0
53	96	0
42	70	0
81	69	0
54	12	0
26	84	0
53	23	1
89	68	0
83	86	0
83	79	0
10	29	0
57	19	1
51	39	0
85	24	0
77	67	0
11	75	0
30	98	0
83	8	0
62	94	0
33	9	1
49	67	0
80	72	0
95	69	0
60	63	0
98	29	0
15	72	0
64	11	1
97	69	0
19	76	0
55	2	0
8	73	0
38	98	0
32	62	1
84	52	0
52	35	0
36	15	0
97	89	0
91	98	0
91	13	0
31	89	0
98	8	0
24	21	0
74	93	0
33	8	1
4	93	0
82	6	0
21	69	0
67	90	0
38	61	0
12	25	0
73	82	0
90	36	0
22	91	0
49	93	0
64	27	0
30	92	0
51	93	0
18	13	0
96	16	0
77	30	0
54	75	0
85	35	0
84	63	0
55	9	1
67	42	0
1	96	0
70	3	0
47	77	0
44	2	1
57	29	0
82	16	0
35	54	1
87	58	0
1	52	0
76	87	0
4	79	0
32	91	0
98	57	0
72	29	0
34	69	0
33	65	1
75	0	0
67	51	0
14	77	0
32	0	0
63	71	0
47	33	0
6	97	0
97	24	0
39	80	0
81	70	0
89	3	0
61	84	0
63	77	0
5	25	0
60	91	0
97	84	0
82	54	0
23	85	0
71	32	0
80	4	0
99	62	0
87	34	0
92	50	0
33	50	0
56	10	1
57	68	0
9	23	0
54	35	0
85	58	0
52	22	1
48	82	0
58	73	0
63	20	0
50	36	0
53	19	1
58	80	0
47	58	0
44	99	0
75	40	0
62	70	0
54	71	0
92	57	0
27	15	0
43	33	0
18	18	0
16	79	0
29	59	0
78	48	0
55	39	0
92	5	0
30	81	0
56	23	1
26	41	0
69	80	0
26	67	0
59	61	0
46	80	0
43	45	1
39	0	0
56	19	1
44	90	0
25	62	0
74	77	0
90	64	0
23	95	0
86	73	0
29	52	0
22	70	0
50	74	0
50	48	1
17	36	0
76	82	0
96	87	0
44	68	0
76	45	0
5	39	1
67	8	1
58	48	0
55	18	0
71	21	0
13	54	1
41	56	0
52	17	0
34	67	0
96	32	0
29	93	0
23	59	0
74	91	0
48	50	1
22	21	0
40	79	0
52	15	0
94	98	0
32	87	0
96	6	0
19	79	0
99	31	0
57	98	0
67	83	0
63	55	0
27	51	0
15	70	0
59	3	0
64	88	0
99	50	0
39	87	0
68	71	0
86	20	0
54	76	0
33	82	0
33	83	0
26	22	0
67	25	0
80	51	0
54	40	0
74	69	0
74	21	0
23	92	0
55	63	0
90	32	0
74	39	0
50	5	0
1	40	1
90	32	0
77	78	0
64	99	0
77	55	0
98	27	0
86	14	0
1	35	0
85	74	0
32	98	0
86	86	0
40	99	0
42	33	0
87	35	0
23	98	0
85	22	0
19	55	0
30	86	0
50	16	1
23	88	0
77	86	0
82	78	0
92	59	0
97	52	0
22	87	0
44	70	0
87	12	0
87	54	0
42	2	0
37	25	0
39	54	1
77	41	0
25	55	0
34	42	0
26	77	0
78	99	0
95	57	0
56	71	0
94	1	0
95	34	0
61	7	0
90	51	0
69	50	0
65	79	0
1	37	1
44	63	0
74	25	0
12	88	0
28	62	0
9	92	0
93	61	0
41	5	1
81	65	0
82	5	0
99	79	0
23	0	0
42	98	0
23	68	0
58	97	0
40	30	0
80	16	0
88	12	0
57	13	1
91	13	0
53	50	0
77	27	0
77	60	0
8	4	0
1	53	1
31	98	0
23	76	0
56	97	0
43	66	0
81	43	0
67	6	0
47	85	0
47	62	0
98	95	0
6	41	1
59	40	0
66	89	0
81	20	0
27	8	0
48	1	0
50	18	0
29	31	0
91	57	0
73	12	0
20	42	0
15	30	0
38	53	1
42	36	0
95	70	0
89	63	0
64	31	0
84	7	0
73	11	0
72	14	0
49	42	0
43	26	0
7	70	0
82	86	0
45	89	0
5	98	0
35	53	0
53	12	1
54	39	0
80	35	0
71	51	0
78	75	0
82	86	0
76	29	0
70	82	0
73	8	0
76	57	0
69	53	0
62	54	0
92	75	0
73	9	0
87	17	0
20	43	0
64	95	0
60	70	0
75	17	0
16	76	0
94	42	0
58	99	0
99	23	0
59	26	0
35	56	0
56	49	0
30	68	1
61	81	0
77	33	0
80	79	0
22	89	0
94	96	0
43	11	1
2	77	0
46	50	1
95	5	0
90	33	0
41	74	0
56	54	0
67	44	0
21	95	0
72	28	0
88	57	0
46	31	0
39	95	0
26	12	0
43	45	0
53	93	0
2	43	1
35	87	0
38	80	0
53	17	1
16	70	0
13	24	0
74	5	0
74	32	0
99	13	0
81	97	0
28	66	0
32	24	0
76	12	0
57	50	0
70	95	0
4	23	0
48	85	0
92	52	0
28	78	0
73	3	0
43	65	0
62	18	0
58	9	1
81	19	0
89	43	0
7	85	0
73	11	0
82	94	0
31	99	0
88	69	0
42	55	1
10	31	0
63	93	0
71	45	0
6	76	0
67	24	0
89	41	0
75	48	0
72	60	0
21	51	0
98	51	0
19	90	0
98	58	0
18	97	0
86	89	0
40	28	0
70	78	0
57	93	0
48	46	1
62	98	0
82	51	0
44	49	0
25	62	0
84	4	0
3	80	0
81	56	0
22	96	0
46	53	1
44	67	0
80	25	0
24	56	0
51	32	0
90	52	0
70	22	0
83	88	0
41	91	0
37	56	1
39	44	0
65	99	0
57	21	1
41	89	0
87	82	0
86	76	0
75	11	0
23	4	0
40	38	0
30	56	0
37	7	1
1	79	0
85	80	0
62	88	0
67	48	0
70	15	0
38	67	0
36	76	0
87	54	0
89	5	0
16	72	0
77	10	0
54	59	0
54	27	1
37	8	1
37	38	0
85	89	0
25	76	0
58	88	0
72	18	0
77	13	0
48	59	0
58	83	0
22	96	0
94	24	0
80	10	0
81	25	0
11	67	0
16	98	0
11	83	0
59	32	0
73	87	0
76	94	0
4	35	0
66	59	0
74	91	0
76	60	0
66	65	0
25	96	0
11	74	0
42	28	0
8	25	0
44	35	0
33	45	0
95	33	0
84	51	0
63	6	0
63	31	0
55	52	0
40	28	0
93	76	0
54	79	0
82	50	0
32	63	0
38	97	0
81	57	0
57	9	1
27	12	0
99	48	0
65	85	0
42	32	0
51	56	0
31	99	0
63	98	0
88	67	0
24	84	0
63	43	0
1	72	0
57	50	0
48	74	0
66	54	0
53	72	0
62	86	0
5	56	0
57	54	0
82	49	0
82	61	0
39	77	0
73	86	0
47	28	0
97	24	0
56	48	0
95	8	0
7	79	0
58	90	0
89	70	0
72	72	0
16	90	0
7	67	0
75	84	0
38	29	0
7	84	0
71	96	0
52	62	0
87	66	0
20	89	0
74	42	0
22	0	0
51	88	0
20	83	0
11	19	0
89	55	0
90	23	0
76	29	0
77	14	0
20	15	0
23	54	0
77	31	0
1	80	0
60	73	0
3	40	1
22	73	0
65	50	0
65	90	0
67	44	0
74	86	0
77	51	0
75	81	0
4	83	0
51	47	0
29	79	0
74	54	0
59	43	0
94	45	0
99	97	0
80	93	0
50	62	0
76	50	0
67	68	0
66	5	0
66	81	0
85	72	0
89	8	0
59	80	0
3	98	0
49	42	0
70	36	0
64	30	0
69	20	0
19	86	0
76	21	0
32	64	1
88	16	0
40	60	0
47	32	0
58	89	0
67	76	0
47	83	0
70	91	0
84	63	0
85	47	0
95	65	0
80	93	0
97	44	0
33	66	0
82	80	0
42	74	0
76	83	0
99	48	0
45	86	0
85	71	0
87	51	0
79	32	0
44	48	1
2	62	0
51	80	0
73	14	0
68	31	0
80	81	0
67	43	0
11	86	0
20	88	0
64	43	0
86	23	0
84	51	0
98	2	0
82	97	0
53	22	1
57	40	0
34	76	0
97	22	0
67	50	0
29	78	0
19	97	0
28	72	0
7	86	0
61	61	0
45	31	0
45	78	0
40	49	0
68	76	0
75	10	0
19	87	0
91	52	0
21	21	0
10	78	0
70	60	0
68	44	0
45	62	0
93	44	0
90	53	0
78	53	0
55	9	1
56	71	0
81	44	0
4	30	0
97	78	0
56	47	0
42	84	0
9	75	0
23	88	0
32	61	0
88	26	0
58	94	0
7	99	0
99	70	0
56	30	1
76	20	0
24	17	0
33	35	0
73	9	0
18	73	0
83	51	0
93	36	0
1	6	0
1	34	0
70	16	0
41	82	0
97	85	0
0	12	0
49	92	0
80	31	0
40	10	1
99	81	0
43	60	0
67	70	0
24	36	0
95	37	0
90	68	0
21	73	0
20	86	0
3	52	1
29	71	0
24	93	0
77	10	0
24	58	0
14	87	0
40	37	0
48	19	1
45	64	0
67	44	0
45	7	1
34	73	0
96	23	0
7	30	0
78	50	0
84	22	0
50	52	0
31	22	0
42	10	0
17	93	0
45	84	0
22	64	0
19	23	0
20	79	0
19	76	0
69	56	0
91	41	0
36	59	0
82	98	0
45	31	0
61	76	0
41	82	0
16	88	0
92	40	0
44	57	0
6	19	0
88	51	0
62	52	0
87	25	0
90	23	0
75	35	0
59	88	0
46	37	0
64	45	0
59	33	0
41	1	0
36	94	0
58	64	0
90	30	0
61	99	0
86	57	0
78	45	0
40	82	0
36	75	0
85	29	0
53	43	0
67	0	0
99	98	0
79	84	0
50	78	0
73	26	0
88	79	0
19	81	0
63	26	0
17	94	0
39	61	0
87	65	0
65	9	1
92	95	0
85	10	0
94	93	0
60	12	1
68	23	0
76	58	0
66	33	0
7	81	0
56	99	0
67	79	0
2	21	0
8	87	0
13	77	0
43	15	1
42	37	0
8	44	1
79	40	0
45	14	1
2	64	0
25	85	0
60	92	0
99	44	0
3	68	0
68	42	0
26	92	0
80	51	0
74	40	0
27	55	0
84	37	0
78	42	0
62	68	0
52	48	0
0	83	0
2	6	0
77	70	0
20	64	0
18	6	0
2	93	0
24	72	0
98	41	0
71	84	0
85	64	0
99	85	0
50	52	0
58	33	0
3	78	0
54	63	0
38	50	1
67	39	0
86	21	0
