87	60	0
34	30	0
57	95	1
11	16	0
94	46	0
91	84	0
72	41	0
7	77	0
1	7	0
14	88	0
77	35	0
76	79	0
27	30	0
65	72	0
90	51	0
66	67	0
42	34	0
91	85	0
98	83	0
69	90	0
4	25	0
68	84	0
75	30	0
56	80	1
48	70	0
66	84	0
85	47	0
97	29	0
88	78	0
37	0	0
79	31	0
32	18	0
97	64	0
90	73	0
89	8	0
19	34	0
58	81	1
8	88	0
60	94	1
20	31	0
71	77	0
93	42	0
52	81	0
6	19	0
88	16	0
62	31	0
50	35	0
75	43	0
85	66	0
15	63	0
97	53	0
47	32	0
33	12	0
61	60	0
3	94	0
92	23	0
40	66	0
86	67	0
95	7	0
81	89	0
58	80	1
8	20	0
69	86	0
83	66	0
84	41	0
61	48	0
85	40	0
83	36	0
85	40	0
30	59	0
15	21	0
84	75	0
44	83	0
58	96	1
80	42	0
60	73	0
83	75	0
82	76	0
25	13	0
10	13	0
84	63	0
95	5	0
15	53	0
77	80	0
53	76	0
58	75	1
51	18	0
68	79	0
76	58	0
10	87	0
97	98	0
5	98	1
16	60	0
92	87	0
94	69	0
55	87	1
65	50	0
96	30	0
50	56	0
15	52	0
56	11	0
80	85	0
72	8	0
85	47	0
79	94	0
54	65	0
63	81	0
18	20	0
78	96	0
35	78	0
25	29	0
61	38	0
61	87	0
63	48	0
12	96	1
94	26	0
50	26	0
70	72	0
69	89	0
82	68	0
95	27	0
86	86	0
74	80	0
56	70	0
13	45	0
71	70	0
74	73	0
92	59	0
90	39	0
90	67	0
60	14	0
41	29	0
81	54	0
32	85	0
84	77	0
99	49	0
95	25	0
71	60	1
61	94	1
62	17	0
1	94	0
98	57	0
95	75	0
14	20	0
92	15	0
84	22	0
83	25	0
10	12	0
36	82	0
92	52	0
68	90	0
86	84	0
73	31	1
52	90	0
4	16	0
38	21	0
50	33	0
62	41	0
0	60	0
44	8	0
92	78	0
94	53	0
63	1	0
30	12	0
97	84	0
29	69	0
6	93	1
35	29	0
61	51	0
79	65	0
55	81	1
84	73	0
76	29	0
78	87	0
91	33	0
90	77	0
51	31	0
97	74	0
58	12	0
37	55	0
78	93	0
87	44	0
91	47	0
86	90	0
93	45	0
31	50	0
69	84	0
21	78	0
82	77	0
2	95	0
89	34	0
95	67	0
40	8	0
48	51	0
18	12	0
93	28	0
66	86	0
11	37	0
79	32	0
76	77	0
22	36	0
79	47	0
79	9	0
98	62	0
70	30	0
99	93	0
18	39	0
77	55	0
88	41	0
59	48	0
2	56	0
95	75	0
95	59	0
17	87	0
76	84	0
43	19	0
68	62	1
77	97	0
93	39	0
65	6	0
61	45	0
71	32	0
95	59	0
64	30	1
86	82	0
94	83	0
79	94	0
12	10	0
2	75	0
76	89	0
62	91	1
49	12	0
87	51	0
91	6	0
99	81	0
61	70	0
66	71	0
99	2	0
87	38	0
8	41	0
7	98	1
85	84	0
98	97	0
90	90	0
71	64	0
63	78	0
15	89	0
25	26	0
2	13	0
37	39	0
86	40	0
64	59	1
69	10	0
75	90	0
76	73	0
83	44	0
29	15	0
91	44	0
66	93	0
57	27	0
66	78	0
96	59	0
8	47	0
52	81	0
52	77	1
3	45	0
65	81	0
93	44	0
92	70	0
83	30	0
92	63	0
65	61	1
9	94	0
79	99	0
17	21	0
6	87	0
60	75	1
65	61	1
88	95	0
4	75	0
84	54	0
12	8	0
14	81	0
9	11	0
90	60	0
15	30	0
8	35	0
84	31	0
68	70	0
95	79	0
85	51	0
79	76	0
74	84	0
0	80	0
90	61	0
62	25	0
93	32	0
71	87	0
79	64	0
41	86	0
93	75	0
43	75	0
4	93	0
73	39	0
32	40	0
52	83	0
38	68	0
60	88	1
95	53	0
85	29	0
69	67	0
96	74	0
90	40	0
98	98	0
90	65	0
62	21	0
83	75	0
87	61	0
98	29	0
49	60	0
68	33	1
91	86	0
87	63	0
25	72	0
86	33	0
80	42	0
86	39	0
99	82	0
77	53	0
1	94	0
18	99	1
39	34	0
24	67	0
62	12	0
1	91	0
85	49	0
13	13	0
21	54	0
54	68	0
79	87	0
72	57	0
66	44	0
85	39	0
14	46	0
92	77	0
62	91	1
77	10	0
12	93	0
95	51	0
21	13	0
24	33	0
71	42	0
97	32	0
15	2	0
42	2	0
58	63	0
97	86	0
27	0	0
62	4	0
89	85	0
56	87	0
25	50	0
95	49	0
84	63	0
11	98	1
11	94	0
52	36	0
92	46	0
18	38	0
85	30	0
78	8	0
33	36	0
25	40	0
82	42	0
58	87	1
80	43	0
17	12	0
95	54	0
76	43	0
64	97	1
74	46	0
54	92	0
57	52	0
71	41	0
48	92	1
82	42	0
95	91	0
89	84	0
70	70	0
73	25	0
93	49	0
89	98	0
95	99	0
81	69	0
84	94	0
49	77	0
4	12	0
29	94	0
83	45	0
77	28	0
88	49	0
76	45	0
94	64	0
87	38	0
23	76	0
6	9	0
42	87	0
26	67	0
43	1	0
9	85	0
97	45	0
92	84	0
81	52	0
95	98	0
95	35	0
