98	67	0
23	7	0
30	24	1
62	98	0
12	0	0
88	42	0
97	92	0
47	12	0
56	80	0
56	24	0
82	50	0
9	84	0
8	0	0
13	93	0
93	28	0
72	79	0
50	31	0
89	65	0
97	17	0
49	96	0
50	65	0
80	70	0
48	10	0
20	75	0
55	19	0
96	70	0
81	93	0
88	74	0
5	35	0
52	11	0
52	30	0
96	25	0
75	68	0
11	82	0
36	91	0
77	18	0
74	87	0
27	6	0
46	67	0
79	72	0
95	70	0
57	62	0
97	40	0
15	77	0
68	3	0
97	67	0
22	74	0
65	5	0
2	78	0
43	91	0
28	71	0
89	62	0
59	42	0
43	26	0
89	83	0
98	87	0
98	12	0
25	94	0
98	11	0
24	6	0
76	91	0
32	5	0
3	86	0
88	10	0
31	78	0
58	92	0
37	60	0
6	26	0
73	78	0
86	32	0
28	99	0
47	99	0
63	32	0
27	87	0
56	98	0
5	17	0
98	16	0
82	26	0
52	74	0
86	45	0
91	59	0
56	9	0
42	14	1
63	41	0
1	97	0
63	0	0
45	69	0
41	8	0
53	24	0
86	18	0
34	58	0
89	48	0
3	56	0
76	92	0
3	86	0
38	94	0
85	54	0
73	21	0
34	63	0
32	59	0
61	2	0
70	56	0
14	66	0
38	3	0
12	51	1
62	76	0
45	32	0
9	99	0
85	29	0
43	77	0
76	69	0
93	5	0
64	83	0
62	73	0
16	23	0
59	89	0
98	84	0
74	57	0
22	93	0
63	30	0
33	29	1
71	7	0
97	63	0
97	35	0
86	53	0
42	49	0
63	3	0
71	71	0
15	25	0
42	28	0
96	56	0
51	27	0
54	74	0
55	77	0
56	21	0
39	35	0
56	23	0
10	47	1
57	81	0
49	60	0
48	91	0
73	45	0
61	73	0
63	69	0
99	64	0
24	24	0
42	43	0
16	15	0
12	78	0
26	67	0
83	46	0
44	45	0
90	3	0
36	89	0
52	21	0
31	40	0
70	80	0
34	67	0
55	66	0
45	90	0
35	54	0
41	1	0
53	18	0
41	98	0
32	62	0
75	83	0
90	59	0
15	92	0
93	71	0
30	47	0
25	71	0
49	70	0
47	59	0
14	32	0
70	83	0
96	80	0
38	69	0
79	39	0
10	43	0
61	12	0
63	50	0
62	15	0
80	18	0
1	49	0
42	65	0
58	30	0
43	63	0
96	34	0
34	92	0
20	56	0
75	92	0
42	57	0
24	18	0
34	76	0
58	18	0
90	97	0
39	87	0
95	0	0
12	61	1
11	68	0
96	35	0
50	93	0
65	83	0
67	66	0
42	59	0
14	70	0
22	55	1
59	1	0
57	98	0
94	54	0
43	91	0
73	68	0
82	27	0
46	76	0
28	82	0
43	93	0
39	22	0
66	19	0
81	47	0
54	43	0
74	68	0
1	53	0
71	24	0
23	95	0
71	65	0
89	36	0
73	37	0
47	0	0
3	40	0
89	22	0
69	78	0
56	92	0
68	54	0
90	33	0
90	11	0
0	35	0
87	73	0
40	96	0
91	80	0
43	99	0
61	33	0
78	30	0
25	92	0
79	22	0
18	62	0
28	74	0
52	14	0
28	94	0
78	92	0
81	78	0
92	55	0
96	55	0
23	83	0
34	72	0
84	13	0
80	48	0
37	22	1
43	0	0
44	29	0
46	53	0
82	44	0
23	49	0
40	40	0
33	74	0
74	96	0
90	59	0
58	73	0
92	5	0
99	38	0
62	3	0
85	53	0
79	51	0
63	73	0
1	36	0
39	64	0
67	30	0
16	89	0
28	80	0
5	86	0
90	67	0
55	12	1
38	3	0
38	52	1
77	67	0
66	1	0
92	86	0
23	0	0
51	91	0
15	67	0
54	93	0
44	36	0
8	48	1
77	28	0
77	15	0
54	16	0
86	9	0
44	56	0
5	57	1
77	25	0
78	56	0
7	6	0
0	57	0
30	98	0
18	83	0
54	99	0
50	69	0
77	44	0
66	12	0
52	84	0
44	71	0
97	84	0
1	52	0
66	50	0
66	83	0
81	23	0
32	4	0
44	0	0
51	19	0
36	30	0
81	51	0
72	21	0
23	44	0
18	24	0
31	55	0
45	34	0
91	71	0
88	63	0
0	49	0
65	38	0
89	4	0
68	14	0
79	22	0
53	38	0
37	31	0
1	74	0
68	86	0
42	82	0
9	98	0
31	62	0
57	11	0
49	39	0
82	40	0
74	50	0
14	60	1
81	70	0
84	85	0
77	30	0
73	88	0
78	7	0
78	63	0
72	53	0
68	54	0
82	79	0
72	0	0
90	13	0
24	47	0
55	86	0
65	73	0
78	14	0
24	71	0
95	33	0
57	98	0
97	27	0
63	22	0
26	57	0
64	44	0
38	58	0
55	84	0
82	27	0
82	79	0
39	53	1
14	94	0
94	96	0
44	21	0
6	80	0
47	53	0
96	2	0
80	37	0
30	68	0
62	49	0
59	49	0
17	94	0
83	22	0
41	13	1
87	50	0
49	41	0
36	93	0
23	10	0
51	47	0
52	86	0
0	46	0
39	76	0
38	87	0
48	26	0
20	73	0
13	28	0
71	10	0
74	14	0
96	3	0
86	95	0
28	63	0
33	33	0
81	5	0
60	54	0
70	99	0
3	25	0
55	92	0
95	57	0
34	77	0
79	4	0
39	69	0
67	18	0
55	8	0
88	19	0
87	41	0
12	87	0
76	17	0
87	98	0
24	94	0
94	74	0
43	45	0
11	28	0
70	96	0
67	52	0
5	86	0
73	35	0
80	51	0
72	53	0
79	71	0
29	58	0
97	51	0
30	96	0
95	68	0
20	95	0
89	97	0
49	33	0
62	62	0
59	90	0
46	56	0
61	98	0
77	51	0
48	46	0
29	57	0
87	0	0
3	86	0
92	63	0
25	97	0
49	63	0
42	82	0
85	34	0
33	51	0
54	24	0
94	53	0
72	23	0
87	91	0
40	97	0
41	60	0
50	7	1
33	48	0
59	94	0
50	22	0
43	72	0
88	84	0
37	11	1
93	83	0
78	9	0
19	8	0
44	33	0
24	70	0
45	2	0
9	82	0
89	78	0
53	94	0
67	46	0
66	7	0
37	62	0
38	73	0
96	47	0
98	4	0
15	69	0
76	11	0
45	66	0
42	28	0
38	4	0
35	50	0
81	83	0
27	70	0
53	84	0
67	22	0
74	26	0
49	58	0
62	84	0
29	96	0
97	18	0
83	20	0
77	13	0
16	68	0
24	92	0
19	89	0
65	35	0
74	77	0
71	99	0
1	32	0
61	48	0
64	89	0
69	63	0
62	76	0
16	94	0
21	74	0
46	33	0
45	15	1
10	30	0
40	41	0
34	40	0
95	26	0
78	45	0
71	10	0
67	30	0
57	51	0
45	29	0
98	76	0
49	80	0
80	55	0
37	61	0
36	94	0
77	54	0
57	20	0
32	15	0
99	49	0
73	85	0
46	39	0
11	61	1
44	10	1
52	61	0
42	93	0
60	95	0
96	59	0
20	79	0
63	49	0
8	68	0
64	45	0
49	73	0
64	50	0
49	76	0
65	87	0
3	57	0
55	55	0
78	46	0
84	61	0
35	78	0
72	83	0
44	24	0
93	17	0
57	41	0
98	8	0
2	80	0
44	85	0
87	60	0
70	67	0
14	89	0
18	77	0
79	85	0
47	27	0
6	75	0
77	99	0
46	68	0
93	64	0
29	95	0
79	45	0
13	2	0
41	75	0
22	80	0
38	17	1
6	16	0
92	57	0
98	26	0
51	20	0
74	37	0
84	14	0
22	11	0
29	63	0
72	30	0
1	68	0
58	81	0
5	40	0
17	76	0
66	47	0
57	99	0
69	44	0
75	83	0
75	58	0
37	50	1
77	79	0
12	90	0
43	41	0
22	78	0
73	47	0
63	37	0
99	49	0
91	95	0
85	89	0
48	68	0
70	43	0
61	65	0
35	50	0
7	50	1
70	1	0
69	85	0
85	78	0
84	3	0
54	83	0
6	98	0
48	17	0
53	33	0
70	29	0
59	24	0
76	21	0
23	95	0
73	27	0
30	77	0
94	17	0
43	70	0
53	40	0
66	99	0
75	72	0
40	78	0
67	92	0
87	63	0
90	44	0
98	74	0
82	93	0
99	50	0
36	69	0
95	87	0
52	88	0
77	83	0
92	48	0
48	82	0
83	65	0
91	55	0
76	33	0
35	50	0
3	58	0
57	81	0
66	18	0
55	32	0
47	20	1
86	85	0
68	37	0
36	12	1
45	17	1
16	87	0
13	56	1
8	92	0
62	40	0
94	19	0
90	42	0
95	6	0
79	96	0
9	46	1
60	21	0
56	50	0
36	76	0
95	20	0
63	48	0
30	91	0
31	95	0
28	67	0
21	94	0
32	4	0
69	63	0
47	32	0
46	70	0
47	42	0
6	50	1
70	68	0
69	15	0
22	89	0
94	58	0
24	30	0
17	67	0
76	62	0
66	57	0
53	59	0
91	54	0
90	64	0
70	52	0
59	12	0
64	66	0
78	44	0
9	34	0
90	75	0
53	42	0
35	75	0
10	80	0
26	98	0
24	57	0
92	28	0
9	48	1
59	91	0
1	87	0
91	63	0
46	28	0
78	18	0
21	22	0
33	37	0
77	11	0
17	73	0
36	53	1
88	57	0
89	39	0
5	9	0
11	48	1
45	16	1
5	39	0
71	9	0
49	69	0
92	94	0
4	12	0
48	99	0
89	32	0
41	4	0
89	88	0
41	65	0
75	73	0
36	34	0
99	38	0
90	76	0
21	62	0
13	81	0
4	47	0
22	69	0
13	99	0
73	15	0
31	54	0
7	88	0
26	29	0
61	18	0
39	63	0
75	52	0
45	1	0
33	76	0
94	25	0
10	27	0
72	46	0
97	32	0
47	61	0
26	11	0
44	0	0
18	95	0
43	76	0
23	63	0
19	15	0
22	85	0
25	80	0
68	53	0
88	41	0
37	70	0
84	99	0
47	31	0
65	69	0
47	85	0
2	85	0
83	44	0
44	61	0
9	17	0
93	61	0
53	53	0
90	22	0
76	17	0
81	33	0
60	99	0
46	40	0
58	37	0
60	31	0
41	1	0
44	89	0
52	72	0
88	30	0
59	97	0
88	42	0
79	56	0
37	70	0
26	67	0
79	34	0
54	38	0
74	3	0
98	97	0
73	77	0
44	79	0
70	43	0
81	86	0
14	80	0
56	30	0
14	94	0
5	58	0
43	62	0
75	70	0
64	13	0
95	93	0
86	9	0
99	91	0
62	12	0
71	23	0
76	57	0
67	33	0
18	84	0
51	87	0
66	82	0
9	33	0
16	80	0
15	69	0
37	8	0
35	38	0
3	43	0
74	45	0
51	26	0
9	61	0
16	90	0
66	93	0
93	42	0
0	76	0
62	41	0
31	83	0
75	66	0
68	46	0
5	47	1
27	57	0
83	37	0
68	49	0
69	61	0
17	63	0
59	48	0
4	90	0
6	4	0
85	66	0
19	70	0
24	1	0
2	95	0
22	79	0
99	38	0
75	80	0
89	68	0
83	89	0
50	60	0
64	31	0
0	72	0
49	63	0
33	57	0
63	46	0
93	20	0
