90	66	0
50	13	0
44	17	0
52	99	0
5	22	0
95	32	0
99	83	0
45	11	0
76	81	0
42	36	0
81	36	0
5	84	0
21	12	0
20	64	0
99	14	0
95	80	0
65	24	0
30	51	0
96	68	0
92	5	0
44	77	0
71	83	0
72	99	0
74	1	0
41	92	0
57	1	0
76	77	0
70	97	0
96	57	0
5	37	0
38	39	0
44	27	0
87	29	0
40	49	0
87	68	0
14	91	0
59	84	0
96	25	0
79	93	0
53	0	0
21	49	0
79	52	0
96	59	0
58	73	0
99	40	0
9	84	0
29	48	0
56	12	0
90	50	0
17	63	0
59	14	0
29	89	0
49	90	0
30	63	0
96	68	0
38	28	0
42	45	0
81	73	0
98	90	0
83	13	0
11	93	0
94	7	0
45	3	0
77	74	0
44	21	0
21	82	0
78	10	0
38	77	0
86	82	0
63	66	0
13	28	0
78	88	0
24	40	0
14	46	0
90	41	0
9	38	0
37	74	0
51	82	0
75	24	0
43	97	0
63	99	0
3	5	0
9	11	0
95	16	0
98	16	0
33	52	0
84	45	0
22	27	0
80	58	0
29	48	0
32	11	0
37	5	0
67	40	0
15	87	0
72	10	0
51	76	0
42	8	0
42	26	0
94	39	0
39	72	0
75	48	0
20	60	0
72	93	0
4	77	0
45	82	0
86	44	0
58	5	0
44	67	0
15	63	0
55	5	0
63	57	0
15	62	0
41	4	0
40	64	0
26	38	0
92	81	0
53	45	0
0	0	0
30	94	0
80	7	0
68	66	0
14	33	0
85	80	0
94	14	0
67	68	0
55	81	0
30	12	0
56	96	0
75	78	0
77	54	0
35	98	0
67	28	0
33	22	0
24	35	0
86	7	0
5	74	0
95	73	0
96	14	0
85	30	0
42	53	0
57	17	0
88	86	0
6	14	0
35	15	0
86	76	0
34	44	0
90	74	0
80	85	0
56	18	0
45	32	0
53	61	0
10	47	0
28	74	0
17	61	0
79	75	0
41	52	0
48	96	0
80	56	0
74	76	0
49	81	0
20	43	0
86	77	0
5	33	0
40	44	0
18	16	0
18	76	0
41	78	0
94	35	0
31	31	0
79	16	0
36	80	0
59	29	0
51	38	0
78	85	0
28	53	0
71	75	0
38	88	0
31	55	0
36	14	0
64	13	0
38	85	0
17	73	0
73	84	0
88	54	0
17	91	0
21	34	0
99	64	0
30	59	0
23	87	0
45	94	0
49	50	0
34	8	0
18	40	0
73	84	0
82	93	0
59	85	0
73	22	0
6	69	0
58	0	0
73	11	0
65	24	0
76	20	0
25	60	0
4	66	0
53	57	0
79	34	0
31	74	0
91	24	0
46	89	0
31	65	0
31	16	0
75	75	0
28	61	0
40	12	0
7	94	0
67	15	0
98	82	0
84	92	0
93	19	0
0	82	0
14	70	0
95	45	0
51	77	0
35	45	0
52	69	0
54	71	0
45	55	0
7	77	0
27	60	0
68	11	0
1	66	0
72	98	0
75	46	0
43	88	0
90	58	0
45	13	0
43	64	0
21	79	0
40	87	0
57	36	0
66	33	0
21	30	0
98	65	0
75	45	0
86	55	0
7	79	0
60	18	0
14	89	0
70	65	0
56	45	0
58	54	0
55	16	0
4	51	0
80	43	0
53	7	0
78	61	0
49	86	0
69	44	0
95	37	0
97	3	0
0	63	0
82	71	0
17	97	0
99	65	0
44	87	0
61	31	0
45	0	0
22	92	0
70	37	0
39	58	0
45	78	0
48	8	0
22	95	0
70	91	0
88	82	0
68	29	0
89	69	0
7	89	0
49	43	0
52	6	0
67	23	0
32	14	0
34	4	0
51	8	0
56	51	0
72	33	0
34	55	0
29	50	0
49	59	0
72	82	0
87	83	0
60	84	0
87	17	0
89	55	0
81	4	0
11	53	0
27	7	0
88	38	0
61	24	0
74	73	0
2	37	0
48	70	0
53	26	0
28	96	0
32	91	0
21	70	0
96	67	0
40	29	0
39	4	0
29	58	0
87	54	0
73	21	0
74	90	0
23	12	0
66	92	0
9	73	0
46	85	0
36	38	0
0	57	0
76	7	0
23	30	0
89	12	0
39	16	0
12	3	1
88	8	0
34	47	0
16	48	0
86	27	0
95	56	0
3	28	0
32	27	0
3	64	0
34	85	0
16	85	0
3	10	0
40	86	0
50	68	0
47	40	0
64	26	0
42	92	0
36	66	0
91	94	0
46	34	0
17	46	0
26	38	0
59	69	0
84	93	0
47	21	0
87	6	0
33	2	0
56	5	0
57	9	0
21	44	0
78	58	0
67	1	0
14	35	0
50	11	0
55	51	0
48	49	0
22	67	0
82	82	0
76	53	0
18	53	0
48	34	0
20	6	1
97	8	0
52	7	0
62	17	0
57	43	0
26	33	0
3	70	0
68	76	0
17	81	0
35	92	0
25	95	0
53	28	0
42	44	0
91	59	0
71	44	0
8	83	0
79	79	0
59	87	0
17	29	1
75	20	0
56	99	0
72	3	0
89	60	0
86	49	0
40	19	0
43	39	0
33	48	0
88	79	0
9	12	0
76	24	0
94	1	0
14	41	0
32	99	0
70	73	0
86	2	0
4	58	0
98	32	0
46	99	0
71	10	0
62	50	0
45	52	0
45	40	0
30	38	0
50	36	0
72	83	0
78	43	0
38	34	0
78	70	0
22	57	0
15	90	0
86	91	0
38	35	0
2	81	0
63	21	0
89	14	0
80	42	0
12	59	0
65	43	0
33	34	0
52	41	0
1	99	0
71	27	0
55	12	0
86	56	0
45	26	0
28	82	0
22	4	0
80	50	0
10	0	1
74	95	0
3	83	0
38	54	0
50	76	0
57	31	0
21	99	0
17	45	0
26	43	0
59	15	0
91	25	0
85	22	0
87	91	0
19	61	0
29	20	0
28	29	0
79	21	0
54	64	0
72	95	0
20	39	0
72	99	0
88	68	0
33	72	0
75	6	0
72	38	0
82	17	0
73	9	0
42	17	0
42	35	0
97	2	0
79	29	0
0	67	0
89	14	0
98	97	0
7	98	0
88	54	0
55	49	0
27	12	0
93	85	0
67	58	0
18	99	0
68	33	0
82	44	0
86	54	0
84	66	0
27	71	0
77	75	0
41	94	0
78	73	0
26	34	0
29	98	0
98	80	0
30	32	0
29	43	0
67	76	0
60	89	0
45	63	0
59	99	0
59	52	0
39	66	0
34	65	0
81	24	0
22	91	0
84	54	0
27	91	0
41	63	0
41	72	0
85	28	0
29	28	0
20	49	0
53	30	0
93	69	0
70	10	0
86	99	0
70	95	0
40	48	0
64	4	0
28	45	0
37	89	0
40	32	0
52	67	0
65	79	0
32	22	0
80	96	0
44	25	0
32	20	0
67	36	0
30	81	0
41	15	0
4	60	0
88	81	0
60	94	0
50	43	0
82	10	0
45	75	0
40	51	0
96	60	0
86	0	0
4	70	0
72	3	0
70	70	0
73	31	0
37	14	0
29	73	0
85	80	0
27	72	0
55	85	0
75	19	0
12	67	0
66	18	0
43	59	0
62	97	0
31	94	0
86	6	0
91	19	0
60	12	0
39	91	0
11	88	0
10	90	0
71	44	0
66	65	0
79	73	0
14	50	0
81	36	0
70	66	0
86	74	0
56	65	0
18	60	0
23	67	0
35	24	0
43	31	0
3	43	0
51	63	0
42	46	0
95	36	0
79	38	0
72	4	0
81	36	0
56	72	0
16	51	0
60	30	0
89	76	0
63	83	0
93	72	0
19	54	0
58	71	0
66	47	0
26	53	0
88	33	0
18	53	0
42	25	0
82	49	0
81	95	0
58	56	0
19	67	0
43	5	0
57	71	0
30	85	0
43	27	0
78	79	0
95	72	0
18	97	0
52	74	0
10	74	0
74	61	0
31	52	0
47	63	0
35	77	0
63	74	0
23	27	0
14	59	0
92	82	0
79	55	0
99	55	0
25	60	0
53	86	0
63	26	0
90	26	0
40	45	0
95	11	0
16	88	0
28	31	0
33	82	0
90	57	0
23	42	0
91	67	0
18	95	0
8	73	0
20	4	1
89	89	0
39	29	0
2	71	0
75	91	0
47	63	0
85	65	0
29	91	0
99	36	0
26	13	0
35	82	0
30	71	0
36	19	0
24	42	0
3	15	0
83	69	0
92	7	0
58	8	0
75	13	0
94	44	0
29	6	0
36	46	0
97	42	0
8	53	0
53	79	0
0	52	0
15	72	0
78	54	0
47	96	0
76	47	0
71	81	0
33	35	0
74	64	0
40	54	0
84	47	0
15	75	0
54	38	0
32	69	0
72	34	0
56	36	0
99	80	0
98	95	0
88	81	0
26	74	0
18	31	0
58	49	0
47	74	0
31	15	0
22	0	0
35	72	0
9	39	0
63	0	0
69	86	0
75	67	0
93	20	0
10	45	0
69	92	0
5	94	0
53	9	0
62	48	0
68	13	0
40	19	0
25	35	0
45	15	0
75	3	0
44	86	0
54	31	0
28	87	0
76	10	0
30	44	0
51	65	0
74	22	0
90	72	0
61	75	0
33	68	0
52	85	0
81	86	0
84	53	0
17	68	0
77	71	0
63	94	0
16	39	0
20	52	0
97	34	0
32	94	0
97	84	0
71	83	0
50	3	0
55	47	0
91	56	0
62	83	0
82	51	0
96	76	0
83	28	0
12	68	0
0	57	0
70	85	0
77	40	0
50	61	0
59	10	0
34	12	0
79	74	0
29	35	0
14	62	0
46	54	0
52	38	0
37	13	0
53	29	0
14	86	0
26	40	0
7	61	0
11	71	0
78	52	0
16	17	0
60	8	0
97	23	0
81	3	0
55	79	0
11	58	0
62	28	0
44	34	0
64	80	0
89	14	0
37	48	0
54	62	0
51	82	0
19	94	0
34	65	0
42	86	0
23	33	0
76	84	0
48	50	0
37	84	0
60	29	0
12	49	0
59	64	0
59	24	0
28	71	0
79	39	0
51	44	0
46	45	0
33	15	0
6	61	0
81	66	0
73	62	0
42	42	0
84	60	0
85	71	0
77	26	0
60	6	0
87	81	0
83	12	0
4	69	0
72	77	0
34	18	0
64	40	0
15	5	1
14	66	0
12	85	0
35	90	0
26	53	0
93	32	0
21	51	0
55	99	0
20	84	0
98	73	0
56	61	0
83	43	0
19	3	0
52	21	0
59	9	0
5	7	1
12	79	0
62	62	0
84	62	0
69	50	0
14	0	0
27	40	0
67	8	0
3	80	0
78	4	0
44	69	0
47	19	0
75	99	0
6	37	0
14	92	0
99	55	0
30	11	0
97	79	0
61	65	0
73	47	0
54	27	0
89	25	0
89	75	0
12	68	0
0	80	0
21	55	0
12	89	0
0	83	0
80	24	0
40	42	0
1	94	0
49	10	0
61	3	0
34	50	0
70	43	0
46	17	0
27	68	0
27	29	0
81	14	0
14	40	0
86	52	0
92	6	0
64	60	0
26	10	0
51	14	0
12	99	0
58	79	0
37	71	0
37	17	0
4	81	0
5	93	0
65	54	0
92	39	0
39	29	0
33	78	0
25	23	1
98	93	0
53	29	0
57	71	0
63	92	0
4	85	0
67	24	0
54	59	0
25	36	0
95	71	0
46	68	0
99	24	0
74	16	0
88	22	0
76	88	0
46	61	0
35	84	0
82	19	0
26	8	0
62	92	0
74	73	0
20	49	0
70	42	0
74	89	0
87	9	0
95	54	0
24	71	0
61	51	0
21	27	0
89	17	0
38	49	0
60	2	0
94	95	0
80	68	0
49	75	0
76	28	0
75	72	0
8	87	0
46	6	0
10	89	0
7	68	0
69	66	0
66	98	0
76	4	0
91	95	0
82	8	0
80	76	0
60	6	0
85	33	0
83	47	0
54	33	0
15	77	0
52	88	0
62	80	0
17	54	0
3	37	0
36	99	0
10	69	0
43	0	0
33	51	0
13	59	0
42	28	0
3	42	0
96	50	0
53	20	0
11	45	0
27	87	0
76	70	0
0	0	0
88	69	0
16	69	0
61	45	0
30	60	0
93	47	0
54	41	0
1	10	0
4	51	0
18	61	0
96	68	0
69	51	0
99	58	0
4	55	0
67	59	0
12	76	0
2	20	0
85	58	0
28	62	0
38	14	0
37	30	0
8	81	0
32	89	0
4	6	0
80	42	0
77	58	0
78	61	0
76	79	0
38	80	0
48	20	0
1	73	0
47	70	0
42	46	0
56	54	0
84	9	0
