89	61	0
43	13	0
31	31	0
59	96	0
14	7	0
92	35	0
95	92	0
42	5	0
62	85	0
46	17	0
86	45	0
0	78	0
16	6	0
20	67	0
98	22	0
79	75	0
58	31	0
20	53	0
90	60	0
98	15	0
52	92	0
60	69	0
79	85	0
57	2	0
35	81	0
54	8	0
83	73	0
64	83	0
89	77	0
4	26	0
53	21	0
40	18	0
88	32	0
29	53	0
85	64	0
6	90	0
39	99	0
94	27	0
71	91	0
48	1	0
21	68	0
93	58	0
92	70	0
53	69	0
97	48	0
6	80	0
23	39	1
65	1	0
98	67	0
13	69	0
62	7	0
14	78	0
55	94	0
37	75	0
98	71	0
49	33	0
29	24	0
96	76	0
94	96	0
95	9	0
19	97	0
97	16	0
40	10	0
74	75	0
40	8	0
12	97	0
83	6	0
41	89	0
71	95	0
48	65	0
0	35	0
68	92	0
27	32	1
12	54	0
93	32	0
28	40	1
29	88	0
53	99	0
62	28	0
32	97	0
58	99	0
0	23	0
98	9	0
95	17	0
39	59	0
82	43	0
24	39	1
81	59	0
49	11	0
38	7	0
70	47	0
12	95	0
55	6	0
56	84	0
40	3	0
49	32	0
86	45	0
38	64	0
72	45	0
7	60	0
78	81	0
3	78	0
33	97	0
97	57	0
61	11	0
43	68	0
37	68	0
65	3	0
70	52	0
2	60	0
30	0	0
13	39	0
40	32	0
68	86	0
54	52	0
16	93	0
87	6	0
50	77	0
79	80	0
96	2	0
68	82	0
51	70	0
33	10	0
55	99	0
98	71	0
68	63	0
26	97	0
62	35	0
33	14	0
17	46	0
78	6	0
8	61	0
94	60	0
99	23	0
83	36	0
38	51	0
48	13	0
84	72	0
17	16	0
33	14	0
86	62	0
43	38	0
66	72	0
64	94	0
50	35	0
49	36	0
57	38	0
13	43	0
32	55	0
27	55	0
76	84	0
42	55	0
27	98	0
74	43	0
73	63	0
54	80	0
91	71	0
16	28	0
55	52	0
14	10	0
25	82	0
31	72	0
87	35	0
42	39	0
78	9	0
43	84	0
50	26	0
52	45	0
72	76	0
28	65	0
49	78	0
33	81	0
33	45	0
44	13	0
54	5	0
32	72	0
23	79	0
78	74	0
92	68	0
29	92	0
91	70	0
27	54	0
25	86	0
57	68	0
38	56	0
22	13	0
6	28	1
75	96	0
90	80	0
56	64	0
74	34	0
3	51	0
58	6	0
79	38	0
63	25	0
72	27	0
17	61	0
9	51	0
52	52	0
76	19	0
43	60	0
92	28	0
32	95	0
23	66	0
36	22	0
81	78	0
35	56	0
32	10	0
20	83	0
54	14	0
97	82	0
61	90	0
95	0	0
7	75	0
24	63	0
94	29	0
52	80	0
47	36	0
52	64	0
47	70	0
47	66	0
19	76	0
25	57	0
65	1	0
1	60	0
58	77	0
93	42	0
44	88	0
79	63	0
65	31	0
48	70	0
26	86	0
40	94	0
50	37	0
76	38	0
85	59	0
69	38	0
64	66	0
8	45	0
49	18	0
6	85	0
65	55	0
68	40	0
67	27	0
52	17	0
7	56	0
87	15	0
39	10	0
64	66	0
54	75	0
70	34	0
99	36	0
97	7	0
7	56	0
98	76	0
21	99	0
90	76	0
32	96	0
57	31	0
62	17	0
18	85	0
71	34	0
41	68	0
35	70	0
42	9	0
31	96	0
83	89	0
70	93	0
83	45	0
93	72	0
22	91	0
43	63	0
63	8	0
70	37	0
31	18	0
36	2	0
50	17	0
51	59	0
74	42	0
37	46	0
39	51	0
34	72	0
74	87	0
79	67	0
57	77	0
82	0	0
84	43	0
63	3	0
18	46	0
26	33	1
74	43	0
69	54	0
66	68	0
11	34	0
35	69	0
58	19	0
21	86	0
31	90	0
28	69	0
92	63	0
44	13	0
36	2	0
32	55	0
76	69	0
62	11	0
72	91	0
13	6	0
55	99	0
4	66	0
35	91	0
44	38	0
1	56	0
81	27	0
76	4	0
49	10	0
87	14	0
37	53	0
14	52	0
75	23	0
87	60	0
7	16	0
2	66	0
30	93	0
3	85	0
46	98	0
57	75	0
52	38	0
60	11	0
44	87	0
43	67	0
80	97	0
31	32	0
7	57	0
27	47	0
66	55	0
70	81	0
29	23	0
78	26	0
34	1	0
48	1	0
60	18	0
33	44	0
76	71	0
85	11	0
15	39	0
52	20	0
52	53	0
40	37	0
34	50	0
85	76	0
73	60	0
10	49	0
54	30	0
97	9	0
57	9	0
54	28	0
48	37	0
41	31	0
3	73	0
59	84	0
27	75	0
21	92	0
28	98	0
58	13	0
36	37	0
96	46	0
90	56	0
0	73	0
80	68	0
69	69	0
80	24	0
79	83	0
79	7	0
79	60	0
80	63	0
37	24	0
64	52	0
23	50	0
90	82	0
70	19	0
95	16	0
32	52	0
40	93	0
69	68	0
88	13	0
14	67	0
93	27	0
50	99	0
78	21	0
71	43	0
43	53	0
57	40	0
28	40	1
35	50	0
58	85	0
82	29	0
37	23	0
73	74	0
30	69	0
10	98	0
86	95	0
37	36	0
1	87	0
61	31	0
90	20	0
84	41	0
11	64	0
62	38	0
46	30	0
43	42	0
13	95	0
82	20	0
54	4	0
86	42	0
50	48	0
26	79	0
17	0	0
58	59	0
49	89	0
11	53	0
40	71	0
36	73	0
54	38	0
20	86	0
4	49	0
22	44	1
61	16	0
88	30	0
94	8	0
79	85	0
18	62	0
25	34	1
45	23	0
86	0	0
71	63	0
80	89	0
9	47	0
65	90	0
95	62	0
36	88	0
70	5	0
60	52	0
63	26	0
76	11	0
46	32	0
41	13	0
97	2	0
85	31	0
7	83	0
82	14	0
92	98	0
23	94	0
97	65	0
45	52	0
10	25	0
87	91	0
62	45	0
1	99	0
67	37	0
78	36	0
72	55	0
83	67	0
26	74	0
89	65	0
33	86	0
98	82	0
34	91	0
96	80	0
38	29	0
59	64	0
62	97	0
41	65	0
72	95	0
69	49	0
32	64	0
35	65	0
86	6	0
7	86	0
92	52	0
17	85	0
52	73	0
42	83	0
89	42	0
40	52	0
46	27	0
83	56	0
67	13	0
88	89	0
61	91	0
45	50	0
51	8	0
38	37	0
58	83	0
37	27	0
45	66	0
78	71	0
37	18	0
98	93	0
51	14	0
18	7	0
54	22	0
20	77	0
38	3	0
13	60	0
90	93	0
58	84	0
65	53	0
58	2	0
42	71	0
45	50	0
96	58	0
84	4	0
4	70	0
75	0	0
56	74	0
62	32	0
41	14	0
37	68	0
86	82	0
29	75	0
38	85	0
77	26	0
20	50	0
63	34	0
43	69	0
61	81	0
34	97	0
88	6	0
95	25	0
72	17	0
29	76	0
25	98	0
26	76	0
69	39	0
85	77	0
79	88	0
12	43	0
75	40	0
72	74	0
78	73	0
59	77	0
20	79	0
16	65	0
47	25	0
36	15	0
3	37	0
43	56	0
26	47	0
83	29	0
84	36	0
75	0	0
80	49	0
53	61	0
20	63	0
53	27	0
89	83	0
50	94	0
76	62	0
32	57	0
35	85	0
77	50	0
26	47	0
80	28	0
21	50	0
36	17	0
90	51	0
84	93	0
53	53	0
10	63	0
55	7	0
58	54	0
35	83	0
38	30	0
82	92	0
96	66	0
15	83	0
65	47	0
8	69	0
81	55	0
31	60	0
49	59	0
36	77	0
60	66	0
5	56	0
75	61	0
67	53	0
80	47	0
23	75	0
63	86	0
54	14	0
94	18	0
52	32	0
99	10	0
8	81	0
36	40	0
34	70	0
85	65	0
24	53	0
78	71	0
18	97	0
17	88	0
90	91	0
48	28	0
8	66	0
76	93	0
48	67	0
82	59	0
23	93	0
94	33	0
26	6	0
32	81	0
25	78	0
27	10	0
17	46	0
11	25	0
76	69	0
99	19	0
57	13	0
75	27	0
88	30	0
30	10	0
36	57	0
94	37	0
7	59	0
52	93	0
7	55	0
31	85	0
68	53	0
53	96	0
79	52	0
71	84	0
32	40	0
71	60	0
41	56	0
73	62	0
5	70	0
56	28	0
29	84	0
82	41	0
73	25	0
88	74	0
96	96	0
83	81	0
51	70	0
68	42	0
53	73	0
40	22	0
31	7	0
38	79	0
0	41	0
65	9	0
57	88	0
86	85	0
81	4	0
15	42	0
59	82	0
18	97	0
63	5	0
58	44	0
59	21	0
41	21	0
48	19	0
83	10	0
40	98	0
68	28	0
28	99	0
94	18	0
23	47	0
41	67	0
70	27	0
77	93	0
67	72	0
45	63	0
58	93	0
72	68	0
82	47	0
12	62	0
83	85	0
82	97	0
16	61	0
92	50	0
32	73	0
96	85	0
52	91	0
40	17	0
71	67	0
87	60	0
57	80	0
71	63	0
91	69	0
69	35	0
17	56	0
3	61	0
63	74	0
71	39	0
54	48	0
50	1	0
33	22	0
98	71	0
15	57	0
28	48	0
60	29	0
42	11	0
54	26	0
19	96	0
10	56	0
21	78	0
70	51	0
81	24	0
88	34	0
91	2	0
61	88	0
11	53	0
57	28	0
54	52	0
45	79	0
94	15	0
61	60	0
45	87	0
18	90	0
40	61	0
26	92	0
36	17	0
72	77	0
46	31	0
41	80	0
57	40	0
9	45	0
65	60	0
65	11	0
25	85	0
94	46	0
23	38	1
22	56	0
20	15	0
3	66	0
78	62	0
74	63	0
45	55	0
81	57	0
87	67	0
64	38	0
67	23	0
79	71	0
80	22	0
0	51	0
75	84	0
30	36	0
61	35	0
8	63	0
1	86	0
35	90	0
37	54	0
94	25	0
1	49	0
61	92	0
4	89	0
87	60	0
48	42	0
81	26	0
13	11	0
48	34	0
72	2	0
26	85	0
53	47	0
97	62	0
88	36	0
8	0	0
10	44	0
59	19	0
6	55	0
83	4	0
50	70	0
38	27	0
90	95	0
10	18	0
29	90	0
94	53	0
32	13	0
89	97	0
49	61	0
61	60	0
37	34	0
90	32	0
95	90	0
5	58	0
3	70	0
15	52	0
22	82	0
21	93	0
65	29	0
35	55	0
13	89	0
42	20	0
69	16	0
36	61	0
60	47	0
50	12	0
36	74	0
36	35	0
86	21	0
4	33	0
76	55	0
92	15	0
54	41	0
35	22	0
49	4	0
18	89	0
44	68	0
46	64	0
37	12	0
20	90	0
8	85	0
69	48	0
94	35	0
30	28	0
26	60	0
87	90	0
49	28	0
67	73	0
58	84	0
7	80	0
76	36	0
45	60	0
13	40	0
98	75	0
51	63	0
93	17	0
76	18	0
91	21	0
65	95	0
54	64	0
44	49	0
64	22	0
43	8	0
60	88	0
59	66	0
16	56	0
75	35	0
47	94	0
93	30	0
87	61	0
30	79	0
47	54	0
28	37	1
81	32	0
39	51	0
85	1	0
97	95	0
70	70	0
50	81	0
76	38	0
67	87	0
15	82	0
42	5	0
12	92	0
16	64	0
50	68	0
74	77	0
65	14	0
96	94	0
92	11	0
95	90	0
61	12	0
81	29	0
73	61	0
52	41	0
10	86	0
55	96	0
68	87	0
33	48	0
10	33	0
21	91	0
14	64	0
40	10	0
41	44	0
18	65	0
32	39	0
0	43	0
98	60	0
41	23	0
16	64	0
30	82	0
64	80	0
91	52	0
2	75	0
62	46	0
26	59	0
76	49	0
61	30	0
3	53	0
25	49	0
81	54	0
65	52	0
85	55	0
2	68	0
61	53	0
8	79	0
5	8	0
87	71	0
15	59	0
29	2	0
33	19	0
12	95	0
17	79	0
94	40	0
66	72	0
75	62	0
77	83	0
46	63	0
60	42	0
2	70	0
47	69	0
34	52	0
68	58	0
80	13	0
