85	65	0
38	25	0
58	99	1
17	13	0
92	43	0
91	89	0
69	44	0
4	79	0
1	5	0
14	89	0
79	35	0
74	77	0
31	34	0
62	74	0
90	51	0
65	69	0
41	35	0
92	86	0
99	83	0
73	88	0
9	24	0
72	77	0
75	29	0
57	81	1
51	69	0
66	81	0
94	55	0
97	27	0
89	78	0
39	0	0
80	32	0
29	18	0
97	65	0
91	74	0
87	8	0
19	38	0
59	81	0
7	88	0
64	95	1
20	31	0
71	76	0
92	44	0
51	84	0
5	21	0
84	16	0
64	30	0
51	40	0
77	39	0
82	69	0
55	98	1
16	61	0
99	56	0
46	34	0
33	8	0
57	59	0
4	88	0
97	21	0
45	66	0
88	62	0
99	9	0
76	90	0
66	77	0
8	22	0
69	82	0
89	64	0
78	44	0
59	44	0
83	42	0
85	33	0
91	38	0
22	58	0
15	22	0
88	72	0
57	95	1
36	83	0
55	98	1
82	47	0
61	64	0
81	76	0
78	73	0
28	13	0
11	15	0
86	65	0
95	3	0
13	50	0
77	80	0
59	78	0
60	80	0
51	13	0
75	85	0
76	56	0
8	88	0
95	95	0
4	98	1
16	61	0
93	88	0
95	69	0
55	83	0
66	54	0
91	32	0
57	57	0
16	55	0
56	16	0
86	88	0
72	7	0
82	46	0
82	92	0
53	69	0
69	80	0
15	20	0
76	96	0
60	98	1
34	82	0
30	34	0
56	35	0
65	84	0
66	41	0
11	96	1
94	26	0
51	27	0
73	68	0
71	94	0
86	65	0
97	22	0
92	87	0
74	80	0
53	76	0
11	72	1
13	49	0
69	71	0
71	74	0
89	59	0
90	49	0
90	66	0
61	18	0
37	32	0
77	56	0
29	83	0
57	92	1
86	77	0
99	48	0
94	28	0
72	61	1
58	94	1
65	15	0
0	93	0
3	99	1
94	59	0
90	81	0
16	18	0
90	15	0
90	23	0
86	20	1
85	31	0
13	11	0
32	82	0
56	96	1
88	45	0
72	95	0
88	81	0
69	36	0
54	88	0
0	9	0
36	14	0
53	30	0
66	38	0
2	56	0
42	9	0
95	79	0
96	51	0
59	2	0
34	7	0
98	85	0
30	69	0
8	95	1
30	33	0
62	49	0
75	66	0
56	77	0
81	79	0
75	31	0
77	82	0
84	34	0
92	75	0
48	32	0
99	73	0
63	14	0
35	59	0
79	92	0
89	45	0
87	46	0
77	85	0
87	44	0
37	54	0
53	93	1
71	86	0
21	73	0
87	80	0
0	92	0
85	37	0
95	64	0
38	5	0
48	51	0
15	16	0
90	35	0
62	86	0
15	28	0
78	36	0
76	79	0
18	35	0
81	44	0
81	8	0
98	69	0
69	26	0
96	93	0
19	36	0
75	55	0
87	41	0
64	55	0
3	56	0
95	72	0
96	59	0
16	85	0
75	84	0
42	14	0
69	60	1
54	98	1
77	95	0
95	38	0
61	9	0
67	43	0
75	30	0
91	59	0
68	33	1
91	77	0
92	84	0
82	97	0
12	10	0
5	74	0
80	92	0
65	92	0
48	13	0
82	51	0
93	8	0
97	78	0
56	70	0
63	72	0
99	5	0
87	37	0
10	42	0
0	99	0
86	82	0
97	96	0
89	92	0
76	66	0
66	82	0
10	86	0
29	25	0
4	16	0
41	42	0
84	42	0
59	57	0
63	6	0
78	89	0
80	73	0
80	43	0
73	61	1
30	16	0
97	47	0
68	90	0
60	32	0
62	82	0
92	60	0
9	53	0
51	78	0
55	78	1
1	42	0
68	80	0
97	43	0
91	69	0
44	90	1
88	30	0
98	66	0
66	65	0
6	93	0
81	93	0
17	20	0
11	85	0
62	76	0
67	61	0
91	99	0
6	80	0
80	55	0
11	6	0
12	89	0
7	13	0
90	59	0
15	24	0
4	32	0
81	31	0
67	73	0
96	80	0
82	50	0
78	77	0
72	82	0
3	77	0
95	65	0
64	28	0
93	35	0
75	88	0
78	68	0
42	86	0
96	74	0
38	74	0
2	95	0
75	39	0
33	40	0
58	84	0
36	69	0
58	94	1
93	50	0
85	29	0
69	72	0
99	77	0
91	47	0
95	98	0
88	67	0
67	23	0
78	79	0
83	65	0
98	29	0
49	61	0
67	31	0
87	87	0
86	62	0
24	76	0
91	37	0
86	45	0
89	39	0
98	81	0
78	51	0
1	87	0
17	98	1
40	31	0
26	70	0
63	9	0
4	89	0
80	45	0
10	11	0
19	51	0
63	65	0
71	82	0
73	56	0
66	40	0
78	40	0
14	42	0
89	78	0
58	91	1
81	16	0
12	86	0
98	54	0
24	15	0
27	34	0
65	46	0
94	33	0
16	2	0
41	0	0
52	65	0
95	87	0
24	2	0
58	1	0
88	81	0
54	86	0
22	51	0
94	48	0
83	65	0
10	94	1
5	93	0
44	35	0
95	41	0
20	32	0
83	32	0
78	9	0
34	34	0
55	79	1
24	40	0
82	38	0
60	91	0
79	41	0
14	12	0
90	55	0
77	47	0
82	25	1
61	98	1
74	45	0
49	98	0
56	49	0
69	40	0
46	91	1
86	47	0
96	92	0
90	87	0
72	70	0
75	30	0
92	46	0
89	96	0
96	98	0
80	24	1
83	70	0
81	93	0
51	78	0
0	16	0
28	91	0
89	36	0
75	31	0
85	48	0
74	52	0
92	65	0
87	35	0
13	75	0
10	9	0
48	86	0
29	71	0
38	1	0
6	81	0
91	47	0
94	82	0
82	50	0
94	95	0
98	37	0
