79	61	0
32	29	0
65	97	0
15	6	0
95	38	0
83	94	0
70	43	0
4	78	0
4	6	0
14	93	0
90	44	0
66	74	0
33	34	0
67	78	0
96	57	0
50	96	1
60	73	0
40	31	0
84	73	0
95	85	0
73	75	0
8	29	0
67	72	0
75	34	0
63	92	0
51	73	0
66	80	0
95	47	0
99	25	0
93	74	0
34	1	0
44	88	1
82	34	0
33	17	0
96	73	0
91	70	0
91	20	1
91	14	0
21	36	0
61	77	0
2	88	0
94	11	1
58	95	0
20	29	0
81	72	0
89	36	0
54	95	0
4	13	0
94	17	0
69	40	0
73	16	1
53	45	0
72	32	0
15	98	0
90	65	0
61	91	0
16	62	0
41	83	1
95	55	0
36	35	0
28	7	0
69	61	0
12	91	0
98	33	0
40	66	0
87	56	0
97	5	0
75	96	0
70	84	0
7	26	0
76	80	0
81	66	0
78	39	0
19	98	1
60	39	0
85	44	0
88	37	0
88	35	0
17	59	0
5	14	0
91	59	0
58	98	0
41	77	0
58	94	0
70	35	0
62	67	0
83	76	0
78	78	0
18	18	0
12	9	0
83	61	0
88	2	0
15	52	0
72	79	0
63	80	0
59	77	0
54	6	0
51	95	1
72	91	0
76	52	0
14	89	0
92	84	0
4	89	0
15	54	0
87	89	0
88	76	0
51	77	0
74	41	0
82	39	0
53	67	0
23	54	0
41	20	0
92	90	0
74	5	0
81	38	0
84	96	0
62	78	0
72	73	0
12	24	0
13	78	1
66	98	0
72	64	1
47	91	1
59	92	0
27	85	0
38	37	0
74	55	1
57	46	0
58	79	0
70	36	0
1	96	0
94	35	0
63	26	0
51	21	0
80	18	1
64	69	0
73	93	0
85	74	0
89	10	1
96	30	0
95	78	0
67	71	0
55	81	0
14	73	0
95	8	1
9	51	0
77	76	0
79	71	0
91	53	0
83	55	0
93	67	0
54	12	0
38	24	0
77	61	0
23	75	0
58	83	0
82	75	0
78	4	1
94	47	0
97	33	0
74	59	0
67	98	0
62	9	0
2	93	0
10	96	0
94	58	0
58	61	1
94	72	0
15	17	0
46	97	1
80	8	1
78	10	0
89	22	0
86	23	0
80	32	0
15	12	0
32	77	0
57	93	0
85	40	0
74	96	0
91	72	0
63	32	0
62	80	0
6	8	0
32	9	0
43	26	0
65	35	0
3	56	0
31	13	0
96	82	0
96	60	0
99	14	0
61	0	0
37	10	0
98	87	0
28	77	0
10	92	0
35	34	0
76	46	0
73	69	0
56	73	0
84	84	0
72	31	0
75	77	0
87	32	0
87	68	0
62	38	0
99	75	0
63	15	0
96	9	0
31	58	0
78	89	0
98	45	0
91	45	0
74	96	0
91	41	0
44	46	0
57	99	0
72	84	0
23	78	0
84	81	0
6	96	0
91	11	1
92	15	1
44	83	1
18	98	1
89	33	0
92	65	0
31	3	0
48	92	1
43	57	0
9	13	0
88	45	0
88	10	0
70	91	0
16	22	0
74	27	0
72	79	0
14	28	0
77	39	0
80	3	0
95	69	0
68	16	0
95	92	0
12	38	0
57	95	0
65	56	0
92	41	0
60	44	0
73	55	1
2	54	0
91	76	0
92	61	0
3	87	0
75	85	0
40	20	0
65	54	0
63	98	0
68	91	0
98	51	0
63	12	0
66	41	0
79	31	0
92	58	0
77	37	0
88	67	0
43	96	1
50	92	1
88	97	0
80	94	0
15	8	0
5	83	0
74	84	0
70	97	0
58	19	0
83	52	0
94	1	0
90	13	1
93	78	0
66	78	0
89	17	1
64	80	0
88	19	1
96	4	0
84	28	0
11	43	0
7	97	0
16	99	1
88	90	0
85	91	0
83	85	0
86	60	0
78	87	0
7	91	0
26	22	0
2	10	0
35	40	0
87	12	1
83	39	0
62	65	0
57	4	0
77	84	0
83	81	0
81	50	0
74	61	0
33	20	0
99	38	0
76	96	0
54	38	0
70	85	0
99	62	0
17	56	0
43	71	0
52	78	0
52	84	1
1	47	0
71	73	0
93	44	0
93	65	0
55	91	0
89	24	0
85	11	0
95	68	0
64	72	0
5	95	0
80	90	0
22	19	0
7	83	0
64	72	0
62	66	0
80	86	0
0	85	0
83	54	0
15	0	0
48	85	1
9	83	0
0	17	0
98	52	0
76	20	1
17	19	0
17	33	0
70	38	0
67	80	0
90	78	0
87	42	0
79	75	0
73	90	0
1	67	0
88	63	0
66	22	0
99	44	0
77	86	0
81	70	0
44	76	0
95	67	0
93	10	1
49	77	0
0	98	0
73	34	0
80	24	1
30	32	0
64	84	0
34	71	0
64	91	0
94	52	0
88	35	0
71	69	0
91	81	0
92	44	0
96	97	0
77	69	0
71	36	0
43	87	1
82	75	0
87	72	0
94	31	0
44	66	0
63	32	0
81	91	0
86	52	0
24	85	0
83	35	0
78	44	0
90	42	0
99	84	0
73	42	0
3	86	0
10	97	0
38	32	0
25	72	0
44	87	1
63	8	0
1	94	0
74	47	0
13	15	0
16	60	0
68	72	0
69	68	0
79	51	0
77	41	0
74	67	0
80	45	0
15	38	0
97	79	0
56	96	0
83	18	0
40	95	1
20	89	0
96	59	0
62	35	0
25	18	0
27	32	0
78	50	0
98	30	0
16	1	0
43	2	0
51	64	0
95	84	0
27	6	0
41	82	1
57	16	0
85	83	0
72	64	1
61	90	0
15	48	0
98	47	0
86	62	0
6	90	0
1	92	0
50	26	0
93	27	0
18	28	0
88	40	0
72	13	0
41	27	0
18	95	0
63	84	0
22	34	0
72	40	0
67	87	0
13	95	1
69	37	0
10	6	0
92	55	0
87	37	0
85	23	0
58	28	1
53	94	0
86	37	0
57	98	0
59	56	0
72	52	0
51	91	0
93	51	0
93	98	0
85	86	0
53	88	1
90	8	1
81	80	0
74	19	0
94	47	0
93	98	0
94	96	0
85	20	0
83	67	0
13	97	1
84	98	0
63	72	0
4	19	0
28	93	0
88	27	0
18	97	0
53	79	1
72	37	0
77	51	0
76	55	0
99	55	0
81	37	0
80	19	1
5	84	0
13	12	0
59	80	0
27	67	0
37	4	0
2	81	0
97	41	0
93	85	0
88	49	0
89	82	0
69	54	1
86	17	1
96	40	0
