98	62	0
55	9	0
37	23	0
45	97	0
8	27	0
91	29	0
90	78	0
12	5	1
48	11	0
71	93	0
42	39	0
80	37	0
2	81	0
22	8	0
16	67	0
97	13	0
96	81	0
61	29	0
27	59	0
97	70	0
92	1	0
42	75	0
74	84	0
75	95	0
67	4	0
36	99	0
53	8	0
77	82	0
71	89	0
97	54	0
4	37	0
31	35	0
38	28	0
81	25	0
38	43	0
88	70	0
12	94	0
66	77	0
94	25	0
80	90	0
44	5	0
26	49	0
71	53	0
96	54	0
56	74	0
98	48	0
14	92	0
41	47	0
58	13	0
85	48	0
19	65	0
55	10	0
31	91	0
52	86	0
27	62	0
95	73	0
43	26	0
35	48	0
85	79	0
99	92	0
85	12	0
10	96	0
95	8	0
50	5	0
93	71	0
39	29	0
22	83	0
80	7	0
34	78	0
87	77	0
59	55	0
18	28	0
79	88	0
30	40	0
15	48	0
85	35	0
17	35	0
37	81	0
58	87	0
75	24	0
43	98	0
63	99	0
0	10	0
12	16	0
93	21	0
98	22	0
38	57	0
82	44	0
20	30	0
77	56	0
38	53	0
32	9	0
36	2	0
70	46	0
19	88	0
57	7	0
48	72	0
44	6	0
40	27	0
91	43	0
42	62	0
64	48	0
15	74	0
74	88	0
9	76	0
45	76	0
84	50	0
62	8	0
54	71	0
7	61	0
60	6	0
53	60	0
7	68	0
48	3	0
32	57	0
20	38	0
87	85	0
51	41	0
0	4	0
21	99	0
81	0	0
66	71	0
12	34	0
84	78	0
93	13	0
64	70	0
54	86	0
29	18	0
62	87	0
21	24	1
78	84	0
67	54	0
37	98	0
74	35	0
35	25	0
21	35	0
84	1	0
3	72	0
92	73	0
92	15	0
91	34	0
44	58	0
62	10	0
92	90	0
6	9	0
42	13	0
81	81	0
36	44	0
96	69	0
85	74	0
55	24	0
49	36	0
62	62	0
4	49	0
27	82	0
18	59	0
80	75	0
53	72	0
45	99	0
79	52	0
70	80	0
51	81	0
25	48	0
86	78	0
1	39	0
36	39	0
24	25	0
21	76	0
38	71	0
98	20	0
41	32	0
73	12	0
34	85	0
67	23	0
50	34	0
78	76	0
25	52	0
60	68	0
39	98	0
39	61	0
36	8	0
69	12	0
38	86	0
12	76	0
72	88	0
92	56	0
17	88	0
34	33	0
99	68	0
28	57	0
36	82	0
41	95	0
53	47	0
34	11	0
18	40	0
74	89	0
85	97	0
61	88	0
78	17	0
4	69	0
60	2	0
66	11	0
70	21	0
83	21	0
34	60	0
3	74	0
56	58	0
75	37	0
31	76	0
89	19	0
54	86	0
33	64	0
28	13	0
85	74	0
32	67	0
40	11	0
1	91	0
73	14	0
96	81	0
84	93	0
85	20	0
4	80	0
14	77	0
95	47	0
48	75	0
35	47	0
48	78	0
58	75	0
49	59	0
6	78	0
33	66	0
61	9	0
5	67	0
71	99	0
70	43	0
37	92	0
89	56	0
39	14	0
40	51	0
16	77	0
39	95	0
52	33	0
69	29	0
18	30	0
90	69	0
77	44	0
84	52	0
8	81	0
54	13	0
14	81	0
68	68	0
58	44	0
67	50	0
56	8	0
10	8	1
0	54	0
76	47	0
51	10	0
74	62	0
48	86	0
64	48	0
97	26	0
90	4	0
3	64	0
89	71	0
22	98	0
91	62	0
40	89	0
58	34	0
44	0	0
20	91	0
68	34	0
39	55	0
42	79	0
49	2	0
26	93	0
70	92	0
85	83	0
68	26	0
94	71	0
9	84	0
44	37	0
59	0	0
66	21	0
37	22	0
42	5	0
51	11	0
56	48	0
71	34	0
39	51	0
26	50	0
50	56	0
71	80	0
86	72	0
56	88	0
80	14	0
98	52	0
77	3	0
9	56	0
32	4	0
89	35	0
48	24	0
75	74	0
5	41	0
48	73	0
55	22	0
25	98	0
32	87	0
29	72	0
97	62	0
45	28	0
38	0	0
23	53	0
90	54	0
80	24	0
71	96	0
17	11	0
60	92	0
9	77	0
42	84	0
35	33	0
7	55	0
80	7	0
23	30	0
81	12	0
45	13	0
11	3	0
83	4	0
31	47	0
14	42	0
85	27	0
92	62	0
11	26	0
27	29	0
0	54	0
31	87	0
15	72	0
7	7	0
37	92	0
42	65	0
39	35	0
63	23	0
46	84	0
38	70	0
81	97	0
40	24	0
19	45	0
34	36	0
58	79	0
83	98	0
54	15	0
80	1	0
35	4	0
47	8	0
63	9	0
19	43	0
79	60	0
65	2	0
20	41	0
58	4	0
54	56	0
49	53	0
27	63	0
79	81	0
65	51	0
18	55	0
54	36	0
20	15	1
97	8	0
50	9	0
66	20	0
54	41	0
22	36	0
9	70	0
68	76	0
16	78	0
34	95	0
20	96	0
49	22	0
32	33	0
89	60	0
63	44	0
5	78	0
79	81	0
62	90	0
24	34	0
75	25	0
61	97	0
71	1	0
91	61	0
80	46	0
33	17	0
40	49	0
39	48	0
89	79	0
9	19	0
76	26	0
87	9	0
10	49	0
31	92	0
72	78	0
83	4	0
5	69	0
98	36	0
44	92	0
72	7	0
62	53	0
41	51	0
54	47	0
31	41	0
47	39	0
75	78	0
75	53	0
43	30	0
74	69	0
23	52	0
23	92	0
81	84	0
43	24	0
4	71	0
63	15	0
86	17	0
72	42	0
16	59	0
62	34	0
29	38	0
53	40	0
3	97	0
61	32	0
54	9	0
90	51	0
44	23	0
30	80	0
30	6	0
82	50	0
7	4	0
63	97	0
2	88	0
38	44	0
54	84	0
56	31	0
17	99	0
20	43	0
23	40	0
60	16	0
94	33	0
83	18	0
87	97	0
20	60	0
35	14	0
33	30	0
83	22	0
51	61	0
70	87	0
18	36	0
71	99	0
86	70	0
38	80	0
71	9	0
73	38	0
84	15	0
72	17	0
45	22	0
41	33	0
95	3	0
69	28	0
5	63	0
93	14	0
90	94	0
10	94	0
90	64	0
44	48	0
22	8	0
96	85	0
80	56	0
26	96	0
67	23	0
78	46	0
92	56	0
82	66	0
34	78	0
80	80	0
35	93	0
85	74	0
36	40	0
23	92	0
99	85	0
34	36	0
25	41	0
65	69	0
61	94	0
51	66	0
48	94	0
56	58	0
34	62	0
29	61	0
83	21	0
15	90	0
82	52	0
20	88	0
41	55	0
45	78	0
82	27	0
26	29	0
17	46	0
66	40	0
98	77	0
66	14	0
85	95	0
71	96	0
33	43	0
62	10	0
30	46	0
25	86	0
40	35	0
57	69	0
70	79	0
37	23	0
78	92	0
46	31	0
37	17	0
64	42	0
27	78	0
44	13	0
2	60	0
92	80	0
58	91	0
54	44	0
82	12	0
46	74	0
44	53	0
99	57	0
93	0	0
1	75	0
72	4	0
77	77	0
70	29	0
32	2	0
36	68	0
82	78	0
39	72	0
53	76	0
78	22	0
14	65	0
64	12	0
42	64	0
60	97	0
31	93	0
98	6	0
88	18	0
59	10	0
38	90	0
20	91	0
6	88	0
76	51	0
71	63	0
80	65	0
19	43	0
81	45	0
69	61	0
88	72	0
65	59	0
25	54	0
18	73	0
38	26	0
44	41	0
3	48	0
52	64	0
40	41	0
97	34	0
78	33	0
71	2	0
78	33	0
51	79	0
18	16	1
15	48	0
63	35	0
90	74	0
63	83	0
96	74	0
25	51	0
50	70	0
60	54	0
24	58	0
92	38	0
27	61	0
40	25	0
89	50	0
73	99	0
61	52	0
20	64	0
46	0	0
64	68	0
30	83	0
40	28	0
76	77	0
92	74	0
20	96	0
54	68	0
11	72	0
76	66	0
34	56	0
50	65	0
40	79	0
61	69	0
23	36	0
15	64	0
90	79	0
78	51	0
96	59	0
30	74	0
53	79	0
69	31	0
20	17	1
85	21	0
41	38	0
95	12	0
12	88	0
30	36	0
29	76	0
83	54	0
23	40	0
95	63	0
11	97	0
9	74	0
22	5	0
97	93	0
37	28	0
2	79	0
78	90	0
38	62	0
76	76	0
31	89	0
98	32	0
33	17	0
38	85	0
33	77	0
35	13	0
23	37	0
5	24	0
90	71	0
92	12	0
58	9	0
73	9	0
95	41	0
31	8	0
37	40	0
97	40	0
13	58	0
43	88	0
3	44	0
14	79	0
77	57	0
49	94	0
66	46	0
74	77	0
36	33	0
75	65	0
34	59	0
90	45	0
14	70	0
57	33	0
37	69	0
74	34	0
59	42	0
96	81	0
94	99	0
84	86	0
18	82	0
19	32	0
53	52	0
50	72	0
31	21	0
17	3	0
33	69	0
10	40	0
65	7	0
66	83	0
85	61	0
93	20	0
10	45	0
10	3	1
79	96	0
7	99	0
50	7	0
54	54	0
68	11	0
11	6	1
44	20	0
20	36	0
45	17	0
64	6	0
40	84	0
57	22	0
28	97	0
77	3	0
30	41	0
54	72	0
75	22	0
91	72	0
65	77	0
35	71	0
49	91	0
76	91	0
7	16	1
84	54	0
19	62	0
84	75	0
59	94	0
11	35	0
16	54	0
92	46	0
33	87	0
98	95	0
68	85	0
47	3	0
51	48	0
85	56	0
61	89	0
75	50	0
97	72	0
90	30	0
16	63	0
2	57	0
72	89	0
76	40	0
51	58	0
56	10	0
32	19	0
77	76	0
25	35	0
11	67	0
43	44	0
60	42	0
33	13	0
59	30	0
12	86	0
19	40	0
14	59	0
8	73	0
75	52	0
22	24	0
60	14	0
91	24	0
80	4	0
56	70	0
1	65	0
63	29	0
45	34	0
68	77	0
77	11	0
45	45	0
52	61	0
46	88	0
15	98	0
27	65	0
44	88	0
35	37	0
74	79	0
50	44	0
29	78	0
58	33	0
5	42	0
59	60	0
60	21	0
30	78	0
80	51	0
52	46	0
50	43	0
41	15	0
5	67	0
68	65	0
73	52	0
45	38	0
81	58	0
84	68	0
80	39	0
69	10	0
89	75	0
92	17	0
3	73	0
66	83	0
35	16	0
60	34	0
10	1	1
15	56	0
10	86	0
34	87	0
21	50	0
96	34	0
17	51	0
51	99	0
18	86	0
98	69	0
54	61	0
86	39	0
21	3	0
57	13	0
50	5	0
8	5	0
12	73	0
60	62	0
86	71	0
74	50	0
15	1	0
30	39	0
68	8	0
0	78	0
72	1	0
40	74	0
54	23	0
75	99	0
8	32	0
9	90	0
97	57	0
29	19	0
89	69	0
63	58	0
78	41	0
42	28	0
92	31	0
85	68	0
12	66	0
3	86	0
20	59	0
2	91	0
8	87	0
87	32	0
34	49	0
4	95	0
54	15	0
61	2	0
40	48	0
21	27	1
67	39	0
37	19	0
23	79	0
29	30	0
69	19	0
8	41	0
84	49	0
89	3	0
65	51	0
32	11	0
49	19	0
7	97	0
60	81	0
39	69	0
39	13	0
5	85	0
2	87	0
67	53	0
89	45	0
42	29	0
27	75	0
22	30	0
98	86	0
59	29	0
47	72	0
64	98	0
16	25	1
0	82	0
68	26	0
51	66	0
30	34	0
97	68	0
41	76	0
98	18	0
78	16	0
93	19	0
88	85	0
46	58	0
23	91	0
85	6	0
29	1	0
65	85	0
64	75	0
17	51	0
67	42	0
70	80	0
87	13	0
93	52	0
20	69	0
57	49	0
23	20	0
91	26	0
41	44	0
65	9	0
91	96	0
85	77	0
47	65	0
72	30	0
66	76	0
4	90	0
46	0	0
9	97	0
11	75	0
69	69	0
75	96	0
82	6	0
95	88	0
78	2	0
80	70	0
62	0	0
95	36	0
73	52	0
56	33	0
11	71	0
61	89	0
52	76	0
13	45	0
6	42	0
37	97	0
11	70	0
43	1	0
37	57	0
13	64	0
40	25	0
2	47	0
93	48	0
54	23	0
0	44	0
25	88	0
73	59	0
0	0	0
95	70	0
24	84	0
58	50	0
35	57	0
97	46	0
60	40	0
0	16	0
4	52	0
23	58	0
89	71	0
65	48	0
98	66	0
0	54	0
62	56	0
15	69	0
2	13	0
70	68	0
29	63	0
48	12	0
30	31	0
5	79	0
34	88	0
7	5	0
76	44	0
66	62	0
80	67	0
75	74	0
47	87	0
39	14	0
1	71	0
49	62	0
41	51	0
60	51	0
83	14	0
