87	61	0
33	28	0
63	99	0
12	5	0
89	39	0
83	97	0
49	80	1
71	47	0
0	81	0
0	1	0
16	97	0
94	46	0
68	75	0
36	39	0
72	84	0
98	47	0
51	95	0
62	79	0
38	18	0
82	67	0
85	94	0
81	83	0
3	32	0
75	18	1
67	66	0
22	95	1
83	34	0
72	95	0
45	70	0
67	78	0
93	52	0
98	20	0
92	77	0
36	9	0
46	92	0
73	35	0
29	19	0
99	78	0
79	79	0
98	15	0
98	13	0
19	40	0
57	81	0
3	89	0
91	3	0
64	94	0
10	28	0
82	82	0
93	28	0
26	91	1
49	97	0
83	12	1
13	12	0
96	11	0
75	42	0
44	83	1
75	22	0
54	50	0
77	31	0
8	94	0
50	80	1
88	61	0
66	95	0
8	69	0
43	90	0
94	51	0
67	19	1
42	38	0
29	6	0
71	63	0
5	85	0
95	32	0
44	65	0
85	54	0
94	4	0
75	98	0
75	81	0
8	26	0
66	81	0
84	66	0
80	45	0
17	97	0
60	43	0
89	51	0
89	40	0
96	36	0
12	60	0
7	13	0
98	58	0
51	98	0
41	74	0
56	91	0
67	35	0
68	69	0
77	76	0
87	74	0
24	21	0
12	8	0
86	60	0
89	1	0
25	98	1
14	44	0
72	69	0
62	82	0
57	79	0
47	8	0
48	85	0
63	78	0
78	53	0
19	94	0
91	83	0
2	78	0
16	56	0
79	82	0
88	74	0
51	66	0
66	41	0
78	36	0
35	91	1
45	72	0
19	48	0
45	80	1
44	24	0
90	88	0
31	99	1
83	3	0
78	33	0
73	88	0
60	83	0
65	68	0
18	24	0
19	73	0
61	86	0
74	66	0
43	95	0
54	91	0
78	16	1
35	90	0
32	34	0
73	64	0
59	49	0
66	73	0
71	32	0
0	92	0
64	56	1
97	37	0
63	33	0
49	22	0
87	20	0
66	73	0
77	98	0
87	72	0
93	23	0
93	35	0
99	67	0
67	70	0
60	90	0
69	18	0
17	80	0
89	12	0
11	43	0
32	88	1
80	75	0
74	80	0
91	50	0
90	59	0
44	79	1
94	68	0
52	7	0
47	23	0
80	53	0
31	74	0
63	78	0
80	76	0
82	6	0
94	53	0
94	39	0
73	56	0
68	89	0
55	8	0
3	89	0
3	89	0
93	63	0
72	60	0
79	14	1
95	74	0
24	17	0
28	93	1
47	99	0
82	4	0
82	6	0
98	32	0
83	32	0
75	32	0
9	9	0
27	87	0
46	88	0
87	41	0
71	96	0
98	78	0
67	38	0
67	85	0
12	2	0
37	4	0
38	26	0
77	34	0
77	18	1
3	47	0
31	20	0
96	85	0
99	70	0
82	22	1
98	12	0
63	1	0
78	13	1
37	6	0
95	90	0
26	86	0
0	98	0
43	37	0
71	44	0
76	72	0
64	74	0
87	85	0
67	33	0
78	80	0
90	32	0
86	62	0
59	46	0
99	74	0
63	15	0
99	8	0
29	46	0
69	91	0
96	42	0
91	44	0
71	93	0
88	35	0
67	14	1
45	52	0
60	92	0
74	85	0
21	77	0
83	83	0
4	95	0
96	4	0
86	14	0
53	79	0
12	99	0
83	40	0
91	65	0
29	2	0
47	95	0
54	66	0
0	17	0
86	38	0
96	11	0
77	92	0
16	24	0
79	28	0
71	78	0
11	27	0
47	81	1
78	46	0
86	6	0
81	12	1
90	66	0
12	78	1
64	15	0
92	98	0
39	99	1
63	57	1
5	36	0
63	85	0
62	53	0
93	47	0
70	42	0
70	56	0
1	52	0
90	69	0
26	98	1
85	68	0
6	92	0
79	92	0
37	26	0
71	60	0
66	99	0
55	90	0
99	51	0
66	9	0
2	68	1
71	44	0
29	98	1
87	28	0
95	50	0
74	29	0
84	69	0
47	97	0
56	94	0
25	92	1
90	90	0
70	81	0
13	1	0
0	91	0
80	85	0
60	99	0
67	31	0
79	59	0
99	0	0
88	6	0
92	80	0
62	85	0
91	14	0
87	12	1
70	87	0
39	99	1
92	16	0
99	3	0
77	31	0
5	47	0
14	91	0
21	95	0
85	90	0
89	93	0
84	86	0
85	68	0
79	76	0
8	89	0
29	14	0
4	2	0
36	37	0
87	19	0
82	33	0
65	65	0
60	8	0
88	82	0
79	81	0
83	50	0
77	66	0
27	6	0
98	42	0
70	88	0
53	38	0
25	94	1
75	88	0
97	60	0
24	66	0
45	68	0
62	75	0
45	93	0
1	48	0
82	74	0
94	48	0
95	71	0
37	82	1
59	89	0
85	20	0
83	10	0
12	79	0
34	88	1
96	68	0
68	73	0
1	98	0
8	73	1
80	93	0
24	22	0
1	78	0
66	77	0
63	68	0
83	86	0
0	87	0
80	53	0
18	5	0
51	85	0
6	87	0
2	15	0
93	61	0
86	8	1
76	22	0
15	17	0
16	45	0
66	33	0
61	79	0
91	78	0
87	46	0
77	75	0
77	87	0
0	63	0
81	62	0
65	29	0
97	42	0
89	91	0
85	78	0
51	79	0
97	78	0
94	7	0
52	73	0
2	95	0
70	32	0
66	15	1
80	27	0
27	29	0
56	86	0
55	53	1
33	76	0
62	91	0
92	53	0
88	33	0
79	66	0
93	88	0
87	49	0
89	95	0
31	86	1
77	71	0
74	42	0
45	87	0
91	82	0
81	72	0
98	31	0
48	75	0
81	22	1
51	38	0
89	86	0
91	54	0
17	82	0
76	33	0
73	32	0
96	41	0
86	12	1
90	85	0
82	15	1
79	42	0
9	85	0
18	98	0
48	32	0
25	62	0
48	86	0
66	3	0
9	93	0
72	46	0
17	11	0
18	62	0
68	72	0
76	67	0
75	65	0
77	47	0
73	68	0
87	52	0
7	45	0
96	87	0
62	58	1
45	91	0
87	19	0
45	99	0
19	88	0
93	50	0
65	30	0
20	18	0
26	39	0
81	52	0
99	29	0
19	8	0
43	4	0
53	67	0
98	83	0
16	6	0
44	83	0
58	22	0
87	75	0
69	64	0
63	86	0
9	52	0
98	47	0
87	61	0
1	85	0
0	92	0
50	33	0
91	20	0
12	24	0
91	36	0
75	10	0
40	31	0
18	94	0
63	89	0
24	25	0
26	99	1
75	44	0
61	85	0
19	97	0
69	37	0
7	4	0
85	51	0
83	34	0
84	30	0
67	23	0
55	96	0
37	92	1
77	34	0
56	99	0
70	66	0
82	44	0
59	91	0
93	43	0
92	99	0
84	85	0
50	85	0
87	9	0
75	74	0
69	25	0
93	47	0
91	99	0
83	15	1
92	99	0
89	18	0
79	73	0
5	91	0
84	96	0
77	81	0
6	20	0
19	96	0
84	25	0
17	89	0
52	83	0
83	36	0
77	52	0
23	93	1
79	50	0
93	52	0
80	39	0
81	26	0
1	94	0
14	10	0
61	82	0
21	56	0
30	10	0
3	84	0
94	40	0
86	80	0
85	51	0
89	78	0
69	46	0
4	80	1
85	21	0
97	38	0
