98	67	0
19	15	0
61	98	0
6	5	0
93	37	0
98	99	0
44	14	1
47	84	0
57	24	0
83	50	0
7	91	0
5	7	0
12	95	0
94	34	0
73	74	0
43	32	0
82	71	0
97	16	0
59	96	0
45	70	0
84	69	0
48	8	0
27	83	0
55	19	0
91	66	0
80	88	0
85	77	0
13	35	0
58	16	1
55	37	0
87	26	0
80	71	0
11	74	0
30	95	0
84	12	0
67	90	0
32	11	0
46	69	0
82	72	0
96	72	0
58	68	0
98	32	0
15	74	0
65	8	0
99	69	0
19	76	0
57	2	0
10	73	0
42	99	0
33	66	0
91	55	0
56	36	0
39	19	0
97	87	0
89	95	0
93	16	0
29	91	0
96	8	0
23	14	0
77	93	0
32	6	1
4	89	0
83	9	0
25	71	0
66	90	0
36	58	0
8	25	0
72	82	0
88	33	0
21	95	0
44	98	0
68	26	0
27	92	0
55	98	0
13	15	0
98	17	0
78	25	0
54	75	0
85	36	0
86	60	0
58	4	0
71	41	0
1	99	0
69	4	0
44	73	0
40	5	1
59	23	0
85	11	0
38	52	1
85	60	0
0	52	0
78	86	0
2	77	0
36	94	0
95	55	0
73	27	0
32	67	0
36	61	1
71	3	0
66	51	0
14	74	0
31	2	0
63	69	0
45	32	0
5	98	0
93	30	0
41	80	0
78	69	0
93	2	0
63	87	0
66	74	0
7	25	0
58	92	0
97	84	0
82	56	0
23	89	0
67	30	0
79	5	0
97	60	0
90	38	0
93	53	0
36	44	0
61	14	1
58	69	0
8	25	0
48	32	0
88	57	0
51	23	1
50	78	0
54	74	0
61	20	0
48	35	0
51	21	1
59	79	0
48	59	0
48	96	0
75	41	0
64	68	0
53	73	0
95	54	0
29	16	0
44	42	0
16	13	0
17	83	0
31	59	0
80	41	0
52	37	0
87	1	0
34	82	0
51	21	1
33	37	0
68	83	0
30	66	0
58	62	0
44	88	0
41	49	1
38	2	0
58	16	0
39	97	0
27	58	0
77	79	0
94	62	0
20	98	0
92	75	0
32	49	0
23	76	0
53	71	0
47	50	1
15	34	0
73	84	0
99	90	0
45	72	0
78	42	0
5	40	1
62	10	1
62	48	0
60	14	0
74	19	0
5	54	1
38	58	0
53	14	0
35	64	0
92	31	0
30	94	0
20	62	0
79	93	0
49	52	0
20	20	0
38	80	0
49	15	0
98	96	0
35	90	0
96	0	0
13	55	1
17	77	0
98	31	0
56	96	0
71	85	0
61	59	0
25	50	0
13	70	0
58	1	0
55	88	0
99	52	0
38	92	0
68	69	0
87	26	0
51	75	0
31	82	0
35	86	0
31	20	0
68	25	0
82	50	0
51	40	0
76	71	0
1	56	1
76	19	0
19	90	0
61	61	0
86	34	0
77	39	0
46	0	0
4	39	0
85	31	0
74	78	0
59	99	0
75	56	0
97	28	0
90	8	0
1	37	0
90	74	0
35	99	0
84	79	0
41	99	0
51	34	0
84	38	0
25	99	0
83	23	0
22	59	0
30	84	0
48	14	0
23	90	0
75	88	0
86	74	0
93	58	0
98	53	0
17	84	0
41	69	0
86	8	0
86	50	0
39	1	0
32	24	0
44	56	0
79	43	0
24	55	0
34	37	0
29	74	0
76	99	0
97	53	0
58	73	0
96	7	0
98	31	0
64	5	0
92	49	0
78	52	0
61	79	0
6	34	0
41	59	0
72	25	0
14	86	0
32	66	0
6	93	0
90	65	0
41	3	0
82	66	0
79	0	0
98	81	0
21	0	0
41	94	0
20	62	0
56	93	0
40	32	0
78	19	0
82	11	0
56	11	1
88	14	0
51	49	0
76	27	0
76	57	0
9	5	0
1	60	0
32	95	0
20	78	0
54	96	0
45	69	0
78	40	0
64	3	0
46	86	0
47	64	0
96	95	0
0	45	1
59	43	0
65	87	0
79	23	0
23	6	0
49	3	0
53	13	0
36	35	0
84	53	0
71	15	0
18	44	0
15	28	0
32	51	0
43	34	0
96	70	0
90	61	0
5	51	1
64	33	0
83	7	0
69	8	0
74	18	0
52	39	0
41	30	0
5	74	0
76	83	0
37	89	0
9	93	0
33	57	0
56	10	1
53	39	0
86	37	0
74	53	0
82	72	0
83	87	0
81	33	0
70	82	0
74	8	0
75	57	0
73	54	0
65	52	0
94	72	0
76	7	0
90	17	0
23	43	0
60	91	0
62	71	0
77	13	0
23	78	0
99	38	0
52	99	0
98	26	0
59	24	0
36	56	0
61	42	0
35	61	0
60	79	0
76	25	0
81	79	0
21	91	0
94	95	0
45	13	1
9	79	0
43	52	1
97	2	0
85	32	0
36	73	0
55	54	0
67	46	0
22	99	0
76	28	0
91	55	0
50	33	0
41	89	0
28	10	0
47	45	0
52	93	0
3	45	1
35	83	0
39	85	0
51	20	1
20	69	0
11	28	0
74	7	0
71	33	0
97	10	0
78	98	0
33	67	0
35	25	0
77	8	0
59	50	0
68	99	0
1	26	0
52	86	0
93	52	0
32	75	0
73	1	0
40	64	0
64	18	0
54	10	0
84	19	0
93	40	0
4	82	0
71	8	0
83	99	0
30	97	0
88	71	0
46	51	1
11	30	0
64	98	0
72	44	0
6	80	0
72	25	0
89	47	0
72	50	0
73	61	0
22	55	0
96	48	0
23	90	0
94	63	0
25	99	0
89	92	0
43	33	0
70	73	0
59	90	0
48	51	0
60	92	0
79	49	0
44	49	0
25	58	0
91	4	0
2	86	0
84	57	0
23	95	0
50	49	0
45	70	0
78	26	0
29	53	0
54	28	0
93	54	0
72	20	0
82	89	0
46	93	0
38	56	1
39	44	0
63	99	0
54	22	1
42	83	0
90	79	0
86	77	0
76	10	0
22	10	0
40	37	0
32	58	0
42	4	1
7	80	0
83	78	0
61	89	0
66	51	0
65	14	0
35	65	0
38	80	0
92	49	0
87	3	0
16	72	0
75	8	0
53	62	0
50	24	1
39	11	1
36	43	0
87	85	0
24	74	0
58	85	0
67	18	0
76	13	0
50	56	0
64	87	0
22	99	0
97	24	0
79	10	0
78	27	0
10	66	0
14	99	0
16	79	0
60	37	0
73	82	0
79	96	0
3	31	0
63	55	0
73	90	0
76	62	0
63	68	0
19	99	0
13	76	0
48	26	0
5	26	0
45	35	0
30	42	0
98	33	0
81	50	0
61	8	0
68	30	0
56	49	0
38	21	0
92	78	0
54	80	0
83	49	0
33	63	0
41	99	0
76	54	0
54	12	1
30	15	0
97	50	0
65	86	0
46	32	0
51	59	0
30	96	0
64	98	0
92	67	0
23	78	0
66	49	0
0	73	0
59	52	0
47	76	0
67	56	0
55	78	0
61	87	0
7	59	0
57	53	0
80	46	0
78	61	0
38	81	0
76	83	0
44	31	0
99	19	0
54	43	0
99	11	0
6	80	0
53	88	0
89	69	0
71	68	0
17	91	0
11	69	0
81	87	0
44	29	0
5	83	0
70	99	0
49	65	0
91	62	0
21	90	0
77	40	0
20	0	0
48	84	0
20	81	0
11	17	0
89	54	0
91	20	0
52	16	1
71	31	0
75	15	0
22	13	0
27	59	0
77	28	0
2	79	0
60	74	0
7	39	0
24	79	0
60	51	0
61	96	0
70	45	0
77	88	0
76	54	0
73	81	0
2	85	0
50	44	0
25	79	0
80	52	0
58	42	0
94	46	0
97	93	0
79	93	0
50	67	0
77	51	0
69	69	0
38	57	1
63	6	0
67	84	0
83	74	0
86	2	0
58	81	0
3	99	0
48	25	1
50	38	0
70	37	0
68	30	0
74	23	0
20	90	0
73	28	0
30	70	0
90	17	0
41	63	0
46	38	0
61	92	0
74	76	0
48	80	0
73	96	0
82	61	0
85	50	0
95	71	0
79	98	0
99	43	0
32	65	0
85	81	0
47	78	0
81	87	0
99	50	0
46	85	0
88	68	0
85	52	0
81	33	0
43	45	0
4	64	0
57	79	0
74	10	0
64	28	0
80	83	0
64	41	0
13	88	0
16	91	0
62	35	0
87	17	0
88	51	0
98	4	0
78	97	0
52	29	1
54	42	0
33	75	0
98	18	0
69	51	0
31	76	0
27	99	0
26	75	0
12	89	0
32	14	1
62	64	0
44	31	0
47	72	0
39	47	0
66	75	0
75	11	0
15	88	0
94	53	0
20	22	0
15	81	0
69	59	0
72	47	0
46	66	0
91	50	0
90	58	0
78	57	0
51	12	1
58	68	0
84	45	0
2	32	0
99	77	0
52	47	0
41	78	0
5	75	0
23	93	0
29	59	0
91	30	0
9	51	1
57	92	0
6	94	0
94	66	0
54	29	0
73	21	0
27	20	0
34	39	0
76	7	0
15	74	0
84	56	0
91	38	0
0	5	0
4	36	0
73	13	0
42	74	0
94	87	0
1	11	0
50	92	0
81	31	0
41	12	1
93	78	0
44	59	0
74	77	0
28	31	0
96	35	0
87	74	0
23	69	0
17	85	0
2	48	1
28	74	0
23	98	0
73	13	0
29	59	0
10	86	0
35	35	0
49	16	1
41	60	0
65	45	0
44	6	1
31	80	0
97	25	0
5	27	0
74	48	0
89	26	0
54	60	0
28	19	0
38	6	0
18	92	0
43	80	0
26	62	0
21	18	0
22	81	0
24	75	0
71	56	0
93	42	0
36	65	0
82	99	0
47	32	0
60	69	0
43	81	0
13	85	0
87	42	0
43	62	0
8	22	0
90	51	0
64	51	0
91	25	0
89	18	0
73	33	0
58	93	0
46	37	0
62	41	0
58	29	0
41	1	0
35	92	0
57	70	0
89	29	0
62	99	0
85	56	0
78	45	0
34	77	0
29	76	0
80	28	0
53	43	0
73	2	0
98	96	0
75	77	0
49	79	0
74	31	0
86	80	0
16	79	0
59	31	0
16	97	0
12	57	1
33	65	0
85	64	0
64	14	0
98	91	0
86	11	0
99	94	0
57	10	0
66	21	0
76	53	0
69	31	0
9	84	0
54	90	0
67	80	0
6	26	0
9	85	0
18	72	0
44	9	1
39	37	0
5	47	1
81	42	0
50	17	1
2	61	0
23	84	0
67	92	0
92	46	0
0	72	0
65	43	0
27	92	0
82	55	0
70	42	0
25	53	0
84	40	0
75	43	0
66	64	0
10	59	1
53	46	0
3	86	0
4	5	0
81	71	0
16	66	0
18	8	0
4	94	0
24	75	0
97	41	0
70	82	0
85	62	0
95	85	0
52	56	0
58	37	0
2	77	0
52	58	0
35	55	0
65	36	0
84	25	0
