95	71	0
48	25	0
47	22	0
45	99	0
8	15	0
92	37	0
92	87	0
42	21	0
73	75	0
36	30	0
91	37	0
1	78	0
15	10	0
29	59	0
99	22	0
90	73	0
63	33	0
22	49	0
99	64	0
91	4	0
46	84	0
61	72	0
76	94	0
62	0	0
41	87	0
58	4	0
84	80	0
69	86	0
95	70	0
5	29	0
50	36	0
46	21	0
88	39	0
46	46	0
90	64	0
16	93	0
55	91	0
98	25	0
76	94	0
46	2	0
20	56	0
82	52	0
85	63	0
52	71	0
88	48	0
12	85	0
23	44	0
60	10	0
86	69	0
15	64	0
62	8	0
24	79	0
50	90	0
35	76	0
97	61	0
43	32	0
42	33	0
86	68	0
98	93	0
82	22	0
6	95	0
92	13	0
48	1	0
76	74	0
40	9	0
11	85	0
78	9	0
45	76	0
79	92	0
54	66	0
4	27	0
74	85	0
27	44	0
17	57	0
81	32	0
14	35	0
41	78	0
41	90	0
64	16	0
37	94	0
59	95	0
2	7	1
11	17	0
97	14	0
93	25	0
36	52	0
81	38	0
26	24	0
81	55	0
30	42	0
38	18	0
42	7	0
70	34	0
14	89	0
65	12	0
57	81	0
46	8	0
52	24	0
90	51	0
34	72	0
79	50	0
13	56	0
75	90	0
9	75	0
36	90	0
89	48	0
59	5	0
47	69	0
19	60	0
61	1	0
64	51	0
9	61	0
45	3	0
33	54	0
37	37	0
88	93	0
52	47	0
2	7	1
22	94	0
79	5	0
62	63	0
20	30	1
81	82	0
99	9	0
63	69	0
54	77	0
29	12	0
56	95	0
89	76	0
82	58	0
38	95	0
65	28	0
40	23	0
16	40	0
82	7	0
7	72	0
93	70	0
99	27	0
90	35	0
34	50	0
56	15	0
87	81	0
10	14	0
42	11	0
82	58	0
31	34	0
74	82	0
80	94	0
48	12	0
39	30	0
51	54	0
7	44	0
22	60	0
11	55	0
78	75	0
39	51	0
43	93	0
80	48	0
68	72	0
46	87	0
23	38	0
92	63	0
6	25	0
41	46	0
18	14	0
30	78	0
37	80	0
93	32	0
33	31	0
83	15	0
42	82	0
57	27	0
54	39	0
80	78	0
27	56	0
59	84	0
38	86	0
38	46	0
34	18	0
62	10	0
32	73	0
22	77	0
75	78	0
90	61	0
16	90	0
26	29	0
95	63	0
30	53	0
32	91	0
57	87	0
39	53	0
30	14	0
17	35	0
66	89	0
84	93	0
60	81	0
72	32	0
9	62	0
56	1	0
78	18	0
69	26	0
69	25	0
23	59	0
1	68	0
47	53	0
75	28	0
35	67	0
98	28	0
37	98	0
28	65	0
33	19	0
79	70	0
37	53	0
30	9	0
9	93	0
63	8	0
99	87	0
75	94	0
95	12	0
2	81	0
15	66	0
96	40	0
51	67	0
47	45	0
55	54	0
53	72	0
55	65	0
17	75	0
35	54	0
66	12	0
0	64	0
66	85	0
82	44	0
41	89	0
83	58	0
55	19	0
47	69	0
20	77	0
32	95	0
55	42	0
67	34	0
32	38	0
94	56	0
79	43	0
72	61	0
9	66	0
49	19	0
7	82	0
67	60	0
57	45	0
64	45	0
52	25	0
1	57	0
86	30	0
54	5	0
75	68	0
49	78	0
74	29	0
99	39	0
91	5	0
1	63	0
90	67	0
27	98	0
91	62	0
42	94	0
64	28	0
49	6	0
24	93	0
72	33	0
42	63	0
45	84	0
50	5	0
18	93	0
77	95	0
81	81	0
76	38	0
91	73	0
21	88	0
47	51	0
54	2	0
61	26	0
23	16	0
38	0	0
57	9	0
54	51	0
78	42	0
34	54	0
32	53	0
38	67	0
72	87	0
82	79	0
53	76	0
81	8	0
82	48	0
78	9	0
23	51	0
32	15	0
80	34	0
68	34	0
76	74	0
10	38	0
42	73	0
54	24	0
28	87	0
26	95	0
21	79	0
97	63	0
42	27	0
38	3	0
26	58	0
89	66	0
65	14	0
82	93	0
12	2	0
66	90	0
8	71	0
46	86	0
35	32	0
0	50	0
84	7	0
21	39	0
84	9	0
56	16	0
85	10	0
37	46	0
21	48	0
76	24	0
91	57	0
6	24	0
27	36	0
8	61	0
38	95	0
14	86	0
4	6	1
42	91	0
62	74	0
49	44	0
69	23	0
36	97	0
44	68	0
93	96	0
28	32	0
17	50	0
24	43	0
54	73	0
78	80	0
37	27	0
87	13	0
32	7	0
59	5	0
59	14	0
25	41	0
78	67	0
73	5	0
12	42	0
41	9	0
50	42	0
42	37	0
25	58	0
88	80	0
77	52	0
13	50	0
57	35	0
92	12	0
55	11	0
62	23	0
57	33	0
23	27	0
5	76	0
66	75	0
21	77	0
29	91	0
19	96	0
51	22	0
41	35	0
93	50	0
77	49	0
8	82	0
83	77	0
67	79	0
76	36	0
70	97	0
83	0	0
84	56	0
73	60	0
37	16	0
44	42	0
36	47	0
84	84	0
1	5	1
67	21	0
90	3	0
21	40	0
37	88	0
63	76	0
84	11	0
6	58	0
94	31	0
42	93	0
77	24	0
67	50	0
41	54	0
52	41	0
23	39	0
44	47	0
73	83	0
83	39	0
43	24	0
73	73	0
23	62	0
12	97	0
92	88	0
34	30	0
0	81	0
65	34	0
95	10	0
76	51	0
6	64	0
70	44	0
42	34	0
49	45	0
6	94	0
72	15	0
50	8	0
95	53	0
51	22	0
23	75	0
22	8	0
69	58	0
63	98	0
0	66	0
48	64	0
42	75	0
54	23	0
26	97	0
11	42	0
22	39	0
63	15	0
82	24	0
96	18	0
83	90	0
23	57	0
34	25	0
39	33	0
79	14	0
64	59	0
71	91	0
20	46	0
67	99	0
93	66	0
38	79	0
66	12	0
69	47	0
80	26	0
74	9	0
43	21	0
43	24	0
93	3	0
82	28	0
0	75	0
82	8	0
94	99	0
0	99	0
96	56	0
49	52	0
17	21	0
98	91	0
65	55	0
10	93	0
66	25	0
72	37	0
75	58	0
83	64	0
27	73	0
82	73	0
41	95	0
82	73	0
12	29	1
37	97	0
95	82	0
32	37	0
32	34	0
56	75	0
57	97	0
40	64	0
64	97	0
61	51	0
35	58	0
27	66	0
82	21	0
14	90	0
87	39	0
28	87	0
50	65	0
42	87	0
89	38	0
40	43	0
21	42	0
51	23	0
86	61	0
67	13	0
96	98	0
68	95	0
42	56	0
61	4	0
29	40	0
42	91	0
35	21	0
44	60	0
70	73	0
25	23	0
89	98	0
43	21	0
28	18	0
63	33	0
18	76	0
38	14	0
8	61	0
85	90	0
55	90	0
61	40	0
79	6	0
40	77	0
39	51	0
95	53	0
89	5	0
8	69	0
76	4	0
66	73	0
81	37	0
38	11	0
33	68	0
84	77	0
35	62	0
49	82	0
80	26	0
15	59	0
77	22	0
40	63	0
69	95	0
33	93	0
82	9	0
89	28	0
65	19	0
30	79	0
18	86	0
14	89	0
66	42	0
78	68	0
67	79	0
14	40	0
77	38	0
65	64	0
84	77	0
51	63	0
19	56	0
22	62	0
45	20	0
43	21	0
2	36	0
44	63	0
39	46	0
81	30	0
74	29	0
75	0	0
72	46	0
54	71	0
22	51	0
54	22	0
91	76	0
58	87	0
88	68	0
21	53	0
54	73	0
70	46	0
34	53	0
76	27	0
18	50	0
38	24	0
76	51	0
91	97	0
56	58	0
8	59	0
48	7	0
57	61	0
29	89	0
35	35	0
90	89	0
95	70	0
17	91	0
62	66	0
6	72	0
79	58	0
37	51	0
48	60	0
30	72	0
61	73	0
10	58	0
89	79	0
74	54	0
98	53	0
24	58	0
58	90	0
54	26	0
99	25	0
45	40	0
96	13	0
17	92	0
35	31	0
40	75	0
87	55	0
24	47	0
84	64	0
7	96	0
16	79	0
97	83	0
47	30	0
1	72	0
76	93	0
49	64	0
86	73	0
17	90	0
99	35	0
33	0	0
32	87	0
35	77	0
38	15	0
27	37	0
11	19	0
83	74	0
99	10	0
60	7	0
72	26	0
97	46	0
37	9	0
25	52	0
99	42	0
10	55	0
57	81	0
3	61	0
23	76	0
68	60	0
50	92	0
74	50	0
68	86	0
31	43	0
72	62	0
41	54	0
79	53	0
19	79	0
52	33	0
26	76	0
84	39	0
59	31	0
95	68	0
91	96	0
87	77	0
40	68	0
11	27	1
55	39	0
56	76	0
31	23	0
29	10	0
37	73	0
16	37	0
62	1	0
68	84	0
73	78	0
88	8	0
9	49	0
60	89	0
10	89	0
54	7	0
65	46	0
64	23	0
34	19	0
28	40	0
42	23	0
74	3	0
42	87	0
59	31	0
38	82	0
85	13	0
28	45	0
45	66	0
78	18	0
83	72	0
62	69	0
36	64	0
46	88	0
79	80	0
83	48	0
21	69	0
79	77	0
73	95	0
25	35	0
10	48	0
98	40	0
26	87	0
99	86	0
67	92	0
43	0	0
65	62	0
89	58	0
68	88	0
82	50	0
87	74	0
82	35	0
12	58	0
6	62	0
70	88	0
73	42	0
54	63	0
55	8	0
30	18	0
88	72	0
22	32	1
10	60	0
37	47	0
57	36	0
40	21	0
54	30	0
19	85	0
29	33	0
7	61	0
16	79	0
71	50	0
13	28	1
69	15	0
94	33	0
79	4	0
57	80	0
7	51	0
56	26	0
53	40	0
54	86	0
92	8	0
30	40	0
57	62	0
46	80	0
14	99	0
35	64	0
39	83	0
32	24	0
75	77	0
44	49	0
41	82	0
62	31	0
13	48	0
61	61	0
63	27	0
30	79	0
80	41	0
39	40	0
44	43	0
28	12	0
2	59	0
72	63	0
80	65	0
42	50	0
85	57	0
78	74	0
68	26	0
62	11	0
79	80	0
80	20	0
3	62	0
77	82	0
37	20	0
69	38	0
24	67	0
14	93	0
33	98	0
29	57	0
96	29	0
20	53	0
54	96	0
11	81	0
97	70	0
57	58	0
84	36	0
21	12	0
53	27	0
64	3	0
4	83	0
56	55	0
86	63	0
71	36	0
12	0	0
16	42	0
69	17	0
20	84	0
77	2	0
46	74	0
33	26	0
82	95	0
6	21	0
24	92	0
97	56	0
33	11	0
94	82	0
52	55	0
73	60	0
45	26	0
93	31	0
92	75	0
11	59	0
1	77	0
14	51	0
7	89	0
10	92	0
78	22	0
41	40	0
9	96	0
51	6	0
71	3	0
34	57	0
72	52	0
49	19	0
31	63	0
27	32	0
88	20	0
7	42	0
89	64	0
91	11	0
58	47	0
23	22	0
52	9	0
11	92	0
52	64	0
41	60	0
40	14	0
8	92	0
1	92	0
62	50	0
87	33	0
35	27	0
25	74	0
96	92	0
50	29	0
58	72	0
68	89	0
5	72	0
73	25	0
55	58	0
16	33	0
92	69	0
49	71	0
97	12	0
81	11	0
88	22	0
70	95	0
46	62	0
38	69	0
80	18	0
36	13	0
72	95	0
69	76	0
22	55	0
67	40	0
72	94	0
80	12	0
93	55	0
25	72	0
51	60	0
24	23	0
89	21	0
32	50	0
69	8	0
90	95	0
76	61	0
55	77	0
78	35	0
77	77	0
13	91	0
38	7	0
12	97	0
4	62	0
66	69	0
72	90	0
77	9	0
86	99	0
81	11	0
85	87	0
64	7	0
83	37	0
77	41	0
57	36	0
15	84	0
57	94	0
57	78	0
21	51	0
8	39	0
30	95	0
10	66	0
40	5	0
36	52	0
18	62	0
39	34	0
4	41	0
91	53	0
54	26	0
7	55	0
25	82	0
79	80	0
0	0	1
91	69	0
16	68	0
59	46	0
30	65	0
84	46	0
59	32	0
5	10	1
1	44	0
21	57	0
88	56	0
71	54	0
88	59	0
2	64	0
75	61	0
2	85	0
3	23	0
96	65	0
25	61	0
45	5	0
35	31	0
7	92	0
25	88	0
78	46	0
65	71	0
70	56	0
76	83	0
42	73	0
48	26	0
5	65	0
47	61	0
40	46	0
63	55	0
80	20	0
