96	66	0
22	16	0
63	97	0
13	5	0
90	44	0
94	99	0
42	79	0
63	49	0
0	88	0
2	9	0
17	86	0
95	46	0
67	83	0
27	32	0
89	87	0
95	41	0
47	94	0
44	83	0
69	75	0
45	10	0
79	74	0
92	88	0
74	93	0
10	19	0
83	19	0
68	72	0
12	70	1
34	91	0
81	18	0
66	87	0
51	68	0
76	75	0
98	49	0
96	28	0
20	76	0
92	75	0
14	66	0
40	0	0
10	74	0
36	88	0
84	46	0
34	17	0
96	91	0
88	95	0
99	17	0
32	78	1
99	11	0
24	25	0
71	84	0
2	86	0
94	5	0
65	92	0
6	24	0
74	80	0
88	32	0
25	83	0
60	95	0
82	19	0
26	88	0
34	86	1
25	14	0
97	7	0
80	31	0
47	77	0
83	22	0
65	44	0
76	37	0
9	98	0
46	86	0
74	11	1
93	66	0
69	96	0
2	68	0
42	90	0
99	55	0
80	21	0
54	12	1
55	33	0
33	5	0
71	57	0
1	88	0
93	27	0
47	67	0
81	54	0
85	0	0
68	94	0
61	89	0
9	31	0
62	80	0
83	69	0
73	44	0
20	99	0
68	44	0
91	62	0
92	28	0
97	38	0
13	52	0
0	19	0
90	64	0
54	83	0
55	60	0
54	76	0
56	99	0
76	37	0
68	75	0
67	76	0
88	62	0
24	14	0
17	15	0
22	82	1
79	53	0
93	3	0
22	98	0
25	44	0
64	72	0
60	80	0
55	74	0
47	1	0
52	86	0
74	85	0
80	55	0
19	93	0
86	81	0
3	74	0
53	59	1
19	48	0
77	81	0
97	69	0
44	68	0
68	40	0
93	32	0
28	91	0
55	79	0
22	45	0
46	78	0
37	25	0
92	91	0
31	99	0
92	0	0
81	39	0
62	90	0
73	78	0
64	73	0
23	40	0
24	59	0
58	93	0
81	66	0
43	91	0
59	83	0
73	20	0
65	69	1
27	70	1
47	89	0
27	21	0
80	60	0
61	43	0
74	65	0
82	36	0
8	97	0
64	55	0
89	39	0
61	33	0
56	14	0
96	28	0
67	82	0
80	94	0
81	67	0
97	23	0
95	33	0
89	79	0
29	92	0
71	86	0
49	95	0
81	34	0
10	98	0
90	19	0
24	47	0
26	91	0
21	99	0
83	77	0
71	79	0
89	53	0
86	61	0
22	82	1
48	89	0
72	1	1
82	61	0
50	4	0
42	31	0
86	42	0
28	74	0
67	86	0
78	63	0
54	60	1
78	1	0
88	44	0
91	47	0
76	64	0
72	80	0
55	72	1
60	13	0
7	87	0
4	89	0
84	63	0
80	66	0
90	6	0
99	82	0
19	5	0
29	91	0
58	97	0
50	34	1
91	11	0
93	9	0
97	26	0
78	29	0
64	50	0
1	1	0
22	96	0
8	75	1
48	84	0
53	69	0
90	45	0
60	88	0
94	84	0
71	34	0
85	80	0
79	17	0
16	9	0
38	6	0
34	25	0
95	43	0
85	12	0
12	49	0
22	19	0
86	80	0
95	70	0
72	21	0
99	15	0
63	1	0
81	16	0
36	14	0
17	72	1
96	90	0
30	84	0
8	98	0
34	44	0
77	48	0
63	57	0
68	75	0
82	81	0
75	23	0
69	79	0
96	41	0
79	55	0
66	49	0
94	68	0
66	19	0
92	15	0
28	51	0
66	96	0
90	30	0
16	85	0
96	41	0
71	96	0
92	35	0
61	18	0
55	44	0
56	93	0
75	88	0
29	92	0
92	78	0
2	87	0
91	2	0
90	10	0
53	76	0
62	53	1
6	93	0
72	39	0
94	64	0
32	80	1
25	10	0
52	93	0
32	83	0
53	76	0
4	30	0
86	34	0
96	11	0
75	95	0
21	26	0
65	4	1
71	31	0
67	88	0
1	16	0
47	83	0
82	47	0
26	89	0
84	9	0
83	18	0
91	56	0
13	80	0
63	17	0
88	93	0
34	97	0
68	59	0
6	38	0
62	88	0
62	44	0
18	72	1
56	26	1
91	45	0
76	52	0
75	59	0
7	36	0
94	65	0
23	95	0
92	53	0
12	94	0
85	85	0
36	19	0
76	62	0
58	92	0
58	97	0
81	54	0
76	8	0
1	80	0
71	39	0
25	98	0
80	27	0
89	49	0
72	23	0
83	70	0
50	98	0
55	95	0
29	99	0
95	82	0
75	82	0
21	0	0
13	81	0
81	90	0
70	89	0
69	51	0
66	28	0
35	75	1
81	60	0
98	4	0
15	75	1
90	2	0
53	63	1
90	83	0
60	84	0
73	23	0
89	11	0
74	91	0
24	99	0
92	15	0
95	0	0
68	21	0
6	52	0
15	97	0
14	86	0
79	86	0
87	96	0
56	51	1
73	95	0
89	64	0
73	61	0
9	99	0
15	73	0
30	25	0
0	14	0
42	41	0
96	29	0
81	38	0
71	57	0
50	14	0
84	80	0
66	85	0
87	51	0
34	84	1
79	63	0
21	10	0
98	40	0
59	96	0
36	41	0
30	93	0
71	91	0
94	72	0
34	88	0
15	77	0
43	64	0
56	63	1
65	80	0
53	96	0
12	48	0
74	66	0
84	49	0
91	69	0
42	77	0
67	79	0
87	13	0
55	49	1
86	9	0
11	82	0
45	95	0
84	75	0
69	73	0
8	91	0
14	82	0
82	97	0
31	23	0
9	80	0
65	90	0
59	72	0
82	82	0
11	93	0
72	51	0
20	5	0
44	96	0
6	97	0
3	19	0
81	63	0
83	13	0
80	30	0
74	19	0
14	22	0
15	54	0
75	30	0
1	75	1
64	68	0
28	92	0
60	56	0
87	87	0
83	40	0
75	82	0
65	54	0
74	82	0
6	67	0
35	77	1
75	63	0
54	43	0
96	38	0
98	92	0
79	78	0
69	52	0
63	55	0
54	77	0
98	79	0
96	2	0
58	78	0
5	97	0
58	35	0
65	22	0
68	18	0
28	70	0
77	24	0
78	24	0
29	26	0
57	95	0
69	63	0
43	88	0
69	98	0
80	58	0
82	29	0
86	66	0
89	95	0
93	42	0
88	83	0
42	87	0
69	77	0
80	47	0
44	91	0
82	79	0
70	65	0
96	21	0
1	74	1
54	75	0
82	20	0
62	38	0
84	84	0
73	57	0
15	88	0
22	87	0
78	33	0
83	29	0
96	50	0
94	12	0
79	84	0
90	17	0
79	35	0
21	72	1
13	95	0
23	72	1
9	86	0
55	49	1
47	26	0
37	64	0
55	83	0
67	1	0
16	86	0
82	50	0
22	17	0
21	62	0
79	66	0
65	61	0
83	61	0
83	52	0
71	61	0
80	49	0
9	37	0
95	85	0
69	53	0
46	86	0
6	69	0
31	79	1
91	21	0
57	89	0
18	90	0
99	46	0
66	29	0
16	15	0
23	33	0
68	2	1
15	66	0
77	56	0
92	37	0
23	3	0
59	5	0
41	87	0
90	81	0
18	4	0
49	75	0
69	27	0
95	65	0
66	65	0
66	90	0
7	41	0
99	47	0
91	65	0
10	80	0
24	79	1
23	97	0
7	99	0
62	39	0
89	16	0
9	15	0
87	31	0
87	18	0
41	30	0
19	98	0
53	84	0
16	78	0
24	22	0
16	73	1
21	90	0
63	56	0
88	45	0
66	87	0
54	71	1
22	96	0
79	42	0
9	1	0
80	58	0
48	56	0
93	31	0
72	26	0
75	35	0
56	94	0
48	37	1
65	8	1
37	99	0
87	40	0
68	96	0
75	56	0
83	42	0
58	91	0
37	76	1
91	37	0
99	99	0
81	83	0
58	83	0
92	16	0
71	76	0
24	76	1
65	22	0
30	94	0
91	53	0
95	90	0
78	6	0
97	98	0
78	25	0
89	67	0
9	92	0
71	99	0
64	78	0
1	16	0
13	98	0
8	70	0
88	28	0
30	99	0
57	85	0
81	45	0
14	68	1
76	46	0
24	99	0
84	45	0
89	56	0
74	50	0
80	25	0
3	83	0
11	4	0
66	72	0
18	61	0
24	4	0
4	87	0
33	77	1
93	53	0
79	87	0
92	58	0
91	80	0
76	47	0
0	82	0
81	28	0
91	30	0
