99	66	0
55	9	0
34	23	0
43	95	0
7	34	0
89	27	0
86	76	0
12	5	0
50	9	0
73	91	0
41	34	0
77	35	0
2	85	0
20	6	0
18	67	0
95	10	0
94	89	0
63	30	0
26	53	0
98	66	0
89	1	0
41	74	0
72	85	0
79	94	0
65	4	0
34	96	0
56	12	0
75	79	0
68	92	0
96	57	0
1	40	0
31	30	0
39	29	0
78	21	0
40	45	0
89	72	0
12	90	0
67	77	0
92	24	0
81	92	0
45	6	0
28	50	0
71	57	0
99	56	0
54	73	0
98	47	0
15	97	0
38	45	0
56	15	0
85	49	0
16	65	0
58	10	0
33	91	0
53	85	0
25	63	0
94	71	0
47	26	0
40	46	0
84	77	0
98	97	0
90	13	0
13	96	0
94	10	0
52	6	0
93	70	0
41	30	0
20	85	0
86	4	0
31	81	0
86	74	0
62	52	0
22	29	0
85	85	0
31	39	0
15	47	0
85	37	0
21	27	1
16	37	0
35	79	0
57	91	0
74	23	0
46	97	0
66	99	0
2	7	0
14	19	0
94	21	0
99	21	0
38	56	0
82	46	0
18	29	0
75	54	0
40	54	0
33	10	0
34	2	0
71	48	0
24	89	0
56	5	0
51	74	0
43	5	0
38	29	0
93	45	0
46	60	0
62	50	0
19	77	0
73	85	0
10	79	0
46	78	0
86	47	0
64	12	0
56	70	0
4	59	0
56	7	0
53	62	0
7	68	0
50	2	0
31	55	0
19	33	0
87	82	0
48	39	0
1	2	0
21	98	0
82	0	0
67	68	0
17	31	0
84	76	0
91	13	0
61	73	0
55	84	0
31	22	0
64	91	0
22	21	1
74	87	0
65	53	0
39	97	0
75	34	0
39	24	0
21	36	0
80	5	0
4	70	0
95	72	0
92	11	0
92	33	0
43	55	0
61	7	0
90	92	0
6	7	0
38	12	0
82	83	0
36	41	0
97	68	0
81	77	0
53	26	0
50	35	0
65	60	0
3	49	0
25	83	0
15	58	0
82	76	0
58	74	0
46	99	0
80	52	0
68	77	0
52	81	0
25	46	0
87	80	0
0	38	0
37	39	0
26	25	0
19	73	0
40	70	0
97	20	0
42	34	0
76	12	0
36	83	0
69	21	0
50	31	0
77	78	0
25	53	0
61	68	0
36	99	0
37	63	0
36	7	0
68	15	0
33	90	0
12	81	0
70	85	0
91	55	0
17	92	0
31	31	0
96	70	0
26	59	0
37	81	0
38	93	0
52	47	0
34	10	0
17	37	0
77	93	0
86	98	0
61	89	0
78	14	0
5	66	0
61	0	0
64	14	0
68	20	0
83	20	0
29	59	0
6	71	0
61	64	0
74	35	0
31	75	0
87	19	0
56	85	0
34	64	0
29	16	0
86	73	0
33	65	0
39	8	0
3	87	0
75	17	0
97	83	0
84	92	0
85	21	0
4	77	0
18	78	0
95	49	0
49	75	0
36	44	0
45	76	0
58	75	0
50	59	0
5	82	0
33	69	0
62	14	0
3	67	0
69	95	0
68	42	0
35	92	0
90	56	0
40	21	0
41	55	0
13	76	0
41	91	0
53	32	0
68	27	0
14	32	0
86	68	0
73	43	0
81	50	0
10	84	0
55	12	0
15	83	0
64	64	0
55	46	0
66	56	0
57	6	0
11	7	1
3	55	0
75	44	0
51	12	0
74	59	0
49	82	0
64	52	0
95	29	0
93	9	0
3	63	0
87	67	0
22	97	0
91	59	0
38	88	0
58	32	0
45	0	0
19	92	0
69	36	0
41	57	0
43	75	0
52	3	0
24	96	0
72	90	0
87	85	0
64	26	0
94	74	0
8	85	0
42	39	0
59	1	0
64	21	0
34	20	0
43	7	0
54	11	0
56	49	0
71	35	0
38	49	0
25	45	0
54	54	0
71	78	0
89	76	0
59	88	0
81	11	0
98	50	0
76	0	0
9	55	0
33	7	0
88	32	0
50	23	0
75	72	0
9	41	0
46	71	0
54	27	0
25	96	0
35	90	0
27	71	0
93	58	0
46	27	0
38	3	0
26	54	0
91	51	0
79	19	0
73	97	0
15	8	0
63	90	0
9	77	0
43	83	0
34	32	0
6	54	0
84	8	0
21	34	0
81	14	0
45	11	0
14	3	0
82	5	0
32	50	0
14	40	0
85	33	0
93	63	0
10	28	0
28	32	0
2	58	0
32	83	0
12	73	0
3	6	0
33	92	0
46	66	0
39	32	0
63	27	0
48	85	0
41	67	0
85	98	0
39	24	0
16	46	0
32	39	0
55	75	0
77	98	0
52	9	0
78	0	0
34	3	0
44	11	0
62	11	0
18	47	0
79	60	0
66	1	0
23	43	0
61	5	0
51	55	0
47	51	0
28	65	0
81	84	0
64	51	0
19	60	0
59	36	0
24	19	0
97	8	0
48	6	0
68	17	0
57	39	0
20	40	0
13	69	0
68	75	0
13	77	0
36	93	0
24	98	0
48	23	0
32	31	0
88	62	0
57	48	0
7	78	0
78	76	0
61	93	0
25	34	0
68	25	0
63	95	0
71	0	0
96	62	0
77	43	0
31	16	0
38	47	0
39	48	0
91	79	0
10	23	0
74	28	0
88	8	0
13	52	0
30	92	0
70	78	0
83	6	0
4	73	0
96	32	0
46	91	0
4	11	1
76	7	0
64	52	0
42	52	0
54	47	0
28	40	0
49	38	0
74	76	0
74	51	0
43	29	0
72	65	0
24	52	0
23	92	0
84	84	0
45	21	0
3	74	0
64	18	0
82	20	0
72	45	0
16	60	0
62	30	0
29	33	0
54	40	0
2	97	0
63	35	0
56	18	0
91	51	0
45	21	0
31	75	0
31	9	0
83	46	0
5	4	0
62	96	0
3	89	0
38	40	0
54	87	0
55	33	0
17	98	0
20	43	0
23	39	0
58	18	0
95	36	0
83	21	0
86	97	0
21	59	0
13	14	1
35	11	0
36	26	0
83	21	0
50	60	0
74	82	0
18	36	0
67	99	0
85	71	0
38	78	0
74	8	0
73	38	0
84	16	0
67	18	0
46	21	0
38	33	0
96	3	0
66	28	0
1	64	0
92	15	0
90	97	0
10	92	0
85	61	0
46	47	0
24	4	0
93	84	0
79	56	0
28	96	0
64	22	0
77	47	0
92	58	0
82	65	0
29	82	0
77	81	0
34	94	0
86	77	0
34	40	0
23	90	0
99	86	0
34	34	0
25	45	0
62	68	0
63	93	0
50	70	0
45	95	0
59	62	0
33	62	0
31	64	0
83	22	0
15	92	0
85	52	0
20	83	0
42	54	0
46	78	0
83	28	0
25	29	0
18	43	0
64	40	0
95	76	0
65	19	0
85	98	0
70	99	0
37	45	0
59	8	0
31	45	0
21	86	0
37	33	0
57	69	0
69	77	0
35	22	0
80	89	0
49	31	0
38	16	0
68	43	0
24	78	0
43	11	0
6	62	0
89	81	0
63	93	0
52	46	0
83	10	0
43	70	0
41	56	0
96	55	0
93	0	0
0	76	0
73	2	0
79	78	0
70	25	0
34	2	0
37	71	0
80	80	0
36	72	0
53	76	0
76	19	0
13	67	0
64	6	0
44	66	0
62	97	0
31	92	0
92	8	0
92	21	0
60	8	0
36	88	0
16	91	0
5	89	0
79	52	0
71	62	0
80	65	0
19	43	0
83	45	0
67	61	0
86	73	0
70	64	0
25	55	0
17	72	0
37	29	0
46	42	0
5	47	0
56	67	0
43	38	0
94	39	0
78	33	0
73	4	0
75	32	0
52	81	0
21	17	1
14	45	0
65	38	0
94	74	0
65	82	0
95	74	0
24	48	0
52	65	0
62	53	0
29	61	0
88	39	0
23	60	0
42	23	0
89	54	0
72	98	0
57	52	0
19	64	0
42	1	0
67	67	0
29	84	0
45	26	0
74	77	0
90	73	0
20	95	0
54	67	0
15	73	0
74	65	0
38	57	0
47	67	0
42	79	0
62	69	0
28	33	0
15	65	0
90	83	0
79	54	0
96	57	0
33	75	0
59	77	0
70	30	0
21	17	1
83	22	0
40	37	0
97	10	0
13	91	0
33	38	0
29	77	0
89	55	0
20	37	0
97	63	0
14	96	0
12	70	0
25	2	0
98	93	0
36	25	0
0	80	0
75	88	0
37	60	0
76	74	0
31	85	0
99	29	0
31	16	0
37	84	0
30	74	0
34	12	0
24	39	0
8	25	0
93	71	0
94	12	0
56	11	0
71	9	0
95	41	0
33	9	0
39	40	0
99	42	0
13	57	0
41	87	0
3	47	0
16	82	0
72	62	0
50	98	0
66	44	0
71	77	0
37	35	0
75	65	0
37	63	0
88	45	0
8	72	0
57	36	0
35	69	0
73	32	0
58	41	0
96	82	0
93	98	0
86	88	0
20	84	0
19	33	0
53	54	0
51	68	0
33	22	0
18	8	0
34	67	0
11	41	0
61	10	0
64	83	0
86	60	0
93	19	0
8	44	0
10	4	0
78	91	0
7	96	0
51	8	0
56	50	0
69	10	0
11	5	1
46	19	0
17	36	0
45	19	0
62	3	0
39	86	0
55	22	0
29	91	0
73	2	0
28	37	0
53	68	0
72	21	0
88	71	0
65	77	0
39	68	0
50	92	0
77	90	0
7	13	1
86	58	0
16	64	0
79	76	0
60	93	0
13	31	0
20	58	0
93	47	0
36	85	0
98	97	0
64	83	0
48	4	0
48	51	0
85	55	0
58	86	0
76	50	0
95	70	0
85	27	0
11	62	0
3	56	0
70	91	0
79	43	0
52	62	0
56	9	0
33	23	0
75	75	0
25	35	0
14	65	0
42	47	0
58	41	0
35	12	0
58	28	0
10	84	0
20	40	0
11	59	0
7	73	0
75	53	0
24	26	0
61	12	0
92	24	0
81	1	0
55	70	0
2	63	0
67	29	0
48	35	0
70	77	0
76	16	0
48	42	0
53	63	0
47	88	0
16	98	0
30	62	0
44	87	0
32	38	0
76	81	0
45	41	0
28	77	0
56	28	0
8	42	0
60	58	0
65	17	0
27	77	0
81	52	0
51	49	0
53	45	0
42	18	0
2	68	0
68	61	0
74	55	0
45	36	0
82	57	0
84	69	0
78	39	0
67	9	0
86	77	0
92	18	0
6	75	0
68	85	0
32	14	0
58	36	0
9	3	0
18	55	0
12	86	0
35	91	0
23	48	0
94	36	0
17	50	0
55	99	0
16	85	0
98	64	0
53	60	0
85	41	0
20	1	0
57	15	0
48	4	0
8	2	0
14	75	0
60	63	0
86	69	0
74	49	0
17	0	0
31	38	0
69	12	0
1	77	0
75	1	0
43	74	0
53	26	0
74	99	0
12	33	0
4	93	0
99	59	0
33	20	0
88	69	0
61	57	0
76	41	0
42	27	0
94	34	0
86	65	0
12	64	0
3	86	0
22	56	0
2	87	0
10	92	0
90	33	0
33	49	0
4	98	0
52	13	0
59	2	0
39	47	0
22	20	1
64	41	0
36	20	0
27	80	0
30	30	0
72	17	0
8	41	0
87	53	0
90	6	0
62	52	0
31	12	0
46	19	0
9	98	0
59	77	0
40	66	0
14	5	1
40	15	0
5	83	0
3	85	0
69	55	0
91	43	0
43	31	0
26	74	0
25	29	0
98	87	0
60	31	0
47	72	0
67	99	0
18	23	1
3	82	0
68	25	0
52	65	0
31	37	0
97	65	0
40	71	0
97	19	0
79	18	0
96	18	0
86	83	0
43	58	0
22	87	0
86	9	0
30	1	0
64	86	0
61	73	0
18	49	0
66	40	0
69	80	0
87	14	0
93	55	0
20	65	0
56	51	0
24	22	0
88	24	0
45	48	0
67	8	0
91	97	0
86	79	0
49	63	0
72	34	0
68	74	0
3	91	0
44	0	0
9	99	0
10	74	0
63	65	0
77	97	0
84	5	0
97	90	0
81	0	0
23	14	1
82	73	0
66	0	0
97	35	0
72	52	0
58	37	0
13	70	0
61	90	0
53	76	0
12	45	0
5	39	0
38	99	0
9	70	0
41	0	0
39	58	0
14	63	0
40	25	0
5	47	0
93	45	0
59	23	0
1	45	0
24	88	0
72	57	0
2	5	0
91	71	0
26	83	0
60	50	0
35	58	0
93	49	0
61	42	0
1	17	0
3	49	0
23	60	0
89	72	0
68	46	0
98	63	0
2	51	0
59	55	0
17	65	0
2	13	0
71	72	0
26	63	0
46	12	0
28	28	0
6	79	0
37	89	0
4	2	0
77	43	0
67	62	0
81	69	0
77	75	0
47	88	0
38	14	0
1	72	0
11	11	1
48	65	0
40	51	0
59	51	0
83	13	0
