93	70	0
45	21	0
42	27	0
41	94	0
8	9	0
89	36	0
92	79	0
44	16	0
68	77	0
38	22	0
96	40	0
5	79	0
19	12	0
21	58	0
99	21	0
85	72	0
59	32	0
27	50	0
99	63	0
91	7	0
41	96	0
65	65	0
79	91	0
60	0	0
41	87	0
57	3	0
80	78	0
61	90	0
94	70	0
7	23	0
48	36	0
42	18	0
83	37	0
42	47	0
90	67	0
12	94	0
52	93	0
99	22	0
76	90	0
47	1	0
21	60	0
84	53	0
82	64	0
52	69	0
96	52	0
14	86	0
17	40	0
64	6	0
85	66	0
16	68	0
59	3	0
12	78	0
55	90	0
35	71	0
96	63	0
46	34	0
35	31	0
89	71	0
99	90	0
89	18	0
6	93	0
95	11	0
48	2	0
75	74	0
46	11	0
10	91	0
84	7	0
44	74	0
74	98	0
48	67	0
4	28	0
72	87	0
21	48	0
11	62	0
87	39	0
10	39	0
29	83	0
44	95	0
59	21	0
37	93	0
55	93	0
6	20	0
98	11	0
97	26	0
42	52	0
80	37	0
22	24	0
84	56	0
29	37	0
39	14	0
37	4	0
72	34	0
14	87	0
70	9	0
58	87	0
45	10	0
51	28	0
87	48	0
34	65	0
78	50	0
11	59	0
79	89	0
0	75	0
32	96	0
93	50	0
62	8	0
46	68	0
29	58	0
60	2	0
65	48	0
7	58	0
39	1	0
27	49	0
42	34	0
80	89	0
57	43	0
20	99	0
80	5	0
64	65	0
76	85	0
96	7	0
59	73	0
49	76	0
35	5	0
57	97	0
95	78	0
81	56	0
33	95	0
64	32	0
35	20	0
20	45	0
82	6	0
8	70	0
91	69	0
94	26	0
87	38	0
33	53	0
56	19	0
84	77	0
13	15	0
38	10	0
76	58	0
41	37	0
72	82	0
74	94	0
46	17	0
45	31	0
56	47	0
11	45	0
27	60	0
15	54	0
75	79	0
43	56	0
44	95	0
80	52	0
75	70	0
51	87	0
25	34	0
94	61	0
6	26	0
46	43	0
23	8	0
31	79	0
38	78	0
88	34	0
36	31	0
76	18	0
43	79	0
58	31	0
54	42	0
83	78	0
28	55	0
56	76	0
34	88	0
43	48	0
42	10	0
61	7	0
33	72	0
29	81	0
75	82	0
91	68	0
26	87	0
31	37	0
89	68	0
31	49	0
29	91	0
56	84	0
41	52	0
29	9	0
14	34	0
72	99	0
84	95	0
64	78	0
69	30	0
3	61	0
57	5	0
79	22	0
70	25	0
70	30	0
21	59	0
0	64	0
47	51	0
77	30	0
35	62	0
88	29	0
39	97	0
25	68	0
36	19	0
82	74	0
35	54	0
36	9	0
13	94	0
62	9	0
98	83	0
70	88	0
96	4	0
0	80	0
21	65	0
96	38	0
53	71	0
47	41	0
54	56	0
53	70	0
55	63	0
14	71	0
31	57	0
70	9	0
1	65	0
64	85	0
85	42	0
40	91	0
78	59	0
62	22	0
47	72	0
13	82	0
34	92	0
54	38	0
68	34	0
27	36	0
89	60	0
81	43	0
77	63	0
0	68	0
48	18	0
9	84	0
60	61	0
59	42	0
53	45	0
52	24	0
6	56	0
89	27	0
50	5	0
74	68	0
52	76	0
73	35	0
99	40	0
92	1	0
3	64	0
95	76	0
28	99	0
94	69	0
44	97	0
56	34	0
55	9	0
17	87	0
69	31	0
37	63	0
43	82	0
49	7	0
22	93	0
86	92	0
80	84	0
69	39	0
90	76	0
17	92	0
44	55	0
54	1	0
69	29	0
26	12	0
38	1	0
58	9	0
50	54	0
81	44	0
36	45	0
36	49	0
36	70	0
71	90	0
78	74	0
59	77	0
78	2	0
82	43	0
78	8	0
28	44	0
29	16	0
82	33	0
69	35	0
77	71	0
10	38	0
43	69	0
57	25	0
28	87	0
23	96	0
21	81	0
97	63	0
40	28	0
32	0	0
24	57	0
85	69	0
63	20	0
79	91	0
10	3	0
64	92	0
7	70	0
41	85	0
36	30	0
2	53	0
81	9	0
17	35	0
75	2	0
53	11	0
87	8	0
37	44	0
20	47	0
76	27	0
85	57	0
6	24	0
26	37	0
6	60	0
35	96	0
9	86	0
45	90	0
59	71	0
47	43	0
66	23	0
40	91	0
49	68	0
88	93	0
30	28	0
15	52	0
26	37	0
55	76	0
78	87	0
28	26	0
85	14	0
33	6	0
56	3	0
66	15	0
32	45	0
77	69	0
79	8	0
15	36	0
44	10	0
48	47	0
36	36	0
26	61	0
83	81	0
80	51	0
10	50	0
52	36	0
95	13	0
58	9	0
53	25	0
56	35	0
30	23	0
0	73	0
66	83	0
25	79	0
25	90	0
22	93	0
55	15	0
46	37	0
90	49	0
82	50	0
7	80	0
86	75	0
62	75	0
75	30	0
66	93	0
80	3	0
84	58	0
73	62	0
40	16	0
50	47	0
34	47	0
83	81	0
69	15	0
95	5	0
25	40	0
41	88	0
70	72	0
84	17	0
4	59	0
96	28	0
44	96	0
80	25	0
63	46	0
42	55	0
51	34	0
21	39	0
42	45	0
67	82	0
84	36	0
38	22	0
74	74	0
21	63	0
10	97	0
91	83	0
34	36	0
2	85	0
60	37	0
91	13	0
81	45	0
6	67	0
68	40	0
47	35	0
50	48	0
11	99	0
76	18	0
52	8	0
91	49	0
47	36	0
23	74	0
19	6	0
66	57	0
60	93	0
0	59	0
49	66	0
43	76	0
54	26	0
21	93	0
9	43	0
21	43	0
64	14	0
83	31	0
97	18	0
77	87	0
21	61	0
33	21	0
40	24	0
77	7	0
71	58	0
71	89	0
19	42	0
61	93	0
96	69	0
37	83	0
73	8	0
65	47	0
81	31	0
73	12	0
42	20	0
42	22	0
95	8	0
87	28	0
3	78	0
81	12	0
91	98	0
6	96	0
95	64	0
48	54	0
21	20	0
98	97	0
64	47	0
13	98	0
71	29	0
68	40	0
69	62	0
79	66	0
28	73	0
80	74	0
40	92	0
91	74	0
15	31	1
40	94	0
98	81	0
28	33	0
38	32	0
54	68	0
56	93	0
42	61	0
67	98	0
65	48	0
31	58	0
26	67	0
80	24	0
9	89	0
90	41	0
18	90	0
51	70	0
44	89	0
85	37	0
44	49	0
23	35	0
46	21	0
80	57	0
70	17	0
92	98	0
65	95	0
39	54	0
61	3	0
34	38	0
47	88	0
36	22	0
48	56	0
76	73	0
27	25	0
94	97	0
46	14	0
26	15	0
60	27	0
22	78	0
33	17	0
11	61	0
87	90	0
57	89	0
59	45	0
72	5	0
39	70	0
43	52	0
97	51	0
88	1	0
0	68	0
75	4	0
69	75	0
76	33	0
39	13	0
37	69	0
84	80	0
38	63	0
40	78	0
82	32	0
18	57	0
72	21	0
39	68	0
65	88	0
33	91	0
83	12	0
91	25	0
66	16	0
35	77	0
22	89	0
13	84	0
65	42	0
75	65	0
69	81	0
14	43	0
76	39	0
70	60	0
78	76	0
54	64	0
15	63	0
19	67	0
47	27	0
42	18	0
4	32	0
44	58	0
36	47	0
85	29	0
75	34	0
75	0	0
71	45	0
56	69	0
20	55	0
52	29	0
95	79	0
60	89	0
83	64	0
20	53	0
47	79	0
66	41	0
39	49	0
74	24	0
17	49	0
40	26	0
78	50	0
92	98	0
55	55	0
8	63	0
45	7	0
58	58	0
24	87	0
41	33	0
87	88	0
99	73	0
19	84	0
63	57	0
4	73	0
77	55	0
40	58	0
50	56	0
37	77	0
61	73	0
3	57	0
84	74	0
64	59	0
94	50	0
19	65	0
62	88	0
54	27	0
97	23	0
45	36	0
99	19	0
17	87	0
38	31	0
38	69	0
92	56	0
28	50	0
83	63	0
11	97	0
19	84	0
94	87	0
46	29	0
5	77	0
76	92	0
45	68	0
90	71	0
20	92	0
95	35	0
24	1	0
34	80	0
38	77	0
36	13	0
26	36	0
8	20	0
87	71	0
95	14	0
63	7	0
73	32	0
95	47	0
36	11	0
20	48	0
98	36	0
9	52	0
61	89	0
7	55	0
26	78	0
65	57	0
56	93	0
81	51	0
69	84	0
34	34	0
68	61	0
38	59	0
79	54	0
15	72	0
51	33	0
31	80	0
83	38	0
62	28	0
91	72	0
94	95	0
92	77	0
44	66	0
10	22	1
61	37	0
57	75	0
36	25	0
28	10	0
31	70	0
12	32	0
55	1	0
59	83	0
72	77	0
88	3	0
14	50	0
59	85	0
15	94	0
55	8	0
60	43	0
61	20	0
33	21	0
25	37	0
42	22	0
77	2	0
39	95	0
62	32	0
35	88	0
92	14	0
31	49	0
45	66	0
78	23	0
81	80	0
63	74	0
32	66	0
43	91	0
79	77	0
82	46	0
17	72	0
80	84	0
81	96	0
26	35	0
19	49	0
96	49	0
25	83	0
96	84	0
61	92	0
40	6	0
69	64	0
88	66	0
69	86	0
79	51	0
90	74	0
78	40	0
18	53	0
4	59	0
68	85	0
73	36	0
53	59	0
49	7	0
32	21	0
87	76	0
10	60	0
30	51	0
59	31	0
41	18	0
56	34	0
18	85	0
29	34	1
3	62	0
15	78	0
75	51	0
16	27	1
72	20	0
94	32	0
78	5	0
56	80	0
0	53	0
55	27	0
56	44	0
50	84	0
89	10	0
24	32	0
63	62	0
45	85	0
18	98	0
37	65	0
31	83	0
34	23	0
81	72	0
44	43	0
43	80	0
57	38	0
10	43	0
65	59	0
66	24	0
27	80	0
85	43	0
32	33	0
34	49	0
24	13	0
1	59	0
78	64	0
83	70	0
38	54	0
89	56	0
82	69	0
73	33	0
60	15	0
81	78	0
76	21	0
4	57	0
82	78	0
30	26	0
72	36	0
20	63	0
8	89	0
34	93	0
31	59	0
99	28	0
16	46	0
58	92	0
5	85	0
91	69	0
57	55	0
87	33	0
17	5	0
48	27	0
58	2	0
4	79	0
53	54	0
87	69	0
75	36	0
12	8	0
12	46	0
69	14	0
18	82	0
80	0	0
49	74	0
37	31	0
87	95	0
13	19	0
25	95	0
97	57	0
29	8	0
91	89	0
51	57	0
69	61	0
45	28	0
93	31	0
89	81	0
5	62	0
4	77	0
19	48	0
12	84	0
5	97	0
82	19	0
37	47	0
11	94	0
48	11	0
74	7	0
40	65	0
67	56	0
50	23	0
34	66	0
32	32	0
87	22	0
1	43	0
83	66	0
88	10	0
59	45	0
26	22	0
51	3	0
11	93	0
49	63	0
45	57	0
36	14	0
3	94	0
3	95	0
63	57	0
91	35	0
31	25	0
25	70	0
96	87	0
51	29	0
57	78	0
68	91	0
7	77	0
74	30	0
50	56	0
20	34	0
95	71	0
53	68	0
96	14	0
81	10	0
87	25	0
65	95	0
44	64	0
41	66	0
73	10	0
38	9	0
68	95	0
70	73	0
19	52	0
68	38	0
63	90	0
82	17	0
90	54	0
28	72	0
47	58	0
20	29	0
92	27	0
31	54	0
81	10	0
92	97	0
72	59	0
59	78	0
74	39	0
73	78	0
8	95	0
39	5	0
6	90	0
6	60	0
59	69	0
69	87	0
71	7	0
90	98	0
87	13	0
84	86	0
66	8	0
82	33	0
81	43	0
52	38	0
17	87	0
64	99	0
65	80	0
20	47	0
9	36	0
23	94	0
11	62	0
46	6	0
39	53	0
20	62	0
41	32	0
0	44	0
98	53	0
45	29	0
16	53	0
26	78	0
71	76	0
2	3	1
99	64	0
15	64	0
58	51	0
29	61	0
77	43	0
51	38	0
6	42	0
17	53	0
81	55	0
67	53	0
85	56	0
2	65	0
67	57	0
2	81	0
0	21	0
89	69	0
17	57	0
40	2	0
35	32	0
11	93	0
24	85	0
78	41	0
67	67	0
73	56	0
77	85	0
43	69	0
52	35	0
5	70	0
49	65	0
35	42	0
63	56	0
81	19	0
