93	71	0
46	22	0
48	23	0
46	99	0
7	17	0
92	35	0
93	86	0
40	19	0
71	77	0
35	34	0
91	37	0
1	77	0
10	13	0
27	60	0
99	20	0
91	71	0
63	31	0
25	48	0
96	63	0
92	5	0
47	84	0
60	71	0
77	92	0
62	0	0
42	84	0
59	3	0
81	78	0
68	86	0
96	68	0
3	32	0
48	39	0
44	20	0
88	39	0
48	45	0
91	61	0
15	93	0
57	92	0
94	25	0
77	95	0
48	2	0
19	54	0
81	52	0
87	64	0
50	72	0
91	50	0
12	84	0
24	44	0
61	13	0
90	67	0
15	65	0
64	9	0
22	81	0
51	92	0
37	73	0
96	59	0
42	32	0
39	33	0
84	66	0
97	93	0
81	21	0
6	94	0
92	14	0
48	1	0
77	72	0
42	12	0
13	85	0
79	7	0
43	78	0
79	90	0
54	66	0
6	26	0
78	87	0
29	41	0
19	56	0
82	33	0
14	37	0
41	77	0
38	89	0
62	15	0
39	92	0
58	93	0
0	5	1
10	16	0
98	14	0
93	26	0
36	51	0
81	41	0
24	22	0
81	54	0
28	44	0
38	15	0
42	7	0
71	34	0
14	89	0
65	13	0
56	80	0
45	10	0
50	24	0
90	48	0
34	72	0
77	53	0
16	55	0
74	89	0
10	74	0
36	88	0
91	45	0
57	4	0
46	70	0
17	59	0
59	3	0
60	49	0
11	58	0
46	2	0
36	56	0
36	37	0
91	90	0
47	46	0
2	10	1
22	96	0
78	5	0
62	63	0
21	28	1
82	81	0
98	9	0
62	67	0
55	78	0
31	16	0
55	92	0
88	75	0
82	58	0
37	97	0
67	26	0
42	21	0
16	38	0
84	5	0
9	72	0
96	69	0
98	25	0
90	34	0
34	52	0
60	18	0
85	81	0
10	13	0
45	9	0
82	58	0
30	34	0
75	84	0
78	92	0
49	13	0
42	29	0
54	52	0
4	46	0
23	63	0
12	57	0
81	74	0
40	50	0
43	95	0
78	50	0
71	74	0
49	86	0
23	41	0
92	63	0
6	28	0
41	49	0
17	18	0
29	77	0
37	80	0
92	34	0
33	32	0
80	16	0
41	83	0
59	30	0
50	41	0
78	80	0
30	55	0
61	84	0
38	87	0
37	48	0
35	19	0
64	10	0
32	75	0
23	74	0
75	77	0
91	63	0
15	89	0
26	31	0
93	65	0
29	52	0
32	92	0
57	88	0
39	55	0
30	13	0
19	35	0
67	87	0
83	94	0
58	83	0
74	30	0
5	67	0
58	1	0
80	19	0
68	27	0
68	24	0
21	58	0
1	69	0
46	55	0
76	28	0
36	70	0
98	29	0
39	98	0
28	66	0
35	17	0
78	71	0
39	54	0
32	7	0
9	94	0
62	13	0
98	89	0
77	95	0
93	13	0
1	80	0
14	68	0
94	44	0
50	69	0
44	47	0
54	56	0
56	71	0
51	63	0
16	77	0
35	54	0
65	10	0
1	66	0
66	87	0
80	46	0
40	89	0
84	56	0
54	20	0
47	72	0
20	78	0
33	96	0
55	39	0
68	34	0
31	34	0
96	59	0
78	46	0
71	62	0
9	67	0
51	18	0
5	83	0
68	59	0
57	46	0
63	48	0
54	24	0
1	55	0
82	30	0
56	5	0
73	70	0
49	79	0
73	28	0
98	36	0
90	6	0
2	63	0
90	68	0
26	99	0
93	62	0
45	93	0
65	29	0
49	7	0
21	97	0
69	33	0
41	60	0
46	84	0
52	6	0
18	94	0
77	96	0
81	81	0
77	40	0
90	71	0
19	87	0
46	52	0
57	0	0
61	28	0
23	14	0
38	0	0
55	11	0
52	54	0
78	38	0
34	53	0
31	53	0
39	66	0
71	85	0
82	82	0
55	76	0
81	9	0
84	47	0
80	10	0
21	53	0
33	14	0
80	35	0
68	34	0
73	77	0
9	37	0
45	72	0
52	20	0
28	89	0
28	96	0
22	75	0
95	65	0
42	26	0
38	4	0
27	58	0
88	65	0
67	17	0
83	92	0
13	1	0
64	87	0
8	74	0
47	88	0
36	36	0
0	50	0
83	6	0
23	37	0
84	9	0
56	14	0
86	9	0
36	45	0
19	48	0
79	26	0
89	56	0
4	23	0
29	38	0
9	62	0
39	94	0
16	86	0
3	6	1
40	89	0
58	77	0
48	41	0
69	22	0
37	95	0
43	64	0
92	96	0
33	32	0
18	46	0
24	44	0
55	71	0
79	81	0
40	27	0
87	13	0
31	5	0
62	3	0
58	13	0
26	42	0
80	65	0
73	5	0
13	38	0
41	13	0
49	45	0
43	41	0
23	61	0
89	82	0
74	51	0
13	51	0
56	32	0
90	11	0
55	11	0
62	23	0
56	34	0
24	29	0
6	72	0
66	74	0
18	77	0
29	90	0
17	96	0
53	23	0
40	38	0
91	52	0
78	46	0
7	82	0
83	78	0
69	80	0
75	37	0
70	97	0
79	0	0
82	58	0
73	58	0
36	14	0
43	43	0
32	46	0
84	83	0
0	2	1
68	22	0
88	2	0
22	38	0
38	88	0
66	75	0
85	12	0
4	59	0
97	32	0
41	93	0
79	24	0
67	51	0
42	57	0
52	37	0
26	39	0
42	43	0
75	80	0
84	38	0
42	27	0
73	69	0
24	59	0
12	99	0
91	89	0
32	32	0
2	76	0
63	34	0
96	12	0
80	47	0
5	64	0
67	47	0
42	34	0
47	45	0
6	91	0
72	16	0
49	8	0
92	52	0
52	22	0
23	74	0
23	7	0
70	56	0
63	99	0
1	65	0
46	65	0
41	73	0
54	25	0
26	98	0
14	41	0
26	38	0
63	17	0
81	22	0
96	19	0
85	89	0
22	59	0
34	27	0
36	32	0
80	16	0
63	60	0
75	95	0
19	45	0
70	99	0
92	69	0
37	76	0
65	11	0
66	46	0
80	24	0
73	6	0
44	21	0
40	25	0
94	3	0
83	30	0
0	75	0
85	8	0
93	98	0
2	96	0
92	52	0
50	50	0
18	20	0
98	89	0
63	56	0
11	97	0
66	25	0
77	35	0
77	58	0
81	64	0
28	76	0
81	73	0
44	96	0
82	73	0
11	30	0
38	98	0
93	82	0
34	35	0
31	35	0
56	77	0
58	96	0
44	67	0
64	98	0
59	53	0
35	61	0
27	66	0
84	21	0
14	95	0
87	41	0
27	91	0
49	66	0
44	87	0
88	37	0
36	45	0
24	44	0
51	21	0
86	64	0
66	12	0
93	98	0
69	96	0
45	56	0
59	8	0
28	39	0
40	89	0
36	21	0
45	63	0
67	73	0
26	23	0
89	99	0
43	21	0
25	17	0
64	34	0
18	78	0
37	12	0
7	60	0
89	89	0
56	89	0
61	44	0
79	4	0
40	74	0
42	53	0
95	53	0
89	5	0
7	70	0
75	4	0
66	73	0
79	36	0
39	7	0
32	69	0
83	75	0
33	64	0
48	83	0
79	24	0
16	63	0
74	22	0
40	64	0
69	97	0
33	93	0
82	6	0
89	24	0
67	21	0
30	83	0
19	88	0
14	87	0
68	43	0
76	68	0
68	80	0
11	40	0
75	38	0
63	66	0
84	77	0
53	63	0
17	58	0
25	66	0
45	20	0
45	22	0
1	37	0
47	64	0
41	45	0
81	32	0
74	29	0
74	0	0
74	45	0
55	70	0
25	54	0
56	24	0
93	79	0
60	87	0
92	69	0
20	54	0
56	73	0
71	46	0
34	54	0
73	28	0
20	52	0
38	24	0
78	51	0
92	97	0
56	57	0
10	61	0
47	5	0
55	61	0
32	90	0
35	34	0
88	88	0
95	74	0
16	91	0
60	69	0
7	71	0
78	56	0
34	50	0
49	61	0
30	74	0
62	70	0
10	61	0
88	81	0
74	51	0
96	52	0
21	58	0
59	89	0
53	28	0
98	24	0
45	39	0
95	12	0
19	89	0
32	32	0
39	76	0
89	57	0
23	45	0
84	61	0
8	97	0
14	77	0
96	84	0
46	28	0
0	70	0
75	90	0
52	62	0
85	71	0
17	91	0
99	38	0
34	0	0
33	88	0
36	76	0
40	15	0
24	35	0
9	17	0
86	71	0
98	11	0
61	8	0
72	22	0
99	46	0
38	7	0
25	54	0
99	44	0
11	54	0
57	79	0
3	60	0
24	76	0
69	60	0
51	91	0
74	48	0
70	84	0
33	41	0
72	61	0
39	55	0
81	52	0
20	78	0
51	31	0
23	76	0
82	38	0
60	33	0
95	69	0
91	96	0
89	77	0
42	70	0
13	28	1
55	38	0
56	75	0
31	23	0
26	7	0
35	74	0
18	35	0
64	1	0
68	82	0
73	76	0
89	9	0
9	47	0
60	89	0
11	88	0
54	7	0
68	47	0
65	26	0
35	19	0
30	41	0
41	23	0
74	3	0
38	87	0
58	32	0
34	83	0
84	11	0
30	44	0
44	65	0
75	17	0
82	71	0
58	69	0
39	65	0
47	88	0
77	84	0
81	48	0
23	66	0
78	77	0
74	95	0
25	34	0
12	50	0
98	41	0
29	89	0
99	84	0
71	89	0
47	0	0
64	65	0
90	59	0
67	87	0
81	49	0
89	75	0
82	34	0
11	58	0
4	62	0
69	86	0
73	41	0
56	60	0
56	10	0
31	16	0
86	74	0
24	32	1
11	61	0
37	51	0
55	37	0
40	21	0
53	30	0
20	85	0
31	35	0
10	61	0
16	78	0
67	50	0
15	27	0
68	14	0
92	32	0
79	3	0
56	82	0
6	53	0
58	26	0
53	41	0
53	84	0
91	9	0
27	39	0
56	61	0
47	79	0
13	98	0
36	65	0
40	82	0
30	21	0
75	79	0
45	48	0
40	82	0
63	32	0
12	46	0
62	62	0
64	26	0
33	78	0
80	40	0
41	37	0
44	41	0
31	14	0
4	63	0
73	64	0
80	63	0
42	48	0
86	58	0
79	76	0
68	25	0
59	11	0
78	84	0
81	18	0
3	63	0
78	83	0
39	18	0
69	38	0
24	67	0
13	94	0
34	97	0
26	58	0
95	27	0
20	55	0
52	97	0
15	83	0
98	70	0
53	60	0
82	35	0
19	10	0
54	23	0
62	0	0
5	81	0
54	57	0
87	65	0
70	37	0
11	0	0
19	42	0
70	15	0
18	86	0
77	0	0
47	71	0
34	27	0
81	93	0
6	20	0
24	91	0
97	54	0
32	12	0
92	79	0
52	56	0
72	59	0
44	26	0
91	28	0
91	73	0
9	60	0
0	78	0
14	52	0
7	88	0
7	91	0
77	25	0
41	42	0
6	95	0
52	4	0
68	4	0
36	58	0
71	51	0
48	21	0
32	65	0
25	30	0
88	19	0
7	41	0
92	63	0
91	12	0
60	48	0
26	20	0
54	11	0
12	91	0
50	66	0
40	58	0
39	12	0
9	92	0
2	91	0
63	54	0
87	35	0
34	29	0
28	75	0
97	91	0
51	29	0
59	73	0
69	90	0
4	75	0
75	28	0
53	59	0
19	35	0
93	70	0
46	71	0
99	10	0
82	9	0
84	22	0
71	90	0
44	61	0
38	68	0
82	22	0
38	11	0
71	95	0
66	76	0
25	53	0
68	40	0
67	92	0
79	12	0
93	52	0
25	71	0
53	58	0
25	25	0
86	22	0
32	50	0
66	4	0
90	93	0
73	62	0
56	77	0
80	34	0
76	77	0
11	90	0
38	7	0
9	98	0
3	61	0
66	70	0
74	91	0
74	10	0
87	99	0
83	14	0
84	86	0
65	9	0
82	38	0
78	41	0
55	35	0
15	82	0
59	92	0
56	79	0
20	52	0
9	38	0
29	92	0
10	65	0
38	4	0
35	51	0
16	63	0
40	35	0
5	44	0
92	57	0
53	25	0
7	54	0
26	81	0
78	82	0
1	0	1
90	71	0
16	68	0
60	48	0
30	65	0
87	45	0
60	34	0
6	12	1
2	47	0
20	58	0
89	57	0
72	54	0
90	59	0
1	66	0
77	63	0
2	83	0
3	21	0
96	62	0
21	63	0
44	6	0
37	30	0
9	89	0
25	88	0
79	45	0
65	71	0
72	57	0
76	80	0
43	75	0
46	26	0
3	63	0
47	61	0
38	44	0
67	53	0
83	19	0
