98	69	0
21	11	0
57	97	0
3	5	0
92	41	0
98	97	0
42	78	0
57	22	1
75	56	0
0	89	0
1	8	0
18	96	0
96	38	0
64	76	0
41	32	0
85	69	0
95	20	0
59	99	0
39	73	0
82	65	0
50	15	0
27	83	0
59	22	1
87	66	0
82	81	0
83	81	0
8	24	0
45	39	0
84	23	0
84	67	0
9	78	0
32	95	0
83	9	0
63	94	0
36	9	1
52	71	0
80	72	0
97	67	0
64	57	0
99	32	0
14	69	0
66	2	1
92	67	0
17	76	0
56	1	0
8	77	0
33	94	0
26	63	1
86	51	0
50	35	0
33	13	0
96	87	0
90	99	0
87	15	0
33	86	0
99	9	0
17	17	0
77	89	0
0	90	0
84	8	0
24	65	0
65	90	0
42	62	0
14	24	0
74	80	0
85	31	0
24	94	0
49	99	0
67	30	0
30	99	0
46	93	0
15	13	0
97	17	0
81	25	0
51	75	0
89	32	0
80	63	0
59	10	1
64	38	0
6	98	0
69	8	0
52	77	0
59	32	1
86	8	0
90	62	0
2	59	0
75	90	0
6	76	0
34	96	0
97	58	0
81	28	0
37	70	0
29	64	1
74	2	0
63	49	0
9	72	0
33	3	0
71	70	0
55	30	0
2	96	0
98	28	0
39	77	0
79	71	0
89	0	0
61	85	0
65	82	0
5	26	0
57	88	0
94	86	0
80	52	0
23	89	0
68	37	0
79	2	0
99	62	0
89	30	0
99	51	0
25	50	0
52	65	0
10	21	0
47	34	0
86	66	0
49	79	0
62	74	0
62	17	1
46	37	0
63	75	0
47	59	0
43	96	0
76	39	0
64	69	0
55	76	0
95	53	0
26	12	0
46	36	0
19	18	0
14	79	0
26	57	0
77	49	0
53	35	0
87	7	0
28	83	0
55	25	1
26	38	0
69	79	0
27	66	1
59	62	0
46	74	0
43	4	0
51	14	1
41	90	0
27	68	0
74	77	0
94	64	0
21	96	0
87	71	0
33	56	0
20	71	0
53	71	0
40	50	1
19	36	0
75	80	0
93	83	0
43	69	0
83	49	0
56	49	0
56	18	1
68	17	0
43	58	1
51	19	1
28	68	1
95	32	0
28	95	0
27	60	1
69	88	0
46	50	1
24	25	0
41	79	0
49	11	0
93	96	0
31	85	0
99	4	0
23	78	0
96	30	0
59	98	0
70	82	0
61	60	0
27	52	0
11	66	0
57	4	0
66	89	0
98	52	0
42	88	0
65	72	0
84	18	0
53	77	0
39	81	0
32	81	0
23	18	0
66	22	0
83	53	0
54	45	0
76	67	0
68	28	0
23	96	0
57	65	0
91	39	0
74	43	0
50	5	0
2	38	1
90	27	0
73	83	0
68	95	0
75	58	0
94	29	0
96	17	0
2	36	1
88	75	0
37	98	0
75	84	0
43	96	0
35	40	0
90	31	0
25	99	0
89	21	0
22	51	0
27	83	0
54	13	1
22	94	0
71	90	0
81	78	0
91	56	0
94	52	0
25	89	0
48	77	0
80	8	0
83	57	0
44	4	0
34	29	0
40	56	1
76	39	0
25	57	0
37	46	0
23	75	0
75	96	0
95	59	0
55	70	0
94	4	0
90	38	0
61	8	1
92	46	0
65	52	0
69	77	0
2	34	1
42	66	0
70	29	0
8	80	0
30	61	0
8	91	0
92	62	0
43	6	1
79	65	0
88	8	0
97	81	0
27	1	0
35	94	0
24	69	0
59	92	0
40	27	0
76	14	0
87	11	0
93	17	0
51	50	0
74	23	0
80	56	0
5	2	0
3	57	1
31	98	0
22	73	0
56	94	0
39	70	0
85	42	0
65	6	1
50	86	0
55	63	0
95	90	0
57	38	0
67	91	0
80	19	0
25	11	0
49	1	0
51	23	1
31	23	0
93	54	0
77	11	0
21	46	0
19	25	0
39	49	1
48	37	0
93	72	0
95	65	0
69	31	0
89	7	0
71	9	0
78	12	0
46	42	0
41	22	0
8	71	0
83	88	0
48	88	0
5	98	0
33	48	0
51	35	0
77	39	0
65	51	0
79	78	0
82	82	0
71	27	0
66	83	0
70	7	0
84	51	0
78	54	0
60	53	0
93	78	0
72	16	0
92	19	0
18	44	0
63	96	0
63	71	0
79	19	0
17	75	0
93	43	0
60	97	0
95	28	0
64	26	0
36	56	0
57	47	0
30	71	1
61	83	0
75	32	0
79	75	0
17	86	0
94	94	0
4	82	0
99	1	0
89	29	0
41	70	0
52	53	0
67	44	0
19	91	0
71	35	0
94	59	0
46	31	0
35	91	0
32	9	0
39	43	1
53	92	0
38	88	0
40	81	0
15	74	0
11	21	0
69	3	0
74	35	0
95	10	0
80	97	0
33	64	1
32	26	0
71	7	0
59	43	0
66	98	0
3	22	0
48	91	0
91	44	0
26	82	0
75	1	0
41	64	0
62	22	0
55	10	1
86	16	0
86	44	0
14	83	0
73	13	0
83	98	0
31	95	0
89	67	0
8	32	0
64	95	0
66	43	0
10	78	0
64	23	0
87	45	0
78	45	0
77	63	0
14	50	0
95	55	0
20	96	0
93	57	0
21	94	0
85	88	0
40	21	0
73	76	0
58	93	0
45	41	1
61	98	0
77	50	0
45	48	1
24	62	0
87	7	0
3	78	0
78	55	0
22	94	0
41	51	1
45	65	0
79	32	0
24	54	0
50	31	0
88	52	0
71	22	0
79	83	0
46	97	0
40	58	1
41	46	1
65	99	0
58	20	1
37	89	0
89	89	0
88	74	0
78	7	0
21	0	0
43	33	0
30	57	0
3	79	0
82	84	0
66	81	0
66	50	0
67	17	0
38	66	0
35	71	0
80	57	0
92	0	0
17	71	0
81	7	0
60	55	0
37	39	0
86	94	0
21	77	0
55	92	0
74	17	0
73	15	0
46	60	0
58	82	0
24	97	0
92	23	0
82	13	0
77	27	0
14	65	0
17	98	0
16	81	0
54	33	1
69	87	0
76	93	0
3	36	0
61	55	0
81	92	0
73	58	0
67	65	0
20	94	0
7	75	0
43	25	0
7	22	0
44	37	0
24	49	0
98	35	0
82	48	0
64	11	1
67	40	0
57	50	0
43	24	0
94	75	0
53	80	0
81	49	0
28	56	1
41	98	0
77	53	0
26	8	0
98	46	0
64	88	0
37	29	0
51	57	1
29	98	0
65	98	0
87	68	0
26	85	0
64	43	0
2	74	0
53	51	0
44	73	0
66	54	0
59	74	0
62	89	0
13	52	0
60	56	0
83	47	0
81	61	0
36	75	0
67	87	0
47	31	0
97	23	0
57	46	0
87	8	0
6	76	0
55	92	0
88	72	0
75	68	0
17	94	0
6	66	0
77	89	0
34	27	0
6	84	0
71	99	0
57	64	0
87	67	0
21	88	0
77	50	0
15	4	0
51	95	0
24	86	0
13	14	0
88	56	0
87	25	0
75	26	0
75	16	0
18	14	0
25	54	0
79	29	0
2	74	0
62	74	0
6	42	1
25	75	0
67	47	0
69	94	0
69	38	0
69	84	0
76	52	0
73	83	0
2	84	0
48	46	0
32	76	0
68	56	0
55	47	0
92	46	0
98	99	0
83	94	0
51	59	0
75	56	0
66	65	0
69	3	0
70	79	0
89	76	0
89	10	0
54	80	0
3	99	0
53	42	0
68	38	0
66	29	0
73	22	0
21	80	0
75	20	0
30	64	1
89	17	0
38	62	0
48	34	0
58	93	0
72	76	0
49	82	0
70	87	0
81	64	0
82	44	0
94	64	0
76	96	0
95	46	0
37	65	0
91	84	0
37	72	0
81	81	0
98	49	0
43	87	0
85	74	0
88	53	0
81	30	0
44	47	1
6	64	0
51	77	0
71	21	0
66	30	0
79	87	0
66	46	0
11	84	0
19	89	0
64	43	0
84	24	0
87	45	0
97	0	0
84	93	0
57	36	0
33	76	0
93	24	0
66	47	0
26	77	0
17	98	0
29	74	0
7	85	0
58	58	0
43	26	0
42	79	0
51	50	1
67	75	0
73	11	0
21	83	0
93	47	0
17	23	0
17	77	0
72	65	0
67	48	0
40	60	0
91	47	0
86	50	0
75	53	0
59	68	0
83	49	0
4	30	0
98	79	0
61	48	0
41	87	0
6	78	0
23	89	0
31	55	0
90	23	0
56	92	0
4	95	0
99	64	0
56	29	1
76	17	0
22	13	0
31	31	0
74	6	0
18	76	0
87	54	0
91	35	0
9	4	0
1	39	1
68	14	0
40	82	0
99	82	0
3	8	0
49	88	0
85	37	0
97	81	0
45	61	0
62	72	0
27	38	0
94	38	0
89	65	0
21	76	0
16	81	0
29	69	1
24	86	0
75	8	0
24	56	0
10	86	0
39	33	0
51	21	1
46	65	0
69	46	0
33	73	0
94	19	0
3	32	0
83	46	0
74	21	0
47	50	1
33	24	0
43	7	1
22	90	0
48	78	0
17	63	0
22	24	0
20	81	0
14	81	0
63	58	0
90	43	0
37	57	0
80	97	0
47	26	0
60	75	0
40	74	0
17	91	0
90	38	0
46	54	0
10	18	0
87	55	0
60	48	0
88	24	0
86	28	0
78	36	0
55	90	0
41	35	0
58	42	0
65	31	0
41	4	0
33	99	0
54	63	0
92	38	0
60	94	0
86	54	0
78	46	0
38	84	0
35	77	0
91	26	0
52	51	1
74	4	0
92	99	0
75	84	0
50	82	0
70	24	0
83	78	0
22	78	0
65	27	0
23	96	0
43	60	1
91	64	0
65	12	1
94	90	0
84	8	0
95	95	0
61	11	1
68	24	0
75	60	0
64	25	0
3	84	0
66	99	0
62	77	0
1	26	0
7	93	0
14	76	0
45	18	1
49	38	0
80	39	0
47	13	1
2	60	0
26	89	0
63	94	0
95	47	0
3	69	0
70	45	0
31	93	0
82	46	0
71	43	0
26	60	1
78	39	0
75	44	0
60	69	0
51	49	0
4	82	0
0	4	0
80	67	0
19	61	0
17	6	0
2	93	0
28	71	0
95	40	0
70	87	0
85	59	0
98	83	0
52	55	1
66	35	0
1	74	0
52	62	0
37	44	1
75	38	0
88	21	0
