91	63	0
29	4	0
31	31	0
64	99	0
18	1	0
86	39	0
95	94	0
51	11	0
60	77	0
61	27	0
84	49	0
5	84	0
10	7	0
19	87	0
96	22	0
75	80	0
51	43	0
18	60	1
86	53	0
99	15	0
46	99	0
62	67	0
73	74	0
51	5	0
30	73	0
54	18	0
93	72	0
72	92	0
94	76	0
4	37	0
51	10	0
44	26	0
98	30	0
17	57	1
81	66	0
13	87	0
34	93	0
87	17	0
78	87	0
37	10	0
39	64	0
90	69	0
92	71	0
55	63	0
97	50	0
15	80	0
70	2	0
96	68	0
16	73	0
67	5	0
6	74	0
54	86	0
28	72	0
94	68	0
51	38	0
43	31	0
89	84	0
96	91	0
97	5	0
19	96	0
97	12	0
31	0	0
74	91	0
37	0	0
5	92	0
88	11	0
31	79	0
64	98	0
40	60	0
9	28	0
65	82	0
12	57	1
88	28	0
31	86	0
52	99	0
62	29	0
28	88	0
58	96	0
0	14	0
95	10	0
82	21	0
50	71	0
86	40	0
92	58	0
55	19	0
34	10	0
71	49	0
1	94	0
57	3	0
43	67	0
48	10	0
57	28	0
80	27	0
34	58	0
89	46	0
5	60	0
86	97	0
0	91	0
45	98	0
90	50	0
72	18	0
39	67	0
32	61	0
58	2	0
73	54	0
6	63	0
30	1	0
12	46	0
37	50	1
63	82	0
41	38	0
9	93	0
76	32	0
42	81	0
72	69	0
91	9	0
71	91	0
67	74	0
26	25	0
63	96	0
98	80	0
74	60	0
25	93	0
65	35	0
29	20	0
72	9	0
15	52	1
98	77	0
98	27	0
88	52	0
38	49	0
53	1	0
71	62	0
16	24	0
45	24	0
98	57	0
48	26	0
60	76	0
58	81	0
50	21	0
39	37	0
58	34	0
9	54	0
17	58	0
68	88	0
44	61	0
41	95	0
72	38	0
75	59	0
54	64	0
92	62	0
20	25	0
50	51	0
22	14	0
14	76	0
32	65	0
83	43	0
39	49	0
93	1	0
34	86	0
54	32	0
39	42	0
79	82	0
30	68	0
52	66	0
39	88	0
34	51	0
41	12	0
53	17	0
37	95	0
27	66	0
76	81	0
92	63	0
20	98	0
98	75	0
32	49	0
23	74	0
50	69	0
53	57	0
11	26	0
78	89	0
97	79	0
46	65	0
70	34	0
0	46	0
56	7	0
70	58	0
54	17	0
76	18	0
23	48	1
0	50	0
45	59	0
63	35	0
44	67	0
86	29	0
34	95	0
24	61	0
41	17	1
84	84	0
44	53	0
25	11	0
24	77	0
65	9	0
97	89	0
43	92	0
98	3	0
7	64	0
17	67	0
99	30	0
49	88	0
25	49	1
58	79	0
70	63	0
47	63	0
18	77	0
19	50	0
64	3	0
13	54	1
60	86	0
95	53	0
41	85	0
81	65	0
84	22	0
53	78	0
26	82	0
36	95	0
45	29	0
75	31	0
78	46	0
55	42	0
70	68	0
3	48	0
62	23	0
21	97	0
62	67	0
79	42	0
68	31	0
49	3	0
5	45	0
93	22	0
36	20	1
68	73	0
58	97	0
75	47	0
92	34	0
95	12	0
0	32	0
86	77	0
36	95	0
91	82	0
34	98	0
60	35	0
76	31	0
17	92	0
84	22	0
23	56	0
33	69	0
49	12	0
31	95	0
81	89	0
77	79	0
94	52	0
96	57	0
11	84	0
34	70	0
81	11	0
76	44	0
34	20	0
37	0	0
49	25	0
49	53	0
85	51	0
29	56	0
41	45	0
34	81	0
75	88	0
88	56	0
60	78	0
85	4	0
91	40	0
65	9	0
27	43	1
82	42	0
73	53	0
69	69	0
4	39	0
37	68	0
60	23	0
15	93	0
30	81	0
13	82	0
87	81	0
48	17	0
39	3	0
41	53	0
76	70	0
62	6	0
86	92	0
27	3	0
54	93	0
14	62	0
51	91	0
47	38	0
6	51	0
75	35	0
75	11	0
44	17	0
77	13	0
39	59	0
9	54	0
73	19	0
82	58	0
5	10	0
5	62	0
36	96	0
11	85	0
47	95	0
49	67	0
65	41	0
71	3	0
46	83	0
44	70	0
97	84	0
2	57	0
65	48	0
75	77	0
86	23	0
29	3	0
42	1	0
53	18	0
44	34	0
79	57	0
61	12	0
18	52	0
29	9	0
42	55	0
42	36	0
29	37	1
88	75	0
83	60	0
1	47	0
55	33	0
90	9	0
64	13	0
71	22	0
52	38	0
43	32	0
4	79	0
68	85	0
36	72	0
15	99	0
27	71	0
52	9	0
43	39	0
98	43	0
83	48	0
8	63	0
80	69	0
76	85	0
83	26	0
76	89	0
78	6	0
70	68	0
74	59	0
62	53	0
84	74	0
63	7	0
92	18	0
34	49	0
50	93	0
65	75	0
82	12	0
23	70	0
97	23	0
60	97	0
93	21	0
60	26	0
32	53	0
61	37	0
34	55	0
53	85	0
81	33	0
34	19	1
77	81	0
37	56	0
16	94	0
95	99	0
49	32	0
2	86	0
52	53	0
95	10	0
85	34	0
28	62	0
66	53	0
58	54	0
14	94	0
81	27	0
38	9	0
84	53	0
50	42	0
35	93	0
17	5	0
54	56	0
50	90	0
0	45	0
41	77	0
41	82	0
54	28	0
21	82	0
20	28	0
73	0	0
68	15	0
93	5	0
87	93	0
25	66	0
43	22	0
82	1	0
74	58	0
73	95	0
4	26	0
59	96	0
95	65	0
34	75	0
84	1	0
46	61	0
73	19	0
65	5	0
44	15	1
43	15	1
98	12	0
83	41	0
9	90	0
78	13	0
90	93	0
23	99	0
99	73	0
43	43	0
13	28	0
76	99	0
62	46	0
3	88	0
65	37	0
75	40	0
65	44	0
78	74	0
29	68	0
93	62	0
34	97	0
96	69	0
24	97	0
89	91	0
41	32	0
64	66	0
59	95	0
46	64	0
62	94	0
77	50	0
39	46	0
36	59	0
91	4	0
1	85	0
98	58	0
19	88	0
42	65	0
41	82	0
83	41	0
35	52	0
49	24	0
86	53	0
70	17	0
84	95	0
51	95	0
40	56	0
47	12	0
36	42	0
57	98	0
45	19	0
45	66	0
87	78	0
33	10	0
91	90	0
71	7	0
9	8	0
45	38	0
21	71	0
40	2	0
9	77	0
87	82	0
65	87	0
63	42	0
68	1	0
42	62	0
45	70	0
98	55	0
98	2	0
10	71	0
84	5	0
49	71	0
56	28	0
32	6	0
35	60	0
84	87	0
32	68	0
43	78	0
64	29	0
21	53	1
73	30	0
46	52	0
64	91	0
28	99	0
95	13	0
91	18	0
75	15	0
12	62	0
33	95	0
22	90	0
66	37	0
77	81	0
74	91	0
8	33	0
59	38	0
69	80	0
73	62	0
62	81	0
10	88	0
15	75	0
43	23	0
47	16	0
7	36	0
42	43	0
37	44	0
99	29	0
84	39	0
75	13	0
75	37	0
59	52	0
28	47	1
45	24	0
92	80	0
44	89	0
84	57	0
36	67	0
38	90	0
78	55	0
21	50	1
76	23	0
34	17	0
98	53	0
76	91	0
47	43	0
10	53	0
46	13	0
49	53	0
43	83	0
65	89	0
96	56	0
11	81	0
64	46	0
12	63	0
62	46	0
42	72	0
57	54	0
45	76	0
62	73	0
2	66	0
64	66	0
78	50	0
86	56	0
33	71	0
66	85	0
45	17	0
96	18	0
50	45	0
97	8	0
5	84	0
40	86	0
86	62	0
10	49	1
74	71	0
18	90	0
14	79	0
86	84	0
40	23	0
4	73	0
70	97	0
50	59	0
94	66	0
21	98	0
84	41	0
16	0	0
39	69	0
23	84	0
36	15	0
10	15	0
87	63	0
98	21	0
50	13	0
71	38	0
82	14	0
21	7	0
31	65	0
78	33	0
13	64	0
56	83	0
0	46	0
22	76	0
75	56	0
52	95	0
71	51	0
78	83	0
75	60	0
45	53	0
77	77	0
5	81	0
40	39	0
27	80	0
79	50	0
69	36	0
93	50	0
99	95	0
88	88	0
42	73	0
76	43	0
61	58	0
28	22	1
31	19	1
38	60	0
3	43	0
68	2	0
69	79	0
92	78	0
90	7	0
58	80	0
1	96	0
52	10	0
52	24	0
70	22	0
56	26	0
36	19	0
79	12	0
30	91	0
67	21	0
34	90	0
97	17	0
41	66	0
63	36	0
65	96	0
81	70	0
35	81	0
65	96	0
90	69	0
90	43	0
17	57	1
93	78	0
73	93	0
14	61	1
99	49	0
33	69	0
94	86	0
52	89	0
31	17	1
78	77	0
97	44	0
51	90	0
76	72	0
96	54	0
78	39	0
29	50	0
3	58	0
61	79	0
68	25	0
52	36	0
46	12	0
87	81	0
13	51	1
66	30	0
46	11	0
48	21	0
7	87	0
10	58	0
8	81	0
66	42	0
93	24	0
93	28	0
96	0	0
73	91	0
5	58	0
60	22	0
59	51	0
35	80	0
93	27	0
60	50	0
37	85	0
23	98	0
36	69	0
18	97	0
32	6	0
72	69	0
46	22	0
43	74	0
49	43	0
6	44	0
68	65	0
68	17	0
26	91	0
94	56	0
25	43	1
17	30	0
15	73	0
78	64	0
59	58	0
47	49	0
97	56	0
99	67	0
67	50	0
56	12	0
72	63	0
86	39	0
12	39	0
87	80	0
50	36	0
22	77	0
1	81	0
26	96	0
26	60	0
95	21	0
0	55	0
56	87	0
6	88	0
88	66	0
46	29	0
88	28	0
18	21	0
34	35	0
74	15	0
25	75	0
43	51	0
98	54	0
85	45	0
5	0	0
5	51	0
51	17	0
2	44	0
80	5	0
49	69	0
23	30	1
89	90	0
1	11	0
43	97	0
90	36	0
37	3	0
90	86	0
48	67	0
72	66	0
38	39	0
94	37	0
94	79	0
14	63	0
13	74	0
5	42	0
22	71	0
18	92	0
66	20	0
29	56	0
6	90	0
32	25	0
60	12	0
31	65	0
65	42	0
45	7	0
39	74	0
96	24	0
5	27	0
75	44	0
89	26	0
43	52	0
25	23	0
46	4	0
19	92	0
47	69	0
29	59	0
23	17	0
17	90	0
18	80	0
59	46	0
92	48	0
34	70	0
84	89	0
53	28	0
65	70	0
52	89	0
5	84	0
85	43	0
45	54	0
12	19	0
97	65	0
51	54	0
92	21	0
79	11	0
83	32	0
59	93	0
46	46	0
49	35	0
69	26	0
43	3	0
47	88	0
46	73	0
16	43	1
85	29	0
58	95	0
90	44	0
87	53	0
38	75	0
31	67	0
77	26	0
48	40	0
72	8	0
98	91	0
76	79	0
49	73	0
73	43	0
75	90	0
15	77	0
53	15	0
21	97	0
7	59	0
45	58	0
76	80	0
61	13	0
96	96	0
89	16	0
99	99	0
63	9	0
76	21	0
67	55	0
55	27	0
19	86	0
48	87	0
79	80	0
6	33	0
13	79	0
11	76	0
39	8	0
40	45	0
17	49	1
3	46	0
82	45	0
46	23	0
15	63	0
24	83	0
62	97	0
90	46	0
0	72	0
63	44	0
32	76	0
78	59	0
75	30	0
5	49	0
26	55	0
84	39	0
75	54	0
82	52	0
9	65	0
58	52	0
1	90	0
0	5	0
84	66	0
17	65	0
21	5	0
2	95	0
20	84	0
95	40	0
75	79	0
83	59	0
87	82	0
47	70	0
64	37	0
6	69	0
49	62	0
36	61	0
63	49	0
92	18	0
