80	68	0
31	29	0
60	96	0
15	11	0
93	44	0
90	92	0
72	44	0
8	82	0
3	9	0
13	90	0
83	41	0
72	79	0
32	32	0
67	72	0
89	51	0
51	96	1
60	70	0
41	34	0
93	85	0
97	82	0
69	81	0
8	24	0
72	72	0
77	26	0
58	81	0
53	66	0
65	82	0
97	52	0
94	31	0
85	70	0
38	0	0
81	33	0
35	13	0
94	71	0
93	73	0
89	25	1
96	9	0
20	33	0
62	77	0
4	89	0
59	97	1
20	32	0
75	77	0
94	39	0
54	89	0
4	22	0
89	13	0
66	36	0
74	14	1
48	47	0
80	41	0
21	99	1
88	73	0
54	98	1
21	58	0
96	57	0
44	36	0
35	10	0
60	55	0
10	89	0
97	21	0
41	68	0
89	59	0
97	7	0
75	92	0
74	77	0
8	24	0
75	80	0
85	66	0
80	39	0
60	41	0
83	43	0
85	38	0
91	41	0
18	61	0
12	14	0
83	69	0
59	96	1
36	82	0
60	94	1
77	49	0
60	67	0
83	74	0
81	79	0
30	13	0
10	9	0
84	59	0
90	3	0
18	47	0
76	80	0
60	77	0
59	82	0
49	6	0
53	96	1
77	87	0
76	50	0
11	84	0
95	91	0
2	97	0
19	59	0
93	89	0
99	73	0
54	81	0
71	49	0
85	36	0
55	62	0
16	54	0
48	20	0
85	84	0
76	1	0
82	41	0
84	95	0
58	71	0
78	78	0
13	23	0
69	98	0
58	99	1
31	80	0
30	38	0
60	41	0
61	78	0
66	39	0
8	99	0
95	29	0
69	26	1
52	32	0
70	67	0
74	96	0
85	69	0
96	26	0
92	82	0
70	73	0
47	81	0
10	71	1
6	46	0
73	71	0
75	75	0
85	55	0
90	56	0
91	68	0
58	17	0
36	29	0
76	58	0
28	81	0
59	91	1
84	76	0
98	47	0
98	29	0
71	63	0
64	96	0
65	14	0
1	91	0
9	96	1
99	61	0
86	78	0
12	19	0
86	9	1
89	11	0
94	21	0
85	17	1
87	29	0
16	17	0
32	77	0
55	92	1
82	42	0
70	96	0
92	79	0
61	39	0
60	81	0
5	6	0
34	15	0
46	27	0
71	39	0
1	55	0
35	11	0
98	81	0
95	50	0
96	8	1
58	1	0
36	7	0
97	85	0
30	75	0
8	96	0
33	36	0
66	50	0
70	70	0
50	71	0
84	75	0
75	31	0
79	78	0
86	33	0
87	71	0
52	33	0
99	67	0
67	12	0
99	10	1
30	57	0
80	93	0
94	45	0
88	46	0
75	89	0
91	41	0
42	53	0
52	96	1
70	85	0
24	77	0
84	89	0
1	90	0
92	18	1
18	98	1
87	27	0
92	63	0
33	1	0
47	91	1
46	51	0
15	17	0
86	42	0
88	6	1
64	90	0
16	26	0
75	32	0
73	77	0
19	35	0
83	45	0
79	5	0
91	67	0
70	20	0
97	92	0
18	35	0
54	98	1
65	53	0
92	39	0
65	48	0
4	54	0
97	70	0
96	61	0
9	83	0
80	87	0
44	19	0
70	53	0
55	93	1
68	93	0
96	41	0
61	12	0
77	46	0
76	32	0
91	60	0
70	30	0
90	74	0
92	95	0
81	98	0
15	8	0
3	82	0
78	88	0
67	93	0
52	14	0
86	57	0
98	3	0
96	82	0
60	80	0
63	75	0
97	2	0
87	30	0
10	44	0
4	96	0
88	92	0
88	89	0
84	86	0
80	62	0
74	77	0
7	87	0
26	28	0
1	14	0
42	39	0
83	41	0
60	60	0
61	5	0
77	83	0
79	74	0
82	45	0
71	61	1
27	15	0
99	41	0
70	92	0
55	31	0
65	79	0
92	68	0
15	55	0
55	75	0
57	82	1
3	44	0
72	79	0
96	44	0
89	66	0
48	88	1
86	26	0
88	7	1
98	69	0
66	69	0
8	90	0
80	92	0
16	25	0
9	88	0
65	72	0
65	63	0
95	92	0
5	84	0
83	54	0
14	0	0
13	86	0
3	19	0
94	59	0
17	25	0
9	36	0
78	32	0
71	76	0
91	79	0
83	39	0
78	78	0
69	86	0
1	75	0
91	64	0
60	24	0
95	38	0
80	87	0
75	69	0
37	84	0
90	69	0
97	13	1
42	73	0
0	98	0
77	40	0
29	32	0
61	82	0
37	70	0
69	95	0
93	52	0
83	30	0
74	66	0
99	79	0
99	46	0
97	97	0
88	69	0
66	27	0
82	76	0
83	62	0
96	25	0
51	65	0
65	32	0
85	90	0
89	64	0
23	81	0
93	36	0
82	37	0
88	41	0
96	82	0
73	50	0
4	81	0
14	99	0
37	29	0
30	67	0
62	9	0
2	93	0
79	47	0
4	13	0
20	53	0
57	64	0
69	77	0
79	52	0
69	44	0
79	67	1
76	48	0
15	39	0
89	82	0
61	92	0
83	17	0
14	90	0
93	58	0
57	25	1
24	17	0
30	33	0
72	45	0
96	37	0
12	2	0
39	2	0
52	56	0
95	85	0
27	3	0
58	2	0
91	84	0
59	85	0
27	50	0
89	49	0
85	62	0
5	89	0
1	95	0
46	34	0
94	35	0
19	32	0
85	36	0
79	11	0
37	32	0
14	98	1
56	81	1
19	35	0
80	40	0
67	91	0
75	42	0
14	11	0
94	53	0
84	44	0
79	20	1
59	97	1
75	39	0
52	92	0
59	53	0
70	46	0
56	94	1
88	47	0
97	94	0
89	87	0
68	74	0
73	26	0
96	43	0
93	98	0
95	94	0
85	23	1
85	69	0
9	99	1
82	96	0
55	78	0
0	15	0
32	92	0
85	37	0
21	94	1
75	30	0
81	41	0
74	47	0
95	58	0
88	35	0
84	24	1
14	77	0
11	12	0
55	85	0
26	71	0
36	5	0
5	85	0
99	43	0
98	85	0
81	49	0
92	87	0
68	58	1
96	46	0
