93	59	0
55	17	0
44	22	0
46	90	0
1	41	0
88	30	0
97	78	0
12	7	0
45	12	0
65	88	0
43	36	0
76	43	0
1	91	0
28	7	0
18	54	0
96	3	0
85	81	0
67	29	0
30	63	0
95	60	0
97	0	0
39	74	0
72	80	0
79	85	0
76	0	0
21	92	0
58	19	0
76	72	0
69	89	0
95	59	0
3	42	0
30	29	0
44	19	0
80	19	0
48	49	0
88	75	0
8	93	0
67	67	0
90	17	0
86	95	0
43	17	0
28	60	0
67	54	0
99	59	0
58	85	0
94	51	0
20	99	0
31	43	0
59	15	0
92	46	0
24	65	0
58	7	0
32	82	0
64	94	0
33	67	0
92	72	0
53	18	0
39	60	0
85	75	0
99	90	0
79	9	0
24	95	0
92	4	0
50	12	0
95	64	0
42	27	0
13	86	0
92	8	0
34	83	0
87	72	0
58	51	0
21	32	0
92	80	0
24	40	0
26	48	0
89	38	0
23	14	0
14	38	0
39	80	0
63	96	0
71	22	0
45	98	0
70	93	0
7	7	0
16	30	0
92	12	0
91	15	0
50	50	0
83	38	0
21	33	0
75	50	0
46	50	0
27	8	0
33	4	0
74	50	0
24	81	0
54	1	0
44	82	0
37	1	0
35	27	0
87	40	0
51	63	0
57	46	0
20	78	0
71	78	0
0	83	0
48	93	0
83	47	0
70	18	0
50	79	0
3	53	0
63	8	0
50	73	0
6	82	0
48	0	0
25	54	0
20	31	0
94	79	0
11	32	1
41	28	0
6	0	0
36	95	0
89	2	0
59	62	0
12	38	0
76	79	0
96	20	0
66	64	0
54	85	0
28	17	0
60	97	0
15	15	0
74	81	0
66	51	0
25	92	0
80	33	0
39	32	0
22	21	0
73	8	0
10	7	0
1	75	0
14	11	0
92	81	0
94	10	0
86	41	0
51	59	0
67	9	0
84	89	0
4	4	0
36	17	0
14	8	0
79	74	0
37	40	0
89	74	0
84	80	0
55	29	0
58	36	0
73	57	0
3	47	0
27	77	0
16	57	0
90	76	0
44	59	0
35	94	0
87	46	0
71	72	0
60	84	0
22	40	0
98	78	0
6	45	0
30	33	0
16	22	0
24	75	0
27	70	0
98	22	0
50	31	0
77	7	0
41	83	0
70	24	0
56	33	0
75	73	0
24	50	0
64	60	0
34	99	0
34	67	0
27	3	0
70	24	0
21	94	0
4	87	0
65	83	0
81	48	0
18	86	0
20	45	0
82	70	0
21	50	0
32	74	0
35	89	0
57	40	0
30	1	0
18	44	0
75	87	0
90	88	0
60	95	0
69	13	0
7	55	0
63	7	0
57	23	0
60	27	0
78	19	0
29	61	0
3	76	0
51	67	0
64	40	0
30	69	0
86	23	0
59	86	0
36	74	0
21	12	0
87	81	0
31	77	0
44	2	0
3	84	0
83	23	0
95	72	0
77	86	0
83	25	0
2	79	0
25	83	0
94	45	0
60	70	0
35	45	0
45	76	0
73	69	0
47	59	0
15	79	0
37	63	0
66	5	0
8	60	0
67	96	0
69	41	0
27	81	0
90	65	0
40	10	0
40	60	0
6	71	0
38	90	0
58	28	0
76	17	0
18	37	0
92	60	0
63	37	0
78	47	0
14	91	0
55	13	0
19	79	0
64	68	0
62	57	0
70	59	0
59	3	0
24	11	0
12	54	0
75	52	0
53	11	0
68	56	0
42	86	0
62	51	0
90	29	0
95	9	0
16	62	0
85	66	0
20	88	0
13	18	0
96	53	0
38	96	0
49	36	0
48	2	0
13	97	0
71	41	0
42	55	0
33	76	0
42	6	0
17	84	0
80	81	0
82	76	0
60	33	0
88	72	0
14	87	0
41	42	0
65	2	0
68	19	0
29	28	0
53	7	0
59	15	0
55	36	0
68	37	0
25	50	0
24	50	0
57	46	0
73	73	0
87	83	0
46	98	0
76	13	0
97	60	0
71	9	0
12	53	0
20	11	0
92	39	0
55	29	0
76	74	0
14	47	0
49	66	0
63	24	0
30	97	0
28	91	0
39	76	0
97	48	0
42	24	0
48	0	0
29	43	0
91	53	0
70	7	0
65	94	0
28	4	0
69	91	0
6	80	0
46	78	0
28	24	0
5	49	0
11	16	1
83	11	0
20	31	0
79	19	0
39	5	0
7	5	0
82	14	0
27	67	0
25	43	0
92	27	0
90	49	0
9	35	0
23	39	0
3	52	0
32	90	0
12	76	0
2	7	0
37	92	0
52	67	0
43	18	0
10	16	0
55	31	0
43	86	0
40	72	0
88	99	0
33	28	0
19	56	0
34	47	0
55	67	0
76	96	0
44	16	0
71	3	0
27	10	0
44	9	0
55	3	0
18	55	0
75	58	0
64	1	0
27	48	0
61	3	0
54	59	0
47	54	0
35	59	0
79	82	0
68	49	0
19	69	0
54	40	0
22	17	0
99	9	0
42	4	0
63	24	0
53	27	0
17	42	0
10	71	0
62	71	0
11	83	0
37	99	0
29	86	0
39	21	0
40	38	0
86	64	0
57	34	0
11	68	0
75	82	0
2	19	1
66	85	0
27	30	0
65	20	0
70	91	0
69	4	0
95	63	0
74	42	0
40	25	0
33	41	0
35	40	0
88	74	0
14	21	0
70	22	0
84	5	0
11	54	0
35	87	0
77	77	0
77	1	0
3	64	0
94	46	0
58	98	0
10	15	0
69	4	0
59	60	0
38	59	0
58	46	0
21	37	0
49	40	0
75	78	0
64	51	0
38	27	0
71	72	0
20	47	0
21	79	0
77	87	0
44	15	0
2	80	0
75	17	0
84	21	0
69	45	0
17	63	0
70	18	0
19	27	0
60	47	0
15	97	0
66	49	0
54	7	0
86	52	0
41	26	0
28	74	0
43	1	0
79	34	0
5	3	0
61	93	0
9	91	0
27	36	0
53	71	0
58	30	0
11	97	0
13	47	0
19	38	0
53	15	0
94	37	0
73	23	0
88	98	0
33	62	0
18	25	0
40	18	0
43	27	0
91	14	0
56	60	0
80	78	0
32	37	0
64	97	0
73	58	0
40	77	0
78	1	0
70	42	0
79	14	0
65	20	0
42	24	0
30	34	0
94	7	0
64	23	0
5	76	0
97	5	0
94	85	0
7	94	0
7	31	1
89	65	0
43	49	0
37	4	0
92	86	0
80	59	0
24	98	0
67	28	0
74	39	0
92	62	0
10	20	1
85	72	0
33	79	0
77	78	0
27	98	0
96	70	0
32	46	0
23	86	0
95	85	0
35	32	0
28	35	0
71	72	0
67	97	0
47	73	0
13	15	1
46	80	0
60	60	0
38	58	0
34	71	0
87	22	0
13	94	0
84	49	0
24	75	0
36	63	0
44	80	0
89	34	0
29	32	0
22	52	0
3	16	0
65	39	0
99	70	0
59	22	0
80	92	0
71	93	0
30	41	0
49	17	0
27	46	0
20	78	0
31	29	0
53	68	0
68	94	0
34	29	0
73	87	0
55	35	0
41	12	0
70	37	0
23	74	0
48	9	0
7	59	0
96	84	0
57	97	0
43	56	0
76	12	0
47	69	0
1	18	1
5	25	1
45	56	0
94	58	0
91	1	0
4	69	0
74	7	0
84	83	0
70	27	0
33	1	0
27	67	0
78	77	0
33	85	0
56	78	0
86	16	0
16	77	0
58	18	0
58	74	0
61	94	0
31	93	0
96	12	0
92	17	0
68	12	0
42	92	0
13	89	0
0	88	0
77	57	0
76	64	0
84	63	0
8	43	0
85	48	0
62	53	0
7	19	0
81	71	0
69	64	0
14	43	0
13	66	0
40	28	0
40	38	0
11	57	0
58	54	0
47	48	0
97	41	0
74	33	0
79	0	0
75	38	0
46	91	0
17	16	0
23	46	0
71	45	0
99	88	0
72	72	0
99	73	0
20	48	0
55	74	0
54	44	0
29	62	0
81	40	0
6	28	1
21	63	0
38	21	0
78	64	0
69	99	0
49	55	0
25	58	0
35	5	0
85	66	0
21	80	0
51	32	0
84	79	0
94	79	0
16	92	0
45	55	0
15	80	0
78	80	0
41	56	0
53	61	0
40	82	0
73	67	0
32	31	0
18	66	0
94	76	0
75	60	0
97	62	0
32	83	0
58	82	0
66	28	0
27	25	0
88	26	0
40	30	0
96	0	0
19	83	0
22	23	0
3	14	0
36	97	0
90	67	0
22	40	0
95	57	0
11	97	0
16	65	0
34	0	0
93	93	0
23	24	0
3	85	0
73	98	0
37	59	0
78	66	0
21	78	0
88	27	0
24	28	0
35	80	0
29	75	0
39	21	0
21	39	0
16	33	0
98	70	0
87	15	0
51	12	0
74	7	0
90	48	0
29	10	0
46	29	0
94	36	0
8	56	0
48	87	0
11	54	0
17	79	0
71	55	0
47	93	0
64	52	0
72	81	0
33	24	0
90	70	0
35	65	0
91	44	0
13	76	0
70	43	0
28	66	0
72	29	0
5	29	1
64	39	0
87	78	0
86	86	0
86	94	0
27	81	0
21	45	0
47	49	0
47	64	0
38	30	0
25	11	0
38	61	0
8	49	0
64	0	0
75	84	0
89	54	0
97	4	0
11	52	0
8	1	0
79	97	0
6	83	0
51	22	0
56	32	0
75	15	0
19	2	0
51	13	0
18	39	0
3	33	1
53	14	0
54	5	0
2	25	1
29	83	0
55	21	0
33	98	0
80	0	0
31	43	0
51	64	0
66	19	0
92	60	0
62	68	0
43	63	0
53	97	0
83	92	0
14	13	0
96	54	0
15	64	0
85	69	0
55	83	0
15	34	0
15	61	0
98	43	0
26	79	0
93	96	0
68	83	0
42	10	0
43	62	0
73	56	0
41	89	0
82	49	0
95	74	0
78	24	0
12	62	0
8	66	0
83	94	0
69	36	0
58	64	0
58	6	0
20	21	0
70	70	0
34	35	0
15	62	0
32	50	0
49	48	0
35	14	0
61	28	0
6	89	0
25	43	0
13	59	0
6	58	0
82	58	0
26	20	0
64	18	0
94	23	0
82	1	0
57	65	0
0	71	0
58	28	0
36	32	0
14	14	0
16	18	0
76	70	0
69	21	0
39	43	0
48	77	0
54	82	0
14	95	0
22	65	0
49	84	0
28	39	0
77	95	0
52	38	0
32	79	0
14	6	0
56	18	0
9	45	0
59	50	0
70	12	0
28	75	0
85	63	0
59	51	0
51	44	0
43	23	0
0	67	0
77	67	0
75	54	0
43	32	0
75	62	0
75	71	0
75	43	0
62	11	0
91	76	0
83	24	0
4	72	0
70	68	0
6	29	1
11	28	1
25	0	0
46	26	0
6	2	0
11	51	0
17	81	0
30	92	0
29	44	0
99	32	0
12	48	0
60	96	0
18	86	0
99	63	0
46	62	0
5	22	1
83	42	0
26	3	0
61	22	0
54	6	0
15	0	0
27	83	0
48	59	0
87	76	0
65	45	0
15	8	0
27	27	0
57	8	0
10	25	1
2	74	0
72	5	0
41	69	0
56	32	0
68	99	0
14	39	0
11	92	0
90	52	0
24	17	0
90	78	0
64	57	0
66	38	0
46	32	0
96	26	0
87	60	0
12	58	0
3	94	0
31	52	0
2	89	0
7	91	0
93	23	0
28	50	0
1	98	0
54	8	0
65	6	0
45	50	0
25	17	0
65	45	0
40	25	0
20	81	0
24	32	0
57	6	0
6	40	0
93	50	0
90	3	0
57	54	0
37	0	0
42	26	0
12	93	0
59	75	0
30	66	0
16	4	0
39	23	0
10	88	0
1	77	0
70	51	0
90	42	0
55	37	0
15	79	0
24	31	0
91	83	0
67	26	0
46	75	0
63	94	0
19	13	0
8	88	0
69	15	0
54	74	0
33	38	0
94	67	0
31	74	0
94	26	0
85	16	0
99	17	0
82	87	0
42	58	0
18	85	0
83	15	0
36	5	0
64	79	0
65	76	0
21	42	0
65	48	0
61	77	0
79	21	0
92	49	0
10	68	0
61	40	0
27	34	0
91	27	0
64	40	0
69	16	0
92	94	0
81	70	0
52	71	0
79	38	0
55	69	0
5	97	0
37	3	0
4	94	0
18	81	0
64	65	0
74	93	0
82	13	0
96	97	0
78	0	0
7	8	0
94	73	0
65	9	0
98	34	0
75	62	0
48	43	0
17	65	0
65	93	0
60	72	0
0	46	0
7	44	0
37	98	0
0	84	0
58	5	0
40	46	0
13	70	0
39	31	0
13	26	1
1	45	0
97	57	0
53	35	0
1	46	0
23	91	0
78	63	0
3	8	0
89	90	0
21	82	0
63	49	0
42	55	0
90	44	0
59	38	0
3	6	0
12	10	0
3	54	0
23	56	0
96	76	0
62	48	0
96	68	0
12	54	0
77	58	0
16	79	0
3	1	0
73	78	0
1	16	1
27	72	0
38	10	0
30	22	0
5	75	0
31	91	0
4	5	0
75	37	0
58	61	0
82	63	0
86	82	0
43	88	0
30	27	0
2	64	0
8	11	0
37	68	0
48	49	0
54	50	0
81	14	0
