80	64	0
32	31	0
65	99	0
13	14	0
93	40	0
89	94	0
71	42	0
6	81	0
3	8	0
15	93	0
82	40	0
68	80	0
29	29	0
64	71	0
91	48	0
49	95	1
61	69	0
40	33	0
89	82	0
96	83	0
71	80	0
5	24	0
70	70	0
75	29	0
62	81	0
51	67	0
61	82	0
96	50	0
96	36	0
91	70	0
40	1	0
82	34	0
33	13	0
94	70	0
94	69	0
89	22	1
94	10	0
18	32	0
61	73	0
1	88	0
62	95	0
21	33	0
76	74	0
92	40	0
56	91	0
4	18	0
87	13	0
69	35	0
75	11	1
48	46	0
82	41	0
18	97	1
86	71	0
56	96	1
21	58	0
94	58	0
41	36	0
33	8	0
62	56	0
12	88	0
99	23	0
41	68	0
86	61	0
98	7	0
73	93	0
72	80	0
7	22	0
75	82	0
79	67	0
81	41	0
60	39	0
86	45	0
81	36	0
90	39	0
15	60	0
6	10	0
84	65	0
57	98	1
33	83	0
63	94	0
75	45	0
59	67	0
79	75	0
81	78	0
24	16	0
10	9	0
84	58	0
89	0	0
18	46	0
74	78	0
61	79	0
61	80	0
52	6	0
57	97	1
76	87	0
77	48	0
10	90	0
97	86	0
2	97	0
18	58	0
94	88	0
95	75	0
50	79	0
68	49	0
81	37	0
55	62	0
16	57	0
48	21	0
86	86	0
74	3	0
81	42	0
81	94	0
59	76	0
76	74	0
14	22	0
67	99	0
57	96	1
31	79	0
28	37	0
60	43	0
63	80	0
64	36	0
7	98	0
95	34	0
65	23	1
52	30	0
84	21	1
69	64	0
76	98	0
87	68	0
87	12	1
96	26	0
94	81	0
69	76	0
46	81	0
13	74	1
8	45	0
74	75	0
75	73	0
86	56	0
88	54	0
87	67	0
53	16	0
37	27	0
74	58	0
27	77	0
56	86	1
86	73	0
99	45	0
99	33	0
69	66	0
67	97	0
63	14	0
1	94	0
12	96	1
99	58	0
89	75	0
12	17	0
85	9	1
86	12	0
90	25	0
83	19	1
83	33	0
14	17	0
29	77	0
55	95	1
85	36	0
75	97	0
89	75	0
64	35	0
63	83	0
6	5	0
36	12	0
44	25	0
70	40	0
3	55	0
31	13	0
97	83	0
95	54	0
98	9	1
58	1	0
36	7	0
95	84	0
27	75	0
9	96	0
33	35	0
70	53	0
71	71	0
52	72	0
84	78	0
75	34	0
78	80	0
85	32	0
87	69	0
54	35	0
98	71	0
66	9	0
99	10	1
31	56	0
78	89	0
95	45	0
87	45	0
75	91	0
92	41	0
44	50	0
54	96	1
69	84	0
26	75	0
83	87	0
3	92	0
92	16	1
19	98	1
89	29	0
92	62	0
29	1	0
49	92	1
46	50	0
13	15	0
84	46	0
88	8	1
67	89	0
15	25	0
73	30	0
76	80	0
19	34	0
80	43	0
77	2	0
95	65	0
69	21	0
98	96	0
15	36	0
53	99	1
66	55	0
90	40	0
67	47	0
3	52	0
95	69	0
95	62	0
6	80	0
79	88	0
40	15	0
68	53	0
56	96	1
66	94	0
96	42	0
61	11	0
75	43	0
74	31	0
90	58	0
75	32	0
91	73	0
52	91	1
92	95	0
81	98	0
15	6	0
1	85	0
74	85	0
68	92	0
54	16	0
83	58	0
99	0	0
99	80	0
62	80	0
94	23	1
59	76	0
96	2	0
89	31	0
10	45	0
5	98	0
86	90	0
88	90	0
82	87	0
80	60	0
73	78	0
6	89	0
27	25	0
0	14	0
41	42	0
85	40	0
61	61	0
60	5	0
75	81	0
79	73	0
80	47	0
71	60	0
28	20	0
98	44	0
72	97	0
56	32	0
67	78	0
90	69	0
16	53	0
55	75	0
59	79	0
4	47	0
74	76	0
98	46	0
90	69	0
49	89	1
84	26	0
86	6	1
95	69	0
65	70	0
5	94	0
79	92	0
19	24	0
10	91	0
67	74	0
66	64	0
90	90	0
8	81	0
84	55	0
15	1	0
13	84	0
0	18	0
93	58	0
78	30	1
15	21	0
9	35	0
80	36	0
70	79	0
90	77	0
80	39	0
78	75	0
71	86	0
2	73	0
90	67	0
62	28	0
94	39	0
82	88	0
75	72	0
38	87	0
90	66	0
96	11	1
42	74	0
0	98	0
73	39	0
27	32	0
62	85	0
35	69	0
68	96	0
90	54	0
84	31	0
73	68	0
98	80	0
98	45	0
98	99	0
88	68	0
68	30	0
36	87	1
84	77	0
83	66	0
98	30	0
49	64	0
65	30	0
85	89	0
87	63	0
25	84	0
92	36	0
83	40	0
89	39	0
96	81	0
72	51	0
8	81	0
14	96	0
36	29	0
28	68	0
61	10	0
0	93	0
77	48	0
6	14	0
18	57	0
62	64	0
72	77	0
79	48	0
70	45	0
77	66	1
72	48	0
16	39	0
89	77	0
62	91	0
80	16	0
17	92	0
97	55	0
57	25	1
28	17	0
30	36	0
71	48	0
95	37	0
12	6	0
40	1	0
53	56	0
96	89	0
26	3	0
57	8	0
94	85	0
72	66	1
61	84	0
26	54	0
93	49	0
85	61	0
3	88	0
0	97	0
47	32	0
96	31	0
17	28	0
84	35	0
81	15	0
37	34	0
15	99	1
59	85	1
16	38	0
79	41	0
69	90	0
72	42	0
11	9	0
94	55	0
85	41	0
83	20	1
61	29	1
59	98	0
77	37	0
49	96	0
58	53	0
72	43	0
56	94	0
89	47	0
95	98	0
86	89	0
69	73	0
72	23	0
98	43	0
96	99	0
97	96	0
86	25	1
85	69	0
12	97	1
84	95	0
57	77	0
1	16	0
30	90	0
83	34	0
20	95	1
74	37	0
81	45	0
76	48	0
96	56	0
88	34	0
82	24	1
10	77	0
10	12	0
55	83	0
25	70	0
37	1	0
2	86	0
99	43	0
92	88	0
82	50	0
92	89	0
71	60	1
95	45	0
