94	65	0
53	18	0
40	21	0
45	90	0
0	46	0
90	30	0
94	77	0
9	5	0
44	14	0
67	93	0
43	36	0
79	41	0
5	88	0
25	2	0
16	62	0
98	4	0
88	79	0
68	29	0
31	65	0
99	64	0
95	0	0
42	71	0
73	79	0
81	83	0
72	0	0
27	92	0
57	12	0
80	77	0
70	91	0
94	53	0
1	40	0
26	32	0
45	24	0
81	20	0
41	51	0
89	72	0
5	92	0
67	70	0
88	13	0
84	97	0
42	13	0
26	57	0
67	56	0
98	54	0
60	85	0
99	52	0
17	99	0
37	42	0
60	15	0
90	41	0
20	65	0
59	9	0
34	85	0
55	91	0
26	65	0
96	67	0
56	21	0
40	60	0
86	74	0
98	95	0
82	12	0
21	95	0
88	1	0
52	12	0
91	65	0
40	34	0
12	86	0
87	6	0
33	79	0
87	78	0
56	52	0
21	30	0
93	76	0
23	43	0
29	50	0
92	34	0
21	16	0
18	39	0
40	82	0
62	95	0
70	23	0
41	97	0
66	99	0
4	8	0
18	28	0
94	15	0
95	15	0
44	55	0
82	40	0
19	29	0
74	51	0
46	51	0
30	8	0
31	5	0
70	47	0
23	79	0
55	2	0
49	81	0
41	2	0
36	29	0
86	42	0
50	60	0
62	47	0
23	76	0
66	77	0
8	77	0
50	86	0
84	48	0
66	14	0
53	81	0
0	55	0
61	6	0
53	71	0
8	72	0
46	0	0
25	53	0
21	33	0
91	79	0
8	30	1
47	30	0
2	2	0
36	97	0
89	4	0
64	65	0
19	39	0
77	79	0
95	19	0
65	66	0
55	87	0
37	19	0
60	99	0
22	16	0
68	83	0
67	51	0
30	94	0
75	28	0
42	37	0
20	26	0
75	5	0
10	7	0
3	78	0
15	15	1
99	76	0
90	8	0
84	42	0
48	60	0
64	9	0
78	95	0
6	5	0
37	15	0
14	11	1
83	79	0
36	38	0
87	71	0
83	85	0
57	26	0
53	35	0
72	52	0
5	50	0
26	79	0
15	59	0
83	78	0
52	60	0
36	94	0
88	50	0
72	72	0
60	84	0
20	40	0
91	79	0
4	46	0
33	36	0
25	23	0
23	73	0
33	74	0
98	24	0
48	35	0
78	11	0
42	81	0
71	20	0
58	29	0
80	72	0
17	47	0
65	61	0
32	99	0
31	60	0
34	5	0
69	22	0
24	98	0
7	88	0
69	82	0
81	51	0
23	89	0
25	38	0
81	73	0
23	49	0
32	75	0
35	95	0
54	37	0
34	2	0
17	43	0
79	93	0
91	88	0
59	92	0
70	16	0
8	60	0
64	5	0
59	21	0
63	27	0
84	22	0
28	58	0
4	74	0
53	64	0
65	37	0
33	70	0
86	23	0
61	86	0
29	73	0
21	16	0
84	76	0
35	76	0
42	3	0
2	87	0
82	19	0
99	73	0
76	89	0
85	21	0
4	81	0
22	83	0
99	52	0
60	71	0
34	46	0
43	77	0
63	70	0
53	55	0
9	83	0
34	63	0
65	10	0
9	55	0
63	98	0
68	41	0
31	85	0
94	66	0
43	11	0
38	61	0
5	75	0
39	87	0
59	31	0
72	18	0
15	41	0
91	62	0
66	44	0
82	47	0
14	91	0
58	11	0
22	80	0
60	72	0
62	55	0
68	60	0
54	0	0
27	12	0
6	57	0
74	48	0
50	9	0
65	57	0
45	83	0
59	52	0
89	29	0
97	13	0
9	65	0
82	68	0
20	91	0
16	19	1
92	55	0
40	94	0
53	36	0
46	1	0
11	96	0
76	32	0
40	58	0
36	76	0
49	1	0
20	85	0
81	79	0
85	83	0
56	31	0
89	72	0
14	86	0
38	45	0
67	6	0
64	21	0
27	26	0
51	2	0
60	9	0
53	42	0
66	36	0
26	49	0
22	46	0
55	51	0
67	73	0
84	80	0
50	94	0
77	12	0
97	59	0
73	8	0
14	53	0
22	12	0
92	38	0
52	30	0
71	77	0
9	44	0
53	62	0
59	26	0
29	94	0
31	90	0
38	74	0
92	49	0
47	25	0
49	1	0
28	44	0
89	56	0
71	12	0
67	95	0
20	4	0
70	96	0
11	77	0
44	80	0
31	26	0
0	53	0
15	14	1
87	13	0
22	35	0
75	15	0
42	7	0
9	3	0
86	14	0
28	60	0
20	42	0
88	30	0
94	52	0
12	32	0
23	36	0
6	55	0
38	90	0
15	71	0
0	9	0
41	95	0
53	65	0
41	21	0
9	18	1
54	28	0
48	84	0
36	68	0
94	96	0
32	28	0
16	52	0
36	44	0
57	65	0
75	97	0
44	12	0
73	0	0
29	11	0
43	7	0
55	3	0
22	53	0
80	58	0
62	0	0
24	47	0
59	6	0
52	58	0
51	54	0
36	59	0
77	79	0
67	55	0
17	73	0
53	34	0
24	15	0
98	8	0
46	1	0
63	22	0
57	32	0
17	41	0
10	74	0
62	73	0
11	79	0
37	97	0
22	84	0
42	26	0
38	39	0
86	65	0
56	38	0
5	70	0
73	79	0
60	85	0
27	32	0
71	18	0
71	90	0
68	4	0
98	61	0
75	42	0
38	19	0
36	46	0
38	43	0
91	75	0
17	23	0
73	20	0
85	6	0
16	53	0
33	89	0
74	74	0
79	3	0
0	67	0
93	41	0
56	93	0
12	16	0
70	4	0
58	56	0
34	55	0
62	48	0
27	36	0
50	37	0
76	80	0
67	51	0
39	32	0
69	71	0
22	50	0
26	84	0
80	89	0
43	16	0
3	77	0
73	24	0
82	22	0
70	45	0
15	63	0
65	23	0
20	30	0
55	41	0
11	96	0
65	48	0
57	16	0
89	49	0
44	23	0
26	75	0
45	0	0
80	35	0
6	5	0
63	89	0
3	95	0
31	35	0
51	77	0
54	24	0
12	99	0
11	45	0
16	37	0
54	16	0
99	34	0
77	23	0
91	96	0
32	61	0
16	21	0
42	15	0
38	27	0
88	13	0
52	63	0
79	79	0
32	35	0
65	96	0
75	62	0
40	72	0
78	0	0
72	42	0
82	12	0
65	21	0
40	22	0
34	33	0
99	0	0
60	23	0
5	71	0
97	12	0
96	87	0
8	91	0
89	68	0
44	44	0
33	1	0
90	82	0
83	60	0
23	97	0
64	23	0
72	40	0
90	62	0
11	20	1
82	71	0
33	78	0
79	78	0
30	91	0
94	74	0
35	48	0
27	87	0
96	88	0
28	33	0
28	41	0
72	73	0
65	97	0
51	72	0
14	12	1
51	83	0
66	62	0
39	56	0
34	69	0
88	21	0
15	89	0
85	49	0
22	78	0
36	57	0
45	83	0
86	29	0
29	33	0
20	51	0
7	21	1
61	40	0
98	69	0
61	23	0
78	91	0
69	94	0
34	38	0
56	18	0
27	46	0
18	75	0
38	31	0
56	67	0
68	93	0
29	26	0
75	86	0
51	33	0
36	10	0
66	37	0
24	75	0
46	11	0
8	57	0
97	83	0
58	97	0
48	48	0
79	12	0
43	67	0
47	52	0
94	57	0
91	1	0
1	68	0
76	2	0
81	80	0
68	29	0
32	0	0
32	72	0
78	76	0
34	84	0
56	79	0
82	16	0
11	74	0
58	13	0
56	70	0
65	97	0
28	91	0
95	8	0
91	18	0
68	5	0
39	89	0
11	90	0
1	89	0
71	58	0
77	61	0
75	63	0
13	43	0
86	48	0
69	57	0
11	17	1
82	73	0
68	59	0
18	46	0
17	69	0
41	27	0
42	37	0
4	54	0
58	55	0
46	44	0
95	41	0
78	34	0
82	1	0
76	29	0
47	87	0
21	15	0
20	54	0
68	41	0
98	85	0
72	76	0
99	75	0
21	45	0
57	67	0
62	51	0
27	60	0
87	37	0
13	28	1
26	62	0
42	27	0
84	59	0
73	96	0
52	55	0
25	60	0
35	5	0
83	68	0
25	76	0
50	24	0
86	85	0
88	79	0
16	87	0
47	60	0
14	76	0
78	74	0
42	55	0
53	63	0
35	82	0
66	67	0
29	30	0
19	66	0
93	76	0
77	57	0
95	61	0
34	83	0
56	76	0
65	31	0
20	26	0
89	25	0
37	33	0
98	2	0
20	85	0
25	26	0
1	20	1
33	92	0
85	65	0
19	40	0
95	59	0
16	97	0
18	69	0
30	3	0
98	86	0
23	27	0
2	87	0
72	94	0
37	63	0
81	70	0
22	80	0
93	23	0
24	23	0
35	85	0
23	74	0
33	16	0
22	39	0
13	34	0
99	69	0
88	10	0
52	11	0
70	8	0
88	44	0
28	7	0
45	32	0
99	36	0
9	59	0
44	90	0
7	49	0
19	81	0
75	57	0
49	95	0
69	51	0
76	83	0
39	28	0
90	71	0
32	66	0
88	47	0
11	77	0
65	40	0
31	71	0
72	34	0
56	40	0
90	85	0
88	89	0
85	93	0
24	88	0
19	38	0
50	56	0
48	62	0
42	29	0
22	10	0
40	66	0
10	45	0
67	1	0
72	85	0
90	54	0
98	12	0
12	51	0
4	2	0
80	98	0
5	86	0
52	16	0
53	40	0
73	13	0
21	3	0
47	12	0
19	36	0
0	29	1
49	17	0
56	4	0
38	83	0
53	22	0
33	94	0
73	0	0
29	45	0
46	63	0
67	13	0
92	61	0
65	75	0
43	63	0
51	99	0
79	86	0
8	11	0
91	55	0
13	65	0
83	68	0
53	88	0
17	36	0
15	63	0
97	48	0
29	85	0
92	93	0
63	88	0
48	11	0
46	57	0
76	55	0
44	92	0
80	51	0
99	73	0
79	24	0
15	63	0
5	66	0
73	92	0
69	38	0
57	66	0
58	7	0
25	18	0
67	71	0
29	39	0
14	64	0
34	47	0
51	43	0
30	11	0
59	28	0
6	89	0
22	39	0
12	59	0
3	63	0
77	58	0
28	22	0
63	14	0
93	21	0
81	1	0
57	68	0
1	64	0
60	28	0
38	35	0
12	12	1
18	17	1
71	72	0
74	16	0
41	41	0
48	72	0
55	84	0
16	97	0
24	62	0
48	92	0
26	39	0
78	88	0
50	40	0
31	81	0
13	12	1
54	23	0
9	48	0
57	52	0
69	17	0
29	72	0
85	60	0
53	49	0
50	46	0
44	22	0
0	70	0
73	63	0
70	50	0
42	35	0
73	58	0
77	73	0
74	43	0
61	13	0
89	75	0
88	23	0
4	77	0
71	72	0
27	5	0
50	32	0
10	0	0
9	52	0
11	84	0
32	90	0
30	52	0
95	32	0
10	49	0
52	98	0
17	86	0
97	67	0
52	67	0
87	38	0
22	0	0
59	23	0
52	8	0
13	4	0
24	88	0
53	62	0
83	75	0
67	47	0
17	7	0
24	33	0
58	11	0
1	77	0
70	0	0
40	73	0
58	29	0
72	96	0
10	38	0
8	91	0
94	53	0
27	20	0
85	71	0
63	56	0
73	36	0
47	31	0
95	30	0
85	67	0
16	63	0
7	93	0
24	50	0
0	88	0
5	93	0
95	24	0
31	49	0
2	97	0
52	14	0
69	0	0
41	50	0
22	21	0
69	44	0
36	20	0
20	83	0
22	36	0
59	12	0
3	41	0
89	48	0
90	5	0
58	50	0
33	6	0
42	22	0
12	93	0
58	79	0
33	64	0
14	7	0
36	21	0
4	82	0
2	77	0
63	53	0
87	43	0
48	35	0
21	77	0
25	34	0
90	85	0
68	26	0
44	81	0
66	94	0
25	17	0
4	89	0
66	16	0
57	75	0
34	39	0
95	71	0
31	74	0
99	26	0
85	15	0
98	18	0
82	86	0
45	57	0
16	81	0
83	14	0
37	2	0
70	81	0
66	73	0
16	42	0
69	44	0
64	81	0
84	16	0
93	46	0
12	66	0
56	47	0
26	28	0
91	24	0
57	45	0
68	13	0
91	91	0
81	69	0
51	67	0
79	34	0
59	72	0
6	92	0
36	2	0
10	97	0
16	76	0
63	64	0
72	94	0
85	10	0
95	89	0
77	3	0
9	6	0
92	73	0
69	14	0
97	36	0
73	58	0
53	44	0
20	64	0
62	94	0
56	74	0
6	41	0
9	45	0
39	94	0
1	73	0
52	8	0
40	48	0
12	66	0
42	38	0
12	22	1
5	40	0
98	49	0
58	26	0
0	45	0
24	89	0
77	65	0
0	2	0
89	81	0
19	80	0
61	46	0
43	54	0
88	45	0
61	40	0
2	9	0
8	9	1
5	51	0
23	58	0
89	75	0
62	47	0
97	70	0
8	57	0
71	58	0
19	75	0
0	10	0
75	79	0
0	15	1
27	71	0
44	6	0
28	23	0
8	74	0
35	90	0
1	1	0
76	38	0
63	63	0
81	62	0
82	82	0
44	87	0
30	25	0
3	67	0
10	9	0
37	70	0
41	48	0
56	50	0
80	15	0
