88	68	0
41	19	0
38	24	0
47	96	0
11	7	0
94	34	0
96	86	0
39	12	0
63	80	0
45	20	0
98	44	0
2	78	0
17	9	0
17	61	0
99	20	0
80	78	0
61	31	0
21	52	0
96	70	0
93	9	0
43	96	0
63	69	0
81	87	0
54	3	0
40	82	0
57	8	0
84	80	0
61	89	0
87	72	0
6	24	0
51	28	0
40	16	0
86	32	0
39	56	0
88	61	0
10	91	0
45	98	0
93	23	0
79	88	0
45	0	0
22	59	0
93	57	0
89	69	0
52	69	0
93	53	0
7	81	0
25	39	0
69	0	0
92	63	0
17	71	0
61	1	0
7	76	0
52	90	0
36	76	0
96	65	0
48	36	0
29	30	0
91	76	0
95	91	0
95	15	0
8	93	0
96	19	0
41	3	0
73	75	0
47	14	0
9	91	0
84	8	0
43	79	0
74	98	0
50	69	0
8	31	0
69	88	0
26	41	0
18	64	0
92	36	0
15	38	0
30	85	0
50	98	0
62	21	0
32	94	0
59	96	0
4	25	0
99	13	0
93	26	0
40	56	0
80	38	0
20	30	0
78	50	0
23	33	1
41	10	0
39	6	0
69	38	0
12	96	0
63	11	0
55	90	0
40	10	0
46	30	0
88	43	0
36	69	0
75	45	0
9	62	0
77	84	0
1	71	0
25	95	0
93	53	0
61	7	0
47	70	0
27	57	0
61	0	0
66	53	0
1	61	0
37	0	0
24	47	0
43	33	0
75	92	0
57	41	0
22	99	0
87	3	0
53	71	0
81	86	0
96	3	0
67	72	0
47	77	0
32	9	0
57	96	0
92	79	0
78	61	0
29	97	0
66	32	0
31	19	0
16	40	0
76	10	0
12	65	0
92	64	0
98	31	0
89	37	0
35	55	0
60	17	0
83	72	0
15	17	0
30	6	0
80	63	0
36	35	0
69	81	0
74	92	0
50	22	0
44	29	0
57	44	0
14	44	0
29	57	0
16	59	0
79	80	0
43	52	0
43	96	0
80	49	0
80	72	0
54	85	0
25	36	1
93	68	0
11	25	0
48	41	0
19	12	0
29	85	0
37	76	0
90	31	0
38	35	0
69	19	0
37	81	0
59	25	0
49	43	0
82	78	0
28	63	0
58	76	0
34	86	0
41	48	0
38	13	0
55	10	0
26	72	0
28	85	0
76	81	0
90	64	0
29	87	0
25	33	1
90	67	0
25	47	0
29	85	0
53	74	0
41	54	0
27	10	0
13	32	0
72	93	0
86	90	0
61	79	0
67	34	0
0	60	0
57	7	0
79	26	0
66	23	0
70	31	0
13	62	0
1	57	0
52	49	0
74	26	0
38	63	0
88	33	0
32	99	0
29	66	0
36	19	0
79	74	0
38	56	0
32	6	0
14	92	0
61	8	0
96	91	0
72	91	0
92	5	0
7	77	0
21	62	0
90	34	0
55	71	0
46	39	0
53	61	0
48	70	0
56	61	0
13	72	0
29	58	0
71	6	0
1	63	0
63	83	0
90	43	0
45	91	0
78	57	0
63	27	0
42	76	0
14	83	0
35	96	0
54	43	0
74	35	0
25	34	1
90	64	0
77	42	0
75	66	0
1	56	0
49	16	0
11	86	0
60	61	0
58	45	0
62	38	0
50	24	0
6	58	0
85	24	0
51	8	0
68	69	0
51	75	0
72	36	0
99	36	0
96	3	0
1	59	0
99	72	0
23	95	0
93	72	0
42	95	0
57	36	0
58	10	0
19	91	0
74	30	0
38	67	0
43	81	0
47	10	0
23	94	0
79	84	0
73	86	0
73	40	0
92	76	0
20	95	0
46	59	0
59	0	0
67	31	0
33	12	0
39	5	0
56	8	0
59	54	0
76	43	0
43	48	0
36	51	0
38	71	0
70	86	0
78	69	0
59	77	0
81	2	0
81	43	0
71	6	0
20	44	0
28	24	0
79	41	0
64	38	0
72	70	0
9	37	0
38	68	0
62	23	0
32	83	0
21	88	0
26	79	0
97	68	0
42	22	0
34	4	0
23	58	0
88	68	0
63	14	0
77	93	0
11	3	0
60	98	0
2	70	0
36	90	0
42	33	0
0	58	0
79	16	0
22	35	0
75	5	0
50	16	0
87	10	0
36	46	0
27	49	0
79	26	0
85	60	0
7	25	0
22	33	1
3	62	0
37	97	0
3	90	0
47	86	0
54	73	0
51	43	0
68	21	0
38	86	0
46	70	0
88	91	0
27	27	0
18	54	0
24	41	0
62	67	0
70	87	0
30	22	0
80	23	0
36	4	0
53	3	0
62	16	0
33	50	0
81	69	0
91	15	0
21	40	0
46	14	0
50	44	0
38	35	0
32	57	0
86	77	0
80	51	0
14	52	0
54	33	0
97	14	0
65	7	0
53	30	0
57	37	0
29	31	0
1	69	0
66	82	0
29	79	0
24	90	0
23	99	0
50	10	0
46	34	0
99	44	0
84	49	0
0	79	0
86	73	0
69	76	0
78	30	0
68	85	0
82	4	0
87	60	0
75	55	0
39	18	0
54	51	0
28	49	0
81	81	0
69	17	0
95	5	0
29	43	0
37	89	0
76	73	0
82	19	0
11	64	0
99	29	0
44	93	0
81	21	0
66	51	0
38	55	0
58	40	0
22	40	0
36	45	0
64	86	0
80	35	0
32	19	0
73	68	0
22	66	0
5	98	0
95	85	0
31	36	0
3	87	0
61	39	0
90	15	0
84	44	0
4	68	0
63	37	0
45	31	0
44	42	0
9	98	0
76	20	0
51	8	0
89	46	0
48	39	0
25	74	0
16	2	0
59	60	0
60	93	0
1	53	0
45	72	0
40	81	0
53	27	0
21	96	0
7	46	0
21	44	0
63	17	0
86	31	0
95	18	0
73	91	0
22	56	0
33	25	0
43	26	0
81	7	0
68	60	0
76	91	0
17	41	0
60	87	0
96	67	0
40	77	0
71	7	0
68	50	0
72	24	0
73	11	0
42	22	0
43	17	0
99	4	0
85	32	0
3	76	0
84	8	0
92	98	0
17	93	0
96	67	0
49	53	0
18	27	0
95	96	0
62	48	0
4	97	0
70	29	0
67	39	0
69	58	0
79	64	0
26	77	0
82	69	0
35	88	0
93	79	0
36	93	0
99	79	0
28	32	0
38	31	0
56	67	0
60	96	0
45	65	0
70	97	0
66	52	0
31	59	0
33	64	0
80	18	0
12	82	0
91	46	0
20	88	0
54	73	0
45	81	0
83	40	0
38	51	0
21	34	1
46	23	0
83	49	0
67	16	0
92	93	0
60	92	0
39	54	0
53	0	0
39	41	0
50	90	0
34	20	0
48	57	0
75	76	0
36	19	0
95	98	0
46	17	0
21	7	0
57	25	0
22	77	0
37	13	0
17	60	0
91	95	0
59	89	0
58	51	0
66	9	0
42	70	0
52	51	0
98	55	0
87	1	0
0	66	0
74	4	0
61	71	0
69	31	0
46	12	0
33	62	0
85	75	0
37	68	0
41	77	0
84	33	0
18	51	0
73	27	0
39	67	0
66	83	0
34	94	0
80	11	0
92	23	0
63	14	0
29	81	0
16	99	0
18	82	0
64	41	0
74	70	0
68	79	0
14	44	0
78	43	0
68	69	0
79	75	0
56	65	0
16	73	0
17	66	0
47	28	0
39	20	0
3	35	0
46	59	0
32	45	0
86	29	0
83	38	0
74	4	0
75	47	0
52	67	0
19	60	0
53	27	0
95	86	0
54	89	0
77	61	0
26	51	0
47	80	0
69	45	0
35	50	0
76	27	0
21	48	0
38	21	0
84	53	0
91	94	0
56	51	0
8	62	0
46	6	0
58	62	0
27	90	0
36	31	0
87	91	0
99	74	0
20	86	0
64	51	0
4	73	0
82	57	0
36	57	0
49	58	0
36	77	0
60	72	0
5	52	0
82	73	0
66	58	0
88	47	0
18	62	0
60	87	0
55	28	0
95	27	0
47	31	0
97	12	0
14	91	0
34	35	0
40	67	0
87	57	0
32	55	0
82	63	0
11	96	0
23	81	0
99	89	0
49	29	0
10	72	0
82	96	0
45	69	0
86	65	0
22	89	0
94	28	0
24	4	0
34	78	0
35	76	0
33	15	0
19	41	0
6	20	0
86	67	0
95	14	0
61	7	0
79	29	0
95	33	0
32	9	0
27	51	0
98	36	0
9	56	0
56	98	0
7	55	0
23	85	0
66	50	0
57	92	0
76	56	0
67	88	0
35	35	0
75	67	0
39	62	0
80	57	0
14	69	0
54	31	0
29	82	0
84	40	0
67	31	0
84	72	0
93	97	0
89	78	0
49	68	0
67	37	0
52	71	0
36	23	0
26	8	0
32	74	0
9	37	0
60	2	0
60	87	0
73	82	0
80	4	0
14	45	0
56	79	0
21	95	0
59	4	0
58	40	0
56	22	0
37	24	0
20	34	0
52	17	0
78	2	0
41	97	0
64	31	0
32	94	0
92	14	0
28	53	0
47	66	0
72	29	0
84	81	0
62	71	0
36	65	0
45	91	0
76	75	0
87	46	0
20	72	0
79	80	0
87	97	0
27	32	1
14	53	0
95	46	0
28	79	0
99	92	0
59	97	0
40	6	0
70	63	0
85	65	0
65	85	0
75	56	0
95	72	0
76	37	0
16	52	0
2	65	0
68	81	0
74	40	0
50	58	0
48	4	0
34	14	0
93	79	0
10	56	0
27	51	0
58	32	0
39	15	0
50	31	0
15	86	0
22	37	1
0	60	0
9	80	0
76	54	0
77	20	0
87	33	0
81	2	0
53	81	0
7	51	0
54	29	0
59	48	0
47	85	0
88	11	0
24	33	1
65	55	0
48	85	0
18	91	0
37	61	0
34	87	0
35	26	0
79	78	0
49	37	0
44	79	0
58	37	0
11	38	0
64	61	0
66	20	0
22	84	0
85	43	0
29	35	0
31	47	0
26	16	0
0	64	0
81	64	0
79	63	0
42	52	0
86	60	0
83	73	0
76	37	0
67	17	0
80	78	0
78	21	0
5	58	0
81	83	0
21	24	0
66	30	0
15	62	0
3	89	0
31	93	0
37	55	0
99	32	0
10	47	0
59	91	0
6	88	0
90	62	0
60	55	0
85	28	0
16	4	0
46	30	0
67	3	0
7	79	0
45	57	0
92	66	0
77	36	0
12	6	0
16	42	0
68	15	0
13	75	0
79	1	0
49	73	0
41	26	0
87	92	0
14	21	0
28	98	0
99	56	0
30	10	0
87	96	0
49	58	0
68	57	0
42	36	0
95	27	0
89	89	0
6	66	0
7	72	0
11	50	0
19	79	0
11	98	0
76	23	0
37	49	0
7	90	0
48	17	0
70	10	0
41	61	0
62	57	0
48	27	0
33	69	0
31	31	0
90	20	0
1	43	0
81	65	0
88	6	0
56	48	0
29	18	0
50	2	0
14	93	0
54	67	0
39	60	0
36	12	0
9	93	0
6	93	0
68	54	0
95	35	0
33	22	0
26	68	0
90	95	0
51	30	0
63	76	0
66	90	0
8	82	0
76	31	0
52	56	0
17	37	0
93	74	0
54	63	0
99	16	0
78	14	0
87	27	0
63	93	0
42	60	0
41	57	0
69	14	0
41	5	0
63	91	0
65	65	0
17	52	0
69	39	0
57	91	0
82	27	0
89	56	0
31	75	0
51	59	0
22	28	0
93	30	0
31	55	0
83	8	0
95	96	0
71	62	0
59	81	0
72	37	0
72	83	0
9	96	0
40	8	0
11	87	0
16	62	0
59	67	0
68	85	0
68	9	0
97	98	0
90	10	0
91	87	0
62	11	0
82	30	0
80	47	0
51	40	0
21	88	0
62	97	0
64	75	0
24	49	0
8	28	0
21	92	0
15	61	0
45	4	0
43	51	0
21	69	0
36	37	0
7	41	0
99	54	0
43	27	0
15	56	0
31	81	0
72	75	0
94	63	0
7	66	0
64	47	0
25	62	0
76	44	0
54	41	0
3	46	0
21	53	0
82	52	0
67	56	0
90	51	0
0	69	0
58	55	0
4	87	0
2	20	0
89	69	0
13	62	0
37	7	0
37	25	0
13	98	0
16	85	0
83	38	0
66	68	0
72	58	0
71	84	0
40	62	0
57	41	0
7	69	0
42	65	0
34	43	0
64	59	0
81	20	0
