94	71	0
28	25	0
59	99	0
13	6	0
89	33	0
83	97	0
45	78	0
70	45	0
2	83	0
0	3	0
18	93	0
93	47	0
69	75	0
28	37	0
76	87	0
98	46	0
46	98	0
37	82	1
63	75	0
43	16	0
77	66	0
82	91	0
82	83	0
3	29	0
74	16	1
72	68	0
27	91	1
84	26	0
70	94	0
47	65	0
74	77	0
95	54	0
99	20	0
93	83	0
36	5	0
4	73	1
42	91	0
77	43	0
29	14	0
99	84	0
85	83	0
94	14	0
96	18	0
22	39	0
61	86	0
7	87	0
92	3	0
68	96	0
5	30	0
79	81	0
93	32	0
26	80	1
58	94	0
81	15	1
26	85	1
22	13	0
92	6	0
77	37	0
42	79	0
75	26	0
53	52	0
84	31	0
11	96	0
44	81	0
95	67	0
69	92	0
0	63	0
50	89	0
93	51	0
69	20	1
44	38	0
32	8	0
68	61	0
6	87	0
96	30	0
42	62	0
88	56	0
93	1	0
77	95	0
74	81	0
7	26	0
66	81	0
84	68	0
82	43	0
20	99	0
67	40	0
91	55	0
91	33	0
98	36	0
16	55	0
6	17	0
96	55	0
54	92	0
43	76	0
55	90	0
74	32	0
69	68	0
79	79	0
85	68	0
23	22	0
18	10	0
83	55	0
96	4	0
27	99	0
21	43	0
73	70	0
63	82	0
57	79	0
44	6	0
50	80	0
61	77	0
80	54	0
21	95	0
89	80	0
1	77	0
19	52	0
78	86	0
89	74	0
48	67	0
60	44	0
83	37	0
32	95	1
50	75	0
25	47	0
54	80	0
42	26	0
93	83	0
29	98	0
85	3	0
78	34	0
65	88	0
64	76	0
61	69	0
21	31	0
22	69	0
57	89	0
80	67	0
42	95	0
57	86	0
77	17	1
41	91	0
25	32	0
77	67	0
61	48	0
72	72	0
74	34	0
12	86	0
56	53	0
92	36	0
64	38	0
49	18	0
89	27	0
67	77	0
73	98	0
83	71	0
95	22	0
98	34	0
98	67	0
29	86	1
68	71	0
55	90	0
76	20	0
10	81	0
91	8	0
16	39	0
32	91	1
28	90	0
81	73	0
73	77	0
92	49	0
88	58	0
46	82	0
90	65	0
55	1	0
45	25	0
82	49	0
33	76	0
62	75	0
78	73	0
81	6	0
96	52	0
99	33	0
69	61	0
71	89	0
56	9	0
4	93	0
7	86	0
96	62	0
75	58	0
77	13	0
99	76	0
19	14	0
32	95	1
47	97	0
89	1	0
88	7	0
98	31	0
81	34	0
71	32	0
8	5	0
20	87	0
43	89	0
90	43	0
72	93	0
99	87	0
66	37	0
69	83	0
76	17	1
9	2	0
34	6	0
35	22	0
82	38	0
79	22	0
8	44	0
24	19	0
90	82	0
93	70	0
80	20	1
98	9	0
67	1	0
80	14	1
37	15	0
97	90	0
23	81	0
3	97	0
37	39	0
70	42	0
68	71	0
63	82	0
92	85	0
68	28	0
76	78	0
96	33	0
85	67	0
66	48	0
96	74	0
63	13	0
97	8	0
28	46	0
65	95	0
98	39	0
23	86	1
95	38	0
73	96	0
94	36	0
65	16	0
49	51	0
61	93	0
74	86	0
22	84	0
92	83	0
2	96	0
92	1	0
88	13	0
56	81	0
14	99	0
81	41	0
92	70	0
27	2	0
45	90	0
52	75	0
0	24	0
90	32	0
99	5	0
78	95	0
11	24	0
76	31	0
69	81	0
11	32	0
46	83	0
84	49	0
30	97	1
84	7	0
79	16	1
96	66	0
9	76	1
62	16	0
85	91	0
38	99	0
66	55	0
4	35	0
63	86	0
60	50	0
94	47	0
70	46	0
72	57	0
4	49	0
90	68	0
26	94	1
88	65	0
8	97	0
78	85	0
32	21	0
74	62	0
69	95	0
53	92	0
93	53	0
70	6	0
4	72	1
68	41	0
28	99	0
89	23	0
96	50	0
75	34	0
88	72	0
45	94	0
61	99	0
29	95	0
96	88	0
69	82	0
16	0	0
6	84	0
78	86	0
58	93	0
70	32	0
82	60	0
98	5	0
87	10	0
95	86	0
64	87	0
85	17	0
87	14	0
69	94	0
31	95	0
84	10	0
99	0	0
76	29	0
9	51	0
12	92	0
21	97	0
85	87	0
85	96	0
85	93	0
85	69	0
75	78	0
7	92	0
28	19	0
6	1	0
40	42	0
92	21	0
83	40	0
69	57	0
58	11	0
85	82	0
67	83	0
84	52	0
75	61	0
24	10	0
96	41	0
68	91	0
48	39	0
21	90	0
75	93	0
97	68	0
17	71	0
40	68	0
66	73	0
50	98	0
10	44	0
78	69	0
94	51	0
91	67	0
33	79	0
59	85	0
91	20	0
82	8	0
12	78	0
36	88	0
95	71	0
73	75	0
3	92	0
9	80	0
77	94	0
28	18	0
4	80	0
70	79	0
64	64	0
82	88	0
1	85	0
79	47	0
15	4	0
57	87	0
7	92	0
0	13	0
91	61	0
82	15	1
77	23	0
14	19	0
18	50	0
71	34	0
65	76	0
33	80	1
64	56	1
87	79	0
85	45	0
73	78	0
75	83	0
0	62	0
84	58	0
63	31	0
91	44	0
88	90	0
83	73	0
57	58	1
43	80	0
95	77	0
89	8	0
50	74	0
3	99	0
68	29	0
64	14	0
78	19	1
73	16	1
79	26	0
28	32	0
55	90	0
61	57	0
34	81	0
68	92	0
89	60	0
90	31	0
84	68	0
90	95	0
88	47	0
84	97	0
35	86	1
73	74	0
77	44	0
49	85	0
88	82	0
81	71	0
95	27	0
52	79	0
79	23	0
59	41	0
87	86	0
92	51	0
18	83	0
31	90	1
86	29	0
73	32	0
98	41	0
88	10	0
99	82	0
85	16	0
79	34	0
11	85	0
20	98	0
53	34	0
30	62	0
50	79	0
63	6	0
12	91	0
77	51	0
14	11	0
19	61	0
74	76	0
72	67	0
82	67	0
84	51	0
75	68	0
88	52	0
6	42	0
96	85	0
64	56	1
48	94	0
5	72	1
88	18	0
44	94	0
22	88	0
98	47	0
68	29	0
21	14	0
29	34	0
7	64	1
80	53	0
94	33	0
20	13	0
45	6	0
52	73	0
99	81	0
12	4	0
43	79	0
59	25	0
86	75	0
70	66	0
65	86	0
8	47	0
99	47	0
89	64	0
1	79	0
31	92	1
0	94	0
50	35	0
89	23	0
10	19	0
88	31	0
80	14	0
45	33	0
12	97	0
60	81	0
20	79	1
26	27	0
29	94	1
58	54	1
77	45	0
64	86	0
21	89	0
71	40	0
6	4	0
83	58	0
81	33	0
83	34	0
69	30	0
56	93	0
37	98	0
80	37	0
59	97	0
71	62	0
85	44	0
61	97	0
91	42	0
94	99	0
86	83	0
53	89	0
89	14	0
76	77	0
67	28	0
26	90	1
88	52	0
85	98	0
83	13	0
95	97	0
84	21	0
78	67	0
6	92	0
82	95	0
77	81	0
3	19	0
14	91	0
10	78	1
84	30	0
22	95	0
54	82	0
82	31	0
81	47	0
23	98	0
86	44	0
93	49	0
76	45	0
84	29	0
0	89	0
13	10	0
62	77	0
13	57	0
29	10	0
2	92	0
99	42	0
84	87	0
92	53	0
85	78	0
74	45	0
3	73	1
76	22	0
98	39	0
