91	68	0
24	16	0
58	94	0
4	0	0
96	43	0
97	97	0
42	67	0
68	48	0
2	90	0
5	8	0
15	92	0
93	37	0
54	82	0
28	32	0
91	84	0
93	32	0
48	98	0
40	74	0
74	67	0
51	17	0
32	79	0
81	71	0
89	75	0
81	94	0
6	29	0
42	36	1
84	20	0
81	63	0
7	73	0
32	88	0
82	13	0
71	92	0
51	72	0
81	77	0
96	56	0
54	55	1
99	32	0
11	75	0
88	73	0
17	67	0
48	7	0
10	76	0
37	90	0
85	49	0
46	38	1
36	18	0
96	88	0
90	91	0
94	20	0
25	79	0
98	7	0
22	18	0
72	85	0
1	88	0
87	0	0
27	65	1
61	89	0
8	28	0
66	82	0
83	29	0
25	87	0
52	93	0
79	30	0
32	90	0
43	90	0
18	11	0
95	16	0
82	27	0
54	78	0
87	31	0
64	52	0
69	34	0
2	99	0
73	2	1
50	88	0
81	2	0
92	63	0
7	63	1
69	89	0
0	75	0
40	89	0
94	58	0
77	29	0
50	68	1
66	15	0
59	44	0
9	63	0
37	8	0
69	71	0
61	27	1
0	94	0
94	31	0
46	73	0
82	68	0
80	2	0
69	89	0
68	80	0
3	30	0
61	73	0
96	76	0
70	48	0
16	91	0
66	39	0
69	2	1
93	61	0
91	32	0
98	41	0
18	49	0
52	65	1
10	26	0
46	28	1
85	68	0
56	76	0
59	66	0
48	42	1
56	68	0
53	55	1
42	94	0
78	39	0
56	70	0
57	75	0
93	58	0
30	13	0
46	44	0
21	14	0
26	70	0
78	48	0
97	4	0
26	94	0
22	37	0
67	73	0
57	70	0
49	71	0
45	10	0
48	93	0
73	79	0
92	51	0
22	95	0
84	80	0
24	55	1
10	74	0
56	65	0
11	40	0
72	79	0
96	75	0
47	71	0
74	43	0
55	61	1
64	7	1
94	33	0
29	91	0
62	79	0
28	30	0
47	78	0
42	22	0
90	96	0
30	81	0
96	9	0
31	76	0
93	37	0
57	95	0
73	77	0
66	63	0
25	42	0
9	64	0
66	5	0
67	95	0
95	58	0
47	90	0
64	82	0
77	13	0
56	71	0
37	84	0
50	85	0
26	19	0
57	21	1
85	54	0
64	47	0
70	61	0
77	27	0
18	98	0
60	60	0
86	43	0
75	33	0
53	19	0
91	25	0
76	82	0
77	97	0
73	61	0
95	24	0
99	17	0
87	80	0
31	92	0
62	85	0
47	94	0
36	40	1
87	36	0
19	99	0
91	20	0
24	49	0
18	89	0
35	96	0
81	83	0
82	71	0
96	61	0
94	62	0
23	89	0
52	79	0
73	14	0
85	50	0
48	4	0
44	34	0
77	37	0
26	62	0
42	55	0
28	72	0
76	91	0
87	57	0
56	69	0
97	2	0
89	42	0
93	45	0
68	60	0
68	86	0
46	62	0
65	21	0
6	89	0
28	63	1
0	90	0
82	62	0
81	71	0
86	13	0
95	82	0
18	0	0
34	99	0
25	68	1
54	99	0
39	30	0
83	17	0
94	0	0
94	29	0
72	32	0
70	54	0
5	4	0
24	96	0
18	78	0
45	89	0
39	72	0
86	42	0
56	82	0
54	54	1
99	85	0
66	40	0
82	90	0
88	19	0
15	6	0
44	0	0
32	25	0
94	45	0
78	11	0
17	47	0
17	23	0
56	36	1
95	81	0
97	62	0
77	34	0
94	10	0
65	4	0
77	13	0
35	14	0
13	67	0
83	91	0
38	88	0
3	95	0
29	43	0
53	44	1
71	45	0
69	57	0
80	80	0
78	74	0
77	21	0
73	88	0
71	0	1
95	46	0
82	56	0
62	54	0
95	70	0
70	17	0
91	20	0
23	44	0
73	96	0
59	68	0
92	23	0
15	82	0
94	43	0
68	92	0
92	26	0
67	19	0
31	55	1
53	42	0
58	80	0
67	28	0
78	79	0
20	92	0
90	89	0
4	84	0
89	2	0
88	22	0
52	74	0
34	61	1
65	46	0
13	99	0
73	33	0
99	59	0
47	43	1
36	86	0
34	11	0
48	86	0
37	84	0
46	78	0
14	65	0
9	24	0
67	0	1
83	37	0
95	12	0
80	99	0
30	28	0
61	12	0
59	41	0
71	88	0
2	20	0
43	85	0
79	42	0
28	86	0
79	6	0
52	57	1
54	19	1
84	18	0
91	50	0
15	89	0
75	14	0
91	97	0
35	96	0
78	68	0
8	35	0
60	98	0
61	43	0
19	75	0
60	25	0
93	51	0
78	46	0
70	62	0
21	43	0
98	57	0
24	96	0
92	52	0
18	94	0
83	78	0
42	19	0
73	69	0
61	93	0
59	94	0
77	51	0
24	54	1
84	7	0
4	80	0
78	48	0
22	94	0
50	65	1
82	31	0
32	60	1
48	41	1
91	56	0
77	23	0
75	75	0
47	93	0
56	94	0
32	98	0
93	79	0
82	77	0
73	5	0
21	6	0
46	44	1
40	60	1
0	79	0
77	87	0
66	83	0
71	46	0
69	19	0
37	65	1
40	75	0
81	50	0
99	7	0
20	70	0
79	5	0
54	70	0
34	37	1
89	85	0
30	76	1
53	90	0
72	24	0
86	13	0
45	61	1
68	87	0
26	98	0
91	12	0
85	7	0
72	23	0
16	57	0
12	88	0
11	91	0
72	88	0
84	96	0
61	53	0
80	99	0
80	61	0
69	64	0
13	93	0
7	72	0
40	26	0
6	16	0
33	39	0
28	49	1
98	33	0
82	40	0
73	50	0
56	53	0
43	22	0
92	79	0
58	75	0
85	53	0
38	86	0
80	54	0
24	11	0
99	47	0
55	94	0
28	40	0
33	93	0
74	96	0
86	69	0
25	83	0
58	24	0
13	75	0
38	76	0
65	64	0
55	73	0
55	89	0
14	47	0
68	63	0
84	44	0
88	63	0
39	71	0
71	92	0
45	27	1
95	19	0
59	48	0
84	12	0
6	81	0
51	97	0
83	78	0
72	69	0
5	90	0
11	73	0
76	90	0
36	24	0
3	90	0
67	93	0
64	67	0
85	72	0
11	95	0
78	47	0
16	7	0
52	96	0
11	93	0
2	14	0
85	57	0
84	20	0
79	30	0
71	16	0
9	15	0
17	53	0
77	32	0
3	68	0
66	72	0
28	82	0
66	54	0
78	93	0
73	42	0
70	81	0
72	50	0
68	83	0
9	72	0
42	53	1
29	83	0
64	63	0
58	41	0
93	38	0
99	96	0
81	86	0
44	61	1
71	48	0
65	58	0
70	1	1
66	83	0
89	77	0
93	1	0
62	78	0
5	91	0
49	51	1
61	34	0
62	22	0
77	20	0
22	79	0
72	23	0
86	17	0
35	52	1
35	30	0
51	99	0
64	71	0
49	82	0
72	92	0
85	57	0
83	41	0
93	68	0
78	98	0
98	41	0
27	65	1
95	87	0
43	83	0
71	80	0
89	44	0
44	90	0
81	76	0
82	48	0
85	27	0
1	68	0
52	72	0
69	18	0
68	32	0
83	82	0
64	54	0
13	92	0
22	93	0
75	39	0
81	30	0
99	53	0
95	2	0
80	93	0
57	36	0
31	73	1
92	18	0
68	46	0
15	75	0
19	99	0
21	74	0
8	90	0
66	49	0
40	30	0
35	69	0
61	81	0
65	13	0
19	84	0
84	51	0
18	18	0
15	71	0
74	61	0
63	57	0
88	55	0
80	62	0
76	67	0
57	57	1
74	52	0
2	26	0
90	86	0
59	52	0
42	89	0
5	74	0
23	85	0
33	50	1
91	18	0
56	98	0
10	97	0
98	52	0
76	20	0
15	15	0
29	22	0
68	5	0
17	67	0
83	60	0
83	36	0
15	2	0
66	13	0
41	86	0
96	81	0
15	10	0
50	83	0
83	35	0
99	79	0
57	70	0
65	78	0
18	39	0
88	41	0
91	73	0
16	81	0
20	76	0
17	89	0
75	4	0
32	56	1
6	92	0
34	44	1
45	60	1
64	39	0
25	67	1
96	18	0
6	24	0
85	35	0
83	15	0
41	28	0
19	89	0
45	83	0
12	70	0
27	31	0
19	72	0
23	89	0
64	59	0
93	45	0
74	95	0
50	37	1
60	72	0
48	69	1
22	97	0
86	42	0
51	49	1
1	4	0
83	63	0
53	47	0
97	29	0
81	31	0
68	33	0
59	99	0
39	35	0
56	42	0
68	29	1
55	7	0
34	96	0
45	57	0
92	32	0
66	97	0
75	51	0
85	47	0
45	90	0
32	83	0
94	26	0
72	4	1
91	97	0
74	82	0
52	86	0
85	14	0
80	71	0
24	82	0
71	27	0
23	97	0
97	57	0
87	86	0
85	9	0
97	94	0
75	21	0
87	58	0
62	19	1
9	86	0
69	93	0
62	79	0
6	25	0
5	99	0
9	71	0
48	41	1
77	25	0
17	99	0
60	97	0
92	45	0
16	74	0
74	42	0
30	93	0
79	45	0
72	48	0
79	44	0
84	36	0
50	66	1
55	45	1
1	86	0
4	2	0
76	73	0
13	59	0
23	4	0
7	95	0
28	74	0
92	47	0
77	87	0
94	64	0
98	88	0
75	40	0
5	81	0
52	61	1
79	38	0
85	30	0
