94	71	0
48	23	0
46	23	0
44	98	0
8	13	0
91	36	0
92	86	0
42	19	0
74	74	0
35	30	0
90	38	0
0	79	0
15	9	0
28	58	0
99	24	0
90	71	0
64	33	0
22	49	0
99	64	0
89	4	0
46	85	0
61	72	0
76	93	0
62	0	0
41	87	0
58	3	0
83	79	0
69	85	0
94	70	0
5	28	0
50	35	0
45	19	0
88	40	0
45	47	0
91	63	0
16	93	0
54	91	0
98	25	0
75	95	0
46	2	0
19	56	0
84	51	0
84	62	0
52	69	0
90	48	0
12	84	0
24	45	0
60	11	0
87	70	0
15	65	0
64	8	0
23	80	0
50	89	0
34	75	0
96	62	0
43	32	0
41	31	0
85	68	0
99	91	0
84	22	0
7	96	0
94	13	0
48	2	0
78	74	0
42	8	0
12	86	0
80	10	0
45	76	0
78	94	0
52	66	0
5	27	0
73	86	0
26	44	0
16	56	0
80	32	0
13	36	0
40	78	0
43	91	0
64	17	0
37	93	0
60	95	0
1	6	1
12	18	0
98	14	0
92	25	0
34	52	0
81	38	0
25	25	0
83	55	0
30	41	0
38	16	0
41	8	0
70	35	0
14	88	0
66	13	0
58	82	0
46	7	0
52	26	0
90	50	0
34	70	0
79	50	0
14	57	0
73	90	0
8	74	0
36	89	0
90	48	0
58	4	0
45	69	0
20	61	0
60	0	0
64	50	0
9	62	0
45	2	0
31	53	0
39	37	0
88	94	0
53	47	0
2	6	1
21	93	0
80	4	0
63	63	0
19	31	1
80	82	0
99	8	0
63	69	0
53	77	0
30	13	0
55	95	0
89	76	0
81	58	0
39	93	0
64	28	0
39	22	0
15	42	0
83	8	0
6	71	0
93	71	0
98	27	0
91	34	0
32	50	0
57	16	0
86	80	0
9	13	0
41	11	0
81	59	0
32	34	0
72	82	0
78	93	0
47	14	0
41	32	0
51	53	0
7	46	0
21	60	0
11	56	0
76	76	0
39	52	0
42	93	0
81	47	0
69	73	0
45	88	0
22	37	0
91	63	0
5	25	0
42	46	0
19	15	0
30	78	0
38	81	0
94	34	0
34	32	0
81	16	0
43	82	0
57	26	0
55	40	0
82	79	0
28	57	0
59	83	0
37	87	0
37	47	0
33	19	0
62	11	0
33	72	0
22	78	0
76	78	0
90	63	0
15	90	0
26	31	0
93	63	0
30	52	0
32	89	0
57	87	0
40	53	0
31	13	0
16	33	0
68	88	0
83	93	0
60	81	0
71	31	0
8	61	0
55	2	0
77	20	0
69	26	0
70	24	0
22	60	0
0	68	0
46	53	0
76	29	0
35	66	0
97	26	0
38	99	0
28	66	0
33	19	0
80	69	0
38	54	0
31	8	0
9	94	0
62	8	0
99	88	0
74	93	0
94	11	0
0	81	0
15	65	0
95	40	0
50	67	0
46	46	0
55	54	0
53	71	0
54	64	0
17	74	0
34	55	0
65	11	0
1	64	0
66	86	0
83	43	0
41	91	0
81	58	0
56	20	0
47	70	0
18	76	0
33	96	0
55	42	0
67	35	0
32	36	0
93	57	0
79	42	0
74	62	0
10	67	0
49	18	0
8	82	0
67	61	0
58	44	0
63	45	0
51	24	0
2	57	0
88	29	0
54	6	0
74	69	0
49	78	0
74	29	0
99	38	0
92	3	0
1	61	0
90	67	0
28	98	0
93	64	0
42	94	0
65	27	0
49	7	0
23	93	0
72	33	0
40	64	0
44	82	0
50	4	0
18	93	0
77	95	0
79	81	0
77	36	0
91	75	0
22	87	0
48	52	0
54	4	0
61	28	0
23	16	0
38	0	0
59	8	0
55	50	0
77	43	0
36	52	0
33	53	0
38	66	0
72	87	0
80	78	0
55	75	0
81	6	0
82	46	0
78	9	0
25	51	0
31	17	0
81	35	0
70	35	0
77	74	0
11	38	0
41	73	0
55	25	0
29	87	0
26	96	0
21	80	0
98	64	0
40	27	0
37	3	0
27	56	0
89	66	0
67	15	0
82	92	0
12	3	0
66	89	0
9	70	0
44	86	0
36	32	0
1	50	0
83	7	0
22	40	0
83	9	0
57	18	0
84	9	0
37	45	0
22	48	0
75	24	0
89	56	0
7	24	0
27	36	0
7	60	0
37	94	0
13	86	0
42	91	0
62	73	0
50	42	0
68	22	0
35	96	0
43	68	0
92	96	0
27	31	0
17	49	0
24	41	0
52	72	0
79	81	0
37	26	0
88	13	0
31	8	0
59	5	0
58	15	0
26	42	0
78	67	0
73	6	0
13	41	0
41	9	0
51	43	0
41	36	0
24	57	0
87	80	0
76	52	0
14	51	0
57	34	0
92	12	0
55	12	0
61	24	0
56	33	0
24	26	0
5	77	0
65	75	0
22	77	0
28	90	0
19	95	0
51	22	0
42	34	0
92	51	0
76	50	0
7	82	0
84	78	0
67	79	0
76	35	0
70	97	0
82	0	0
83	56	0
74	61	0
37	18	0
44	44	0
36	48	0
83	84	0
1	5	1
67	19	0
89	3	0
20	39	0
37	89	0
64	75	0
85	11	0
5	58	0
94	29	0
41	94	0
78	24	0
66	48	0
40	53	0
54	40	0
24	39	0
43	47	0
71	81	0
84	39	0
41	23	0
73	73	0
22	63	0
12	97	0
92	87	0
34	31	0
1	80	0
65	35	0
95	10	0
76	50	0
5	64	0
70	43	0
44	34	0
49	46	0
6	95	0
72	17	0
51	9	0
95	53	0
51	21	0
21	74	0
22	8	0
70	59	0
61	98	0
0	65	0
49	66	0
42	76	0
54	24	0
25	96	0
11	44	0
24	39	0
64	16	0
82	24	0
96	19	0
83	90	0
21	58	0
33	23	0
38	31	0
79	15	0
64	59	0
72	91	0
20	46	0
65	98	0
93	67	0
38	78	0
66	12	0
68	47	0
79	27	0
74	9	0
44	21	0
43	25	0
95	3	0
81	27	0
1	76	0
81	8	0
94	99	0
0	97	0
96	56	0
48	52	0
17	20	0
99	93	0
65	54	0
11	93	0
65	25	0
72	38	0
74	60	0
82	65	0
26	74	0
83	73	0
42	95	0
83	72	0
14	31	1
39	96	0
96	83	0
34	37	0
32	33	0
55	75	0
57	97	0
40	64	0
63	97	0
63	52	0
33	59	0
28	65	0
81	20	0
15	89	0
87	39	0
27	88	0
50	66	0
42	88	0
90	38	0
40	42	0
21	42	0
52	22	0
84	61	0
68	12	0
94	97	0
69	95	0
42	54	0
59	4	0
29	41	0
43	91	0
34	21	0
43	58	0
70	72	0
27	22	0
89	97	0
43	21	0
29	18	0
63	34	0
19	74	0
37	13	0
8	61	0
84	89	0
56	89	0
60	40	0
79	5	0
41	76	0
39	50	0
96	53	0
91	3	0
8	70	0
75	4	0
67	74	0
81	36	0
39	10	0
33	68	0
85	77	0
35	61	0
50	81	0
80	27	0
15	60	0
78	21	0
41	63	0
69	96	0
34	93	0
81	9	0
88	28	0
66	19	0
29	79	0
19	86	0
15	87	0
67	42	0
78	68	0
66	80	0
15	41	0
77	36	0
65	63	0
84	78	0
51	64	0
19	55	0
21	63	0
46	19	0
42	21	0
2	36	0
42	63	0
39	47	0
82	31	0
75	29	0
76	0	0
71	45	0
52	70	0
22	51	0
53	21	0
92	76	0
58	87	0
87	68	0
20	53	0
53	74	0
68	44	0
35	53	0
76	25	0
20	52	0
39	24	0
76	50	0
91	98	0
56	59	0
8	60	0
47	8	0
57	63	0
28	88	0
37	36	0
90	89	0
96	70	0
17	92	0
63	66	0
7	72	0
79	56	0
36	52	0
47	60	0
31	73	0
59	72	0
9	60	0
88	80	0
74	52	0
98	53	0
23	58	0
56	90	0
53	26	0
98	25	0
45	39	0
96	15	0
18	93	0
35	33	0
38	73	0
87	55	0
24	47	0
85	65	0
6	95	0
17	80	0
97	81	0
48	30	0
1	71	0
76	92	0
49	65	0
86	75	0
19	90	0
98	36	0
33	0	0
31	85	0
34	77	0
37	15	0
26	37	0
10	19	0
83	73	0
99	9	0
60	7	0
71	27	0
96	47	0
35	9	0
25	52	0
99	41	0
10	54	0
59	81	0
4	61	0
22	77	0
68	61	0
51	93	0
73	52	0
69	86	0
31	43	0
72	63	0
41	55	0
79	54	0
19	79	0
54	32	0
27	75	0
84	37	0
59	30	0
93	67	0
92	94	0
88	75	0
40	68	0
13	26	1
54	39	0
56	76	0
32	23	0
31	9	0
35	71	0
14	38	0
61	2	0
68	83	0
73	78	0
87	7	0
10	48	0
58	90	0
9	90	0
54	6	0
65	48	0
63	22	0
33	19	0
28	40	0
42	25	0
74	3	0
41	88	0
60	30	0
37	82	0
86	12	0
30	46	0
45	66	0
76	18	0
83	73	0
60	70	0
36	64	0
45	89	0
79	79	0
83	49	0
20	68	0
81	77	0
75	97	0
26	35	0
11	47	0
97	41	0
28	86	0
98	86	0
67	91	0
42	0	0
66	61	0
90	60	0
67	89	0
81	51	0
86	73	0
81	36	0
12	56	0
7	61	0
70	87	0
74	42	0
54	61	0
55	7	0
32	18	0
89	72	0
22	31	1
9	59	0
38	46	0
58	37	0
41	22	0
53	29	0
18	86	0
31	31	0
7	61	0
16	79	0
71	51	0
14	28	1
69	15	0
93	33	0
79	6	0
56	79	0
5	51	0
54	27	0
51	41	0
52	87	0
91	8	0
29	39	0
58	62	0
46	81	0
16	98	0
36	64	0
39	82	0
31	25	0
75	76	0
43	49	0
41	84	0
61	31	0
14	49	0
61	60	0
62	27	0
32	80	0
82	42	0
38	40	0
43	43	0
27	12	0
3	58	0
73	62	0
81	66	0
42	52	0
83	57	0
79	75	0
68	26	0
62	11	0
78	82	0
78	19	0
3	60	0
78	81	0
36	19	0
69	39	0
22	67	0
13	93	0
33	99	0
29	58	0
98	29	0
20	54	0
56	96	0
12	82	0
97	70	0
58	59	0
86	35	0
21	12	0
53	29	0
62	3	0
6	83	0
57	55	0
86	65	0
72	36	0
13	1	0
15	42	0
69	16	0
21	84	0
77	1	0
45	74	0
34	26	0
82	96	0
7	21	0
26	92	0
98	56	0
34	12	0
93	82	0
53	53	0
74	58	0
47	25	0
92	32	0
92	75	0
11	59	0
2	76	0
16	50	0
8	88	0
10	92	0
78	22	0
39	41	0
9	96	0
50	7	0
72	5	0
35	58	0
72	52	0
50	18	0
31	63	0
28	32	0
90	20	0
6	42	0
90	63	0
93	11	0
59	47	0
24	23	0
53	9	0
10	93	0
52	63	0
43	60	0
39	13	0
7	92	0
0	91	0
63	50	0
88	33	0
34	26	0
25	73	0
97	91	0
51	31	0
59	74	0
67	89	0
6	73	0
74	25	0
55	56	0
16	33	0
92	67	0
49	71	0
98	14	0
82	9	0
88	23	0
69	96	0
46	62	0
38	70	0
80	18	0
37	13	0
72	93	0
70	76	0
24	54	0
69	39	0
71	94	0
81	11	0
92	55	0
23	73	0
49	59	0
22	24	0
90	20	0
32	49	0
70	8	0
89	94	0
76	61	0
55	77	0
77	35	0
76	77	0
11	91	0
38	8	0
10	96	0
4	61	0
65	70	0
72	90	0
78	9	0
86	99	0
80	11	0
86	87	0
63	7	0
82	37	0
79	40	0
57	37	0
16	83	0
57	94	0
58	77	0
19	51	0
8	39	0
29	95	0
11	67	0
40	7	0
36	52	0
19	61	0
41	32	0
4	41	0
93	54	0
53	27	0
8	54	0
23	81	0
79	80	0
0	0	1
92	69	0
16	67	0
59	45	0
29	64	0
83	45	0
58	34	0
5	12	1
2	44	0
20	58	0
87	55	0
71	53	0
88	58	0
3	64	0
74	60	0
2	85	0
2	25	0
94	65	0
25	61	0
44	4	0
34	32	0
9	90	0
25	88	0
79	45	0
65	71	0
69	54	0
76	83	0
40	72	0
48	28	0
3	66	0
47	61	0
39	47	0
64	53	0
81	20	0
