94	62	0
29	3	0
32	33	0
61	98	0
21	2	0
95	39	0
98	94	0
58	15	0
59	73	0
62	24	0
80	50	0
3	86	0
16	4	0
23	88	0
98	25	0
74	78	0
57	38	0
18	57	0
89	53	0
95	14	0
46	95	0
59	65	0
72	83	0
53	4	0
27	77	0
50	15	0
90	72	0
65	89	0
92	83	0
0	38	0
54	11	0
43	21	0
97	26	0
17	55	0
80	65	0
14	89	0
36	94	0
89	21	0
82	83	0
40	13	0
38	65	0
89	69	0
96	73	0
50	61	0
99	49	0
11	80	0
71	1	0
99	62	0
12	72	0
71	10	0
10	75	0
59	90	0
29	75	0
99	68	0
46	36	0
39	27	0
95	87	0
99	91	0
99	4	0
18	96	0
98	10	0
34	3	0
71	81	0
36	1	0
3	95	0
88	14	0
32	81	0
65	93	0
45	56	0
5	27	0
69	86	0
16	56	0
96	30	0
31	87	0
61	97	0
64	30	0
29	98	0
57	94	0
2	18	0
99	11	0
88	19	0
52	73	0
86	39	0
92	62	0
47	13	0
28	12	0
67	48	0
5	96	0
50	0	0
44	71	0
48	5	0
59	31	0
82	35	0
30	60	0
75	46	0
3	63	0
79	94	0
1	89	0
38	95	0
96	55	0
67	15	0
37	67	0
30	62	0
63	1	0
68	51	0
6	68	0
34	0	0
8	44	0
39	50	0
62	80	0
47	38	0
11	93	0
79	24	0
47	81	0
73	66	0
94	11	0
73	92	0
55	71	0
32	22	0
60	94	0
99	76	0
79	61	0
26	92	0
66	29	0
30	17	0
22	50	1
71	11	0
11	60	0
93	74	0
99	24	0
84	44	0
36	52	0
56	0	0
78	64	0
22	21	0
43	25	0
95	58	0
47	37	0
59	83	0
61	81	0
55	23	0
42	42	0
62	40	0
11	51	0
20	45	1
22	57	0
76	89	0
50	59	0
42	99	0
72	40	0
71	64	0
54	70	0
88	66	0
19	18	0
52	55	0
23	13	0
13	72	0
31	64	0
85	37	0
38	47	0
89	5	0
41	89	0
56	24	0
42	44	0
76	77	0
26	70	0
51	64	0
42	85	0
37	53	0
43	12	0
53	18	0
42	88	0
25	66	0
76	79	0
95	65	0
28	98	0
98	73	0
31	49	0
24	71	0
50	74	0
57	53	0
22	20	0
71	86	0
97	73	0
53	65	0
61	27	0
1	40	0
55	7	0
72	51	0
59	20	0
81	18	0
20	47	1
4	47	0
49	52	0
68	29	0
38	68	0
84	24	0
42	96	0
25	61	0
38	23	0
83	84	0
38	52	0
27	9	0
28	82	0
62	3	0
92	85	0
46	90	0
94	4	0
8	72	0
18	65	0
96	34	0
53	87	0
26	50	1
55	72	0
63	65	0
48	57	0
22	76	0
23	58	0
68	1	0
11	58	0
62	79	0
96	44	0
40	88	0
81	63	0
75	22	0
50	69	0
17	82	0
35	95	0
47	29	0
78	34	0
81	48	0
57	41	0
74	69	0
5	39	0
61	25	0
16	97	0
61	61	0
77	44	0
71	27	0
51	4	0
11	47	0
95	23	0
34	19	0
68	71	0
63	86	0
73	43	0
95	37	0
99	12	0
3	37	0
93	72	0
32	97	0
96	80	0
38	97	0
60	32	0
76	33	0
20	87	0
85	21	0
31	60	0
29	77	0
49	9	0
34	97	0
74	90	0
78	88	0
95	49	0
98	65	0
14	91	0
36	73	0
75	5	0
75	49	0
36	16	0
38	0	0
51	27	0
54	50	0
81	48	0
33	52	0
37	47	0
35	75	0
73	89	0
85	57	0
60	81	0
80	9	0
94	38	0
64	13	0
24	43	0
80	44	0
80	51	0
75	69	0
5	37	0
29	66	0
60	22	0
16	92	0
31	84	0
15	78	0
87	73	0
52	16	0
37	3	0
34	53	0
80	74	0
63	3	0
80	95	0
21	2	0
50	92	0
7	66	0
48	91	0
45	34	0
7	51	0
73	34	0
72	12	0
51	15	0
74	13	0
37	63	0
5	54	0
74	16	0
84	61	0
7	5	0
5	65	0
32	96	0
9	85	0
51	94	0
51	65	0
62	41	0
69	3	0
46	80	0
47	71	0
93	89	0
39	25	1
0	57	0
29	45	1
58	51	0
74	75	0
30	30	1
85	26	0
33	4	0
52	2	0
50	17	0
38	36	0
73	63	0
68	13	0
10	47	0
28	11	0
43	61	0
46	33	0
31	42	1
91	76	0
83	52	0
11	48	0
63	34	0
97	7	0
64	12	0
68	27	0
43	38	0
37	33	0
5	76	0
62	81	0
39	74	0
23	98	0
25	78	0
53	12	0
43	39	0
99	41	0
81	47	0
2	64	0
82	66	0
79	81	0
83	25	0
79	85	0
77	3	0
75	66	0
74	61	0
28	31	1
60	47	0
88	72	0
68	5	0
96	23	0
31	46	0
45	96	0
61	79	0
81	16	0
21	70	0
96	31	0
65	98	0
86	16	0
65	27	0
35	57	0
60	38	0
37	52	0
54	85	0
80	34	0
37	20	0
74	86	0
34	53	0
19	97	0
97	96	0
50	33	0
3	93	0
53	53	0
95	14	0
84	35	0
22	66	0
68	52	0
39	19	1
56	50	0
8	94	0
83	25	0
46	8	0
92	46	0
54	47	0
31	90	0
11	4	0
61	60	0
53	98	0
4	47	0
39	78	0
38	81	0
45	24	0
18	82	0
17	27	0
71	2	0
75	15	0
86	2	0
93	89	0
21	68	0
49	20	0
85	3	0
75	59	0
74	92	0
0	25	0
61	94	0
98	61	0
32	83	0
78	1	0
46	61	0
70	20	0
69	12	0
40	19	0
44	15	0
99	8	0
85	36	0
7	90	0
81	15	0
93	95	0
27	95	0
96	71	0
38	50	0
15	28	0
77	99	0
64	45	0
2	89	0
66	36	0
78	38	0
73	43	0
82	67	0
28	66	0
91	65	0
39	95	0
90	71	0
26	95	0
87	86	0
43	34	0
62	64	0
64	98	0
46	65	0
61	97	0
71	51	0
40	48	0
37	58	0
84	4	0
3	87	0
97	54	0
22	84	0
45	66	0
44	81	0
87	43	0
33	53	0
40	19	0
84	55	0
64	15	0
83	99	0
43	93	0
43	57	0
50	18	0
32	43	0
58	99	0
45	18	0
34	70	0
83	74	0
37	8	0
97	89	0
68	3	0
3	9	0
43	36	0
22	70	0
42	0	0
13	73	0
92	82	0
62	80	0
66	40	0
65	1	0
43	60	0
44	61	0
96	59	0
91	6	0
5	69	0
83	5	0
52	74	0
56	26	0
38	9	0
31	63	0
84	87	0
34	73	0
46	85	0
68	33	0
22	47	1
69	34	0
40	57	0
62	95	0
27	97	0
94	12	0
96	18	0
73	14	0
23	72	0
29	97	0
25	88	0
65	39	0
77	78	0
75	90	0
1	37	0
66	39	0
71	80	0
71	61	0
62	78	0
11	86	0
17	75	0
41	17	0
50	18	0
9	38	0
41	46	0
39	47	0
91	28	0
88	41	0
81	11	0
75	48	0
55	54	0
27	46	1
42	25	0
94	82	0
43	96	0
85	54	0
39	69	0
35	92	0
76	55	0
25	50	0
78	26	0
24	39	1
30	13	0
92	54	0
76	95	0
48	45	0
9	48	0
46	9	0
49	57	0
41	81	0
71	89	0
95	61	0
13	79	0
76	47	0
15	61	0
65	48	0
44	70	0
54	51	0
44	76	0
66	71	0
4	63	0
64	62	0
75	47	0
82	56	0
39	65	0
65	84	0
42	11	0
96	22	0
53	46	0
92	3	0
8	84	0
36	81	0
86	61	0
19	50	0
75	74	0
14	94	0
17	82	0
84	84	0
43	24	0
1	69	0
65	99	0
51	62	0
91	66	0
23	97	0
87	33	0
15	0	0
39	72	0
23	80	0
37	13	0
16	53	1
15	18	0
88	67	0
99	16	0
52	11	0
67	41	0
92	15	0
23	9	0
31	63	0
83	32	0
7	63	0
57	82	0
1	50	0
27	79	0
75	61	0
54	95	0
72	50	0
72	83	0
71	56	0
47	51	0
77	75	0
8	78	0
44	39	0
22	77	0
83	49	0
71	27	0
91	53	0
95	97	0
87	90	0
39	69	0
77	42	0
59	60	0
33	24	1
34	15	0
34	66	0
7	42	0
70	8	0
71	78	0
88	83	0
86	2	0
16	45	1
59	81	0
8	96	0
48	10	0
58	32	0
66	23	0
55	20	0
38	22	0
77	10	0
35	96	0
71	17	0
30	94	0
99	23	0
39	65	0
66	37	0
72	99	0
77	69	0
37	74	0
65	99	0
85	61	0
92	47	0
9	65	0
88	81	0
76	94	0
14	60	0
97	45	0
28	72	0
95	87	0
49	90	0
27	13	0
76	70	0
94	52	0
48	81	0
75	72	0
98	61	0
76	40	0
28	55	0
0	64	0
61	80	0
64	30	0
52	41	0
52	8	0
34	25	1
87	79	0
16	54	0
63	24	0
44	7	0
53	22	0
11	86	0
13	58	0
9	78	0
74	45	0
93	22	0
92	27	0
94	3	0
66	95	0
5	57	0
64	25	0
57	49	0
39	82	0
93	26	0
59	55	0
31	82	0
21	88	0
37	66	0
24	96	0
30	4	0
70	74	0
46	15	0
39	73	0
53	45	0
1	43	0
69	65	0
64	17	0
29	87	0
96	57	0
25	48	1
18	33	0
14	69	0
82	59	0
67	60	0
45	48	0
94	65	0
97	66	0
65	48	0
63	16	0
76	64	0
82	31	0
10	45	0
84	81	0
52	38	0
19	70	0
3	85	0
30	98	0
24	58	0
92	24	0
0	52	0
57	91	0
4	86	0
84	62	0
48	37	0
86	25	0
16	17	0
30	34	0
72	12	0
29	75	0
45	50	0
99	62	0
87	36	0
4	0	0
2	44	0
53	16	0
5	45	0
75	7	0
46	73	0
31	32	1
91	90	0
1	10	0
42	95	0
95	46	0
41	4	0
93	89	0
52	59	0
67	66	0
39	41	0
88	35	0
89	79	0
11	64	0
6	75	0
7	41	0
22	71	0
13	85	0
65	15	0
31	58	0
16	91	0
32	12	0
59	14	0
37	65	0
63	46	0
43	10	0
39	77	0
98	19	0
5	28	0
77	42	0
93	23	0
46	48	0
26	21	0
44	0	0
17	93	0
49	69	0
36	56	0
30	17	0
21	98	0
19	77	0
61	45	0
93	42	0
33	75	0
90	97	0
54	27	0
66	69	0
61	88	0
4	88	0
83	39	0
53	57	0
13	23	0
95	68	0
55	52	0
98	20	0
72	14	0
86	30	0
61	96	0
50	45	0
46	37	0
67	25	0
47	4	0
47	87	0
52	75	0
20	52	0
81	31	0
55	91	0
93	40	0
89	57	0
36	76	0
34	66	0
80	28	0
50	43	0
71	10	0
96	96	0
79	77	0
47	75	0
74	45	0
78	92	0
13	80	0
52	17	0
15	98	0
11	60	0
47	61	0
75	80	0
61	18	0
97	89	0
91	14	0
96	97	0
62	10	0
74	23	0
66	66	0
60	35	0
22	85	0
48	88	0
73	81	0
29	36	1
7	33	0
16	79	0
6	78	0
35	12	0
43	49	0
18	59	0
1	48	0
86	45	0
47	21	0
13	63	0
28	84	0
66	98	0
97	40	0
1	67	0
70	43	0
34	72	0
79	50	0
72	37	0
1	49	0
27	57	0
85	42	0
72	58	0
85	52	0
9	66	0
63	52	0
0	83	0
2	1	0
90	65	0
16	64	0
25	9	0
39	23	1
5	95	0
17	77	0
90	39	0
76	82	0
83	57	0
88	82	0
51	67	0
65	40	0
1	70	0
46	66	0
28	62	0
63	45	0
94	17	0
