96	64	0
23	13	0
60	97	0
6	2	0
97	45	0
98	95	0
40	67	0
62	24	1
73	53	0
1	89	0
0	7	0
14	97	0
96	37	0
64	77	0
33	34	0
91	75	0
95	26	0
55	98	0
39	75	0
82	69	0
51	16	0
25	80	0
84	68	0
77	77	0
83	85	0
3	30	0
49	34	0
92	22	0
82	67	0
7	74	0
32	96	0
83	11	0
63	89	0
51	72	0
80	69	0
91	62	0
54	57	0
96	34	0
14	73	0
92	69	0
22	74	0
50	3	0
10	74	0
36	94	0
93	53	0
46	36	0
32	17	0
94	85	0
87	96	0
89	17	0
29	82	0
98	13	0
16	15	0
73	92	0
3	85	0
87	3	0
27	62	1
64	84	0
44	60	1
7	26	0
74	78	0
86	36	0
22	92	0
52	97	0
72	31	0
36	91	0
45	90	0
17	18	0
97	16	0
80	25	0
50	77	0
90	31	0
71	59	0
53	14	1
62	38	0
0	99	0
70	5	0
50	80	0
57	30	1
84	5	0
95	59	0
0	59	0
70	94	0
0	74	0
37	92	0
98	63	0
80	26	0
36	68	1
73	8	0
58	50	0
13	65	0
33	1	0
65	71	0
61	28	1
1	98	0
95	32	0
45	74	0
76	66	0
92	3	0
64	84	0
64	81	0
0	25	0
64	81	0
92	87	0
79	48	0
22	89	0
68	39	0
74	0	0
95	56	0
91	31	0
99	45	0
25	46	0
53	61	0
7	24	0
47	31	0
87	66	0
55	73	0
64	67	0
58	20	1
42	36	0
62	67	0
48	60	1
46	96	0
73	39	0
60	66	0
56	75	0
91	55	0
25	13	0
49	39	0
23	20	0
16	76	0
30	49	1
74	43	0
50	39	1
91	8	0
26	88	0
23	36	0
66	77	0
23	71	1
61	61	0
41	75	0
44	6	0
40	89	0
25	68	1
73	79	0
96	55	0
23	92	0
86	72	0
29	56	1
18	74	0
52	71	0
14	37	0
73	81	0
95	78	0
40	77	0
78	46	0
55	56	0
55	23	1
64	15	0
44	55	1
52	14	1
28	64	1
96	33	0
28	98	0
28	64	1
67	84	0
29	25	0
39	75	0
54	18	0
97	98	0
29	78	0
96	13	0
26	76	0
95	34	0
58	98	0
77	77	0
66	59	0
27	46	0
5	59	0
63	2	0
68	96	0
96	55	0
45	89	0
61	76	0
79	17	0
58	80	0
40	76	0
40	88	0
21	16	0
59	22	1
83	53	0
59	41	0
67	68	0
70	31	0
17	96	0
55	62	0
86	41	0
75	40	0
55	8	0
89	26	0
75	76	0
68	94	0
77	62	0
94	26	0
98	15	0
2	30	1
85	81	0
33	92	0
70	85	0
47	93	0
33	39	1
91	34	0
16	99	0
89	21	0
21	44	0
23	83	0
29	98	0
80	88	0
80	77	0
92	62	0
96	57	0
22	90	0
54	76	0
78	14	0
84	51	0
48	3	0
33	31	0
75	41	0
21	60	0
36	50	0
20	68	0
74	97	0
95	57	0
60	73	0
95	3	0
92	45	0
62	8	1
99	45	0
68	52	0
69	81	0
45	66	0
68	25	0
9	83	0
28	61	1
11	88	0
85	61	0
77	69	0
89	9	0
99	84	0
27	1	0
34	94	0
25	68	1
59	93	0
44	33	0
81	18	0
95	9	0
94	25	0
50	52	1
77	24	0
73	59	0
6	8	0
26	98	0
21	72	0
52	93	0
36	68	0
84	45	0
66	10	1
57	87	0
57	58	0
97	86	0
64	41	0
71	86	0
85	16	0
15	12	0
44	0	0
46	25	1
33	21	0
96	47	0
77	12	0
20	43	0
17	29	0
52	36	0
94	78	0
98	61	0
72	28	0
94	4	0
65	7	0
74	14	0
44	38	1
36	16	0
9	72	0
87	94	0
48	92	0
4	96	0
29	44	0
49	42	0
74	41	0
66	52	0
76	74	0
81	75	0
72	27	0
70	86	0
66	3	0
94	49	0
76	48	0
61	53	0
96	72	0
74	20	0
95	13	0
22	43	0
70	99	0
57	68	0
83	23	0
15	76	0
99	40	0
60	99	0
95	31	0
68	23	0
33	55	0
57	46	0
63	83	0
71	28	0
82	76	0
20	89	0
97	93	0
6	76	0
91	1	0
88	23	0
50	72	0
42	55	1
64	44	0
14	91	0
76	35	0
97	56	0
49	35	0
34	91	0
33	7	0
38	41	1
57	89	0
36	86	0
42	77	0
13	72	0
12	22	0
71	0	0
79	34	0
99	11	0
84	98	0
28	58	1
29	25	0
64	12	0
59	43	0
69	98	0
0	21	0
41	88	0
88	45	0
24	84	0
81	0	0
48	58	1
60	21	0
85	20	0
89	45	0
16	85	0
72	18	0
82	98	0
32	95	0
83	64	0
11	30	0
65	99	0
68	44	0
11	79	0
65	25	0
88	44	0
77	45	0
74	62	0
23	48	0
98	57	0
16	93	0
89	53	0
20	93	0
82	80	0
38	17	0
77	73	0
58	94	0
65	96	0
79	52	0
44	52	1
31	59	1
85	9	0
0	78	0
73	52	0
23	97	0
50	65	0
82	34	0
26	61	1
53	37	1
88	57	0
70	23	0
79	82	0
49	97	0
40	50	1
65	98	0
31	93	0
95	86	0
88	76	0
73	7	0
21	3	0
48	37	0
32	62	1
10	79	0
79	81	0
68	82	0
69	49	0
65	20	0
39	64	0
38	73	0
75	56	0
97	0	0
20	72	0
80	8	0
58	60	0
40	39	0
88	87	0
26	73	0
54	89	0
76	20	0
80	12	0
47	60	1
59	86	0
26	94	0
91	16	0
87	15	0
76	20	0
16	66	0
10	92	0
13	87	0
49	28	1
66	86	0
76	96	0
1	35	1
63	56	0
82	91	0
73	59	0
69	66	0
12	88	0
7	74	0
38	30	0
6	19	0
36	36	0
25	52	0
97	36	0
80	45	0
66	10	1
66	46	0
53	52	0
44	27	0
93	77	0
57	75	0
82	50	0
27	52	1
39	91	0
74	52	0
24	11	0
91	46	0
61	93	0
35	32	0
56	58	1
29	94	0
66	99	0
88	65	0
27	81	0
59	36	0
7	80	0
58	55	1
40	72	0
69	58	0
63	72	0
55	85	0
9	49	0
63	60	0
79	44	0
83	60	0
36	75	0
66	86	0
45	30	0
97	23	0
49	45	0
86	12	0
11	79	0
55	91	0
87	70	0
75	69	0
12	92	0
7	71	0
79	89	0
33	26	0
7	90	0
68	98	0
53	68	0
92	68	0
20	92	0
75	44	0
16	4	0
48	98	0
19	91	0
12	10	0
85	54	0
89	21	0
79	27	0
69	18	0
15	19	0
17	54	0
76	29	0
5	74	0
65	70	0
30	80	0
68	44	0
75	97	0
69	37	0
68	88	0
74	52	0
66	81	0
9	74	0
43	48	1
28	78	0
65	57	0
58	49	0
89	45	0
95	99	0
81	86	0
47	60	1
74	52	0
63	62	0
71	3	1
68	76	0
88	76	0
88	9	0
58	78	0
5	96	0
46	46	1
65	33	0
66	29	0
77	24	0
19	82	0
77	18	0
34	63	1
88	19	0
32	56	0
47	32	0
59	91	0
66	71	0
52	83	0
69	86	0
84	59	0
82	44	0
97	61	0
74	98	0
96	45	0
30	63	1
94	88	0
38	76	0
76	75	0
87	44	0
43	90	0
85	73	0
87	50	0
84	27	0
4	67	0
49	76	0
73	16	0
64	38	0
81	83	0
63	47	0
10	88	0
17	87	0
70	44	0
81	27	0
93	45	0
98	3	0
87	92	0
58	38	0
31	74	1
99	19	0
64	45	0
21	75	0
17	98	0
25	71	0
11	83	0
60	55	0
41	28	0
37	74	0
52	49	1
62	74	0
68	12	0
22	88	0
87	48	0
17	23	0
17	72	0
78	67	0
67	49	0
39	54	1
93	51	0
86	51	0
77	61	0
56	64	0
77	51	0
2	28	0
94	80	0
62	48	0
42	85	0
4	79	0
25	87	0
27	57	0
89	20	0
54	97	0
8	97	0
99	60	0
77	18	0
19	14	0
29	30	0
74	8	0
18	70	0
84	58	0
89	39	0
13	9	0
0	39	1
69	11	0
43	85	0
99	84	0
7	8	0
51	88	0
82	35	0
99	80	0
52	62	0
64	78	0
20	37	0
91	43	0
95	68	0
15	76	0
20	78	0
29	69	1
21	89	0
74	15	0
32	59	1
9	88	0
35	33	0
44	59	1
66	45	0
30	67	1
97	25	0
5	27	0
83	39	0
76	16	0
46	49	1
36	27	0
42	4	1
23	89	0
48	83	0
16	71	0
22	25	0
17	78	0
19	86	0
63	57	0
88	43	0
41	55	1
78	91	0
47	29	1
59	70	0
42	68	0
17	95	0
85	35	0
46	53	1
5	13	0
89	58	0
63	48	0
91	27	0
80	27	0
73	32	0
55	91	0
42	34	0
61	44	0
60	31	1
45	9	0
35	96	0
46	63	0
94	35	0
61	97	0
73	51	0
81	44	0
43	87	0
33	80	0
95	26	0
51	57	1
69	5	0
94	99	0
77	82	0
54	89	0
75	20	0
83	70	0
25	79	0
66	24	0
20	97	0
42	60	1
91	60	0
91	90	0
83	9	0
96	93	0
56	12	1
75	24	0
79	53	0
62	23	1
3	83	0
67	96	0
61	78	0
3	25	0
7	95	0
13	69	0
48	46	1
78	33	0
4	63	1
21	94	0
63	98	0
97	42	0
5	74	0
72	45	0
31	90	0
83	47	0
70	46	0
28	61	1
79	41	0
80	40	0
55	73	0
50	47	1
4	83	0
5	1	0
78	76	0
16	56	0
19	8	0
1	99	0
34	74	0
93	45	0
73	86	0
86	63	0
99	85	0
50	59	1
67	33	0
2	75	0
55	64	0
79	39	0
87	21	0
