84	67	0
34	27	0
60	97	1
15	12	0
93	42	0
90	88	0
68	43	0
3	80	0
1	8	0
14	89	0
79	36	0
72	78	0
34	34	0
64	74	0
89	51	0
65	72	0
41	35	0
92	85	0
99	81	0
72	89	0
7	24	0
71	76	0
75	30	0
57	78	1
50	70	0
64	83	0
95	54	0
95	28	0
87	78	0
40	0	0
78	29	0
31	17	0
97	68	0
90	72	0
91	9	0
22	37	0
60	80	0
6	87	0
61	95	1
19	31	0
69	74	0
91	45	0
53	86	0
4	22	0
88	13	0
65	31	0
52	39	0
78	39	0
82	68	0
53	99	1
18	62	0
99	56	0
45	34	0
35	7	0
57	58	0
6	88	0
96	17	0
43	67	0
90	62	0
97	7	0
75	90	0
67	77	0
9	22	0
70	82	0
87	65	0
80	44	0
58	44	0
84	44	0
83	35	0
93	38	0
22	57	0
14	21	0
89	70	0
57	96	1
37	82	0
54	96	1
82	49	0
60	65	0
82	75	0
77	73	0
28	12	0
12	16	0
84	67	0
93	4	0
15	51	0
79	80	0
59	78	0
61	81	0
49	13	0
76	86	0
75	57	0
10	88	0
93	96	0
6	98	0
15	62	0
93	87	0
96	71	0
55	85	0
68	54	0
93	33	0
57	57	0
16	53	0
56	18	0
86	86	0
74	5	0
82	44	0
84	91	0
56	69	0
72	79	0
14	21	0
75	96	0
59	97	1
32	80	0
30	35	0
56	36	0
63	82	0
68	40	0
12	97	1
95	26	0
51	25	0
71	66	0
70	93	0
86	66	0
96	25	0
91	87	0
72	78	0
54	76	0
11	73	1
11	50	0
72	70	0
72	75	0
87	60	0
92	49	0
91	66	0
58	14	0
37	33	0
74	57	0
29	81	0
58	93	1
85	77	0
98	48	0
95	28	0
70	60	1
58	95	0
66	17	0
2	94	0
5	96	1
96	60	0
90	76	0
16	20	0
90	15	0
91	23	0
87	19	1
85	31	0
13	14	0
33	81	0
57	95	1
90	46	0
71	93	0
92	83	0
71	36	0
56	86	0
0	8	0
33	13	0
52	31	0
68	38	0
0	57	0
41	7	0
94	77	0
96	52	0
96	9	1
59	1	0
35	6	0
97	84	0
27	72	0
7	95	1
32	32	0
65	51	0
74	67	0
55	77	0
81	77	0
75	29	0
77	82	0
87	33	0
91	75	0
47	34	0
98	71	0
65	11	0
36	60	0
78	93	0
91	46	0
84	44	0
76	86	0
89	42	0
39	54	0
52	94	1
73	88	0
23	71	0
87	82	0
1	92	0
86	36	0
95	63	0
38	5	0
45	50	0
16	16	0
91	37	0
59	85	0
16	26	0
77	37	0
75	78	0
22	36	0
81	44	0
81	5	0
96	69	0
68	23	0
97	91	0
22	35	0
75	57	0
89	42	0
63	54	0
2	56	0
98	72	0
95	60	0
15	83	0
72	86	0
44	14	0
70	60	1
54	97	1
73	96	0
94	41	0
60	8	0
69	41	0
75	31	0
92	58	0
68	31	1
90	77	0
94	85	0
81	95	0
12	12	0
3	76	0
80	90	0
63	92	0
52	12	0
82	51	0
96	6	0
95	79	0
58	71	0
63	73	0
97	4	0
85	37	0
7	44	0
3	97	0
88	87	0
94	96	0
89	91	0
78	65	0
69	80	0
10	84	0
27	24	0
3	16	0
44	39	0
83	41	0
59	58	0
64	6	0
78	87	0
79	75	0
81	43	0
71	60	1
29	17	0
94	48	0
69	91	0
59	35	0
62	82	0
91	65	0
9	54	0
53	79	0
56	79	1
1	43	0
70	79	0
98	42	0
92	68	0
47	92	1
89	30	0
91	5	1
99	67	0
65	68	0
5	93	0
83	93	0
15	20	0
13	85	0
63	74	0
66	61	0
91	98	0
2	81	0
83	56	0
11	4	0
11	89	0
9	14	0
90	57	0
13	24	0
2	33	0
79	30	0
68	75	0
95	77	0
82	48	0
80	76	0
70	82	0
4	78	0
95	63	0
62	25	0
94	34	0
73	86	0
75	71	0
40	86	0
95	75	0
37	73	0
4	97	0
77	41	0
30	36	0
61	87	0
34	72	0
62	93	0
92	53	0
86	28	0
69	71	0
98	77	0
91	49	0
95	98	0
90	68	0
69	24	0
78	79	0
83	67	0
99	27	0
49	63	0
66	32	0
87	89	0
86	63	0
25	76	0
88	34	0
85	41	0
87	40	0
98	80	0
77	52	0
0	88	0
18	99	1
37	29	0
25	68	0
63	8	0
4	93	0
81	45	0
9	12	0
17	51	0
62	67	0
70	81	0
76	54	0
69	40	0
81	72	1
77	41	0
12	40	0
89	77	0
59	92	1
83	16	0
11	86	0
98	52	0
55	23	1
23	14	0
23	33	0
68	47	0
96	35	0
18	2	0
41	1	0
53	64	0
93	85	0
25	0	0
58	1	0
87	80	0
57	83	0
22	53	0
94	47	0
84	64	0
10	95	1
4	94	0
45	34	0
96	37	0
20	32	0
84	32	0
77	11	0
34	33	0
54	80	1
22	39	0
82	38	0
62	92	0
80	40	0
12	11	0
92	54	0
80	45	0
82	25	1
62	98	1
75	45	0
49	97	0
56	49	0
70	43	0
46	93	1
87	48	0
98	95	0
91	86	0
71	69	0
76	30	0
93	45	0
89	98	0
95	97	0
80	25	1
84	69	0
82	95	0
51	78	0
0	17	0
28	94	0
89	37	0
77	30	0
83	48	0
73	51	0
93	63	0
89	38	0
15	77	0
11	7	0
52	83	0
27	73	0
37	2	0
5	81	0
92	45	0
92	82	0
82	50	0
95	92	0
98	39	0
