98	68	0
20	15	0
62	95	0
5	3	0
94	38	0
97	99	0
43	17	1
47	82	0
56	24	0
81	53	0
4	90	0
4	9	0
14	97	0
97	35	0
73	74	0
41	33	0
84	71	0
95	17	0
56	96	0
43	70	0
82	68	0
49	11	0
25	86	0
54	19	0
88	68	0
80	91	0
84	78	0
14	33	0
56	20	1
54	37	0
86	26	0
78	66	0
12	75	0
31	96	0
83	11	0
64	92	0
31	10	0
50	68	0
82	72	0
97	72	0
59	66	0
99	33	0
15	74	0
66	11	0
98	69	0
20	75	0
55	2	0
9	74	0
42	98	0
34	64	0
88	54	0
53	36	0
38	17	0
99	89	0
89	96	0
94	15	0
28	89	0
97	7	0
24	17	0
77	93	0
31	8	1
3	90	0
84	6	0
21	70	0
68	92	0
36	59	0
10	27	0
72	83	0
89	35	0
25	94	0
47	96	0
67	27	0
29	92	0
53	95	0
15	13	0
98	16	0
77	29	0
53	75	0
86	36	0
86	60	0
54	7	0
67	43	0
2	99	0
69	7	0
43	74	0
43	2	1
57	24	0
86	13	0
38	53	1
86	58	0
1	53	0
77	86	0
2	80	0
35	94	0
97	56	0
73	29	0
33	68	0
33	63	1
75	1	0
67	52	0
14	77	0
32	0	0
65	68	0
43	33	0
6	99	0
95	28	0
39	83	0
79	70	0
90	4	0
60	84	0
63	76	0
5	27	0
61	92	0
96	83	0
81	54	0
22	87	0
68	31	0
80	6	0
97	59	0
86	37	0
93	51	0
34	46	0
60	14	1
58	66	0
9	27	0
49	31	0
85	55	0
52	23	1
48	79	0
58	75	0
62	22	0
49	37	0
52	23	1
59	79	0
50	58	0
45	96	0
75	42	0
65	68	0
54	72	0
93	56	0
27	14	0
42	38	0
17	16	0
19	82	0
30	60	0
77	44	0
55	38	0
87	2	0
32	80	0
52	24	1
30	37	0
67	85	0
27	66	0
59	62	0
45	85	0
43	48	1
37	1	0
59	18	0
41	94	0
24	61	0
73	79	0
92	62	0
21	96	0
89	71	0
31	50	0
22	76	0
50	74	0
47	48	1
17	33	0
75	82	0
97	88	0
46	72	0
79	41	0
4	41	1
64	9	1
61	46	0
56	16	0
74	19	0
8	52	1
37	57	0
53	13	0
33	65	0
94	33	0
29	94	0
21	62	0
76	93	0
49	50	1
21	22	0
38	82	0
52	16	0
96	97	0
34	91	0
97	0	0
19	76	0
98	31	0
55	97	0
71	86	0
61	57	0
26	52	0
15	71	0
56	1	0
58	86	0
96	51	0
38	89	0
67	72	0
88	23	0
51	74	0
32	80	0
36	84	0
29	19	0
66	25	0
78	48	0
52	38	0
74	69	0
2	56	1
73	19	0
20	90	0
61	60	0
86	34	0
77	36	0
47	2	0
5	38	1
88	29	0
73	78	0
63	98	0
75	56	0
99	29	0
88	10	0
3	37	0
87	71	0
34	98	0
86	83	0
43	99	0
46	35	0
85	37	0
26	96	0
87	20	0
20	57	0
28	84	0
48	15	0
23	86	0
76	88	0
86	75	0
92	61	0
99	52	0
17	85	0
43	69	0
87	11	0
88	53	0
41	0	0
35	25	0
41	56	0
77	42	0
25	55	0
38	40	0
27	75	0
77	98	0
96	57	0
59	74	0
96	7	0
95	30	0
62	6	0
91	47	0
75	50	0
61	79	0
3	35	0
43	57	0
71	27	0
12	86	0
31	62	0
8	93	0
92	63	0
41	7	1
81	66	0
80	2	0
99	81	0
21	2	0
41	97	0
23	67	0
59	99	0
41	30	0
80	16	0
84	10	0
56	12	1
91	14	0
51	51	0
75	26	0
76	58	0
9	5	0
2	56	1
29	97	0
23	78	0
54	98	0
44	70	0
78	41	0
64	3	0
47	87	0
48	62	0
96	95	0
3	42	1
58	41	0
65	89	0
78	21	0
26	6	0
50	1	0
52	15	0
33	31	0
86	56	0
73	16	0
19	42	0
14	30	0
34	51	0
41	36	0
95	69	0
88	63	0
2	50	1
65	33	0
84	6	0
71	12	0
74	16	0
51	40	0
41	29	0
8	72	0
79	82	0
41	91	0
8	95	0
32	56	0
54	11	1
53	36	0
84	38	0
73	52	0
82	75	0
83	85	0
79	34	0
71	84	0
75	9	0
75	58	0
72	53	0
66	54	0
94	75	0
77	9	0
90	16	0
21	44	0
58	94	0
61	71	0
74	14	0
20	78	0
98	40	0
56	99	0
99	25	0
61	26	0
34	56	0
59	45	0
32	63	0
59	78	0
78	29	0
80	78	0
20	90	0
95	95	0
47	12	1
6	78	0
45	49	1
94	0	0
86	31	0
38	75	0
54	54	0
66	43	0
20	96	0
73	27	0
90	58	0
48	31	0
40	91	0
26	9	0
45	45	0
50	91	0
3	43	1
36	86	0
42	82	0
50	19	1
18	67	0
12	28	0
76	7	0
75	32	0
99	12	0
79	99	0
30	66	0
33	27	0
77	9	0
58	48	0
69	97	0
2	25	0
50	86	0
95	54	0
29	78	0
72	0	0
43	66	0
65	18	0
55	11	1
83	21	0
92	41	0
7	85	0
72	10	0
82	97	0
30	99	0
86	71	0
49	51	1
14	29	0
64	94	0
70	44	0
5	76	0
71	26	0
91	43	0
72	50	0
73	59	0
19	50	0
98	47	0
21	90	0
96	63	0
21	99	0
87	92	0
41	30	0
69	76	0
57	93	0
47	50	1
63	95	0
81	48	0
45	48	0
26	62	0
87	3	0
4	86	0
82	57	0
22	94	0
45	51	0
42	68	0
78	26	0
27	57	0
53	28	0
90	53	0
72	22	0
81	88	0
41	91	0
37	56	1
40	41	0
64	98	0
55	20	1
40	87	0
88	82	0
88	74	0
75	9	0
21	10	0
39	39	0
36	57	0
39	5	1
6	79	0
87	80	0
61	87	0
66	51	0
67	12	0
39	67	0
37	76	0
91	51	0
88	3	0
17	69	0
75	5	0
51	60	0
50	28	1
41	9	1
35	43	0
85	88	0
25	75	0
58	86	0
70	19	0
75	12	0
50	56	0
60	83	0
21	97	0
93	23	0
81	10	0
79	25	0
12	68	0
13	99	0
13	80	0
59	35	0
71	83	0
77	95	0
3	32	0
62	55	0
73	90	0
75	61	0
66	65	0
21	98	0
8	78	0
44	27	0
7	25	0
44	38	0
31	43	0
94	32	0
81	50	0
61	8	0
66	31	0
55	50	0
39	24	0
89	78	0
56	76	0
82	49	0
32	65	0
42	97	0
78	56	0
54	11	1
29	13	0
98	50	0
65	88	0
44	33	0
48	58	0
30	97	0
65	99	0
91	67	0
24	80	0
66	50	0
5	72	0
56	53	0
44	77	0
64	54	0
54	75	0
60	89	0
7	58	0
56	51	0
79	48	0
79	61	0
37	78	0
74	86	0
46	28	0
99	21	0
53	44	0
97	11	0
7	79	0
54	87	0
91	71	0
70	70	0
16	92	0
9	69	0
80	83	0
43	26	0
5	82	0
73	98	0
50	63	0
88	65	0
20	89	0
74	40	0
21	1	0
46	87	0
20	82	0
12	19	0
90	54	0
92	19	0
49	20	1
74	32	0
75	13	0
21	14	0
25	55	0
77	29	0
0	78	0
60	76	0
4	38	0
24	77	0
62	51	0
63	94	0
67	44	0
76	86	0
74	55	0
72	82	0
3	85	0
52	46	0
28	79	0
78	51	0
56	44	0
95	46	0
99	93	0
80	93	0
50	64	0
75	51	0
69	70	0
38	55	1
66	5	0
66	83	0
87	75	0
89	5	0
58	78	0
2	98	0
50	25	1
52	40	0
71	37	0
67	30	0
72	21	0
19	86	0
75	26	0
32	67	0
91	15	0
40	62	0
47	33	0
60	89	0
71	78	0
46	80	0
74	95	0
81	59	0
86	47	0
97	72	0
81	96	0
97	43	0
33	65	0
83	80	0
44	76	0
77	88	0
97	50	0
45	84	0
88	68	0
87	52	0
79	33	0
42	45	0
3	63	0
57	80	0
75	9	0
67	27	0
80	81	0
64	42	0
11	85	0
20	91	0
60	39	0
86	19	0
85	51	0
98	4	0
80	97	0
53	25	1
56	41	0
34	76	0
97	18	0
69	49	0
29	78	0
22	97	0
28	73	0
12	89	0
31	13	1
63	65	0
45	33	0
44	73	0
40	48	0
67	75	0
74	9	0
14	88	0
94	54	0
21	22	0
14	80	0
69	58	0
70	44	0
45	60	0
91	50	0
87	54	0
78	54	0
53	11	1
57	67	0
82	44	0
4	32	0
98	78	0
52	47	0
40	80	0
7	75	0
24	89	0
31	63	0
92	27	0
58	96	0
7	96	0
96	67	0
55	31	1
75	21	0
27	18	0
34	38	0
76	7	0
16	72	0
84	55	0
93	38	0
1	8	0
3	36	0
72	15	0
44	77	0
96	87	0
3	11	0
50	92	0
81	32	0
40	10	1
95	79	0
44	60	0
70	75	0
23	33	0
96	38	0
88	70	0
19	70	0
19	86	0
1	50	1
27	74	0
22	98	0
77	12	0
30	58	0
11	87	0
35	35	0
49	15	1
45	62	0
66	43	0
47	7	1
34	77	0
97	25	0
7	27	0
76	50	0
85	25	0
54	57	0
29	19	0
43	9	0
17	94	0
42	81	0
26	62	0
22	19	0
20	79	0
24	74	0
70	56	0
94	42	0
34	64	0
81	99	0
46	31	0
60	72	0
42	81	0
16	87	0
89	42	0
42	60	0
6	21	0
90	51	0
66	50	0
90	23	0
89	21	0
73	33	0
58	90	0
45	39	0
63	43	0
60	30	0
37	2	0
33	94	0
58	67	0
89	29	0
64	98	0
84	57	0
78	47	0
35	80	0
33	76	0
81	28	0
52	44	0
69	1	0
96	97	0
77	79	0
51	79	0
74	29	0
87	78	0
19	78	0
61	30	0
18	98	0
36	63	0
85	61	0
64	10	1
96	96	0
86	9	0
97	93	0
58	10	0
67	21	0
77	52	0
68	29	0
10	86	0
57	94	0
65	80	0
5	23	0
10	85	0
18	75	0
43	11	1
40	39	0
6	46	1
83	42	0
48	15	1
3	62	0
25	84	0
61	92	0
93	44	0
3	72	0
67	42	0
27	92	0
84	54	0
74	40	0
25	54	0
83	39	0
75	41	0
64	63	0
10	58	1
54	46	0
3	84	0
4	8	0
83	71	0
15	66	0
20	5	0
4	93	0
23	70	0
99	41	0
69	83	0
82	63	0
95	83	0
51	55	0
59	36	0
1	75	0
53	59	0
37	54	1
64	36	0
87	22	0
