99	66	0
50	16	0
40	20	0
40	86	0
1	41	0
90	30	0
94	77	0
5	4	0
43	13	0
69	92	0
43	35	0
79	43	0
3	89	0
24	4	0
15	60	0
98	3	0
91	80	0
67	29	0
29	62	0
97	64	0
98	2	0
42	72	0
79	82	0
81	83	0
71	1	0
27	90	0
56	11	0
80	78	0
70	89	0
94	53	0
1	40	0
27	29	0
46	26	0
82	22	0
36	48	0
94	75	0
9	95	0
72	72	0
88	15	0
84	95	0
41	11	0
25	53	0
68	55	0
99	56	0
58	80	0
95	51	0
17	98	0
35	43	0
59	16	0
88	40	0
23	62	0
60	11	0
33	88	0
53	87	0
26	70	0
98	68	0
51	21	0
36	56	0
89	69	0
99	98	0
83	15	0
24	95	0
90	5	0
53	15	0
92	67	0
40	35	0
13	83	0
88	7	0
33	83	0
87	74	0
58	50	0
20	31	0
89	78	0
26	39	0
24	50	0
89	38	0
19	20	1
17	35	0
39	81	0
64	93	0
71	29	0
41	95	0
65	99	0
2	10	0
15	27	0
92	14	0
96	16	0
43	57	0
81	41	0
20	29	0
74	50	0
41	53	0
31	10	0
33	1	0
69	49	0
24	81	0
57	3	0
47	82	0
39	5	0
35	29	0
86	42	0
47	64	0
62	51	0
20	74	0
67	75	0
9	77	0
49	82	0
87	48	0
69	13	0
51	80	0
7	47	0
62	11	0
54	72	0
12	71	0
42	1	0
21	57	0
18	32	0
92	84	0
44	38	0
1	4	0
33	97	0
83	3	0
67	65	0
21	37	0
79	83	0
96	16	0
65	69	0
57	90	0
34	18	0
62	97	0
24	17	0
68	82	0
61	51	0
31	96	0
79	28	0
36	34	0
17	31	0
75	2	0
11	11	1
2	74	0
16	14	1
99	71	0
86	9	0
86	39	0
46	59	0
64	6	0
79	97	0
6	6	0
36	13	0
12	12	1
86	81	0
36	33	0
91	69	0
84	83	0
59	25	0
52	37	0
74	53	0
5	50	0
25	82	0
11	57	0
82	80	0
53	64	0
37	97	0
84	49	0
70	71	0
57	81	0
20	40	0
91	82	0
4	44	0
31	36	0
22	19	0
24	73	0
31	76	0
99	26	0
46	34	0
74	10	0
40	79	0
71	23	0
60	27	0
75	77	0
20	48	0
65	60	0
32	98	0
33	64	0
34	4	0
68	18	0
26	94	0
10	83	0
73	83	0
87	53	0
22	85	0
28	33	0
81	73	0
24	50	0
36	76	0
35	98	0
52	40	0
34	4	0
16	43	0
78	91	0
91	89	0
57	92	0
73	16	0
5	62	0
60	3	0
61	17	0
63	24	0
85	22	0
26	58	0
6	70	0
51	61	0
68	37	0
33	75	0
90	22	0
61	88	0
29	70	0
27	15	0
80	73	0
36	73	0
42	4	0
1	88	0
87	19	0
98	76	0
82	90	0
84	21	0
3	81	0
20	82	0
97	50	0
57	74	0
36	48	0
44	76	0
60	70	0
56	53	0
8	81	0
35	64	0
64	11	0
5	60	0
64	99	0
67	39	0
32	88	0
92	61	0
42	9	0
41	58	0
6	76	0
40	89	0
58	29	0
72	18	0
12	36	0
90	61	0
68	49	0
81	50	0
13	88	0
60	8	0
19	82	0
62	72	0
57	52	0
69	64	0
55	2	0
26	9	0
9	61	0
78	48	0
50	11	0
65	56	0
50	81	0
60	53	0
90	29	0
96	15	0
9	65	0
84	68	0
21	93	0
16	16	1
91	56	0
38	94	0
56	35	0
46	1	0
12	97	0
77	34	0
42	59	0
36	73	0
51	3	0
20	89	0
80	78	0
84	88	0
55	33	0
91	73	0
12	89	0
37	48	0
63	6	0
61	19	0
31	27	0
49	0	0
59	12	0
53	43	0
67	35	0
28	50	0
24	48	0
55	54	0
68	72	0
85	76	0
51	91	0
73	10	0
99	55	0
75	5	0
9	55	0
24	11	0
90	39	0
53	29	0
73	78	0
10	44	0
52	64	0
61	26	0
28	96	0
31	90	0
37	73	0
88	51	0
45	30	0
48	0	0
23	48	0
91	54	0
71	10	0
71	93	0
19	4	0
68	96	0
9	77	0
44	87	0
34	30	0
1	57	0
8	12	1
81	9	0
22	32	0
79	15	0
39	10	0
7	1	0
85	15	0
30	55	0
17	42	0
89	29	0
95	54	0
8	31	0
24	33	0
5	57	0
39	90	0
11	74	0
2	4	0
43	97	0
49	62	0
44	26	0
10	15	1
56	30	0
45	82	0
37	68	0
95	94	0
37	27	0
15	52	0
34	41	0
57	67	0
74	99	0
46	8	0
75	2	0
33	9	0
42	8	0
55	7	0
21	52	0
79	59	0
64	2	0
26	44	0
61	5	0
52	56	0
52	53	0
31	58	0
76	78	0
66	55	0
13	74	0
52	35	0
26	16	0
97	8	0
46	0	0
61	21	0
58	30	0
19	41	0
11	75	0
64	76	0
12	78	0
37	93	0
24	90	0
44	19	0
31	37	0
85	67	0
56	46	0
6	72	0
72	78	0
63	83	0
28	29	0
70	18	0
70	93	0
67	8	0
99	64	0
77	42	0
37	15	0
34	44	0
37	39	0
91	80	0
16	25	0
70	23	0
87	2	0
15	55	0
34	91	0
73	75	0
81	4	0
1	71	0
92	40	0
53	93	0
13	9	1
69	3	0
60	53	0
40	56	0
63	51	0
29	38	0
50	35	0
79	78	0
67	51	0
39	33	0
70	67	0
24	48	0
28	88	0
82	91	0
43	17	0
0	76	0
72	20	0
84	18	0
73	44	0
15	63	0
60	20	0
23	31	0
54	38	0
11	96	0
64	48	0
60	16	0
88	48	0
45	25	0
32	78	0
45	2	0
81	39	0
6	2	0
61	95	0
1	92	0
35	35	0
53	78	0
53	27	0
15	97	0
14	49	0
14	39	0
61	16	0
98	35	0
77	22	0
91	98	0
34	60	0
22	18	1
40	14	0
32	26	0
86	14	0
52	62	0
81	78	0
27	29	0
69	97	0
77	66	0
38	76	0
75	3	0
68	43	0
82	16	0
66	25	0
40	24	0
34	34	0
99	1	0
59	26	0
5	73	0
92	15	0
99	90	0
7	90	0
89	65	0
42	45	0
33	7	0
92	85	0
82	55	0
27	95	0
65	24	0
75	37	0
92	64	0
81	71	0
32	76	0
77	77	0
31	95	0
92	74	0
34	43	0
27	89	0
98	89	0
30	32	0
30	39	0
74	70	0
62	96	0
52	72	0
13	10	1
48	82	0
66	61	0
35	57	0
38	71	0
85	20	0
12	90	0
90	47	0
23	77	0
40	58	0
42	82	0
85	31	0
29	33	0
19	48	0
5	16	1
63	42	0
97	69	0
60	25	0
78	93	0
67	97	0
35	38	0
57	15	0
30	45	0
16	77	0
37	31	0
58	68	0
68	90	0
32	23	0
74	85	0
51	35	0
36	12	0
63	34	0
25	77	0
46	12	0
8	59	0
95	84	0
60	99	0
49	48	0
79	13	0
40	64	0
45	49	0
95	57	0
92	3	0
3	71	0
73	2	0
83	79	0
70	28	0
36	0	0
34	70	0
76	77	0
36	81	0
53	83	0
82	15	0
12	73	0
59	9	0
51	74	0
63	98	0
29	90	0
93	9	0
90	20	0
67	9	0
36	87	0
10	89	0
6	91	0
74	54	0
74	60	0
77	65	0
13	40	0
87	50	0
67	56	0
15	18	1
85	74	0
68	60	0
18	46	0
15	71	0
37	28	0
44	35	0
1	53	0
58	61	0
49	40	0
92	40	0
80	33	0
78	0	0
78	31	0
45	88	0
21	16	0
16	51	0
69	38	0
99	84	0
70	76	0
97	75	0
23	43	0
57	66	0
62	55	0
25	62	0
81	38	0
12	29	1
23	63	0
47	26	0
89	59	0
72	95	0
49	51	0
21	64	0
34	2	0
77	67	0
24	76	0
46	25	0
81	80	0
87	75	0
18	88	0
49	58	0
18	76	0
82	74	0
40	59	0
53	61	0
39	82	0
63	65	0
33	32	0
17	62	0
90	77	0
78	53	0
96	61	0
33	85	0
56	74	0
66	30	0
18	23	0
88	24	0
36	33	0
97	3	0
19	90	0
28	31	0
1	20	1
31	89	0
82	62	0
20	41	0
93	62	0
13	95	0
14	70	0
30	3	0
95	88	0
25	32	0
1	85	0
73	90	0
37	64	0
80	73	0
26	80	0
96	23	0
24	20	0
37	86	0
26	73	0
33	16	0
26	39	0
14	29	0
99	69	0
88	9	0
53	10	0
68	8	0
88	42	0
30	7	0
42	33	0
98	37	0
8	61	0
44	90	0
5	49	0
22	80	0
71	54	0
46	96	0
65	49	0
77	79	0
37	30	0
82	70	0
35	67	0
86	46	0
12	80	0
62	37	0
31	70	0
71	28	0
57	42	0
92	87	0
85	93	0
85	90	0
24	87	0
21	40	0
51	53	0
46	63	0
39	30	0
22	10	0
42	67	0
8	45	0
66	0	0
72	87	0
88	54	0
99	13	0
14	48	0
3	0	0
81	98	0
5	87	0
54	16	0
55	42	0
73	11	0
16	0	0
46	13	0
18	36	0
1	28	1
48	19	0
57	8	0
38	80	0
53	20	0
36	91	0
72	1	0
27	43	0
47	63	0
64	16	0
89	64	0
65	73	0
43	67	0
51	99	0
80	85	0
3	14	0
91	59	0
14	63	0
82	73	0
52	86	0
18	36	0
16	61	0
96	48	0
30	86	0
94	96	0
63	86	0
44	10	0
44	55	0
75	60	0
48	91	0
78	50	0
97	72	0
78	23	0
20	68	0
6	63	0
72	91	0
74	40	0
56	65	0
59	5	0
30	19	0
70	71	0
25	42	0
13	64	0
35	45	0
50	45	0
26	13	0
61	29	0
7	90	0
23	39	0
14	63	0
2	65	0
80	60	0
28	23	0
60	14	0
95	20	0
83	0	0
54	68	0
0	63	0
65	29	0
41	38	0
11	14	1
21	21	1
75	69	0
75	15	0
42	40	0
48	67	0
52	86	0
18	95	0
21	62	0
44	90	0
27	40	0
75	88	0
51	37	0
28	82	0
14	16	1
50	25	0
8	47	0
57	54	0
67	15	0
28	73	0
85	55	0
52	44	0
55	48	0
44	19	0
2	70	0
70	63	0
69	52	0
42	35	0
75	58	0
79	77	0
74	40	0
66	13	0
88	74	0
86	20	0
6	74	0
69	78	0
25	9	0
52	31	0
6	0	0
10	55	0
11	82	0
28	92	0
30	54	0
93	31	0
13	51	0
56	96	0
14	82	0
98	67	0
53	69	0
85	39	0
17	2	0
63	19	0
47	8	0
11	3	0
22	86	0
50	61	0
80	74	0
68	48	0
15	4	0
23	35	0
60	12	0
0	77	0
72	4	0
38	72	0
59	28	0
69	97	0
9	38	0
6	92	0
92	60	0
26	21	0
84	74	0
63	57	0
69	40	0
46	28	0
93	32	0
89	67	0
17	64	0
5	93	0
25	50	0
2	89	0
8	96	0
93	29	0
30	51	0
0	99	0
51	8	0
68	2	0
39	46	0
27	20	0
73	43	0
37	20	0
24	81	0
27	35	0
62	10	0
4	42	0
91	49	0
86	5	0
59	48	0
34	2	0
44	23	0
10	98	0
58	78	0
34	64	0
12	11	1
37	16	0
2	82	0
2	77	0
65	54	0
87	45	0
45	36	0
27	76	0
25	34	0
90	89	0
68	27	0
39	83	0
64	96	0
21	18	0
5	87	0
64	15	0
62	70	0
39	37	0
96	70	0
32	71	0
96	23	0
82	18	0
98	21	0
86	87	0
47	55	0
22	83	0
86	11	0
33	4	0
72	80	0
69	69	0
17	40	0
69	44	0
66	82	0
83	14	0
94	44	0
15	67	0
52	47	0
28	24	0
91	24	0
51	49	0
69	12	0
91	89	0
84	73	0
52	70	0
76	30	0
61	67	0
6	93	0
36	5	0
7	96	0
16	75	0
64	67	0
76	98	0
84	11	0
95	90	0
76	0	0
14	10	0
86	73	0
66	10	0
97	36	0
74	56	0
53	43	0
19	63	0
60	92	0
52	72	0
8	43	0
9	44	0
39	92	0
1	74	0
50	6	0
40	53	0
9	65	0
43	34	0
13	21	1
0	40	0
99	48	0
57	29	0
0	42	0
25	89	0
73	63	0
3	6	0
86	78	0
19	80	0
62	44	0
40	56	0
90	47	0
60	43	0
0	10	0
9	12	1
5	53	0
26	60	0
87	73	0
63	45	0
96	71	0
5	55	0
68	58	0
19	73	0
1	10	0
74	77	0
0	15	1
29	68	0
44	6	0
29	25	0
10	74	0
34	87	0
2	0	0
79	37	0
62	63	0
79	65	0
78	80	0
45	86	0
31	19	0
2	69	0
9	12	1
42	65	0
40	48	0
55	49	0
81	12	0
