86	69	0
47	17	0
38	29	0
51	98	0
11	9	0
98	37	0
98	89	0
38	6	0
64	81	0
45	16	0
94	45	0
7	77	0
20	6	0
21	65	0
98	23	0
82	80	0
57	32	0
21	49	0
94	65	0
94	10	0
45	91	0
60	72	0
79	85	0
53	1	0
42	79	0
56	4	0
85	76	0
61	85	0
82	73	0
1	28	0
62	23	0
35	16	0
86	32	0
36	52	0
89	62	0
6	93	0
41	98	0
94	25	0
77	92	0
49	2	0
26	64	0
94	59	0
94	72	0
53	67	0
95	53	0
4	83	0
22	37	1
66	2	0
90	59	0
18	69	0
62	6	0
8	81	0
53	95	0
37	75	0
99	67	0
49	32	0
24	26	0
87	80	0
97	96	0
99	16	0
11	93	0
93	18	0
42	1	0
74	78	0
44	11	0
7	92	0
81	5	0
45	82	0
72	96	0
53	66	0
6	30	0
69	92	0
29	37	1
15	56	0
88	32	0
16	39	0
27	86	0
53	97	0
65	27	0
33	93	0
63	97	0
1	24	0
98	10	0
91	24	0
37	58	0
76	39	0
21	36	1
79	56	0
26	35	1
45	10	0
37	2	0
64	38	0
20	98	0
61	15	0
54	87	0
38	7	0
45	28	0
85	41	0
35	65	0
75	43	0
12	62	0
79	80	0
1	73	0
29	91	0
97	56	0
60	9	0
44	68	0
28	57	0
62	5	0
67	51	0
2	58	0
31	3	0
22	45	0
40	34	0
70	91	0
58	44	0
21	97	0
84	7	0
53	74	0
79	83	0
97	5	0
62	78	0
47	73	0
31	9	0
58	94	0
93	73	0
70	65	0
24	99	0
67	36	0
34	16	0
16	44	0
77	10	0
13	63	0
94	65	0
95	25	0
86	33	0
35	55	0
60	21	0
84	71	0
18	15	0
33	12	0
81	64	0
38	33	0
68	73	0
70	86	0
54	29	0
43	30	0
59	40	0
17	42	0
29	53	0
20	62	0
75	81	0
43	53	0
38	96	0
81	46	0
82	69	0
58	83	0
26	32	1
97	69	0
14	29	0
51	46	0
19	11	0
24	86	0
34	76	0
86	33	0
36	36	0
71	13	0
40	83	0
55	28	0
46	49	0
80	79	0
29	61	0
53	73	0
35	86	0
37	47	0
43	12	0
53	11	0
29	73	0
25	83	0
78	77	0
93	67	0
28	86	0
29	33	1
96	69	0
30	51	0
25	88	0
57	75	0
38	55	0
30	12	0
13	30	0
70	96	0
90	82	0
59	71	0
72	34	0
5	59	0
55	9	0
78	31	0
62	28	0
67	29	0
17	68	0
0	57	0
54	49	0
77	27	0
36	64	0
91	32	0
33	95	0
28	64	0
40	21	0
82	79	0
35	55	0
31	10	0
18	89	0
57	11	0
95	87	0
69	92	0
97	8	0
5	81	0
22	65	0
90	36	0
54	75	0
44	38	0
55	61	0
48	72	0
47	66	0
21	75	0
29	55	0
70	0	0
0	64	0
59	84	0
90	44	0
44	89	0
80	60	0
64	30	0
45	70	0
21	85	0
40	97	0
51	38	0
72	32	0
26	33	1
86	59	0
76	40	0
71	71	0
6	50	0
53	14	0
9	87	0
63	63	0
57	39	0
66	36	0
51	26	0
7	57	0
85	17	0
46	10	0
67	66	0
47	76	0
74	34	0
99	35	0
91	0	0
5	59	0
96	75	0
25	95	0
93	71	0
42	92	0
57	33	0
56	11	0
18	90	0
70	28	0
44	68	0
38	77	0
47	7	0
28	96	0
79	87	0
65	89	0
74	44	0
88	75	0
21	96	0
46	62	0
67	2	0
67	37	0
32	14	0
36	1	0
56	9	0
56	61	0
78	41	0
43	48	0
37	51	0
35	72	0
71	87	0
83	68	0
58	79	0
87	1	0
79	40	0
65	2	0
22	46	0
29	32	0
74	45	0
62	43	0
70	65	0
14	34	0
40	66	0
63	26	0
25	88	0
26	90	0
28	74	0
94	66	0
47	15	0
35	1	0
25	53	0
86	64	0
58	13	0
73	93	0
13	3	0
54	98	0
1	69	0
34	87	0
40	33	0
2	60	0
84	20	0
22	35	1
73	3	0
47	14	0
89	11	0
36	47	0
22	50	0
77	26	0
85	59	0
15	22	0
26	33	1
4	61	0
34	97	0
1	87	0
45	92	0
56	72	0
55	40	0
63	16	0
41	82	0
45	70	0
83	91	0
28	24	0
11	54	0
28	47	0
61	64	0
71	84	0
34	22	0
79	22	0
40	0	0
53	0	0
58	23	0
34	43	0
78	74	0
89	10	0
22	43	0
53	19	0
52	49	0
42	33	0
35	53	0
80	75	0
77	51	0
16	55	0
57	32	0
96	9	0
63	6	0
53	27	0
52	35	0
35	28	0
1	72	0
62	77	0
28	72	0
25	92	0
25	95	0
58	18	0
41	34	0
97	40	0
86	51	0
1	77	0
83	73	0
73	76	0
78	26	0
76	80	0
82	6	0
85	60	0
71	53	0
39	22	0
61	50	0
27	50	0
84	80	0
67	19	0
95	8	0
27	46	0
36	92	0
72	73	0
84	17	0
12	66	0
95	27	0
38	95	0
81	17	0
69	48	0
39	54	0
56	38	0
25	42	0
29	48	0
61	84	0
80	33	0
39	13	0
69	72	0
22	67	0
12	94	0
92	90	0
32	37	0
2	84	0
58	34	0
85	19	0
85	43	0
7	63	0
63	30	0
45	26	0
43	41	0
8	97	0
78	22	0
54	4	0
88	45	0
49	43	0
22	75	0
11	0	0
59	65	0
56	89	0
3	53	0
46	69	0
41	80	0
50	33	0
15	94	0
6	47	0
22	44	0
63	13	0
92	30	0
92	18	0
78	87	0
24	58	0
29	27	0
39	24	0
80	3	0
67	61	0
75	92	0
16	42	0
63	93	0
98	63	0
37	82	0
70	8	0
67	53	0
69	21	0
74	9	0
47	27	0
45	14	0
98	2	0
82	35	0
6	77	0
84	8	0
90	96	0
23	94	0
97	67	0
48	56	0
11	28	0
91	95	0
59	43	0
5	97	0
67	35	0
70	38	0
71	60	0
83	64	0
26	73	0
84	70	0
33	89	0
97	80	0
37	94	0
96	77	0
31	34	1
41	30	0
53	69	0
65	99	0
43	65	0
72	98	0
66	50	0
33	62	0
32	67	0
80	10	0
11	86	0
92	53	0
24	87	0
49	72	0
47	84	0
87	43	0
38	56	0
21	31	1
46	24	0
86	53	0
66	14	0
89	89	0
57	92	0
41	51	0
58	1	0
38	43	0
50	87	0
31	22	0
50	60	0
72	75	0
38	22	0
98	94	0
47	19	0
19	5	0
55	27	0
21	77	0
40	6	0
19	58	0
91	92	0
62	87	0
58	55	0
64	10	0
41	70	0
46	49	0
99	53	0
89	3	0
3	69	0
76	1	0
56	74	0
63	30	0
46	15	0
35	66	0
83	80	0
35	71	0
39	76	0
81	27	0
25	46	0
64	31	0
42	65	0
66	87	0
32	92	0
83	7	0
98	22	0
66	11	0
25	78	0
16	96	0
18	85	0
70	42	0
78	71	0
73	80	0
15	44	0
79	42	0
72	72	0
81	75	0
55	67	0
17	73	0
14	64	0
47	21	0
38	15	0
0	35	0
40	53	0
30	42	0
87	28	0
79	34	0
72	3	0
79	45	0
51	62	0
19	67	0
50	23	0
92	84	0
50	90	0
71	64	0
27	55	0
39	82	0
70	48	0
31	51	0
80	27	0
20	51	0
37	25	0
87	53	0
88	96	0
53	54	0
4	62	0
48	8	0
59	60	0
26	84	0
40	29	0
83	92	0
94	70	0
19	82	0
70	51	0
6	66	0
84	60	0
34	56	0
53	59	0
34	79	0
58	71	0
7	48	0
81	69	0
66	58	0
86	48	0
19	69	0
61	85	0
55	22	0
93	29	0
52	32	0
99	12	0
11	87	0
34	36	0
34	63	0
85	61	0
25	56	0
82	69	0
16	94	0
18	83	0
96	90	0
47	27	0
9	71	0
77	99	0
42	60	0
86	60	0
20	95	0
91	26	0
30	5	0
35	78	0
35	72	0
34	13	0
12	42	0
4	24	0
82	66	0
96	11	0
56	10	0
81	29	0
93	30	0
34	11	0
34	52	0
97	36	0
11	56	0
52	92	0
7	54	0
27	83	0
68	51	0
55	98	0
78	58	0
73	83	0
40	35	0
75	58	0
38	59	0
84	63	0
13	68	0
52	31	0
30	78	0
83	38	0
72	31	0
82	68	0
96	98	0
87	79	0
52	69	0
68	39	0
48	76	0
43	21	0
32	11	0
30	76	0
1	38	0
61	6	0
58	89	0
77	87	0
80	6	0
17	44	0
56	79	0
15	99	0
61	4	0
61	45	0
54	21	0
40	22	0
16	36	1
46	16	0
84	6	0
42	92	0
69	28	0
30	94	0
92	13	0
32	51	0
44	62	0
66	28	0
84	88	0
65	72	0
41	67	0
53	97	0
75	70	0
85	44	0
15	73	0
80	88	0
85	96	0
26	29	1
16	57	0
94	45	0
30	74	0
98	87	0
59	99	0
42	7	0
71	65	0
88	59	0
61	82	0
74	58	0
92	70	0
71	38	0
16	54	0
3	66	0
65	76	0
75	39	0
55	53	0
48	3	0
34	16	0
94	75	0
11	52	0
30	51	0
57	32	0
38	17	0
55	28	0
17	89	0
4	57	0
17	81	0
71	53	0
80	20	0
91	35	0
86	2	0
54	88	0
10	48	0
51	28	0
61	52	0
45	82	0
93	12	0
26	35	1
62	56	0
44	88	0
16	91	0
38	62	0
31	85	0
36	21	0
77	78	0
45	36	0
44	79	0
58	41	0
12	38	0
58	62	0
65	13	0
22	84	0
88	41	0
26	40	0
30	49	0
23	19	0
3	63	0
81	69	0
76	63	0
39	53	0
85	51	0
80	69	0
72	33	0
66	15	0
82	74	0
80	19	0
5	60	0
76	84	0
25	29	0
65	31	0
10	60	0
0	86	0
34	94	0
38	56	0
97	29	0
3	48	0
59	92	0
5	91	0
89	59	0
56	50	0
84	29	0
13	5	0
46	31	0
69	1	0
13	82	0
51	52	0
96	63	0
81	38	0
9	7	0
13	44	0
64	15	0
5	67	0
83	3	0
47	70	0
36	27	0
86	87	0
12	18	0
30	93	0
95	54	0
32	14	0
90	97	0
49	58	0
63	59	0
45	38	0
96	27	0
92	89	0
3	66	0
9	72	0
7	51	0
21	81	0
15	96	0
70	26	0
39	53	0
9	88	0
47	16	0
72	12	0
38	57	0
63	57	0
50	20	0
36	69	0
34	26	0
87	25	0
6	43	0
78	63	0
87	6	0
57	44	0
29	20	0
45	8	0
12	95	0
51	67	0
41	62	0
35	14	0
13	97	0
1	90	0
68	47	0
96	36	0
35	28	0
26	63	0
88	96	0
46	28	0
64	71	0
65	89	0
8	84	0
75	34	0
52	56	0
12	42	0
90	75	0
54	63	0
94	13	0
76	11	0
86	22	0
67	92	0
47	64	0
42	53	0
67	13	0
45	10	0
62	97	0
67	65	0
20	53	0
72	37	0
52	93	0
85	34	0
86	58	0
34	74	0
50	52	0
22	31	1
86	28	0
33	56	0
83	7	0
97	93	0
72	59	0
58	83	0
75	36	0
70	82	0
11	93	0
36	5	0
12	85	0
14	59	0
58	70	0
73	81	0
64	9	0
97	99	0
90	11	0
95	87	0
62	8	0
81	32	0
77	52	0
52	41	0
16	86	0
59	93	0
66	81	0
29	47	0
9	31	0
20	89	0
13	62	0
47	8	0
39	46	0
18	67	0
42	42	0
3	40	0
98	55	0
45	21	0
17	59	0
31	84	0
65	78	0
91	60	0
6	67	0
64	44	0
21	64	0
75	43	0
56	35	0
2	51	0
23	47	0
86	56	0
70	54	0
91	52	0
3	67	0
61	52	0
5	84	0
6	16	0
90	72	0
13	61	0
33	5	0
38	20	0
15	98	0
19	83	0
85	40	0
65	67	0
75	60	0
76	84	0
40	66	0
54	43	0
6	71	0
43	67	0
34	47	0
64	56	0
76	19	0
