78	64	0
35	32	0
62	97	0
16	12	0
93	35	0
88	93	0
69	43	0
5	76	0
3	8	0
14	94	0
86	42	0
69	81	0
29	30	0
67	75	0
95	53	0
54	96	1
60	69	0
40	30	0
89	77	0
96	85	0
72	77	0
7	26	0
71	71	0
73	33	0
65	86	0
52	68	0
62	81	0
94	48	0
98	30	0
94	70	0
37	2	0
48	89	1
83	33	0
30	14	0
96	73	0
91	69	0
89	22	1
93	10	0
17	33	0
64	77	0
2	85	0
95	11	1
60	96	0
19	30	0
80	74	0
95	37	0
56	93	0
3	17	0
90	12	0
70	39	0
73	13	1
51	41	0
74	35	0
16	97	1
88	69	0
57	90	0
18	62	0
38	89	1
93	55	0
37	35	0
32	6	0
65	63	0
12	94	0
97	30	0
34	69	0
86	61	0
98	6	0
74	94	0
67	80	0
6	23	0
75	81	0
80	67	0
81	41	0
17	98	1
60	36	0
87	43	0
84	37	0
92	40	0
16	60	0
1	14	0
87	61	0
57	99	0
39	82	0
58	91	0
74	41	0
60	68	0
83	76	0
80	78	0
18	15	0
10	9	0
83	60	0
87	1	0
15	49	0
73	74	0
65	78	0
62	78	0
55	10	0
51	96	1
75	88	0
78	52	0
11	88	0
90	83	0
0	94	0
17	51	0
91	87	0
87	75	0
51	78	0
76	44	0
80	39	0
57	67	0
22	56	0
45	22	0
90	88	0
71	5	0
84	38	0
82	96	0
63	75	0
74	77	0
20	27	0
14	76	1
69	99	0
73	65	1
60	92	0
30	83	0
34	36	0
74	52	1
57	47	0
58	81	0
69	40	0
2	96	0
91	35	0
64	24	1
51	29	0
83	18	1
65	70	0
75	93	0
90	71	0
86	6	1
91	26	0
99	79	0
69	75	0
52	84	0
15	74	0
95	11	1
10	51	0
78	73	0
78	73	0
88	52	0
86	55	0
87	65	0
51	13	0
35	22	0
75	59	0
27	72	0
59	84	0
82	73	0
99	42	0
99	30	0
72	63	0
66	99	0
59	8	0
1	93	0
14	97	0
96	59	0
59	67	1
90	74	0
13	19	0
45	93	1
84	7	1
81	9	0
89	26	0
84	22	0
79	32	0
12	15	0
30	73	0
54	92	0
84	38	0
75	92	0
90	76	0
64	32	0
65	82	0
6	5	0
33	8	0
44	26	0
68	38	0
3	55	0
30	14	0
96	87	0
95	54	0
96	11	1
62	1	0
34	9	0
98	87	0
28	76	0
8	95	0
38	34	0
74	51	0
73	68	0
50	69	0
82	80	0
73	29	0
81	77	0
86	35	0
83	70	0
58	35	0
95	72	0
66	13	0
99	11	1
31	57	0
77	89	0
98	42	0
89	44	0
79	92	0
92	40	0
45	46	0
57	94	0
69	84	0
23	78	0
85	82	0
6	94	0
94	11	1
19	99	1
84	32	0
93	63	0
30	2	0
49	92	1
45	54	0
9	14	0
87	50	0
87	7	1
71	91	0
15	22	0
75	27	0
75	79	0
14	32	0
79	37	0
77	2	0
94	68	0
68	16	0
92	91	0
13	36	0
53	97	1
64	57	0
93	38	0
59	47	0
2	57	0
90	72	0
94	61	0
1	84	0
76	88	0
38	19	0
63	51	0
63	98	0
67	94	0
98	48	0
63	9	0
71	40	0
79	35	0
93	57	0
76	34	0
87	71	0
45	95	1
51	89	1
88	98	0
81	95	0
14	8	0
4	85	0
74	83	0
70	92	0
55	20	0
82	54	0
99	1	0
98	84	0
64	80	0
91	20	1
62	77	0
88	23	1
95	5	0
86	28	0
13	46	0
4	99	0
91	88	0
86	92	0
86	84	0
83	60	0
77	79	0
6	91	0
26	21	0
4	13	0
40	42	0
84	39	0
63	64	0
59	2	0
75	83	0
79	82	0
81	47	0
72	57	0
28	22	0
99	43	0
78	96	0
57	38	0
72	82	0
95	67	0
19	57	0
46	72	0
56	79	0
56	87	1
3	49	0
72	76	0
94	40	0
93	66	0
55	92	0
89	29	0
85	7	1
91	69	0
64	73	0
2	94	0
77	92	0
20	24	0
6	91	0
69	73	0
64	65	0
87	91	0
1	80	0
85	55	0
17	1	0
50	88	1
7	84	0
1	15	0
98	53	0
74	27	1
21	21	0
12	34	0
72	40	0
70	77	0
92	78	0
85	38	0
76	76	0
68	90	0
1	70	0
89	64	0
61	23	0
95	41	0
77	85	0
74	67	0
43	79	0
93	64	0
92	8	1
44	73	0
0	97	0
75	38	0
27	31	0
64	83	0
30	76	0
64	96	0
90	54	0
89	37	0
73	67	0
95	82	0
93	44	0
94	99	0
79	65	0
72	32	0
42	82	1
86	77	0
83	71	0
93	30	0
49	64	0
66	30	0
83	92	0
88	56	0
25	83	0
85	37	0
79	44	0
89	39	0
99	85	0
72	45	0
7	84	0
12	98	0
38	32	0
29	74	0
45	88	1
62	9	0
4	96	0
76	45	0
8	13	0
16	59	0
67	70	0
70	74	0
79	48	0
75	42	0
75	65	1
74	46	0
12	40	0
95	76	0
61	97	0
77	16	0
38	96	1
17	88	0
96	53	0
62	29	1
26	17	0
24	33	0
73	48	0
94	34	0
12	2	0
43	0	0
55	60	0
95	86	0
27	8	0
59	14	0
88	81	0
71	62	1
64	87	0
18	50	0
96	45	0
86	58	0
8	90	0
0	95	0
46	27	0
93	29	0
18	29	0
86	36	0
77	14	0
34	26	0
16	96	1
59	88	0
20	38	0
75	42	0
65	85	0
71	39	0
9	10	0
91	55	0
86	38	0
85	21	0
62	31	1
52	99	0
83	39	0
54	98	0
60	55	0
72	49	0
54	92	0
93	50	0
93	98	0
85	85	0
75	76	0
75	20	0
95	44	0
97	99	0
95	96	0
85	22	0
82	69	0
12	96	1
84	94	0
57	73	0
4	18	0
34	94	0
85	31	0
18	96	1
49	79	1
74	34	0
79	48	0
75	51	0
98	52	0
86	34	0
83	21	1
3	81	0
10	11	0
56	80	0
30	68	0
36	1	0
2	87	0
99	40	0
93	88	0
85	49	0
90	89	0
66	56	1
95	42	0
