92	63	0
29	4	0
30	29	0
64	98	0
18	1	0
86	40	0
94	94	0
49	12	0
59	77	0
61	28	0
82	48	0
5	82	0
11	4	0
19	86	0
98	23	0
75	80	0
50	43	0
19	61	1
87	54	0
97	13	0
46	99	0
60	65	0
75	74	0
51	6	0
29	71	0
55	17	0
92	71	0
72	93	0
93	77	0
6	37	0
52	9	0
45	27	0
98	28	0
17	56	1
80	66	0
14	89	0
35	94	0
86	17	0
77	88	0
37	11	0
40	65	0
89	67	0
93	70	0
56	62	0
97	48	0
15	80	0
69	0	0
96	69	0
17	73	0
67	3	0
8	74	0
52	86	0
29	72	0
95	67	0
51	38	0
42	33	0
87	82	0
96	91	0
96	6	0
20	96	0
97	11	0
31	0	0
75	90	0
35	0	0
6	91	0
88	11	0
31	79	0
65	98	0
41	60	0
8	27	0
66	81	0
11	54	1
88	30	0
30	85	0
50	99	0
65	29	0
29	88	0
57	96	0
2	15	0
95	11	0
81	21	0
48	71	0
87	40	0
92	58	0
56	19	0
32	11	0
71	49	0
2	93	0
56	1	0
44	66	0
47	9	0
55	28	0
82	27	0
35	58	0
89	47	0
8	58	0
85	96	0
0	89	0
45	97	0
89	51	0
72	20	0
37	66	0
31	64	0
57	4	0
71	55	0
8	63	0
30	0	0
14	47	0
39	50	1
64	83	0
41	38	0
9	92	0
78	31	0
41	81	0
73	71	0
90	7	0
71	90	0
66	73	0
28	25	0
65	97	0
99	81	0
72	61	0
24	95	0
65	34	0
30	21	0
73	9	0
15	53	1
97	74	0
97	28	0
89	52	0
38	47	0
53	0	0
70	65	0
14	24	0
46	25	0
99	56	0
50	27	0
60	76	0
56	81	0
50	20	0
39	37	0
59	32	0
9	53	0
16	55	1
68	88	0
44	61	0
40	93	0
72	37	0
72	61	0
56	64	0
93	63	0
20	24	0
48	51	0
19	13	0
15	76	0
30	65	0
81	43	0
40	48	0
91	2	0
35	87	0
53	30	0
38	43	0
78	83	0
27	67	0
50	65	0
38	90	0
35	51	0
40	11	0
53	17	0
37	96	0
26	66	0
75	80	0
93	64	0
20	97	0
96	75	0
31	51	0
23	74	0
52	69	0
51	60	0
10	27	0
78	89	0
97	79	0
44	67	0
70	35	0
1	47	0
57	8	0
69	58	0
55	17	0
79	19	0
22	46	1
0	52	0
44	57	0
61	35	0
44	67	0
84	30	0
33	97	0
23	59	0
40	17	1
83	85	0
45	54	0
25	10	0
24	76	0
64	8	0
97	90	0
45	92	0
96	6	0
7	66	0
15	68	0
99	29	0
49	88	0
23	51	1
60	78	0
71	64	0
46	63	0
17	77	0
19	51	0
62	4	0
12	55	1
62	87	0
95	54	0
41	85	0
80	66	0
84	21	0
52	78	0
25	82	0
36	94	0
44	27	0
74	29	0
79	47	0
55	44	0
72	69	0
1	46	0
63	24	0
23	97	0
62	67	0
80	41	0
66	31	0
47	3	0
3	46	0
94	21	0
36	20	1
68	72	0
59	96	0
76	50	0
92	33	0
96	13	0
1	32	0
87	78	0
35	96	0
92	82	0
34	97	0
59	33	0
75	31	0
18	92	0
83	23	0
23	56	0
32	71	0
50	11	0
32	97	0
80	89	0
79	79	0
94	52	0
96	56	0
12	83	0
35	68	0
83	12	0
76	43	0
35	21	0
37	2	0
47	27	0
49	51	0
84	48	0
29	57	0
41	45	0
33	82	0
73	89	0
87	57	0
61	77	0
85	5	0
90	42	0
63	11	0
29	40	1
84	41	0
72	52	0
67	69	0
4	38	0
36	69	0
58	24	0
16	95	0
32	81	0
11	84	0
89	81	0
48	17	0
39	3	0
40	54	0
75	70	0
62	5	0
85	93	0
27	2	0
55	93	0
16	60	0
52	89	0
45	38	0
6	51	0
76	35	0
76	9	0
45	19	0
79	11	0
39	60	0
9	53	0
72	18	0
82	58	0
5	9	0
5	61	0
37	97	0
11	84	0
48	95	0
51	67	0
67	41	0
69	4	0
44	81	0
44	68	0
98	84	0
2	57	0
67	48	0
75	76	0
87	20	0
28	4	0
45	1	0
55	17	0
43	33	0
80	57	0
62	12	0
17	51	0
27	10	0
41	57	0
42	36	0
28	38	1
89	74	0
84	61	0
0	47	0
53	33	0
88	7	0
63	13	0
71	23	0
53	40	0
44	32	0
4	80	0
70	85	0
37	71	0
14	96	0
26	70	0
53	10	0
44	40	0
98	41	0
85	47	0
8	63	0
80	70	0
76	87	0
83	26	0
76	89	0
78	6	0
71	68	0
74	59	0
62	51	0
82	74	0
63	8	0
91	17	0
35	50	0
50	93	0
66	75	0
82	12	0
22	72	0
97	24	0
59	98	0
91	21	0
59	24	0
34	55	0
62	38	0
35	54	0
52	86	0
80	34	0
34	20	1
79	82	0
39	57	0
16	94	0
95	99	0
51	31	0
1	88	0
51	52	0
94	10	0
84	34	0
27	63	0
68	55	0
59	54	0
16	93	0
81	25	0
36	10	0
86	54	0
48	43	0
35	93	0
17	6	0
55	56	0
50	89	0
1	45	0
42	76	0
40	82	0
54	26	0
20	82	0
17	28	0
73	0	0
68	16	0
94	5	0
85	91	0
25	68	0
42	23	0
82	1	0
73	57	0
73	96	0
5	25	0
59	96	0
96	63	0
33	77	0
82	1	0
45	61	0
72	20	0
64	6	0
43	16	1
44	15	1
99	12	0
83	41	0
10	92	0
78	15	0
89	94	0
23	99	0
98	72	0
44	43	0
13	30	0
76	98	0
62	48	0
4	88	0
66	38	0
75	41	0
66	45	0
78	76	0
29	67	0
93	61	0
33	97	0
96	67	0
24	98	0
89	89	0
41	32	0
61	65	0
58	94	0
46	66	0
62	93	0
76	51	0
40	45	0
35	57	0
91	2	0
0	83	0
98	57	0
20	87	0
43	67	0
42	82	0
83	41	0
34	50	0
51	25	0
86	52	0
69	16	0
84	94	0
50	95	0
40	56	0
46	12	0
37	42	0
55	99	0
45	19	0
44	67	0
86	78	0
34	10	0
90	88	0
70	7	0
10	8	0
44	39	0
20	72	0
42	0	0
7	76	0
85	80	0
66	87	0
64	41	0
69	0	0
42	61	0
44	70	0
97	55	0
99	4	0
9	70	0
84	6	0
49	69	0
54	28	0
32	4	0
36	59	0
84	88	0
33	68	0
43	77	0
65	28	0
20	54	1
71	30	0
46	54	0
63	90	0
26	99	0
96	12	0
92	17	0
76	14	0
13	63	0
32	97	0
22	90	0
64	39	0
76	82	0
75	93	0
6	33	0
57	38	0
68	81	0
74	63	0
63	81	0
11	88	0
15	76	0
44	26	0
47	17	0
6	35	0
42	42	0
37	45	0
99	29	0
86	39	0
74	12	0
75	37	0
59	52	0
29	49	1
46	24	0
93	78	0
42	90	0
84	58	0
35	69	0
38	92	0
77	55	0
21	50	1
77	25	0
34	18	0
95	53	0
75	90	0
48	42	0
9	51	0
44	11	0
50	51	0
42	86	0
65	90	0
96	58	0
10	81	0
64	47	0
12	63	0
64	47	0
42	72	0
58	54	0
46	77	0
63	75	0
2	65	0
62	66	0
79	50	0
85	56	0
34	73	0
67	85	0
44	18	0
95	17	0
50	44	0
98	6	0
5	83	0
39	88	0
87	61	0
10	51	1
76	72	0
16	90	0
16	81	0
85	84	0
41	24	0
1	73	0
71	97	0
50	59	0
92	66	0
22	99	0
85	42	0
15	1	0
39	68	0
22	84	0
35	15	0
9	15	0
88	62	0
99	19	0
51	13	0
72	39	0
83	14	0
22	7	0
32	64	0
79	33	0
13	65	0
56	84	0
0	46	0
21	78	0
74	55	0
53	96	0
71	50	0
76	82	0
76	59	0
46	52	0
78	74	0
4	80	0
41	39	0
28	80	0
80	49	0
67	37	0
94	51	0
99	95	0
90	88	0
41	72	0
76	43	0
60	59	0
27	23	1
30	18	1
37	61	0
0	43	0
68	4	0
71	78	0
92	76	0
87	9	0
57	82	0
1	96	0
53	10	0
51	24	0
70	23	0
55	26	0
36	19	1
81	11	0
32	92	0
66	22	0
35	90	0
97	16	0
40	68	0
63	35	0
66	94	0
80	69	0
37	80	0
67	95	0
90	68	0
91	42	0
16	58	1
91	78	0
72	93	0
12	59	1
98	48	0
34	70	0
95	85	0
53	87	0
32	15	1
80	78	0
97	43	0
50	89	0
76	71	0
95	55	0
78	38	0
30	52	0
2	56	0
60	80	0
67	24	0
52	35	0
45	13	0
88	82	0
11	50	1
65	29	0
45	12	0
46	20	0
8	85	0
11	60	0
6	84	0
65	42	0
95	24	0
95	27	0
96	0	0
74	94	0
5	58	0
62	20	0
58	51	0
33	79	0
94	28	0
60	50	0
39	88	0
24	97	0
35	71	0
18	97	0
32	6	0
72	69	0
45	21	0
44	74	0
50	44	0
7	44	0
68	66	0
66	17	0
26	90	0
94	58	0
25	42	1
16	29	0
16	74	0
80	64	0
59	59	0
47	50	0
96	54	0
98	67	0
68	49	0
56	12	0
71	64	0
86	41	0
12	38	0
88	81	0
52	36	0
23	77	0
3	82	0
28	95	0
25	59	0
95	21	0
0	54	0
55	87	0
6	85	0
89	67	0
45	29	0
87	26	0
18	24	0
35	34	0
72	14	0
25	76	0
40	50	0
98	53	0
86	44	0
5	0	0
5	51	0
52	17	0
0	43	0
80	6	0
49	69	0
23	30	1
90	91	0
1	10	0
43	95	0
90	35	0
36	3	0
90	86	0
48	67	0
72	64	0
39	40	0
95	38	0
92	78	0
14	62	0
14	75	0
3	42	0
21	71	0
18	92	0
68	20	0
27	56	0
7	91	0
30	25	0
60	12	0
31	65	0
67	44	0
45	9	0
40	72	0
96	25	0
3	28	0
74	45	0
87	25	0
41	52	0
24	23	0
45	6	0
19	90	0
49	69	0
31	61	0
23	15	0
17	89	0
20	82	0
60	46	0
90	47	0
34	70	0
84	91	0
53	29	0
67	70	0
50	90	0
5	84	0
83	41	0
44	53	0
13	21	0
95	64	0
50	55	0
94	20	0
80	9	0
84	33	0
61	95	0
48	47	0
48	36	0
68	27	0
41	3	0
48	89	0
46	72	0
16	43	1
88	28	0
59	96	0
89	46	0
86	53	0
37	74	0
29	66	0
79	26	0
48	39	0
71	6	0
98	89	0
76	80	0
48	71	0
71	43	0
76	90	0
15	76	0
53	14	0
21	99	0
6	59	0
44	57	0
76	79	0
61	12	0
97	97	0
88	18	0
99	99	0
61	10	0
76	22	0
68	57	0
54	27	0
20	86	0
48	86	0
78	79	0
6	36	0
11	79	0
12	75	0
40	10	0
39	44	0
17	48	1
0	46	0
82	44	0
47	23	0
14	62	0
24	83	0
61	98	0
88	44	0
1	72	0
66	46	0
30	77	0
80	61	0
73	30	0
5	51	0
25	55	0
84	38	0
74	53	0
84	52	0
11	67	0
58	53	0
1	91	0
2	5	0
84	65	0
17	67	0
21	6	0
0	95	0
20	86	0
93	39	0
74	79	0
85	61	0
87	82	0
49	71	0
63	37	0
4	69	0
50	62	0
38	60	0
61	49	0
93	20	0
