89	69	0
42	19	0
39	24	0
46	96	0
11	5	0
92	32	0
96	85	0
39	13	0
64	80	0
46	19	0
99	44	0
1	78	0
16	9	0
16	61	0
98	20	0
80	77	0
61	32	0
21	51	0
97	68	0
94	8	0
43	97	0
64	67	0
82	88	0
55	3	0
42	83	0
56	8	0
84	79	0
59	90	0
89	72	0
7	24	0
52	29	0
39	15	0
87	31	0
40	54	0
88	62	0
11	92	0
46	99	0
94	22	0
79	87	0
44	1	0
22	59	0
93	57	0
90	67	0
52	69	0
92	52	0
9	82	0
23	40	0
69	0	0
92	62	0
17	72	0
61	0	0
8	76	0
53	89	0
35	76	0
97	66	0
47	36	0
30	30	0
90	76	0
94	92	0
95	15	0
9	93	0
97	17	0
39	3	0
72	75	0
46	13	0
9	91	0
83	8	0
43	79	0
75	97	0
52	68	0
7	31	0
69	90	0
25	43	0
18	63	0
91	37	0
14	39	0
30	85	0
48	98	0
61	20	0
30	93	0
58	97	0
3	24	0
99	13	0
94	26	0
40	55	0
79	38	0
21	29	0
80	51	0
24	33	1
40	12	0
40	6	0
68	38	0
10	94	0
64	11	0
56	91	0
41	12	0
47	28	0
89	42	0
34	68	0
75	45	0
8	61	0
78	83	0
1	71	0
27	95	0
93	51	0
60	7	0
47	69	0
29	57	0
61	0	0
65	51	0
1	60	0
37	2	0
25	48	0
43	34	0
75	93	0
56	43	0
22	98	0
86	4	0
55	70	0
80	87	0
98	4	0
68	71	0
48	78	0
32	10	0
58	96	0
91	77	0
78	60	0
30	97	0
65	33	0
31	20	0
16	41	0
77	11	0
11	66	0
92	64	0
99	31	0
88	38	0
36	53	0
59	17	0
84	73	0
15	18	0
31	7	0
81	62	0
35	34	0
67	81	0
73	93	0
49	21	0
43	30	0
57	44	0
13	45	0
28	57	0
17	58	0
80	80	0
43	52	0
43	98	0
81	47	0
79	71	0
54	84	0
25	34	1
94	66	0
10	25	0
46	42	0
20	13	0
28	83	0
37	78	0
90	32	0
39	36	0
69	20	0
38	81	0
60	25	0
50	43	0
83	77	0
27	62	0
57	76	0
33	86	0
42	48	0
38	12	0
57	11	0
27	73	0
28	84	0
75	81	0
90	64	0
29	87	0
25	33	1
92	68	0
25	46	0
29	85	0
53	75	0
41	54	0
27	11	0
15	32	0
71	94	0
85	90	0
60	79	0
68	32	0
0	61	0
57	7	0
77	26	0
67	23	0
69	31	0
13	63	0
1	57	0
53	50	0
74	27	0
39	62	0
87	34	0
32	98	0
30	66	0
36	20	0
77	75	0
38	57	0
33	6	0
14	91	0
62	7	0
96	91	0
70	90	0
93	4	0
6	78	0
21	62	0
90	35	0
56	72	0
46	39	0
53	61	0
48	71	0
56	62	0
13	72	0
28	58	0
71	7	0
0	63	0
63	82	0
90	44	0
45	91	0
78	59	0
65	26	0
43	74	0
14	84	0
35	97	0
52	41	0
75	36	0
25	32	1
91	63	0
78	41	0
74	65	0
2	56	0
51	15	0
12	85	0
60	60	0
59	45	0
62	39	0
52	25	0
6	56	0
84	25	0
51	8	0
68	70	0
51	76	0
72	37	0
98	37	0
98	2	0
3	58	0
98	71	0
24	97	0
93	70	0
43	97	0
57	35	0
58	10	0
19	90	0
74	30	0
38	67	0
44	80	0
47	8	0
22	96	0
79	86	0
73	85	0
72	39	0
91	76	0
20	95	0
45	59	0
60	1	0
67	30	0
32	11	0
39	4	0
56	8	0
57	56	0
76	43	0
42	48	0
36	51	0
38	72	0
71	86	0
79	69	0
61	78	0
81	3	0
82	43	0
71	7	0
20	44	0
28	22	0
78	41	0
64	37	0
72	69	0
10	38	0
39	70	0
61	21	0
33	83	0
22	88	0
26	80	0
98	69	0
42	24	0
34	2	0
23	59	0
87	68	0
62	14	0
79	91	0
11	3	0
61	99	0
2	68	0
37	90	0
43	31	0
0	58	0
79	16	0
22	34	0
73	3	0
49	16	0
89	10	0
36	45	0
27	51	0
78	25	0
85	61	0
8	25	0
23	34	1
4	62	0
37	95	0
4	89	0
47	86	0
54	74	0
51	44	0
68	21	0
38	86	0
46	70	0
88	91	0
27	27	0
19	53	0
23	40	0
60	69	0
70	86	0
31	24	0
79	22	0
35	4	0
54	4	0
62	16	0
33	49	0
81	70	0
90	13	0
20	39	0
47	14	0
52	46	0
39	36	0
31	58	0
86	77	0
80	51	0
13	52	0
54	31	0
96	14	0
63	7	0
55	30	0
58	37	0
30	31	0
1	69	0
67	83	0
30	77	0
25	90	0
23	99	0
52	9	0
47	34	0
98	46	0
83	49	0
0	77	0
86	72	0
69	75	0
78	31	0
69	84	0
81	3	0
88	60	0
75	56	0
40	18	0
54	49	0
30	48	0
82	80	0
68	19	0
96	5	0
28	43	0
38	89	0
75	72	0
83	17	0
11	63	0
99	28	0
43	93	0
80	22	0
65	52	0
37	54	0
58	41	0
23	40	0
36	47	0
64	88	0
81	35	0
33	19	0
73	67	0
21	66	0
6	98	0
96	85	0
31	38	0
4	86	0
61	38	0
91	15	0
84	45	0
4	67	0
63	36	0
44	32	0
44	43	0
11	99	0
75	20	0
52	6	0
89	46	0
47	39	0
25	75	0
15	4	0
60	61	0
61	92	0
0	53	0
44	70	0
41	81	0
53	27	0
20	97	0
8	46	0
20	44	0
63	16	0
85	29	0
93	17	0
75	91	0
20	57	0
33	26	0
44	27	0
80	8	0
69	59	0
75	90	0
16	42	0
61	88	0
95	69	0
40	77	0
72	5	0
67	49	0
71	22	0
71	11	0
42	21	0
44	16	0
99	5	0
85	34	0
1	77	0
84	9	0
90	99	0
16	94	0
95	67	0
49	54	0
18	27	0
96	96	0
64	49	0
4	95	0
70	29	0
66	38	0
69	59	0
79	64	0
25	77	0
81	69	0
36	88	0
93	79	0
36	94	0
99	79	0
27	33	0
37	31	0
56	66	0
59	94	0
46	63	0
70	96	0
67	53	0
31	59	0
32	64	0
82	18	0
10	82	0
90	44	0
20	89	0
54	73	0
43	82	0
82	39	0
39	51	0
21	33	0
46	24	0
82	49	0
68	16	0
92	95	0
62	92	0
40	54	0
54	0	0
38	39	0
51	90	0
32	19	0
49	57	0
76	76	0
36	20	0
94	98	0
45	17	0
22	6	0
56	26	0
21	78	0
37	14	0
17	61	0
91	95	0
60	89	0
58	51	0
68	9	0
42	71	0
51	52	0
96	54	0
89	2	0
1	67	0
74	3	0
61	70	0
71	31	0
47	11	0
33	62	0
86	75	0
38	67	0
41	78	0
85	32	0
18	52	0
73	27	0
40	66	0
68	84	0
33	95	0
79	11	0
93	23	0
63	15	0
30	80	0
15	99	0
17	83	0
63	41	0
74	69	0
68	81	0
14	45	0
78	42	0
69	68	0
78	74	0
56	65	0
15	71	0
17	65	0
45	29	0
40	20	0
3	35	0
45	59	0
32	45	0
87	29	0
83	36	0
75	4	0
74	47	0
53	67	0
19	60	0
53	27	0
96	87	0
55	90	0
78	61	0
26	51	0
46	81	0
69	45	0
36	50	0
77	25	0
20	48	0
37	23	0
84	51	0
91	95	0
54	51	0
9	62	0
46	5	0
59	61	0
29	92	0
37	31	0
85	90	0
99	74	0
21	86	0
64	52	0
4	73	0
83	57	0
38	57	0
49	58	0
36	78	0
61	72	0
4	53	0
83	75	0
66	58	0
88	46	0
20	61	0
61	87	0
53	28	0
96	26	0
48	31	0
96	13	0
13	90	0
33	35	0
39	66	0
87	56	0
31	54	0
82	62	0
11	95	0
22	82	0
99	91	0
49	27	0
9	72	0
82	97	0
46	70	0
86	65	0
22	88	0
92	30	0
24	4	0
32	79	0
36	77	0
33	15	0
19	41	0
7	20	0
86	69	0
95	13	0
62	8	0
79	29	0
94	34	0
32	9	0
25	52	0
98	37	0
8	54	0
57	97	0
7	56	0
25	84	0
65	49	0
57	93	0
77	56	0
69	88	0
35	36	0
74	66	0
39	61	0
79	58	0
16	71	0
53	31	0
29	82	0
83	40	0
68	31	0
84	73	0
94	97	0
88	76	0
49	68	0
67	38	0
54	70	0
36	22	0
26	9	0
33	73	0
10	35	0
60	0	0
59	86	0
73	81	0
80	3	0
14	45	0
55	78	0
21	96	0
58	5	0
58	40	0
56	23	0
37	25	0
20	32	0
51	18	0
77	0	0
40	95	0
63	31	0
32	94	0
91	14	0
26	51	0
46	67	0
71	29	0
84	82	0
62	70	0
36	64	0
47	90	0
76	74	0
87	48	0
18	73	0
78	81	0
87	97	0
26	32	1
13	53	0
95	47	0
27	79	0
99	90	0
59	96	0
41	7	0
68	63	0
85	65	0
66	86	0
76	55	0
95	72	0
77	36	0
17	51	0
2	65	0
68	82	0
73	41	0
50	58	0
48	4	0
34	14	0
92	78	0
10	57	0
26	53	0
57	33	0
39	14	0
51	30	0
16	86	0
23	38	1
1	61	0
10	81	0
76	55	0
78	18	0
87	35	0
80	2	0
52	82	0
7	51	0
53	28	0
58	48	0
47	86	0
89	11	0
23	34	1
64	55	0
47	84	0
19	92	0
38	62	0
35	86	0
36	27	0
79	78	0
48	37	0
44	80	0
59	37	0
11	39	0
63	63	0
66	22	0
22	85	0
85	42	0
29	35	0
32	47	0
27	16	0
0	65	0
81	66	0
77	63	0
41	51	0
88	61	0
83	73	0
75	38	0
66	17	0
80	80	0
76	21	0
4	59	0
80	83	0
22	24	0
67	31	0
16	63	0
2	88	0
32	93	0
37	54	0
99	31	0
9	47	0
59	92	0
5	88	0
92	63	0
58	54	0
85	29	0
18	2	0
47	30	0
66	2	0
8	79	0
45	57	0
92	66	0
76	36	0
12	6	0
15	40	0
69	17	0
13	75	0
80	1	0
49	71	0
39	27	0
85	93	0
14	22	0
29	97	0
99	56	0
30	10	0
88	94	0
50	57	0
67	58	0
43	35	0
96	27	0
90	90	0
7	65	0
8	73	0
11	50	0
17	80	0
11	98	0
77	24	0
36	49	0
8	92	0
48	17	0
71	11	0
40	61	0
62	58	0
47	25	0
31	69	0
31	32	0
90	19	0
0	44	0
81	65	0
88	8	0
56	47	0
28	18	0
49	1	0
16	92	0
52	66	0
40	62	0
36	12	0
8	93	0
4	93	0
68	54	0
93	36	0
31	23	0
25	69	0
89	94	0
52	31	0
63	75	0
66	89	0
8	81	0
75	32	0
50	55	0
17	39	0
94	74	0
55	63	0
99	15	0
79	14	0
88	27	0
62	95	0
44	59	0
41	56	0
70	15	0
39	6	0
63	92	0
65	66	0
16	54	0
70	39	0
57	92	0
83	26	0
90	55	0
30	73	0
50	59	0
23	27	0
93	29	0
31	54	0
82	8	0
96	96	0
72	62	0
59	80	0
70	36	0
72	84	0
9	97	0
40	7	0
9	87	0
16	63	0
58	69	0
69	86	0
69	8	0
96	98	0
91	9	0
90	88	0
62	11	0
80	31	0
79	46	0
50	39	0
19	86	0
62	97	0
65	74	0
23	49	0
7	29	0
20	92	0
13	62	0
44	5	0
42	51	0
20	69	0
36	35	0
7	39	0
98	55	0
43	27	0
16	56	0
29	79	0
74	75	0
95	63	0
8	65	0
64	46	0
25	63	0
76	44	0
52	43	0
4	46	0
23	53	0
81	51	0
67	55	0
90	52	0
1	68	0
59	54	0
4	87	0
2	21	0
88	69	0
13	62	0
35	7	0
37	26	0
13	99	0
16	85	0
84	40	0
65	68	0
72	56	0
71	84	0
38	61	0
57	39	0
6	67	0
41	66	0
32	42	0
64	61	0
82	20	0
