92	71	0
45	22	0
40	26	0
40	96	0
9	9	0
92	34	0
91	80	0
45	17	0
67	79	0
40	22	0
97	40	0
6	81	0
21	9	0
20	59	0
98	19	0
85	73	0
60	33	0
27	50	0
99	64	0
89	8	0
43	97	0
67	65	0
79	89	0
58	2	0
42	84	0
55	4	0
78	79	0
60	88	0
91	72	0
7	22	0
50	35	0
42	18	0
85	36	0
41	46	0
90	66	0
13	96	0
51	94	0
99	22	0
76	91	0
48	0	0
20	59	0
84	55	0
84	66	0
54	72	0
95	54	0
15	83	0
18	39	0
65	5	0
85	65	0
16	69	0
58	1	0
9	77	0
54	92	0
34	73	0
98	62	0
48	36	0
33	31	0
87	72	0
99	89	0
91	17	0
7	90	0
95	11	0
45	1	0
75	75	0
47	12	0
8	91	0
84	6	0
44	74	0
73	98	0
50	67	0
5	29	0
70	87	0
23	45	0
11	63	0
89	35	0
12	39	0
30	83	0
42	94	0
61	20	0
36	93	0
54	92	0
5	23	0
98	12	0
96	26	0
44	52	0
78	37	0
23	26	0
86	54	0
28	36	0
40	16	0
37	3	0
69	36	0
12	88	0
70	9	0
57	87	0
44	11	0
51	29	0
89	47	0
35	65	0
79	49	0
11	59	0
80	88	0
0	75	0
31	96	0
93	51	0
61	9	0
47	70	0
27	57	0
62	1	0
66	47	0
8	59	0
37	1	0
28	48	0
42	35	0
76	91	0
57	44	0
21	99	0
80	4	0
62	66	0
79	86	0
96	4	0
61	73	0
50	76	0
36	5	0
56	97	0
94	79	0
80	56	0
34	93	0
63	32	0
35	20	0
20	45	0
80	5	0
7	69	0
91	69	0
95	26	0
87	37	0
34	56	0
59	19	0
82	77	0
12	16	0
39	9	0
77	60	0
38	37	0
72	83	0
72	93	0
47	16	0
44	33	0
57	49	0
12	44	0
26	59	0
14	55	0
74	79	0
45	56	0
45	96	0
82	52	0
76	71	0
53	86	0
25	35	0
95	63	0
5	27	0
46	44	0
22	8	0
29	79	0
38	78	0
88	36	0
36	30	0
74	20	0
42	81	0
58	31	0
53	44	0
83	77	0
27	56	0
55	74	0
33	88	0
43	47	0
43	11	0
58	6	0
30	72	0
30	80	0
75	82	0
92	67	0
25	86	0
29	37	0
88	65	0
31	48	0
31	88	0
56	84	0
41	50	0
30	7	0
14	34	0
72	99	0
84	95	0
64	80	0
67	29	0
4	61	0
60	6	0
77	24	0
70	24	0
70	31	0
19	59	0
0	64	0
48	49	0
77	31	0
36	60	0
88	29	0
39	99	0
25	67	0
38	21	0
83	76	0
35	55	0
35	9	0
13	93	0
63	9	0
99	84	0
71	89	0
94	3	0
1	80	0
20	62	0
95	35	0
54	72	0
46	40	0
54	57	0
52	72	0
55	62	0
16	71	0
29	58	0
72	10	0
1	64	0
63	83	0
83	44	0
43	92	0
75	58	0
63	22	0
47	72	0
13	80	0
33	93	0
53	40	0
68	34	0
25	38	0
86	63	0
80	43	0
78	63	0
0	66	0
48	15	0
10	84	0
62	59	0
62	42	0
56	45	0
53	21	0
6	57	0
89	26	0
49	5	0
71	69	0
51	77	0
73	35	0
97	39	0
94	1	0
2	64	0
97	74	0
28	99	0
93	70	0
44	96	0
57	34	0
55	10	0
17	91	0
69	33	0
38	65	0
43	83	0
50	5	0
23	94	0
84	90	0
79	82	0
70	39	0
88	77	0
17	94	0
45	55	0
55	0	0
67	30	0
28	13	0
37	1	0
58	9	0
52	53	0
80	43	0
38	46	0
37	50	0
36	69	0
72	89	0
77	75	0
61	78	0
80	2	0
82	42	0
80	8	0
28	41	0
27	15	0
82	35	0
70	38	0
76	69	0
10	40	0
42	68	0
57	23	0
27	86	0
24	94	0
22	80	0
97	65	0
41	27	0
33	1	0
25	56	0
85	67	0
64	21	0
79	91	0
11	1	0
64	94	0
5	69	0
39	86	0
39	29	0
3	54	0
81	11	0
19	35	0
76	2	0
53	11	0
86	8	0
36	47	0
21	49	0
75	28	0
87	58	0
7	24	0
25	35	0
5	61	0
38	96	0
9	88	0
45	89	0
57	70	0
49	43	0
68	25	0
40	89	0
49	69	0
86	92	0
29	29	0
18	53	0
26	39	0
59	76	0
75	87	0
26	24	0
85	16	0
32	7	0
54	4	0
66	15	0
33	45	0
79	67	0
81	8	0
15	35	0
45	10	0
49	48	0
37	36	0
25	61	0
86	82	0
80	52	0
11	49	0
51	35	0
97	13	0
58	8	0
53	27	0
57	35	0
29	25	0
2	73	0
67	84	0
24	77	0
27	93	0
21	96	0
55	12	0
45	37	0
90	47	0
84	51	0
8	80	0
86	73	0
64	73	0
78	30	0
68	90	0
80	3	0
85	58	0
72	62	0
39	16	0
52	47	0
34	49	0
84	79	0
68	16	0
96	6	0
27	41	0
41	89	0
71	72	0
85	15	0
4	61	0
96	27	0
41	93	0
78	25	0
65	46	0
42	55	0
54	34	0
19	36	0
41	44	0
66	83	0
86	34	0
37	22	0
75	73	0
21	64	0
12	97	0
92	85	0
35	36	0
1	85	0
60	38	0
90	16	0
82	46	0
4	69	0
65	40	0
47	34	0
47	46	0
8	98	0
75	18	0
55	8	0
89	50	0
47	38	0
24	74	0
17	6	0
66	57	0
61	94	0
2	59	0
48	69	0
43	76	0
53	26	0
21	93	0
9	43	0
20	43	0
64	11	0
83	30	0
96	20	0
78	88	0
23	59	0
30	21	0
42	24	0
79	7	0
69	58	0
70	89	0
19	40	0
61	92	0
96	69	0
38	81	0
74	7	0
64	45	0
78	30	0
73	11	0
41	19	0
42	21	0
95	8	0
85	30	0
1	77	0
82	13	0
90	99	0
8	98	0
96	64	0
49	55	0
21	21	0
97	99	0
65	46	0
12	97	0
70	31	0
68	40	0
66	61	0
81	65	0
28	74	0
79	72	0
39	90	0
92	74	0
14	30	1
39	94	0
98	80	0
29	32	0
37	32	0
55	68	0
57	92	0
43	59	0
67	98	0
63	50	0
30	59	0
27	65	0
80	20	0
7	88	0
91	43	0
16	87	0
51	70	0
43	88	0
84	37	0
44	50	0
23	35	0
47	21	0
79	54	0
69	17	0
94	97	0
63	94	0
38	56	0
59	1	0
33	36	0
47	86	0
35	20	0
47	56	0
77	73	0
28	25	0
94	96	0
48	15	0
26	14	0
59	27	0
23	77	0
32	18	0
13	61	0
87	89	0
59	88	0
59	47	0
73	4	0
40	70	0
44	54	0
98	51	0
89	3	0
0	69	0
76	3	0
68	74	0
76	31	0
41	14	0
36	70	0
83	79	0
39	63	0
41	77	0
81	32	0
18	57	0
75	21	0
39	68	0
65	86	0
30	93	0
83	11	0
93	24	0
66	15	0
33	78	0
20	91	0
14	86	0
66	40	0
73	66	0
71	82	0
15	46	0
76	42	0
70	61	0
78	74	0
56	65	0
15	63	0
17	66	0
45	27	0
43	21	0
5	32	0
43	58	0
34	46	0
85	31	0
74	36	0
76	1	0
71	48	0
53	69	0
20	56	0
50	31	0
95	79	0
57	91	0
82	63	0
23	54	0
46	78	0
65	42	0
37	50	0
75	25	0
16	48	0
40	24	0
81	52	0
92	95	0
56	56	0
9	63	0
46	5	0
60	58	0
23	88	0
39	32	0
87	90	0
99	74	0
19	85	0
62	61	0
5	76	0
76	57	0
41	58	0
50	55	0
35	78	0
62	74	0
5	56	0
82	73	0
63	59	0
93	49	0
22	63	0
61	89	0
55	27	0
98	22	0
47	36	0
99	17	0
15	87	0
35	34	0
37	69	0
90	55	0
29	51	0
84	62	0
12	97	0
17	84	0
95	86	0
47	31	0
3	79	0
77	93	0
44	68	0
91	70	0
19	93	0
94	33	0
24	2	0
32	81	0
39	76	0
35	13	0
24	38	0
7	23	0
87	72	0
95	13	0
62	9	0
74	31	0
96	44	0
37	12	0
21	49	0
97	34	0
8	54	0
62	91	0
7	53	0
27	79	0
65	58	0
56	95	0
81	52	0
66	85	0
37	32	0
69	63	0
38	61	0
80	52	0
15	72	0
51	29	0
31	80	0
83	38	0
63	28	0
93	72	0
95	96	0
92	74	0
43	66	0
11	23	1
61	38	0
56	73	0
36	26	0
27	9	0
33	69	0
11	31	0
58	2	0
57	84	0
73	78	0
86	4	0
13	50	0
59	82	0
13	95	0
57	8	0
60	42	0
60	21	0
34	22	0
24	36	0
44	24	0
77	0	0
39	95	0
62	32	0
34	90	0
91	16	0
31	51	0
46	64	0
77	24	0
82	80	0
61	73	0
32	65	0
44	90	0
78	77	0
85	45	0
18	73	0
80	83	0
81	97	0
25	36	0
19	51	0
95	49	0
27	83	0
98	84	0
63	94	0
38	6	0
72	63	0
88	64	0
68	85	0
79	52	0
89	76	0
78	39	0
20	54	0
5	60	0
66	83	0
73	36	0
52	60	0
50	4	0
33	22	0
88	75	0
10	61	0
28	53	0
59	31	0
41	16	0
57	34	0
19	88	0
28	35	1
2	64	0
13	78	0
77	50	0
15	26	1
73	20	0
93	33	0
80	8	0
56	80	0
2	53	0
55	27	0
55	46	0
50	85	0
88	11	0
23	34	0
63	62	0
44	86	0
18	97	0
38	64	0
30	84	0
35	24	0
80	74	0
43	43	0
43	81	0
56	36	0
9	44	0
67	60	0
66	22	0
28	78	0
86	42	0
32	34	0
33	47	0
26	14	0
0	62	0
79	65	0
82	68	0
38	56	0
92	58	0
81	72	0
75	31	0
60	15	0
81	76	0
79	20	0
0	58	0
83	78	0
28	26	0
70	35	0
22	63	0
5	88	0
33	92	0
32	60	0
99	32	0
14	48	0
59	93	0
6	86	0
92	67	0
58	55	0
88	35	0
18	4	0
48	28	0
60	2	0
3	80	0
50	53	0
87	68	0
77	37	0
13	8	0
11	47	0
70	15	0
16	81	0
80	1	0
49	75	0
36	31	0
88	95	0
12	18	0
28	98	0
98	57	0
28	7	0
91	89	0
51	55	0
68	58	0
45	32	0
92	33	0
88	80	0
4	61	0
7	74	0
16	47	0
10	83	0
5	99	0
80	20	0
37	48	0
9	92	0
47	10	0
74	6	0
39	66	0
68	56	0
52	22	0
33	67	0
33	31	0
87	21	0
0	43	0
84	66	0
89	10	0
61	47	0
27	21	0
48	4	0
13	93	0
50	66	0
44	59	0
35	13	0
4	94	0
1	93	0
62	56	0
92	33	0
30	24	0
27	70	0
94	88	0
51	31	0
58	80	0
67	91	0
6	78	0
72	29	0
49	55	0
21	36	0
95	70	0
53	68	0
97	15	0
80	12	0
86	25	0
63	96	0
44	66	0
41	63	0
75	10	0
40	7	0
68	95	0
68	72	0
17	52	0
67	41	0
64	91	0
81	19	0
89	53	0
27	71	0
50	59	0
20	30	0
91	29	0
30	57	0
81	8	0
93	97	0
72	59	0
59	79	0
73	40	0
70	77	0
6	96	0
40	4	0
5	91	0
9	59	0
58	71	0
69	86	0
71	7	0
90	96	0
88	12	0
87	86	0
65	10	0
81	35	0
81	44	0
53	39	0
19	87	0
63	99	0
67	80	0
23	47	0
9	34	0
22	93	0
10	62	0
45	6	0
38	51	0
20	64	0
40	32	0
3	44	0
99	55	0
42	28	0
15	53	0
27	75	0
74	75	0
1	3	1
97	64	0
15	65	0
59	51	0
28	62	0
78	42	0
53	36	0
7	42	0
17	54	0
81	56	0
65	55	0
84	55	0
2	66	0
64	56	0
1	81	0
0	20	0
87	70	0
15	58	0
39	4	0
36	31	0
13	92	0
24	83	0
78	40	0
69	68	0
73	57	0
77	84	0
43	69	0
52	37	0
4	69	0
49	66	0
35	42	0
61	56	0
80	21	0
