95	64	0
48	19	0
44	16	0
46	98	0
5	23	0
96	34	0
94	84	0
42	16	0
69	77	0
33	37	0
82	38	0
6	82	0
16	10	0
25	60	0
99	24	0
96	73	0
67	30	0
33	49	0
98	61	0
94	3	0
43	85	0
68	77	0
74	93	0
69	1	0
43	85	0
61	2	0
76	81	0
67	94	0
97	62	0
1	35	0
46	39	0
46	27	0
85	29	0
50	47	0
89	62	0
16	92	0
57	88	0
98	24	0
77	99	0
53	2	0
21	48	0
80	50	0
89	65	0
54	74	0
95	42	0
14	84	0
26	43	0
61	10	0
88	60	0
15	65	0
63	7	0
27	84	0
52	95	0
34	66	0
96	62	0
42	25	0
41	32	0
78	72	0
96	95	0
83	19	0
10	96	0
90	9	0
43	4	0
77	70	0
42	16	0
13	84	0
78	11	0
40	78	0
80	94	0
59	66	0
12	26	0
78	81	0
27	36	0
22	48	0
89	36	0
9	35	0
39	76	0
45	85	0
71	20	0
38	97	0
60	94	0
3	1	0
7	14	0
96	14	0
95	25	0
37	51	0
84	41	0
22	18	0
80	58	0
31	44	0
35	11	0
42	8	0
75	36	0
15	89	0
67	9	0
53	78	0
40	7	0
48	29	0
94	45	0
32	72	0
81	56	0
17	56	0
72	88	0
8	77	0
43	84	0
88	50	0
59	1	0
49	68	0
20	66	0
58	0	0
59	57	0
12	62	0
45	6	0
38	54	0
35	37	0
92	90	0
54	44	0
4	4	1
27	90	0
76	5	0
64	65	0
21	31	1
85	78	0
97	10	0
69	65	0
54	76	0
31	13	0
52	99	0
82	82	0
81	54	0
32	98	0
68	27	0
43	22	0
18	41	0
86	11	0
3	76	0
96	68	0
99	21	0
89	31	0
40	58	0
59	16	0
86	84	0
6	15	0
48	14	0
90	66	0
36	38	0
78	77	0
85	90	0
51	15	0
44	30	0
56	62	0
5	44	0
26	69	0
11	60	0
80	74	0
41	50	0
45	96	0
78	59	0
72	76	0
53	85	0
18	45	0
89	63	0
4	30	0
41	50	0
23	18	0
22	77	0
37	81	0
91	38	0
34	34	0
85	17	0
35	85	0
59	33	0
50	44	0
78	81	0
23	55	0
65	85	0
35	86	0
32	53	0
32	24	0
59	11	0
35	78	0
22	79	0
79	82	0
89	57	0
11	85	0
21	36	0
99	70	0
27	60	0
31	92	0
55	87	0
41	53	0
28	10	0
19	39	0
68	86	0
80	95	0
56	84	0
73	26	0
4	74	0
54	4	0
79	23	0
69	28	0
71	24	0
22	59	0
0	65	0
52	59	0
76	33	0
36	66	0
96	26	0
40	90	0
31	61	0
34	13	0
80	73	0
30	53	0
32	3	0
8	94	0
67	10	0
98	87	0
80	87	0
94	15	0
0	79	0
11	71	0
99	45	0
51	73	0
40	46	0
51	62	0
55	70	0
49	62	0
11	77	0
36	62	0
69	6	0
1	67	0
64	93	0
83	46	0
41	90	0
87	60	0
51	14	0
46	69	0
21	81	0
36	99	0
57	34	0
67	29	0
23	39	0
97	61	0
76	43	0
78	61	0
9	72	0
55	23	0
4	86	0
70	60	0
53	48	0
65	44	0
53	20	0
3	57	0
82	36	0
50	8	0
75	68	0
48	80	0
68	33	0
96	35	0
94	3	0
0	69	0
90	68	0
23	96	0
99	68	0
44	93	0
65	28	0
54	0	0
22	94	0
68	37	0
41	59	0
43	78	0
47	6	0
23	88	0
71	91	0
86	81	0
73	36	0
89	69	0
16	88	0
45	50	0
53	10	0
65	25	0
26	15	0
38	2	0
51	8	0
56	55	0
75	37	0
34	53	0
32	53	0
41	64	0
71	87	0
89	83	0
61	79	0
81	15	0
81	50	0
80	12	0
21	53	0
28	16	0
84	36	0
65	31	0
73	75	0
6	40	0
49	75	0
54	21	0
28	91	0
32	94	0
22	74	0
95	64	0
44	21	0
37	9	0
26	58	0
87	58	0
71	17	0
79	90	0
11	6	0
68	86	0
7	75	0
49	87	0
42	32	0
0	49	0
81	6	0
23	35	0
85	14	0
55	15	0
85	11	0
35	44	0
17	48	0
83	25	0
90	58	0
2	24	0
21	34	0
6	64	0
35	86	0
16	87	0
2	12	1
45	86	0
55	76	0
48	44	0
72	23	0
46	94	0
41	68	0
90	96	0
39	32	0
15	47	0
22	43	0
60	74	0
81	88	0
38	24	0
85	9	0
27	3	0
63	1	0
59	15	0
24	42	0
77	63	0
74	3	0
12	33	0
44	18	0
55	41	0
44	47	0
21	57	0
87	82	0
75	48	0
13	56	0
50	34	0
95	8	0
57	7	0
62	21	0
53	41	0
25	33	0
10	73	0
69	74	0
14	80	0
31	90	0
22	99	0
53	26	0
38	44	0
92	51	0
73	44	0
5	83	0
79	79	0
60	82	0
14	32	1
76	29	0
66	95	0
78	1	0
81	58	0
81	54	0
31	13	0
41	47	0
33	39	0
89	83	0
2	4	1
68	23	0
92	3	0
19	38	0
34	91	0
64	73	0
83	7	0
5	61	0
97	30	0
47	95	0
76	20	0
66	48	0
49	55	0
48	41	0
27	39	0
42	39	0
70	80	0
82	40	0
43	31	0
76	71	0
26	58	0
15	94	0
90	91	0
27	35	0
0	80	0
66	28	0
93	16	0
80	48	0
6	57	0
65	46	0
38	35	0
44	48	0
2	98	0
69	18	0
51	9	0
90	55	0
51	19	0
28	80	0
23	7	0
72	51	0
67	93	0
2	75	0
44	57	0
45	73	0
56	25	0
25	98	0
13	44	0
28	39	0
59	18	0
85	27	0
91	19	0
86	91	0
22	59	0
31	25	0
32	30	0
85	17	0
60	60	0
71	90	0
20	41	0
70	97	0
89	67	0
35	77	0
67	9	0
66	41	0
74	23	0
75	7	0
47	20	0
44	31	0
92	1	0
80	34	0
0	74	0
86	11	0
93	99	0
0	99	0
88	54	0
51	44	0
21	18	0
94	87	0
65	59	0
12	95	0
61	24	0
81	36	0
81	56	0
81	63	0
30	71	0
76	77	0
40	97	0
82	74	0
16	26	0
38	98	0
94	81	0
37	39	0
30	35	0
62	81	0
56	96	0
44	68	0
59	99	0
55	49	0
35	64	0
28	66	0
86	19	0
20	97	0
87	45	0
27	92	0
52	67	0
42	80	0
88	34	0
33	41	0
24	50	0
52	24	0
92	62	0
64	12	0
89	99	0
72	99	0
39	55	0
62	3	0
32	45	0
39	91	0
38	23	0
48	63	0
70	78	0
28	23	0
88	99	0
39	24	0
26	18	0
65	38	0
24	78	0
44	15	0
5	56	0
88	85	0
55	88	0
58	44	0
81	9	0
47	72	0
45	55	0
99	60	0
83	4	0
5	70	0
80	0	0
70	72	0
75	34	0
38	12	0
35	67	0
84	78	0
29	64	0
47	85	0
78	24	0
12	60	0
70	22	0
45	61	0
66	96	0
32	93	0
88	8	0
93	29	0
63	16	0
34	87	0
12	89	0
7	88	0
72	46	0
68	63	0
69	80	0
11	43	0
74	33	0
62	64	0
86	76	0
53	61	0
22	61	0
27	60	0
39	23	0
45	22	0
0	42	0
42	65	0
35	46	0
90	32	0
73	30	0
77	0	0
85	43	0
57	70	0
24	57	0
59	28	0
93	79	0
62	89	0
93	70	0
18	51	0
55	73	0
71	46	0
30	52	0
74	31	0
20	57	0
40	22	0
80	51	0
87	97	0
58	56	0
15	61	0
50	3	0
54	60	0
32	88	0
36	36	0
85	84	0
92	72	0
15	98	0
65	72	0
12	72	0
80	56	0
33	49	0
48	61	0
32	75	0
58	72	0
19	29	1
9	62	0
93	79	0
72	53	0
96	56	0
24	63	0
54	88	0
58	29	0
94	24	0
39	41	0
96	14	0
22	88	0
30	32	0
35	75	0
84	57	0
21	42	0
84	61	0
14	99	0
16	70	0
10	9	1
94	87	0
39	31	0
2	70	0
77	87	0
52	63	0
81	71	0
19	93	0
98	34	0
29	2	0
35	87	0
35	78	0
38	22	0
19	39	0
8	20	0
83	74	0
99	6	0
59	7	0
71	16	0
99	45	0
34	11	0
27	52	0
97	44	0
6	51	0
56	82	0
0	60	0
24	76	0
69	57	0
48	94	0
79	49	0
70	85	0
28	39	0
73	62	0
40	59	0
79	50	0
14	77	0
47	35	0
30	77	0
84	34	0
58	34	0
98	71	0
94	97	0
89	76	0
37	67	0
15	27	0
56	41	0
48	74	0
32	17	0
24	3	0
35	72	0
20	36	0
64	2	0
69	80	0
72	69	0
93	11	0
5	46	0
66	87	0
8	91	0
55	7	0
68	53	0
63	21	0
34	18	0
28	37	0
35	14	0
75	8	0
38	88	0
55	30	0
33	82	0
81	11	0
33	44	0
47	60	0
74	19	0
86	70	0
64	71	0
37	65	0
49	90	0
77	83	0
85	46	0
21	69	0
72	77	0
66	95	0
20	40	0
20	52	0
98	37	0
31	88	0
97	85	0
71	86	0
46	1	0
59	62	0
95	59	0
64	84	0
81	50	0
92	76	0
85	32	0
9	60	0
8	58	0
72	86	0
77	42	0
55	61	0
59	12	0
31	14	0
85	66	0
19	31	1
11	60	0
41	51	0
55	39	0
39	24	0
48	32	0
14	84	0
24	35	0
7	58	0
17	77	0
69	49	0
18	24	0
67	10	0
96	31	0
77	0	0
56	78	0
9	57	0
59	29	0
51	35	0
54	86	0
92	13	0
34	38	0
53	60	0
49	80	0
18	99	0
38	69	0
36	85	0
28	25	0
75	80	0
39	47	0
35	86	0
63	31	0
12	39	0
62	64	0
62	24	0
30	77	0
75	36	0
50	42	0
45	44	0
28	11	0
8	65	0
79	66	0
76	66	0
42	46	0
87	58	0
81	73	0
69	22	0
59	7	0
79	82	0
81	13	0
5	65	0
78	81	0
42	21	0
69	37	0
21	69	0
11	89	0
34	95	0
28	58	0
94	25	0
17	50	0
50	98	0
15	86	0
99	68	0
56	62	0
85	38	0
24	4	0
49	27	0
61	0	0
7	82	0
59	57	0
85	66	0
73	46	0
17	0	0
22	44	0
72	11	0
9	84	0
79	4	0
46	68	0
46	27	0
80	94	0
2	21	0
20	91	0
98	52	0
32	16	0
92	79	0
58	60	0
71	54	0
43	32	0
89	33	0
95	77	0
6	64	0
0	78	0
20	54	0
4	87	0
8	91	0
78	24	0
44	44	0
4	94	0
49	6	0
69	7	0
40	54	0
76	51	0
47	19	0
32	63	0
29	30	0
83	16	0
12	39	0
90	65	0
91	8	0
55	51	0
25	21	0
57	10	0
14	93	0
54	72	0
39	63	0
39	14	0
4	93	0
6	90	0
67	54	0
95	36	0
39	25	0
29	77	0
98	92	0
50	30	0
56	74	0
71	87	0
3	78	0
70	26	0
54	59	0
19	38	0
97	72	0
46	66	0
96	13	0
77	13	0
82	21	0
76	93	0
43	66	0
34	76	0
81	24	0
35	11	0
69	93	0
66	73	0
20	55	0
71	45	0
66	93	0
77	8	0
97	52	0
29	75	0
60	51	0
30	29	0
85	24	0
35	50	0
63	5	0
87	97	0
74	65	0
54	77	0
81	29	0
79	74	0
6	89	0
41	5	0
16	96	0
1	64	0
65	66	0
73	91	0
74	7	0
94	94	0
83	11	0
80	84	0
67	5	0
84	37	0
81	42	0
56	35	0
11	81	0
61	88	0
56	75	0
20	56	0
6	39	0
33	98	0
7	64	0
40	5	0
32	52	0
16	61	0
41	34	0
3	42	0
93	52	0
52	23	0
8	53	0
24	85	0
80	81	0
2	0	0
92	68	0
17	69	0
57	47	0
35	64	0
87	51	0
59	39	0
2	10	0
1	49	0
25	59	0
92	61	0
74	53	0
98	63	0
4	58	0
74	64	0
3	78	0
4	23	0
92	60	0
26	65	0
44	12	0
36	31	0
9	86	0
30	88	0
1	3	1
82	47	0
70	65	0
73	57	0
77	79	0
41	75	0
47	24	0
5	68	0
49	65	0
36	46	0
62	50	0
87	18	0
