96	69	0
28	22	0
63	98	0
13	8	0
87	35	0
86	98	0
47	79	0
71	46	0
7	85	0
1	0	0
16	90	0
99	46	0
73	75	0
30	38	0
82	92	0
97	43	0
41	95	0
40	82	1
62	74	0
46	17	0
76	72	0
82	90	0
79	86	0
5	24	0
81	14	0
72	72	0
30	94	0
83	22	0
67	91	0
50	63	0
77	83	0
99	53	0
98	21	0
20	75	1
86	82	0
13	73	1
33	1	0
7	74	1
41	85	0
78	47	0
27	11	0
99	86	0
83	88	0
93	17	0
99	15	0
18	34	0
64	87	0
7	82	0
91	1	0
60	98	0
4	29	0
82	85	0
89	29	0
30	85	0
57	94	0
84	20	0
25	86	1
33	93	1
28	9	0
95	2	0
75	31	0
43	82	0
83	24	0
57	51	0
83	26	0
11	96	0
45	79	0
96	66	0
69	99	0
8	63	0
46	91	0
97	51	0
72	20	0
46	36	0
31	9	0
71	58	0
8	81	0
96	26	0
42	68	0
87	56	0
87	1	0
77	99	0
72	87	0
7	32	0
68	80	0
84	71	0
81	42	0
19	98	0
67	41	0
91	56	0
92	28	0
99	41	0
13	53	0
4	18	0
94	55	0
52	86	0
47	60	1
45	79	0
57	91	0
72	32	0
69	68	0
78	75	0
81	65	0
25	18	0
16	12	0
78	53	0
96	1	0
24	97	0
27	39	0
69	73	0
59	82	0
54	76	0
38	1	0
49	84	0
68	80	0
82	56	0
18	92	0
88	85	0
3	74	0
19	49	0
76	85	0
93	75	0
48	69	0
61	42	0
87	41	0
24	91	0
56	75	0
23	45	0
51	83	0
40	26	0
92	84	0
28	99	0
90	4	0
79	38	0
67	88	0
69	82	0
58	72	0
28	37	0
21	69	0
60	92	0
83	68	0
39	91	0
53	89	0
73	15	0
43	93	0
28	22	0
82	62	0
63	42	0
75	70	0
82	34	0
11	91	0
58	50	0
93	35	0
59	38	0
49	23	0
93	31	0
59	76	0
76	99	0
85	70	0
96	22	0
96	35	0
99	68	0
31	88	1
67	78	0
51	92	0
79	22	0
15	88	0
95	10	0
20	44	0
28	91	1
24	93	0
83	75	0
77	78	0
87	50	0
87	51	0
43	86	0
91	62	0
53	4	0
40	25	0
84	42	0
33	72	0
64	79	0
75	67	0
81	6	0
96	49	0
99	31	0
71	63	0
69	87	0
56	8	0
8	93	0
5	91	0
94	63	0
71	60	0
85	11	0
99	78	0
20	11	0
29	94	0
53	93	0
89	4	0
86	3	0
99	33	0
75	30	0
71	44	0
3	6	0
18	89	0
45	90	0
51	66	1
92	44	0
68	93	0
95	85	0
68	38	0
76	79	0
74	19	1
10	8	0
31	8	0
34	25	0
89	38	0
83	19	0
8	48	0
24	25	0
90	80	0
94	71	0
80	19	0
99	13	0
63	1	0
81	15	0
38	18	0
98	88	0
25	85	0
3	96	0
35	38	0
75	40	0
66	64	0
61	79	0
87	88	0
71	26	0
71	80	0
99	41	0
85	64	0
67	51	0
95	72	0
64	16	0
94	10	0
27	49	0
68	99	0
97	33	0
23	87	1
97	38	0
73	95	0
97	33	0
65	17	0
54	51	0
61	90	0
74	89	0
20	90	0
94	88	0
2	97	0
92	3	0
91	15	0
57	82	0
13	97	0
78	41	0
94	68	0
26	1	0
48	93	0
37	81	1
55	74	0
1	28	0
90	33	0
99	4	0
81	97	0
16	22	0
68	32	0
66	79	0
8	27	0
43	87	0
81	49	0
23	90	1
86	6	0
81	14	0
91	63	0
11	81	0
67	19	0
86	92	0
31	96	0
65	59	0
7	32	0
63	86	0
60	48	0
92	43	0
76	50	0
74	55	0
2	37	0
90	67	0
25	94	0
89	58	0
10	96	0
83	88	0
36	18	0
73	64	0
63	90	0
53	96	0
84	56	0
75	0	0
0	76	0
70	44	0
25	98	0
86	31	0
92	43	0
72	31	0
85	72	0
47	95	0
60	97	0
29	97	0
98	83	0
69	84	0
19	2	0
7	85	0
77	82	0
62	90	0
58	56	1
70	32	0
28	81	1
81	63	0
95	6	0
87	8	0
93	84	0
67	84	0
79	22	0
89	12	0
71	89	0
32	98	0
84	10	0
96	1	0
73	26	0
9	58	0
14	99	0
16	95	0
86	82	0
85	99	0
77	94	0
84	67	0
76	74	0
7	94	0
18	71	1
27	19	0
4	7	0
44	39	0
94	27	0
79	40	0
66	62	0
54	15	0
86	82	0
64	78	0
85	57	0
34	79	1
74	62	0
23	7	0
97	42	0
63	95	0
44	39	0
20	91	0
74	96	0
97	71	0
30	83	1
21	77	0
38	68	0
71	71	0
52	99	0
9	45	0
79	69	0
91	51	0
89	67	0
33	76	0
66	81	0
89	15	0
82	10	0
10	85	0
36	97	0
89	75	0
72	70	0
1	91	0
14	79	0
78	94	0
30	25	0
3	80	0
69	89	0
58	66	0
81	83	0
6	85	0
75	48	0
18	5	0
50	90	0
9	93	0
2	14	0
88	64	0
87	14	0
76	24	0
79	15	1
10	20	0
14	57	0
76	33	0
67	74	0
30	89	1
57	54	1
89	78	0
81	44	0
75	81	0
60	54	1
72	82	0
0	64	0
83	58	0
62	32	0
95	46	0
90	90	0
81	71	0
67	57	1
61	53	1
45	80	0
99	73	0
92	5	0
52	76	0
2	97	0
65	27	0
66	15	0
78	18	1
28	64	1
72	15	1
80	25	0
29	32	0
58	94	0
66	60	0
37	89	0
68	96	0
87	62	0
85	28	0
86	70	0
87	92	0
93	46	0
86	90	0
33	87	0
70	75	0
82	47	0
50	90	0
85	88	0
75	69	0
94	26	0
52	73	0
81	22	0
59	41	0
87	87	0
86	57	0
17	88	0
30	90	1
82	29	0
80	28	0
91	45	0
85	10	0
91	83	0
84	17	0
81	38	0
11	87	0
20	71	1
17	95	0
50	30	0
33	62	0
50	85	0
66	2	0
10	94	0
80	49	0
20	9	0
25	59	0
77	68	0
71	61	0
83	63	0
83	46	0
69	65	0
82	51	0
4	44	0
97	84	0
70	60	0
50	94	0
6	72	1
90	18	0
50	94	0
25	89	0
98	42	0
68	32	0
21	10	0
27	36	0
10	65	1
82	54	0
95	36	0
28	12	0
51	11	0
50	77	0
97	82	0
17	5	0
46	82	0
65	30	0
90	66	0
74	68	0
63	87	0
12	48	0
97	44	0
90	63	0
8	88	0
29	88	1
0	97	0
57	36	0
86	21	0
9	19	0
91	33	0
79	18	0
44	35	0
14	98	0
60	84	0
18	75	1
24	25	0
24	96	0
56	54	1
84	44	0
60	83	0
19	90	0
71	40	0
9	0	0
86	57	0
48	61	1
87	27	0
79	28	0
69	27	0
56	87	0
38	99	0
83	40	0
61	97	0
72	62	0
82	42	0
61	92	0
90	38	0
93	97	0
86	84	0
54	87	0
90	17	0
74	76	0
65	27	0
27	89	1
86	56	0
84	94	0
82	11	0
99	97	0
81	26	0
82	67	0
11	89	0
80	99	0
72	80	0
8	14	0
16	99	0
11	73	1
84	31	0
23	95	0
53	81	0
79	40	0
77	47	0
19	98	0
81	42	0
91	59	0
77	43	0
90	31	0
6	91	0
11	6	0
63	74	0
15	58	0
29	7	0
0	95	0
99	50	0
81	91	0
88	55	0
86	79	0
74	44	0
2	78	0
80	23	0
97	40	0
