94	60	0
40	8	0
30	33	0
65	99	0
16	10	0
97	40	0
94	88	0
40	7	0
60	81	0
52	20	0
84	44	0
0	77	0
17	0	0
22	71	0
98	24	0
78	73	0
55	31	0
18	56	0
89	60	0
99	12	0
50	90	0
59	68	0
80	88	0
58	5	0
35	79	0
53	12	0
82	74	0
65	85	0
91	83	0
1	26	0
49	18	0
38	21	0
90	27	0
28	53	0
86	64	0
4	92	0
40	99	0
87	30	0
72	88	0
45	3	0
22	73	0
95	59	0
92	67	0
55	66	0
96	47	0
5	82	0
62	4	0
97	68	0
12	69	0
63	9	0
13	79	0
58	95	0
35	76	0
96	72	0
51	31	0
26	22	0
95	79	0
96	98	0
94	5	0
15	96	0
97	18	0
35	9	0
73	77	0
41	6	0
15	97	0
87	8	0
41	86	0
69	92	0
45	64	0
0	34	0
68	90	0
8	59	0
94	31	0
32	40	1
32	85	0
54	94	0
62	29	0
33	95	0
58	96	0
2	21	0
99	4	0
95	17	0
43	59	0
81	42	0
85	57	0
47	11	0
36	3	0
71	46	0
12	95	0
56	5	0
54	87	0
39	0	0
46	34	0
81	41	0
34	66	0
74	49	0
10	60	0
76	82	0
4	79	0
29	99	0
95	60	0
64	13	0
40	66	0
38	67	0
64	2	0
74	53	0
0	59	0
29	2	0
13	37	0
42	36	0
67	87	0
49	45	0
13	98	0
84	6	0
49	78	0
77	80	0
95	2	0
67	81	0
50	68	0
36	7	0
54	96	0
98	67	0
69	62	0
26	97	0
63	39	0
33	14	0
19	44	0
78	5	0
7	58	0
94	58	0
97	21	0
77	39	0
39	52	0
49	13	0
80	70	0
20	13	0
32	14	0
90	58	0
42	35	0
65	71	0
67	91	0
48	31	0
43	39	0
56	39	0
13	45	0
31	51	0
23	54	0
81	88	0
47	61	0
29	97	0
72	44	0
75	61	0
54	77	0
92	72	0
18	26	0
55	51	0
13	15	0
25	81	0
31	66	0
88	29	0
44	41	0
75	11	0
41	83	0
49	28	0
49	45	0
74	75	0
25	65	0
51	77	0
38	83	0
33	49	0
39	12	0
55	11	0
39	76	0
20	76	0
78	75	0
91	66	0
29	92	0
92	72	0
27	51	0
19	85	0
57	65	0
37	52	0
20	13	0
8	29	1
76	92	0
85	80	0
55	63	0
67	39	0
3	50	0
58	3	0
80	40	0
61	25	0
76	30	0
18	62	0
9	47	0
44	49	0
76	19	0
42	64	0
90	31	0
33	93	0
28	66	0
36	24	0
84	81	0
37	57	0
34	8	0
22	84	0
58	16	0
99	84	0
59	91	0
94	0	0
3	73	0
24	58	0
95	30	0
47	80	0
43	33	0
53	69	0
50	66	0
48	63	0
19	80	0
27	54	0
66	3	0
2	64	0
61	79	0
93	39	0
42	88	0
80	60	0
63	27	0
53	66	0
27	87	0
35	96	0
52	33	0
74	37	0
83	62	0
67	42	0
70	67	0
5	42	0
49	16	0
9	91	0
62	53	0
69	35	0
67	27	0
55	7	0
10	55	0
85	19	0
40	8	0
67	65	0
57	77	0
71	32	0
99	37	0
97	7	0
2	52	0
95	78	0
20	98	0
91	76	0
31	98	0
61	29	0
63	21	0
19	84	0
76	35	0
37	69	0
39	73	0
44	5	0
33	93	0
82	93	0
70	90	0
82	45	0
93	69	0
16	90	0
44	63	0
65	3	0
68	38	0
34	23	0
39	5	0
50	12	0
50	59	0
78	41	0
33	48	0
36	49	0
35	74	0
75	86	0
82	67	0
58	76	0
82	0	0
86	44	0
67	0	0
17	48	0
27	34	1
70	42	0
72	54	0
69	69	0
17	35	0
36	69	0
58	19	0
19	86	0
30	87	0
27	69	0
87	68	0
46	17	0
37	0	0
31	53	0
76	69	0
63	8	0
75	89	0
14	0	0
49	99	0
5	70	0
37	97	0
45	41	0
2	53	0
79	25	0
77	6	0
56	15	0
87	15	0
39	57	0
9	56	0
72	22	0
89	63	0
12	11	0
0	63	0
27	97	0
1	92	0
47	98	0
53	72	0
54	39	0
62	11	0
43	86	0
45	63	0
80	98	0
32	32	0
10	53	0
25	45	0
62	56	0
71	82	0
27	24	0
77	29	0
35	3	0
53	1	0
60	16	0
35	43	0
74	68	0
80	10	0
13	41	0
48	17	0
52	53	0
42	38	0
34	49	0
87	78	0
77	57	0
12	47	0
55	35	0
98	8	0
59	7	0
54	27	0
48	40	0
41	32	0
8	78	0
58	82	0
22	76	0
16	96	0
27	99	0
57	12	0
40	36	0
97	46	0
84	54	0
0	70	0
80	73	0
66	70	0
79	29	0
83	87	0
86	8	0
76	56	0
80	62	0
36	20	0
62	48	0
27	50	0
89	77	0
72	14	0
95	20	0
30	49	0
41	93	0
69	64	0
87	13	0
17	73	0
90	23	0
51	99	0
83	23	0
74	40	0
42	51	0
55	40	0
30	38	1
34	52	0
60	84	0
83	25	0
38	21	0
74	80	0
32	65	0
13	98	0
88	99	0
39	38	0
1	89	0
58	35	0
94	19	0
83	41	0
14	61	0
63	45	0
44	29	0
49	43	0
12	95	0
83	19	0
52	2	0
86	40	0
50	44	0
26	84	0
21	3	0
58	59	0
56	91	0
12	52	0
42	73	0
36	80	0
52	35	0
18	85	0
6	47	0
23	43	1
63	9	0
84	33	0
93	4	0
85	87	0
21	70	0
26	30	1
47	23	0
84	1	0
76	60	0
77	91	0
7	45	0
63	93	0
94	60	0
32	87	0
71	6	0
56	53	0
61	26	0
73	14	0
48	29	0
40	13	0
95	1	0
86	30	0
9	83	0
84	15	0
93	99	0
21	89	0
96	62	0
48	52	0
8	27	0
80	95	0
64	48	0
1	99	0
68	42	0
74	34	0
78	50	0
87	68	0
24	74	0
86	64	0
34	83	0
96	82	0
32	89	0
94	81	0
36	28	0
57	67	0
64	95	0
45	64	0
74	95	0
69	48	0
31	65	0
36	66	0
85	4	0
9	89	0
94	50	0
18	82	0
50	72	0
45	80	0
89	43	0
38	52	0
50	27	0
79	58	0
66	7	0
87	89	0
67	93	0
46	47	0
46	7	0
38	40	0
56	84	0
35	23	0
45	64	0
80	70	0
38	18	0
98	95	0
56	12	0
10	11	0
50	24	0
18	79	0
40	0	0
11	63	0
92	91	0
59	85	0
59	52	0
59	4	0
43	69	0
45	51	0
95	55	0
87	4	0
8	71	0
76	2	0
55	74	0
63	31	0
37	15	0
37	65	0
86	84	0
26	77	0
42	85	0
77	30	0
18	50	0
64	33	0
39	69	0
61	87	0
33	97	0
87	8	0
97	31	0
73	17	0
26	79	0
28	98	0
27	81	0
75	44	0
80	80	0
81	90	0
10	41	0
75	41	0
72	74	0
77	68	0
63	82	0
18	82	0
15	68	0
41	25	0
38	16	0
1	41	0
47	54	0
26	46	0
81	31	0
84	39	0
75	4	0
74	49	0
51	63	0
21	61	0
53	28	0
88	79	0
51	93	0
76	65	0
35	59	0
35	88	0
78	52	0
28	49	0
79	30	0
21	48	0
30	15	0
88	54	0
75	94	0
56	56	0
8	59	0
51	5	0
62	56	0
34	86	0
36	30	0
78	92	0
95	62	0
16	84	0
64	44	0
8	65	0
79	57	0
35	61	0
49	60	0
36	79	0
62	65	0
5	56	0
73	60	0
67	51	0
75	45	0
24	74	0
67	84	0
55	7	0
95	22	0
54	34	0
97	11	0
9	77	0
34	43	0
36	70	0
84	68	0
26	58	0
75	73	0
19	93	0
14	87	0
91	86	0
47	29	0
0	68	0
74	99	0
48	66	0
86	57	0
23	96	0
93	33	0
20	9	0
35	80	0
21	83	0
26	9	0
13	45	0
12	25	0
78	69	0
96	18	0
53	15	0
73	32	0
90	27	0
30	8	0
31	64	0
95	32	0
3	60	0
48	93	0
0	55	0
25	81	0
68	49	0
52	96	0
78	47	0
66	83	0
32	40	1
70	60	0
43	53	0
72	60	0
2	75	0
58	33	0
28	85	0
84	43	0
73	25	0
90	75	0
90	93	0
85	83	0
51	74	0
69	40	0
51	66	0
39	21	0
31	10	0
35	74	0
2	42	0
66	9	0
60	82	0
83	82	0
84	5	0
11	44	0
57	82	0
23	93	0
62	4	0
57	41	0
59	23	0
46	23	0
47	18	0
84	8	0
40	99	0
65	23	0
28	98	0
95	15	0
23	48	0
47	62	0
72	26	0
79	94	0
68	71	0
42	64	0
57	94	0
72	68	0
87	50	0
10	60	0
85	86	0
82	97	0
15	66	0
95	48	0
29	68	0
99	82	0
51	95	0
39	14	0
70	67	0
89	59	0
58	81	0
71	66	0
90	67	0
68	34	0
20	55	0
6	60	0
62	73	0
68	36	0
52	48	0
49	1	0
30	23	0
96	73	0
17	58	0
30	47	0
61	25	0
47	5	0
54	26	0
20	97	0
15	59	0
13	81	0
70	50	0
84	27	0
90	35	0
94	1	0
63	91	0
9	51	0
57	29	0
54	50	0
48	80	0
95	14	0
62	58	0
43	92	0
17	89	0
40	65	0
25	90	0
35	18	0
73	77	0
51	27	0
37	80	0
55	38	0
8	46	0
69	59	0
66	13	0
26	83	0
97	47	0
20	39	1
23	58	0
19	19	0
4	66	0
78	62	0
72	60	0
40	52	0
81	60	0
92	68	0
64	38	0
61	22	0
79	65	0
77	23	0
8	49	0
74	87	0
28	34	1
57	35	0
13	63	0
1	84	0
36	94	0
37	52	0
90	26	0
1	45	0
61	89	0
4	90	0
85	57	0
48	36	0
85	30	0
11	16	0
45	35	0
72	4	0
25	85	0
49	47	0
99	63	0
87	36	0
6	1	0
5	43	0
51	18	0
7	56	0
83	8	0
52	71	0
35	26	0
91	94	0
8	19	0
31	95	0
94	52	0
34	9	0
86	99	0
49	57	0
59	62	0
35	37	0
93	32	0
95	86	0
8	61	0
4	74	0
18	47	0
23	78	0
19	94	0
62	25	0
35	59	0
11	90	0
41	22	0
69	20	0
36	66	0
59	47	0
50	13	0
33	73	0
33	34	0
90	19	0
4	35	0
78	52	0
94	20	0
52	45	0
38	22	0
50	5	0
19	91	0
46	65	0
47	61	0
33	14	0
25	88	0
9	86	0
68	46	0
95	36	0
30	26	0
28	67	0
85	93	0
47	26	0
66	74	0
56	83	0
6	83	0
75	36	0
50	60	0
18	38	0
91	77	0
52	58	0
94	16	0
77	13	0
86	22	0
69	96	0
54	61	0
39	54	0
63	25	0
45	7	0
55	88	0
57	71	0
17	57	0
78	39	0
46	94	0
89	32	0
87	56	0
30	80	0
39	56	0
79	33	0
43	52	0
87	6	0
98	99	0
74	74	0
48	82	0
75	39	0
70	88	0
12	78	0
44	7	0
10	94	0
12	62	0
47	69	0
74	78	0
62	14	0
97	91	0
92	9	0
93	92	0
62	8	0
84	27	0
72	60	0
55	36	0
12	88	0
58	94	0
67	83	0
28	48	0
9	32	0
25	88	0
11	65	0
41	11	0
41	45	0
20	60	0
33	40	0
1	45	0
92	55	0
43	24	0
14	62	0
31	81	0
62	87	0
89	51	0
0	78	0
64	41	0
29	61	0
78	51	0
62	30	0
8	55	0
21	47	0
82	49	0
62	49	0
83	54	0
0	67	0
63	53	0
7	78	0
4	6	0
86	70	0
12	59	0
34	3	0
33	22	0
11	98	0
20	80	0
91	43	0
70	72	0
82	63	0
75	83	0
49	65	0
60	44	0
7	72	0
43	71	0
32	54	0
69	53	0
85	11	0
