87	68	0
49	15	0
35	29	0
51	97	0
7	10	0
96	39	0
97	89	0
36	6	0
63	82	0
46	14	0
92	44	0
5	75	0
19	7	0
24	63	0
98	24	0
80	79	0
56	31	0
19	48	0
92	67	0
95	10	0
46	92	0
62	75	0
80	86	0
54	2	0
43	80	0
57	7	0
86	74	0
62	85	0
84	74	0
1	27	0
61	22	0
34	15	0
86	33	0
36	53	0
90	63	0
5	91	0
41	98	0
94	24	0
77	93	0
52	1	0
26	65	0
94	56	0
97	73	0
52	65	0
96	54	0
7	80	0
22	37	1
66	1	0
90	62	0
18	69	0
63	2	0
9	78	0
53	96	0
36	75	0
99	68	0
47	33	0
24	26	0
90	77	0
97	96	0
98	16	0
12	96	0
93	17	0
40	2	0
74	78	0
42	11	0
6	93	0
80	6	0
44	82	0
72	95	0
51	63	0
6	29	0
69	94	0
27	36	1
13	55	0
87	32	0
15	41	0
26	87	0
53	98	0
63	28	0
29	95	0
63	99	0
2	24	0
98	8	0
91	22	0
38	59	0
77	40	0
20	37	1
80	54	0
24	35	1
48	8	0
37	5	0
66	38	0
15	98	0
61	14	0
54	87	0
40	6	0
45	28	0
86	40	0
35	63	0
75	45	0
12	61	0
78	80	0
2	74	0
27	92	0
96	58	0
59	8	0
44	70	0
30	55	0
61	4	0
69	51	0
4	57	0
31	2	0
23	44	0
38	33	0
67	92	0
58	48	0
20	95	0
84	6	0
51	77	0
80	82	0
98	3	0
63	79	0
48	73	0
28	10	0
60	95	0
95	73	0
70	65	0
24	97	0
68	36	0
32	20	0
15	45	0
75	11	0
9	65	0
94	64	0
95	25	0
85	33	0
34	54	0
57	19	0
82	72	0
19	14	0
32	13	0
80	65	0
37	34	0
68	71	0
71	86	0
52	30	0
43	29	0
56	39	0
15	42	0
27	53	0
18	60	0
76	82	0
44	54	0
35	99	0
82	47	0
79	70	0
54	83	0
29	34	1
95	68	0
12	32	0
51	46	0
17	13	0
25	85	0
34	78	0
87	34	0
38	38	0
71	11	0
41	82	0
53	29	0
48	49	0
80	78	0
28	64	0
53	74	0
37	87	0
36	46	0
44	12	0
52	10	0
29	73	0
24	83	0
81	78	0
93	68	0
30	91	0
28	34	1
97	71	0
31	51	0
26	87	0
57	77	0
40	54	0
28	12	0
13	32	0
69	95	0
89	84	0
59	68	0
74	35	0
4	57	0
55	8	0
79	32	0
61	27	0
68	29	0
20	67	0
1	56	0
54	50	0
77	27	0
37	65	0
93	29	0
32	93	0
26	64	0
39	19	0
78	78	0
34	56	0
31	8	0
17	91	0
55	11	0
96	86	0
66	91	0
96	6	0
6	82	0
23	64	0
92	33	0
54	78	0
47	40	0
57	61	0
48	70	0
45	66	0
22	75	0
29	54	0
70	0	0
0	62	0
60	84	0
89	45	0
44	90	0
82	60	0
65	29	0
43	70	0
21	84	0
39	93	0
53	39	0
71	33	0
26	33	1
82	59	0
76	40	0
70	70	0
6	49	0
53	12	0
10	85	0
66	61	0
60	37	0
67	35	0
53	27	0
7	57	0
86	18	0
45	10	0
67	66	0
49	75	0
75	35	0
99	36	0
91	0	0
5	59	0
98	75	0
24	97	0
94	68	0
38	91	0
56	34	0
57	11	0
20	91	0
69	31	0
45	68	0
38	74	0
47	5	0
29	97	0
81	88	0
64	91	0
75	44	0
88	76	0
18	97	0
46	59	0
67	3	0
68	37	0
30	14	0
36	1	0
58	11	0
53	58	0
79	39	0
40	48	0
37	49	0
38	73	0
70	85	0
82	67	0
58	81	0
86	2	0
80	41	0
66	1	0
20	48	0
29	32	1
72	46	0
61	46	0
68	66	0
13	34	0
40	68	0
63	27	0
25	88	0
30	90	0
28	73	0
94	62	0
47	17	0
37	0	0
27	55	0
85	66	0
56	12	0
73	93	0
13	2	0
52	97	0
0	70	0
34	88	0
40	35	0
1	62	0
85	20	0
25	34	1
73	4	0
46	13	0
90	10	0
33	49	0
20	49	0
77	25	0
87	59	0
13	21	0
24	32	1
5	61	0
33	94	0
0	88	0
45	96	0
54	72	0
56	36	0
63	17	0
42	83	0
45	69	0
82	93	0
27	25	0
11	55	0
31	48	0
63	63	0
70	85	0
33	24	0
79	23	0
41	0	0
51	1	0
60	22	0
31	45	0
77	74	0
89	9	0
21	42	0
53	18	0
52	50	0
42	33	0
37	53	0
80	76	0
77	52	0
14	50	0
57	32	0
96	7	0
62	6	0
54	26	0
53	36	0
33	27	0
0	74	0
60	80	0
29	72	0
24	94	0
28	95	0
58	17	0
40	33	0
96	41	0
88	53	0
0	76	0
81	72	0
73	73	0
76	26	0
76	81	0
82	7	0
82	61	0
73	53	0
40	23	0
60	53	0
26	50	0
86	78	0
68	20	0
97	9	0
30	46	0
37	89	0
70	74	0
83	16	0
13	69	0
94	26	0
38	93	0
81	18	0
71	44	0
38	54	0
55	37	0
27	41	0
31	48	0
60	85	0
79	34	0
36	16	0
70	71	0
23	67	0
12	94	0
91	90	0
34	36	0
4	81	0
59	32	0
83	19	0
84	44	0
6	64	0
60	33	0
46	24	0
40	42	0
9	99	0
77	23	0
53	5	0
89	44	0
49	45	0
21	74	0
13	1	0
59	63	0
56	89	0
5	53	0
45	68	0
39	80	0
52	34	0
16	95	0
5	46	0
21	42	0
60	14	0
89	28	0
90	15	0
79	86	0
22	57	0
29	28	0
40	26	0
82	2	0
68	62	0
75	94	0
19	41	0
63	93	0
94	65	0
33	83	0
70	6	0
69	52	0
67	21	0
77	10	0
44	28	0
44	12	0
98	1	0
81	37	0
8	78	0
83	10	0
92	99	0
24	93	0
97	66	0
47	58	0
10	27	0
90	93	0
60	43	0
4	95	0
67	34	0
69	41	0
72	58	0
82	64	0
27	71	0
82	71	0
33	90	0
97	79	0
38	92	0
97	78	0
29	32	1
39	31	0
56	68	0
66	99	0
44	67	0
69	97	0
67	50	0
31	63	0
34	67	0
80	8	0
9	83	0
95	52	0
23	86	0
49	72	0
47	85	0
87	42	0
36	57	0
20	33	1
48	26	0
83	55	0
67	15	0
90	88	0
56	95	0
42	51	0
55	3	0
37	41	0
50	85	0
34	23	0
49	61	0
74	73	0
41	22	0
99	92	0
48	19	0
19	5	0
55	26	0
21	79	0
39	6	0
19	57	0
92	93	0
61	86	0
60	55	0
65	9	0
38	70	0
46	49	0
98	53	0
87	4	0
2	71	0
75	1	0
55	73	0
63	29	0
46	13	0
34	66	0
83	80	0
36	73	0
36	78	0
82	26	0
24	47	0
62	29	0
43	67	0
64	87	0
32	95	0
85	6	0
99	23	0
69	12	0
27	78	0
18	96	0
21	82	0
69	40	0
80	70	0
71	82	0
16	44	0
80	43	0
68	71	0
79	71	0
55	68	0
19	74	0
14	63	0
46	22	0
40	15	0
1	31	0
40	53	0
28	44	0
85	27	0
78	35	0
70	5	0
80	44	0
51	63	0
17	67	0
51	25	0
94	84	0
50	91	0
72	64	0
27	56	0
41	84	0
71	47	0
30	50	0
79	26	0
22	48	0
38	22	0
88	54	0
88	92	0
52	56	0
7	63	0
47	11	0
59	61	0
27	84	0
41	31	0
84	88	0
94	72	0
18	79	0
73	48	0
5	68	0
82	59	0
32	58	0
54	61	0
33	78	0
56	68	0
6	50	0
80	69	0
64	57	0
84	50	0
21	69	0
59	86	0
55	20	0
93	26	0
51	33	0
99	13	0
13	86	0
35	38	0
33	62	0
87	62	0
25	58	0
83	71	0
16	93	0
20	84	0
93	91	0
45	24	0
9	69	0
78	97	0
42	62	0
84	61	0
20	92	0
92	28	0
30	6	0
34	80	0
32	73	0
33	14	0
13	40	0
5	25	0
83	67	0
97	12	0
57	13	0
79	29	0
91	30	0
33	12	0
34	54	0
96	37	0
8	57	0
52	93	0
9	55	0
29	81	0
69	52	0
53	98	0
77	58	0
71	82	0
36	33	0
74	62	0
39	57	0
82	64	0
13	67	0
55	31	0
32	76	0
84	38	0
70	29	0
80	67	0
95	98	0
88	79	0
52	72	0
68	38	0
50	73	0
43	21	0
31	13	0
33	77	0
0	38	0
62	5	0
57	87	0
78	88	0
83	7	0
18	40	0
54	81	0
14	97	0
59	3	0
59	47	0
55	20	0
41	22	0
15	34	1
49	16	0
83	5	0
42	96	0
66	28	0
29	95	0
95	12	0
30	49	0
43	64	0
68	29	0
81	87	0
67	74	0
40	67	0
54	93	0
74	68	0
85	43	0
13	71	0
80	84	0
82	98	0
27	31	1
16	57	0
95	45	0
30	74	0
97	89	0
58	98	0
44	9	0
72	65	0
87	58	0
60	84	0
75	58	0
92	70	0
72	36	0
16	55	0
0	67	0
65	76	0
76	38	0
53	53	0
46	2	0
37	17	0
97	73	0
12	52	0
30	53	0
58	30	0
38	15	0
55	29	0
20	92	0
4	56	0
17	81	0
70	51	0
83	20	0
92	33	0
86	2	0
56	87	0
9	51	0
53	27	0
61	51	0
47	80	0
91	13	0
25	35	1
61	54	0
45	88	0
18	88	0
38	63	0
29	85	0
36	23	0
78	78	0
45	35	0
46	81	0
57	38	0
9	40	0
60	60	0
64	14	0
22	83	0
89	41	0
24	40	0
29	52	0
22	16	0
2	63	0
80	68	0
75	63	0
41	54	0
83	52	0
82	68	0
71	33	0
66	16	0
82	73	0
80	23	0
7	58	0
75	86	0
26	29	0
64	30	0
9	60	0
0	87	0
35	94	0
36	56	0
96	30	0
5	48	0
56	92	0
5	88	0
90	58	0
54	49	0
86	27	0
13	8	0
44	32	0
71	3	0
17	85	0
53	49	0
98	61	0
83	40	0
7	6	0
12	43	0
61	12	0
7	66	0
82	4	0
50	71	0
35	28	0
88	89	0
13	17	0
30	91	0
95	56	0
30	11	0
90	98	0
49	57	0
64	60	0
44	36	0
96	29	0
90	90	0
2	63	0
12	72	0
9	51	0
22	81	0
17	97	0
70	27	0
39	52	0
10	89	0
46	16	0
69	13	0
37	58	0
64	56	0
49	18	0
34	68	0
34	27	0
86	23	0
6	40	0
74	62	0
91	6	0
56	44	0
30	17	0
45	7	0
13	94	0
50	68	0
41	62	0
34	14	0
15	95	0
6	88	0
68	46	0
96	37	0
35	29	0
27	62	0
90	94	0
46	31	0
62	70	0
68	89	0
9	83	0
76	36	0
54	56	0
14	42	0
90	75	0
53	63	0
94	11	0
77	11	0
85	22	0
68	91	0
48	66	0
43	53	0
67	14	0
45	9	0
61	94	0
66	65	0
18	54	0
75	37	0
53	93	0
86	35	0
88	62	0
33	75	0
49	53	0
21	34	1
85	28	0
34	54	0
83	7	0
95	91	0
74	61	0
58	81	0
76	37	0
69	85	0
13	91	0
38	2	0
13	86	0
12	58	0
56	71	0
76	81	0
66	10	0
99	98	0
92	12	0
94	89	0
62	11	0
80	31	0
74	52	0
53	42	0
16	82	0
59	95	0
67	81	0
31	48	0
9	32	0
17	89	0
13	62	0
46	6	0
38	46	0
19	67	0
43	42	0
3	39	0
99	55	0
45	18	0
14	61	0
29	86	0
67	79	0
91	56	0
6	69	0
62	44	0
22	62	0
73	43	0
54	34	0
0	52	0
24	46	0
85	55	0
70	57	0
87	51	0
3	67	0
64	52	0
5	83	0
5	14	0
90	68	0
14	63	0
33	5	0
37	19	0
15	98	0
19	84	0
86	41	0
65	67	0
75	63	0
78	82	0
43	63	0
57	43	0
6	73	0
43	67	0
35	48	0
66	55	0
78	17	0
