79	66	0
37	32	0
65	99	0
14	14	0
94	35	0
89	92	0
71	42	0
7	77	0
4	7	0
14	93	0
85	41	0
68	79	0
31	31	0
65	75	0
92	50	0
51	93	1
58	69	0
40	31	0
90	81	0
97	85	0
71	79	0
7	24	0
68	70	0
74	30	0
65	81	0
51	67	0
62	82	0
94	50	0
99	33	0
93	71	0
42	1	0
82	32	0
34	15	0
93	68	0
92	71	0
92	24	1
92	9	0
18	31	0
64	73	0
2	87	0
95	10	1
61	97	0
22	33	0
77	74	0
93	38	0
58	94	0
4	18	0
90	13	0
68	37	0
75	10	1
51	44	0
80	38	0
16	97	1
85	71	0
58	92	0
20	61	0
94	55	0
35	38	0
34	9	0
62	58	0
11	91	0
99	25	0
37	69	0
88	61	0
97	7	0
74	93	0
69	80	0
6	22	0
75	81	0
82	69	0
82	42	0
16	97	1
57	37	0
88	43	0
82	35	0
88	40	0
13	60	0
5	14	0
88	65	0
60	98	0
34	83	0
60	92	0
76	43	0
61	69	0
80	76	0
78	80	0
24	17	0
7	8	0
84	59	0
89	0	0
15	45	0
75	77	0
63	78	0
61	79	0
55	7	0
56	96	1
75	86	0
78	53	0
10	89	0
95	88	0
1	95	0
18	54	0
90	87	0
93	75	0
49	79	0
71	46	0
81	36	0
55	63	0
16	56	0
45	21	0
88	85	0
74	4	0
85	39	0
81	95	0
61	74	0
74	75	0
18	25	0
68	99	0
70	63	1
57	94	0
31	77	0
31	39	0
71	53	1
58	45	0
60	83	0
67	37	0
5	97	0
93	33	0
64	21	1
52	28	0
84	20	1
69	67	0
75	95	0
91	71	0
87	10	1
94	26	0
97	82	0
69	75	0
48	82	0
17	75	1
96	10	1
10	47	0
75	72	0
78	73	0
86	55	0
88	57	0
86	68	0
54	16	0
34	24	0
76	62	0
30	76	0
58	85	1
85	75	0
98	45	0
99	31	0
69	62	0
67	99	0
66	12	0
0	93	0
12	98	0
97	59	0
58	71	1
89	74	0
11	16	0
85	7	1
83	10	0
92	28	0
85	21	1
82	31	0
14	16	0
30	78	0
55	96	1
86	35	0
75	98	0
89	77	0
65	33	0
66	84	0
7	6	0
33	10	0
45	28	0
68	39	0
0	56	0
30	12	0
99	85	0
96	55	0
97	11	1
59	0	0
37	8	0
97	84	0
29	75	0
8	95	0
35	33	0
71	51	0
74	71	0
52	71	0
82	80	0
73	32	0
80	78	0
86	33	0
85	66	0
54	35	0
99	72	0
66	9	0
99	10	1
31	57	0
77	89	0
95	42	0
89	45	0
77	91	0
92	42	0
44	49	0
55	97	0
70	82	0
25	77	0
84	85	0
5	94	0
91	14	1
21	97	1
88	30	0
91	61	0
30	2	0
48	93	1
46	53	0
11	16	0
86	47	0
87	9	1
68	90	0
14	23	0
74	31	0
73	77	0
17	32	0
80	42	0
78	1	0
93	66	0
69	18	0
95	95	0
16	32	0
54	99	1
67	54	0
90	40	0
63	46	0
3	55	0
92	70	0
94	65	0
5	85	0
76	86	0
39	16	0
66	52	0
60	98	0
66	93	0
99	43	0
62	10	0
70	42	0
78	30	0
90	55	0
76	33	0
88	73	0
50	89	1
91	99	0
80	98	0
13	8	0
1	85	0
73	83	0
69	91	0
52	18	0
82	57	0
99	1	0
98	79	0
64	80	0
92	23	1
61	77	0
84	21	1
98	3	0
89	32	0
15	44	0
2	97	0
89	89	0
88	93	0
84	86	0
79	60	0
72	77	0
5	88	0
27	26	0
3	11	0
41	43	0
85	40	0
62	61	0
59	3	0
73	81	0
80	75	0
84	48	0
72	60	0
26	22	0
99	42	0
74	97	0
54	37	0
69	80	0
92	68	0
18	53	0
52	71	0
58	81	0
58	85	1
3	48	0
74	78	0
98	45	0
92	70	0
49	91	1
86	26	0
85	8	1
96	70	0
65	70	0
1	96	0
79	91	0
18	22	0
9	94	0
66	74	0
66	64	0
89	91	0
5	81	0
85	56	0
16	4	0
47	91	1
9	84	0
2	15	0
97	56	0
76	27	1
17	21	0
11	35	0
77	39	0
70	79	0
90	76	0
82	40	0
78	74	0
71	86	0
2	71	0
89	67	0
61	25	0
96	41	0
78	87	0
75	71	0
42	81	0
91	64	0
95	9	1
41	73	0
0	99	0
76	37	0
27	32	0
64	84	0
35	72	0
65	96	0
92	52	0
86	34	0
72	66	0
95	80	0
96	42	0
95	95	0
82	69	0
70	32	0
38	85	1
83	76	0
82	67	0
99	32	0
49	63	0
67	28	0
85	89	0
88	60	0
25	82	0
90	34	0
80	42	0
87	39	0
99	83	0
74	49	0
8	81	0
14	98	0
38	31	0
29	72	0
60	7	0
1	93	0
77	47	0
7	15	0
21	56	0
66	66	0
73	76	0
80	47	0
71	44	0
79	64	1
73	45	0
14	40	0
93	76	0
63	92	0
77	15	0
16	93	0
95	55	0
57	26	1
27	20	0
30	33	0
72	50	0
93	35	0
11	6	0
43	1	0
52	59	0
96	88	0
28	7	0
60	11	0
91	83	0
72	62	1
60	87	0
24	53	0
92	46	0
84	61	0
5	89	0
1	98	0
48	32	0
95	31	0
18	31	0
84	36	0
81	17	0
35	31	0
16	99	1
58	86	1
19	36	0
79	42	0
67	90	0
73	40	0
9	10	0
92	54	0
86	40	0
82	18	0
60	31	1
58	99	0
80	38	0
50	97	0
58	52	0
73	45	0
55	93	0
91	49	0
94	99	0
86	89	0
72	71	0
73	24	0
93	42	0
95	98	0
96	96	0
86	23	1
83	68	0
11	99	1
84	94	0
56	75	0
3	19	0
33	93	0
83	32	0
20	96	1
76	32	0
80	44	0
78	49	0
99	54	0
87	32	0
80	24	1
5	78	0
9	12	0
54	82	0
26	70	0
37	1	0
4	86	0
98	41	0
95	89	0
85	48	0
92	88	0
70	57	1
93	43	0
