93	64	0
34	1	0
35	34	0
59	96	0
19	7	0
97	42	0
95	91	0
51	10	0
57	74	0
59	21	0
86	49	0
4	87	0
13	0	0
28	84	0
97	25	0
74	81	0
52	40	0
20	56	0
85	54	0
97	10	0
46	93	0
57	65	0
70	88	0
53	9	0
28	78	0
47	15	0
89	71	0
67	88	0
90	78	0
1	32	0
55	15	0
42	21	0
92	31	0
25	54	0
82	64	0
16	89	0
33	95	0
92	20	0
79	85	0
43	5	0
31	69	0
90	64	0
95	73	0
53	60	0
96	49	0
10	80	0
63	3	0
99	67	0
15	70	0
73	12	0
16	78	0
63	92	0
28	75	0
99	70	0
44	38	0
33	24	0
90	87	0
98	99	0
99	3	0
16	99	0
98	12	0
32	6	0
70	79	0
34	2	0
6	94	0
88	10	0
36	80	0
62	95	0
42	60	0
5	30	0
70	85	0
14	59	0
96	30	0
31	83	0
62	97	0
67	31	0
30	98	0
58	95	0
4	17	0
98	9	0
93	22	0
46	69	0
80	39	0
90	59	0
51	15	0
31	9	0
65	51	0
11	96	0
48	1	0
48	76	0
45	2	0
57	33	0
82	34	0
31	61	0
75	43	0
2	61	0
80	94	0
2	86	0
37	99	0
95	57	0
67	11	0
40	70	0
38	64	0
67	3	0
69	52	0
6	65	0
33	0	0
10	37	0
37	44	0
64	80	0
43	42	0
15	96	0
82	18	0
42	85	0
75	69	0
97	9	0
74	91	0
50	77	0
40	19	0
59	99	0
96	72	0
76	64	0
21	92	0
63	30	0
33	14	0
20	43	1
74	11	0
8	61	0
96	68	0
97	18	0
81	47	0
42	50	0
60	6	0
79	70	0
24	20	0
38	29	0
99	59	0
40	37	0
62	83	0
59	80	0
51	25	0
41	42	0
60	36	0
12	46	0
27	42	1
20	53	0
82	90	0
47	55	0
39	98	0
76	41	0
74	63	0
54	68	0
90	64	0
23	21	0
54	52	0
21	14	0
15	73	0
35	64	0
88	34	0
37	44	0
87	8	0
39	88	0
54	24	0
40	49	0
77	76	0
29	69	0
51	69	0
41	82	0
39	47	0
36	13	0
57	18	0
39	85	0
24	64	0
77	80	0
91	61	0
33	95	0
97	72	0
26	47	0
23	70	0
47	74	0
52	50	0
24	17	0
75	86	0
92	79	0
55	68	0
59	30	0
5	44	0
58	3	0
74	51	0
60	23	0
78	20	0
25	49	0
4	48	0
47	49	0
71	26	0
38	64	0
82	26	0
44	95	0
26	71	0
41	26	0
78	81	0
41	53	0
37	9	0
25	82	0
58	4	0
92	83	0
52	91	0
92	1	0
6	79	0
18	67	0
94	28	0
49	86	0
28	42	0
60	68	0
56	62	0
42	61	0
18	71	0
26	60	0
70	1	0
9	62	0
60	79	0
95	46	0
39	90	0
82	62	0
72	18	0
52	68	0
19	85	0
35	99	0
46	29	0
74	30	0
85	54	0
62	45	0
67	64	0
6	40	0
54	24	0
17	93	0
61	53	0
74	39	0
70	29	0
51	9	0
13	50	0
89	23	0
34	11	0
64	70	0
61	83	0
67	44	0
92	40	0
98	2	0
4	41	0
97	76	0
26	96	0
97	80	0
31	93	0
62	30	0
76	28	0
17	85	0
81	27	0
30	63	0
28	77	0
46	7	0
27	99	0
75	90	0
73	87	0
90	48	0
98	65	0
13	95	0
36	73	0
72	6	0
74	48	0
33	22	0
35	4	0
52	18	0
51	51	0
82	46	0
33	53	0
34	48	0
36	67	0
73	90	0
88	63	0
61	83	0
84	8	0
91	40	0
63	14	0
23	38	0
77	40	0
73	50	0
75	69	0
11	38	0
34	63	0
65	20	0
15	89	0
34	86	0
19	78	0
88	72	0
51	16	0
33	2	0
34	53	0
82	74	0
63	8	0
78	92	0
15	2	0
51	98	0
8	69	0
49	95	0
43	37	0
3	51	0
72	34	0
73	11	0
54	16	0
79	9	0
39	64	0
10	57	0
71	23	0
86	64	0
6	6	0
5	65	0
34	93	0
8	88	0
42	93	0
52	66	0
57	44	0
68	4	0
45	80	0
45	66	0
86	97	0
35	31	1
6	52	0
25	44	1
61	46	0
75	79	0
30	27	1
81	28	0
30	9	0
50	8	0
52	18	0
36	44	0
76	64	0
71	10	0
7	44	0
38	15	0
49	64	0
40	32	0
26	45	0
89	77	0
78	52	0
13	46	0
64	39	0
93	8	0
64	12	0
60	25	0
43	41	0
37	30	0
5	75	0
62	82	0
29	72	0
25	98	0
29	84	0
52	10	0
42	39	0
96	42	0
78	45	0
6	61	0
82	70	0
73	81	0
83	26	0
84	87	0
82	3	0
72	58	0
76	61	0
30	33	1
64	47	0
29	43	1
92	78	0
70	7	0
96	23	0
32	50	0
44	97	0
66	74	0
85	19	0
13	65	0
99	33	0
61	96	0
83	24	0
70	31	0
44	56	0
59	35	0
32	55	0
58	88	0
81	32	0
35	23	0
72	84	0
30	59	0
26	98	0
98	96	0
49	34	0
4	94	0
52	51	0
98	11	0
80	36	0
17	71	0
63	47	0
36	25	1
53	45	0
10	99	0
88	24	0
47	8	0
92	44	0
52	46	0
28	89	0
17	4	0
58	60	0
57	96	0
7	47	0
38	84	0
32	85	0
45	26	0
22	82	0
12	38	0
68	7	0
77	24	0
83	3	0
93	93	0
26	65	0
48	18	0
83	10	0
79	59	0
65	86	0
0	24	0
65	93	0
95	61	0
31	84	0
75	0	0
51	60	0
72	23	0
66	8	0
42	24	0
46	15	0
97	8	0
88	37	0
13	91	0
79	11	0
90	91	0
24	92	0
94	67	0
44	47	0
15	26	0
76	98	0
62	41	0
5	95	0
70	33	0
81	36	0
71	47	0
85	68	0
24	63	0
87	62	0
39	91	0
90	75	0
26	95	0
92	83	0
45	31	0
60	70	0
59	99	0
46	65	0
59	98	0
69	53	0
39	54	0
42	64	0
85	4	0
3	93	0
97	55	0
23	88	0
46	70	0
47	79	0
88	45	0
33	53	0
41	17	0
87	58	0
59	12	0
83	96	0
50	91	0
46	48	0
54	17	0
33	41	0
56	90	0
42	19	0
37	69	0
87	71	0
42	11	0
96	91	0
66	6	0
5	9	0
44	36	0
19	67	0
43	3	0
12	74	0
92	82	0
64	78	0
65	40	0
62	7	0
45	65	0
43	57	0
92	55	0
89	11	0
5	67	0
83	6	0
50	71	0
55	28	0
40	14	0
32	66	0
86	82	0
32	69	0
42	79	0
74	37	0
16	49	0
70	35	0
42	60	0
64	94	0
24	97	0
93	13	0
98	22	0
69	14	0
24	80	0
30	97	0
28	88	0
69	44	0
76	80	0
80	90	0
4	36	0
71	36	0
72	80	0
72	62	0
63	74	0
14	82	0
18	71	0
35	16	0
48	14	0
9	37	0
43	49	0
33	51	0
87	28	0
88	41	0
77	10	0
71	48	0
54	53	0
22	50	0
46	28	0
89	81	0
50	97	0
84	59	0
35	62	0
35	96	0
79	55	0
31	52	0
80	23	0
28	38	1
30	10	0
93	51	0
74	93	0
53	47	0
7	48	0
46	8	0
51	55	0
42	82	0
30	25	1
78	85	0
95	57	0
7	83	0
73	45	0
9	59	0
67	50	0
42	66	0
53	48	0
39	78	0
62	65	0
4	58	0
69	61	0
69	44	0
79	52	0
35	65	0
64	84	0
43	5	0
95	21	0
55	41	0
94	1	0
14	85	0
36	79	0
82	65	0
21	51	0
77	73	0
14	90	0
13	83	0
83	86	0
47	33	0
0	66	0
67	97	0
49	67	0
93	64	0
23	98	0
91	33	0
18	5	0
35	70	0
26	81	0
34	14	0
17	48	1
14	20	0
85	71	0
99	14	0
55	8	0
73	39	0
89	20	0
25	6	0
30	67	0
88	33	0
6	63	0
50	84	0
2	52	0
28	78	0
75	55	0
53	98	0
74	52	0
66	82	0
70	60	0
44	52	0
75	74	0
4	77	0
49	35	0
23	79	0
86	49	0
74	26	0
95	63	0
98	97	0
92	84	0
43	72	0
76	40	0
58	61	0
34	24	0
37	14	0
34	65	0
8	43	0
66	6	0
66	77	0
79	81	0
93	2	0
16	48	1
62	83	0
17	90	0
55	10	0
58	36	0
66	24	0
50	22	0
43	16	0
80	10	0
38	98	0
71	21	0
34	96	0
99	19	0
15	48	1
42	61	0
70	42	0
78	99	0
73	70	0
41	71	0
64	95	0
85	63	0
89	46	0
9	61	0
86	79	0
79	96	0
13	64	0
97	41	0
29	68	0
99	87	0
50	89	0
28	14	0
73	71	0
92	53	0
54	75	0
70	78	0
92	64	0
75	39	0
27	56	0
0	60	0
68	78	0
69	28	0
51	45	0
50	10	0
30	25	1
92	79	0
17	60	0
30	39	1
66	30	0
45	4	0
53	19	0
12	89	0
11	60	0
7	76	0
70	48	0
92	21	0
90	35	0
91	1	0
65	93	0
5	59	0
62	31	0
54	49	0
38	85	0
96	21	0
63	59	0
29	84	0
22	89	0
38	70	0
28	91	0
27	6	0
69	73	0
47	20	0
40	74	0
49	46	0
4	41	0
72	63	0
63	13	0
33	85	0
99	55	0
26	52	0
19	35	0
15	67	0
80	59	0
70	57	0
44	47	0
91	70	0
99	67	0
58	45	0
67	17	0
79	61	0
81	30	0
10	48	0
84	81	0
53	34	0
16	69	0
4	89	0
30	93	0
28	56	0
91	24	0
1	52	0
55	92	0
1	87	0
85	61	0
46	34	0
90	32	0
15	17	0
36	35	0
70	15	0
35	80	0
46	50	0
95	63	0
90	32	0
4	1	0
3	43	0
53	12	0
3	50	0
76	7	0
53	74	0
30	33	0
92	91	0
1	12	0
38	98	0
97	45	0
42	2	0
90	93	0
49	62	0
65	59	0
36	33	0
92	37	0
91	85	0
12	61	0
8	76	0
9	49	0
19	74	0
15	83	0
64	22	0
32	57	0
20	90	0
35	15	0
65	17	0
35	64	0
61	50	0
46	13	0
32	70	0
33	27	1
93	17	0
1	36	0
75	41	0
93	16	0
46	52	0
33	19	0
48	2	0
18	97	0
45	68	0
43	66	0
26	11	0
21	99	0
19	82	0
65	46	0
93	35	0
29	33	1
30	71	0
91	99	0
55	26	0
67	69	0
55	90	0
9	90	0
84	40	0
52	59	0
12	28	0
92	69	0
54	51	0
98	17	0
65	9	0
84	26	0
60	95	0
50	47	0
45	40	0
66	26	0
47	4	0
49	88	0
54	77	0
19	55	0
78	34	0
54	91	0
91	35	0
93	54	0
36	78	0
35	62	0
88	26	0
46	48	0
72	10	0
95	98	0
73	71	0
43	76	0
69	44	0
75	89	0
9	77	0
51	14	0
8	92	0
12	62	0
50	64	0
74	81	0
67	14	0
98	91	0
94	13	0
97	94	0
61	7	0
79	26	0
70	64	0
60	38	0
19	78	0
48	86	0
68	85	0
28	42	1
7	30	0
21	84	0
8	77	0
40	14	0
42	47	0
17	53	0
1	48	0
90	40	0
43	23	0
11	68	0
33	83	0
64	93	0
96	44	0
3	67	0
72	35	0
38	68	0
83	49	0
69	35	0
2	47	0
27	55	0
90	41	0
68	60	0
81	49	0
6	65	0
65	52	0
1	80	0
2	1	0
92	64	0
13	60	0
27	4	0
32	27	1
3	99	0
19	80	0
91	47	0
78	73	0
83	60	0
86	82	0
49	66	0
65	36	0
5	71	0
42	70	0
30	60	0
67	42	0
90	9	0
