78	61	0
34	30	0
67	98	0
17	10	0
97	36	0
86	93	0
69	44	0
6	76	0
3	8	0
15	94	0
89	42	0
69	78	0
33	30	0
67	74	0
97	55	0
52	96	1
60	71	0
38	29	0
86	75	0
97	86	0
75	76	0
9	30	0
69	72	0
75	34	0
64	91	0
52	72	0
65	80	0
94	48	0
97	28	0
94	71	0
33	4	0
46	85	1
85	35	0
33	16	0
97	74	0
93	69	0
92	21	1
91	11	0
23	34	0
62	77	0
1	86	0
96	10	1
61	98	0
17	29	0
80	73	0
92	35	0
59	91	0
2	16	0
92	15	0
68	39	0
73	15	1
53	44	0
74	34	0
15	99	1
90	65	0
58	91	0
17	61	0
40	86	1
95	52	0
35	35	0
29	9	0
67	64	0
14	92	0
99	29	0
34	69	0
88	56	0
98	5	0
76	97	0
66	82	0
6	25	0
79	79	0
80	65	0
79	39	0
17	98	1
61	36	0
89	43	0
87	37	0
89	37	0
18	62	0
1	15	0
88	61	0
56	97	0
38	81	0
59	93	0
71	37	0
62	66	0
81	77	0
78	75	0
18	18	0
11	10	0
82	58	0
85	0	0
14	51	0
71	76	0
68	78	0
59	77	0
54	8	0
51	95	1
75	89	0
78	53	0
11	90	0
89	83	0
2	90	0
16	53	0
89	89	0
86	75	0
51	77	0
75	42	0
80	40	0
56	67	0
22	57	0
42	21	0
92	88	0
72	6	0
84	37	0
82	93	0
64	76	0
72	75	0
15	23	0
13	77	1
66	99	0
76	66	1
60	91	0
27	84	0
37	37	0
76	52	1
59	47	0
57	78	0
68	37	0
3	98	0
93	36	0
62	27	1
51	25	0
82	19	1
65	71	0
74	95	0
85	75	0
85	7	1
93	28	0
98	77	0
70	74	0
54	82	0
14	73	0
96	11	1
9	53	0
78	74	0
78	71	0
89	52	0
84	54	0
89	67	0
53	14	0
36	24	0
78	60	0
27	74	0
60	85	0
81	77	0
80	4	1
95	43	0
99	32	0
72	63	0
68	99	0
58	9	0
2	94	0
12	98	0
94	59	0
58	65	1
96	71	0
15	18	0
47	97	1
82	8	1
80	10	0
90	24	0
85	23	0
79	32	0
13	13	0
30	74	0
53	91	0
86	40	0
75	91	0
91	73	0
64	31	0
65	81	0
7	5	0
34	7	0
43	26	0
67	36	0
1	54	0
29	12	0
95	86	0
96	57	0
99	15	0
62	2	0
34	8	0
98	88	0
27	77	0
9	93	0
35	35	0
76	47	0
70	67	0
53	72	0
84	82	0
72	28	0
76	77	0
87	35	0
84	69	0
60	35	0
98	74	0
63	14	0
97	9	1
29	59	0
75	89	0
97	43	0
89	44	0
77	94	0
91	43	0
46	44	0
58	99	0
70	83	0
23	75	0
84	80	0
5	94	0
93	11	1
95	13	1
18	99	1
86	32	0
93	65	0
31	1	0
50	91	1
45	56	0
10	14	0
90	47	0
89	8	1
67	89	0
15	20	0
74	25	0
75	79	0
15	30	0
80	37	0
79	2	0
93	68	0
66	17	0
94	94	0
13	36	0
53	97	1
65	56	0
94	39	0
59	46	0
1	56	0
91	74	0
92	61	0
1	86	0
74	88	0
39	22	0
64	52	0
65	99	0
69	93	0
96	50	0
64	12	0
68	39	0
81	32	0
93	57	0
76	36	0
87	68	0
44	97	1
50	91	1
88	95	0
80	97	0
17	8	0
5	84	0
76	83	0
71	94	0
57	19	0
80	52	0
97	0	0
97	79	0
64	82	0
92	17	1
64	79	0
88	20	1
94	2	0
84	29	0
11	43	0
4	99	0
89	87	0
86	89	0
84	85	0
84	59	0
78	82	0
9	91	0
25	21	0
3	13	0
37	41	0
88	10	1
84	38	0
61	62	0
58	3	0
75	83	0
78	79	0
81	49	0
72	59	0
32	20	0
98	41	0
80	97	0
55	38	0
71	82	0
96	66	0
18	58	0
44	71	0
51	77	0
54	88	1
1	47	0
69	73	0
95	42	0
97	65	0
53	93	0
88	28	0
84	10	0
94	69	0
63	73	0
4	93	0
76	92	0
19	20	0
5	89	0
65	73	0
62	65	0
84	87	0
1	83	0
85	53	0
16	0	0
51	87	1
9	83	0
0	15	0
97	53	0
77	23	1
19	19	0
16	34	0
70	39	0
69	79	0
91	78	0
86	40	0
78	75	0
72	91	0
3	70	0
90	65	0
62	23	0
99	42	0
78	85	0
77	71	0
43	79	0
94	65	0
91	13	1
46	75	0
1	97	0
75	38	0
79	25	1
29	31	0
63	84	0
33	73	0
66	95	0
96	53	0
89	38	0
70	68	0
92	80	0
90	44	0
94	98	0
78	69	0
72	32	0
41	84	1
84	78	0
85	72	0
92	31	0
46	64	0
65	33	0
82	91	0
87	54	0
23	84	0
86	38	0
78	43	0
88	39	0
98	82	0
73	43	0
7	87	0
10	99	0
38	33	0
26	73	0
44	86	1
60	9	0
2	96	0
74	46	0
12	14	0
17	59	0
71	70	0
68	70	0
80	50	0
77	40	0
74	65	0
74	45	0
13	37	0
95	77	0
60	96	0
82	16	0
41	94	1
18	87	0
97	56	0
63	35	0
24	17	0
26	33	0
74	51	0
95	35	0
16	2	0
42	1	0
52	61	0
94	86	0
26	9	0
58	15	0
85	82	0
73	64	1
64	89	0
16	50	0
96	44	0
87	60	0
7	89	0
3	95	0
46	24	0
92	29	0
20	28	0
87	38	0
77	14	0
37	27	0
19	99	1
64	90	0
19	35	0
74	40	0
66	87	0
69	36	0
10	9	0
90	55	0
86	36	0
86	22	0
64	28	1
54	98	0
86	38	0
56	99	0
61	54	0
72	52	0
51	92	0
93	49	0
92	99	0
83	86	0
54	87	1
78	76	0
74	20	0
95	48	0
95	99	0
92	93	0
85	21	0
84	68	0
14	96	1
85	95	0
60	74	0
7	21	0
30	93	0
88	29	0
17	99	0
53	78	1
73	38	0
82	49	0
74	55	0
99	53	0
86	35	0
81	21	1
5	81	0
10	10	0
59	81	0
31	68	0
37	4	0
0	82	0
99	42	0
91	87	0
85	50	0
92	83	0
67	54	1
97	39	0
