94	65	0
53	18	0
42	22	0
45	89	0
1	46	0
90	32	0
94	77	0
8	6	0
45	15	0
69	91	0
42	36	0
79	40	0
3	88	0
26	3	0
16	61	0
98	3	0
88	79	0
67	31	0
30	65	0
96	64	0
96	1	0
40	71	0
72	78	0
80	80	0
73	0	0
27	92	0
57	14	0
78	76	0
69	90	0
94	55	0
2	40	0
28	32	0
44	23	0
79	21	0
41	51	0
90	74	0
6	91	0
66	70	0
89	13	0
84	96	0
44	14	0
26	57	0
67	54	0
99	55	0
60	86	0
98	51	0
17	99	0
36	43	0
62	14	0
92	41	0
21	65	0
59	11	0
35	85	0
57	90	0
27	64	0
96	69	0
56	20	0
37	60	0
85	75	0
99	95	0
81	12	0
23	94	0
88	2	0
53	11	0
90	68	0
41	31	0
13	86	0
88	5	0
32	78	0
89	77	0
57	53	0
20	29	0
94	75	0
22	43	0
29	51	0
91	34	0
22	15	0
19	41	0
40	83	0
61	95	0
72	22	0
41	98	0
66	98	0
5	7	0
17	28	0
94	13	0
94	16	0
45	54	0
80	41	0
20	30	0
77	51	0
47	50	0
29	10	0
30	3	0
69	49	0
22	79	0
56	1	0
46	81	0
40	0	0
33	32	0
85	40	0
50	59	0
60	47	0
24	77	0
67	75	0
6	76	0
50	88	0
85	49	0
67	16	0
54	81	0
2	55	0
61	8	0
54	71	0
7	74	0
47	0	0
25	53	0
21	32	0
91	79	0
8	30	1
47	28	0
4	1	0
37	97	0
87	5	0
65	65	0
18	39	0
79	76	0
96	17	0
64	67	0
55	85	0
36	18	0
59	99	0
21	15	0
70	81	0
68	50	0
30	92	0
73	29	0
41	36	0
19	25	0
74	4	0
10	7	0
4	77	0
15	14	1
96	78	0
91	8	0
85	42	0
47	59	0
64	10	0
81	93	0
6	5	0
38	15	0
14	11	1
81	78	0
37	40	0
87	73	0
84	84	0
56	28	0
52	37	0
70	52	0
5	50	0
26	79	0
18	58	0
82	78	0
51	62	0
35	94	0
88	52	0
73	71	0
60	84	0
18	39	0
91	79	0
5	46	0
34	35	0
23	23	0
23	73	0
33	71	0
99	23	0
50	35	0
77	10	0
39	81	0
71	21	0
58	27	0
79	72	0
17	46	0
63	61	0
32	98	0
31	60	0
34	4	0
70	25	0
22	96	0
6	87	0
70	82	0
82	49	0
23	89	0
25	40	0
81	74	0
24	51	0
34	75	0
36	94	0
55	38	0
32	2	0
18	44	0
79	92	0
92	88	0
60	93	0
70	16	0
9	61	0
63	5	0
59	22	0
64	26	0
83	21	0
29	59	0
2	74	0
53	66	0
64	38	0
31	70	0
87	24	0
61	84	0
31	74	0
21	17	0
85	78	0
33	75	0
41	3	0
3	85	0
82	18	0
98	74	0
75	89	0
84	23	0
3	80	0
22	84	0
99	51	0
60	72	0
34	46	0
44	77	0
66	71	0
51	55	0
8	81	0
33	64	0
67	10	0
8	56	0
64	95	0
70	44	0
32	85	0
94	66	0
44	11	0
37	58	0
5	72	0
38	88	0
57	32	0
71	18	0
15	40	0
91	63	0
64	43	0
80	47	0
14	92	0
58	12	0
23	79	0
59	72	0
61	56	0
69	60	0
55	1	0
28	15	0
8	55	0
74	49	0
51	9	0
62	59	0
43	83	0
58	53	0
91	28	0
97	11	0
12	65	0
80	70	0
19	90	0
16	16	1
93	56	0
40	95	0
54	35	0
49	0	0
12	95	0
75	34	0
41	58	0
37	77	0
47	2	0
19	86	0
82	79	0
83	84	0
57	31	0
91	71	0
12	87	0
39	44	0
67	4	0
67	22	0
26	26	0
51	3	0
59	8	0
52	39	0
67	36	0
26	49	0
22	48	0
56	51	0
68	74	0
86	82	0
52	94	0
75	12	0
99	58	0
72	7	0
14	53	0
20	12	0
91	40	0
54	32	0
72	76	0
10	45	0
52	61	0
59	27	0
30	94	0
31	89	0
39	75	0
91	51	0
47	26	0
47	0	0
29	46	0
88	58	0
71	11	0
66	96	0
20	6	0
69	93	0
11	78	0
42	79	0
31	26	0
2	53	0
17	14	1
86	13	0
21	37	0
76	16	0
41	7	0
10	4	0
84	14	0
27	60	0
19	41	0
88	29	0
93	53	0
11	32	0
22	36	0
4	56	0
36	91	0
16	72	0
0	9	0
41	93	0
56	65	0
42	21	0
9	19	1
57	30	0
48	86	0
38	68	0
92	95	0
32	29	0
15	53	0
37	42	0
58	66	0
75	98	0
44	13	0
72	0	0
28	10	0
42	7	0
56	3	0
21	54	0
81	57	0
63	0	0
25	47	0
58	4	0
50	59	0
52	55	0
36	59	0
78	78	0
68	53	0
18	73	0
54	36	0
25	15	0
99	6	0
46	1	0
65	23	0
56	30	0
17	40	0
9	74	0
65	74	0
12	81	0
35	97	0
24	85	0
41	26	0
38	38	0
86	65	0
55	38	0
6	69	0
74	79	0
61	85	0
26	32	0
71	18	0
71	90	0
67	5	0
99	62	0
74	44	0
36	20	0
34	45	0
39	41	0
89	74	0
17	24	0
73	20	0
85	8	0
14	53	0
33	88	0
74	73	0
80	4	0
0	69	0
92	41	0
58	95	0
11	15	0
72	3	0
58	58	0
35	55	0
60	48	0
26	36	0
49	38	0
75	81	0
67	51	0
40	30	0
69	71	0
22	52	0
26	83	0
78	88	0
43	17	0
3	77	0
73	22	0
83	22	0
71	45	0
16	64	0
67	22	0
20	30	0
57	42	0
11	96	0
65	46	0
56	16	0
89	51	0
44	23	0
26	76	0
44	0	0
78	33	0
6	5	0
64	91	0
4	95	0
31	36	0
51	77	0
53	25	0
9	98	0
11	45	0
17	37	0
55	16	0
99	33	0
77	21	0
90	96	0
33	61	0
18	19	0
43	13	0
40	27	0
90	14	0
54	65	0
79	78	0
32	35	0
64	95	0
74	61	0
39	74	0
77	0	0
71	41	0
83	11	0
67	22	0
41	21	0
34	34	0
99	0	0
59	21	0
5	70	0
96	13	0
98	86	0
6	91	0
8	29	1
89	69	0
44	46	0
33	1	0
92	83	0
82	57	0
25	99	0
66	23	0
72	38	0
91	62	0
11	20	1
83	71	0
32	79	0
79	78	0
29	93	0
94	74	0
34	47	0
26	87	0
95	86	0
29	31	0
29	40	0
70	71	0
67	98	0
51	74	0
13	11	1
50	84	0
65	61	0
39	58	0
35	68	0
88	21	0
17	90	0
85	49	0
23	78	0
36	58	0
47	82	0
89	30	0
30	32	0
20	51	0
5	20	1
61	40	0
99	69	0
59	24	0
77	91	0
71	93	0
34	40	0
56	19	0
26	46	0
19	76	0
36	31	0
57	68	0
69	93	0
32	27	0
76	85	0
51	34	0
37	12	0
67	37	0
23	77	0
48	11	0
8	58	0
98	82	0
60	98	0
47	47	0
79	10	0
42	67	0
47	53	0
95	58	0
89	0	0
0	69	0
76	3	0
81	79	0
68	29	0
34	1	0
30	71	0
76	78	0
33	85	0
56	79	0
82	15	0
13	76	0
56	14	0
55	69	0
64	97	0
27	92	0
94	9	0
93	18	0
69	4	0
38	91	0
10	90	0
1	91	0
71	56	0
77	61	0
76	64	0
11	44	0
87	50	0
68	56	0
11	17	1
80	72	0
68	61	0
17	44	0
16	70	0
41	28	0
41	38	0
7	55	0
58	56	0
47	44	0
95	43	0
76	34	0
81	1	0
76	31	0
46	89	0
20	15	0
22	52	0
69	43	0
98	85	0
71	75	0
98	77	0
21	46	0
58	69	0
62	49	0
27	59	0
87	37	0
11	28	1
25	62	0
41	26	0
83	58	0
73	96	0
52	55	0
25	62	0
38	7	0
82	68	0
24	77	0
48	24	0
88	86	0
89	76	0
14	87	0
48	60	0
14	75	0
78	77	0
43	56	0
51	62	0
36	83	0
67	68	0
30	32	0
20	66	0
93	77	0
79	58	0
95	62	0
34	83	0
55	76	0
65	30	0
21	24	0
90	25	0
38	33	0
98	1	0
17	86	0
24	25	0
1	20	1
33	92	0
86	65	0
21	41	0
96	59	0
15	96	0
19	69	0
31	3	0
98	88	0
22	26	0
2	86	0
72	96	0
37	62	0
81	72	0
21	80	0
93	23	0
26	24	0
34	82	0
23	76	0
35	15	0
22	40	0
11	35	0
99	70	0
89	10	0
54	10	0
71	7	0
87	44	0
28	7	0
44	30	0
99	37	0
10	58	0
45	88	0
7	49	0
18	79	0
75	56	0
48	93	0
71	52	0
75	81	0
38	29	0
89	71	0
33	64	0
89	46	0
11	78	0
66	42	0
28	71	0
73	35	0
57	40	0
89	83	0
85	87	0
84	92	0
24	87	0
19	39	0
49	54	0
47	61	0
42	30	0
20	9	0
41	66	0
10	46	0
66	2	0
72	85	0
91	52	0
99	10	0
14	51	0
4	2	0
79	97	0
4	84	0
51	16	0
52	38	0
72	12	0
22	2	0
48	13	0
18	36	0
2	30	1
48	17	0
56	4	0
38	84	0
53	20	0
33	96	0
75	0	0
29	45	0
48	60	0
67	13	0
93	60	0
64	75	0
46	62	0
51	99	0
79	87	0
9	12	0
91	55	0
14	67	0
84	71	0
53	89	0
17	36	0
15	65	0
98	48	0
28	84	0
92	93	0
63	88	0
47	12	0
46	58	0
76	54	0
44	91	0
78	50	0
97	75	0
79	25	0
13	62	0
6	68	0
73	95	0
68	38	0
59	64	0
60	7	0
24	20	0
68	70	0
30	39	0
13	65	0
33	45	0
52	44	0
31	12	0
60	28	0
4	87	0
24	40	0
11	60	0
4	63	0
79	57	0
30	23	0
62	15	0
93	22	0
80	0	0
56	65	0
2	64	0
59	28	0
39	34	0
13	15	1
16	19	0
72	72	0
73	14	0
41	42	0
49	74	0
54	82	0
15	96	0
22	63	0
48	90	0
26	39	0
79	89	0
49	40	0
29	80	0
13	11	1
55	24	0
10	48	0
57	52	0
68	16	0
30	72	0
84	61	0
52	50	0
50	47	0
42	23	0
0	70	0
74	64	0
71	52	0
41	35	0
72	60	0
76	71	0
75	45	0
61	12	0
88	74	0
88	23	0
3	78	0
70	71	0
27	5	0
47	30	0
11	0	0
9	51	0
14	85	0
33	89	0
28	53	0
95	32	0
11	50	0
52	99	0
18	87	0
99	65	0
50	64	0
87	38	0
23	1	0
59	23	0
52	9	0
14	3	0
24	87	0
50	62	0
82	76	0
68	44	0
17	7	0
26	33	0
57	9	0
1	77	0
70	0	0
39	74	0
58	29	0
72	98	0
10	38	0
8	90	0
93	53	0
27	20	0
85	71	0
64	57	0
71	38	0
46	31	0
94	29	0
85	66	0
15	62	0
8	92	0
25	49	0
1	89	0
4	93	0
94	25	0
31	49	0
0	99	0
52	12	0
68	1	0
43	50	0
21	20	0
68	44	0
36	20	0
20	83	0
21	36	0
59	12	0
5	40	0
89	49	0
89	5	0
57	51	0
33	6	0
42	23	0
12	93	0
58	77	0
32	64	0
13	5	0
35	20	0
7	83	0
3	79	0
64	53	0
89	45	0
49	34	0
18	77	0
25	32	0
90	84	0
68	27	0
43	80	0
67	95	0
22	17	0
5	90	0
65	13	0
58	74	0
33	40	0
94	71	0
30	75	0
98	24	0
86	15	0
97	18	0
81	86	0
45	57	0
16	81	0
81	12	0
37	4	0
70	83	0
66	71	0
16	43	0
70	44	0
63	81	0
83	17	0
93	47	0
13	66	0
57	46	0
27	29	0
90	23	0
58	45	0
69	14	0
90	90	0
80	70	0
52	67	0
78	32	0
58	73	0
8	91	0
34	1	0
9	98	0
16	76	0
63	63	0
72	94	0
87	11	0
95	92	0
78	4	0
7	6	0
91	72	0
70	14	0
97	34	0
75	59	0
53	45	0
19	63	0
62	93	0
58	74	0
6	40	0
8	47	0
37	92	0
1	76	0
53	6	0
39	48	0
14	66	0
40	38	0
13	24	1
4	41	0
98	52	0
57	27	0
0	45	0
24	88	0
77	65	0
2	3	0
87	82	0
19	80	0
63	46	0
43	55	0
89	45	0
60	39	0
2	7	0
11	9	1
5	52	0
22	59	0
91	76	0
63	47	0
95	70	0
8	56	0
71	57	0
19	76	0
1	8	0
74	78	0
1	16	1
28	72	0
42	5	0
27	22	0
7	75	0
34	90	0
2	2	0
78	37	0
61	64	0
80	63	0
83	82	0
45	88	0
29	27	0
3	67	0
10	9	0
38	68	0
42	47	0
55	49	0
82	15	0
