96	65	0
52	8	0
36	18	0
40	94	0
2	36	0
89	28	0
87	78	0
11	4	0
47	10	0
73	93	0
42	39	0
81	38	0
1	86	0
20	3	0
13	68	0
97	8	0
93	87	0
63	30	0
30	56	0
99	62	0
91	1	0
43	72	0
76	84	0
78	93	0
67	4	0
27	94	0
58	10	0
78	77	0
71	92	0
99	60	0
0	41	0
29	32	0
40	29	0
79	17	0
43	48	0
92	77	0
10	94	0
67	78	0
91	24	0
81	94	0
45	8	0
26	55	0
72	55	0
98	54	0
59	75	0
97	49	0
20	99	0
38	46	0
55	16	0
84	43	0
17	65	0
58	12	0
32	91	0
55	85	0
26	66	0
94	71	0
48	26	0
36	47	0
85	73	0
94	98	0
92	12	0
15	97	0
92	13	0
51	9	0
92	71	0
40	34	0
21	84	0
84	7	0
32	79	0
82	74	0
63	50	0
20	30	0
89	81	0
29	38	0
13	49	0
87	37	0
19	26	1
16	37	0
39	84	0
61	91	0
71	27	0
47	95	0
62	98	0
0	9	0
13	19	0
92	20	0
97	20	0
37	59	0
79	44	0
22	31	0
75	50	0
39	58	0
35	11	0
37	3	0
70	47	0
23	86	0
55	5	0
50	74	0
43	2	0
38	25	0
93	43	0
51	62	0
64	48	0
17	76	0
67	85	0
8	79	0
47	78	0
86	48	0
67	15	0
54	71	0
6	54	0
56	7	0
52	65	0
11	70	0
45	1	0
29	57	0
19	33	0
84	82	0
41	38	0
3	3	0
23	95	0
82	1	0
68	66	0
14	31	0
81	78	0
95	15	0
60	70	0
56	89	0
32	21	0
63	92	0
21	17	1
72	87	0
62	55	0
35	95	0
76	32	0
40	22	0
22	33	0
81	0	0
12	10	1
5	73	0
93	70	0
91	12	0
86	34	0
40	53	0
62	4	0
88	94	0
4	5	0
40	14	0
13	13	1
79	80	0
35	39	0
95	68	0
84	79	0
52	27	0
50	37	0
67	58	0
4	46	0
26	82	0
14	58	0
83	75	0
54	69	0
44	95	0
84	49	0
69	76	0
52	84	0
27	45	0
89	80	0
2	36	0
34	37	0
26	22	0
18	70	0
34	71	0
98	21	0
42	36	0
76	10	0
37	82	0
71	21	0
57	28	0
78	80	0
24	53	0
62	70	0
34	99	0
37	66	0
41	7	0
68	16	0
30	90	0
18	81	0
72	84	0
93	58	0
18	90	0
29	36	0
91	71	0
25	58	0
39	79	0
36	93	0
53	45	0
33	6	0
19	35	0
79	94	0
89	96	0
61	93	0
78	14	0
3	63	0
66	0	0
61	16	0
67	21	0
85	19	0
29	62	0
7	74	0
60	64	0
73	36	0
30	77	0
88	18	0
56	87	0
32	65	0
30	17	0
83	73	0
33	68	0
41	10	0
5	90	0
81	18	0
97	77	0
84	92	0
86	22	0
3	80	0
18	74	0
93	50	0
50	70	0
36	47	0
45	75	0
58	72	0
56	56	0
7	81	0
34	69	0
62	16	0
5	63	0
67	96	0
66	41	0
34	95	0
88	57	0
39	15	0
41	57	0
10	76	0
39	93	0
59	32	0
69	27	0
10	34	0
88	66	0
71	48	0
80	54	0
9	87	0
58	9	0
13	83	0
64	64	0
57	45	0
71	56	0
56	6	0
16	7	1
4	55	0
76	44	0
49	10	0
73	56	0
50	80	0
61	52	0
91	30	0
93	14	0
6	60	0
89	66	0
24	93	0
91	54	0
35	89	0
55	37	0
47	0	0
17	92	0
71	34	0
45	57	0
43	75	0
49	2	0
22	94	0
75	84	0
84	88	0
61	28	0
94	74	0
9	90	0
40	40	0
59	0	0
61	19	0
37	23	0
46	4	0
54	10	0
55	47	0
73	35	0
37	50	0
23	46	0
53	52	0
70	79	0
89	74	0
57	85	0
79	11	0
99	52	0
78	0	0
12	58	0
28	8	0
91	32	0
45	24	0
74	76	0
7	44	0
51	71	0
56	28	0
24	99	0
33	90	0
30	70	0
91	55	0
40	24	0
40	0	0
24	54	0
90	52	0
75	18	0
75	99	0
14	8	0
64	88	0
12	77	0
45	83	0
34	31	0
3	52	0
83	8	0
21	34	0
81	14	0
41	9	0
17	0	0
81	5	0
30	51	0
11	40	0
89	28	0
96	60	0
7	25	0
27	37	0
4	61	0
33	84	0
16	75	0
6	7	0
38	94	0
46	66	0
38	28	0
63	31	0
46	82	0
39	67	0
90	93	0
36	27	0
16	51	0
30	40	0
54	75	0
79	95	0
53	7	0
74	1	0
34	6	0
46	8	0
62	7	0
21	49	0
76	61	0
67	2	0
24	44	0
63	7	0
51	54	0
48	50	0
27	64	0
78	85	0
63	54	0
16	65	0
57	35	0
24	16	0
95	5	0
49	4	0
69	17	0
53	37	0
22	40	0
15	70	0
71	74	0
13	77	0
32	95	0
26	92	0
49	20	0
32	34	0
86	64	0
59	49	0
6	77	0
77	78	0
60	89	0
24	32	0
70	24	0
66	95	0
71	2	0
96	61	0
76	42	0
33	20	0
40	46	0
37	49	0
88	80	0
11	29	0
75	30	0
87	8	0
12	57	0
30	93	0
70	79	0
85	6	0
3	72	0
95	32	0
50	89	0
4	10	1
74	7	0
63	52	0
43	55	0
58	49	0
28	38	0
51	39	0
74	75	0
72	53	0
42	33	0
72	66	0
21	50	0
25	92	0
84	85	0
42	18	0
0	72	0
68	18	0
84	19	0
69	44	0
16	60	0
62	26	0
29	32	0
54	40	0
5	98	0
63	37	0
56	18	0
92	51	0
45	25	0
34	73	0
32	7	0
81	41	0
9	3	0
62	96	0
2	86	0
38	41	0
54	84	0
57	28	0
19	97	0
19	43	0
21	41	0
60	18	0
96	34	0
84	20	0
83	99	0
24	60	0
17	17	1
34	12	0
33	27	0
85	20	0
52	64	0
77	84	0
25	31	0
66	99	0
84	69	0
40	76	0
76	11	0
69	39	0
83	19	0
71	23	0
43	20	0
37	31	0
98	1	0
67	30	0
1	67	0
91	15	0
91	95	0
9	93	0
86	62	0
41	48	0
24	0	0
94	87	0
78	56	0
27	98	0
66	21	0
76	44	0
92	57	0
84	67	0
27	79	0
77	84	0
32	92	0
86	73	0
37	39	0
28	89	0
99	88	0
34	33	0
28	47	0
64	68	0
62	93	0
51	69	0
45	92	0
63	62	0
36	60	0
32	63	0
80	22	0
13	91	0
88	52	0
19	83	0
41	52	0
46	79	0
79	29	0
25	34	0
14	42	0
61	42	0
93	71	0
63	19	0
83	97	0
69	99	0
35	44	0
60	10	0
29	45	0
21	83	0
34	32	0
53	71	0
68	82	0
35	22	0
76	89	0
49	32	0
38	16	0
63	39	0
23	76	0
42	14	0
4	61	0
93	80	0
68	96	0
52	44	0
81	13	0
39	70	0
42	53	0
98	53	0
95	0	0
1	74	0
70	3	0
83	74	0
72	23	0
32	3	0
36	68	0
77	80	0
37	76	0
51	79	0
78	20	0
14	68	0
59	8	0
45	66	0
62	99	0
31	92	0
90	5	0
92	21	0
61	11	0
34	85	0
14	93	0
6	92	0
79	51	0
73	56	0
79	65	0
13	44	0
87	47	0
66	58	0
83	76	0
69	65	0
23	50	0
17	71	0
37	27	0
47	44	0
4	49	0
55	67	0
44	40	0
93	41	0
76	34	0
75	3	0
75	30	0
51	83	0
22	17	1
16	45	0
64	43	0
92	78	0
70	80	0
95	75	0
25	49	0
51	62	0
60	51	0
29	61	0
86	37	0
21	61	0
43	20	0
93	54	0
73	96	0
54	52	0
23	64	0
40	2	0
68	67	0
30	80	0
44	24	0
75	79	0
89	74	0
19	91	0
50	60	0
13	71	0
72	67	0
39	55	0
50	60	0
39	77	0
62	66	0
28	33	0
15	65	0
89	81	0
77	56	0
99	61	0
33	79	0
58	75	0
68	34	0
20	19	1
85	25	0
39	32	0
98	3	0
17	91	0
31	34	0
30	80	0
90	61	0
20	37	0
98	62	0
14	94	0
13	70	0
29	3	0
97	94	0
31	28	0
0	80	0
74	93	0
37	63	0
78	71	0
30	85	0
99	29	0
33	18	0
38	82	0
30	77	0
33	13	0
23	39	0
11	25	0
90	69	0
93	15	0
54	7	0
66	10	0
90	40	0
31	8	0
39	38	0
97	42	0
11	58	0
45	90	0
1	48	0
19	82	0
74	59	0
47	96	0
66	47	0
72	80	0
35	33	0
78	68	0
36	68	0
88	45	0
5	72	0
59	36	0
37	66	0
72	32	0
54	41	0
98	82	0
92	96	0
84	89	0
21	83	0
21	34	0
56	53	0
50	71	0
37	25	0
23	9	0
37	69	0
9	42	0
62	7	0
68	83	0
89	61	0
96	17	0
9	45	0
10	2	0
77	89	0
4	93	0
52	10	0
55	49	0
71	11	0
17	4	0
46	16	0
20	34	0
46	19	0
60	1	0
38	83	0
55	20	0
27	93	0
72	3	0
28	40	0
52	66	0
68	18	0
89	69	0
66	76	0
41	65	0
52	97	0
80	91	0
7	16	1
87	59	0
17	68	0
81	73	0
59	93	0
15	35	0
20	61	0
94	49	0
33	84	0
96	96	0
64	84	0
46	7	0
47	52	0
80	57	0
56	87	0
72	49	0
95	73	0
81	27	0
15	66	0
5	58	0
70	89	0
76	44	0
55	60	0
58	12	0
33	23	0
72	71	0
23	36	0
12	60	0
37	47	0
57	44	0
30	13	0
58	28	0
7	86	0
22	37	0
11	56	0
7	71	0
74	50	0
30	27	0
59	12	0
93	24	0
78	2	0
53	74	0
3	63	0
64	28	0
49	38	0
22	20	1
70	73	0
77	19	0
47	40	0
49	67	0
46	83	0
18	97	0
31	64	0
39	88	0
28	40	0
76	84	0
44	39	0
28	78	0
8	20	1
56	23	0
5	41	0
59	58	0
66	17	0
29	75	0
80	50	0
53	41	0
52	45	0
40	16	0
0	73	0
67	59	0
73	52	0
45	35	0
79	58	0
86	72	0
78	39	0
66	9	0
84	77	0
91	16	0
6	77	0
66	85	0
32	17	0
54	35	0
9	2	0
16	56	0
8	87	0
33	91	0
21	48	0
92	35	0
15	49	0
56	99	0
13	84	0
95	64	0
54	65	0
88	37	0
19	1	0
58	15	0
45	6	0
6	1	0
13	78	0
58	62	0
82	67	0
74	48	0
17	2	0
29	35	0
67	11	0
3	81	0
73	4	0
44	73	0
54	24	0
73	99	0
11	39	0
1	92	0
96	62	0
35	22	0
87	70	0
61	59	0
75	42	0
42	29	0
95	31	0
84	69	0
16	64	0
0	89	0
26	52	0
3	85	0
8	96	0
88	33	0
34	50	0
4	99	0
55	12	0
60	0	0
41	48	0
25	19	0
64	45	0
39	18	0
25	80	0
32	32	0
71	14	0
1	43	0
88	47	0
85	8	0
66	51	0
32	11	0
47	19	0
12	95	0
60	81	0
38	65	0
13	5	1
38	17	0
2	81	0
4	84	0
70	56	0
88	47	0
44	31	0
29	75	0
25	28	0
98	90	0
62	31	0
45	74	0
65	97	0
21	19	1
5	87	0
66	20	0
57	65	0
32	36	0
98	69	0
34	72	0
99	18	0
79	18	0
99	18	0
89	89	0
44	57	0
25	90	0
85	8	0
31	1	0
65	84	0
65	72	0
18	48	0
67	41	0
66	81	0
87	15	0
93	56	0
20	65	0
53	55	0
23	22	0
88	25	0
48	42	0
70	9	0
90	97	0
85	77	0
50	65	0
71	31	0
62	72	0
5	88	0
38	1	0
8	98	0
15	76	0
63	66	0
78	94	0
88	8	0
97	92	0
78	3	0
18	10	1
83	76	0
68	1	0
99	35	0
73	52	0
55	38	0
17	70	0
60	90	0
55	74	0
11	42	0
5	41	0
40	92	0
6	73	0
43	0	0
41	54	0
15	61	0
42	27	0
6	43	0
95	44	0
57	21	0
2	47	0
23	87	0
71	60	0
1	7	0
93	72	0
27	80	0
59	47	0
34	57	0
94	53	0
63	42	0
2	15	0
15	16	1
2	49	0
24	61	0
87	72	0
66	48	0
99	65	0
1	52	0
62	57	0
16	68	0
1	12	0
71	75	0
29	62	0
44	9	0
27	29	0
7	78	0
36	87	0
6	3	0
72	45	0
66	60	0
81	65	0
75	74	0
42	87	0
36	16	0
5	69	0
11	12	1
47	68	0
38	48	0
55	51	0
83	15	0
