82	62	0
33	31	0
66	93	0
16	6	0
96	39	0
81	93	0
43	80	1
69	44	0
3	80	0
3	4	0
9	96	0
97	43	0
69	76	0
34	38	0
71	81	0
97	54	0
52	94	0
61	72	0
35	27	0
87	71	0
91	89	0
79	77	0
5	31	0
66	72	0
74	36	0
63	91	0
52	71	0
66	75	0
95	47	0
95	25	0
92	74	0
34	2	0
40	90	1
76	31	0
33	18	0
98	75	0
86	75	0
94	21	0
91	17	0
22	32	0
61	79	0
4	88	0
93	12	1
53	96	0
22	31	0
81	76	0
86	29	0
55	95	0
6	18	0
97	18	0
68	39	0
42	85	1
69	21	0
56	45	0
76	33	0
10	96	0
47	84	1
91	60	0
62	90	0
8	65	0
43	82	1
93	55	0
40	38	0
29	7	0
70	66	0
8	91	0
98	34	0
42	67	0
89	57	0
99	6	0
74	98	0
69	84	0
4	24	0
71	79	0
82	63	0
81	43	0
23	94	1
51	40	0
88	47	0
87	42	0
87	34	0
16	58	0
3	13	0
94	60	0
58	95	0
39	76	0
59	97	0
69	38	0
64	65	0
81	70	0
83	74	0
16	18	0
12	11	0
85	58	0
87	0	0
13	49	0
72	81	0
61	80	0
59	81	0
52	7	0
45	93	0
69	90	0
76	52	0
15	92	0
94	81	0
4	85	0
13	51	0
80	88	0
90	75	0
49	72	0
70	41	0
83	39	0
53	70	0
20	52	0
46	79	1
39	22	0
93	85	0
73	8	0
81	35	0
79	96	0
60	77	0
71	71	0
16	22	0
14	78	1
63	97	0
73	65	0
48	96	1
53	96	0
28	87	0
36	41	0
72	62	1
57	47	0
65	74	0
69	33	0
3	94	0
72	64	1
92	35	0
62	31	0
46	18	0
78	19	0
63	71	0
76	95	0
85	73	0
94	19	0
97	31	0
94	73	0
67	70	0
57	85	0
70	12	1
14	72	0
93	12	1
8	45	0
78	79	0
78	75	0
95	52	0
84	56	0
45	81	1
91	64	0
53	9	0
43	22	0
76	57	0
27	79	0
62	84	0
74	67	0
83	8	1
93	47	0
97	34	0
75	53	0
65	94	0
57	12	0
5	94	0
8	89	0
95	61	0
64	62	1
85	17	1
92	70	0
17	18	0
45	94	1
83	3	0
80	9	0
92	24	0
83	24	0
78	31	0
13	11	0
30	82	0
51	90	0
84	43	0
72	95	0
92	73	0
66	36	0
66	85	0
7	9	0
35	14	0
43	27	0
69	33	0
81	15	1
4	58	0
33	15	0
97	80	0
97	64	0
99	15	0
63	3	0
39	4	0
99	93	0
28	81	0
8	95	0
39	36	0
74	43	0
73	68	0
57	68	0
84	82	0
72	34	0
73	78	0
86	29	0
88	67	0
63	40	0
99	77	0
61	21	0
97	8	0
31	49	0
76	83	0
99	44	0
95	46	0
71	95	0
93	44	0
69	15	1
43	48	0
59	97	0
67	87	0
23	80	0
79	83	0
6	93	0
93	7	0
91	15	1
49	83	1
15	99	0
86	37	0
91	71	0
26	1	0
50	97	0
46	63	0
7	11	0
86	43	0
86	12	0
70	89	0
15	20	0
77	32	0
71	81	0
8	27	0
46	93	1
79	41	0
84	0	0
92	67	0
65	17	0
92	98	0
32	92	1
12	38	0
57	91	0
62	58	0
97	40	0
62	44	0
67	55	1
5	54	0
92	75	0
92	64	0
0	85	0
77	86	0
39	23	0
67	58	0
62	99	0
62	94	0
99	52	0
62	11	0
66	39	0
28	94	1
79	29	0
95	57	0
79	34	0
86	68	0
43	97	1
51	97	0
85	96	0
76	92	0
15	4	0
5	85	0
78	91	0
61	97	0
67	23	0
84	52	0
89	3	0
93	13	1
94	81	0
64	81	0
92	18	0
85	15	1
67	82	0
91	15	1
99	0	0
80	29	0
7	46	0
10	92	0
19	99	1
84	88	0
88	90	0
83	85	0
87	64	0
77	83	0
8	93	0
24	18	0
1	9	0
33	39	0
84	14	1
82	36	0
62	65	0
59	4	0
82	83	0
84	81	0
82	50	0
71	66	0
31	11	0
99	41	0
74	98	0
54	34	0
24	93	1
71	85	0
97	64	0
19	59	0
45	68	0
56	79	0
48	89	1
3	44	0
71	74	0
96	46	0
96	67	0
55	91	0
88	24	0
84	10	0
11	77	1
34	82	1
99	69	0
64	71	0
6	96	0
11	75	1
77	88	0
18	22	0
2	83	0
65	79	0
66	71	0
81	87	0
3	87	0
79	53	0
19	0	0
47	82	1
9	89	0
4	18	0
95	56	0
78	19	0
20	22	0
18	36	0
70	38	0
64	74	0
91	78	0
86	47	0
79	77	0
73	91	0
0	62	0
86	63	0
65	25	0
97	44	0
80	87	0
79	72	0
50	74	0
94	70	0
99	7	0
51	72	0
1	99	0
75	36	0
61	25	1
82	19	1
29	29	0
62	87	0
36	72	0
63	93	0
91	48	0
90	37	0
71	67	0
93	84	0
88	47	0
90	99	0
81	70	0
73	40	0
41	90	0
85	77	0
84	75	0
98	28	0
43	67	0
81	22	1
58	34	0
83	91	0
88	59	0
26	86	0
80	35	0
72	40	0
91	42	0
79	14	1
99	87	0
83	12	1
76	40	0
3	83	0
10	96	0
42	28	0
24	71	0
47	86	1
63	6	0
2	94	0
73	43	0
13	14	0
15	62	0
63	69	0
74	69	0
75	56	0
75	44	0
73	66	0
88	43	0
15	41	0
94	84	0
52	99	0
89	26	0
43	99	1
22	90	0
92	55	0
60	34	0
25	19	0
27	30	0
80	52	0
98	27	0
17	0	0
45	0	0
54	68	0
96	82	0
26	7	0
45	77	1
57	17	0
86	80	0
70	64	0
63	86	0
13	46	0
96	46	0
89	64	0
0	87	0
4	92	0
57	32	0
92	26	0
12	27	0
88	39	0
76	11	0
40	28	0
21	96	0
59	87	0
22	32	0
73	42	0
61	84	0
14	95	1
64	32	0
5	3	0
89	55	0
89	34	0
84	31	0
63	23	0
55	95	0
44	91	1
85	32	0
56	98	0
63	61	0
75	51	0
55	95	0
89	48	0
92	98	0
87	85	0
46	82	1
89	7	1
82	75	0
72	18	0
95	49	0
91	95	0
89	97	0
90	22	0
83	70	0
9	96	0
84	99	0
68	78	0
4	19	0
22	94	0
89	25	0
17	94	0
49	81	1
78	38	0
78	51	0
22	92	1
77	53	0
95	57	0
82	33	0
83	25	0
0	89	0
17	12	0
55	82	0
25	65	0
35	7	0
0	86	0
97	42	0
90	84	0
88	47	0
86	82	0
73	52	0
86	16	1
97	38	0
