4	25	1
90	59	0
47	13	0
42	19	0
56	92	0
7	41	0
87	31	0
86	72	0
0	13	0
50	13	0
67	93	0
45	43	0
70	44	0
4	91	0
28	7	0
21	54	0
84	3	0
84	79	0
64	34	0
29	56	0
95	61	0
97	6	0
49	76	0
77	73	0
83	84	0
82	0	0
19	99	0
63	16	0
71	71	0
63	80	0
95	59	0
8	46	0
27	32	0
46	19	0
75	14	0
47	46	0
89	80	0
11	94	0
69	63	0
99	15	0
82	96	0
40	17	0
30	65	0
67	50	0
91	46	0
53	81	0
94	48	0
21	98	0
35	43	0
60	8	0
88	45	0
22	68	0
62	8	0
37	83	0
74	92	0
22	63	0
97	68	0
47	10	0
33	54	0
74	70	0
93	95	0
74	1	0
20	96	0
89	1	0
47	14	0
90	63	0
47	21	0
14	89	0
84	4	0
36	79	0
91	77	0
57	51	0
23	41	0
83	70	0
16	37	0
28	52	0
81	41	0
16	7	0
4	48	0
51	85	0
66	99	0
62	20	0
46	98	0
78	97	0
11	9	0
11	29	0
87	10	0
84	15	0
53	51	0
84	39	0
23	17	0
77	49	0
50	53	0
34	13	0
32	9	0
64	51	0
28	85	0
48	2	0
41	82	0
42	3	0
35	39	0
82	37	0
48	65	0
62	48	0
22	81	0
67	82	0
1	83	0
53	88	0
81	48	0
60	22	0
52	80	0
3	45	0
68	13	0
53	74	0
9	85	0
36	6	0
24	48	0
18	30	0
80	86	0
3	30	0
43	22	0
2	0	0
40	97	0
93	9	0
64	60	0
1	37	0
72	86	0
94	17	0
65	61	0
58	86	0
33	25	0
63	93	0
20	17	0
75	85	0
67	49	0
26	95	0
81	24	0
46	37	0
15	17	0
65	2	0
3	5	0
9	87	0
18	0	0
99	94	0
99	20	0
81	40	0
43	62	0
64	25	0
84	90	0
2	5	0
39	20	0
18	11	0
77	78	0
44	39	0
89	72	0
83	79	0
48	27	0
53	28	0
83	54	0
4	53	0
24	74	0
17	68	0
95	74	0
47	61	0
38	97	0
93	42	0
68	74	0
51	85	0
25	44	0
99	75	0
3	49	0
38	37	0
21	28	0
33	77	0
29	71	0
93	17	0
60	39	0
78	9	0
46	84	0
61	23	0
61	42	0
75	76	0
17	53	0
66	56	0
27	98	0
32	60	0
26	8	0
57	21	0
28	99	0
6	75	0
68	74	0
84	47	0
22	86	0
20	45	0
93	78	0
30	46	0
34	79	0
31	86	0
59	38	0
30	1	0
19	49	0
71	93	0
98	76	0
65	92	0
71	11	0
16	51	0
64	10	0
55	22	0
55	34	0
73	13	0
25	68	0
17	80	0
46	61	0
68	36	0
29	73	0
89	28	0
61	83	0
35	72	0
24	13	0
95	74	0
31	82	0
46	2	0
2	90	0
80	21	0
91	72	0
87	83	0
86	28	0
3	81	0
13	74	0
98	51	0
66	66	0
45	47	0
43	71	0
75	73	0
39	68	0
20	91	0
36	64	0
75	4	0
1	58	0
69	98	0
65	37	0
27	91	0
87	66	0
46	18	0
35	61	0
16	77	0
33	97	0
64	29	0
70	22	0
23	36	0
97	58	0
58	46	0
77	42	0
1	88	0
60	17	0
24	81	0
75	73	0
66	64	0
70	55	0
59	0	0
13	9	0
1	62	0
83	57	0
55	12	0
70	56	0
44	94	0
64	51	0
89	32	0
96	14	0
22	59	0
93	74	0
12	78	0
22	24	0
91	46	0
39	97	0
46	41	0
47	5	0
16	89	0
72	30	0
38	43	0
33	75	0
42	5	0
18	78	0
89	86	0
90	71	0
54	33	0
79	65	0
16	84	0
46	49	0
60	3	0
66	19	0
36	23	0
51	10	0
57	12	0
56	30	0
75	24	0
33	47	0
26	41	0
55	38	0
67	69	0
86	85	0
38	99	0
76	13	0
89	52	0
66	13	0
15	58	0
23	8	0
85	37	0
61	24	0
80	67	0
15	41	0
52	66	0
60	12	0
35	93	0
31	85	0
51	78	0
97	52	0
44	23	0
51	8	0
30	44	0
79	44	0
74	7	0
70	89	0
31	6	0
67	88	0
8	67	0
44	73	0
39	21	0
3	55	0
11	16	0
82	7	0
29	40	0
73	19	0
34	7	0
2	3	0
77	19	0
27	67	0
30	48	0
96	23	0
76	53	0
12	34	0
23	38	0
1	55	0
41	92	0
19	75	0
11	3	0
27	93	0
53	56	0
45	14	0
19	12	0
56	37	0
50	76	0
38	72	0
82	89	0
28	29	0
23	61	0
30	48	0
49	70	0
80	95	0
49	11	0
67	6	0
29	10	0
53	17	0
49	10	0
19	59	0
82	49	0
64	1	0
23	49	0
59	8	0
55	62	0
42	53	0
43	57	0
78	83	0
72	40	0
20	66	0
53	55	0
18	21	0
98	9	0
49	4	0
61	32	0
56	26	0
20	40	0
14	76	0
62	73	0
12	70	0
37	90	0
32	85	0
38	24	0
41	38	0
92	54	0
61	42	0
11	69	0
71	76	0
5	23	0
64	93	0
27	26	0
66	19	0
73	88	0
69	3	0
88	58	0
76	38	0
43	21	0
40	42	0
37	35	0
89	85	0
11	22	0
63	21	0
81	4	0
14	52	0
46	77	0
73	75	0
73	6	0
2	65	0
92	40	0
63	96	0
4	13	0
70	4	0
51	61	0
37	72	0
61	46	0
24	35	0
54	40	0
73	89	0
60	56	0
34	24	0
80	75	0
21	45	0
20	78	0
79	83	0
47	17	0
4	81	0
71	12	0
88	25	0
67	33	0
18	57	0
63	16	0
24	20	0
67	53	0
18	94	0
73	51	0
49	5	0
84	54	0
33	27	0
31	79	0
42	3	0
86	37	0
12	9	0
66	98	0
15	90	0
30	37	0
57	61	0
55	33	0
10	83	0
7	41	0
23	45	0
60	4	0
96	39	0
66	23	0
88	93	0
29	68	0
19	24	0
44	26	0
34	29	0
89	11	0
53	59	0
72	79	0
31	50	0
58	95	0
73	63	0
40	87	0
72	7	0
71	45	0
76	15	0
62	11	0
55	19	0
32	35	0
95	5	0
58	24	0
8	78	0
94	5	0
99	83	0
7	93	0
12	25	0
91	67	0
46	51	0
27	1	0
89	83	0
82	62	0
25	99	0
64	28	0
78	37	0
91	55	0
11	25	0
88	78	0
29	78	0
70	78	0
27	97	0
97	65	0
32	56	0
15	81	0
99	78	0
37	29	0
24	32	0
65	69	0
60	97	0
48	70	0
9	12	0
47	75	0
62	63	0
36	61	0
32	71	0
89	24	0
11	96	0
78	52	0
23	74	0
33	63	0
46	74	0
95	34	0
43	30	0
16	49	0
0	22	0
65	40	0
94	75	0
56	18	0
83	91	0
74	94	0
30	29	0
47	16	0
22	58	0
28	68	0
0	25	0
32	32	0
48	74	0
55	85	0
31	26	0
70	87	0
52	34	0
39	10	0
68	34	0
23	76	0
47	15	0
8	57	0
92	82	0
61	99	0
59	56	0
71	6	0
43	62	0
7	25	0
3	22	0
41	45	0
88	60	0
90	3	0
2	69	0
75	5	0
91	88	0
69	16	0
31	1	0
22	63	0
77	76	0
37	84	0
50	79	0
78	25	0
20	72	0
55	20	0
68	77	0
56	90	0
31	91	0
98	9	0
97	15	0
65	10	0
38	90	0
13	96	0
7	90	0
76	61	0
73	67	0
93	64	0
9	48	0
83	44	0
68	67	0
8	16	0
80	63	0
60	70	0
21	52	0
10	62	0
36	26	0
42	41	0
16	64	0
63	48	0
47	49	0
93	48	0
80	37	0
83	7	0
75	37	0
49	90	0
5	20	0
16	16	0
18	52	0
75	52	0
98	82	0
74	76	0
96	77	0
23	40	0
49	73	0
51	38	0
39	61	0
77	45	0
7	38	0
20	71	0
47	20	0
79	71	0
65	95	0
53	69	0
5	24	0
34	74	0
24	12	0
85	66	0
29	73	0
55	38	0
85	82	0
96	86	0
7	99	0
37	51	0
15	71	0
80	76	0
35	45	0
53	62	0
46	87	0
79	74	0
21	32	0
15	61	0
86	73	0
74	59	0
94	55	0
51	86	0
56	87	0
67	35	0
37	21	0
88	26	0
46	27	0
87	6	0
16	80	0
16	30	0
0	9	0
33	95	0
92	74	0
24	36	0
94	55	0
17	98	0
15	75	0
32	0	0
95	90	0
25	19	0
9	78	0
69	99	0
41	61	0
81	73	0
22	83	0
83	23	0
16	24	0
37	82	0
22	69	0
27	24	0
28	32	0
27	40	0
99	61	0
82	13	0
55	13	0
76	9	0
92	49	0
36	13	0
56	26	0
85	30	0
8	48	0
42	87	0
11	49	0
16	81	0
77	57	0
52	96	0
57	47	0
69	86	0
43	21	0
95	75	0
41	65	0
95	51	0
7	70	0
58	47	0
25	67	0
70	33	0
8	27	0
56	39	0
86	75	0
81	80	0
86	93	0
24	78	0
18	41	0
45	42	0
39	64	0
34	32	0
24	11	0
39	62	0
9	57	0
63	2	0
77	78	0
82	52	0
91	7	0
11	45	0
9	5	0
85	90	0
16	86	0
52	26	0
53	34	0
80	19	0
17	1	0
55	10	0
11	47	0
1	35	0
49	17	0
50	2	0
1	30	0
32	81	0
63	23	0
35	99	0
80	7	0
39	45	0
61	62	0
68	11	0
90	59	0
62	64	0
47	66	0
43	92	0
81	94	0
21	10	0
86	56	0
16	57	0
86	78	0
56	77	0
15	37	0
18	54	0
99	46	0
29	74	0
91	95	0
63	82	0
47	6	0
32	53	0
84	57	0
42	86	0
76	40	0
87	73	0
67	30	0
12	63	0
16	63	0
91	89	0
72	33	0
60	63	0
54	2	0
10	10	0
82	61	0
31	23	0
17	61	0
36	57	0
58	50	0
35	7	0
58	34	0
6	81	0
20	47	0
11	64	0
3	51	0
84	56	0
23	23	0
59	21	0
97	13	0
91	8	0
49	64	0
2	77	0
57	28	0
30	25	0
9	19	0
16	13	0
78	64	0
67	20	0
42	39	0
45	74	0
51	81	0
14	89	0
31	65	0
55	83	0
22	44	0
86	94	0
49	29	0
38	79	0
20	11	0
55	11	0
10	46	0
63	46	0
67	14	0
31	78	0
83	67	0
64	54	0
46	48	0
45	14	0
4	80	0
79	67	0
67	54	0
55	43	0
72	69	0
72	81	0
72	38	0
66	5	0
99	77	0
87	10	0
2	77	0
72	63	0
0	33	0
2	25	0
25	1	0
48	33	0
1	9	0
6	43	0
20	71	0
28	96	0
37	53	0
95	31	0
5	47	0
61	95	0
26	87	0
1	22	0
97	60	0
38	68	0
12	24	0
87	44	0
27	1	0
61	17	0
62	1	0
13	4	0
26	80	0
47	54	0
81	75	0
70	44	0
13	1	0
35	31	0
50	10	0
5	31	0
2	67	0
71	4	0
34	61	0
51	42	0
72	94	0
18	42	0
14	98	0
94	48	0
26	21	0
88	80	0
53	59	0
65	34	0
49	36	0
95	21	0
89	62	0
21	57	0
20	93	0
29	46	0
1	83	0
6	95	0
84	14	0
41	50	0
0	92	0
54	1	0
67	7	0
45	41	0
24	21	0
60	40	0
37	25	0
13	77	0
23	31	0
57	5	0
8	49	0
98	46	0
99	13	0
53	54	0
37	4	0
39	16	0
18	97	0
64	83	0
29	67	0
11	11	0
40	21	0
13	81	0
1	74	0
63	43	0
78	43	0
54	38	0
15	73	0
24	27	0
86	72	0
65	33	0
52	77	0
60	94	0
27	14	0
3	87	0
65	18	0
58	78	0
35	44	0
94	74	0
33	76	0
94	19	0
81	22	0
98	22	0
81	87	0
51	56	0
24	75	0
73	18	0
42	5	0
65	80	0
62	78	0
13	46	0
62	54	0
65	86	0
79	19	0
94	47	0
6	64	0
59	44	0
19	25	0
92	28	0
66	38	0
70	17	0
91	95	0
76	81	0
53	69	0
75	36	0
59	71	0
17	94	0
30	8	0
1	90	0
19	76	0
58	60	0
66	94	0
81	18	0
91	96	0
82	3	0
8	2	0
86	79	0
65	13	0
95	24	0
80	69	0
54	38	0
10	56	0
67	84	0
65	70	0
0	45	0
9	50	0
43	91	0
5	77	0
55	7	0
48	44	0
10	68	0
35	25	0
20	30	0
15	44	0
97	52	0
53	37	0
4	47	0
26	88	0
89	72	0
4	13	0
86	95	0
30	82	0
58	49	0
41	66	0
98	38	0
66	40	0
2	6	0
15	4	0
0	49	0
14	51	0
96	81	0
77	48	0
98	70	0
15	58	0
80	59	0
17	83	0
4	1	0
74	75	0
1	18	0
25	65	0
35	3	0
27	28	0
7	71	0
44	89	0
0	6	0
67	46	0
56	69	0
75	64	0
82	82	0
32	91	0
35	27	0
10	66	0
4	14	0
38	70	0
45	52	0
63	55	0
85	15	0
