99	67	0
22	9	0
31	23	1
62	99	0
13	0	0
87	42	0
97	93	0
48	13	0
54	79	0
57	24	0
81	50	0
10	87	0
7	0	0
14	93	0
94	28	0
70	78	0
49	32	0
88	67	0
96	17	0
52	95	0
49	62	0
79	71	0
48	11	0
20	76	0
55	19	0
97	68	0
82	92	0
88	73	0
6	36	0
53	10	0
50	29	0
94	25	0
74	69	0
10	82	0
36	92	0
77	18	0
73	88	0
29	6	0
49	68	0
79	71	0
94	71	0
58	63	0
97	40	0
15	79	0
70	4	0
98	66	0
21	74	0
64	4	0
4	77	0
43	91	0
27	72	0
88	62	0
59	42	0
42	27	0
89	82	0
99	88	0
99	13	0
27	92	0
99	10	0
25	7	0
76	91	0
30	5	0
4	86	0
87	9	0
31	76	0
60	93	0
37	59	0
5	24	0
74	78	0
86	30	0
26	99	0
48	99	0
63	29	0
25	89	0
57	99	0
7	20	0
98	17	0
81	26	0
54	74	0
86	44	0
91	57	0
57	10	0
41	15	1
65	42	0
0	97	0
65	0	0
46	70	0
41	9	0
54	22	0
86	18	0
34	57	0
87	48	0
3	57	0
75	93	0
3	86	0
40	94	0
87	53	0
73	23	0
34	63	0
34	60	0
61	0	0
69	54	0
14	69	0
38	4	0
11	51	1
63	75	0
45	33	0
9	97	0
85	28	0
43	76	0
78	68	0
92	4	0
65	86	0
62	74	0
17	21	0
59	88	0
99	81	0
73	56	0
22	95	0
64	31	0
31	30	1
73	4	0
99	62	0
98	34	0
87	54	0
42	47	0
60	4	0
69	70	0
12	26	0
43	30	0
96	56	0
50	28	0
56	77	0
54	75	0
56	21	0
39	35	0
56	23	0
12	46	1
56	83	0
47	58	0
46	90	0
74	46	0
59	74	0
63	70	0
98	64	0
26	22	0
41	43	0
17	17	0
12	79	0
27	66	0
84	44	0
46	45	0
90	4	0
37	88	0
53	21	0
32	39	0
69	80	0
33	69	0
56	64	0
45	90	0
35	54	0
40	0	0
54	17	0
39	97	0
33	61	0
76	81	0
90	58	0
16	93	0
92	72	0
28	48	0
23	70	0
50	70	0
48	59	0
12	34	0
72	82	0
98	80	0
38	70	0
78	40	0
10	43	0
60	13	0
65	52	0
62	17	0
81	19	0
0	49	0
43	64	0
58	29	0
43	63	0
98	35	0
34	93	0
18	55	0
76	93	0
44	58	0
24	17	0
34	76	0
59	19	0
90	99	0
38	88	0
94	0	0
12	60	1
11	68	0
95	36	0
53	95	0
64	83	0
66	66	0
40	59	0
15	69	0
21	57	1
60	0	0
56	98	0
97	55	0
44	90	0
73	68	0
81	26	0
48	77	0
30	83	0
44	95	0
40	22	0
65	21	0
80	47	0
54	44	0
74	70	0
0	53	0
70	24	0
21	94	0
69	65	0
88	35	0
73	37	0
46	0	0
5	41	0
87	22	0
69	77	0
56	93	0
68	54	0
88	31	0
90	11	0
1	35	0
87	72	0
41	98	0
90	78	0
42	99	0
61	35	0
79	32	0
23	90	0
79	19	0
19	62	0
27	76	0
51	13	0
27	92	0
76	91	0
81	78	0
91	55	0
97	53	0
22	81	0
33	70	0
83	14	0
81	48	0
42	0	0
43	28	0
45	54	0
80	46	0
24	51	0
41	39	0
32	75	0
75	97	0
92	59	0
57	75	0
93	5	0
98	36	0
62	3	0
83	53	0
77	51	0
64	74	0
0	34	0
41	65	0
68	29	0
17	90	0
28	79	0
7	86	0
91	67	0
54	11	1
36	1	0
38	53	1
78	70	0
69	1	0
93	87	0
26	2	0
49	90	0
16	67	0
53	92	0
44	36	0
8	46	1
77	28	0
78	18	0
52	16	0
88	10	0
43	56	0
4	55	1
76	26	0
78	54	0
5	7	0
1	58	0
31	99	0
17	84	0
54	98	0
48	71	0
79	45	0
66	11	0
51	84	0
45	70	0
97	85	0
1	52	0
65	49	0
66	84	0
81	24	0
31	4	0
43	2	0
52	18	0
37	30	0
81	54	0
72	21	0
22	43	0
19	23	0
31	53	0
46	33	0
94	70	0
89	62	0
0	50	0
64	37	0
88	5	0
68	14	0
77	23	0
51	40	0
39	30	0
2	76	0
67	85	0
44	81	0
8	99	0
33	61	0
57	11	0
50	41	0
81	38	0
74	51	0
14	61	1
82	70	0
85	87	0
78	31	0
72	89	0
76	7	0
77	65	0
70	52	0
70	55	0
83	78	0
73	2	0
90	13	0
23	44	0
55	85	0
63	73	0
78	11	0
22	72	0
96	34	0
57	97	0
96	27	0
63	25	0
27	57	0
62	42	0
38	58	0
55	84	0
80	28	0
84	79	0
38	52	1
16	92	0
94	97	0
45	22	0
5	80	0
46	51	0
96	2	0
81	36	0
30	67	0
62	48	0
59	49	0
17	93	0
82	23	0
41	12	1
88	52	0
49	41	0
35	94	0
22	10	0
49	47	0
52	87	0
1	45	0
38	78	0
37	85	0
49	27	0
21	74	0
14	28	0
72	9	0
73	15	0
97	3	0
85	95	0
28	65	0
34	33	0
80	5	0
61	55	0
72	98	0
4	26	0
53	90	0
96	58	0
34	77	0
80	4	0
40	69	0
66	19	0
55	6	0
87	20	0
88	44	0
11	86	0
76	17	0
88	99	0
23	94	0
93	73	0
43	46	0
12	28	0
69	94	0
68	50	0
7	86	0
73	33	0
79	52	0
72	51	0
80	70	0
29	57	0
99	52	0
29	95	0
94	67	0
21	97	0
90	97	0
47	35	0
63	65	0
58	91	0
46	57	0
62	98	0
75	52	0
48	46	0
30	57	0
86	0	0
3	87	0
93	64	0
27	95	0
48	64	0
42	80	0
84	33	0
32	51	0
54	24	0
95	52	0
72	23	0
86	92	0
42	96	0
38	59	0
51	6	1
33	48	0
60	92	0
50	21	0
43	71	0
89	83	0
37	11	1
93	86	0
78	10	0
20	8	0
44	32	0
25	69	0
45	3	0
10	81	0
88	78	0
54	92	0
66	48	0
65	8	0
36	64	0
38	75	0
98	48	0
98	3	0
16	67	0
77	11	0
45	65	0
41	27	0
38	3	0
33	48	0
82	84	0
26	70	0
53	83	0
67	22	0
74	25	0
48	56	0
62	84	0
28	95	0
95	18	0
84	19	0
76	15	0
17	68	0
22	91	0
19	88	0
63	37	0
74	78	0
71	99	0
1	30	0
61	49	0
64	91	0
70	64	0
60	75	0
16	93	0
21	75	0
44	31	0
44	14	1
8	31	0
41	42	0
33	41	0
96	27	0
80	45	0
70	11	0
67	31	0
59	51	0
46	30	0
98	77	0
48	80	0
80	55	0
36	60	0
35	94	0
78	54	0
57	18	0
31	15	0
99	50	0
73	85	0
47	36	0
44	10	1
50	61	0
41	92	0
61	94	0
96	60	0
22	80	0
63	51	0
6	67	0
64	44	0
50	74	0
64	52	0
49	76	0
63	88	0
2	57	0
55	55	0
78	46	0
82	62	0
35	79	0
72	84	0
44	25	0
92	16	0
54	43	0
98	9	0
0	81	0
45	87	0
86	62	0
71	68	0
12	86	0
16	75	0
78	85	0
47	27	0
6	75	0
77	98	0
44	68	0
95	65	0
30	94	0
77	45	0
14	4	0
40	74	0
21	80	0
37	18	1
6	16	0
93	57	0
97	25	0
50	21	0
74	37	0
83	14	0
24	12	0
30	64	0
73	30	0
0	69	0
58	82	0
6	40	0
15	75	0
67	46	0
59	99	0
69	43	0
75	83	0
76	56	0
36	49	1
75	79	0
11	87	0
45	39	0
21	77	0
73	49	0
63	37	0
99	49	0
92	94	0
85	89	0
47	71	0
68	45	0
63	65	0
36	50	0
10	49	1
69	2	0
67	82	0
86	77	0
85	3	0
56	82	0
8	97	0
49	19	0
54	34	0
69	27	0
58	25	0
77	21	0
24	93	0
74	28	0
28	77	0
96	16	0
45	70	0
51	39	0
65	98	0
74	74	0
41	79	0
67	92	0
88	65	0
91	46	0
95	76	0
83	94	0
98	49	0
37	68	0
93	87	0
52	87	0
78	83	0
95	48	0
48	83	0
83	64	0
88	53	0
76	33	0
36	48	0
1	59	0
58	81	0
67	19	0
54	33	0
47	18	1
87	85	0
65	37	0
36	13	1
48	14	1
15	88	0
12	57	1
9	93	0
61	40	0
92	19	0
90	42	0
96	5	0
78	97	0
9	48	1
59	20	0
54	49	0
35	74	0
95	19	0
64	48	0
30	91	0
31	97	0
27	67	0
21	94	0
32	4	0
67	62	0
48	30	0
46	70	0
46	43	0
5	53	1
70	69	0
68	15	0
20	88	0
93	59	0
23	30	0
17	70	0
76	63	0
66	58	0
52	58	0
92	53	0
91	66	0
71	53	0
58	12	0
67	67	0
79	45	0
10	32	0
89	75	0
55	40	0
35	75	0
11	80	0
26	97	0
24	59	0
93	29	0
8	50	1
60	93	0
2	87	0
92	62	0
48	28	0
79	20	0
21	22	0
34	39	0
77	11	0
17	72	0
38	53	1
88	55	0
87	37	0
5	9	0
12	48	1
45	16	1
6	39	0
69	11	0
48	69	0
91	94	0
4	12	0
49	98	0
87	33	0
40	2	0
88	87	0
42	65	0
75	72	0
34	32	0
97	39	0
91	78	0
21	64	0
13	83	0
3	47	0
20	67	0
14	99	0
71	17	0
31	55	0
8	86	0
25	30	0
61	19	0
41	62	0
76	53	0
46	2	0
34	75	0
94	28	0
7	25	0
73	45	0
99	33	0
49	61	0
29	11	0
46	0	0
18	93	0
42	76	0
22	61	0
18	15	0
21	83	0
26	81	0
67	52	0
88	41	0
35	70	0
83	99	0
47	32	0
65	69	0
45	84	0
2	85	0
83	45	0
43	61	0
9	17	0
94	60	0
55	53	0
89	21	0
79	18	0
81	33	0
59	99	0
44	39	0
58	36	0
62	32	0
41	1	0
42	88	0
52	72	0
87	31	0
57	98	0
88	43	0
78	55	0
40	69	0
25	68	0
80	34	0
53	38	0
75	2	0
96	99	0
73	78	0
44	76	0
70	42	0
82	88	0
14	78	0
55	31	0
13	94	0
6	57	1
43	60	0
78	70	0
65	12	0
94	93	0
84	9	0
98	92	0
60	10	0
71	22	0
77	56	0
65	31	0
16	84	0
51	87	0
65	81	0
8	33	0
17	82	0
16	70	0
38	9	0
36	38	0
1	43	0
76	45	0
50	28	0
8	62	0
16	90	0
65	94	0
93	44	0
0	74	0
62	42	0
30	83	0
77	64	0
68	47	0
4	47	1
27	55	0
84	36	0
70	51	0
69	59	0
16	64	0
60	49	0
4	89	0
6	4	0
85	66	0
18	69	0
25	1	0
3	97	0
23	79	0
99	37	0
76	80	0
88	66	0
84	88	0
52	60	0
63	30	0
0	72	0
48	65	0
32	58	0
63	46	0
91	19	0
