89	71	0
41	18	0
38	25	0
46	96	0
10	4	0
93	33	0
94	84	0
41	12	0
65	80	0
45	19	0
98	41	0
3	79	0
17	8	0
18	60	0
99	18	0
82	77	0
58	31	0
20	50	0
98	68	0
93	10	0
45	98	0
66	65	0
82	87	0
55	1	0
42	83	0
54	5	0
82	78	0
60	91	0
89	74	0
6	24	0
51	30	0
39	17	0
87	32	0
40	54	0
87	62	0
11	92	0
50	98	0
95	25	0
79	88	0
42	1	0
23	58	0
91	58	0
88	69	0
53	69	0
95	52	0
10	82	0
21	40	0
69	2	0
90	64	0
16	71	0
61	1	0
9	77	0
55	89	0
35	75	0
98	66	0
47	38	0
29	30	0
88	75	0
97	89	0
95	15	0
10	93	0
96	16	0
40	1	0
73	75	0
47	13	0
7	90	0
83	7	0
44	78	0
73	98	0
50	68	0
6	29	0
68	90	0
24	44	0
18	66	0
92	34	0
14	39	0
30	86	0
48	98	0
60	20	0
30	95	0
56	97	0
4	24	0
99	13	0
95	26	0
40	53	0
80	37	0
18	28	0
82	50	0
26	34	1
42	12	0
39	7	0
68	36	0
9	94	0
64	10	0
57	91	0
40	13	0
49	26	0
88	45	0
34	67	0
76	46	0
10	60	0
79	87	0
0	72	0
28	96	0
94	51	0
60	7	0
45	68	0
31	57	0
62	0	0
64	49	0
2	59	0
38	4	0
25	48	0
44	34	0
76	93	0
58	43	0
20	99	0
86	4	0
55	68	0
80	87	0
97	3	0
68	73	0
48	77	0
32	10	0
57	95	0
90	75	0
81	58	0
33	93	0
64	32	0
33	21	0
16	42	0
77	10	0
11	66	0
92	64	0
98	31	0
88	36	0
34	54	0
60	17	0
85	74	0
17	20	0
33	6	0
81	61	0
36	35	0
69	80	0
70	94	0
49	19	0
43	32	0
57	45	0
14	43	0
29	57	0
16	56	0
78	76	0
44	51	0
44	94	0
84	47	0
80	70	0
54	86	0
23	34	0
92	64	0
9	23	0
49	42	0
17	11	0
32	84	0
40	78	0
89	33	0
38	34	0
71	21	0
39	81	0
60	27	0
50	43	0
83	80	0
28	60	0
57	73	0
32	89	0
43	47	0
39	11	0
57	9	0
28	75	0
30	84	0
75	81	0
90	63	0
29	86	0
26	34	1
93	67	0
28	46	0
29	85	0
54	77	0
41	52	0
26	12	0
14	31	0
71	95	0
86	90	0
62	79	0
66	31	0
0	60	0
59	5	0
76	25	0
68	24	0
69	31	0
14	63	0
0	60	0
53	52	0
76	28	0
38	61	0
85	33	0
32	99	0
29	68	0
38	19	0
77	75	0
38	57	0
34	6	0
14	90	0
63	10	0
95	90	0
69	89	0
91	4	0
4	78	0
20	62	0
93	37	0
56	72	0
48	40	0
56	58	0
50	70	0
58	62	0
15	72	0
31	58	0
69	9	0
0	63	0
64	83	0
89	45	0
45	92	0
75	58	0
67	27	0
45	73	0
14	85	0
35	97	0
52	40	0
73	34	0
25	33	1
90	63	0
78	41	0
73	66	0
1	60	0
49	13	0
9	88	0
59	62	0
61	44	0
60	40	0
54	24	0
7	56	0
86	25	0
52	7	0
70	69	0
50	76	0
69	37	0
99	36	0
97	4	0
3	60	0
96	71	0
25	97	0
94	69	0
44	96	0
57	34	0
57	9	0
20	91	0
71	31	0
37	65	0
43	81	0
48	9	0
22	97	0
81	87	0
76	85	0
71	39	0
90	79	0
16	97	0
46	57	0
60	1	0
67	29	0
32	12	0
37	4	0
56	9	0
55	54	0
75	43	0
41	48	0
37	51	0
35	71	0
71	85	0
78	69	0
60	77	0
80	1	0
83	43	0
74	6	0
21	45	0
28	19	0
80	39	0
65	36	0
71	68	0
11	38	0
39	70	0
61	22	0
31	84	0
21	89	0
25	82	0
99	72	0
39	26	0
35	3	0
24	58	0
87	68	0
64	17	0
79	91	0
11	3	0
62	99	0
2	68	0
38	91	0
45	31	0
1	60	0
79	15	0
23	35	0
73	3	0
49	13	0
90	10	0
36	43	0
26	49	0
79	26	0
87	62	0
7	26	0
24	32	1
6	63	0
38	95	0
5	89	0
46	85	0
56	72	0
50	41	0
68	22	0
37	89	0
48	70	0
88	92	0
27	27	0
21	51	0
25	41	0
58	73	0
71	86	0
30	25	0
80	21	0
34	6	0
54	2	0
65	18	0
34	48	0
82	69	0
88	13	0
18	38	0
48	13	0
52	46	0
38	37	0
27	57	0
86	78	0
79	54	0
13	52	0
53	32	0
96	15	0
62	7	0
54	29	0
56	37	0
32	29	0
3	69	0
67	84	0
28	77	0
26	89	0
24	99	0
53	10	0
46	34	0
97	46	0
84	49	0
0	78	0
87	73	0
70	76	0
78	30	0
68	86	0
81	3	0
87	59	0
76	56	0
39	17	0
50	50	0
32	47	0
81	80	0
68	18	0
95	4	0
30	42	0
40	88	0
73	73	0
84	18	0
9	63	0
98	28	0
43	94	0
81	22	0
66	51	0
36	56	0
58	38	0
22	39	0
34	48	0
66	87	0
83	33	0
32	19	0
72	66	0
21	66	0
7	98	0
95	85	0
29	36	0
3	87	0
59	37	0
90	17	0
83	45	0
4	68	0
64	35	0
44	34	0
44	43	0
9	99	0
76	19	0
54	6	0
92	47	0
47	39	0
24	75	0
15	4	0
60	59	0
62	92	0
2	56	0
45	70	0
41	81	0
54	26	0
22	97	0
9	44	0
21	44	0
65	13	0
83	30	0
92	16	0
76	90	0
21	58	0
32	27	0
41	28	0
79	8	0
67	58	0
75	91	0
17	40	0
62	89	0
94	69	0
38	77	0
74	6	0
66	50	0
73	23	0
73	12	0
43	19	0
44	16	0
99	6	0
85	33	0
1	76	0
85	12	0
87	99	0
14	94	0
96	64	0
48	56	0
18	27	0
98	98	0
63	49	0
6	94	0
71	30	0
66	39	0
69	60	0
78	65	0
26	76	0
82	70	0
36	88	0
93	78	0
12	25	1
37	94	0
99	78	0
30	32	0
37	29	0
56	66	0
59	96	0
45	62	0
68	95	0
66	51	0
30	58	0
32	65	0
83	18	0
9	82	0
90	42	0
19	89	0
55	72	0
40	84	0
83	40	0
39	51	0
20	34	0
46	23	0
82	50	0
68	16	0
92	96	0
62	91	0
38	54	0
56	0	0
36	39	0
51	88	0
33	21	0
48	58	0
76	74	0
34	23	0
95	99	0
47	19	0
23	6	0
55	23	0
24	78	0
36	12	0
15	60	0
92	92	0
60	89	0
59	51	0
70	7	0
43	71	0
49	51	0
97	54	0
91	4	0
0	68	0
75	6	0
61	72	0
72	29	0
45	11	0
31	63	0
84	76	0
37	67	0
38	77	0
82	33	0
19	54	0
74	27	0
42	67	0
67	83	0
31	93	0
80	11	0
92	26	0
63	13	0
30	79	0
16	96	0
17	85	0
64	40	0
74	69	0
67	82	0
13	47	0
76	42	0
69	68	0
77	73	0
55	65	0
15	69	0
16	65	0
45	27	0
40	19	0
3	36	0
45	61	0
31	47	0
87	29	0
81	37	0
77	2	0
75	47	0
53	67	0
19	60	0
51	28	0
95	86	0
56	88	0
79	61	0
26	54	0
45	81	0
69	44	0
33	51	0
78	26	0
18	47	0
39	23	0
85	51	0
90	95	0
53	51	0
11	61	0
45	6	0
60	60	0
27	90	0
37	30	0
86	90	0
99	74	0
23	86	0
62	54	0
3	73	0
82	54	0
38	57	0
50	61	0
34	80	0
59	72	0
6	55	0
83	74	0
67	60	0
89	46	0
20	61	0
60	88	0
54	29	0
97	25	0
47	33	0
96	15	0
13	89	0
34	35	0
38	66	0
90	56	0
32	53	0
83	62	0
13	96	0
20	83	0
99	89	0
49	27	0
6	75	0
81	95	0
47	70	0
88	64	0
20	89	0
92	31	0
25	3	0
35	79	0
36	76	0
36	14	0
20	42	0
7	20	0
86	71	0
95	13	0
63	9	0
78	29	0
96	35	0
33	10	0
25	52	0
98	36	0
7	55	0
57	97	0
9	59	0
26	83	0
63	50	0
56	92	0
76	55	0
70	89	0
37	38	0
74	67	0
38	63	0
79	57	0
16	73	0
53	30	0
28	82	0
84	39	0
66	31	0
87	75	0
95	97	0
89	76	0
47	66	0
65	40	0
56	70	0
34	21	0
25	9	0
35	71	0
9	35	0
60	0	0
56	84	0
71	80	0
82	5	0
13	46	0
57	81	0
20	93	0
58	7	0
61	38	0
55	21	0
39	24	0
20	33	0
49	18	0
78	0	0
38	94	0
63	31	0
34	92	0
89	15	0
27	52	0
47	63	0
71	30	0
83	81	0
60	71	0
34	64	0
46	90	0
77	72	0
86	46	0
18	74	0
79	80	0
83	97	0
27	34	1
13	53	0
95	48	0
28	82	0
97	87	0
60	95	0
40	6	0
70	63	0
86	64	0
68	85	0
78	56	0
93	72	0
76	38	0
16	53	0
3	63	0
69	85	0
71	41	0
49	59	0
50	4	0
32	18	0
89	79	0
8	58	0
26	53	0
58	33	0
38	15	0
53	30	0
17	85	0
24	37	1
2	63	0
11	83	0
78	54	0
79	19	0
89	34	0
81	3	0
51	83	0
7	54	0
54	27	0
60	48	0
49	86	0
90	12	0
22	32	1
62	56	0
48	87	0
19	95	0
36	63	0
36	86	0
35	25	0
80	78	0
48	36	0
44	82	0
59	37	0
11	40	0
63	62	0
66	23	0
23	82	0
86	42	0
31	33	0
31	46	0
27	16	0
0	64	0
82	67	0
79	63	0
42	51	0
89	63	0
83	72	0
74	36	0
66	15	0
79	79	0
75	22	0
4	58	0
80	81	0
23	23	0
69	32	0
18	63	0
2	86	0
32	93	0
35	57	0
98	31	0
11	48	0
59	92	0
8	88	0
92	65	0
59	54	0
86	29	0
16	3	0
47	30	0
63	2	0
8	78	0
46	55	0
89	68	0
76	36	0
10	6	0
16	43	0
69	18	0
14	78	0
79	1	0
47	73	0
38	26	0
85	95	0
13	23	0
29	99	0
98	55	0
32	7	0
85	91	0
50	57	0
69	56	0
41	33	0
99	29	0
92	88	0
7	64	0
9	73	0
14	51	0
16	81	0
10	99	0
79	25	0
34	50	0
7	92	0
46	17	0
72	12	0
39	61	0
65	56	0
48	24	0
33	70	0
29	31	0
87	17	0
0	44	0
81	65	0
88	11	0
57	48	0
27	18	0
49	3	0
15	93	0
54	65	0
40	60	0
36	12	0
9	92	0
1	92	0
69	56	0
93	36	0
33	24	0
25	71	0
89	95	0
52	31	0
62	74	0
67	90	0
7	82	0
74	30	0
48	53	0
19	37	0
96	73	0
57	64	0
99	16	0
78	12	0
90	24	0
63	95	0
45	61	0
41	58	0
70	13	0
40	6	0
65	93	0
65	63	0
16	52	0
69	40	0
59	91	0
81	23	0
90	54	0
29	73	0
51	59	0
22	28	0
92	29	0
30	56	0
84	7	0
94	96	0
69	60	0
59	82	0
70	35	0
71	83	0
8	98	0
42	6	0
8	89	0
13	63	0
55	71	0
69	88	0
72	8	0
96	97	0
89	10	0
89	88	0
62	10	0
81	32	0
77	43	0
49	40	0
17	87	0
62	97	0
65	75	0
24	51	0
7	29	0
21	93	0
13	65	0
44	3	0
39	51	0
20	67	0
37	34	0
9	39	0
98	55	0
45	27	0
14	57	0
31	77	0
74	75	0
97	66	0
10	65	0
64	49	0
25	64	0
79	43	0
52	41	0
4	45	0
22	54	0
80	53	0
67	55	0
87	54	0
3	67	0
63	54	0
3	87	0
1	20	0
88	69	0
12	62	0
36	4	0
38	25	0
15	98	0
19	82	0
81	41	0
67	66	0
73	57	0
75	85	0
40	64	0
56	41	0
5	67	0
41	65	0
31	40	0
63	58	0
80	21	0
