2	26	1
91	57	0
56	14	0
43	21	0
52	96	0
5	42	0
85	35	0
88	77	0
3	13	0
50	14	0
71	94	0
40	40	0
69	50	0
3	95	0
32	9	0
16	55	0
94	3	0
81	78	0
66	32	0
29	58	0
96	56	0
99	3	0
46	77	0
75	77	0
83	85	0
80	1	0
21	96	0
64	20	0
72	72	0
66	86	0
98	58	0
3	45	0
29	25	0
50	19	0
78	18	0
46	50	0
88	83	0
10	96	0
67	65	0
94	19	0
83	96	0
40	16	0
32	61	0
63	52	0
93	53	0
56	87	0
98	51	0
17	99	0
27	47	0
60	10	0
93	42	0
24	67	0
59	8	0
37	87	0
67	96	0
24	62	0
91	63	0
51	16	0
34	58	0
80	72	0
97	93	0
73	6	0
20	97	0
86	2	0
44	14	0
87	60	0
47	22	0
13	92	0
88	4	0
32	80	0
88	78	0
55	48	0
25	36	0
85	73	0
20	36	0
29	46	0
89	39	0
19	9	0
8	38	0
52	85	0
63	98	0
69	20	0
49	99	0
73	95	0
7	9	0
14	30	0
86	11	0
84	16	0
54	47	0
83	38	0
24	24	0
76	50	0
48	52	0
29	5	0
33	8	0
65	57	0
24	82	0
49	1	0
44	84	0
42	2	0
35	33	0
84	33	0
49	66	0
59	46	0
17	84	0
69	77	0
4	85	0
45	95	0
88	47	0
67	20	0
53	83	0
2	45	0
62	7	0
53	76	0
7	86	0
39	9	0
24	53	0
18	31	0
85	84	0
6	25	0
38	26	0
0	2	0
37	97	0
92	7	0
65	57	0
4	35	0
72	85	0
95	17	0
58	67	0
52	86	0
32	22	0
61	97	0
15	18	0
74	80	0
67	51	0
24	98	0
79	31	0
42	39	0
19	25	0
66	6	0
10	6	0
7	80	0
16	3	0
96	88	0
97	14	0
80	39	0
52	63	0
63	19	0
84	87	0
1	7	0
34	14	0
17	7	0
84	71	0
45	36	0
92	76	0
85	80	0
49	28	0
55	35	0
78	48	0
1	50	0
26	75	0
17	59	0
91	75	0
50	58	0
38	91	0
93	43	0
70	77	0
50	86	0
26	43	0
98	76	0
1	45	0
35	34	0
18	28	0
26	75	0
31	65	0
95	18	0
53	35	0
75	11	0
44	75	0
67	22	0
58	39	0
76	74	0
24	52	0
67	58	0
33	98	0
31	65	0
32	5	0
62	22	0
25	99	0
5	77	0
64	75	0
80	45	0
18	86	0
13	47	0
86	72	0
26	49	0
35	76	0
33	90	0
59	37	0
33	4	0
23	46	0
77	89	0
97	83	0
64	95	0
72	14	0
7	54	0
60	6	0
58	28	0
56	29	0
75	10	0
23	63	0
13	76	0
45	63	0
67	32	0
30	75	0
81	26	0
57	86	0
34	74	0
23	14	0
91	77	0
30	77	0
44	3	0
3	87	0
83	21	0
92	70	0
83	86	0
84	28	0
0	79	0
16	80	0
97	46	0
64	69	0
42	45	0
45	72	0
72	74	0
45	64	0
18	77	0
36	66	0
69	2	0
4	59	0
69	98	0
65	35	0
24	89	0
88	70	0
42	14	0
38	62	0
14	76	0
35	96	0
67	29	0
67	17	0
19	40	0
97	55	0
61	44	0
75	41	0
10	87	0
56	11	0
19	76	0
67	65	0
63	58	0
69	56	0
59	3	0
22	5	0
6	54	0
84	53	0
55	17	0
74	57	0
46	89	0
61	47	0
93	35	0
92	13	0
19	58	0
89	70	0
16	83	0
19	25	0
94	50	0
37	98	0
46	41	0
52	0	0
19	94	0
70	32	0
37	49	0
34	70	0
43	3	0
20	76	0
84	88	0
88	77	0
59	37	0
82	64	0
16	88	0
46	42	0
66	0	0
68	19	0
33	26	0
54	7	0
58	18	0
51	29	0
69	29	0
32	50	0
27	45	0
55	43	0
69	68	0
88	86	0
44	99	0
71	4	0
93	56	0
65	14	0
14	61	0
16	12	0
85	34	0
61	29	0
77	68	0
17	44	0
50	65	0
60	13	0
33	93	0
30	79	0
49	79	0
95	52	0
49	24	0
54	2	0
25	42	0
79	45	0
75	8	0
67	93	0
31	4	0
68	89	0
5	70	0
41	79	0
33	23	0
4	54	0
6	17	0
83	6	0
30	39	0
76	16	0
38	8	0
0	7	0
80	16	0
25	67	0
27	47	0
93	29	0
78	54	0
12	35	0
23	40	0
2	56	0
38	87	0
12	72	0
11	2	0
34	92	0
54	59	0
42	15	0
13	14	0
53	32	0
47	83	0
36	70	0
82	95	0
26	29	0
21	60	0
34	45	0
57	70	0
75	99	0
48	12	0
69	3	0
29	8	0
48	11	0
54	8	0
14	58	0
82	52	0
65	3	0
21	50	0
60	3	0
55	60	0
44	53	0
39	55	0
79	79	0
74	46	0
23	64	0
53	54	0
22	15	0
97	12	0
45	2	0
58	27	0
60	26	0
23	41	0
16	73	0
58	72	0
13	73	0
38	94	0
30	83	0
37	28	0
38	35	0
88	56	0
66	35	0
14	70	0
74	74	0
7	24	1
66	91	0
29	29	0
66	19	0
69	88	0
73	0	0
93	62	0
72	41	0
45	25	0
41	38	0
34	36	0
92	78	0
15	18	0
65	24	0
81	2	0
12	53	0
42	81	0
75	73	0
74	8	0
2	60	0
96	43	0
57	95	0
5	19	0
66	2	0
53	60	0
34	70	0
60	46	0
17	35	0
56	38	0
68	85	0
61	54	0
35	24	0
79	68	0
21	45	0
21	80	0
82	84	0
49	19	0
6	79	0
67	15	0
90	24	0
69	36	0
21	60	0
66	20	0
24	24	0
64	46	0
18	94	0
69	52	0
49	1	0
83	54	0
37	29	0
27	75	0
40	3	0
79	42	0
8	4	0
64	97	0
17	92	0
29	31	0
54	66	0
61	32	0
10	91	0
12	39	0
21	45	0
56	7	0
93	33	0
69	21	0
85	96	0
29	67	0
19	28	0
40	24	0
37	28	0
92	9	0
52	60	0
82	79	0
29	41	0
62	93	0
69	61	0
44	79	0
77	6	0
71	50	0
74	13	0
67	16	0
44	24	0
30	30	0
94	12	0
62	20	0
6	75	0
94	4	0
98	84	0
10	95	0
10	28	0
90	64	0
43	50	0
29	2	0
89	86	0
84	65	0
23	97	0
70	35	0
77	42	0
91	60	0
12	22	0
85	82	0
28	78	0
76	73	0
27	97	0
98	65	0
33	47	0
20	85	0
98	82	0
37	29	0
26	35	0
72	69	0
64	95	0
46	74	0
13	11	0
42	74	0
61	59	0
39	62	0
35	72	0
86	23	0
13	89	0
81	48	0
22	77	0
39	65	0
42	76	0
92	32	0
44	33	0
18	46	0
0	18	0
68	42	0
97	75	0
56	18	0
78	95	0
73	95	0
30	37	0
45	18	0
22	52	0
27	76	0
10	21	1
36	30	0
49	70	0
62	88	0
32	31	0
77	83	0
58	32	0
37	9	0
66	36	0
23	74	0
48	12	0
11	59	0
98	86	0
59	99	0
50	56	0
75	10	0
43	62	0
4	27	1
4	24	1
42	51	0
92	60	0
91	0	0
4	69	0
77	11	0
88	89	0
69	20	0
28	0	0
25	67	0
75	72	0
35	85	0
53	82	0
80	21	0
20	75	0
60	21	0
64	80	0
61	92	0
32	91	0
93	11	0
92	17	0
66	15	0
43	87	0
11	96	0
3	89	0
75	63	0
72	59	0
95	63	0
8	50	0
90	49	0
65	61	0
9	17	0
77	66	0
63	72	0
24	49	0
12	65	0
40	28	0
42	40	0
14	57	0
60	51	0
45	56	0
94	44	0
80	33	0
80	6	0
70	36	0
56	91	0
3	23	1
14	19	0
24	52	0
77	53	0
99	81	0
71	72	0
99	78	0
23	45	0
49	71	0
56	40	0
35	65	0
81	43	0
2	31	0
22	72	0
43	26	0
78	67	0
63	97	0
50	63	0
5	22	1
26	66	0
30	11	0
82	66	0
24	78	0
48	35	0
86	80	0
97	82	0
13	99	0
39	54	0
13	77	0
78	80	0
37	47	0
56	59	0
47	83	0
81	72	0
26	30	0
20	61	0
89	78	0
75	59	0
91	54	0
42	84	0
56	82	0
64	32	0
33	20	0
88	30	0
43	25	0
89	3	0
20	86	0
22	29	0
2	16	0
37	95	0
93	74	0
22	38	0
93	51	0
17	98	0
19	70	0
25	1	0
94	92	0
22	23	0
6	80	0
74	98	0
42	64	0
84	70	0
26	79	0
83	27	0
24	26	0
35	80	0
26	69	0
34	23	0
26	35	0
18	38	0
98	63	0
83	15	0
52	11	0
75	8	0
89	48	0
34	13	0
50	28	0
89	32	0
8	50	0
46	90	0
14	53	0
16	81	0
79	59	0
53	95	0
57	46	0
74	82	0
41	24	0
93	74	0
41	66	0
95	46	0
11	69	0
63	47	0
23	66	0
69	32	0
5	27	1
58	39	0
88	76	0
86	83	0
90	91	0
25	81	0
19	42	0
50	46	0
46	60	0
36	26	0
23	11	0
36	61	0
14	52	0
61	7	0
76	82	0
82	53	0
91	9	0
14	46	0
6	4	0
80	91	0
9	78	0
49	26	0
53	37	0
73	15	0
17	3	0
56	8	0
12	42	0
1	36	0
49	15	0
52	3	0
0	27	1
32	77	0
59	24	0
33	94	0
81	4	0
32	42	0
51	63	0
69	16	0
96	61	0
59	65	0
44	65	0
45	98	0
82	96	0
17	13	0
95	62	0
14	62	0
88	71	0
57	82	0
16	32	0
19	59	0
98	45	0
25	78	0
91	98	0
69	83	0
45	1	0
38	57	0
81	52	0
37	88	0
71	46	0
86	73	0
73	28	0
12	64	0
13	61	0
89	90	0
74	35	0
58	64	0
57	3	0
12	19	0
77	63	0
32	29	0
11	66	0
41	56	0
51	51	0
32	8	0
60	32	0
5	81	0
19	47	0
9	66	0
0	53	0
83	65	0
27	21	0
59	22	0
99	19	0
86	7	0
52	61	0
0	72	0
59	29	0
34	25	0
10	13	0
17	19	0
75	66	0
66	25	0
34	37	0
43	74	0
58	77	0
12	87	0
26	72	0
53	81	0
24	43	0
78	95	0
54	30	0
38	85	0
19	10	0
54	16	0
10	43	0
61	45	0
70	10	0
31	75	0
85	68	0
65	55	0
52	50	0
41	14	0
2	73	0
79	70	0
68	51	0
45	40	0
73	64	0
72	78	0
72	41	0
63	10	0
94	75	0
83	14	0
0	75	0
73	63	0
0	27	1
8	26	1
28	2	0
48	31	0
0	8	0
8	49	0
23	70	0
30	99	0
34	50	0
99	31	0
6	48	0
60	91	0
23	84	0
7	30	1
99	61	0
38	64	0
7	22	1
86	50	0
25	1	0
59	23	0
61	6	0
15	5	0
26	83	0
47	56	0
85	73	0
68	45	0
11	3	0
31	31	0
55	8	0
7	26	1
3	73	0
74	9	0
43	64	0
54	43	0
66	96	0
14	41	0
13	95	0
93	47	0
22	22	0
93	80	0
59	62	0
65	33	0
49	32	0
97	21	0
91	61	0
18	57	0
11	90	0
30	43	0
0	88	0
3	95	0
90	19	0
35	52	0
2	91	0
54	2	0
65	6	0
46	49	0
27	16	0
66	41	0
42	25	0
12	85	0
28	34	0
59	3	0
6	45	0
95	50	0
97	7	0
54	52	0
33	3	0
39	25	0
17	97	0
61	78	0
26	62	0
9	13	0
40	25	0
8	82	0
1	71	0
69	49	0
81	47	0
54	34	0
15	77	0
23	32	0
86	76	0
67	28	0
48	79	0
66	94	0
27	12	0
9	89	0
66	18	0
60	81	0
39	43	0
94	69	0
34	73	0
98	19	0
82	19	0
98	25	0
86	88	0
42	57	0
22	75	0
73	10	0
37	0	0
66	78	0
63	75	0
17	43	0
67	52	0
61	81	0
79	25	0
92	53	0
6	69	0
58	47	0
26	31	0
95	25	0
67	39	0
68	16	0
92	98	0
77	74	0
50	73	0
78	36	0
59	66	0
12	98	0
30	8	0
4	92	0
18	77	0
57	63	0
65	96	0
81	12	0
91	96	0
80	1	0
9	1	0
89	75	0
67	13	0
99	29	0
78	64	0
52	41	0
16	59	0
62	86	0
64	69	0
0	48	0
14	42	0
42	94	0
3	80	0
57	2	0
43	47	0
8	66	0
36	31	0
18	33	0
13	44	0
98	51	0
50	37	0
4	49	0
27	90	0
84	67	0
2	12	0
85	97	0
26	79	0
63	41	0
42	57	0
97	43	0
62	41	0
3	9	0
10	11	0
2	51	0
17	52	0
97	76	0
75	49	0
98	67	0
10	52	0
75	63	0
20	82	0
0	5	0
75	76	0
1	17	0
24	66	0
36	4	0
29	27	0
7	70	0
43	90	0
3	6	0
70	47	0
52	57	0
80	62	0
82	78	0
41	90	0
33	25	0
4	67	0
4	14	0
38	67	0
52	46	0
58	54	0
81	14	0
