84	66	0
37	25	0
58	97	1
17	14	0
91	43	0
91	89	0
70	44	0
6	79	0
1	5	0
12	88	0
78	34	0
76	77	0
31	34	0
63	75	0
92	52	0
66	69	0
40	34	0
92	85	0
98	84	0
73	88	0
8	22	0
71	79	0
75	30	0
57	80	1
52	68	0
66	82	0
94	54	0
96	26	0
89	79	0
39	0	0
81	32	0
30	18	0
97	67	0
91	74	0
87	8	0
19	37	0
58	80	0
7	88	0
63	95	1
21	32	0
71	74	0
93	44	0
50	83	0
5	22	0
83	15	0
63	31	0
52	40	0
77	39	0
82	69	0
55	97	1
16	61	0
99	57	0
47	33	0
34	8	0
57	58	0
4	88	0
96	20	0
44	66	0
87	64	0
99	10	0
77	89	0
67	77	0
8	22	0
68	82	0
89	63	0
80	44	0
58	45	0
83	43	0
86	32	0
92	38	0
23	58	0
15	21	0
88	71	0
58	96	1
36	83	0
55	99	1
81	48	0
59	65	0
82	74	0
78	72	0
28	13	0
11	15	0
86	65	0
93	3	0
12	50	0
78	80	0
58	77	0
59	80	0
51	15	0
75	85	0
75	57	0
9	88	0
96	95	0
3	97	1
16	61	0
93	88	0
94	69	0
57	84	0
66	53	0
93	32	0
57	57	0
17	54	0
57	16	0
85	89	0
72	7	0
81	46	0
82	91	0
52	68	0
69	79	0
15	20	0
75	96	0
59	97	1
33	81	0
31	33	0
56	36	0
64	84	0
66	41	0
11	95	1
95	26	0
52	26	0
73	69	0
71	93	0
85	65	0
98	23	0
92	86	0
74	79	0
54	75	0
11	72	1
15	50	0
70	70	0
71	73	0
88	60	0
90	48	0
89	65	0
63	17	0
39	30	0
78	55	0
28	85	0
58	93	1
86	77	0
98	46	0
95	27	0
72	61	1
60	95	1
64	16	0
0	92	0
2	99	1
94	58	0
90	81	0
17	16	0
92	14	0
90	23	0
83	30	0
14	11	0
32	82	0
56	96	1
90	47	0
70	96	0
88	83	0
70	36	0
52	89	0
0	11	0
36	15	0
52	29	0
64	40	0
0	57	0
43	9	0
93	78	0
95	51	0
60	4	0
33	8	0
99	87	0
30	69	0
9	95	1
30	33	0
64	49	0
74	66	0
54	78	0
83	79	0
75	30	0
78	84	0
82	32	0
91	74	0
49	33	0
98	72	0
63	15	0
34	59	0
77	92	0
88	46	0
88	47	0
79	87	0
88	45	0
37	54	0
53	92	1
73	85	0
22	74	0
87	80	0
1	92	0
84	35	0
94	65	0
39	4	0
47	51	0
14	17	0
89	34	0
64	84	0
13	28	0
77	37	0
75	80	0
17	35	0
81	44	0
81	8	0
99	68	0
68	26	0
98	93	0
18	36	0
75	54	0
87	41	0
63	56	0
2	57	0
95	73	0
95	58	0
17	86	0
76	83	0
42	14	0
69	60	1
53	98	1
77	94	0
95	38	0
61	9	0
67	45	0
74	30	0
92	59	0
68	33	1
90	79	0
93	83	0
82	96	0
12	10	0
5	75	0
78	93	0
64	93	0
48	12	0
82	51	0
91	8	0
97	79	0
57	70	0
64	72	0
99	6	0
88	39	0
11	41	0
0	98	0
85	83	0
96	98	0
90	91	0
75	67	0
67	82	0
10	87	0
28	25	0
4	15	0
40	42	0
83	41	0
60	56	0
62	8	0
77	90	0
81	74	0
80	43	0
74	60	1
31	16	0
97	47	0
66	91	0
61	31	0
61	82	0
92	59	0
8	53	0
51	80	0
54	78	1
1	42	0
66	79	0
96	44	0
90	69	0
44	89	1
89	31	0
99	66	0
66	64	0
7	94	0
82	95	0
18	20	0
12	86	0
62	76	0
68	60	1
90	99	0
6	81	0
79	56	0
12	6	0
12	88	0
7	11	0
88	60	0
14	24	0
3	32	0
83	32	0
67	74	0
95	79	0
82	49	0
79	76	0
72	83	0
1	78	0
96	64	0
62	27	0
94	34	0
75	89	0
77	67	0
41	86	0
96	72	0
37	74	0
2	94	0
76	39	0
32	41	0
56	83	0
35	69	0
59	95	1
92	51	0
86	29	0
69	71	0
98	76	0
90	47	0
95	99	0
90	68	0
67	22	0
78	81	0
82	64	0
98	29	0
49	60	0
67	32	0
87	86	0
85	62	0
23	75	0
90	37	0
86	43	0
88	41	0
99	81	0
78	50	0
0	89	0
17	96	1
40	31	0
26	70	0
61	11	0
3	89	0
80	46	0
10	12	0
18	52	0
63	65	0
72	81	0
73	57	0
66	38	0
78	39	0
15	41	0
91	76	0
59	92	1
81	15	0
13	88	0
97	54	0
24	15	0
27	35	0
66	47	0
95	33	0
17	1	0
41	1	0
52	64	0
95	88	0
24	2	0
58	0	0
89	82	0
55	86	0
23	52	0
93	47	0
84	65	0
8	94	1
7	93	0
46	34	0
96	42	0
20	33	0
83	32	0
79	9	0
34	32	0
23	39	0
83	40	0
59	91	0
80	40	0
13	13	0
91	56	0
77	46	0
82	25	1
61	96	1
73	45	0
50	97	0
57	49	0
69	39	0
45	90	1
85	48	0
97	92	0
90	87	0
71	71	0
75	30	0
94	47	0
89	96	0
95	98	0
80	25	1
82	69	0
82	94	0
50	77	0
2	15	0
29	91	0
88	36	0
76	32	0
86	48	0
74	50	0
93	65	0
87	36	0
14	73	0
11	9	0
46	88	0
28	71	0
38	1	0
5	81	0
91	46	0
94	83	0
82	49	0
94	96	0
97	38	0
