90	70	0
42	18	0
38	25	0
46	95	0
10	5	0
94	32	0
95	85	0
41	12	0
65	80	0
46	19	0
98	42	0
3	79	0
17	7	0
18	60	0
99	18	0
81	76	0
58	32	0
21	51	0
98	68	0
94	10	0
44	98	0
65	66	0
82	88	0
54	2	0
41	83	0
55	6	0
81	79	0
61	90	0
89	74	0
6	23	0
50	30	0
39	17	0
86	32	0
40	54	0
88	63	0
11	92	0
49	98	0
94	24	0
80	89	0
43	0	0
23	59	0
92	57	0
88	69	0
53	69	0
95	52	0
10	82	0
21	40	0
70	2	0
91	63	0
17	72	0
61	0	0
9	78	0
54	90	0
36	76	0
98	66	0
47	38	0
29	29	0
89	75	0
97	90	0
94	16	0
10	94	0
97	16	0
40	1	0
73	75	0
46	13	0
7	90	0
83	7	0
44	79	0
74	99	0
51	68	0
5	30	0
68	91	0
25	43	0
18	65	0
91	35	0
13	38	0
30	85	0
48	99	0
60	20	0
29	94	0
57	97	0
3	23	0
99	13	0
95	27	0
40	53	0
79	36	0
19	28	0
82	50	0
25	33	1
42	12	0
38	7	0
67	37	0
9	94	0
64	9	0
56	91	0
39	13	0
49	26	0
89	45	0
34	68	0
77	46	0
9	61	0
80	86	0
0	72	0
29	95	0
94	50	0
60	8	0
45	69	0
31	57	0
61	0	0
64	50	0
1	60	0
37	3	0
25	49	0
44	34	0
76	94	0
57	42	0
21	99	0
87	4	0
55	69	0
80	88	0
97	3	0
68	72	0
48	78	0
32	11	0
57	95	0
90	75	0
81	58	0
33	94	0
64	33	0
33	21	0
16	42	0
77	10	0
12	66	0
93	63	0
97	30	0
89	35	0
34	53	0
60	16	0
85	74	0
17	20	0
32	6	0
81	60	0
35	35	0
69	80	0
70	94	0
49	20	0
43	32	0
57	45	0
14	44	0
29	58	0
17	57	0
78	77	0
44	51	0
44	95	0
83	47	0
81	70	0
54	85	0
24	35	0
92	64	0
10	23	0
48	43	0
18	11	0
31	83	0
39	78	0
90	32	0
38	35	0
71	21	0
39	81	0
60	26	0
50	43	0
84	79	0
27	60	0
57	74	0
31	88	0
43	48	0
38	12	0
57	9	0
29	74	0
30	84	0
75	81	0
89	63	0
29	85	0
26	33	1
93	68	0
27	46	0
28	86	0
54	76	0
41	52	0
26	11	0
14	32	0
72	95	0
85	89	0
61	80	0
66	32	0
0	59	0
58	5	0
75	26	0
68	24	0
69	30	0
14	64	0
0	60	0
52	52	0
75	27	0
39	61	0
84	33	0
32	99	0
29	68	0
38	19	0
77	75	0
39	57	0
33	6	0
13	90	0
64	9	0
94	91	0
70	90	0
92	4	0
5	77	0
21	62	0
92	36	0
56	71	0
48	40	0
55	59	0
50	71	0
57	61	0
15	72	0
30	59	0
69	9	0
0	63	0
63	82	0
89	44	0
45	93	0
76	58	0
67	27	0
44	73	0
13	85	0
34	97	0
52	41	0
74	35	0
25	33	1
90	63	0
78	40	0
73	66	0
1	59	0
49	13	0
10	87	0
60	61	0
60	43	0
60	39	0
53	24	0
6	55	0
86	25	0
52	7	0
69	69	0
50	75	0
70	37	0
99	36	0
96	4	0
4	59	0
97	72	0
24	97	0
94	69	0
43	96	0
58	34	0
57	8	0
20	90	0
72	30	0
37	65	0
43	81	0
48	10	0
23	97	0
81	86	0
76	86	0
72	39	0
90	78	0
17	97	0
45	58	0
60	2	0
68	29	0
32	11	0
38	4	0
57	9	0
55	54	0
76	43	0
42	48	0
37	51	0
36	71	0
71	86	0
78	70	0
59	77	0
81	2	0
84	43	0
73	6	0
22	44	0
28	20	0
80	39	0
65	36	0
70	69	0
11	39	0
40	69	0
62	22	0
31	83	0
22	89	0
25	81	0
99	71	0
40	26	0
34	3	0
24	58	0
86	68	0
64	16	0
80	91	0
11	3	0
63	99	0
2	69	0
38	90	0
45	31	0
0	60	0
79	15	0
23	34	0
74	3	0
49	13	0
90	10	0
36	43	0
26	50	0
78	25	0
86	61	0
7	26	0
23	33	1
5	62	0
37	95	0
4	89	0
46	85	0
55	72	0
51	42	0
67	21	0
37	88	0
47	69	0
88	92	0
26	28	0
20	51	0
24	42	0
59	72	0
71	85	0
30	25	0
79	22	0
35	5	0
55	3	0
64	19	0
35	48	0
82	69	0
89	12	0
18	38	0
48	13	0
52	45	0
38	36	0
28	57	0
86	78	0
80	53	0
14	52	0
52	32	0
96	15	0
62	6	0
55	30	0
56	38	0
31	29	0
2	69	0
66	84	0
29	77	0
25	89	0
23	99	0
52	10	0
46	34	0
97	45	0
85	49	0
0	77	0
86	72	0
70	76	0
78	31	0
68	87	0
81	2	0
87	59	0
77	56	0
39	17	0
51	50	0
32	47	0
81	81	0
67	19	0
94	5	0
30	42	0
40	89	0
74	73	0
83	17	0
10	64	0
98	28	0
43	95	0
80	22	0
66	52	0
37	55	0
59	38	0
22	40	0
34	48	0
65	87	0
82	34	0
32	19	0
71	65	0
22	67	0
7	98	0
95	85	0
29	37	0
3	86	0
58	38	0
90	17	0
84	45	0
4	67	0
63	36	0
44	33	0
45	43	0
10	99	0
76	19	0
53	6	0
91	47	0
48	39	0
24	75	0
15	4	0
60	59	0
62	92	0
2	55	0
45	70	0
41	81	0
54	27	0
21	97	0
8	45	0
21	44	0
64	14	0
83	29	0
92	15	0
76	90	0
22	59	0
31	27	0
42	27	0
80	8	0
68	58	0
74	91	0
16	41	0
61	88	0
94	69	0
38	78	0
74	5	0
67	50	0
72	23	0
73	12	0
43	19	0
43	16	0
98	6	0
85	32	0
0	76	0
84	11	0
87	99	0
14	95	0
95	65	0
47	56	0
18	27	0
98	98	0
63	49	0
6	94	0
72	30	0
67	38	0
69	60	0
78	64	0
26	77	0
82	70	0
36	88	0
93	78	0
36	95	0
99	77	0
29	33	0
36	30	0
57	65	0
59	95	0
45	62	0
68	95	0
66	51	0
31	59	0
32	65	0
83	17	0
9	82	0
91	41	0
20	89	0
55	73	0
41	85	0
82	40	0
39	51	0
21	34	0
45	23	0
82	49	0
68	15	0
92	95	0
63	92	0
37	54	0
55	0	0
36	38	0
51	88	0
33	20	0
49	57	0
77	75	0
35	22	0
94	99	0
47	18	0
23	5	0
56	24	0
23	78	0
36	11	0
16	60	0
92	93	0
61	90	0
58	52	0
69	7	0
42	70	0
49	50	0
97	53	0
90	3	0
0	68	0
75	6	0
61	71	0
71	30	0
46	12	0
31	63	0
85	76	0
37	68	0
39	77	0
83	34	0
18	53	0
74	27	0
41	67	0
67	83	0
31	93	0
79	11	0
92	26	0
63	14	0
30	79	0
16	97	0
17	85	0
64	39	0
74	70	0
67	82	0
14	46	0
77	42	0
70	67	0
77	73	0
55	66	0
15	68	0
16	66	0
45	28	0
41	19	0
3	36	0
45	62	0
31	46	0
87	28	0
82	36	0
76	3	0
75	47	0
53	68	0
19	60	0
51	27	0
95	86	0
56	89	0
80	61	0
26	53	0
46	80	0
68	43	0
34	50	0
77	27	0
19	47	0
38	24	0
85	51	0
91	95	0
52	51	0
11	61	0
45	6	0
59	61	0
28	91	0
37	31	0
86	89	0
99	74	0
22	86	0
63	53	0
4	72	0
82	55	0
38	56	0
50	60	0
35	79	0
59	72	0
5	55	0
84	74	0
66	60	0
88	47	0
21	61	0
61	88	0
55	29	0
96	25	0
47	33	0
96	14	0
13	89	0
33	35	0
38	65	0
89	56	0
32	54	0
82	62	0
12	97	0
20	82	0
99	89	0
49	26	0
6	74	0
81	96	0
47	71	0
87	64	0
20	89	0
91	31	0
25	3	0
34	78	0
36	77	0
35	15	0
19	41	0
7	19	0
87	70	0
95	12	0
62	9	0
77	30	0
95	34	0
34	9	0
26	53	0
99	37	0
7	54	0
56	97	0
8	58	0
26	82	0
64	51	0
57	93	0
76	55	0
70	88	0
36	37	0
73	67	0
37	63	0
79	57	0
16	72	0
54	30	0
28	82	0
84	40	0
66	31	0
86	75	0
94	97	0
89	76	0
46	67	0
66	39	0
56	69	0
34	22	0
25	9	0
35	71	0
9	35	0
60	0	0
57	85	0
71	80	0
81	5	0
13	46	0
56	81	0
21	93	0
59	7	0
60	39	0
56	22	0
38	25	0
19	32	0
48	19	0
77	0	0
39	95	0
63	32	0
33	92	0
90	15	0
27	53	0
46	64	0
71	30	0
83	81	0
60	71	0
35	65	0
46	89	0
77	73	0
86	47	0
17	73	0
79	80	0
84	96	0
26	33	1
13	52	0
95	47	0
28	81	0
98	88	0
59	96	0
39	7	0
71	62	0
87	64	0
68	85	0
77	55	0
94	72	0
77	39	0
17	52	0
3	64	0
69	84	0
72	40	0
48	58	0
50	3	0
33	17	0
89	79	0
8	57	0
26	54	0
57	34	0
38	15	0
53	31	0
17	84	0
23	36	1
1	62	0
11	82	0
77	54	0
79	19	0
89	35	0
81	3	0
52	83	0
8	54	0
54	27	0
59	49	0
49	86	0
90	12	0
22	33	1
63	56	0
47	86	0
19	95	0
37	62	0
36	86	0
35	24	0
80	77	0
48	36	0
44	82	0
60	38	0
11	40	0
63	62	0
66	24	0
23	83	0
85	42	0
30	33	0
31	47	0
26	17	0
0	64	0
82	67	0
79	62	0
41	51	0
89	62	0
84	72	0
73	37	0
66	15	0
78	80	0
74	22	0
3	58	0
80	81	0
22	24	0
69	32	0
18	64	0
2	86	0
32	92	0
36	57	0
98	31	0
10	48	0
59	92	0
8	89	0
92	65	0
59	54	0
85	29	0
17	2	0
46	29	0
64	2	0
8	77	0
46	56	0
89	68	0
76	37	0
10	6	0
16	42	0
69	18	0
13	77	0
79	1	0
47	73	0
39	26	0
85	94	0
13	23	0
28	99	0
98	56	0
31	8	0
86	92	0
50	57	0
69	57	0
42	34	0
99	28	0
91	88	0
7	64	0
8	72	0
13	51	0
16	81	0
11	98	0
78	26	0
35	49	0
7	92	0
46	18	0
72	12	0
40	61	0
65	57	0
48	23	0
32	69	0
30	30	0
88	18	0
1	44	0
81	65	0
88	10	0
58	47	0
27	17	0
50	3	0
16	94	0
53	66	0
40	61	0
36	13	0
9	92	0
2	92	0
68	55	0
94	36	0
33	25	0
25	71	0
89	94	0
52	31	0
63	73	0
67	90	0
7	82	0
74	30	0
48	54	0
18	37	0
95	73	0
56	63	0
99	16	0
78	12	0
90	25	0
63	95	0
45	61	0
41	57	0
69	13	0
41	6	0
65	92	0
66	64	0
16	52	0
69	39	0
58	92	0
81	24	0
91	54	0
30	73	0
50	58	0
23	28	0
93	29	0
29	55	0
83	6	0
95	95	0
69	60	0
60	82	0
71	36	0
71	83	0
8	97	0
41	7	0
9	89	0
14	63	0
56	71	0
69	88	0
71	7	0
95	97	0
90	9	0
89	88	0
62	9	0
81	32	0
78	43	0
50	39	0
18	87	0
63	97	0
64	75	0
23	50	0
6	30	0
21	93	0
14	64	0
43	4	0
39	50	0
20	68	0
36	34	0
8	38	0
98	56	0
45	27	0
15	57	0
30	78	0
73	74	0
96	65	0
9	64	0
65	48	0
25	64	0
79	44	0
52	41	0
5	45	0
23	54	0
80	52	0
68	55	0
88	54	0
3	67	0
62	53	0
3	87	0
2	20	0
89	69	0
13	63	0
35	5	0
37	25	0
15	99	0
18	82	0
82	41	0
67	67	0
73	57	0
74	84	0
39	63	0
57	40	0
6	68	0
41	65	0
32	41	0
63	59	0
81	22	0
