89	67	0
41	19	0
36	25	0
46	95	0
9	8	0
96	37	0
99	85	0
39	11	0
61	82	0
44	18	0
98	43	0
4	79	0
19	8	0
20	63	0
97	18	0
83	79	0
60	29	0
24	51	0
96	70	0
95	11	0
44	94	0
63	68	0
81	86	0
54	3	0
42	81	0
58	8	0
84	78	0
62	87	0
84	74	0
5	25	0
53	27	0
39	16	0
83	31	0
40	58	0
90	58	0
8	90	0
45	99	0
95	21	0
77	89	0
48	1	0
22	61	0
91	58	0
91	70	0
52	69	0
94	52	0
5	81	0
25	38	0
67	2	0
91	61	0
17	72	0
63	3	0
7	76	0
51	92	0
36	78	0
95	65	0
49	36	0
28	31	0
89	76	0
97	93	0
99	16	0
10	94	0
95	18	0
40	1	0
73	77	0
45	14	0
9	91	0
84	9	0
44	80	0
74	99	0
51	68	0
7	31	0
69	86	0
27	40	0
16	63	0
92	35	0
14	36	0
29	85	0
51	96	0
62	23	0
31	95	0
59	96	0
3	25	0
99	13	0
93	26	0
38	59	0
79	37	0
20	34	0
78	49	0
22	31	1
42	9	0
39	6	0
67	39	0
13	97	0
63	13	0
55	91	0
38	8	0
46	29	0
86	44	0
35	69	0
75	44	0
9	61	0
78	84	0
1	70	0
25	94	0
95	53	0
61	7	0
47	71	0
27	58	0
61	2	0
66	53	0
0	60	0
35	1	0
24	47	0
42	34	0
75	92	0
55	43	0
22	99	0
86	4	0
53	74	0
80	84	0
98	4	0
64	74	0
45	75	0
31	8	0
58	94	0
90	81	0
76	62	0
26	98	0
67	35	0
33	20	0
14	42	0
77	11	0
13	67	0
92	65	0
97	30	0
87	37	0
36	53	0
58	18	0
84	71	0
17	17	0
32	7	0
80	63	0
37	35	0
67	81	0
73	92	0
51	23	0
43	31	0
56	43	0
15	40	0
30	58	0
17	61	0
77	82	0
40	53	0
42	95	0
79	47	0
81	72	0
54	84	0
26	34	1
95	68	0
13	29	0
48	44	0
19	13	0
29	84	0
38	74	0
86	32	0
37	36	0
71	18	0
36	80	0
59	27	0
45	44	0
83	80	0
28	63	0
59	71	0
33	87	0
40	48	0
35	14	0
53	10	0
26	71	0
27	84	0
78	83	0
94	67	0
30	88	0
26	33	1
93	69	0
27	49	0
27	84	0
52	74	0
40	56	0
27	12	0
15	31	0
70	94	0
87	87	0
60	76	0
67	35	0
0	59	0
57	9	0
78	27	0
65	23	0
70	31	0
14	63	0
1	54	0
52	50	0
74	24	0
37	64	0
92	35	0
29	99	0
27	64	0
39	19	0
79	76	0
37	59	0
32	6	0
14	91	0
61	9	0
97	91	0
71	91	0
94	5	0
7	79	0
23	62	0
91	35	0
55	71	0
44	38	0
53	60	0
47	70	0
55	64	0
12	72	0
28	59	0
69	3	0
3	66	0
61	85	0
92	42	0
43	92	0
76	59	0
62	28	0
43	72	0
18	84	0
37	96	0
52	41	0
73	32	0
27	34	1
89	63	0
76	40	0
74	67	0
0	55	0
50	18	0
12	88	0
60	61	0
57	43	0
62	38	0
50	26	0
7	58	0
82	25	0
49	8	0
67	66	0
50	74	0
72	37	0
99	33	0
96	0	0
1	57	0
98	73	0
22	95	0
92	72	0
42	92	0
57	35	0
59	11	0
19	92	0
73	30	0
40	67	0
42	81	0
47	10	0
24	94	0
79	82	0
71	86	0
75	40	0
89	76	0
20	95	0
46	59	0
63	2	0
68	31	0
31	12	0
37	3	0
57	9	0
59	56	0
77	44	0
43	45	0
35	51	0
37	73	0
70	85	0
81	68	0
62	77	0
85	0	0
83	43	0
69	5	0
19	43	0
27	26	0
79	42	0
63	38	0
72	70	0
10	35	0
41	67	0
62	23	0
30	84	0
22	87	0
27	75	0
97	68	0
44	20	0
35	4	0
25	54	0
91	68	0
61	12	0
76	91	0
10	5	0
58	99	0
0	70	0
36	90	0
43	33	0
1	57	0
82	19	0
24	35	1
74	2	0
49	14	0
87	9	0
37	47	0
25	48	0
78	28	0
86	57	0
9	24	0
23	35	1
4	62	0
35	99	0
2	90	0
47	88	0
56	73	0
50	42	0
67	18	0
39	86	0
47	71	0
87	91	0
26	24	0
17	55	0
22	42	0
61	67	0
70	86	0
30	21	0
81	22	0
36	5	0
52	4	0
63	19	0
36	48	0
80	70	0
90	13	0
24	41	0
47	17	0
50	45	0
41	34	0
33	57	0
83	76	0
83	53	0
13	52	0
54	35	0
97	11	0
64	8	0
52	28	0
53	36	0
28	30	0
1	69	0
66	81	0
27	78	0
25	92	0
21	98	0
53	14	0
45	31	0
99	43	0
85	50	0
3	81	0
86	73	0
68	76	0
78	30	0
70	84	0
84	5	0
85	60	0
74	57	0
39	19	0
57	47	0
29	49	0
82	80	0
67	16	0
94	6	0
29	44	0
34	89	0
73	71	0
84	17	0
9	65	0
97	29	0
41	95	0
84	20	0
67	49	0
38	55	0
57	41	0
21	39	0
32	44	0
64	85	0
82	36	0
34	16	0
70	70	0
23	67	0
8	97	0
96	87	0
32	38	0
4	85	0
61	38	0
91	18	0
86	45	0
5	68	0
65	34	0
44	30	0
42	41	0
10	98	0
76	21	0
51	6	0
85	49	0
50	40	0
25	74	0
16	3	0
57	60	0
59	90	0
2	52	0
44	70	0
38	81	0
53	28	0
19	96	0
4	47	0
23	44	0
60	15	0
86	32	0
93	17	0
74	91	0
20	57	0
34	24	0
41	26	0
79	4	0
68	61	0
74	94	0
16	42	0
59	88	0
97	65	0
41	78	0
71	7	0
67	49	0
68	23	0
76	10	0
43	24	0
44	14	0
99	0	0
84	34	0
5	75	0
83	8	0
90	99	0
18	94	0
96	68	0
49	54	0
17	27	0
96	95	0
61	47	0
5	95	0
70	29	0
70	38	0
70	59	0
81	63	0
26	78	0
84	69	0
34	89	0
94	79	0
35	96	0
97	78	0
27	34	1
39	29	0
55	71	0
62	96	0
46	66	0
69	98	0
65	52	0
34	61	0
31	64	0
81	13	0
13	81	0
91	49	0
21	89	0
54	73	0
46	81	0
83	41	0
37	53	0
19	34	1
48	22	0
85	50	0
66	16	0
91	93	0
58	90	0
42	55	0
54	0	0
41	40	0
48	91	0
35	20	0
50	58	0
74	76	0
35	20	0
98	97	0
45	17	0
20	6	0
56	28	0
22	77	0
40	12	0
20	58	0
91	96	0
59	87	0
58	53	0
65	11	0
42	69	0
52	52	0
99	55	0
88	2	0
2	65	0
75	3	0
60	73	0
70	30	0
47	12	0
34	64	0
82	76	0
37	71	0
43	79	0
83	33	0
20	50	0
70	28	0
41	66	0
67	86	0
33	94	0
80	9	0
95	25	0
64	14	0
27	82	0
16	98	0
19	81	0
65	40	0
74	71	0
71	80	0
13	46	0
79	43	0
69	70	0
78	76	0
57	68	0
16	71	0
15	65	0
48	28	0
38	18	0
3	35	0
43	57	0
33	45	0
85	29	0
82	37	0
75	3	0
76	46	0
54	66	0
20	61	0
53	24	0
93	88	0
53	91	0
74	63	0
26	52	0
46	81	0
69	44	0
36	51	0
78	28	0
22	49	0
37	24	0
86	52	0
91	96	0
57	52	0
6	63	0
48	7	0
58	61	0
26	88	0
36	31	0
85	90	0
99	74	0
18	85	0
65	49	0
4	72	0
82	56	0
34	57	0
48	57	0
37	78	0
59	73	0
5	53	0
80	71	0
66	59	0
84	45	0
17	63	0
62	87	0
56	25	0
96	26	0
49	33	0
98	13	0
14	88	0
33	36	0
38	67	0
86	57	0
28	54	0
81	65	0
15	97	0
21	82	0
99	91	0
51	30	0
9	73	0
82	96	0
41	67	0
86	67	0
20	91	0
94	27	0
25	7	0
34	79	0
35	76	0
32	17	0
16	40	0
4	21	0
85	67	0
95	12	0
62	11	0
79	27	0
96	33	0
33	11	0
30	50	0
97	37	0
8	58	0
55	97	0
6	53	0
24	84	0
66	50	0
55	93	0
74	56	0
68	86	0
37	35	0
75	65	0
39	60	0
78	58	0
13	68	0
53	29	0
31	79	0
85	39	0
67	31	0
80	73	0
97	98	0
86	77	0
51	69	0
67	37	0
50	69	0
38	23	0
26	8	0
31	75	0
8	39	0
61	0	0
62	86	0
73	85	0
82	3	0
14	44	0
56	79	0
19	96	0
60	4	0
61	39	0
56	23	0
38	24	0
20	35	1
52	16	0
79	3	0
43	96	0
64	31	0
31	92	0
94	12	0
29	55	0
45	63	0
72	30	0
87	82	0
61	72	0
37	66	0
47	93	0
76	74	0
83	43	0
16	71	0
81	83	0
87	99	0
27	30	1
13	54	0
94	44	0
28	76	0
99	92	0
61	96	0
39	5	0
70	63	0
85	63	0
65	84	0
76	57	0
96	72	0
74	37	0
16	51	0
0	65	0
67	78	0
74	38	0
52	57	0
47	3	0
34	15	0
93	79	0
13	53	0
26	51	0
59	35	0
38	12	0
50	32	0
18	85	0
22	38	1
0	58	0
11	80	0
77	52	0
79	20	0
88	35	0
79	1	0
52	84	0
9	48	0
52	29	0
60	50	0
47	85	0
90	11	0
23	33	1
67	54	0
49	87	0
16	90	0
37	63	0
35	86	0
35	24	0
76	79	0
50	37	0
43	82	0
58	37	0
11	37	0
62	62	0
64	18	0
23	83	0
86	42	0
28	38	0
29	48	0
26	19	0
0	64	0
82	66	0
78	66	0
40	53	0
84	60	0
82	72	0
73	38	0
65	20	0
81	78	0
77	20	0
7	59	0
81	83	0
24	25	0
64	31	0
15	64	0
1	89	0
33	95	0
39	56	0
98	31	0
8	49	0
57	89	0
6	89	0
90	62	0
60	55	0
85	28	0
16	5	0
44	31	0
69	3	0
10	81	0
44	57	0
93	64	0
79	37	0
11	4	0
16	45	0
67	16	0
9	75	0
82	2	0
50	71	0
39	27	0
85	92	0
12	18	0
30	97	0
97	56	0
31	13	0
89	95	0
51	56	0
67	60	0
43	36	0
99	27	0
90	90	0
4	66	0
7	71	0
11	50	0
18	81	0
12	98	0
74	27	0
37	52	0
9	90	0
46	17	0
71	10	0
39	61	0
64	57	0
50	24	0
31	68	0
30	31	0
91	21	0
0	43	0
81	66	0
90	6	0
55	49	0
29	17	0
48	3	0
14	93	0
55	66	0
40	63	0
34	12	0
8	93	0
4	91	0
67	52	0
96	35	0
32	24	0
23	66	0
88	93	0
50	30	0
63	73	0
65	89	0
9	83	0
75	30	0
52	56	0
16	37	0
91	74	0
56	63	0
99	18	0
80	13	0
88	26	0
62	92	0
43	61	0
42	58	0
68	14	0
42	6	0
61	94	0
64	65	0
17	52	0
69	38	0
56	90	0
83	31	0
89	58	0
32	74	0
51	58	0
21	28	0
90	27	0
29	54	0
83	6	0
95	97	0
71	60	0
60	81	0
72	35	0
70	82	0
9	95	0
38	6	0
11	87	0
16	61	0
60	70	0
69	87	0
68	10	0
96	98	0
91	9	0
91	84	0
61	9	0
82	31	0
79	50	0
51	43	0
24	89	0
63	97	0
64	78	0
27	50	0
8	29	0
20	90	0
14	63	0
45	5	0
42	46	0
19	70	0
38	40	0
7	41	0
98	54	0
45	26	0
14	57	0
30	80	0
70	75	0
96	62	0
7	66	0
64	43	0
26	63	0
75	45	0
54	41	0
5	45	0
22	51	0
82	51	0
70	55	0
89	53	0
0	69	0
59	54	0
4	87	0
4	19	0
90	71	0
13	60	0
38	7	0
39	25	0
14	97	0
17	85	0
84	38	0
69	66	0
73	61	0
73	85	0
38	61	0
57	43	0
6	68	0
43	68	0
31	45	0
65	58	0
80	19	0
