99	65	0
19	12	0
32	20	1
66	99	0
10	0	0
85	42	0
98	95	0
49	15	0
53	80	0
57	23	0
82	52	0
8	85	0
9	4	0
15	94	0
95	30	0
69	78	0
47	30	0
85	68	0
96	20	0
54	98	0
47	62	0
81	70	0
48	10	0
24	78	0
54	21	0
97	68	0
83	91	0
89	74	0
7	38	0
53	10	0
49	31	0
95	24	0
75	73	0
10	83	0
34	93	0
77	16	0
75	86	0
26	7	0
48	69	0
78	69	0
92	74	0
59	64	0
98	40	0
17	78	0
70	4	0
96	66	0
19	75	0
64	3	0
5	75	0
42	91	0
29	74	0
88	61	0
58	42	0
42	25	0
89	81	0
99	90	0
99	13	0
27	93	0
99	6	0
25	9	0
76	90	0
30	5	0
2	88	0
84	8	0
30	73	0
60	95	0
37	58	0
2	26	0
74	79	0
87	30	0
26	98	0
50	99	0
66	27	0
25	92	0
57	97	0
8	15	0
98	19	0
82	25	0
53	75	0
88	44	0
90	59	0
55	9	0
40	18	1
67	41	0
1	98	0
66	2	0
48	72	0
40	7	0
53	24	0
87	16	0
38	55	0
86	48	0
3	59	0
74	94	0
2	85	0
40	97	0
87	54	0
74	26	0
35	64	0
38	60	0
63	0	0
69	54	0
15	70	0
36	4	0
64	75	0
45	33	0
8	96	0
86	26	0
42	78	0
79	67	0
94	2	0
66	84	0
61	73	0
13	23	0
56	90	0
99	81	0
72	56	0
23	94	0
64	30	0
29	29	1
74	4	0
98	61	0
97	33	0
89	55	0
42	47	0
62	7	0
69	66	0
11	26	0
42	30	0
94	57	0
51	26	0
55	80	0
57	75	0
59	19	0
42	34	0
56	25	0
13	45	1
58	84	0
47	57	0
47	90	0
74	46	0
60	74	0
62	71	0
95	63	0
26	20	0
41	41	0
15	18	0
12	81	0
26	62	0
86	43	0
47	44	0
90	2	0
33	87	0
56	20	0
30	38	0
68	79	0
33	71	0
58	65	0
45	89	0
35	52	0
39	0	0
53	17	0
41	99	0
34	61	0
76	80	0
88	59	0
16	93	0
90	72	0
29	47	0
21	71	0
51	70	0
46	57	0
13	32	0
71	81	0
96	81	0
40	72	0
76	42	0
10	42	0
59	11	0
64	54	0
61	18	0
81	20	0
1	49	0
41	66	0
57	28	0
45	61	0
98	37	0
32	91	0
21	54	0
75	93	0
47	57	0
22	19	0
34	75	0
58	19	0
92	99	0
36	88	0
94	0	0
15	62	1
11	68	0
95	36	0
57	94	0
65	82	0
65	70	0
39	58	0
14	66	0
19	57	1
61	0	0
55	99	0
98	55	0
44	89	0
74	68	0
81	24	0
49	75	0
32	83	0
44	94	0
40	24	0
67	22	0
79	45	0
52	43	0
75	67	0
2	54	0
73	24	0
21	91	0
66	66	0
87	37	0
75	37	0
48	1	0
4	39	0
86	23	0
68	77	0
58	95	0
70	56	0
90	33	0
90	11	0
2	34	0
86	73	0
39	99	0
89	81	0
38	98	0
59	36	0
78	32	0
20	88	0
80	18	0
21	61	0
28	77	0
48	12	0
28	91	0
75	90	0
83	78	0
94	55	0
97	55	0
21	80	0
34	70	0
83	14	0
83	50	0
44	1	0
42	27	0
45	54	0
79	47	0
24	54	0
40	40	0
33	73	0
74	98	0
89	61	0
55	75	0
94	6	0
97	37	0
62	5	0
85	55	0
77	52	0
65	77	0
0	32	0
41	65	0
70	27	0
16	91	0
27	76	0
8	86	0
92	64	0
56	10	1
38	1	0
39	52	1
77	65	0
70	1	0
96	89	0
28	4	0
48	88	0
15	66	0
54	90	0
42	38	0
6	47	1
77	28	0
79	19	0
51	15	0
88	12	0
42	54	0
77	27	0
81	56	0
5	9	0
3	58	0
30	98	0
15	86	0
55	97	0
49	73	0
80	42	0
64	12	0
50	86	0
48	71	0
99	84	0
1	50	0
64	50	0
66	85	0
80	26	0
28	6	0
42	3	0
51	16	0
37	29	0
81	54	0
74	21	0
23	42	0
20	22	0
31	54	0
46	32	0
96	69	0
92	61	0
3	52	0
62	35	0
89	5	0
66	12	0
79	22	0
52	39	0
40	28	0
2	76	0
67	82	0
44	80	0
9	99	0
35	61	0
57	11	0
50	40	0
81	36	0
74	52	0
15	62	1
85	72	0
87	86	0
79	30	0
71	87	0
77	8	0
77	63	0
69	50	0
70	52	0
84	78	0
72	3	0
90	12	0
25	45	0
57	86	0
63	76	0
77	10	0
21	74	0
97	33	0
56	98	0
97	24	0
62	26	0
30	56	0
60	43	0
38	59	0
56	83	0
81	30	0
83	79	0
38	52	1
17	90	0
94	96	0
45	22	0
5	80	0
44	51	0
98	1	0
82	36	0
31	65	0
63	48	0
57	50	0
17	92	0
79	23	0
42	9	1
88	53	0
50	39	0
35	91	0
21	10	0
49	46	0
52	88	0
0	45	0
39	77	0
40	85	0
51	25	0
20	74	0
17	27	0
71	7	0
71	20	0
97	4	0
84	99	0
30	65	0
34	35	0
82	6	0
58	54	0
72	98	0
3	23	0
50	89	0
95	57	0
30	76	0
80	6	0
39	69	0
68	17	0
55	7	0
86	21	0
87	45	0
9	87	0
75	15	0
88	99	0
24	93	0
92	75	0
41	48	0
10	30	0
67	94	0
68	51	0
6	84	0
70	30	0
80	56	0
74	51	0
81	69	0
28	58	0
98	54	0
27	94	0
98	66	0
24	99	0
90	97	0
46	36	0
64	66	0
58	94	0
47	57	0
59	99	0
75	53	0
49	47	0
31	58	0
87	2	0
2	87	0
91	62	0
25	95	0
50	62	0
43	78	0
83	31	0
35	49	0
55	24	0
95	52	0
75	23	0
86	93	0
43	97	0
38	57	0
49	5	1
34	48	0
59	95	0
52	20	0
41	73	0
90	82	0
34	7	1
93	84	0
80	11	0
23	9	0
42	32	0
26	67	0
45	4	0
10	81	0
86	76	0
53	92	0
63	48	0
66	10	0
37	65	0
38	76	0
97	47	0
95	3	0
15	66	0
77	12	0
42	64	0
42	26	0
38	2	0
33	48	0
84	84	0
26	75	0
53	85	0
65	24	0
76	23	0
50	57	0
62	84	0
27	97	0
90	21	0
84	16	0
76	18	0
16	67	0
21	91	0
19	87	0
63	35	0
72	78	0
75	98	0
1	27	0
61	52	0
65	89	0
70	63	0
59	77	0
14	95	0
18	76	0
48	30	0
44	14	1
9	29	0
43	41	0
30	41	0
98	30	0
82	45	0
68	11	0
69	31	0
57	49	0
44	29	0
98	79	0
49	80	0
82	55	0
38	58	0
34	97	0
76	52	0
58	16	0
31	14	0
97	48	0
72	84	0
48	36	0
52	61	0
41	92	0
64	93	0
96	62	0
23	79	0
62	50	0
6	66	0
64	45	0
52	75	0
66	51	0
49	75	0
64	92	0
2	54	0
53	54	0
76	46	0
81	63	0
34	80	0
72	83	0
45	27	0
94	15	0
56	43	0
99	12	0
0	82	0
45	88	0
90	64	0
69	69	0
14	87	0
16	75	0
79	86	0
47	28	0
5	73	0
75	98	0
46	68	0
94	65	0
30	92	0
75	46	0
12	2	0
40	74	0
19	82	0
37	21	1
8	17	0
90	57	0
97	25	0
49	20	0
72	37	0
84	12	0
22	11	0
31	63	0
75	31	0
0	72	0
61	81	0
7	37	0
17	74	0
65	49	0
60	98	0
69	42	0
74	86	0
73	55	0
37	51	1
73	76	0
9	87	0
47	39	0
25	79	0
72	53	0
65	36	0
99	49	0
92	95	0
84	86	0
46	71	0
68	45	0
64	65	0
39	50	0
12	50	1
69	5	0
69	85	0
87	79	0
86	1	0
56	81	0
9	96	0
49	19	0
54	35	0
70	29	0
60	25	0
75	20	0
23	91	0
75	30	0
28	74	0
94	14	0
43	69	0
52	39	0
65	99	0
75	74	0
43	78	0
69	92	0
87	64	0
91	46	0
95	77	0
83	96	0
97	47	0
38	70	0
94	86	0
51	86	0
81	83	0
96	49	0
45	84	0
84	66	0
88	56	0
78	35	0
37	46	0
0	62	0
57	79	0
67	17	0
55	33	0
49	20	1
87	85	0
66	39	0
33	12	1
45	13	1
15	88	0
12	58	1
9	90	0
61	39	0
93	18	0
89	45	0
95	5	0
76	99	0
7	47	1
57	21	0
55	52	0
35	76	0
94	18	0
66	49	0
28	88	0
30	98	0
26	68	0
19	95	0
33	7	0
66	63	0
49	33	0
46	74	0
44	44	0
3	54	1
71	69	0
68	15	0
18	87	0
91	59	0
22	28	0
17	69	0
75	63	0
67	55	0
52	59	0
90	52	0
90	65	0
72	55	0
58	14	0
67	64	0
81	44	0
9	32	0
92	74	0
53	42	0
37	79	0
13	81	0
25	95	0
23	59	0
91	30	0
11	50	1
61	95	0
5	89	0
90	63	0
48	29	0
79	22	0
22	22	0
33	41	0
79	11	0
17	72	0
38	53	1
89	56	0
87	37	0
5	9	0
13	48	1
45	17	1
6	40	0
67	11	0
47	71	0
94	92	0
5	12	0
49	99	0
86	33	0
40	1	0
87	83	0
43	66	0
76	72	0
35	31	0
98	36	0
90	78	0
20	65	0
12	83	0
2	47	0
20	69	0
15	99	0
74	19	0
32	55	0
8	85	0
27	33	0
62	16	0
43	61	0
74	51	0
46	4	0
33	75	0
94	26	0
8	26	0
73	45	0
97	31	0
48	61	0
29	14	0
45	1	0
17	94	0
42	78	0
24	59	0
19	15	0
20	82	0
27	80	0
67	52	0
90	41	0
34	71	0
84	98	0
45	32	0
65	69	0
47	85	0
4	83	0
82	45	0
46	61	0
12	19	0
92	59	0
54	50	0
90	21	0
80	19	0
81	36	0
60	99	0
42	37	0
59	36	0
62	32	0
41	1	0
40	88	0
54	71	0
88	29	0
57	99	0
86	46	0
79	54	0
38	71	0
28	69	0
81	34	0
52	39	0
74	3	0
97	97	0
73	80	0
47	78	0
70	44	0
81	90	0
15	78	0
58	31	0
13	92	0
5	59	1
41	61	0
79	68	0
67	12	0
93	92	0
83	11	0
98	94	0
58	8	0
70	21	0
76	57	0
65	33	0
13	85	0
51	88	0
65	82	0
8	32	0
16	82	0
14	71	0
39	9	0
38	40	0
2	45	0
75	47	0
50	28	0
8	61	0
16	89	0
65	95	0
90	42	0
0	74	0
60	42	0
29	86	0
81	63	0
70	47	0
3	48	1
25	53	0
82	36	0
71	50	0
70	62	0
16	64	0
57	49	0
2	91	0
8	2	0
87	64	0
16	69	0
26	0	0
3	99	0
25	78	0
96	37	0
75	78	0
91	67	0
85	88	0
51	59	0
60	30	0
3	72	0
49	64	0
31	58	0
63	44	0
90	20	0
