92	66	0
34	1	0
35	36	0
59	98	0
18	8	0
98	42	0
96	91	0
49	11	0
57	75	0
57	23	0
88	49	0
3	87	0
12	0	0
27	83	0
97	25	0
74	78	0
53	39	0
18	54	0
85	57	0
97	9	0
47	94	0
58	65	0
69	87	0
53	7	0
30	79	0
46	13	0
89	72	0
66	86	0
90	78	0
0	32	0
55	14	0
41	20	0
92	31	0
26	55	0
83	66	0
16	89	0
31	97	0
91	20	0
78	84	0
42	5	0
30	69	0
90	65	0
95	70	0
53	61	0
97	47	0
8	79	0
65	3	0
99	66	0
15	69	0
72	13	0
15	80	0
63	91	0
30	72	0
99	72	0
44	38	0
33	24	0
90	86	0
98	99	0
99	4	0
17	99	0
99	13	0
33	6	0
70	76	0
34	4	0
6	96	0
89	9	0
35	78	0
62	95	0
42	59	0
4	32	0
70	87	0
16	60	0
95	32	0
29	84	0
60	98	0
67	32	0
29	98	0
59	97	0
5	18	0
97	9	0
94	22	0
46	69	0
81	39	0
90	59	0
51	14	0
31	8	0
66	51	0
11	96	0
48	2	0
49	75	0
45	3	0
57	34	0
82	31	0
31	62	0
76	43	0
3	59	0
79	91	0
0	87	0
37	99	0
94	59	0
69	13	0
38	72	0
38	65	0
65	3	0
67	50	0
4	67	0
32	2	0
10	39	0
37	43	0
63	81	0
43	44	0
16	97	0
83	17	0
42	86	0
75	68	0
98	9	0
75	91	0
50	78	0
39	20	0
61	99	0
96	72	0
76	63	0
20	93	0
63	28	0
31	13	0
19	44	1
74	12	0
9	60	0
97	69	0
97	18	0
79	44	0
42	50	0
58	5	0
78	70	0
23	21	0
36	29	0
99	60	0
37	38	0
63	81	0
60	82	0
49	27	0
42	41	0
58	35	0
12	44	0
29	43	1
19	52	0
82	91	0
48	55	0
40	99	0
76	43	0
75	65	0
54	69	0
90	64	0
21	22	0
55	52	0
19	13	0
15	73	0
35	63	0
90	34	0
38	45	0
88	7	0
40	86	0
53	23	0
42	49	0
77	76	0
28	70	0
52	71	0
41	83	0
40	47	0
36	13	0
58	19	0
39	83	0
25	62	0
78	80	0
89	63	0
34	96	0
95	72	0
26	47	0
24	70	0
49	73	0
51	51	0
24	17	0
75	84	0
92	79	0
54	68	0
58	32	0
4	46	0
59	2	0
75	50	0
61	22	0
78	20	0
23	49	0
4	50	0
46	50	0
70	28	0
38	64	0
82	24	0
45	96	0
27	71	0
42	26	0
80	81	0
41	53	0
37	7	0
25	83	0
58	3	0
91	83	0
52	90	0
92	3	0
7	78	0
19	67	0
95	26	0
48	86	0
27	39	0
60	69	0
54	63	0
42	60	0
18	73	0
24	62	0
69	1	0
10	61	0
62	80	0
95	44	0
41	91	0
82	61	0
72	17	0
50	68	0
18	87	0
33	98	0
48	29	0
72	32	0
85	52	0
63	43	0
66	64	0
6	39	0
56	22	0
15	91	0
59	53	0
74	38	0
70	28	0
51	8	0
13	51	0
90	23	0
34	10	0
65	70	0
59	81	0
70	43	0
93	40	0
97	0	0
2	42	0
97	78	0
24	96	0
95	81	0
30	93	0
64	29	0
76	28	0
16	84	0
80	25	0
31	65	0
27	77	0
47	6	0
27	99	0
75	92	0
71	88	0
90	49	0
98	66	0
16	95	0
34	74	0
72	4	0
75	49	0
32	22	0
34	2	0
53	15	0
53	51	0
81	45	0
35	53	0
35	46	0
36	68	0
72	92	0
86	63	0
60	83	0
82	7	0
90	42	0
63	13	0
22	38	0
77	41	0
75	52	0
74	70	0
12	41	0
35	62	0
65	19	0
15	88	0
33	84	0
19	77	0
88	71	0
51	14	0
32	3	0
32	54	0
81	74	0
62	8	0
77	91	0
15	3	0
50	98	0
7	68	0
47	96	0
42	37	0
1	51	0
71	34	0
73	11	0
54	17	0
82	9	0
39	63	0
10	57	0
70	23	0
85	63	0
7	6	0
3	66	0
33	93	0
8	87	0
43	94	0
52	68	0
57	45	0
68	6	0
46	79	0
43	67	0
85	97	0
34	31	1
6	53	0
26	42	0
62	46	0
76	78	0
30	27	1
81	29	0
31	7	0
49	6	0
51	18	0
36	46	0
76	63	0
72	11	0
9	44	0
40	14	0
49	63	0
38	33	0
26	46	0
90	76	0
77	53	0
14	45	0
63	38	0
93	9	0
62	11	0
61	24	0
44	42	0
36	32	0
3	75	0
62	83	0
28	71	0
24	99	0
29	83	0
53	12	0
42	40	0
97	44	0
79	45	0
4	62	0
83	71	0
73	82	0
83	25	0
82	87	0
83	4	0
72	59	0
78	61	0
31	33	1
64	47	0
30	43	1
91	76	0
69	6	0
98	23	0
30	52	0
43	95	0
66	75	0
83	18	0
13	67	0
99	32	0
61	96	0
82	24	0
71	31	0
44	56	0
58	36	0
33	55	0
59	89	0
83	31	0
37	25	0
72	84	0
29	59	0
25	99	0
98	97	0
48	33	0
3	93	0
53	51	0
98	9	0
78	34	0
15	71	0
63	47	0
36	26	1
54	43	0
11	99	0
89	23	0
47	7	0
92	43	0
53	48	0
27	89	0
19	6	0
57	60	0
55	95	0
9	48	0
36	84	0
33	85	0
48	27	0
23	84	0
12	38	0
67	7	0
75	23	0
82	3	0
92	92	0
24	63	0
48	19	0
83	10	0
80	60	0
67	85	0
0	25	0
65	92	0
96	62	0
32	85	0
77	1	0
52	60	0
73	21	0
67	7	0
42	26	0
45	14	0
98	9	0
86	39	0
13	90	0
77	11	0
90	93	0
24	91	0
96	67	0
44	46	0
14	25	0
79	99	0
63	41	0
7	96	0
69	32	0
81	37	0
71	45	0
86	68	0
24	61	0
86	61	0
37	92	0
90	74	0
28	93	0
90	83	0
45	30	0
59	69	0
60	96	0
43	68	0
60	96	0
71	52	0
37	53	0
41	66	0
86	5	0
3	94	0
98	54	0
22	88	0
46	73	0
49	78	0
87	45	0
34	51	0
41	17	0
87	58	0
60	12	0
84	95	0
50	90	0
46	48	0
55	16	0
33	42	0
55	89	0
43	18	0
39	68	0
85	71	0
41	10	0
96	91	0
68	7	0
4	9	0
45	36	0
19	67	0
43	2	0
11	72	0
92	84	0
62	78	0
64	42	0
61	6	0
44	67	0
42	56	0
91	55	0
90	11	0
5	68	0
81	8	0
51	70	0
56	29	0
39	14	0
32	64	0
85	81	0
35	70	0
41	79	0
73	36	0
16	48	0
71	33	0
43	62	0
64	93	0
24	96	0
93	12	0
97	23	0
70	14	0
23	80	0
30	97	0
28	88	0
69	44	0
76	79	0
79	91	0
3	36	0
72	37	0
73	80	0
73	63	0
60	75	0
13	81	0
18	73	0
35	16	0
50	15	0
9	35	0
44	50	0
33	50	0
85	30	0
88	41	0
77	9	0
71	49	0
53	53	0
21	50	0
47	29	0
89	80	0
50	98	0
84	59	0
34	62	0
36	94	0
82	54	0
29	53	0
79	24	0
29	38	1
29	10	0
95	51	0
76	94	0
52	49	0
8	47	0
46	8	0
53	54	0
43	83	0
29	25	1
79	87	0
95	59	0
7	84	0
71	44	0
10	58	0
67	50	0
40	67	0
52	48	0
39	79	0
62	65	0
4	58	0
68	62	0
70	44	0
80	51	0
36	66	0
65	83	0
44	6	0
93	23	0
56	39	0
94	1	0
15	84	0
36	77	0
82	65	0
20	52	0
78	72	0
15	91	0
13	81	0
83	87	0
47	35	0
1	66	0
68	95	0
49	68	0
94	63	0
23	97	0
90	33	0
19	4	0
34	72	0
27	80	0
33	14	0
17	48	1
14	19	0
86	72	0
98	15	0
54	10	0
71	39	0
90	22	0
26	5	0
29	68	0
88	32	0
5	63	0
51	85	0
3	51	0
29	77	0
76	56	0
55	99	0
75	52	0
64	83	0
68	60	0
45	54	0
77	74	0
5	78	0
51	36	0
25	80	0
86	50	0
74	26	0
96	65	0
98	95	0
91	84	0
42	74	0
73	40	0
57	61	0
34	22	0
35	14	0
34	65	0
7	43	0
65	7	0
63	77	0
80	81	0
92	2	0
16	47	0
61	84	0
18	89	0
55	8	0
58	35	0
65	25	0
49	23	0
40	16	0
80	11	0
38	98	0
71	20	0
35	96	0
99	20	0
16	48	1
42	61	0
69	39	0
78	98	0
72	69	0
40	69	0
64	93	0
85	63	0
91	45	0
10	59	0
86	79	0
78	96	0
13	65	0
97	40	0
30	68	0
98	86	0
50	90	0
29	17	0
73	68	0
92	52	0
55	76	0
68	77	0
91	64	0
75	41	0
26	57	0
0	59	0
67	78	0
70	29	0
52	46	0
52	8	0
33	24	0
93	76	0
16	59	0
30	40	1
68	29	0
44	4	0
55	18	0
12	90	0
11	60	0
6	75	0
70	49	0
92	20	0
89	36	0
90	2	0
64	93	0
6	58	0
62	29	0
55	49	0
39	86	0
95	20	0
60	59	0
30	83	0
22	87	0
40	70	0
30	92	0
29	6	0
71	74	0
44	18	0
40	74	0
47	46	0
5	40	0
73	62	0
65	13	0
33	83	0
99	55	0
27	53	0
19	36	0
16	67	0
80	58	0
71	58	0
44	47	0
90	69	0
99	66	0
58	46	0
68	16	0
79	62	0
80	31	0
8	48	0
82	81	0
53	32	0
14	68	0
4	89	0
29	92	0
28	57	0
90	24	0
1	53	0
55	92	0
4	88	0
83	61	0
47	34	0
90	34	0
16	15	0
36	34	0
69	15	0
32	79	0
46	50	0
96	62	0
89	33	0
4	2	0
2	43	0
54	12	0
3	48	0
77	7	0
54	74	0
30	30	0
91	90	0
1	13	0
39	98	0
95	42	0
40	2	0
89	93	0
51	61	0
64	58	0
36	33	0
93	35	0
90	86	0
11	60	0
7	77	0
10	48	0
19	75	0
15	81	0
66	24	0
33	56	0
19	89	0
36	16	0
65	17	0
35	64	0
62	50	0
45	13	0
33	70	0
34	27	1
93	17	0
0	36	0
76	41	0
92	15	0
45	53	0
32	21	0
50	3	0
19	99	0
45	69	0
43	65	0
26	12	0
22	97	0
17	83	0
65	46	0
94	37	0
28	33	1
29	70	0
91	99	0
56	26	0
69	67	0
56	90	0
11	91	0
86	41	0
53	58	0
14	28	0
91	70	0
53	50	0
99	15	0
66	11	0
83	24	0
62	94	0
51	48	0
45	39	0
66	24	0
46	4	0
50	88	0
55	78	0
19	58	0
79	34	0
52	93	0
89	37	0
93	55	0
38	78	0
34	64	0
89	25	0
48	48	0
71	12	0
96	98	0
73	72	0
44	76	0
69	44	0
74	88	0
8	77	0
49	14	0
10	93	0
11	64	0
49	65	0
74	81	0
69	13	0
97	91	0
95	13	0
97	93	0
62	6	0
79	27	0
69	65	0
61	38	0
20	78	0
47	87	0
68	84	0
26	44	1
7	32	0
22	84	0
8	77	0
40	15	0
42	47	0
16	54	0
1	50	0
90	43	0
43	22	0
12	69	0
33	84	0
62	93	0
95	45	0
4	67	0
74	36	0
38	67	0
83	50	0
68	35	0
3	47	0
26	57	0
91	42	0
67	59	0
81	51	0
6	64	0
67	53	0
2	80	0
1	2	0
91	67	0
11	60	0
26	6	0
34	25	1
3	99	0
18	80	0
89	45	0
78	74	0
84	60	0
84	80	0
51	66	0
63	36	0
4	72	0
42	70	0
30	62	0
66	43	0
88	10	0
