88	63	0
32	28	0
10	17	0
92	43	0
91	81	0
71	41	0
7	78	0
1	5	0
14	90	0
80	31	0
76	80	0
25	29	0
64	71	0
88	54	0
66	66	0
43	31	0
92	87	0
98	80	0
69	92	0
6	33	0
67	80	0
78	28	0
50	67	0
69	83	0
84	51	0
97	28	0
92	76	0
36	3	0
85	29	0
35	16	0
95	58	0
95	71	0
88	8	0
19	34	0
51	81	1
3	87	0
18	34	0
76	75	0
91	42	0
56	80	1
5	23	0
90	14	0
62	31	1
47	33	0
81	45	0
85	66	0
16	58	0
97	57	0
46	35	0
28	9	0
60	59	0
0	98	0
91	21	0
38	70	0
85	65	0
94	12	0
83	90	0
54	83	1
6	23	0
72	88	0
81	60	0
84	39	0
53	46	0
85	41	0
85	37	0
84	36	0
30	57	0
21	22	0
83	77	0
43	86	0
78	40	0
61	65	0
81	72	0
81	79	0
26	16	0
15	17	0
85	67	0
96	7	0
11	50	0
80	81	0
56	78	1
54	73	1
46	18	0
69	80	0
76	53	0
9	88	0
92	93	0
7	98	1
14	57	0
92	84	0
99	68	0
51	91	1
70	50	0
94	29	0
49	55	0
11	50	0
56	9	0
82	85	0
75	4	0
86	55	0
79	98	0
56	64	0
64	79	1
17	22	0
72	98	0
35	83	0
22	30	0
59	39	0
61	91	1
66	45	0
91	26	0
51	23	0
72	68	0
71	90	0
85	63	0
95	27	0
86	84	0
76	85	0
59	66	0
11	43	0
76	65	0
75	73	0
94	62	0
91	36	0
85	66	0
63	18	0
40	29	0
83	50	0
29	81	0
84	77	0
97	48	0
93	26	0
70	61	1
59	99	1
57	19	0
3	98	1
97	58	0
88	71	0
14	20	0
96	11	0
85	25	0
86	28	0
8	9	0
34	81	0
89	49	0
68	93	0
83	88	0
72	30	1
53	96	0
3	15	0
38	19	0
52	36	0
62	41	0
1	59	0
52	9	0
93	81	0
89	50	0
63	3	0
25	15	0
98	87	0
34	71	0
36	28	0
63	54	0
75	69	0
55	83	1
82	74	0
73	26	0
75	96	0
94	30	0
86	78	0
54	27	0
95	76	0
63	14	0
39	52	0
73	88	0
87	40	0
92	46	0
83	93	0
99	45	0
33	47	0
65	86	1
20	78	0
80	80	0
0	91	0
91	36	0
97	68	0
40	5	0
49	51	0
23	10	0
95	29	0
68	88	1
8	39	0
76	31	0
71	76	0
23	36	0
84	44	0
77	12	0
93	65	0
72	33	0
93	94	0
21	44	0
80	55	0
94	38	0
59	44	0
2	52	0
96	73	0
90	61	0
20	86	0
72	86	0
39	29	0
73	94	0
94	46	0
70	4	0
62	42	0
72	30	0
96	55	0
88	78	0
93	87	0
80	95	0
14	16	0
4	74	0
82	92	0
64	91	1
50	17	0
89	55	0
93	11	0
99	84	0
63	68	0
66	75	0
99	7	0
93	40	0
8	39	0
6	95	1
85	87	0
95	96	0
92	87	0
69	64	0
61	76	0
12	84	0
25	30	0
5	11	0
41	37	0
87	40	0
66	62	1
67	7	0
73	90	0
79	73	0
86	50	0
33	14	0
89	42	0
63	90	1
61	24	0
63	78	1
96	60	0
12	44	0
57	83	1
10	42	0
68	79	0
97	44	0
90	70	0
81	31	0
87	60	0
60	59	1
4	92	1
79	96	0
19	17	0
1	88	0
58	77	1
63	66	1
84	99	0
6	79	0
87	56	0
8	7	0
12	80	0
10	12	0
87	62	0
16	29	0
7	32	0
81	33	0
68	70	0
88	81	0
83	55	0
77	73	0
70	81	0
5	83	0
90	62	0
65	27	0
93	34	0
74	88	0
81	62	0
41	85	0
92	74	0
49	73	0
7	93	1
75	38	0
36	37	0
47	80	0
38	70	0
64	85	1
98	55	0
85	29	0
66	66	0
94	76	0
90	38	0
95	99	0
89	65	0
60	21	0
81	75	0
89	55	0
99	29	0
46	61	0
69	32	1
92	88	0
88	64	0
25	73	0
84	37	0
82	37	0
87	40	0
95	86	0
73	56	0
0	99	0
40	35	0
22	70	0
62	9	0
1	86	0
81	52	0
15	13	0
18	58	0
54	64	0
78	85	0
72	60	0
64	47	0
86	41	0
11	40	0
88	78	0
63	88	1
78	9	0
9	96	1
97	48	0
15	8	0
21	33	0
71	41	0
97	32	0
18	5	0
46	8	0
55	59	0
99	86	0
26	4	0
66	5	0
81	86	0
58	85	0
25	47	0
93	50	0
83	63	0
13	99	1
7	95	0
51	35	0
94	48	0
20	37	0
82	31	0
74	12	0
35	32	0
26	39	0
81	42	0
59	90	1
78	43	0
15	14	0
94	54	0
75	43	0
74	52	0
50	94	0
58	51	0
69	42	0
81	43	0
93	88	0
85	84	0
72	75	0
74	22	0
90	49	0
86	99	0
93	95	0
76	65	0
83	95	0
48	84	1
8	8	0
29	92	0
86	49	0
73	25	0
88	50	0
76	46	0
95	61	0
90	41	0
23	79	0
8	10	0
45	88	0
26	73	0
43	4	0
7	85	0
97	48	0
98	86	0
83	47	0
90	98	0
96	38	0
