95	63	0
27	0	0
29	31	0
62	98	0
21	2	0
92	42	0
99	92	0
58	12	0
58	75	0
61	25	0
80	50	0
5	87	0
14	8	0
21	88	0
97	25	0
78	78	0
56	42	0
16	58	0
89	53	0
95	16	0
45	97	0
61	66	0
74	80	0
54	3	0
27	76	0
52	18	0
88	74	0
67	92	0
91	78	0
1	37	0
51	11	0
44	22	0
94	26	0
19	57	1
81	64	0
11	90	0
35	96	0
87	18	0
79	84	0
40	10	0
38	67	0
91	68	0
95	72	0
55	63	0
99	49	0
12	84	0
76	3	0
99	63	0
17	71	0
71	12	0
10	74	0
55	86	0
28	72	0
96	69	0
44	36	0
39	30	0
94	87	0
99	92	0
98	5	0
18	99	0
98	13	0
32	3	0
72	88	0
36	3	0
5	95	0
89	15	0
31	80	0
63	94	0
45	58	0
9	29	0
67	83	0
14	55	1
90	30	0
29	88	0
58	99	0
63	31	0
28	95	0
62	95	0
2	15	0
98	9	0
88	19	0
51	71	0
88	36	0
92	60	0
49	17	0
29	12	0
68	54	0
3	95	0
49	1	0
45	68	0
49	8	0
60	30	0
84	34	0
33	63	0
80	47	0
4	60	0
80	94	0
1	92	0
40	94	0
96	54	0
70	12	0
38	69	0
30	60	0
59	5	0
66	54	0
8	65	0
32	0	0
10	48	0
37	49	0
62	81	0
43	38	0
12	92	0
78	28	0
46	84	0
76	66	0
92	9	0
74	93	0
58	70	0
30	21	0
61	91	0
98	76	0
75	58	0
28	94	0
66	33	0
30	20	0
73	9	0
11	58	0
95	75	0
97	24	0
87	47	0
36	52	0
56	1	0
77	63	0
17	24	0
47	27	0
98	57	0
46	32	0
59	81	0
60	80	0
50	24	0
40	41	0
60	37	0
10	51	0
18	44	1
21	61	0
71	87	0
47	58	0
41	96	0
73	39	0
74	64	0
51	64	0
90	65	0
21	21	0
52	53	0
22	12	0
11	76	0
30	64	0
85	39	0
37	48	0
92	1	0
40	83	0
57	28	0
41	41	0
73	77	0
27	71	0
51	65	0
43	91	0
38	52	0
42	14	0
52	16	0
40	91	0
24	65	0
75	80	0
95	64	0
24	97	0
99	75	0
27	49	0
25	71	0
51	73	0
56	56	0
17	23	0
73	86	0
97	77	0
50	65	0
63	28	0
5	43	0
55	9	0
73	52	0
58	19	0
81	21	0
21	50	1
1	48	0
43	53	0
68	29	0
39	69	0
85	22	0
38	96	0
25	61	0
38	20	1
80	82	0
44	55	0
26	11	0
27	78	0
61	7	0
91	86	0
46	91	0
95	4	0
8	69	0
19	68	0
98	34	0
51	86	0
25	51	1
55	75	0
68	66	0
46	61	0
22	76	0
22	52	0
69	3	0
11	54	0
61	80	0
95	49	0
42	85	0
81	63	0
79	23	0
51	71	0
20	77	0
34	99	0
45	28	0
75	32	0
80	43	0
58	43	0
74	68	0
6	42	0
64	24	0
20	99	0
60	63	0
78	44	0
69	28	0
54	5	0
6	46	0
96	23	0
36	20	0
69	73	0
62	88	0
74	43	0
94	34	0
98	12	0
0	35	0
90	72	0
34	97	0
95	79	0
33	99	0
60	32	0
77	35	0
18	88	0
87	22	0
29	58	0
28	73	0
50	10	0
33	95	0
78	88	0
79	83	0
94	52	0
99	63	0
10	91	0
35	74	0
78	6	0
73	49	0
33	18	0
40	1	0
52	26	0
52	51	0
84	50	0
32	56	0
39	48	0
29	79	0
73	87	0
83	58	0
57	77	0
79	8	0
92	40	0
65	11	0
25	42	0
83	44	0
79	52	0
69	70	0
5	38	0
30	66	0
58	22	0
17	92	0
31	81	0
13	77	0
87	78	0
50	13	0
34	1	0
36	52	0
80	71	0
63	4	0
83	95	0
20	1	0
50	89	0
8	67	0
48	90	0
46	35	0
9	49	0
74	33	0
74	11	0
49	15	0
74	15	0
39	63	0
6	52	0
73	20	0
84	60	0
5	8	0
7	64	0
33	96	0
8	84	0
51	95	0
51	67	0
62	44	0
68	4	0
47	78	0
48	71	0
97	88	0
37	23	1
2	57	0
31	45	1
60	47	0
76	78	0
30	31	1
85	28	0
33	3	0
48	0	0
49	17	0
41	33	0
75	61	0
63	14	0
14	52	0
31	11	0
45	60	0
43	36	0
30	41	1
91	74	0
84	58	0
9	50	0
61	35	0
95	9	0
64	12	0
69	23	0
46	42	0
40	35	0
4	72	0
65	82	0
38	75	0
19	99	0
27	76	0
52	12	0
41	37	0
99	38	0
85	43	0
3	61	0
81	63	0
76	83	0
84	28	0
79	85	0
78	0	0
73	71	0
77	61	0
27	32	1
62	51	0
87	73	0
66	9	0
97	19	0
31	48	0
47	95	0
62	75	0
80	17	0
24	70	0
99	25	0
67	96	0
90	16	0
62	27	0
33	58	0
63	37	0
35	53	0
53	85	0
80	36	0
36	18	1
75	85	0
35	54	0
17	94	0
96	97	0
50	30	0
3	93	0
52	51	0
91	11	0
83	37	0
24	64	0
65	54	0
35	23	1
55	50	0
11	97	0
81	25	0
44	7	0
90	51	0
52	46	0
32	89	0
14	7	0
59	61	0
55	99	0
2	47	0
39	81	0
41	81	0
49	26	0
22	83	0
20	29	0
72	1	0
74	14	0
88	4	0
89	90	0
18	70	0
47	21	0
84	1	0
76	57	0
74	93	0
0	25	0
60	95	0
99	65	0
34	82	0
83	6	0
45	61	0
69	19	0
69	9	0
38	17	0
44	13	0
96	9	0
86	39	0
12	90	0
82	12	0
93	91	0
27	95	0
97	74	0
38	48	0
15	26	0
79	97	0
61	46	0
4	85	0
66	37	0
77	37	0
71	38	0
84	69	0
28	65	0
94	65	0
40	93	0
92	72	0
24	98	0
90	86	0
42	36	0
60	66	0
63	99	0
49	65	0
59	93	0
75	54	0
39	47	0
36	57	0
85	1	0
1	87	0
95	56	0
23	85	0
42	67	0
44	84	0
87	42	0
32	53	0
42	21	0
87	58	0
69	13	0
82	97	0
48	93	0
41	57	0
49	15	0
36	43	0
57	98	0
43	17	0
39	66	0
83	76	0
37	11	0
96	91	0
66	4	0
5	5	0
44	36	0
22	70	0
44	4	0
12	73	0
89	80	0
63	83	0
63	41	0
68	0	0
41	63	0
45	62	0
95	56	0
93	4	0
10	73	0
84	3	0
54	73	0
56	26	0
37	11	0
34	64	0
83	85	0
35	68	0
49	82	0
64	33	0
23	51	1
72	35	0
43	57	0
66	95	0
23	97	0
96	17	0
96	20	0
74	14	0
21	65	0
31	96	0
22	90	0
66	41	0
77	79	0
80	94	0
4	37	0
63	39	0
71	81	0
71	61	0
63	82	0
9	86	0
16	78	0
44	19	0
47	15	0
7	37	0
41	43	0
37	42	0
97	31	0
86	41	0
80	10	0
74	44	0
57	56	0
28	46	1
44	25	0
93	80	0
45	95	0
82	55	0
39	69	0
36	91	0
78	55	0
25	50	0
76	24	0
30	14	0
94	52	0
78	93	0
47	46	0
7	47	0
47	11	0
49	53	0
41	83	0
71	90	0
94	60	0
12	79	0
70	49	0
12	63	0
65	49	0
43	70	0
55	52	0
45	74	0
64	73	0
4	63	0
66	64	0
77	49	0
84	54	0
37	69	0
65	86	0
42	12	0
98	22	0
52	49	0
91	3	0
8	86	0
38	80	0
88	64	0
18	47	1
74	72	0
16	93	0
17	80	0
85	85	0
42	24	0
3	70	0
65	99	0
52	59	0
91	69	0
24	99	0
86	39	0
15	1	0
38	73	0
25	80	0
35	16	0
16	56	1
12	19	0
87	65	0
97	17	0
48	12	0
67	39	0
87	11	0
21	5	0
32	62	0
84	30	0
11	63	0
54	80	0
3	46	0
23	73	0
73	60	0
53	99	0
72	51	0
73	81	0
73	56	0
48	53	0
75	75	0
8	79	0
40	40	0
27	80	0
82	47	0
69	30	0
91	54	0
98	98	0
90	88	0
39	71	0
77	44	0
59	57	0
35	24	1
36	18	1
34	63	0
5	43	0
68	7	0
70	78	0
89	82	0
88	3	0
17	49	1
60	80	0
8	95	0
49	10	0
52	29	0
67	23	0
58	22	0
37	22	0
77	9	0
36	89	0
71	17	0
32	95	0
99	22	0
42	63	0
64	35	0
69	98	0
78	68	0
34	77	0
65	96	0
89	64	0
91	45	0
13	66	0
90	83	0
73	92	0
17	59	0
98	46	0
33	71	0
93	88	0
51	94	0
30	13	0
75	73	0
99	51	0
45	83	0
76	71	0
97	59	0
79	40	0
29	56	0
2	61	0
59	81	0
65	26	0
49	42	0
50	10	0
34	22	1
86	79	0
14	53	0
64	28	0
46	9	0
51	23	0
4	87	0
11	55	0
10	78	0
70	46	0
95	22	0
94	24	0
98	0	0
66	93	0
5	58	0
61	23	0
58	50	0
37	85	0
91	27	0
59	55	0
32	84	0
20	94	0
35	63	0
22	95	0
32	6	0
70	71	0
45	18	0
39	75	0
51	44	0
2	43	0
67	65	0
65	20	0
26	89	0
95	54	0
25	46	1
18	32	0
14	70	0
82	61	0
64	54	0
45	42	0
94	63	0
96	65	0
63	46	0
58	14	0
72	64	0
81	37	0
9	41	0
89	80	0
52	36	0
21	73	0
0	85	0
27	98	0
26	58	0
95	24	0
1	55	0
57	89	0
5	87	0
86	64	0
50	32	0
88	26	0
18	19	0
31	33	0
70	12	0
30	72	0
46	55	0
98	60	0
87	36	0
5	0	0
0	45	0
53	19	0
4	44	0
75	8	0
48	71	0
27	31	1
89	90	0
2	11	0
41	98	0
92	43	0
38	3	0
90	89	0
55	60	0
70	64	0
39	41	0
92	34	0
92	76	0
10	66	0
7	78	0
8	42	0
23	68	0
13	88	0
65	17	0
32	56	0
11	93	0
34	15	0
60	11	0
35	65	0
66	46	0
43	7	0
39	78	0
98	21	0
6	27	0
73	43	0
90	24	0
48	45	0
26	24	0
45	3	0
18	92	0
48	68	0
33	57	0
29	15	0
21	97	0
23	76	0
62	45	0
91	49	0
33	77	0
84	93	0
52	28	0
66	68	0
60	93	0
2	86	0
83	41	0
50	54	0
10	22	0
96	69	0
56	54	0
98	21	0
72	14	0
84	29	0
60	99	0
46	46	0
46	38	0
68	26	0
45	2	0
52	90	0
49	75	0
19	47	0
81	31	0
57	90	0
92	44	0
90	56	0
37	78	0
32	66	0
83	28	0
50	41	0
73	9	0
95	93	0
80	78	0
53	72	0
74	47	0
78	92	0
17	79	0
52	14	0
17	97	0
7	57	0
44	60	0
75	83	0
63	17	0
99	93	0
88	15	0
98	96	0
66	9	0
75	24	0
64	61	0
56	32	0
22	87	0
48	89	0
75	81	0
9	36	0
16	77	0
6	77	0
35	11	0
42	46	0
18	53	0
1	46	0
85	45	0
45	20	0
15	64	0
26	85	0
66	98	0
95	45	0
0	69	0
68	45	0
33	73	0
82	52	0
75	31	0
5	52	0
26	57	0
86	40	0
72	55	0
83	52	0
10	66	0
61	51	0
0	86	0
2	4	0
88	64	0
16	66	0
23	9	0
37	23	1
1	96	0
18	81	0
93	43	0
74	79	0
83	60	0
89	80	0
50	65	0
63	43	0
1	67	0
48	63	0
31	63	0
62	48	0
91	21	0
