95	66	0
23	18	0
63	99	0
13	3	0
91	43	0
95	98	0
43	79	0
65	49	0
2	89	0
2	10	0
15	86	0
94	47	0
69	85	0
29	32	0
88	87	0
94	40	0
48	95	0
44	82	0
70	75	0
46	9	0
80	72	0
92	89	0
75	93	0
8	20	0
83	19	0
68	71	0
13	72	1
34	92	0
81	17	0
66	88	0
50	68	0
76	75	0
97	49	0
97	27	0
19	75	0
93	73	0
14	66	0
42	0	0
10	74	0
36	88	0
85	46	0
36	17	0
96	91	0
87	94	0
98	18	0
32	77	1
99	12	0
24	24	0
72	85	0
2	85	0
94	3	0
64	91	0
6	24	0
73	79	0
89	32	0
25	82	0
59	94	0
82	19	0
27	88	0
34	84	1
25	14	0
98	8	0
79	31	0
48	76	0
82	23	0
65	42	0
77	36	0
9	97	0
47	86	0
73	10	1
94	66	0
70	94	0
2	69	0
41	89	0
99	53	0
81	21	0
56	10	1
54	33	0
32	7	0
72	57	0
1	89	0
92	28	0
46	68	0
82	54	0
85	1	0
68	93	0
61	90	0
8	31	0
64	81	0
83	68	0
75	44	0
19	98	0
68	43	0
91	62	0
91	28	0
98	36	0
12	53	0
0	20	0
90	62	0
54	82	0
56	60	0
54	76	0
56	99	0
76	38	0
68	75	0
68	77	0
89	61	0
24	16	0
17	14	0
20	82	1
79	52	0
94	2	0
23	99	0
25	44	0
64	71	0
58	80	0
55	74	0
47	2	0
51	85	0
73	85	0
81	55	0
20	93	0
86	81	0
4	74	0
52	61	1
19	48	0
76	79	0
97	68	0
43	68	0
67	40	0
92	32	0
29	93	0
56	78	0
22	45	0
45	76	0
36	24	0
91	91	0
32	98	0
92	0	0
82	39	0
62	90	0
71	79	0
64	73	0
25	40	0
26	59	0
65	4	1
59	92	0
83	66	0
44	90	0
59	83	0
74	19	0
64	70	1
28	71	1
46	90	0
27	21	0
80	60	0
61	43	0
74	64	0
82	37	0
10	98	0
64	55	0
89	38	0
61	33	0
57	14	0
97	28	0
66	81	0
80	95	0
80	68	0
99	24	0
95	33	0
87	78	0
30	92	0
70	86	0
50	94	0
80	33	0
10	98	0
90	20	0
25	47	0
25	92	0
23	98	0
83	77	0
71	79	0
90	53	0
87	59	0
23	82	1
48	90	0
72	0	1
83	59	0
49	4	0
42	30	0
86	43	0
26	72	0
67	86	0
79	62	0
54	61	1
77	2	0
87	43	0
92	47	0
76	63	0
71	81	0
55	72	1
60	14	0
7	86	0
4	90	0
84	64	0
81	66	0
90	5	0
99	83	0
20	4	0
28	93	0
58	97	0
50	33	1
91	13	0
94	10	0
98	27	0
77	28	0
65	50	0
2	2	0
23	96	0
9	76	1
48	83	0
52	69	0
91	45	0
59	87	0
94	85	0
71	34	0
84	81	0
79	17	0
16	9	0
39	6	0
35	26	0
95	43	0
85	13	0
13	49	0
21	20	0
86	79	0
95	69	0
71	22	0
99	16	0
63	2	0
81	16	0
37	15	0
18	71	1
96	89	0
31	84	0
9	97	0
35	43	0
75	48	0
64	57	0
68	74	0
81	79	0
75	24	0
69	77	0
96	41	0
79	56	0
66	50	0
95	68	0
67	19	0
93	17	0
28	51	0
66	96	0
90	30	0
15	86	0
94	40	0
72	97	0
92	36	0
61	19	0
55	44	0
58	93	0
75	88	0
28	93	0
94	78	0
3	87	0
90	2	0
90	10	0
51	76	0
62	53	1
7	92	0
73	41	0
95	63	0
32	82	1
24	11	0
51	93	0
30	84	0
53	78	0
4	30	0
85	33	0
96	12	0
76	94	0
21	25	0
64	5	1
70	32	0
67	88	0
2	14	0
48	83	0
83	47	0
28	88	0
82	8	0
84	18	0
89	56	0
14	81	0
63	17	0
89	93	0
33	97	0
68	60	0
8	38	0
60	88	0
62	44	0
17	73	1
55	25	1
92	47	0
76	53	0
75	57	0
7	37	0
95	63	0
23	96	0
91	54	0
13	93	0
86	83	0
36	20	0
77	63	0
56	91	0
58	97	0
80	53	0
75	9	0
0	81	0
72	40	0
24	97	0
81	27	0
89	49	0
72	21	0
82	72	0
48	98	0
55	95	0
30	98	0
95	81	0
74	83	0
20	1	0
13	80	0
80	91	0
68	87	0
69	52	0
67	29	0
36	75	1
83	60	0
97	3	0
14	73	1
91	3	0
55	63	1
90	83	0
61	84	0
73	25	0
88	12	0
74	92	0
26	99	0
92	16	0
95	0	0
68	21	0
6	53	0
14	95	0
12	88	0
80	86	0
86	97	0
56	52	1
73	94	0
87	64	0
73	62	0
9	98	0
15	74	0
31	26	0
0	15	0
42	40	0
96	27	0
83	37	0
71	55	0
50	15	0
83	81	0
66	84	0
87	50	0
33	84	1
80	61	0
22	11	0
99	38	0
60	96	0
34	42	0
30	94	0
71	91	0
93	72	0
32	90	0
16	76	0
42	63	0
57	64	1
65	80	0
53	95	0
11	48	0
73	66	0
83	47	0
90	70	0
42	76	0
66	78	0
87	13	0
55	50	1
86	7	0
11	83	0
46	93	0
84	74	0
68	74	0
8	91	0
15	82	0
81	97	0
33	24	0
9	79	0
65	90	0
59	71	0
84	82	0
12	93	0
73	50	0
20	4	0
44	96	0
6	97	0
1	18	0
81	62	0
83	13	0
79	30	0
74	18	0
13	21	0
15	54	0
75	31	0
0	73	1
63	68	0
27	92	0
61	56	0
85	87	0
84	41	0
74	81	0
66	53	0
74	81	0
6	67	0
35	78	1
75	64	0
55	43	0
96	38	0
99	92	0
79	79	0
70	53	0
63	55	0
56	78	0
98	81	0
96	3	0
58	78	0
4	99	0
59	35	0
66	22	0
69	18	0
26	70	0
77	24	0
79	24	0
30	27	0
58	96	0
70	64	0
42	88	0
69	98	0
80	58	0
83	30	0
87	65	0
88	97	0
94	42	0
88	84	0
41	87	0
69	77	0
80	46	0
42	91	0
83	78	0
72	64	0
95	22	0
1	74	1
53	76	0
81	20	0
63	37	0
82	84	0
74	56	0
14	88	0
22	88	0
77	35	0
85	29	0
95	50	0
96	10	0
80	85	0
88	16	0
77	37	0
22	72	1
14	95	0
21	72	0
8	86	0
55	49	1
46	27	0
39	64	0
55	83	0
68	2	0
15	86	0
83	50	0
23	17	0
20	63	0
80	65	0
65	62	0
83	61	0
83	52	0
71	62	0
80	50	0
7	38	0
95	86	0
69	53	0
46	86	0
5	70	0
31	79	1
90	22	0
56	88	0
18	91	0
98	46	0
66	27	0
15	17	0
24	32	0
68	2	1
14	67	0
77	55	0
92	38	0
24	4	0
60	5	0
41	87	0
89	81	0
16	3	0
49	77	0
68	28	0
94	64	0
66	64	0
65	90	0
5	43	0
98	46	0
91	63	0
10	78	0
25	81	1
23	96	0
6	98	0
63	40	0
89	17	0
8	15	0
86	31	0
88	18	0
40	28	0
19	96	0
54	84	0
14	76	0
24	23	0
18	73	1
21	89	0
64	57	0
88	45	0
66	87	0
53	71	1
22	97	0
78	42	0
10	0	0
81	58	0
48	56	0
93	30	0
70	27	0
75	33	0
56	95	0
48	38	1
66	8	1
36	99	0
86	40	0
68	96	0
75	56	0
85	44	0
57	90	0
37	76	1
91	36	0
97	99	0
81	83	0
57	81	0
92	17	0
72	77	0
25	76	1
64	21	0
31	95	0
93	53	0
95	90	0
78	6	0
97	98	0
78	25	0
90	66	0
9	94	0
72	99	0
63	79	0
0	15	0
12	98	0
9	72	0
87	27	0
30	97	0
57	86	0
82	44	0
13	70	1
76	45	0
24	99	0
83	46	0
89	56	0
75	48	0
79	25	0
3	85	0
11	4	0
66	73	0
19	62	0
25	4	0
4	88	0
33	77	1
92	52	0
78	86	0
93	58	0
93	79	0
76	48	0
2	82	0
80	28	0
90	32	0
