93	64	0
34	2	0
32	35	0
60	98	0
19	5	0
96	42	0
96	92	0
53	12	0
57	72	0
60	21	0
85	48	0
2	88	0
13	2	0
29	84	0
98	26	0
72	80	0
54	40	0
17	58	0
87	54	0
95	8	0
47	94	0
56	65	0
72	85	0
53	9	0
27	78	0
49	16	0
90	71	0
64	89	0
89	79	0
1	33	0
54	14	0
43	21	0
96	29	0
25	54	0
82	64	0
15	87	0
36	94	0
94	20	0
80	84	0
43	7	0
33	67	0
90	65	0
97	73	0
55	62	0
96	50	0
11	79	0
65	3	0
99	68	0
13	70	0
74	11	0
16	78	0
63	90	0
28	74	0
98	70	0
43	39	0
36	25	0
90	87	0
99	98	0
96	4	0
17	99	0
97	12	0
33	6	0
71	79	0
35	2	0
8	94	0
89	13	0
35	79	0
63	95	0
43	61	0
4	27	0
68	84	0
15	58	0
97	29	0
34	83	0
61	98	0
65	32	0
31	98	0
57	93	0
3	17	0
96	9	0
92	20	0
45	72	0
82	38	0
91	58	0
52	14	0
31	9	0
67	51	0
8	97	0
49	2	0
48	76	0
47	5	0
56	33	0
83	37	0
32	62	0
75	44	0
2	60	0
82	93	0
2	86	0
38	98	0
96	57	0
66	14	0
38	71	0
34	65	0
66	3	0
69	51	0
5	66	0
35	2	0
9	38	0
38	43	0
63	80	0
46	37	0
14	95	0
81	19	0
44	83	0
74	68	0
99	11	0
73	94	0
52	77	0
39	20	0
59	97	0
96	72	0
77	64	0
20	92	0
64	28	0
33	16	0
21	42	1
71	10	0
8	60	0
97	70	0
96	20	0
83	46	0
43	51	0
60	5	0
80	68	0
22	20	0
38	28	0
98	60	0
44	36	0
63	82	0
59	82	0
54	25	0
40	41	0
58	38	0
9	46	0
25	42	1
20	52	0
83	91	0
50	57	0
39	98	0
76	40	0
72	64	0
54	69	0
89	62	0
22	20	0
54	52	0
24	11	0
14	71	0
33	63	0
89	34	0
36	43	0
88	7	0
40	87	0
54	25	0
41	46	0
78	77	0
29	70	0
50	69	0
45	84	0
38	49	0
38	15	0
54	18	0
38	85	0
27	63	0
78	82	0
93	64	0
32	98	0
99	75	0
30	49	0
22	70	0
48	74	0
53	53	0
22	16	0
75	87	0
95	77	0
54	70	0
60	30	0
2	44	0
58	3	0
75	51	0
58	25	0
77	20	0
24	49	0
5	47	0
50	48	0
71	26	0
39	65	0
82	26	0
43	96	0
27	71	0
40	26	0
77	83	0
41	53	0
36	10	0
22	84	0
58	4	0
92	84	0
52	90	0
92	1	0
6	76	0
17	64	0
95	28	0
51	86	0
28	43	0
59	68	0
56	65	0
44	60	0
17	74	0
27	58	0
67	3	0
8	61	0
60	78	0
96	47	0
39	90	0
81	61	0
74	23	0
52	67	0
17	85	0
34	99	0
46	31	0
75	29	0
85	53	0
59	43	0
69	65	0
5	37	0
56	25	0
16	91	0
60	56	0
73	40	0
70	26	0
49	7	0
15	47	0
91	22	0
36	13	0
66	69	0
61	82	0
67	43	0
94	39	0
99	5	0
3	38	0
96	74	0
29	98	0
98	78	0
32	95	0
63	31	0
74	29	0
19	86	0
82	27	0
31	60	0
30	77	0
47	5	0
26	99	0
76	88	0
74	87	0
91	45	0
99	64	0
14	94	0
35	73	0
73	6	0
78	49	0
34	20	0
34	0	0
52	21	0
52	48	0
85	47	0
35	52	0
36	48	0
34	69	0
73	89	0
92	60	0
59	82	0
85	8	0
90	40	0
65	17	0
23	36	0
75	41	0
75	50	0
76	71	0
8	38	0
34	64	0
63	18	0
15	89	0
32	83	0
19	77	0
86	72	0
51	16	0
36	3	0
34	54	0
80	76	0
63	9	0
78	93	0
16	2	0
50	99	0
7	68	0
48	94	0
42	36	0
4	53	0
73	35	0
72	13	0
53	19	0
78	9	0
40	63	0
9	56	0
72	23	0
86	61	0
6	6	0
5	63	0
32	94	0
7	88	0
45	94	0
53	66	0
60	43	0
70	4	0
47	81	0
46	68	0
85	95	0
36	30	1
3	51	0
26	46	1
63	47	0
73	75	0
29	28	1
83	27	0
29	7	0
50	7	0
50	20	0
36	42	0
73	66	0
71	9	0
5	43	0
35	12	0
48	64	0
39	33	0
27	44	0
88	78	0
79	53	0
12	46	0
63	39	0
94	7	0
65	12	0
62	26	0
42	40	0
39	32	0
6	76	0
61	81	0
31	74	0
25	99	0
28	85	0
54	10	0
42	39	0
95	42	0
82	46	0
4	61	0
81	67	0
75	81	0
84	29	0
80	87	0
80	5	0
74	61	0
76	59	0
28	32	1
65	49	0
28	47	1
91	78	0
67	6	0
95	24	0
33	50	0
45	95	0
63	75	0
84	16	0
14	67	0
98	34	0
61	93	0
83	23	0
67	32	0
42	56	0
61	34	0
34	54	0
56	87	0
79	33	0
34	22	0
73	86	0
34	57	0
23	96	0
97	97	0
48	33	0
2	93	0
54	50	0
97	11	0
82	37	0
17	70	0
64	49	0
37	26	1
52	46	0
9	97	0
89	26	0
47	8	0
93	44	0
53	45	0
29	90	0
15	5	0
59	61	0
59	98	0
6	46	0
39	83	0
34	84	0
45	29	0
22	84	0
13	35	0
68	5	0
79	22	0
84	1	0
94	93	0
26	68	0
45	19	0
82	6	0
79	58	0
69	88	0
1	22	0
63	92	0
95	60	0
33	83	0
79	2	0
50	60	0
71	23	0
68	10	0
41	26	0
43	15	0
94	6	0
85	37	0
12	90	0
80	12	0
92	93	0
26	94	0
95	67	0
42	48	0
14	26	0
77	96	0
64	42	0
5	95	0
68	34	0
81	36	0
72	45	0
83	66	0
23	64	0
87	59	0
38	92	0
91	76	0
26	95	0
92	83	0
44	31	0
60	67	0
59	97	0
46	64	0
58	98	0
69	53	0
38	53	0
42	62	0
87	5	0
4	92	0
97	53	0
24	86	0
44	71	0
46	81	0
90	43	0
32	52	0
41	17	0
85	56	0
60	14	0
83	96	0
48	90	0
43	49	0
53	16	0
31	41	0
58	90	0
42	18	0
35	72	0
84	72	0
44	10	0
94	91	0
65	4	0
5	7	0
42	38	0
19	67	0
43	0	0
15	76	0
94	82	0
64	81	0
65	42	0
62	3	0
45	65	0
47	58	0
94	54	0
88	12	0
5	68	0
86	6	0
51	72	0
55	30	0
39	11	0
31	64	0
85	82	0
30	70	0
40	79	0
73	34	0
18	49	0
68	35	0
42	57	0
64	94	0
29	98	0
92	13	0
99	20	0
71	13	0
21	79	0
30	95	0
26	89	0
67	42	0
75	82	0
77	92	0
5	36	0
69	37	0
73	78	0
71	61	0
63	77	0
15	84	0
18	73	0
37	18	0
49	16	0
8	35	0
41	47	0
35	50	0
88	29	0
88	41	0
77	9	0
71	49	0
58	54	0
24	47	0
47	28	0
92	80	0
48	97	0
83	58	0
35	65	0
36	94	0
80	57	0
29	52	0
80	22	0
28	38	1
32	11	0
92	51	0
76	92	0
50	46	0
9	46	0
48	10	0
52	55	0
43	85	0
29	26	1
76	85	0
95	58	0
9	83	0
73	47	0
11	58	0
64	48	0
43	68	0
54	51	0
42	78	0
63	66	0
6	59	0
68	60	0
70	44	0
83	54	0
35	64	0
65	86	0
43	5	0
95	24	0
54	44	0
92	4	0
14	86	0
37	80	0
82	64	0
19	49	0
77	75	0
14	90	0
14	84	0
84	86	0
44	32	0
1	67	0
68	99	0
48	67	0
94	64	0
22	98	0
91	33	0
16	4	0
34	69	0
28	84	0
34	13	0
18	51	1
14	20	0
83	72	0
97	12	0
55	6	0
71	41	0
89	20	0
24	6	0
28	68	0
89	33	0
6	61	0
52	84	0
2	50	0
30	78	0
74	57	0
53	98	0
73	51	0
65	82	0
69	59	0
48	51	0
75	74	0
3	79	0
49	36	0
26	79	0
86	47	0
72	27	0
95	61	0
98	98	0
90	87	0
45	73	0
78	41	0
60	61	0
32	23	0
36	14	0
38	66	0
8	41	0
66	7	0
69	76	0
80	84	0
92	3	0
16	46	1
62	83	0
16	90	0
55	12	0
57	34	0
66	24	0
52	24	0
42	19	0
80	10	0
40	99	0
70	18	0
34	94	0
99	20	0
41	61	0
71	42	0
76	99	0
73	71	0
41	70	0
62	95	0
83	64	0
90	47	0
10	63	0
86	80	0
77	96	0
10	61	0
98	41	0
29	68	0
98	86	0
48	90	0
27	13	0
74	69	0
93	53	0
55	77	0
70	77	0
95	65	0
76	37	0
27	59	0
0	59	0
69	79	0
69	28	0
50	43	0
52	11	0
29	25	1
90	78	0
15	60	0
28	43	1
66	29	0
44	0	0
52	22	0
9	88	0
13	58	0
8	76	0
73	48	0
92	21	0
91	35	0
91	2	0
65	92	0
3	59	0
64	30	0
55	48	0
38	85	0
94	23	0
62	60	0
31	85	0
23	90	0
39	70	0
27	92	0
29	4	0
68	74	0
47	18	0
39	73	0
49	45	0
4	41	0
70	63	0
64	14	0
32	86	0
98	56	0
24	50	0
20	35	0
17	68	0
79	57	0
69	57	0
45	47	0
93	70	0
99	69	0
59	46	0
66	18	0
80	61	0
84	31	0
13	47	0
82	80	0
54	33	0
18	69	0
5	89	0
30	94	0
28	58	0
88	22	0
0	50	0
56	91	0
0	89	0
87	62	0
46	32	0
90	31	0
15	19	0
34	37	0
72	14	0
34	79	0
45	50	0
97	63	0
89	33	0
2	0	0
3	43	0
54	13	0
2	49	0
77	7	0
50	77	0
32	33	0
95	90	0
1	13	0
40	94	0
97	44	0
44	1	0
91	90	0
48	64	0
65	61	0
35	35	0
92	35	0
90	84	0
10	60	0
6	77	0
9	44	0
20	75	0
16	81	0
64	20	0
29	57	0
20	90	0
37	11	0
61	17	0
34	64	0
59	47	0
43	12	0
35	71	0
30	25	1
93	19	0
1	35	0
78	40	0
95	18	0
47	50	0
33	20	0
47	0	0
16	95	0
45	68	0
40	64	0
29	12	0
20	99	0
18	82	0
63	45	0
93	37	0
31	30	1
32	69	0
89	99	0
54	26	0
66	68	0
55	86	0
9	90	0
83	40	0
52	59	0
13	28	0
95	68	0
56	52	0
99	17	0
67	8	0
82	25	0
59	93	0
50	45	0
46	40	0
66	27	0
45	4	0
50	89	0
52	77	0
19	54	0
81	33	0
54	88	0
93	36	0
93	55	0
35	77	0
36	60	0
89	25	0
44	47	0
72	11	0
94	96	0
72	75	0
43	75	0
71	42	0
74	91	0
9	77	0
50	13	0
10	95	0
13	62	0
51	65	0
73	82	0
64	14	0
99	89	0
95	15	0
99	94	0
60	6	0
77	24	0
70	65	0
60	38	0
17	79	0
46	86	0
69	83	0
27	41	1
7	31	0
22	85	0
10	76	0
43	14	0
42	48	0
20	54	0
0	48	0
88	43	0
42	23	0
12	66	0
31	82	0
66	92	0
95	42	0
1	69	0
72	37	0
40	69	0
82	49	0
71	37	0
0	48	0
28	54	0
87	40	0
68	58	0
82	47	0
6	64	0
62	54	0
1	82	0
0	0	0
93	63	0
13	61	0
26	4	0
34	25	1
5	99	0
20	79	0
91	45	0
79	77	0
82	59	0
85	82	0
51	67	0
65	37	0
2	73	0
43	69	0
30	61	0
64	43	0
93	10	0
