94	70	0
46	20	0
44	25	0
43	98	0
8	11	0
89	35	0
93	80	0
41	17	0
70	78	0
36	21	0
94	38	0
4	82	0
17	8	0
20	58	0
99	23	0
86	71	0
61	32	0
27	48	0
99	62	0
91	9	0
43	94	0
66	67	0
78	89	0
63	1	0
42	87	0
57	3	0
82	77	0
64	90	0
93	67	0
6	25	0
49	36	0
41	18	0
83	36	0
43	47	0
89	67	0
10	95	0
52	94	0
99	23	0
76	90	0
46	0	0
22	61	0
82	53	0
81	62	0
53	66	0
96	51	0
14	87	0
16	41	0
64	7	0
85	65	0
16	67	0
62	4	0
15	80	0
54	92	0
35	71	0
95	61	0
48	31	0
34	31	0
85	74	0
99	91	0
86	21	0
5	95	0
95	14	0
49	2	0
76	75	0
46	10	0
10	90	0
82	9	0
46	73	0
74	96	0
49	70	0
1	29	0
72	86	0
23	48	0
13	62	0
85	35	0
11	39	0
34	82	0
42	96	0
61	18	0
40	91	0
58	93	0
8	19	0
99	10	0
96	27	0
40	55	0
81	40	0
22	24	0
85	55	0
29	39	0
40	14	0
36	5	0
72	33	0
14	89	0
69	11	0
60	85	0
46	10	0
52	27	0
88	49	0
36	66	0
79	50	0
12	57	0
76	89	0
3	75	0
32	95	0
94	48	0
59	10	0
45	68	0
28	58	0
59	2	0
64	48	0
9	59	0
38	2	0
30	51	0
43	35	0
81	91	0
57	43	0
20	98	0
81	4	0
64	63	0
77	84	0
97	8	0
60	72	0
50	78	0
34	5	0
56	95	0
94	75	0
79	59	0
34	95	0
63	33	0
38	21	0
19	43	0
82	8	0
9	68	0
90	69	0
94	27	0
88	37	0
33	53	0
56	19	0
82	77	0
12	13	0
37	12	0
78	57	0
42	37	0
71	81	0
76	96	0
46	16	0
44	30	0
58	50	0
10	42	0
27	58	0
15	53	0
75	79	0
44	55	0
43	93	0
80	51	0
74	71	0
47	87	0
26	36	0
93	62	0
4	25	0
46	44	0
23	11	0
32	78	0
35	79	0
90	35	0
37	29	0
76	19	0
42	79	0
56	29	0
54	42	0
80	80	0
30	58	0
56	76	0
35	89	0
41	50	0
40	12	0
61	5	0
32	73	0
28	80	0
74	81	0
91	67	0
23	87	0
32	37	0
90	66	0
33	49	0
30	93	0
57	84	0
42	52	0
29	9	0
14	33	0
74	96	0
86	96	0
62	81	0
68	29	0
4	60	0
59	6	0
78	23	0
70	26	0
70	29	0
23	61	0
0	66	0
46	51	0
79	30	0
36	64	0
89	30	0
41	96	0
24	67	0
37	18	0
82	72	0
35	55	0
34	11	0
13	94	0
61	9	0
99	87	0
71	90	0
98	5	0
0	80	0
19	67	0
93	37	0
54	71	0
46	43	0
54	55	0
54	71	0
55	63	0
12	71	0
32	56	0
69	11	0
1	64	0
65	85	0
85	44	0
38	94	0
79	59	0
62	22	0
48	68	0
14	81	0
36	93	0
51	39	0
67	36	0
27	34	0
89	60	0
82	44	0
76	64	0
0	67	0
48	18	0
10	82	0
60	62	0
61	41	0
56	46	0
53	23	0
5	56	0
91	28	0
49	6	0
73	69	0
51	78	0
74	34	0
98	41	0
96	3	0
5	65	0
95	73	0
27	99	0
91	71	0
45	95	0
60	31	0
52	7	0
16	86	0
67	31	0
37	63	0
43	84	0
48	6	0
20	93	0
83	93	0
80	83	0
71	38	0
88	76	0
19	92	0
47	55	0
52	3	0
68	28	0
24	12	0
39	1	0
58	9	0
52	54	0
81	47	0
36	45	0
37	50	0
37	72	0
71	89	0
78	77	0
58	73	0
80	2	0
81	44	0
77	8	0
27	47	0
31	17	0
82	35	0
71	34	0
79	70	0
12	37	0
43	71	0
58	26	0
29	87	0
22	96	0
23	82	0
97	64	0
40	26	0
36	1	0
26	56	0
88	69	0
63	20	0
80	89	0
11	0	0
67	91	0
8	67	0
41	84	0
39	28	0
1	52	0
80	4	0
18	38	0
76	0	0
55	15	0
88	9	0
37	45	0
18	45	0
74	26	0
85	56	0
6	22	0
26	37	0
7	59	0
37	96	0
10	85	0
42	91	0
61	73	0
50	43	0
67	22	0
40	93	0
46	66	0
90	92	0
30	27	0
16	51	0
25	40	0
54	75	0
79	86	0
30	25	0
87	14	0
33	7	0
57	4	0
67	15	0
29	43	0
75	67	0
78	10	0
13	40	0
44	11	0
47	44	0
37	38	0
24	59	0
84	82	0
82	49	0
10	51	0
51	36	0
95	13	0
58	9	0
56	27	0
58	35	0
29	24	0
1	73	0
64	81	0
23	79	0
27	89	0
21	95	0
54	17	0
47	37	0
91	48	0
80	48	0
7	79	0
85	75	0
65	75	0
74	31	0
66	95	0
79	0	0
84	57	0
71	65	0
39	17	0
50	48	0
34	47	0
82	81	0
68	15	0
94	4	0
23	41	0
40	88	0
69	71	0
86	18	0
3	58	0
94	29	0
43	98	0
81	27	0
60	45	0
43	54	0
52	34	0
20	40	0
44	46	0
68	81	0
84	38	0
40	23	0
74	75	0
20	63	0
10	98	0
92	81	0
32	34	0
1	84	0
58	38	0
92	15	0
79	47	0
7	66	0
68	38	0
47	35	0
49	47	0
10	98	0
75	20	0
52	7	0
90	51	0
49	33	0
20	74	0
21	5	0
64	53	0
58	92	0
0	62	0
50	64	0
41	75	0
53	26	0
21	95	0
8	43	0
23	42	0
65	17	0
82	29	0
97	18	0
79	88	0
19	60	0
29	21	0
40	25	0
77	10	0
70	59	0
70	91	0
18	44	0
60	93	0
94	69	0
37	84	0
74	9	0
64	49	0
81	30	0
73	12	0
44	23	0
42	25	0
93	8	0
85	29	0
0	78	0
83	9	0
93	99	0
4	95	0
93	62	0
48	53	0
22	17	0
98	99	0
63	48	0
8	98	0
69	30	0
71	39	0
71	60	0
78	66	0
26	76	0
82	73	0
40	94	0
89	75	0
15	33	1
41	93	0
97	81	0
31	33	0
37	28	0
54	72	0
58	92	0
40	63	0
66	96	0
67	49	0
31	56	0
27	66	0
81	24	0
10	88	0
89	41	0
21	89	0
51	69	0
41	91	0
86	38	0
44	46	0
21	38	0
46	21	0
82	57	0
69	18	0
92	97	0
65	97	0
38	55	0
60	5	0
31	39	0
45	88	0
36	19	0
45	58	0
77	71	0
26	23	0
92	98	0
47	12	0
26	15	0
60	29	0
22	76	0
34	17	0
9	62	0
87	90	0
57	89	0
58	42	0
74	5	0
39	68	0
44	50	0
97	54	0
86	0	0
2	68	0
77	3	0
71	74	0
77	32	0
40	11	0
36	67	0
86	78	0
38	62	0
42	80	0
83	32	0
17	58	0
74	22	0
41	68	0
64	90	0
31	91	0
82	14	0
91	24	0
66	18	0
35	76	0
22	88	0
11	88	0
64	40	0
77	65	0
70	81	0
15	40	0
76	41	0
70	58	0
78	76	0
51	66	0
16	60	0
19	68	0
46	25	0
42	17	0
4	33	0
43	61	0
37	46	0
82	30	0
75	32	0
77	0	0
72	44	0
54	72	0
21	56	0
51	27	0
95	77	0
59	89	0
83	67	0
20	53	0
49	78	0
67	40	0
41	51	0
76	27	0
18	52	0
39	25	0
77	50	0
92	97	0
55	55	0
9	62	0
46	8	0
58	57	0
26	85	0
42	33	0
88	89	0
98	72	0
19	85	0
64	60	0
4	70	0
78	54	0
38	60	0
48	57	0
37	74	0
61	71	0
5	57	0
84	77	0
67	56	0
96	51	0
19	64	0
61	88	0
54	28	0
98	24	0
45	35	0
99	20	0
14	87	0
39	31	0
37	71	0
90	53	0
29	50	0
84	64	0
8	98	0
18	83	0
95	84	0
45	27	0
3	76	0
78	90	0
46	67	0
88	69	0
21	91	0
95	36	0
24	0	0
34	80	0
41	75	0
37	13	0
28	35	0
9	20	0
88	72	0
95	14	0
61	10	0
75	31	0
97	47	0
34	11	0
22	48	0
97	39	0
10	52	0
59	86	0
6	55	0
25	78	0
67	58	0
56	93	0
78	50	0
66	85	0
33	34	0
65	61	0
39	59	0
80	56	0
15	74	0
53	35	0
30	77	0
83	38	0
60	29	0
90	72	0
95	97	0
91	78	0
45	66	0
11	21	1
60	40	0
59	75	0
36	27	0
28	12	0
32	68	0
11	34	0
57	0	0
58	82	0
72	77	0
87	6	0
15	51	0
61	89	0
12	94	0
54	8	0
59	45	0
63	21	0
37	22	0
27	35	0
43	25	0
77	0	0
38	93	0
62	33	0
36	89	0
93	14	0
33	48	0
46	65	0
81	22	0
83	77	0
62	74	0
32	64	0
42	90	0
79	76	0
81	48	0
17	73	0
80	82	0
78	97	0
24	36	0
19	48	0
95	47	0
26	84	0
99	86	0
63	93	0
40	4	0
70	63	0
91	67	0
70	86	0
79	50	0
88	73	0
78	39	0
18	54	0
5	59	0
66	86	0
72	36	0
53	61	0
52	7	0
33	22	0
85	74	0
10	57	0
31	50	0
57	34	0
41	20	0
57	31	0
19	85	0
26	33	1
3	64	0
15	79	0
74	50	0
15	28	1
69	18	0
93	30	0
80	6	0
58	83	0
0	52	0
52	27	0
55	44	0
50	84	0
89	9	0
25	35	0
62	65	0
45	85	0
18	98	0
36	65	0
30	83	0
36	23	0
78	72	0
45	42	0
42	81	0
57	35	0
11	45	0
64	59	0
63	23	0
28	83	0
84	43	0
31	34	0
37	49	0
25	13	0
0	59	0
78	64	0
83	70	0
38	55	0
87	56	0
83	69	0
73	29	0
63	16	0
80	77	0
77	22	0
1	58	0
81	81	0
33	26	0
70	36	0
22	63	0
10	88	0
33	94	0
31	59	0
98	28	0
16	47	0
58	90	0
8	85	0
94	69	0
57	59	0
85	35	0
17	7	0
47	25	0
60	2	0
5	80	0
53	50	0
86	68	0
77	37	0
12	7	0
13	47	0
69	13	0
17	84	0
81	1	0
49	71	0
38	31	0
87	96	0
12	19	0
26	94	0
97	58	0
29	10	0
92	85	0
51	57	0
68	59	0
48	26	0
93	32	0
89	79	0
5	63	0
3	77	0
18	46	0
11	84	0
3	94	0
81	20	0
38	49	0
8	94	0
49	12	0
74	7	0
38	64	0
69	55	0
50	23	0
32	66	0
33	32	0
85	22	0
4	41	0
85	67	0
86	11	0
62	48	0
24	24	0
48	4	0
11	94	0
51	62	0
44	60	0
36	13	0
2	94	0
3	95	0
64	58	0
89	33	0
31	24	0
25	71	0
95	85	0
50	29	0
60	77	0
67	91	0
6	77	0
73	28	0
51	57	0
22	33	0
94	70	0
52	68	0
97	14	0
83	10	0
85	25	0
69	96	0
44	62	0
42	68	0
75	11	0
37	10	0
69	98	0
74	70	0
19	54	0
68	39	0
64	91	0
81	18	0
91	54	0
25	75	0
46	57	0
21	29	0
94	26	0
32	54	0
81	9	0
90	96	0
73	61	0
57	80	0
73	37	0
75	78	0
7	95	0
40	7	0
9	91	0
6	60	0
61	70	0
72	88	0
71	8	0
89	99	0
84	12	0
84	85	0
63	8	0
84	35	0
79	42	0
52	36	0
16	87	0
63	98	0
66	79	0
19	48	0
11	36	0
24	95	0
11	65	0
46	6	0
38	51	0
20	58	0
42	32	0
0	43	0
96	54	0
48	27	0
13	53	0
26	81	0
73	76	0
2	3	1
97	65	0
16	67	0
60	50	0
29	61	0
79	42	0
53	38	0
7	16	1
4	42	0
20	56	0
81	58	0
69	51	0
84	55	0
1	64	0
66	58	0
0	82	0
2	24	0
91	67	0
18	59	0
40	3	0
35	30	0
9	92	0
23	84	0
75	43	0
64	68	0
71	53	0
74	81	0
41	68	0
52	32	0
6	68	0
50	63	0
37	44	0
63	57	0
80	18	0
