91	65	0
49	16	0
41	17	0
46	99	0
5	23	0
95	33	0
95	88	0
42	16	0
73	80	0
37	36	0
81	39	0
5	84	0
17	11	0
24	63	0
99	20	0
98	74	0
65	29	0
33	49	0
97	61	0
90	1	0
41	85	0
70	76	0
72	94	0
69	0	0
44	87	0
61	1	0
74	82	0
65	96	0
99	61	0
0	34	0
47	38	0
46	29	0
87	28	0
47	44	0
91	64	0
17	90	0
59	88	0
98	24	0
76	95	0
52	3	0
20	50	0
80	52	0
92	63	0
55	75	0
94	43	0
14	86	0
30	41	0
62	10	0
89	57	0
14	67	0
61	7	0
28	85	0
51	94	0
33	67	0
96	62	0
41	26	0
43	34	0
80	75	0
94	95	0
79	19	0
10	97	0
89	8	0
42	4	0
76	69	0
44	19	0
11	82	0
79	11	0
41	79	0
85	90	0
61	67	0
14	23	0
76	83	0
31	37	0
23	48	0
87	36	0
10	32	0
40	79	0
47	85	0
69	22	0
43	97	0
62	97	0
3	1	0
7	14	0
96	14	0
99	26	0
35	50	0
82	41	0
22	19	0
78	57	0
33	45	0
33	10	0
43	8	0
70	35	0
13	86	0
73	11	0
51	77	0
41	10	0
47	31	0
94	42	0
33	70	0
78	55	0
19	57	0
74	93	0
7	76	0
42	80	0
88	44	0
62	1	0
50	67	0
18	63	0
55	0	0
60	58	0
16	59	0
47	4	0
40	57	0
33	38	0
92	89	0
54	45	0
3	2	1
28	92	0
75	6	0
66	64	0
17	31	1
84	80	0
95	10	0
68	65	0
54	75	0
33	11	0
55	98	0
79	79	0
82	54	0
34	97	0
68	29	0
41	23	0
19	42	0
83	11	0
4	77	0
98	68	0
99	23	0
87	31	0
40	55	0
60	18	0
86	81	0
7	17	0
44	14	0
91	69	0
33	40	0
80	73	0
87	88	0
50	17	0
43	32	0
55	60	0
8	48	0
25	71	0
11	58	0
79	73	0
38	53	0
46	96	0
78	58	0
72	74	0
52	85	0
16	45	0
92	67	0
0	32	0
42	47	0
25	14	0
22	76	0
39	77	0
92	39	0
30	31	0
83	17	0
38	83	0
59	30	0
46	45	0
80	83	0
23	56	0
66	84	0
34	86	0
34	58	0
34	23	0
60	10	0
35	75	0
20	78	0
77	83	0
92	58	0
15	84	0
19	35	0
98	68	0
28	63	0
30	92	0
52	88	0
42	48	0
31	9	0
18	41	0
66	83	0
82	93	0
54	85	0
75	24	0
2	73	0
54	5	0
79	20	0
69	30	0
76	22	0
24	60	0
1	67	0
52	60	0
77	32	0
35	71	0
93	27	0
39	92	0
33	65	0
39	14	0
78	73	0
31	55	0
33	5	0
9	96	0
69	11	0
98	85	0
80	90	0
93	15	0
2	77	0
13	70	0
96	44	0
52	71	0
39	47	0
51	62	0
57	73	0
47	62	0
11	77	0
34	65	0
72	6	0
1	66	0
64	96	0
86	46	0
42	87	0
88	61	0
49	12	0
47	67	0
21	83	0
35	98	0
60	32	0
66	30	0
20	35	0
95	60	0
75	41	0
76	63	0
9	70	0
56	20	0
4	88	0
70	64	0
52	48	0
67	47	0
53	18	0
5	58	0
82	36	0
49	10	0
74	64	0
48	83	0
68	35	0
97	37	0
96	4	0
0	67	0
89	72	0
21	95	0
95	66	0
43	93	0
63	30	0
55	2	0
21	95	0
68	36	0
41	60	0
43	79	0
48	4	0
23	88	0
71	91	0
86	81	0
74	36	0
87	70	0
15	87	0
46	47	0
52	10	0
67	24	0
30	14	0
36	1	0
48	6	0
56	53	0
72	34	0
33	56	0
33	52	0
43	64	0
72	88	0
93	83	0
61	82	0
81	18	0
82	51	0
78	12	0
22	54	0
31	15	0
86	38	0
65	31	0
74	75	0
6	41	0
51	73	0
54	23	0
29	92	0
34	94	0
21	72	0
93	65	0
43	26	0
38	7	0
24	58	0
89	58	0
72	16	0
78	88	0
12	9	0
69	90	0
9	76	0
48	83	0
41	31	0
0	51	0
80	6	0
25	31	0
88	14	0
52	16	0
83	12	0
31	44	0
15	48	0
84	24	0
92	56	0
2	22	0
22	32	0
4	65	0
36	83	0
17	86	0
2	8	1
45	86	0
54	75	0
49	43	0
70	26	0
48	93	0
41	68	0
89	96	0
39	33	0
17	47	0
22	39	0
57	71	0
80	90	0
42	23	0
87	8	0
27	1	0
63	1	0
60	13	0
22	42	0
76	64	0
71	0	0
14	36	0
46	20	0
56	44	0
45	49	0
24	58	0
87	82	0
72	49	0
17	58	0
53	34	0
96	8	0
57	10	0
61	21	0
55	41	0
27	32	0
10	73	0
73	77	0
15	78	0
36	86	0
21	99	0
50	29	0
40	47	0
93	51	0
73	43	0
6	84	0
75	77	0
63	82	0
15	32	1
75	28	0
63	96	0
74	0	0
83	57	0
80	52	0
30	17	0
40	45	0
36	40	0
90	79	0
1	5	1
69	21	0
93	1	0
17	40	0
34	91	0
64	74	0
83	4	0
3	61	0
97	32	0
45	96	0
77	17	0
68	51	0
50	55	0
45	41	0
29	41	0
42	36	0
72	80	0
79	39	0
41	36	0
76	71	0
25	59	0
18	93	0
91	92	0
32	36	0
2	81	0
62	27	0
92	15	0
82	42	0
9	58	0
64	45	0
38	35	0
46	44	0
1	98	0
71	18	0
51	10	0
88	54	0
49	21	0
26	80	0
20	5	0
72	49	0
69	98	0
1	77	0
45	54	0
45	71	0
56	27	0
22	99	0
17	47	0
30	39	0
60	18	0
86	24	0
90	18	0
85	90	0
23	61	0
30	24	0
31	32	0
83	16	0
61	60	0
71	91	0
17	41	0
71	98	0
89	64	0
38	73	0
69	10	0
66	40	0
76	22	0
74	7	0
46	21	0
43	33	0
93	0	0
82	32	0
0	72	0
87	11	0
94	99	0
3	99	0
87	56	0
53	46	0
24	16	0
96	85	0
67	58	0
11	97	0
63	26	0
81	37	0
82	54	0
78	61	0
30	68	0
73	77	0
42	97	0
83	71	0
20	29	0
35	99	0
93	81	0
38	37	0
27	36	0
65	79	0
59	95	0
42	68	0
58	99	0
55	52	0
37	64	0
31	68	0
88	23	0
20	98	0
87	49	0
24	92	0
53	64	0
47	76	0
86	35	0
36	38	0
21	50	0
52	25	0
92	64	0
68	16	0
88	97	0
71	99	0
37	55	0
63	1	0
32	46	0
39	90	0
38	26	0
50	67	0
70	81	0
24	23	0
86	98	0
40	25	0
25	21	0
66	39	0
24	76	0
47	14	0
6	55	0
87	83	0
57	87	0
56	46	0
82	10	0
49	72	0
44	55	0
99	59	0
86	3	0
2	71	0
77	0	0
70	73	0
75	35	0
38	14	0
32	71	0
83	79	0
25	64	0
53	82	0
78	25	0
12	62	0
70	20	0
45	59	0
63	96	0
32	91	0
89	6	0
93	27	0
64	15	0
32	87	0
12	88	0
7	86	0
74	42	0
68	62	0
71	81	0
14	46	0
72	32	0
66	63	0
86	78	0
53	60	0
21	59	0
29	62	0
40	22	0
43	23	0
1	43	0
44	66	0
38	44	0
93	32	0
75	33	0
75	1	0
86	45	0
53	69	0
22	54	0
58	28	0
92	79	0
62	89	0
94	69	0
16	48	0
59	73	0
67	46	0
30	52	0
77	33	0
19	54	0
39	21	0
79	51	0
85	98	0
59	56	0
16	62	0
49	3	0
52	60	0
29	86	0
40	29	0
86	81	0
91	71	0
17	98	0
60	73	0
11	71	0
76	59	0
32	48	0
45	62	0
35	74	0
63	71	0
19	31	1
8	63	0
94	78	0
71	55	0
96	57	0
21	64	0
52	88	0
58	26	0
93	26	0
36	44	0
97	9	0
19	89	0
26	33	0
35	71	0
86	58	0
19	43	0
82	66	0
17	99	0
13	71	0
13	9	1
91	87	0
39	29	0
1	69	0
78	88	0
51	63	0
82	70	0
22	92	0
97	35	0
29	1	0
36	85	0
34	76	0
35	20	0
21	40	0
6	17	0
82	73	0
95	4	0
59	5	0
70	14	0
98	46	0
34	10	0
27	50	0
97	43	0
7	54	0
56	83	0
0	61	0
21	78	0
73	55	0
49	94	0
80	47	0
70	85	0
28	35	0
75	66	0
43	57	0
81	50	0
17	77	0
46	34	0
32	76	0
84	32	0
59	36	0
99	74	0
94	99	0
88	77	0
34	69	0
18	27	0
57	41	0
45	78	0
33	17	0
25	2	0
36	75	0
19	38	0
62	4	0
70	82	0
74	66	0
93	14	0
7	46	0
67	88	0
4	94	0
54	10	0
68	52	0
63	20	0
35	19	0
24	35	0
35	14	0
74	7	0
39	87	0
55	32	0
31	80	0
78	14	0
30	44	0
48	63	0
75	19	0
87	69	0
62	70	0
35	66	0
50	90	0
75	84	0
85	48	0
25	67	0
75	73	0
64	95	0
19	42	0
20	53	0
97	35	0
30	86	0
97	87	0
69	84	0
45	3	0
59	59	0
92	57	0
68	84	0
84	52	0
95	77	0
83	31	0
8	61	0
7	59	0
72	86	0
76	42	0
55	62	0
57	9	0
32	16	0
84	67	0
21	32	0
11	59	0
42	50	0
54	40	0
39	18	0
47	33	0
15	86	0
22	36	0
8	60	0
14	75	0
72	47	0
18	21	0
63	12	0
96	30	0
78	1	0
57	78	0
8	57	0
59	30	0
50	34	0
57	80	0
93	15	0
35	40	0
54	62	0
52	79	0
18	99	0
40	71	0
37	83	0
26	24	0
75	81	0
41	47	0
33	85	0
64	30	0
13	41	0
59	61	0
64	22	0
29	75	0
80	39	0
53	42	0
46	46	0
29	11	0
8	66	0
76	68	0
74	64	0
42	45	0
88	59	0
81	74	0
72	26	0
62	8	0
75	80	0
76	13	0
8	65	0
74	81	0
41	20	0
70	37	0
19	69	0
13	87	0
36	91	0
27	54	0
97	28	0
20	51	0
51	98	0
18	86	0
99	72	0
57	63	0
83	38	0
22	3	0
49	23	0
63	2	0
9	81	0
61	57	0
83	66	0
74	45	0
17	2	0
24	45	0
73	12	0
5	82	0
78	2	0
48	66	0
47	27	0
81	94	0
4	22	0
20	91	0
97	53	0
31	15	0
97	84	0
59	65	0
72	52	0
42	30	0
90	30	0
94	79	0
7	67	0
0	79	0
20	54	0
8	89	0
4	89	0
79	25	0
46	41	0
6	94	0
52	7	0
69	5	0
41	53	0
73	51	0
47	20	0
28	60	0
30	30	0
84	14	0
12	42	0
88	63	0
92	6	0
55	53	0
27	19	0
58	12	0
14	93	0
56	75	0
40	62	0
38	16	0
2	90	0
6	89	0
68	53	0
96	38	0
41	27	0
26	79	0
99	93	0
52	30	0
57	74	0
69	88	0
1	78	0
72	25	0
56	58	0
20	36	0
96	74	0
46	65	0
98	14	0
75	14	0
85	22	0
76	94	0
44	66	0
35	78	0
81	23	0
31	7	0
66	95	0
67	75	0
18	53	0
71	43	0
68	93	0
79	9	0
96	53	0
31	76	0
58	50	0
31	30	0
83	21	0
32	50	0
67	1	0
88	99	0
77	65	0
52	75	0
81	28	0
77	74	0
10	88	0
40	4	0
16	95	0
0	63	0
67	66	0
72	93	0
76	6	0
95	98	0
84	9	0
80	81	0
66	3	0
84	34	0
84	42	0
57	36	0
11	80	0
61	89	0
55	73	0
17	54	0
9	39	0
31	97	0
9	62	0
42	6	0
32	52	0
16	61	0
46	35	0
1	44	0
96	51	0
51	23	0
11	51	0
26	85	0
78	81	0
1	1	0
90	66	0
15	68	0
60	43	0
32	62	0
88	50	0
56	38	0
0	9	0
0	49	0
24	59	0
91	61	0
73	53	0
96	63	0
7	55	0
75	63	0
7	78	0
5	24	0
89	57	0
27	64	0
42	12	0
38	30	0
8	84	0
31	90	0
2	2	1
81	44	0
72	67	0
75	56	0
78	75	0
39	74	0
44	24	0
4	67	0
53	69	0
36	48	0
61	50	0
86	17	0
