91	63	0
51	15	0
44	21	0
46	88	0
1	42	0
88	31	0
95	79	0
11	5	0
46	13	0
67	90	0
45	37	0
76	45	0
4	90	0
27	7	0
18	55	0
96	4	0
85	79	0
66	28	0
30	65	0
96	61	0
98	3	0
38	74	0
70	77	0
79	84	0
76	2	0
22	92	0
59	17	0
74	74	0
68	90	0
96	58	0
0	42	0
31	31	0
43	21	0
80	20	0
46	51	0
86	75	0
6	92	0
66	68	0
93	14	0
86	96	0
44	15	0
25	58	0
68	53	0
98	62	0
60	88	0
92	50	0
20	98	0
33	45	0
59	13	0
91	45	0
24	63	0
58	7	0
33	85	0
61	93	0
31	68	0
96	72	0
56	19	0
40	60	0
87	73	0
99	94	0
79	10	0
22	96	0
90	4	0
50	12	0
93	66	0
41	24	0
15	88	0
92	7	0
33	81	0
88	71	0
61	51	0
23	30	0
94	77	0
22	41	0
26	50	0
91	36	0
24	14	0
14	41	0
39	82	0
60	97	0
72	25	0
43	95	0
70	92	0
6	5	0
15	29	0
93	14	0
93	15	0
49	50	0
85	39	0
22	31	0
76	49	0
47	48	0
26	10	0
32	2	0
71	50	0
24	83	0
55	1	0
46	83	0
38	1	0
33	28	0
85	42	0
52	63	0
57	47	0
20	77	0
70	74	0
0	83	0
50	92	0
84	48	0
71	20	0
52	79	0
1	55	0
63	8	0
52	71	0
5	79	0
51	0	0
26	56	0
20	30	0
94	79	0
10	30	1
42	26	0
3	0	0
37	95	0
87	1	0
60	63	0
13	37	0
78	77	0
95	18	0
65	65	0
52	85	0
31	20	0
59	96	0
17	15	0
71	80	0
66	50	0
27	94	0
77	31	0
40	32	0
21	24	0
72	7	0
10	6	0
1	76	0
13	13	0
94	79	0
93	8	0
86	40	0
50	58	0
65	8	0
87	89	0
5	2	0
38	18	0
13	10	0
82	77	0
37	40	0
90	75	0
82	80	0
56	28	0
57	36	0
75	57	0
4	48	0
29	75	0
15	58	0
87	77	0
46	60	0
34	96	0
85	44	0
73	70	0
61	84	0
21	36	0
94	78	0
4	48	0
31	34	0
19	23	0
23	76	0
29	69	0
98	21	0
47	32	0
75	7	0
42	81	0
69	22	0
56	32	0
78	74	0
23	49	0
68	60	0
37	97	0
31	66	0
28	4	0
69	22	0
20	95	0
6	88	0
64	83	0
84	48	0
20	86	0
23	45	0
82	72	0
22	52	0
33	74	0
36	88	0
54	41	0
31	2	0
19	44	0
76	90	0
92	86	0
62	94	0
68	16	0
9	55	0
63	8	0
58	23	0
60	27	0
79	19	0
31	63	0
3	73	0
50	68	0
63	38	0
32	68	0
86	23	0
58	87	0
36	74	0
22	13	0
86	80	0
31	76	0
44	1	0
3	86	0
82	20	0
95	72	0
76	85	0
85	25	0
1	79	0
23	85	0
97	48	0
59	70	0
34	45	0
43	77	0
72	68	0
50	58	0
12	80	0
35	66	0
66	5	0
10	60	0
65	96	0
70	41	0
29	83	0
91	65	0
41	10	0
40	61	0
6	69	0
38	93	0
57	28	0
73	18	0
18	39	0
91	61	0
64	41	0
80	49	0
12	91	0
58	14	0
19	80	0
64	69	0
62	57	0
68	59	0
57	3	0
24	13	0
9	55	0
76	49	0
52	11	0
66	54	0
47	86	0
64	53	0
91	28	0
96	10	0
17	61	0
84	67	0
21	90	0
14	13	0
97	55	0
39	96	0
49	35	0
49	2	0
11	98	0
75	39	0
44	56	0
37	77	0
42	6	0
18	82	0
81	82	0
84	77	0
59	33	0
88	70	0
14	89	0
39	43	0
67	1	0
73	21	0
29	26	0
53	5	0
62	13	0
54	38	0
66	37	0
27	50	0
21	49	0
56	48	0
72	73	0
86	81	0
45	97	0
76	14	0
96	57	0
73	8	0
13	55	0
21	12	0
90	38	0
54	32	0
73	75	0
14	46	0
49	63	0
61	23	0
30	96	0
28	90	0
38	76	0
96	48	0
45	24	0
49	0	0
29	44	0
90	54	0
72	6	0
66	95	0
27	3	0
69	92	0
7	79	0
44	78	0
31	25	0
4	51	0
15	15	1
84	11	0
19	33	0
79	19	0
40	5	0
11	4	0
83	14	0
27	66	0
24	45	0
89	30	0
89	48	0
12	37	0
23	37	0
4	52	0
31	90	0
13	75	0
2	10	0
35	94	0
51	69	0
47	20	0
10	16	1
56	32	0
42	83	0
38	70	0
88	97	0
32	31	0
17	56	0
36	46	0
54	68	0
76	98	0
44	12	0
69	1	0
28	10	0
45	7	0
59	0	0
20	56	0
76	59	0
63	0	0
27	46	0
61	4	0
55	57	0
47	53	0
35	58	0
79	81	0
68	51	0
18	69	0
53	38	0
19	16	0
98	7	0
43	2	0
63	21	0
54	30	0
18	42	0
8	73	0
62	72	0
10	81	0
36	99	0
27	87	0
39	22	0
41	39	0
87	65	0
56	36	0
8	70	0
76	82	0
65	84	0
30	32	0
68	21	0
72	91	0
68	7	0
97	61	0
77	44	0
40	22	0
35	42	0
37	40	0
88	76	0
15	20	0
71	21	0
83	6	0
9	53	0
33	85	0
77	74	0
80	0	0
2	66	0
92	46	0
58	96	0
11	14	0
69	3	0
58	60	0
37	58	0
57	49	0
23	35	0
48	39	0
75	81	0
64	51	0
40	30	0
69	73	0
23	47	0
23	80	0
77	87	0
45	14	0
1	80	0
74	18	0
84	21	0
71	45	0
18	62	0
67	17	0
20	27	0
56	45	0
12	94	0
68	48	0
53	8	0
89	51	0
42	25	0
28	75	0
45	1	0
79	36	0
6	1	0
62	93	0
7	90	0
28	37	0
52	73	0
56	30	0
10	95	0
13	48	0
17	39	0
56	17	0
94	36	0
75	21	0
87	99	0
32	62	0
18	23	0
40	17	0
43	29	0
91	13	0
57	61	0
81	77	0
31	35	0
63	96	0
74	57	0
38	79	0
77	1	0
72	41	0
81	15	0
65	20	0
43	24	0
30	32	0
96	6	0
64	22	0
5	72	0
98	7	0
96	86	0
6	93	0
9	30	1
92	66	0
44	48	0
37	2	0
92	86	0
82	58	0
22	99	0
68	28	0
74	39	0
90	62	0
9	21	1
85	72	0
33	80	0
77	78	0
28	99	0
92	71	0
32	47	0
23	87	0
97	85	0
32	32	0
30	35	0
70	71	0
70	96	0
51	74	0
14	11	1
47	79	0
62	61	0
39	58	0
34	72	0
88	20	0
12	93	0
82	50	0
24	76	0
38	61	0
47	81	0
89	31	0
29	31	0
21	50	0
4	16	0
62	40	0
99	69	0
59	22	0
79	91	0
70	94	0
31	39	0
49	16	0
28	47	0
19	78	0
34	29	0
54	68	0
69	95	0
33	29	0
75	84	0
52	34	0
39	11	0
69	38	0
24	76	0
48	12	0
7	59	0
96	83	0
58	99	0
45	56	0
75	11	0
47	68	0
47	57	0
95	57	0
92	2	0
2	68	0
75	6	0
85	80	0
68	29	0
34	0	0
27	68	0
78	77	0
34	86	0
54	77	0
85	15	0
14	77	0
57	17	0
55	73	0
63	95	0
31	93	0
96	10	0
92	18	0
68	8	0
42	92	0
11	89	0
0	89	0
77	57	0
75	64	0
82	64	0
11	44	0
84	49	0
64	51	0
8	21	0
80	68	0
65	62	0
16	45	0
15	66	0
40	26	0
41	39	0
11	58	0
59	57	0
46	47	0
98	43	0
77	32	0
79	4	0
77	36	0
44	89	0
18	18	0
25	48	0
71	43	0
99	86	0
72	74	0
99	74	0
21	48	0
55	77	0
56	47	0
28	62	0
84	41	0
8	29	1
21	63	0
39	23	0
80	64	0
70	98	0
51	54	0
26	59	0
36	5	0
84	67	0
22	77	0
50	29	0
87	79	0
91	78	0
17	89	0
44	58	0
14	78	0
77	79	0
40	57	0
53	61	0
37	82	0
71	70	0
31	30	0
18	66	0
94	79	0
76	59	0
99	63	0
34	83	0
56	80	0
70	29	0
27	24	0
88	27	0
40	31	0
98	0	0
18	83	0
21	21	0
1	17	0
38	99	0
88	68	0
21	41	0
92	60	0
15	96	0
16	65	0
33	0	0
94	89	0
24	26	0
0	84	0
72	99	0
40	60	0
79	66	0
23	79	0
92	23	0
24	25	0
32	80	0
29	76	0
40	16	0
23	41	0
12	34	0
98	71	0
89	13	0
51	12	0
72	8	0
90	48	0
27	7	0
44	29	0
96	36	0
9	55	0
47	88	0
12	55	0
18	79	0
73	56	0
48	95	0
65	52	0
74	83	0
35	26	0
90	69	0
34	65	0
90	44	0
11	76	0
68	42	0
27	68	0
70	31	0
5	27	1
62	38	0
90	81	0
85	88	0
84	94	0
28	84	0
20	44	0
45	50	0
48	63	0
39	29	0
24	10	0
38	63	0
7	46	0
66	1	0
75	85	0
89	54	0
97	8	0
11	50	0
4	2	0
80	95	0
4	84	0
51	20	0
56	33	0
75	11	0
20	1	0
51	16	0
18	40	0
4	34	1
56	14	0
54	6	0
3	25	1
30	83	0
54	20	0
30	98	0
78	0	0
31	44	0
50	64	0
67	17	0
90	61	0
62	71	0
43	63	0
53	98	0
83	89	0
14	12	0
96	57	0
16	62	0
84	68	0
56	84	0
15	35	0
13	60	0
99	45	0
28	81	0
93	96	0
66	85	0
43	11	0
43	60	0
73	55	0
42	89	0
81	51	0
96	75	0
77	26	0
10	63	0
5	65	0
82	94	0
70	36	0
58	65	0
58	6	0
20	20	0
68	69	0
32	37	0
15	61	0
32	50	0
51	50	0
35	12	0
60	30	0
4	90	0
26	44	0
12	59	0
5	60	0
82	58	0
26	20	0
64	20	0
94	24	0
81	0	0
57	65	0
2	69	0
60	26	0
35	33	0
13	15	1
14	17	0
76	70	0
69	20	0
39	44	0
49	78	0
54	83	0
15	95	0
20	63	0
49	85	0
29	41	0
79	95	0
51	40	0
31	79	0
15	9	0
57	22	0
7	46	0
60	50	0
71	14	0
30	74	0
85	62	0
57	52	0
52	44	0
41	23	0
0	68	0
75	66	0
73	51	0
41	32	0
75	62	0
74	72	0
74	43	0
60	11	0
90	75	0
83	25	0
3	73	0
69	69	0
7	28	1
11	28	1
26	2	0
46	26	0
7	1	0
12	52	0
16	80	0
33	92	0
28	46	0
98	33	0
9	48	0
58	97	0
16	85	0
99	66	0
47	63	0
4	22	1
83	42	0
24	1	0
60	22	0
54	7	0
14	2	0
26	84	0
50	61	0
86	75	0
66	43	0
17	8	0
27	29	0
56	8	0
9	24	1
2	74	0
73	2	0
40	70	0
57	30	0
69	99	0
10	39	0
10	90	0
91	51	0
26	20	0
89	76	0
63	56	0
65	37	0
46	31	0
95	28	0
87	62	0
12	59	0
3	93	0
31	52	0
1	88	0
6	92	0
91	23	0
30	50	0
1	98	0
54	7	0
66	4	0
44	49	0
23	20	0
66	44	0
40	23	0
18	79	0
22	34	0
55	7	0
8	38	0
94	52	0
91	4	0
56	51	0
35	2	0
42	27	0
11	93	0
56	75	0
31	66	0
14	3	0
38	23	0
9	86	0
0	78	0
67	50	0
89	43	0
53	38	0
15	79	0
22	33	0
93	81	0
68	26	0
44	78	0
62	95	0
19	12	0
7	89	0
68	16	0
55	75	0
33	39	0
94	69	0
30	75	0
93	26	0
86	16	0
98	15	0
82	86	0
44	58	0
17	84	0
81	13	0
37	6	0
68	80	0
67	73	0
18	43	0
68	45	0
62	78	0
81	20	0
94	45	0
9	67	0
60	44	0
27	31	0
91	26	0
60	43	0
68	15	0
91	93	0
78	69	0
52	70	0
76	36	0
57	71	0
4	94	0
36	3	0
7	95	0
18	77	0
67	64	0
73	95	0
85	13	0
95	96	0
78	1	0
8	6	0
91	74	0
68	8	0
97	35	0
73	61	0
50	46	0
16	65	0
65	92	0
59	74	0
1	44	0
6	44	0
37	96	0
0	81	0
60	6	0
38	46	0
13	68	0
39	34	0
15	24	1
3	43	0
97	55	0
55	31	0
4	46	0
25	90	0
77	62	0
1	7	0
90	88	0
21	82	0
64	50	0
41	54	0
89	41	0
61	39	0
0	7	0
11	9	0
4	53	0
24	57	0
97	75	0
60	47	0
96	69	0
12	55	0
78	58	0
19	80	0
2	2	0
74	81	0
0	15	1
28	71	0
38	9	0
29	23	0
5	73	0
31	93	0
5	4	0
77	35	0
57	61	0
81	65	0
84	82	0
41	87	0
31	26	0
2	65	0
10	10	0
35	69	0
49	48	0
52	51	0
82	15	0
