93	62	0
28	4	0
28	27	0
63	99	0
15	0	0
86	39	0
96	93	0
51	11	0
59	78	0
60	26	0
82	50	0
6	82	0
13	0	0
19	85	0
97	24	0
75	77	0
51	45	0
18	59	1
90	56	0
97	15	0
47	98	0
60	67	0
75	75	0
51	5	0
28	71	0
58	17	0
94	71	0
73	95	0
91	80	0
8	37	0
54	11	0
48	26	0
98	28	0
16	58	1
78	68	0
15	90	0
37	93	0
83	15	0
78	90	0
38	10	0
40	63	0
87	67	0
93	70	0
52	62	0
94	49	0
15	80	0
69	0	0
97	68	0
15	71	0
68	6	0
6	74	0
51	88	0
29	71	0
92	67	0
53	38	0
38	34	0
89	81	0
94	90	0
98	7	0
20	96	0
97	12	0
29	0	0
74	89	0
33	0	0
6	88	0
87	11	0
33	76	0
65	97	0
37	61	0
5	29	0
67	81	0
12	52	1
87	30	0
27	88	0
51	98	0
65	28	0
28	89	0
55	99	0
0	17	0
96	12	0
80	18	0
50	74	0
86	41	0
96	59	0
56	18	0
33	10	0
68	47	0
2	95	0
55	2	0
45	66	0
45	8	0
55	27	0
83	26	0
38	59	0
90	47	0
8	57	0
83	94	0
1	88	0
46	95	0
86	50	0
69	18	0
36	67	0
31	61	0
60	2	0
72	55	0
10	66	0
31	0	0
16	48	0
37	51	1
62	82	0
42	37	0
9	91	0
78	30	0
40	82	0
73	72	0
89	10	0
71	87	0
69	71	0
24	25	0
65	96	0
99	84	0
72	63	0
23	94	0
65	34	0
31	21	0
72	8	0
14	56	1
97	74	0
97	29	0
87	50	0
40	50	0
54	1	0
68	68	0
12	27	0
46	24	0
99	56	0
51	25	0
59	77	0
56	82	0
51	17	0
40	38	0
58	31	0
8	50	0
16	53	1
64	88	0
46	64	0
45	93	0
73	37	0
73	63	0
57	66	0
94	63	0
22	21	0
47	51	0
16	12	0
15	76	0
27	66	0
81	42	0
40	48	0
89	2	0
36	87	0
52	27	0
38	44	0
78	82	0
28	65	0
50	64	0
40	93	0
35	51	0
39	14	0
55	17	0
37	95	0
26	64	0
76	83	0
92	66	0
23	97	0
94	74	0
28	50	0
22	71	0
53	70	0
51	61	0
13	27	0
76	89	0
97	79	0
45	67	0
69	38	0
3	45	0
55	7	0
72	58	0
55	16	0
79	18	0
19	46	1
0	54	0
42	60	0
62	33	0
46	67	0
86	30	0
34	96	0
24	57	0
41	19	1
82	86	0
46	56	0
26	10	0
24	74	0
64	10	0
96	92	0
42	90	0
99	6	0
7	66	0
17	67	0
98	27	0
49	89	0
58	76	0
70	66	0
45	64	0
20	77	0
18	49	0
59	3	0
14	55	1
60	88	0
96	52	0
42	87	0
78	66	0
85	21	0
54	78	0
26	81	0
37	92	0
42	25	0
75	27	0
81	48	0
57	42	0
72	69	0
2	47	0
64	23	0
18	95	0
65	69	0
81	42	0
63	31	0
47	0	0
4	47	0
93	21	0
35	24	1
69	72	0
59	96	0
75	53	0
93	33	0
93	11	0
2	32	0
87	78	0
34	99	0
89	83	0
35	96	0
61	34	0
75	28	0
16	90	0
81	22	0
22	58	0
32	74	0
49	11	0
30	99	0
79	90	0
78	77	0
91	53	0
96	55	0
13	81	0
36	69	0
84	11	0
74	45	0
37	20	1
37	3	0
47	29	0
48	52	0
81	47	0
29	60	0
42	46	0
33	79	0
73	90	0
86	57	0
60	75	0
85	5	0
92	41	0
62	12	0
30	39	1
85	42	0
72	52	0
67	69	0
3	36	0
35	71	0
59	27	0
14	94	0
31	83	0
11	86	0
91	78	0
48	18	0
41	2	0
39	53	0
75	68	0
64	7	0
86	93	0
28	4	0
54	94	0
13	61	0
51	90	0
47	36	0
5	50	0
77	34	0
77	13	0
46	18	0
78	10	0
40	58	0
11	52	1
74	18	0
79	58	0
2	9	0
7	61	0
36	96	0
13	84	0
47	96	0
48	67	0
71	40	0
70	7	0
45	81	0
44	69	0
99	83	0
1	58	0
68	49	0
73	77	0
85	22	0
32	4	0
42	0	0
52	17	0
42	31	0
80	56	0
63	13	0
16	48	0
27	13	0
38	57	0
45	37	0
90	75	0
82	61	0
3	47	0
53	35	0
90	7	0
64	13	0
71	21	0
54	43	0
44	30	0
3	78	0
70	85	0
38	73	0
11	98	0
25	69	0
57	7	0
48	40	0
95	42	0
87	49	0
10	61	0
82	68	0
76	86	0
86	26	0
77	91	0
77	4	0
71	67	0
74	59	0
61	50	0
85	77	0
67	8	0
90	19	0
34	53	0
52	94	0
65	74	0
83	13	0
25	76	0
96	19	0
59	99	0
90	24	0
60	23	0
34	58	0
64	40	0
34	55	0
50	87	0
78	32	0
34	18	1
81	81	0
39	58	0
19	95	0
95	98	0
49	31	0
2	88	0
52	52	0
96	9	0
81	36	0
28	66	0
66	55	0
60	53	0
18	94	0
82	25	0
37	13	0
87	51	0
47	45	0
36	92	0
19	4	0
57	57	0
49	86	0
3	47	0
42	79	0
42	82	0
55	26	0
20	81	0
17	29	0
74	0	0
70	15	0
94	5	0
86	88	0
25	68	0
40	24	0
79	0	0
72	56	0
73	97	0
2	24	0
57	95	0
93	62	0
32	77	0
81	3	0
45	62	0
75	22	0
63	5	0
43	14	1
42	14	1
99	14	0
84	44	0
12	89	0
78	14	0
92	96	0
23	99	0
99	69	0
43	44	0
16	29	0
76	98	0
61	51	0
4	85	0
67	37	0
77	42	0
68	46	0
78	73	0
31	66	0
92	61	0
35	99	0
95	67	0
22	99	0
90	91	0
40	34	0
60	63	0
60	91	0
46	63	0
61	96	0
77	48	0
41	44	0
33	54	0
90	3	0
1	84	0
97	57	0
19	88	0
45	66	0
42	83	0
81	39	0
33	47	0
50	24	0
87	54	0
70	17	0
84	95	0
48	98	0
38	58	0
48	12	0
37	43	0
56	99	0
46	17	0
45	68	0
85	75	0
35	8	0
90	89	0
71	6	0
12	11	0
42	37	0
20	74	0
44	0	0
8	78	0
88	80	0
63	89	0
64	43	0
69	0	0
40	62	0
43	71	0
96	55	0
98	2	0
10	69	0
84	8	0
51	66	0
51	27	0
34	3	0
34	56	0
84	85	0
31	69	0
47	77	0
64	28	0
19	53	1
73	33	0
48	54	0
66	90	0
27	98	0
98	13	0
92	18	0
71	14	0
13	61	0
30	96	0
23	89	0
63	40	0
76	80	0
76	93	0
7	35	0
55	40	0
68	84	0
74	63	0
64	82	0
12	92	0
19	76	0
42	29	0
47	14	0
8	34	0
44	41	0
37	45	0
99	30	0
85	39	0
72	11	0
74	38	0
61	51	0
28	53	1
46	23	0
94	78	0
44	88	0
84	58	0
33	67	0
38	94	0
79	54	0
23	45	1
77	25	0
30	16	0
97	54	0
73	89	0
45	43	0
8	51	1
42	14	0
52	54	0
41	86	0
65	92	0
96	59	0
13	83	0
63	46	0
13	64	0
65	45	0
42	72	0
59	54	0
45	76	0
64	76	0
2	63	0
62	64	0
79	51	0
85	57	0
33	72	0
68	84	0
44	18	0
93	17	0
49	43	0
95	7	0
5	80	0
43	87	0
87	60	0
8	49	1
75	74	0
16	88	0
15	80	0
84	81	0
43	28	0
0	74	0
69	99	0
51	59	0
95	66	0
22	98	0
82	44	0
13	1	0
39	69	0
20	81	0
35	15	0
7	15	0
88	58	0
99	21	0
49	13	0
74	37	0
82	14	0
20	7	0
34	63	0
78	32	0
9	68	0
56	81	0
0	42	0
22	80	0
71	53	0
54	97	0
73	49	0
77	83	0
75	60	0
44	51	0
79	76	0
8	79	0
40	39	0
26	77	0
81	49	0
69	39	0
92	52	0
97	95	0
89	89	0
42	70	0
74	41	0
61	59	0
29	23	1
28	19	1
37	57	0
4	43	0
68	2	0
68	79	0
92	76	0
88	11	0
55	84	0
1	93	0
53	12	0
52	23	0
70	24	0
56	29	0
33	19	1
80	11	0
32	93	0
71	21	0
34	88	0
97	17	0
42	70	0
62	36	0
67	94	0
79	67	0
40	82	0
68	94	0
88	70	0
88	45	0
16	57	1
92	79	0
75	95	0
13	57	1
97	48	0
35	71	0
94	86	0
54	86	0
32	14	1
78	78	0
96	43	0
51	86	0
78	71	0
93	55	0
77	39	0
31	50	0
1	60	0
60	78	0
64	21	0
53	36	0
45	13	0
91	85	0
13	49	1
64	32	0
44	13	0
47	17	0
10	85	0
11	61	0
6	86	0
66	42	0
94	22	0
96	28	0
98	0	0
74	94	0
2	57	0
62	19	0
56	51	0
34	81	0
96	22	0
60	51	0
38	88	0
25	97	0
35	71	0
19	97	0
31	6	0
71	70	0
45	23	0
44	73	0
49	43	0
8	45	0
69	63	0
68	16	0
26	90	0
97	57	0
23	45	1
16	28	0
17	72	0
79	64	0
61	59	0
47	50	0
97	54	0
99	66	0
69	49	0
58	12	0
72	64	0
85	43	0
11	38	0
89	80	0
53	38	0
22	79	0
4	81	0
28	93	0
24	58	0
96	22	0
1	52	0
58	89	0
7	86	0
89	68	0
45	27	0
86	24	0
17	24	0
34	33	0
73	15	0
24	75	0
39	53	0
96	52	0
88	44	0
7	0	0
2	51	0
51	15	0
3	45	0
77	5	0
49	68	0
25	29	1
91	88	0
0	9	0
44	94	0
92	37	0
35	1	0
90	87	0
48	67	0
71	65	0
37	37	0
99	38	0
94	78	0
15	62	0
13	75	0
1	41	0
23	70	0
15	89	0
69	17	0
26	56	0
10	89	0
29	24	0
59	14	0
34	66	0
68	44	0
46	7	0
37	73	0
97	28	0
2	28	0
75	46	0
87	25	0
43	53	0
26	24	0
45	7	0
17	90	0
47	70	0
32	58	0
22	18	0
18	90	0
22	82	0
59	49	0
90	46	0
34	68	0
82	92	0
50	31	0
67	70	0
48	89	0
2	83	0
82	41	0
45	55	0
12	20	0
99	66	0
51	54	0
93	22	0
82	11	0
83	35	0
60	92	0
47	46	0
50	35	0
66	29	0
40	3	0
47	91	0
45	71	0
16	42	1
87	29	0
58	94	0
91	48	0
85	53	0
38	74	0
30	67	0
80	30	0
52	41	0
72	5	0
98	90	0
76	79	0
48	72	0
71	43	0
71	92	0
13	76	0
54	15	0
22	99	0
8	59	0
47	58	0
79	80	0
62	13	0
97	99	0
89	17	0
98	97	0
61	9	0
73	23	0
66	55	0
55	25	0
19	89	0
53	84	0
77	79	0
8	34	0
13	77	0
14	73	0
39	9	0
39	44	0
16	47	1
0	47	0
81	43	0
48	25	0
14	63	0
20	82	0
58	98	0
88	41	0
4	70	0
66	46	0
26	77	0
82	63	0
72	34	0
5	53	0
24	54	0
83	38	0
72	53	0
84	53	0
12	66	0
60	54	0
1	91	0
4	6	0
86	64	0
18	66	0
18	6	0
1	92	0
19	87	0
92	39	0
73	79	0
84	62	0
86	85	0
52	69	0
62	35	0
5	70	0
49	62	0
36	62	0
63	51	0
93	18	0
