79	60	0
33	30	0
67	98	0
15	9	0
94	38	0
81	95	0
68	44	0
4	79	0
4	6	0
14	93	0
90	43	0
68	76	0
34	31	0
69	75	0
96	57	0
52	95	1
59	72	0
39	29	0
85	74	0
95	85	0
73	75	0
9	29	0
68	72	0
75	33	0
64	92	0
50	72	0
65	80	0
95	45	0
98	26	0
92	75	0
34	3	0
44	87	1
83	33	0
31	17	0
96	73	0
92	71	0
93	21	1
92	11	0
21	35	0
61	78	0
3	86	0
97	9	1
60	95	0
18	29	0
80	75	0
91	35	0
56	93	0
4	16	0
93	16	0
69	39	0
71	18	1
54	42	0
73	32	0
14	99	1
91	65	0
60	92	0
16	61	0
40	83	1
96	54	0
34	35	0
27	7	0
69	62	0
14	92	0
98	32	0
38	67	0
87	56	0
98	5	0
74	97	0
69	84	0
6	27	0
76	79	0
81	65	0
79	38	0
19	98	1
59	40	0
85	43	0
88	35	0
89	38	0
18	60	0
3	14	0
89	59	0
57	96	0
40	77	0
58	93	0
70	36	0
60	65	0
82	76	0
77	75	0
18	18	0
14	10	0
84	60	0
89	0	0
14	52	0
71	79	0
64	79	0
59	76	0
53	7	0
50	94	1
72	91	0
77	52	0
12	90	0
90	83	0
4	89	0
16	53	0
88	88	0
86	76	0
53	76	0
74	43	0
80	40	0
53	68	0
22	55	0
41	20	0
92	91	0
72	4	0
82	37	0
83	94	0
62	77	0
72	74	0
13	25	0
11	77	1
67	99	0
75	64	1
46	92	1
60	93	0
26	84	0
38	38	0
75	54	1
58	46	0
58	79	0
69	35	0
2	97	0
94	36	0
63	25	0
50	21	0
80	18	1
63	69	0
74	94	0
85	74	0
88	8	1
95	30	0
97	77	0
68	73	0
53	83	0
14	72	0
93	9	1
11	52	0
77	75	0
80	69	0
91	52	0
84	53	0
91	66	0
54	12	0
39	24	0
76	61	0
25	75	0
57	82	0
81	76	0
80	6	1
93	46	0
99	32	0
71	60	0
68	99	0
60	9	0
2	93	0
11	98	0
95	58	0
59	62	1
94	72	0
15	17	0
47	99	1
80	9	1
78	9	0
89	23	0
87	22	0
80	31	0
12	11	0
30	74	0
57	92	0
84	40	0
74	95	0
91	71	0
63	31	0
64	82	0
6	7	0
32	8	0
42	27	0
65	35	0
2	55	0
31	13	0
95	85	0
96	59	0
99	13	0
61	0	0
37	8	0
98	86	0
28	76	0
8	93	0
33	34	0
75	46	0
74	69	0
55	73	0
86	83	0
71	30	0
75	77	0
87	34	0
85	69	0
62	37	0
99	75	0
61	14	0
98	9	0
31	58	0
76	89	0
98	45	0
89	43	0
75	95	0
92	40	0
47	45	0
56	99	0
71	83	0
23	78	0
83	80	0
5	96	0
92	11	1
93	14	1
44	84	1
18	99	1
86	31	0
94	65	0
31	2	0
48	92	1
44	57	0
11	13	0
89	45	0
88	8	1
70	90	0
16	21	0
75	25	0
74	79	0
15	30	0
77	39	0
81	2	0
96	69	0
67	16	0
95	93	0
12	35	0
54	96	0
64	56	0
95	40	0
60	45	0
74	55	1
3	55	0
90	74	0
92	62	0
3	86	0
75	87	0
38	21	0
65	54	0
64	98	0
68	90	0
97	51	0
63	12	0
67	38	0
78	30	0
92	57	0
75	39	0
86	69	0
44	97	1
50	89	1
90	96	0
80	94	0
16	8	0
4	83	0
75	83	0
71	97	0
57	19	0
81	52	0
94	0	0
94	78	0
65	81	0
90	19	1
63	78	0
87	19	1
95	3	0
85	28	0
10	43	0
7	97	0
15	98	1
89	89	0
86	89	0
82	85	0
84	58	0
78	85	0
8	92	0
25	21	0
3	11	0
36	41	0
88	11	1
85	37	0
64	64	0
58	4	0
75	84	0
80	80	0
80	49	0
75	61	0
31	20	0
98	39	0
78	96	0
55	39	0
70	84	0
98	64	0
16	58	0
42	71	0
52	78	0
52	86	1
0	47	0
71	73	0
95	44	0
94	67	0
54	91	0
89	26	0
84	9	0
94	68	0
63	72	0
5	94	0
79	90	0
21	18	0
5	86	0
66	74	0
61	68	0
81	86	0
0	84	0
82	52	0
16	0	0
49	87	1
7	83	0
0	16	0
98	51	0
76	21	1
18	18	0
15	34	0
69	39	0
68	78	0
91	78	0
87	42	0
80	74	0
72	91	0
1	68	0
88	65	0
64	24	0
99	43	0
77	86	0
81	70	0
44	77	0
95	66	0
93	10	1
48	77	0
0	97	0
74	35	0
80	25	1
31	32	0
65	84	0
33	72	0
63	93	0
95	53	0
87	37	0
70	68	0
92	80	0
93	44	0
96	98	0
78	70	0
71	36	0
43	86	1
82	77	0
86	72	0
94	31	0
46	64	0
62	32	0
81	90	0
86	52	0
24	84	0
84	36	0
77	45	0
89	39	0
99	83	0
73	42	0
4	87	0
9	97	0
38	33	0
25	72	0
44	88	1
62	9	0
2	96	0
75	47	0
13	15	0
18	61	0
69	70	0
68	68	0
80	51	0
76	41	0
74	66	0
79	46	0
14	39	0
96	78	0
58	97	0
82	19	0
42	94	1
19	90	0
95	58	0
62	36	0
25	17	0
26	31	0
77	50	0
99	33	0
17	2	0
42	0	0
51	62	0
95	85	0
27	8	0
41	83	1
58	17	0
85	81	0
72	64	1
64	92	0
14	49	0
99	46	0
86	62	0
6	90	0
3	94	0
49	25	0
92	27	0
17	28	0
87	38	0
74	12	0
39	27	0
19	96	0
63	86	0
21	34	0
74	39	0
68	87	0
69	35	0
11	7	0
94	54	0
87	36	0
87	22	0
59	27	1
51	96	0
86	36	0
58	97	0
61	55	0
72	53	0
51	92	0
93	52	0
92	99	0
82	86	0
54	85	1
79	78	0
74	19	0
95	47	0
95	99	0
93	95	0
84	21	0
84	66	0
15	96	1
85	96	0
61	73	0
5	20	0
27	93	0
88	29	0
16	96	0
52	78	1
71	38	0
78	49	0
76	54	0
99	56	0
84	38	0
81	19	1
5	82	0
12	11	0
59	80	0
28	69	0
36	6	0
1	81	0
96	42	0
92	86	0
87	50	0
89	84	0
67	53	1
85	18	1
97	39	0
