91	62	0
26	2	0
31	31	0
65	98	0
17	1	0
89	40	0
99	91	0
55	12	0
61	75	0
63	30	0
82	51	0
3	86	0
12	8	0
21	85	0
95	22	0
78	80	0
53	44	0
19	60	1
86	52	0
99	18	0
45	96	0
63	65	0
73	78	0
51	2	0
28	74	0
53	17	0
89	75	0
68	91	0
92	78	0
3	35	0
52	12	0
45	25	0
97	28	0
17	58	1
79	65	0
10	86	0
36	93	0
87	19	0
80	84	0
38	7	0
39	65	0
87	72	0
93	73	0
52	65	0
98	47	0
17	82	0
73	2	0
98	64	0
16	72	0
67	5	0
8	74	0
54	86	0
26	72	0
95	70	0
47	37	0
41	31	0
92	86	0
98	89	0
99	7	0
16	99	0
99	15	0
33	2	0
75	89	0
37	0	0
6	94	0
89	11	0
31	79	0
64	95	0
43	61	0
8	30	0
69	83	0
15	54	1
89	28	0
31	88	0
54	97	0
62	27	0
28	92	0
61	95	0
0	12	0
99	10	0
85	19	0
52	71	0
85	36	0
92	58	0
51	17	0
32	12	0
69	52	0
1	93	0
52	0	0
43	67	0
48	7	0
61	29	0
84	32	0
33	62	0
84	47	0
2	60	0
83	95	0
0	91	0
41	96	0
93	51	0
75	15	0
35	72	0
32	58	0
60	1	0
70	56	0
6	68	0
35	0	0
12	47	0
39	51	0
64	82	0
42	38	0
9	93	0
81	32	0
43	80	0
76	69	0
92	11	0
73	93	0
62	73	0
29	23	0
62	96	0
99	78	0
75	60	0
26	94	0
66	32	0
32	20	0
71	8	0
14	54	0
96	76	0
97	27	0
90	49	0
37	51	0
53	0	0
75	62	0
15	25	0
45	27	0
99	56	0
48	30	0
61	80	0
59	81	0
50	25	0
39	37	0
59	37	0
11	54	0
20	58	0
69	88	0
47	61	0
40	95	0
71	41	0
75	59	0
51	63	0
91	64	0
22	21	0
51	52	0
22	14	0
13	74	0
32	63	0
87	43	0
39	47	0
92	0	0
37	86	0
57	28	0
40	40	0
77	81	0
26	68	0
52	66	0
41	89	0
37	51	0
42	13	0
53	18	0
40	94	0
26	66	0
76	82	0
92	62	0
21	98	0
99	76	0
28	51	0
22	73	0
48	71	0
55	56	0
13	24	0
74	88	0
99	79	0
49	66	0
67	29	0
3	46	0
57	8	0
71	53	0
54	18	0
77	21	0
21	50	1
2	48	0
44	56	0
65	32	0
43	69	0
86	26	0
36	96	0
25	60	0
39	19	1
80	83	0
44	50	0
26	9	0
24	76	0
65	9	0
95	86	0
45	91	0
98	2	0
6	66	0
18	67	0
98	31	0
51	88	0
25	50	1
56	75	0
70	63	0
47	64	0
19	75	0
19	51	0
68	2	0
11	57	0
60	81	0
94	52	0
42	86	0
80	63	0
81	22	0
51	75	0
25	77	0
34	99	0
43	31	0
76	34	0
80	43	0
55	43	0
70	70	0
6	46	0
61	26	0
20	99	0
58	67	0
79	42	0
69	28	0
51	5	0
7	43	0
95	20	0
37	20	1
68	72	0
57	93	0
73	45	0
93	34	0
95	10	0
0	36	0
88	75	0
35	95	0
91	81	0
35	97	0
60	34	0
75	35	0
15	92	0
86	22	0
26	59	0
31	72	0
48	10	0
33	91	0
80	89	0
78	79	0
94	54	0
96	60	0
11	87	0
35	72	0
76	6	0
76	44	0
33	20	0
39	0	0
49	25	0
48	53	0
85	49	0
32	54	0
39	48	0
29	82	0
75	87	0
85	55	0
58	79	0
82	8	0
91	39	0
63	10	0
27	43	1
82	43	0
76	53	0
71	70	0
4	41	0
36	69	0
62	23	0
17	91	0
31	82	0
14	80	0
88	79	0
48	13	0
35	2	0
39	55	0
80	73	0
63	6	0
84	92	0
24	2	0
51	92	0
10	65	0
50	87	0
47	37	0
7	50	0
78	33	0
74	12	0
48	15	0
77	13	0
40	60	0
9	50	0
72	16	0
85	59	0
4	10	0
7	63	0
35	95	0
8	86	0
49	96	0
48	67	0
64	42	0
72	3	0
46	80	0
48	67	0
99	86	0
35	24	1
0	56	0
34	47	1
62	49	0
74	78	0
30	28	1
86	25	0
33	3	0
46	0	0
52	18	0
41	35	0
78	58	0
62	14	0
19	54	0
31	9	0
44	57	0
44	37	0
30	41	1
90	77	0
82	58	0
6	47	0
57	34	0
94	10	0
65	15	0
69	23	0
46	39	0
41	31	0
3	74	0
69	83	0
39	72	0
17	95	0
26	73	0
52	9	0
42	39	0
97	39	0
84	45	0
7	61	0
80	68	0
77	82	0
83	27	0
77	88	0
79	4	0
73	69	0
75	58	0
63	50	0
89	74	0
65	4	0
92	17	0
31	48	0
50	94	0
63	76	0
83	15	0
22	70	0
99	24	0
64	96	0
91	19	0
64	27	0
31	56	0
63	38	0
32	56	0
52	86	0
79	34	0
35	18	1
75	84	0
38	56	0
19	93	0
97	97	0
49	30	0
5	90	0
50	52	0
93	9	0
81	38	0
27	62	0
66	54	0
37	20	1
56	53	0
11	98	0
82	25	0
42	7	0
89	53	0
49	44	0
34	92	0
16	7	0
57	59	0
52	92	0
0	47	0
42	77	0
40	83	0
55	28	0
21	82	0
19	28	0
75	0	0
71	16	0
89	5	0
88	91	0
22	67	0
45	23	0
83	1	0
78	57	0
75	96	0
2	26	0
61	96	0
96	65	0
32	78	0
81	1	0
47	59	0
74	21	0
66	5	0
43	17	1
45	12	0
99	9	0
83	40	0
10	90	0
80	13	0
92	92	0
27	98	0
98	70	0
41	44	0
14	28	0
78	95	0
62	45	0
5	86	0
65	38	0
78	36	0
67	41	0
79	71	0
30	67	0
95	66	0
40	94	0
95	68	0
24	96	0
89	91	0
42	33	0
61	66	0
61	99	0
49	64	0
61	94	0
75	50	0
37	45	0
35	56	0
88	3	0
1	84	0
95	56	0
21	86	0
45	67	0
41	83	0
83	42	0
34	50	0
45	21	0
87	52	0
70	13	0
84	96	0
48	96	0
39	56	0
47	12	0
36	43	0
58	97	0
46	18	0
42	66	0
83	78	0
35	11	0
95	91	0
68	5	0
7	7	0
44	36	0
20	72	0
43	3	0
9	73	0
87	84	0
65	85	0
63	42	0
68	0	0
42	61	0
47	66	0
97	58	0
95	0	0
10	74	0
82	4	0
51	73	0
54	27	0
35	7	0
34	63	0
82	88	0
32	68	0
45	78	0
67	31	0
20	53	1
71	31	0
44	55	0
65	93	0
28	98	0
97	16	0
94	21	0
75	15	0
18	64	0
31	99	0
22	91	0
65	39	0
77	82	0
79	92	0
5	35	0
62	38	0
70	80	0
73	62	0
62	82	0
9	87	0
15	77	0
45	22	0
48	19	0
7	36	0
44	42	0
39	45	0
98	28	0
87	39	0
76	11	0
75	41	0
55	53	0
28	47	1
45	23	0
94	80	0
45	94	0
84	56	0
37	69	0
38	90	0
78	54	0
23	50	1
76	25	0
30	15	0
96	51	0
78	91	0
49	46	0
9	50	0
43	11	0
51	50	0
43	82	0
67	90	0
94	59	0
13	79	0
67	47	0
14	63	0
63	47	0
44	72	0
53	52	0
48	78	0
62	73	0
2	66	0
64	66	0
79	48	0
84	58	0
36	71	0
66	84	0
41	13	0
99	19	0
53	46	0
93	3	0
8	83	0
39	84	0
86	62	0
14	48	1
76	70	0
18	93	0
14	79	0
85	83	0
40	25	0
2	72	0
68	95	0
50	60	0
94	68	0
23	96	0
82	41	0
15	3	0
39	70	0
24	81	0
35	16	0
18	55	1
11	20	0
87	65	0
97	19	0
48	11	0
70	37	0
87	11	0
20	7	0
32	64	0
78	34	0
12	64	0
56	82	0
0	48	0
26	77	0
77	58	0
51	99	0
73	51	0
78	83	0
74	59	0
47	54	0
77	77	0
7	80	0
44	41	0
28	81	0
80	47	0
68	32	0
90	49	0
96	99	0
90	89	0
40	70	0
76	44	0
59	56	0
31	22	1
35	19	1
35	66	0
5	44	0
64	2	0
72	76	0
91	80	0
90	8	0
17	48	1
58	81	0
5	97	0
53	8	0
52	24	0
71	24	0
57	24	0
39	22	0
78	13	0
33	90	0
70	21	0
31	93	0
98	20	0
40	65	0
63	37	0
67	96	0
78	67	0
33	79	0
65	96	0
92	66	0
89	45	0
16	60	0
92	79	0
70	93	0
15	59	0
98	48	0
31	72	0
96	85	0
51	90	0
31	18	0
76	75	0
98	49	0
48	87	0
76	74	0
94	57	0
80	40	0
31	52	0
4	60	0
59	79	0
68	25	0
52	41	0
45	10	0
34	21	1
88	79	0
15	49	1
66	29	0
47	11	0
51	22	0
5	88	0
11	55	0
9	80	0
67	43	0
95	25	0
93	27	0
98	2	0
71	95	0
8	56	0
62	21	0
60	47	0
36	83	0
91	30	0
61	52	0
35	85	0
22	95	0
37	69	0
19	98	0
29	8	0
73	70	0
46	20	0
40	75	0
49	45	0
6	44	0
68	66	0
66	17	0
27	91	0
94	52	0
26	44	1
18	30	0
16	70	0
81	65	0
61	58	0
45	44	0
95	59	0
98	65	0
65	50	0
58	14	0
69	62	0
85	37	0
7	41	0
86	80	0
50	35	0
20	73	0
0	83	0
25	96	0
27	59	0
95	24	0
0	53	0
58	88	0
7	86	0
87	64	0
49	32	0
88	26	0
18	20	0
31	35	0
75	13	0
28	73	0
43	53	0
97	58	0
86	43	0
6	2	0
3	49	0
53	19	0
2	45	0
78	6	0
49	69	0
22	29	1
91	89	0
0	10	0
44	99	0
92	39	0
37	1	0
88	84	0
51	64	0
71	67	0
37	39	0
93	36	0
93	75	0
10	65	0
12	74	0
8	42	0
23	70	0
15	90	0
64	18	0
30	56	0
10	91	0
32	19	0
59	10	0
33	63	0
65	44	0
45	6	0
39	77	0
95	21	0
7	25	0
71	45	0
88	25	0
43	48	0
25	23	0
46	5	0
18	92	0
45	69	0
30	60	0
25	16	0
21	92	0
20	76	0
60	46	0
94	49	0
34	72	0
83	92	0
51	27	0
65	68	0
56	91	0
1	86	0
82	42	0
50	55	0
11	20	0
98	67	0
52	53	0
95	21	0
76	13	0
82	28	0
58	96	0
46	45	0
45	36	0
68	27	0
43	2	0
51	93	0
48	72	0
19	43	1
83	30	0
61	94	0
93	44	0
85	56	0
37	78	0
31	68	0
80	27	0
49	41	0
74	8	0
96	92	0
79	78	0
53	70	0
74	44	0
75	92	0
18	76	0
52	17	0
19	96	0
8	59	0
45	60	0
74	83	0
59	15	0
99	95	0
86	14	0
99	98	0
64	7	0
74	24	0
67	57	0
56	31	0
20	88	0
49	88	0
74	80	0
6	34	0
16	77	0
6	74	0
37	10	0
42	46	0
19	50	0
2	45	0
85	45	0
46	21	0
13	66	0
24	85	0
64	98	0
93	45	0
0	69	0
66	44	0
32	75	0
78	53	0
75	29	0
0	53	0
28	54	0
85	42	0
71	54	0
82	51	0
12	67	0
60	55	0
0	88	0
0	5	0
85	65	0
18	70	0
21	6	0
37	25	1
5	95	0
19	83	0
92	42	0
75	77	0
82	60	0
91	80	0
47	66	0
64	39	0
3	69	0
48	62	0
32	63	0
63	48	0
93	21	0
