95	70	0
30	26	0
61	99	0
14	7	0
87	31	0
84	98	0
43	81	0
70	41	0
4	83	0
3	1	0
18	90	0
94	47	0
70	74	0
30	35	0
81	88	0
99	47	0
44	98	0
38	79	1
66	74	0
44	17	0
78	65	0
83	87	0
83	85	0
3	28	0
77	15	0
72	68	0
26	94	1
85	24	0
70	92	0
50	64	0
74	75	0
98	53	0
96	21	0
21	76	1
90	83	0
14	72	1
35	4	0
5	72	1
40	88	0
75	47	0
30	12	0
99	84	0
84	84	0
95	15	0
97	16	0
23	38	0
58	87	0
8	86	0
89	0	0
64	94	0
4	29	0
77	83	0
93	30	0
29	82	1
58	93	0
80	18	0
29	84	1
25	10	0
94	5	0
76	35	0
45	80	0
78	25	0
52	52	0
81	27	0
14	99	0
43	80	0
96	67	0
74	93	0
6	63	0
49	90	0
95	49	0
70	20	1
47	38	0
31	9	0
70	59	0
7	84	0
96	27	0
42	66	0
89	56	0
90	2	0
74	99	0
75	83	0
6	28	0
66	81	0
84	71	0
81	43	0
20	98	0
70	39	0
90	52	0
90	29	0
99	36	0
15	54	0
2	15	0
99	58	0
51	91	0
42	77	0
54	91	0
71	34	0
71	68	0
79	79	0
84	65	0
25	21	0
19	11	0
79	56	0
95	4	0
25	99	0
24	42	0
69	73	0
60	83	0
53	80	0
40	3	0
50	83	0
64	80	0
81	54	0
21	92	0
90	82	0
1	77	0
18	55	0
78	85	0
89	76	0
48	68	0
62	41	0
84	40	0
28	90	1
52	72	0
26	43	0
55	80	0
41	28	0
92	83	0
30	99	0
89	4	0
79	35	0
66	87	0
66	78	0
60	70	0
22	33	0
21	68	0
56	91	0
80	70	0
43	91	0
54	85	0
74	18	1
42	91	0
24	26	0
76	64	0
62	46	0
72	71	0
75	39	0
11	88	0
56	53	0
93	38	0
66	35	0
49	19	0
88	29	0
63	74	0
76	99	0
84	70	0
95	22	0
99	34	0
99	70	0
28	85	1
67	74	0
53	88	0
79	21	0
15	82	0
93	5	0
19	38	0
30	93	1
28	89	0
83	71	0
72	77	0
91	48	0
84	54	0
45	84	0
92	65	0
54	4	0
43	26	0
81	45	0
31	72	0
66	75	0
75	67	0
82	5	0
94	50	0
99	34	0
71	62	0
71	87	0
56	8	0
6	91	0
7	90	0
95	62	0
73	60	0
81	13	0
98	76	0
21	13	0
33	98	0
51	92	0
90	2	0
86	3	0
99	31	0
78	30	0
73	37	0
5	7	0
15	89	0
46	89	0
50	64	1
90	45	0
69	95	0
98	86	0
70	36	0
73	81	0
74	19	1
9	3	0
31	6	0
33	24	0
83	40	0
80	20	0
9	47	0
26	22	0
89	81	0
94	71	0
80	19	0
97	9	0
65	1	0
83	13	1
36	15	0
99	88	0
26	81	0
2	96	0
35	39	0
71	41	0
66	67	0
60	79	0
88	83	0
67	27	0
75	80	0
98	34	0
85	68	0
67	51	0
94	72	0
63	15	0
95	8	0
29	47	0
68	98	0
98	37	0
24	85	1
99	36	0
75	94	0
94	33	0
64	15	0
48	49	0
58	94	0
76	87	0
21	84	0
92	84	0
0	99	0
91	1	0
94	16	0
57	81	0
13	97	0
78	41	0
93	70	0
26	1	0
48	91	0
39	79	1
56	74	0
1	23	0
91	35	0
97	3	0
75	95	0
15	23	0
75	31	0
68	81	0
10	29	0
46	83	0
82	53	0
27	95	1
83	10	0
80	15	1
92	67	0
11	76	0
64	18	0
84	94	0
34	97	0
65	57	0
5	37	0
65	89	0
61	50	0
91	46	0
74	49	0
72	58	0
4	44	0
92	66	0
25	94	1
86	64	0
8	95	0
80	85	0
37	20	0
69	62	0
65	95	0
55	94	0
88	55	0
73	0	0
1	72	0
69	41	0
28	99	0
90	23	0
93	43	0
74	33	0
85	73	0
45	93	0
59	98	0
27	92	0
99	85	0
72	83	0
19	0	0
8	85	0
77	83	0
58	90	0
59	56	1
67	32	0
84	61	0
99	5	0
85	8	0
93	87	0
66	83	0
84	19	0
85	14	0
70	92	0
31	95	0
83	10	0
96	0	0
75	27	0
7	52	0
14	93	0
17	99	0
89	82	0
85	97	0
83	93	0
85	71	0
75	76	0
7	90	0
29	20	0
7	6	0
43	40	0
92	23	0
80	39	0
66	60	0
60	13	0
85	82	0
68	80	0
84	54	0
75	60	0
22	10	0
97	38	0
66	91	0
48	41	0
21	88	0
74	97	0
97	70	0
20	76	0
38	66	0
70	74	0
49	97	0
11	46	0
81	69	0
93	51	0
87	69	0
33	76	0
60	84	0
91	20	0
83	7	0
12	80	0
37	88	0
91	75	0
75	74	0
0	95	0
10	78	0
79	94	0
30	19	0
4	79	0
69	83	0
59	62	0
83	86	0
6	85	0
75	47	0
17	6	0
56	91	0
7	91	0
2	17	0
91	64	0
83	12	0
78	20	0
81	16	1
13	19	0
13	51	0
73	33	0
68	76	0
34	85	1
62	57	1
89	81	0
83	41	0
75	76	0
58	58	1
76	80	0
0	61	0
84	60	0
64	32	0
92	44	0
90	90	0
82	73	0
67	53	1
56	56	1
44	77	0
96	75	0
93	9	0
52	76	0
3	97	0
67	26	0
66	14	0
78	19	1
72	15	1
79	27	0
29	32	0
56	91	0
62	61	0
35	83	0
67	93	0
88	60	0
86	29	0
84	69	0
88	94	0
93	46	0
87	97	0
32	86	0
75	78	0
78	46	0
48	84	0
88	79	0
79	72	0
92	26	0
54	78	0
79	22	0
59	41	0
88	89	0
89	53	0
20	86	0
32	94	1
85	29	0
75	33	0
94	43	0
85	7	0
96	82	0
83	16	0
82	33	0
11	85	0
16	96	0
51	33	0
29	63	0
50	80	0
64	3	0
11	93	0
76	50	0
17	11	0
20	60	0
75	70	0
72	61	0
82	67	0
84	46	0
71	63	0
86	49	0
6	45	0
95	87	0
66	59	0
46	92	0
4	72	1
91	17	0
50	95	0
20	88	0
98	43	0
64	26	0
21	12	0
26	36	0
11	62	1
83	55	0
94	34	0
24	14	0
48	5	0
51	77	0
98	83	0
13	5	0
46	77	0
64	26	0
88	69	0
73	65	0
64	83	0
12	47	0
99	47	0
89	63	0
2	84	0
31	92	1
0	97	0
54	35	0
90	20	0
8	19	0
89	34	0
78	12	0
45	32	0
13	98	0
59	83	0
19	78	1
26	27	0
26	94	0
56	57	1
80	46	0
66	84	0
19	88	0
70	41	0
8	5	0
81	57	0
88	30	0
81	32	0
69	30	0
53	87	0
37	99	0
80	37	0
60	96	0
70	63	0
83	48	0
63	94	0
90	41	0
93	99	0
84	82	0
54	89	0
90	16	0
78	76	0
62	27	0
28	91	1
89	57	0
86	99	0
84	14	0
97	95	0
83	24	0
79	67	0
10	94	0
78	93	0
74	77	0
5	17	0
13	93	0
10	73	1
84	30	0
26	96	0
56	82	0
81	33	0
78	48	0
19	99	0
84	44	0
92	52	0
76	46	0
87	28	0
0	87	0
13	8	0
62	78	0
13	58	0
26	8	0
5	95	0
99	46	0
80	90	0
90	53	0
85	78	0
74	46	0
3	73	0
76	21	0
95	38	0
