6	22	1
91	59	0
50	10	0
42	19	0
52	94	0
4	40	0
86	33	0
87	71	0
0	13	0
49	14	0
66	92	0
43	41	0
71	45	0
4	92	0
30	10	0
18	51	0
85	2	0
81	79	0
64	32	0
29	57	0
97	61	0
99	6	0
46	75	0
75	77	0
84	85	0
81	2	0
19	99	0
64	19	0
72	71	0
66	81	0
93	55	0
5	47	0
28	31	0
46	17	0
77	16	0
46	48	0
87	80	0
11	93	0
67	65	0
98	14	0
81	96	0
41	17	0
29	64	0
66	51	0
92	47	0
55	81	0
95	47	0
21	97	0
33	46	0
58	8	0
89	44	0
20	67	0
61	6	0
38	82	0
72	90	0
20	64	0
96	64	0
46	11	0
34	56	0
75	71	0
95	94	0
76	0	0
20	97	0
89	2	0
47	12	0
91	65	0
44	20	0
14	89	0
86	5	0
36	76	0
86	79	0
53	51	0
22	41	0
85	72	0
16	35	0
29	50	0
82	40	0
16	9	0
6	45	0
50	88	0
65	98	0
62	20	0
46	95	0
75	98	0
11	11	0
12	29	0
84	11	0
84	14	0
53	48	0
87	38	0
23	18	0
77	48	0
48	53	0
36	12	0
34	9	0
67	53	0
28	82	0
50	1	0
43	81	0
43	4	0
34	37	0
83	35	0
46	65	0
61	48	0
20	81	0
70	81	0
1	81	0
51	89	0
84	47	0
61	20	0
51	79	0
3	43	0
65	12	0
54	73	0
7	87	0
36	6	0
25	48	0
18	29	0
82	84	0
5	27	0
45	27	0
1	0	0
39	97	0
94	5	0
63	61	0
0	37	0
74	86	0
93	19	0
61	60	0
55	85	0
34	24	0
64	92	0
21	17	0
72	86	0
69	49	0
28	95	0
79	26	0
47	38	0
15	19	0
64	2	0
6	6	0
9	83	0
17	0	0
99	94	0
97	18	0
81	41	0
46	61	0
62	23	0
85	90	0
0	5	0
37	18	0
19	10	0
81	72	0
46	37	0
88	72	0
84	80	0
48	27	0
53	30	0
83	51	0
4	53	0
21	75	0
15	65	0
94	73	0
49	60	0
37	96	0
94	42	0
72	75	0
50	87	0
24	45	0
99	73	0
4	49	0
39	37	0
22	28	0
31	76	0
28	70	0
95	17	0
59	38	0
78	8	0
45	83	0
62	21	0
61	40	0
76	73	0
21	54	0
65	60	0
27	99	0
32	61	0
30	5	0
60	22	0
24	99	0
5	74	0
65	74	0
81	48	0
22	85	0
18	46	0
91	77	0
28	47	0
34	77	0
31	88	0
59	38	0
31	4	0
22	49	0
73	92	0
98	78	0
64	94	0
70	13	0
15	51	0
62	13	0
55	23	0
55	34	0
74	12	0
24	65	0
17	82	0
46	62	0
68	33	0
29	74	0
86	29	0
60	82	0
34	72	0
27	12	0
94	74	0
29	79	0
48	1	0
0	89	0
79	20	0
96	71	0
85	82	0
83	30	0
2	81	0
12	72	0
98	49	0
64	66	0
43	47	0
44	68	0
74	74	0
41	68	0
19	88	0
38	65	0
75	4	0
3	57	0
69	98	0
67	37	0
26	89	0
86	66	0
47	17	0
37	61	0
13	75	0
33	96	0
67	30	0
67	21	0
24	37	0
98	58	0
60	47	0
77	43	0
3	90	0
57	15	0
22	80	0
74	72	0
65	62	0
68	54	0
59	0	0
17	8	0
0	60	0
85	56	0
53	11	0
72	57	0
46	92	0
63	52	0
90	33	0
96	13	0
23	61	0
92	74	0
11	80	0
22	25	0
91	47	0
38	97	0
47	42	0
46	5	0
15	90	0
74	29	0
38	44	0
34	73	0
44	3	0
20	78	0
89	85	0
90	71	0
54	32	0
81	66	0
16	83	0
46	49	0
60	3	0
67	20	0
37	22	0
51	11	0
57	11	0
55	30	0
76	23	0
33	45	0
29	41	0
54	39	0
65	70	0
85	86	0
40	98	0
75	9	0
90	55	0
68	11	0
12	57	0
22	9	0
86	38	0
59	28	0
78	68	0
17	40	0
52	64	0
64	11	0
33	94	0
27	83	0
53	77	0
97	52	0
46	25	0
51	7	0
27	43	0
78	44	0
74	9	0
68	92	0
30	7	0
68	88	0
7	66	0
42	74	0
38	21	0
1	54	0
11	19	0
81	6	0
28	38	0
72	15	0
36	7	0
4	3	0
75	17	0
25	65	0
30	50	0
97	22	0
79	53	0
13	36	0
23	38	0
4	54	0
40	93	0
19	75	0
10	1	0
30	92	0
53	54	0
44	13	0
17	12	0
54	36	0
49	75	0
37	72	0
81	91	0
29	30	0
22	59	0
29	48	0
53	72	0
78	95	0
50	12	0
67	5	0
29	10	0
54	15	0
50	11	0
18	60	0
84	49	0
65	0	0
23	47	0
59	8	0
56	62	0
44	53	0
42	55	0
81	83	0
72	42	0
21	69	0
54	50	0
20	19	0
99	10	0
46	4	0
60	32	0
53	26	0
22	40	0
14	76	0
58	73	0
12	70	0
38	89	0
31	83	0
37	27	0
40	37	0
91	56	0
59	39	0
13	69	0
71	77	0
4	22	0
62	92	0
29	29	0
67	18	0
69	89	0
70	3	0
89	57	0
76	39	0
44	20	0
43	43	0
39	36	0
90	84	0
10	20	0
64	20	0
78	4	0
17	51	0
46	76	0
72	75	0
71	9	0
1	64	0
92	41	0
63	97	0
5	16	0
69	3	0
55	60	0
36	73	0
62	50	0
21	35	0
56	42	0
71	92	0
58	51	0
32	26	0
80	72	0
23	42	0
20	78	0
79	83	0
46	16	0
7	82	0
70	12	0
88	27	0
66	35	0
19	56	0
64	17	0
24	22	0
63	50	0
17	95	0
72	51	0
49	3	0
84	53	0
34	27	0
28	80	0
40	4	0
84	36	0
11	8	0
65	98	0
15	90	0
30	34	0
57	61	0
58	35	0
9	83	0
10	42	0
23	46	0
58	2	0
95	40	0
66	25	0
85	95	0
29	66	0
18	26	0
43	23	0
35	27	0
90	9	0
53	58	0
75	77	0
29	48	0
57	93	0
71	61	0
41	81	0
72	7	0
71	45	0
74	14	0
62	12	0
51	20	0
30	33	0
94	5	0
60	25	0
6	80	0
93	6	0
97	83	0
10	93	0
13	24	0
88	65	0
42	51	0
29	1	0
87	82	0
81	61	0
24	99	0
63	29	0
77	38	0
94	56	0
10	23	0
88	77	0
30	77	0
70	79	0
29	96	0
97	64	0
32	55	0
16	81	0
99	77	0
40	30	0
24	32	0
66	69	0
60	99	0
44	70	0
12	10	0
46	77	0
62	59	0
35	62	0
33	71	0
84	21	0
13	91	0
80	52	0
22	74	0
36	63	0
44	72	0
95	33	0
44	32	0
16	47	0
0	22	0
64	39	0
96	73	0
58	18	0
82	92	0
73	96	0
28	30	0
46	18	0
23	56	0
26	69	0
4	24	0
31	30	0
52	73	0
57	85	0
31	29	0
69	88	0
51	33	0
40	10	0
69	35	0
24	77	0
48	15	0
9	57	0
93	82	0
60	98	0
57	55	0
72	7	0
42	65	0
6	26	0
2	23	0
40	45	0
90	60	0
89	3	0
0	67	0
76	5	0
91	87	0
71	16	0
30	0	0
23	63	0
76	73	0
37	85	0
47	79	0
82	26	0
20	76	0
58	20	0
66	79	0
59	89	0
30	90	0
98	10	0
96	17	0
63	13	0
40	91	0
15	97	0
2	88	0
76	61	0
73	64	0
94	65	0
10	50	0
86	45	0
69	68	0
10	14	0
79	66	0
61	73	0
22	50	0
10	66	0
37	27	0
42	40	0
16	62	0
62	52	0
46	49	0
92	46	0
83	36	0
81	7	0
74	35	0
49	90	0
4	25	1
16	16	0
18	54	0
77	53	0
97	83	0
76	71	0
96	76	0
21	41	0
50	73	0
52	35	0
36	63	0
77	47	0
5	37	0
21	73	0
44	23	0
82	71	0
66	93	0
52	66	0
6	22	1
35	72	0
26	11	0
82	66	0
31	74	0
54	38	0
84	82	0
96	86	0
10	99	0
37	53	0
12	72	0
79	77	0
35	46	0
56	62	0
44	82	0
80	70	0
23	32	0
18	64	0
86	72	0
74	58	0
94	55	0
47	84	0
55	83	0
67	36	0
36	22	0
86	26	0
45	25	0
84	6	0
18	82	0
18	29	0
1	9	0
34	94	0
89	71	0
24	35	0
93	54	0
18	99	0
19	73	0
30	0	0
96	94	0
26	21	0
9	79	0
69	96	0
40	65	0
81	73	0
23	81	0
83	26	0
17	23	0
37	81	0
25	70	0
28	24	0
25	33	0
26	37	0
98	62	0
81	11	0
52	14	0
75	10	0
91	49	0
38	11	0
54	28	0
86	30	0
10	49	0
41	88	0
10	50	0
15	84	0
80	60	0
50	96	0
55	48	0
69	86	0
44	23	0
94	75	0
42	68	0
96	51	0
8	72	0
59	48	0
26	67	0
70	34	0
11	30	0
57	38	0
88	74	0
81	81	0
85	92	0
25	80	0
18	40	0
44	41	0
41	64	0
35	32	0
23	12	0
38	60	0
11	55	0
63	1	0
74	77	0
83	53	0
91	10	0
12	45	0
8	3	0
85	90	0
12	83	0
51	27	0
56	37	0
79	19	0
18	1	0
55	10	0
14	48	0
2	36	0
50	17	0
51	1	0
0	27	0
35	80	0
62	22	0
33	99	0
79	6	0
38	44	0
61	62	0
68	10	0
92	60	0
61	64	0
46	67	0
44	96	0
81	95	0
21	14	0
90	56	0
14	59	0
86	78	0
57	77	0
13	35	0
19	54	0
99	45	0
28	74	0
94	95	0
64	81	0
50	5	0
33	53	0
81	56	0
39	86	0
76	40	0
87	71	0
67	32	0
13	63	0
16	60	0
91	90	0
71	33	0
60	63	0
55	3	0
11	12	0
82	62	0
32	24	0
15	64	0
36	58	0
58	49	0
33	5	0
58	33	0
5	76	0
18	47	0
12	64	0
2	48	0
83	60	0
22	20	0
56	23	0
98	15	0
86	8	0
49	65	0
2	77	0
58	29	0
31	22	0
10	18	0
15	13	0
76	64	0
66	21	0
41	41	0
43	75	0
52	79	0
14	90	0
31	68	0
54	81	0
24	43	0
85	96	0
51	30	0
39	82	0
22	10	0
56	10	0
10	45	0
61	47	0
68	14	0
30	77	0
85	67	0
65	56	0
44	49	0
45	12	0
4	79	0
78	68	0
67	54	0
52	43	0
71	68	0
72	78	0
73	41	0
66	8	0
97	76	0
86	12	0
1	77	0
70	63	0
2	34	0
2	25	0
26	0	0
47	32	0
0	8	0
6	43	0
22	72	0
31	95	0
37	54	0
97	29	0
5	49	0
60	92	0
27	87	0
2	22	0
96	61	0
39	67	0
12	24	0
87	46	0
27	1	0
61	18	0
62	2	0
13	2	0
25	79	0
44	57	0
82	77	0
68	44	0
13	2	0
36	32	0
50	8	0
2	30	0
4	69	0
72	5	0
36	63	0
50	42	0
69	94	0
16	41	0
17	97	0
93	47	0
23	21	0
89	82	0
53	61	0
66	31	0
49	33	0
94	19	0
87	61	0
22	58	0
19	93	0
30	44	0
1	85	0
6	96	0
84	15	0
40	50	0
2	91	0
53	1	0
65	9	0
47	43	0
25	20	0
62	42	0
39	25	0
11	80	0
25	32	0
56	6	0
7	46	0
98	47	0
99	13	0
49	55	0
35	2	0
40	20	0
19	96	0
61	82	0
27	64	0
9	9	0
43	23	0
11	81	0
0	73	0
64	45	0
79	46	0
54	39	0
12	75	0
26	29	0
86	73	0
67	32	0
52	80	0
61	95	0
27	12	0
4	85	0
64	18	0
58	80	0
36	45	0
94	74	0
34	76	0
98	21	0
84	19	0
98	22	0
81	88	0
47	57	0
25	75	0
75	14	0
40	6	0
63	80	0
61	75	0
14	45	0
64	53	0
65	83	0
77	21	0
92	48	0
6	64	0
58	45	0
21	27	0
91	30	0
65	40	0
68	17	0
92	93	0
74	77	0
54	70	0
74	37	0
61	72	0
15	94	0
31	6	0
2	93	0
16	77	0
56	60	0
66	95	0
81	16	0
92	95	0
79	2	0
11	1	0
88	78	0
64	12	0
94	24	0
78	71	0
53	40	0
12	55	0
64	86	0
66	70	0
1	46	0
9	46	0
45	94	0
6	78	0
55	5	0
47	45	0
10	68	0
35	27	0
21	30	0
14	44	0
97	51	0
55	38	0
4	47	0
26	90	0
88	68	0
4	14	0
86	96	0
31	82	0
58	46	0
39	63	0
98	40	0
64	42	0
2	6	0
14	5	0
2	49	0
13	50	0
97	80	0
77	48	0
97	70	0
11	55	0
78	60	0
21	80	0
3	0	0
73	74	0
0	19	0
26	65	0
34	6	0
26	29	0
11	71	0
43	92	0
1	6	0
69	48	0
54	66	0
76	65	0
82	82	0
36	91	0
35	25	0
9	66	0
3	15	0
38	70	0
45	52	0
64	55	0
82	16	0
