94	70	0
45	20	0
43	22	0
42	98	0
7	12	0
87	35	0
92	80	0
42	18	0
69	80	0
36	25	0
94	37	0
3	80	0
17	7	0
21	60	0
99	23	0
87	72	0
64	31	0
26	49	0
99	62	0
93	9	0
43	92	0
67	65	0
79	90	0
64	0	0
41	89	0
59	4	0
84	77	0
66	86	0
94	69	0
6	25	0
48	37	0
38	20	0
86	38	0
46	47	0
91	65	0
11	94	0
53	95	0
99	22	0
74	90	0
45	1	0
20	60	0
81	54	0
82	63	0
54	69	0
95	51	0
10	88	0
17	41	0
64	8	0
84	66	0
14	68	0
63	7	0
16	80	0
54	90	0
34	74	0
94	63	0
46	32	0
36	31	0
84	73	0
98	89	0
87	22	0
6	97	0
94	14	0
48	0	0
76	74	0
46	9	0
10	89	0
83	8	0
48	71	0
76	95	0
49	70	0
0	30	0
71	87	0
25	48	0
13	59	0
84	35	0
12	39	0
36	82	0
45	97	0
59	16	0
37	92	0
58	93	0
5	2	1
9	20	0
98	13	0
95	30	0
40	54	0
79	38	0
21	26	0
82	52	0
28	39	0
41	15	0
38	8	0
73	34	0
15	90	0
67	10	0
58	84	0
46	8	0
55	26	0
88	47	0
35	67	0
77	51	0
11	57	0
73	89	0
4	74	0
32	96	0
92	48	0
57	7	0
46	70	0
27	59	0
61	0	0
63	49	0
8	60	0
36	2	0
32	51	0
42	36	0
82	93	0
56	44	0
20	98	0
80	4	0
63	63	0
77	83	0
97	8	0
62	70	0
48	76	0
33	8	0
56	94	0
92	72	0
79	58	0
35	94	0
65	32	0
39	22	0
18	42	0
81	11	0
8	69	0
91	69	0
95	28	0
87	37	0
32	53	0
58	18	0
82	79	0
12	14	0
35	14	0
78	58	0
41	38	0
72	82	0
78	96	0
50	16	0
44	30	0
57	52	0
10	43	0
25	57	0
14	54	0
76	76	0
42	54	0
43	93	0
80	50	0
73	70	0
47	87	0
25	36	0
93	63	0
4	26	0
46	45	0
22	14	0
31	76	0
37	79	0
90	35	0
35	28	0
79	19	0
45	79	0
57	30	0
56	42	0
79	79	0
31	59	0
55	79	0
36	89	0
40	50	0
40	14	0
59	5	0
33	73	0
27	80	0
73	80	0
92	65	0
20	89	0
32	37	0
92	66	0
32	52	0
31	93	0
56	84	0
42	54	0
29	7	0
17	36	0
74	94	0
85	95	0
64	81	0
69	29	0
7	59	0
58	7	0
77	24	0
69	27	0
71	27	0
23	61	0
0	66	0
46	50	0
77	29	0
34	64	0
90	27	0
40	98	0
25	64	0
35	19	0
83	71	0
35	55	0
32	12	0
13	94	0
60	10	0
98	85	0
70	91	0
98	8	0
1	80	0
18	67	0
95	38	0
52	71	0
45	41	0
56	54	0
52	72	0
55	61	0
14	74	0
31	59	0
66	9	0
1	64	0
62	84	0
85	45	0
39	94	0
81	59	0
61	23	0
47	69	0
16	79	0
34	96	0
50	39	0
66	36	0
29	34	0
91	58	0
80	44	0
75	62	0
2	69	0
47	20	0
11	83	0
61	60	0
61	41	0
57	47	0
53	23	0
1	57	0
88	31	0
51	6	0
73	71	0
52	76	0
75	32	0
99	43	0
95	3	0
4	65	0
94	71	0
27	99	0
90	68	0
44	95	0
63	29	0
51	5	0
18	88	0
68	30	0
38	63	0
43	83	0
49	5	0
22	93	0
83	94	0
78	83	0
72	38	0
87	77	0
19	93	0
46	53	0
53	4	0
65	29	0
24	13	0
38	2	0
58	10	0
53	52	0
79	45	0
38	47	0
35	51	0
36	70	0
69	89	0
77	77	0
59	71	0
80	3	0
81	46	0
79	8	0
27	48	0
31	16	0
83	35	0
69	34	0
80	71	0
11	37	0
44	71	0
59	27	0
29	90	0
21	95	0
23	82	0
97	64	0
40	27	0
37	0	0
25	58	0
87	69	0
63	21	0
80	92	0
10	2	0
69	91	0
10	69	0
40	86	0
37	26	0
2	50	0
82	4	0
18	39	0
76	3	0
53	16	0
86	8	0
36	44	0
19	45	0
73	26	0
87	58	0
7	25	0
26	37	0
9	59	0
37	94	0
10	86	0
42	89	0
63	72	0
49	42	0
66	23	0
39	92	0
46	67	0
91	92	0
28	28	0
17	52	0
26	39	0
54	73	0
79	84	0
31	24	0
89	15	0
32	7	0
58	5	0
63	17	0
27	43	0
75	67	0
77	11	0
13	40	0
42	11	0
48	45	0
38	38	0
26	60	0
87	81	0
83	50	0
11	52	0
52	35	0
92	11	0
57	9	0
57	27	0
59	33	0
27	24	0
2	74	0
66	80	0
22	79	0
27	90	0
21	93	0
53	17	0
47	38	0
91	48	0
81	49	0
8	80	0
87	76	0
66	75	0
74	32	0
67	95	0
79	3	0
84	58	0
72	64	0
39	17	0
47	47	0
33	46	0
83	84	0
68	14	0
94	3	0
22	39	0
40	89	0
66	70	0
87	16	0
2	57	0
91	30	0
44	99	0
81	25	0
62	47	0
43	53	0
53	34	0
22	39	0
43	47	0
69	82	0
84	35	0
41	23	0
74	76	0
21	62	0
9	96	0
92	81	0
31	33	0
1	83	0
61	36	0
92	13	0
78	45	0
7	68	0
69	39	0
49	34	0
50	47	0
8	98	0
74	21	0
52	8	0
92	51	0
49	30	0
20	77	0
22	7	0
66	55	0
58	92	0
0	63	0
50	61	0
40	75	0
52	25	0
22	96	0
8	42	0
25	41	0
63	16	0
81	29	0
96	17	0
80	87	0
20	59	0
28	20	0
39	25	0
77	12	0
69	59	0
72	91	0
20	45	0
61	93	0
93	68	0
38	85	0
73	10	0
65	52	0
82	27	0
71	12	0
43	21	0
40	24	0
94	8	0
86	27	0
1	77	0
83	10	0
92	98	0
4	94	0
96	60	0
47	52	0
19	18	0
97	98	0
63	47	0
8	99	0
69	27	0
70	38	0
70	61	0
80	66	0
26	75	0
84	70	0
39	95	0
89	74	0
15	34	1
38	94	0
95	80	0
31	34	0
36	31	0
55	74	0
55	93	0
39	62	0
63	94	0
66	49	0
28	58	0
27	66	0
81	22	0
11	88	0
89	40	0
24	88	0
50	70	0
40	90	0
88	38	0
42	45	0
22	39	0
47	21	0
80	60	0
69	16	0
91	99	0
66	96	0
39	55	0
61	4	0
32	39	0
43	91	0
37	21	0
42	56	0
75	69	0
27	22	0
92	96	0
49	14	0
26	15	0
63	29	0
21	76	0
33	16	0
8	62	0
87	89	0
58	89	0
60	43	0
75	6	0
38	70	0
45	49	0
97	56	0
87	0	0
2	68	0
78	0	0
71	75	0
77	30	0
39	10	0
36	65	0
85	81	0
36	61	0
43	80	0
82	30	0
18	59	0
74	22	0
44	67	0
66	91	0
33	93	0
83	13	0
89	26	0
68	16	0
34	77	0
22	88	0
11	88	0
67	42	0
77	66	0
68	80	0
17	39	0
75	41	0
68	59	0
78	77	0
52	66	0
16	59	0
19	68	0
49	22	0
42	20	0
3	36	0
45	61	0
37	45	0
80	31	0
74	33	0
76	2	0
71	46	0
54	70	0
23	55	0
50	23	0
97	75	0
59	91	0
82	67	0
21	52	0
50	78	0
66	41	0
43	52	0
78	26	0
17	53	0
37	24	0
79	53	0
92	97	0
56	55	0
9	61	0
47	7	0
59	59	0
25	86	0
40	32	0
87	89	0
98	70	0
17	86	0
67	60	0
3	69	0
78	54	0
35	59	0
49	59	0
35	74	0
58	69	0
6	59	0
84	77	0
71	54	0
96	53	0
20	62	0
62	88	0
55	25	0
98	26	0
43	35	0
97	21	0
16	87	0
36	33	0
40	70	0
89	51	0
29	50	0
81	63	0
6	98	0
18	82	0
96	84	0
47	29	0
3	74	0
78	90	0
48	66	0
88	70	0
20	91	0
95	36	0
25	0	0
32	82	0
37	74	0
37	14	0
27	36	0
11	18	0
88	70	0
93	13	0
58	10	0
72	28	0
98	46	0
33	11	0
22	49	0
99	42	0
10	53	0
58	84	0
5	57	0
23	78	0
68	57	0
54	93	0
78	51	0
66	85	0
32	35	0
68	63	0
41	57	0
79	56	0
17	75	0
53	33	0
31	78	0
84	37	0
60	29	0
90	71	0
94	97	0
88	77	0
45	66	0
10	22	1
58	38	0
55	75	0
34	27	0
26	12	0
32	70	0
11	32	0
59	0	0
61	84	0
71	78	0
88	6	0
14	52	0
61	90	0
11	95	0
55	7	0
61	45	0
65	20	0
38	22	0
28	35	0
42	25	0
77	1	0
39	91	0
62	35	0
36	87	0
91	14	0
33	45	0
46	67	0
80	22	0
83	76	0
60	71	0
33	64	0
43	90	0
79	76	0
83	48	0
18	73	0
81	82	0
77	99	0
24	35	0
16	48	0
98	47	0
26	84	0
98	85	0
63	94	0
42	3	0
67	62	0
90	67	0
71	86	0
78	49	0
90	73	0
78	38	0
17	53	0
3	61	0
67	85	0
72	36	0
54	62	0
54	7	0
35	21	0
85	74	0
9	58	0
34	49	0
58	36	0
43	20	0
53	30	0
19	85	0
27	31	1
5	62	0
14	78	0
74	49	0
15	29	1
72	18	0
92	33	0
81	4	0
59	82	0
1	49	0
53	28	0
54	45	0
50	85	0
91	11	0
27	36	0
61	64	0
46	84	0
17	97	0
37	63	0
31	84	0
35	26	0
78	73	0
42	41	0
42	83	0
58	35	0
12	46	0
62	58	0
63	24	0
27	80	0
84	45	0
31	35	0
38	47	0
24	12	0
1	60	0
76	62	0
84	69	0
39	52	0
86	57	0
84	69	0
73	27	0
63	15	0
79	79	0
76	22	0
3	59	0
80	81	0
35	26	0
71	35	0
23	64	0
11	88	0
33	97	0
28	60	0
99	28	0
18	48	0
58	91	0
8	84	0
94	69	0
57	59	0
85	34	0
17	7	0
47	25	0
61	1	0
6	81	0
55	51	0
88	69	0
75	36	0
14	7	0
14	46	0
68	15	0
18	86	0
81	1	0
48	73	0
39	30	0
87	95	0
12	18	0
25	95	0
96	57	0
30	9	0
91	83	0
52	55	0
69	60	0
50	24	0
93	31	0
89	77	0
5	60	0
2	77	0
16	48	0
11	84	0
4	93	0
82	21	0
39	47	0
10	93	0
49	12	0
73	4	0
36	63	0
71	55	0
49	21	0
34	67	0
33	31	0
87	23	0
3	40	0
86	65	0
89	10	0
61	48	0
24	23	0
50	4	0
12	93	0
53	63	0
45	60	0
37	13	0
4	95	0
2	95	0
62	57	0
91	33	0
31	23	0
25	72	0
95	86	0
50	30	0
57	75	0
68	90	0
6	77	0
71	27	0
51	57	0
21	33	0
94	67	0
50	68	0
97	14	0
82	10	0
85	24	0
69	97	0
45	63	0
40	67	0
76	12	0
37	11	0
69	99	0
72	72	0
19	55	0
67	39	0
65	93	0
82	17	0
89	56	0
25	75	0
46	57	0
23	26	0
92	26	0
32	53	0
79	9	0
90	97	0
72	60	0
57	79	0
74	35	0
76	78	0
7	99	0
41	8	0
9	91	0
6	59	0
61	70	0
72	90	0
74	7	0
88	99	0
83	13	0
83	85	0
63	7	0
86	37	0
77	42	0
54	37	0
14	86	0
62	97	0
64	80	0
18	50	0
10	35	0
26	95	0
10	67	0
44	6	0
39	51	0
19	61	0
43	31	0
2	42	0
97	54	0
48	27	0
15	54	0
26	83	0
74	77	0
3	1	1
98	65	0
14	67	0
61	49	0
29	62	0
80	43	0
56	37	0
7	18	1
4	43	0
22	55	0
81	55	0
70	51	0
83	57	0
2	63	0
68	61	0
2	82	0
1	23	0
90	66	0
18	61	0
40	3	0
33	29	0
8	91	0
23	84	0
76	42	0
64	69	0
72	54	0
76	81	0
41	70	0
52	31	0
5	70	0
47	65	0
37	46	0
63	58	0
83	18	0
