92	66	0
24	16	0
57	96	0
3	0	0
95	43	0
97	95	0
41	66	0
68	50	0
1	90	0
3	8	0
15	91	0
94	37	0
55	81	0
29	32	0
91	85	0
91	31	0
48	99	0
41	75	0
76	68	0
50	18	0
31	78	0
82	70	0
87	75	0
83	92	0
5	29	0
42	36	1
85	22	0
83	63	0
6	73	0
31	90	0
81	14	0
71	92	0
49	74	0
81	77	0
93	56	0
53	56	1
98	30	0
10	75	0
87	72	0
16	68	0
48	7	0
11	77	0
37	89	0
85	50	0
45	37	1
36	19	0
94	86	0
90	91	0
95	21	0
27	78	0
98	8	0
22	18	0
72	85	0
0	88	0
88	0	0
28	66	1
60	89	0
10	27	0
67	83	0
80	30	0
23	89	0
52	94	0
79	30	0
32	89	0
43	89	0
18	11	0
97	17	0
83	27	0
53	77	0
88	32	0
63	54	0
69	33	0
3	97	0
75	1	1
48	87	0
82	3	0
91	62	0
6	62	1
70	90	0
2	74	0
42	88	0
95	59	0
78	30	0
50	66	1
69	13	0
59	44	0
9	63	0
39	6	0
70	71	0
62	25	1
2	96	0
92	31	0
47	73	0
81	69	0
80	2	0
70	89	0
69	81	0
3	28	0
61	73	0
96	76	0
71	47	0
17	90	0
65	38	0
70	2	1
93	58	0
91	33	0
99	41	0
19	50	0
52	66	1
9	24	0
46	28	1
84	67	0
58	75	0
60	66	0
49	43	1
58	67	0
55	56	1
42	94	0
77	39	0
57	70	0
55	76	0
93	58	0
29	12	0
47	44	0
23	14	0
23	69	0
32	54	1
77	48	0
95	6	0
27	93	0
22	38	0
70	73	0
56	69	0
50	71	0
45	8	0
48	92	0
74	79	0
94	53	0
22	94	0
85	79	0
24	54	1
10	74	0
55	64	0
11	37	0
73	79	0
96	75	0
46	71	0
74	42	0
55	61	1
63	9	1
93	34	0
29	91	0
63	78	0
27	28	0
47	77	0
43	24	0
90	94	0
29	80	0
95	9	0
31	77	0
93	37	0
58	94	0
73	77	0
68	63	0
23	43	0
7	63	0
66	4	0
67	96	0
95	59	0
48	90	0
62	81	0
78	11	0
57	72	0
38	82	0
48	87	0
24	18	0
57	20	1
87	53	0
63	46	0
69	61	0
76	28	0
18	98	0
59	61	0
85	42	0
74	33	0
53	19	0
90	25	0
78	80	0
78	98	0
75	61	0
95	23	0
98	16	0
85	80	0
32	90	0
65	85	0
45	96	0
36	41	1
85	37	0
20	98	0
93	20	0
23	47	0
17	91	0
35	98	0
79	83	0
83	71	0
95	60	0
95	61	0
22	89	0
52	79	0
72	13	0
85	49	0
49	3	0
44	33	0
78	38	0
25	61	0
40	54	0
26	71	0
76	91	0
87	57	0
56	69	0
97	1	0
89	43	0
93	44	0
68	57	0
67	86	0
47	63	0
64	21	0
5	90	0
28	63	1
2	91	0
83	61	0
80	73	0
86	14	0
95	83	0
19	1	0
34	97	0
27	68	1
55	99	0
40	30	0
82	20	0
95	1	0
95	27	0
74	30	0
71	55	0
6	7	0
25	96	0
17	78	0
47	88	0
38	73	0
87	43	0
56	81	0
53	55	1
99	83	0
67	41	0
83	91	0
88	20	0
16	9	0
44	0	0
31	25	0
94	45	0
77	10	0
18	48	0
18	23	0
57	38	1
93	81	0
96	63	0
77	33	0
94	9	0
64	5	0
78	13	0
49	32	1
33	14	0
13	68	0
84	90	0
39	89	0
3	95	0
31	43	0
55	44	1
71	43	0
68	58	0
82	77	0
79	75	0
75	22	0
74	88	0
71	0	1
96	46	0
82	54	0
63	54	0
96	67	0
71	16	0
92	19	0
23	45	0
73	96	0
60	68	0
93	23	0
16	82	0
94	41	0
67	91	0
92	26	0
66	19	0
31	55	1
54	43	0
57	81	0
67	29	0
76	78	0
22	90	0
92	89	0
4	83	0
88	2	0
86	22	0
53	73	0
36	60	1
65	47	0
12	99	0
73	33	0
97	58	0
49	40	0
35	87	0
33	10	0
49	86	0
37	84	0
44	78	0
14	65	0
7	25	0
68	1	1
83	35	0
95	11	0
79	99	0
32	28	0
61	12	0
59	41	0
70	91	0
1	19	0
44	86	0
80	43	0
29	85	0
77	5	0
51	58	1
56	20	1
85	19	0
89	48	0
14	88	0
75	15	0
90	98	0
35	94	0
79	67	0
9	36	0
60	97	0
61	43	0
18	75	0
60	25	0
91	51	0
78	45	0
70	61	0
21	43	0
99	59	0
21	98	0
91	53	0
18	93	0
83	78	0
41	17	0
74	68	0
60	93	0
62	93	0
76	51	0
24	56	1
83	6	0
4	80	0
76	48	0
21	95	0
51	64	1
82	30	0
30	61	1
49	41	1
91	54	0
75	22	0
75	76	0
48	93	0
57	97	0
31	99	0
94	80	0
83	77	0
74	3	0
20	4	0
47	42	1
40	62	1
1	79	0
78	85	0
67	83	0
69	49	0
68	19	0
36	65	1
40	73	0
80	50	0
98	5	0
22	70	0
81	5	0
54	70	0
36	37	1
89	83	0
30	77	1
53	90	0
73	25	0
85	13	0
45	59	1
67	89	0
26	99	0
91	10	0
87	7	0
73	23	0
18	57	0
10	87	0
12	91	0
71	87	0
84	96	0
60	53	0
80	99	0
80	60	0
69	64	0
12	92	0
8	73	0
40	26	0
5	17	0
30	39	0
28	51	1
96	35	0
82	42	0
72	50	0
56	52	0
41	22	0
91	81	0
56	75	0
85	53	0
39	86	0
80	53	0
24	12	0
98	45	0
54	93	0
29	38	0
30	93	0
75	98	0
87	68	0
25	82	0
58	25	0
12	76	0
37	75	0
65	64	0
55	71	0
57	89	0
14	47	0
67	62	0
84	44	0
89	61	0
38	72	0
72	94	0
44	27	0
96	18	0
59	47	0
85	11	0
8	80	0
52	97	0
85	79	0
72	68	0
6	91	0
9	72	0
77	91	0
36	25	0
3	87	0
64	95	0
63	68	0
84	71	0
12	95	0
77	47	0
17	7	0
53	96	0
14	92	0
4	16	0
84	56	0
85	20	0
78	30	0
71	17	0
10	15	0
17	54	0
77	33	0
2	68	0
64	73	0
30	82	0
66	53	0
78	92	0
73	39	0
72	83	0
73	52	0
67	83	0
7	73	0
42	53	1
27	82	0
64	63	0
60	42	0
92	39	0
97	94	0
82	88	0
44	63	1
71	50	0
65	58	0
67	0	1
66	82	0
89	78	0
94	0	0
64	79	0
3	93	0
51	50	1
61	34	0
63	24	0
78	21	0
21	80	0
72	22	0
89	16	0
34	53	1
36	31	0
52	99	0
66	72	0
50	80	0
75	93	0
86	57	0
85	41	0
94	66	0
77	97	0
99	41	0
27	66	1
94	88	0
42	82	0
73	79	0
90	44	0
44	91	0
81	75	0
81	48	0
84	28	0
1	68	0
53	71	0
70	19	0
70	32	0
81	82	0
64	52	0
15	92	0
19	95	0
74	40	0
81	28	0
96	51	0
96	2	0
82	93	0
56	37	0
31	74	1
92	18	0
68	46	0
13	73	0
18	98	0
20	75	0
9	89	0
66	47	0
40	30	0
36	70	0
62	82	0
65	11	0
20	85	0
85	50	0
18	19	0
16	70	0
75	64	0
63	57	0
88	54	0
81	63	0
78	64	0
57	58	1
74	52	0
0	27	0
92	85	0
60	52	0
39	88	0
5	75	0
21	86	0
32	51	1
90	17	0
55	98	0
10	96	0
98	53	0
74	20	0
15	16	0
30	23	0
70	3	0
16	67	0
84	58	0
83	37	0
15	2	0
66	12	0
41	84	0
95	81	0
13	9	0
48	85	0
81	35	0
99	79	0
56	72	0
65	78	0
18	37	0
88	42	0
91	74	0
15	82	0
20	75	0
17	89	0
78	5	0
32	56	1
6	94	0
35	44	1
42	59	1
63	38	0
25	65	1
96	20	0
5	23	0
84	34	0
83	16	0
39	28	0
21	90	0
45	82	0
13	70	0
28	29	0
18	70	0
23	89	0
65	59	0
92	44	0
75	96	0
51	37	1
61	71	0
49	69	1
21	99	0
85	44	0
50	52	1
0	5	0
83	63	0
54	48	0
97	29	0
80	32	0
69	33	0
59	98	0
40	35	0
57	42	0
66	30	1
53	6	0
35	94	0
45	57	0
91	32	0
66	96	0
75	50	0
84	49	0
44	91	0
32	81	0
91	24	0
72	4	1
94	98	0
74	84	0
53	86	0
85	15	0
79	69	0
24	81	0
73	26	0
23	98	0
96	56	0
86	88	0
85	9	0
95	94	0
77	23	0
84	58	0
62	20	1
9	84	0
71	93	0
61	76	0
6	24	0
6	98	0
12	71	0
47	43	1
75	26	0
4	61	1
16	98	0
60	97	0
93	46	0
18	73	0
74	41	0
31	92	0
81	45	0
74	49	0
79	43	0
86	36	0
52	67	1
55	46	1
1	87	0
2	2	0
78	75	0
16	60	0
21	4	0
6	96	0
30	72	0
93	48	0
77	85	0
92	65	0
98	87	0
73	38	0
4	82	0
51	61	1
78	39	0
84	30	0
