99	68	0
18	15	0
61	97	0
7	5	0
92	38	0
97	99	0
44	16	1
47	85	0
55	25	0
81	51	0
7	91	0
6	8	0
12	95	0
95	35	0
74	74	0
42	31	0
83	70	0
96	17	0
58	95	0
43	70	0
82	69	0
49	10	0
25	84	0
53	19	0
89	67	0
81	89	0
83	76	0
14	35	0
57	17	1
54	38	0
86	26	0
80	70	0
11	74	0
29	94	0
83	10	0
68	88	0
32	11	0
47	69	0
80	71	0
95	71	0
58	67	0
98	32	0
16	72	0
65	7	0
98	68	0
20	74	0
57	3	0
11	73	0
42	99	0
34	67	0
90	55	0
55	37	0
39	18	0
96	87	0
89	95	0
94	15	0
29	89	0
96	8	0
24	16	0
78	94	0
31	6	1
5	88	0
85	9	0
24	72	0
67	90	0
37	58	0
8	26	0
73	82	0
89	34	0
22	94	0
44	98	0
66	26	0
26	92	0
53	97	0
14	15	0
99	17	0
79	27	0
54	76	0
84	36	0
86	59	0
57	4	0
70	41	0
1	98	0
68	5	0
43	74	0
41	5	1
59	23	0
87	11	0
39	52	1
85	59	0
0	52	0
78	85	0
3	77	0
36	94	0
97	56	0
73	28	0
33	67	0
35	61	1
72	2	0
67	52	0
13	75	0
32	3	0
64	68	0
44	32	0
6	97	0
94	30	0
42	80	0
80	70	0
92	1	0
63	87	0
64	75	0
7	26	0
59	92	0
97	85	0
82	55	0
24	89	0
68	30	0
81	5	0
96	60	0
88	37	0
95	52	0
35	44	0
61	13	1
58	68	0
8	25	0
48	31	0
87	56	0
50	24	1
48	78	0
56	75	0
62	21	0
48	35	0
52	21	1
60	80	0
49	59	0
47	94	0
74	41	0
66	68	0
54	73	0
94	55	0
29	15	0
42	41	0
15	13	0
18	82	0
31	59	0
78	41	0
53	37	0
86	0	0
33	83	0
51	22	1
32	36	0
70	84	0
29	67	0
57	61	0
43	87	0
41	48	1
37	1	0
58	15	0
40	95	0
26	59	0
76	80	0
92	63	0
20	99	0
92	73	0
32	48	0
23	77	0
52	72	0
46	50	1
16	34	0
73	84	0
98	90	0
43	71	0
78	42	0
3	40	1
62	10	1
62	48	0
59	14	0
74	20	0
5	53	1
36	58	0
54	14	0
36	63	0
93	33	0
28	94	0
21	61	0
78	93	0
47	52	0
20	20	0
38	80	0
51	15	0
98	96	0
35	89	0
95	0	0
17	76	0
98	30	0
55	97	0
71	85	0
59	58	0
25	50	0
14	69	0
56	1	0
57	87	0
99	52	0
38	90	0
68	69	0
88	26	0
52	74	0
32	81	0
36	87	0
31	20	0
67	25	0
81	51	0
52	39	0
75	70	0
2	56	1
75	18	0
19	89	0
61	60	0
87	34	0
78	37	0
47	0	0
4	40	1
85	29	0
72	77	0
59	99	0
76	58	0
97	29	0
88	8	0
2	37	0
88	75	0
34	99	0
84	80	0
43	98	0
49	33	0
84	36	0
24	98	0
85	22	0
22	57	0
29	84	0
48	14	0
24	89	0
76	87	0
87	76	0
93	60	0
99	54	0
17	85	0
42	70	0
86	8	0
87	51	0
41	0	0
33	23	0
44	55	0
80	42	0
22	55	0
35	38	0
30	74	0
78	99	0
97	54	0
57	73	0
95	7	0
97	31	0
64	6	0
92	48	0
76	52	0
60	78	0
5	35	0
41	59	0
73	24	0
13	86	0
32	65	0
6	94	0
90	64	0
42	4	1
82	65	0
80	2	0
97	81	0
22	1	0
40	94	0
22	63	0
57	95	0
40	32	0
79	17	0
84	12	0
56	12	1
89	14	0
50	49	0
74	28	0
76	58	0
8	6	0
1	59	0
31	95	0
20	77	0
54	96	0
46	70	0
77	41	0
65	3	0
47	85	0
47	63	0
97	95	0
0	44	1
57	43	0
66	88	0
78	24	0
24	7	0
48	2	0
51	13	0
36	35	0
84	54	0
72	15	0
18	42	0
16	29	0
34	51	0
43	34	0
96	68	0
91	62	0
4	51	1
63	33	0
83	7	0
70	8	0
74	18	0
51	41	0
40	31	0
5	73	0
75	83	0
38	90	0
8	95	0
34	58	0
56	9	1
53	38	0
85	37	0
72	54	0
82	72	0
81	85	0
80	33	0
69	82	0
73	8	0
75	57	0
72	54	0
66	53	0
95	72	0
76	7	0
90	17	0
22	45	0
59	92	0
62	71	0
76	14	0
24	77	0
99	39	0
53	98	0
98	27	0
60	23	0
34	55	0
61	44	0
33	59	0
59	79	0
77	25	0
79	78	0
21	92	0
95	96	0
44	12	1
8	79	0
44	52	1
96	0	0
85	32	0
37	72	0
55	54	0
65	45	0
21	99	0
76	28	0
90	56	0
49	32	0
42	89	0
28	10	0
45	45	0
50	93	0
4	44	1
37	84	0
39	85	0
51	22	1
20	69	0
11	27	0
74	6	0
72	32	0
98	10	0
78	97	0
32	65	0
33	26	0
77	9	0
60	49	0
68	98	0
1	26	0
51	86	0
93	52	0
31	74	0
72	0	0
39	65	0
64	18	0
54	12	1
84	20	0
93	41	0
5	83	0
72	9	0
82	98	0
31	96	0
87	71	0
47	53	1
11	30	0
63	96	0
72	44	0
5	78	0
72	27	0
91	47	0
72	49	0
74	60	0
20	55	0
96	48	0
23	89	0
95	63	0
24	98	0
88	92	0
42	32	0
71	73	0
58	90	0
49	50	0
61	94	0
79	49	0
45	49	0
26	59	0
90	5	0
2	86	0
83	56	0
23	95	0
49	49	0
43	70	0
77	26	0
30	54	0
56	30	0
92	53	0
72	22	0
82	90	0
44	92	0
38	56	1
39	43	0
63	99	0
55	22	1
40	83	0
89	80	0
87	76	0
76	10	0
20	9	0
39	38	0
33	57	0
40	3	1
7	80	0
83	77	0
60	88	0
68	51	0
66	14	0
37	65	0
38	78	0
92	51	0
88	4	0
16	70	0
75	7	0
53	62	0
50	25	1
41	11	1
36	42	0
86	86	0
24	74	0
59	86	0
68	19	0
75	11	0
49	55	0
62	85	0
22	99	0
95	24	0
80	11	0
78	27	0
11	66	0
14	98	0
15	78	0
59	35	0
73	82	0
78	96	0
4	31	0
64	54	0
72	89	0
76	61	0
64	66	0
20	99	0
12	77	0
46	25	0
4	25	0
45	37	0
31	41	0
96	34	0
81	49	0
62	7	0
66	29	0
57	49	0
37	22	0
91	80	0
53	79	0
83	49	0
33	64	0
40	99	0
77	55	0
53	12	1
31	13	0
97	51	0
65	86	0
47	31	0
50	58	0
29	97	0
66	98	0
91	67	0
23	79	0
66	50	0
1	73	0
58	52	0
46	76	0
65	56	0
55	76	0
62	89	0
9	58	0
56	52	0
78	48	0
77	62	0
38	80	0
76	84	0
44	30	0
99	19	0
53	43	0
99	10	0
7	80	0
52	88	0
90	70	0
70	68	0
19	90	0
10	68	0
79	87	0
44	28	0
5	83	0
71	98	0
49	64	0
90	63	0
22	90	0
76	41	0
20	0	0
47	85	0
20	81	0
11	17	0
89	54	0
92	20	0
51	17	1
71	31	0
76	14	0
22	14	0
27	58	0
77	28	0
2	79	0
60	74	0
6	39	0
22	78	0
61	50	0
62	96	0
68	44	0
77	88	0
77	56	0
73	82	0
1	86	0
52	44	0
25	80	0
79	51	0
56	42	0
94	46	0
97	94	0
80	94	0
50	65	0
76	51	0
70	71	0
37	56	1
64	4	0
66	83	0
84	74	0
87	3	0
58	80	0
3	99	0
49	25	1
51	38	0
71	37	0
68	29	0
72	22	0
19	91	0
73	28	0
32	68	0
91	17	0
40	64	0
47	36	0
62	91	0
72	76	0
47	80	0
74	96	0
81	59	0
86	48	0
95	70	0
78	97	0
99	42	0
32	65	0
85	82	0
47	77	0
80	87	0
99	49	0
47	85	0
89	68	0
85	52	0
81	33	0
42	45	0
5	64	0
59	80	0
73	9	0
65	26	0
80	82	0
64	42	0
14	87	0
17	92	0
62	36	0
87	18	0
88	50	0
98	4	0
79	98	0
52	27	1
55	43	0
34	76	0
97	19	0
67	50	0
29	76	0
26	98	0
26	74	0
12	90	0
32	12	1
63	64	0
44	31	0
46	74	0
40	46	0
65	73	0
75	11	0
13	87	0
95	54	0
21	22	0
16	81	0
67	59	0
72	45	0
44	64	0
91	50	0
90	56	0
78	57	0
52	12	1
57	67	0
84	45	0
2	32	0
99	77	0
51	46	0
41	79	0
6	75	0
25	91	0
29	60	0
91	31	0
59	93	0
6	94	0
95	66	0
52	29	1
74	21	0
28	20	0
34	39	0
75	8	0
15	74	0
83	56	0
91	38	0
1	6	0
4	35	0
72	12	0
43	76	0
94	86	0
1	11	0
50	90	0
81	32	0
40	12	1
94	79	0
44	59	0
72	77	0
27	32	0
98	36	0
86	73	0
22	70	0
16	84	0
1	49	1
28	76	0
24	98	0
74	12	0
29	60	0
11	86	0
34	35	0
48	14	1
41	61	0
66	44	0
44	7	1
32	79	0
97	24	0
5	29	0
75	48	0
89	26	0
55	58	0
30	19	0
40	8	0
18	94	0
42	81	0
26	61	0
23	18	0
21	81	0
24	76	0
71	56	0
94	42	0
36	64	0
81	99	0
47	32	0
60	70	0
42	82	0
14	87	0
87	43	0
44	61	0
7	21	0
90	49	0
65	50	0
89	25	0
89	19	0
73	33	0
57	93	0
45	38	0
61	42	0
58	29	0
39	1	0
34	92	0
58	69	0
89	29	0
61	98	0
85	56	0
76	46	0
36	79	0
31	75	0
81	27	0
53	43	0
71	1	0
99	97	0
77	78	0
50	79	0
73	31	0
87	80	0
17	78	0
60	31	0
16	97	0
13	57	1
34	65	0
86	62	0
65	13	0
98	93	0
85	10	0
99	95	0
57	9	0
67	20	0
78	52	0
69	30	0
9	84	0
55	91	0
67	80	0
5	25	0
10	86	0
18	73	0
44	10	1
39	38	0
6	47	1
81	41	0
50	17	1
1	61	0
24	85	0
65	92	0
91	45	0
1	71	0
66	42	0
27	91	0
83	56	0
71	41	0
26	52	0
85	39	0
75	42	0
64	64	0
11	60	1
54	46	0
4	86	0
3	6	0
81	71	0
14	66	0
18	6	0
4	92	0
23	73	0
97	41	0
69	81	0
84	62	0
94	84	0
52	56	0
59	36	0
1	78	0
53	59	0
37	55	0
64	36	0
84	25	0
