85	65	0
37	24	0
57	97	1
16	13	0
90	44	0
89	88	0
71	43	0
7	80	0
0	5	0
12	87	0
77	32	0
76	76	0
29	32	0
63	74	0
93	52	0
65	70	0
39	35	0
91	84	0
97	82	0
70	88	0
8	22	0
71	81	0
75	31	0
57	80	1
51	67	0
65	82	0
92	51	0
97	27	0
89	80	0
39	0	0
84	31	0
31	20	0
99	68	0
93	75	0
86	9	0
19	34	0
57	81	0
8	89	0
62	96	1
22	32	0
71	74	0
92	45	0
51	82	0
4	21	0
83	16	0
62	29	0
51	41	0
79	40	0
82	67	0
55	99	1
17	62	0
99	57	0
47	32	0
35	11	0
60	58	0
3	90	0
95	21	0
44	65	0
85	63	0
98	7	0
79	89	0
66	77	0
10	22	0
73	84	0
87	63	0
82	42	0
59	47	0
83	43	0
87	34	0
89	40	0
24	58	0
15	23	0
86	72	0
56	97	1
38	81	0
57	96	1
81	45	0
58	67	0
81	73	0
81	75	0
26	13	0
9	13	0
84	65	0
93	4	0
12	52	0
77	79	0
56	78	0
58	80	1
51	17	0
73	84	0
75	59	0
10	88	0
95	99	0
4	94	1
17	60	0
94	86	0
90	70	0
58	86	0
66	52	0
93	33	0
56	57	0
16	53	0
54	17	0
84	89	0
72	4	0
81	45	0
80	93	0
51	67	0
66	80	0
16	20	0
74	96	0
60	98	1
34	81	0
29	32	0
59	36	0
63	84	0
66	43	0
11	94	1
94	28	0
52	25	0
72	73	0
72	89	0
86	67	0
99	24	0
90	86	0
73	80	0
57	73	0
15	48	0
70	68	0
72	77	0
89	61	0
90	45	0
91	66	0
62	16	0
40	32	0
79	55	0
31	84	0
85	74	0
97	45	0
94	25	0
71	59	1
59	95	1
62	15	0
1	93	0
1	99	1
95	56	0
89	81	0
14	19	0
93	15	0
90	24	0
84	30	0
15	11	0
32	82	0
89	47	0
70	95	0
87	84	0
70	34	0
51	89	0
0	11	0
38	15	0
50	30	0
64	41	0
0	56	0
44	6	0
94	77	0
96	51	0
61	2	0
32	8	0
97	87	0
29	66	0
10	96	1
32	31	0
63	50	0
76	63	0
55	78	0
83	77	0
77	30	0
78	84	0
85	33	0
91	74	0
48	32	0
97	76	0
61	12	0
35	58	0
77	92	0
89	47	0
89	47	0
80	88	0
89	46	0
35	52	0
54	90	1
71	86	0
23	76	0
83	78	0
1	93	0
85	32	0
94	67	0
39	6	0
49	50	0
18	15	0
91	33	0
66	81	0
16	28	0
77	36	0
76	78	0
18	36	0
82	45	0
82	8	0
99	64	0
70	27	0
96	94	0
17	39	0
76	53	0
88	40	0
61	54	0
4	56	0
95	75	0
96	57	0
15	85	0
76	83	0
42	15	0
67	61	1
50	99	1
77	94	0
95	38	0
63	8	0
65	46	0
72	30	0
93	57	0
65	33	1
90	81	0
93	81	0
81	96	0
12	10	0
5	75	0
77	93	0
64	93	0
46	8	0
85	51	0
90	9	0
95	80	0
58	71	0
65	70	0
99	7	0
86	38	0
12	42	0
3	99	1
86	84	0
95	99	0
92	91	0
74	66	0
65	82	0
12	88	0
28	23	0
0	12	0
40	41	0
85	39	0
61	54	0
63	10	0
79	91	0
80	75	0
78	42	0
73	62	1
31	15	0
94	46	0
65	90	0
61	30	0
62	81	0
93	58	0
8	51	0
50	82	0
53	77	1
1	44	0
64	79	0
97	44	0
89	68	0
86	30	0
97	64	0
66	63	0
8	94	0
81	95	0
15	21	0
11	84	0
61	77	0
65	59	1
88	99	0
4	80	0
80	54	0
12	6	0
13	85	0
6	13	0
89	60	0
16	26	0
7	33	0
82	32	0
67	71	0
95	77	0
84	49	0
79	75	0
74	82	0
2	79	0
94	65	0
59	28	0
94	35	0
74	91	0
76	68	0
42	88	0
94	74	0
40	74	0
2	95	0
76	38	0
32	39	0
56	84	0
36	66	0
61	94	1
91	53	0
84	30	0
68	70	0
99	77	0
90	45	0
95	98	0
91	66	0
65	20	0
78	79	0
83	63	0
98	28	0
49	59	0
68	32	1
88	87	0
83	61	0
23	72	0
91	34	0
87	43	0
86	40	0
99	83	0
75	53	0
0	89	0
18	96	1
38	31	0
25	70	0
61	11	0
1	88	0
82	46	0
13	14	0
19	52	0
62	66	0
74	83	0
74	58	0
65	41	0
80	41	0
15	41	0
91	77	0
58	89	1
81	12	0
11	88	0
98	54	0
20	16	0
25	35	0
70	48	0
94	34	0
14	1	0
39	0	0
54	62	0
95	88	0
27	5	0
59	1	0
91	83	0
54	87	0
24	51	0
95	46	0
82	63	0
8	96	1
9	91	0
47	34	0
94	43	0
22	34	0
82	32	0
79	10	0
34	32	0
25	38	0
82	41	0
60	91	1
82	42	0
15	13	0
92	55	0
75	45	0
83	22	1
61	95	1
74	45	0
53	94	0
55	51	0
69	38	0
44	91	1
86	47	0
96	91	0
89	84	0
69	73	0
73	30	0
94	50	0
88	97	0
96	98	0
80	72	0
84	93	0
50	76	0
2	14	0
29	93	0
83	39	0
76	29	0
89	49	0
74	49	0
96	66	0
87	37	0
16	72	0
8	7	0
46	87	0
27	71	0
40	0	0
4	79	0
93	44	0
94	85	0
84	51	0
93	97	0
96	37	0
