84	59	0
33	26	0
63	96	0
15	3	0
90	38	0
83	93	0
46	82	1
72	49	0
1	85	0
2	2	0
17	99	0
93	47	0
67	76	0
36	41	0
73	83	0
98	47	0
51	97	0
63	74	0
36	24	0
85	70	0
84	96	0
79	81	0
1	32	0
77	17	1
65	65	0
22	95	1
81	33	0
67	94	0
50	70	0
64	75	0
93	51	0
96	20	0
95	74	0
35	6	0
46	96	0
70	34	0
29	19	0
96	77	0
82	80	0
95	18	0
99	13	0
22	39	0
57	80	0
6	88	0
93	6	0
64	94	0
14	27	0
84	83	0
90	26	0
55	98	0
83	12	1
12	16	0
96	10	0
73	42	0
42	87	1
70	22	0
53	49	0
77	30	0
8	98	0
51	83	1
88	60	0
65	92	0
9	66	0
44	93	0
94	54	0
39	37	0
27	8	0
73	63	0
5	84	0
92	34	0
44	66	0
88	53	0
98	7	0
75	99	0
75	81	0
4	24	0
67	82	0
90	65	0
83	46	0
16	96	0
59	46	0
90	52	0
91	41	0
93	34	0
12	57	0
5	13	0
97	61	0
53	99	0
44	74	0
57	92	0
70	37	0
65	69	0
76	74	0
86	71	0
21	23	0
15	7	0
88	56	0
87	0	0
24	95	1
11	46	0
71	74	0
62	81	0
56	78	0
48	8	0
49	87	0
65	84	0
75	55	0
14	91	0
89	81	0
1	77	0
16	55	0
83	83	0
87	74	0
50	67	0
64	41	0
80	36	0
37	90	1
46	72	0
20	49	0
44	76	1
42	23	0
94	88	0
32	99	1
79	6	0
76	35	0
73	90	0
62	84	0
64	67	0
15	22	0
18	74	0
60	86	0
73	67	0
40	96	0
54	93	0
78	17	1
36	89	0
34	34	0
72	67	0
58	52	0
64	73	0
73	31	0
3	95	0
68	54	1
94	38	0
64	35	0
48	24	0
88	18	0
64	70	0
78	96	0
89	71	0
93	19	0
94	34	0
98	72	0
66	72	0
60	90	0
64	17	1
17	76	0
88	11	0
7	45	0
33	87	1
84	79	0
80	79	0
91	49	0
88	55	0
44	78	1
91	65	0
55	8	0
47	25	0
76	57	0
31	77	0
60	77	0
81	78	0
83	6	0
93	51	0
91	35	0
73	53	0
66	92	0
54	9	0
1	92	0
7	90	0
96	59	0
69	59	0
79	12	1
94	71	0
21	21	0
27	93	1
49	98	0
83	2	0
78	6	0
99	29	0
88	28	0
76	29	0
10	7	0
26	83	0
51	87	0
88	44	0
73	93	0
97	78	0
70	38	0
69	82	0
11	3	0
37	7	0
39	24	0
73	34	0
76	16	1
4	48	0
34	22	0
95	82	0
98	67	0
82	21	1
98	12	0
67	3	0
38	7	0
95	88	0
28	89	0
5	98	0
42	38	0
73	41	0
73	67	0
62	71	0
86	83	0
68	35	0
77	77	0
93	29	0
88	66	0
65	43	0
95	77	0
62	14	0
99	7	0
28	47	0
69	89	0
99	39	0
92	44	0
73	95	0
89	37	0
66	14	1
44	52	0
58	90	0
70	82	0
20	76	0
83	82	0
6	97	0
98	4	0
87	14	0
53	80	1
13	98	0
86	40	0
89	69	0
30	3	0
46	95	0
53	63	0
2	17	0
85	38	0
95	6	0
70	90	0
16	21	0
78	28	0
67	82	0
11	26	0
46	83	1
79	45	0
85	2	0
90	66	0
13	78	1
63	13	0
94	95	0
38	94	1
60	61	1
7	37	0
62	87	0
63	58	0
92	43	0
68	42	0
67	52	1
0	54	0
92	71	0
85	69	0
7	89	0
79	88	0
36	26	0
70	61	0
62	99	0
55	91	0
99	50	0
63	10	0
3	68	1
71	41	0
31	98	1
83	27	0
96	53	0
77	31	0
84	68	0
47	98	0
56	92	0
22	93	1
93	90	0
71	86	0
16	1	0
2	91	0
78	89	0
59	97	0
68	26	0
81	58	0
98	1	0
90	11	1
93	80	0
62	84	0
90	17	0
84	13	1
68	84	0
40	97	1
94	16	0
99	5	0
76	30	0
8	46	0
15	93	0
23	98	1
87	87	0
88	93	0
85	86	0
86	64	0
79	77	0
9	89	0
27	15	0
5	3	0
36	38	0
89	16	0
80	33	0
65	66	0
64	7	0
89	83	0
82	81	0
81	49	0
75	62	0
29	7	0
99	38	0
71	89	0
51	33	0
27	94	1
71	85	0
99	64	0
23	65	0
44	66	0
61	76	0
46	92	0
3	46	0
79	70	0
96	48	0
96	69	0
37	82	1
60	88	0
85	21	0
86	8	0
16	77	1
35	87	1
95	68	0
67	75	0
0	99	0
11	75	1
79	92	0
22	20	0
3	80	0
61	76	0
65	66	0
82	87	0
2	89	0
79	58	0
18	4	0
51	89	0
7	87	0
3	19	0
90	59	0
89	10	1
74	21	0
14	16	0
17	45	0
69	36	0
63	81	0
92	73	0
83	46	0
77	78	0
72	85	0
0	63	0
82	61	0
66	28	0
92	43	0
88	92	0
85	79	0
50	76	0
97	76	0
99	10	0
49	72	0
1	96	0
74	35	0
65	16	1
81	23	0
28	28	0
55	81	0
53	51	1
34	72	0
62	88	0
87	52	0
89	35	0
77	67	0
94	90	0
85	51	0
88	96	0
31	85	1
78	70	0
73	37	0
44	86	0
91	80	0
84	75	0
98	31	0
44	73	0
81	23	1
51	36	0
91	85	0
88	55	0
23	84	0
77	33	0
72	34	0
95	41	0
83	13	1
90	83	0
82	17	1
76	41	0
10	85	0
17	95	0
47	33	0
24	67	0
48	85	0
62	1	0
6	93	0
74	46	0
16	11	0
18	63	0
63	69	0
75	67	0
76	61	0
75	48	0
73	68	0
87	49	0
9	43	0
94	85	0
65	58	1
47	93	0
83	24	0
43	98	0
20	90	0
93	53	0
62	30	0
20	16	0
29	34	0
81	53	0
96	27	0
21	4	0
43	4	0
51	65	0
97	82	0
20	8	0
45	81	1
59	19	0
89	78	0
69	65	0
62	87	0
10	50	0
95	49	0
88	61	0
2	82	0
2	90	0
50	34	0
94	23	0
11	23	0
92	39	0
75	11	0
39	31	0
18	95	0
59	91	0
22	30	0
25	99	1
75	40	0
62	84	0
21	95	1
67	35	0
5	4	0
83	54	0
85	33	0
81	28	0
65	21	0
54	98	0
41	93	1
78	32	0
56	98	0
67	68	0
79	50	0
56	89	0
92	44	0
96	98	0
87	89	0
49	84	0
87	7	1
77	75	0
70	24	0
95	45	0
90	98	0
84	16	1
90	98	0
89	19	0
80	69	0
8	94	0
84	93	0
75	79	0
8	20	0
18	93	0
88	26	0
16	94	0
49	85	0
81	38	0
75	53	0
25	93	1
77	48	0
92	54	0
84	37	0
83	25	0
0	93	0
14	10	0
58	81	0
23	60	0
30	12	0
2	85	0
92	41	0
86	82	0
86	48	0
89	79	0
73	48	0
6	83	1
84	16	1
96	38	0
