93	64	0
48	17	0
42	21	0
47	88	0
2	41	0
88	30	0
96	79	0
9	5	0
45	16	0
68	92	0
44	40	0
78	44	0
3	90	0
26	5	0
19	57	0
95	6	0
88	78	0
65	30	0
28	65	0
96	62	0
99	3	0
40	73	0
69	78	0
79	82	0
75	1	0
26	94	0
56	15	0
76	76	0
68	91	0
96	56	0
0	44	0
31	32	0
46	22	0
81	19	0
46	52	0
89	73	0
6	90	0
67	69	0
95	14	0
84	96	0
43	16	0
25	57	0
68	54	0
97	60	0
60	88	0
93	51	0
21	98	0
36	45	0
60	13	0
89	43	0
23	63	0
57	6	0
31	86	0
62	91	0
30	65	0
97	70	0
57	19	0
39	59	0
88	72	0
99	95	0
80	10	0
23	96	0
88	3	0
50	10	0
93	67	0
40	27	0
15	87	0
92	5	0
32	81	0
88	72	0
60	53	0
25	30	0
94	78	0
23	41	0
27	49	0
92	36	0
26	15	0
16	43	0
38	83	0
61	96	0
70	24	0
42	94	0
70	95	0
5	7	0
15	27	0
93	13	0
94	17	0
47	50	0
83	41	0
20	32	0
76	49	0
46	50	0
29	10	0
31	3	0
71	49	0
23	82	0
56	1	0
48	83	0
39	1	0
34	28	0
85	44	0
50	64	0
57	47	0
21	78	0
68	73	0
3	81	0
50	91	0
87	48	0
71	17	0
54	79	0
0	54	0
64	8	0
51	72	0
6	78	0
48	1	0
26	55	0
20	30	0
93	79	0
9	29	1
44	27	0
5	2	0
38	98	0
88	4	0
62	64	0
13	36	0
76	77	0
95	17	0
66	67	0
54	86	0
32	19	0
59	97	0
19	15	0
75	82	0
65	50	0
28	93	0
75	32	0
38	33	0
19	25	0
74	7	0
10	6	0
0	77	0
15	13	0
95	78	0
92	9	0
84	37	0
51	57	0
65	9	0
85	90	0
7	2	0
38	15	0
11	12	0
82	77	0
38	40	0
89	76	0
83	80	0
55	27	0
57	35	0
74	56	0
3	49	0
28	76	0
16	59	0
85	75	0
48	62	0
36	94	0
87	47	0
72	71	0
61	84	0
17	36	0
96	78	0
5	49	0
32	32	0
21	22	0
22	76	0
30	71	0
96	23	0
47	32	0
77	6	0
42	81	0
70	20	0
56	30	0
79	72	0
21	46	0
70	59	0
34	97	0
31	63	0
29	3	0
68	23	0
20	95	0
7	86	0
65	82	0
84	47	0
21	88	0
24	44	0
81	73	0
22	51	0
32	75	0
34	89	0
53	39	0
30	2	0
18	42	0
78	92	0
91	87	0
61	94	0
70	15	0
7	56	0
62	6	0
58	24	0
61	27	0
82	21	0
30	60	0
4	75	0
51	69	0
65	36	0
33	68	0
86	23	0
59	86	0
32	72	0
19	15	0
84	80	0
31	75	0
43	1	0
2	87	0
82	18	0
95	72	0
76	88	0
85	25	0
1	78	0
22	83	0
97	48	0
59	68	0
35	45	0
42	77	0
71	69	0
51	57	0
11	82	0
35	67	0
68	5	0
10	60	0
65	96	0
70	42	0
28	82	0
90	66	0
43	9	0
38	60	0
5	71	0
38	91	0
59	30	0
72	18	0
17	38	0
93	61	0
65	41	0
80	50	0
12	91	0
56	12	0
22	79	0
63	70	0
61	56	0
70	58	0
58	2	0
25	12	0
9	56	0
74	51	0
52	11	0
65	55	0
46	86	0
62	53	0
94	28	0
99	10	0
16	65	0
85	66	0
22	91	0
14	14	1
94	56	0
39	95	0
50	36	0
49	2	0
11	99	0
73	38	0
45	57	0
38	76	0
43	4	0
16	84	0
82	82	0
83	79	0
59	33	0
88	70	0
14	91	0
41	45	0
69	2	0
73	20	0
28	26	0
54	5	0
62	14	0
53	36	0
67	37	0
28	50	0
21	48	0
55	50	0
70	71	0
85	82	0
49	95	0
73	16	0
98	55	0
72	10	0
13	55	0
24	14	0
91	41	0
53	32	0
73	74	0
13	45	0
51	60	0
59	23	0
29	97	0
30	89	0
38	74	0
95	50	0
45	26	0
47	2	0
29	45	0
89	55	0
73	7	0
66	96	0
25	2	0
70	94	0
8	79	0
42	77	0
29	24	0
5	53	0
17	14	1
85	11	0
20	34	0
78	18	0
42	4	0
10	4	0
81	14	0
26	64	0
24	44	0
88	30	0
92	50	0
15	36	0
20	36	0
5	55	0
33	91	0
12	73	0
3	10	0
37	93	0
53	66	0
45	22	0
11	17	1
55	30	0
44	86	0
37	72	0
90	98	0
31	30	0
18	55	0
37	45	0
56	69	0
75	98	0
43	11	0
69	0	0
30	10	0
44	8	0
58	0	0
19	55	0
76	59	0
62	2	0
26	47	0
59	3	0
55	56	0
50	55	0
36	59	0
77	81	0
68	52	0
17	67	0
55	38	0
19	16	0
98	6	0
42	1	0
63	25	0
56	30	0
16	41	0
9	75	0
64	73	0
11	81	0
35	97	0
26	88	0
39	21	0
38	38	0
89	64	0
55	37	0
8	70	0
76	81	0
64	85	0
30	32	0
68	19	0
72	91	0
65	7	0
99	62	0
76	43	0
40	20	0
35	44	0
38	39	0
88	76	0
18	20	0
70	19	0
82	7	0
11	53	0
33	87	0
76	76	0
80	1	0
2	66	0
93	46	0
58	95	0
9	16	0
70	3	0
58	60	0
36	57	0
58	47	0
21	37	0
48	38	0
74	82	0
68	50	0
41	30	0
72	74	0
24	48	0
24	81	0
80	88	0
44	14	0
2	79	0
74	19	0
85	22	0
69	44	0
17	63	0
66	20	0
19	29	0
55	43	0
12	94	0
67	49	0
53	12	0
90	50	0
42	23	0
27	76	0
43	0	0
81	37	0
6	4	0
63	92	0
5	91	0
30	37	0
52	76	0
55	30	0
8	96	0
11	47	0
17	40	0
55	18	0
96	34	0
76	18	0
89	99	0
34	62	0
17	21	0
40	15	0
43	28	0
93	12	0
56	63	0
81	76	0
33	34	0
63	96	0
75	57	0
38	77	0
76	1	0
71	42	0
80	12	0
67	20	0
41	25	0
32	33	0
98	4	0
63	23	0
4	71	0
97	9	0
97	87	0
8	92	0
8	30	1
90	67	0
45	49	0
33	2	0
91	84	0
81	57	0
23	97	0
67	26	0
74	38	0
90	63	0
9	19	1
83	70	0
31	79	0
76	78	0
31	99	0
92	71	0
34	46	0
24	86	0
97	86	0
28	31	0
31	37	0
69	72	0
69	98	0
51	74	0
15	11	1
48	82	0
65	63	0
37	57	0
33	72	0
89	21	0
15	93	0
83	51	0
24	76	0
38	61	0
49	84	0
87	30	0
30	31	0
21	50	0
3	18	1
62	41	0
98	68	0
58	21	0
80	90	0
72	93	0
33	40	0
51	16	0
27	47	0
20	78	0
35	30	0
56	67	0
68	96	0
33	29	0
76	81	0
49	33	0
39	13	0
67	37	0
20	76	0
47	13	0
8	59	0
95	83	0
60	99	0
44	54	0
76	10	0
45	69	0
46	56	0
94	59	0
91	3	0
1	68	0
75	6	0
83	80	0
66	28	0
33	1	0
29	69	0
79	75	0
34	86	0
54	79	0
84	18	0
14	76	0
57	16	0
58	72	0
64	96	0
30	95	0
97	12	0
92	17	0
71	7	0
41	92	0
10	89	0
0	88	0
74	59	0
75	64	0
82	64	0
10	44	0
85	52	0
65	51	0
10	19	1
78	70	0
66	61	0
15	46	0
15	68	0
41	27	0
41	39	0
10	56	0
58	56	0
47	46	0
98	43	0
76	33	0
79	2	0
78	35	0
43	90	0
18	18	0
23	49	0
72	43	0
99	87	0
72	73	0
99	76	0
22	47	0
58	75	0
60	47	0
27	63	0
85	39	0
7	29	1
22	63	0
41	22	0
82	62	0
70	96	0
53	54	0
26	59	0
36	3	0
83	66	0
23	76	0
50	27	0
87	81	0
92	78	0
18	91	0
45	57	0
13	77	0
74	79	0
42	57	0
52	63	0
39	83	0
70	71	0
32	30	0
20	66	0
91	77	0
77	58	0
98	63	0
32	79	0
56	79	0
68	31	0
26	23	0
88	26	0
39	31	0
97	0	0
18	83	0
22	22	0
3	18	1
37	98	0
88	66	0
22	40	0
93	61	0
18	94	0
15	65	0
32	1	0
96	88	0
25	25	0
1	83	0
73	98	0
41	61	0
80	69	0
22	79	0
92	23	0
25	25	0
31	82	0
28	77	0
37	16	0
22	41	0
11	35	0
97	71	0
87	11	0
51	12	0
71	7	0
88	45	0
26	7	0
43	28	0
98	35	0
8	56	0
45	87	0
9	54	0
18	77	0
72	56	0
51	95	0
67	50	0
73	80	0
38	27	0
89	71	0
33	66	0
89	44	0
10	77	0
67	42	0
30	70	0
72	32	0
5	26	1
61	38	0
90	83	0
85	90	0
84	93	0
27	84	0
21	41	0
45	52	0
48	63	0
38	28	0
22	8	0
40	64	0
10	47	0
65	0	0
76	86	0
89	50	0
98	11	0
11	51	0
4	2	0
80	97	0
4	82	0
52	18	0
54	34	0
74	12	0
21	2	0
50	15	0
20	38	0
4	34	1
53	14	0
56	6	0
31	83	0
54	17	0
29	99	0
77	0	0
30	45	0
47	63	0
67	14	0
92	60	0
63	71	0
46	61	0
52	97	0
82	88	0
12	13	0
94	56	0
16	64	0
84	69	0
56	86	0
16	36	0
14	61	0
96	47	0
27	83	0
93	95	0
65	86	0
45	12	0
43	58	0
76	55	0
43	90	0
81	49	0
98	76	0
76	26	0
11	64	0
6	67	0
78	93	0
71	36	0
55	63	0
58	5	0
18	19	0
70	68	0
33	37	0
17	64	0
33	51	0
51	47	0
32	12	0
59	31	0
4	87	0
26	44	0
11	60	0
6	59	0
81	56	0
29	21	0
65	19	0
93	24	0
80	1	0
55	66	0
3	65	0
60	26	0
37	34	0
13	15	1
15	19	0
74	71	0
70	18	0
40	44	0
50	75	0
54	84	0
15	96	0
19	61	0
49	88	0
29	41	0
79	93	0
49	39	0
29	78	0
14	9	0
56	22	0
7	46	0
61	51	0
72	15	0
31	73	0
84	61	0
57	52	0
51	45	0
41	22	0
0	67	0
75	67	0
71	50	0
40	32	0
75	60	0
75	72	0
77	45	0
60	11	0
90	75	0
83	23	0
5	73	0
69	71	0
6	29	1
25	3	0
48	27	0
7	1	0
12	52	0
15	82	0
36	90	0
28	48	0
99	32	0
10	51	0
54	97	0
18	86	0
98	66	0
47	62	0
4	24	1
81	40	0
24	0	0
61	22	0
54	7	0
16	3	0
26	85	0
50	63	0
83	76	0
67	44	0
17	6	0
25	30	0
56	9	0
9	22	1
0	77	0
72	0	0
38	70	0
56	30	0
69	99	0
12	37	0
7	90	0
89	52	0
26	18	0
87	75	0
62	54	0
68	38	0
46	30	0
96	26	0
86	65	0
12	60	0
2	92	0
29	51	0
0	90	0
6	92	0
92	21	0
32	49	0
0	97	0
54	8	0
67	1	0
43	50	0
22	18	0
66	41	0
39	23	0
20	79	0
23	36	0
55	7	0
6	38	0
92	51	0
93	4	0
59	51	0
34	3	0
42	25	0
11	95	0
57	76	0
30	64	0
12	4	0
34	21	0
9	86	0
0	78	0
66	52	0
88	42	0
53	36	0
15	80	0
22	34	0
92	82	0
70	27	0
43	79	0
62	94	0
22	13	0
5	88	0
66	17	0
57	77	0
34	40	0
93	70	0
30	75	0
95	25	0
85	15	0
98	15	0
83	86	0
43	57	0
15	84	0
80	13	0
37	8	0
68	82	0
69	74	0
18	41	0
70	43	0
62	78	0
81	19	0
95	45	0
13	65	0
59	45	0
27	31	0
89	25	0
60	43	0
69	15	0
91	94	0
79	71	0
52	68	0
78	36	0
57	72	0
4	91	0
34	2	0
7	93	0
19	77	0
66	64	0
74	96	0
86	11	0
96	94	0
77	1	0
6	6	0
91	72	0
69	9	0
98	35	0
73	61	0
51	45	0
17	64	0
67	91	0
59	73	0
1	42	0
7	45	0
37	96	0
0	80	0
56	5	0
39	46	0
14	66	0
39	35	0
15	23	1
5	42	0
98	54	0
57	30	0
1	46	0
25	86	0
77	62	0
1	5	0
88	85	0
20	82	0
63	49	0
40	55	0
88	43	0
61	39	0
2	6	0
12	10	0
3	52	0
23	57	0
96	77	0
60	47	0
95	69	0
10	54	0
76	59	0
18	79	0
0	3	0
75	80	0
1	15	1
28	70	0
41	5	0
29	21	0
6	74	0
34	92	0
3	2	0
76	36	0
59	62	0
78	62	0
81	85	0
41	87	0
31	28	0
3	64	0
8	9	0
37	71	0
46	48	0
52	53	0
84	14	0
