99	69	0
21	15	0
55	96	0
4	3	0
94	40	0
97	99	0
45	82	0
57	24	0
81	54	0
4	89	0
0	10	0
17	99	0
99	35	0
66	76	0
40	32	0
81	70	0
96	20	0
58	99	0
38	72	0
83	65	0
51	13	0
27	84	0
56	19	1
85	66	0
83	81	0
85	81	0
7	23	0
46	40	0
85	24	0
82	65	0
10	78	0
32	96	0
84	11	0
63	93	0
38	10	1
50	70	0
82	71	0
96	69	0
65	60	0
97	31	0
15	69	0
63	5	1
94	70	0
18	74	0
54	0	0
8	77	0
34	95	0
27	65	1
83	53	0
50	34	0
32	14	0
98	86	0
89	98	0
88	15	0
34	87	0
99	11	0
21	19	0
75	88	0
0	95	0
84	9	0
23	66	0
66	89	0
43	63	0
13	24	0
71	79	0
87	35	0
22	94	0
48	97	0
69	27	0
30	97	0
49	92	0
17	14	0
95	17	0
77	28	0
50	75	0
88	35	0
81	64	0
56	8	1
68	39	0
4	99	0
69	5	0
49	77	0
57	31	1
82	10	0
89	60	0
4	57	0
74	89	0
6	77	0
32	94	0
98	57	0
80	28	0
34	69	0
32	65	1
76	2	0
67	49	0
11	75	0
35	5	0
68	69	0
52	31	0
2	99	0
98	26	0
42	79	0
79	69	0
87	2	0
63	86	0
62	82	0
6	27	0
59	87	0
96	86	0
82	52	0
24	88	0
67	34	0
79	4	0
98	62	0
86	31	0
98	52	0
29	49	0
55	10	1
55	65	0
12	23	0
49	33	0
86	62	0
51	78	0
62	73	0
59	16	1
48	35	0
65	78	0
46	60	0
44	97	0
73	38	0
63	70	0
56	74	0
94	54	0
26	12	0
46	33	0
18	20	0
16	79	0
26	59	0
77	51	0
53	36	0
87	7	0
29	80	0
56	24	1
26	39	0
69	79	0
28	65	0
58	61	0
47	76	0
42	48	1
43	1	0
51	17	1
40	88	0
26	65	0
74	76	0
95	67	0
19	96	0
88	71	0
30	55	0
22	69	0
53	72	0
43	50	1
19	35	0
76	80	0
95	82	0
42	69	0
79	48	0
5	38	1
57	49	0
55	18	1
69	17	0
42	55	1
52	17	1
32	71	0
98	34	0
26	94	0
28	61	1
70	89	0
47	48	1
22	23	0
39	79	0
52	12	0
95	97	0
30	88	0
98	4	0
20	76	0
98	29	0
59	99	0
69	83	0
63	61	0
29	54	0
12	67	0
58	4	0
67	91	0
96	51	0
41	90	0
64	73	0
84	20	0
53	77	0
39	84	0
34	84	0
24	20	0
67	23	0
84	53	0
52	45	0
76	70	0
68	24	0
22	93	0
56	66	0
90	35	0
73	43	0
48	6	0
2	36	1
89	31	0
76	81	0
69	96	0
75	57	0
95	29	0
91	16	0
3	38	1
87	75	0
34	98	0
79	87	0
42	99	0
37	38	0
87	33	0
28	97	0
87	23	0
21	53	0
31	84	0
52	14	1
24	94	0
73	90	0
78	78	0
91	59	0
95	53	0
24	86	0
43	76	0
81	7	0
86	56	0
44	3	0
34	27	0
41	53	1
74	39	0
24	54	0
38	46	0
25	76	0
77	97	0
95	56	0
56	73	0
94	2	0
91	37	0
62	11	1
93	50	0
68	49	0
66	77	0
3	34	1
44	63	0
70	24	0
8	81	0
27	61	0
7	92	0
93	60	0
43	5	1
79	65	0
88	5	0
98	80	0
24	1	0
39	97	0
23	69	0
59	93	0
39	28	0
77	16	0
86	10	0
58	16	1
91	13	0
53	50	0
73	25	0
81	56	0
7	5	0
3	57	1
31	99	0
21	74	0
55	95	0
40	69	0
85	42	0
65	6	1
47	85	0
53	62	0
95	92	0
61	38	0
65	92	0
80	19	0
26	10	0
47	0	0
48	23	1
30	23	0
91	56	0
76	12	0
20	45	0
19	27	0
38	51	1
46	34	0
94	75	0
91	64	0
66	30	0
87	8	0
67	11	0
78	13	0
47	41	0
42	23	0
9	72	0
84	90	0
48	88	0
8	99	0
34	49	0
50	35	0
78	38	0
68	49	0
79	78	0
82	86	0
74	26	0
69	80	0
69	7	0
81	55	0
74	54	0
64	54	0
95	77	0
73	15	0
89	19	0
20	44	0
63	94	0
62	71	0
80	19	0
18	79	0
94	45	0
61	98	0
97	26	0
65	29	0
35	57	0
54	47	0
32	69	1
61	83	0
74	32	0
77	77	0
16	85	0
95	94	0
3	79	0
50	55	1
97	1	0
89	28	0
42	71	0
53	51	0
69	45	0
18	90	0
73	32	0
91	59	0
47	31	0
32	93	0
31	12	0
41	45	1
53	92	0
36	87	0
37	80	0
17	72	0
13	23	0
70	5	0
74	33	0
97	8	0
80	97	0
33	67	1
30	27	0
72	9	0
59	43	0
67	96	0
4	19	0
46	89	0
90	48	0
28	79	0
74	1	0
40	65	0
63	21	0
56	13	1
83	19	0
87	45	0
9	81	0
74	12	0
81	96	0
31	97	0
88	67	0
10	31	0
65	95	0
66	42	0
11	76	0
64	24	0
89	44	0
78	48	0
75	62	0
13	49	0
97	53	0
18	94	0
97	58	0
20	93	0
85	88	0
39	24	0
73	75	0
57	93	0
46	43	1
57	96	0
80	48	0
42	48	1
24	63	0
86	4	0
3	78	0
77	55	0
22	96	0
41	50	1
44	66	0
80	29	0
23	55	0
52	32	0
89	54	0
71	22	0
80	86	0
45	97	0
40	57	1
40	45	0
65	98	0
58	21	1
39	90	0
91	90	0
87	74	0
75	9	0
22	2	0
42	32	0
32	59	0
3	78	0
84	81	0
67	82	0
66	52	0
68	17	0
39	67	0
34	72	0
83	56	0
91	2	0
15	71	0
81	8	0
61	58	0
58	28	1
37	8	1
38	40	0
85	91	0
22	76	0
54	92	0
74	16	0
75	17	0
45	60	0
58	85	0
25	96	0
95	24	0
82	12	0
79	27	0
13	66	0
17	99	0
15	85	0
54	33	1
70	86	0
76	93	0
3	35	0
63	56	0
77	92	0
74	60	0
66	64	0
22	91	0
9	78	0
41	28	0
9	24	0
45	37	0
29	48	0
98	35	0
82	47	0
64	9	1
64	39	0
58	49	0
40	25	0
93	75	0
51	78	0
80	51	0
27	58	1
41	99	0
78	55	0
25	8	0
95	48	0
66	85	0
38	28	0
50	56	0
29	98	0
62	95	0
87	66	0
24	84	0
60	44	0
2	74	0
56	50	0
46	71	0
68	49	0
57	71	0
59	90	0
9	51	0
61	55	0
83	48	0
78	61	0
38	74	0
71	87	0
45	29	0
99	21	0
57	46	0
90	10	0
6	78	0
55	89	0
89	70	0
74	72	0
18	93	0
7	66	0
78	89	0
36	28	0
4	86	0
71	99	0
56	61	0
88	65	0
20	90	0
78	49	0
18	2	0
50	95	0
23	85	0
9	13	0
88	57	0
86	22	0
79	26	0
77	17	0
19	12	0
26	55	0
79	31	0
0	77	0
60	74	0
3	41	1
23	74	0
65	51	0
70	95	0
64	39	0
69	85	0
75	51	0
75	82	0
4	82	0
49	47	0
31	78	0
68	55	0
57	45	0
93	44	0
99	97	0
84	97	0
51	57	0
76	55	0
68	68	0
66	3	0
68	80	0
87	76	0
88	10	0
56	81	0
3	99	0
51	40	0
69	38	0
67	31	0
73	22	0
20	80	0
76	20	0
32	66	1
90	16	0
38	58	0
48	31	0
58	93	0
70	76	0
49	82	0
71	86	0
83	66	0
83	46	0
95	65	0
77	94	0
98	43	0
39	63	0
88	82	0
42	73	0
78	81	0
98	51	0
45	88	0
87	71	0
87	53	0
81	29	0
42	47	1
2	64	0
52	79	0
72	17	0
66	29	0
83	86	0
68	46	0
14	85	0
20	90	0
65	44	0
85	25	0
85	47	0
97	0	0
83	95	0
58	39	0
34	80	0
94	23	0
64	49	0
29	77	0
16	97	0
28	74	0
9	82	0
59	58	0
42	26	0
45	75	0
48	51	1
69	75	0
72	13	0
22	85	0
91	50	0
18	23	0
14	77	0
73	64	0
70	46	0
41	62	0
92	48	0
84	52	0
75	53	0
54	12	1
56	66	0
81	49	0
1	27	0
98	79	0
60	48	0
42	89	0
6	77	0
21	85	0
32	56	0
90	26	0
57	91	0
4	95	0
99	67	0
57	28	1
79	19	0
25	17	0
32	29	0
74	8	0
18	72	0
87	50	0
90	34	0
9	6	0
1	38	1
69	15	0
37	84	0
98	85	0
2	8	0
49	89	0
83	35	0
96	82	0
45	62	0
65	71	0
27	37	0
95	39	0
91	66	0
19	74	0
18	85	0
28	70	0
22	90	0
76	10	0
20	58	0
12	86	0
39	36	0
49	22	1
46	65	0
69	43	0
32	74	0
94	20	0
5	31	0
80	47	0
78	23	0
48	50	1
32	24	0
44	8	1
19	91	0
48	79	0
18	63	0
22	23	0
21	80	0
16	79	0
67	58	0
91	42	0
37	58	0
79	97	0
45	25	0
62	75	0
42	76	0
16	90	0
90	38	0
46	56	0
8	15	0
91	54	0
60	49	0
88	24	0
88	26	0
77	35	0
58	91	0
42	35	0
58	45	0
61	32	0
41	0	0
32	97	0
55	64	0
91	33	0
60	96	0
86	54	0
75	45	0
38	86	0
35	76	0
90	28	0
51	47	0
69	3	0
94	99	0
74	86	0
49	80	0
71	24	0
85	77	0
19	78	0
61	25	0
23	93	0
41	59	0
91	66	0
66	12	1
96	92	0
83	7	0
94	97	0
60	11	1
71	24	0
77	59	0
67	28	0
5	81	0
62	98	0
61	77	0
3	24	0
10	90	0
14	77	0
43	18	1
46	37	0
78	40	0
45	12	1
5	62	0
29	90	0
63	91	0
96	49	0
3	68	0
69	44	0
30	93	0
83	47	0
69	42	0
26	60	0
81	40	0
77	46	0
58	66	0
54	48	0
4	80	0
0	7	0
79	68	0
20	61	0
19	3	0
1	90	0
28	71	0
96	40	0
73	87	0
83	62	0
97	82	0
51	53	1
63	29	0
0	78	0
52	61	0
38	48	1
72	42	0
85	22	0
