97	66	0
49	9	0
39	19	0
41	95	0
3	38	0
90	28	0
88	77	0
10	6	0
44	10	0
71	94	0
43	40	0
77	40	0
1	86	0
22	1	0
14	66	0
97	5	0
92	87	0
64	29	0
29	60	0
97	63	0
93	1	0
43	73	0
75	82	0
79	91	0
68	2	0
29	96	0
55	11	0
76	78	0
73	93	0
96	59	0
2	41	0
30	33	0
43	27	0
82	17	0
42	47	0
94	78	0
12	93	0
68	78	0
88	23	0
82	96	0
46	10	0
24	53	0
71	53	0
99	53	0
62	77	0
98	50	0
19	99	0
37	45	0
55	16	0
83	43	0
17	67	0
60	9	0
32	88	0
53	87	0
27	64	0
97	70	0
50	22	0
37	49	0
87	74	0
95	99	0
89	11	0
17	98	0
93	13	0
51	11	0
92	68	0
39	36	0
20	86	0
85	11	0
33	82	0
83	74	0
66	53	0
20	30	0
86	80	0
30	38	0
15	49	0
91	37	0
18	26	1
17	36	0
41	83	0
61	92	0
68	26	0
48	96	0
65	96	0
1	9	0
13	21	0
92	18	0
94	20	0
36	57	0
81	42	0
22	30	0
78	49	0
36	58	0
33	13	0
35	4	0
69	48	0
23	84	0
55	7	0
48	75	0
45	0	0
36	27	0
92	45	0
49	61	0
65	48	0
16	79	0
63	84	0
9	80	0
45	76	0
87	49	0
67	12	0
53	73	0
8	52	0
58	9	0
52	66	0
13	73	0
45	0	0
29	59	0
16	33	0
88	82	0
41	37	0
2	4	0
26	96	0
80	1	0
69	65	0
18	31	0
80	79	0
94	15	0
61	69	0
57	87	0
32	19	0
63	94	0
21	17	1
72	86	0
61	54	0
34	93	0
76	30	0
39	23	0
19	36	0
80	0	0
12	11	1
4	73	0
11	17	1
93	70	0
87	14	0
89	36	0
42	56	0
62	5	0
86	96	0
4	7	0
37	14	0
11	12	1
82	80	0
36	36	0
93	67	0
85	80	0
53	26	0
51	39	0
69	57	0
7	48	0
25	80	0
11	59	0
83	79	0
55	69	0
42	95	0
83	51	0
69	74	0
55	84	0
26	46	0
90	83	0
2	37	0
35	36	0
26	21	0
18	71	0
31	71	0
96	22	0
43	34	0
75	8	0
37	79	0
71	21	0
58	30	0
76	78	0
22	50	0
62	67	0
33	99	0
38	66	0
43	6	0
67	17	0
31	91	0
16	81	0
71	84	0
94	60	0
18	89	0
29	38	0
86	70	0
25	60	0
40	80	0
35	95	0
53	45	0
34	5	0
23	39	0
80	96	0
90	95	0
59	95	0
78	15	0
2	61	0
65	0	0
60	16	0
67	22	0
85	21	0
29	60	0
7	73	0
59	65	0
71	37	0
29	75	0
90	17	0
57	86	0
35	68	0
30	18	0
81	70	0
33	71	0
42	9	0
1	90	0
83	20	0
98	75	0
86	92	0
86	22	0
3	80	0
19	77	0
93	49	0
51	70	0
37	46	0
43	75	0
57	71	0
56	54	0
8	84	0
35	68	0
63	15	0
3	61	0
66	99	0
64	40	0
33	93	0
88	60	0
40	14	0
42	59	0
11	76	0
40	95	0
57	33	0
70	27	0
10	35	0
89	66	0
70	47	0
82	54	0
10	87	0
57	8	0
13	83	0
64	64	0
58	45	0
70	56	0
58	5	0
17	7	1
3	55	0
77	47	0
45	10	0
69	55	0
50	82	0
63	55	0
91	32	0
92	16	0
8	60	0
91	67	0
25	91	0
91	54	0
36	89	0
56	35	0
47	1	0
15	93	0
73	34	0
45	57	0
42	75	0
47	1	0
20	93	0
75	84	0
84	87	0
58	29	0
94	72	0
11	90	0
37	40	0
60	0	0
64	20	0
34	24	0
46	0	0
57	12	0
57	47	0
73	34	0
36	48	0
22	46	0
52	51	0
68	79	0
89	75	0
56	87	0
77	9	0
98	53	0
78	0	0
9	57	0
26	9	0
91	34	0
47	24	0
75	77	0
7	44	0
53	71	0
59	26	0
25	98	0
34	89	0
32	72	0
91	54	0
41	24	0
41	0	0
25	53	0
90	50	0
74	17	0
75	97	0
17	5	0
66	90	0
11	78	0
45	84	0
32	29	0
3	55	0
81	9	0
23	34	0
81	13	0
39	11	0
13	1	0
82	6	0
31	53	0
13	41	0
89	30	0
92	59	0
9	25	0
26	37	0
4	61	0
33	83	0
15	75	0
6	6	0
37	96	0
44	66	0
37	29	0
61	32	0
45	80	0
37	68	0
91	92	0
37	29	0
17	48	0
31	42	0
55	77	0
78	97	0
51	8	0
72	1	0
34	7	0
46	9	0
60	7	0
24	50	0
78	61	0
67	3	0
26	44	0
65	10	0
51	57	0
48	50	0
29	64	0
77	84	0
64	52	0
14	64	0
57	34	0
22	17	0
93	5	0
50	4	0
67	16	0
55	36	0
19	39	0
11	70	0
70	73	0
11	75	0
30	97	0
28	91	0
48	21	0
32	35	0
88	64	0
60	47	0
7	77	0
77	78	0
64	88	0
23	33	0
68	22	0
68	92	0
71	2	0
96	62	0
79	40	0
34	19	0
39	47	0
37	49	0
88	79	0
11	27	0
77	27	0
86	6	0
14	57	0
32	90	0
71	78	0
86	5	0
3	71	0
94	35	0
48	90	0
4	9	1
73	9	0
63	51	0
43	55	0
58	48	0
29	36	0
50	38	0
75	74	0
70	54	0
42	33	0
73	64	0
22	49	0
28	90	0
86	84	0
44	19	0
0	74	0
69	18	0
86	19	0
71	44	0
16	59	0
62	23	0
30	34	0
54	41	0
7	99	0
61	40	0
59	17	0
90	54	0
44	26	0
33	74	0
36	8	0
82	42	0
10	3	0
62	94	0
3	87	0
37	42	0
52	84	0
56	30	0
21	95	0
19	47	0
19	39	0
61	19	0
96	31	0
84	20	0
87	98	0
26	60	0
15	15	1
32	14	0
35	28	0
84	20	0
53	65	0
78	84	0
26	31	0
65	98	0
84	70	0
39	76	0
76	10	0
69	37	0
84	19	0
69	23	0
42	21	0
38	32	0
98	3	0
64	28	0
1	66	0
91	17	0
91	93	0
10	93	0
88	63	0
44	48	0
26	0	0
92	89	0
80	55	0
27	99	0
65	22	0
76	42	0
94	60	0
82	70	0
30	76	0
77	82	0
31	92	0
88	70	0
39	38	0
27	88	0
99	89	0
32	30	0
26	46	0
64	67	0
62	91	0
53	70	0
42	90	0
66	63	0
34	60	0
33	64	0
82	23	0
13	93	0
91	50	0
18	83	0
41	53	0
48	78	0
80	30	0
26	34	0
15	46	0
64	43	0
93	71	0
63	21	0
85	93	0
69	99	0
35	42	0
57	9	0
29	44	0
19	82	0
38	31	0
54	70	0
67	82	0
34	24	0
75	87	0
50	32	0
35	16	0
63	39	0
25	75	0
41	14	0
1	59	0
91	82	0
66	98	0
51	45	0
79	15	0
36	72	0
41	52	0
97	54	0
98	1	0
0	72	0
68	5	0
83	74	0
69	22	0
35	2	0
35	69	0
75	78	0
36	79	0
48	80	0
78	20	0
14	70	0
58	10	0
47	68	0
65	99	0
30	92	0
90	5	0
92	21	0
63	14	0
34	83	0
13	94	0
5	89	0
80	50	0
71	56	0
78	63	0
13	45	0
88	47	0
66	58	0
83	77	0
69	64	0
22	49	0
17	69	0
37	27	0
47	39	0
4	52	0
56	66	0
43	38	0
93	40	0
76	35	0
77	3	0
75	30	0
51	85	0
22	18	1
16	46	0
63	41	0
94	78	0
70	81	0
93	76	0
24	50	0
51	64	0
59	52	0
31	61	0
84	39	0
21	62	0
44	22	0
94	57	0
73	96	0
53	51	0
21	63	0
40	1	0
70	68	0
30	81	0
44	25	0
74	80	0
88	71	0
22	90	0
53	60	0
13	72	0
71	68	0
37	53	0
51	62	0
38	78	0
64	65	0
27	33	0
14	62	0
88	80	0
78	58	0
98	61	0
35	78	0
57	73	0
67	35	0
20	20	1
86	25	0
36	31	0
99	3	0
17	90	0
32	34	0
29	81	0
90	62	0
19	39	0
98	64	0
14	91	0
14	70	0
32	4	0
97	93	0
30	27	0
3	83	0
75	95	0
35	62	0
78	71	0
30	84	0
98	26	0
30	19	0
36	81	0
28	73	0
34	16	0
23	36	0
11	27	0
91	71	0
90	14	0
54	7	0
67	9	0
90	41	0
33	8	0
40	39	0
96	41	0
11	61	0
45	89	0
0	49	0
21	83	0
77	60	0
46	97	0
68	47	0
73	80	0
36	31	0
79	68	0
38	67	0
85	44	0
6	76	0
59	35	0
35	66	0
72	34	0
56	40	0
98	83	0
91	94	0
84	88	0
20	85	0
20	36	0
57	52	0
49	69	0
37	24	0
22	9	0
40	68	0
9	41	0
63	3	0
66	85	0
91	60	0
94	18	0
11	45	0
7	1	0
78	92	0
7	93	0
52	13	0
54	49	0
72	11	0
19	2	0
46	14	0
20	35	0
47	18	0
59	0	0
39	82	0
55	20	0
27	93	0
74	1	0
27	37	0
51	67	0
65	17	0
90	67	0
63	79	0
43	66	0
51	98	0
78	90	0
6	15	1
88	58	0
16	65	0
81	72	0
60	92	0
17	35	0
17	60	0
94	48	0
32	86	0
94	94	0
64	83	0
46	8	0
45	52	0
80	58	0
54	90	0
74	50	0
96	72	0
80	27	0
16	66	0
5	58	0
69	90	0
77	41	0
56	61	0
57	12	0
33	25	0
69	70	0
24	38	0
12	62	0
38	47	0
53	43	0
29	13	0
60	29	0
8	86	0
25	37	0
11	57	0
7	71	0
76	51	0
31	26	0
59	12	0
94	25	0
81	0	0
53	70	0
5	62	0
62	27	0
46	39	0
22	18	1
71	75	0
78	16	0
46	41	0
48	69	0
49	82	0
20	96	0
30	64	0
41	89	0
30	39	0
75	82	0
44	38	0
26	78	0
9	18	1
58	22	0
6	39	0
59	56	0
62	17	0
27	73	0
81	48	0
54	43	0
51	45	0
42	16	0
0	73	0
68	60	0
74	52	0
44	37	0
80	57	0
83	71	0
76	38	0
66	11	0
85	74	0
92	16	0
7	74	0
65	82	0
30	17	0
55	35	0
8	0	0
16	54	0
8	87	0
31	91	0
21	49	0
93	33	0
16	48	0
59	98	0
12	84	0
93	65	0
53	66	0
88	39	0
17	2	0
57	16	0
45	6	0
6	1	0
14	81	0
57	63	0
84	68	0
74	47	0
16	1	0
29	33	0
66	10	0
3	81	0
72	1	0
43	72	0
55	24	0
71	99	0
11	38	0
2	93	0
97	64	0
38	22	0
84	68	0
61	58	0
74	43	0
42	29	0
92	32	0
88	68	0
19	64	0
0	87	0
24	48	0
3	87	0
7	97	0
90	34	0
35	52	0
2	99	0
54	14	0
62	0	0
42	48	0
25	22	0
68	45	0
38	20	0
24	79	0
29	32	0
71	13	0
2	42	0
89	48	0
87	6	0
64	53	0
34	7	0
47	22	0
11	94	0
61	81	0
38	66	0
13	6	1
36	15	0
1	81	0
2	83	0
67	55	0
87	45	0
45	31	0
29	73	0
25	28	0
96	90	0
64	32	0
43	76	0
65	96	0
22	18	0
6	88	0
64	17	0
57	66	0
33	37	0
99	70	0
34	73	0
98	18	0
79	18	0
97	20	0
88	87	0
44	59	0
25	89	0
87	7	0
33	1	0
66	81	0
67	72	0
20	45	0
68	40	0
65	82	0
85	14	0
95	53	0
19	66	0
53	53	0
24	23	0
88	28	0
46	45	0
70	10	0
92	95	0
86	76	0
51	66	0
72	30	0
63	71	0
6	88	0
37	2	0
7	99	0
16	77	0
63	68	0
78	95	0
90	11	0
97	92	0
80	4	0
17	10	1
86	76	0
67	3	0
99	37	0
73	51	0
54	38	0
17	70	0
60	90	0
54	75	0
11	41	0
6	42	0
39	90	0
5	76	0
44	4	0
40	55	0
15	60	0
42	30	0
5	43	0
96	46	0
54	24	0
3	47	0
26	86	0
73	59	0
1	6	0
93	72	0
24	81	0
58	43	0
35	59	0
95	51	0
61	41	0
3	14	0
12	14	1
3	51	0
24	62	0
83	70	0
66	45	0
98	64	0
3	52	0
64	57	0
16	67	0
1	15	0
72	75	0
30	63	0
41	9	0
27	27	0
7	78	0
34	86	0
5	3	0
76	46	0
66	62	0
82	65	0
77	77	0
43	88	0
36	15	0
5	69	0
12	13	1
46	67	0
35	47	0
56	47	0
82	14	0
