93	64	0
51	12	0
41	20	0
51	99	0
6	25	0
97	31	0
97	82	0
10	9	1
47	12	0
73	87	0
43	41	0
83	39	0
4	86	0
22	12	0
18	62	0
98	13	0
95	81	0
64	26	0
29	50	0
97	67	0
90	7	0
44	78	0
70	85	0
74	99	0
69	1	0
40	97	0
52	1	0
79	77	0
68	94	0
93	59	0
4	39	0
35	38	0
43	26	0
85	30	0
39	47	0
90	68	0
13	89	0
61	80	0
95	27	0
78	92	0
51	3	0
19	49	0
78	54	0
98	55	0
61	74	0
96	44	0
10	87	0
34	45	0
56	13	0
89	50	0
19	66	0
58	15	0
29	90	0
51	89	0
31	64	0
96	70	0
38	32	0
37	47	0
78	75	0
99	92	0
85	13	0
10	93	0
92	10	0
48	3	0
81	74	0
41	22	0
21	84	0
76	11	0
38	75	0
84	80	0
62	61	0
17	29	0
79	88	0
27	44	0
11	46	0
92	40	0
11	40	0
35	77	0
54	86	0
77	25	0
45	99	0
66	99	0
2	5	0
11	15	0
93	18	0
96	14	0
36	53	0
82	47	0
23	31	0
80	56	0
33	46	0
32	7	0
36	2	0
67	43	0
16	89	0
66	8	0
49	78	0
44	11	0
39	26	0
92	37	0
38	71	0
72	48	0
17	70	0
70	90	0
2	78	0
46	82	0
83	50	0
61	5	0
47	69	0
12	62	0
56	6	0
60	55	0
11	63	0
41	6	0
41	61	0
27	37	0
90	79	0
51	40	0
1	5	0
24	99	0
79	2	0
65	67	0
11	32	0
84	80	0
95	9	0
68	65	0
52	79	0
31	17	0
57	96	0
78	77	0
76	53	0
36	97	0
70	31	0
34	22	0
23	33	0
80	2	0
4	71	0
97	71	0
98	15	0
89	29	0
44	55	0
60	17	0
88	85	0
4	13	0
39	15	0
86	82	0
38	44	0
88	74	0
77	85	0
56	19	0
45	29	0
54	61	0
9	47	0
28	79	0
21	58	0
80	74	0
47	57	0
50	97	0
81	55	0
76	75	0
54	79	0
20	43	0
88	79	0
0	35	0
40	41	0
22	17	0
19	77	0
40	71	0
95	27	0
32	33	0
78	13	0
37	78	0
64	28	0
51	36	0
81	80	0
24	53	0
69	75	0
37	93	0
35	60	0
35	14	0
63	11	0
35	86	0
14	73	0
73	86	0
87	58	0
17	93	0
24	33	0
99	66	0
28	58	0
25	83	0
45	93	0
49	48	0
37	9	0
20	40	0
70	89	0
81	95	0
62	86	0
72	22	0
5	73	0
60	0	0
76	11	0
68	22	0
80	19	0
26	61	0
3	69	0
53	59	0
79	34	0
28	78	0
93	28	0
49	89	0
31	67	0
28	10	0
76	76	0
32	64	0
40	9	0
7	95	0
71	16	0
99	87	0
86	96	0
88	20	0
5	80	0
13	75	0
96	45	0
49	78	0
35	47	0
55	72	0
56	74	0
47	58	0
7	79	0
28	61	0
67	13	0
3	65	0
75	99	0
75	45	0
42	88	0
90	60	0
43	16	0
41	59	0
23	78	0
38	91	0
56	37	0
66	29	0
18	28	0
98	65	0
75	50	0
85	56	0
3	80	0
63	17	0
17	88	0
67	66	0
54	43	0
58	50	0
57	15	0
4	54	0
82	46	0
51	8	0
78	57	0
52	84	0
68	43	0
97	36	0
97	4	0
2	60	0
86	71	0
19	98	0
98	65	0
47	91	0
61	30	0
44	1	0
22	94	0
68	33	0
38	58	0
47	79	0
46	13	0
25	97	0
66	93	0
87	81	0
69	27	0
90	69	0
4	90	0
49	36	0
56	2	0
70	21	0
36	15	0
35	3	0
56	10	0
52	49	0
68	35	0
34	56	0
27	50	0
51	62	0
70	80	0
86	79	0
59	85	0
90	13	0
91	54	0
78	7	0
15	54	0
27	4	0
85	38	0
59	20	0
76	73	0
5	41	0
49	68	0
54	24	0
27	96	0
35	88	0
26	70	0
98	68	0
37	31	0
39	2	0
25	60	0
88	53	0
78	28	0
71	87	0
23	13	0
66	93	0
8	73	0
47	88	0
37	38	0
3	56	0
73	4	0
25	32	0
90	16	0
38	12	0
10	2	1
83	7	0
34	50	0
16	44	0
84	25	0
96	58	0
5	30	0
34	27	0
1	60	0
29	87	0
13	86	0
1	9	0
37	91	0
47	69	0
50	38	0
63	24	0
45	91	0
34	69	0
89	96	0
45	28	0
20	45	0
30	38	0
57	71	0
81	94	0
50	17	0
87	4	0
32	0	0
54	8	0
61	13	0
22	41	0
83	55	0
66	4	0
17	38	0
49	8	0
57	52	0
48	50	0
23	63	0
83	85	0
72	50	0
20	50	0
52	31	0
18	9	1
97	6	0
51	8	0
62	20	0
58	43	0
30	35	0
4	72	0
66	74	0
18	80	0
30	91	0
25	93	0
48	23	0
41	39	0
96	52	0
66	45	0
8	80	0
80	81	0
59	92	0
16	33	0
77	18	0
56	97	0
73	1	0
89	58	0
86	47	0
38	19	0
43	45	0
34	47	0
88	78	0
6	11	0
75	23	0
88	8	0
15	44	0
26	96	0
69	74	0
82	1	0
0	62	0
97	30	0
44	99	0
75	8	0
63	49	0
46	48	0
47	42	0
34	39	0
49	35	0
73	82	0
76	50	0
37	32	0
78	69	0
21	55	0
15	90	0
84	90	0
39	30	0
0	76	0
67	18	0
92	12	0
76	42	0
16	62	0
65	37	0
31	37	0
53	43	0
4	95	0
66	29	0
53	15	0
84	54	0
46	23	0
33	84	0
26	5	0
81	51	0
9	0	1
71	98	0
6	83	0
35	54	0
51	78	0
56	32	0
19	98	0
17	44	0
26	39	0
59	15	0
93	27	0
81	20	0
85	91	0
21	64	0
33	18	0
32	28	0
77	22	0
54	62	0
76	95	0
19	37	0
73	98	0
90	71	0
35	75	0
74	9	0
73	41	0
81	18	0
73	10	0
43	18	0
43	36	0
96	1	0
79	30	0
0	64	0
90	16	0
92	96	0
7	94	0
90	57	0
51	48	0
22	13	0
94	85	0
71	54	0
20	97	0
66	30	0
80	47	0
84	55	0
83	63	0
28	72	0
82	76	0
41	97	0
81	71	0
33	38	0
26	96	0
98	83	0
32	35	0
30	42	0
68	77	0
61	92	0
49	59	0
55	97	0
56	54	0
35	62	0
31	67	0
79	23	0
19	93	0
81	54	0
24	88	0
42	62	0
44	72	0
84	29	0
28	28	0
21	54	0
57	31	0
92	67	0
68	13	0
89	99	0
73	95	0
36	49	0
62	6	0
31	44	0
33	84	0
46	33	0
57	66	0
68	79	0
32	23	0
80	94	0
46	27	0
32	17	0
67	39	0
32	81	0
41	17	0
7	60	0
88	79	0
56	95	0
52	41	0
83	11	0
46	75	0
40	51	0
94	58	0
86	1	0
4	73	0
72	6	0
71	79	0
72	30	0
34	9	0
30	70	0
79	83	0
31	75	0
54	82	0
73	20	0
12	72	0
69	15	0
45	59	0
62	98	0
29	96	0
89	8	0
89	17	0
63	14	0
43	91	0
10	89	0
5	90	0
72	48	0
68	63	0
80	69	0
20	48	0
81	42	0
72	64	0
88	72	0
60	62	0
18	59	0
26	69	0
36	25	0
43	34	0
2	48	0
51	61	0
40	44	0
89	33	0
81	36	0
68	5	0
80	35	0
59	76	0
18	54	0
57	32	0
91	76	0
64	82	0
94	77	0
19	54	0
53	71	0
63	49	0
28	53	0
89	28	0
19	56	0
38	23	0
87	48	0
80	98	0
59	53	0
20	65	0
44	4	0
59	74	0
30	85	0
45	26	0
77	81	0
97	70	0
13	97	0
53	72	0
11	72	0
74	60	0
34	51	0
48	63	0
38	75	0
64	74	0
25	30	0
16	61	0
91	82	0
80	55	0
96	55	0
26	64	0
56	82	0
62	28	0
90	28	0
42	41	0
95	13	0
15	88	0
29	30	0
29	81	0
87	58	0
19	41	0
95	65	0
16	96	0
10	72	0
23	8	0
92	88	0
36	27	0
4	75	0
78	91	0
45	60	0
84	70	0
29	88	0
99	32	0
26	16	0
36	83	0
31	72	0
35	20	0
23	41	0
3	17	0
87	69	0
92	10	0
54	13	0
73	13	0
94	42	0
28	7	0
36	43	0
99	39	0
10	57	0
50	82	0
0	47	0
17	76	0
79	56	0
46	96	0
71	52	0
75	81	0
34	33	0
75	61	0
38	59	0
86	43	0
11	74	0
56	37	0
37	69	0
71	32	0
56	35	0
99	80	0
97	97	0
86	81	0
22	79	0
17	30	0
58	50	0
48	75	0
31	15	0
21	1	0
35	71	0
9	41	0
61	3	0
70	85	0
81	66	0
91	17	0
12	44	0
10	1	1
74	91	0
5	98	0
50	7	0
60	52	0
68	16	0
11	4	1
39	20	0
24	37	0
43	17	0
69	1	0
44	85	0
56	25	0
32	88	0
74	10	0
30	43	0
49	71	0
73	21	0
93	75	0
62	76	0
35	72	0
47	85	0
76	88	0
89	57	0
15	70	0
78	76	0
60	95	0
15	35	0
20	52	0
96	35	0
34	94	0
98	92	0
70	81	0
47	0	0
53	47	0
88	53	0
58	84	0
84	50	0
94	73	0
80	32	0
12	62	0
2	58	0
73	82	0
78	38	0
50	61	0
57	9	0
30	14	0
78	73	0
28	33	0
9	64	0
46	50	0
57	41	0
36	13	0
54	29	0
16	84	0
20	37	0
9	58	0
11	72	0
72	50	0
19	21	0
60	12	0
96	22	0
79	0	0
56	76	0
10	61	0
60	29	0
48	31	0
63	82	0
86	12	0
38	48	0
51	62	0
51	81	0
20	98	0
31	64	0
43	83	0
27	32	0
78	81	0
51	47	0
35	82	0
60	32	0
10	48	0
61	63	0
62	20	0
32	73	0
79	43	0
54	46	0
50	44	0
36	16	0
4	63	0
74	65	0
74	59	0
44	37	0
83	60	0
86	67	0
75	29	0
66	6	0
95	80	0
84	12	0
10	69	0
71	77	0
31	17	0
63	42	0
12	2	1
16	62	0
13	89	0
36	85	0
27	54	0
94	28	0
22	52	0
53	97	0
16	78	0
97	74	0
54	61	0
83	42	0
23	3	0
54	21	0
55	5	0
6	8	1
12	80	0
61	60	0
83	63	0
69	52	0
16	2	0
26	41	0
68	8	0
1	80	0
73	2	0
45	70	0
51	22	0
78	99	0
10	33	0
13	93	0
98	58	0
30	14	0
95	75	0
64	64	0
71	45	0
52	25	0
93	26	0
87	74	0
17	66	0
2	80	0
25	58	0
8	92	0
2	82	0
81	26	0
35	47	0
1	97	0
49	12	0
61	4	0
39	47	0
18	27	1
68	40	0
45	21	0
28	71	0
30	31	0
80	14	0
13	41	0
83	53	0
90	4	0
63	57	0
24	12	0
49	17	0
12	99	0
58	78	0
33	70	0
36	17	0
3	82	0
2	92	0
62	51	0
92	40	0
38	28	0
32	78	0
24	24	1
99	88	0
51	29	0
51	71	0
62	96	0
1	87	0
67	26	0
58	62	0
26	31	0
97	69	0
45	68	0
98	23	0
72	15	0
91	21	0
81	81	0
47	60	0
31	87	0
84	12	0
25	3	0
60	92	0
70	68	0
19	51	0
70	39	0
75	85	0
89	11	0
97	52	0
26	70	0
59	49	0
20	24	0
90	20	0
36	47	0
61	3	0
94	97	0
84	74	0
47	71	0
75	32	0
76	76	0
4	90	0
47	6	0
10	91	0
7	71	0
68	69	0
69	99	0
81	8	0
95	92	0
84	7	0
78	72	0
61	4	0
87	37	0
81	49	0
55	30	0
12	73	0
55	87	0
59	79	0
18	49	0
3	39	0
36	99	0
10	68	0
44	0	0
34	55	0
12	63	0
43	25	0
4	43	0
95	51	0
52	16	0
4	44	0
27	86	0
73	66	0
1	0	0
93	68	0
19	73	0
59	45	0
34	56	0
94	43	0
55	41	0
0	12	0
2	51	0
19	59	0
94	69	0
66	46	0
99	60	0
1	53	0
64	59	0
11	72	0
0	18	0
84	58	0
24	65	0
43	13	0
35	31	0
8	81	0
35	88	0
3	3	0
80	41	0
72	58	0
79	61	0
73	82	0
41	87	0
47	18	0
0	71	0
46	68	0
44	51	0
56	53	0
83	9	0
