94	65	0
52	18	0
39	22	0
44	90	0
0	45	0
90	29	0
94	77	0
9	4	0
45	14	0
68	94	0
42	36	0
78	41	0
6	88	0
24	1	0
17	62	0
97	4	0
89	80	0
68	30	0
32	65	0
99	64	0
95	0	0
43	71	0
74	79	0
81	83	0
72	1	0
27	91	0
57	13	0
79	78	0
70	90	0
94	52	0
1	39	0
26	32	0
45	24	0
81	19	0
40	50	0
89	73	0
5	93	0
68	71	0
89	14	0
84	96	0
42	12	0
26	58	0
67	56	0
98	55	0
61	85	0
98	51	0
16	99	0
38	43	0
60	15	0
90	41	0
21	64	0
58	9	0
35	86	0
55	90	0
26	66	0
96	68	0
55	21	0
40	60	0
86	73	0
98	96	0
82	12	0
21	96	0
87	2	0
53	13	0
92	65	0
40	35	0
12	87	0
87	6	0
33	80	0
86	78	0
56	51	0
21	31	0
93	76	0
24	42	0
28	50	0
93	34	0
21	16	0
18	39	0
40	82	0
63	94	0
70	24	0
41	97	0
65	99	0
3	9	0
19	28	0
93	15	0
95	15	0
45	55	0
82	41	0
19	29	0
74	51	0
45	51	0
29	9	0
31	5	0
70	46	0
24	78	0
56	2	0
48	81	0
41	2	0
36	28	0
85	43	0
50	60	0
62	47	0
22	75	0
65	77	0
8	77	0
49	86	0
85	48	0
66	13	0
53	80	0
1	54	0
61	5	0
54	71	0
9	71	0
45	0	0
25	54	0
20	33	0
90	79	0
8	31	1
46	31	0
1	2	0
36	96	0
90	5	0
65	65	0
19	39	0
77	80	0
96	19	0
65	66	0
55	87	0
37	20	0
59	99	0
23	17	0
68	83	0
66	51	0
30	95	0
76	28	0
41	38	0
20	26	0
75	5	0
10	8	0
3	77	0
14	14	1
98	75	0
90	8	0
85	41	0
47	59	0
63	8	0
78	95	0
6	4	0
37	16	0
14	11	1
83	79	0
36	38	0
87	72	0
84	86	0
57	27	0
52	36	0
72	52	0
6	51	0
27	78	0
15	60	0
82	79	0
53	60	0
37	94	0
88	50	0
73	73	0
59	85	0
19	41	0
90	80	0
4	46	0
33	37	0
25	23	0
23	72	0
33	75	0
97	24	0
47	35	0
77	11	0
41	80	0
71	20	0
58	30	0
79	72	0
17	47	0
64	61	0
32	98	0
31	61	0
35	4	0
69	22	0
23	98	0
8	87	0
69	83	0
82	51	0
23	88	0
24	37	0
80	72	0
24	49	0
32	75	0
35	94	0
53	36	0
34	2	0
17	42	0
79	93	0
91	87	0
58	93	0
70	16	0
8	61	0
63	4	0
58	20	0
63	26	0
83	23	0
28	58	0
5	73	0
53	64	0
64	38	0
32	71	0
86	23	0
61	86	0
28	73	0
22	16	0
84	76	0
36	75	0
43	3	0
2	86	0
83	18	0
99	73	0
77	89	0
84	21	0
3	81	0
21	84	0
99	51	0
60	71	0
34	45	0
43	76	0
62	69	0
54	54	0
9	82	0
34	63	0
64	10	0
8	56	0
64	98	0
67	41	0
32	86	0
94	67	0
42	10	0
39	62	0
4	76	0
38	88	0
59	31	0
72	18	0
15	40	0
90	61	0
66	44	0
82	47	0
14	90	0
59	10	0
21	81	0
60	71	0
62	56	0
67	61	0
54	0	0
28	11	0
6	58	0
73	48	0
50	8	0
66	58	0
46	83	0
59	53	0
90	29	0
97	13	0
9	66	0
82	67	0
21	91	0
16	18	1
92	56	0
40	94	0
54	37	0
46	2	0
11	97	0
76	32	0
40	58	0
35	76	0
48	0	0
20	86	0
80	79	0
85	84	0
55	31	0
89	72	0
13	86	0
38	45	0
67	6	0
63	21	0
27	26	0
51	2	0
60	10	0
53	43	0
66	36	0
26	49	0
22	47	0
55	52	0
67	73	0
84	79	0
51	94	0
77	12	0
98	59	0
73	8	0
13	54	0
22	11	0
92	38	0
52	31	0
72	77	0
8	45	0
52	63	0
60	27	0
29	94	0
32	89	0
38	75	0
91	48	0
46	25	0
48	1	0
27	45	0
89	56	0
72	11	0
66	95	0
19	4	0
70	96	0
12	77	0
45	80	0
30	26	0
0	54	0
14	13	1
87	12	0
23	35	0
75	15	0
42	8	0
9	3	0
86	14	0
28	60	0
19	42	0
88	30	0
95	52	0
11	32	0
22	36	0
6	56	0
39	91	0
15	71	0
1	9	0
40	96	0
53	64	0
40	22	0
10	18	1
54	29	0
48	84	0
37	68	0
93	95	0
32	28	0
17	53	0
36	44	0
56	65	0
75	97	0
44	11	0
73	0	0
30	11	0
43	7	0
55	2	0
21	53	0
79	59	0
63	0	0
24	47	0
59	6	0
53	57	0
50	53	0
36	59	0
78	79	0
67	54	0
18	72	0
53	34	0
24	15	0
99	7	0
46	0	0
63	21	0
58	32	0
18	41	0
10	75	0
61	74	0
12	79	0
37	98	0
22	84	0
42	26	0
38	39	0
85	65	0
57	39	0
6	71	0
74	79	0
61	85	0
28	31	0
70	19	0
70	91	0
67	4	0
98	62	0
75	41	0
39	20	0
37	45	0
38	43	0
91	75	0
18	23	0
73	20	0
85	5	0
15	54	0
33	89	0
74	75	0
80	3	0
0	66	0
94	41	0
55	93	0
12	15	0
69	3	0
58	56	0
35	55	0
63	48	0
26	37	0
50	36	0
76	79	0
68	52	0
39	31	0
69	71	0
22	51	0
26	84	0
79	90	0
44	16	0
3	78	0
73	23	0
82	21	0
70	46	0
15	63	0
64	22	0
21	29	0
55	40	0
10	96	0
65	47	0
57	17	0
89	49	0
44	24	0
26	75	0
45	0	0
80	34	0
7	5	0
64	90	0
3	95	0
31	36	0
52	77	0
53	24	0
13	99	0
12	45	0
16	37	0
54	15	0
99	34	0
77	23	0
91	97	0
32	60	0
17	21	0
41	15	0
37	26	0
88	12	0
52	63	0
78	80	0
31	34	0
65	96	0
75	63	0
40	71	0
78	0	0
71	42	0
82	12	0
65	21	0
40	22	0
35	34	0
99	0	0
60	23	0
5	70	0
96	12	0
96	88	0
7	90	0
89	67	0
44	44	0
34	2	0
91	81	0
84	59	0
23	96	0
65	23	0
73	39	0
91	62	0
10	19	1
82	70	0
33	78	0
79	79	0
29	91	0
93	74	0
34	48	0
27	88	0
97	89	0
28	33	0
29	40	0
73	72	0
64	97	0
52	72	0
14	11	1
51	82	0
66	61	0
39	56	0
35	69	0
88	22	0
15	89	0
85	50	0
23	78	0
36	57	0
44	84	0
86	29	0
28	33	0
19	51	0
7	21	1
61	39	0
98	69	0
61	23	0
78	91	0
70	94	0
33	38	0
56	18	0
27	47	0
18	75	0
39	31	0
57	68	0
67	92	0
29	26	0
74	85	0
51	32	0
36	11	0
66	37	0
25	76	0
46	11	0
9	58	0
97	83	0
57	98	0
49	49	0
79	12	0
43	66	0
48	52	0
94	58	0
90	0	0
2	68	0
77	3	0
80	79	0
68	28	0
33	0	0
33	73	0
78	76	0
34	83	0
56	79	0
83	16	0
10	75	0
57	12	0
56	70	0
66	97	0
28	90	0
95	9	0
90	18	0
69	6	0
39	89	0
12	90	0
2	88	0
71	59	0
77	61	0
76	63	0
13	42	0
87	48	0
69	57	0
12	17	1
81	73	0
67	59	0
19	46	0
17	69	0
40	27	0
43	37	0
5	53	0
57	55	0
45	43	0
95	40	0
78	33	0
81	0	0
77	30	0
48	87	0
21	15	0
19	54	0
68	41	0
98	85	0
72	76	0
99	75	0
22	46	0
57	67	0
61	51	0
27	59	0
86	37	0
13	29	1
25	61	0
42	27	0
85	59	0
72	96	0
51	55	0
24	61	0
35	5	0
82	69	0
25	76	0
49	24	0
85	85	0
88	79	0
16	86	0
46	60	0
14	76	0
78	74	0
41	55	0
54	64	0
35	81	0
65	68	0
29	31	0
18	67	0
92	77	0
77	56	0
94	62	0
34	82	0
56	75	0
66	31	0
21	25	0
88	26	0
37	33	0
98	3	0
20	85	0
26	27	0
0	21	1
34	92	0
86	66	0
18	40	0
95	59	0
16	97	0
17	70	0
29	3	0
97	87	0
23	27	0
1	86	0
71	95	0
36	64	0
82	69	0
22	80	0
94	23	0
24	23	0
35	84	0
24	74	0
32	15	0
21	40	0
14	35	0
99	70	0
89	11	0
51	10	0
70	9	0
88	43	0
28	7	0
44	31	0
98	37	0
9	59	0
44	90	0
7	49	0
19	81	0
76	57	0
49	95	0
68	50	0
76	83	0
39	28	0
89	71	0
33	66	0
87	46	0
11	77	0
64	40	0
30	72	0
71	35	0
57	40	0
90	84	0
88	89	0
86	92	0
24	87	0
19	38	0
51	56	0
49	62	0
41	30	0
23	11	0
40	67	0
11	44	0
67	0	0
72	85	0
91	54	0
98	13	0
11	50	0
3	2	0
80	99	0
5	87	0
53	16	0
53	39	0
73	12	0
20	2	0
47	12	0
18	37	0
0	30	1
49	16	0
56	4	0
39	84	0
53	22	0
33	94	0
72	1	0
29	44	0
47	63	0
66	13	0
93	61	0
64	74	0
43	64	0
51	99	0
80	86	0
7	11	0
91	55	0
13	65	0
84	67	0
52	88	0
17	35	0
14	62	0
97	47	0
29	84	0
92	93	0
64	88	0
47	11	0
46	56	0
76	55	0
44	92	0
81	51	0
98	73	0
79	23	0
15	64	0
4	65	0
72	93	0
70	39	0
57	66	0
58	6	0
25	18	0
67	71	0
30	39	0
14	64	0
33	47	0
51	43	0
29	10	0
59	28	0
6	89	0
23	40	0
13	60	0
3	62	0
77	57	0
27	22	0
63	13	0
94	21	0
82	1	0
57	68	0
0	65	0
60	27	0
38	35	0
12	12	1
19	17	1
72	71	0
74	17	0
41	41	0
48	71	0
54	84	0
16	96	0
23	62	0
48	92	0
26	39	0
78	88	0
49	39	0
30	81	0
13	13	1
53	23	0
10	47	0
57	52	0
69	17	0
30	71	0
85	59	0
53	48	0
50	46	0
44	21	0
0	70	0
73	62	0
70	51	0
43	35	0
73	57	0
78	74	0
74	43	0
62	13	0
88	75	0
87	23	0
5	77	0
71	71	0
27	6	0
51	32	0
10	0	0
9	52	0
11	84	0
32	89	0
30	52	0
94	31	0
10	50	0
52	97	0
16	86	0
97	67	0
51	67	0
87	38	0
21	0	0
59	23	0
52	7	0
14	4	0
24	88	0
52	61	0
83	75	0
67	47	0
17	6	0
23	33	0
59	11	0
1	76	0
70	1	0
41	73	0
59	29	0
71	96	0
10	38	0
9	91	0
94	54	0
27	19	0
86	70	0
63	56	0
72	36	0
47	31	0
95	30	0
85	66	0
16	63	0
8	92	0
23	51	0
0	89	0
4	93	0
95	24	0
32	49	0
2	97	0
52	14	0
69	1	0
41	49	0
22	21	0
70	45	0
36	20	0
21	84	0
23	36	0
60	11	0
3	42	0
90	49	0
89	4	0
58	51	0
32	5	0
42	22	0
12	94	0
58	78	0
33	65	0
15	8	0
37	20	0
3	82	0
2	77	0
63	53	0
86	43	0
49	35	0
22	76	0
25	34	0
91	85	0
68	25	0
43	81	0
65	94	0
25	16	0
4	90	0
67	16	0
57	74	0
34	38	0
95	70	0
31	73	0
99	26	0
85	16	0
98	19	0
83	86	0
45	56	0
17	81	0
83	14	0
37	1	0
70	81	0
66	74	0
15	42	0
70	44	0
64	80	0
83	17	0
94	46	0
12	66	0
56	46	0
27	29	0
91	24	0
57	45	0
68	13	0
91	91	0
82	69	0
52	67	0
79	35	0
58	71	0
6	92	0
35	3	0
9	97	0
17	76	0
63	63	0
72	94	0
86	9	0
95	90	0
78	2	0
9	7	0
92	72	0
69	14	0
98	35	0
73	58	0
53	43	0
19	63	0
62	95	0
55	73	0
6	41	0
9	45	0
38	93	0
0	73	0
52	8	0
39	48	0
13	66	0
42	37	0
13	21	1
5	41	0
97	49	0
57	26	0
0	45	0
24	88	0
76	64	0
0	2	0
89	81	0
20	80	0
61	45	0
42	54	0
88	46	0
61	41	0
3	9	0
8	9	1
5	51	0
24	59	0
89	76	0
62	47	0
98	71	0
8	56	0
70	58	0
20	75	0
0	10	0
74	79	0
0	15	1
26	71	0
43	5	0
29	23	0
7	75	0
35	90	0
2	1	0
75	38	0
64	62	0
80	63	0
81	81	0
44	87	0
30	24	0
3	67	0
10	8	0
37	69	0
42	49	0
55	50	0
81	16	0
