99	70	0
20	13	0
56	96	0
4	4	0
94	41	0
97	98	0
45	81	0
57	23	1
79	55	0
3	89	0
1	10	0
15	97	0
98	36	0
65	76	0
39	33	0
83	70	0
95	20	0
59	98	0
37	72	0
83	66	0
51	14	0
26	83	0
57	21	1
84	67	0
83	81	0
85	81	0
7	24	0
46	40	0
85	24	0
83	65	0
10	78	0
32	97	0
84	10	0
63	93	0
38	9	1
51	71	0
80	72	0
97	68	0
64	58	0
97	30	0
15	68	0
64	3	1
93	70	0
18	76	0
55	1	0
7	79	0
34	95	0
27	66	1
83	53	0
50	34	0
31	13	0
96	86	0
90	98	0
87	16	0
32	86	0
99	13	0
20	18	0
76	89	0
0	93	0
84	9	0
24	64	0
66	90	0
43	62	0
11	24	0
72	80	0
86	33	0
24	93	0
49	98	0
70	28	0
30	99	0
49	93	0
16	15	0
95	17	0
78	26	0
51	76	0
87	35	0
82	64	0
58	9	1
67	39	0
6	98	0
69	7	0
50	78	0
57	31	1
84	8	0
89	61	0
3	57	0
73	88	0
5	77	0
33	94	0
98	59	0
81	29	0
36	69	0
32	64	1
76	3	0
66	49	0
11	75	0
35	3	0
69	70	0
52	31	0
2	99	0
99	27	0
40	78	0
80	69	0
89	2	0
63	85	0
62	82	0
5	26	0
58	87	0
95	85	0
82	52	0
24	88	0
67	34	0
79	4	0
99	63	0
87	30	0
99	52	0
29	50	0
56	10	1
54	64	0
11	22	0
48	33	0
86	63	0
51	78	0
63	73	0
61	15	1
47	35	0
64	77	0
46	60	0
44	97	0
73	38	0
64	70	0
56	74	0
94	52	0
25	11	0
46	33	0
17	19	0
15	78	0
25	57	0
77	50	0
53	36	0
86	7	0
28	81	0
54	25	1
26	38	0
68	80	0
27	65	1
59	60	0
47	74	0
41	46	1
43	2	0
51	17	1
41	88	0
25	66	0
74	76	0
95	66	0
20	95	0
88	71	0
30	55	0
22	70	0
53	71	0
42	50	1
17	36	0
76	80	0
94	81	0
42	69	0
79	48	0
5	38	1
55	49	0
56	18	1
68	16	0
43	56	1
53	18	1
32	70	0
96	33	0
25	95	0
27	61	1
71	88	0
46	49	1
22	24	0
38	79	0
50	11	0
95	97	0
31	87	0
99	6	0
20	78	0
99	29	0
58	99	0
71	84	0
62	60	0
28	54	0
12	67	0
57	4	0
65	90	0
97	50	0
42	90	0
63	71	0
83	19	0
52	77	0
39	82	0
33	82	0
25	19	0
67	23	0
84	52	0
53	45	0
77	68	0
69	26	0
23	94	0
55	66	0
91	37	0
74	44	0
49	6	0
2	36	1
89	29	0
75	81	0
69	95	0
75	57	0
94	29	0
93	17	0
2	36	1
88	75	0
35	96	0
77	87	0
42	98	0
36	39	0
88	31	0
26	99	0
88	22	0
21	52	0
30	83	0
51	14	1
24	93	0
72	91	0
79	78	0
90	58	0
95	52	0
25	87	0
44	77	0
81	8	0
85	57	0
43	2	0
34	28	0
41	54	1
76	37	0
25	55	0
37	47	0
24	77	0
77	96	0
93	57	0
57	73	0
94	3	0
91	38	0
62	9	1
94	50	0
67	51	0
67	78	0
3	34	1
45	64	0
70	25	0
8	80	0
28	60	0
8	93	0
92	62	0
43	6	1
78	65	0
88	6	0
98	81	0
25	0	0
37	96	0
22	68	0
59	92	0
41	27	0
76	16	0
86	11	0
58	15	1
90	15	0
52	49	0
72	23	0
80	56	0
6	3	0
2	59	1
31	98	0
23	75	0
56	95	0
40	69	0
86	42	0
66	8	1
49	84	0
53	62	0
94	91	0
60	37	0
65	93	0
78	20	0
25	10	0
47	0	0
49	22	1
32	23	0
91	56	0
76	11	0
20	46	0
18	25	0
38	50	1
47	34	0
93	74	0
92	64	0
67	30	0
88	7	0
68	12	0
78	13	0
46	41	0
43	23	0
7	71	0
83	89	0
49	89	0
6	99	0
34	48	0
52	35	0
77	39	0
67	50	0
79	78	0
82	84	0
72	26	0
68	81	0
70	8	0
82	53	0
74	54	0
63	54	0
94	77	0
71	15	0
89	19	0
19	43	0
63	95	0
62	72	0
80	20	0
18	78	0
93	44	0
61	97	0
96	27	0
64	28	0
36	56	0
55	46	0
31	69	1
61	84	0
75	34	0
77	77	0
17	86	0
95	94	0
3	81	0
50	56	1
98	1	0
87	28	0
41	71	0
52	50	0
70	44	0
18	91	0
73	33	0
93	58	0
47	32	0
33	93	0
31	12	0
39	44	1
55	92	0
38	87	0
37	81	0
17	73	0
13	22	0
69	5	0
74	34	0
97	10	0
79	97	0
33	65	1
30	27	0
72	8	0
59	43	0
68	98	0
5	19	0
47	89	0
89	48	0
27	80	0
76	1	0
41	63	0
62	21	0
55	12	1
84	20	0
87	43	0
11	81	0
74	13	0
83	96	0
30	97	0
89	66	0
10	32	0
64	94	0
66	43	0
10	76	0
63	24	0
88	43	0
78	49	0
75	62	0
12	49	0
95	54	0
19	94	0
95	57	0
21	94	0
86	88	0
40	23	0
72	75	0
56	93	0
46	43	1
57	97	0
79	48	0
41	46	1
24	64	0
87	5	0
2	78	0
76	55	0
23	96	0
41	50	1
46	66	0
81	27	0
23	56	0
51	30	0
89	54	0
72	22	0
78	84	0
46	97	0
40	58	1
41	45	1
65	98	0
58	21	1
39	90	0
91	91	0
86	74	0
74	7	0
23	1	0
43	34	0
33	59	0
3	78	0
85	81	0
65	82	0
66	51	0
69	19	0
39	67	0
34	71	0
83	57	0
90	1	0
14	71	0
81	8	0
61	57	0
56	29	1
38	40	0
85	93	0
20	74	0
55	92	0
74	16	0
75	17	0
45	58	0
57	84	0
24	97	0
96	24	0
83	12	0
80	26	0
12	65	0
16	99	0
17	84	0
53	32	1
69	87	0
76	93	0
5	37	0
61	56	0
78	93	0
74	59	0
65	65	0
21	91	0
7	78	0
43	28	0
8	24	0
45	35	0
28	48	0
98	35	0
83	47	0
63	9	1
64	40	0
56	49	0
40	25	0
93	75	0
52	79	0
79	50	0
27	58	1
41	98	0
78	55	0
25	9	0
96	48	0
65	85	0
37	28	0
51	56	1
29	98	0
62	96	0
86	65	0
25	84	0
61	44	0
1	74	0
54	51	0
45	71	0
69	51	0
58	71	0
60	90	0
10	50	0
61	56	0
82	48	0
79	60	0
38	76	0
69	87	0
44	29	0
97	22	0
58	44	0
90	10	0
6	79	0
54	90	0
88	70	0
74	70	0
18	92	0
8	66	0
76	87	0
35	28	0
3	85	0
72	98	0
57	61	0
88	65	0
21	89	0
79	49	0
17	1	0
50	94	0
24	86	0
10	14	0
88	57	0
86	23	0
77	27	0
77	17	0
20	11	0
24	54	0
79	31	0
0	75	0
61	73	0
3	41	1
23	75	0
65	51	0
71	94	0
65	39	0
69	85	0
75	51	0
76	83	0
2	82	0
49	48	0
31	77	0
68	56	0
57	45	0
93	45	0
98	98	0
83	97	0
51	57	0
76	56	0
67	66	0
66	3	0
69	80	0
88	76	0
90	10	0
55	81	0
3	98	0
53	39	0
67	40	0
66	31	0
74	22	0
21	81	0
77	20	0
32	66	1
91	16	0
38	60	0
47	31	0
59	94	0
70	78	0
49	81	0
69	87	0
83	65	0
82	45	0
95	63	0
76	95	0
97	44	0
40	64	0
89	82	0
40	72	0
80	82	0
98	50	0
45	89	0
87	73	0
87	53	0
79	29	0
42	47	1
3	64	0
51	79	0
72	18	0
67	27	0
82	86	0
68	45	0
14	86	0
20	91	0
65	44	0
85	25	0
85	46	0
95	0	0
82	94	0
57	38	0
33	78	0
95	22	0
65	48	0
27	77	0
16	97	0
29	74	0
8	82	0
59	57	0
42	26	0
44	76	0
49	51	1
69	76	0
72	13	0
22	84	0
92	49	0
20	24	0
15	78	0
73	65	0
69	46	0
42	61	0
92	50	0
85	52	0
74	53	0
54	12	1
56	66	0
82	49	0
2	28	0
97	79	0
60	49	0
41	88	0
6	77	0
22	86	0
32	56	0
90	25	0
56	91	0
4	95	0
98	66	0
58	29	1
79	19	0
24	15	0
32	29	0
73	7	0
18	73	0
86	51	0
91	34	0
10	5	0
1	38	1
69	14	0
38	84	0
99	83	0
2	8	0
50	89	0
83	35	0
95	82	0
44	61	0
65	73	0
26	37	0
93	40	0
90	65	0
19	74	0
17	83	0
27	70	0
21	90	0
75	9	0
22	58	0
12	87	0
40	35	0
50	23	1
45	66	0
69	44	0
32	74	0
96	21	0
4	30	0
81	46	0
78	22	0
46	51	1
33	23	0
42	8	1
20	92	0
49	78	0
17	63	0
21	24	0
20	81	0
17	80	0
66	58	0
92	41	0
36	57	0
81	98	0
46	25	0
60	74	0
42	76	0
14	89	0
89	37	0
47	55	0
8	16	0
89	54	0
61	49	0
87	23	0
86	28	0
78	36	0
56	90	0
43	35	0
58	44	0
62	32	0
40	1	0
33	96	0
56	64	0
89	34	0
59	95	0
88	53	0
76	44	0
38	86	0
35	75	0
90	28	0
50	47	0
70	2	0
93	98	0
74	87	0
51	81	0
71	25	0
84	76	0
20	79	0
62	26	0
22	94	0
42	59	0
90	64	0
66	10	1
96	92	0
82	8	0
94	97	0
61	11	1
70	25	0
76	59	0
67	28	0
4	83	0
64	97	0
62	77	0
3	25	0
8	91	0
14	77	0
44	19	1
46	37	0
79	40	0
46	14	1
5	62	0
28	91	0
62	92	0
95	48	0
3	67	0
70	44	0
30	92	0
83	47	0
69	42	0
26	60	0
81	40	0
77	45	0
59	66	0
55	49	0
4	79	0
0	5	0
79	68	0
19	62	0
20	4	0
2	91	0
29	72	0
97	40	0
71	87	0
83	61	0
95	81	0
51	53	1
64	30	0
0	77	0
50	62	0
36	47	1
72	41	0
85	23	0
