99	70	0
21	13	0
56	96	0
2	4	0
93	41	0
97	98	0
43	79	0
56	22	1
77	56	0
2	90	0
0	8	0
16	96	0
97	38	0
64	77	0
41	33	0
83	69	0
95	21	0
59	99	0
40	72	0
84	65	0
50	14	0
27	83	0
58	22	1
87	66	0
83	82	0
84	81	0
8	25	0
45	39	0
85	23	0
84	67	0
11	79	0
32	96	0
83	8	0
63	93	0
38	8	1
52	71	0
81	74	0
96	68	0
64	57	0
97	32	0
15	69	0
66	2	1
92	68	0
18	78	0
55	1	0
7	78	0
35	96	0
26	64	1
84	52	0
51	36	0
33	13	0
96	87	0
90	99	0
87	14	0
33	86	0
98	10	0
18	17	0
76	89	0
0	91	0
85	7	0
25	65	0
65	91	0
43	62	0
14	25	0
74	80	0
85	32	0
24	93	0
48	98	0
67	29	0
30	99	0
47	93	0
17	13	0
97	18	0
80	26	0
52	76	0
89	32	0
81	63	0
58	9	1
66	38	0
7	98	0
69	7	0
51	77	0
58	32	1
86	10	0
89	61	0
2	58	0
74	89	0
5	76	0
35	96	0
98	59	0
81	29	0
37	69	0
30	65	1
74	4	0
65	49	0
9	74	0
34	3	0
69	70	0
53	29	0
3	97	0
99	27	0
39	77	0
79	70	0
90	0	0
63	86	0
65	83	0
5	26	0
57	87	0
95	85	0
80	51	0
24	89	0
68	36	0
78	2	0
99	63	0
88	30	0
99	51	0
27	51	0
55	9	1
53	64	0
9	20	0
48	33	0
85	64	0
49	79	0
62	73	0
62	16	1
47	36	0
64	76	0
47	58	0
43	97	0
76	39	0
64	68	0
55	75	0
95	52	0
27	11	0
46	35	0
19	18	0
14	77	0
26	57	0
76	50	0
52	36	0
86	6	0
28	83	0
54	25	1
25	37	0
68	79	0
27	66	1
58	60	0
47	73	0
41	44	1
44	4	0
51	15	1
41	89	0
25	67	0
74	76	0
93	65	0
20	95	0
87	71	0
32	55	0
21	71	0
53	70	0
40	49	1
18	37	0
75	81	0
94	82	0
42	69	0
82	49	0
56	50	0
55	19	1
67	16	0
44	57	1
51	18	1
29	70	1
95	32	0
26	95	0
26	61	1
70	88	0
45	49	1
23	25	0
40	79	0
49	10	0
94	95	0
31	87	0
97	6	0
21	78	0
97	30	0
59	98	0
72	82	0
62	59	0
25	53	0
10	67	0
56	3	0
66	89	0
99	52	0
41	90	0
64	73	0
84	19	0
53	77	0
39	82	0
33	81	0
25	18	0
65	23	0
84	54	0
55	44	0
78	66	0
67	26	0
23	97	0
56	65	0
92	38	0
76	43	0
50	6	0
3	38	1
90	27	0
74	82	0
69	95	0
75	56	0
94	28	0
95	18	0
2	36	1
89	74	0
35	98	0
76	86	0
42	96	0
35	39	0
91	31	0
27	99	0
88	21	0
21	50	0
29	84	0
52	14	1
23	93	0
72	92	0
80	77	0
91	57	0
94	53	0
25	88	0
46	77	0
80	8	0
84	57	0
42	3	0
33	28	0
40	56	1
75	38	0
24	56	0
38	46	0
24	77	0
77	95	0
94	57	0
55	71	0
95	3	0
89	38	0
60	9	1
93	48	0
66	53	0
67	77	0
3	34	1
42	65	0
70	27	0
10	81	0
29	61	0
8	90	0
92	62	0
41	5	1
79	65	0
89	7	0
99	80	0
27	0	0
37	94	0
24	69	0
58	91	0
41	28	0
76	15	0
87	10	0
92	17	0
51	50	0
73	24	0
78	55	0
6	3	0
4	58	1
30	99	0
24	74	0
56	95	0
40	70	0
84	41	0
66	6	1
49	85	0
55	63	0
95	90	0
59	37	0
66	92	0
79	20	0
25	11	0
49	0	0
51	22	1
32	22	0
93	53	0
77	10	0
20	46	0
19	25	0
38	49	1
47	36	0
93	73	0
94	65	0
68	30	0
89	6	0
70	10	0
79	12	0
44	41	0
42	22	0
8	72	0
83	89	0
48	88	0
6	98	0
34	48	0
52	34	0
77	40	0
65	51	0
78	79	0
83	83	0
72	27	0
68	83	0
70	8	0
83	52	0
76	52	0
62	54	0
95	79	0
72	16	0
91	19	0
19	43	0
62	95	0
62	71	0
79	19	0
18	77	0
92	43	0
60	96	0
95	27	0
63	26	0
35	56	0
56	47	0
30	70	1
62	84	0
75	34	0
78	76	0
17	87	0
94	94	0
2	81	0
98	0	0
88	30	0
41	71	0
53	52	0
69	43	0
18	90	0
73	35	0
93	58	0
46	32	0
35	92	0
31	10	0
39	44	1
53	92	0
38	87	0
38	81	0
16	74	0
11	21	0
69	4	0
74	36	0
97	10	0
80	98	0
33	65	1
31	25	0
72	9	0
60	43	0
66	99	0
5	21	0
47	91	0
89	45	0
25	82	0
75	1	0
41	64	0
62	21	0
55	11	1
84	18	0
85	44	0
13	81	0
72	13	0
84	97	0
29	95	0
89	67	0
9	32	0
65	94	0
67	44	0
11	78	0
64	25	0
87	44	0
78	47	0
75	62	0
13	50	0
95	55	0
20	96	0
93	58	0
20	95	0
86	89	0
41	23	0
73	76	0
56	94	0
45	42	1
59	99	0
77	49	0
43	48	1
24	64	0
87	7	0
2	78	0
78	56	0
21	95	0
41	51	1
45	65	0
79	30	0
22	55	0
50	31	0
87	53	0
72	22	0
78	83	0
45	99	0
42	58	1
40	45	1
64	99	0
58	21	1
38	88	0
91	89	0
87	74	0
77	7	0
23	1	0
43	34	0
32	58	0
3	77	0
83	83	0
66	82	0
65	50	0
67	18	0
38	67	0
35	70	0
81	57	0
90	0	0
15	70	0
81	6	0
62	56	0
38	39	0
86	94	0
20	77	0
56	92	0
73	17	0
73	16	0
47	58	0
57	84	0
26	97	0
93	25	0
81	13	0
78	28	0
13	65	0
17	99	0
16	83	0
53	33	1
68	86	0
75	94	0
3	35	0
63	56	0
80	92	0
73	58	0
66	64	0
21	92	0
7	76	0
43	27	0
6	23	0
45	37	0
26	49	0
98	36	0
83	47	0
64	11	1
66	41	0
56	50	0
43	25	0
93	75	0
53	79	0
80	50	0
28	58	1
41	98	0
77	54	0
25	10	0
97	46	0
64	87	0
37	28	0
50	57	1
29	99	0
63	97	0
86	66	0
25	84	0
63	42	0
2	74	0
53	50	0
44	72	0
67	53	0
59	72	0
63	90	0
12	52	0
60	56	0
83	48	0
80	62	0
37	77	0
67	87	0
46	30	0
96	21	0
58	45	0
87	9	0
6	78	0
55	91	0
86	71	0
75	70	0
19	93	0
6	67	0
76	88	0
35	26	0
5	85	0
72	99	0
58	63	0
89	66	0
21	89	0
77	50	0
16	3	0
52	96	0
23	86	0
12	16	0
88	58	0
86	24	0
76	26	0
75	18	0
19	13	0
24	54	0
79	29	0
1	75	0
61	73	0
4	41	1
24	76	0
67	49	0
69	94	0
67	38	0
68	86	0
76	53	0
74	84	0
3	84	0
49	47	0
32	75	0
69	57	0
56	46	0
93	45	0
99	98	0
83	96	0
51	59	0
74	57	0
66	65	0
68	3	0
71	79	0
89	75	0
89	11	0
55	82	0
3	99	0
53	41	0
68	39	0
67	31	0
74	22	0
22	81	0
76	20	0
30	65	1
90	17	0
38	61	0
49	32	0
59	93	0
71	77	0
50	81	0
70	87	0
81	65	0
82	45	0
94	64	0
77	96	0
97	44	0
38	64	0
91	84	0
37	71	0
81	80	0
98	50	0
44	88	0
86	74	0
87	53	0
79	29	0
43	47	1
5	63	0
50	78	0
72	20	0
65	28	0
81	88	0
66	46	0
11	84	0
20	90	0
65	43	0
85	24	0
86	45	0
95	1	0
84	95	0
57	37	0
33	78	0
94	23	0
66	47	0
28	77	0
17	98	0
28	74	0
7	85	0
58	57	0
44	27	0
44	77	0
51	51	1
67	76	0
72	12	0
22	83	0
94	47	0
19	23	0
17	78	0
72	65	0
67	48	0
40	61	0
90	48	0
87	51	0
75	53	0
58	67	0
83	49	0
3	29	0
97	79	0
59	49	0
42	87	0
6	78	0
23	87	0
31	56	0
92	24	0
56	90	0
3	95	0
98	64	0
56	30	1
77	18	0
23	13	0
31	31	0
74	8	0
19	75	0
87	53	0
92	36	0
9	5	0
0	38	1
68	15	0
38	83	0
99	84	0
2	8	0
49	88	0
85	36	0
96	82	0
44	61	0
63	72	0
27	38	0
94	37	0
89	65	0
20	76	0
18	82	0
28	69	0
23	88	0
75	8	0
23	56	0
11	85	0
39	34	0
50	22	1
46	65	0
70	45	0
32	73	0
95	20	0
5	32	0
83	45	0
76	21	0
47	51	1
33	24	0
43	8	1
22	90	0
47	77	0
18	63	0
21	24	0
20	82	0
15	81	0
64	58	0
90	42	0
38	56	0
80	98	0
47	26	0
59	74	0
39	74	0
16	90	0
90	37	0
48	54	0
10	18	0
87	55	0
61	49	0
89	23	0
86	28	0
76	38	0
55	90	0
42	35	0
59	42	0
65	32	0
41	3	0
32	98	0
55	63	0
90	37	0
60	94	0
86	53	0
78	45	0
38	83	0
35	76	0
92	26	0
52	49	0
73	4	0
92	99	0
76	84	0
52	82	0
71	23	0
84	78	0
22	80	0
63	25	0
22	95	0
42	58	1
91	64	0
66	10	1
95	92	0
83	8	0
94	96	0
61	11	1
69	24	0
75	60	0
65	26	0
4	84	0
65	99	0
62	77	0
1	26	0
9	92	0
15	75	0
44	18	1
48	37	0
81	41	0
47	13	1
4	60	0
26	89	0
63	93	0
95	46	0
3	68	0
69	45	0
31	91	0
82	46	0
70	42	0
26	60	1
78	40	0
76	45	0
59	67	0
52	48	0
3	81	0
0	5	0
80	67	0
20	62	0
18	4	0
3	92	0
29	73	0
95	38	0
71	87	0
85	59	0
97	83	0
52	53	1
65	33	0
1	76	0
52	64	0
36	44	1
73	39	0
86	21	0
