97	66	0
25	7	0
30	24	1
63	99	0
11	2	0
87	42	0
97	95	0
47	13	0
55	79	0
61	25	0
78	51	0
8	82	0
12	3	0
13	90	0
95	26	0
72	76	0
49	36	0
89	61	0
97	14	0
48	99	0
51	63	0
81	70	0
46	7	0
18	71	0
58	19	0
95	69	0
77	93	0
90	76	0
4	39	0
50	10	0
52	28	0
95	25	0
76	66	0
7	85	0
36	92	0
77	15	0
73	92	0
30	9	0
45	67	0
80	69	0
93	71	0
56	61	0
98	44	0
17	78	0
67	5	0
99	65	0
23	77	0
66	6	0
3	76	0
45	90	0
28	71	0
91	65	0
55	37	0
45	28	0
90	84	0
99	91	0
97	12	0
22	94	0
99	11	0
26	5	0
73	93	0
34	2	0
1	86	0
86	12	0
31	80	0
58	92	0
38	58	0
7	25	0
74	82	0
86	28	0
31	96	0
48	96	0
63	32	0
31	89	0
58	97	0
1	16	0
94	14	0
81	25	0
50	75	0
84	46	0
92	58	0
53	14	0
37	15	1
68	43	0
3	98	0
65	1	0
46	66	0
44	6	0
57	26	0
86	20	0
35	60	0
89	45	0
1	59	0
78	95	0
2	87	0
39	93	0
85	55	0
74	18	0
31	66	0
34	57	0
60	1	0
72	59	0
12	62	0
36	3	0
11	50	1
37	53	1
61	76	0
44	35	0
12	98	0
87	31	0
42	77	0
76	72	0
90	5	0
65	85	0
65	73	0
20	20	0
61	91	0
99	83	0
75	57	0
26	94	0
64	32	0
34	27	1
72	6	0
12	54	1
97	66	0
96	36	0
86	51	0
41	46	0
61	4	0
68	69	0
14	27	0
41	29	0
98	56	0
52	23	0
56	74	0
57	81	0
55	21	0
38	37	0
53	26	0
12	48	1
13	52	1
60	83	0
48	61	0
46	92	0
73	42	0
64	74	0
62	68	0
97	64	0
25	22	0
44	48	0
15	14	0
15	78	0
25	66	0
83	47	0
46	44	0
92	3	0
37	89	0
53	20	0
32	44	0
73	78	0
35	66	0
57	67	0
43	92	0
34	55	0
44	5	0
56	19	0
39	96	0
30	64	0
75	83	0
93	56	0
20	90	0
95	69	0
31	49	0
25	74	0
51	70	0
46	61	0
17	34	0
69	84	0
95	79	0
37	68	0
78	40	0
8	41	0
60	10	0
68	53	0
60	16	0
77	17	0
0	47	0
43	60	0
60	34	0
43	65	0
93	34	0
35	90	0
23	58	0
75	90	0
44	58	0
22	15	0
32	72	0
59	19	0
93	95	0
41	88	0
94	2	0
11	63	0
13	68	0
96	36	0
49	93	0
63	80	0
69	66	0
46	63	0
13	71	0
23	54	1
58	0	0
17	56	1
56	95	0
99	55	0
46	88	0
73	71	0
85	21	0
49	79	0
28	84	0
44	93	0
40	26	0
66	22	0
83	44	0
52	44	0
69	68	0
0	49	0
66	26	0
19	97	0
67	70	0
85	39	0
70	31	0
47	1	0
2	40	0
85	23	0
72	75	0
58	92	0
72	52	0
92	29	0
90	11	0
3	33	0
85	73	0
35	95	0
90	81	0
42	98	0
63	34	0
77	30	0
27	91	0
80	24	0
20	63	0
30	75	0
53	14	0
31	97	0
78	91	0
79	78	0
92	54	0
97	54	0
17	84	0
35	70	0
82	13	0
76	47	0
35	22	1
38	1	0
42	32	0
48	56	0
81	45	0
25	52	0
41	41	0
31	76	0
70	93	0
90	59	0
57	74	0
91	2	0
97	38	0
63	6	0
82	50	0
77	51	0
65	71	0
3	38	0
36	64	0
63	29	0
13	92	0
31	79	0
7	86	0
90	68	0
47	10	1
38	0	0
42	52	1
79	66	0
65	3	0
90	87	0
25	2	0
50	93	0
14	69	0
54	91	0
43	38	0
7	45	1
75	28	0
77	13	0
49	15	0
84	9	0
42	56	0
8	59	1
78	24	0
78	57	0
8	5	0
3	57	0
31	99	0
18	80	0
52	99	0
49	69	0
76	40	0
66	10	0
49	83	0
46	68	0
98	83	0
1	54	0
65	52	0
68	81	0
79	25	0
32	6	0
45	0	0
51	15	0
38	29	0
81	53	0
70	17	0
21	43	0
19	22	0
31	57	0
43	35	0
88	71	0
88	62	0
0	46	0
62	36	0
88	5	0
68	13	0
76	21	0
51	37	0
42	29	0
0	73	0
66	85	0
41	83	0
12	99	0
28	62	0
56	8	0
49	37	0
87	44	0
77	56	0
14	59	0
82	73	0
82	83	0
79	31	0
71	89	0
78	4	0
74	66	0
74	53	0
71	55	0
82	80	0
74	0	0
91	15	0
26	47	0
53	89	0
66	70	0
82	13	0
26	73	0
93	29	0
60	99	0
96	27	0
63	20	0
26	57	0
67	42	0
39	59	0
56	89	0
79	29	0
82	77	0
38	53	0
14	94	0
95	95	0
46	26	0
8	83	0
50	50	0
94	1	0
78	40	0
28	66	0
61	50	0
57	49	0
19	97	0
83	22	0
39	12	0
91	51	0
48	44	0
38	88	0
19	11	0
49	50	0
50	86	0
4	47	0
38	78	0
39	85	0
48	25	0
18	74	0
14	32	0
73	10	0
74	14	0
94	6	0
89	95	0
27	63	0
34	29	0
83	3	0
66	54	0
70	99	0
2	25	0
55	94	0
95	60	0
35	80	0
79	6	0
41	68	0
70	21	0
56	9	0
42	9	1
88	16	0
83	40	0
10	87	0
78	13	0
93	95	0
21	95	0
98	71	0
44	47	0
10	28	0
73	97	0
64	53	0
5	87	0
72	37	0
77	49	0
70	53	0
80	70	0
30	59	0
99	54	0
29	95	0
96	68	0
20	99	0
88	94	0
48	35	0
62	61	0
58	90	0
45	59	0
60	99	0
74	51	0
47	46	0
30	57	0
88	1	0
4	83	0
90	64	0
24	94	0
52	62	0
42	84	0
86	31	0
32	51	0
53	23	0
93	57	0
72	21	0
84	91	0
43	97	0
43	59	0
46	10	1
35	48	0
57	97	0
51	21	0
42	74	0
85	79	0
36	13	1
90	88	0
75	9	0
16	9	0
43	35	0
21	72	0
43	3	0
12	82	0
90	79	0
58	90	0
69	43	0
70	6	0
38	64	0
38	71	0
97	46	0
98	2	0
15	71	0
76	7	0
47	67	0
42	29	0
34	4	0
37	53	0
82	87	0
31	67	0
52	82	0
64	22	0
73	28	0
52	57	0
62	89	0
31	98	0
97	18	0
85	20	0
76	16	0
13	67	0
29	98	0
20	89	0
65	40	0
76	77	0
72	99	0
4	33	0
56	45	0
64	90	0
68	66	0
59	76	0
19	90	0
20	76	0
44	31	0
46	18	1
12	31	0
41	38	0
36	37	0
97	24	0
83	43	0
73	7	0
67	35	0
58	50	0
41	27	0
98	77	0
51	84	0
83	58	0
37	64	0
38	92	0
81	51	0
63	18	0
30	19	0
97	50	0
75	85	0
46	39	0
12	57	1
46	11	1
49	59	0
41	90	0
62	96	0
94	61	0
18	80	0
62	47	0
7	64	0
63	44	0
46	75	0
61	55	0
48	76	0
65	84	0
1	58	0
54	57	0
76	46	0
86	60	0
35	79	0
71	84	0
42	23	0
91	18	0
56	42	0
99	10	0
1	82	0
43	86	0
90	57	0
74	70	0
13	89	0
15	81	0
79	87	0
50	25	0
4	73	0
74	98	0
48	67	0
96	62	0
26	96	0
82	43	0
12	0	0
41	73	0
23	81	0
36	12	1
5	18	0
88	57	0
98	26	0
50	23	0
76	34	0
83	13	0
17	12	0
29	64	0
77	33	0
2	67	0
57	83	0
4	44	0
17	75	0
70	46	0
56	98	0
69	46	0
76	81	0
73	56	0
40	48	1
77	80	0
12	85	0
43	42	0
22	75	0
71	48	0
66	36	0
98	49	0
95	94	0
84	89	0
47	68	0
70	45	0
62	59	0
35	53	0
8	46	1
69	2	0
69	86	0
82	78	0
83	8	0
55	88	0
6	99	0
50	17	0
54	33	0
73	31	0
57	22	0
36	22	1
77	17	0
21	94	0
71	26	0
28	81	0
95	16	0
43	67	0
54	38	0
65	97	0
80	74	0
39	79	0
70	92	0
86	66	0
88	45	0
27	51	1
98	76	0
79	93	0
13	58	1
99	50	0
33	71	0
93	84	0
55	85	0
34	19	1
77	80	0
91	43	0
47	86	0
80	67	0
89	57	0
74	35	0
36	47	0
0	59	0
57	79	0
68	15	0
56	35	0
44	16	0
87	83	0
67	35	0
38	13	1
41	18	0
15	89	0
12	59	0
7	89	0
63	40	0
95	23	0
91	39	0
95	6	0
80	95	0
10	48	1
61	21	0
51	50	0
36	80	0
97	20	0
63	50	0
36	91	0
25	94	0
29	68	0
17	91	0
31	3	0
68	62	0
46	30	0
47	73	0
47	43	0
7	45	1
70	67	0
68	15	0
26	90	0
95	55	0
22	30	0
16	71	0
75	63	0
62	57	0
51	61	0
90	54	0
91	61	0
72	51	0
60	11	0
64	65	0
83	42	0
9	37	0
87	77	0
57	43	0
28	77	0
8	80	0
31	99	0
20	55	0
93	28	0
7	50	0
57	91	0
3	84	0
90	65	0
45	24	0
77	19	0
22	22	0
34	39	0
72	8	0
16	74	0
41	52	0
92	56	0
88	37	0
6	6	0
11	49	1
45	17	1
5	39	0
71	5	0
49	70	0
90	92	0
3	14	0
46	98	0
89	31	0
38	4	0
91	89	0
42	66	0
71	70	0
38	33	0
97	38	0
90	76	0
16	60	0
13	77	0
3	46	0
21	66	0
16	98	0
72	19	0
32	55	0
5	87	0
27	28	0
60	17	0
35	65	0
71	51	0
43	4	0
33	79	0
93	20	0
7	25	0
72	46	0
96	29	0
49	61	0
29	13	0
43	0	0
19	91	0
47	75	0
24	60	0
20	18	0
19	89	0
24	82	0
65	50	0
90	44	0
38	71	0
81	97	0
50	33	0
65	72	0
45	87	0
3	84	0
81	43	0
44	61	0
7	20	0
95	63	0
54	50	0
95	16	0
81	14	0
81	34	0
62	96	0
45	44	0
53	35	0
60	30	0
42	0	0
42	90	0
51	70	0
88	26	0
59	95	0
87	41	0
79	54	0
38	73	0
25	67	0
79	31	0
55	37	0
76	0	0
99	99	0
76	81	0
45	77	0
73	39	0
79	87	0
12	81	0
56	26	0
16	94	0
3	63	0
42	57	0
75	72	0
67	12	0
94	94	0
85	10	0
96	92	0
62	11	0
73	22	0
74	57	0
65	31	0
20	84	0
51	86	0
63	85	0
5	31	0
13	80	0
15	71	0
37	7	0
35	42	0
12	48	1
3	41	0
77	41	0
48	23	0
12	63	0
18	84	0
66	96	0
90	41	0
0	77	0
64	44	0
32	82	0
77	68	0
70	42	0
8	49	1
29	56	0
81	36	0
70	49	0
75	56	0
18	62	0
59	48	0
2	90	0
5	2	0
88	66	0
18	67	0
20	1	0
2	92	0
23	79	0
99	41	0
72	81	0
88	66	0
83	86	0
48	63	0
63	32	0
1	74	0
48	63	0
35	56	0
62	47	0
89	23	0
