83	60	0
32	27	0
63	96	0
15	3	0
90	38	0
83	94	0
47	81	1
71	49	0
1	84	0
2	2	0
17	98	0
93	46	0
67	75	0
36	41	0
73	83	0
97	47	0
51	97	0
64	75	0
36	23	0
85	70	0
84	96	0
79	81	0
1	33	0
76	18	1
66	66	0
21	95	1
81	33	0
67	94	0
50	70	0
64	75	0
92	52	0
97	21	0
95	74	0
35	6	0
45	96	0
71	34	0
29	19	0
97	77	0
81	79	0
96	18	0
99	13	0
22	39	0
58	79	0
6	88	0
93	7	0
63	94	0
13	27	0
83	83	0
91	26	0
54	98	0
83	12	1
13	15	0
96	11	0
73	43	0
42	87	1
71	22	0
53	50	0
78	30	0
8	98	0
52	83	1
88	61	0
64	93	0
10	67	0
45	92	0
95	54	0
39	37	0
27	7	0
73	63	0
4	84	0
92	33	0
44	65	0
88	54	0
97	6	0
76	98	0
75	81	0
5	23	0
67	82	0
89	65	0
82	45	0
15	96	0
59	46	0
90	52	0
91	41	0
93	34	0
12	58	0
6	13	0
98	60	0
54	99	0
44	75	0
57	92	0
69	36	0
66	68	0
75	73	0
86	71	0
22	23	0
15	6	0
88	56	0
86	0	0
23	95	1
11	47	0
70	73	0
62	81	0
55	79	0
48	9	0
49	86	0
66	83	0
76	54	0
15	90	0
88	80	0
1	77	0
17	55	0
82	84	0
87	73	0
50	67	0
65	41	0
80	37	0
36	89	1
47	73	0
20	49	0
44	76	1
43	24	0
94	89	0
33	99	1
80	5	0
76	35	0
73	90	0
62	85	0
63	67	0
16	22	0
19	73	0
61	86	0
74	68	0
41	96	0
55	92	0
78	16	1
36	88	0
35	34	0
73	66	0
59	52	0
64	73	0
73	31	0
3	94	0
68	55	1
95	37	0
64	34	0
48	23	0
87	19	0
65	71	0
77	97	0
89	71	0
94	19	0
94	34	0
97	71	0
66	71	0
61	89	0
64	18	1
17	76	0
87	11	0
8	44	0
34	86	1
83	79	0
79	79	0
90	49	0
87	54	0
44	78	1
92	64	0
54	8	0
47	25	0
76	56	0
30	77	0
61	77	0
82	77	0
83	6	0
93	52	0
92	35	0
74	53	0
67	91	0
55	10	0
0	92	0
6	90	0
95	60	0
70	59	0
80	12	1
93	72	0
21	20	0
27	93	1
49	99	0
82	1	0
79	5	0
98	28	0
87	28	0
77	30	0
11	7	0
25	84	0
51	87	0
87	44	0
72	93	0
97	77	0
71	37	0
69	83	0
12	2	0
38	8	0
39	25	0
74	33	0
77	17	1
4	47	0
33	22	0
95	82	0
98	68	0
81	20	1
98	11	0
66	3	0
38	6	0
95	88	0
28	89	0
4	98	0
42	38	0
72	42	0
73	68	0
63	72	0
86	83	0
67	34	0
77	78	0
93	29	0
89	65	0
64	43	0
96	76	0
62	13	0
99	6	0
28	47	0
70	90	0
99	40	0
93	45	0
73	94	0
89	36	0
66	15	1
44	52	0
59	89	0
71	83	0
20	77	0
83	82	0
6	97	0
98	4	0
87	14	0
53	80	1
12	99	0
85	40	0
89	69	0
30	2	0
47	94	0
54	64	0
2	16	0
84	37	0
95	7	0
70	90	0
17	21	0
77	27	0
67	82	0
11	26	0
46	83	1
79	45	0
85	3	0
90	65	0
13	77	1
63	13	0
95	95	0
38	95	1
60	61	1
6	36	0
61	88	0
63	59	0
92	43	0
68	43	0
68	53	1
0	53	0
92	70	0
24	99	1
85	69	0
6	90	0
79	89	0
36	25	0
69	61	0
63	99	0
55	90	0
99	51	0
64	10	0
4	67	1
72	41	0
30	98	1
83	27	0
95	53	0
76	30	0
85	69	0
46	98	0
56	93	0
22	93	1
94	89	0
72	86	0
15	1	0
2	91	0
78	89	0
59	98	0
69	27	0
81	58	0
99	0	0
90	12	1
92	80	0
62	84	0
91	16	0
85	13	1
67	85	0
39	96	1
94	15	0
98	5	0
76	30	0
7	45	0
15	92	0
24	97	1
88	88	0
88	93	0
85	86	0
85	64	0
79	77	0
10	90	0
27	14	0
5	3	0
36	39	0
89	17	0
81	32	0
65	66	0
63	8	0
89	82	0
82	82	0
81	49	0
74	62	0
29	7	0
99	38	0
70	89	0
51	34	0
27	95	1
72	85	0
98	63	0
22	65	0
44	66	0
60	76	0
46	91	0
2	45	0
80	71	0
97	47	0
95	69	0
37	82	1
59	89	0
86	20	0
87	8	0
16	78	1
34	86	1
95	68	0
67	75	0
0	99	0
11	75	1
79	92	0
23	21	0
2	80	0
62	76	0
64	65	0
83	86	0
2	90	0
79	58	0
18	4	0
52	89	0
8	86	0
2	18	0
89	60	0
89	10	1
74	21	0
14	17	0
16	45	0
69	36	0
63	80	0
93	73	0
84	45	0
76	78	0
73	85	0
0	64	0
82	60	0
66	27	0
92	44	0
87	92	0
85	79	0
50	76	0
97	76	0
99	9	0
49	72	0
1	96	0
74	35	0
64	16	1
81	24	0
27	28	0
55	81	0
54	51	1
34	73	0
63	88	0
88	51	0
89	34	0
77	66	0
94	90	0
86	51	0
88	96	0
30	84	1
79	70	0
73	36	0
44	86	0
91	81	0
83	75	0
99	32	0
44	72	0
82	23	1
51	36	0
90	86	0
88	56	0
22	84	0
76	33	0
72	34	0
96	41	0
84	12	1
89	83	0
82	16	1
77	41	0
10	85	0
17	94	0
48	33	0
24	67	0
48	86	0
62	1	0
6	92	0
74	46	0
16	11	0
18	63	0
64	70	0
75	66	0
76	62	0
76	47	0
74	67	0
88	49	0
8	44	0
95	85	0
65	59	1
47	92	0
83	23	0
44	97	0
20	90	0
93	52	0
63	31	0
20	16	0
29	35	0
80	52	0
96	27	0
21	4	0
44	3	0
50	66	0
96	82	0
19	7	0
45	82	1
59	19	0
89	77	0
70	65	0
63	87	0
11	50	0
95	49	0
87	62	0
3	83	0
2	90	0
49	35	0
94	24	0
12	23	0
91	39	0
75	12	0
39	31	0
19	96	0
60	90	0
21	29	0
25	99	1
76	40	0
61	83	0
21	95	1
67	36	0
6	4	0
84	55	0
86	33	0
82	29	0
65	22	0
55	97	0
40	92	1
77	31	0
56	99	0
67	67	0
80	49	0
57	90	0
93	45	0
95	99	0
87	88	0
49	84	0
87	7	1
76	76	0
69	24	0
95	44	0
90	99	0
84	17	1
90	98	0
88	18	0
80	68	0
7	94	0
83	93	0
75	78	0
7	20	0
18	93	0
87	27	0
16	94	0
50	84	0
82	37	0
75	54	0
25	92	1
77	48	0
92	54	0
83	38	0
82	26	0
0	94	0
15	9	0
58	81	0
23	60	0
30	12	0
2	84	0
91	40	0
87	82	0
86	49	0
89	79	0
74	47	0
6	82	1
85	17	1
97	37	0
