99	66	0
21	16	0
32	17	1
65	99	0
11	2	0
87	40	0
99	97	0
46	14	0
51	81	0
56	21	0
81	52	0
7	84	0
8	3	0
14	94	0
95	32	0
67	78	0
44	30	0
85	70	0
95	17	0
57	99	0
44	67	0
79	68	0
48	10	0
26	83	0
55	20	0
97	69	0
80	92	0
87	76	0
7	38	0
55	10	0
52	35	0
92	23	0
74	73	0
11	79	0
33	92	0
76	12	0
73	87	0
27	7	0
49	70	0
81	69	0
92	72	0
58	66	0
99	40	0
17	75	0
68	2	0
99	65	0
21	76	0
64	5	0
5	75	0
41	97	0
29	73	0
88	61	0
60	38	0
41	21	0
90	81	0
99	92	0
98	16	0
27	92	0
95	7	0
25	9	0
76	89	0
34	7	1
4	89	0
83	8	0
28	69	0
61	94	0
36	57	0
4	27	0
74	81	0
87	25	0
24	94	0
46	99	0
65	28	0
29	91	0
55	96	0
9	16	0
98	19	0
80	24	0
55	74	0
89	44	0
89	58	0
54	10	0
45	19	1
67	40	0
0	98	0
70	2	0
45	74	0
40	7	1
53	23	0
86	17	0
37	56	0
88	51	0
1	58	0
75	92	0
2	85	0
40	98	0
88	53	0
71	29	0
35	62	0
35	59	0
64	2	0
69	55	0
16	70	0
37	4	0
65	71	0
45	33	0
5	92	0
86	26	0
43	77	0
82	69	0
93	3	0
65	86	0
64	76	0
10	21	0
57	90	0
98	81	0
73	57	0
23	93	0
67	30	0
76	4	0
97	66	0
94	33	0
89	54	0
43	45	0
63	8	0
63	65	0
12	29	0
45	32	0
92	57	0
52	24	0
55	78	0
59	77	0
58	22	0
45	34	0
54	27	0
56	84	0
48	56	0
46	92	0
73	43	0
60	72	0
59	72	0
95	61	0
28	18	0
41	39	0
16	18	0
11	80	0
28	62	0
84	42	0
45	45	0
89	0	0
34	84	0
56	21	0
32	35	0
68	82	0
34	70	0
56	63	0
44	88	0
38	51	0
38	0	0
54	15	0
38	99	0
32	64	0
75	80	0
92	61	0
17	94	0
89	72	0
30	49	0
20	70	0
55	72	0
50	55	0
15	32	0
69	83	0
95	83	0
38	71	0
76	41	0
9	41	0
58	11	0
63	54	0
63	18	0
80	21	0
3	47	0
41	65	0
54	26	0
42	62	0
96	34	0
33	91	0
21	58	0
76	93	0
44	56	0
20	20	0
34	75	0
55	16	0
92	97	0
36	90	0
95	1	0
15	60	1
16	73	0
95	36	0
55	95	0
67	84	0
64	67	0
37	55	0
10	66	0
15	56	1
60	0	0
55	96	0
97	55	0
42	93	0
72	69	0
79	26	0
48	76	0
31	82	0
39	93	0
39	23	0
69	20	0
81	50	0
53	43	0
75	66	0
4	54	1
74	25	0
23	89	0
66	67	0
88	39	0
77	39	0
45	0	0
2	41	0
86	26	0
69	77	0
60	97	0
69	57	0
95	32	0
89	9	0
2	35	0
86	71	0
37	99	0
89	84	0
41	97	0
55	34	0
81	34	0
21	86	0
83	22	0
19	60	0
26	81	0
49	13	0
29	92	0
76	89	0
82	77	0
95	56	0
98	56	0
19	81	0
35	72	0
84	10	0
83	50	0
42	2	0
42	26	0
43	56	0
79	44	0
23	53	0
38	40	0
30	77	0
71	98	0
88	59	0
55	76	0
96	5	0
97	35	0
64	5	0
88	51	0
81	50	0
62	80	0
0	35	0
43	64	0
69	26	0
16	90	0
28	77	0
7	87	0
90	64	0
55	11	1
39	3	0
79	65	0
73	2	0
99	88	0
28	2	0
43	88	0
15	66	0
55	93	0
41	40	0
78	26	0
77	16	0
52	14	0
93	13	0
45	53	0
79	30	0
79	57	0
7	11	0
2	60	0
33	98	0
19	83	0
55	97	0
49	76	0
80	42	0
64	9	0
49	87	0
51	67	0
97	88	0
0	49	0
67	52	0
65	83	0
82	26	0
28	5	0
44	1	0
54	18	0
34	32	0
80	54	0
75	20	0
21	43	0
18	23	0
32	55	0
42	35	0
95	70	0
88	57	0
4	54	1
64	34	0
83	5	0
68	12	0
74	23	0
52	37	0
41	29	0
4	74	0
72	84	0
41	84	0
10	97	0
35	60	0
58	11	0
53	39	0
81	35	0
76	52	0
12	60	1
85	72	0
87	87	0
77	31	0
67	90	0
79	12	0
78	60	0
70	51	0
70	53	0
85	77	0
75	6	0
87	11	0
25	44	0
53	89	0
63	72	0
75	11	0
22	77	0
98	37	0
57	98	0
97	24	0
63	25	0
31	57	0
62	43	0
38	59	0
59	81	0
82	30	0
84	81	0
41	53	1
18	92	0
93	92	0
46	21	0
6	83	0
42	51	0
99	3	0
80	37	0
34	70	0
63	48	0
60	51	0
17	96	0
81	23	0
42	10	1
89	52	0
53	38	0
38	89	0
20	11	0
50	46	0
53	89	0
0	44	0
40	77	0
40	85	0
49	21	1
17	69	0
14	28	0
68	8	0
72	22	0
99	4	0
83	96	0
33	67	0
35	34	0
80	4	0
60	50	0
70	97	0
1	24	0
50	86	0
93	59	0
28	78	0
79	8	0
39	69	0
67	19	0
54	7	0
81	18	0
89	45	0
12	87	0
74	9	0
86	99	0
26	97	0
92	75	0
44	52	0
10	29	0
63	95	0
68	53	0
2	81	0
67	30	0
82	55	0
77	48	0
78	64	0
28	54	0
96	50	0
23	90	0
97	64	0
23	99	0
87	94	0
45	34	0
66	66	0
60	93	0
48	53	0
60	98	0
75	53	0
50	49	0
32	58	0
90	1	0
2	86	0
92	58	0
21	95	0
49	56	0
42	76	0
81	29	0
34	50	0
53	26	0
95	56	0
77	21	0
86	91	0
43	95	0
39	58	0
47	6	1
37	49	0
60	96	0
52	24	0
43	75	0
88	85	0
40	8	1
90	84	0
79	12	0
22	7	0
43	34	0
26	64	0
44	6	0
13	79	0
84	76	0
55	92	0
64	53	0
68	10	0
38	63	0
36	77	0
93	46	0
91	4	0
14	67	0
76	11	0
45	63	0
46	23	0
42	3	0
34	46	0
83	84	0
23	70	0
57	84	0
68	24	0
75	23	0
50	57	0
62	83	0
27	97	0
92	26	0
82	15	0
79	21	0
18	69	0
22	94	0
15	85	0
63	35	0
72	77	0
73	99	0
0	28	0
63	52	0
65	90	0
73	63	0
62	74	0
15	92	0
19	75	0
49	30	0
6	26	0
45	45	0
32	41	0
99	31	0
83	47	0
66	12	0
70	30	0
56	48	0
43	27	0
97	77	0
45	83	0
82	53	0
41	59	0
32	98	0
78	51	0
55	13	0
33	12	0
98	48	0
72	83	0
49	36	0
55	58	0
38	93	0
62	93	0
93	62	0
23	78	0
63	50	0
3	67	0
65	46	0
46	74	0
67	54	0
49	76	0
63	91	0
4	59	0
56	55	0
77	47	0
80	61	0
35	80	0
77	81	0
44	29	0
96	13	0
54	48	0
97	11	0
0	82	0
46	90	0
89	63	0
68	68	0
14	87	0
17	72	0
81	87	0
44	25	0
5	76	0
74	99	0
48	64	0
91	63	0
27	93	0
72	46	0
13	0	0
41	75	0
17	83	0
35	18	1
6	16	0
94	57	0
96	24	0
50	20	1
70	35	0
79	13	0
22	12	0
31	61	0
78	30	0
1	72	0
63	79	0
7	38	0
15	77	0
66	45	0
64	93	0
69	41	0
76	88	0
73	53	0
36	53	1
73	76	0
9	87	0
44	43	0
27	79	0
78	53	0
63	34	0
99	46	0
94	94	0
82	87	0
47	72	0
69	44	0
65	66	0
40	52	1
12	48	1
69	3	0
67	82	0
85	77	0
82	1	0
55	77	0
8	98	0
49	21	1
57	38	0
69	34	0
62	29	0
72	20	0
22	89	0
78	29	0
31	74	0
92	14	0
46	69	0
47	40	0
65	95	0
74	74	0
45	80	0
71	94	0
85	68	0
93	45	0
99	77	0
80	99	0
98	42	0
34	66	0
91	85	0
47	83	0
80	83	0
97	50	0
43	89	0
88	67	0
85	56	0
81	34	0
37	46	0
4	64	0
55	79	0
66	19	0
59	32	0
48	23	1
86	87	0
69	42	0
44	11	1
17	90	0
11	56	1
7	88	0
60	40	0
89	15	0
88	47	0
95	7	0
80	96	0
7	46	1
51	23	0
52	49	0
34	75	0
94	18	0
67	52	0
25	85	0
30	98	0
27	71	0
14	93	0
32	7	1
63	61	0
47	33	0
47	76	0
46	43	0
3	55	1
67	69	0
69	13	0
19	88	0
94	57	0
21	25	0
16	71	0
75	63	0
69	52	0
52	62	0
92	52	0
88	63	0
75	57	0
56	11	0
64	64	0
82	46	0
8	35	0
95	74	0
51	43	0
39	79	0
14	79	0
23	94	0
25	65	0
93	29	0
12	50	1
61	99	0
8	89	0
90	63	0
53	30	0
80	23	0
22	23	0
32	42	0
79	10	0
17	74	0
39	54	1
92	57	0
88	38	0
4	9	0
44	16	1
2	40	0
68	15	0
44	72	0
97	93	0
1	10	0
51	97	0
86	33	0
43	3	0
91	83	0
43	62	0
79	72	0
33	29	0
97	38	0
88	77	0
22	68	0
15	84	0
1	48	1
21	73	0
16	96	0
72	20	0
29	57	0
9	84	0
27	30	0
62	18	0
41	59	0
74	49	0
47	7	0
30	71	0
89	27	0
7	26	0
73	45	0
96	31	0
50	65	0
31	17	0
42	4	0
20	94	0
42	75	0
25	60	0
18	19	0
21	82	0
28	80	0
66	52	0
93	43	0
31	72	0
87	95	0
49	31	0
65	67	0
47	86	0
6	86	0
84	43	0
42	61	0
14	22	0
95	58	0
55	48	0
92	20	0
83	21	0
82	36	0
61	97	0
40	39	0
65	40	0
63	33	0
40	2	0
41	92	0
58	71	0
91	29	0
58	98	0
86	48	0
82	49	0
36	71	0
28	71	0
80	29	0
53	41	0
73	3	0
99	95	0
72	80	0
47	81	0
73	45	0
82	88	0
16	82	0
58	31	0
15	92	0
6	58	1
40	63	0
81	70	0
67	15	0
89	95	0
87	10	0
96	93	0
60	8	0
69	22	0
77	56	0
66	32	0
14	84	0
51	86	0
64	81	0
8	31	0
19	83	0
18	70	0
43	9	0
37	40	0
1	47	0
80	44	0
50	27	0
6	61	0
18	90	0
64	93	0
91	42	0
0	70	0
61	41	0
28	88	0
81	62	0
71	46	0
1	47	1
22	53	0
85	38	0
72	49	0
70	60	0
13	62	1
57	50	0
7	92	0
6	0	0
85	67	0
18	71	0
27	4	0
2	96	0
22	80	0
99	38	0
73	79	0
90	64	0
83	89	0
54	57	0
60	33	0
2	75	0
49	63	0
33	56	0
67	43	0
84	22	0
