96	67	0
22	17	0
64	97	0
12	4	0
88	44	0
92	99	0
42	79	0
63	47	0
0	88	0
1	8	0
15	87	0
95	47	0
67	82	0
29	31	0
89	88	0
95	42	0
46	95	0
42	82	0
68	74	0
43	10	0
78	75	0
93	87	0
75	91	0
9	19	0
82	16	0
68	73	0
12	69	1
34	92	0
80	19	0
65	88	0
51	69	0
75	76	0
97	51	0
95	27	0
19	76	0
93	77	0
13	65	0
37	1	0
9	74	0
37	88	0
82	48	0
32	19	0
96	93	0
87	93	0
99	19	0
31	77	1
97	10	0
23	26	0
71	85	0
2	85	0
92	6	0
65	93	0
7	24	0
75	80	0
89	32	0
24	83	0
58	96	0
83	19	0
26	86	0
34	85	1
26	12	0
96	6	0
80	33	0
48	78	0
84	22	0
65	46	0
76	37	0
7	99	0
46	85	0
74	12	1
91	68	0
69	97	0
3	68	0
41	91	0
99	55	0
79	19	0
53	13	1
54	33	0
35	5	0
72	54	0
2	88	0
93	26	0
47	67	0
81	52	0
85	0	0
69	96	0
62	90	0
9	31	0
63	78	0
84	68	0
72	45	0
19	98	0
68	41	0
91	62	0
92	28	0
97	38	0
12	51	0
1	19	0
92	61	0
52	83	0
53	59	1
54	74	0
55	99	0
75	37	0
67	74	0
68	76	0
88	62	0
25	15	0
17	12	0
20	81	1
79	52	0
94	3	0
25	99	0
24	42	0
64	72	0
59	80	0
56	75	0
45	0	0
54	86	0
74	85	0
81	55	0
18	91	0
87	83	0
3	73	0
53	59	1
20	47	0
75	80	0
97	69	0
43	67	0
68	41	0
93	35	0
25	90	0
55	80	0
23	43	0
47	77	0
38	26	0
92	89	0
29	99	0
92	2	0
80	40	0
61	91	0
71	79	0
62	74	0
25	40	0
26	60	0
60	92	0
80	67	0
43	92	0
57	84	0
72	19	0
65	68	1
25	70	1
48	88	0
27	22	0
79	59	0
62	43	0
74	67	0
83	38	0
9	95	0
64	53	0
89	39	0
61	33	0
55	15	0
94	30	0
66	82	0
79	94	0
83	67	0
96	24	0
95	31	0
89	76	0
29	91	0
70	87	0
49	95	0
79	34	0
11	97	0
89	17	0
24	45	0
26	90	0
21	98	0
83	77	0
72	79	0
88	53	0
86	59	0
21	80	1
48	89	0
75	1	1
82	62	0
50	4	0
44	30	0
87	43	0
28	74	0
68	86	0
78	64	0
55	58	1
76	1	0
86	45	0
92	45	0
76	64	0
72	81	0
56	70	1
60	13	0
6	88	0
3	89	0
86	65	0
79	66	0
91	8	0
97	81	0
19	6	0
27	91	0
57	97	0
52	35	1
91	11	0
91	8	0
97	28	0
79	29	0
65	49	0
2	2	0
22	97	0
7	75	1
48	83	0
55	69	0
93	43	0
60	88	0
96	83	0
71	36	0
84	83	0
76	18	0
16	11	0
38	6	0
32	24	0
92	41	0
83	13	0
10	48	0
22	20	0
87	81	0
95	72	0
72	19	0
97	15	0
62	3	0
81	15	0
35	14	0
16	72	1
96	89	0
31	85	0
9	99	0
34	43	0
76	46	0
65	58	0
68	76	0
83	83	0
78	23	0
70	81	0
96	41	0
81	55	0
65	48	0
94	70	0
66	17	0
91	15	0
30	50	0
67	95	0
92	29	0
18	87	0
96	42	0
71	97	0
93	33	0
60	18	0
54	44	0
58	94	0
75	89	0
28	91	0
92	78	0
3	89	0
93	3	0
91	10	0
55	77	0
64	55	1
6	94	0
71	39	0
96	64	0
33	79	1
28	7	0
51	92	0
33	84	0
54	76	0
5	29	0
86	35	0
96	12	0
75	96	0
21	27	0
63	4	1
70	29	0
65	88	0
1	16	0
48	84	0
81	50	0
28	92	0
83	9	0
82	18	0
93	57	0
15	82	0
64	18	0
90	90	0
35	95	0
66	57	0
7	38	0
61	88	0
61	42	0
20	72	1
58	26	1
90	46	0
76	52	0
72	58	0
4	36	0
92	65	0
21	97	0
91	54	0
12	95	0
85	86	0
36	19	0
76	60	0
56	92	0
57	96	0
81	54	0
77	8	0
2	79	0
72	39	0
25	98	0
80	26	0
89	48	0
72	25	0
84	70	0
52	99	0
55	96	0
29	98	0
95	83	0
73	84	0
22	0	0
13	81	0
80	90	0
72	90	0
66	53	0
65	29	0
34	77	1
82	60	0
99	4	0
14	75	1
89	2	0
52	64	1
88	82	0
62	84	0
75	23	0
89	12	0
72	90	0
24	99	0
90	15	0
96	0	0
69	22	0
8	52	0
14	96	0
14	88	0
79	88	0
87	95	0
56	52	1
75	95	0
89	66	0
73	63	0
8	99	0
15	74	0
30	23	0
1	13	0
43	41	0
98	28	0
82	39	0
70	56	0
50	15	0
84	81	0
65	82	0
86	50	0
35	85	1
77	62	0
21	8	0
96	39	0
59	97	0
37	42	0
30	91	0
71	92	0
95	73	0
34	88	0
16	78	0
43	64	0
55	63	1
64	78	0
53	96	0
10	47	0
76	66	0
85	49	0
90	71	0
42	76	0
67	81	0
88	15	0
56	50	1
88	8	0
10	84	0
44	94	0
84	76	0
70	71	0
8	89	0
15	82	0
80	98	0
30	23	0
9	81	0
65	89	0
61	72	0
80	83	0
9	92	0
71	51	0
21	5	0
44	97	0
6	95	0
3	19	0
81	64	0
85	13	0
79	28	0
75	18	0
13	21	0
13	55	0
75	28	0
63	70	0
26	92	0
61	57	0
88	88	0
82	41	0
75	79	0
65	54	0
73	83	0
6	67	0
35	76	1
75	61	0
54	42	0
97	39	0
98	94	0
80	77	0
67	51	0
63	54	0
52	76	0
98	79	0
96	1	0
60	79	0
3	98	0
59	36	0
65	22	0
69	16	0
27	71	1
76	23	0
79	24	0
28	25	0
57	93	0
70	63	0
43	90	0
67	97	0
80	61	0
81	28	0
84	66	0
89	96	0
91	43	0
89	83	0
41	87	0
72	79	0
78	46	0
45	89	0
81	80	0
71	66	0
94	21	0
2	74	1
55	73	0
82	19	0
61	37	0
84	85	0
74	59	0
16	86	0
23	87	0
80	32	0
83	29	0
94	48	0
95	11	0
80	83	0
89	16	0
80	36	0
21	71	1
12	93	0
22	74	1
10	87	0
55	50	1
47	27	0
36	64	0
56	83	0
66	2	0
16	88	0
83	51	0
23	16	0
21	62	0
80	68	0
68	63	0
82	62	0
84	53	0
70	62	0
82	49	0
11	38	0
95	86	0
70	55	0
47	87	0
7	69	0
31	79	1
92	19	0
58	89	0
20	89	0
99	45	0
66	31	0
17	17	0
24	32	0
15	66	0
78	56	0
92	37	0
23	3	0
58	6	0
43	86	0
89	80	0
17	5	0
50	76	0
69	26	0
95	64	0
68	66	0
65	88	0
8	42	0
99	46	0
90	67	0
9	82	0
24	77	1
25	97	0
6	98	0
63	38	0
90	16	0
9	16	0
86	30	0
87	20	0
41	30	0
19	97	0
55	86	0
14	78	0
23	21	0
18	73	1
21	93	0
62	56	0
89	46	0
67	86	0
54	71	1
22	94	0
79	42	0
9	0	0
81	58	0
49	58	0
92	31	0
71	25	0
75	35	0
57	94	0
45	37	1
65	7	1
38	99	0
85	41	0
68	98	0
76	57	0
84	44	0
61	93	0
39	75	1
93	36	0
98	99	0
79	84	0
57	85	0
91	17	0
70	77	0
24	77	1
65	21	0
32	94	0
92	53	0
95	91	0
80	5	0
97	99	0
79	25	0
90	66	0
8	92	0
71	98	0
67	77	0
1	16	0
14	98	0
7	71	0
88	29	0
29	97	0
58	85	0
82	45	0
13	67	1
77	44	0
24	99	0
82	45	0
91	56	0
73	49	0
82	25	0
3	83	0
9	5	0
63	72	0
19	61	0
24	4	0
5	88	0
32	79	1
95	53	0
80	85	0
92	57	0
89	80	0
77	47	0
0	82	0
83	27	0
91	31	0
