5	27	1
92	60	0
52	10	0
43	20	0
52	98	0
3	40	0
86	32	0
87	73	0
3	13	0
49	14	0
68	95	0
42	39	0
68	45	0
6	92	0
30	9	0
16	52	0
88	3	0
83	79	0
64	32	0
27	55	0
98	59	0
98	6	0
46	73	0
75	77	0
84	87	0
80	2	0
18	96	0
64	19	0
72	73	0
65	83	0
92	55	0
5	49	0
31	28	0
48	19	0
78	16	0
47	48	0
87	81	0
10	94	0
66	64	0
97	15	0
84	94	0
42	17	0
32	67	0
64	49	0
93	47	0
54	83	0
96	49	0
20	97	0
30	43	0
57	9	0
91	42	0
23	69	0
65	7	0
37	82	0
72	93	0
22	64	0
95	63	0
45	11	0
33	53	0
77	71	0
93	92	0
77	0	0
22	98	0
92	2	0
45	12	0
89	64	0
46	19	0
15	90	0
86	4	0
35	77	0
88	80	0
57	50	0
23	39	0
86	71	0
14	35	0
30	50	0
83	40	0
15	10	0
6	46	0
50	86	0
67	97	0
65	20	0
48	95	0
75	98	0
8	8	0
16	31	0
83	12	0
85	15	0
53	47	0
87	38	0
23	21	0
76	48	0
49	52	0
34	10	0
33	9	0
68	56	0
28	82	0
48	0	0
44	83	0
42	2	0
34	36	0
86	35	0
47	66	0
59	47	0
20	81	0
70	80	0
1	80	0
50	91	0
86	46	0
64	21	0
51	80	0
3	41	0
64	12	0
52	75	0
7	87	0
36	7	0
24	50	0
16	30	0
85	84	0
7	24	0
43	26	0
1	1	0
36	98	0
93	7	0
66	60	0
1	38	0
72	84	0
92	19	0
59	60	0
56	85	0
34	24	0
65	93	0
20	19	0
75	86	0
68	48	0
27	97	0
79	27	0
46	37	0
16	21	0
63	4	0
6	7	0
7	83	0
17	1	0
99	92	0
95	16	0
80	40	0
49	61	0
64	22	0
85	91	0
0	4	0
36	15	0
20	9	0
80	71	0
46	36	0
86	74	0
87	80	0
51	25	0
55	32	0
81	50	0
4	52	0
22	75	0
19	66	0
93	75	0
52	61	0
39	97	0
94	43	0
71	76	0
47	84	0
24	46	0
98	74	0
5	48	0
38	38	0
19	29	0
31	76	0
30	69	0
94	16	0
58	37	0
76	8	0
46	81	0
64	20	0
62	40	0
74	72	0
23	53	0
65	59	0
28	97	0
33	63	0
31	4	0
62	22	0
24	99	0
4	75	0
65	75	0
79	46	0
19	84	0
17	47	0
88	76	0
25	47	0
35	76	0
32	86	0
58	37	0
30	4	0
22	49	0
76	90	0
99	78	0
65	96	0
68	14	0
14	50	0
63	10	0
56	26	0
56	31	0
73	11	0
26	61	0
17	80	0
46	62	0
66	32	0
26	74	0
87	26	0
58	83	0
35	73	0
25	13	0
95	76	0
30	77	0
47	1	0
3	89	0
80	20	0
94	71	0
85	83	0
82	32	0
0	79	0
11	72	0
98	50	0
64	67	0
42	46	0
46	67	0
74	75	0
42	68	0
20	84	0
38	65	0
73	2	0
3	58	0
69	98	0
67	36	0
26	90	0
88	67	0
48	15	0
39	62	0
14	76	0
33	95	0
66	28	0
65	16	0
23	36	0
97	58	0
62	45	0
75	43	0
7	88	0
58	14	0
22	79	0
71	70	0
64	59	0
70	54	0
60	1	0
19	7	0
1	58	0
84	56	0
54	13	0
74	56	0
47	90	0
61	54	0
90	36	0
94	12	0
22	62	0
92	73	0
12	78	0
18	26	0
92	49	0
38	96	0
47	42	0
48	3	0
18	90	0
75	31	0
35	45	0
33	74	0
41	5	0
19	77	0
89	84	0
88	71	0
55	34	0
82	66	0
16	83	0
47	47	0
63	2	0
67	22	0
35	23	0
52	9	0
57	13	0
54	29	0
75	26	0
35	45	0
28	41	0
55	39	0
66	69	0
85	88	0
41	98	0
73	7	0
92	56	0
67	11	0
11	60	0
20	10	0
87	37	0
61	29	0
79	69	0
16	40	0
53	62	0
62	11	0
34	93	0
29	83	0
50	77	0
95	52	0
47	25	0
50	3	0
26	40	0
78	42	0
74	8	0
68	94	0
28	9	0
66	87	0
7	67	0
42	75	0
38	22	0
0	56	0
10	18	0
81	4	0
28	39	0
73	17	0
35	6	0
4	5	0
76	17	0
26	64	0
29	48	0
95	23	0
81	55	0
13	33	0
23	39	0
4	55	0
40	90	0
19	72	0
11	0	0
31	93	0
53	54	0
43	16	0
14	11	0
52	33	0
48	79	0
35	71	0
82	95	0
27	30	0
24	57	0
31	47	0
55	71	0
77	97	0
49	12	0
68	3	0
29	9	0
52	15	0
52	11	0
16	59	0
83	50	0
65	2	0
22	48	0
60	5	0
56	64	0
46	53	0
41	55	0
80	83	0
73	43	0
21	66	0
54	51	0
20	19	0
97	10	0
44	5	0
61	31	0
56	25	0
23	41	0
13	77	0
61	71	0
13	70	0
38	90	0
32	82	0
39	28	0
40	33	0
91	55	0
60	37	0
15	70	0
73	77	0
5	23	0
61	93	0
30	28	0
66	18	0
69	89	0
70	3	0
88	58	0
77	43	0
43	24	0
42	43	0
37	37	0
93	80	0
12	21	0
65	20	0
80	5	0
15	51	0
45	77	0
75	74	0
72	9	0
4	63	0
92	39	0
60	96	0
5	17	0
69	5	0
56	62	0
34	72	0
65	49	0
18	37	0
54	39	0
70	91	0
60	52	0
34	25	0
82	69	0
22	40	0
19	80	0
79	84	0
47	17	0
6	82	0
69	13	0
90	28	0
66	36	0
21	54	0
65	16	0
24	24	0
62	47	0
18	93	0
71	51	0
48	2	0
83	55	0
33	30	0
31	77	0
42	4	0
82	38	0
9	6	0
64	98	0
13	90	0
29	35	0
56	61	0
58	33	0
14	86	0
10	39	0
24	46	0
58	2	0
93	40	0
64	25	0
86	93	0
29	67	0
17	26	0
43	23	0
36	28	0
90	8	0
51	60	0
78	75	0
29	48	0
57	94	0
70	61	0
42	84	0
73	7	0
71	46	0
75	14	0
65	13	0
50	23	0
31	31	0
92	5	0
59	23	0
6	77	0
93	3	0
97	82	0
12	95	0
12	25	0
87	66	0
41	51	0
31	1	0
89	82	0
81	61	0
25	99	0
64	32	0
77	39	0
92	57	0
7	23	0
87	79	0
30	75	0
73	78	0
29	96	0
98	63	0
31	51	0
16	80	0
98	79	0
38	28	0
25	31	0
68	68	0
59	96	0
46	71	0
12	9	0
46	78	0
60	60	0
36	64	0
35	72	0
83	23	0
16	89	0
82	50	0
21	73	0
37	66	0
43	72	0
93	32	0
45	32	0
14	45	0
2	23	0
68	38	0
98	74	0
57	20	0
81	93	0
73	96	0
29	32	0
46	19	0
20	57	0
27	73	0
3	23	1
31	31	0
49	72	0
59	88	0
32	29	0
69	85	0
53	32	0
39	7	0
73	33	0
25	77	0
46	17	0
9	56	0
96	83	0
60	97	0
56	55	0
75	6	0
42	63	0
5	27	1
3	24	1
40	47	0
89	60	0
89	0	0
0	68	0
79	7	0
92	88	0
68	16	0
29	0	0
24	65	0
74	72	0
36	84	0
48	80	0
83	23	0
19	76	0
57	22	0
65	80	0
60	91	0
29	91	0
96	11	0
92	15	0
63	15	0
43	91	0
13	97	0
3	88	0
75	62	0
72	64	0
93	66	0
9	50	0
86	46	0
68	65	0
11	14	0
79	66	0
63	72	0
22	48	0
12	66	0
40	27	0
41	41	0
17	63	0
61	50	0
44	50	0
93	42	0
83	34	0
77	6	0
70	35	0
51	92	0
2	24	1
17	16	0
18	55	0
77	53	0
97	81	0
76	71	0
98	78	0
21	43	0
52	72	0
53	35	0
36	63	0
79	49	0
2	37	0
19	70	0
41	24	0
80	71	0
67	95	0
52	64	0
4	24	1
34	71	0
27	10	0
82	67	0
29	74	0
53	37	0
84	82	0
96	86	0
9	98	0
37	52	0
13	74	0
80	79	0
37	47	0
60	63	0
42	80	0
80	68	0
23	32	0
18	63	0
86	76	0
72	59	0
93	52	0
44	82	0
56	79	0
65	36	0
34	22	0
85	27	0
45	26	0
87	4	0
17	84	0
18	28	0
2	11	0
36	96	0
91	68	0
24	36	0
93	54	0
17	98	0
17	74	0
26	1	0
99	92	0
24	22	0
8	81	0
69	95	0
43	67	0
82	70	0
22	80	0
83	28	0
19	25	0
36	79	0
28	70	0
29	25	0
24	32	0
25	38	0
99	63	0
83	13	0
52	17	0
72	7	0
90	48	0
40	12	0
52	30	0
89	31	0
8	47	0
43	88	0
9	51	0
15	85	0
79	58	0
51	97	0
55	48	0
73	85	0
43	23	0
92	76	0
40	68	0
95	50	0
8	70	0
58	47	0
25	66	0
72	34	0
9	30	0
59	38	0
88	75	0
83	82	0
85	91	0
25	81	0
17	41	0
46	43	0
41	65	0
36	33	0
23	12	0
39	58	0
10	54	0
61	1	0
73	79	0
82	55	0
90	11	0
15	45	0
7	3	0
84	89	0
12	79	0
53	27	0
57	38	0
77	18	0
16	0	0
56	12	0
13	45	0
0	36	0
50	15	0
50	2	0
1	26	0
33	77	0
61	22	0
34	97	0
80	7	0
36	44	0
60	64	0
68	11	0
93	61	0
62	65	0
46	66	0
43	96	0
83	96	0
22	14	0
91	58	0
15	59	0
86	77	0
58	80	0
13	34	0
22	57	0
98	44	0
28	77	0
93	97	0
65	81	0
47	4	0
37	56	0
84	53	0
38	85	0
72	40	0
87	70	0
67	31	0
13	65	0
15	60	0
88	90	0
71	33	0
61	65	0
57	4	0
9	15	0
80	63	0
32	24	0
15	65	0
37	57	0
56	49	0
35	6	0
58	33	0
7	78	0
18	49	0
11	63	0
2	48	0
84	61	0
22	21	0
54	23	0
99	17	0
85	6	0
48	63	0
3	75	0
59	29	0
30	21	0
11	16	0
16	15	0
77	63	0
69	23	0
40	39	0
41	73	0
51	76	0
16	89	0
29	70	0
52	79	0
24	44	0
83	95	0
52	29	0
37	83	0
22	13	0
55	11	0
9	44	0
60	48	0
70	13	0
31	77	0
84	66	0
67	54	0
48	49	0
46	12	0
5	77	0
80	69	0
67	53	0
50	41	0
74	68	0
70	77	0
74	41	0
63	8	0
96	75	0
84	10	0
0	78	0
69	62	0
2	31	0
2	27	0
26	1	0
47	31	0
0	10	0
7	44	0
24	73	0
32	96	0
36	53	0
98	31	0
3	48	0
59	91	0
28	84	0
5	24	1
98	61	0
37	66	0
12	21	0
89	46	0
26	1	0
62	21	0
61	3	0
14	5	0
24	80	0
41	57	0
83	77	0
67	44	0
14	4	0
35	31	0
49	7	0
4	30	0
2	71	0
73	5	0
37	65	0
52	42	0
71	93	0
15	40	0
16	97	0
91	49	0
25	22	0
89	79	0
55	63	0
68	34	0
49	33	0
93	19	0
88	62	0
21	59	0
18	93	0
29	47	0
0	87	0
5	98	0
84	15	0
40	51	0
2	94	0
51	2	0
66	10	0
46	47	0
26	19	0
64	39	0
40	27	0
10	79	0
27	33	0
55	5	0
9	45	0
95	48	0
98	12	0
49	56	0
34	1	0
39	21	0
18	95	0
59	79	0
24	67	0
8	9	0
45	21	0
9	80	0
1	75	0
68	46	0
77	44	0
55	36	0
11	76	0
26	31	0
85	74	0
67	30	0
49	80	0
61	94	0
26	15	0
7	87	0
64	17	0
60	80	0
37	43	0
95	72	0
35	74	0
99	19	0
86	19	0
99	23	0
82	88	0
45	55	0
25	75	0
74	16	0
41	6	0
65	80	0
61	74	0
16	47	0
68	55	0
64	82	0
78	22	0
92	48	0
6	66	0
58	42	0
22	28	0
93	31	0
68	38	0
68	16	0
94	95	0
73	78	0
52	71	0
75	36	0
61	69	0
15	94	0
32	8	0
2	91	0
17	78	0
55	61	0
64	95	0
80	17	0
90	94	0
79	1	0
12	3	0
87	76	0
66	11	0
95	27	0
79	70	0
55	40	0
14	57	0
61	85	0
65	70	0
2	47	0
9	44	0
45	94	0
4	82	0
56	5	0
45	47	0
11	67	0
38	29	0
18	31	0
13	44	0
98	49	0
53	38	0
4	48	0
25	93	0
88	67	0
2	14	0
87	97	0
28	81	0
62	47	0
40	62	0
98	41	0
63	41	0
0	6	0
12	8	0
3	49	0
14	51	0
99	81	0
76	49	0
98	70	0
12	55	0
78	60	0
20	78	0
2	1	0
74	76	0
3	19	0
26	66	0
33	4	0
28	29	0
9	72	0
43	91	0
0	8	0
65	47	0
53	63	0
77	63	0
83	81	0
39	90	0
36	23	0
7	64	0
1	14	0
39	68	0
46	50	0
63	55	0
79	16	0
