91	62	0
40	7	0
29	33	0
63	99	0
17	10	0
99	40	0
93	87	0
40	10	0
61	79	0
52	22	0
83	45	0
0	78	0
17	0	0
22	72	0
98	23	0
79	74	0
57	32	0
18	56	0
89	58	0
99	11	0
51	90	0
59	69	0
80	89	0
57	4	0
34	80	0
54	11	0
82	74	0
65	84	0
90	82	0
0	27	0
48	17	0
38	22	0
92	27	0
27	53	0
85	63	0
3	92	0
40	99	0
89	30	0
74	87	0
46	2	0
22	72	0
92	60	0
92	68	0
56	66	0
94	46	0
4	81	0
61	5	0
98	67	0
12	70	0
65	8	0
14	78	0
59	96	0
34	75	0
96	73	0
51	32	0
28	24	0
95	79	0
98	99	0
92	4	0
14	96	0
98	18	0
35	10	0
73	75	0
40	4	0
15	96	0
86	9	0
40	86	0
68	92	0
44	65	0
0	34	0
70	90	0
8	58	0
93	30	0
32	41	1
33	85	0
55	93	0
62	29	0
33	95	0
58	95	0
3	22	0
98	4	0
95	15	0
45	61	0
82	42	0
83	56	0
47	11	0
39	5	0
71	46	0
12	94	0
56	4	0
54	88	0
39	0	0
46	36	0
80	41	0
35	65	0
72	51	0
9	60	0
75	83	0
4	79	0
29	99	0
93	59	0
64	14	0
39	66	0
36	70	0
65	3	0
74	52	0
0	60	0
28	2	0
12	37	0
41	36	0
68	86	0
48	45	0
14	97	0
82	7	0
50	78	0
77	80	0
96	1	0
69	80	0
50	69	0
38	9	0
54	96	0
99	68	0
69	61	0
27	99	0
62	38	0
34	14	0
21	42	0
79	6	0
7	58	0
92	58	0
97	21	0
80	40	0
39	52	0
51	14	0
81	67	0
18	12	0
31	15	0
92	57	0
40	34	0
63	73	0
67	90	0
47	31	0
43	40	0
56	39	0
14	44	0
30	52	0
24	55	0
82	89	0
45	59	0
29	99	0
72	43	0
75	64	0
54	78	0
92	72	0
21	25	0
55	51	0
13	16	0
26	81	0
34	66	0
87	30	0
44	41	0
78	12	0
42	84	0
51	28	0
48	46	0
74	75	0
25	65	0
50	76	0
38	81	0
35	48	0
39	13	0
56	12	0
36	78	0
20	75	0
78	74	0
91	64	0
30	95	0
92	73	0
27	49	0
19	84	0
55	66	0
39	51	0
19	13	0
7	30	1
77	91	0
85	79	0
54	63	0
66	37	0
3	49	0
58	3	0
80	42	0
61	25	0
78	29	0
20	64	0
10	46	0
45	51	0
78	20	0
41	65	0
88	31	0
33	93	0
28	67	0
35	24	0
84	80	0
39	57	0
35	7	0
20	84	0
57	16	0
99	84	0
59	91	0
94	2	0
5	70	0
25	58	0
96	28	0
47	80	0
40	33	0
55	69	0
52	66	0
48	64	0
19	80	0
25	54	0
65	1	0
3	64	0
62	78	0
93	40	0
40	87	0
80	62	0
63	26	0
52	67	0
26	85	0
36	96	0
52	32	0
75	37	0
84	63	0
68	44	0
69	65	0
5	41	0
50	17	0
7	90	0
61	54	0
67	38	0
70	30	0
56	6	0
10	55	0
85	20	0
39	7	0
67	65	0
57	79	0
69	31	0
99	37	0
97	9	0
1	51	0
94	78	0
18	97	0
89	77	0
31	96	0
62	30	0
66	22	0
19	85	0
77	36	0
36	71	0
37	76	0
44	3	0
35	94	0
81	93	0
68	90	0
83	45	0
92	69	0
17	92	0
43	65	0
64	3	0
68	40	0
33	21	0
40	5	0
50	11	0
50	58	0
78	41	0
33	47	0
37	48	0
36	74	0
74	86	0
83	67	0
60	78	0
82	0	0
86	44	0
68	0	0
18	45	0
69	41	0
70	52	0
70	69	0
17	35	0
37	68	0
60	20	0
18	86	0
28	87	0
26	69	0
85	68	0
46	17	0
37	0	0
31	54	0
76	70	0
61	8	0
74	88	0
13	1	0
52	98	0
6	71	0
38	97	0
45	40	0
2	54	0
80	26	0
77	6	0
56	14	0
87	14	0
37	58	0
6	56	0
71	22	0
89	64	0
15	12	0
2	64	0
28	96	0
2	93	0
47	99	0
55	73	0
53	40	0
63	10	0
45	86	0
44	63	0
79	99	0
32	32	0
12	52	0
27	46	0
63	57	0
70	80	0
27	24	0
77	28	0
37	3	0
53	2	0
62	17	0
37	42	0
74	68	0
79	10	0
13	43	0
47	16	0
54	54	0
42	37	0
34	46	0
88	77	0
78	57	0
12	47	0
55	35	0
99	9	0
58	10	0
54	29	0
48	41	0
41	33	0
6	80	0
56	80	0
22	76	0
17	96	0
28	97	0
56	12	0
40	37	0
98	45	0
83	55	0
1	69	0
79	73	0
67	70	0
78	29	0
84	87	0
86	7	0
77	56	0
82	65	0
35	20	0
62	46	0
29	51	0
91	76	0
73	13	0
97	21	0
27	50	0
40	95	0
70	63	0
84	13	0
16	74	0
89	24	0
51	99	0
82	23	0
74	39	0
45	50	0
55	40	0
31	38	1
33	52	0
60	83	0
81	23	0
38	21	0
74	78	0
31	67	0
13	97	0
90	97	0
40	38	0
0	88	0
57	34	0
93	18	0
83	39	0
13	62	0
63	47	0
43	28	0
50	43	0
11	97	0
84	21	0
53	4	0
86	40	0
50	44	0
28	85	0
22	4	0
57	59	0
56	91	0
10	50	0
43	75	0
36	78	0
53	35	0
20	84	0
6	46	0
23	41	1
61	9	0
83	32	0
92	4	0
84	86	0
22	70	0
26	30	1
46	25	0
85	2	0
78	59	0
77	93	0
7	45	0
64	93	0
94	59	0
32	86	0
71	4	0
57	51	0
62	25	0
74	12	0
46	28	0
39	14	0
95	1	0
87	31	0
9	84	0
84	15	0
93	98	0
21	90	0
95	61	0
48	51	0
8	27	0
79	96	0
64	49	0
0	98	0
69	41	0
74	35	0
78	49	0
88	69	0
22	73	0
85	63	0
35	85	0
95	83	0
31	86	0
93	83	0
39	28	0
56	67	0
64	96	0
47	64	0
73	94	0
70	46	0
32	64	0
34	67	0
86	4	0
9	87	0
93	50	0
18	83	0
49	71	0
46	80	0
90	44	0
37	51	0
50	27	0
79	60	0
64	8	0
87	88	0
65	91	0
48	45	0
47	8	0
37	40	0
55	84	0
35	24	0
44	62	0
81	71	0
37	18	0
98	96	0
57	11	0
9	10	0
51	26	0
17	80	0
39	0	0
13	65	0
90	90	0
61	84	0
60	51	0
59	4	0
43	69	0
43	53	0
97	55	0
88	4	0
6	71	0
74	3	0
55	73	0
64	29	0
37	17	0
36	66	0
85	83	0
27	78	0
40	84	0
79	29	0
18	47	0
65	33	0
40	67	0
62	86	0
32	99	0
88	10	0
95	33	0
71	16	0
25	79	0
28	99	0
28	82	0
76	44	0
81	81	0
81	88	0
8	40	0
74	43	0
73	75	0
76	66	0
64	80	0
16	84	0
14	65	0
40	28	0
39	15	0
2	41	0
48	54	0
25	46	0
79	33	0
83	40	0
75	4	0
72	49	0
51	65	0
20	59	0
52	28	0
89	77	0
50	91	0
78	63	0
33	60	0
35	87	0
79	54	0
29	51	0
79	30	0
22	49	0
31	13	0
86	55	0
73	95	0
56	57	0
8	59	0
51	5	0
64	57	0
34	87	0
37	29	0
78	91	0
94	63	0
13	86	0
66	45	0
7	66	0
78	58	0
35	60	0
48	59	0
37	79	0
61	65	0
6	54	0
71	60	0
68	50	0
76	47	0
25	75	0
65	84	0
55	7	0
96	20	0
54	34	0
97	10	0
9	76	0
34	41	0
34	69	0
83	67	0
27	57	0
77	74	0
19	95	0
15	86	0
91	86	0
46	29	0
0	67	0
72	99	0
49	66	0
87	60	0
25	95	0
94	35	0
19	9	0
34	79	0
21	83	0
29	8	0
13	44	0
11	26	0
78	68	0
97	19	0
54	15	0
72	31	0
90	26	0
31	7	0
30	64	0
98	34	0
4	61	0
48	93	0
1	55	0
24	82	0
70	49	0
53	94	0
77	46	0
66	85	0
31	42	1
69	60	0
42	55	0
73	62	0
0	75	0
58	34	0
27	83	0
85	44	0
74	26	0
91	75	0
89	94	0
87	84	0
50	74	0
69	39	0
51	66	0
39	20	0
30	9	0
36	75	0
3	42	0
66	10	0
61	82	0
84	82	0
85	5	0
13	46	0
58	82	0
22	93	0
63	4	0
55	40	0
59	24	0
45	22	0
48	19	0
83	10	0
41	99	0
66	21	0
30	98	0
95	17	0
24	47	0
45	63	0
73	27	0
78	94	0
69	69	0
43	65	0
57	95	0
71	66	0
88	49	0
9	59	0
86	85	0
81	98	0
15	66	0
94	46	0
27	69	0
99	83	0
49	96	0
38	15	0
71	68	0
91	58	0
56	81	0
71	65	0
91	66	0
66	36	0
19	56	0
5	61	0
61	75	0
70	37	0
53	47	0
47	2	0
31	22	0
98	75	0
16	59	0
32	46	0
61	23	0
47	5	0
57	25	0
20	99	0
16	58	0
12	81	0
69	51	0
86	25	0
90	35	0
93	1	0
62	90	0
10	51	0
57	29	0
54	51	0
49	83	0
95	14	0
60	57	0
41	92	0
19	90	0
41	65	0
26	90	0
34	15	0
73	75	0
50	26	0
34	80	0
54	41	0
8	44	0
71	60	0
66	14	0
26	86	0
97	48	0
20	40	1
24	57	0
22	20	0
6	68	0
79	62	0
72	61	0
41	52	0
81	60	0
91	70	0
64	39	0
61	22	0
81	66	0
78	23	0
7	50	0
75	88	0
28	34	1
58	32	0
14	64	0
1	84	0
35	95	0
36	52	0
91	27	0
4	45	0
59	90	0
4	89	0
84	54	0
47	36	0
85	31	0
11	15	0
45	36	0
74	4	0
25	84	0
50	49	0
99	64	0
87	36	0
5	1	0
3	43	0
51	20	0
7	57	0
83	7	0
52	72	0
34	27	0
88	94	0
8	18	0
31	96	0
93	51	0
36	10	0
89	99	0
50	56	0
58	59	0
35	36	0
92	31	0
93	84	0
8	61	0
4	74	0
18	46	0
24	79	0
18	94	0
61	25	0
34	59	0
11	90	0
39	22	0
67	18	0
37	65	0
58	47	0
51	15	0
36	72	0
30	33	0
92	18	0
6	34	0
81	52	0
94	21	0
52	46	0
37	20	0
52	6	0
21	92	0
44	66	0
45	62	0
32	13	0
23	88	0
10	87	0
66	46	0
94	36	0
29	28	0
30	69	0
85	94	0
49	25	0
68	76	0
55	84	0
8	82	0
76	37	0
49	60	0
18	38	0
91	77	0
53	57	0
94	17	0
77	14	0
85	24	0
68	96	0
54	60	0
37	51	0
62	25	0
46	6	0
56	89	0
56	73	0
15	60	0
79	39	0
49	95	0
90	31	0
87	57	0
31	81	0
39	57	0
81	33	0
43	53	0
87	4	0
99	99	0
75	74	0
48	82	0
76	38	0
70	89	0
12	78	0
45	6	0
10	93	0
11	63	0
45	68	0
73	79	0
64	15	0
96	92	0
92	10	0
93	94	0
63	8	0
84	28	0
72	60	0
53	35	0
12	87	0
57	93	0
65	83	0
28	48	0
8	32	0
25	89	0
11	66	0
41	13	0
41	44	0
20	60	0
34	40	0
1	45	0
91	57	0
42	23	0
12	62	0
30	82	0
62	87	0
90	51	0
1	78	0
65	40	0
30	62	0
78	51	0
63	28	0
9	56	0
20	47	0
83	49	0
64	49	0
83	55	0
0	67	0
64	53	0
6	78	0
4	5	0
88	69	0
12	61	0
32	2	0
32	23	0
11	98	0
23	78	0
91	41	0
70	70	0
83	61	0
76	82	0
50	63	0
61	42	0
9	74	0
43	70	0
32	54	0
70	53	0
85	11	0
