92	69	0
47	23	0
46	21	0
43	98	0
9	19	0
93	34	0
94	83	0
41	20	0
68	77	0
35	35	0
86	39	0
4	82	0
13	13	0
25	58	0
98	26	0
91	70	0
62	31	0
23	48	0
96	63	0
92	2	0
46	80	0
63	74	0
75	90	0
63	1	0
42	84	0
63	0	0
78	80	0
67	88	0
97	67	0
4	34	0
46	38	0
43	23	0
90	35	0
46	44	0
87	60	0
17	94	0
56	91	0
97	28	0
78	96	0
51	0	0
20	52	0
80	53	0
87	64	0
54	76	0
95	45	0
16	85	0
23	44	0
62	13	0
86	65	0
14	65	0
62	7	0
24	81	0
53	92	0
36	70	0
97	59	0
43	30	0
39	36	0
81	71	0
93	94	0
81	19	0
7	93	0
90	12	0
46	1	0
77	72	0
41	13	0
14	84	0
80	9	0
42	78	0
80	88	0
55	64	0
8	26	0
78	88	0
27	39	0
19	54	0
83	36	0
12	38	0
41	76	0
40	87	0
68	17	0
39	94	0
58	91	0
1	5	1
7	16	0
99	15	0
95	26	0
36	51	0
82	43	0
23	23	0
80	56	0
29	42	0
38	14	0
43	8	0
74	34	0
14	88	0
66	12	0
53	78	0
42	9	0
50	24	0
91	46	0
33	69	0
78	54	0
15	57	0
74	91	0
11	75	0
41	87	0
86	46	0
59	0	0
48	69	0
16	62	0
58	2	0
61	53	0
14	62	0
46	0	0
37	53	0
38	36	0
90	90	0
49	44	0
3	6	1
25	94	0
75	6	0
63	65	0
21	29	1
82	78	0
98	9	0
63	66	0
54	77	0
29	13	0
55	96	0
86	80	0
76	57	0
34	99	0
66	26	0
42	21	0
15	37	0
84	6	0
6	75	0
97	69	0
96	22	0
88	32	0
35	53	0
59	17	0
86	81	0
9	16	0
42	13	0
87	62	0
34	35	0
75	82	0
83	91	0
48	12	0
44	32	0
56	53	0
4	46	0
22	63	0
13	61	0
79	76	0
40	53	0
44	93	0
80	54	0
71	76	0
49	86	0
22	41	0
92	63	0
3	29	0
42	51	0
22	20	0
28	76	0
38	81	0
89	31	0
34	35	0
84	18	0
40	85	0
61	29	0
49	43	0
80	81	0
30	51	0
65	84	0
37	86	0
33	48	0
36	19	0
62	10	0
32	75	0
22	75	0
76	83	0
92	60	0
9	86	0
26	31	0
97	66	0
28	53	0
32	91	0
58	86	0
36	54	0
28	14	0
20	38	0
67	86	0
80	95	0
58	87	0
75	27	0
4	70	0
56	5	0
77	21	0
67	27	0
67	27	0
22	59	0
0	65	0
50	56	0
74	29	0
35	71	0
97	28	0
40	95	0
27	66	0
36	15	0
78	68	0
36	54	0
33	3	0
8	95	0
64	16	0
95	88	0
80	92	0
93	16	0
5	79	0
11	72	0
92	43	0
55	71	0
43	47	0
54	60	0
58	71	0
48	62	0
13	77	0
33	52	0
70	8	0
0	65	0
66	90	0
82	45	0
42	88	0
85	57	0
54	17	0
49	69	0
20	79	0
32	96	0
54	37	0
72	30	0
30	37	0
97	59	0
78	45	0
71	61	0
10	68	0
56	21	0
6	83	0
67	59	0
53	48	0
65	45	0
51	23	0
0	53	0
83	28	0
53	7	0
71	69	0
45	80	0
72	31	0
96	37	0
94	4	0
2	65	0
91	65	0
27	97	0
94	65	0
46	93	0
64	31	0
52	5	0
22	95	0
68	33	0
38	60	0
45	81	0
53	5	0
20	90	0
75	94	0
83	79	0
75	38	0
87	67	0
17	84	0
46	49	0
57	2	0
66	26	0
25	15	0
38	1	0
54	7	0
52	54	0
81	36	0
36	50	0
32	54	0
39	64	0
69	85	0
87	83	0
61	78	0
82	11	0
78	47	0
80	8	0
19	54	0
33	17	0
83	35	0
69	31	0
70	76	0
11	38	0
48	72	0
55	20	0
27	91	0
31	94	0
22	74	0
98	63	0
41	23	0
37	3	0
25	58	0
87	63	0
68	18	0
81	91	0
11	3	0
64	87	0
8	74	0
50	88	0
40	35	0
0	49	0
83	5	0
24	36	0
84	10	0
55	15	0
88	12	0
35	44	0
19	49	0
80	29	0
88	56	0
1	25	0
29	36	0
5	64	0
37	91	0
16	86	0
1	9	1
40	88	0
60	78	0
49	45	0
70	19	0
44	95	0
41	65	0
92	97	0
36	28	0
16	45	0
24	45	0
55	77	0
78	86	0
40	25	0
87	8	0
28	4	0
62	2	0
60	11	0
23	44	0
78	66	0
72	5	0
16	36	0
44	16	0
51	43	0
44	47	0
21	57	0
90	83	0
76	49	0
12	53	0
57	34	0
91	10	0
57	10	0
63	21	0
53	37	0
24	31	0
7	71	0
68	73	0
15	77	0
30	92	0
21	99	0
52	23	0
41	39	0
93	52	0
78	45	0
9	81	0
83	79	0
66	79	0
79	32	0
66	99	0
78	0	0
81	54	0
75	58	0
34	15	0
40	43	0
35	44	0
86	83	0
1	3	1
69	21	0
88	2	0
18	38	0
41	89	0
68	74	0
83	10	0
3	55	0
98	32	0
44	95	0
78	22	0
64	52	0
44	56	0
49	41	0
27	37	0
44	40	0
73	77	0
84	37	0
44	25	0
72	66	0
26	58	0
14	97	0
89	90	0
31	35	0
0	79	0
68	32	0
97	11	0
81	46	0
8	59	0
64	45	0
39	32	0
45	44	0
3	94	0
70	18	0
52	8	0
91	50	0
51	20	0
27	77	0
22	5	0
68	55	0
64	99	0
3	70	0
46	63	0
42	73	0
52	24	0
26	97	0
14	42	0
27	40	0
62	16	0
84	27	0
93	21	0
84	91	0
21	58	0
32	24	0
32	30	0
84	21	0
61	60	0
75	92	0
20	43	0
69	99	0
93	68	0
38	78	0
65	11	0
65	46	0
77	24	0
74	9	0
48	22	0
41	29	0
91	2	0
84	31	0
2	72	0
83	11	0
94	98	0
1	98	0
91	54	0
51	49	0
18	18	0
97	90	0
62	56	0
12	97	0
61	24	0
81	35	0
80	58	0
83	63	0
27	71	0
79	71	0
39	98	0
82	77	0
13	29	0
40	98	0
93	80	0
36	36	0
30	36	0
55	74	0
58	96	0
44	70	0
61	97	0
57	51	0
34	62	0
27	67	0
86	17	0
16	97	0
89	42	0
28	94	0
49	67	0
42	84	0
87	35	0
34	44	0
23	46	0
51	21	0
90	63	0
68	13	0
92	98	0
69	99	0
43	53	0
61	5	0
31	46	0
40	92	0
35	23	0
46	64	0
66	74	0
28	20	0
88	98	0
42	22	0
23	18	0
64	37	0
18	78	0
35	12	0
7	58	0
89	85	0
56	89	0
59	42	0
78	6	0
42	72	0
45	49	0
97	56	0
89	3	0
7	67	0
78	5	0
67	73	0
78	32	0
38	8	0
33	69	0
87	80	0
32	67	0
49	83	0
79	22	0
16	64	0
73	24	0
41	63	0
68	97	0
34	92	0
84	8	0
92	26	0
68	21	0
31	83	0
16	83	0
12	88	0
68	42	0
70	70	0
68	80	0
11	40	0
75	34	0
64	65	0
83	74	0
52	63	0
18	60	0
24	63	0
41	22	0
46	21	0
2	36	0
44	65	0
38	43	0
84	32	0
72	31	0
73	0	0
78	46	0
56	70	0
24	54	0
58	26	0
92	75	0
60	86	0
88	70	0
16	54	0
55	74	0
70	43	0
32	54	0
75	30	0
19	55	0
38	19	0
77	52	0
90	96	0
57	57	0
12	63	0
48	2	0
53	61	0
32	87	0
38	34	0
86	85	0
93	73	0
16	95	0
65	69	0
7	71	0
79	55	0
33	47	0
48	63	0
27	75	0
59	71	0
15	29	1
9	61	0
90	80	0
75	52	0
98	49	0
21	56	0
58	88	0
54	28	0
99	27	0
43	42	0
97	13	0
20	87	0
32	29	0
40	74	0
88	56	0
20	44	0
86	61	0
11	98	0
16	76	0
95	86	0
42	31	0
0	70	0
77	89	0
51	59	0
81	69	0
17	91	0
98	36	0
31	2	0
33	89	0
36	76	0
40	20	0
24	35	0
6	18	0
83	70	0
97	8	0
62	8	0
70	18	0
97	47	0
35	8	0
25	53	0
98	46	0
8	54	0
57	80	0
3	60	0
26	78	0
69	59	0
49	92	0
75	49	0
70	84	0
35	38	0
71	61	0
41	55	0
81	52	0
19	78	0
51	32	0
27	77	0
81	36	0
59	36	0
97	72	0
94	97	0
86	77	0
43	69	0
14	28	0
55	40	0
52	75	0
29	21	0
24	9	0
35	72	0
17	36	0
62	2	0
69	80	0
71	73	0
91	11	0
6	44	0
63	84	0
9	88	0
58	7	0
68	50	0
66	23	0
37	21	0
30	40	0
37	20	0
74	6	0
41	86	0
57	28	0
32	82	0
82	8	0
31	45	0
43	62	0
76	17	0
85	69	0
63	72	0
34	64	0
48	90	0
75	83	0
84	46	0
21	69	0
75	77	0
69	95	0
23	35	0
18	50	0
98	38	0
28	86	0
96	83	0
72	87	0
50	1	0
60	67	0
91	59	0
65	87	0
83	48	0
91	77	0
84	34	0
10	56	0
4	61	0
68	87	0
73	42	0
53	60	0
58	10	0
32	17	0
84	71	0
22	29	1
12	60	0
39	53	0
53	36	0
38	21	0
51	28	0
16	83	0
31	33	0
9	64	0
15	79	0
67	49	0
19	24	0
68	11	0
91	32	0
78	2	0
56	79	0
5	54	0
60	29	0
52	39	0
53	83	0
91	10	0
31	38	0
57	62	0
49	79	0
13	99	0
37	66	0
38	82	0
29	20	0
75	78	0
42	44	0
40	83	0
62	31	0
10	44	0
63	65	0
63	26	0
31	77	0
74	38	0
44	41	0
45	43	0
32	12	0
5	65	0
74	67	0
78	65	0
41	48	0
84	59	0
80	72	0
68	25	0
59	10	0
78	83	0
83	17	0
3	64	0
78	80	0
39	21	0
70	34	0
23	64	0
13	93	0
36	99	0
29	58	0
96	27	0
18	52	0
55	98	0
12	81	0
97	70	0
55	62	0
86	35	0
21	7	0
49	26	0
64	2	0
6	81	0
55	57	0
85	66	0
73	41	0
14	2	0
20	45	0
70	16	0
14	83	0
84	0	0
46	69	0
35	26	0
82	94	0
7	21	0
23	92	0
99	52	0
32	12	0
88	81	0
56	58	0
72	59	0
43	27	0
90	29	0
94	75	0
8	63	0
1	79	0
16	53	0
5	87	0
7	91	0
79	24	0
39	45	0
4	94	0
47	1	0
70	5	0
39	58	0
71	52	0
46	21	0
31	61	0
25	30	0
84	19	0
11	37	0
88	66	0
92	10	0
59	49	0
24	22	0
53	11	0
15	95	0
51	68	0
40	61	0
42	11	0
7	94	0
2	94	0
67	51	0
91	35	0
37	28	0
32	78	0
99	92	0
52	28	0
59	75	0
69	89	0
1	76	0
71	26	0
54	59	0
15	36	0
95	71	0
44	69	0
98	13	0
82	10	0
84	20	0
76	93	0
44	62	0
35	74	0
81	26	0
38	13	0
71	95	0
66	75	0
23	51	0
70	44	0
68	92	0
77	9	0
93	49	0
26	74	0
58	54	0
27	27	0
83	22	0
31	51	0
63	4	0
90	94	0
74	62	0
56	73	0
80	35	0
78	76	0
9	89	0
38	4	0
13	99	0
3	63	0
67	69	0
74	90	0
74	8	0
88	97	0
84	13	0
80	84	0
64	9	0
78	37	0
77	42	0
56	34	0
16	82	0
59	92	0
55	76	0
20	53	0
11	38	0
31	95	0
7	63	0
41	4	0
33	51	0
17	63	0
40	35	0
7	43	0
90	57	0
52	25	0
6	54	0
25	83	0
80	80	0
2	0	0
93	71	0
14	67	0
57	47	0
32	66	0
90	47	0
57	36	0
1	9	1
0	47	0
24	59	0
93	58	0
74	52	0
94	60	0
0	63	0
78	64	0
2	79	0
6	21	0
95	60	0
22	62	0
44	9	0
40	32	0
8	85	0
28	83	0
79	45	0
68	68	0
69	56	0
77	80	0
42	76	0
46	23	0
3	67	0
45	63	0
37	44	0
63	54	0
84	18	0
