96	64	0
52	18	0
38	20	0
43	90	0
1	44	0
91	29	0
93	77	0
9	2	0
43	14	0
69	94	0
43	36	0
78	42	0
5	89	0
23	1	0
16	62	0
97	4	0
91	80	0
70	30	0
31	63	0
98	66	0
97	1	0
43	71	0
74	79	0
79	82	0
71	1	0
26	89	0
56	13	0
79	79	0
69	91	0
94	51	0
0	38	0
24	30	0
44	25	0
80	18	0
38	50	0
90	74	0
7	94	0
68	71	0
89	13	0
83	97	0
42	13	0
26	57	0
68	55	0
98	57	0
59	84	0
97	52	0
16	97	0
37	43	0
60	14	0
89	41	0
22	64	0
58	8	0
36	85	0
53	90	0
25	67	0
97	69	0
55	20	0
39	60	0
86	72	0
99	96	0
82	13	0
22	95	0
86	0	0
52	15	0
91	66	0
42	35	0
12	87	0
86	7	0
33	82	0
85	79	0
57	51	0
21	32	0
93	76	0
23	41	0
26	50	0
92	35	0
20	17	0
17	37	0
40	83	0
64	94	0
70	24	0
41	96	0
65	99	0
5	9	0
20	28	0
93	14	0
96	16	0
43	57	0
82	41	0
19	28	0
75	51	0
46	51	0
30	10	0
32	5	0
71	48	0
25	80	0
57	2	0
49	81	0
41	1	0
36	28	0
85	45	0
50	61	0
63	48	0
23	76	0
66	77	0
7	76	0
48	84	0
85	48	0
66	14	0
52	78	0
3	53	0
60	7	0
53	70	0
10	72	0
44	0	0
23	53	0
18	33	0
91	79	0
9	32	1
47	33	0
0	2	0
35	96	0
89	4	0
66	66	0
20	39	0
76	81	0
96	19	0
65	65	0
57	86	0
35	19	0
60	99	0
23	19	0
67	84	0
65	50	0
32	96	0
78	29	0
40	38	0
19	25	0
75	5	0
8	9	1
4	77	0
14	14	1
98	74	0
89	8	0
85	40	0
46	58	0
62	7	0
78	96	0
6	3	0
37	17	0
13	12	1
83	79	0
35	37	0
89	71	0
85	86	0
57	27	0
51	35	0
73	54	0
4	50	0
27	78	0
15	59	0
83	80	0
54	60	0
37	95	0
87	50	0
73	72	0
59	84	0
20	41	0
91	78	0
4	46	0
32	38	0
25	22	0
25	72	0
32	76	0
98	25	0
46	34	0
76	10	0
41	80	0
69	22	0
59	30	0
80	74	0
17	48	0
65	61	0
32	98	0
31	63	0
34	5	0
68	21	0
25	98	0
8	85	0
70	83	0
82	51	0
24	86	0
24	36	0
81	73	0
24	50	0
33	75	0
35	94	0
53	36	0
35	2	0
17	41	0
79	93	0
92	88	0
59	94	0
71	17	0
9	61	0
62	3	0
58	21	0
63	27	0
84	23	0
28	58	0
6	72	0
53	65	0
66	37	0
32	71	0
87	23	0
61	86	0
28	73	0
23	16	0
83	76	0
37	74	0
43	3	0
1	86	0
83	18	0
98	71	0
78	88	0
85	21	0
4	80	0
22	83	0
99	52	0
58	70	0
34	47	0
43	75	0
60	67	0
54	52	0
9	81	0
34	64	0
64	10	0
7	57	0
63	99	0
67	40	0
31	86	0
95	66	0
42	9	0
39	62	0
3	75	0
38	88	0
58	32	0
73	18	0
13	39	0
90	59	0
66	46	0
81	47	0
13	90	0
59	10	0
21	82	0
59	72	0
61	55	0
66	62	0
55	0	0
27	10	0
6	59	0
74	47	0
49	9	0
64	59	0
46	83	0
60	52	0
90	30	0
98	13	0
8	65	0
82	67	0
21	92	0
15	19	1
92	56	0
39	94	0
55	37	0
45	1	0
11	97	0
77	34	0
40	59	0
35	77	0
49	0	0
19	85	0
80	78	0
85	84	0
55	31	0
89	73	0
13	87	0
38	47	0
67	6	0
62	22	0
29	27	0
51	1	0
60	9	0
54	41	0
65	35	0
27	50	0
21	47	0
55	52	0
66	73	0
83	79	0
51	94	0
76	11	0
99	58	0
73	8	0
12	54	0
23	12	0
91	37	0
51	31	0
73	77	0
9	44	0
52	63	0
62	27	0
29	94	0
30	89	0
37	73	0
90	48	0
46	26	0
48	0	0
25	46	0
89	55	0
72	10	0
66	95	0
19	4	0
71	94	0
12	78	0
45	82	0
31	28	0
0	55	0
14	13	1
86	11	0
22	34	0
76	14	0
41	9	0
9	3	0
86	14	0
28	59	0
18	43	0
88	29	0
94	51	0
12	32	0
23	35	0
4	56	0
39	92	0
14	70	0
1	8	0
42	95	0
51	64	0
40	23	0
9	17	1
52	31	0
46	86	0
38	67	0
94	94	0
33	28	0
17	52	0
36	43	0
56	65	0
75	97	0
44	10	0
74	1	0
30	9	0
41	8	0
54	3	0
21	53	0
77	59	0
63	0	0
25	46	0
60	5	0
54	56	0
51	54	0
37	60	0
77	78	0
66	54	0
17	71	0
52	33	0
25	15	0
98	8	0
45	1	0
62	21	0
57	30	0
17	41	0
10	76	0
62	75	0
13	78	0
37	96	0
22	85	0
43	24	0
36	39	0
85	66	0
56	40	0
6	71	0
73	79	0
62	84	0
27	31	0
70	18	0
70	91	0
66	5	0
98	62	0
76	43	0
39	19	0
37	44	0
38	42	0
91	77	0
16	24	0
74	20	0
87	4	0
14	53	0
32	90	0
74	76	0
79	3	0
0	67	0
92	41	0
55	93	0
12	13	0
70	4	0
60	54	0
36	55	0
63	49	0
26	38	0
51	36	0
77	78	0
69	51	0
39	32	0
69	71	0
23	50	0
27	86	0
79	91	0
43	16	0
2	77	0
71	22	0
81	20	0
71	46	0
17	62	0
64	21	0
20	30	0
56	40	0
10	97	0
65	46	0
57	16	0
90	49	0
45	23	0
28	76	0
45	0	0
81	35	0
6	4	0
63	92	0
3	95	0
32	36	0
53	78	0
52	24	0
14	99	0
12	47	0
14	37	0
56	15	0
98	33	0
78	22	0
91	98	0
32	60	0
19	20	0
41	17	0
37	26	0
87	12	0
53	63	0
78	81	0
30	33	0
64	96	0
76	64	0
40	73	0
76	1	0
71	43	0
84	12	0
66	23	0
40	22	0
36	35	0
99	0	0
59	22	0
6	70	0
96	12	0
96	88	0
7	90	0
89	67	0
45	43	0
33	1	0
92	81	0
83	59	0
24	98	0
65	24	0
74	40	0
91	63	0
10	18	1
81	69	0
34	78	0
77	78	0
29	93	0
92	73	0
34	47	0
28	89	0
98	89	0
29	32	0
29	39	0
72	73	0
64	99	0
53	71	0
14	10	1
51	82	0
66	61	0
38	56	0
36	68	0
89	21	0
15	89	0
86	49	0
23	78	0
37	57	0
43	84	0
85	30	0
27	32	0
19	51	0
5	20	1
62	40	0
99	68	0
60	24	0
78	92	0
69	94	0
33	37	0
57	18	0
28	46	0
19	75	0
38	32	0
57	70	0
68	92	0
29	25	0
73	84	0
49	34	0
35	11	0
65	36	0
25	76	0
45	9	0
9	56	0
97	82	0
58	99	0
49	48	0
78	11	0
42	66	0
48	52	0
93	58	0
89	0	0
3	68	0
78	4	0
80	79	0
69	28	0
33	1	0
34	73	0
77	77	0
34	82	0
56	79	0
83	16	0
11	74	0
57	12	0
55	71	0
66	98	0
29	88	0
94	9	0
89	19	0
69	7	0
38	89	0
12	89	0
3	88	0
72	58	0
77	61	0
76	65	0
13	43	0
86	49	0
68	55	0
12	16	1
82	73	0
68	60	0
19	47	0
15	71	0
39	27	0
43	37	0
3	53	0
57	57	0
45	42	0
94	40	0
78	32	0
79	0	0
77	31	0
47	86	0
22	13	0
19	55	0
68	40	0
99	86	0
70	75	0
97	74	0
21	47	0
58	66	0
63	53	0
26	58	0
85	38	0
12	29	1
26	63	0
42	26	0
85	60	0
73	96	0
50	55	0
23	62	0
34	6	0
81	69	0
26	76	0
47	24	0
85	84	0
89	79	0
16	86	0
47	59	0
15	76	0
79	74	0
40	54	0
54	63	0
36	81	0
65	68	0
29	29	0
19	66	0
92	76	0
77	55	0
95	62	0
34	82	0
56	75	0
65	30	0
19	24	0
87	27	0
36	33	0
98	3	0
21	86	0
27	28	0
0	20	1
33	94	0
84	65	0
19	41	0
94	61	0
16	95	0
17	70	0
29	4	0
98	89	0
23	28	0
2	85	0
72	93	0
36	64	0
82	69	0
21	80	0
95	23	0
25	21	0
36	85	0
25	73	0
31	15	0
23	40	0
14	34	0
99	69	0
88	11	0
52	10	0
71	10	0
88	43	0
29	6	0
44	32	0
99	37	0
10	59	0
45	89	0
5	48	0
17	81	0
74	58	0
48	97	0
68	50	0
74	82	0
40	27	0
89	71	0
33	65	0
88	46	0
12	78	0
63	40	0
30	72	0
73	33	0
56	39	0
89	85	0
89	89	0
84	92	0
24	87	0
20	40	0
52	55	0
48	62	0
41	30	0
24	12	0
40	68	0
10	44	0
67	1	0
71	84	0
89	55	0
97	14	0
11	49	0
5	2	0
81	99	0
4	87	0
54	15	0
54	39	0
73	12	0
20	1	0
46	13	0
17	38	0
0	29	1
49	15	0
56	5	0
39	83	0
52	22	0
34	93	0
72	0	0
29	43	0
46	61	0
65	14	0
93	62	0
66	75	0
44	65	0
53	99	0
80	87	0
6	12	0
90	55	0
13	65	0
84	68	0
52	87	0
17	35	0
16	62	0
97	47	0
31	83	0
92	94	0
63	87	0
47	12	0
45	55	0
76	56	0
45	92	0
80	52	0
97	73	0
78	23	0
17	64	0
2	65	0
71	92	0
71	40	0
56	66	0
59	7	0
27	17	0
68	73	0
29	39	0
15	65	0
32	46	0
51	44	0
27	12	0
59	27	0
6	89	0
22	41	0
14	61	0
1	64	0
77	57	0
26	22	0
63	14	0
92	21	0
81	1	0
57	68	0
1	66	0
61	27	0
38	36	0
12	13	1
19	19	1
72	70	0
74	16	0
42	42	0
49	71	0
54	85	0
16	95	0
23	64	0
47	91	0
26	40	0
78	86	0
50	39	0
29	82	0
13	15	1
52	23	0
10	48	0
57	53	0
69	18	0
30	73	0
85	57	0
54	47	0
52	46	0
44	20	0
1	69	0
74	61	0
70	51	0
43	35	0
74	58	0
77	74	0
74	43	0
63	12	0
87	76	0
87	22	0
5	76	0
71	73	0
26	7	0
52	31	0
10	0	0
10	53	0
11	83	0
33	89	0
29	52	0
94	30	0
11	49	0
53	98	0
15	85	0
96	68	0
53	67	0
86	38	0
20	0	0
59	21	0
50	8	0
14	3	0
23	87	0
53	63	0
82	75	0
68	47	0
16	5	0
22	34	0
59	11	0
0	76	0
70	0	0
41	73	0
59	28	0
71	96	0
10	38	0
8	90	0
93	55	0
26	21	0
87	72	0
61	57	0
73	37	0
46	29	0
96	30	0
87	68	0
17	62	0
8	92	0
24	51	0
1	91	0
6	94	0
95	24	0
32	50	0
1	97	0
53	14	0
68	0	0
40	47	0
22	22	0
70	47	0
37	20	0
22	83	0
23	35	0
60	11	0
4	41	0
90	49	0
87	3	0
57	51	0
34	3	0
41	22	0
12	94	0
58	78	0
33	64	0
16	8	0
36	19	0
3	82	0
1	75	0
63	54	0
86	44	0
48	35	0
21	77	0
25	33	0
91	86	0
70	27	0
42	82	0
64	94	0
24	17	0
4	90	0
66	16	0
56	73	0
34	37	0
96	70	0
30	72	0
99	24	0
85	18	0
98	19	0
84	85	0
45	55	0
19	83	0
83	14	0
35	1	0
69	81	0
68	72	0
16	41	0
69	45	0
66	82	0
82	18	0
93	46	0
14	67	0
55	47	0
29	28	0
93	25	0
58	45	0
67	12	0
91	90	0
83	70	0
52	66	0
80	35	0
60	69	0
7	93	0
34	3	0
9	96	0
17	77	0
62	64	0
74	95	0
86	10	0
96	91	0
77	3	0
10	9	0
91	73	0
69	14	0
98	36	0
74	57	0
54	41	0
20	64	0
61	93	0
54	72	0
5	41	0
10	44	0
38	92	0
1	73	0
51	8	0
40	49	0
12	66	0
43	37	0
11	22	1
4	41	0
98	49	0
57	28	0
0	45	0
24	87	0
77	63	0
1	3	0
89	82	0
22	79	0
60	45	0
42	55	0
88	48	0
61	42	0
1	11	0
7	10	1
5	51	0
23	59	0
90	76	0
61	47	0
96	70	0
8	56	0
70	59	0
20	75	0
0	10	0
75	78	0
0	15	1
28	70	0
43	5	0
29	23	0
6	73	0
34	91	0
2	0	0
76	38	0
63	63	0
81	64	0
81	81	0
42	87	0
28	22	0
4	65	0
12	10	0
38	67	0
42	49	0
54	50	0
81	15	0
