91	69	0
32	14	0
59	97	0
11	3	0
98	49	0
96	96	0
44	72	0
62	46	0
0	87	0
3	8	0
11	92	0
90	48	0
62	82	0
31	32	0
92	85	0
91	36	0
44	96	0
43	73	0
69	76	0
48	6	0
33	79	1
84	70	0
92	81	0
81	99	0
8	25	0
41	33	1
83	22	0
72	69	0
7	64	1
32	91	0
85	17	0
68	87	0
52	74	0
80	77	0
96	50	0
64	59	1
98	33	0
18	73	0
91	69	0
18	67	0
48	2	0
11	78	0
35	90	0
87	46	0
46	34	1
38	18	0
99	91	0
85	90	0
96	15	0
27	79	0
94	7	0
25	19	0
70	85	0
0	86	0
87	2	0
66	92	0
6	30	0
73	76	0
85	28	0
24	89	0
51	97	0
85	25	0
32	92	0
36	89	0
21	13	0
98	15	0
79	30	0
50	79	0
87	24	0
61	47	0
70	35	0
6	93	0
52	87	0
79	3	0
91	65	0
3	66	1
64	88	0
1	75	0
41	91	0
94	57	0
81	27	0
59	10	0
60	43	0
9	65	1
36	10	0
73	58	0
0	93	0
95	29	0
43	69	0
85	62	0
84	2	0
69	88	0
65	83	0
4	30	0
63	74	0
88	74	0
69	44	0
12	96	0
69	38	0
76	3	1
90	60	0
94	29	0
98	40	0
17	52	0
54	72	1
5	20	0
90	62	0
59	77	0
54	59	0
46	41	1
56	69	0
47	96	0
75	33	0
61	74	0
61	79	0
96	56	0
29	9	0
49	38	1
19	13	0
26	81	0
78	48	0
91	1	0
28	96	0
22	45	0
59	71	0
58	77	0
51	75	0
49	6	0
49	91	0
76	89	0
89	54	0
24	96	0
88	81	0
9	73	0
51	61	0
13	40	0
73	78	0
96	68	0
48	67	0
71	46	0
65	8	1
94	34	0
31	95	0
62	79	0
21	35	0
45	80	0
40	23	0
93	92	0
27	87	0
94	5	0
26	82	1
90	35	0
56	95	0
74	81	0
68	71	0
24	42	0
14	63	0
69	6	1
64	94	0
89	64	0
46	89	0
63	83	0
71	17	0
55	70	1
32	81	0
50	90	0
22	19	0
82	59	0
60	41	0
71	59	0
79	34	0
18	97	0
66	58	0
87	42	0
72	32	0
54	19	0
98	31	0
71	83	0
77	95	0
72	64	0
98	24	0
93	21	0
90	83	0
37	94	0
63	86	0
49	99	0
88	34	0
13	99	0
88	27	0
20	46	0
19	92	0
31	96	0
81	77	0
76	73	0
95	56	0
92	58	0
23	80	1
52	81	0
75	7	0
78	54	0
47	3	0
39	30	0
82	39	0
23	69	1
45	57	1
26	72	0
75	90	0
83	57	0
54	68	1
91	0	0
90	40	0
95	42	0
73	62	0
67	84	0
50	64	0
69	15	0
8	88	0
2	93	0
86	62	0
79	68	0
84	8	0
92	86	0
18	0	0
34	99	0
56	98	0
45	31	1
91	15	0
96	1	0
96	24	0
74	27	0
64	50	0
5	5	0
28	99	0
18	75	0
46	85	0
43	74	0
90	41	0
55	91	0
99	84	0
67	30	0
85	87	0
86	21	0
15	4	0
41	0	0
36	30	0
99	44	0
80	10	0
8	49	0
14	24	0
53	35	1
89	82	0
97	64	0
74	31	0
97	12	0
64	4	0
82	16	0
39	13	0
14	67	1
96	94	0
35	85	0
6	99	0
27	43	0
47	47	1
69	46	0
70	60	0
76	77	0
76	77	0
81	27	0
67	82	0
69	6	1
98	46	0
77	53	0
64	52	0
96	68	0
72	18	0
92	21	0
26	50	0
68	99	0
47	65	1
95	26	0
18	83	0
93	43	0
70	92	0
91	30	0
60	17	0
26	58	1
54	46	0
60	83	0
64	25	1
73	84	0
24	89	0
94	84	0
0	82	0
88	4	0
90	18	0
51	71	0
63	49	1
14	97	0
74	36	0
93	62	0
47	44	1
29	83	0
31	12	0
53	87	0
34	86	0
50	76	0
8	66	1
3	19	0
65	0	1
84	40	0
99	8	0
79	97	0
22	30	0
62	11	1
66	38	0
65	88	0
3	12	0
40	84	0
80	44	0
26	85	0
79	6	0
54	15	1
85	19	0
89	53	0
14	87	0
68	13	0
90	99	0
34	99	0
71	64	0
9	35	0
61	92	0
61	41	0
16	69	0
60	29	0
92	49	0
73	45	0
72	58	0
12	42	0
96	57	0
26	97	0
88	55	0
18	93	0
84	81	0
34	19	0
72	65	0
56	83	0
59	96	0
80	48	0
84	8	0
4	78	0
75	43	0
21	97	0
52	58	1
86	29	0
88	52	0
74	17	0
75	70	0
48	95	0
56	92	0
32	99	0
96	75	0
74	82	0
72	4	1
25	1	0
51	43	1
5	79	0
81	89	0
68	82	0
74	48	0
69	23	0
42	64	1
41	76	0
81	51	0
98	8	0
18	70	0
84	4	0
57	67	0
84	84	0
58	90	0
72	24	0
86	12	0
69	84	0
24	96	0
87	15	0
87	4	0
68	25	0
13	54	0
14	84	0
14	88	0
72	85	0
82	97	0
56	55	1
77	94	0
83	59	0
75	61	0
10	92	0
13	77	0
36	23	0
2	17	0
38	37	0
99	30	0
86	38	0
73	54	0
61	58	1
50	19	0
87	81	0
64	78	0
87	52	0
30	85	0
79	58	0
18	11	0
95	43	0
56	98	0
34	44	0
31	98	0
72	96	0
88	68	0
26	85	0
59	28	1
9	72	0
42	67	0
64	60	0
56	79	0
60	88	0
18	48	0
73	63	0
78	46	0
89	68	0
41	72	0
71	87	0
48	30	1
91	14	0
61	53	1
83	13	0
8	83	0
44	97	0
82	75	0
67	70	0
7	89	0
13	72	0
81	96	0
35	28	0
9	87	0
65	99	0
61	72	0
88	79	0
14	91	0
78	47	0
15	13	0
44	97	0
3	98	0
3	16	0
86	58	0
87	20	0
79	33	0
69	20	0
12	14	0
11	48	0
80	24	0
3	65	1
66	76	0
29	89	0
65	55	0
86	91	0
79	40	0
72	82	0
69	51	0
71	81	0
9	70	0
30	81	1
66	62	0
59	45	0
98	42	0
97	95	0
76	88	0
73	52	0
62	54	0
66	84	0
99	78	0
99	0	0
53	80	0
0	90	0
59	34	0
65	22	0
72	16	0
21	70	0
77	26	0
81	22	0
33	59	1
32	29	0
52	99	0
68	64	0
43	84	0
72	92	0
79	56	0
82	35	0
90	64	0
78	99	0
98	41	0
93	89	0
49	89	0
68	81	0
86	44	0
39	92	0
83	81	0
79	53	0
90	29	0
3	71	0
48	74	0
76	17	0
60	34	0
85	80	0
70	51	0
14	87	0
19	97	0
76	39	0
83	31	0
99	52	0
99	3	0
75	90	0
51	36	1
89	15	0
73	37	0
16	72	0
17	97	0
20	79	0
8	89	0
63	49	0
45	27	0
39	64	0
63	82	0
68	8	0
20	87	0
87	55	0
19	16	0
21	71	0
76	63	0
64	57	0
88	55	0
85	60	0
69	64	0
64	49	1
73	55	0
0	32	0
91	84	0
60	49	0
45	84	0
3	70	0
29	82	1
95	21	0
56	94	0
17	89	0
99	46	0
70	17	0
14	15	0
30	26	0
73	4	1
18	65	0
78	61	0
92	34	0
13	2	0
66	11	0
40	90	0
93	80	0
15	9	0
54	83	0
77	34	0
96	76	0
58	62	0
68	86	0
13	42	0
94	41	0
93	69	0
13	79	0
24	74	0
20	90	0
73	8	1
8	97	0
62	42	0
96	18	0
3	15	0
86	35	0
96	12	0
39	28	0
23	94	0
51	81	0
17	73	0
27	25	0
14	72	0
19	90	0
62	65	0
92	51	0
72	89	0
61	68	0
54	67	1
20	99	0
81	39	0
6	1	0
79	58	0
53	49	0
98	23	0
76	28	0
76	33	0
56	98	0
41	38	1
51	43	0
60	9	0
37	98	0
45	57	1
95	35	0
62	98	0
71	49	0
84	48	0
50	90	0
35	75	0
87	32	0
97	96	0
77	82	0
58	84	0
87	14	0
74	74	0
26	80	1
65	22	0
27	97	0
92	55	0
92	87	0
81	8	0
96	95	0
81	26	0
88	61	0
10	85	0
73	91	0
66	80	0
2	21	0
14	95	0
8	74	0
80	25	0
22	98	0
56	90	0
86	47	0
12	69	0
78	43	0
29	92	0
79	49	0
80	55	0
81	48	0
83	31	0
47	65	1
4	84	0
1	3	0
70	70	0
14	60	0
23	6	0
9	89	0
31	70	0
95	48	0
78	87	0
90	60	0
94	78	0
83	45	0
5	80	0
49	61	1
86	34	0
87	33	0
