4	27	1
91	60	0
51	10	0
42	21	0
52	97	0
2	41	0
86	33	0
87	72	0
4	13	0
48	14	0
68	95	0
42	40	0
67	46	0
5	93	0
30	8	0
16	53	0
89	3	0
82	80	0
65	31	0
27	55	0
98	59	0
98	5	0
46	74	0
76	77	0
83	88	0
80	1	0
18	96	0
64	18	0
71	73	0
65	82	0
92	56	0
6	49	0
31	28	0
49	19	0
79	15	0
47	48	0
88	81	0
11	94	0
66	64	0
96	16	0
84	94	0
43	16	0
31	66	0
64	49	0
94	46	0
54	83	0
96	48	0
19	98	0
30	44	0
58	9	0
91	43	0
24	68	0
65	7	0
38	83	0
73	93	0
22	64	0
95	63	0
45	10	0
32	53	0
78	71	0
94	91	0
76	0	0
22	99	0
92	3	0
45	13	0
89	63	0
46	19	0
15	91	0
85	4	0
34	78	0
87	80	0
57	49	0
22	38	0
85	71	0
15	36	0
31	50	0
83	40	0
15	9	0
6	45	0
50	86	0
66	98	0
65	19	0
49	96	0
75	98	0
8	9	0
16	32	0
84	12	0
86	15	0
53	47	0
86	38	0
22	22	0
75	48	0
48	52	0
34	10	0
33	10	0
68	56	0
27	83	0
48	0	0
43	83	0
42	1	0
34	36	0
85	34	0
47	65	0
60	46	0
19	82	0
69	80	0
0	80	0
49	91	0
87	47	0
63	21	0
51	79	0
3	41	0
63	12	0
51	74	0
7	88	0
37	7	0
24	50	0
15	30	0
85	83	0
7	25	0
44	25	0
0	0	0
36	98	0
93	6	0
66	60	0
1	37	0
71	85	0
92	18	0
60	61	0
56	84	0
33	24	0
64	94	0
20	19	0
76	85	0
68	47	0
26	97	0
79	27	0
45	36	0
15	22	0
62	4	0
7	8	0
8	82	0
17	1	0
99	92	0
95	16	0
79	39	0
49	62	0
64	23	0
84	92	0
0	4	0
35	15	0
19	8	0
81	72	0
45	36	0
86	74	0
86	79	0
50	26	0
55	32	0
81	51	0
3	51	0
21	75	0
19	65	0
93	75	0
53	61	0
40	96	0
95	44	0
70	77	0
48	85	0
24	46	0
99	74	0
5	47	0
39	38	0
18	28	0
30	77	0
30	68	0
94	16	0
57	37	0
76	7	0
46	82	0
64	21	0
63	39	0
75	72	0
23	52	0
66	59	0
29	97	0
33	63	0
31	3	0
62	23	0
25	99	0
5	75	0
64	76	0
78	46	0
18	84	0
17	47	0
88	75	0
25	48	0
34	77	0
33	87	0
59	37	0
30	4	0
23	49	0
76	90	0
98	79	0
65	95	0
68	13	0
13	50	0
62	9	0
55	26	0
56	30	0
73	10	0
26	62	0
17	80	0
46	62	0
65	31	0
26	75	0
87	26	0
57	83	0
35	73	0
26	12	0
95	76	0
29	77	0
47	0	0
4	89	0
80	20	0
94	71	0
86	83	0
83	33	0
0	79	0
12	71	0
99	50	0
64	66	0
42	45	0
45	68	0
74	74	0
43	68	0
20	83	0
38	66	0
73	1	0
3	57	0
68	99	0
66	36	0
25	90	0
87	67	0
49	14	0
40	63	0
13	76	0
33	96	0
66	29	0
65	16	0
23	37	0
98	58	0
63	46	0
75	43	0
8	89	0
57	13	0
22	79	0
71	69	0
63	60	0
71	54	0
59	2	0
20	7	0
1	57	0
85	56	0
53	13	0
73	57	0
47	89	0
61	53	0
90	36	0
94	13	0
21	63	0
91	73	0
13	79	0
19	27	0
92	49	0
37	96	0
48	41	0
48	3	0
18	89	0
74	31	0
35	45	0
33	73	0
42	5	0
19	77	0
89	83	0
87	72	0
55	35	0
81	67	0
16	83	0
47	46	0
62	1	0
68	22	0
35	24	0
53	9	0
58	14	0
53	29	0
74	26	0
34	45	0
27	41	0
55	40	0
65	68	0
86	89	0
41	98	0
74	8	0
92	56	0
67	11	0
11	61	0
20	10	0
87	36	0
62	29	0
79	68	0
17	41	0
54	62	0
62	10	0
34	93	0
29	82	0
49	78	0
95	52	0
47	25	0
51	2	0
26	39	0
78	43	0
74	7	0
68	94	0
28	8	0
67	86	0
6	67	0
42	76	0
37	23	0
1	56	0
9	18	0
80	4	0
28	40	0
73	16	0
35	6	0
5	6	0
76	18	0
25	65	0
29	49	0
95	24	0
81	56	0
13	32	0
22	38	0
4	56	0
39	90	0
18	72	0
10	0	0
30	94	0
53	55	0
42	16	0
13	11	0
53	32	0
48	79	0
35	70	0
81	95	0
27	30	0
23	56	0
31	47	0
55	71	0
76	97	0
50	12	0
68	3	0
28	9	0
51	15	0
53	11	0
17	58	0
83	50	0
64	2	0
23	48	0
60	4	0
56	64	0
47	53	0
41	55	0
79	82	0
73	43	0
21	65	0
55	51	0
20	19	0
97	9	0
44	4	0
60	31	0
57	26	0
23	41	0
13	76	0
60	72	0
14	69	0
38	90	0
32	82	0
38	27	0
41	33	0
90	55	0
60	38	0
15	69	0
73	78	0
6	23	0
61	93	0
31	28	0
66	19	0
68	90	0
71	4	0
89	58	0
76	42	0
44	23	0
43	42	0
37	37	0
93	80	0
12	21	0
65	20	0
79	6	0
14	51	0
44	77	0
74	75	0
72	10	0
5	62	0
91	40	0
61	96	0
4	16	0
68	4	0
57	62	0
34	72	0
66	49	0
19	37	0
53	38	0
70	90	0
60	53	0
34	24	0
81	70	0
22	41	0
18	79	0
79	83	0
47	17	0
6	82	0
69	12	0
90	29	0
66	36	0
20	55	0
65	15	0
24	24	0
62	46	0
18	92	0
70	50	0
47	2	0
83	55	0
34	29	0
31	77	0
42	4	0
82	39	0
9	6	0
64	99	0
12	91	0
29	35	0
56	62	0
58	32	0
13	86	0
11	40	0
23	45	0
58	2	0
93	40	0
64	25	0
86	94	0
30	67	0
18	26	0
42	22	0
37	28	0
90	7	0
51	59	0
79	75	0
29	47	0
57	94	0
69	60	0
43	83	0
73	6	0
71	47	0
76	14	0
64	13	0
49	23	0
31	30	0
92	6	0
60	23	0
5	76	0
93	3	0
96	81	0
11	95	0
13	25	0
86	65	0
40	51	0
30	2	0
89	82	0
81	62	0
26	99	0
65	32	0
76	40	0
92	57	0
8	22	0
86	79	0
29	76	0
73	77	0
30	96	0
98	64	0
30	52	0
16	80	0
98	80	0
39	28	0
25	32	0
69	69	0
59	96	0
45	71	0
13	10	0
45	77	0
60	59	0
37	65	0
35	73	0
84	23	0
15	89	0
83	50	0
21	73	0
38	66	0
43	72	0
93	33	0
45	33	0
15	45	0
2	23	0
68	38	0
98	74	0
57	20	0
81	92	0
74	96	0
29	33	0
47	19	0
20	56	0
27	73	0
4	23	1
32	30	0
50	73	0
59	87	0
33	29	0
69	85	0
54	32	0
39	7	0
73	33	0
25	77	0
46	17	0
9	55	0
95	83	0
60	98	0
55	55	0
76	7	0
43	63	0
5	27	1
2	24	1
41	47	0
88	60	0
90	1	0
0	68	0
80	7	0
92	88	0
69	17	0
29	1	0
24	65	0
75	72	0
37	83	0
49	80	0
83	22	0
20	75	0
58	22	0
65	80	0
61	91	0
30	92	0
96	12	0
92	15	0
64	16	0
42	91	0
12	97	0
3	88	0
75	61	0
71	64	0
94	65	0
9	51	0
86	46	0
68	65	0
10	14	0
79	66	0
64	72	0
22	48	0
13	66	0
40	28	0
42	40	0
16	63	0
61	49	0
44	51	0
93	42	0
82	35	0
77	6	0
71	36	0
52	91	0
2	24	1
17	17	0
18	55	0
77	53	0
98	81	0
75	72	0
99	77	0
22	43	0
52	73	0
54	35	0
37	64	0
80	48	0
2	36	0
20	71	0
40	24	0
79	71	0
68	95	0
52	64	0
5	23	1
33	70	0
28	10	0
81	68	0
30	74	0
53	36	0
85	82	0
97	86	0
9	98	0
37	52	0
12	74	0
80	80	0
38	47	0
60	62	0
43	81	0
80	67	0
24	31	0
18	63	0
85	77	0
73	60	0
92	51	0
44	82	0
56	79	0
65	35	0
33	21	0
84	26	0
45	27	0
87	3	0
16	85	0
19	28	0
3	12	0
36	96	0
91	69	0
25	36	0
92	53	0
18	98	0
17	73	0
26	0	0
99	92	0
24	22	0
8	80	0
70	95	0
44	68	0
82	70	0
23	80	0
83	29	0
19	25	0
35	79	0
28	70	0
30	25	0
24	33	0
24	39	0
99	64	0
83	14	0
53	17	0
72	8	0
90	48	0
40	12	0
52	30	0
89	32	0
8	47	0
43	89	0
9	51	0
16	85	0
78	58	0
51	98	0
55	48	0
73	85	0
44	23	0
92	76	0
39	67	0
95	49	0
8	70	0
59	47	0
25	66	0
71	35	0
9	30	0
59	37	0
88	76	0
82	82	0
86	92	0
24	80	0
17	41	0
47	44	0
42	66	0
36	32	0
22	12	0
38	58	0
11	54	0
60	0	0
73	79	0
83	55	0
91	10	0
16	44	0
8	4	0
83	89	0
11	80	0
53	28	0
57	37	0
76	17	0
16	1	0
56	12	0
13	44	0
0	36	0
51	16	0
50	1	0
2	27	0
33	76	0
62	22	0
34	98	0
81	8	0
35	43	0
59	63	0
68	12	0
92	61	0
62	66	0
45	67	0
43	97	0
83	95	0
22	14	0
92	58	0
15	58	0
86	77	0
57	81	0
14	34	0
21	58	0
98	45	0
28	78	0
92	97	0
64	81	0
48	5	0
37	55	0
83	53	0
37	86	0
72	41	0
87	70	0
68	30	0
12	66	0
14	60	0
89	90	0
70	33	0
60	65	0
57	5	0
9	15	0
80	63	0
33	24	0
15	64	0
37	56	0
55	48	0
34	6	0
59	33	0
7	78	0
19	49	0
12	63	0
3	49	0
85	62	0
22	21	0
54	24	0
98	17	0
85	6	0
48	64	0
2	74	0
59	30	0
30	22	0
10	15	0
16	15	0
77	63	0
69	23	0
40	39	0
41	74	0
52	77	0
16	88	0
30	69	0
52	79	0
24	44	0
82	96	0
51	29	0
38	84	0
22	14	0
56	11	0
9	43	0
60	49	0
70	14	0
31	77	0
85	67	0
68	55	0
49	49	0
46	12	0
5	77	0
81	68	0
67	53	0
50	41	0
74	67	0
69	77	0
75	41	0
63	7	0
96	75	0
83	10	0
1	77	0
68	62	0
2	32	0
2	27	0
26	0	0
47	30	0
1	9	0
6	44	0
24	72	0
32	97	0
37	53	0
98	31	0
3	48	0
59	92	0
27	84	0
5	25	1
99	62	0
38	66	0
11	20	0
89	47	0
26	1	0
63	22	0
60	3	0
15	6	0
24	79	0
41	58	0
83	77	0
67	45	0
15	4	0
34	31	0
48	7	0
5	30	0
1	72	0
72	6	0
37	65	0
51	42	0
71	93	0
16	41	0
17	97	0
91	49	0
26	22	0
88	79	0
55	64	0
67	33	0
50	33	0
93	20	0
89	62	0
21	59	0
18	93	0
29	46	0
0	87	0
5	98	0
85	14	0
40	52	0
1	94	0
52	2	0
66	10	0
47	48	0
26	18	0
64	40	0
40	27	0
10	79	0
27	32	0
56	4	0
9	45	0
95	47	0
99	13	0
49	56	0
34	2	0
38	21	0
17	95	0
60	79	0
24	66	0
8	9	0
46	22	0
8	80	0
1	74	0
68	46	0
77	44	0
54	37	0
11	75	0
25	32	0
84	73	0
66	31	0
49	79	0
60	94	0
26	15	0
8	87	0
65	18	0
61	81	0
37	44	0
95	71	0
36	75	0
99	20	0
86	19	0
99	24	0
83	89	0
44	54	0
25	76	0
74	15	0
40	5	0
66	81	0
61	75	0
16	47	0
68	54	0
63	82	0
78	21	0
93	48	0
7	66	0
59	42	0
23	29	0
93	31	0
67	38	0
68	17	0
94	96	0
73	77	0
53	71	0
74	36	0
61	69	0
14	94	0
31	8	0
3	90	0
16	77	0
54	61	0
64	94	0
79	16	0
91	95	0
79	1	0
12	2	0
87	75	0
67	10	0
96	27	0
78	70	0
55	41	0
15	58	0
60	84	0
64	70	0
2	48	0
10	44	0
44	94	0
4	82	0
56	4	0
44	47	0
10	67	0
38	29	0
17	31	0
12	43	0
99	49	0
53	38	0
3	47	0
25	93	0
89	67	0
1	14	0
86	97	0
28	81	0
62	47	0
40	61	0
97	42	0
63	41	0
1	7	0
11	8	0
3	50	0
14	51	0
99	81	0
76	50	0
97	70	0
11	55	0
78	61	0
21	78	0
2	1	0
73	77	0
2	20	0
26	65	0
34	5	0
27	29	0
10	72	0
43	90	0
1	9	0
66	48	0
53	62	0
78	63	0
82	80	0
40	91	0
35	23	0
7	63	0
2	14	0
39	68	0
46	51	0
63	55	0
79	16	0
