99	67	0
22	14	0
63	96	0
5	3	0
93	38	0
97	99	0
44	18	1
44	82	0
57	21	0
81	54	0
6	91	0
3	7	0
17	97	0
99	35	0
68	73	0
41	33	0
84	68	0
96	18	0
55	96	0
43	70	0
82	68	0
53	12	0
27	85	0
53	22	1
88	68	0
82	87	0
85	77	0
9	31	0
57	17	1
53	37	0
86	26	0
78	66	0
13	76	0
30	96	0
84	9	0
62	93	0
33	8	1
50	69	0
82	72	0
94	70	0
60	62	0
99	31	0
16	75	0
65	9	0
98	69	0
20	75	0
56	1	0
10	76	0
40	99	0
33	63	1
86	53	0
51	35	0
38	15	0
98	90	0
90	97	0
91	14	0
28	90	0
99	8	0
24	21	0
75	96	0
33	8	1
3	91	0
83	6	0
24	71	0
65	91	0
40	60	0
11	26	0
71	82	0
90	37	0
23	93	0
49	95	0
66	27	0
30	92	0
54	94	0
17	13	0
98	17	0
78	30	0
54	76	0
85	36	0
84	62	0
56	7	0
68	42	0
2	97	0
69	6	0
45	76	0
44	0	1
58	26	0
82	16	0
38	53	1
87	58	0
1	53	0
77	87	0
3	79	0
33	94	0
98	57	0
74	30	0
33	69	0
32	63	1
75	1	0
68	52	0
14	76	0
34	0	0
63	70	0
45	33	0
6	99	0
94	27	0
38	82	0
81	69	0
89	3	0
60	82	0
64	78	0
4	25	0
59	92	0
98	83	0
83	54	0
22	86	0
71	32	0
81	6	0
98	61	0
86	35	0
93	48	0
33	49	0
58	12	1
57	69	0
7	26	0
52	33	0
87	57	0
53	21	1
49	82	0
57	72	0
63	20	0
49	37	0
53	19	1
60	80	0
47	58	0
42	99	0
76	41	0
63	69	0
54	71	0
93	58	0
25	15	0
43	35	0
18	16	0
18	81	0
29	60	0
79	46	0
53	40	0
91	4	0
29	79	0
54	25	1
26	40	0
68	80	0
27	65	0
59	62	0
46	82	0
43	47	1
38	1	0
57	18	0
44	90	0
26	63	0
75	79	0
90	64	0
23	96	0
88	72	0
29	51	0
23	72	0
50	74	0
51	48	1
16	35	0
77	83	0
98	88	0
46	70	0
77	42	0
3	39	1
67	8	1
58	49	0
56	17	0
73	19	0
11	54	1
42	56	0
53	14	0
32	65	0
95	32	0
29	91	0
22	59	0
73	92	0
48	50	1
22	22	0
39	80	0
53	15	0
98	97	0
32	88	0
97	4	0
17	78	0
98	33	0
55	99	0
68	85	0
63	55	0
28	50	0
15	71	0
57	4	0
61	88	0
99	50	0
41	88	0
66	71	0
87	21	0
52	76	0
32	83	0
34	82	0
27	21	0
66	24	0
80	52	0
53	41	0
75	71	0
75	22	0
20	90	0
57	60	0
90	34	0
75	37	0
48	5	0
1	38	1
89	32	0
78	77	0
62	99	0
76	55	0
98	27	0
87	13	0
4	35	0
89	74	0
34	99	0
86	85	0
42	99	0
44	32	0
89	36	0
26	96	0
85	22	0
18	57	0
30	85	0
50	16	1
24	87	0
76	86	0
84	77	0
90	59	0
99	52	0
20	86	0
45	71	0
86	12	0
85	53	0
43	1	0
35	25	0
39	57	0
75	40	0
27	56	0
35	40	0
27	75	0
75	98	0
98	58	0
57	70	0
96	3	0
96	32	0
61	9	0
89	48	0
71	50	0
63	79	0
1	38	1
43	63	0
76	26	0
13	87	0
30	61	0
7	93	0
92	61	0
42	4	1
80	66	0
81	5	0
98	79	0
24	0	0
41	99	0
24	66	0
59	99	0
40	29	0
81	17	0
87	10	0
55	12	1
90	15	0
51	49	0
76	23	0
77	60	0
8	6	0
0	55	1
31	99	0
23	76	0
57	98	0
44	67	0
79	43	0
64	4	0
46	87	0
49	63	0
96	96	0
5	42	1
59	41	0
64	89	0
81	19	0
26	7	0
49	0	0
51	18	0
32	30	0
91	57	0
75	13	0
19	43	0
15	32	0
36	51	0
42	36	0
94	70	0
88	64	0
65	32	0
83	6	0
71	12	0
73	15	0
50	41	0
42	27	0
9	72	0
80	83	0
43	91	0
6	97	0
34	54	0
54	11	1
53	36	0
81	35	0
73	51	0
79	75	0
82	85	0
77	30	0
70	82	0
75	9	0
74	57	0
69	52	0
64	52	0
92	75	0
74	10	0
87	18	0
18	43	0
62	95	0
60	71	0
72	17	0
17	75	0
96	40	0
58	99	0
99	25	0
60	25	0
35	55	0
57	48	0
31	64	1
60	78	0
76	30	0
80	79	0
21	89	0
95	95	0
43	9	1
3	79	0
47	50	1
95	3	0
91	33	0
39	74	0
54	55	0
67	46	0
20	96	0
72	28	0
90	56	0
45	30	0
39	94	0
26	11	0
42	43	0
50	91	0
2	43	1
36	89	0
38	80	0
52	17	1
15	68	0
12	26	0
75	5	0
75	31	0
98	11	0
81	98	0
27	65	0
31	25	0
77	11	0
57	48	0
70	96	0
2	22	0
47	86	0
93	52	0
26	76	0
72	2	0
45	66	0
63	18	0
57	10	1
83	19	0
91	44	0
5	87	0
73	10	0
82	97	0
31	98	0
86	70	0
46	53	1
13	32	0
64	93	0
70	45	0
4	76	0
68	24	0
89	41	0
73	50	0
72	61	0
22	51	0
98	48	0
20	91	0
98	60	0
21	97	0
86	89	0
40	30	0
70	76	0
57	94	0
47	49	1
62	96	0
82	49	0
44	49	0
24	62	0
83	4	0
1	83	0
79	55	0
21	96	0
47	54	0
44	68	0
79	26	0
25	56	0
52	30	0
89	53	0
72	23	0
83	89	0
42	91	0
36	54	1
39	42	0
64	99	0
57	23	1
41	87	0
87	83	0
86	75	0
74	8	0
23	7	0
42	38	0
34	58	0
38	5	1
3	79	0
85	79	0
61	88	0
66	49	0
68	13	0
38	66	0
36	76	0
90	52	0
89	5	0
16	71	0
76	10	0
53	60	0
53	26	1
39	10	1
38	41	0
85	87	0
24	75	0
58	88	0
72	17	0
76	12	0
49	57	0
60	81	0
21	97	0
95	22	0
80	10	0
80	27	0
10	70	0
15	97	0
13	82	0
60	33	0
73	87	0
76	95	0
2	36	0
65	57	0
75	91	0
75	59	0
65	67	0
24	99	0
10	77	0
42	28	0
9	26	0
43	36	0
31	45	0
95	34	0
84	48	0
61	6	0
67	34	0
55	51	0
39	26	0
93	76	0
54	77	0
83	51	0
33	65	0
42	96	0
79	57	0
57	10	1
29	12	0
99	50	0
66	85	0
42	32	0
50	58	0
32	99	0
62	97	0
87	67	0
24	81	0
64	47	0
3	72	0
57	52	0
49	75	0
65	53	0
54	73	0
61	86	0
8	56	0
55	52	0
80	48	0
79	61	0
38	78	0
73	85	0
48	29	0
97	23	0
56	47	0
97	10	0
7	80	0
58	90	0
89	70	0
71	71	0
17	91	0
5	69	0
77	83	0
39	30	0
6	83	0
72	97	0
50	65	0
88	65	0
21	89	0
74	41	0
20	0	0
48	86	0
22	84	0
13	18	0
89	54	0
91	23	0
74	30	0
76	13	0
19	15	0
23	54	0
78	30	0
1	81	0
61	73	0
5	38	1
22	76	0
64	50	0
64	90	0
69	43	0
76	88	0
74	52	0
73	82	0
4	83	0
51	46	0
27	79	0
74	53	0
56	43	0
94	43	0
99	95	0
80	92	0
48	61	0
76	50	0
67	70	0
65	5	0
66	81	0
86	74	0
88	7	0
60	79	0
4	98	0
51	24	1
51	42	0
70	35	0
65	29	0
68	20	0
18	85	0
76	24	0
32	64	0
88	16	0
38	60	0
46	32	0
60	91	0
68	76	0
46	81	0
72	92	0
81	61	0
88	47	0
95	68	0
81	97	0
98	46	0
32	65	0
83	81	0
41	76	0
77	84	0
99	49	0
44	84	0
84	71	0
86	49	0
79	33	0
44	47	1
3	60	0
53	80	0
75	12	0
67	29	0
80	80	0
66	44	0
12	87	0
20	90	0
63	42	0
85	21	0
85	51	0
99	3	0
80	98	0
53	23	1
58	40	0
34	78	0
98	20	0
66	51	0
30	79	0
18	98	0
27	74	0
10	88	0
62	64	0
45	31	0
44	76	0
39	50	0
68	77	0
73	11	0
16	86	0
92	51	0
23	21	0
10	79	0
70	60	0
69	45	0
46	61	0
92	46	0
88	52	0
80	54	0
55	10	1
57	70	0
81	45	0
4	33	0
99	79	0
54	46	0
43	83	0
10	77	0
23	88	0
33	59	0
91	27	0
58	96	0
7	97	0
98	69	0
54	31	1
74	21	0
24	17	0
33	36	0
74	10	0
17	72	0
82	52	0
92	37	0
1	7	0
2	35	0
72	15	0
41	80	0
97	87	0
2	12	0
49	91	0
81	32	0
39	9	1
99	79	0
43	58	0
67	72	0
22	34	0
95	38	0
87	69	0
20	72	0
18	86	0
1	51	1
28	71	0
23	95	0
79	11	0
27	61	0
14	86	0
39	36	0
49	18	1
46	66	0
66	43	0
46	7	1
35	76	0
97	23	0
7	30	0
77	49	0
85	25	0
51	54	0
30	21	0
43	10	0
17	92	0
43	84	0
22	63	0
21	21	0
20	78	0
21	74	0
68	56	0
92	42	0
34	62	0
83	99	0
46	31	0
59	74	0
39	82	0
16	88	0
90	40	0
45	57	0
5	19	0
88	51	0
64	51	0
89	25	0
89	20	0
74	34	0
59	87	0
45	41	0
64	45	0
60	32	0
40	0	0
36	96	0
58	65	0
88	30	0
61	98	0
83	57	0
77	46	0
37	82	0
33	74	0
84	30	0
53	44	0
70	0	0
96	99	0
79	83	0
51	78	0
71	28	0
88	77	0
20	79	0
62	27	0
19	95	0
38	61	0
85	64	0
64	9	1
93	95	0
85	11	0
96	93	0
58	11	0
69	22	0
76	55	0
69	31	0
9	84	0
56	97	0
67	81	0
3	22	0
8	85	0
15	76	0
42	14	1
41	38	0
6	44	1
79	41	0
45	14	1
2	63	0
26	85	0
60	93	0
97	43	0
3	68	0
67	43	0
27	91	0
82	53	0
73	40	0
26	54	0
84	38	0
77	43	0
64	65	0
53	48	0
1	86	0
1	8	0
81	72	0
20	64	0
16	6	0
5	93	0
23	72	0
98	43	0
69	82	0
83	62	0
99	85	0
51	54	0
59	35	0
1	77	0
54	60	0
38	52	1
66	37	0
86	21	0
