93	61	0
27	6	0
31	26	0
64	97	0
11	0	0
84	42	0
94	93	0
50	12	0
56	78	0
58	28	0
81	48	0
8	81	0
13	1	0
14	86	0
95	22	0
74	74	0
51	44	0
17	61	1
91	59	0
95	14	0
49	99	0
58	67	0
76	72	0
51	6	0
28	71	0
56	15	0
93	69	0
72	96	0
91	81	0
9	43	0
56	7	0
48	26	0
99	29	0
14	58	1
79	66	0
12	88	0
35	94	0
81	15	0
78	90	0
35	10	0
41	66	0
86	64	0
95	71	0
50	63	0
96	48	0
16	80	0
67	2	0
98	71	0
15	72	0
69	8	0
3	77	0
48	92	0
29	70	0
97	68	0
58	37	0
40	35	0
89	84	0
97	94	0
98	8	0
18	95	0
99	11	0
26	2	0
75	89	0
34	0	0
4	86	0
85	15	0
32	79	0
59	94	0
35	60	0
6	29	0
70	81	0
11	50	1
86	32	0
25	90	0
51	99	0
65	26	0
26	88	0
56	97	0
0	16	0
97	10	0
81	19	0
50	75	0
85	40	0
93	57	0
55	18	0
34	10	0
68	46	0
2	95	0
59	3	0
43	64	0
43	8	0
57	32	0
85	23	0
34	57	0
87	44	0
7	61	0
81	96	0
3	87	0
44	93	0
87	54	0
72	19	0
35	67	0
34	60	0
62	3	0
69	54	0
10	63	0
31	2	0
15	48	1
40	48	1
61	82	0
43	40	0
9	93	0
80	33	0
39	80	0
74	73	0
93	8	0
72	86	0
66	72	0
24	23	0
62	96	0
96	82	0
72	60	0
25	95	0
65	34	0
34	20	1
71	9	0
14	56	1
95	69	0
95	31	0
87	50	0
37	47	0
55	2	0
67	71	0
12	27	0
47	26	0
98	53	0
51	24	0
55	77	0
55	79	0
53	21	0
37	42	0
60	28	0
11	49	1
15	52	1
63	88	0
47	62	0
41	95	0
70	37	0
69	65	0
59	66	0
98	65	0
23	20	0
47	51	0
12	15	0
17	76	0
23	67	0
84	44	0
40	47	0
90	2	0
36	85	0
53	26	0
35	40	0
76	81	0
29	62	0
54	63	0
43	94	0
31	51	0
39	12	0
55	14	0
39	99	0
28	64	0
78	80	0
93	64	0
21	93	0
95	69	0
30	51	0
23	73	0
50	72	0
51	61	0
12	32	0
72	90	0
98	79	0
38	68	0
74	36	0
3	46	0
62	8	0
70	59	0
55	15	0
80	16	0
0	52	0
39	60	0
62	33	0
47	68	0
89	31	0
32	94	0
24	57	0
43	17	1
79	89	0
45	56	0
27	12	0
27	77	0
60	15	0
98	94	0
46	90	0
99	6	0
8	67	0
15	68	0
98	29	0
46	91	0
61	75	0
70	69	0
45	62	0
18	75	0
19	52	0
59	1	0
15	57	1
58	93	0
98	54	0
44	85	0
81	68	0
84	24	0
55	80	0
30	83	0
37	91	0
39	24	0
70	26	0
81	43	0
57	45	0
70	68	0
0	47	0
64	22	0
19	96	0
67	66	0
79	39	0
66	30	0
48	0	0
4	43	0
87	23	0
35	24	1
71	72	0
61	94	0
76	53	0
94	34	0
94	11	0
3	29	0
82	75	0
34	96	0
90	84	0
37	98	0
60	36	0
74	27	0
20	88	0
82	22	0
23	58	0
30	72	0
49	13	0
31	99	0
80	88	0
80	77	0
93	53	0
94	54	0
17	82	0
37	70	0
84	13	0
74	44	0
34	20	1
39	6	0
44	29	0
47	51	0
82	47	0
27	55	0
38	45	0
28	79	0
73	91	0
85	58	0
56	74	0
86	3	0
94	37	0
61	13	0
30	38	1
84	43	0
74	52	0
65	72	0
6	36	0
38	69	0
61	28	0
14	93	0
28	83	0
9	89	0
89	75	0
45	20	0
39	2	0
38	50	1
74	67	0
67	2	0
88	90	0
27	5	0
49	97	0
13	63	0
53	90	0
46	37	0
9	46	1
74	34	0
77	14	0
47	18	0
82	9	0
39	56	0
9	54	1
77	18	0
76	56	0
7	9	0
6	63	0
35	98	0
16	82	0
47	98	0
46	64	0
71	38	0
65	8	0
45	83	0
46	70	0
99	78	0
1	55	0
64	50	0
73	79	0
82	19	0
32	6	0
43	0	0
50	14	0
44	28	0
78	57	0
65	15	0
19	47	0
26	18	0
37	58	0
44	38	0
86	73	0
84	60	0
0	48	0
54	39	0
91	6	0
65	12	0
74	21	0
53	41	0
41	33	0
2	76	0
67	88	0
37	75	0
11	99	0
22	68	0
56	4	0
46	39	0
91	43	0
87	51	0
14	63	0
82	71	0
80	85	0
83	28	0
76	91	0
75	3	0
71	67	0
76	53	0
65	53	0
83	78	0
66	3	0
94	16	0
31	49	0
54	91	0
67	72	0
84	13	0
27	72	0
93	20	0
58	96	0
92	23	0
65	24	0
31	57	0
64	39	0
38	54	0
51	87	0
80	29	0
33	19	1
82	80	0
41	56	0
19	93	0
95	98	0
49	29	0
2	85	0
51	52	0
95	7	0
81	39	0
26	67	0
64	55	0
58	49	0
17	97	0
84	24	0
36	13	0
87	49	0
49	44	0
35	89	0
16	8	0
54	57	0
50	87	0
4	48	0
42	77	0
43	82	0
52	26	0
21	81	0
15	28	0
72	3	0
71	19	0
96	5	0
89	89	0
24	66	0
37	26	0
83	3	0
71	53	0
69	99	0
2	21	0
57	95	0
98	59	0
35	79	0
83	4	0
44	64	0
73	23	0
62	6	0
44	13	1
40	11	1
96	11	0
82	43	0
10	89	0
79	13	0
88	98	0
24	96	0
97	71	0
46	42	0
12	31	0
76	96	0
56	52	0
4	84	0
69	37	0
75	45	0
69	46	0
79	70	0
30	64	0
94	58	0
31	99	0
93	68	0
21	98	0
92	92	0
44	35	0
63	59	0
59	89	0
47	62	0
57	97	0
76	49	0
42	45	0
34	54	0
90	1	0
2	84	0
93	62	0
19	88	0
46	63	0
45	82	0
81	36	0
31	51	0
49	24	0
86	53	0
69	20	0
83	91	0
45	97	0
44	57	0
48	8	0
38	45	0
54	96	0
47	16	0
44	72	0
83	74	0
35	9	0
91	86	0
70	5	0
12	9	0
43	36	0
18	69	0
43	1	0
9	77	0
88	82	0
60	89	0
62	44	0
66	3	0
39	68	0
43	70	0
95	52	0
98	3	0
12	69	0
82	10	0
49	67	0
46	26	0
30	5	0
35	54	0
81	86	0
32	70	0
48	79	0
65	27	0
72	29	0
53	54	0
62	95	0
29	98	0
99	15	0
87	19	0
74	13	0
12	63	0
30	98	0
20	89	0
63	40	0
77	81	0
74	95	0
10	35	0
54	41	0
65	84	0
71	65	0
60	78	0
14	91	0
19	74	0
42	30	0
45	13	1
11	32	0
41	37	0
38	43	0
98	27	0
83	43	0
74	9	0
72	33	0
59	51	0
42	25	0
95	78	0
49	86	0
87	64	0
36	63	0
39	94	0
79	50	0
27	47	1
73	22	0
33	13	0
96	48	0
74	86	0
44	42	0
9	51	1
48	11	1
50	58	0
40	88	0
66	95	0
96	62	0
14	81	0
62	47	0
10	63	0
62	46	0
42	73	0
57	57	0
46	74	0
63	80	0
0	61	0
58	62	0
76	50	0
88	58	0
31	75	0
69	87	0
44	22	0
93	16	0
54	44	0
96	10	0
4	80	0
41	88	0
84	56	0
5	45	1
76	69	0
15	88	0
15	79	0
79	85	0
42	26	0
1	71	0
71	98	0
48	61	0
93	63	0
24	98	0
82	44	0
12	2	0
38	71	0
21	80	0
35	12	0
6	16	0
86	57	0
99	21	0
50	14	0
77	34	0
82	15	0
20	9	0
32	63	0
76	32	0
3	69	0
58	84	0
0	44	0
19	78	0
71	52	0
53	99	0
72	50	0
75	83	0
81	60	0
42	50	0
79	74	0
7	81	0
37	41	0
26	77	0
80	49	0
73	39	0
94	53	0
92	94	0
87	90	0
44	70	0
73	43	0
60	59	0
31	20	1
37	53	0
7	47	0
64	4	0
69	83	0
89	80	0
85	12	0
53	88	0
2	94	0
53	16	0
51	25	0
68	28	0
58	26	0
34	22	1
80	12	0
28	93	0
68	23	0
32	86	0
96	18	0
43	73	0
56	38	0
66	97	0
77	72	0
41	82	0
67	94	0
87	68	0
88	43	0
18	52	1
95	80	0
77	94	0
14	58	1
99	48	0
38	68	0
95	85	0
53	86	0
34	13	1
80	78	0
94	44	0
51	86	0
79	69	0
91	52	0
78	37	0
32	48	0
1	60	0
60	76	0
65	21	0
55	35	0
42	14	0
91	86	0
14	50	1
68	35	0
39	13	1
45	20	0
12	88	0
12	62	0
7	88	0
66	43	0
97	24	0
94	30	0
98	0	0
78	96	0
7	53	0
60	20	0
55	51	0
35	82	0
96	23	0
62	52	0
38	89	0
25	99	0
33	69	0
19	96	0
33	6	0
67	69	0
47	24	0
43	73	0
51	44	0
9	45	0
67	63	0
66	13	0
27	88	0
98	57	0
15	30	0
16	68	0
80	64	0
64	58	0
51	50	0
95	48	0
97	67	0
69	48	0
61	12	0
71	65	0
84	44	0
7	38	0
88	78	0
55	39	0
23	84	0
10	82	0
31	98	0
25	59	0
95	27	0
0	49	0
58	93	0
8	81	0
91	68	0
46	27	0
82	26	0
18	24	0
34	36	0
75	14	0
24	76	0
37	53	0
91	51	0
89	41	0
5	1	0
7	51	1
45	15	0
0	42	0
73	4	0
45	70	0
92	91	0
1	11	0
48	95	0
91	35	0
37	1	0
89	89	0
46	66	0
71	65	0
37	35	0
99	37	0
92	77	0
13	60	0
14	75	0
1	42	0
16	67	0
11	91	0
70	19	0
31	58	0
7	92	0
26	23	0
57	17	0
37	68	0
68	46	0
44	5	0
38	75	0
95	25	0
3	25	0
73	50	0
89	28	0
43	58	0
29	19	0
47	5	0
17	91	0
48	66	0
30	56	0
22	18	0
15	90	0
24	84	0
60	50	0
92	45	0
33	66	0
81	93	0
49	29	0
70	69	0
47	90	0
0	85	0
82	43	0
46	58	0
9	18	0
98	68	0
52	55	0
95	18	0
81	11	0
84	34	0
59	96	0
46	45	0
48	33	0
63	29	0
39	4	0
45	94	0
44	74	0
17	44	1
88	32	0
62	92	0
89	47	0
84	49	0
37	72	0
29	68	0
78	34	0
55	38	0
75	5	0
98	94	0
76	80	0
47	73	0
70	43	0
70	91	0
10	78	0
53	20	0
22	97	0
9	58	0
46	58	0
79	80	0
62	14	0
97	99	0
88	16	0
98	97	0
64	8	0
75	21	0
68	55	0
59	26	0
19	89	0
55	85	0
73	81	0
6	33	0
9	78	0
11	71	0
36	9	0
38	45	0
15	52	1
0	45	0
78	42	0
47	23	0
14	64	0
16	84	0
58	98	0
87	40	0
2	70	0
64	47	0
30	78	0
76	67	0
70	36	0
7	50	0
28	52	0
85	36	0
66	52	0
82	57	0
13	67	0
63	53	0
3	93	0
5	5	0
88	62	0
20	67	0
16	2	0
2	93	0
21	85	0
94	40	0
73	81	0
85	63	0
85	89	0
50	67	0
64	32	0
2	73	0
48	64	0
33	61	0
59	49	0
93	19	0
