85	62	0
34	27	0
58	95	1
13	13	0
91	46	0
89	84	0
73	41	0
10	79	0
0	5	0
13	86	0
77	35	0
75	76	0
29	30	0
61	73	0
92	52	0
67	67	0
40	34	0
91	85	0
98	84	0
69	90	0
5	24	0
67	84	0
75	31	0
56	78	1
49	69	0
63	82	0
88	50	0
96	29	0
88	81	0
38	0	0
82	30	0
32	17	0
97	63	0
92	73	0
89	8	0
17	33	0
57	79	0
8	90	0
61	95	1
21	34	0
72	75	0
94	43	0
54	82	0
6	22	0
86	16	0
63	29	0
50	37	0
77	41	0
83	65	0
52	99	1
15	61	0
99	55	0
45	32	0
36	11	0
61	59	0
1	93	0
93	24	0
43	65	0
87	69	0
96	6	0
78	87	0
62	81	0
9	19	0
72	85	0
86	63	0
84	41	0
59	48	0
82	41	0
85	36	0
87	40	0
27	60	0
15	23	0
84	73	0
42	81	0
57	97	1
80	42	0
59	70	0
83	75	0
83	76	0
25	12	0
8	9	0
84	65	0
94	3	0
13	54	0
79	80	0
55	77	0
59	76	1
51	20	0
71	82	0
76	58	0
10	86	0
95	99	0
7	97	1
17	60	0
93	87	0
92	70	0
57	88	1
66	48	0
94	30	0
52	59	0
14	54	0
55	13	0
82	87	0
72	9	0
81	47	0
79	93	0
54	68	0
64	77	0
18	19	0
75	95	0
33	78	0
27	30	0
61	39	0
61	84	0
65	47	0
13	94	1
94	25	0
51	25	0
70	74	0
71	87	0
83	71	0
96	27	0
87	86	0
75	80	0
57	71	0
13	45	0
73	69	0
71	77	0
92	61	0
91	42	0
91	65	0
60	15	0
42	29	0
80	54	0
32	85	0
83	75	0
99	47	0
95	26	0
71	62	1
61	94	1
62	16	0
2	95	0
98	55	0
91	78	0
14	18	0
95	16	0
88	22	0
84	29	0
13	13	0
34	82	0
92	51	0
68	91	0
87	85	0
71	31	1
51	88	0
2	14	0
39	18	0
47	31	0
61	41	0
2	59	0
43	8	0
94	80	0
95	54	0
64	2	0
31	9	0
98	86	0
29	69	0
8	97	1
35	31	0
62	52	0
77	64	0
56	79	0
83	75	0
77	28	0
78	86	0
87	31	0
91	78	0
48	32	0
98	74	0
60	11	0
35	55	0
77	93	0
90	48	0
91	48	0
83	90	0
90	44	0
32	49	0
72	84	0
23	76	0
80	76	0
1	94	0
87	32	0
95	69	0
40	6	0
49	52	0
16	13	0
92	32	0
69	86	0
11	32	0
80	32	0
74	79	0
18	37	0
82	48	0
82	9	0
98	62	0
68	29	0
97	95	0
18	39	0
77	56	0
88	43	0
62	50	0
3	57	0
98	72	0
96	58	0
15	87	0
77	82	0
45	19	0
66	60	1
77	94	0
95	40	0
66	5	0
61	47	0
72	29	0
95	58	0
64	32	1
87	81	0
95	80	0
80	94	0
14	9	0
4	78	0
76	92	0
62	90	0
46	12	0
86	51	0
91	8	0
97	80	0
61	71	0
66	71	0
99	4	0
85	37	0
12	41	0
6	99	1
86	84	0
99	98	0
91	89	0
72	65	0
62	80	0
12	89	0
25	25	0
1	13	0
39	39	0
84	40	0
61	58	0
66	11	0
77	93	0
77	73	0
80	44	0
70	60	1
32	14	0
93	44	0
63	91	0
61	30	0
65	79	0
94	58	0
7	49	0
53	81	0
51	75	1
2	44	0
65	80	0
93	45	0
94	66	0
85	29	0
94	64	0
65	60	1
10	92	0
80	97	0
14	20	0
7	84	0
59	78	0
65	61	1
87	99	0
2	80	0
83	54	0
14	8	0
15	82	0
8	11	0
90	59	0
17	29	0
7	33	0
83	31	0
69	71	0
95	77	0
84	49	0
79	78	0
73	84	0
2	80	0
93	63	0
61	27	0
93	33	0
73	89	0
78	68	0
42	88	0
94	76	0
44	75	0
3	92	0
72	40	0
31	41	0
54	84	0
37	69	0
59	92	1
94	53	0
85	31	0
67	68	0
97	74	0
90	42	0
96	97	0
91	66	0
63	20	0
80	76	0
84	61	0
97	29	0
49	61	0
69	33	1
90	85	0
82	61	0
24	72	0
89	34	0
83	43	0
86	40	0
98	80	0
77	50	0
0	93	0
17	99	1
38	34	0
24	69	0
60	10	0
3	90	0
84	48	0
11	13	0
19	54	0
59	67	0
76	84	0
71	58	0
66	42	0
83	42	0
13	45	0
92	78	0
60	89	1
79	12	0
13	90	0
96	52	0
21	14	0
25	32	0
73	44	0
97	33	0
15	0	0
40	2	0
56	64	0
96	89	0
26	3	0
61	2	0
89	85	0
57	88	0
23	51	0
94	48	0
82	61	0
11	99	1
8	92	0
48	35	0
94	46	0
21	35	0
82	30	0
78	9	0
33	34	0
23	39	0
83	40	0
61	90	1
82	44	0
17	9	0
96	54	0
74	45	0
65	96	1
75	46	0
54	94	0
58	51	0
67	39	0
44	93	1
82	44	0
94	90	0
90	86	0
71	72	0
75	29	0
93	48	0
87	95	0
95	98	0
81	68	0
82	95	0
50	76	0
2	12	0
27	97	0
83	43	0
76	28	0
88	48	0
75	46	0
94	65	0
88	38	0
20	75	0
7	7	0
42	88	0
27	68	0
43	0	0
5	81	0
97	45	0
94	87	0
85	52	0
96	97	0
95	35	0
