81	64	0
32	30	0
65	94	0
15	6	0
93	39	0
81	91	0
43	80	1
70	44	0
2	81	0
2	6	0
13	95	0
95	43	0
69	77	0
37	39	0
70	81	0
96	55	0
53	94	0
60	71	0
36	26	0
86	71	0
90	89	0
78	78	0
4	32	0
65	70	0
76	37	0
64	89	0
53	71	0
68	75	0
94	48	0
95	24	0
93	75	0
36	2	0
43	91	1
74	31	0
31	17	0
95	76	0
83	77	0
95	22	0
93	17	0
23	32	0
61	79	0
7	88	0
93	11	0
55	97	0
21	28	0
82	78	0
86	30	0
56	97	0
5	18	0
97	18	0
70	39	0
43	86	1
71	22	0
53	44	0
77	33	0
10	95	0
47	85	1
89	60	0
62	90	0
10	63	0
43	83	1
93	57	0
40	38	0
29	7	0
71	63	0
7	88	0
99	34	0
42	68	0
91	57	0
99	7	0
75	99	0
69	82	0
4	26	0
68	79	0
84	63	0
81	41	0
19	94	0
53	39	0
89	48	0
87	42	0
88	35	0
16	58	0
4	14	0
95	60	0
58	94	0
40	76	0
60	97	0
68	38	0
65	65	0
80	71	0
85	73	0
16	17	0
12	8	0
84	57	0
87	0	0
14	50	0
72	81	0
61	80	0
59	82	0
53	9	0
46	92	0
69	89	0
75	54	0
13	91	0
94	83	0
3	83	0
13	50	0
79	90	0
87	73	0
51	71	0
71	41	0
81	38	0
50	71	0
22	51	0
44	79	1
39	26	0
93	85	0
74	9	0
80	36	0
77	93	0
61	77	0
69	69	0
19	22	0
13	77	1
62	97	0
71	65	0
46	97	1
51	93	0
30	87	0
34	40	0
72	64	0
56	48	0
65	72	0
67	32	0
4	95	0
70	60	1
93	34	0
62	33	0
47	21	0
78	19	0
64	70	0
77	93	0
87	73	0
94	20	0
98	32	0
94	72	0
67	71	0
56	84	0
68	15	1
15	73	0
93	10	0
6	45	0
80	81	0
76	76	0
96	52	0
86	56	0
46	79	1
91	64	0
53	10	0
44	21	0
78	57	0
27	80	0
62	83	0
75	69	0
83	7	1
93	47	0
96	33	0
73	53	0
65	95	0
57	11	0
3	94	0
6	89	0
96	60	0
66	59	0
85	17	1
93	71	0
17	17	0
45	95	1
84	4	0
78	7	0
93	24	0
83	27	0
76	33	0
13	11	0
30	80	0
52	89	0
84	43	0
72	93	0
93	72	0
69	36	0
68	86	0
8	8	0
37	13	0
41	27	0
69	32	0
79	15	1
1	56	0
31	19	0
98	80	0
97	63	0
99	13	0
63	4	0
38	5	0
99	94	0
29	83	0
7	96	0
40	37	0
75	42	0
73	69	0
57	67	0
84	82	0
72	35	0
75	77	0
85	29	0
87	70	0
65	41	0
99	76	0
62	22	0
97	5	0
30	50	0
75	84	0
98	41	0
97	45	0
71	96	0
94	42	0
67	15	1
43	49	0
58	98	0
69	83	0
19	79	0
79	81	0
7	94	0
96	7	0
90	15	1
48	81	1
12	97	0
87	38	0
92	72	0
26	2	0
49	98	0
46	61	0
7	13	0
86	41	0
88	11	0
68	88	0
14	21	0
77	33	0
70	80	0
8	27	0
47	90	1
79	42	0
86	2	0
91	67	0
64	18	0
94	96	0
34	92	1
65	61	1
9	35	0
57	92	0
63	59	0
97	41	0
62	43	0
66	57	1
5	55	0
94	74	0
93	66	0
1	86	0
77	85	0
40	22	0
67	60	0
61	98	0
61	93	0
99	51	0
63	9	0
68	38	0
29	96	1
81	28	0
96	56	0
79	36	0
87	69	0
42	96	1
49	97	0
86	94	0
77	90	0
12	4	0
5	83	0
79	91	0
60	98	0
69	20	0
83	53	0
90	0	0
93	12	1
94	80	0
62	81	0
92	16	0
85	13	1
69	82	0
93	14	0
99	3	0
80	31	0
7	46	0
10	92	0
19	99	1
86	87	0
86	91	0
80	85	0
89	63	0
79	83	0
10	92	0
24	19	0
0	10	0
35	38	0
85	13	1
83	34	0
62	67	0
61	1	0
84	83	0
82	82	0
82	47	0
71	67	0
29	9	0
98	41	0
73	97	0
52	33	0
23	94	1
72	84	0
97	65	0
19	57	0
45	67	0
56	76	0
48	91	0
1	46	0
73	72	0
97	45	0
94	68	0
56	90	0
88	26	0
83	9	0
11	75	1
35	82	1
99	70	0
65	71	0
6	95	0
10	75	1
78	88	0
18	21	0
3	86	0
63	77	0
64	72	0
79	86	0
4	88	0
79	54	0
17	0	0
49	81	0
7	90	0
4	19	0
97	58	0
76	19	0
20	20	0
17	37	0
68	39	0
64	73	0
92	76	0
85	46	0
79	78	0
72	89	0
1	62	0
85	61	0
64	25	0
97	43	0
82	89	0
81	72	0
49	73	0
96	73	0
98	7	0
52	72	0
0	98	0
74	36	0
62	23	1
81	22	1
30	29	0
61	87	0
52	46	1
38	72	0
63	90	0
89	49	0
91	36	0
71	64	0
94	84	0
88	47	0
90	98	0
82	71	0
75	39	0
41	90	0
88	77	0
85	73	0
97	28	0
42	67	0
79	23	1
56	35	0
85	91	0
87	59	0
25	83	0
79	36	0
70	40	0
92	43	0
81	15	1
95	85	0
83	12	1
73	40	0
5	82	0
9	97	0
45	29	0
21	70	0
46	84	1
63	7	0
1	95	0
73	44	0
15	14	0
15	63	0
62	67	0
74	69	0
75	56	0
76	46	0
73	68	0
87	45	0
14	41	0
93	87	0
50	98	0
89	24	0
43	98	1
21	90	0
92	58	0
59	32	0
24	20	0
30	30	0
82	50	0
97	28	0
18	0	0
42	0	0
54	70	0
97	81	0
23	7	0
45	78	1
56	19	0
88	79	0
70	65	0
64	86	0
15	47	0
98	48	0
90	63	0
1	88	0
3	91	0
57	31	0
92	25	0
12	27	0
88	41	0
77	10	0
41	28	0
20	95	0
60	87	0
21	33	0
76	42	0
61	85	0
17	95	1
65	34	0
4	2	0
89	54	0
88	33	0
85	33	0
63	21	0
56	94	0
44	91	1
83	32	0
56	99	0
65	63	0
75	50	0
55	94	0
90	47	0
93	99	0
87	88	0
45	82	1
86	9	1
82	76	0
75	18	0
95	50	0
92	94	0
89	97	0
91	21	0
81	69	0
10	93	0
84	96	0
70	79	0
6	20	0
21	91	0
89	25	0
19	93	0
50	80	1
79	39	0
77	52	0
22	92	1
79	52	0
96	57	0
83	36	0
84	26	0
0	86	0
17	12	0
55	82	0
24	64	0
36	7	0
0	87	0
95	43	0
92	83	0
85	46	0
86	79	0
73	51	0
88	16	1
98	36	0
